F1 for AiM
Racer,Guanyu Zhou
Vehicle,Kick Sauber
Track,Silverstone Circuit
Championship,Season 2024
Car_data
Date,RPM,Speed,nGear,Throttle,Brake,DRS,Source,Time,SessionTime
2024-07-07 14:03:12.660,10639,0,1,29,False,1,car,0 days 00:00:00.119000,0 days 00:58:15.631000
2024-07-07 14:03:12.980,10714,0,1,28,False,1,car,0 days 00:00:00.439000,0 days 00:58:15.951000
2024-07-07 14:03:13.380,8054,9,1,26,False,1,car,0 days 00:00:00.839000,0 days 00:58:16.351000
2024-07-07 14:03:13.620,6374,19,1,27,False,1,car,0 days 00:00:01.079000,0 days 00:58:16.591000
2024-07-07 14:03:13.860,5388,29,1,30,False,1,car,0 days 00:00:01.319000,0 days 00:58:16.831000
2024-07-07 14:03:14.260,5359,43,1,36,False,1,car,0 days 00:00:01.719000,0 days 00:58:17.231000
2024-07-07 14:03:14.620,6899,55,1,49,False,1,car,0 days 00:00:02.079000,0 days 00:58:17.591000
2024-07-07 14:03:14.820,7835,63,1,54,False,1,car,0 days 00:00:02.279000,0 days 00:58:17.791000
2024-07-07 14:03:14.980,8783,68,1,56,False,1,car,0 days 00:00:02.439000,0 days 00:58:17.951000
2024-07-07 14:03:15.300,10003,84,1,62,False,1,car,0 days 00:00:02.759000,0 days 00:58:18.271000
2024-07-07 14:03:15.540,10759,92,1,61,False,1,car,0 days 00:00:02.999000,0 days 00:58:18.511000
2024-07-07 14:03:15.820,9622,105,2,76,False,1,car,0 days 00:00:03.279000,0 days 00:58:18.791000
2024-07-07 14:03:16.100,10512,118,2,78,False,1,car,0 days 00:00:03.559000,0 days 00:58:19.071000
2024-07-07 14:03:16.580,10888,141,2,100,False,1,car,0 days 00:00:04.039000,0 days 00:58:19.551000
2024-07-07 14:03:16.740,11406,146,2,100,False,1,car,0 days 00:00:04.199000,0 days 00:58:19.711000
2024-07-07 14:03:17.059,10365,164,2,100,False,1,car,0 days 00:00:04.518000,0 days 00:58:20.030000
2024-07-07 14:03:17.339,11211,173,4,100,False,1,car,0 days 00:00:04.798000,0 days 00:58:20.310000
2024-07-07 14:03:17.540,11651,181,4,100,False,1,car,0 days 00:00:04.999000,0 days 00:58:20.511000
2024-07-07 14:03:17.700,11231,188,4,100,False,1,car,0 days 00:00:05.159000,0 days 00:58:20.671000
2024-07-07 14:03:17.980,10565,199,5,100,False,1,car,0 days 00:00:05.439000,0 days 00:58:20.951000
2024-07-07 14:03:18.340,11226,209,5,100,False,1,car,0 days 00:00:05.799000,0 days 00:58:21.311000
2024-07-07 14:03:18.580,11552,217,5,100,False,1,car,0 days 00:00:06.039000,0 days 00:58:21.551000
2024-07-07 14:03:18.740,10632,219,5,100,False,1,car,0 days 00:00:06.199000,0 days 00:58:21.711000
2024-07-07 14:03:19.020,10339,228,6,100,False,1,car,0 days 00:00:06.479000,0 days 00:58:21.991000
2024-07-07 14:03:19.180,10620,233,6,100,False,1,car,0 days 00:00:06.639000,0 days 00:58:22.151000
2024-07-07 14:03:19.340,10915,236,6,100,False,1,car,0 days 00:00:06.799000,0 days 00:58:22.311000
2024-07-07 14:03:19.660,11215,245,6,100,False,1,car,0 days 00:00:07.119000,0 days 00:58:22.631000
2024-07-07 14:03:19.860,11378,247,6,89,False,1,car,0 days 00:00:07.319000,0 days 00:58:22.831000
2024-07-07 14:03:20.060,11540,250,6,72,True,1,car,0 days 00:00:07.519000,0 days 00:58:23.031000
2024-07-07 14:03:20.340,10971,247,6,29,False,1,car,0 days 00:00:07.799000,0 days 00:58:23.311000
2024-07-07 14:03:20.580,10575,243,6,16,False,1,car,0 days 00:00:08.039000,0 days 00:58:23.551000
2024-07-07 14:03:20.900,10244,229,6,0,True,1,car,0 days 00:00:08.359000,0 days 00:58:23.871000
2024-07-07 14:03:21.260,9871,212,6,2,True,1,car,0 days 00:00:08.719000,0 days 00:58:24.231000
2024-07-07 14:03:21.700,10795,202,5,36,False,1,car,0 days 00:00:09.159000,0 days 00:58:24.671000
2024-07-07 14:03:21.940,10625,200,5,38,False,1,car,0 days 00:00:09.399000,0 days 00:58:24.911000
2024-07-07 14:03:22.340,10529,199,5,40,False,1,car,0 days 00:00:09.799000,0 days 00:58:25.311000
2024-07-07 14:03:22.500,10545,199,5,41,False,1,car,0 days 00:00:09.959000,0 days 00:58:25.471000
2024-07-07 14:03:22.700,10646,198,5,50,False,1,car,0 days 00:00:10.159000,0 days 00:58:25.671000
2024-07-07 14:03:22.900,10651,199,5,60,False,1,car,0 days 00:00:10.359000,0 days 00:58:25.871000
2024-07-07 14:03:23.100,10771,201,5,65,False,1,car,0 days 00:00:10.559000,0 days 00:58:26.071000
2024-07-07 14:03:23.340,11053,204,5,100,False,1,car,0 days 00:00:10.799000,0 days 00:58:26.311000
2024-07-07 14:03:23.620,11489,209,5,100,False,1,car,0 days 00:00:11.079000,0 days 00:58:26.591000
2024-07-07 14:03:23.939,10753,220,5,100,False,1,car,0 days 00:00:11.398000,0 days 00:58:26.910000
2024-07-07 14:03:24.220,10415,227,6,100,False,1,car,0 days 00:00:11.679000,0 days 00:58:27.191000
2024-07-07 14:03:24.380,10594,231,6,100,False,1,car,0 days 00:00:11.839000,0 days 00:58:27.351000
2024-07-07 14:03:24.700,10872,236,6,100,False,1,car,0 days 00:00:12.159000,0 days 00:58:27.671000
2024-07-07 14:03:24.900,10990,240,6,100,False,1,car,0 days 00:00:12.359000,0 days 00:58:27.871000
2024-07-07 14:03:25.100,11204,243,6,100,False,1,car,0 days 00:00:12.559000,0 days 00:58:28.071000
2024-07-07 14:03:25.500,11417,248,6,100,False,1,car,0 days 00:00:12.959000,0 days 00:58:28.471000
2024-07-07 14:03:25.740,11431,251,6,100,False,1,car,0 days 00:00:13.199000,0 days 00:58:28.711000
2024-07-07 14:03:25.940,10274,254,6,100,False,1,car,0 days 00:00:13.399000,0 days 00:58:28.911000
2024-07-07 14:03:26.300,10422,259,7,100,False,1,car,0 days 00:00:13.759000,0 days 00:58:29.271000
2024-07-07 14:03:26.580,10475,261,7,100,False,1,car,0 days 00:00:14.039000,0 days 00:58:29.551000
2024-07-07 14:03:26.900,10544,263,7,100,False,1,car,0 days 00:00:14.359000,0 days 00:58:29.871000
2024-07-07 14:03:27.180,10579,263,7,100,False,1,car,0 days 00:00:14.639000,0 days 00:58:30.151000
2024-07-07 14:03:27.540,9335,252,7,0,True,1,car,0 days 00:00:14.999000,0 days 00:58:30.511000
2024-07-07 14:03:27.780,10000,224,7,0,True,1,car,0 days 00:00:15.239000,0 days 00:58:30.751000
2024-07-07 14:03:28.020,9318,209,6,0,True,1,car,0 days 00:00:15.479000,0 days 00:58:30.991000
2024-07-07 14:03:28.380,9599,189,5,0,True,1,car,0 days 00:00:15.839000,0 days 00:58:31.351000
2024-07-07 14:03:28.580,9013,175,5,0,True,1,car,0 days 00:00:16.039000,0 days 00:58:31.551000
2024-07-07 14:03:28.860,9381,163,5,0,True,1,car,0 days 00:00:16.319000,0 days 00:58:31.831000
2024-07-07 14:03:29.220,9351,141,4,0,True,1,car,0 days 00:00:16.679000,0 days 00:58:32.191000
2024-07-07 14:03:29.380,9600,133,4,0,True,1,car,0 days 00:00:16.839000,0 days 00:58:32.351000
2024-07-07 14:03:29.580,8940,129,3,0,True,1,car,0 days 00:00:17.039000,0 days 00:58:32.551000
2024-07-07 14:03:29.740,8416,122,3,0,True,1,car,0 days 00:00:17.199000,0 days 00:58:32.711000
2024-07-07 14:03:30.020,8915,111,3,0,True,1,car,0 days 00:00:17.479000,0 days 00:58:32.991000
2024-07-07 14:03:30.419,8448,100,2,0,True,1,car,0 days 00:00:17.878000,0 days 00:58:33.390000
2024-07-07 14:03:30.620,8139,98,2,0,True,1,car,0 days 00:00:18.079000,0 days 00:58:33.591000
2024-07-07 14:03:31.020,7712,88,2,1,False,1,car,0 days 00:00:18.479000,0 days 00:58:33.991000
2024-07-07 14:03:31.260,7710,87,2,21,False,1,car,0 days 00:00:18.719000,0 days 00:58:34.231000
2024-07-07 14:03:31.420,8039,88,2,39,False,1,car,0 days 00:00:18.879000,0 days 00:58:34.391000
2024-07-07 14:03:31.620,8254,90,2,40,False,1,car,0 days 00:00:19.079000,0 days 00:58:34.591000
2024-07-07 14:03:31.820,8415,93,2,56,False,1,car,0 days 00:00:19.279000,0 days 00:58:34.791000
2024-07-07 14:03:31.980,8918,98,2,57,False,1,car,0 days 00:00:19.439000,0 days 00:58:34.951000
2024-07-07 14:03:32.220,9543,104,2,59,False,1,car,0 days 00:00:19.679000,0 days 00:58:35.191000
2024-07-07 14:03:32.460,9386,113,2,65,False,1,car,0 days 00:00:19.919000,0 days 00:58:35.431000
2024-07-07 14:03:32.940,8393,110,3,10,True,1,car,0 days 00:00:20.399000,0 days 00:58:35.911000
2024-07-07 14:03:33.380,8288,110,3,41,False,1,car,0 days 00:00:20.839000,0 days 00:58:36.351000
2024-07-07 14:03:33.740,7797,96,3,0,True,1,car,0 days 00:00:21.199000,0 days 00:58:36.711000
2024-07-07 14:03:33.900,7235,96,2,0,True,1,car,0 days 00:00:21.359000,0 days 00:58:36.871000
2024-07-07 14:03:34.180,7728,89,2,30,False,1,car,0 days 00:00:21.639000,0 days 00:58:37.151000
2024-07-07 14:03:34.380,8234,93,2,44,False,1,car,0 days 00:00:21.839000,0 days 00:58:37.351000
2024-07-07 14:03:34.540,8516,96,2,47,False,1,car,0 days 00:00:21.999000,0 days 00:58:37.511000
2024-07-07 14:03:34.980,6962,88,2,1,True,1,car,0 days 00:00:22.439000,0 days 00:58:37.951000
2024-07-07 14:03:35.260,6900,84,2,0,True,1,car,0 days 00:00:22.719000,0 days 00:58:38.231000
2024-07-07 14:03:35.500,8022,78,2,0,False,1,car,0 days 00:00:22.959000,0 days 00:58:38.471000
2024-07-07 14:03:35.820,8931,76,1,26,False,1,car,0 days 00:00:23.279000,0 days 00:58:38.791000
2024-07-07 14:03:36.020,8978,76,1,14,False,1,car,0 days 00:00:23.479000,0 days 00:58:38.991000
2024-07-07 14:03:36.180,8863,76,1,10,False,1,car,0 days 00:00:23.639000,0 days 00:58:39.151000
2024-07-07 14:03:36.620,9126,75,1,31,False,1,car,0 days 00:00:24.079000,0 days 00:58:39.591000
2024-07-07 14:03:36.900,9424,78,1,39,False,1,car,0 days 00:00:24.359000,0 days 00:58:39.871000
2024-07-07 14:03:37.220,7814,80,1,35,False,1,car,0 days 00:00:24.679000,0 days 00:58:40.191000
2024-07-07 14:03:37.420,7900,86,2,44,False,1,car,0 days 00:00:24.879000,0 days 00:58:40.391000
2024-07-07 14:03:37.580,8261,90,2,48,False,1,car,0 days 00:00:25.039000,0 days 00:58:40.551000
2024-07-07 14:03:37.820,8832,95,2,51,False,1,car,0 days 00:00:25.279000,0 days 00:58:40.791000
2024-07-07 14:03:38.180,9428,104,2,61,False,1,car,0 days 00:00:25.639000,0 days 00:58:41.151000
2024-07-07 14:03:38.340,9891,107,2,70,False,1,car,0 days 00:00:25.799000,0 days 00:58:41.311000
2024-07-07 14:03:38.580,10621,118,2,74,False,1,car,0 days 00:00:26.039000,0 days 00:58:41.551000
2024-07-07 14:03:38.820,9477,127,3,76,False,1,car,0 days 00:00:26.279000,0 days 00:58:41.791000
2024-07-07 14:03:39.020,10407,134,3,97,False,1,car,0 days 00:00:26.479000,0 days 00:58:41.991000
2024-07-07 14:03:39.300,11388,149,3,100,False,1,car,0 days 00:00:26.759000,0 days 00:58:42.271000
2024-07-07 14:03:39.700,10746,163,4,100,False,1,car,0 days 00:00:27.159000,0 days 00:58:42.671000
2024-07-07 14:03:39.900,11215,177,4,100,False,1,car,0 days 00:00:27.359000,0 days 00:58:42.871000
2024-07-07 14:03:40.100,11460,181,4,100,False,1,car,0 days 00:00:27.559000,0 days 00:58:43.071000
2024-07-07 14:03:40.420,10021,191,5,100,False,1,car,0 days 00:00:27.879000,0 days 00:58:43.391000
2024-07-07 14:03:40.700,10605,197,5,100,False,1,car,0 days 00:00:28.159000,0 days 00:58:43.671000
2024-07-07 14:03:40.860,10809,201,5,100,False,1,car,0 days 00:00:28.319000,0 days 00:58:43.831000
2024-07-07 14:03:41.100,11477,213,5,100,False,1,car,0 days 00:00:28.559000,0 days 00:58:44.071000
2024-07-07 14:03:41.460,10228,221,6,85,False,1,car,0 days 00:00:28.919000,0 days 00:58:44.431000
2024-07-07 14:03:41.660,10477,225,6,91,False,1,car,0 days 00:00:29.119000,0 days 00:58:44.631000
2024-07-07 14:03:41.900,10614,227,6,98,False,1,car,0 days 00:00:29.359000,0 days 00:58:44.871000
2024-07-07 14:03:42.060,10826,233,6,100,False,1,car,0 days 00:00:29.519000,0 days 00:58:45.031000
2024-07-07 14:03:42.380,11086,237,6,100,False,1,car,0 days 00:00:29.839000,0 days 00:58:45.351000
2024-07-07 14:03:42.620,11348,241,6,100,False,1,car,0 days 00:00:30.079000,0 days 00:58:45.591000
2024-07-07 14:03:42.780,11345,241,6,100,False,1,car,0 days 00:00:30.239000,0 days 00:58:45.751000
2024-07-07 14:03:43.060,11456,250,6,100,False,1,car,0 days 00:00:30.519000,0 days 00:58:46.031000
2024-07-07 14:03:43.260,11556,253,6,100,False,1,car,0 days 00:00:30.719000,0 days 00:58:46.231000
2024-07-07 14:03:43.660,11800,259,6,100,False,1,car,0 days 00:00:31.119000,0 days 00:58:46.631000
2024-07-07 14:03:44.060,10481,266,7,100,False,1,car,0 days 00:00:31.519000,0 days 00:58:47.031000
2024-07-07 14:03:44.460,10874,270,7,100,False,1,car,0 days 00:00:31.919000,0 days 00:58:47.431000
2024-07-07 14:03:44.620,10906,271,7,100,False,1,car,0 days 00:00:32.079000,0 days 00:58:47.591000
2024-07-07 14:03:45.100,11057,278,7,100,False,1,car,0 days 00:00:32.559000,0 days 00:58:48.071000
2024-07-07 14:03:45.260,11200,279,7,100,False,1,car,0 days 00:00:32.719000,0 days 00:58:48.231000
2024-07-07 14:03:45.460,11273,282,7,100,False,1,car,0 days 00:00:32.919000,0 days 00:58:48.431000
2024-07-07 14:03:45.620,11319,283,7,100,False,1,car,0 days 00:00:33.079000,0 days 00:58:48.591000
2024-07-07 14:03:45.900,11395,284,7,100,False,1,car,0 days 00:00:33.359000,0 days 00:58:48.871000
2024-07-07 14:03:46.140,11533,288,7,100,False,1,car,0 days 00:00:33.599000,0 days 00:58:49.111000
2024-07-07 14:03:46.500,11575,289,7,100,False,1,car,0 days 00:00:33.959000,0 days 00:58:49.471000
2024-07-07 14:03:46.700,11575,290,7,100,False,1,car,0 days 00:00:34.159000,0 days 00:58:49.671000
2024-07-07 14:03:46.900,11531,290,7,100,False,1,car,0 days 00:00:34.359000,0 days 00:58:49.871000
2024-07-07 14:03:47.180,11579,290,7,100,False,1,car,0 days 00:00:34.639000,0 days 00:58:50.151000
2024-07-07 14:03:47.380,10789,291,7,100,False,1,car,0 days 00:00:34.839000,0 days 00:58:50.351000
2024-07-07 14:03:47.780,10346,294,8,100,False,1,car,0 days 00:00:35.239000,0 days 00:58:50.751000
2024-07-07 14:03:48.020,10439,293,8,100,False,1,car,0 days 00:00:35.479000,0 days 00:58:50.991000
2024-07-07 14:03:48.340,10477,294,8,100,False,1,car,0 days 00:00:35.799000,0 days 00:58:51.311000
2024-07-07 14:03:48.620,10477,296,8,100,False,1,car,0 days 00:00:36.079000,0 days 00:58:51.591000
2024-07-07 14:03:48.860,10415,294,8,100,False,1,car,0 days 00:00:36.319000,0 days 00:58:51.831000
2024-07-07 14:03:49.100,10522,291,8,0,True,1,car,0 days 00:00:36.559000,0 days 00:58:52.071000
2024-07-07 14:03:49.420,9893,260,8,0,True,1,car,0 days 00:00:36.879000,0 days 00:58:52.391000
2024-07-07 14:03:49.620,9815,247,7,0,True,1,car,0 days 00:00:37.079000,0 days 00:58:52.591000
2024-07-07 14:03:49.980,10691,218,7,0,True,1,car,0 days 00:00:37.439000,0 days 00:58:52.951000
2024-07-07 14:03:50.260,10781,199,6,0,True,1,car,0 days 00:00:37.719000,0 days 00:58:53.231000
2024-07-07 14:03:50.620,9665,186,5,0,True,1,car,0 days 00:00:38.079000,0 days 00:58:53.591000
2024-07-07 14:03:50.980,9077,173,5,0,True,1,car,0 days 00:00:38.439000,0 days 00:58:53.951000
2024-07-07 14:03:51.260,10034,163,4,0,True,1,car,0 days 00:00:38.719000,0 days 00:58:54.231000
2024-07-07 14:03:51.420,9818,160,4,0,True,1,car,0 days 00:00:38.879000,0 days 00:58:54.391000
2024-07-07 14:03:51.620,9524,154,4,0,True,1,car,0 days 00:00:39.079000,0 days 00:58:54.591000
2024-07-07 14:03:51.900,9118,147,4,1,True,1,car,0 days 00:00:39.359000,0 days 00:58:54.871000
2024-07-07 14:03:52.060,8969,142,4,3,True,1,car,0 days 00:00:39.519000,0 days 00:58:55.031000
2024-07-07 14:03:52.300,8713,141,4,14,False,1,car,0 days 00:00:39.759000,0 days 00:58:55.271000
2024-07-07 14:03:52.580,8678,138,4,19,False,1,car,0 days 00:00:40.039000,0 days 00:58:55.551000
2024-07-07 14:03:52.980,8647,137,4,36,False,1,car,0 days 00:00:40.439000,0 days 00:58:55.951000
2024-07-07 14:03:53.260,8775,138,4,37,False,1,car,0 days 00:00:40.719000,0 days 00:58:56.231000
2024-07-07 14:03:53.460,8719,138,4,25,False,1,car,0 days 00:00:40.919000,0 days 00:58:56.431000
2024-07-07 14:03:53.620,8761,138,4,37,False,1,car,0 days 00:00:41.079000,0 days 00:58:56.591000
2024-07-07 14:03:53.860,8850,138,4,48,False,1,car,0 days 00:00:41.319000,0 days 00:58:56.831000
2024-07-07 14:03:54.140,8886,140,4,67,False,1,car,0 days 00:00:41.599000,0 days 00:58:57.111000
2024-07-07 14:03:54.380,9422,148,4,72,False,1,car,0 days 00:00:41.839000,0 days 00:58:57.351000
2024-07-07 14:03:54.580,9538,153,4,72,False,1,car,0 days 00:00:42.039000,0 days 00:58:57.551000
2024-07-07 14:03:54.740,8698,155,4,0,True,1,car,0 days 00:00:42.199000,0 days 00:58:57.711000
2024-07-07 14:03:54.900,8811,146,4,0,True,1,car,0 days 00:00:42.359000,0 days 00:58:57.871000
2024-07-07 14:03:55.220,9751,136,3,0,True,1,car,0 days 00:00:42.679000,0 days 00:58:58.191000
2024-07-07 14:03:55.420,9529,130,3,0,True,1,car,0 days 00:00:42.879000,0 days 00:58:58.391000
2024-07-07 14:03:55.780,8944,121,3,0,True,1,car,0 days 00:00:43.239000,0 days 00:58:58.751000
2024-07-07 14:03:56.060,8486,116,3,0,True,1,car,0 days 00:00:43.519000,0 days 00:58:59.031000
2024-07-07 14:03:56.220,8285,112,3,0,True,1,car,0 days 00:00:43.679000,0 days 00:58:59.191000
2024-07-07 14:03:56.460,8054,109,3,4,False,1,car,0 days 00:00:43.919000,0 days 00:58:59.431000
2024-07-07 14:03:56.820,8183,109,3,31,False,1,car,0 days 00:00:44.279000,0 days 00:58:59.791000
2024-07-07 14:03:57.061,8190,109,3,35,False,1,car,0 days 00:00:44.520000,0 days 00:59:00.032000
2024-07-07 14:03:57.500,8311,110,3,31,False,1,car,0 days 00:00:44.959000,0 days 00:59:00.471000
2024-07-07 14:03:57.700,8407,110,3,25,False,1,car,0 days 00:00:45.159000,0 days 00:59:00.671000
2024-07-07 14:03:57.860,7987,109,3,37,False,1,car,0 days 00:00:45.319000,0 days 00:59:00.831000
2024-07-07 14:03:58.260,8047,108,3,27,False,1,car,0 days 00:00:45.719000,0 days 00:59:01.231000
2024-07-07 14:03:58.580,8331,110,3,40,False,1,car,0 days 00:00:46.039000,0 days 00:59:01.551000
2024-07-07 14:03:58.860,8628,114,3,47,False,1,car,0 days 00:00:46.319000,0 days 00:59:01.831000
2024-07-07 14:03:59.340,9327,120,3,58,False,1,car,0 days 00:00:46.799000,0 days 00:59:02.311000
2024-07-07 14:03:59.540,9687,124,3,59,False,1,car,0 days 00:00:46.999000,0 days 00:59:02.511000
2024-07-07 14:03:59.780,10137,130,3,71,False,1,car,0 days 00:00:47.239000,0 days 00:59:02.751000
2024-07-07 14:04:00.100,10788,140,3,78,False,1,car,0 days 00:00:47.559000,0 days 00:59:03.071000
2024-07-07 14:04:00.300,11234,147,3,82,False,1,car,0 days 00:00:47.759000,0 days 00:59:03.271000
2024-07-07 14:04:00.620,10534,155,4,100,False,1,car,0 days 00:00:48.079000,0 days 00:59:03.591000
2024-07-07 14:04:00.780,11036,166,4,100,False,1,car,0 days 00:00:48.239000,0 days 00:59:03.751000
2024-07-07 14:04:01.140,11315,178,4,100,False,1,car,0 days 00:00:48.599000,0 days 00:59:04.111000
2024-07-07 14:04:01.420,10452,190,4,100,False,1,car,0 days 00:00:48.879000,0 days 00:59:04.391000
2024-07-07 14:04:01.780,10893,204,5,100,False,1,car,0 days 00:00:49.239000,0 days 00:59:04.751000
2024-07-07 14:04:02.060,11354,213,5,100,False,1,car,0 days 00:00:49.519000,0 days 00:59:05.031000
2024-07-07 14:04:02.380,11482,221,5,100,False,1,car,0 days 00:00:49.839000,0 days 00:59:05.351000
2024-07-07 14:04:02.660,10535,228,6,100,False,1,car,0 days 00:00:50.119000,0 days 00:59:05.631000
2024-07-07 14:04:02.900,10776,233,6,100,False,1,car,0 days 00:00:50.359000,0 days 00:59:05.871000
2024-07-07 14:04:03.140,10960,238,6,100,False,1,car,0 days 00:00:50.599000,0 days 00:59:06.111000
2024-07-07 14:04:03.461,11209,246,6,100,False,1,car,0 days 00:00:50.920000,0 days 00:59:06.432000
2024-07-07 14:04:03.901,11512,252,6,100,False,1,car,0 days 00:00:51.360000,0 days 00:59:06.872000
2024-07-07 14:04:04.100,11656,255,6,100,False,1,car,0 days 00:00:51.559000,0 days 00:59:07.071000
2024-07-07 14:04:04.500,10284,261,7,100,False,1,car,0 days 00:00:51.959000,0 days 00:59:07.471000
2024-07-07 14:04:04.660,10501,263,7,100,False,1,car,0 days 00:00:52.119000,0 days 00:59:07.631000
2024-07-07 14:04:04.860,10704,265,7,100,False,1,car,0 days 00:00:52.319000,0 days 00:59:07.831000
2024-07-07 14:04:05.020,10732,267,7,100,False,1,car,0 days 00:00:52.479000,0 days 00:59:07.991000
2024-07-07 14:04:05.380,10894,272,7,100,False,1,car,0 days 00:00:52.839000,0 days 00:59:08.351000
2024-07-07 14:04:05.580,10963,274,7,100,False,1,car,0 days 00:00:53.039000,0 days 00:59:08.551000
2024-07-07 14:04:05.940,11091,276,7,100,False,1,car,0 days 00:00:53.399000,0 days 00:59:08.911000
2024-07-07 14:04:06.100,11098,279,7,100,False,1,car,0 days 00:00:53.559000,0 days 00:59:09.071000
2024-07-07 14:04:06.420,11200,280,7,100,False,1,car,0 days 00:00:53.879000,0 days 00:59:09.391000
2024-07-07 14:04:06.820,11323,282,7,100,False,1,car,0 days 00:00:54.279000,0 days 00:59:09.791000
2024-07-07 14:04:07.100,11351,284,7,100,False,1,car,0 days 00:00:54.559000,0 days 00:59:10.071000
2024-07-07 14:04:07.260,11419,286,7,100,False,1,car,0 days 00:00:54.719000,0 days 00:59:10.231000
2024-07-07 14:04:07.660,11367,287,7,100,False,1,car,0 days 00:00:55.119000,0 days 00:59:10.631000
2024-07-07 14:04:07.940,11443,288,7,100,False,1,car,0 days 00:00:55.399000,0 days 00:59:10.911000
2024-07-07 14:04:08.100,11454,288,7,100,False,1,car,0 days 00:00:55.559000,0 days 00:59:11.071000
2024-07-07 14:04:08.500,11495,287,7,100,False,1,car,0 days 00:00:55.959000,0 days 00:59:11.471000
2024-07-07 14:04:08.740,11535,288,7,100,False,1,car,0 days 00:00:56.199000,0 days 00:59:11.711000
2024-07-07 14:04:09.020,11561,290,7,100,False,1,car,0 days 00:00:56.479000,0 days 00:59:11.991000
2024-07-07 14:04:09.460,11597,290,7,100,False,1,car,0 days 00:00:56.919000,0 days 00:59:12.431000
2024-07-07 14:04:09.660,11292,289,7,10,True,1,car,0 days 00:00:57.119000,0 days 00:59:12.631000
2024-07-07 14:04:10.141,10233,262,7,0,True,1,car,0 days 00:00:57.600000,0 days 00:59:13.112000
2024-07-07 14:04:10.581,10489,236,6,1,True,1,car,0 days 00:00:58.040000,0 days 00:59:13.552000
2024-07-07 14:04:10.900,11761,224,6,1,True,1,car,0 days 00:00:58.359000,0 days 00:59:13.871000
2024-07-07 14:04:11.140,11265,221,5,0,False,1,car,0 days 00:00:58.599000,0 days 00:59:14.111000
2024-07-07 14:04:11.300,11318,213,5,26,False,1,car,0 days 00:00:58.759000,0 days 00:59:14.271000
2024-07-07 14:04:11.620,11307,213,5,79,False,1,car,0 days 00:00:59.079000,0 days 00:59:14.591000
2024-07-07 14:04:11.820,11518,214,5,85,False,1,car,0 days 00:00:59.279000,0 days 00:59:14.791000
2024-07-07 14:04:12.180,11892,217,5,82,False,1,car,0 days 00:00:59.639000,0 days 00:59:15.151000
2024-07-07 14:04:12.340,11052,222,5,77,False,1,car,0 days 00:00:59.799000,0 days 00:59:15.311000
2024-07-07 14:04:12.660,10479,226,6,100,False,1,car,0 days 00:01:00.119000,0 days 00:59:15.631000
2024-07-07 14:04:13.020,10687,231,6,100,False,1,car,0 days 00:01:00.479000,0 days 00:59:15.991000
2024-07-07 14:04:13.340,10949,238,6,100,False,1,car,0 days 00:01:00.799000,0 days 00:59:16.311000
2024-07-07 14:04:13.540,11137,239,6,100,False,1,car,0 days 00:01:00.999000,0 days 00:59:16.511000
2024-07-07 14:04:13.820,11233,246,6,100,False,1,car,0 days 00:01:01.279000,0 days 00:59:16.791000
2024-07-07 14:04:14.300,11639,254,6,100,False,1,car,0 days 00:01:01.759000,0 days 00:59:17.271000
2024-07-07 14:04:14.700,11235,257,6,100,False,1,car,0 days 00:01:02.159000,0 days 00:59:17.671000
2024-07-07 14:04:15.020,10616,264,7,100,False,1,car,0 days 00:01:02.479000,0 days 00:59:17.991000
2024-07-07 14:04:15.220,10603,266,7,100,False,1,car,0 days 00:01:02.679000,0 days 00:59:18.191000
2024-07-07 14:04:15.740,10965,273,7,100,False,1,car,0 days 00:01:03.199000,0 days 00:59:18.711000
2024-07-07 14:04:16.060,11137,277,7,100,False,1,car,0 days 00:01:03.519000,0 days 00:59:19.031000
2024-07-07 14:04:16.220,11182,280,7,100,False,1,car,0 days 00:01:03.679000,0 days 00:59:19.191000
2024-07-07 14:04:16.460,11312,283,7,100,False,1,car,0 days 00:01:03.919000,0 days 00:59:19.431000
2024-07-07 14:04:16.941,11558,286,7,100,False,1,car,0 days 00:01:04.400000,0 days 00:59:19.912000
2024-07-07 14:04:17.221,11613,291,7,100,False,1,car,0 days 00:01:04.680000,0 days 00:59:20.192000
2024-07-07 14:04:17.580,11254,294,7,100,False,1,car,0 days 00:01:05.039000,0 days 00:59:20.551000
2024-07-07 14:04:17.780,10808,295,7,100,False,1,car,0 days 00:01:05.239000,0 days 00:59:20.751000
2024-07-07 14:04:18.060,10658,298,8,100,False,1,car,0 days 00:01:05.519000,0 days 00:59:21.031000
2024-07-07 14:04:18.380,10649,300,8,100,False,1,car,0 days 00:01:05.839000,0 days 00:59:21.351000
2024-07-07 14:04:18.780,10728,300,8,100,False,1,car,0 days 00:01:06.239000,0 days 00:59:21.751000
2024-07-07 14:04:19.180,10285,300,8,25,True,1,car,0 days 00:01:06.639000,0 days 00:59:22.151000
2024-07-07 14:04:19.340,10314,296,8,0,True,1,car,0 days 00:01:06.799000,0 days 00:59:22.311000
2024-07-07 14:04:19.580,9489,272,8,0,True,1,car,0 days 00:01:07.039000,0 days 00:59:22.551000
2024-07-07 14:04:19.980,10149,249,7,0,False,1,car,0 days 00:01:07.439000,0 days 00:59:22.951000
2024-07-07 14:04:20.220,9860,246,7,54,False,1,car,0 days 00:01:07.679000,0 days 00:59:23.191000
2024-07-07 14:04:20.380,10820,242,7,59,False,1,car,0 days 00:01:07.839000,0 days 00:59:23.351000
2024-07-07 14:04:20.540,11150,242,6,74,False,1,car,0 days 00:01:07.999000,0 days 00:59:23.511000
2024-07-07 14:04:20.700,11150,242,6,74,False,1,car,0 days 00:01:08.159000,0 days 00:59:23.671000
2024-07-07 14:04:21.060,11290,242,6,86,False,1,car,0 days 00:01:08.519000,0 days 00:59:24.031000
2024-07-07 14:04:21.260,11329,246,6,87,False,1,car,0 days 00:01:08.719000,0 days 00:59:24.231000
2024-07-07 14:04:21.420,11280,248,6,100,False,1,car,0 days 00:01:08.879000,0 days 00:59:24.391000
2024-07-07 14:04:21.620,11435,250,6,100,True,1,car,0 days 00:01:09.079000,0 days 00:59:24.591000
2024-07-07 14:04:21.820,11227,248,6,0,True,1,car,0 days 00:01:09.279000,0 days 00:59:24.791000
2024-07-07 14:04:22.260,10367,228,6,0,True,1,car,0 days 00:01:09.719000,0 days 00:59:25.231000
2024-07-07 14:04:22.420,10230,227,6,0,True,1,car,0 days 00:01:09.879000,0 days 00:59:25.391000
2024-07-07 14:04:22.860,9854,216,6,21,False,1,car,0 days 00:01:10.319000,0 days 00:59:25.831000
2024-07-07 14:04:23.020,9854,214,6,32,False,1,car,0 days 00:01:10.479000,0 days 00:59:25.991000
2024-07-07 14:04:23.421,9711,210,6,54,False,1,car,0 days 00:01:10.880000,0 days 00:59:26.392000
2024-07-07 14:04:23.661,9623,211,6,58,False,1,car,0 days 00:01:11.120000,0 days 00:59:26.632000
2024-07-07 14:04:24.101,10350,202,6,0,True,1,car,0 days 00:01:11.560000,0 days 00:59:27.072000
2024-07-07 14:04:24.300,10484,195,6,26,False,1,car,0 days 00:01:11.759000,0 days 00:59:27.271000
2024-07-07 14:04:24.540,10364,194,5,55,False,1,car,0 days 00:01:11.999000,0 days 00:59:27.511000
2024-07-07 14:04:24.860,10384,194,5,56,False,1,car,0 days 00:01:12.319000,0 days 00:59:27.831000
2024-07-07 14:04:25.100,10268,194,5,57,False,1,car,0 days 00:01:12.559000,0 days 00:59:28.071000
2024-07-07 14:04:25.540,10791,198,5,100,False,1,car,0 days 00:01:12.999000,0 days 00:59:28.511000
2024-07-07 14:04:25.940,11203,207,5,100,False,1,car,0 days 00:01:13.399000,0 days 00:59:28.911000
2024-07-07 14:04:26.100,11359,211,5,100,False,1,car,0 days 00:01:13.559000,0 days 00:59:29.071000
2024-07-07 14:04:26.260,11453,214,5,100,False,1,car,0 days 00:01:13.719000,0 days 00:59:29.231000
2024-07-07 14:04:26.540,11845,217,5,100,False,1,car,0 days 00:01:13.999000,0 days 00:59:29.511000
2024-07-07 14:04:26.980,10752,227,5,100,False,1,car,0 days 00:01:14.439000,0 days 00:59:29.951000
2024-07-07 14:04:27.300,10766,235,6,100,False,1,car,0 days 00:01:14.759000,0 days 00:59:30.271000
2024-07-07 14:04:27.620,11074,240,6,100,False,1,car,0 days 00:01:15.079000,0 days 00:59:30.591000
2024-07-07 14:04:27.780,11218,241,6,100,False,1,car,0 days 00:01:15.239000,0 days 00:59:30.751000
2024-07-07 14:04:27.980,11351,241,6,100,False,1,car,0 days 00:01:15.439000,0 days 00:59:30.951000
2024-07-07 14:04:28.380,11612,254,6,100,False,1,car,0 days 00:01:15.839000,0 days 00:59:31.351000
2024-07-07 14:04:28.540,11755,255,6,100,False,1,car,0 days 00:01:15.999000,0 days 00:59:31.511000
2024-07-07 14:04:28.740,11670,258,6,100,False,1,car,0 days 00:01:16.199000,0 days 00:59:31.711000
2024-07-07 14:04:28.900,10960,262,6,100,False,1,car,0 days 00:01:16.359000,0 days 00:59:31.871000
2024-07-07 14:04:29.140,10592,264,7,100,False,1,car,0 days 00:01:16.599000,0 days 00:59:32.111000
2024-07-07 14:04:29.300,10592,267,7,100,False,1,car,0 days 00:01:16.759000,0 days 00:59:32.271000
2024-07-07 14:04:29.500,10818,271,7,100,False,1,car,0 days 00:01:16.959000,0 days 00:59:32.471000
2024-07-07 14:04:29.861,11038,273,7,100,False,1,car,0 days 00:01:17.320000,0 days 00:59:32.832000
2024-07-07 14:04:30.021,11087,276,7,100,False,1,car,0 days 00:01:17.480000,0 days 00:59:32.992000
2024-07-07 14:04:30.261,11219,280,7,100,False,1,car,0 days 00:01:17.720000,0 days 00:59:33.232000
2024-07-07 14:04:30.581,11361,284,7,100,False,1,car,0 days 00:01:18.040000,0 days 00:59:33.552000
2024-07-07 14:04:30.781,11439,285,7,100,False,1,car,0 days 00:01:18.240000,0 days 00:59:33.752000
2024-07-07 14:04:31.140,11590,287,7,100,False,1,car,0 days 00:01:18.599000,0 days 00:59:34.111000
2024-07-07 14:04:31.460,11376,292,7,100,False,1,car,0 days 00:01:18.919000,0 days 00:59:34.431000
2024-07-07 14:04:31.900,10489,296,8,100,False,1,car,0 days 00:01:19.359000,0 days 00:59:34.871000
2024-07-07 14:04:32.180,10613,299,8,100,False,1,car,0 days 00:01:19.639000,0 days 00:59:35.151000
2024-07-07 14:04:32.500,10697,301,8,100,False,1,car,0 days 00:01:19.959000,0 days 00:59:35.471000
2024-07-07 14:04:32.740,10786,302,8,100,False,1,car,0 days 00:01:20.199000,0 days 00:59:35.711000
2024-07-07 14:04:33.020,10849,305,8,100,False,1,car,0 days 00:01:20.479000,0 days 00:59:35.991000
2024-07-07 14:04:33.300,10930,307,8,100,False,1,car,0 days 00:01:20.759000,0 days 00:59:36.271000
2024-07-07 14:04:33.540,11005,308,8,100,False,1,car,0 days 00:01:20.999000,0 days 00:59:36.511000
2024-07-07 14:04:33.900,11057,311,8,100,False,1,car,0 days 00:01:21.359000,0 days 00:59:36.871000
2024-07-07 14:04:34.140,11071,312,8,100,False,1,car,0 days 00:01:21.599000,0 days 00:59:37.111000
2024-07-07 14:04:34.380,11069,312,8,100,False,1,car,0 days 00:01:21.839000,0 days 00:59:37.351000
2024-07-07 14:04:34.540,11050,312,8,100,False,1,car,0 days 00:01:21.999000,0 days 00:59:37.511000
2024-07-07 14:04:34.860,11042,310,8,100,False,1,car,0 days 00:01:22.319000,0 days 00:59:37.831000
2024-07-07 14:04:35.100,11052,309,8,100,False,1,car,0 days 00:01:22.559000,0 days 00:59:38.071000
2024-07-07 14:04:35.380,11016,310,8,100,False,1,car,0 days 00:01:22.839000,0 days 00:59:38.351000
2024-07-07 14:04:35.620,11032,310,8,100,False,1,car,0 days 00:01:23.079000,0 days 00:59:38.591000
2024-07-07 14:04:35.900,11036,311,8,100,False,1,car,0 days 00:01:23.359000,0 days 00:59:38.871000
2024-07-07 14:04:36.140,11046,311,8,100,False,1,car,0 days 00:01:23.599000,0 days 00:59:39.111000
2024-07-07 14:04:36.300,11063,311,8,100,False,1,car,0 days 00:01:23.759000,0 days 00:59:39.271000
2024-07-07 14:04:36.501,11069,310,8,100,False,1,car,0 days 00:01:23.960000,0 days 00:59:39.472000
2024-07-07 14:04:36.701,11029,310,8,100,False,1,car,0 days 00:01:24.160000,0 days 00:59:39.672000
2024-07-07 14:04:36.861,10975,309,8,100,False,1,car,0 days 00:01:24.320000,0 days 00:59:39.832000
2024-07-07 14:04:37.181,10424,281,8,0,True,1,car,0 days 00:01:24.640000,0 days 00:59:40.152000
2024-07-07 14:04:37.341,10404,270,8,0,True,1,car,0 days 00:01:24.800000,0 days 00:59:40.312000
2024-07-07 14:04:37.620,10653,241,7,0,True,1,car,0 days 00:01:25.079000,0 days 00:59:40.591000
2024-07-07 14:04:37.780,10259,229,6,0,True,1,car,0 days 00:01:25.239000,0 days 00:59:40.751000
2024-07-07 14:04:37.940,10854,225,6,0,True,1,car,0 days 00:01:25.399000,0 days 00:59:40.911000
2024-07-07 14:04:38.260,11366,214,5,11,False,1,car,0 days 00:01:25.719000,0 days 00:59:41.231000
2024-07-07 14:04:38.460,10836,210,5,8,False,1,car,0 days 00:01:25.919000,0 days 00:59:41.431000
2024-07-07 14:04:38.620,10893,206,5,9,True,1,car,0 days 00:01:26.079000,0 days 00:59:41.591000
2024-07-07 14:04:38.860,10425,200,5,9,False,1,car,0 days 00:01:26.319000,0 days 00:59:41.831000
2024-07-07 14:04:39.020,10439,196,5,10,False,1,car,0 days 00:01:26.479000,0 days 00:59:41.991000
2024-07-07 14:04:39.340,10137,191,5,67,False,1,car,0 days 00:01:26.799000,0 days 00:59:42.311000
2024-07-07 14:04:39.660,10473,195,5,85,False,1,car,0 days 00:01:27.119000,0 days 00:59:42.631000
2024-07-07 14:04:39.940,10725,199,5,89,False,1,car,0 days 00:01:27.399000,0 days 00:59:42.911000
2024-07-07 14:04:40.140,11049,203,5,100,False,1,car,0 days 00:01:27.599000,0 days 00:59:43.111000
2024-07-07 14:04:40.420,11306,210,5,100,False,1,car,0 days 00:01:27.879000,0 days 00:59:43.391000
2024-07-07 14:04:40.940,11974,219,5,100,False,1,car,0 days 00:01:28.399000,0 days 00:59:43.911000
2024-07-07 14:04:41.340,10696,230,6,100,False,1,car,0 days 00:01:28.799000,0 days 00:59:44.311000
2024-07-07 14:04:41.700,10757,238,6,100,False,1,car,0 days 00:01:29.159000,0 days 00:59:44.671000
2024-07-07 14:04:41.940,11152,240,6,100,False,1,car,0 days 00:01:29.399000,0 days 00:59:44.911000
2024-07-07 14:04:42.340,11321,247,6,100,False,1,car,0 days 00:01:29.799000,0 days 00:59:45.311000
2024-07-07 14:04:42.660,11527,252,6,100,False,1,car,0 days 00:01:30.119000,0 days 00:59:45.631000
2024-07-07 14:04:42.860,11575,253,6,100,False,1,car,0 days 00:01:30.319000,0 days 00:59:45.831000
2024-07-07 14:04:43.141,11704,256,6,100,False,1,car,0 days 00:01:30.600000,0 days 00:59:46.112000
2024-07-07 14:04:43.541,10776,259,7,100,False,1,car,0 days 00:01:31,0 days 00:59:46.512000
2024-07-07 14:04:43.781,10371,258,7,100,False,1,car,0 days 00:01:31.240000,0 days 00:59:46.752000
2024-07-07 14:04:44.061,10359,260,7,100,False,1,car,0 days 00:01:31.520000,0 days 00:59:47.032000
2024-07-07 14:04:44.300,10459,260,7,100,False,1,car,0 days 00:01:31.759000,0 days 00:59:47.271000
2024-07-07 14:04:44.460,10039,251,7,0,True,1,car,0 days 00:01:31.919000,0 days 00:59:47.431000
2024-07-07 14:04:44.700,9021,228,7,0,True,1,car,0 days 00:01:32.159000,0 days 00:59:47.671000
2024-07-07 14:04:44.980,8777,197,6,0,True,1,car,0 days 00:01:32.439000,0 days 00:59:47.951000
2024-07-07 14:04:45.340,8841,171,5,0,True,1,car,0 days 00:01:32.799000,0 days 00:59:48.311000
2024-07-07 14:04:45.660,9257,142,4,0,True,1,car,0 days 00:01:33.119000,0 days 00:59:48.631000
2024-07-07 14:04:46.060,8787,122,3,0,True,1,car,0 days 00:01:33.519000,0 days 00:59:49.031000
2024-07-07 14:04:46.340,8232,115,3,0,True,1,car,0 days 00:01:33.799000,0 days 00:59:49.311000
2024-07-07 14:04:46.580,7869,107,3,0,True,1,car,0 days 00:01:34.039000,0 days 00:59:49.551000
2024-07-07 14:04:46.780,7475,101,3,0,True,1,car,0 days 00:01:34.239000,0 days 00:59:49.751000
2024-07-07 14:04:47.060,7267,98,3,2,False,1,car,0 days 00:01:34.519000,0 days 00:59:50.031000
2024-07-07 14:04:47.260,7248,97,3,8,False,1,car,0 days 00:01:34.719000,0 days 00:59:50.231000
2024-07-07 14:04:47.460,7375,96,3,26,False,1,car,0 days 00:01:34.919000,0 days 00:59:50.431000
2024-07-07 14:04:47.660,7601,97,3,31,False,1,car,0 days 00:01:35.119000,0 days 00:59:50.631000
2024-07-07 14:04:47.820,7462,98,3,37,False,1,car,0 days 00:01:35.279000,0 days 00:59:50.791000
2024-07-07 14:04:48.020,7805,101,3,43,False,1,car,0 days 00:01:35.479000,0 days 00:59:50.991000
2024-07-07 14:04:48.260,8102,106,3,45,False,1,car,0 days 00:01:35.719000,0 days 00:59:51.231000
2024-07-07 14:04:48.460,8160,110,3,46,False,1,car,0 days 00:01:35.919000,0 days 00:59:51.431000
2024-07-07 14:04:48.700,7055,113,3,18,False,1,car,0 days 00:01:36.159000,0 days 00:59:51.671000
2024-07-07 14:04:48.940,6993,111,4,17,False,1,car,0 days 00:01:36.399000,0 days 00:59:51.911000
2024-07-07 14:04:49.100,6699,111,4,0,False,1,car,0 days 00:01:36.559000,0 days 00:59:52.071000
2024-07-07 14:04:49.340,6777,109,4,3,False,1,car,0 days 00:01:36.799000,0 days 00:59:52.311000
2024-07-07 14:04:49.581,7157,109,4,27,False,1,car,0 days 00:01:37.040000,0 days 00:59:52.552000
2024-07-07 14:04:49.781,6906,110,4,39,False,1,car,0 days 00:01:37.240000,0 days 00:59:52.752000
2024-07-07 14:04:50.181,7614,117,4,52,False,1,car,0 days 00:01:37.640000,0 days 00:59:53.152000
2024-07-07 14:04:50.341,7805,119,4,59,False,1,car,0 days 00:01:37.800000,0 days 00:59:53.312000
2024-07-07 14:04:50.541,8413,125,4,74,False,1,car,0 days 00:01:38,0 days 00:59:53.512000
2024-07-07 14:04:50.741,8901,132,4,82,False,1,car,0 days 00:01:38.200000,0 days 00:59:53.712000
2024-07-07 14:04:50.981,9508,143,4,90,False,1,car,0 days 00:01:38.440000,0 days 00:59:53.952000
2024-07-07 14:04:51.300,10017,156,4,100,False,1,car,0 days 00:01:38.759000,0 days 00:59:54.271000
2024-07-07 14:04:51.460,10666,165,4,100,False,1,car,0 days 00:01:38.919000,0 days 00:59:54.431000
2024-07-07 14:04:51.700,11157,173,4,100,False,1,car,0 days 00:01:39.159000,0 days 00:59:54.671000
2024-07-07 14:04:52.020,10931,185,4,100,False,1,car,0 days 00:01:39.479000,0 days 00:59:54.991000
2024-07-07 14:04:52.340,10622,193,5,100,False,1,car,0 days 00:01:39.799000,0 days 00:59:55.311000
2024-07-07 14:04:52.620,10926,204,5,100,False,1,car,0 days 00:01:40.079000,0 days 00:59:55.591000
2024-07-07 14:04:53.060,11522,217,5,100,False,1,car,0 days 00:01:40.519000,0 days 00:59:56.031000
2024-07-07 14:04:53.340,11880,219,5,100,False,1,car,0 days 00:01:40.799000,0 days 00:59:56.311000
2024-07-07 14:04:53.620,10637,226,6,100,False,1,car,0 days 00:01:41.079000,0 days 00:59:56.591000
2024-07-07 14:04:53.780,10638,230,6,100,False,1,car,0 days 00:01:41.239000,0 days 00:59:56.751000
2024-07-07 14:04:53.980,10815,233,6,100,False,1,car,0 days 00:01:41.439000,0 days 00:59:56.951000
2024-07-07 14:04:54.260,11036,238,6,100,False,1,car,0 days 00:01:41.719000,0 days 00:59:57.231000
2024-07-07 14:04:54.500,11173,242,6,100,False,1,car,0 days 00:01:41.959000,0 days 00:59:57.471000
2024-07-07 14:04:54.900,11494,250,6,100,False,1,car,0 days 00:01:42.359000,0 days 00:59:57.871000
2024-07-07 14:04:55.220,11675,255,6,100,False,0,car,0 days 00:01:42.679000,0 days 00:59:58.191000
2024-07-07 14:04:55.460,11558,260,6,100,False,0,car,0 days 00:01:42.919000,0 days 00:59:58.431000
2024-07-07 14:04:55.900,10801,265,7,100,False,0,car,0 days 00:01:43.359000,0 days 00:59:58.871000
2024-07-07 14:04:56.261,10933,273,7,100,False,0,car,0 days 00:01:43.720000,0 days 00:59:59.232000
2024-07-07 14:04:56.541,11053,274,7,100,False,0,car,0 days 00:01:44,0 days 00:59:59.512000
2024-07-07 14:04:56.861,11208,280,7,100,False,0,car,0 days 00:01:44.320000,0 days 00:59:59.832000
2024-07-07 14:04:57.301,11354,284,7,100,False,0,car,0 days 00:01:44.760000,0 days 01:00:00.272000
2024-07-07 14:04:57.701,11471,287,7,100,False,0,car,0 days 00:01:45.160000,0 days 01:00:00.672000
2024-07-07 14:04:57.980,11580,290,7,100,False,0,car,0 days 00:01:45.439000,0 days 01:00:00.951000
2024-07-07 14:04:58.220,11676,291,7,100,False,0,car,0 days 00:01:45.679000,0 days 01:00:01.191000
2024-07-07 14:04:58.580,10290,296,8,100,False,0,car,0 days 00:01:46.039000,0 days 01:00:01.551000
2024-07-07 14:04:58.940,10563,297,8,100,False,0,car,0 days 00:01:46.399000,0 days 01:00:01.911000
2024-07-07 14:04:59.260,10617,299,8,100,False,0,car,0 days 00:01:46.719000,0 days 01:00:02.231000
2024-07-07 14:04:59.500,10645,300,8,89,False,0,car,0 days 00:01:46.959000,0 days 01:00:02.471000
2024-07-07 14:04:59.660,10645,298,8,89,False,0,car,0 days 00:01:47.119000,0 days 01:00:02.631000
2024-07-07 14:05:00.020,10334,292,8,39,False,0,car,0 days 00:01:47.479000,0 days 01:00:02.991000
2024-07-07 14:05:00.300,10147,285,8,62,False,0,car,0 days 00:01:47.759000,0 days 01:00:03.271000
2024-07-07 14:05:00.660,10181,283,8,100,False,0,car,0 days 00:01:48.119000,0 days 01:00:03.631000
2024-07-07 14:05:00.940,10154,283,8,100,False,0,car,0 days 00:01:48.399000,0 days 01:00:03.911000
2024-07-07 14:05:01.180,10168,283,8,100,False,0,car,0 days 00:01:48.639000,0 days 01:00:04.151000
2024-07-07 14:05:01.340,10146,283,8,100,False,0,car,0 days 00:01:48.799000,0 days 01:00:04.311000
2024-07-07 14:05:01.580,10138,284,8,100,False,0,car,0 days 00:01:49.039000,0 days 01:00:04.551000
2024-07-07 14:05:01.780,10141,284,8,100,False,0,car,0 days 00:01:49.239000,0 days 01:00:04.751000
2024-07-07 14:05:02.220,10208,286,8,100,False,0,car,0 days 00:01:49.679000,0 days 01:00:05.191000
2024-07-07 14:05:02.540,10168,285,8,100,False,0,car,0 days 00:01:49.999000,0 days 01:00:05.511000
2024-07-07 14:05:02.781,10161,284,8,100,False,0,car,0 days 00:01:50.240000,0 days 01:00:05.752000
2024-07-07 14:05:03.061,10097,284,8,100,False,0,car,0 days 00:01:50.520000,0 days 01:00:06.032000
2024-07-07 14:05:03.221,10130,282,8,100,False,0,car,0 days 00:01:50.680000,0 days 01:00:06.192000
2024-07-07 14:05:03.381,10059,282,8,100,False,0,car,0 days 00:01:50.840000,0 days 01:00:06.352000
2024-07-07 14:05:03.621,10031,280,8,100,False,0,car,0 days 00:01:51.080000,0 days 01:00:06.592000
2024-07-07 14:05:03.901,9987,280,8,100,False,0,car,0 days 00:01:51.360000,0 days 01:00:06.872000
2024-07-07 14:05:04.301,9898,278,8,100,False,0,car,0 days 00:01:51.760000,0 days 01:00:07.272000
2024-07-07 14:05:04.460,9837,277,8,100,False,0,car,0 days 00:01:51.919000,0 days 01:00:07.431000
2024-07-07 14:05:04.820,9021,259,8,0,True,0,car,0 days 00:01:52.279000,0 days 01:00:07.791000
2024-07-07 14:05:05.020,9415,234,8,0,True,0,car,0 days 00:01:52.479000,0 days 01:00:07.991000
2024-07-07 14:05:05.340,9054,204,7,0,True,0,car,0 days 00:01:52.799000,0 days 01:00:08.311000
2024-07-07 14:05:05.500,8400,188,6,0,True,0,car,0 days 00:01:52.959000,0 days 01:00:08.471000
2024-07-07 14:05:05.980,8871,163,5,0,True,0,car,0 days 00:01:53.439000,0 days 01:00:08.951000
2024-07-07 14:05:06.420,8131,137,4,0,True,0,car,0 days 00:01:53.879000,0 days 01:00:09.391000
2024-07-07 14:05:06.820,8687,121,3,0,True,0,car,0 days 00:01:54.279000,0 days 01:00:09.791000
2024-07-07 14:05:07.020,8272,115,3,0,True,0,car,0 days 00:01:54.479000,0 days 01:00:09.991000
2024-07-07 14:05:07.180,8146,110,3,0,False,0,car,0 days 00:01:54.639000,0 days 01:00:10.151000
2024-07-07 14:05:07.340,8006,108,3,0,True,0,car,0 days 00:01:54.799000,0 days 01:00:10.311000
2024-07-07 14:05:07.620,7728,103,3,0,False,0,car,0 days 00:01:55.079000,0 days 01:00:10.591000
2024-07-07 14:05:07.780,7490,102,3,0,False,0,car,0 days 00:01:55.239000,0 days 01:00:10.751000
2024-07-07 14:05:08.020,7335,101,3,16,False,0,car,0 days 00:01:55.479000,0 days 01:00:10.991000
2024-07-07 14:05:08.180,7692,100,3,25,False,0,car,0 days 00:01:55.639000,0 days 01:00:11.151000
2024-07-07 14:05:08.380,8128,103,3,41,False,0,car,0 days 00:01:55.839000,0 days 01:00:11.351000
2024-07-07 14:05:08.620,8355,106,3,51,False,0,car,0 days 00:01:56.079000,0 days 01:00:11.591000
2024-07-07 14:05:08.820,8574,110,3,55,False,0,car,0 days 00:01:56.279000,0 days 01:00:11.791000
2024-07-07 14:05:09.060,9198,117,3,61,False,0,car,0 days 00:01:56.519000,0 days 01:00:12.031000
2024-07-07 14:05:09.381,9953,127,3,76,False,0,car,0 days 00:01:56.840000,0 days 01:00:12.352000
2024-07-07 14:05:09.581,10358,134,3,76,False,0,car,0 days 00:01:57.040000,0 days 01:00:12.552000
2024-07-07 14:05:09.821,10907,142,3,82,False,0,car,0 days 00:01:57.280000,0 days 01:00:12.792000
2024-07-07 14:05:10.021,10492,149,3,26,False,0,car,0 days 00:01:57.480000,0 days 01:00:12.992000
2024-07-07 14:05:10.301,9611,132,3,0,True,8,car,0 days 00:01:57.760000,0 days 01:00:13.272000
2024-07-07 14:05:10.461,8920,121,3,0,True,8,car,0 days 00:01:57.920000,0 days 01:00:13.432000
2024-07-07 14:05:10.701,8828,111,3,0,True,8,car,0 days 00:01:58.160000,0 days 01:00:13.672000
2024-07-07 14:05:10.861,8619,102,3,0,True,8,car,0 days 00:01:58.320000,0 days 01:00:13.832000
2024-07-07 14:05:11.021,8255,99,2,0,True,8,car,0 days 00:01:58.480000,0 days 01:00:13.992000
2024-07-07 14:05:11.380,7479,88,2,0,True,8,car,0 days 00:01:58.839000,0 days 01:00:14.351000
2024-07-07 14:05:11.700,7087,82,2,0,False,8,car,0 days 00:01:59.159000,0 days 01:00:14.671000
2024-07-07 14:05:11.860,7083,81,2,10,False,8,car,0 days 00:01:59.319000,0 days 01:00:14.831000
2024-07-07 14:05:12.100,6901,81,2,14,False,8,car,0 days 00:01:59.559000,0 days 01:00:15.071000
2024-07-07 14:05:12.260,7082,79,2,0,False,8,car,0 days 00:01:59.719000,0 days 01:00:15.231000
2024-07-07 14:05:12.420,6613,78,2,7,False,8,car,0 days 00:01:59.879000,0 days 01:00:15.391000
2024-07-07 14:05:12.700,7226,78,2,13,False,8,car,0 days 00:02:00.159000,0 days 01:00:15.671000
2024-07-07 14:05:12.940,7376,79,2,29,False,8,car,0 days 00:02:00.399000,0 days 01:00:15.911000
2024-07-07 14:05:13.140,7625,82,2,32,False,8,car,0 days 00:02:00.599000,0 days 01:00:16.111000
2024-07-07 14:05:13.420,6588,86,2,38,False,8,car,0 days 00:02:00.879000,0 days 01:00:16.391000
2024-07-07 14:05:13.580,6889,90,3,41,False,8,car,0 days 00:02:01.039000,0 days 01:00:16.551000
2024-07-07 14:05:13.940,7683,97,3,54,False,8,car,0 days 00:02:01.399000,0 days 01:00:16.911000
2024-07-07 14:05:14.260,8509,110,3,65,False,8,car,0 days 00:02:01.719000,0 days 01:00:17.231000
2024-07-07 14:05:14.420,8840,110,3,70,False,8,car,0 days 00:02:01.879000,0 days 01:00:17.391000
2024-07-07 14:05:14.580,9439,121,3,72,False,8,car,0 days 00:02:02.039000,0 days 01:00:17.551000
2024-07-07 14:05:14.860,10025,133,3,78,False,8,car,0 days 00:02:02.319000,0 days 01:00:17.831000
2024-07-07 14:05:15.180,11389,148,3,100,False,8,car,0 days 00:02:02.639000,0 days 01:00:18.151000
2024-07-07 14:05:15.420,10969,148,4,100,False,8,car,0 days 00:02:02.879000,0 days 01:00:18.391000
2024-07-07 14:05:15.660,10691,166,4,100,False,8,car,0 days 00:02:03.119000,0 days 01:00:18.631000
2024-07-07 14:05:15.941,11369,170,4,100,False,8,car,0 days 00:02:03.400000,0 days 01:00:18.912000
2024-07-07 14:05:16.341,10537,190,4,100,False,8,car,0 days 00:02:03.800000,0 days 01:00:19.312000
2024-07-07 14:05:16.741,11012,193,5,100,False,8,car,0 days 00:02:04.200000,0 days 01:00:19.712000
2024-07-07 14:05:17.021,11397,212,5,100,False,8,car,0 days 00:02:04.480000,0 days 01:00:19.992000
2024-07-07 14:05:17.261,11720,220,5,100,False,8,car,0 days 00:02:04.720000,0 days 01:00:20.232000
2024-07-07 14:05:17.501,10460,223,5,100,False,8,car,0 days 00:02:04.960000,0 days 01:00:20.472000
2024-07-07 14:05:17.781,10669,229,6,100,False,8,car,0 days 00:02:05.240000,0 days 01:00:20.752000
2024-07-07 14:05:18.220,10831,236,6,100,False,8,car,0 days 00:02:05.679000,0 days 01:00:21.191000
2024-07-07 14:05:18.380,11005,239,6,100,False,8,car,0 days 00:02:05.839000,0 days 01:00:21.351000
2024-07-07 14:05:18.660,11250,243,6,100,False,8,car,0 days 00:02:06.119000,0 days 01:00:21.631000
2024-07-07 14:05:18.980,11483,247,6,100,False,14,car,0 days 00:02:06.439000,0 days 01:00:21.951000
2024-07-07 14:05:19.140,11517,251,6,100,False,14,car,0 days 00:02:06.599000,0 days 01:00:22.111000
2024-07-07 14:05:19.420,10990,256,6,100,False,12,car,0 days 00:02:06.879000,0 days 01:00:22.391000
2024-07-07 14:05:19.700,10606,264,7,100,False,12,car,0 days 00:02:07.159000,0 days 01:00:22.671000
2024-07-07 14:05:19.980,10819,269,7,100,False,12,car,0 days 00:02:07.439000,0 days 01:00:22.951000
2024-07-07 14:05:20.180,11043,274,7,100,False,12,car,0 days 00:02:07.639000,0 days 01:00:23.151000
2024-07-07 14:05:20.460,11185,278,7,100,False,12,car,0 days 00:02:07.919000,0 days 01:00:23.431000
2024-07-07 14:05:20.860,11402,284,7,100,False,12,car,0 days 00:02:08.319000,0 days 01:00:23.831000
2024-07-07 14:05:21.060,11480,285,7,100,False,12,car,0 days 00:02:08.519000,0 days 01:00:24.031000
2024-07-07 14:05:21.300,11601,290,7,100,False,12,car,0 days 00:02:08.759000,0 days 01:00:24.271000
2024-07-07 14:05:21.660,10742,295,7,100,False,12,car,0 days 00:02:09.119000,0 days 01:00:24.631000
2024-07-07 14:05:21.820,10134,295,7,100,False,12,car,0 days 00:02:09.279000,0 days 01:00:24.791000
2024-07-07 14:05:22.140,10657,299,8,100,False,12,car,0 days 00:02:09.599000,0 days 01:00:25.111000
2024-07-07 14:05:22.421,10679,302,8,100,False,12,car,0 days 00:02:09.880000,0 days 01:00:25.392000
2024-07-07 14:05:22.581,10803,303,8,100,False,12,car,0 days 00:02:10.040000,0 days 01:00:25.552000
2024-07-07 14:05:22.941,10823,306,8,100,False,12,car,0 days 00:02:10.400000,0 days 01:00:25.912000
2024-07-07 14:05:23.261,10913,307,8,100,False,12,car,0 days 00:02:10.720000,0 days 01:00:26.232000
2024-07-07 14:05:23.581,10972,309,8,100,False,12,car,0 days 00:02:11.040000,0 days 01:00:26.552000
2024-07-07 14:05:23.741,11044,311,8,100,False,12,car,0 days 00:02:11.200000,0 days 01:00:26.712000
2024-07-07 14:05:23.981,11012,311,8,100,False,12,car,0 days 00:02:11.440000,0 days 01:00:26.952000
2024-07-07 14:05:24.221,11103,312,8,100,False,12,car,0 days 00:02:11.680000,0 days 01:00:27.192000
2024-07-07 14:05:24.581,11088,313,8,100,False,10,car,0 days 00:02:12.040000,0 days 01:00:27.552000
2024-07-07 14:05:24.980,10859,303,8,0,True,0,car,0 days 00:02:12.439000,0 days 01:00:27.951000
2024-07-07 14:05:25.380,9179,274,8,0,True,0,car,0 days 00:02:12.839000,0 days 01:00:28.351000
2024-07-07 14:05:25.540,9583,255,8,0,True,0,car,0 days 00:02:12.999000,0 days 01:00:28.511000
2024-07-07 14:05:25.700,9177,235,8,0,True,0,car,0 days 00:02:13.159000,0 days 01:00:28.671000
2024-07-07 14:05:25.980,9362,215,7,0,True,0,car,0 days 00:02:13.439000,0 days 01:00:28.951000
2024-07-07 14:05:26.180,9061,201,6,0,True,0,car,0 days 00:02:13.639000,0 days 01:00:29.151000
2024-07-07 14:05:26.460,9831,187,6,0,True,0,car,0 days 00:02:13.919000,0 days 01:00:29.431000
2024-07-07 14:05:26.740,9290,178,5,0,True,0,car,0 days 00:02:14.199000,0 days 01:00:29.711000
2024-07-07 14:05:26.940,8765,172,5,0,True,0,car,0 days 00:02:14.399000,0 days 01:00:29.911000
2024-07-07 14:05:27.260,8427,159,5,0,True,0,car,0 days 00:02:14.719000,0 days 01:00:30.231000
2024-07-07 14:05:27.660,9391,153,5,0,True,0,car,0 days 00:02:15.119000,0 days 01:00:30.631000
2024-07-07 14:05:28.020,9083,146,4,0,False,0,car,0 days 00:02:15.479000,0 days 01:00:30.991000
2024-07-07 14:05:28.460,8834,141,4,35,False,0,car,0 days 00:02:15.919000,0 days 01:00:31.431000
2024-07-07 14:05:28.660,8974,142,4,42,False,0,car,0 days 00:02:16.119000,0 days 01:00:31.631000
2024-07-07 14:05:28.981,9208,144,4,49,False,0,car,0 days 00:02:16.440000,0 days 01:00:31.952000
2024-07-07 14:05:29.341,9352,147,4,60,False,0,car,0 days 00:02:16.800000,0 days 01:00:32.312000
2024-07-07 14:05:29.501,9352,150,4,60,False,0,car,0 days 00:02:16.960000,0 days 01:00:32.472000
2024-07-07 14:05:29.781,9943,157,4,70,False,0,car,0 days 00:02:17.240000,0 days 01:00:32.752000
2024-07-07 14:05:29.981,10110,162,4,69,False,0,car,0 days 00:02:17.440000,0 days 01:00:32.952000
2024-07-07 14:05:30.981,8158,132,4,0,True,0,car,0 days 00:02:18.440000,0 days 01:00:33.952000
2024-07-07 14:05:31.141,8158,128,4,0,True,0,car,0 days 00:02:18.600000,0 days 01:00:34.112000
2024-07-07 14:05:31.380,7542,124,4,0,False,0,car,0 days 00:02:18.839000,0 days 01:00:34.351000
2024-07-07 14:05:31.660,7254,117,4,0,False,0,car,0 days 00:02:19.119000,0 days 01:00:34.631000
2024-07-07 14:05:31.860,7343,116,4,5,False,0,car,0 days 00:02:19.319000,0 days 01:00:34.831000
2024-07-07 14:05:32.100,7102,113,4,7,False,0,car,0 days 00:02:19.559000,0 days 01:00:35.071000
2024-07-07 14:05:32.260,7290,111,4,0,False,0,car,0 days 00:02:19.719000,0 days 01:00:35.231000
2024-07-07 14:05:32.500,8132,108,3,0,False,0,car,0 days 00:02:19.959000,0 days 01:00:35.471000
2024-07-07 14:05:32.940,7949,105,3,21,False,0,car,0 days 00:02:20.399000,0 days 01:00:35.911000
2024-07-07 14:05:33.100,8067,106,3,31,False,0,car,0 days 00:02:20.559000,0 days 01:00:36.071000
2024-07-07 14:05:33.380,8299,108,3,40,False,0,car,0 days 00:02:20.839000,0 days 01:00:36.351000
2024-07-07 14:05:33.700,8636,112,3,48,False,0,car,0 days 00:02:21.159000,0 days 01:00:36.671000
2024-07-07 14:05:33.900,8920,116,3,55,False,0,car,0 days 00:02:21.359000,0 days 01:00:36.871000
2024-07-07 14:05:34.340,8728,125,3,63,False,0,car,0 days 00:02:21.799000,0 days 01:00:37.311000
2024-07-07 14:05:34.580,8744,133,4,67,False,0,car,0 days 00:02:22.039000,0 days 01:00:37.551000
2024-07-07 14:05:34.740,8860,134,4,68,False,0,car,0 days 00:02:22.199000,0 days 01:00:37.711000
2024-07-07 14:05:35.020,9458,141,4,86,False,0,car,0 days 00:02:22.479000,0 days 01:00:37.991000
2024-07-07 14:05:35.300,10157,157,4,96,False,0,car,0 days 00:02:22.759000,0 days 01:00:38.271000
2024-07-07 14:05:35.460,10747,166,4,100,False,0,car,0 days 00:02:22.919000,0 days 01:00:38.431000
2024-07-07 14:05:35.661,11336,174,4,100,False,0,car,0 days 00:02:23.120000,0 days 01:00:38.632000
2024-07-07 14:05:36.061,11646,188,4,100,False,0,car,0 days 00:02:23.520000,0 days 01:00:39.032000
2024-07-07 14:05:36.221,10526,192,5,100,False,0,car,0 days 00:02:23.680000,0 days 01:00:39.192000
2024-07-07 14:05:36.501,10785,201,5,100,False,0,car,0 days 00:02:23.960000,0 days 01:00:39.472000
2024-07-07 14:05:36.741,10885,208,5,100,False,0,car,0 days 00:02:24.200000,0 days 01:00:39.712000
2024-07-07 14:05:36.981,11441,215,5,100,False,0,car,0 days 00:02:24.440000,0 days 01:00:39.952000
2024-07-07 14:05:37.141,11763,219,5,100,False,0,car,0 days 00:02:24.600000,0 days 01:00:40.112000
2024-07-07 14:05:37.381,10987,226,5,100,False,0,car,0 days 00:02:24.840000,0 days 01:00:40.352000
2024-07-07 14:05:37.661,10690,234,6,100,False,0,car,0 days 00:02:25.120000,0 days 01:00:40.632000
2024-07-07 14:05:37.821,10778,235,6,100,False,0,car,0 days 00:02:25.280000,0 days 01:00:40.792000
2024-07-07 14:05:37.981,11039,239,6,100,False,0,car,0 days 00:02:25.440000,0 days 01:00:40.952000
2024-07-07 14:05:38.180,11131,243,6,100,False,0,car,0 days 00:02:25.639000,0 days 01:00:41.151000
2024-07-07 14:05:38.460,11421,248,6,100,False,0,car,0 days 00:02:25.919000,0 days 01:00:41.431000
2024-07-07 14:05:38.820,11649,254,6,100,False,0,car,0 days 00:02:26.279000,0 days 01:00:41.791000
2024-07-07 14:05:39.100,10898,258,6,100,False,0,car,0 days 00:02:26.559000,0 days 01:00:42.071000
2024-07-07 14:05:39.500,10607,264,7,100,False,0,car,0 days 00:02:26.959000,0 days 01:00:42.471000
2024-07-07 14:05:39.980,10787,271,7,100,False,0,car,0 days 00:02:27.439000,0 days 01:00:42.951000
2024-07-07 14:05:40.340,11030,274,7,100,False,0,car,0 days 00:02:27.799000,0 days 01:00:43.311000
2024-07-07 14:05:40.540,11141,275,7,100,False,0,car,0 days 00:02:27.999000,0 days 01:00:43.511000
2024-07-07 14:05:40.820,11209,279,7,100,False,0,car,0 days 00:02:28.279000,0 days 01:00:43.791000
2024-07-07 14:05:41.220,11344,282,7,100,False,0,car,0 days 00:02:28.679000,0 days 01:00:44.191000
2024-07-07 14:05:41.540,11414,285,7,100,False,0,car,0 days 00:02:28.999000,0 days 01:00:44.511000
2024-07-07 14:05:41.700,11475,286,7,100,False,0,car,0 days 00:02:29.159000,0 days 01:00:44.671000
2024-07-07 14:05:42.020,11549,289,7,100,False,0,car,0 days 00:02:29.479000,0 days 01:00:44.991000
2024-07-07 14:05:42.421,11562,290,7,100,False,0,car,0 days 00:02:29.880000,0 days 01:00:45.392000
2024-07-07 14:05:42.741,11521,291,7,100,False,0,car,0 days 00:02:30.200000,0 days 01:00:45.712000
2024-07-07 14:05:43.061,10277,293,8,100,False,0,car,0 days 00:02:30.520000,0 days 01:00:46.032000
2024-07-07 14:05:43.261,10407,292,8,100,False,0,car,0 days 00:02:30.720000,0 days 01:00:46.232000
2024-07-07 14:05:43.621,10423,294,8,100,False,0,car,0 days 00:02:31.080000,0 days 01:00:46.592000
2024-07-07 14:05:43.861,10473,295,8,100,False,0,car,0 days 00:02:31.320000,0 days 01:00:46.832000
2024-07-07 14:05:44.021,10480,295,8,100,False,0,car,0 days 00:02:31.480000,0 days 01:00:46.992000
2024-07-07 14:05:44.301,10444,296,8,100,False,0,car,0 days 00:02:31.760000,0 days 01:00:47.272000
2024-07-07 14:05:44.701,10411,294,8,100,False,0,car,0 days 00:02:32.160000,0 days 01:00:47.672000
2024-07-07 14:05:45.140,10287,287,8,0,True,0,car,0 days 00:02:32.599000,0 days 01:00:48.111000
2024-07-07 14:05:45.380,10424,275,8,0,True,0,car,0 days 00:02:32.839000,0 days 01:00:48.351000
2024-07-07 14:05:45.740,10663,265,7,27,False,0,car,0 days 00:02:33.199000,0 days 01:00:48.711000
2024-07-07 14:05:45.900,10495,261,7,50,False,0,car,0 days 00:02:33.359000,0 days 01:00:48.871000
2024-07-07 14:05:46.140,10379,259,7,78,False,0,car,0 days 00:02:33.599000,0 days 01:00:49.111000
2024-07-07 14:05:46.580,10551,260,7,100,False,0,car,0 days 00:02:34.039000,0 days 01:00:49.551000
2024-07-07 14:05:46.740,10545,260,7,100,False,0,car,0 days 00:02:34.199000,0 days 01:00:49.711000
2024-07-07 14:05:46.900,10567,262,7,100,False,0,car,0 days 00:02:34.359000,0 days 01:00:49.871000
2024-07-07 14:05:47.100,10598,262,7,100,False,0,car,0 days 00:02:34.559000,0 days 01:00:50.071000
2024-07-07 14:05:47.420,10742,265,7,100,False,0,car,0 days 00:02:34.879000,0 days 01:00:50.391000
2024-07-07 14:05:47.660,10737,266,7,100,False,0,car,0 days 00:02:35.119000,0 days 01:00:50.631000
2024-07-07 14:05:48.060,10836,270,7,100,False,0,car,0 days 00:02:35.519000,0 days 01:00:51.031000
2024-07-07 14:05:48.300,10898,271,7,100,False,0,car,0 days 00:02:35.759000,0 days 01:00:51.271000
2024-07-07 14:05:48.460,10977,273,7,100,False,0,car,0 days 00:02:35.919000,0 days 01:00:51.431000
2024-07-07 14:05:48.620,11007,275,7,100,False,0,car,0 days 00:02:36.079000,0 days 01:00:51.591000
2024-07-07 14:05:48.941,11142,278,7,100,False,0,car,0 days 00:02:36.400000,0 days 01:00:51.912000
2024-07-07 14:05:49.181,11245,279,7,100,False,0,car,0 days 00:02:36.640000,0 days 01:00:52.152000
2024-07-07 14:05:49.541,11365,283,7,100,False,0,car,0 days 00:02:37,0 days 01:00:52.512000
2024-07-07 14:05:49.741,11429,284,7,100,False,0,car,0 days 00:02:37.200000,0 days 01:00:52.712000
2024-07-07 14:05:49.901,11495,286,7,100,False,0,car,0 days 00:02:37.360000,0 days 01:00:52.872000
2024-07-07 14:05:50.141,11525,288,7,100,False,0,car,0 days 00:02:37.600000,0 days 01:00:53.112000
2024-07-07 14:05:50.581,11680,292,7,100,False,0,car,0 days 00:02:38.040000,0 days 01:00:53.552000
2024-07-07 14:05:50.941,10300,293,8,100,False,0,car,0 days 00:02:38.400000,0 days 01:00:53.912000
2024-07-07 14:05:51.101,10430,295,8,100,False,0,car,0 days 00:02:38.560000,0 days 01:00:54.072000
2024-07-07 14:05:51.381,10603,298,8,100,False,0,car,0 days 00:02:38.840000,0 days 01:00:54.352000
2024-07-07 14:05:51.580,10676,301,8,100,False,0,car,0 days 00:02:39.039000,0 days 01:00:54.551000
2024-07-07 14:05:51.780,10697,301,8,100,False,0,car,0 days 00:02:39.239000,0 days 01:00:54.751000
2024-07-07 14:05:51.940,10708,301,8,100,False,0,car,0 days 00:02:39.399000,0 days 01:00:54.911000
2024-07-07 14:05:52.220,10804,303,8,100,False,0,car,0 days 00:02:39.679000,0 days 01:00:55.191000
2024-07-07 14:05:52.420,10775,302,8,100,False,0,car,0 days 00:02:39.879000,0 days 01:00:55.391000
2024-07-07 14:05:52.580,10760,303,8,100,False,0,car,0 days 00:02:40.039000,0 days 01:00:55.551000
2024-07-07 14:05:52.940,10780,303,8,100,False,0,car,0 days 00:02:40.399000,0 days 01:00:55.911000
2024-07-07 14:05:53.180,10703,303,8,100,False,0,car,0 days 00:02:40.639000,0 days 01:00:56.151000
2024-07-07 14:05:53.340,10726,301,8,100,False,0,car,0 days 00:02:40.799000,0 days 01:00:56.311000
2024-07-07 14:05:53.620,10588,297,8,0,True,0,car,0 days 00:02:41.079000,0 days 01:00:56.591000
2024-07-07 14:05:53.780,10458,286,8,0,True,0,car,0 days 00:02:41.239000,0 days 01:00:56.751000
2024-07-07 14:05:54.020,11022,278,8,30,False,0,car,0 days 00:02:41.479000,0 days 01:00:56.991000
2024-07-07 14:05:54.260,10918,272,7,62,False,0,car,0 days 00:02:41.719000,0 days 01:00:57.231000
2024-07-07 14:05:54.500,10784,268,7,57,False,0,car,0 days 00:02:41.959000,0 days 01:00:57.471000
2024-07-07 14:05:54.660,10668,265,7,64,False,0,car,0 days 00:02:42.119000,0 days 01:00:57.631000
2024-07-07 14:05:55.100,10639,264,7,100,False,0,car,0 days 00:02:42.559000,0 days 01:00:58.071000
2024-07-07 14:05:55.381,10633,266,7,100,False,0,car,0 days 00:02:42.840000,0 days 01:00:58.352000
2024-07-07 14:05:55.701,10954,265,7,99,True,0,car,0 days 00:02:43.160000,0 days 01:00:58.672000
2024-07-07 14:05:55.861,10114,254,7,0,True,0,car,0 days 00:02:43.320000,0 days 01:00:58.832000
2024-07-07 14:05:56.061,10795,245,7,0,True,0,car,0 days 00:02:43.520000,0 days 01:00:59.032000
2024-07-07 14:05:56.301,10739,239,6,0,True,0,car,0 days 00:02:43.760000,0 days 01:00:59.272000
2024-07-07 14:05:56.781,10115,223,6,5,True,0,car,0 days 00:02:44.240000,0 days 01:00:59.752000
2024-07-07 14:05:56.981,9971,221,6,18,False,0,car,0 days 00:02:44.440000,0 days 01:00:59.952000
2024-07-07 14:05:57.381,9946,217,6,52,False,0,car,0 days 00:02:44.840000,0 days 01:01:00.352000
2024-07-07 14:05:57.741,9195,213,6,0,True,0,car,0 days 00:02:45.200000,0 days 01:01:00.712000
2024-07-07 14:05:58.061,10494,198,6,0,False,8,car,0 days 00:02:45.520000,0 days 01:01:01.032000
2024-07-07 14:05:58.380,10184,191,5,0,True,8,car,0 days 00:02:45.839000,0 days 01:01:01.351000
2024-07-07 14:05:58.660,9912,187,5,31,False,8,car,0 days 00:02:46.119000,0 days 01:01:01.631000
2024-07-07 14:05:58.940,10124,184,5,61,False,8,car,0 days 00:02:46.399000,0 days 01:01:01.911000
2024-07-07 14:05:59.140,10141,187,5,63,False,8,car,0 days 00:02:46.599000,0 days 01:01:02.111000
2024-07-07 14:05:59.580,10609,196,5,100,False,8,car,0 days 00:02:47.039000,0 days 01:01:02.551000
2024-07-07 14:05:59.820,10848,203,5,100,False,8,car,0 days 00:02:47.279000,0 days 01:01:02.791000
2024-07-07 14:06:00.100,11167,208,5,100,False,8,car,0 days 00:02:47.559000,0 days 01:01:03.071000
2024-07-07 14:06:00.380,11562,216,5,100,False,8,car,0 days 00:02:47.839000,0 days 01:01:03.351000
2024-07-07 14:06:00.700,11863,220,5,100,False,8,car,0 days 00:02:48.159000,0 days 01:01:03.671000
2024-07-07 14:06:00.980,10590,228,6,100,False,8,car,0 days 00:02:48.439000,0 days 01:01:03.951000
2024-07-07 14:06:01.140,10619,231,6,100,False,8,car,0 days 00:02:48.599000,0 days 01:01:04.111000
2024-07-07 14:06:01.340,10894,235,6,100,False,8,car,0 days 00:02:48.799000,0 days 01:01:04.311000
2024-07-07 14:06:01.580,11199,241,6,100,False,8,car,0 days 00:02:49.039000,0 days 01:01:04.551000
2024-07-07 14:06:01.820,11217,242,6,100,False,14,car,0 days 00:02:49.279000,0 days 01:01:04.791000
2024-07-07 14:06:02.021,11505,246,6,100,False,12,car,0 days 00:02:49.480000,0 days 01:01:04.992000
2024-07-07 14:06:02.181,11599,252,6,100,False,12,car,0 days 00:02:49.640000,0 days 01:01:05.152000
2024-07-07 14:06:02.421,11126,256,6,100,False,12,car,0 days 00:02:49.880000,0 days 01:01:05.392000
2024-07-07 14:06:02.581,10447,260,6,100,False,12,car,0 days 00:02:50.040000,0 days 01:01:05.552000
2024-07-07 14:06:02.821,10603,264,7,100,False,12,car,0 days 00:02:50.280000,0 days 01:01:05.792000
2024-07-07 14:06:03.061,10840,270,7,100,False,12,car,0 days 00:02:50.520000,0 days 01:01:06.032000
2024-07-07 14:06:03.221,10945,272,7,100,False,12,car,0 days 00:02:50.680000,0 days 01:01:06.192000
2024-07-07 14:06:03.461,11133,277,7,100,False,12,car,0 days 00:02:50.920000,0 days 01:01:06.432000
2024-07-07 14:06:03.661,11236,279,7,100,False,12,car,0 days 00:02:51.120000,0 days 01:01:06.632000
2024-07-07 14:06:03.941,11343,283,7,100,False,12,car,0 days 00:02:51.400000,0 days 01:01:06.912000
2024-07-07 14:06:04.181,11531,287,7,100,False,12,car,0 days 00:02:51.640000,0 days 01:01:07.152000
2024-07-07 14:06:04.381,11650,290,7,100,False,12,car,0 days 00:02:51.840000,0 days 01:01:07.352000
2024-07-07 14:06:04.701,11344,295,7,100,False,12,car,0 days 00:02:52.160000,0 days 01:01:07.672000
2024-07-07 14:06:04.861,10767,298,8,100,False,12,car,0 days 00:02:52.320000,0 days 01:01:07.832000
2024-07-07 14:06:05.060,10741,301,8,100,False,12,car,0 days 00:02:52.519000,0 days 01:01:08.031000
2024-07-07 14:06:05.540,10886,305,8,100,False,12,car,0 days 00:02:52.999000,0 days 01:01:08.511000
2024-07-07 14:06:05.980,11096,311,8,100,False,12,car,0 days 00:02:53.439000,0 days 01:01:08.951000
2024-07-07 14:06:06.220,11145,313,8,100,False,12,car,0 days 00:02:53.679000,0 days 01:01:09.191000
2024-07-07 14:06:06.580,11284,319,8,100,False,12,car,0 days 00:02:54.039000,0 days 01:01:09.551000
2024-07-07 14:06:06.740,11284,319,8,100,False,12,car,0 days 00:02:54.199000,0 days 01:01:09.711000
2024-07-07 14:06:06.940,11367,319,8,100,False,12,car,0 days 00:02:54.399000,0 days 01:01:09.911000
2024-07-07 14:06:07.420,11428,322,8,100,False,12,car,0 days 00:02:54.879000,0 days 01:01:10.391000
2024-07-07 14:06:07.820,11553,324,8,100,False,12,car,0 days 00:02:55.279000,0 days 01:01:10.791000
2024-07-07 14:06:08.100,11577,325,8,100,False,12,car,0 days 00:02:55.559000,0 days 01:01:11.071000
2024-07-07 14:06:08.300,11607,327,8,100,False,12,car,0 days 00:02:55.759000,0 days 01:01:11.271000
2024-07-07 14:06:08.581,11644,328,8,100,False,12,car,0 days 00:02:56.040000,0 days 01:01:11.552000
2024-07-07 14:06:08.861,11651,329,8,100,False,12,car,0 days 00:02:56.320000,0 days 01:01:11.832000
2024-07-07 14:06:09.061,11632,328,8,100,False,12,car,0 days 00:02:56.520000,0 days 01:01:12.032000
2024-07-07 14:06:09.381,11743,329,8,100,False,12,car,0 days 00:02:56.840000,0 days 01:01:12.352000
2024-07-07 14:06:09.701,11666,330,8,100,False,12,car,0 days 00:02:57.160000,0 days 01:01:12.672000
2024-07-07 14:06:10.021,11590,323,8,0,True,0,car,0 days 00:02:57.480000,0 days 01:01:12.992000
2024-07-07 14:06:10.221,10769,309,8,0,True,0,car,0 days 00:02:57.680000,0 days 01:01:13.192000
2024-07-07 14:06:10.381,10353,293,8,0,True,0,car,0 days 00:02:57.840000,0 days 01:01:13.352000
2024-07-07 14:06:10.581,10101,274,8,0,True,0,car,0 days 00:02:58.040000,0 days 01:01:13.552000
2024-07-07 14:06:10.821,10292,259,8,0,True,0,car,0 days 00:02:58.280000,0 days 01:01:13.792000
2024-07-07 14:06:11.061,9742,238,7,0,True,0,car,0 days 00:02:58.520000,0 days 01:01:14.032000
2024-07-07 14:06:11.221,10494,233,6,0,True,0,car,0 days 00:02:58.680000,0 days 01:01:14.192000
2024-07-07 14:06:11.381,10010,223,6,0,True,0,car,0 days 00:02:58.840000,0 days 01:01:14.352000
2024-07-07 14:06:11.621,10321,216,6,0,True,0,car,0 days 00:02:59.080000,0 days 01:01:14.592000
2024-07-07 14:06:11.820,10806,209,5,0,False,0,car,0 days 00:02:59.279000,0 days 01:01:14.791000
2024-07-07 14:06:11.980,10872,205,5,0,False,0,car,0 days 00:02:59.439000,0 days 01:01:14.951000
2024-07-07 14:06:12.260,10444,199,5,18,False,0,car,0 days 00:02:59.719000,0 days 01:01:15.231000
2024-07-07 14:06:12.580,10220,193,5,22,False,0,car,0 days 00:03:00.039000,0 days 01:01:15.551000
2024-07-07 14:06:12.740,10477,191,5,53,False,0,car,0 days 00:03:00.199000,0 days 01:01:15.711000
2024-07-07 14:06:13.100,10504,194,5,77,False,0,car,0 days 00:03:00.559000,0 days 01:01:16.071000
2024-07-07 14:06:13.340,10745,197,5,100,False,0,car,0 days 00:03:00.799000,0 days 01:01:16.311000
2024-07-07 14:06:13.820,11283,210,5,100,False,0,car,0 days 00:03:01.279000,0 days 01:01:16.791000
2024-07-07 14:06:14.180,11721,219,5,100,False,0,car,0 days 00:03:01.639000,0 days 01:01:17.151000
2024-07-07 14:06:14.380,11499,221,5,100,False,0,car,0 days 00:03:01.839000,0 days 01:01:17.351000
2024-07-07 14:06:14.620,10369,227,6,100,False,0,car,0 days 00:03:02.079000,0 days 01:01:17.591000
2024-07-07 14:06:14.820,10714,227,6,100,False,0,car,0 days 00:03:02.279000,0 days 01:01:17.791000
2024-07-07 14:06:15.021,10807,235,6,100,False,0,car,0 days 00:03:02.480000,0 days 01:01:17.992000
2024-07-07 14:06:15.221,10982,237,6,100,False,0,car,0 days 00:03:02.680000,0 days 01:01:18.192000
2024-07-07 14:06:15.501,11225,246,6,100,False,0,car,0 days 00:03:02.960000,0 days 01:01:18.472000
2024-07-07 14:06:15.741,11406,249,6,100,False,0,car,0 days 00:03:03.200000,0 days 01:01:18.712000
2024-07-07 14:06:15.901,11486,252,6,100,False,0,car,0 days 00:03:03.360000,0 days 01:01:18.872000
2024-07-07 14:06:16.221,11669,256,6,100,False,0,car,0 days 00:03:03.680000,0 days 01:01:19.192000
2024-07-07 14:06:16.501,11334,258,6,100,False,0,car,0 days 00:03:03.960000,0 days 01:01:19.472000
2024-07-07 14:06:16.741,10313,260,7,100,False,0,car,0 days 00:03:04.200000,0 days 01:01:19.712000
2024-07-07 14:06:17.101,10478,263,7,100,False,0,car,0 days 00:03:04.560000,0 days 01:01:20.072000
2024-07-07 14:06:17.341,10536,265,7,75,False,0,car,0 days 00:03:04.800000,0 days 01:01:20.312000
2024-07-07 14:06:17.621,10513,258,7,0,True,0,car,0 days 00:03:05.080000,0 days 01:01:20.592000
2024-07-07 14:06:17.861,9509,240,7,0,True,0,car,0 days 00:03:05.320000,0 days 01:01:20.832000
2024-07-07 14:06:18.021,9129,231,7,0,True,0,car,0 days 00:03:05.480000,0 days 01:01:20.992000
2024-07-07 14:06:18.301,8849,213,7,0,True,0,car,0 days 00:03:05.760000,0 days 01:01:21.272000
2024-07-07 14:06:18.700,8841,172,6,0,True,0,car,0 days 00:03:06.159000,0 days 01:01:21.671000
2024-07-07 14:06:19.100,8571,144,5,0,True,0,car,0 days 00:03:06.559000,0 days 01:01:22.071000
2024-07-07 14:06:19.300,9322,132,4,0,True,0,car,0 days 00:03:06.759000,0 days 01:01:22.271000
2024-07-07 14:06:19.580,8342,117,3,0,True,0,car,0 days 00:03:07.039000,0 days 01:01:22.551000
2024-07-07 14:06:19.740,8093,114,3,0,True,0,car,0 days 00:03:07.199000,0 days 01:01:22.711000
2024-07-07 14:06:20.100,7347,102,3,0,True,0,car,0 days 00:03:07.559000,0 days 01:01:23.071000
2024-07-07 14:06:20.340,7128,97,3,0,True,0,car,0 days 00:03:07.799000,0 days 01:01:23.311000
2024-07-07 14:06:20.540,7027,95,3,0,False,0,car,0 days 00:03:07.999000,0 days 01:01:23.511000
2024-07-07 14:06:20.780,7026,93,3,7,False,0,car,0 days 00:03:08.239000,0 days 01:01:23.751000
2024-07-07 14:06:21.180,6968,91,3,19,False,0,car,0 days 00:03:08.639000,0 days 01:01:24.151000
2024-07-07 14:06:21.581,7320,97,3,42,False,0,car,0 days 00:03:09.040000,0 days 01:01:24.552000
2024-07-07 14:06:22.021,8040,106,3,50,False,0,car,0 days 00:03:09.480000,0 days 01:01:24.992000
2024-07-07 14:06:22.341,7273,112,3,37,False,0,car,0 days 00:03:09.800000,0 days 01:01:25.312000
2024-07-07 14:06:22.621,7304,114,4,38,False,0,car,0 days 00:03:10.080000,0 days 01:01:25.592000
2024-07-07 14:06:22.821,7293,116,4,12,False,0,car,0 days 00:03:10.280000,0 days 01:01:25.792000
2024-07-07 14:06:22.981,7088,114,4,0,False,0,car,0 days 00:03:10.440000,0 days 01:01:25.952000
2024-07-07 14:06:23.461,7484,116,4,46,False,0,car,0 days 00:03:10.920000,0 days 01:01:26.432000
2024-07-07 14:06:23.621,7484,118,4,51,False,0,car,0 days 00:03:11.080000,0 days 01:01:26.592000
2024-07-07 14:06:23.821,8063,120,4,64,False,0,car,0 days 00:03:11.280000,0 days 01:01:26.792000
2024-07-07 14:06:24.101,8845,131,4,73,False,0,car,0 days 00:03:11.560000,0 days 01:01:27.072000
2024-07-07 14:06:24.341,9137,135,4,78,False,0,car,0 days 00:03:11.800000,0 days 01:01:27.312000
2024-07-07 14:06:24.621,9862,150,4,100,False,0,car,0 days 00:03:12.080000,0 days 01:01:27.592000
2024-07-07 14:06:24.901,10561,162,4,96,False,0,car,0 days 00:03:12.360000,0 days 01:01:27.872000
2024-07-07 14:06:25.220,11336,170,4,100,False,0,car,0 days 00:03:12.679000,0 days 01:01:28.191000
2024-07-07 14:06:25.500,11807,185,4,100,False,0,car,0 days 00:03:12.959000,0 days 01:01:28.471000
2024-07-07 14:06:25.660,10967,191,4,100,False,0,car,0 days 00:03:13.119000,0 days 01:01:28.631000
2024-07-07 14:06:26.100,10948,204,5,100,False,0,car,0 days 00:03:13.559000,0 days 01:01:29.071000
2024-07-07 14:06:26.340,11141,208,5,100,False,0,car,0 days 00:03:13.799000,0 days 01:01:29.311000
2024-07-07 14:06:26.780,11801,220,5,100,False,0,car,0 days 00:03:14.239000,0 days 01:01:29.751000
2024-07-07 14:06:26.980,11652,222,5,100,False,0,car,0 days 00:03:14.439000,0 days 01:01:29.951000
2024-07-07 14:06:27.260,10619,228,6,100,False,0,car,0 days 00:03:14.719000,0 days 01:01:30.231000
2024-07-07 14:06:27.580,10899,235,6,100,False,0,car,0 days 00:03:15.039000,0 days 01:01:30.551000
2024-07-07 14:06:27.740,10938,237,6,100,False,0,car,0 days 00:03:15.199000,0 days 01:01:30.711000
2024-07-07 14:06:27.980,11148,240,6,100,False,0,car,0 days 00:03:15.439000,0 days 01:01:30.951000
2024-07-07 14:06:28.341,11350,248,6,100,False,0,car,0 days 00:03:15.800000,0 days 01:01:31.312000
2024-07-07 14:06:28.501,11549,252,6,100,False,0,car,0 days 00:03:15.960000,0 days 01:01:31.472000
2024-07-07 14:06:28.701,11709,255,6,100,False,0,car,0 days 00:03:16.160000,0 days 01:01:31.672000
2024-07-07 14:06:28.941,11034,258,6,100,False,0,car,0 days 00:03:16.400000,0 days 01:01:31.912000
2024-07-07 14:06:29.141,10517,262,7,100,False,0,car,0 days 00:03:16.600000,0 days 01:01:32.112000
2024-07-07 14:06:29.421,10654,265,7,100,False,0,car,0 days 00:03:16.880000,0 days 01:01:32.392000
2024-07-07 14:06:29.621,10800,269,7,100,False,0,car,0 days 00:03:17.080000,0 days 01:01:32.592000
2024-07-07 14:06:29.901,10888,272,7,100,False,0,car,0 days 00:03:17.360000,0 days 01:01:32.872000
2024-07-07 14:06:30.181,11003,273,7,100,False,0,car,0 days 00:03:17.640000,0 days 01:01:33.152000
2024-07-07 14:06:30.341,11108,273,7,100,False,0,car,0 days 00:03:17.800000,0 days 01:01:33.312000
2024-07-07 14:06:30.541,11162,278,7,100,False,0,car,0 days 00:03:18,0 days 01:01:33.512000
2024-07-07 14:06:30.861,11370,282,7,100,False,0,car,0 days 00:03:18.320000,0 days 01:01:33.832000
2024-07-07 14:06:31.261,11509,285,7,100,False,0,car,0 days 00:03:18.720000,0 days 01:01:34.232000
2024-07-07 14:06:31.541,11554,289,7,100,False,0,car,0 days 00:03:19,0 days 01:01:34.512000
2024-07-07 14:06:31.701,11624,292,7,100,False,0,car,0 days 00:03:19.160000,0 days 01:01:34.672000
2024-07-07 14:06:31.900,11643,292,7,100,False,0,car,0 days 00:03:19.359000,0 days 01:01:34.871000
2024-07-07 14:06:32.060,11586,293,7,100,False,0,car,0 days 00:03:19.519000,0 days 01:01:35.031000
2024-07-07 14:06:32.220,10466,294,7,100,False,0,car,0 days 00:03:19.679000,0 days 01:01:35.191000
2024-07-07 14:06:32.420,10399,297,8,100,False,0,car,0 days 00:03:19.879000,0 days 01:01:35.391000
2024-07-07 14:06:32.740,10559,298,8,100,False,0,car,0 days 00:03:20.199000,0 days 01:01:35.711000
2024-07-07 14:06:32.900,10599,299,8,100,False,0,car,0 days 00:03:20.359000,0 days 01:01:35.871000
2024-07-07 14:06:33.060,10645,299,8,100,False,0,car,0 days 00:03:20.519000,0 days 01:01:36.031000
2024-07-07 14:06:33.380,10472,297,8,60,False,0,car,0 days 00:03:20.839000,0 days 01:01:36.351000
2024-07-07 14:06:33.740,10353,288,8,68,False,0,car,0 days 00:03:21.199000,0 days 01:01:36.711000
2024-07-07 14:06:33.940,10350,285,8,100,False,0,car,0 days 00:03:21.399000,0 days 01:01:36.911000
2024-07-07 14:06:34.100,10156,283,8,100,False,0,car,0 days 00:03:21.559000,0 days 01:01:37.071000
2024-07-07 14:06:34.340,10140,283,8,100,False,0,car,0 days 00:03:21.799000,0 days 01:01:37.311000
2024-07-07 14:06:34.580,10151,284,8,100,False,0,car,0 days 00:03:22.039000,0 days 01:01:37.551000
2024-07-07 14:06:34.821,10103,282,8,100,False,0,car,0 days 00:03:22.280000,0 days 01:01:37.792000
2024-07-07 14:06:34.981,10068,283,8,100,False,0,car,0 days 00:03:22.440000,0 days 01:01:37.952000
2024-07-07 14:06:35.301,10047,282,8,100,False,0,car,0 days 00:03:22.760000,0 days 01:01:38.272000
2024-07-07 14:06:35.581,10084,285,8,100,False,0,car,0 days 00:03:23.040000,0 days 01:01:38.552000
2024-07-07 14:06:35.741,10114,285,8,100,False,0,car,0 days 00:03:23.200000,0 days 01:01:38.712000
2024-07-07 14:06:36.061,10145,286,8,100,False,0,car,0 days 00:03:23.520000,0 days 01:01:39.032000
2024-07-07 14:06:36.341,10155,284,8,100,False,0,car,0 days 00:03:23.800000,0 days 01:01:39.312000
2024-07-07 14:06:36.661,10124,283,8,100,False,0,car,0 days 00:03:24.120000,0 days 01:01:39.632000
2024-07-07 14:06:36.821,10083,282,8,100,False,0,car,0 days 00:03:24.280000,0 days 01:01:39.792000
2024-07-07 14:06:37.061,10069,282,8,100,False,0,car,0 days 00:03:24.520000,0 days 01:01:40.032000
2024-07-07 14:06:37.381,10026,282,8,100,False,0,car,0 days 00:03:24.840000,0 days 01:01:40.352000
2024-07-07 14:06:37.581,9997,281,8,100,False,0,car,0 days 00:03:25.040000,0 days 01:01:40.552000
2024-07-07 14:06:37.901,9954,279,8,100,False,0,car,0 days 00:03:25.360000,0 days 01:01:40.872000
2024-07-07 14:06:38.061,9644,276,8,73,True,0,car,0 days 00:03:25.520000,0 days 01:01:41.032000
2024-07-07 14:06:38.341,9100,258,8,0,True,0,car,0 days 00:03:25.800000,0 days 01:01:41.312000
2024-07-07 14:06:38.660,8656,227,8,0,True,0,car,0 days 00:03:26.119000,0 days 01:01:41.631000
2024-07-07 14:06:38.900,9248,203,8,0,True,0,car,0 days 00:03:26.359000,0 days 01:01:41.871000
2024-07-07 14:06:39.260,9213,182,6,0,True,0,car,0 days 00:03:26.719000,0 days 01:01:42.231000
2024-07-07 14:06:39.420,8795,171,5,0,True,0,car,0 days 00:03:26.879000,0 days 01:01:42.391000
2024-07-07 14:06:39.660,9355,154,5,0,True,0,car,0 days 00:03:27.119000,0 days 01:01:42.631000
2024-07-07 14:06:39.940,8720,144,4,0,True,0,car,0 days 00:03:27.399000,0 days 01:01:42.911000
2024-07-07 14:06:40.260,7993,131,4,0,True,0,car,0 days 00:03:27.719000,0 days 01:01:43.231000
2024-07-07 14:06:40.500,7750,124,4,0,True,0,car,0 days 00:03:27.959000,0 days 01:01:43.471000
2024-07-07 14:06:40.660,7291,119,4,0,True,0,car,0 days 00:03:28.119000,0 days 01:01:43.631000
2024-07-07 14:06:40.940,7175,119,4,0,True,0,car,0 days 00:03:28.399000,0 days 01:01:43.911000
2024-07-07 14:06:41.220,6760,107,4,0,True,0,car,0 days 00:03:28.679000,0 days 01:01:44.191000
2024-07-07 14:06:41.461,6467,103,4,0,True,0,car,0 days 00:03:28.920000,0 days 01:01:44.432000
2024-07-07 14:06:41.661,6370,102,4,0,False,0,car,0 days 00:03:29.120000,0 days 01:01:44.632000
2024-07-07 14:06:41.821,6169,102,4,16,False,0,car,0 days 00:03:29.280000,0 days 01:01:44.792000
2024-07-07 14:06:42.021,6458,101,4,28,False,0,car,0 days 00:03:29.480000,0 days 01:01:44.992000
2024-07-07 14:06:42.301,6760,105,4,37,False,0,car,0 days 00:03:29.760000,0 days 01:01:45.272000
2024-07-07 14:06:42.581,7085,108,4,42,False,0,car,0 days 00:03:30.040000,0 days 01:01:45.552000
2024-07-07 14:06:43.021,7532,112,4,55,False,0,car,0 days 00:03:30.480000,0 days 01:01:45.992000
2024-07-07 14:06:43.261,7974,123,4,62,False,0,car,0 days 00:03:30.720000,0 days 01:01:46.232000
2024-07-07 14:06:43.541,8349,128,4,69,False,0,car,0 days 00:03:31,0 days 01:01:46.512000
2024-07-07 14:06:43.701,8668,135,4,70,False,0,car,0 days 00:03:31.160000,0 days 01:01:46.672000
2024-07-07 14:06:44.061,7995,125,4,0,True,8,car,0 days 00:03:31.520000,0 days 01:01:47.032000
2024-07-07 14:06:44.381,8103,114,3,0,True,8,car,0 days 00:03:31.840000,0 days 01:01:47.352000
2024-07-07 14:06:44.581,7653,107,3,0,True,8,car,0 days 00:03:32.040000,0 days 01:01:47.552000
2024-07-07 14:06:44.821,7449,101,3,0,True,8,car,0 days 00:03:32.280000,0 days 01:01:47.792000
2024-07-07 14:06:45.101,7229,97,3,0,False,8,car,0 days 00:03:32.560000,0 days 01:01:48.072000
2024-07-07 14:06:45.380,7270,93,3,0,True,8,car,0 days 00:03:32.839000,0 days 01:01:48.351000
2024-07-07 14:06:45.580,6746,90,3,0,True,8,car,0 days 00:03:33.039000,0 days 01:01:48.551000
2024-07-07 14:06:45.820,6440,86,3,0,False,8,car,0 days 00:03:33.279000,0 days 01:01:48.791000
2024-07-07 14:06:46.020,6272,84,3,0,False,8,car,0 days 00:03:33.479000,0 days 01:01:48.991000
2024-07-07 14:06:46.300,6064,82,3,0,False,8,car,0 days 00:03:33.759000,0 days 01:01:49.271000
2024-07-07 14:06:46.700,6638,85,3,30,False,8,car,0 days 00:03:34.159000,0 days 01:01:49.671000
2024-07-07 14:06:47.020,6966,89,3,41,False,8,car,0 days 00:03:34.479000,0 days 01:01:49.991000
2024-07-07 14:06:47.220,7307,93,3,48,False,8,car,0 days 00:03:34.679000,0 days 01:01:50.191000
2024-07-07 14:06:47.460,7865,100,3,53,False,8,car,0 days 00:03:34.919000,0 days 01:01:50.431000
2024-07-07 14:06:47.700,8249,106,3,59,False,8,car,0 days 00:03:35.159000,0 days 01:01:50.671000
2024-07-07 14:06:47.860,8854,112,3,64,False,8,car,0 days 00:03:35.319000,0 days 01:01:50.831000
2024-07-07 14:06:48.141,9516,112,3,75,False,8,car,0 days 00:03:35.600000,0 days 01:01:51.112000
2024-07-07 14:06:48.341,10017,126,3,80,False,8,car,0 days 00:03:35.800000,0 days 01:01:51.312000
2024-07-07 14:06:48.581,10746,135,3,96,False,8,car,0 days 00:03:36.040000,0 days 01:01:51.552000
2024-07-07 14:06:48.741,11446,146,3,100,False,8,car,0 days 00:03:36.200000,0 days 01:01:51.712000
2024-07-07 14:06:48.901,10326,155,3,100,False,8,car,0 days 00:03:36.360000,0 days 01:01:51.872000
2024-07-07 14:06:49.061,9587,165,4,100,False,8,car,0 days 00:03:36.520000,0 days 01:01:52.032000
2024-07-07 14:06:49.261,10427,172,4,100,False,8,car,0 days 00:03:36.720000,0 days 01:01:52.232000
2024-07-07 14:06:49.461,11285,176,4,100,False,8,car,0 days 00:03:36.920000,0 days 01:01:52.432000
2024-07-07 14:06:49.661,10842,183,4,100,False,8,car,0 days 00:03:37.120000,0 days 01:01:52.632000
2024-07-07 14:06:49.981,10482,183,5,100,False,8,car,0 days 00:03:37.440000,0 days 01:01:52.952000
2024-07-07 14:06:50.141,10742,197,5,100,False,8,car,0 days 00:03:37.600000,0 days 01:01:53.112000
2024-07-07 14:06:50.421,11166,208,5,100,False,8,car,0 days 00:03:37.880000,0 days 01:01:53.392000
2024-07-07 14:06:50.621,11450,213,5,100,False,8,car,0 days 00:03:38.080000,0 days 01:01:53.592000
2024-07-07 14:06:50.781,11689,217,5,100,False,8,car,0 days 00:03:38.240000,0 days 01:01:53.752000
2024-07-07 14:06:51.061,10959,224,5,100,False,8,car,0 days 00:03:38.520000,0 days 01:01:54.032000
2024-07-07 14:06:51.381,10499,230,6,100,False,8,car,0 days 00:03:38.840000,0 days 01:01:54.352000
2024-07-07 14:06:51.701,10777,234,6,100,False,8,car,0 days 00:03:39.160000,0 days 01:01:54.672000
2024-07-07 14:06:52.020,11072,239,6,100,False,10,car,0 days 00:03:39.479000,0 days 01:01:54.991000
2024-07-07 14:06:52.380,11298,248,6,100,False,12,car,0 days 00:03:39.839000,0 days 01:01:55.351000
2024-07-07 14:06:52.620,11490,251,6,100,False,12,car,0 days 00:03:40.079000,0 days 01:01:55.591000
2024-07-07 14:06:52.940,11828,257,6,100,False,12,car,0 days 00:03:40.399000,0 days 01:01:55.911000
2024-07-07 14:06:53.180,10445,263,7,100,False,12,car,0 days 00:03:40.639000,0 days 01:01:56.151000
2024-07-07 14:06:53.380,10740,267,7,100,False,12,car,0 days 00:03:40.839000,0 days 01:01:56.351000
2024-07-07 14:06:53.700,10939,269,7,100,False,12,car,0 days 00:03:41.159000,0 days 01:01:56.671000
2024-07-07 14:06:54.060,11091,278,7,100,False,12,car,0 days 00:03:41.519000,0 days 01:01:57.031000
2024-07-07 14:06:54.220,11198,279,7,100,False,12,car,0 days 00:03:41.679000,0 days 01:01:57.191000
2024-07-07 14:06:54.621,11369,283,7,100,False,12,car,0 days 00:03:42.080000,0 days 01:01:57.592000
2024-07-07 14:06:54.901,11531,288,7,100,False,12,car,0 days 00:03:42.360000,0 days 01:01:57.872000
2024-07-07 14:06:55.341,11640,292,7,100,False,12,car,0 days 00:03:42.800000,0 days 01:01:58.312000
2024-07-07 14:06:55.541,11744,295,7,100,False,12,car,0 days 00:03:43,0 days 01:01:58.512000
2024-07-07 14:06:55.701,10624,297,7,100,False,12,car,0 days 00:03:43.160000,0 days 01:01:58.672000
2024-07-07 14:06:55.861,10101,297,8,100,False,12,car,0 days 00:03:43.320000,0 days 01:01:58.832000
2024-07-07 14:06:56.141,10543,298,8,100,False,12,car,0 days 00:03:43.600000,0 days 01:01:59.112000
2024-07-07 14:06:56.341,10643,300,8,100,False,12,car,0 days 00:03:43.800000,0 days 01:01:59.312000
2024-07-07 14:06:56.501,10643,301,8,100,False,12,car,0 days 00:03:43.960000,0 days 01:01:59.472000
2024-07-07 14:06:56.661,10718,301,8,100,False,12,car,0 days 00:03:44.120000,0 days 01:01:59.632000
2024-07-07 14:06:56.861,10724,304,8,100,False,12,car,0 days 00:03:44.320000,0 days 01:01:59.832000
2024-07-07 14:06:57.101,10815,303,8,100,False,12,car,0 days 00:03:44.560000,0 days 01:02:00.072000
2024-07-07 14:06:57.301,10836,305,8,100,False,12,car,0 days 00:03:44.760000,0 days 01:02:00.272000
2024-07-07 14:06:57.581,10872,306,8,100,False,12,car,0 days 00:03:45.040000,0 days 01:02:00.552000
2024-07-07 14:06:57.781,10926,307,8,100,False,12,car,0 days 00:03:45.240000,0 days 01:02:00.752000
2024-07-07 14:06:57.981,10881,309,8,100,False,12,car,0 days 00:03:45.440000,0 days 01:02:00.952000
2024-07-07 14:06:58.421,10346,304,8,0,True,0,car,0 days 00:03:45.880000,0 days 01:02:01.392000
2024-07-07 14:06:58.621,10332,299,8,0,True,0,car,0 days 00:03:46.080000,0 days 01:02:01.592000
2024-07-07 14:06:58.940,9208,264,8,0,True,0,car,0 days 00:03:46.399000,0 days 01:02:01.911000
2024-07-07 14:06:59.220,9342,236,8,0,True,0,car,0 days 00:03:46.679000,0 days 01:02:02.191000
2024-07-07 14:06:59.420,8640,229,8,0,True,0,car,0 days 00:03:46.879000,0 days 01:02:02.391000
2024-07-07 14:06:59.700,9112,202,7,0,True,0,car,0 days 00:03:47.159000,0 days 01:02:02.671000
2024-07-07 14:07:00.020,10014,188,5,0,True,0,car,0 days 00:03:47.479000,0 days 01:02:02.991000
2024-07-07 14:07:00.180,9421,181,5,0,True,0,car,0 days 00:03:47.639000,0 days 01:02:03.151000
2024-07-07 14:07:00.420,9095,175,5,0,True,0,car,0 days 00:03:47.879000,0 days 01:02:03.391000
2024-07-07 14:07:00.620,8791,169,5,0,True,0,car,0 days 00:03:48.079000,0 days 01:02:03.591000
2024-07-07 14:07:00.780,8494,164,5,0,True,0,car,0 days 00:03:48.239000,0 days 01:02:03.751000
2024-07-07 14:07:01.301,9324,151,4,0,True,0,car,0 days 00:03:48.760000,0 days 01:02:04.272000
2024-07-07 14:07:01.461,9182,147,4,0,False,0,car,0 days 00:03:48.920000,0 days 01:02:04.432000
2024-07-07 14:07:01.781,9180,143,4,32,False,0,car,0 days 00:03:49.240000,0 days 01:02:04.752000
2024-07-07 14:07:02.101,9211,146,4,47,False,0,car,0 days 00:03:49.560000,0 days 01:02:05.072000
2024-07-07 14:07:02.461,9537,148,4,57,False,0,car,0 days 00:03:49.920000,0 days 01:02:05.432000
2024-07-07 14:07:02.741,9561,151,4,63,False,0,car,0 days 00:03:50.200000,0 days 01:02:05.712000
2024-07-07 14:07:02.941,9794,152,4,67,False,0,car,0 days 00:03:50.400000,0 days 01:02:05.912000
2024-07-07 14:07:03.381,10362,166,4,72,False,0,car,0 days 00:03:50.840000,0 days 01:02:06.352000
2024-07-07 14:07:03.541,10592,167,4,72,False,0,car,0 days 00:03:51,0 days 01:02:06.512000
2024-07-07 14:07:03.861,10075,160,4,0,True,0,car,0 days 00:03:51.320000,0 days 01:02:06.832000
2024-07-07 14:07:04.061,9279,151,4,0,True,0,car,0 days 00:03:51.520000,0 days 01:02:07.032000
2024-07-07 14:07:04.301,8723,142,4,0,True,0,car,0 days 00:03:51.760000,0 days 01:02:07.272000
2024-07-07 14:07:04.581,8244,132,4,0,True,0,car,0 days 00:03:52.040000,0 days 01:02:07.552000
2024-07-07 14:07:04.741,7995,130,4,0,True,0,car,0 days 00:03:52.200000,0 days 01:02:07.712000
2024-07-07 14:07:05.181,7542,120,4,0,True,0,car,0 days 00:03:52.640000,0 days 01:02:08.152000
2024-07-07 14:07:05.500,7678,114,4,0,True,0,car,0 days 00:03:52.959000,0 days 01:02:08.471000
2024-07-07 14:07:05.660,8070,110,4,0,True,0,car,0 days 00:03:53.119000,0 days 01:02:08.631000
2024-07-07 14:07:05.900,7817,108,3,0,True,0,car,0 days 00:03:53.359000,0 days 01:02:08.871000
2024-07-07 14:07:06.180,7560,102,3,0,False,0,car,0 days 00:03:53.639000,0 days 01:02:09.151000
2024-07-07 14:07:06.460,7435,100,3,0,False,0,car,0 days 00:03:53.919000,0 days 01:02:09.431000
2024-07-07 14:07:06.780,7550,98,3,22,False,0,car,0 days 00:03:54.239000,0 days 01:02:09.751000
2024-07-07 14:07:06.940,7580,98,3,42,False,0,car,0 days 00:03:54.399000,0 days 01:02:09.911000
2024-07-07 14:07:07.220,8232,105,3,50,False,0,car,0 days 00:03:54.679000,0 days 01:02:10.191000
2024-07-07 14:07:07.540,8636,110,3,62,False,0,car,0 days 00:03:54.999000,0 days 01:02:10.511000
2024-07-07 14:07:07.821,9345,119,3,69,False,0,car,0 days 00:03:55.280000,0 days 01:02:10.792000
2024-07-07 14:07:08.301,10522,137,3,82,False,0,car,0 days 00:03:55.760000,0 days 01:02:11.272000
2024-07-07 14:07:08.461,10382,144,3,72,False,0,car,0 days 00:03:55.920000,0 days 01:02:11.432000
2024-07-07 14:07:08.941,10352,159,4,100,False,0,car,0 days 00:03:56.400000,0 days 01:02:11.912000
2024-07-07 14:07:09.221,11034,171,4,100,False,0,car,0 days 00:03:56.680000,0 days 01:02:12.192000
2024-07-07 14:07:09.501,11739,182,4,100,False,0,car,0 days 00:03:56.960000,0 days 01:02:12.472000
2024-07-07 14:07:09.661,11739,188,4,100,False,0,car,0 days 00:03:57.120000,0 days 01:02:12.632000
2024-07-07 14:07:10.101,11127,203,5,100,False,0,car,0 days 00:03:57.560000,0 days 01:02:13.072000
2024-07-07 14:07:10.461,11365,208,5,100,False,0,car,0 days 00:03:57.920000,0 days 01:02:13.432000
2024-07-07 14:07:10.661,11744,219,5,100,False,0,car,0 days 00:03:58.120000,0 days 01:02:13.632000
2024-07-07 14:07:10.861,11652,224,5,100,False,0,car,0 days 00:03:58.320000,0 days 01:02:13.832000
2024-07-07 14:07:11.061,10860,229,5,100,False,0,car,0 days 00:03:58.520000,0 days 01:02:14.032000
2024-07-07 14:07:11.301,10800,233,6,100,False,0,car,0 days 00:03:58.760000,0 days 01:02:14.272000
2024-07-07 14:07:11.501,10883,237,6,100,False,0,car,0 days 00:03:58.960000,0 days 01:02:14.472000
2024-07-07 14:07:11.741,11107,242,6,100,False,0,car,0 days 00:03:59.200000,0 days 01:02:14.712000
2024-07-07 14:07:12.021,11340,248,6,100,False,0,car,0 days 00:03:59.480000,0 days 01:02:14.992000
2024-07-07 14:07:12.180,11481,250,6,100,False,0,car,0 days 00:03:59.639000,0 days 01:02:15.151000
2024-07-07 14:07:12.460,11688,256,6,100,False,0,car,0 days 00:03:59.919000,0 days 01:02:15.431000
2024-07-07 14:07:12.620,11688,256,6,100,False,0,car,0 days 00:04:00.079000,0 days 01:02:15.591000
2024-07-07 14:07:12.860,10223,261,7,100,False,0,car,0 days 00:04:00.319000,0 days 01:02:15.831000
2024-07-07 14:07:13.060,10223,263,7,100,False,0,car,0 days 00:04:00.519000,0 days 01:02:16.031000
2024-07-07 14:07:13.220,10630,263,7,100,False,0,car,0 days 00:04:00.679000,0 days 01:02:16.191000
2024-07-07 14:07:13.460,10784,269,7,100,False,0,car,0 days 00:04:00.919000,0 days 01:02:16.431000
2024-07-07 14:07:13.740,10827,270,7,100,False,0,car,0 days 00:04:01.199000,0 days 01:02:16.711000
2024-07-07 14:07:14.060,11055,277,7,100,False,0,car,0 days 00:04:01.519000,0 days 01:02:17.031000
2024-07-07 14:07:14.381,11186,279,7,100,False,0,car,0 days 00:04:01.840000,0 days 01:02:17.352000
2024-07-07 14:07:14.701,11302,281,7,100,False,0,car,0 days 00:04:02.160000,0 days 01:02:17.672000
2024-07-07 14:07:14.981,11366,284,7,100,False,0,car,0 days 00:04:02.440000,0 days 01:02:17.952000
2024-07-07 14:07:15.261,11485,286,7,100,False,0,car,0 days 00:04:02.720000,0 days 01:02:18.232000
2024-07-07 14:07:15.581,11477,288,7,100,False,0,car,0 days 00:04:03.040000,0 days 01:02:18.552000
2024-07-07 14:07:15.861,11520,287,7,100,False,0,car,0 days 00:04:03.320000,0 days 01:02:18.832000
2024-07-07 14:07:16.101,11576,289,7,100,False,0,car,0 days 00:04:03.560000,0 days 01:02:19.072000
2024-07-07 14:07:16.301,11603,290,7,100,False,0,car,0 days 00:04:03.760000,0 days 01:02:19.272000
2024-07-07 14:07:16.541,11572,290,7,100,False,0,car,0 days 00:04:04,0 days 01:02:19.512000
2024-07-07 14:07:16.941,11636,290,7,100,False,0,car,0 days 00:04:04.400000,0 days 01:02:19.912000
2024-07-07 14:07:17.221,11663,291,7,100,False,0,car,0 days 00:04:04.680000,0 days 01:02:20.192000
2024-07-07 14:07:17.661,10199,292,8,100,False,0,car,0 days 00:04:05.120000,0 days 01:02:20.632000
2024-07-07 14:07:18.101,10321,291,8,100,False,0,car,0 days 00:04:05.560000,0 days 01:02:21.072000
2024-07-07 14:07:18.501,10281,290,8,100,False,0,car,0 days 00:04:05.960000,0 days 01:02:21.472000
2024-07-07 14:07:18.821,10148,289,8,1,False,0,car,0 days 00:04:06.280000,0 days 01:02:21.792000
2024-07-07 14:07:19.100,10568,281,8,1,True,0,car,0 days 00:04:06.559000,0 days 01:02:22.071000
2024-07-07 14:07:19.260,10787,278,7,0,False,0,car,0 days 00:04:06.719000,0 days 01:02:22.231000
2024-07-07 14:07:19.620,10706,267,7,62,False,0,car,0 days 00:04:07.079000,0 days 01:02:22.591000
2024-07-07 14:07:19.900,10527,262,7,61,False,0,car,0 days 00:04:07.359000,0 days 01:02:22.871000
2024-07-07 14:07:20.140,10488,261,7,68,False,0,car,0 days 00:04:07.599000,0 days 01:02:23.111000
2024-07-07 14:07:20.380,10508,260,7,93,False,0,car,0 days 00:04:07.839000,0 days 01:02:23.351000
2024-07-07 14:07:20.580,10574,260,7,90,False,0,car,0 days 00:04:08.039000,0 days 01:02:23.551000
2024-07-07 14:07:20.781,10583,261,7,97,False,0,car,0 days 00:04:08.240000,0 days 01:02:23.752000
2024-07-07 14:07:21.141,10561,262,7,100,False,0,car,0 days 00:04:08.600000,0 days 01:02:24.112000
2024-07-07 14:07:21.301,10600,265,7,100,False,0,car,0 days 00:04:08.760000,0 days 01:02:24.272000
2024-07-07 14:07:21.581,10760,267,7,100,False,0,car,0 days 00:04:09.040000,0 days 01:02:24.552000
2024-07-07 14:07:21.781,10768,268,7,100,False,0,car,0 days 00:04:09.240000,0 days 01:02:24.752000
2024-07-07 14:07:21.941,10797,269,7,100,False,0,car,0 days 00:04:09.400000,0 days 01:02:24.912000
2024-07-07 14:07:22.101,10815,271,7,100,False,0,car,0 days 00:04:09.560000,0 days 01:02:25.072000
2024-07-07 14:07:22.261,10940,272,7,100,False,0,car,0 days 00:04:09.720000,0 days 01:02:25.232000
2024-07-07 14:07:22.541,11014,273,7,100,False,0,car,0 days 00:04:10,0 days 01:02:25.512000
2024-07-07 14:07:22.781,11112,276,7,100,False,0,car,0 days 00:04:10.240000,0 days 01:02:25.752000
2024-07-07 14:07:22.981,11163,278,7,100,False,0,car,0 days 00:04:10.440000,0 days 01:02:25.952000
2024-07-07 14:07:23.261,11163,280,7,100,False,0,car,0 days 00:04:10.720000,0 days 01:02:26.232000
2024-07-07 14:07:23.501,11290,282,7,100,False,0,car,0 days 00:04:10.960000,0 days 01:02:26.472000
2024-07-07 14:07:23.661,11347,284,7,100,False,0,car,0 days 00:04:11.120000,0 days 01:02:26.632000
2024-07-07 14:07:23.821,11403,285,7,100,False,0,car,0 days 00:04:11.280000,0 days 01:02:26.792000
2024-07-07 14:07:24.141,11458,287,7,100,False,0,car,0 days 00:04:11.600000,0 days 01:02:27.112000
2024-07-07 14:07:24.541,11593,290,7,100,False,0,car,0 days 00:04:12,0 days 01:02:27.512000
2024-07-07 14:07:24.821,11633,290,7,100,False,0,car,0 days 00:04:12.280000,0 days 01:02:27.792000
2024-07-07 14:07:25.101,11703,292,7,100,False,0,car,0 days 00:04:12.560000,0 days 01:02:28.072000
2024-07-07 14:07:25.301,10443,293,7,100,False,0,car,0 days 00:04:12.760000,0 days 01:02:28.272000
2024-07-07 14:07:25.541,10360,293,8,100,False,0,car,0 days 00:04:13,0 days 01:02:28.512000
2024-07-07 14:07:25.780,10481,295,8,100,False,0,car,0 days 00:04:13.239000,0 days 01:02:28.751000
2024-07-07 14:07:26.100,10535,296,8,100,False,0,car,0 days 00:04:13.559000,0 days 01:02:29.071000
2024-07-07 14:07:26.260,10527,295,8,100,False,0,car,0 days 00:04:13.719000,0 days 01:02:29.231000
2024-07-07 14:07:26.500,10538,296,8,100,False,0,car,0 days 00:04:13.959000,0 days 01:02:29.471000
2024-07-07 14:07:26.740,10515,296,8,100,False,0,car,0 days 00:04:14.199000,0 days 01:02:29.711000
2024-07-07 14:07:26.900,10520,295,8,100,False,0,car,0 days 00:04:14.359000,0 days 01:02:29.871000
2024-07-07 14:07:27.060,10520,295,8,100,False,0,car,0 days 00:04:14.519000,0 days 01:02:30.031000
2024-07-07 14:07:27.260,10463,294,8,100,False,0,car,0 days 00:04:14.719000,0 days 01:02:30.231000
2024-07-07 14:07:27.461,10440,292,8,58,False,0,car,0 days 00:04:14.920000,0 days 01:02:30.432000
2024-07-07 14:07:27.661,10159,292,8,44,False,0,car,0 days 00:04:15.120000,0 days 01:02:30.632000
2024-07-07 14:07:27.861,10063,284,8,11,False,0,car,0 days 00:04:15.320000,0 days 01:02:30.832000
2024-07-07 14:07:28.221,9874,275,8,64,False,0,car,0 days 00:04:15.680000,0 days 01:02:31.192000
2024-07-07 14:07:28.661,9639,271,8,100,False,0,car,0 days 00:04:16.120000,0 days 01:02:31.632000
2024-07-07 14:07:28.981,9617,270,8,100,False,0,car,0 days 00:04:16.440000,0 days 01:02:31.952000
2024-07-07 14:07:29.141,9617,270,8,100,False,0,car,0 days 00:04:16.600000,0 days 01:02:32.112000
2024-07-07 14:07:29.501,9374,268,8,0,True,0,car,0 days 00:04:16.960000,0 days 01:02:32.472000
2024-07-07 14:07:29.861,9951,252,8,0,True,0,car,0 days 00:04:17.320000,0 days 01:02:32.832000
2024-07-07 14:07:30.221,10192,242,7,0,True,0,car,0 days 00:04:17.680000,0 days 01:02:33.192000
2024-07-07 14:07:30.501,10668,233,6,0,False,0,car,0 days 00:04:17.960000,0 days 01:02:33.472000
2024-07-07 14:07:30.661,10454,225,6,35,False,0,car,0 days 00:04:18.120000,0 days 01:02:33.632000
2024-07-07 14:07:30.981,10260,224,6,55,False,0,car,0 days 00:04:18.440000,0 days 01:02:33.952000
2024-07-07 14:07:31.381,10150,221,6,56,True,0,car,0 days 00:04:18.840000,0 days 01:02:34.352000
2024-07-07 14:07:31.661,9736,211,6,0,False,8,car,0 days 00:04:19.120000,0 days 01:02:34.632000
2024-07-07 14:07:31.981,10694,203,5,11,False,8,car,0 days 00:04:19.440000,0 days 01:02:34.952000
2024-07-07 14:07:32.181,10673,201,5,57,False,8,car,0 days 00:04:19.640000,0 days 01:02:35.152000
2024-07-07 14:07:32.420,10579,199,5,55,False,8,car,0 days 00:04:19.879000,0 days 01:02:35.391000
2024-07-07 14:07:32.780,10822,202,5,72,False,8,car,0 days 00:04:20.239000,0 days 01:02:35.751000
2024-07-07 14:07:32.940,11207,202,5,100,False,8,car,0 days 00:04:20.399000,0 days 01:02:35.911000
2024-07-07 14:07:33.260,11210,210,5,100,False,8,car,0 days 00:04:20.719000,0 days 01:02:36.231000
2024-07-07 14:07:33.460,11336,213,5,100,False,8,car,0 days 00:04:20.919000,0 days 01:02:36.431000
2024-07-07 14:07:33.780,11759,219,5,88,False,8,car,0 days 00:04:21.239000,0 days 01:02:36.751000
2024-07-07 14:07:33.981,11958,222,5,96,False,8,car,0 days 00:04:21.440000,0 days 01:02:36.952000
2024-07-07 14:07:34.181,11041,226,5,100,False,8,car,0 days 00:04:21.640000,0 days 01:02:37.152000
2024-07-07 14:07:34.461,10589,233,6,100,False,8,car,0 days 00:04:21.920000,0 days 01:02:37.432000
2024-07-07 14:07:34.941,11052,239,6,100,False,8,car,0 days 00:04:22.400000,0 days 01:02:37.912000
2024-07-07 14:07:35.181,11274,244,6,100,False,14,car,0 days 00:04:22.640000,0 days 01:02:38.152000
2024-07-07 14:07:35.461,11423,248,6,100,False,12,car,0 days 00:04:22.920000,0 days 01:02:38.432000
2024-07-07 14:07:35.701,11587,252,6,100,False,12,car,0 days 00:04:23.160000,0 days 01:02:38.672000
2024-07-07 14:07:35.901,11715,256,6,100,False,12,car,0 days 00:04:23.360000,0 days 01:02:38.872000
2024-07-07 14:07:36.101,10908,258,6,100,False,12,car,0 days 00:04:23.560000,0 days 01:02:39.072000
2024-07-07 14:07:36.341,10908,263,7,100,False,12,car,0 days 00:04:23.800000,0 days 01:02:39.312000
2024-07-07 14:07:36.581,10776,268,7,100,False,12,car,0 days 00:04:24.040000,0 days 01:02:39.552000
2024-07-07 14:07:36.741,10839,271,7,100,False,12,car,0 days 00:04:24.200000,0 days 01:02:39.712000
2024-07-07 14:07:36.941,10970,271,7,100,False,12,car,0 days 00:04:24.400000,0 days 01:02:39.912000
2024-07-07 14:07:37.341,11233,279,7,100,False,12,car,0 days 00:04:24.800000,0 days 01:02:40.312000
2024-07-07 14:07:37.541,11348,282,7,100,False,12,car,0 days 00:04:25,0 days 01:02:40.512000
2024-07-07 14:07:37.821,11463,287,7,100,False,12,car,0 days 00:04:25.280000,0 days 01:02:40.792000
2024-07-07 14:07:38.141,11631,291,7,100,False,12,car,0 days 00:04:25.600000,0 days 01:02:41.112000
2024-07-07 14:07:38.341,11208,294,7,100,False,12,car,0 days 00:04:25.800000,0 days 01:02:41.312000
2024-07-07 14:07:38.581,10694,297,8,100,False,12,car,0 days 00:04:26.040000,0 days 01:02:41.552000
2024-07-07 14:07:38.941,10758,299,8,100,False,12,car,0 days 00:04:26.400000,0 days 01:02:41.912000
2024-07-07 14:07:39.220,10824,305,8,100,False,12,car,0 days 00:04:26.679000,0 days 01:02:42.191000
2024-07-07 14:07:39.380,10893,307,8,100,False,12,car,0 days 00:04:26.839000,0 days 01:02:42.351000
2024-07-07 14:07:39.580,10979,308,8,100,False,12,car,0 days 00:04:27.039000,0 days 01:02:42.551000
2024-07-07 14:07:39.860,11066,309,8,100,False,12,car,0 days 00:04:27.319000,0 days 01:02:42.831000
2024-07-07 14:07:40.180,11131,313,8,100,False,12,car,0 days 00:04:27.639000,0 days 01:02:43.151000
2024-07-07 14:07:40.460,11222,315,8,100,False,12,car,0 days 00:04:27.919000,0 days 01:02:43.431000
2024-07-07 14:07:40.741,11195,315,8,100,False,12,car,0 days 00:04:28.200000,0 days 01:02:43.712000
2024-07-07 14:07:40.901,11275,317,8,100,False,12,car,0 days 00:04:28.360000,0 days 01:02:43.872000
2024-07-07 14:07:41.101,11258,318,8,100,False,12,car,0 days 00:04:28.560000,0 days 01:02:44.072000
2024-07-07 14:07:41.341,11309,318,8,100,False,12,car,0 days 00:04:28.800000,0 days 01:02:44.312000
2024-07-07 14:07:41.661,11301,319,8,100,False,12,car,0 days 00:04:29.120000,0 days 01:02:44.632000
2024-07-07 14:07:41.981,11372,320,8,100,False,12,car,0 days 00:04:29.440000,0 days 01:02:44.952000
2024-07-07 14:07:42.221,11382,320,8,100,False,12,car,0 days 00:04:29.680000,0 days 01:02:45.192000
2024-07-07 14:07:42.381,11411,321,8,100,False,12,car,0 days 00:04:29.840000,0 days 01:02:45.352000
2024-07-07 14:07:42.621,11399,321,8,100,False,12,car,0 days 00:04:30.080000,0 days 01:02:45.592000
2024-07-07 14:07:42.941,11397,322,8,100,False,12,car,0 days 00:04:30.400000,0 days 01:02:45.912000
2024-07-07 14:07:43.221,11408,321,8,100,False,12,car,0 days 00:04:30.680000,0 days 01:02:46.192000
2024-07-07 14:07:43.501,11311,320,8,100,False,12,car,0 days 00:04:30.960000,0 days 01:02:46.472000
2024-07-07 14:07:43.661,10903,316,8,21,True,0,car,0 days 00:04:31.120000,0 days 01:02:46.632000
2024-07-07 14:07:43.981,10477,298,8,0,True,0,car,0 days 00:04:31.440000,0 days 01:02:46.952000
2024-07-07 14:07:44.261,10324,273,8,0,True,0,car,0 days 00:04:31.720000,0 days 01:02:47.232000
2024-07-07 14:07:44.501,10341,255,7,0,True,0,car,0 days 00:04:31.960000,0 days 01:02:47.472000
2024-07-07 14:07:44.661,10901,240,7,0,True,0,car,0 days 00:04:32.120000,0 days 01:02:47.632000
2024-07-07 14:07:44.821,10511,234,6,0,True,0,car,0 days 00:04:32.280000,0 days 01:02:47.792000
2024-07-07 14:07:45.101,10369,220,6,0,True,0,car,0 days 00:04:32.560000,0 days 01:02:48.072000
2024-07-07 14:07:45.341,11037,212,6,0,True,0,car,0 days 00:04:32.800000,0 days 01:02:48.312000
2024-07-07 14:07:45.541,10852,207,5,0,False,0,car,0 days 00:04:33,0 days 01:02:48.512000
2024-07-07 14:07:45.741,10561,201,5,8,False,0,car,0 days 00:04:33.200000,0 days 01:02:48.712000
2024-07-07 14:07:45.900,10661,197,5,35,False,0,car,0 days 00:04:33.359000,0 days 01:02:48.871000
2024-07-07 14:07:46.060,10387,196,5,50,False,0,car,0 days 00:04:33.519000,0 days 01:02:49.031000
2024-07-07 14:07:46.340,10318,193,5,51,False,0,car,0 days 00:04:33.799000,0 days 01:02:49.311000
2024-07-07 14:07:46.540,10342,194,5,55,False,0,car,0 days 00:04:33.999000,0 days 01:02:49.511000
2024-07-07 14:07:46.740,10477,194,5,74,False,0,car,0 days 00:04:34.199000,0 days 01:02:49.711000
2024-07-07 14:07:46.940,10755,194,5,100,False,0,car,0 days 00:04:34.399000,0 days 01:02:49.911000
2024-07-07 14:07:47.181,11034,204,5,87,False,0,car,0 days 00:04:34.640000,0 days 01:02:50.152000
2024-07-07 14:07:47.461,11177,208,5,100,False,0,car,0 days 00:04:34.920000,0 days 01:02:50.432000
2024-07-07 14:07:47.821,11366,210,5,72,False,0,car,0 days 00:04:35.280000,0 days 01:02:50.792000
2024-07-07 14:07:48.141,11771,219,5,100,False,0,car,0 days 00:04:35.600000,0 days 01:02:51.112000
2024-07-07 14:07:48.461,11246,229,5,100,False,0,car,0 days 00:04:35.920000,0 days 01:02:51.432000
2024-07-07 14:07:48.741,10647,233,6,100,False,0,car,0 days 00:04:36.200000,0 days 01:02:51.712000
2024-07-07 14:07:48.981,10940,238,6,100,False,0,car,0 days 00:04:36.440000,0 days 01:02:51.952000
2024-07-07 14:07:49.141,10915,239,6,100,False,0,car,0 days 00:04:36.600000,0 days 01:02:52.112000
2024-07-07 14:07:49.501,11220,245,6,100,False,0,car,0 days 00:04:36.960000,0 days 01:02:52.472000
2024-07-07 14:07:49.941,11433,249,6,100,False,0,car,0 days 00:04:37.400000,0 days 01:02:52.912000
2024-07-07 14:07:50.101,11527,252,6,100,False,0,car,0 days 00:04:37.560000,0 days 01:02:53.072000
2024-07-07 14:07:50.381,11644,254,6,100,False,0,car,0 days 00:04:37.840000,0 days 01:02:53.352000
2024-07-07 14:07:50.581,11671,256,6,100,False,0,car,0 days 00:04:38.040000,0 days 01:02:53.552000
2024-07-07 14:07:50.941,10435,259,7,100,False,0,car,0 days 00:04:38.400000,0 days 01:02:53.912000
2024-07-07 14:07:51.341,10481,258,7,0,False,0,car,0 days 00:04:38.800000,0 days 01:02:54.312000
2024-07-07 14:07:51.581,9632,246,7,0,True,0,car,0 days 00:04:39.040000,0 days 01:02:54.552000
2024-07-07 14:07:51.781,9395,229,7,0,True,0,car,0 days 00:04:39.240000,0 days 01:02:54.752000
2024-07-07 14:07:52.061,8510,196,7,0,True,0,car,0 days 00:04:39.520000,0 days 01:02:55.032000
2024-07-07 14:07:52.341,8770,176,6,0,True,0,car,0 days 00:04:39.800000,0 days 01:02:55.312000
2024-07-07 14:07:52.501,8862,160,5,0,True,0,car,0 days 00:04:39.960000,0 days 01:02:55.472000
2024-07-07 14:07:52.820,8395,139,4,0,True,0,car,0 days 00:04:40.279000,0 days 01:02:55.791000
2024-07-07 14:07:52.980,9074,133,4,0,True,0,car,0 days 00:04:40.439000,0 days 01:02:55.951000
2024-07-07 14:07:53.901,7541,104,3,0,True,0,car,0 days 00:04:41.360000,0 days 01:02:56.872000
2024-07-07 14:07:54.101,7369,100,3,1,False,0,car,0 days 00:04:41.560000,0 days 01:02:57.072000
2024-07-07 14:07:54.421,7167,97,3,5,False,0,car,0 days 00:04:41.880000,0 days 01:02:57.392000
2024-07-07 14:07:54.581,7167,97,3,5,False,0,car,0 days 00:04:42.040000,0 days 01:02:57.552000
2024-07-07 14:07:54.901,7167,98,3,5,False,0,car,0 days 00:04:42.360000,0 days 01:02:57.872000
2024-07-07 14:07:55.261,7759,104,3,49,False,0,car,0 days 00:04:42.720000,0 days 01:02:58.232000
2024-07-07 14:07:55.421,8139,106,3,51,False,0,car,0 days 00:04:42.880000,0 days 01:02:58.392000
2024-07-07 14:07:55.661,8241,114,3,46,False,0,car,0 days 00:04:43.120000,0 days 01:02:58.632000
2024-07-07 14:07:55.861,7397,114,4,34,False,0,car,0 days 00:04:43.320000,0 days 01:02:58.832000
2024-07-07 14:07:56.341,7275,113,4,27,False,0,car,0 days 00:04:43.800000,0 days 01:02:59.312000
2024-07-07 14:07:56.541,7355,114,4,36,False,0,car,0 days 00:04:44,0 days 01:02:59.512000
2024-07-07 14:07:56.941,7928,118,4,58,False,0,car,0 days 00:04:44.400000,0 days 01:02:59.912000
2024-07-07 14:07:57.101,7969,121,4,63,False,0,car,0 days 00:04:44.560000,0 days 01:03:00.072000
2024-07-07 14:07:57.301,8259,127,4,67,False,0,car,0 days 00:04:44.760000,0 days 01:03:00.272000
2024-07-07 14:07:57.581,9004,136,4,73,False,0,car,0 days 00:04:45.040000,0 days 01:03:00.552000
2024-07-07 14:07:57.741,9314,138,4,74,False,0,car,0 days 00:04:45.200000,0 days 01:03:00.712000
2024-07-07 14:07:57.981,9555,146,4,75,False,0,car,0 days 00:04:45.440000,0 days 01:03:00.952000
2024-07-07 14:07:58.261,10203,154,4,98,False,0,car,0 days 00:04:45.720000,0 days 01:03:01.232000
2024-07-07 14:07:58.501,10973,166,4,100,False,0,car,0 days 00:04:45.960000,0 days 01:03:01.472000
2024-07-07 14:07:58.781,11255,178,4,100,False,0,car,0 days 00:04:46.240000,0 days 01:03:01.752000
2024-07-07 14:07:59.061,11255,188,4,100,False,0,car,0 days 00:04:46.520000,0 days 01:03:02.032000
2024-07-07 14:07:59.340,10475,195,5,100,False,0,car,0 days 00:04:46.799000,0 days 01:03:02.311000
2024-07-07 14:07:59.540,10719,200,5,100,False,0,car,0 days 00:04:46.999000,0 days 01:03:02.511000
2024-07-07 14:07:59.900,11401,211,5,100,False,0,car,0 days 00:04:47.359000,0 days 01:03:02.871000
2024-07-07 14:08:00.301,11236,220,5,100,False,0,car,0 days 00:04:47.760000,0 days 01:03:03.272000
2024-07-07 14:08:00.701,10608,228,6,100,False,0,car,0 days 00:04:48.160000,0 days 01:03:03.672000
2024-07-07 14:08:00.901,10688,233,6,100,False,0,car,0 days 00:04:48.360000,0 days 01:03:03.872000
2024-07-07 14:08:01.141,10791,236,6,100,False,0,car,0 days 00:04:48.600000,0 days 01:03:04.112000
2024-07-07 14:08:01.461,11069,243,6,100,False,0,car,0 days 00:04:48.920000,0 days 01:03:04.432000
2024-07-07 14:08:01.661,11303,246,6,100,False,0,car,0 days 00:04:49.120000,0 days 01:03:04.632000
2024-07-07 14:08:01.861,11392,250,6,100,False,0,car,0 days 00:04:49.320000,0 days 01:03:04.832000
2024-07-07 14:08:02.061,11582,254,6,100,False,0,car,0 days 00:04:49.520000,0 days 01:03:05.032000
2024-07-07 14:08:02.221,11711,256,6,100,False,0,car,0 days 00:04:49.680000,0 days 01:03:05.192000
2024-07-07 14:08:02.421,11789,259,6,100,False,0,car,0 days 00:04:49.880000,0 days 01:03:05.392000
2024-07-07 14:08:02.741,10705,263,7,100,False,0,car,0 days 00:04:50.200000,0 days 01:03:05.712000
2024-07-07 14:08:02.901,10727,267,7,100,False,0,car,0 days 00:04:50.360000,0 days 01:03:05.872000
2024-07-07 14:08:03.141,10784,269,7,100,False,0,car,0 days 00:04:50.600000,0 days 01:03:06.112000
2024-07-07 14:08:03.381,10984,272,7,100,False,0,car,0 days 00:04:50.840000,0 days 01:03:06.352000
2024-07-07 14:08:03.661,11078,276,7,100,False,0,car,0 days 00:04:51.120000,0 days 01:03:06.632000
2024-07-07 14:08:03.941,11165,279,7,100,False,0,car,0 days 00:04:51.400000,0 days 01:03:06.912000
2024-07-07 14:08:04.141,11243,281,7,100,False,0,car,0 days 00:04:51.600000,0 days 01:03:07.112000
2024-07-07 14:08:04.381,11325,284,7,100,False,0,car,0 days 00:04:51.840000,0 days 01:03:07.352000
2024-07-07 14:08:04.541,11418,285,7,100,False,0,car,0 days 00:04:52,0 days 01:03:07.512000
2024-07-07 14:08:04.941,11537,289,7,100,False,0,car,0 days 00:04:52.400000,0 days 01:03:07.912000
2024-07-07 14:08:05.181,11632,291,7,100,False,0,car,0 days 00:04:52.640000,0 days 01:03:08.152000
2024-07-07 14:08:05.421,11696,292,7,100,False,0,car,0 days 00:04:52.880000,0 days 01:03:08.392000
2024-07-07 14:08:05.621,11733,293,7,100,False,0,car,0 days 00:04:53.080000,0 days 01:03:08.592000
2024-07-07 14:08:05.980,11016,295,7,100,False,0,car,0 days 00:04:53.439000,0 days 01:03:08.951000
2024-07-07 14:08:06.180,10692,298,8,100,False,0,car,0 days 00:04:53.639000,0 days 01:03:09.151000
2024-07-07 14:08:06.420,10666,299,8,100,False,0,car,0 days 00:04:53.879000,0 days 01:03:09.391000
2024-07-07 14:08:06.620,10643,297,8,100,False,0,car,0 days 00:04:54.079000,0 days 01:03:09.591000
2024-07-07 14:08:06.821,10666,298,8,100,False,0,car,0 days 00:04:54.280000,0 days 01:03:09.792000
2024-07-07 14:08:06.981,10616,296,8,73,False,0,car,0 days 00:04:54.440000,0 days 01:03:09.952000
2024-07-07 14:08:07.181,10675,296,8,89,False,0,car,0 days 00:04:54.640000,0 days 01:03:10.152000
2024-07-07 14:08:08.061,10423,291,8,100,False,0,car,0 days 00:04:55.520000,0 days 01:03:11.032000
2024-07-07 14:08:08.461,10308,289,8,100,False,0,car,0 days 00:04:55.920000,0 days 01:03:11.432000
2024-07-07 14:08:08.621,10294,288,8,100,False,0,car,0 days 00:04:56.080000,0 days 01:03:11.592000
2024-07-07 14:08:08.821,10295,289,8,100,False,0,car,0 days 00:04:56.280000,0 days 01:03:11.792000
2024-07-07 14:08:09.181,10363,291,8,100,False,0,car,0 days 00:04:56.640000,0 days 01:03:12.152000
2024-07-07 14:08:09.501,10427,290,8,94,False,0,car,0 days 00:04:56.960000,0 days 01:03:12.472000
2024-07-07 14:08:09.741,10330,289,8,86,False,0,car,0 days 00:04:57.200000,0 days 01:03:12.712000
2024-07-07 14:08:09.941,10284,289,8,91,False,0,car,0 days 00:04:57.400000,0 days 01:03:12.912000
2024-07-07 14:08:10.341,10235,287,8,100,False,0,car,0 days 00:04:57.800000,0 days 01:03:13.312000
2024-07-07 14:08:10.501,10248,286,8,100,False,0,car,0 days 00:04:57.960000,0 days 01:03:13.472000
2024-07-07 14:08:10.741,10248,285,8,100,False,0,car,0 days 00:04:58.200000,0 days 01:03:13.712000
2024-07-07 14:08:10.981,10134,284,8,100,False,0,car,0 days 00:04:58.440000,0 days 01:03:13.952000
2024-07-07 14:08:11.141,10134,283,8,100,False,0,car,0 days 00:04:58.600000,0 days 01:03:14.112000
2024-07-07 14:08:11.461,9737,278,8,0,False,0,car,0 days 00:04:58.920000,0 days 01:03:14.432000
2024-07-07 14:08:11.661,9522,269,8,0,True,0,car,0 days 00:04:59.120000,0 days 01:03:14.632000
2024-07-07 14:08:11.821,9218,261,8,0,True,0,car,0 days 00:04:59.280000,0 days 01:03:14.792000
2024-07-07 14:08:12.101,8698,231,8,0,True,0,car,0 days 00:04:59.560000,0 days 01:03:15.072000
2024-07-07 14:08:12.341,9065,212,7,0,True,0,car,0 days 00:04:59.800000,0 days 01:03:15.312000
2024-07-07 14:08:12.581,8573,183,7,0,True,0,car,0 days 00:05:00.040000,0 days 01:03:15.552000
2024-07-07 14:08:12.860,8573,161,5,0,True,0,car,0 days 00:05:00.319000,0 days 01:03:15.831000
2024-07-07 14:08:13.140,9169,150,4,0,True,0,car,0 days 00:05:00.599000,0 days 01:03:16.111000
2024-07-07 14:08:13.380,9066,137,4,0,True,0,car,0 days 00:05:00.839000,0 days 01:03:16.351000
2024-07-07 14:08:13.861,8784,119,3,0,True,0,car,0 days 00:05:01.320000,0 days 01:03:16.832000
2024-07-07 14:08:14.061,8316,113,3,0,True,0,car,0 days 00:05:01.520000,0 days 01:03:17.032000
2024-07-07 14:08:14.221,8096,109,3,0,True,0,car,0 days 00:05:01.680000,0 days 01:03:17.192000
2024-07-07 14:08:14.381,7776,105,3,0,True,0,car,0 days 00:05:01.840000,0 days 01:03:17.352000
2024-07-07 14:08:14.621,7455,100,3,0,True,0,car,0 days 00:05:02.080000,0 days 01:03:17.592000
2024-07-07 14:08:14.901,7269,97,3,0,False,0,car,0 days 00:05:02.360000,0 days 01:03:17.872000
2024-07-07 14:08:15.061,7056,95,3,3,False,0,car,0 days 00:05:02.520000,0 days 01:03:18.032000
2024-07-07 14:08:15.341,7386,96,3,35,False,0,car,0 days 00:05:02.800000,0 days 01:03:18.312000
2024-07-07 14:08:15.541,7539,98,3,40,False,0,car,0 days 00:05:03,0 days 01:03:18.512000
2024-07-07 14:08:15.741,7776,101,3,45,False,0,car,0 days 00:05:03.200000,0 days 01:03:18.712000
2024-07-07 14:08:16.021,8162,104,3,50,False,0,car,0 days 00:05:03.480000,0 days 01:03:18.992000
2024-07-07 14:08:16.181,8530,110,3,53,False,0,car,0 days 00:05:03.640000,0 days 01:03:19.152000
2024-07-07 14:08:16.541,9078,113,3,63,False,0,car,0 days 00:05:04,0 days 01:03:19.512000
2024-07-07 14:08:16.981,10091,133,3,72,False,0,car,0 days 00:05:04.440000,0 days 01:03:19.952000
2024-07-07 14:08:17.261,9838,130,3,0,True,8,car,0 days 00:05:04.720000,0 days 01:03:20.232000
2024-07-07 14:08:17.421,9418,126,3,0,True,8,car,0 days 00:05:04.880000,0 days 01:03:20.392000
2024-07-07 14:08:17.621,8411,118,3,0,True,8,car,0 days 00:05:05.080000,0 days 01:03:20.592000
2024-07-07 14:08:17.981,7876,105,3,0,True,8,car,0 days 00:05:05.440000,0 days 01:03:20.952000
2024-07-07 14:08:18.181,7399,100,3,0,True,8,car,0 days 00:05:05.640000,0 days 01:03:21.152000
2024-07-07 14:08:18.421,7156,96,3,0,True,8,car,0 days 00:05:05.880000,0 days 01:03:21.392000
2024-07-07 14:08:18.741,7051,92,3,0,True,8,car,0 days 00:05:06.200000,0 days 01:03:21.712000
2024-07-07 14:08:19.021,6357,88,3,0,True,8,car,0 days 00:05:06.480000,0 days 01:03:21.992000
2024-07-07 14:08:19.381,6354,83,3,0,False,8,car,0 days 00:05:06.840000,0 days 01:03:22.352000
2024-07-07 14:08:19.860,6519,82,3,20,False,8,car,0 days 00:05:07.319000,0 days 01:03:22.831000
2024-07-07 14:08:20.061,6338,85,3,25,False,8,car,0 days 00:05:07.520000,0 days 01:03:23.032000
2024-07-07 14:08:20.301,6827,88,3,41,False,8,car,0 days 00:05:07.760000,0 days 01:03:23.272000
2024-07-07 14:08:20.621,7403,95,3,52,False,8,car,0 days 00:05:08.080000,0 days 01:03:23.592000
2024-07-07 14:08:21.021,8470,106,3,62,False,8,car,0 days 00:05:08.480000,0 days 01:03:23.992000
2024-07-07 14:08:21.421,9447,116,3,74,False,8,car,0 days 00:05:08.880000,0 days 01:03:24.392000
2024-07-07 14:08:21.701,9910,131,3,76,False,8,car,0 days 00:05:09.160000,0 days 01:03:24.672000
2024-07-07 14:08:21.901,10586,140,3,83,False,8,car,0 days 00:05:09.360000,0 days 01:03:24.872000
2024-07-07 14:08:22.341,9959,157,4,100,False,8,car,0 days 00:05:09.800000,0 days 01:03:25.312000
2024-07-07 14:08:22.501,10239,167,4,100,False,8,car,0 days 00:05:09.960000,0 days 01:03:25.472000
2024-07-07 14:08:22.701,10739,167,4,100,False,8,car,0 days 00:05:10.160000,0 days 01:03:25.672000
2024-07-07 14:08:22.861,11299,182,4,100,False,8,car,0 days 00:05:10.320000,0 days 01:03:25.832000
2024-07-07 14:08:23.061,11101,190,4,100,False,8,car,0 days 00:05:10.520000,0 days 01:03:26.032000
2024-07-07 14:08:23.381,10673,199,5,100,False,8,car,0 days 00:05:10.840000,0 days 01:03:26.352000
2024-07-07 14:08:23.621,11003,206,5,100,False,8,car,0 days 00:05:11.080000,0 days 01:03:26.592000
2024-07-07 14:08:23.981,11543,215,5,100,False,8,car,0 days 00:05:11.440000,0 days 01:03:26.952000
2024-07-07 14:08:24.141,11655,218,5,100,False,8,car,0 days 00:05:11.600000,0 days 01:03:27.112000
2024-07-07 14:08:24.381,11752,223,5,100,False,8,car,0 days 00:05:11.840000,0 days 01:03:27.352000
2024-07-07 14:08:24.581,10666,228,5,100,False,8,car,0 days 00:05:12.040000,0 days 01:03:27.552000
2024-07-07 14:08:25.541,11217,241,6,100,False,14,car,0 days 00:05:13,0 days 01:03:28.512000
2024-07-07 14:08:25.741,11306,247,6,100,False,12,car,0 days 00:05:13.200000,0 days 01:03:28.712000
2024-07-07 14:08:26.061,11676,256,6,100,False,12,car,0 days 00:05:13.520000,0 days 01:03:29.032000
2024-07-07 14:08:26.380,10485,261,6,100,False,12,car,0 days 00:05:13.839000,0 days 01:03:29.351000
2024-07-07 14:08:26.701,10682,265,7,100,False,12,car,0 days 00:05:14.160000,0 days 01:03:29.672000
2024-07-07 14:08:27.021,10870,271,7,100,False,12,car,0 days 00:05:14.480000,0 days 01:03:29.992000
2024-07-07 14:08:27.181,10975,274,7,100,False,12,car,0 days 00:05:14.640000,0 days 01:03:30.152000
2024-07-07 14:08:27.501,11111,278,7,100,False,12,car,0 days 00:05:14.960000,0 days 01:03:30.472000
2024-07-07 14:08:27.661,11184,281,7,100,False,12,car,0 days 00:05:15.120000,0 days 01:03:30.632000
2024-07-07 14:08:27.901,11359,283,7,100,False,12,car,0 days 00:05:15.360000,0 days 01:03:30.872000
2024-07-07 14:08:28.261,11499,288,7,100,False,12,car,0 days 00:05:15.720000,0 days 01:03:31.232000
2024-07-07 14:08:28.621,11230,293,7,100,False,12,car,0 days 00:05:16.080000,0 days 01:03:31.592000
2024-07-07 14:08:28.941,10157,295,8,100,False,12,car,0 days 00:05:16.400000,0 days 01:03:31.912000
2024-07-07 14:08:29.181,10546,298,8,100,False,12,car,0 days 00:05:16.640000,0 days 01:03:32.152000
2024-07-07 14:08:29.421,10695,299,8,100,False,12,car,0 days 00:05:16.880000,0 days 01:03:32.392000
2024-07-07 14:08:29.661,10693,302,8,100,False,12,car,0 days 00:05:17.120000,0 days 01:03:32.632000
2024-07-07 14:08:29.901,10735,304,8,100,False,12,car,0 days 00:05:17.360000,0 days 01:03:32.872000
2024-07-07 14:08:30.061,10735,305,8,100,False,12,car,0 days 00:05:17.520000,0 days 01:03:33.032000
2024-07-07 14:08:30.261,10807,304,8,100,False,12,car,0 days 00:05:17.720000,0 days 01:03:33.232000
2024-07-07 14:08:30.461,10856,306,8,100,False,12,car,0 days 00:05:17.920000,0 days 01:03:33.432000
2024-07-07 14:08:30.621,10879,306,8,100,False,12,car,0 days 00:05:18.080000,0 days 01:03:33.592000
2024-07-07 14:08:30.901,10937,308,8,100,False,12,car,0 days 00:05:18.360000,0 days 01:03:33.872000
2024-07-07 14:08:31.141,11003,309,8,100,False,12,car,0 days 00:05:18.600000,0 days 01:03:34.112000
2024-07-07 14:08:31.381,10938,310,8,100,False,12,car,0 days 00:05:18.840000,0 days 01:03:34.352000
2024-07-07 14:08:31.781,10977,311,8,100,False,12,car,0 days 00:05:19.240000,0 days 01:03:34.752000
2024-07-07 14:08:31.981,10854,301,8,95,True,0,car,0 days 00:05:19.440000,0 days 01:03:34.952000
2024-07-07 14:08:32.261,10207,269,8,0,True,0,car,0 days 00:05:19.720000,0 days 01:03:35.232000
2024-07-07 14:08:32.541,9774,250,8,0,True,0,car,0 days 00:05:20,0 days 01:03:35.512000
2024-07-07 14:08:32.940,9665,216,6,0,True,0,car,0 days 00:05:20.399000,0 days 01:03:35.911000
2024-07-07 14:08:33.301,9967,194,6,0,True,0,car,0 days 00:05:20.760000,0 days 01:03:36.272000
2024-07-07 14:08:33.541,9498,189,5,0,True,0,car,0 days 00:05:21,0 days 01:03:36.512000
2024-07-07 14:08:33.901,8811,170,5,0,True,0,car,0 days 00:05:21.360000,0 days 01:03:36.872000
2024-07-07 14:08:34.181,8668,160,5,0,True,0,car,0 days 00:05:21.640000,0 days 01:03:37.152000
2024-07-07 14:08:34.341,9788,158,5,0,True,0,car,0 days 00:05:21.800000,0 days 01:03:37.312000
2024-07-07 14:08:34.581,9489,152,4,0,True,0,car,0 days 00:05:22.040000,0 days 01:03:37.552000
2024-07-07 14:08:34.861,9320,149,4,0,False,0,car,0 days 00:05:22.320000,0 days 01:03:37.832000
2024-07-07 14:08:35.221,9091,144,4,34,False,0,car,0 days 00:05:22.680000,0 days 01:03:38.192000
2024-07-07 14:08:35.421,9190,144,4,42,False,0,car,0 days 00:05:22.880000,0 days 01:03:38.392000
2024-07-07 14:08:35.861,9380,146,4,55,False,0,car,0 days 00:05:23.320000,0 days 01:03:38.832000
2024-07-07 14:08:36.221,9524,149,4,65,False,0,car,0 days 00:05:23.680000,0 days 01:03:39.192000
2024-07-07 14:08:36.541,10129,158,4,76,False,0,car,0 days 00:05:24,0 days 01:03:39.512000
2024-07-07 14:08:36.701,10548,163,4,80,False,0,car,0 days 00:05:24.160000,0 days 01:03:39.672000
2024-07-07 14:08:37.021,10512,168,4,0,True,0,car,0 days 00:05:24.480000,0 days 01:03:39.992000
2024-07-07 14:08:37.381,9139,148,4,0,True,0,car,0 days 00:05:24.840000,0 days 01:03:40.352000
2024-07-07 14:08:37.701,8289,135,4,0,True,0,car,0 days 00:05:25.160000,0 days 01:03:40.672000
2024-07-07 14:08:37.981,8650,126,4,0,True,0,car,0 days 00:05:25.440000,0 days 01:03:40.952000
2024-07-07 14:08:38.141,9215,124,3,0,False,0,car,0 days 00:05:25.600000,0 days 01:03:41.112000
2024-07-07 14:08:38.381,8782,121,3,0,True,0,car,0 days 00:05:25.840000,0 days 01:03:41.352000
2024-07-07 14:08:38.861,8179,108,3,0,True,0,car,0 days 00:05:26.320000,0 days 01:03:41.832000
2024-07-07 14:08:39.141,7654,104,3,0,True,0,car,0 days 00:05:26.600000,0 days 01:03:42.112000
2024-07-07 14:08:39.381,7463,100,3,0,False,0,car,0 days 00:05:26.840000,0 days 01:03:42.352000
2024-07-07 14:08:39.580,7376,98,3,13,False,0,car,0 days 00:05:27.039000,0 days 01:03:42.551000
2024-07-07 14:08:39.861,7858,101,3,42,False,0,car,0 days 00:05:27.320000,0 days 01:03:42.832000
2024-07-07 14:08:40.061,7858,103,3,42,False,0,car,0 days 00:05:27.520000,0 days 01:03:43.032000
2024-07-07 14:08:40.301,8387,108,3,49,False,0,car,0 days 00:05:27.760000,0 days 01:03:43.272000
2024-07-07 14:08:40.501,8601,111,3,51,False,0,car,0 days 00:05:27.960000,0 days 01:03:43.472000
2024-07-07 14:08:41.581,9106,138,4,76,False,0,car,0 days 00:05:29.040000,0 days 01:03:44.552000
2024-07-07 14:08:41.981,10333,154,4,96,False,0,car,0 days 00:05:29.440000,0 days 01:03:44.952000
2024-07-07 14:08:42.181,10835,160,4,94,False,0,car,0 days 00:05:29.640000,0 days 01:03:45.152000
2024-07-07 14:08:42.581,11382,175,4,96,False,0,car,0 days 00:05:30.040000,0 days 01:03:45.552000
2024-07-07 14:08:42.781,11430,179,4,100,False,0,car,0 days 00:05:30.240000,0 days 01:03:45.752000
2024-07-07 14:08:42.981,10310,188,4,100,False,0,car,0 days 00:05:30.440000,0 days 01:03:45.952000
2024-07-07 14:08:43.141,10420,194,5,100,False,0,car,0 days 00:05:30.600000,0 days 01:03:46.112000
2024-07-07 14:08:43.421,10820,197,5,100,False,0,car,0 days 00:05:30.880000,0 days 01:03:46.392000
2024-07-07 14:08:43.621,10805,209,5,100,False,0,car,0 days 00:05:31.080000,0 days 01:03:46.592000
2024-07-07 14:08:43.781,11383,214,5,100,False,0,car,0 days 00:05:31.240000,0 days 01:03:46.752000
2024-07-07 14:08:44.221,11909,224,5,100,False,0,car,0 days 00:05:31.680000,0 days 01:03:47.192000
2024-07-07 14:08:44.541,10476,230,6,100,False,0,car,0 days 00:05:32,0 days 01:03:47.512000
2024-07-07 14:08:44.821,10886,238,6,100,False,0,car,0 days 00:05:32.280000,0 days 01:03:47.792000
2024-07-07 14:08:44.981,11094,241,6,100,False,0,car,0 days 00:05:32.440000,0 days 01:03:47.952000
2024-07-07 14:08:45.261,11243,246,6,100,False,0,car,0 days 00:05:32.720000,0 days 01:03:48.232000
2024-07-07 14:08:45.701,11615,252,6,100,False,0,car,0 days 00:05:33.160000,0 days 01:03:48.672000
2024-07-07 14:08:46.061,11706,259,6,100,False,0,car,0 days 00:05:33.520000,0 days 01:03:49.032000
2024-07-07 14:08:46.221,10651,260,7,100,False,0,car,0 days 00:05:33.680000,0 days 01:03:49.192000
2024-07-07 14:08:46.421,10540,263,7,100,False,0,car,0 days 00:05:33.880000,0 days 01:03:49.392000
2024-07-07 14:08:46.701,10722,265,7,100,False,0,car,0 days 00:05:34.160000,0 days 01:03:49.672000
2024-07-07 14:08:46.901,10774,269,7,100,False,0,car,0 days 00:05:34.360000,0 days 01:03:49.872000
2024-07-07 14:08:47.061,10849,270,7,100,False,0,car,0 days 00:05:34.520000,0 days 01:03:50.032000
2024-07-07 14:08:47.301,10988,272,7,100,False,0,car,0 days 00:05:34.760000,0 days 01:03:50.272000
2024-07-07 14:08:47.501,11051,275,7,100,False,0,car,0 days 00:05:34.960000,0 days 01:03:50.472000
2024-07-07 14:08:47.781,11182,279,7,100,False,0,car,0 days 00:05:35.240000,0 days 01:03:50.752000
2024-07-07 14:08:47.941,11182,278,7,100,False,0,car,0 days 00:05:35.400000,0 days 01:03:50.912000
2024-07-07 14:08:48.261,11278,283,7,100,False,0,car,0 days 00:05:35.720000,0 days 01:03:51.232000
2024-07-07 14:08:48.461,11347,284,7,100,False,0,car,0 days 00:05:35.920000,0 days 01:03:51.432000
2024-07-07 14:08:48.741,11472,287,7,100,False,0,car,0 days 00:05:36.200000,0 days 01:03:51.712000
2024-07-07 14:08:48.981,11533,287,7,100,False,0,car,0 days 00:05:36.440000,0 days 01:03:51.952000
2024-07-07 14:08:49.341,11530,289,7,100,False,0,car,0 days 00:05:36.800000,0 days 01:03:52.312000
2024-07-07 14:08:49.541,11581,290,7,100,False,0,car,0 days 00:05:37,0 days 01:03:52.512000
2024-07-07 14:08:49.821,11637,290,7,100,False,0,car,0 days 00:05:37.280000,0 days 01:03:52.792000
2024-07-07 14:08:50.221,11688,292,7,100,False,0,car,0 days 00:05:37.680000,0 days 01:03:53.192000
2024-07-07 14:08:50.541,11658,294,7,100,False,0,car,0 days 00:05:38,0 days 01:03:53.512000
2024-07-07 14:08:50.941,11692,293,7,100,False,0,car,0 days 00:05:38.400000,0 days 01:03:53.912000
2024-07-07 14:08:51.141,11737,294,7,100,False,0,car,0 days 00:05:38.600000,0 days 01:03:54.112000
2024-07-07 14:08:51.341,11663,293,7,100,False,0,car,0 days 00:05:38.800000,0 days 01:03:54.312000
2024-07-07 14:08:51.501,11663,292,7,100,False,0,car,0 days 00:05:38.960000,0 days 01:03:54.472000
2024-07-07 14:08:51.861,11659,291,7,100,False,0,car,0 days 00:05:39.320000,0 days 01:03:54.832000
2024-07-07 14:08:52.261,11504,287,7,10,False,0,car,0 days 00:05:39.720000,0 days 01:03:55.232000
2024-07-07 14:08:52.621,10962,276,7,55,False,0,car,0 days 00:05:40.080000,0 days 01:03:55.592000
2024-07-07 14:08:52.781,10911,272,7,58,False,0,car,0 days 00:05:40.240000,0 days 01:03:55.752000
2024-07-07 14:08:53.021,10750,268,7,54,False,0,car,0 days 00:05:40.480000,0 days 01:03:55.992000
2024-07-07 14:08:53.461,10548,262,7,76,False,0,car,0 days 00:05:40.920000,0 days 01:03:56.432000
2024-07-07 14:08:53.901,10640,262,7,100,False,0,car,0 days 00:05:41.360000,0 days 01:03:56.872000
2024-07-07 14:08:54.141,10647,263,7,100,False,0,car,0 days 00:05:41.600000,0 days 01:03:57.112000
2024-07-07 14:08:54.421,10692,266,7,100,False,0,car,0 days 00:05:41.880000,0 days 01:03:57.392000
2024-07-07 14:08:54.621,10745,267,7,100,False,0,car,0 days 00:05:42.080000,0 days 01:03:57.592000
2024-07-07 14:08:54.901,10826,267,7,100,False,0,car,0 days 00:05:42.360000,0 days 01:03:57.872000
2024-07-07 14:08:55.381,10966,274,7,100,False,0,car,0 days 00:05:42.840000,0 days 01:03:58.352000
2024-07-07 14:08:55.581,11048,275,7,100,False,0,car,0 days 00:05:43.040000,0 days 01:03:58.552000
2024-07-07 14:08:55.981,11192,279,7,100,False,0,car,0 days 00:05:43.440000,0 days 01:03:58.952000
2024-07-07 14:08:56.341,11263,281,7,100,False,0,car,0 days 00:05:43.800000,0 days 01:03:59.312000
2024-07-07 14:08:56.541,11306,283,7,100,False,0,car,0 days 00:05:44,0 days 01:03:59.512000
2024-07-07 14:08:56.741,11370,284,7,100,False,0,car,0 days 00:05:44.200000,0 days 01:03:59.712000
2024-07-07 14:08:56.941,11431,285,7,100,False,0,car,0 days 00:05:44.400000,0 days 01:03:59.912000
2024-07-07 14:08:57.221,11502,288,7,100,False,0,car,0 days 00:05:44.680000,0 days 01:04:00.192000
2024-07-07 14:08:57.541,11570,290,7,100,False,0,car,0 days 00:05:45,0 days 01:04:00.512000
2024-07-07 14:08:57.781,11647,291,7,100,False,0,car,0 days 00:05:45.240000,0 days 01:04:00.752000
2024-07-07 14:08:57.981,11696,292,7,100,False,0,car,0 days 00:05:45.440000,0 days 01:04:00.952000
2024-07-07 14:08:58.381,11827,295,7,100,False,0,car,0 days 00:05:45.840000,0 days 01:04:01.352000
2024-07-07 14:08:58.701,10835,298,7,100,False,0,car,0 days 00:05:46.160000,0 days 01:04:01.672000
2024-07-07 14:08:58.981,10507,298,8,100,False,0,car,0 days 00:05:46.440000,0 days 01:04:01.952000
2024-07-07 14:08:59.181,10609,298,8,100,False,0,car,0 days 00:05:46.640000,0 days 01:04:02.152000
2024-07-07 14:08:59.381,10603,298,8,100,False,0,car,0 days 00:05:46.840000,0 days 01:04:02.352000
2024-07-07 14:08:59.622,10604,298,8,100,False,0,car,0 days 00:05:47.081000,0 days 01:04:02.593000
2024-07-07 14:08:59.781,10613,298,8,100,False,0,car,0 days 00:05:47.240000,0 days 01:04:02.752000
2024-07-07 14:09:00.061,10620,297,8,100,False,0,car,0 days 00:05:47.520000,0 days 01:04:03.032000
2024-07-07 14:09:00.421,10577,297,8,100,False,0,car,0 days 00:05:47.880000,0 days 01:04:03.392000
2024-07-07 14:09:00.701,10397,297,8,73,False,0,car,0 days 00:05:48.160000,0 days 01:04:03.672000
2024-07-07 14:09:00.901,10376,291,8,46,False,0,car,0 days 00:05:48.360000,0 days 01:04:03.872000
2024-07-07 14:09:01.301,11139,280,7,45,False,0,car,0 days 00:05:48.760000,0 days 01:04:04.272000
2024-07-07 14:09:01.461,11139,273,7,50,False,0,car,0 days 00:05:48.920000,0 days 01:04:04.432000
2024-07-07 14:09:01.781,10829,271,7,100,False,0,car,0 days 00:05:49.240000,0 days 01:04:04.752000
2024-07-07 14:09:01.941,10899,271,7,100,False,0,car,0 days 00:05:49.400000,0 days 01:04:04.912000
2024-07-07 14:09:02.181,10865,271,7,100,False,0,car,0 days 00:05:49.640000,0 days 01:04:05.152000
2024-07-07 14:09:02.501,10865,272,7,100,True,0,car,0 days 00:05:49.960000,0 days 01:04:05.472000
2024-07-07 14:09:02.661,10694,264,7,0,True,0,car,0 days 00:05:50.120000,0 days 01:04:05.632000
2024-07-07 14:09:02.901,10461,259,7,0,True,0,car,0 days 00:05:50.360000,0 days 01:04:05.872000
2024-07-07 14:09:03.181,11040,243,6,0,True,0,car,0 days 00:05:50.640000,0 days 01:04:06.152000
2024-07-07 14:09:03.421,10829,237,6,0,True,0,car,0 days 00:05:50.880000,0 days 01:04:06.392000
2024-07-07 14:09:03.861,10411,224,6,41,False,0,car,0 days 00:05:51.320000,0 days 01:04:06.832000
2024-07-07 14:09:04.101,10367,224,6,59,False,0,car,0 days 00:05:51.560000,0 days 01:04:07.072000
2024-07-07 14:09:04.461,9639,222,6,16,True,0,car,0 days 00:05:51.920000,0 days 01:04:07.432000
2024-07-07 14:09:04.701,9670,219,6,0,True,8,car,0 days 00:05:52.160000,0 days 01:04:07.672000
2024-07-07 14:09:05.021,9824,202,6,0,False,8,car,0 days 00:05:52.480000,0 days 01:04:07.992000
2024-07-07 14:09:05.421,10225,198,5,14,False,8,car,0 days 00:05:52.880000,0 days 01:04:08.392000
2024-07-07 14:09:05.701,10294,189,5,48,False,8,car,0 days 00:05:53.160000,0 days 01:04:08.672000
2024-07-07 14:09:05.901,10174,190,5,64,False,8,car,0 days 00:05:53.360000,0 days 01:04:08.872000
2024-07-07 14:09:06.102,10405,189,5,82,False,8,car,0 days 00:05:53.561000,0 days 01:04:09.073000
2024-07-07 14:09:06.262,10357,196,5,100,False,8,car,0 days 00:05:53.721000,0 days 01:04:09.233000
2024-07-07 14:09:06.541,10778,200,5,100,False,8,car,0 days 00:05:54,0 days 01:04:09.512000
2024-07-07 14:09:06.861,11186,210,5,100,False,8,car,0 days 00:05:54.320000,0 days 01:04:09.832000
2024-07-07 14:09:07.101,11503,211,5,100,False,8,car,0 days 00:05:54.560000,0 days 01:04:10.072000
2024-07-07 14:09:07.261,11571,216,5,100,False,8,car,0 days 00:05:54.720000,0 days 01:04:10.232000
2024-07-07 14:09:07.421,11765,216,5,100,False,8,car,0 days 00:05:54.880000,0 days 01:04:10.392000
2024-07-07 14:09:07.701,11707,227,5,100,False,8,car,0 days 00:05:55.160000,0 days 01:04:10.672000
2024-07-07 14:09:07.861,10587,232,6,100,False,8,car,0 days 00:05:55.320000,0 days 01:04:10.832000
2024-07-07 14:09:08.101,10864,236,6,100,False,8,car,0 days 00:05:55.560000,0 days 01:04:11.072000
2024-07-07 14:09:08.341,11036,239,6,100,False,8,car,0 days 00:05:55.800000,0 days 01:04:11.312000
2024-07-07 14:09:08.661,11282,246,6,100,False,14,car,0 days 00:05:56.120000,0 days 01:04:11.632000
2024-07-07 14:09:08.901,11522,250,6,100,False,12,car,0 days 00:05:56.360000,0 days 01:04:11.872000
2024-07-07 14:09:09.061,11609,254,6,100,False,12,car,0 days 00:05:56.520000,0 days 01:04:12.032000
2024-07-07 14:09:09.301,11471,258,6,100,False,12,car,0 days 00:05:56.760000,0 days 01:04:12.272000
2024-07-07 14:09:09.461,10685,261,7,100,False,12,car,0 days 00:05:56.920000,0 days 01:04:12.432000
2024-07-07 14:09:09.661,10613,265,7,100,False,12,car,0 days 00:05:57.120000,0 days 01:04:12.632000
2024-07-07 14:09:10.021,10867,271,7,100,False,12,car,0 days 00:05:57.480000,0 days 01:04:12.992000
2024-07-07 14:09:10.221,11008,273,7,100,False,12,car,0 days 00:05:57.680000,0 days 01:04:13.192000
2024-07-07 14:09:10.621,11240,280,7,100,False,12,car,0 days 00:05:58.080000,0 days 01:04:13.592000
2024-07-07 14:09:10.861,11310,284,7,100,False,12,car,0 days 00:05:58.320000,0 days 01:04:13.832000
2024-07-07 14:09:11.021,11466,286,7,100,False,12,car,0 days 00:05:58.480000,0 days 01:04:13.992000
2024-07-07 14:09:11.181,11575,287,7,100,False,12,car,0 days 00:05:58.640000,0 days 01:04:14.152000
2024-07-07 14:09:11.501,11716,292,7,100,False,12,car,0 days 00:05:58.960000,0 days 01:04:14.472000
2024-07-07 14:09:11.821,11417,297,7,100,False,12,car,0 days 00:05:59.280000,0 days 01:04:14.792000
2024-07-07 14:09:12.021,10749,299,8,100,False,12,car,0 days 00:05:59.480000,0 days 01:04:14.992000
2024-07-07 14:09:12.221,10775,302,8,100,False,12,car,0 days 00:05:59.680000,0 days 01:04:15.192000
2024-07-07 14:09:12.381,10823,302,8,100,False,12,car,0 days 00:05:59.840000,0 days 01:04:15.352000
2024-07-07 14:09:12.702,10903,307,8,100,False,12,car,0 days 00:06:00.161000,0 days 01:04:15.673000
2024-07-07 14:09:12.862,10930,309,8,100,False,12,car,0 days 00:06:00.321000,0 days 01:04:15.833000
2024-07-07 14:09:13.142,11001,311,8,100,False,12,car,0 days 00:06:00.601000,0 days 01:04:16.113000
2024-07-07 14:09:13.501,11177,314,8,100,False,12,car,0 days 00:06:00.960000,0 days 01:04:16.472000
2024-07-07 14:09:13.821,11258,316,8,100,False,12,car,0 days 00:06:01.280000,0 days 01:04:16.792000
2024-07-07 14:09:14.141,11298,317,8,100,False,12,car,0 days 00:06:01.600000,0 days 01:04:17.112000
2024-07-07 14:09:14.541,11343,319,8,100,False,12,car,0 days 00:06:02,0 days 01:04:17.512000
2024-07-07 14:09:14.701,11351,320,8,100,False,12,car,0 days 00:06:02.160000,0 days 01:04:17.672000
2024-07-07 14:09:15.141,11389,321,8,100,False,12,car,0 days 00:06:02.600000,0 days 01:04:18.112000
2024-07-07 14:09:15.381,11382,322,8,100,False,12,car,0 days 00:06:02.840000,0 days 01:04:18.352000
2024-07-07 14:09:15.621,11396,321,8,100,False,12,car,0 days 00:06:03.080000,0 days 01:04:18.592000
2024-07-07 14:09:15.941,11439,321,8,100,False,12,car,0 days 00:06:03.400000,0 days 01:04:18.912000
2024-07-07 14:09:16.221,11418,323,8,100,False,12,car,0 days 00:06:03.680000,0 days 01:04:19.192000
2024-07-07 14:09:16.421,11410,322,8,100,False,12,car,0 days 00:06:03.880000,0 days 01:04:19.392000
2024-07-07 14:09:16.701,11385,322,8,100,False,12,car,0 days 00:06:04.160000,0 days 01:04:19.672000
2024-07-07 14:09:16.941,11376,321,8,81,True,12,car,0 days 00:06:04.400000,0 days 01:04:19.912000
2024-07-07 14:09:17.181,11119,303,8,0,True,0,car,0 days 00:06:04.640000,0 days 01:04:20.152000
2024-07-07 14:09:17.621,10379,272,8,0,True,0,car,0 days 00:06:05.080000,0 days 01:04:20.592000
2024-07-07 14:09:17.861,10051,254,7,0,True,0,car,0 days 00:06:05.320000,0 days 01:04:20.832000
2024-07-07 14:09:18.221,9957,222,6,0,True,0,car,0 days 00:06:05.680000,0 days 01:04:21.192000
2024-07-07 14:09:18.381,9716,214,6,0,True,0,car,0 days 00:06:05.840000,0 days 01:04:21.352000
2024-07-07 14:09:18.661,9509,207,6,0,False,0,car,0 days 00:06:06.120000,0 days 01:04:21.632000
2024-07-07 14:09:18.901,9085,202,6,0,False,0,car,0 days 00:06:06.360000,0 days 01:04:21.872000
2024-07-07 14:09:19.101,9241,197,6,0,False,0,car,0 days 00:06:06.560000,0 days 01:04:22.072000
2024-07-07 14:09:19.302,10081,193,5,0,False,0,car,0 days 00:06:06.761000,0 days 01:04:22.273000
2024-07-07 14:09:19.702,10084,187,5,43,False,0,car,0 days 00:06:07.161000,0 days 01:04:22.673000
2024-07-07 14:09:20.021,10350,189,5,71,False,0,car,0 days 00:06:07.480000,0 days 01:04:22.992000
2024-07-07 14:09:20.381,10465,195,5,81,False,0,car,0 days 00:06:07.840000,0 days 01:04:23.352000
2024-07-07 14:09:20.541,10635,195,5,91,False,0,car,0 days 00:06:08,0 days 01:04:23.512000
2024-07-07 14:09:20.701,10917,195,5,100,False,0,car,0 days 00:06:08.160000,0 days 01:04:23.672000
2024-07-07 14:09:20.941,11134,207,5,100,False,0,car,0 days 00:06:08.400000,0 days 01:04:23.912000
2024-07-07 14:09:21.341,11665,216,5,100,False,0,car,0 days 00:06:08.800000,0 days 01:04:24.312000
2024-07-07 14:09:21.621,10668,224,5,100,False,0,car,0 days 00:06:09.080000,0 days 01:04:24.592000
2024-07-07 14:09:22.061,10668,230,6,100,False,0,car,0 days 00:06:09.520000,0 days 01:04:25.032000
2024-07-07 14:09:22.221,10900,235,6,100,False,0,car,0 days 00:06:09.680000,0 days 01:04:25.192000
2024-07-07 14:09:22.421,11040,240,6,100,False,0,car,0 days 00:06:09.880000,0 days 01:04:25.392000
2024-07-07 14:09:22.581,11177,243,6,100,False,0,car,0 days 00:06:10.040000,0 days 01:04:25.552000
2024-07-07 14:09:22.781,11324,247,6,100,False,0,car,0 days 00:06:10.240000,0 days 01:04:25.752000
2024-07-07 14:09:23.061,11424,250,6,100,False,0,car,0 days 00:06:10.520000,0 days 01:04:26.032000
2024-07-07 14:09:23.381,11621,255,6,100,False,0,car,0 days 00:06:10.840000,0 days 01:04:26.352000
2024-07-07 14:09:23.541,11671,255,6,100,False,0,car,0 days 00:06:11,0 days 01:04:26.512000
2024-07-07 14:09:23.821,10832,258,7,100,False,0,car,0 days 00:06:11.280000,0 days 01:04:26.792000
2024-07-07 14:09:24.101,10450,261,7,100,False,0,car,0 days 00:06:11.560000,0 days 01:04:27.072000
2024-07-07 14:09:24.261,10483,261,7,100,False,0,car,0 days 00:06:11.720000,0 days 01:04:27.232000
2024-07-07 14:09:24.541,10468,261,7,96,False,0,car,0 days 00:06:12,0 days 01:04:27.512000
2024-07-07 14:09:24.981,9768,244,7,0,True,0,car,0 days 00:06:12.440000,0 days 01:04:27.952000
2024-07-07 14:09:25.341,9636,212,7,0,True,0,car,0 days 00:06:12.800000,0 days 01:04:28.312000
2024-07-07 14:09:25.501,9260,191,6,0,True,0,car,0 days 00:06:12.960000,0 days 01:04:28.472000
2024-07-07 14:09:25.661,9348,181,6,0,True,0,car,0 days 00:06:13.120000,0 days 01:04:28.632000
2024-07-07 14:09:25.982,9378,150,5,0,True,0,car,0 days 00:06:13.441000,0 days 01:04:28.953000
2024-07-07 14:09:26.142,8724,146,4,0,True,0,car,0 days 00:06:13.601000,0 days 01:04:29.113000
2024-07-07 14:09:26.422,9284,130,3,0,True,0,car,0 days 00:06:13.881000,0 days 01:04:29.393000
2024-07-07 14:09:26.622,8757,122,3,0,True,0,car,0 days 00:06:14.081000,0 days 01:04:29.593000
2024-07-07 14:09:26.981,7919,110,3,0,True,0,car,0 days 00:06:14.440000,0 days 01:04:29.952000
2024-07-07 14:09:27.421,7406,101,3,0,False,0,car,0 days 00:06:14.880000,0 days 01:04:30.392000
2024-07-07 14:09:27.661,7206,98,3,3,False,0,car,0 days 00:06:15.120000,0 days 01:04:30.632000
2024-07-07 14:09:27.901,7227,96,3,17,False,0,car,0 days 00:06:15.360000,0 days 01:04:30.872000
2024-07-07 14:09:28.181,7522,98,3,37,False,0,car,0 days 00:06:15.640000,0 days 01:04:31.152000
2024-07-07 14:09:28.421,7882,102,3,47,False,0,car,0 days 00:06:15.880000,0 days 01:04:31.392000
2024-07-07 14:09:28.661,8146,106,3,52,False,0,car,0 days 00:06:16.120000,0 days 01:04:31.632000
2024-07-07 14:09:29.101,7469,115,4,45,False,0,car,0 days 00:06:16.560000,0 days 01:04:32.072000
2024-07-07 14:09:29.301,7189,116,4,22,False,0,car,0 days 00:06:16.760000,0 days 01:04:32.272000
2024-07-07 14:09:29.621,6844,112,4,19,False,0,car,0 days 00:06:17.080000,0 days 01:04:32.592000
2024-07-07 14:09:29.821,7282,113,4,32,False,0,car,0 days 00:06:17.280000,0 days 01:04:32.792000
2024-07-07 14:09:30.101,7283,115,4,42,False,0,car,0 days 00:06:17.560000,0 days 01:04:33.072000
2024-07-07 14:09:30.541,8085,123,4,64,False,0,car,0 days 00:06:18,0 days 01:04:33.512000
2024-07-07 14:09:31.501,10128,156,4,100,False,0,car,0 days 00:06:18.960000,0 days 01:04:34.472000
2024-07-07 14:09:31.661,10386,165,4,100,False,0,car,0 days 00:06:19.120000,0 days 01:04:34.632000
2024-07-07 14:09:31.821,10666,169,4,100,False,0,car,0 days 00:06:19.280000,0 days 01:04:34.792000
2024-07-07 14:09:32.101,11623,179,4,100,False,0,car,0 days 00:06:19.560000,0 days 01:04:35.072000
2024-07-07 14:09:32.382,11132,191,4,100,False,0,car,0 days 00:06:19.841000,0 days 01:04:35.353000
2024-07-07 14:09:32.542,10200,193,4,100,False,0,car,0 days 00:06:20.001000,0 days 01:04:35.513000
2024-07-07 14:09:32.982,11197,205,5,100,False,0,car,0 days 00:06:20.441000,0 days 01:04:35.953000
2024-07-07 14:09:33.182,11479,210,5,100,False,0,car,0 days 00:06:20.641000,0 days 01:04:36.153000
2024-07-07 14:09:33.541,11848,217,5,100,False,0,car,0 days 00:06:21,0 days 01:04:36.512000
2024-07-07 14:09:33.781,11129,222,5,100,False,0,car,0 days 00:06:21.240000,0 days 01:04:36.752000
2024-07-07 14:09:33.941,10609,228,6,100,False,0,car,0 days 00:06:21.400000,0 days 01:04:36.912000
2024-07-07 14:09:34.141,10690,231,6,100,False,0,car,0 days 00:06:21.600000,0 days 01:04:37.112000
2024-07-07 14:09:34.381,10969,234,6,100,False,0,car,0 days 00:06:21.840000,0 days 01:04:37.352000
2024-07-07 14:09:34.781,11254,243,6,100,False,0,car,0 days 00:06:22.240000,0 days 01:04:37.752000
2024-07-07 14:09:34.981,11389,248,6,100,False,0,car,0 days 00:06:22.440000,0 days 01:04:37.952000
2024-07-07 14:09:35.381,11672,255,6,100,False,0,car,0 days 00:06:22.840000,0 days 01:04:38.352000
2024-07-07 14:09:35.661,11801,259,6,100,False,0,car,0 days 00:06:23.120000,0 days 01:04:38.632000
2024-07-07 14:09:35.941,10216,259,7,100,False,0,car,0 days 00:06:23.400000,0 days 01:04:38.912000
2024-07-07 14:09:36.181,10696,267,7,100,False,0,car,0 days 00:06:23.640000,0 days 01:04:39.152000
2024-07-07 14:09:36.461,10781,271,7,100,False,0,car,0 days 00:06:23.920000,0 days 01:04:39.432000
2024-07-07 14:09:36.621,10930,273,7,100,False,0,car,0 days 00:06:24.080000,0 days 01:04:39.592000
2024-07-07 14:09:36.781,10974,273,7,100,False,0,car,0 days 00:06:24.240000,0 days 01:04:39.752000
2024-07-07 14:09:36.981,11031,275,7,100,False,0,car,0 days 00:06:24.440000,0 days 01:04:39.952000
2024-07-07 14:09:37.141,11031,276,7,100,False,0,car,0 days 00:06:24.600000,0 days 01:04:40.112000
2024-07-07 14:09:37.501,11310,282,7,100,False,0,car,0 days 00:06:24.960000,0 days 01:04:40.472000
2024-07-07 14:09:37.821,11409,285,7,100,False,0,car,0 days 00:06:25.280000,0 days 01:04:40.792000
2024-07-07 14:09:37.981,11472,286,7,100,False,0,car,0 days 00:06:25.440000,0 days 01:04:40.952000
2024-07-07 14:09:38.261,11531,289,7,100,False,0,car,0 days 00:06:25.720000,0 days 01:04:41.232000
2024-07-07 14:09:38.621,11616,291,7,100,False,0,car,0 days 00:06:26.080000,0 days 01:04:41.592000
2024-07-07 14:09:38.942,11758,293,7,100,False,0,car,0 days 00:06:26.401000,0 days 01:04:41.913000
2024-07-07 14:09:39.102,10918,294,7,100,False,0,car,0 days 00:06:26.561000,0 days 01:04:42.073000
2024-07-07 14:09:39.542,10512,297,8,100,False,0,car,0 days 00:06:27.001000,0 days 01:04:42.513000
2024-07-07 14:09:39.782,10640,297,8,100,False,0,car,0 days 00:06:27.241000,0 days 01:04:42.753000
2024-07-07 14:09:40.062,10627,297,8,97,False,0,car,0 days 00:06:27.521000,0 days 01:04:43.033000
2024-07-07 14:09:40.301,10609,295,8,78,False,0,car,0 days 00:06:27.760000,0 days 01:04:43.272000
2024-07-07 14:09:40.621,10427,292,8,88,False,0,car,0 days 00:06:28.080000,0 days 01:04:43.592000
2024-07-07 14:09:40.941,10376,291,8,100,False,0,car,0 days 00:06:28.400000,0 days 01:04:43.912000
2024-07-07 14:09:41.221,10340,289,8,100,False,0,car,0 days 00:06:28.680000,0 days 01:04:44.192000
2024-07-07 14:09:41.541,10308,287,8,100,False,0,car,0 days 00:06:29,0 days 01:04:44.512000
2024-07-07 14:09:41.741,10285,288,8,100,False,0,car,0 days 00:06:29.200000,0 days 01:04:44.712000
2024-07-07 14:09:42.021,10304,289,8,100,False,0,car,0 days 00:06:29.480000,0 days 01:04:44.992000
2024-07-07 14:09:42.221,10312,290,8,100,False,0,car,0 days 00:06:29.680000,0 days 01:04:45.192000
2024-07-07 14:09:42.421,10366,291,8,100,False,0,car,0 days 00:06:29.880000,0 days 01:04:45.392000
2024-07-07 14:09:42.781,10397,290,8,100,False,0,car,0 days 00:06:30.240000,0 days 01:04:45.752000
2024-07-07 14:09:43.021,10355,290,8,100,False,0,car,0 days 00:06:30.480000,0 days 01:04:45.992000
2024-07-07 14:09:43.181,10321,290,8,100,False,0,car,0 days 00:06:30.640000,0 days 01:04:46.152000
2024-07-07 14:09:43.421,10292,288,8,100,False,0,car,0 days 00:06:30.880000,0 days 01:04:46.392000
2024-07-07 14:09:43.581,10258,287,8,100,False,0,car,0 days 00:06:31.040000,0 days 01:04:46.552000
2024-07-07 14:09:43.941,10218,286,8,100,False,0,car,0 days 00:06:31.400000,0 days 01:04:46.912000
2024-07-07 14:09:44.141,10140,286,8,100,False,0,car,0 days 00:06:31.600000,0 days 01:04:47.112000
2024-07-07 14:09:44.301,10124,283,8,100,False,0,car,0 days 00:06:31.760000,0 days 01:04:47.272000
2024-07-07 14:09:44.461,10072,283,8,100,False,0,car,0 days 00:06:31.920000,0 days 01:04:47.432000
2024-07-07 14:09:44.781,9815,278,8,0,True,0,car,0 days 00:06:32.240000,0 days 01:04:47.752000
2024-07-07 14:09:45.141,8905,256,8,0,True,0,car,0 days 00:06:32.600000,0 days 01:04:48.112000
2024-07-07 14:09:45.341,8734,233,8,0,True,0,car,0 days 00:06:32.800000,0 days 01:04:48.312000
2024-07-07 14:09:45.582,8823,214,7,0,True,0,car,0 days 00:06:33.041000,0 days 01:04:48.553000
2024-07-07 14:09:45.822,9000,188,7,0,True,0,car,0 days 00:06:33.281000,0 days 01:04:48.793000
2024-07-07 14:09:46.182,8447,163,5,0,True,0,car,0 days 00:06:33.641000,0 days 01:04:49.153000
2024-07-07 14:09:46.342,9124,155,4,0,True,0,car,0 days 00:06:33.801000,0 days 01:04:49.313000
2024-07-07 14:09:46.542,8796,146,4,0,True,0,car,0 days 00:06:34.001000,0 days 01:04:49.513000
2024-07-07 14:09:46.861,8027,129,4,0,True,0,car,0 days 00:06:34.320000,0 days 01:04:49.832000
2024-07-07 14:09:47.021,7506,126,4,0,True,0,car,0 days 00:06:34.480000,0 days 01:04:49.992000
2024-07-07 14:09:47.421,8255,114,3,0,True,0,car,0 days 00:06:34.880000,0 days 01:04:50.392000
2024-07-07 14:09:47.621,7937,108,3,0,True,0,car,0 days 00:06:35.080000,0 days 01:04:50.592000
2024-07-07 14:09:47.861,7496,103,3,0,True,0,car,0 days 00:06:35.320000,0 days 01:04:50.832000
2024-07-07 14:09:48.181,7249,96,3,0,False,0,car,0 days 00:06:35.640000,0 days 01:04:51.152000
2024-07-07 14:09:48.421,7401,96,3,28,False,0,car,0 days 00:06:35.880000,0 days 01:04:51.392000
2024-07-07 14:09:48.621,7465,98,3,34,False,0,car,0 days 00:06:36.080000,0 days 01:04:51.592000
2024-07-07 14:09:48.901,7740,99,3,38,False,0,car,0 days 00:06:36.360000,0 days 01:04:51.872000
2024-07-07 14:09:49.341,8178,105,3,46,False,0,car,0 days 00:06:36.800000,0 days 01:04:52.312000
2024-07-07 14:09:49.701,8764,113,3,56,False,0,car,0 days 00:06:37.160000,0 days 01:04:52.672000
2024-07-07 14:09:49.861,8938,119,3,59,False,0,car,0 days 00:06:37.320000,0 days 01:04:52.832000
2024-07-07 14:09:50.061,9455,122,3,69,False,0,car,0 days 00:06:37.520000,0 days 01:04:53.032000
2024-07-07 14:09:50.261,9833,128,3,72,False,0,car,0 days 00:06:37.720000,0 days 01:04:53.232000
2024-07-07 14:09:50.541,9880,134,3,0,True,8,car,0 days 00:06:38,0 days 01:04:53.512000
2024-07-07 14:09:50.821,8651,129,3,0,True,8,car,0 days 00:06:38.280000,0 days 01:04:53.792000
2024-07-07 14:09:51.181,7769,108,3,0,True,8,car,0 days 00:06:38.640000,0 days 01:04:54.152000
2024-07-07 14:09:51.381,7488,102,3,0,True,8,car,0 days 00:06:38.840000,0 days 01:04:54.352000
2024-07-07 14:09:51.741,6886,94,3,0,True,8,car,0 days 00:06:39.200000,0 days 01:04:54.712000
2024-07-07 14:09:51.941,6648,92,3,0,True,8,car,0 days 00:06:39.400000,0 days 01:04:54.912000
2024-07-07 14:09:52.182,6508,88,3,0,False,8,car,0 days 00:06:39.641000,0 days 01:04:55.153000
2024-07-07 14:09:52.582,6851,84,3,16,False,8,car,0 days 00:06:40.041000,0 days 01:04:55.553000
2024-07-07 14:09:52.742,6422,85,3,11,False,8,car,0 days 00:06:40.201000,0 days 01:04:55.713000
2024-07-07 14:09:53.462,6579,86,3,27,False,8,car,0 days 00:06:40.921000,0 days 01:04:56.433000
2024-07-07 14:09:53.781,7000,89,3,38,False,8,car,0 days 00:06:41.240000,0 days 01:04:56.752000
2024-07-07 14:09:54.181,7710,99,3,52,False,8,car,0 days 00:06:41.640000,0 days 01:04:57.152000
2024-07-07 14:09:54.621,8877,108,3,68,False,8,car,0 days 00:06:42.080000,0 days 01:04:57.592000
2024-07-07 14:09:54.781,8877,118,3,68,False,8,car,0 days 00:06:42.240000,0 days 01:04:57.752000
2024-07-07 14:09:55.181,10341,126,3,89,False,8,car,0 days 00:06:42.640000,0 days 01:04:58.152000
2024-07-07 14:09:55.581,11095,150,3,100,False,8,car,0 days 00:06:43.040000,0 days 01:04:58.552000
2024-07-07 14:09:55.741,10395,154,4,100,False,8,car,0 days 00:06:43.200000,0 days 01:04:58.712000
2024-07-07 14:09:55.981,10622,168,4,100,False,8,car,0 days 00:06:43.440000,0 days 01:04:58.952000
2024-07-07 14:09:56.261,11521,168,4,100,False,8,car,0 days 00:06:43.720000,0 days 01:04:59.232000
2024-07-07 14:09:56.541,10821,187,4,100,False,8,car,0 days 00:06:44,0 days 01:04:59.512000
2024-07-07 14:09:56.741,10269,194,5,100,False,8,car,0 days 00:06:44.200000,0 days 01:04:59.712000
2024-07-07 14:09:57.101,11011,208,5,100,False,8,car,0 days 00:06:44.560000,0 days 01:05:00.072000
2024-07-07 14:09:57.421,11458,217,5,100,False,8,car,0 days 00:06:44.880000,0 days 01:05:00.392000
2024-07-07 14:09:57.701,11653,219,5,100,False,8,car,0 days 00:06:45.160000,0 days 01:05:00.672000
2024-07-07 14:09:57.861,10533,223,5,100,False,8,car,0 days 00:06:45.320000,0 days 01:05:00.832000
2024-07-07 14:09:58.181,10620,225,6,100,False,8,car,0 days 00:06:45.640000,0 days 01:05:01.152000
2024-07-07 14:09:58.541,10816,234,6,100,False,8,car,0 days 00:06:46,0 days 01:05:01.512000
2024-07-07 14:09:58.742,11120,239,6,100,False,8,car,0 days 00:06:46.201000,0 days 01:05:01.713000
2024-07-07 14:09:58.942,11250,239,6,100,False,8,car,0 days 00:06:46.401000,0 days 01:05:01.913000
2024-07-07 14:09:59.102,11411,245,6,100,False,8,car,0 days 00:06:46.561000,0 days 01:05:02.073000
2024-07-07 14:09:59.302,11544,252,6,100,False,12,car,0 days 00:06:46.761000,0 days 01:05:02.273000
2024-07-07 14:09:59.622,11840,255,6,100,False,12,car,0 days 00:06:47.081000,0 days 01:05:02.593000
2024-07-07 14:09:59.782,11140,258,6,100,False,12,car,0 days 00:06:47.241000,0 days 01:05:02.753000
2024-07-07 14:09:59.982,10684,263,7,100,False,12,car,0 days 00:06:47.441000,0 days 01:05:02.953000
2024-07-07 14:10:00.301,10848,268,7,100,False,12,car,0 days 00:06:47.760000,0 days 01:05:03.272000
2024-07-07 14:10:00.541,10985,272,7,100,False,12,car,0 days 00:06:48,0 days 01:05:03.512000
2024-07-07 14:10:00.981,11222,281,7,100,False,12,car,0 days 00:06:48.440000,0 days 01:05:03.952000
2024-07-07 14:10:01.141,11312,281,7,100,False,12,car,0 days 00:06:48.600000,0 days 01:05:04.112000
2024-07-07 14:10:01.461,11434,285,7,100,False,12,car,0 days 00:06:48.920000,0 days 01:05:04.432000
2024-07-07 14:10:01.861,11628,292,7,100,False,12,car,0 days 00:06:49.320000,0 days 01:05:04.832000
2024-07-07 14:10:02.221,10477,295,8,100,False,12,car,0 days 00:06:49.680000,0 days 01:05:05.192000
2024-07-07 14:10:02.461,10609,298,8,100,False,12,car,0 days 00:06:49.920000,0 days 01:05:05.432000
2024-07-07 14:10:02.661,10662,300,8,100,False,12,car,0 days 00:06:50.120000,0 days 01:05:05.632000
2024-07-07 14:10:03.061,10759,303,8,100,False,12,car,0 days 00:06:50.520000,0 days 01:05:06.032000
2024-07-07 14:10:03.421,10819,306,8,100,False,12,car,0 days 00:06:50.880000,0 days 01:05:06.392000
2024-07-07 14:10:03.701,10904,307,8,100,False,12,car,0 days 00:06:51.160000,0 days 01:05:06.672000
2024-07-07 14:10:03.981,10938,308,8,100,False,12,car,0 days 00:06:51.440000,0 days 01:05:06.952000
2024-07-07 14:10:04.261,10996,309,8,100,False,12,car,0 days 00:06:51.720000,0 days 01:05:07.232000
2024-07-07 14:10:04.501,11039,310,8,100,False,12,car,0 days 00:06:51.960000,0 days 01:05:07.472000
2024-07-07 14:10:04.661,11085,312,8,100,False,12,car,0 days 00:06:52.120000,0 days 01:05:07.632000
2024-07-07 14:10:04.821,11035,311,8,100,False,12,car,0 days 00:06:52.280000,0 days 01:05:07.792000
2024-07-07 14:10:05.101,11172,312,8,100,False,12,car,0 days 00:06:52.560000,0 days 01:05:08.072000
2024-07-07 14:10:05.422,10188,291,8,0,True,0,car,0 days 00:06:52.881000,0 days 01:05:08.393000
2024-07-07 14:10:05.582,9914,283,8,0,True,0,car,0 days 00:06:53.041000,0 days 01:05:08.553000
2024-07-07 14:10:05.982,9354,245,8,0,True,0,car,0 days 00:06:53.441000,0 days 01:05:08.953000
2024-07-07 14:10:06.182,9583,228,7,0,True,0,car,0 days 00:06:53.641000,0 days 01:05:09.153000
2024-07-07 14:10:06.382,9463,213,7,0,True,0,car,0 days 00:06:53.841000,0 days 01:05:09.353000
2024-07-07 14:10:06.622,9237,201,6,0,True,0,car,0 days 00:06:54.081000,0 days 01:05:09.593000
2024-07-07 14:10:06.782,9781,184,6,0,True,0,car,0 days 00:06:54.241000,0 days 01:05:09.753000
2024-07-07 14:10:07.021,9101,180,5,0,True,0,car,0 days 00:06:54.480000,0 days 01:05:09.992000
2024-07-07 14:10:07.301,8757,167,5,0,True,0,car,0 days 00:06:54.760000,0 days 01:05:10.272000
2024-07-07 14:10:07.661,9724,155,5,1,True,0,car,0 days 00:06:55.120000,0 days 01:05:10.632000
2024-07-07 14:10:07.861,9303,151,4,0,True,0,car,0 days 00:06:55.320000,0 days 01:05:10.832000
2024-07-07 14:10:08.141,9046,148,4,0,False,0,car,0 days 00:06:55.600000,0 days 01:05:11.112000
2024-07-07 14:10:08.301,8976,144,4,7,False,0,car,0 days 00:06:55.760000,0 days 01:05:11.272000
2024-07-07 14:10:08.461,8963,142,4,30,False,0,car,0 days 00:06:55.920000,0 days 01:05:11.432000
2024-07-07 14:10:08.741,9134,142,4,41,False,0,car,0 days 00:06:56.200000,0 days 01:05:11.712000
2024-07-07 14:10:09.021,9425,145,4,62,False,0,car,0 days 00:06:56.480000,0 days 01:05:11.992000
2024-07-07 14:10:09.381,9638,151,4,67,False,0,car,0 days 00:06:56.840000,0 days 01:05:12.352000
2024-07-07 14:10:09.581,9908,155,4,70,False,0,car,0 days 00:06:57.040000,0 days 01:05:12.552000
2024-07-07 14:10:09.901,10485,161,4,76,False,0,car,0 days 00:06:57.360000,0 days 01:05:12.872000
2024-07-07 14:10:10.061,10582,165,4,77,False,0,car,0 days 00:06:57.520000,0 days 01:05:13.032000
2024-07-07 14:10:10.301,10814,168,4,0,True,0,car,0 days 00:06:57.760000,0 days 01:05:13.272000
2024-07-07 14:10:10.501,9414,168,4,0,True,0,car,0 days 00:06:57.960000,0 days 01:05:13.472000
2024-07-07 14:10:10.741,8751,154,4,0,True,0,car,0 days 00:06:58.200000,0 days 01:05:13.712000
2024-07-07 14:10:10.901,8317,139,4,0,True,0,car,0 days 00:06:58.360000,0 days 01:05:13.872000
2024-07-07 14:10:11.141,7933,136,4,0,True,0,car,0 days 00:06:58.600000,0 days 01:05:14.112000
2024-07-07 14:10:11.381,7643,123,4,0,True,0,car,0 days 00:06:58.840000,0 days 01:05:14.352000
2024-07-07 14:10:11.581,7450,117,4,0,True,0,car,0 days 00:06:59.040000,0 days 01:05:14.552000
2024-07-07 14:10:11.902,7212,114,4,0,True,0,car,0 days 00:06:59.361000,0 days 01:05:14.873000
2024-07-07 14:10:12.102,7862,106,4,0,True,0,car,0 days 00:06:59.561000,0 days 01:05:15.073000
2024-07-07 14:10:12.382,7494,100,3,0,True,0,car,0 days 00:06:59.841000,0 days 01:05:15.353000
2024-07-07 14:10:12.662,7184,97,3,0,False,0,car,0 days 00:07:00.121000,0 days 01:05:15.633000
2024-07-07 14:10:13.022,6926,95,3,18,False,0,car,0 days 00:07:00.481000,0 days 01:05:15.993000
2024-07-07 14:10:13.262,7343,95,3,37,False,0,car,0 days 00:07:00.721000,0 days 01:05:16.233000
2024-07-07 14:10:13.502,7814,98,3,50,False,0,car,0 days 00:07:00.961000,0 days 01:05:16.473000
2024-07-07 14:10:13.861,8336,106,3,55,False,0,car,0 days 00:07:01.320000,0 days 01:05:16.832000
2024-07-07 14:10:14.181,9028,114,3,61,False,0,car,0 days 00:07:01.640000,0 days 01:05:17.152000
2024-07-07 14:10:14.341,8542,116,3,55,False,0,car,0 days 00:07:01.800000,0 days 01:05:17.312000
2024-07-07 14:10:14.621,8221,122,4,69,False,0,car,0 days 00:07:02.080000,0 days 01:05:17.592000
2024-07-07 14:10:14.901,8731,131,4,74,False,0,car,0 days 00:07:02.360000,0 days 01:05:17.872000
2024-07-07 14:10:15.141,9341,137,4,83,False,0,car,0 days 00:07:02.600000,0 days 01:05:18.112000
2024-07-07 14:10:15.501,9991,151,4,89,False,0,car,0 days 00:07:02.960000,0 days 01:05:18.472000
2024-07-07 14:10:15.781,10904,160,4,98,False,0,car,0 days 00:07:03.240000,0 days 01:05:18.752000
2024-07-07 14:10:16.021,11235,175,4,100,False,0,car,0 days 00:07:03.480000,0 days 01:05:18.992000
2024-07-07 14:10:16.261,11720,183,4,100,False,0,car,0 days 00:07:03.720000,0 days 01:05:19.232000
2024-07-07 14:10:16.581,10574,192,5,100,False,0,car,0 days 00:07:04.040000,0 days 01:05:19.552000
2024-07-07 14:10:16.781,10790,196,5,100,False,0,car,0 days 00:07:04.240000,0 days 01:05:19.752000
2024-07-07 14:10:16.941,11130,204,5,100,False,0,car,0 days 00:07:04.400000,0 days 01:05:19.912000
2024-07-07 14:10:17.101,11346,209,5,100,False,0,car,0 days 00:07:04.560000,0 days 01:05:20.072000
2024-07-07 14:10:17.261,11561,217,5,100,False,0,car,0 days 00:07:04.720000,0 days 01:05:20.232000
2024-07-07 14:10:17.581,11871,222,5,100,False,0,car,0 days 00:07:05.040000,0 days 01:05:20.552000
2024-07-07 14:10:18.021,10777,231,6,100,False,0,car,0 days 00:07:05.480000,0 days 01:05:20.992000
2024-07-07 14:10:18.341,11014,237,6,100,False,0,car,0 days 00:07:05.800000,0 days 01:05:21.312000
2024-07-07 14:10:18.582,11201,244,6,100,False,0,car,0 days 00:07:06.041000,0 days 01:05:21.553000
2024-07-07 14:10:18.862,11445,249,6,100,False,0,car,0 days 00:07:06.321000,0 days 01:05:21.833000
2024-07-07 14:10:19.022,11592,251,6,100,False,0,car,0 days 00:07:06.481000,0 days 01:05:21.993000
2024-07-07 14:10:20.022,10727,264,7,100,False,0,car,0 days 00:07:07.481000,0 days 01:05:22.993000
2024-07-07 14:10:20.382,10850,270,7,100,False,0,car,0 days 00:07:07.841000,0 days 01:05:23.353000
2024-07-07 14:10:20.621,10988,270,7,100,False,0,car,0 days 00:07:08.080000,0 days 01:05:23.592000
2024-07-07 14:10:21.061,11120,278,7,100,False,0,car,0 days 00:07:08.520000,0 days 01:05:24.032000
2024-07-07 14:10:21.381,11254,280,7,100,False,0,car,0 days 00:07:08.840000,0 days 01:05:24.352000
2024-07-07 14:10:21.661,11354,283,7,100,False,0,car,0 days 00:07:09.120000,0 days 01:05:24.632000
2024-07-07 14:10:22.061,11531,287,7,100,False,0,car,0 days 00:07:09.520000,0 days 01:05:25.032000
2024-07-07 14:10:22.341,11552,289,7,100,False,0,car,0 days 00:07:09.800000,0 days 01:05:25.312000
2024-07-07 14:10:22.621,11638,289,7,100,False,0,car,0 days 00:07:10.080000,0 days 01:05:25.592000
2024-07-07 14:10:22.941,11704,290,7,100,False,0,car,0 days 00:07:10.400000,0 days 01:05:25.912000
2024-07-07 14:10:23.341,11683,292,7,100,False,0,car,0 days 00:07:10.800000,0 days 01:05:26.312000
2024-07-07 14:10:23.501,11733,292,7,100,False,0,car,0 days 00:07:10.960000,0 days 01:05:26.472000
2024-07-07 14:10:23.661,11722,293,7,100,False,0,car,0 days 00:07:11.120000,0 days 01:05:26.632000
2024-07-07 14:10:23.821,11702,293,7,100,False,0,car,0 days 00:07:11.280000,0 days 01:05:26.792000
2024-07-07 14:10:24.021,11738,294,7,100,False,0,car,0 days 00:07:11.480000,0 days 01:05:26.992000
2024-07-07 14:10:24.341,11757,294,7,100,False,0,car,0 days 00:07:11.800000,0 days 01:05:27.312000
2024-07-07 14:10:24.661,11735,294,7,100,False,0,car,0 days 00:07:12.120000,0 days 01:05:27.632000
2024-07-07 14:10:24.942,11688,294,7,100,False,0,car,0 days 00:07:12.401000,0 days 01:05:27.913000
2024-07-07 14:10:25.102,11631,293,7,100,False,0,car,0 days 00:07:12.561000,0 days 01:05:28.073000
2024-07-07 14:10:25.422,11361,290,7,39,False,0,car,0 days 00:07:12.881000,0 days 01:05:28.393000
2024-07-07 14:10:25.622,11432,288,7,14,False,0,car,0 days 00:07:13.081000,0 days 01:05:28.593000
2024-07-07 14:10:25.942,11154,280,7,47,False,0,car,0 days 00:07:13.401000,0 days 01:05:28.913000
2024-07-07 14:10:26.142,10920,274,7,65,False,0,car,0 days 00:07:13.601000,0 days 01:05:29.113000
2024-07-07 14:10:26.342,10906,272,7,59,False,0,car,0 days 00:07:13.801000,0 days 01:05:29.313000
2024-07-07 14:10:26.622,10671,266,7,71,False,0,car,0 days 00:07:14.081000,0 days 01:05:29.593000
2024-07-07 14:10:26.822,10771,264,7,100,False,0,car,0 days 00:07:14.281000,0 days 01:05:29.793000
2024-07-07 14:10:26.982,10632,263,7,100,False,0,car,0 days 00:07:14.441000,0 days 01:05:29.953000
2024-07-07 14:10:27.301,10712,265,7,100,False,0,car,0 days 00:07:14.760000,0 days 01:05:30.272000
2024-07-07 14:10:27.621,10796,266,7,100,False,0,car,0 days 00:07:15.080000,0 days 01:05:30.592000
2024-07-07 14:10:27.781,10756,267,7,100,False,0,car,0 days 00:07:15.240000,0 days 01:05:30.752000
2024-07-07 14:10:28.061,10828,267,7,100,False,0,car,0 days 00:07:15.520000,0 days 01:05:31.032000
2024-07-07 14:10:28.541,10919,271,7,100,False,0,car,0 days 00:07:16,0 days 01:05:31.512000
2024-07-07 14:10:28.861,11070,274,7,100,False,0,car,0 days 00:07:16.320000,0 days 01:05:31.832000
2024-07-07 14:10:30.021,11385,282,7,100,False,0,car,0 days 00:07:17.480000,0 days 01:05:32.992000
2024-07-07 14:10:30.221,11407,285,7,100,False,0,car,0 days 00:07:17.680000,0 days 01:05:33.192000
2024-07-07 14:10:30.501,11492,286,7,100,False,0,car,0 days 00:07:17.960000,0 days 01:05:33.472000
2024-07-07 14:10:30.741,11562,288,7,100,False,0,car,0 days 00:07:18.200000,0 days 01:05:33.712000
2024-07-07 14:10:30.941,11634,290,7,100,False,0,car,0 days 00:07:18.400000,0 days 01:05:33.912000
2024-07-07 14:10:31.301,11728,291,7,100,False,0,car,0 days 00:07:18.760000,0 days 01:05:34.272000
2024-07-07 14:10:31.501,11764,293,7,100,False,0,car,0 days 00:07:18.960000,0 days 01:05:34.472000
2024-07-07 14:10:31.822,10268,295,7,100,False,0,car,0 days 00:07:19.281000,0 days 01:05:34.793000
2024-07-07 14:10:31.982,10396,297,8,100,False,0,car,0 days 00:07:19.441000,0 days 01:05:34.953000
2024-07-07 14:10:32.342,10614,297,8,100,False,0,car,0 days 00:07:19.801000,0 days 01:05:35.313000
2024-07-07 14:10:32.782,10697,300,8,100,False,0,car,0 days 00:07:20.241000,0 days 01:05:35.753000
2024-07-07 14:10:32.942,10664,299,8,100,False,0,car,0 days 00:07:20.401000,0 days 01:05:35.913000
2024-07-07 14:10:33.382,10622,299,8,100,False,0,car,0 days 00:07:20.841000,0 days 01:05:36.353000
2024-07-07 14:10:33.782,10564,298,8,100,False,0,car,0 days 00:07:21.241000,0 days 01:05:36.753000
2024-07-07 14:10:33.981,10416,297,8,0,True,0,car,0 days 00:07:21.440000,0 days 01:05:36.952000
2024-07-07 14:10:34.181,10778,292,8,0,False,0,car,0 days 00:07:21.640000,0 days 01:05:37.152000
2024-07-07 14:10:34.461,11257,279,7,19,False,0,car,0 days 00:07:21.920000,0 days 01:05:37.432000
2024-07-07 14:10:34.741,10932,272,7,55,False,0,car,0 days 00:07:22.200000,0 days 01:05:37.712000
2024-07-07 14:10:35.061,10830,269,7,100,False,0,car,0 days 00:07:22.520000,0 days 01:05:38.032000
2024-07-07 14:10:35.221,10788,268,7,100,False,0,car,0 days 00:07:22.680000,0 days 01:05:38.192000
2024-07-07 14:10:35.621,10741,267,7,100,False,0,car,0 days 00:07:23.080000,0 days 01:05:38.592000
2024-07-07 14:10:35.781,10724,269,7,100,False,0,car,0 days 00:07:23.240000,0 days 01:05:38.752000
2024-07-07 14:10:35.981,10833,269,7,100,False,0,car,0 days 00:07:23.440000,0 days 01:05:38.952000
2024-07-07 14:10:36.141,10469,269,7,0,True,0,car,0 days 00:07:23.600000,0 days 01:05:39.112000
2024-07-07 14:10:36.421,10484,260,7,0,True,0,car,0 days 00:07:23.880000,0 days 01:05:39.392000
2024-07-07 14:10:36.741,11034,247,6,0,True,0,car,0 days 00:07:24.200000,0 days 01:05:39.712000
2024-07-07 14:10:37.101,10858,236,6,16,False,0,car,0 days 00:07:24.560000,0 days 01:05:40.072000
2024-07-07 14:10:37.341,10570,232,6,51,False,0,car,0 days 00:07:24.800000,0 days 01:05:40.312000
2024-07-07 14:10:37.501,10465,229,6,51,False,0,car,0 days 00:07:24.960000,0 days 01:05:40.472000
2024-07-07 14:10:37.661,10413,228,6,47,False,0,car,0 days 00:07:25.120000,0 days 01:05:40.632000
2024-07-07 14:10:37.901,9822,223,6,0,True,0,car,0 days 00:07:25.360000,0 days 01:05:40.872000
2024-07-07 14:10:38.142,10070,215,6,0,True,8,car,0 days 00:07:25.601000,0 days 01:05:41.113000
2024-07-07 14:10:38.502,10406,202,5,0,True,8,car,0 days 00:07:25.961000,0 days 01:05:41.473000
2024-07-07 14:10:38.662,10406,199,5,0,False,8,car,0 days 00:07:26.121000,0 days 01:05:41.633000
2024-07-07 14:10:38.902,9974,191,5,8,False,8,car,0 days 00:07:26.361000,0 days 01:05:41.873000
2024-07-07 14:10:39.342,10377,187,5,91,False,8,car,0 days 00:07:26.801000,0 days 01:05:42.313000
2024-07-07 14:10:39.502,10502,188,5,99,False,8,car,0 days 00:07:26.961000,0 days 01:05:42.473000
2024-07-07 14:10:39.742,10536,195,5,100,False,8,car,0 days 00:07:27.201000,0 days 01:05:42.713000
2024-07-07 14:10:39.982,10988,202,5,100,False,8,car,0 days 00:07:27.441000,0 days 01:05:42.953000
2024-07-07 14:10:40.342,11371,206,5,100,False,8,car,0 days 00:07:27.801000,0 days 01:05:43.313000
2024-07-07 14:10:40.502,11683,214,5,100,False,8,car,0 days 00:07:27.961000,0 days 01:05:43.473000
2024-07-07 14:10:40.821,11580,220,5,100,False,8,car,0 days 00:07:28.280000,0 days 01:05:43.792000
2024-07-07 14:10:41.141,10500,226,6,100,False,8,car,0 days 00:07:28.600000,0 days 01:05:44.112000
2024-07-07 14:10:41.301,10752,233,6,100,False,8,car,0 days 00:07:28.760000,0 days 01:05:44.272000
2024-07-07 14:10:41.541,11044,235,6,100,False,8,car,0 days 00:07:29,0 days 01:05:44.512000
2024-07-07 14:10:41.861,11236,244,6,100,False,8,car,0 days 00:07:29.320000,0 days 01:05:44.832000
2024-07-07 14:10:42.021,11276,244,6,100,False,14,car,0 days 00:07:29.480000,0 days 01:05:44.992000
2024-07-07 14:10:42.181,11446,249,6,100,False,14,car,0 days 00:07:29.640000,0 days 01:05:45.152000
2024-07-07 14:10:42.341,11614,250,6,100,False,12,car,0 days 00:07:29.800000,0 days 01:05:45.312000
2024-07-07 14:10:42.621,11397,256,6,100,False,12,car,0 days 00:07:30.080000,0 days 01:05:45.592000
2024-07-07 14:10:42.861,10495,262,7,100,False,12,car,0 days 00:07:30.320000,0 days 01:05:45.832000
2024-07-07 14:10:43.261,10806,268,7,100,False,12,car,0 days 00:07:30.720000,0 days 01:05:46.232000
2024-07-07 14:10:43.421,10951,271,7,100,False,12,car,0 days 00:07:30.880000,0 days 01:05:46.392000
2024-07-07 14:10:43.741,11128,273,7,100,False,12,car,0 days 00:07:31.200000,0 days 01:05:46.712000
2024-07-07 14:10:44.141,11397,282,7,100,False,12,car,0 days 00:07:31.600000,0 days 01:05:47.112000
2024-07-07 14:10:44.301,11506,285,7,100,False,12,car,0 days 00:07:31.760000,0 days 01:05:47.272000
2024-07-07 14:10:44.461,11542,287,7,100,False,12,car,0 days 00:07:31.920000,0 days 01:05:47.432000
2024-07-07 14:10:44.661,11542,291,7,100,False,12,car,0 days 00:07:32.120000,0 days 01:05:47.632000
2024-07-07 14:10:44.902,11623,294,7,100,False,12,car,0 days 00:07:32.361000,0 days 01:05:47.873000
2024-07-07 14:10:45.182,10579,297,8,100,False,12,car,0 days 00:07:32.641000,0 days 01:05:48.153000
2024-07-07 14:10:45.622,10799,302,8,100,False,12,car,0 days 00:07:33.081000,0 days 01:05:48.593000
2024-07-07 14:10:46.062,10920,308,8,100,False,12,car,0 days 00:07:33.521000,0 days 01:05:49.033000
2024-07-07 14:10:46.462,11060,311,8,100,False,12,car,0 days 00:07:33.921000,0 days 01:05:49.433000
2024-07-07 14:10:46.782,11170,313,8,100,False,12,car,0 days 00:07:34.241000,0 days 01:05:49.753000
2024-07-07 14:10:47.022,11223,315,8,100,False,12,car,0 days 00:07:34.481000,0 days 01:05:49.993000
2024-07-07 14:10:47.501,11313,319,8,100,False,12,car,0 days 00:07:34.960000,0 days 01:05:50.472000
2024-07-07 14:10:47.781,11379,321,8,100,False,12,car,0 days 00:07:35.240000,0 days 01:05:50.752000
2024-07-07 14:10:47.941,11368,320,8,100,False,12,car,0 days 00:07:35.400000,0 days 01:05:50.912000
2024-07-07 14:10:48.221,11359,321,8,100,False,12,car,0 days 00:07:35.680000,0 days 01:05:51.192000
2024-07-07 14:10:48.501,11443,321,8,100,False,12,car,0 days 00:07:35.960000,0 days 01:05:51.472000
2024-07-07 14:10:48.741,11446,322,8,100,False,12,car,0 days 00:07:36.200000,0 days 01:05:51.712000
2024-07-07 14:10:48.901,11451,323,8,100,False,12,car,0 days 00:07:36.360000,0 days 01:05:51.872000
2024-07-07 14:10:49.101,11477,324,8,100,False,12,car,0 days 00:07:36.560000,0 days 01:05:52.072000
2024-07-07 14:10:49.541,11459,323,8,100,False,12,car,0 days 00:07:37,0 days 01:05:52.512000
2024-07-07 14:10:49.741,11469,324,8,100,False,12,car,0 days 00:07:37.200000,0 days 01:05:52.712000
2024-07-07 14:10:49.981,11399,323,8,100,False,12,car,0 days 00:07:37.440000,0 days 01:05:52.952000
2024-07-07 14:10:50.381,10763,308,8,0,True,0,car,0 days 00:07:37.840000,0 days 01:05:53.352000
2024-07-07 14:10:50.701,10120,286,8,0,True,0,car,0 days 00:07:38.160000,0 days 01:05:53.672000
2024-07-07 14:10:50.941,10128,277,8,0,True,0,car,0 days 00:07:38.400000,0 days 01:05:53.912000
2024-07-07 14:10:51.101,10440,251,7,0,True,0,car,0 days 00:07:38.560000,0 days 01:05:54.072000
2024-07-07 14:10:51.302,10497,238,7,0,True,0,car,0 days 00:07:38.761000,0 days 01:05:54.273000
2024-07-07 14:10:51.502,10050,228,6,0,True,0,car,0 days 00:07:38.961000,0 days 01:05:54.473000
2024-07-07 14:10:51.742,9779,220,6,0,True,0,car,0 days 00:07:39.201000,0 days 01:05:54.713000
2024-07-07 14:10:52.062,10036,209,6,0,False,0,car,0 days 00:07:39.521000,0 days 01:05:55.033000
2024-07-07 14:10:52.222,10596,207,6,0,False,0,car,0 days 00:07:39.681000,0 days 01:05:55.193000
2024-07-07 14:10:52.462,10727,200,5,35,False,0,car,0 days 00:07:39.921000,0 days 01:05:55.433000
2024-07-07 14:10:52.662,10312,197,5,46,False,0,car,0 days 00:07:40.121000,0 days 01:05:55.633000
2024-07-07 14:10:52.822,10509,197,5,54,False,0,car,0 days 00:07:40.281000,0 days 01:05:55.793000
2024-07-07 14:10:53.062,10414,195,5,59,False,0,car,0 days 00:07:40.521000,0 days 01:05:56.033000
2024-07-07 14:10:53.302,10706,196,5,76,False,0,car,0 days 00:07:40.761000,0 days 01:05:56.273000
2024-07-07 14:10:53.502,10983,200,5,82,False,0,car,0 days 00:07:40.961000,0 days 01:05:56.473000
2024-07-07 14:10:53.742,10717,202,5,72,False,0,car,0 days 00:07:41.201000,0 days 01:05:56.713000
2024-07-07 14:10:54.101,10954,206,5,65,False,0,car,0 days 00:07:41.560000,0 days 01:05:57.072000
2024-07-07 14:10:54.421,11545,208,5,100,False,0,car,0 days 00:07:41.880000,0 days 01:05:57.392000
2024-07-07 14:10:54.581,11494,213,5,100,False,0,car,0 days 00:07:42.040000,0 days 01:05:57.552000
2024-07-07 14:10:54.901,11925,219,5,100,False,0,car,0 days 00:07:42.360000,0 days 01:05:57.872000
2024-07-07 14:10:55.221,10600,226,6,100,False,0,car,0 days 00:07:42.680000,0 days 01:05:58.192000
2024-07-07 14:10:55.421,10786,231,6,100,False,0,car,0 days 00:07:42.880000,0 days 01:05:58.392000
2024-07-07 14:10:55.621,10897,233,6,100,False,0,car,0 days 00:07:43.080000,0 days 01:05:58.592000
2024-07-07 14:10:55.941,11140,242,6,100,False,0,car,0 days 00:07:43.400000,0 days 01:05:58.912000
2024-07-07 14:10:56.101,11297,244,6,100,False,0,car,0 days 00:07:43.560000,0 days 01:05:59.072000
2024-07-07 14:10:56.381,11429,248,6,100,False,0,car,0 days 00:07:43.840000,0 days 01:05:59.352000
2024-07-07 14:10:56.661,11547,253,6,100,False,0,car,0 days 00:07:44.120000,0 days 01:05:59.632000
2024-07-07 14:10:56.981,11655,255,6,100,False,0,car,0 days 00:07:44.440000,0 days 01:05:59.952000
2024-07-07 14:10:57.301,11680,258,6,100,False,0,car,0 days 00:07:44.760000,0 days 01:06:00.272000
2024-07-07 14:10:57.501,10291,260,6,100,False,0,car,0 days 00:07:44.960000,0 days 01:06:00.472000
2024-07-07 14:10:57.781,10489,260,7,100,False,0,car,0 days 00:07:45.240000,0 days 01:06:00.752000
2024-07-07 14:10:58.062,10361,261,7,53,False,0,car,0 days 00:07:45.521000,0 days 01:06:01.033000
2024-07-07 14:10:58.262,10191,252,7,0,True,0,car,0 days 00:07:45.721000,0 days 01:06:01.233000
2024-07-07 14:10:58.422,9528,252,7,0,True,0,car,0 days 00:07:45.881000,0 days 01:06:01.393000
2024-07-07 14:10:58.582,9989,223,7,0,True,0,car,0 days 00:07:46.041000,0 days 01:06:01.553000
2024-07-07 14:10:58.902,9572,190,6,0,True,0,car,0 days 00:07:46.361000,0 days 01:06:01.873000
2024-07-07 14:10:59.182,9691,163,5,0,True,0,car,0 days 00:07:46.641000,0 days 01:06:02.153000
2024-07-07 14:10:59.342,8844,155,4,0,True,0,car,0 days 00:07:46.801000,0 days 01:06:02.313000
2024-07-07 14:10:59.702,9561,130,4,0,True,0,car,0 days 00:07:47.161000,0 days 01:06:02.673000
2024-07-07 14:10:59.862,8575,121,3,0,True,0,car,0 days 00:07:47.321000,0 days 01:06:02.833000
2024-07-07 14:11:00.182,7987,112,3,0,True,0,car,0 days 00:07:47.641000,0 days 01:06:03.153000
2024-07-07 14:11:00.422,7565,106,3,0,True,0,car,0 days 00:07:47.881000,0 days 01:06:03.393000
2024-07-07 14:11:00.741,7250,99,3,1,False,0,car,0 days 00:07:48.200000,0 days 01:06:03.712000
2024-07-07 14:11:00.981,7151,95,3,7,False,0,car,0 days 00:07:48.440000,0 days 01:06:03.952000
2024-07-07 14:11:01.221,7330,94,3,29,False,0,car,0 days 00:07:48.680000,0 days 01:06:04.192000
2024-07-07 14:11:01.541,7840,96,3,47,False,0,car,0 days 00:07:49,0 days 01:06:04.512000
2024-07-07 14:11:01.861,8195,102,3,56,False,0,car,0 days 00:07:49.320000,0 days 01:06:04.832000
2024-07-07 14:11:02.021,8311,108,3,57,False,0,car,0 days 00:07:49.480000,0 days 01:06:04.992000
2024-07-07 14:11:02.221,7331,114,3,42,False,0,car,0 days 00:07:49.680000,0 days 01:06:05.192000
2024-07-07 14:11:02.501,7444,116,4,40,False,0,car,0 days 00:07:49.960000,0 days 01:06:05.472000
2024-07-07 14:11:02.781,7351,116,4,0,False,0,car,0 days 00:07:50.240000,0 days 01:06:05.752000
2024-07-07 14:11:03.101,7330,114,4,27,False,0,car,0 days 00:07:50.560000,0 days 01:06:06.072000
2024-07-07 14:11:03.341,7702,116,4,48,False,0,car,0 days 00:07:50.800000,0 days 01:06:06.312000
2024-07-07 14:11:03.541,7681,116,4,55,False,0,car,0 days 00:07:51,0 days 01:06:06.512000
2024-07-07 14:11:03.821,8168,123,4,64,False,0,car,0 days 00:07:51.280000,0 days 01:06:06.792000
2024-07-07 14:11:04.061,8630,130,4,74,False,0,car,0 days 00:07:51.520000,0 days 01:06:07.032000
2024-07-07 14:11:04.221,8956,134,4,74,False,0,car,0 days 00:07:51.680000,0 days 01:06:07.192000
2024-07-07 14:11:04.582,9632,146,4,92,False,0,car,0 days 00:07:52.041000,0 days 01:06:07.553000
2024-07-07 14:11:04.862,10330,159,4,100,False,0,car,0 days 00:07:52.321000,0 days 01:06:07.833000
2024-07-07 14:11:05.222,11237,171,4,100,False,0,car,0 days 00:07:52.681000,0 days 01:06:08.193000
2024-07-07 14:11:05.542,11944,182,4,100,False,0,car,0 days 00:07:53.001000,0 days 01:06:08.513000
2024-07-07 14:11:05.822,10620,189,5,100,False,0,car,0 days 00:07:53.281000,0 days 01:06:08.793000
2024-07-07 14:11:06.062,10902,201,5,100,False,0,car,0 days 00:07:53.521000,0 days 01:06:09.033000
2024-07-07 14:11:06.302,11273,205,5,100,False,0,car,0 days 00:07:53.761000,0 days 01:06:09.273000
2024-07-07 14:11:06.662,11618,216,5,100,False,0,car,0 days 00:07:54.121000,0 days 01:06:09.633000
2024-07-07 14:11:06.862,11826,221,5,100,False,0,car,0 days 00:07:54.321000,0 days 01:06:09.833000
2024-07-07 14:11:07.062,11326,224,5,100,False,0,car,0 days 00:07:54.521000,0 days 01:06:10.033000
2024-07-07 14:11:07.222,10431,226,6,100,False,0,car,0 days 00:07:54.681000,0 days 01:06:10.193000
2024-07-07 14:11:07.541,10809,232,6,100,False,0,car,0 days 00:07:55,0 days 01:06:10.512000
2024-07-07 14:11:07.781,10913,237,6,100,False,0,car,0 days 00:07:55.240000,0 days 01:06:10.752000
2024-07-07 14:11:08.181,11258,245,6,100,False,0,car,0 days 00:07:55.640000,0 days 01:06:11.152000
2024-07-07 14:11:08.341,11387,246,6,100,False,0,car,0 days 00:07:55.800000,0 days 01:06:11.312000
2024-07-07 14:11:08.501,11554,250,6,100,False,0,car,0 days 00:07:55.960000,0 days 01:06:11.472000
2024-07-07 14:11:08.741,11702,254,6,100,False,0,car,0 days 00:07:56.200000,0 days 01:06:11.712000
2024-07-07 14:11:08.901,11781,257,6,100,False,0,car,0 days 00:07:56.360000,0 days 01:06:11.872000
2024-07-07 14:11:09.341,10762,263,7,100,False,0,car,0 days 00:07:56.800000,0 days 01:06:12.312000
2024-07-07 14:11:09.581,10732,268,7,100,False,0,car,0 days 00:07:57.040000,0 days 01:06:12.552000
2024-07-07 14:11:09.781,10814,271,7,100,False,0,car,0 days 00:07:57.240000,0 days 01:06:12.752000
2024-07-07 14:11:09.981,10951,274,7,100,False,0,car,0 days 00:07:57.440000,0 days 01:06:12.952000
2024-07-07 14:11:10.461,11163,279,7,100,False,0,car,0 days 00:07:57.920000,0 days 01:06:13.432000
2024-07-07 14:11:10.621,11233,280,7,100,False,0,car,0 days 00:07:58.080000,0 days 01:06:13.592000
2024-07-07 14:11:10.781,11269,280,7,100,False,0,car,0 days 00:07:58.240000,0 days 01:06:13.752000
2024-07-07 14:11:11.062,11394,284,7,100,False,0,car,0 days 00:07:58.521000,0 days 01:06:14.033000
2024-07-07 14:11:11.382,11477,287,7,100,False,0,car,0 days 00:07:58.841000,0 days 01:06:14.353000
2024-07-07 14:11:11.702,11595,290,7,100,False,0,car,0 days 00:07:59.161000,0 days 01:06:14.673000
2024-07-07 14:11:12.022,11661,292,7,100,False,0,car,0 days 00:07:59.481000,0 days 01:06:14.993000
2024-07-07 14:11:12.262,11723,292,7,100,False,0,car,0 days 00:07:59.721000,0 days 01:06:15.233000
2024-07-07 14:11:12.462,10463,294,7,100,False,0,car,0 days 00:07:59.921000,0 days 01:06:15.433000
2024-07-07 14:11:12.622,10496,295,8,100,False,0,car,0 days 00:08:00.081000,0 days 01:06:15.593000
2024-07-07 14:11:12.862,10566,297,8,100,False,0,car,0 days 00:08:00.321000,0 days 01:06:15.833000
2024-07-07 14:11:13.062,10626,296,8,100,False,0,car,0 days 00:08:00.521000,0 days 01:06:16.033000
2024-07-07 14:11:13.222,10609,298,8,100,False,0,car,0 days 00:08:00.681000,0 days 01:06:16.193000
2024-07-07 14:11:13.422,10594,296,8,100,False,0,car,0 days 00:08:00.881000,0 days 01:06:16.393000
2024-07-07 14:11:13.742,10603,295,8,100,False,0,car,0 days 00:08:01.201000,0 days 01:06:16.713000
2024-07-07 14:11:14.022,10607,294,8,100,False,0,car,0 days 00:08:01.481000,0 days 01:06:16.993000
2024-07-07 14:11:14.182,10487,293,8,100,False,0,car,0 days 00:08:01.641000,0 days 01:06:17.153000
2024-07-07 14:11:14.421,10487,292,8,100,False,0,car,0 days 00:08:01.880000,0 days 01:06:17.392000
2024-07-07 14:11:14.621,10397,291,8,100,False,0,car,0 days 00:08:02.080000,0 days 01:06:17.592000
2024-07-07 14:11:14.821,10386,290,8,100,False,0,car,0 days 00:08:02.280000,0 days 01:06:17.792000
2024-07-07 14:11:15.021,10397,291,8,100,False,0,car,0 days 00:08:02.480000,0 days 01:06:17.992000
2024-07-07 14:11:15.301,10374,290,8,100,False,0,car,0 days 00:08:02.760000,0 days 01:06:18.272000
2024-07-07 14:11:15.781,10441,294,8,100,False,0,car,0 days 00:08:03.240000,0 days 01:06:18.752000
2024-07-07 14:11:16.021,10427,293,8,100,False,0,car,0 days 00:08:03.480000,0 days 01:06:18.992000
2024-07-07 14:11:16.261,10382,291,8,100,False,0,car,0 days 00:08:03.720000,0 days 01:06:19.232000
2024-07-07 14:11:16.541,10298,290,8,100,False,0,car,0 days 00:08:04,0 days 01:06:19.512000
2024-07-07 14:11:16.981,10196,286,8,100,False,0,car,0 days 00:08:04.440000,0 days 01:06:19.952000
2024-07-07 14:11:17.181,10184,285,8,100,False,0,car,0 days 00:08:04.640000,0 days 01:06:20.152000
2024-07-07 14:11:17.501,10069,284,8,100,False,0,car,0 days 00:08:04.960000,0 days 01:06:20.472000
2024-07-07 14:11:17.662,10050,282,8,100,False,0,car,0 days 00:08:05.121000,0 days 01:06:20.633000
2024-07-07 14:11:17.902,9887,282,8,100,False,0,car,0 days 00:08:05.361000,0 days 01:06:20.873000
2024-07-07 14:11:18.222,9496,270,8,0,True,0,car,0 days 00:08:05.681000,0 days 01:06:21.193000
2024-07-07 14:11:18.382,9225,247,8,0,True,0,car,0 days 00:08:05.841000,0 days 01:06:21.353000
2024-07-07 14:11:18.582,8738,226,8,0,True,0,car,0 days 00:08:06.041000,0 days 01:06:21.553000
2024-07-07 14:11:18.862,8923,200,7,0,True,0,car,0 days 00:08:06.321000,0 days 01:06:21.833000
2024-07-07 14:11:19.182,9100,177,5,0,True,0,car,0 days 00:08:06.641000,0 days 01:06:22.153000
2024-07-07 14:11:19.422,9803,165,5,0,True,0,car,0 days 00:08:06.881000,0 days 01:06:22.393000
2024-07-07 14:11:19.662,9607,150,4,0,True,0,car,0 days 00:08:07.121000,0 days 01:06:22.633000
2024-07-07 14:11:19.902,8509,142,4,0,True,0,car,0 days 00:08:07.361000,0 days 01:06:22.873000
2024-07-07 14:11:20.182,7984,131,4,0,True,0,car,0 days 00:08:07.641000,0 days 01:06:23.153000
2024-07-07 14:11:20.382,7644,125,4,0,True,0,car,0 days 00:08:07.841000,0 days 01:06:23.353000
2024-07-07 14:11:20.662,8296,115,4,0,True,0,car,0 days 00:08:08.121000,0 days 01:06:23.633000
2024-07-07 14:11:20.862,8140,111,4,0,True,0,car,0 days 00:08:08.321000,0 days 01:06:23.833000
2024-07-07 14:11:21.021,7805,108,3,0,True,0,car,0 days 00:08:08.480000,0 days 01:06:23.992000
2024-07-07 14:11:21.261,7552,103,3,0,False,0,car,0 days 00:08:08.720000,0 days 01:06:24.232000
2024-07-07 14:11:21.541,7426,101,3,9,False,0,car,0 days 00:08:09,0 days 01:06:24.512000
2024-07-07 14:11:21.941,7574,99,3,34,False,0,car,0 days 00:08:09.400000,0 days 01:06:24.912000
2024-07-07 14:11:22.101,7800,101,3,36,False,0,car,0 days 00:08:09.560000,0 days 01:06:25.072000
2024-07-07 14:11:22.341,7950,103,3,44,False,0,car,0 days 00:08:09.800000,0 days 01:06:25.312000
2024-07-07 14:11:22.781,8510,110,3,54,False,0,car,0 days 00:08:10.240000,0 days 01:06:25.752000
2024-07-07 14:11:22.941,8862,112,3,57,False,0,car,0 days 00:08:10.400000,0 days 01:06:25.912000
2024-07-07 14:11:23.181,9241,120,3,64,False,0,car,0 days 00:08:10.640000,0 days 01:06:26.152000
2024-07-07 14:11:23.541,10078,128,3,74,False,0,car,0 days 00:08:11,0 days 01:06:26.512000
2024-07-07 14:11:23.781,10104,134,3,49,True,8,car,0 days 00:08:11.240000,0 days 01:06:26.752000
2024-07-07 14:11:24.021,8868,125,3,0,True,8,car,0 days 00:08:11.480000,0 days 01:06:26.992000
2024-07-07 14:11:24.182,8407,118,3,0,True,8,car,0 days 00:08:11.641000,0 days 01:06:27.153000
2024-07-07 14:11:24.542,7591,109,3,0,True,8,car,0 days 00:08:12.001000,0 days 01:06:27.513000
2024-07-07 14:11:24.782,7356,99,3,0,True,8,car,0 days 00:08:12.241000,0 days 01:06:27.753000
2024-07-07 14:11:25.102,6861,94,3,0,True,8,car,0 days 00:08:12.561000,0 days 01:06:28.073000
2024-07-07 14:11:25.302,6680,91,3,0,True,8,car,0 days 00:08:12.761000,0 days 01:06:28.273000
2024-07-07 14:11:25.462,6632,91,3,2,False,8,car,0 days 00:08:12.921000,0 days 01:06:28.433000
2024-07-07 14:11:25.822,6323,86,3,0,False,8,car,0 days 00:08:13.281000,0 days 01:06:28.793000
2024-07-07 14:11:26.222,6145,82,3,11,False,8,car,0 days 00:08:13.681000,0 days 01:06:29.193000
2024-07-07 14:11:26.462,6654,83,3,23,False,8,car,0 days 00:08:13.921000,0 days 01:06:29.433000
2024-07-07 14:11:26.702,6712,86,3,34,False,8,car,0 days 00:08:14.161000,0 days 01:06:29.673000
2024-07-07 14:11:26.862,7024,89,3,44,False,8,car,0 days 00:08:14.321000,0 days 01:06:29.833000
2024-07-07 14:11:27.022,7330,89,3,47,False,8,car,0 days 00:08:14.481000,0 days 01:06:29.993000
2024-07-07 14:11:27.182,7505,95,3,48,False,8,car,0 days 00:08:14.641000,0 days 01:06:30.153000
2024-07-07 14:11:27.502,8129,102,3,54,False,8,car,0 days 00:08:14.961000,0 days 01:06:30.473000
2024-07-07 14:11:27.821,8831,111,3,67,False,8,car,0 days 00:08:15.280000,0 days 01:06:30.792000
2024-07-07 14:11:28.141,9750,120,3,76,False,8,car,0 days 00:08:15.600000,0 days 01:06:31.112000
2024-07-07 14:11:28.341,10612,123,3,88,False,8,car,0 days 00:08:15.800000,0 days 01:06:31.312000
2024-07-07 14:11:28.581,11523,141,3,100,False,8,car,0 days 00:08:16.040000,0 days 01:06:31.552000
2024-07-07 14:11:28.981,10443,160,4,100,False,8,car,0 days 00:08:16.440000,0 days 01:06:31.952000
2024-07-07 14:11:29.181,10942,169,4,100,False,8,car,0 days 00:08:16.640000,0 days 01:06:32.152000
2024-07-07 14:11:29.541,11139,181,4,100,False,8,car,0 days 00:08:17,0 days 01:06:32.512000
2024-07-07 14:11:29.741,10428,188,5,100,False,8,car,0 days 00:08:17.200000,0 days 01:06:32.712000
2024-07-07 14:11:30.061,10856,201,5,100,False,8,car,0 days 00:08:17.520000,0 days 01:06:33.032000
2024-07-07 14:11:30.421,11370,207,5,100,False,8,car,0 days 00:08:17.880000,0 days 01:06:33.392000
2024-07-07 14:11:30.782,11762,219,5,100,False,8,car,0 days 00:08:18.241000,0 days 01:06:33.753000
2024-07-07 14:11:30.942,11241,221,5,100,False,8,car,0 days 00:08:18.401000,0 days 01:06:33.913000
2024-07-07 14:11:31.102,10443,225,5,100,False,8,car,0 days 00:08:18.561000,0 days 01:06:34.073000
2024-07-07 14:11:31.302,10767,230,6,100,False,8,car,0 days 00:08:18.761000,0 days 01:06:34.273000
2024-07-07 14:11:31.662,10872,236,6,100,False,8,car,0 days 00:08:19.121000,0 days 01:06:34.633000
2024-07-07 14:11:31.942,11125,238,6,100,False,14,car,0 days 00:08:19.401000,0 days 01:06:34.913000
2024-07-07 14:11:32.222,11377,244,6,100,False,12,car,0 days 00:08:19.681000,0 days 01:06:35.193000
2024-07-07 14:11:32.462,11653,249,6,100,False,12,car,0 days 00:08:19.921000,0 days 01:06:35.433000
2024-07-07 14:11:32.902,11741,258,6,100,False,12,car,0 days 00:08:20.361000,0 days 01:06:35.873000
2024-07-07 14:11:33.062,10621,262,6,100,False,12,car,0 days 00:08:20.521000,0 days 01:06:36.033000
2024-07-07 14:11:33.222,10594,262,7,100,False,12,car,0 days 00:08:20.681000,0 days 01:06:36.193000
2024-07-07 14:11:33.422,10770,266,7,100,False,12,car,0 days 00:08:20.881000,0 days 01:06:36.393000
2024-07-07 14:11:33.702,10978,270,7,100,False,12,car,0 days 00:08:21.161000,0 days 01:06:36.673000
2024-07-07 14:11:34.102,11108,277,7,100,False,12,car,0 days 00:08:21.561000,0 days 01:06:37.073000
2024-07-07 14:11:34.381,11292,281,7,100,False,12,car,0 days 00:08:21.840000,0 days 01:06:37.352000
2024-07-07 14:11:34.701,11514,285,7,100,False,12,car,0 days 00:08:22.160000,0 days 01:06:37.672000
2024-07-07 14:11:35.141,11675,291,7,100,False,12,car,0 days 00:08:22.600000,0 days 01:06:38.112000
2024-07-07 14:11:35.461,11201,294,7,100,False,12,car,0 days 00:08:22.920000,0 days 01:06:38.432000
2024-07-07 14:11:35.661,10565,297,8,100,False,12,car,0 days 00:08:23.120000,0 days 01:06:38.632000
2024-07-07 14:11:35.941,10626,299,8,100,False,12,car,0 days 00:08:23.400000,0 days 01:06:38.912000
2024-07-07 14:11:36.381,10710,302,8,100,False,12,car,0 days 00:08:23.840000,0 days 01:06:39.352000
2024-07-07 14:11:36.581,10720,303,8,100,False,12,car,0 days 00:08:24.040000,0 days 01:06:39.552000
2024-07-07 14:11:36.781,10791,303,8,100,False,12,car,0 days 00:08:24.240000,0 days 01:06:39.752000
2024-07-07 14:11:36.941,10766,304,8,100,False,12,car,0 days 00:08:24.400000,0 days 01:06:39.912000
2024-07-07 14:11:37.261,10835,305,8,100,False,12,car,0 days 00:08:24.720000,0 days 01:06:40.232000
2024-07-07 14:11:37.502,10875,305,8,100,False,12,car,0 days 00:08:24.961000,0 days 01:06:40.473000
2024-07-07 14:11:37.702,10892,306,8,100,False,12,car,0 days 00:08:25.161000,0 days 01:06:40.673000
2024-07-07 14:11:37.902,10923,307,8,100,False,12,car,0 days 00:08:25.361000,0 days 01:06:40.873000
2024-07-07 14:11:38.182,10885,307,8,100,False,12,car,0 days 00:08:25.641000,0 days 01:06:41.153000
2024-07-07 14:11:38.342,10868,306,8,100,False,12,car,0 days 00:08:25.801000,0 days 01:06:41.313000
2024-07-07 14:11:38.702,9746,288,8,0,True,0,car,0 days 00:08:26.161000,0 days 01:06:41.673000
2024-07-07 14:11:39.062,9524,258,8,0,True,0,car,0 days 00:08:26.521000,0 days 01:06:42.033000
2024-07-07 14:11:39.262,8920,229,7,0,True,0,car,0 days 00:08:26.721000,0 days 01:06:42.233000
2024-07-07 14:11:39.582,9213,207,6,0,True,0,car,0 days 00:08:27.041000,0 days 01:06:42.553000
2024-07-07 14:11:39.822,9854,197,6,0,True,0,car,0 days 00:08:27.281000,0 days 01:06:42.793000
2024-07-07 14:11:40.062,9476,183,5,0,True,0,car,0 days 00:08:27.521000,0 days 01:06:43.033000
2024-07-07 14:11:40.422,8884,174,5,0,True,0,car,0 days 00:08:27.881000,0 days 01:06:43.393000
2024-07-07 14:11:40.662,8517,163,5,0,True,0,car,0 days 00:08:28.121000,0 days 01:06:43.633000
2024-07-07 14:11:40.942,9474,158,5,0,True,0,car,0 days 00:08:28.401000,0 days 01:06:43.913000
2024-07-07 14:11:41.221,9385,151,4,0,False,0,car,0 days 00:08:28.680000,0 days 01:06:44.192000
2024-07-07 14:11:41.501,9097,147,4,20,False,0,car,0 days 00:08:28.960000,0 days 01:06:44.472000
2024-07-07 14:11:41.741,9116,145,4,42,False,0,car,0 days 00:08:29.200000,0 days 01:06:44.712000
2024-07-07 14:11:41.901,9133,143,4,44,False,0,car,0 days 00:08:29.360000,0 days 01:06:44.872000
2024-07-07 14:11:42.261,9360,146,4,52,False,0,car,0 days 00:08:29.720000,0 days 01:06:45.232000
2024-07-07 14:11:42.501,9608,148,4,59,False,0,car,0 days 00:08:29.960000,0 days 01:06:45.472000
2024-07-07 14:11:42.981,10037,157,4,74,False,0,car,0 days 00:08:30.440000,0 days 01:06:45.952000
2024-07-07 14:11:43.181,10218,159,4,75,False,0,car,0 days 00:08:30.640000,0 days 01:06:46.152000
2024-07-07 14:11:43.381,10665,166,4,78,False,0,car,0 days 00:08:30.840000,0 days 01:06:46.352000
2024-07-07 14:11:43.541,10064,169,4,0,True,0,car,0 days 00:08:31,0 days 01:06:46.512000
2024-07-07 14:11:43.741,9352,157,4,0,True,0,car,0 days 00:08:31.200000,0 days 01:06:46.712000
2024-07-07 14:11:43.902,8733,148,4,0,True,0,car,0 days 00:08:31.361000,0 days 01:06:46.873000
2024-07-07 14:11:44.182,8649,135,4,0,True,0,car,0 days 00:08:31.641000,0 days 01:06:47.153000
2024-07-07 14:11:44.342,7923,132,4,0,True,0,car,0 days 00:08:31.801000,0 days 01:06:47.313000
2024-07-07 14:11:44.622,7870,123,4,0,True,0,car,0 days 00:08:32.081000,0 days 01:06:47.593000
2024-07-07 14:11:44.862,8535,116,4,0,True,0,car,0 days 00:08:32.321000,0 days 01:06:47.833000
2024-07-07 14:11:45.062,8049,110,3,0,True,0,car,0 days 00:08:32.521000,0 days 01:06:48.033000
2024-07-07 14:11:45.422,7467,102,3,0,True,0,car,0 days 00:08:32.881000,0 days 01:06:48.393000
2024-07-07 14:11:45.822,7223,98,3,0,False,0,car,0 days 00:08:33.281000,0 days 01:06:48.793000
2024-07-07 14:11:46.262,7420,96,3,39,False,0,car,0 days 00:08:33.721000,0 days 01:06:49.233000
2024-07-07 14:11:46.462,7712,99,3,47,False,0,car,0 days 00:08:33.921000,0 days 01:06:49.433000
2024-07-07 14:11:46.662,8053,99,3,51,False,0,car,0 days 00:08:34.121000,0 days 01:06:49.633000
2024-07-07 14:11:46.822,8356,105,3,54,False,0,car,0 days 00:08:34.281000,0 days 01:06:49.793000
2024-07-07 14:11:47.302,7676,115,3,52,False,0,car,0 days 00:08:34.761000,0 days 01:06:50.273000
2024-07-07 14:11:47.582,8036,120,4,57,False,0,car,0 days 00:08:35.041000,0 days 01:06:50.553000
2024-07-07 14:11:47.901,8524,127,4,61,False,0,car,0 days 00:08:35.360000,0 days 01:06:50.872000
2024-07-07 14:11:48.101,8674,131,4,61,False,0,car,0 days 00:08:35.560000,0 days 01:06:51.072000
2024-07-07 14:11:48.341,9253,138,4,79,False,0,car,0 days 00:08:35.800000,0 days 01:06:51.312000
2024-07-07 14:11:48.501,9434,143,4,79,False,0,car,0 days 00:08:35.960000,0 days 01:06:51.472000
2024-07-07 14:11:48.701,10045,150,4,88,False,0,car,0 days 00:08:36.160000,0 days 01:06:51.672000
2024-07-07 14:11:49.141,10621,165,4,96,False,0,car,0 days 00:08:36.600000,0 days 01:06:52.112000
2024-07-07 14:11:49.301,11321,174,4,100,False,0,car,0 days 00:08:36.760000,0 days 01:06:52.272000
2024-07-07 14:11:49.621,11020,183,4,100,False,0,car,0 days 00:08:37.080000,0 days 01:06:52.592000
2024-07-07 14:11:49.781,10332,191,4,100,False,0,car,0 days 00:08:37.240000,0 days 01:06:52.752000
2024-07-07 14:11:50.021,10910,197,5,100,False,0,car,0 days 00:08:37.480000,0 days 01:06:52.992000
2024-07-07 14:11:50.421,11304,210,5,100,False,0,car,0 days 00:08:37.880000,0 days 01:06:53.392000
2024-07-07 14:11:50.702,11487,218,5,100,False,0,car,0 days 00:08:38.161000,0 days 01:06:53.673000
2024-07-07 14:11:51.022,10444,225,6,100,False,0,car,0 days 00:08:38.481000,0 days 01:06:53.993000
2024-07-07 14:11:51.222,10694,227,6,100,False,0,car,0 days 00:08:38.681000,0 days 01:06:54.193000
2024-07-07 14:11:51.662,11057,240,6,100,False,0,car,0 days 00:08:39.121000,0 days 01:06:54.633000
2024-07-07 14:11:51.862,11227,244,6,100,False,0,car,0 days 00:08:39.321000,0 days 01:06:54.833000
2024-07-07 14:11:52.022,11386,244,6,100,False,0,car,0 days 00:08:39.481000,0 days 01:06:54.993000
2024-07-07 14:11:52.262,11537,251,6,100,False,0,car,0 days 00:08:39.721000,0 days 01:06:55.233000
2024-07-07 14:11:52.422,11639,253,6,100,False,0,car,0 days 00:08:39.881000,0 days 01:06:55.393000
2024-07-07 14:11:52.662,11797,257,6,100,False,0,car,0 days 00:08:40.121000,0 days 01:06:55.633000
2024-07-07 14:11:52.902,10397,260,6,100,False,0,car,0 days 00:08:40.361000,0 days 01:06:55.873000
2024-07-07 14:11:53.102,10592,262,7,100,False,0,car,0 days 00:08:40.561000,0 days 01:06:56.073000
2024-07-07 14:11:53.422,10747,266,7,100,False,0,car,0 days 00:08:40.881000,0 days 01:06:56.393000
2024-07-07 14:11:53.742,10864,269,7,100,False,0,car,0 days 00:08:41.201000,0 days 01:06:56.713000
2024-07-07 14:11:54.102,11054,272,7,100,False,0,car,0 days 00:08:41.561000,0 days 01:06:57.073000
2024-07-07 14:11:54.302,11114,275,7,100,False,0,car,0 days 00:08:41.761000,0 days 01:06:57.273000
2024-07-07 14:11:54.541,11193,276,7,100,False,0,car,0 days 00:08:42,0 days 01:06:57.512000
2024-07-07 14:11:54.781,11234,280,7,100,False,0,car,0 days 00:08:42.240000,0 days 01:06:57.752000
2024-07-07 14:11:54.941,11330,281,7,100,False,0,car,0 days 00:08:42.400000,0 days 01:06:57.912000
2024-07-07 14:11:55.381,11451,285,7,100,False,0,car,0 days 00:08:42.840000,0 days 01:06:58.352000
2024-07-07 14:11:55.821,11563,289,7,100,False,0,car,0 days 00:08:43.280000,0 days 01:06:58.792000
2024-07-07 14:11:56.021,11590,289,7,100,False,0,car,0 days 00:08:43.480000,0 days 01:06:58.992000
2024-07-07 14:11:56.381,11680,291,7,100,False,0,car,0 days 00:08:43.840000,0 days 01:06:59.352000
2024-07-07 14:11:56.621,11770,293,7,100,False,0,car,0 days 00:08:44.080000,0 days 01:06:59.592000
2024-07-07 14:11:56.901,11663,296,7,100,False,0,car,0 days 00:08:44.360000,0 days 01:06:59.872000
2024-07-07 14:11:57.102,10574,295,7,100,False,0,car,0 days 00:08:44.561000,0 days 01:07:00.073000
2024-07-07 14:11:57.462,10589,299,8,100,False,0,car,0 days 00:08:44.921000,0 days 01:07:00.433000
2024-07-07 14:11:57.742,10612,298,8,100,False,0,car,0 days 00:08:45.201000,0 days 01:07:00.713000
2024-07-07 14:11:58.022,10707,300,8,100,False,0,car,0 days 00:08:45.481000,0 days 01:07:00.993000
2024-07-07 14:11:58.222,10768,301,8,100,False,0,car,0 days 00:08:45.681000,0 days 01:07:01.193000
2024-07-07 14:11:58.542,10733,302,8,98,False,0,car,0 days 00:08:46.001000,0 days 01:07:01.513000
2024-07-07 14:11:58.742,10676,303,8,65,False,0,car,0 days 00:08:46.201000,0 days 01:07:01.713000
2024-07-07 14:11:59.142,10451,299,8,0,False,0,car,0 days 00:08:46.601000,0 days 01:07:02.113000
2024-07-07 14:11:59.342,11233,290,8,0,False,0,car,0 days 00:08:46.801000,0 days 01:07:02.313000
2024-07-07 14:11:59.502,11240,290,8,0,False,0,car,0 days 00:08:46.961000,0 days 01:07:02.473000
2024-07-07 14:11:59.742,10960,277,7,8,False,0,car,0 days 00:08:47.201000,0 days 01:07:02.713000
2024-07-07 14:11:59.902,10541,270,7,49,False,0,car,0 days 00:08:47.361000,0 days 01:07:02.873000
2024-07-07 14:12:00.102,10676,266,7,73,False,0,car,0 days 00:08:47.561000,0 days 01:07:03.073000
2024-07-07 14:12:00.302,10606,263,7,83,False,0,car,0 days 00:08:47.761000,0 days 01:07:03.273000
2024-07-07 14:12:00.622,10713,262,7,100,False,0,car,0 days 00:08:48.081000,0 days 01:07:03.593000
2024-07-07 14:12:00.942,10656,263,7,100,False,0,car,0 days 00:08:48.401000,0 days 01:07:03.913000
2024-07-07 14:12:01.142,10684,265,7,100,False,0,car,0 days 00:08:48.601000,0 days 01:07:04.113000
2024-07-07 14:12:01.301,10724,266,7,100,False,0,car,0 days 00:08:48.760000,0 days 01:07:04.272000
2024-07-07 14:12:01.661,10897,270,7,100,False,0,car,0 days 00:08:49.120000,0 days 01:07:04.632000
2024-07-07 14:12:01.821,10907,271,7,100,False,0,car,0 days 00:08:49.280000,0 days 01:07:04.792000
2024-07-07 14:12:02.061,10924,273,7,100,False,0,car,0 days 00:08:49.520000,0 days 01:07:05.032000
2024-07-07 14:12:02.261,11047,273,7,100,False,0,car,0 days 00:08:49.720000,0 days 01:07:05.232000
2024-07-07 14:12:02.501,11034,277,7,100,False,0,car,0 days 00:08:49.960000,0 days 01:07:05.472000
2024-07-07 14:12:02.701,11176,278,7,100,False,0,car,0 days 00:08:50.160000,0 days 01:07:05.672000
2024-07-07 14:12:03.101,11261,280,7,100,False,0,car,0 days 00:08:50.560000,0 days 01:07:06.072000
2024-07-07 14:12:03.421,11384,283,7,100,False,0,car,0 days 00:08:50.880000,0 days 01:07:06.392000
2024-07-07 14:12:03.581,11405,284,7,100,False,0,car,0 days 00:08:51.040000,0 days 01:07:06.552000
2024-07-07 14:12:03.902,11482,287,7,100,False,0,car,0 days 00:08:51.361000,0 days 01:07:06.873000
2024-07-07 14:12:04.102,11526,288,7,100,False,0,car,0 days 00:08:51.561000,0 days 01:07:07.073000
2024-07-07 14:12:04.582,11667,292,7,100,False,0,car,0 days 00:08:52.041000,0 days 01:07:07.553000
2024-07-07 14:12:04.822,11563,292,7,100,False,0,car,0 days 00:08:52.281000,0 days 01:07:07.793000
2024-07-07 14:12:04.982,10759,294,7,100,False,0,car,0 days 00:08:52.441000,0 days 01:07:07.953000
2024-07-07 14:12:05.342,10548,296,8,100,False,0,car,0 days 00:08:52.801000,0 days 01:07:08.313000
2024-07-07 14:12:05.582,10579,297,8,100,False,0,car,0 days 00:08:53.041000,0 days 01:07:08.553000
2024-07-07 14:12:05.982,10582,297,8,100,False,0,car,0 days 00:08:53.441000,0 days 01:07:08.953000
2024-07-07 14:12:06.382,10612,299,8,100,False,0,car,0 days 00:08:53.841000,0 days 01:07:09.353000
2024-07-07 14:12:06.622,10579,299,8,100,False,0,car,0 days 00:08:54.081000,0 days 01:07:09.593000
2024-07-07 14:12:06.982,10567,297,8,100,False,0,car,0 days 00:08:54.441000,0 days 01:07:09.953000
2024-07-07 14:12:07.222,10522,297,8,100,False,0,car,0 days 00:08:54.681000,0 days 01:07:10.193000
2024-07-07 14:12:07.422,10379,295,8,49,False,0,car,0 days 00:08:54.881000,0 days 01:07:10.393000
2024-07-07 14:12:07.822,10094,283,8,56,False,0,car,0 days 00:08:55.281000,0 days 01:07:10.793000
2024-07-07 14:12:07.981,9755,276,8,74,False,0,car,0 days 00:08:55.440000,0 days 01:07:10.952000
2024-07-07 14:12:08.181,9751,274,8,100,False,0,car,0 days 00:08:55.640000,0 days 01:07:11.152000
2024-07-07 14:12:08.501,9720,273,8,100,False,0,car,0 days 00:08:55.960000,0 days 01:07:11.472000
2024-07-07 14:12:08.661,9698,272,8,100,False,0,car,0 days 00:08:56.120000,0 days 01:07:11.632000
2024-07-07 14:12:08.821,9695,272,8,100,False,0,car,0 days 00:08:56.280000,0 days 01:07:11.792000
2024-07-07 14:12:09.101,9715,274,8,100,False,0,car,0 days 00:08:56.560000,0 days 01:07:12.072000
2024-07-07 14:12:09.421,9167,274,8,0,True,0,car,0 days 00:08:56.880000,0 days 01:07:12.392000
2024-07-07 14:12:09.661,10190,259,8,0,True,0,car,0 days 00:08:57.120000,0 days 01:07:12.632000
2024-07-07 14:12:09.941,9850,251,7,0,False,0,car,0 days 00:08:57.400000,0 days 01:07:12.912000
2024-07-07 14:12:10.141,9634,244,7,25,False,0,car,0 days 00:08:57.600000,0 days 01:07:13.112000
2024-07-07 14:12:10.302,9627,239,7,41,False,0,car,0 days 00:08:57.761000,0 days 01:07:13.273000
2024-07-07 14:12:10.622,9535,235,7,69,False,0,car,0 days 00:08:58.081000,0 days 01:07:13.593000
2024-07-07 14:12:10.822,9344,235,7,13,False,0,car,0 days 00:08:58.281000,0 days 01:07:13.793000
2024-07-07 14:12:10.982,9031,231,7,0,True,0,car,0 days 00:08:58.441000,0 days 01:07:13.953000
2024-07-07 14:12:11.222,9659,227,7,0,True,0,car,0 days 00:08:58.681000,0 days 01:07:14.193000
2024-07-07 14:12:11.502,9348,208,7,0,True,0,car,0 days 00:08:58.961000,0 days 01:07:14.473000
2024-07-07 14:12:11.742,9602,201,6,0,True,0,car,0 days 00:08:59.201000,0 days 01:07:14.713000
2024-07-07 14:12:11.942,10119,195,5,0,False,0,car,0 days 00:08:59.401000,0 days 01:07:14.913000
2024-07-07 14:12:12.182,9979,188,5,3,False,0,car,0 days 00:08:59.641000,0 days 01:07:15.153000
2024-07-07 14:12:12.382,10126,186,5,59,False,0,car,0 days 00:08:59.841000,0 days 01:07:15.353000
2024-07-07 14:12:12.782,10406,192,5,100,False,0,car,0 days 00:09:00.241000,0 days 01:07:15.753000
2024-07-07 14:12:13.142,10965,198,5,100,False,0,car,0 days 00:09:00.601000,0 days 01:07:16.113000
2024-07-07 14:12:13.382,11118,206,5,100,False,0,car,0 days 00:09:00.841000,0 days 01:07:16.353000
2024-07-07 14:12:13.582,11319,210,5,100,False,0,car,0 days 00:09:01.041000,0 days 01:07:16.553000
2024-07-07 14:12:13.742,11423,210,5,100,False,0,car,0 days 00:09:01.201000,0 days 01:07:16.713000
2024-07-07 14:12:14.102,10879,221,5,100,False,0,car,0 days 00:09:01.561000,0 days 01:07:17.073000
2024-07-07 14:12:14.422,10611,229,6,100,False,0,car,0 days 00:09:01.881000,0 days 01:07:17.393000
2024-07-07 14:12:14.582,10742,232,6,100,False,0,car,0 days 00:09:02.041000,0 days 01:07:17.553000
2024-07-07 14:12:14.781,10953,235,6,100,False,0,car,0 days 00:09:02.240000,0 days 01:07:17.752000
2024-07-07 14:12:14.981,11000,239,6,100,False,0,car,0 days 00:09:02.440000,0 days 01:07:17.952000
2024-07-07 14:12:15.261,11208,244,6,100,False,0,car,0 days 00:09:02.720000,0 days 01:07:18.232000
2024-07-07 14:12:15.461,11355,248,6,100,False,0,car,0 days 00:09:02.920000,0 days 01:07:18.432000
2024-07-07 14:12:15.861,11641,254,6,100,False,0,car,0 days 00:09:03.320000,0 days 01:07:18.832000
2024-07-07 14:12:16.101,11726,257,6,100,False,0,car,0 days 00:09:03.560000,0 days 01:07:19.072000
2024-07-07 14:12:16.301,11145,259,6,100,False,0,car,0 days 00:09:03.760000,0 days 01:07:19.272000
2024-07-07 14:12:16.461,10426,263,7,100,False,0,car,0 days 00:09:03.920000,0 days 01:07:19.432000
2024-07-07 14:12:16.661,10580,265,7,100,False,0,car,0 days 00:09:04.120000,0 days 01:07:19.632000
2024-07-07 14:12:16.982,10812,269,7,100,False,0,car,0 days 00:09:04.441000,0 days 01:07:19.953000
2024-07-07 14:12:17.302,10926,273,7,100,False,0,car,0 days 00:09:04.761000,0 days 01:07:20.273000
2024-07-07 14:12:17.662,11113,276,7,100,False,0,car,0 days 00:09:05.121000,0 days 01:07:20.633000
2024-07-07 14:12:17.902,11170,279,7,100,False,0,car,0 days 00:09:05.361000,0 days 01:07:20.873000
2024-07-07 14:12:18.062,11272,281,7,100,False,0,car,0 days 00:09:05.521000,0 days 01:07:21.033000
2024-07-07 14:12:18.382,11361,284,7,100,False,0,car,0 days 00:09:05.841000,0 days 01:07:21.353000
2024-07-07 14:12:18.662,11482,287,7,100,False,0,car,0 days 00:09:06.121000,0 days 01:07:21.633000
2024-07-07 14:12:18.902,11517,288,7,100,False,0,car,0 days 00:09:06.361000,0 days 01:07:21.873000
2024-07-07 14:12:19.102,11590,289,7,100,False,0,car,0 days 00:09:06.561000,0 days 01:07:22.073000
2024-07-07 14:12:19.382,11677,292,7,100,False,0,car,0 days 00:09:06.841000,0 days 01:07:22.353000
2024-07-07 14:12:19.622,11569,293,7,100,False,0,car,0 days 00:09:07.081000,0 days 01:07:22.593000
2024-07-07 14:12:20.062,10576,297,8,100,False,0,car,0 days 00:09:07.521000,0 days 01:07:23.033000
2024-07-07 14:12:20.262,10584,299,8,100,False,0,car,0 days 00:09:07.721000,0 days 01:07:23.233000
2024-07-07 14:12:20.462,10613,298,8,100,False,0,car,0 days 00:09:07.921000,0 days 01:07:23.433000
2024-07-07 14:12:20.622,10630,300,8,100,False,0,car,0 days 00:09:08.081000,0 days 01:07:23.593000
2024-07-07 14:12:20.902,10683,301,8,100,False,0,car,0 days 00:09:08.361000,0 days 01:07:23.873000
2024-07-07 14:12:21.262,10687,300,8,100,False,0,car,0 days 00:09:08.721000,0 days 01:07:24.233000
2024-07-07 14:12:21.421,10688,301,8,100,False,0,car,0 days 00:09:08.880000,0 days 01:07:24.392000
2024-07-07 14:12:21.621,10652,301,8,100,False,0,car,0 days 00:09:09.080000,0 days 01:07:24.592000
2024-07-07 14:12:21.821,10667,300,8,100,False,0,car,0 days 00:09:09.280000,0 days 01:07:24.792000
2024-07-07 14:12:22.061,10655,301,8,100,False,0,car,0 days 00:09:09.520000,0 days 01:07:25.032000
2024-07-07 14:12:22.301,10682,300,8,100,False,0,car,0 days 00:09:09.760000,0 days 01:07:25.272000
2024-07-07 14:12:22.461,10643,300,8,100,False,0,car,0 days 00:09:09.920000,0 days 01:07:25.432000
2024-07-07 14:12:22.701,10644,300,8,100,False,0,car,0 days 00:09:10.160000,0 days 01:07:25.672000
2024-07-07 14:12:22.901,10618,300,8,100,False,0,car,0 days 00:09:10.360000,0 days 01:07:25.872000
2024-07-07 14:12:23.141,10615,299,8,100,False,0,car,0 days 00:09:10.600000,0 days 01:07:26.112000
2024-07-07 14:12:23.462,10530,298,8,100,False,0,car,0 days 00:09:10.921000,0 days 01:07:26.433000
2024-07-07 14:12:23.782,10462,295,8,100,False,0,car,0 days 00:09:11.241000,0 days 01:07:26.753000
2024-07-07 14:12:24.142,10710,294,8,0,True,0,car,0 days 00:09:11.601000,0 days 01:07:27.113000
2024-07-07 14:12:24.342,9760,285,8,0,True,0,car,0 days 00:09:11.801000,0 days 01:07:27.313000
2024-07-07 14:12:24.502,9501,270,8,0,True,0,car,0 days 00:09:11.961000,0 days 01:07:27.473000
2024-07-07 14:12:24.702,10176,253,8,0,True,0,car,0 days 00:09:12.161000,0 days 01:07:27.673000
2024-07-07 14:12:24.902,9370,239,8,0,True,0,car,0 days 00:09:12.361000,0 days 01:07:27.873000
2024-07-07 14:12:25.222,9926,223,6,0,True,0,car,0 days 00:09:12.681000,0 days 01:07:28.193000
2024-07-07 14:12:25.622,9560,212,6,0,False,0,car,0 days 00:09:13.081000,0 days 01:07:28.593000
2024-07-07 14:12:26.022,9132,203,6,19,False,0,car,0 days 00:09:13.481000,0 days 01:07:28.993000
2024-07-07 14:12:26.462,8870,194,6,43,False,0,car,0 days 00:09:13.921000,0 days 01:07:29.433000
2024-07-07 14:12:26.782,8909,193,6,51,False,0,car,0 days 00:09:14.241000,0 days 01:07:29.753000
2024-07-07 14:12:27.062,9250,194,6,74,False,0,car,0 days 00:09:14.521000,0 days 01:07:30.033000
2024-07-07 14:12:27.422,9306,198,6,100,False,0,car,0 days 00:09:14.881000,0 days 01:07:30.393000
2024-07-07 14:12:27.902,9737,209,6,100,False,0,car,0 days 00:09:15.361000,0 days 01:07:30.873000
2024-07-07 14:12:28.181,10018,215,6,100,False,0,car,0 days 00:09:15.640000,0 days 01:07:31.152000
2024-07-07 14:12:28.421,10214,220,6,100,False,0,car,0 days 00:09:15.880000,0 days 01:07:31.392000
2024-07-07 14:12:28.701,10465,225,6,100,False,0,car,0 days 00:09:16.160000,0 days 01:07:31.672000
2024-07-07 14:12:29.021,10791,231,6,100,False,0,car,0 days 00:09:16.480000,0 days 01:07:31.992000
2024-07-07 14:12:29.221,10911,236,6,100,False,0,car,0 days 00:09:16.680000,0 days 01:07:32.192000
2024-07-07 14:12:29.501,11094,242,6,100,False,0,car,0 days 00:09:16.960000,0 days 01:07:32.472000
2024-07-07 14:12:29.861,11328,247,6,100,False,0,car,0 days 00:09:17.320000,0 days 01:07:32.832000
2024-07-07 14:12:30.062,11453,251,6,100,False,0,car,0 days 00:09:17.521000,0 days 01:07:33.033000
2024-07-07 14:12:30.262,11496,253,6,100,False,0,car,0 days 00:09:17.721000,0 days 01:07:33.233000
2024-07-07 14:12:30.462,11570,254,6,100,False,0,car,0 days 00:09:17.921000,0 days 01:07:33.433000
2024-07-07 14:12:30.742,11717,255,6,100,False,0,car,0 days 00:09:18.201000,0 days 01:07:33.713000
2024-07-07 14:12:30.902,11741,257,6,100,False,0,car,0 days 00:09:18.361000,0 days 01:07:33.873000
2024-07-07 14:12:31.142,11797,259,6,100,False,0,car,0 days 00:09:18.601000,0 days 01:07:34.113000
2024-07-07 14:12:31.302,11832,259,6,100,False,0,car,0 days 00:09:18.761000,0 days 01:07:34.273000
2024-07-07 14:12:31.582,11773,259,6,100,False,0,car,0 days 00:09:19.041000,0 days 01:07:34.553000
2024-07-07 14:12:31.822,11249,257,6,0,True,0,car,0 days 00:09:19.281000,0 days 01:07:34.793000
2024-07-07 14:12:32.062,10537,233,6,0,True,0,car,0 days 00:09:19.521000,0 days 01:07:35.033000
2024-07-07 14:12:32.262,9565,211,6,0,True,0,car,0 days 00:09:19.721000,0 days 01:07:35.233000
2024-07-07 14:12:32.542,9462,188,6,0,True,0,car,0 days 00:09:20.001000,0 days 01:07:35.513000
2024-07-07 14:12:32.902,9271,151,5,0,True,0,car,0 days 00:09:20.361000,0 days 01:07:35.873000
2024-07-07 14:12:33.062,9206,138,4,0,True,0,car,0 days 00:09:20.521000,0 days 01:07:36.033000
2024-07-07 14:12:33.302,8990,127,3,0,True,0,car,0 days 00:09:20.761000,0 days 01:07:36.273000
2024-07-07 14:12:33.542,8297,118,3,0,True,0,car,0 days 00:09:21.001000,0 days 01:07:36.513000
2024-07-07 14:12:33.942,7675,106,3,0,True,0,car,0 days 00:09:21.401000,0 days 01:07:36.913000
2024-07-07 14:12:34.102,7503,102,3,0,True,0,car,0 days 00:09:21.561000,0 days 01:07:37.073000
2024-07-07 14:12:34.342,7224,100,3,0,False,0,car,0 days 00:09:21.801000,0 days 01:07:37.313000
2024-07-07 14:12:34.502,7178,98,3,2,False,0,car,0 days 00:09:21.961000,0 days 01:07:37.473000
2024-07-07 14:12:34.742,7185,96,3,16,False,0,car,0 days 00:09:22.201000,0 days 01:07:37.713000
2024-07-07 14:12:35.141,7702,97,3,44,False,0,car,0 days 00:09:22.600000,0 days 01:07:38.112000
2024-07-07 14:12:35.301,7725,99,3,44,False,0,car,0 days 00:09:22.760000,0 days 01:07:38.272000
2024-07-07 14:12:35.461,7872,103,3,48,False,0,car,0 days 00:09:22.920000,0 days 01:07:38.432000
2024-07-07 14:12:35.661,8109,107,3,50,False,0,car,0 days 00:09:23.120000,0 days 01:07:38.632000
2024-07-07 14:12:35.901,7585,112,3,42,False,0,car,0 days 00:09:23.360000,0 days 01:07:38.872000
2024-07-07 14:12:36.181,7352,114,4,40,False,0,car,0 days 00:09:23.640000,0 days 01:07:39.152000
2024-07-07 14:12:36.461,7405,117,4,23,False,0,car,0 days 00:09:23.920000,0 days 01:07:39.432000
2024-07-07 14:12:36.782,7494,114,4,12,False,0,car,0 days 00:09:24.241000,0 days 01:07:39.753000
2024-07-07 14:12:37.182,7764,116,4,49,False,0,car,0 days 00:09:24.641000,0 days 01:07:40.153000
2024-07-07 14:12:37.502,8117,122,4,61,False,0,car,0 days 00:09:24.961000,0 days 01:07:40.473000
2024-07-07 14:12:37.822,8737,130,4,65,False,0,car,0 days 00:09:25.281000,0 days 01:07:40.793000
2024-07-07 14:12:38.022,8952,135,4,75,False,0,car,0 days 00:09:25.481000,0 days 01:07:40.993000
2024-07-07 14:12:38.342,9632,143,4,85,False,0,car,0 days 00:09:25.801000,0 days 01:07:41.313000
2024-07-07 14:12:38.582,10103,150,4,82,False,0,car,0 days 00:09:26.041000,0 days 01:07:41.553000
2024-07-07 14:12:38.742,10587,157,4,100,False,0,car,0 days 00:09:26.201000,0 days 01:07:41.713000
2024-07-07 14:12:39.062,11247,172,4,100,False,0,car,0 days 00:09:26.521000,0 days 01:07:42.033000
2024-07-07 14:12:39.382,10236,184,4,100,False,0,car,0 days 00:09:26.841000,0 days 01:07:42.353000
2024-07-07 14:12:39.542,10377,187,5,100,False,0,car,0 days 00:09:27.001000,0 days 01:07:42.513000
2024-07-07 14:12:39.822,10822,196,5,100,False,0,car,0 days 00:09:27.281000,0 days 01:07:42.793000
2024-07-07 14:12:40.062,11115,205,5,100,False,0,car,0 days 00:09:27.521000,0 days 01:07:43.033000
2024-07-07 14:12:40.302,11350,211,5,100,False,0,car,0 days 00:09:27.761000,0 days 01:07:43.273000
2024-07-07 14:12:40.582,11746,217,5,100,False,0,car,0 days 00:09:28.041000,0 days 01:07:43.553000
2024-07-07 14:12:40.782,11837,222,5,100,False,0,car,0 days 00:09:28.241000,0 days 01:07:43.753000
2024-07-07 14:12:40.982,10577,226,5,100,False,0,car,0 days 00:09:28.441000,0 days 01:07:43.953000
2024-07-07 14:12:41.222,10772,230,6,100,False,0,car,0 days 00:09:28.681000,0 days 01:07:44.193000
2024-07-07 14:12:41.382,10839,233,6,100,False,0,car,0 days 00:09:28.841000,0 days 01:07:44.353000
2024-07-07 14:12:41.621,11037,237,6,100,False,0,car,0 days 00:09:29.080000,0 days 01:07:44.592000
2024-07-07 14:12:41.781,11037,241,6,100,False,0,car,0 days 00:09:29.240000,0 days 01:07:44.752000
2024-07-07 14:12:42.021,11329,245,6,100,False,0,car,0 days 00:09:29.480000,0 days 01:07:44.992000
2024-07-07 14:12:42.341,11568,251,6,100,False,0,car,0 days 00:09:29.800000,0 days 01:07:45.312000
2024-07-07 14:12:42.621,11792,256,6,100,False,0,car,0 days 00:09:30.080000,0 days 01:07:45.592000
2024-07-07 14:12:42.981,10689,262,7,100,False,0,car,0 days 00:09:30.440000,0 days 01:07:45.952000
2024-07-07 14:12:43.142,10608,263,7,100,False,0,car,0 days 00:09:30.601000,0 days 01:07:46.113000
2024-07-07 14:12:43.382,10768,268,7,100,False,0,car,0 days 00:09:30.841000,0 days 01:07:46.353000
2024-07-07 14:12:43.702,10897,272,7,100,False,0,car,0 days 00:09:31.161000,0 days 01:07:46.673000
2024-07-07 14:12:43.902,10992,274,7,100,False,0,car,0 days 00:09:31.361000,0 days 01:07:46.873000
2024-07-07 14:12:44.182,11139,276,7,100,False,0,car,0 days 00:09:31.641000,0 days 01:07:47.153000
2024-07-07 14:12:44.502,11259,281,7,100,False,0,car,0 days 00:09:31.961000,0 days 01:07:47.473000
2024-07-07 14:12:44.662,11310,281,7,100,False,0,car,0 days 00:09:32.121000,0 days 01:07:47.633000
2024-07-07 14:12:44.982,11423,285,7,100,False,0,car,0 days 00:09:32.441000,0 days 01:07:47.953000
2024-07-07 14:12:45.222,11488,287,7,100,False,0,car,0 days 00:09:32.681000,0 days 01:07:48.193000
2024-07-07 14:12:45.422,11571,287,7,100,False,0,car,0 days 00:09:32.881000,0 days 01:07:48.393000
2024-07-07 14:12:45.662,11609,289,7,100,False,0,car,0 days 00:09:33.121000,0 days 01:07:48.633000
2024-07-07 14:12:45.862,11667,292,7,100,False,0,car,0 days 00:09:33.321000,0 days 01:07:48.833000
2024-07-07 14:12:46.022,11720,292,7,100,False,0,car,0 days 00:09:33.481000,0 days 01:07:48.993000
2024-07-07 14:12:46.222,11580,294,7,100,False,0,car,0 days 00:09:33.681000,0 days 01:07:49.193000
2024-07-07 14:12:46.462,10538,296,8,100,False,0,car,0 days 00:09:33.921000,0 days 01:07:49.433000
2024-07-07 14:12:46.822,10542,297,8,94,False,0,car,0 days 00:09:34.281000,0 days 01:07:49.793000
2024-07-07 14:12:47.102,10520,296,8,81,False,0,car,0 days 00:09:34.561000,0 days 01:07:50.073000
2024-07-07 14:12:47.502,10392,291,8,65,False,0,car,0 days 00:09:34.961000,0 days 01:07:50.473000
2024-07-07 14:12:47.662,10304,288,8,82,False,0,car,0 days 00:09:35.121000,0 days 01:07:50.633000
2024-07-07 14:12:48.062,10308,284,8,100,False,0,car,0 days 00:09:35.521000,0 days 01:07:51.033000
2024-07-07 14:12:48.222,10211,286,8,100,False,0,car,0 days 00:09:35.681000,0 days 01:07:51.193000
2024-07-07 14:12:48.541,10155,284,8,100,False,0,car,0 days 00:09:36,0 days 01:07:51.512000
2024-07-07 14:12:48.781,10163,284,8,100,False,0,car,0 days 00:09:36.240000,0 days 01:07:51.752000
2024-07-07 14:12:49.021,10166,284,8,100,False,0,car,0 days 00:09:36.480000,0 days 01:07:51.992000
2024-07-07 14:12:49.341,10145,284,8,100,False,0,car,0 days 00:09:36.800000,0 days 01:07:52.312000
2024-07-07 14:12:49.621,10176,286,8,100,False,0,car,0 days 00:09:37.080000,0 days 01:07:52.592000
2024-07-07 14:12:49.942,10156,285,8,100,False,0,car,0 days 00:09:37.401000,0 days 01:07:52.913000
2024-07-07 14:12:50.182,10137,284,8,100,False,0,car,0 days 00:09:37.641000,0 days 01:07:53.153000
2024-07-07 14:12:50.342,10102,283,8,100,False,0,car,0 days 00:09:37.801000,0 days 01:07:53.313000
2024-07-07 14:12:50.542,10116,282,8,100,False,0,car,0 days 00:09:38.001000,0 days 01:07:53.513000
2024-07-07 14:12:50.702,10041,281,8,100,False,0,car,0 days 00:09:38.161000,0 days 01:07:53.673000
2024-07-07 14:12:50.982,10015,280,8,100,False,0,car,0 days 00:09:38.441000,0 days 01:07:53.953000
2024-07-07 14:12:51.142,9962,279,8,100,False,0,car,0 days 00:09:38.601000,0 days 01:07:54.113000
2024-07-07 14:12:51.662,9858,278,8,100,False,0,car,0 days 00:09:39.121000,0 days 01:07:54.633000
2024-07-07 14:12:52.062,9448,277,8,28,False,0,car,0 days 00:09:39.521000,0 days 01:07:55.033000
2024-07-07 14:12:52.262,9189,264,8,0,True,0,car,0 days 00:09:39.721000,0 days 01:07:55.233000
2024-07-07 14:12:52.622,8751,232,8,0,True,0,car,0 days 00:09:40.081000,0 days 01:07:55.593000
2024-07-07 14:12:52.782,8751,210,7,0,True,0,car,0 days 00:09:40.241000,0 days 01:07:55.753000
2024-07-07 14:12:53.222,8624,173,6,0,True,0,car,0 days 00:09:40.681000,0 days 01:07:56.193000
2024-07-07 14:12:53.662,8676,144,4,0,True,0,car,0 days 00:09:41.121000,0 days 01:07:56.633000
2024-07-07 14:12:53.862,8256,135,4,0,True,0,car,0 days 00:09:41.321000,0 days 01:07:56.833000
2024-07-07 14:12:54.062,9091,128,4,0,True,0,car,0 days 00:09:41.521000,0 days 01:07:57.033000
2024-07-07 14:12:54.342,8561,121,3,0,True,0,car,0 days 00:09:41.801000,0 days 01:07:57.313000
2024-07-07 14:12:54.502,8312,116,3,0,True,0,car,0 days 00:09:41.961000,0 days 01:07:57.473000
2024-07-07 14:12:54.742,7695,110,3,0,True,0,car,0 days 00:09:42.201000,0 days 01:07:57.713000
2024-07-07 14:12:55.021,7294,102,3,0,True,0,car,0 days 00:09:42.480000,0 days 01:07:57.992000
2024-07-07 14:12:55.181,7242,96,3,0,True,0,car,0 days 00:09:42.640000,0 days 01:07:58.152000
2024-07-07 14:12:55.381,7043,95,3,0,False,0,car,0 days 00:09:42.840000,0 days 01:07:58.352000
2024-07-07 14:12:55.621,7350,93,3,27,False,0,car,0 days 00:09:43.080000,0 days 01:07:58.592000
2024-07-07 14:12:55.861,7330,94,3,39,False,0,car,0 days 00:09:43.320000,0 days 01:07:58.832000
2024-07-07 14:12:56.061,7598,97,3,41,False,0,car,0 days 00:09:43.520000,0 days 01:07:59.032000
2024-07-07 14:12:56.262,7796,100,3,44,False,0,car,0 days 00:09:43.721000,0 days 01:07:59.233000
2024-07-07 14:12:56.462,7987,103,3,50,False,0,car,0 days 00:09:43.921000,0 days 01:07:59.433000
2024-07-07 14:12:56.782,8437,111,3,57,False,0,car,0 days 00:09:44.241000,0 days 01:07:59.753000
2024-07-07 14:12:57.022,9160,116,3,68,False,0,car,0 days 00:09:44.481000,0 days 01:07:59.993000
2024-07-07 14:12:57.422,10047,129,3,77,False,0,car,0 days 00:09:44.881000,0 days 01:08:00.393000
2024-07-07 14:12:57.702,9713,138,3,0,True,0,car,0 days 00:09:45.161000,0 days 01:08:00.673000
2024-07-07 14:12:57.902,9024,130,3,0,True,0,car,0 days 00:09:45.361000,0 days 01:08:00.873000
2024-07-07 14:12:58.182,8212,116,3,0,True,0,car,0 days 00:09:45.641000,0 days 01:08:01.153000
2024-07-07 14:12:58.382,7820,110,3,0,True,0,car,0 days 00:09:45.841000,0 days 01:08:01.353000
2024-07-07 14:12:58.742,7214,100,3,0,True,0,car,0 days 00:09:46.201000,0 days 01:08:01.713000
2024-07-07 14:12:59.062,8020,91,3,0,True,0,car,0 days 00:09:46.521000,0 days 01:08:02.033000
2024-07-07 14:12:59.382,7690,88,2,0,False,0,car,0 days 00:09:46.841000,0 days 01:08:02.353000
2024-07-07 14:12:59.662,7340,83,2,0,False,0,car,0 days 00:09:47.121000,0 days 01:08:02.633000
2024-07-07 14:12:59.862,7206,81,2,0,False,0,car,0 days 00:09:47.321000,0 days 01:08:02.833000
2024-07-07 14:13:00.022,7066,81,2,1,False,0,car,0 days 00:09:47.481000,0 days 01:08:02.993000
2024-07-07 14:13:00.302,7183,79,2,20,False,0,car,0 days 00:09:47.761000,0 days 01:08:03.273000
2024-07-07 14:13:00.662,7543,83,2,36,False,0,car,0 days 00:09:48.121000,0 days 01:08:03.633000
2024-07-07 14:13:00.862,7543,86,2,36,False,0,car,0 days 00:09:48.321000,0 days 01:08:03.833000
2024-07-07 14:13:01.142,8444,88,2,48,False,0,car,0 days 00:09:48.601000,0 days 01:08:04.113000
2024-07-07 14:13:01.502,7725,99,2,51,False,0,car,0 days 00:09:48.961000,0 days 01:08:04.473000
2024-07-07 14:13:01.742,8461,104,3,64,False,0,car,0 days 00:09:49.201000,0 days 01:08:04.713000
2024-07-07 14:13:02.101,9309,118,3,73,False,0,car,0 days 00:09:49.560000,0 days 01:08:05.072000
2024-07-07 14:13:02.421,10444,129,3,88,False,0,car,0 days 00:09:49.880000,0 days 01:08:05.392000
2024-07-07 14:13:02.701,11467,143,3,94,False,0,car,0 days 00:09:50.160000,0 days 01:08:05.672000
2024-07-07 14:13:03.022,10487,156,4,100,False,0,car,0 days 00:09:50.481000,0 days 01:08:05.993000
2024-07-07 14:13:03.182,10777,166,4,100,False,0,car,0 days 00:09:50.641000,0 days 01:08:06.153000
2024-07-07 14:13:03.462,11290,179,4,100,False,0,car,0 days 00:09:50.921000,0 days 01:08:06.433000
2024-07-07 14:13:03.782,11668,188,4,100,False,0,car,0 days 00:09:51.241000,0 days 01:08:06.753000
2024-07-07 14:13:04.022,10525,195,5,100,False,0,car,0 days 00:09:51.481000,0 days 01:08:06.993000
2024-07-07 14:13:04.182,10870,202,5,100,False,0,car,0 days 00:09:51.641000,0 days 01:08:07.153000
2024-07-07 14:13:04.382,11116,204,5,100,False,0,car,0 days 00:09:51.841000,0 days 01:08:07.353000
2024-07-07 14:13:04.822,11766,217,5,100,False,0,car,0 days 00:09:52.281000,0 days 01:08:07.793000
2024-07-07 14:13:05.222,10434,225,5,100,False,0,car,0 days 00:09:52.681000,0 days 01:08:08.193000
2024-07-07 14:13:05.422,10734,229,6,100,False,0,car,0 days 00:09:52.881000,0 days 01:08:08.393000
2024-07-07 14:13:05.862,11002,238,6,100,False,0,car,0 days 00:09:53.321000,0 days 01:08:08.833000
2024-07-07 14:13:06.302,11277,245,6,100,False,0,car,0 days 00:09:53.761000,0 days 01:08:09.273000
2024-07-07 14:13:06.622,11508,250,6,100,False,0,car,0 days 00:09:54.081000,0 days 01:08:09.593000
2024-07-07 14:13:06.822,11643,252,6,100,False,0,car,0 days 00:09:54.281000,0 days 01:08:09.793000
2024-07-07 14:13:07.142,11509,257,6,100,False,0,car,0 days 00:09:54.601000,0 days 01:08:10.113000
2024-07-07 14:13:07.342,10798,259,6,100,False,0,car,0 days 00:09:54.801000,0 days 01:08:10.313000
2024-07-07 14:13:07.742,10665,265,7,100,False,0,car,0 days 00:09:55.201000,0 days 01:08:10.713000
2024-07-07 14:13:08.022,10808,267,7,100,False,0,car,0 days 00:09:55.481000,0 days 01:08:10.993000
2024-07-07 14:13:08.342,10907,271,7,100,False,0,car,0 days 00:09:55.801000,0 days 01:08:11.313000
2024-07-07 14:13:08.541,11000,272,7,100,False,0,car,0 days 00:09:56,0 days 01:08:11.512000
2024-07-07 14:13:08.701,11014,276,7,100,False,0,car,0 days 00:09:56.160000,0 days 01:08:11.672000
2024-07-07 14:13:08.861,11064,278,7,100,False,0,car,0 days 00:09:56.320000,0 days 01:08:11.832000
2024-07-07 14:13:09.021,11154,278,7,100,False,0,car,0 days 00:09:56.480000,0 days 01:08:11.992000
2024-07-07 14:13:09.261,11224,279,7,100,False,0,car,0 days 00:09:56.720000,0 days 01:08:12.232000
2024-07-07 14:13:09.502,11287,281,7,100,False,0,car,0 days 00:09:56.961000,0 days 01:08:12.473000
2024-07-07 14:13:09.782,11286,283,7,100,False,0,car,0 days 00:09:57.241000,0 days 01:08:12.753000
2024-07-07 14:13:09.942,11366,283,7,100,False,0,car,0 days 00:09:57.401000,0 days 01:08:12.913000
2024-07-07 14:13:10.342,11421,285,7,100,False,0,car,0 days 00:09:57.801000,0 days 01:08:13.313000
2024-07-07 14:13:10.582,11429,286,7,100,False,0,car,0 days 00:09:58.041000,0 days 01:08:13.553000
2024-07-07 14:13:10.942,11423,285,7,100,False,0,car,0 days 00:09:58.401000,0 days 01:08:13.913000
2024-07-07 14:13:11.382,11390,285,7,100,False,0,car,0 days 00:09:58.841000,0 days 01:08:14.353000
2024-07-07 14:13:11.742,11445,287,7,100,False,0,car,0 days 00:09:59.201000,0 days 01:08:14.713000
2024-07-07 14:13:11.902,11440,286,7,100,False,0,car,0 days 00:09:59.361000,0 days 01:08:14.873000
2024-07-07 14:13:12.262,11433,288,7,100,False,0,car,0 days 00:09:59.721000,0 days 01:08:15.233000
2024-07-07 14:13:12.422,11414,287,7,100,False,0,car,0 days 00:09:59.881000,0 days 01:08:15.393000
2024-07-07 14:13:12.702,10890,281,7,0,False,0,car,0 days 00:10:00.161000,0 days 01:08:15.673000
2024-07-07 14:13:13.022,10364,271,7,0,True,0,car,0 days 00:10:00.481000,0 days 01:08:15.993000
2024-07-07 14:13:13.262,9944,249,7,0,True,0,car,0 days 00:10:00.721000,0 days 01:08:16.233000
2024-07-07 14:13:13.462,9961,223,7,0,True,0,car,0 days 00:10:00.921000,0 days 01:08:16.433000
2024-07-07 14:13:13.622,9716,216,6,0,True,0,car,0 days 00:10:01.081000,0 days 01:08:16.593000
2024-07-07 14:13:13.822,10719,203,6,0,True,0,car,0 days 00:10:01.281000,0 days 01:08:16.793000
2024-07-07 14:13:13.982,9999,194,5,0,True,0,car,0 days 00:10:01.441000,0 days 01:08:16.953000
2024-07-07 14:13:14.302,9274,184,5,0,True,0,car,0 days 00:10:01.761000,0 days 01:08:17.273000
2024-07-07 14:13:14.462,9928,172,5,0,True,0,car,0 days 00:10:01.921000,0 days 01:08:17.433000
2024-07-07 14:13:14.662,9952,164,4,0,True,0,car,0 days 00:10:02.121000,0 days 01:08:17.633000
2024-07-07 14:13:14.862,9608,156,4,0,True,0,car,0 days 00:10:02.321000,0 days 01:08:17.833000
2024-07-07 14:13:15.022,9342,153,4,0,True,0,car,0 days 00:10:02.481000,0 days 01:08:17.993000
2024-07-07 14:13:15.301,9188,147,4,0,False,0,car,0 days 00:10:02.760000,0 days 01:08:18.272000
2024-07-07 14:13:15.461,8973,144,4,2,False,0,car,0 days 00:10:02.920000,0 days 01:08:18.432000
2024-07-07 14:13:15.661,8903,141,4,16,False,0,car,0 days 00:10:03.120000,0 days 01:08:18.632000
2024-07-07 14:13:15.982,8562,139,4,9,False,0,car,0 days 00:10:03.441000,0 days 01:08:18.953000
2024-07-07 14:13:16.222,8591,137,4,32,False,0,car,0 days 00:10:03.681000,0 days 01:08:19.193000
2024-07-07 14:13:16.942,9213,141,4,60,False,0,car,0 days 00:10:04.401000,0 days 01:08:19.913000
2024-07-07 14:13:17.182,9429,146,4,61,False,0,car,0 days 00:10:04.641000,0 days 01:08:20.153000
2024-07-07 14:13:17.422,9634,149,4,63,False,0,car,0 days 00:10:04.881000,0 days 01:08:20.393000
2024-07-07 14:13:17.822,10015,156,4,63,False,0,car,0 days 00:10:05.281000,0 days 01:08:20.793000
2024-07-07 14:13:18.102,9405,160,4,0,True,0,car,0 days 00:10:05.561000,0 days 01:08:21.073000
2024-07-07 14:13:18.302,9285,152,4,0,True,0,car,0 days 00:10:05.761000,0 days 01:08:21.273000
2024-07-07 14:13:18.462,9026,143,4,0,True,0,car,0 days 00:10:05.921000,0 days 01:08:21.433000
2024-07-07 14:13:18.622,8508,140,4,0,True,0,car,0 days 00:10:06.081000,0 days 01:08:21.593000
2024-07-07 14:13:18.902,8273,132,4,0,True,0,car,0 days 00:10:06.361000,0 days 01:08:21.873000
2024-07-07 14:13:19.102,8147,128,4,0,True,0,car,0 days 00:10:06.561000,0 days 01:08:22.073000
2024-07-07 14:13:19.342,8002,123,4,0,True,0,car,0 days 00:10:06.801000,0 days 01:08:22.313000
2024-07-07 14:13:19.622,8587,120,3,0,True,0,car,0 days 00:10:07.081000,0 days 01:08:22.593000
2024-07-07 14:13:19.822,8151,114,3,0,True,0,car,0 days 00:10:07.281000,0 days 01:08:22.793000
2024-07-07 14:13:19.982,8112,110,3,0,True,0,car,0 days 00:10:07.441000,0 days 01:08:22.953000
2024-07-07 14:13:20.182,7807,106,3,0,True,0,car,0 days 00:10:07.641000,0 days 01:08:23.153000
2024-07-07 14:13:20.542,7490,102,3,0,False,0,car,0 days 00:10:08.001000,0 days 01:08:23.513000
2024-07-07 14:13:20.702,7409,100,3,1,False,0,car,0 days 00:10:08.161000,0 days 01:08:23.673000
2024-07-07 14:13:20.862,7202,99,3,23,False,0,car,0 days 00:10:08.321000,0 days 01:08:23.833000
2024-07-07 14:13:21.022,7669,99,3,36,False,0,car,0 days 00:10:08.481000,0 days 01:08:23.993000
2024-07-07 14:13:21.222,7728,101,3,29,False,0,car,0 days 00:10:08.681000,0 days 01:08:24.193000
2024-07-07 14:13:21.542,7918,101,3,35,False,0,car,0 days 00:10:09.001000,0 days 01:08:24.513000
2024-07-07 14:13:21.822,7837,102,3,46,False,0,car,0 days 00:10:09.281000,0 days 01:08:24.793000
2024-07-07 14:13:22.181,8519,110,3,54,False,0,car,0 days 00:10:09.640000,0 days 01:08:25.152000
2024-07-07 14:13:22.501,9074,116,3,61,False,0,car,0 days 00:10:09.960000,0 days 01:08:25.472000
2024-07-07 14:13:22.782,9726,124,3,70,False,0,car,0 days 00:10:10.241000,0 days 01:08:25.753000
2024-07-07 14:13:23.102,10200,133,3,77,False,0,car,0 days 00:10:10.561000,0 days 01:08:26.073000
2024-07-07 14:13:23.422,9814,145,3,80,False,0,car,0 days 00:10:10.881000,0 days 01:08:26.393000
2024-07-07 14:13:23.782,10641,159,4,100,False,0,car,0 days 00:10:11.241000,0 days 01:08:26.753000
2024-07-07 14:13:24.182,11414,173,4,100,False,0,car,0 days 00:10:11.641000,0 days 01:08:27.153000
2024-07-07 14:13:24.382,11390,178,4,100,False,0,car,0 days 00:10:11.841000,0 days 01:08:27.353000
2024-07-07 14:13:24.582,10351,187,4,100,False,0,car,0 days 00:10:12.041000,0 days 01:08:27.553000
2024-07-07 14:13:24.902,10984,198,5,100,False,0,car,0 days 00:10:12.361000,0 days 01:08:27.873000
2024-07-07 14:13:25.262,11310,210,5,100,False,0,car,0 days 00:10:12.721000,0 days 01:08:28.233000
2024-07-07 14:13:25.622,11825,219,5,100,False,0,car,0 days 00:10:13.081000,0 days 01:08:28.593000
2024-07-07 14:13:25.862,11529,227,5,100,False,0,car,0 days 00:10:13.321000,0 days 01:08:28.833000
2024-07-07 14:13:26.062,10821,231,5,100,False,0,car,0 days 00:10:13.521000,0 days 01:08:29.033000
2024-07-07 14:13:26.302,10809,235,6,100,False,0,car,0 days 00:10:13.761000,0 days 01:08:29.273000
2024-07-07 14:13:26.502,10929,240,6,100,False,0,car,0 days 00:10:13.961000,0 days 01:08:29.473000
2024-07-07 14:13:26.702,11208,245,6,100,False,0,car,0 days 00:10:14.161000,0 days 01:08:29.673000
2024-07-07 14:13:26.942,11445,247,6,100,False,0,car,0 days 00:10:14.401000,0 days 01:08:29.913000
2024-07-07 14:13:27.182,11537,253,6,100,False,0,car,0 days 00:10:14.641000,0 days 01:08:30.153000
2024-07-07 14:13:27.342,11732,254,6,100,False,0,car,0 days 00:10:14.801000,0 days 01:08:30.313000
2024-07-07 14:13:27.622,10973,259,6,100,False,0,car,0 days 00:10:15.081000,0 days 01:08:30.593000
2024-07-07 14:13:27.822,10358,261,7,100,False,0,car,0 days 00:10:15.281000,0 days 01:08:30.793000
2024-07-07 14:13:28.102,10647,264,7,100,False,0,car,0 days 00:10:15.561000,0 days 01:08:31.073000
2024-07-07 14:13:28.422,10845,267,7,100,False,0,car,0 days 00:10:15.881000,0 days 01:08:31.393000
2024-07-07 14:13:28.622,10958,271,7,100,False,0,car,0 days 00:10:16.081000,0 days 01:08:31.593000
2024-07-07 14:13:28.941,11020,274,7,100,False,0,car,0 days 00:10:16.400000,0 days 01:08:31.912000
2024-07-07 14:13:29.182,11111,277,7,100,False,0,car,0 days 00:10:16.641000,0 days 01:08:32.153000
2024-07-07 14:13:29.502,11214,279,7,100,False,0,car,0 days 00:10:16.961000,0 days 01:08:32.473000
2024-07-07 14:13:29.942,11409,284,7,100,False,0,car,0 days 00:10:17.401000,0 days 01:08:32.913000
2024-07-07 14:13:30.302,11469,287,7,100,False,0,car,0 days 00:10:17.761000,0 days 01:08:33.273000
2024-07-07 14:13:30.462,11483,288,7,100,False,0,car,0 days 00:10:17.921000,0 days 01:08:33.433000
2024-07-07 14:13:30.742,11549,288,7,100,False,0,car,0 days 00:10:18.201000,0 days 01:08:33.713000
2024-07-07 14:13:31.022,11558,290,7,100,False,0,car,0 days 00:10:18.481000,0 days 01:08:33.993000
2024-07-07 14:13:31.302,11579,290,7,100,False,0,car,0 days 00:10:18.761000,0 days 01:08:34.273000
2024-07-07 14:13:31.542,11622,290,7,100,False,0,car,0 days 00:10:19.001000,0 days 01:08:34.513000
2024-07-07 14:13:31.702,11622,291,7,100,False,0,car,0 days 00:10:19.161000,0 days 01:08:34.673000
2024-07-07 14:13:32.022,11680,290,7,100,False,0,car,0 days 00:10:19.481000,0 days 01:08:34.993000
2024-07-07 14:13:32.342,11681,293,7,100,False,0,car,0 days 00:10:19.801000,0 days 01:08:35.313000
2024-07-07 14:13:32.502,11696,293,7,100,False,0,car,0 days 00:10:19.961000,0 days 01:08:35.473000
2024-07-07 14:13:32.702,11659,293,7,100,False,0,car,0 days 00:10:20.161000,0 days 01:08:35.673000
2024-07-07 14:13:32.942,11654,293,7,100,False,0,car,0 days 00:10:20.401000,0 days 01:08:35.913000
2024-07-07 14:13:33.302,11647,292,7,100,False,0,car,0 days 00:10:20.761000,0 days 01:08:36.273000
2024-07-07 14:13:33.582,11176,292,7,27,False,0,car,0 days 00:10:21.041000,0 days 01:08:36.553000
2024-07-07 14:13:33.902,11086,280,7,0,False,0,car,0 days 00:10:21.361000,0 days 01:08:36.873000
2024-07-07 14:13:34.302,10793,269,7,71,False,0,car,0 days 00:10:21.761000,0 days 01:08:37.273000
2024-07-07 14:13:34.502,10722,266,7,62,False,0,car,0 days 00:10:21.961000,0 days 01:08:37.473000
2024-07-07 14:13:34.662,10611,265,7,81,False,0,car,0 days 00:10:22.121000,0 days 01:08:37.633000
2024-07-07 14:13:34.902,10611,264,7,81,False,0,car,0 days 00:10:22.361000,0 days 01:08:37.873000
2024-07-07 14:13:35.102,10699,265,7,100,False,0,car,0 days 00:10:22.561000,0 days 01:08:38.073000
2024-07-07 14:13:35.501,10733,266,7,100,False,0,car,0 days 00:10:22.960000,0 days 01:08:38.472000
2024-07-07 14:13:35.742,10804,266,7,100,False,0,car,0 days 00:10:23.201000,0 days 01:08:38.713000
2024-07-07 14:13:36.182,10922,270,7,100,False,0,car,0 days 00:10:23.641000,0 days 01:08:39.153000
2024-07-07 14:13:36.462,10930,273,7,100,False,0,car,0 days 00:10:23.921000,0 days 01:08:39.433000
2024-07-07 14:13:36.702,11005,274,7,100,False,0,car,0 days 00:10:24.161000,0 days 01:08:39.673000
2024-07-07 14:13:36.862,11042,275,7,100,False,0,car,0 days 00:10:24.321000,0 days 01:08:39.833000
2024-07-07 14:13:37.062,11090,276,7,100,False,0,car,0 days 00:10:24.521000,0 days 01:08:40.033000
2024-07-07 14:13:37.462,11203,279,7,100,False,0,car,0 days 00:10:24.921000,0 days 01:08:40.433000
2024-07-07 14:13:37.782,11313,281,7,100,False,0,car,0 days 00:10:25.241000,0 days 01:08:40.753000
2024-07-07 14:13:37.982,11325,283,7,100,False,0,car,0 days 00:10:25.441000,0 days 01:08:40.953000
2024-07-07 14:13:38.262,11444,285,7,100,False,0,car,0 days 00:10:25.721000,0 days 01:08:41.233000
2024-07-07 14:13:38.622,11544,287,7,100,False,0,car,0 days 00:10:26.081000,0 days 01:08:41.593000
2024-07-07 14:13:38.782,11575,289,7,100,False,0,car,0 days 00:10:26.241000,0 days 01:08:41.753000
2024-07-07 14:13:39.062,11649,290,7,100,False,0,car,0 days 00:10:26.521000,0 days 01:08:42.033000
2024-07-07 14:13:39.342,11677,292,7,100,False,0,car,0 days 00:10:26.801000,0 days 01:08:42.313000
2024-07-07 14:13:39.742,10308,293,7,100,False,0,car,0 days 00:10:27.201000,0 days 01:08:42.713000
2024-07-07 14:13:40.142,10449,294,7,100,False,0,car,0 days 00:10:27.601000,0 days 01:08:43.113000
2024-07-07 14:13:40.302,10456,294,7,100,False,0,car,0 days 00:10:27.761000,0 days 01:08:43.273000
2024-07-07 14:13:40.462,10484,294,8,100,False,0,car,0 days 00:10:27.921000,0 days 01:08:43.433000
2024-07-07 14:13:40.702,10492,295,8,100,False,0,car,0 days 00:10:28.161000,0 days 01:08:43.673000
2024-07-07 14:13:40.982,10468,295,8,100,False,0,car,0 days 00:10:28.441000,0 days 01:08:43.953000
2024-07-07 14:13:41.182,10450,295,8,100,False,0,car,0 days 00:10:28.641000,0 days 01:08:44.153000
2024-07-07 14:13:41.342,10446,295,8,100,False,0,car,0 days 00:10:28.801000,0 days 01:08:44.313000
2024-07-07 14:13:41.702,10460,293,8,100,False,0,car,0 days 00:10:29.161000,0 days 01:08:44.673000
2024-07-07 14:13:42.022,10402,292,8,86,False,0,car,0 days 00:10:29.481000,0 days 01:08:44.993000
2024-07-07 14:13:42.221,10285,294,8,35,False,0,car,0 days 00:10:29.680000,0 days 01:08:45.192000
2024-07-07 14:13:42.382,10202,288,8,44,False,0,car,0 days 00:10:29.841000,0 days 01:08:45.353000
2024-07-07 14:13:42.542,9991,285,8,41,False,0,car,0 days 00:10:30.001000,0 days 01:08:45.513000
2024-07-07 14:13:42.822,9786,276,8,58,False,0,car,0 days 00:10:30.281000,0 days 01:08:45.793000
2024-07-07 14:13:43.022,9620,272,8,93,False,0,car,0 days 00:10:30.481000,0 days 01:08:45.993000
2024-07-07 14:13:43.302,9688,269,8,100,False,0,car,0 days 00:10:30.761000,0 days 01:08:46.273000
2024-07-07 14:13:43.622,9620,269,8,100,False,0,car,0 days 00:10:31.081000,0 days 01:08:46.593000
2024-07-07 14:13:44.022,9628,270,8,100,False,0,car,0 days 00:10:31.481000,0 days 01:08:46.993000
2024-07-07 14:13:44.262,9382,265,8,0,True,0,car,0 days 00:10:31.721000,0 days 01:08:47.233000
2024-07-07 14:13:44.502,9809,257,8,0,True,0,car,0 days 00:10:31.961000,0 days 01:08:47.473000
2024-07-07 14:13:44.742,9814,248,7,9,False,0,car,0 days 00:10:32.201000,0 days 01:08:47.713000
2024-07-07 14:13:45.062,9446,239,7,40,False,0,car,0 days 00:10:32.521000,0 days 01:08:48.033000
2024-07-07 14:13:45.422,9458,235,7,64,False,0,car,0 days 00:10:32.881000,0 days 01:08:48.393000
2024-07-07 14:13:45.742,9056,233,7,12,False,0,car,0 days 00:10:33.201000,0 days 01:08:48.713000
2024-07-07 14:13:45.982,8849,226,7,0,True,0,car,0 days 00:10:33.441000,0 days 01:08:48.953000
2024-07-07 14:13:46.182,9836,217,7,0,True,8,car,0 days 00:10:33.641000,0 days 01:08:49.153000
2024-07-07 14:13:46.422,9532,210,7,0,True,8,car,0 days 00:10:33.881000,0 days 01:08:49.393000
2024-07-07 14:13:46.622,9568,205,6,0,True,8,car,0 days 00:10:34.081000,0 days 01:08:49.593000
2024-07-07 14:13:46.942,10029,197,5,0,False,8,car,0 days 00:10:34.401000,0 days 01:08:49.913000
2024-07-07 14:13:47.182,10390,187,5,42,False,8,car,0 days 00:10:34.641000,0 days 01:08:50.153000
2024-07-07 14:13:47.382,10247,185,5,76,False,8,car,0 days 00:10:34.841000,0 days 01:08:50.353000
2024-07-07 14:13:47.542,10180,186,5,92,False,8,car,0 days 00:10:35.001000,0 days 01:08:50.513000
2024-07-07 14:13:47.942,10742,196,5,100,False,8,car,0 days 00:10:35.401000,0 days 01:08:50.913000
2024-07-07 14:13:48.182,10994,202,5,100,False,8,car,0 days 00:10:35.641000,0 days 01:08:51.153000
2024-07-07 14:13:48.542,11385,209,5,100,False,8,car,0 days 00:10:36.001000,0 days 01:08:51.513000
2024-07-07 14:13:48.782,11649,216,5,100,False,8,car,0 days 00:10:36.241000,0 days 01:08:51.753000
2024-07-07 14:13:48.982,11792,220,5,100,False,8,car,0 days 00:10:36.441000,0 days 01:08:51.953000
2024-07-07 14:13:49.302,10486,228,5,100,False,8,car,0 days 00:10:36.761000,0 days 01:08:52.273000
2024-07-07 14:13:49.502,10864,232,6,100,False,8,car,0 days 00:10:36.961000,0 days 01:08:52.473000
2024-07-07 14:13:49.862,11056,239,6,100,False,8,car,0 days 00:10:37.321000,0 days 01:08:52.833000
2024-07-07 14:13:50.062,11255,243,6,100,False,14,car,0 days 00:10:37.521000,0 days 01:08:53.033000
2024-07-07 14:13:50.342,11408,248,6,100,False,12,car,0 days 00:10:37.801000,0 days 01:08:53.313000
2024-07-07 14:13:50.582,11659,252,6,100,False,12,car,0 days 00:10:38.041000,0 days 01:08:53.553000
2024-07-07 14:13:50.782,11807,257,6,100,False,12,car,0 days 00:10:38.241000,0 days 01:08:53.753000
2024-07-07 14:13:51.142,10605,260,7,100,False,12,car,0 days 00:10:38.601000,0 days 01:08:54.113000
2024-07-07 14:13:51.422,10795,267,7,100,False,12,car,0 days 00:10:38.881000,0 days 01:08:54.393000
2024-07-07 14:13:51.622,10953,272,7,100,False,12,car,0 days 00:10:39.081000,0 days 01:08:54.593000
2024-07-07 14:13:51.942,11135,275,7,100,False,12,car,0 days 00:10:39.401000,0 days 01:08:54.913000
2024-07-07 14:13:52.302,11284,281,7,100,False,12,car,0 days 00:10:39.761000,0 days 01:08:55.273000
2024-07-07 14:13:52.582,11432,286,7,100,False,12,car,0 days 00:10:40.041000,0 days 01:08:55.553000
2024-07-07 14:13:52.782,11519,288,7,100,False,12,car,0 days 00:10:40.241000,0 days 01:08:55.753000
2024-07-07 14:13:53.142,11725,290,7,100,False,12,car,0 days 00:10:40.601000,0 days 01:08:56.113000
2024-07-07 14:13:53.342,10931,293,7,100,False,12,car,0 days 00:10:40.801000,0 days 01:08:56.313000
2024-07-07 14:13:53.622,10687,298,8,100,False,12,car,0 days 00:10:41.081000,0 days 01:08:56.593000
2024-07-07 14:13:54.022,10755,298,8,100,False,12,car,0 days 00:10:41.481000,0 days 01:08:56.993000
2024-07-07 14:13:54.422,10884,304,8,100,False,12,car,0 days 00:10:41.881000,0 days 01:08:57.393000
2024-07-07 14:13:54.822,10975,307,8,100,False,12,car,0 days 00:10:42.281000,0 days 01:08:57.793000
2024-07-07 14:13:55.182,11031,311,8,100,False,12,car,0 days 00:10:42.641000,0 days 01:08:58.153000
2024-07-07 14:13:55.382,11103,312,8,100,False,12,car,0 days 00:10:42.841000,0 days 01:08:58.353000
2024-07-07 14:13:55.662,11157,313,8,100,False,12,car,0 days 00:10:43.121000,0 days 01:08:58.633000
2024-07-07 14:13:56.102,11191,316,8,100,False,12,car,0 days 00:10:43.561000,0 days 01:08:59.073000
2024-07-07 14:13:56.262,11235,316,8,100,False,12,car,0 days 00:10:43.721000,0 days 01:08:59.233000
2024-07-07 14:13:56.422,11232,315,8,100,False,12,car,0 days 00:10:43.881000,0 days 01:08:59.393000
2024-07-07 14:13:56.622,11242,316,8,100,False,12,car,0 days 00:10:44.081000,0 days 01:08:59.593000
2024-07-07 14:13:56.862,11245,317,8,100,False,12,car,0 days 00:10:44.321000,0 days 01:08:59.833000
2024-07-07 14:13:57.102,11248,317,8,100,False,12,car,0 days 00:10:44.561000,0 days 01:09:00.073000
2024-07-07 14:13:57.302,11242,317,8,100,False,12,car,0 days 00:10:44.761000,0 days 01:09:00.273000
2024-07-07 14:13:57.462,11242,318,8,100,False,12,car,0 days 00:10:44.921000,0 days 01:09:00.433000
2024-07-07 14:13:57.862,11221,318,8,100,False,12,car,0 days 00:10:45.321000,0 days 01:09:00.833000
2024-07-07 14:13:58.102,11209,316,8,100,False,12,car,0 days 00:10:45.561000,0 days 01:09:01.073000
2024-07-07 14:13:58.462,11146,315,8,100,False,12,car,0 days 00:10:45.921000,0 days 01:09:01.433000
2024-07-07 14:13:58.702,10514,310,8,0,True,0,car,0 days 00:10:46.161000,0 days 01:09:01.673000
2024-07-07 14:13:58.942,10156,302,8,0,True,0,car,0 days 00:10:46.401000,0 days 01:09:01.913000
2024-07-07 14:13:59.382,9637,247,7,0,True,0,car,0 days 00:10:46.841000,0 days 01:09:02.353000
2024-07-07 14:13:59.582,10589,235,7,0,True,0,car,0 days 00:10:47.041000,0 days 01:09:02.553000
2024-07-07 14:13:59.942,9851,223,6,0,True,0,car,0 days 00:10:47.401000,0 days 01:09:02.913000
2024-07-07 14:14:00.262,10870,210,6,0,True,0,car,0 days 00:10:47.721000,0 days 01:09:03.233000
2024-07-07 14:14:00.622,10622,201,5,0,False,0,car,0 days 00:10:48.081000,0 days 01:09:03.593000
2024-07-07 14:14:00.862,10204,195,5,0,False,0,car,0 days 00:10:48.321000,0 days 01:09:03.833000
2024-07-07 14:14:01.182,10019,189,5,43,False,0,car,0 days 00:10:48.641000,0 days 01:09:04.153000
2024-07-07 14:14:01.422,10390,189,5,83,False,0,car,0 days 00:10:48.881000,0 days 01:09:04.393000
2024-07-07 14:14:01.582,10455,192,5,80,False,0,car,0 days 00:10:49.041000,0 days 01:09:04.553000
2024-07-07 14:14:02.063,11083,204,5,94,False,0,car,0 days 00:10:49.522000,0 days 01:09:05.034000
2024-07-07 14:14:02.262,11267,208,5,100,False,0,car,0 days 00:10:49.721000,0 days 01:09:05.233000
2024-07-07 14:14:02.622,11485,214,5,100,False,0,car,0 days 00:10:50.081000,0 days 01:09:05.593000
2024-07-07 14:14:03.062,10660,225,5,100,False,0,car,0 days 00:10:50.521000,0 days 01:09:06.033000
2024-07-07 14:14:03.462,10776,232,6,100,False,0,car,0 days 00:10:50.921000,0 days 01:09:06.433000
2024-07-07 14:14:03.902,11137,240,6,100,False,0,car,0 days 00:10:51.361000,0 days 01:09:06.873000
2024-07-07 14:14:04.262,11382,248,6,100,False,0,car,0 days 00:10:51.721000,0 days 01:09:07.233000
2024-07-07 14:14:04.502,11487,252,6,100,False,0,car,0 days 00:10:51.961000,0 days 01:09:07.473000
2024-07-07 14:14:04.662,11600,254,6,100,False,0,car,0 days 00:10:52.121000,0 days 01:09:07.633000
2024-07-07 14:14:04.982,11722,257,6,100,False,0,car,0 days 00:10:52.441000,0 days 01:09:07.953000
2024-07-07 14:14:05.342,11633,259,6,100,False,0,car,0 days 00:10:52.801000,0 days 01:09:08.313000
2024-07-07 14:14:05.662,10397,262,7,100,False,0,car,0 days 00:10:53.121000,0 days 01:09:08.633000
2024-07-07 14:14:05.862,10492,262,7,100,False,0,car,0 days 00:10:53.321000,0 days 01:09:08.833000
2024-07-07 14:14:06.102,10489,262,7,100,False,0,car,0 days 00:10:53.561000,0 days 01:09:09.073000
2024-07-07 14:14:06.382,11101,254,7,0,True,0,car,0 days 00:10:53.841000,0 days 01:09:09.353000
2024-07-07 14:14:07.502,8923,147,5,0,True,0,car,0 days 00:10:54.961000,0 days 01:09:10.473000
2024-07-07 14:14:07.742,9175,135,4,0,True,0,car,0 days 00:10:55.201000,0 days 01:09:10.713000
2024-07-07 14:14:08.022,8666,121,3,0,True,0,car,0 days 00:10:55.481000,0 days 01:09:10.993000
2024-07-07 14:14:08.342,8183,112,3,0,True,0,car,0 days 00:10:55.801000,0 days 01:09:11.313000
2024-07-07 14:14:08.582,7654,105,3,0,True,0,car,0 days 00:10:56.041000,0 days 01:09:11.553000
2024-07-07 14:14:08.823,7515,101,3,0,False,0,car,0 days 00:10:56.282000,0 days 01:09:11.794000
2024-07-07 14:14:09.142,7136,98,3,7,False,0,car,0 days 00:10:56.601000,0 days 01:09:12.113000
2024-07-07 14:14:09.542,7408,96,3,40,False,0,car,0 days 00:10:57.001000,0 days 01:09:12.513000
2024-07-07 14:14:09.782,7971,101,3,51,False,0,car,0 days 00:10:57.241000,0 days 01:09:12.753000
2024-07-07 14:14:10.062,8250,108,3,56,False,0,car,0 days 00:10:57.521000,0 days 01:09:13.033000
2024-07-07 14:14:10.302,8595,115,3,53,False,0,car,0 days 00:10:57.761000,0 days 01:09:13.273000
2024-07-07 14:14:10.502,7578,117,3,46,False,0,car,0 days 00:10:57.961000,0 days 01:09:13.473000
2024-07-07 14:14:10.782,7292,117,4,0,False,0,car,0 days 00:10:58.241000,0 days 01:09:13.753000
2024-07-07 14:14:10.982,7121,115,4,0,False,0,car,0 days 00:10:58.441000,0 days 01:09:13.953000
2024-07-07 14:14:11.382,7265,112,4,28,False,0,car,0 days 00:10:58.841000,0 days 01:09:14.353000
2024-07-07 14:14:11.662,7550,116,4,52,False,0,car,0 days 00:10:59.121000,0 days 01:09:14.633000
2024-07-07 14:14:11.862,7875,120,4,52,False,0,car,0 days 00:10:59.321000,0 days 01:09:14.833000
2024-07-07 14:14:12.102,8110,123,4,53,False,0,car,0 days 00:10:59.561000,0 days 01:09:15.073000
2024-07-07 14:14:12.502,8624,131,4,67,False,0,car,0 days 00:10:59.961000,0 days 01:09:15.473000
2024-07-07 14:14:12.662,9066,137,4,81,False,0,car,0 days 00:11:00.121000,0 days 01:09:15.633000
2024-07-07 14:14:12.942,9816,145,4,81,False,0,car,0 days 00:11:00.401000,0 days 01:09:15.913000
2024-07-07 14:14:13.102,10006,148,4,85,False,0,car,0 days 00:11:00.561000,0 days 01:09:16.073000
2024-07-07 14:14:13.302,10550,159,4,100,False,0,car,0 days 00:11:00.761000,0 days 01:09:16.273000
2024-07-07 14:14:13.542,11027,167,4,100,False,0,car,0 days 00:11:01.001000,0 days 01:09:16.513000
2024-07-07 14:14:13.742,11508,175,4,100,False,0,car,0 days 00:11:01.201000,0 days 01:09:16.713000
2024-07-07 14:14:13.942,11831,183,4,100,False,0,car,0 days 00:11:01.401000,0 days 01:09:16.913000
2024-07-07 14:14:14.182,10571,193,4,100,False,0,car,0 days 00:11:01.641000,0 days 01:09:17.153000
2024-07-07 14:14:14.462,10956,202,5,100,False,0,car,0 days 00:11:01.921000,0 days 01:09:17.433000
2024-07-07 14:14:14.662,11214,207,5,100,False,0,car,0 days 00:11:02.121000,0 days 01:09:17.633000
2024-07-07 14:14:14.862,11500,213,5,100,False,0,car,0 days 00:11:02.321000,0 days 01:09:17.833000
2024-07-07 14:14:15.102,11697,217,5,100,False,0,car,0 days 00:11:02.561000,0 days 01:09:18.073000
2024-07-07 14:14:15.263,11965,220,5,100,False,0,car,0 days 00:11:02.722000,0 days 01:09:18.234000
2024-07-07 14:14:15.423,11896,224,5,100,False,0,car,0 days 00:11:02.882000,0 days 01:09:18.394000
2024-07-07 14:14:15.742,10682,226,6,100,False,0,car,0 days 00:11:03.201000,0 days 01:09:18.713000
2024-07-07 14:14:15.982,10859,234,6,100,False,0,car,0 days 00:11:03.441000,0 days 01:09:18.953000
2024-07-07 14:14:16.142,11006,236,6,100,False,0,car,0 days 00:11:03.601000,0 days 01:09:19.113000
2024-07-07 14:14:16.382,11164,243,6,100,False,0,car,0 days 00:11:03.841000,0 days 01:09:19.353000
2024-07-07 14:14:16.782,11513,250,6,100,False,0,car,0 days 00:11:04.241000,0 days 01:09:19.753000
2024-07-07 14:14:16.942,11656,251,6,100,False,0,car,0 days 00:11:04.401000,0 days 01:09:19.913000
2024-07-07 14:14:17.182,11815,257,6,100,False,0,car,0 days 00:11:04.641000,0 days 01:09:20.153000
2024-07-07 14:14:17.342,11679,257,6,100,False,0,car,0 days 00:11:04.801000,0 days 01:09:20.313000
2024-07-07 14:14:17.822,10768,265,7,100,False,0,car,0 days 00:11:05.281000,0 days 01:09:20.793000
2024-07-07 14:14:18.182,10898,270,7,100,False,0,car,0 days 00:11:05.641000,0 days 01:09:21.153000
2024-07-07 14:14:18.462,10967,273,7,100,False,0,car,0 days 00:11:05.921000,0 days 01:09:21.433000
2024-07-07 14:14:18.742,11172,277,7,100,False,0,car,0 days 00:11:06.201000,0 days 01:09:21.713000
2024-07-07 14:14:18.902,11182,279,7,100,False,0,car,0 days 00:11:06.361000,0 days 01:09:21.873000
2024-07-07 14:14:19.142,11289,281,7,100,False,0,car,0 days 00:11:06.601000,0 days 01:09:22.113000
2024-07-07 14:14:19.462,11401,283,7,100,False,0,car,0 days 00:11:06.921000,0 days 01:09:22.433000
2024-07-07 14:14:19.862,11523,287,7,100,False,0,car,0 days 00:11:07.321000,0 days 01:09:22.833000
2024-07-07 14:14:20.022,11532,290,7,100,False,0,car,0 days 00:11:07.481000,0 days 01:09:22.993000
2024-07-07 14:14:20.182,11616,290,7,100,False,0,car,0 days 00:11:07.641000,0 days 01:09:23.153000
2024-07-07 14:14:20.462,11709,292,7,100,False,0,car,0 days 00:11:07.921000,0 days 01:09:23.433000
2024-07-07 14:14:20.862,10488,294,7,100,False,0,car,0 days 00:11:08.321000,0 days 01:09:23.833000
2024-07-07 14:14:21.142,10570,296,8,100,False,0,car,0 days 00:11:08.601000,0 days 01:09:24.113000
2024-07-07 14:14:21.502,10631,296,8,80,False,0,car,0 days 00:11:08.961000,0 days 01:09:24.473000
2024-07-07 14:14:21.742,10376,295,8,72,False,0,car,0 days 00:11:09.201000,0 days 01:09:24.713000
2024-07-07 14:14:22.223,10279,288,8,83,False,0,car,0 days 00:11:09.682000,0 days 01:09:25.194000
2024-07-07 14:14:22.622,10246,286,8,100,False,0,car,0 days 00:11:10.081000,0 days 01:09:25.593000
2024-07-07 14:14:22.782,10240,286,8,100,False,0,car,0 days 00:11:10.241000,0 days 01:09:25.753000
2024-07-07 14:14:22.942,10233,286,8,100,False,0,car,0 days 00:11:10.401000,0 days 01:09:25.913000
2024-07-07 14:14:23.102,10239,287,8,100,False,0,car,0 days 00:11:10.561000,0 days 01:09:26.073000
2024-07-07 14:14:23.462,10272,287,8,100,False,0,car,0 days 00:11:10.921000,0 days 01:09:26.433000
2024-07-07 14:14:23.662,10290,288,8,100,False,0,car,0 days 00:11:11.121000,0 days 01:09:26.633000
2024-07-07 14:14:24.022,10320,291,8,100,False,0,car,0 days 00:11:11.481000,0 days 01:09:26.993000
2024-07-07 14:14:24.222,10400,292,8,100,False,0,car,0 days 00:11:11.681000,0 days 01:09:27.193000
2024-07-07 14:14:24.702,10443,291,8,100,False,0,car,0 days 00:11:12.161000,0 days 01:09:27.673000
2024-07-07 14:14:24.982,10456,291,8,100,False,0,car,0 days 00:11:12.441000,0 days 01:09:27.953000
2024-07-07 14:14:25.302,10365,290,8,100,False,0,car,0 days 00:11:12.761000,0 days 01:09:28.273000
2024-07-07 14:14:25.502,10310,289,8,100,False,0,car,0 days 00:11:12.961000,0 days 01:09:28.473000
2024-07-07 14:14:25.742,10269,288,8,100,False,0,car,0 days 00:11:13.201000,0 days 01:09:28.713000
2024-07-07 14:14:25.982,10175,286,8,100,False,0,car,0 days 00:11:13.441000,0 days 01:09:28.953000
2024-07-07 14:14:26.302,10109,285,8,100,False,0,car,0 days 00:11:13.761000,0 days 01:09:29.273000
2024-07-07 14:14:26.582,9823,276,8,0,True,0,car,0 days 00:11:14.041000,0 days 01:09:29.553000
2024-07-07 14:14:26.742,9228,276,8,0,True,0,car,0 days 00:11:14.201000,0 days 01:09:29.713000
2024-07-07 14:14:26.942,9027,250,8,0,True,0,car,0 days 00:11:14.401000,0 days 01:09:29.913000
2024-07-07 14:14:27.382,9269,190,7,0,True,0,car,0 days 00:11:14.841000,0 days 01:09:30.353000
2024-07-07 14:14:27.742,9442,166,6,0,True,0,car,0 days 00:11:15.201000,0 days 01:09:30.713000
2024-07-07 14:14:27.902,9340,155,6,0,True,0,car,0 days 00:11:15.361000,0 days 01:09:30.873000
2024-07-07 14:14:28.222,8495,140,4,0,True,0,car,0 days 00:11:15.681000,0 days 01:09:31.193000
2024-07-07 14:14:28.383,8007,131,4,0,True,0,car,0 days 00:11:15.842000,0 days 01:09:31.354000
2024-07-07 14:14:28.543,7783,128,4,0,True,0,car,0 days 00:11:16.002000,0 days 01:09:31.514000
2024-07-07 14:14:28.783,8555,118,4,0,True,0,car,0 days 00:11:16.242000,0 days 01:09:31.754000
2024-07-07 14:14:29.182,7683,107,3,0,True,0,car,0 days 00:11:16.641000,0 days 01:09:32.153000
2024-07-07 14:14:29.422,7543,101,3,0,False,0,car,0 days 00:11:16.881000,0 days 01:09:32.393000
2024-07-07 14:14:29.702,7238,98,3,0,False,0,car,0 days 00:11:17.161000,0 days 01:09:32.673000
2024-07-07 14:14:30.062,7415,97,3,35,False,0,car,0 days 00:11:17.521000,0 days 01:09:33.033000
2024-07-07 14:14:30.542,7937,99,3,44,False,0,car,0 days 00:11:18.001000,0 days 01:09:33.513000
2024-07-07 14:14:30.782,8191,106,3,47,False,0,car,0 days 00:11:18.241000,0 days 01:09:33.753000
2024-07-07 14:14:31.102,8609,111,3,53,False,0,car,0 days 00:11:18.561000,0 days 01:09:34.073000
2024-07-07 14:14:31.262,8920,115,3,56,False,0,car,0 days 00:11:18.721000,0 days 01:09:34.233000
2024-07-07 14:14:31.502,9335,120,3,65,False,0,car,0 days 00:11:18.961000,0 days 01:09:34.473000
2024-07-07 14:14:31.782,9929,126,3,74,False,0,car,0 days 00:11:19.241000,0 days 01:09:34.753000
2024-07-07 14:14:32.102,9842,136,3,0,True,0,car,0 days 00:11:19.561000,0 days 01:09:35.073000
2024-07-07 14:14:32.422,8785,122,3,0,True,0,car,0 days 00:11:19.881000,0 days 01:09:35.393000
2024-07-07 14:14:32.622,8132,115,3,0,True,0,car,0 days 00:11:20.081000,0 days 01:09:35.593000
2024-07-07 14:14:33.022,7323,102,3,0,True,0,car,0 days 00:11:20.481000,0 days 01:09:35.993000
2024-07-07 14:14:33.422,7982,91,3,0,True,0,car,0 days 00:11:20.881000,0 days 01:09:36.393000
2024-07-07 14:14:33.742,7523,87,2,0,False,0,car,0 days 00:11:21.201000,0 days 01:09:36.713000
2024-07-07 14:14:34.102,7179,81,2,0,True,0,car,0 days 00:11:21.561000,0 days 01:09:37.073000
2024-07-07 14:14:34.302,7009,80,2,0,False,0,car,0 days 00:11:21.761000,0 days 01:09:37.273000
2024-07-07 14:14:34.462,7037,79,2,14,False,0,car,0 days 00:11:21.921000,0 days 01:09:37.433000
2024-07-07 14:14:34.662,7105,79,2,22,False,0,car,0 days 00:11:22.121000,0 days 01:09:37.633000
2024-07-07 14:14:34.983,7532,83,2,32,False,0,car,0 days 00:11:22.442000,0 days 01:09:37.954000
2024-07-07 14:14:35.143,7706,83,2,36,False,0,car,0 days 00:11:22.602000,0 days 01:09:38.114000
2024-07-07 14:14:35.343,8030,86,2,39,False,0,car,0 days 00:11:22.802000,0 days 01:09:38.314000
2024-07-07 14:14:35.623,8182,90,2,40,False,0,car,0 days 00:11:23.082000,0 days 01:09:38.594000
2024-07-07 14:14:35.783,8602,94,2,49,False,0,car,0 days 00:11:23.242000,0 days 01:09:38.754000
2024-07-07 14:14:36.062,7876,100,2,52,False,0,car,0 days 00:11:23.521000,0 days 01:09:39.033000
2024-07-07 14:14:36.342,8682,107,3,70,False,0,car,0 days 00:11:23.801000,0 days 01:09:39.313000
2024-07-07 14:14:36.742,9657,122,3,84,False,0,car,0 days 00:11:24.201000,0 days 01:09:39.713000
2024-07-07 14:14:36.902,10497,131,3,85,False,0,car,0 days 00:11:24.361000,0 days 01:09:39.873000
2024-07-07 14:14:37.142,11207,139,3,100,False,0,car,0 days 00:11:24.601000,0 days 01:09:40.113000
2024-07-07 14:14:37.422,11130,153,3,100,False,0,car,0 days 00:11:24.881000,0 days 01:09:40.393000
2024-07-07 14:14:37.742,10976,167,4,100,False,0,car,0 days 00:11:25.201000,0 days 01:09:40.713000
2024-07-07 14:14:37.902,11235,174,4,100,False,0,car,0 days 00:11:25.361000,0 days 01:09:40.873000
2024-07-07 14:14:38.062,11682,182,4,100,False,0,car,0 days 00:11:25.521000,0 days 01:09:41.033000
2024-07-07 14:14:38.422,10386,193,5,100,False,0,car,0 days 00:11:25.881000,0 days 01:09:41.393000
2024-07-07 14:14:38.662,10868,203,5,100,False,0,car,0 days 00:11:26.121000,0 days 01:09:41.633000
2024-07-07 14:14:38.862,11169,208,5,100,False,0,car,0 days 00:11:26.321000,0 days 01:09:41.833000
2024-07-07 14:14:39.222,11566,215,5,100,False,0,car,0 days 00:11:26.681000,0 days 01:09:42.193000
2024-07-07 14:14:39.382,11665,219,5,100,False,0,car,0 days 00:11:26.841000,0 days 01:09:42.353000
2024-07-07 14:14:39.582,11493,222,5,100,False,0,car,0 days 00:11:27.041000,0 days 01:09:42.553000
2024-07-07 14:14:39.902,10571,227,6,100,False,0,car,0 days 00:11:27.361000,0 days 01:09:42.873000
2024-07-07 14:14:40.102,10683,233,6,100,False,0,car,0 days 00:11:27.561000,0 days 01:09:43.073000
2024-07-07 14:14:40.262,10894,236,6,100,False,0,car,0 days 00:11:27.721000,0 days 01:09:43.233000
2024-07-07 14:14:40.422,10948,238,6,100,False,0,car,0 days 00:11:27.881000,0 days 01:09:43.393000
2024-07-07 14:14:40.742,11225,242,6,100,False,0,car,0 days 00:11:28.201000,0 days 01:09:43.713000
2024-07-07 14:14:40.902,11357,246,6,100,False,0,car,0 days 00:11:28.361000,0 days 01:09:43.873000
2024-07-07 14:14:41.062,11453,249,6,100,False,0,car,0 days 00:11:28.521000,0 days 01:09:44.033000
2024-07-07 14:14:41.222,11511,251,6,100,False,0,car,0 days 00:11:28.681000,0 days 01:09:44.193000
2024-07-07 14:14:41.503,11652,256,6,100,False,0,car,0 days 00:11:28.962000,0 days 01:09:44.474000
2024-07-07 14:14:41.783,11416,260,6,100,False,0,car,0 days 00:11:29.242000,0 days 01:09:44.754000
2024-07-07 14:14:41.943,10304,261,7,100,False,0,car,0 days 00:11:29.402000,0 days 01:09:44.914000
2024-07-07 14:14:42.183,10684,265,7,100,False,0,car,0 days 00:11:29.642000,0 days 01:09:45.154000
2024-07-07 14:14:42.343,10696,265,7,100,False,0,car,0 days 00:11:29.802000,0 days 01:09:45.314000
2024-07-07 14:14:42.662,10864,271,7,100,False,0,car,0 days 00:11:30.121000,0 days 01:09:45.633000
2024-07-07 14:14:42.942,10956,274,7,100,False,0,car,0 days 00:11:30.401000,0 days 01:09:45.913000
2024-07-07 14:14:43.102,11018,275,7,100,False,0,car,0 days 00:11:30.561000,0 days 01:09:46.073000
2024-07-07 14:14:43.462,11139,278,7,100,False,0,car,0 days 00:11:30.921000,0 days 01:09:46.433000
2024-07-07 14:14:43.862,11270,282,7,100,False,0,car,0 days 00:11:31.321000,0 days 01:09:46.833000
2024-07-07 14:14:44.022,11301,282,7,100,False,0,car,0 days 00:11:31.481000,0 days 01:09:46.993000
2024-07-07 14:14:44.342,11365,284,7,100,False,0,car,0 days 00:11:31.801000,0 days 01:09:47.313000
2024-07-07 14:14:44.582,11411,285,7,100,False,0,car,0 days 00:11:32.041000,0 days 01:09:47.553000
2024-07-07 14:14:44.742,11430,285,7,100,False,0,car,0 days 00:11:32.201000,0 days 01:09:47.713000
2024-07-07 14:14:44.982,11429,287,7,100,False,0,car,0 days 00:11:32.441000,0 days 01:09:47.953000
2024-07-07 14:14:45.182,11485,286,7,100,False,0,car,0 days 00:11:32.641000,0 days 01:09:48.153000
2024-07-07 14:14:45.462,11467,286,7,100,False,0,car,0 days 00:11:32.921000,0 days 01:09:48.433000
2024-07-07 14:14:45.662,11465,288,7,100,False,0,car,0 days 00:11:33.121000,0 days 01:09:48.633000
2024-07-07 14:14:45.942,11472,288,7,100,False,0,car,0 days 00:11:33.401000,0 days 01:09:48.913000
2024-07-07 14:14:46.222,11475,288,7,100,False,0,car,0 days 00:11:33.681000,0 days 01:09:49.193000
2024-07-07 14:14:46.542,11509,288,7,100,False,0,car,0 days 00:11:34.001000,0 days 01:09:49.513000
2024-07-07 14:14:46.822,11493,289,7,100,False,0,car,0 days 00:11:34.281000,0 days 01:09:49.793000
2024-07-07 14:14:47.062,11485,287,7,100,False,0,car,0 days 00:11:34.521000,0 days 01:09:50.033000
2024-07-07 14:14:47.262,11462,287,7,100,False,0,car,0 days 00:11:34.721000,0 days 01:09:50.233000
2024-07-07 14:14:47.462,11042,278,7,0,True,0,car,0 days 00:11:34.921000,0 days 01:09:50.433000
2024-07-07 14:14:47.622,10575,268,7,0,True,0,car,0 days 00:11:35.081000,0 days 01:09:50.593000
2024-07-07 14:14:47.902,9933,232,7,0,True,0,car,0 days 00:11:35.361000,0 days 01:09:50.873000
2024-07-07 14:14:48.143,9660,214,6,0,True,0,car,0 days 00:11:35.602000,0 days 01:09:51.114000
2024-07-07 14:14:48.343,10229,201,6,0,True,0,car,0 days 00:11:35.802000,0 days 01:09:51.314000
2024-07-07 14:14:48.663,9205,178,5,0,True,0,car,0 days 00:11:36.122000,0 days 01:09:51.634000
2024-07-07 14:14:48.903,10130,170,5,0,True,0,car,0 days 00:11:36.362000,0 days 01:09:51.874000
2024-07-07 14:14:49.143,9856,162,5,0,True,0,car,0 days 00:11:36.602000,0 days 01:09:52.114000
2024-07-07 14:14:49.343,9316,154,4,0,True,0,car,0 days 00:11:36.802000,0 days 01:09:52.314000
2024-07-07 14:14:49.702,8941,144,4,7,False,0,car,0 days 00:11:37.161000,0 days 01:09:52.673000
2024-07-07 14:14:50.022,8965,141,4,26,False,0,car,0 days 00:11:37.481000,0 days 01:09:52.993000
2024-07-07 14:14:50.422,8753,139,4,25,False,0,car,0 days 00:11:37.881000,0 days 01:09:53.393000
2024-07-07 14:14:50.782,8708,138,4,38,False,0,car,0 days 00:11:38.241000,0 days 01:09:53.753000
2024-07-07 14:14:51.022,8927,139,4,48,False,0,car,0 days 00:11:38.481000,0 days 01:09:53.993000
2024-07-07 14:14:51.222,8956,139,4,57,False,0,car,0 days 00:11:38.681000,0 days 01:09:54.193000
2024-07-07 14:14:51.382,9170,141,4,57,False,0,car,0 days 00:11:38.841000,0 days 01:09:54.353000
2024-07-07 14:14:51.542,9357,143,4,57,False,0,car,0 days 00:11:39.001000,0 days 01:09:54.513000
2024-07-07 14:14:51.822,9549,147,4,61,False,0,car,0 days 00:11:39.281000,0 days 01:09:54.793000
2024-07-07 14:14:52.062,9728,150,4,63,False,0,car,0 days 00:11:39.521000,0 days 01:09:55.033000
2024-07-07 14:14:52.382,9992,155,4,69,False,0,car,0 days 00:11:39.841000,0 days 01:09:55.353000
2024-07-07 14:14:52.542,10208,160,4,67,False,0,car,0 days 00:11:40.001000,0 days 01:09:55.513000
2024-07-07 14:14:52.902,9355,156,4,0,True,0,car,0 days 00:11:40.361000,0 days 01:09:55.873000
2024-07-07 14:14:53.222,8565,145,4,0,True,0,car,0 days 00:11:40.681000,0 days 01:09:56.193000
2024-07-07 14:14:53.422,8309,135,4,0,True,0,car,0 days 00:11:40.881000,0 days 01:09:56.393000
2024-07-07 14:14:53.662,8992,125,4,0,True,0,car,0 days 00:11:41.121000,0 days 01:09:56.633000
2024-07-07 14:14:54.022,8497,116,3,0,True,0,car,0 days 00:11:41.481000,0 days 01:09:56.993000
2024-07-07 14:14:54.302,7952,108,3,0,True,0,car,0 days 00:11:41.761000,0 days 01:09:57.273000
2024-07-07 14:14:54.502,7581,104,3,0,True,0,car,0 days 00:11:41.961000,0 days 01:09:57.473000
2024-07-07 14:14:54.823,7370,100,3,12,False,0,car,0 days 00:11:42.282000,0 days 01:09:57.794000
2024-07-07 14:14:55.023,7109,98,3,27,False,0,car,0 days 00:11:42.482000,0 days 01:09:57.994000
2024-07-07 14:14:55.383,7678,100,3,37,False,0,car,0 days 00:11:42.842000,0 days 01:09:58.354000
2024-07-07 14:14:55.543,7765,102,3,32,False,0,car,0 days 00:11:43.002000,0 days 01:09:58.514000
2024-07-07 14:14:55.983,7667,103,3,30,False,0,car,0 days 00:11:43.442000,0 days 01:09:58.954000
2024-07-07 14:14:56.182,7920,105,3,44,False,0,car,0 days 00:11:43.641000,0 days 01:09:59.153000
2024-07-07 14:14:56.342,8495,107,3,53,False,0,car,0 days 00:11:43.801000,0 days 01:09:59.313000
2024-07-07 14:14:56.582,8746,111,3,52,False,0,car,0 days 00:11:44.041000,0 days 01:09:59.553000
2024-07-07 14:14:57.022,9354,120,3,63,False,0,car,0 days 00:11:44.481000,0 days 01:09:59.993000
2024-07-07 14:14:57.342,10045,125,3,76,False,0,car,0 days 00:11:44.801000,0 days 01:10:00.313000
2024-07-07 14:14:57.582,10624,136,3,70,False,0,car,0 days 00:11:45.041000,0 days 01:10:00.553000
2024-07-07 14:14:57.822,11141,141,3,78,False,0,car,0 days 00:11:45.281000,0 days 01:10:00.793000
2024-07-07 14:14:58.022,10026,148,3,72,False,0,car,0 days 00:11:45.481000,0 days 01:10:00.993000
2024-07-07 14:14:58.462,10821,164,4,91,False,0,car,0 days 00:11:45.921000,0 days 01:10:01.433000
2024-07-07 14:14:58.862,11702,179,4,100,False,0,car,0 days 00:11:46.321000,0 days 01:10:01.833000
2024-07-07 14:14:59.222,10550,190,5,100,False,0,car,0 days 00:11:46.681000,0 days 01:10:02.193000
2024-07-07 14:14:59.502,10888,199,5,100,False,0,car,0 days 00:11:46.961000,0 days 01:10:02.473000
2024-07-07 14:14:59.702,11042,206,5,100,False,0,car,0 days 00:11:47.161000,0 days 01:10:02.673000
2024-07-07 14:15:00.062,11404,218,5,100,False,0,car,0 days 00:11:47.521000,0 days 01:10:03.033000
2024-07-07 14:15:00.342,10911,223,5,100,False,0,car,0 days 00:11:47.801000,0 days 01:10:03.313000
2024-07-07 14:15:00.742,10826,232,6,100,False,0,car,0 days 00:11:48.201000,0 days 01:10:03.713000
2024-07-07 14:15:00.982,11003,239,6,100,False,0,car,0 days 00:11:48.441000,0 days 01:10:03.953000
2024-07-07 14:15:01.223,11059,243,6,100,False,0,car,0 days 00:11:48.682000,0 days 01:10:04.194000
2024-07-07 14:15:01.543,11465,248,6,100,False,0,car,0 days 00:11:49.002000,0 days 01:10:04.514000
2024-07-07 14:15:01.783,11629,253,6,100,False,0,car,0 days 00:11:49.242000,0 days 01:10:04.754000
2024-07-07 14:15:01.983,11753,255,6,100,False,0,car,0 days 00:11:49.442000,0 days 01:10:04.954000
2024-07-07 14:15:02.303,10666,260,6,100,False,0,car,0 days 00:11:49.762000,0 days 01:10:05.274000
2024-07-07 14:15:02.463,10547,261,7,100,False,0,car,0 days 00:11:49.922000,0 days 01:10:05.434000
2024-07-07 14:15:02.703,10552,263,7,100,False,0,car,0 days 00:11:50.162000,0 days 01:10:05.674000
2024-07-07 14:15:02.862,10775,267,7,100,False,0,car,0 days 00:11:50.321000,0 days 01:10:05.833000
2024-07-07 14:15:03.062,10875,270,7,100,False,0,car,0 days 00:11:50.521000,0 days 01:10:06.033000
2024-07-07 14:15:03.342,10938,271,7,100,False,0,car,0 days 00:11:50.801000,0 days 01:10:06.313000
2024-07-07 14:15:03.622,11034,275,7,100,False,0,car,0 days 00:11:51.081000,0 days 01:10:06.593000
2024-07-07 14:15:03.982,11200,278,7,100,False,0,car,0 days 00:11:51.441000,0 days 01:10:06.953000
2024-07-07 14:15:04.342,11339,281,7,100,False,0,car,0 days 00:11:51.801000,0 days 01:10:07.313000
2024-07-07 14:15:04.542,11408,283,7,100,False,0,car,0 days 00:11:52.001000,0 days 01:10:07.513000
2024-07-07 14:15:04.742,11501,285,7,100,False,0,car,0 days 00:11:52.201000,0 days 01:10:07.713000
2024-07-07 14:15:04.942,11515,287,7,100,False,0,car,0 days 00:11:52.401000,0 days 01:10:07.913000
2024-07-07 14:15:05.182,11570,288,7,100,False,0,car,0 days 00:11:52.641000,0 days 01:10:08.153000
2024-07-07 14:15:05.342,11621,289,7,100,False,0,car,0 days 00:11:52.801000,0 days 01:10:08.313000
2024-07-07 14:15:05.542,11673,291,7,100,False,0,car,0 days 00:11:53.001000,0 days 01:10:08.513000
2024-07-07 14:15:05.782,11706,293,7,100,False,0,car,0 days 00:11:53.241000,0 days 01:10:08.753000
2024-07-07 14:15:06.022,11030,294,7,100,False,0,car,0 days 00:11:53.481000,0 days 01:10:08.993000
2024-07-07 14:15:06.222,10413,295,8,100,False,0,car,0 days 00:11:53.681000,0 days 01:10:09.193000
2024-07-07 14:15:06.462,10532,296,8,100,False,0,car,0 days 00:11:53.921000,0 days 01:10:09.433000
2024-07-07 14:15:06.622,10530,296,8,100,False,0,car,0 days 00:11:54.081000,0 days 01:10:09.593000
2024-07-07 14:15:06.902,10600,298,8,100,False,0,car,0 days 00:11:54.361000,0 days 01:10:09.873000
2024-07-07 14:15:07.302,10641,299,8,100,False,0,car,0 days 00:11:54.761000,0 days 01:10:10.273000
2024-07-07 14:15:07.462,10678,299,8,100,False,0,car,0 days 00:11:54.921000,0 days 01:10:10.433000
2024-07-07 14:15:07.742,9992,290,8,0,True,0,car,0 days 00:11:55.201000,0 days 01:10:10.713000
2024-07-07 14:15:07.983,10480,272,8,0,True,0,car,0 days 00:11:55.442000,0 days 01:10:10.954000
2024-07-07 14:15:08.223,9638,246,7,0,True,0,car,0 days 00:11:55.682000,0 days 01:10:11.194000
2024-07-07 14:15:08.503,10745,237,7,4,True,0,car,0 days 00:11:55.962000,0 days 01:10:11.474000
2024-07-07 14:15:08.663,10594,231,6,29,True,0,car,0 days 00:11:56.122000,0 days 01:10:11.634000
2024-07-07 14:15:08.943,10315,226,6,54,False,0,car,0 days 00:11:56.402000,0 days 01:10:11.914000
2024-07-07 14:15:09.383,10535,226,6,87,False,0,car,0 days 00:11:56.842000,0 days 01:10:12.354000
2024-07-07 14:15:09.782,10740,232,6,84,False,0,car,0 days 00:11:57.241000,0 days 01:10:12.753000
2024-07-07 14:15:10.022,10867,234,6,81,False,0,car,0 days 00:11:57.481000,0 days 01:10:12.993000
2024-07-07 14:15:10.262,11157,237,6,72,False,0,car,0 days 00:11:57.721000,0 days 01:10:13.233000
2024-07-07 14:15:10.502,10988,238,6,100,False,0,car,0 days 00:11:57.961000,0 days 01:10:13.473000
2024-07-07 14:15:10.742,11263,242,6,100,False,0,car,0 days 00:11:58.201000,0 days 01:10:13.713000
2024-07-07 14:15:10.942,11362,245,6,100,False,0,car,0 days 00:11:58.401000,0 days 01:10:13.913000
2024-07-07 14:15:11.262,11494,250,6,100,False,0,car,0 days 00:11:58.721000,0 days 01:10:14.233000
2024-07-07 14:15:11.422,11602,252,6,100,False,0,car,0 days 00:11:58.881000,0 days 01:10:14.393000
2024-07-07 14:15:11.822,11063,252,6,100,False,0,car,0 days 00:11:59.281000,0 days 01:10:14.793000
2024-07-07 14:15:12.142,10553,262,7,100,False,0,car,0 days 00:11:59.601000,0 days 01:10:15.113000
2024-07-07 14:15:12.342,10623,262,7,100,False,0,car,0 days 00:11:59.801000,0 days 01:10:15.313000
2024-07-07 14:15:12.502,10623,267,7,100,False,0,car,0 days 00:11:59.961000,0 days 01:10:15.473000
2024-07-07 14:15:12.662,10784,269,7,100,False,0,car,0 days 00:12:00.121000,0 days 01:10:15.633000
2024-07-07 14:15:12.822,10868,270,7,100,False,0,car,0 days 00:12:00.281000,0 days 01:10:15.793000
2024-07-07 14:15:13.142,11010,272,7,100,False,0,car,0 days 00:12:00.601000,0 days 01:10:16.113000
2024-07-07 14:15:13.502,11102,278,7,100,False,0,car,0 days 00:12:00.961000,0 days 01:10:16.473000
2024-07-07 14:15:13.742,11203,279,7,100,False,0,car,0 days 00:12:01.201000,0 days 01:10:16.713000
2024-07-07 14:15:13.982,11286,280,7,100,False,0,car,0 days 00:12:01.441000,0 days 01:10:16.953000
2024-07-07 14:15:14.302,11363,285,7,100,False,0,car,0 days 00:12:01.761000,0 days 01:10:17.273000
2024-07-07 14:15:14.783,11549,288,7,100,False,0,car,0 days 00:12:02.242000,0 days 01:10:17.754000
2024-07-07 14:15:15.183,11637,290,7,100,False,0,car,0 days 00:12:02.642000,0 days 01:10:18.154000
2024-07-07 14:15:15.623,10480,293,8,100,False,0,car,0 days 00:12:03.082000,0 days 01:10:18.594000
2024-07-07 14:15:15.863,10434,293,8,100,False,0,car,0 days 00:12:03.322000,0 days 01:10:18.834000
2024-07-07 14:15:16.063,10480,293,8,100,False,0,car,0 days 00:12:03.522000,0 days 01:10:19.034000
2024-07-07 14:15:16.422,10451,295,8,100,False,0,car,0 days 00:12:03.881000,0 days 01:10:19.393000
2024-07-07 14:15:16.662,10458,294,8,100,False,0,car,0 days 00:12:04.121000,0 days 01:10:19.633000
2024-07-07 14:15:16.822,10514,294,8,100,False,0,car,0 days 00:12:04.281000,0 days 01:10:19.793000
2024-07-07 14:15:17.222,10253,292,8,0,True,0,car,0 days 00:12:04.681000,0 days 01:10:20.193000
2024-07-07 14:15:17.662,11026,276,8,42,False,0,car,0 days 00:12:05.121000,0 days 01:10:20.633000
2024-07-07 14:15:18.062,10647,265,7,69,False,0,car,0 days 00:12:05.521000,0 days 01:10:21.033000
2024-07-07 14:15:18.262,10491,264,7,95,False,0,car,0 days 00:12:05.721000,0 days 01:10:21.233000
2024-07-07 14:15:18.422,10661,265,7,100,False,0,car,0 days 00:12:05.881000,0 days 01:10:21.393000
2024-07-07 14:15:18.862,10634,265,7,100,False,0,car,0 days 00:12:06.321000,0 days 01:10:21.833000
2024-07-07 14:15:19.062,10656,266,7,100,False,0,car,0 days 00:12:06.521000,0 days 01:10:22.033000
2024-07-07 14:15:19.222,10596,266,7,76,True,0,car,0 days 00:12:06.681000,0 days 01:10:22.193000
2024-07-07 14:15:19.622,9907,252,7,0,True,0,car,0 days 00:12:07.081000,0 days 01:10:22.593000
2024-07-07 14:15:19.862,10869,240,7,0,True,0,car,0 days 00:12:07.321000,0 days 01:10:22.833000
2024-07-07 14:15:20.022,10793,240,6,0,True,0,car,0 days 00:12:07.481000,0 days 01:10:22.993000
2024-07-07 14:15:20.262,10428,230,6,1,False,0,car,0 days 00:12:07.721000,0 days 01:10:23.233000
2024-07-07 14:15:20.422,10318,226,6,43,False,0,car,0 days 00:12:07.881000,0 days 01:10:23.393000
2024-07-07 14:15:20.662,10243,225,6,59,False,0,car,0 days 00:12:08.121000,0 days 01:10:23.633000
2024-07-07 14:15:20.942,10299,224,6,64,False,0,car,0 days 00:12:08.401000,0 days 01:10:23.913000
2024-07-07 14:15:21.143,9680,225,6,19,True,0,car,0 days 00:12:08.602000,0 days 01:10:24.114000
2024-07-07 14:15:21.423,9472,212,6,0,True,8,car,0 days 00:12:08.882000,0 days 01:10:24.394000
2024-07-07 14:15:21.743,10382,201,5,0,True,8,car,0 days 00:12:09.202000,0 days 01:10:24.714000
2024-07-07 14:15:21.903,10288,195,5,0,True,8,car,0 days 00:12:09.362000,0 days 01:10:24.874000
2024-07-07 14:15:22.343,9612,186,5,7,False,8,car,0 days 00:12:09.802000,0 days 01:10:25.314000
2024-07-07 14:15:22.583,9474,179,5,23,False,8,car,0 days 00:12:10.042000,0 days 01:10:25.554000
2024-07-07 14:15:22.783,9517,178,5,56,False,8,car,0 days 00:12:10.242000,0 days 01:10:25.754000
2024-07-07 14:15:22.943,9517,177,5,56,False,8,car,0 days 00:12:10.402000,0 days 01:10:25.914000
2024-07-07 14:15:23.182,9800,181,5,82,False,8,car,0 days 00:12:10.641000,0 days 01:10:26.153000
2024-07-07 14:15:23.382,10050,185,5,91,False,8,car,0 days 00:12:10.841000,0 days 01:10:26.353000
2024-07-07 14:15:23.542,10403,188,5,100,False,8,car,0 days 00:12:11.001000,0 days 01:10:26.513000
2024-07-07 14:15:23.742,10649,193,5,100,False,8,car,0 days 00:12:11.201000,0 days 01:10:26.713000
2024-07-07 14:15:24.022,10915,202,5,100,False,8,car,0 days 00:12:11.481000,0 days 01:10:26.993000
2024-07-07 14:15:24.342,11371,210,5,100,False,8,car,0 days 00:12:11.801000,0 days 01:10:27.313000
2024-07-07 14:15:24.502,11497,215,5,100,False,8,car,0 days 00:12:11.961000,0 days 01:10:27.473000
2024-07-07 14:15:24.822,11821,220,5,100,False,8,car,0 days 00:12:12.281000,0 days 01:10:27.793000
2024-07-07 14:15:25.062,11044,229,5,100,False,8,car,0 days 00:12:12.521000,0 days 01:10:28.033000
2024-07-07 14:15:25.262,10756,233,5,100,False,8,car,0 days 00:12:12.721000,0 days 01:10:28.233000
2024-07-07 14:15:25.422,11095,235,6,100,False,14,car,0 days 00:12:12.881000,0 days 01:10:28.393000
2024-07-07 14:15:25.622,11109,240,6,100,False,12,car,0 days 00:12:13.081000,0 days 01:10:28.593000
2024-07-07 14:15:25.862,11342,247,6,100,False,12,car,0 days 00:12:13.321000,0 days 01:10:28.833000
2024-07-07 14:15:26.262,11684,254,6,100,False,12,car,0 days 00:12:13.721000,0 days 01:10:29.233000
2024-07-07 14:15:26.422,11684,255,6,100,False,12,car,0 days 00:12:13.881000,0 days 01:10:29.393000
2024-07-07 14:15:26.742,10564,261,7,100,False,12,car,0 days 00:12:14.201000,0 days 01:10:29.713000
2024-07-07 14:15:26.942,10716,265,7,100,False,12,car,0 days 00:12:14.401000,0 days 01:10:29.913000
2024-07-07 14:15:27.142,10873,268,7,100,False,12,car,0 days 00:12:14.601000,0 days 01:10:30.113000
2024-07-07 14:15:27.502,11070,276,7,100,False,12,car,0 days 00:12:14.961000,0 days 01:10:30.473000
2024-07-07 14:15:27.743,11243,278,7,100,False,12,car,0 days 00:12:15.202000,0 days 01:10:30.714000
2024-07-07 14:15:27.943,11338,281,7,100,False,12,car,0 days 00:12:15.402000,0 days 01:10:30.914000
2024-07-07 14:15:28.263,11456,286,7,100,False,12,car,0 days 00:12:15.722000,0 days 01:10:31.234000
2024-07-07 14:15:28.543,11611,289,7,100,False,12,car,0 days 00:12:16.002000,0 days 01:10:31.514000
2024-07-07 14:15:28.703,11642,291,7,100,False,12,car,0 days 00:12:16.162000,0 days 01:10:31.674000
2024-07-07 14:15:29.103,10888,295,7,100,False,12,car,0 days 00:12:16.562000,0 days 01:10:32.074000
2024-07-07 14:15:29.503,10663,299,8,100,False,12,car,0 days 00:12:16.962000,0 days 01:10:32.474000
2024-07-07 14:15:29.703,10697,301,8,100,False,12,car,0 days 00:12:17.162000,0 days 01:10:32.674000
2024-07-07 14:15:29.862,10759,303,8,100,False,12,car,0 days 00:12:17.321000,0 days 01:10:32.833000
2024-07-07 14:15:30.022,10811,304,8,100,False,12,car,0 days 00:12:17.481000,0 days 01:10:32.993000
2024-07-07 14:15:30.262,10864,306,8,100,False,12,car,0 days 00:12:17.721000,0 days 01:10:33.233000
2024-07-07 14:15:30.462,10942,308,8,100,False,12,car,0 days 00:12:17.921000,0 days 01:10:33.433000
2024-07-07 14:15:30.742,10979,309,8,100,False,12,car,0 days 00:12:18.201000,0 days 01:10:33.713000
2024-07-07 14:15:31.142,11096,311,8,100,False,12,car,0 days 00:12:18.601000,0 days 01:10:34.113000
2024-07-07 14:15:31.342,11087,312,8,100,False,12,car,0 days 00:12:18.801000,0 days 01:10:34.313000
2024-07-07 14:15:31.542,11119,312,8,100,False,12,car,0 days 00:12:19.001000,0 days 01:10:34.513000
2024-07-07 14:15:31.902,11139,313,8,100,False,12,car,0 days 00:12:19.361000,0 days 01:10:34.873000
2024-07-07 14:15:32.102,11145,314,8,100,False,12,car,0 days 00:12:19.561000,0 days 01:10:35.073000
2024-07-07 14:15:32.262,11184,315,8,100,False,12,car,0 days 00:12:19.721000,0 days 01:10:35.233000
2024-07-07 14:15:32.542,11193,315,8,100,False,12,car,0 days 00:12:20.001000,0 days 01:10:35.513000
2024-07-07 14:15:32.822,11179,315,8,100,False,12,car,0 days 00:12:20.281000,0 days 01:10:35.793000
2024-07-07 14:15:33.062,11150,314,8,100,False,12,car,0 days 00:12:20.521000,0 days 01:10:36.033000
2024-07-07 14:15:33.222,11142,314,8,100,False,12,car,0 days 00:12:20.681000,0 days 01:10:36.193000
2024-07-07 14:15:33.462,11104,313,8,100,False,12,car,0 days 00:12:20.921000,0 days 01:10:36.433000
2024-07-07 14:15:33.742,11037,312,8,100,False,12,car,0 days 00:12:21.201000,0 days 01:10:36.713000
2024-07-07 14:15:34.062,10967,311,8,100,False,12,car,0 days 00:12:21.521000,0 days 01:10:37.033000
2024-07-07 14:15:34.383,10296,288,8,0,True,0,car,0 days 00:12:21.842000,0 days 01:10:37.354000
2024-07-07 14:15:34.743,10021,252,7,0,True,0,car,0 days 00:12:22.202000,0 days 01:10:37.714000
2024-07-07 14:15:35.103,9899,221,6,0,True,0,car,0 days 00:12:22.562000,0 days 01:10:38.074000
2024-07-07 14:15:35.383,10789,207,5,0,True,0,car,0 days 00:12:22.842000,0 days 01:10:38.354000
2024-07-07 14:15:35.623,10396,200,5,0,True,0,car,0 days 00:12:23.082000,0 days 01:10:38.594000
2024-07-07 14:15:35.823,10153,194,5,0,False,0,car,0 days 00:12:23.282000,0 days 01:10:38.794000
2024-07-07 14:15:36.103,9979,188,5,13,False,0,car,0 days 00:12:23.562000,0 days 01:10:39.074000
2024-07-07 14:15:36.303,9686,183,5,18,False,0,car,0 days 00:12:23.762000,0 days 01:10:39.274000
2024-07-07 14:15:36.463,9410,180,5,0,False,0,car,0 days 00:12:23.922000,0 days 01:10:39.434000
2024-07-07 14:15:36.742,9303,175,5,0,True,0,car,0 days 00:12:24.201000,0 days 01:10:39.713000
2024-07-07 14:15:37.102,10494,167,5,10,False,0,car,0 days 00:12:24.561000,0 days 01:10:40.073000
2024-07-07 14:15:37.502,10854,168,4,72,False,0,car,0 days 00:12:24.961000,0 days 01:10:40.473000
2024-07-07 14:15:37.702,11136,173,4,79,False,0,car,0 days 00:12:25.161000,0 days 01:10:40.673000
2024-07-07 14:15:37.862,11355,178,4,93,False,0,car,0 days 00:12:25.321000,0 days 01:10:40.833000
2024-07-07 14:15:38.142,11826,185,4,100,False,0,car,0 days 00:12:25.601000,0 days 01:10:41.113000
2024-07-07 14:15:38.462,10714,197,5,100,False,0,car,0 days 00:12:25.921000,0 days 01:10:41.433000
2024-07-07 14:15:38.742,11041,203,5,100,False,0,car,0 days 00:12:26.201000,0 days 01:10:41.713000
2024-07-07 14:15:38.942,11323,208,5,100,False,0,car,0 days 00:12:26.401000,0 days 01:10:41.913000
2024-07-07 14:15:39.182,11479,213,5,100,False,0,car,0 days 00:12:26.641000,0 days 01:10:42.153000
2024-07-07 14:15:39.342,11875,220,5,100,False,0,car,0 days 00:12:26.801000,0 days 01:10:42.313000
2024-07-07 14:15:39.542,10475,224,6,100,False,0,car,0 days 00:12:27.001000,0 days 01:10:42.513000
2024-07-07 14:15:39.782,10581,231,6,100,False,0,car,0 days 00:12:27.241000,0 days 01:10:42.753000
2024-07-07 14:15:40.102,10778,236,6,100,False,0,car,0 days 00:12:27.561000,0 days 01:10:43.073000
2024-07-07 14:15:40.983,11369,249,6,100,False,0,car,0 days 00:12:28.442000,0 days 01:10:43.954000
2024-07-07 14:15:41.263,11498,252,6,100,False,0,car,0 days 00:12:28.722000,0 days 01:10:44.234000
2024-07-07 14:15:41.423,11577,253,6,100,False,0,car,0 days 00:12:28.882000,0 days 01:10:44.394000
2024-07-07 14:15:41.583,11570,254,6,100,False,0,car,0 days 00:12:29.042000,0 days 01:10:44.554000
2024-07-07 14:15:41.863,11585,255,6,100,False,0,car,0 days 00:12:29.322000,0 days 01:10:44.834000
2024-07-07 14:15:42.023,11656,255,6,100,False,0,car,0 days 00:12:29.482000,0 days 01:10:44.994000
2024-07-07 14:15:42.223,11509,252,6,0,True,0,car,0 days 00:12:29.682000,0 days 01:10:45.194000
2024-07-07 14:15:42.463,10377,231,6,0,True,0,car,0 days 00:12:29.922000,0 days 01:10:45.434000
2024-07-07 14:15:42.623,9844,220,6,0,True,0,car,0 days 00:12:30.082000,0 days 01:10:45.594000
2024-07-07 14:15:42.823,9575,201,6,0,True,0,car,0 days 00:12:30.282000,0 days 01:10:45.794000
2024-07-07 14:15:42.983,9558,183,6,0,True,0,car,0 days 00:12:30.442000,0 days 01:10:45.954000
2024-07-07 14:15:43.302,9659,167,5,0,True,0,car,0 days 00:12:30.761000,0 days 01:10:46.273000
2024-07-07 14:15:43.542,8985,146,4,0,True,0,car,0 days 00:12:31.001000,0 days 01:10:46.513000
2024-07-07 14:15:43.942,8824,126,3,0,True,0,car,0 days 00:12:31.401000,0 days 01:10:46.913000
2024-07-07 14:15:44.102,8629,120,3,0,True,0,car,0 days 00:12:31.561000,0 days 01:10:47.073000
2024-07-07 14:15:44.342,8221,114,3,0,True,0,car,0 days 00:12:31.801000,0 days 01:10:47.313000
2024-07-07 14:15:44.502,7990,111,3,0,True,0,car,0 days 00:12:31.961000,0 days 01:10:47.473000
2024-07-07 14:15:44.942,7395,102,3,0,False,0,car,0 days 00:12:32.401000,0 days 01:10:47.913000
2024-07-07 14:15:45.102,7347,100,3,0,False,0,car,0 days 00:12:32.561000,0 days 01:10:48.073000
2024-07-07 14:15:45.262,7152,97,3,0,False,0,car,0 days 00:12:32.721000,0 days 01:10:48.233000
2024-07-07 14:15:45.502,7325,96,3,10,False,0,car,0 days 00:12:32.961000,0 days 01:10:48.473000
2024-07-07 14:15:45.782,7230,97,3,29,False,0,car,0 days 00:12:33.241000,0 days 01:10:48.753000
2024-07-07 14:15:46.062,7690,101,3,47,False,0,car,0 days 00:12:33.521000,0 days 01:10:49.033000
2024-07-07 14:15:46.222,7846,103,3,50,False,0,car,0 days 00:12:33.681000,0 days 01:10:49.193000
2024-07-07 14:15:46.582,8242,113,3,46,False,0,car,0 days 00:12:34.041000,0 days 01:10:49.553000
2024-07-07 14:15:46.822,7864,113,3,30,False,0,car,0 days 00:12:34.281000,0 days 01:10:49.793000
2024-07-07 14:15:47.142,6969,111,4,3,False,0,car,0 days 00:12:34.601000,0 days 01:10:50.113000
2024-07-07 14:15:47.343,6903,110,4,10,False,0,car,0 days 00:12:34.802000,0 days 01:10:50.314000
2024-07-07 14:15:47.663,7140,109,4,20,False,0,car,0 days 00:12:35.122000,0 days 01:10:50.634000
2024-07-07 14:15:47.863,7151,109,4,40,False,0,car,0 days 00:12:35.322000,0 days 01:10:50.834000
2024-07-07 14:15:48.263,7690,117,4,54,False,0,car,0 days 00:12:35.722000,0 days 01:10:51.234000
2024-07-07 14:15:48.423,7842,119,4,58,False,0,car,0 days 00:12:35.882000,0 days 01:10:51.394000
2024-07-07 14:15:48.703,8443,127,4,69,False,0,car,0 days 00:12:36.162000,0 days 01:10:51.674000
2024-07-07 14:15:49.103,9304,140,4,82,False,0,car,0 days 00:12:36.562000,0 days 01:10:52.074000
2024-07-07 14:15:49.503,10327,157,4,91,False,0,car,0 days 00:12:36.962000,0 days 01:10:52.474000
2024-07-07 14:15:49.743,11084,165,4,100,False,0,car,0 days 00:12:37.202000,0 days 01:10:52.714000
2024-07-07 14:15:49.903,11371,174,4,100,False,0,car,0 days 00:12:37.362000,0 days 01:10:52.874000
2024-07-07 14:15:50.302,11158,187,4,92,False,0,car,0 days 00:12:37.761000,0 days 01:10:53.273000
2024-07-07 14:15:50.462,10588,194,5,100,False,0,car,0 days 00:12:37.921000,0 days 01:10:53.433000
2024-07-07 14:15:50.622,10777,196,5,100,False,0,car,0 days 00:12:38.081000,0 days 01:10:53.593000
2024-07-07 14:15:50.902,11057,205,5,100,False,0,car,0 days 00:12:38.361000,0 days 01:10:53.873000
2024-07-07 14:15:51.142,11474,211,5,100,False,0,car,0 days 00:12:38.601000,0 days 01:10:54.113000
2024-07-07 14:15:51.462,11795,219,5,100,False,0,car,0 days 00:12:38.921000,0 days 01:10:54.433000
2024-07-07 14:15:51.662,10815,224,5,100,False,0,car,0 days 00:12:39.121000,0 days 01:10:54.633000
2024-07-07 14:15:51.862,10525,228,6,100,False,0,car,0 days 00:12:39.321000,0 days 01:10:54.833000
2024-07-07 14:15:52.102,10625,231,6,100,False,0,car,0 days 00:12:39.561000,0 days 01:10:55.073000
2024-07-07 14:15:52.422,10935,237,6,100,False,0,car,0 days 00:12:39.881000,0 days 01:10:55.393000
2024-07-07 14:15:52.702,11141,242,6,100,False,0,car,0 days 00:12:40.161000,0 days 01:10:55.673000
2024-07-07 14:15:53.022,11399,246,6,100,False,0,car,0 days 00:12:40.481000,0 days 01:10:55.993000
2024-07-07 14:15:53.222,11530,249,6,100,False,0,car,0 days 00:12:40.681000,0 days 01:10:56.193000
2024-07-07 14:15:53.422,11669,254,6,100,False,0,car,0 days 00:12:40.881000,0 days 01:10:56.393000
2024-07-07 14:15:53.582,11787,257,6,100,False,0,car,0 days 00:12:41.041000,0 days 01:10:56.553000
2024-07-07 14:15:53.742,11087,261,6,100,False,0,car,0 days 00:12:41.201000,0 days 01:10:56.713000
2024-07-07 14:15:54.063,10680,265,7,100,False,0,car,0 days 00:12:41.522000,0 days 01:10:57.034000
2024-07-07 14:15:54.343,10790,266,7,100,False,0,car,0 days 00:12:41.802000,0 days 01:10:57.314000
2024-07-07 14:15:54.623,10940,271,7,100,False,0,car,0 days 00:12:42.082000,0 days 01:10:57.594000
2024-07-07 14:15:54.783,10997,275,7,100,False,0,car,0 days 00:12:42.242000,0 days 01:10:57.754000
2024-07-07 14:15:55.103,11150,278,7,100,False,0,car,0 days 00:12:42.562000,0 days 01:10:58.074000
2024-07-07 14:15:55.383,11242,281,7,100,False,0,car,0 days 00:12:42.842000,0 days 01:10:58.354000
2024-07-07 14:15:55.663,11407,284,7,100,False,0,car,0 days 00:12:43.122000,0 days 01:10:58.634000
2024-07-07 14:15:55.823,11385,285,7,100,False,0,car,0 days 00:12:43.282000,0 days 01:10:58.794000
2024-07-07 14:15:56.103,11477,288,7,100,False,0,car,0 days 00:12:43.562000,0 days 01:10:59.074000
2024-07-07 14:15:56.343,11547,288,7,100,False,0,car,0 days 00:12:43.802000,0 days 01:10:59.314000
2024-07-07 14:15:56.583,11633,291,7,100,False,0,car,0 days 00:12:44.042000,0 days 01:10:59.554000
2024-07-07 14:15:56.902,11314,292,7,100,False,0,car,0 days 00:12:44.361000,0 days 01:10:59.873000
2024-07-07 14:15:57.142,10629,295,7,100,False,0,car,0 days 00:12:44.601000,0 days 01:11:00.113000
2024-07-07 14:15:57.422,10629,297,8,100,False,0,car,0 days 00:12:44.881000,0 days 01:11:00.393000
2024-07-07 14:15:57.782,10459,296,8,69,False,0,car,0 days 00:12:45.241000,0 days 01:11:00.753000
2024-07-07 14:15:58.142,10257,290,8,55,False,0,car,0 days 00:12:45.601000,0 days 01:11:01.113000
2024-07-07 14:15:58.382,10198,284,8,61,False,0,car,0 days 00:12:45.841000,0 days 01:11:01.353000
2024-07-07 14:15:58.782,10025,280,8,100,False,0,car,0 days 00:12:46.241000,0 days 01:11:01.753000
2024-07-07 14:15:59.142,10038,281,8,100,False,0,car,0 days 00:12:46.601000,0 days 01:11:02.113000
2024-07-07 14:15:59.382,10024,281,8,100,False,0,car,0 days 00:12:46.841000,0 days 01:11:02.353000
2024-07-07 14:15:59.822,9986,281,8,100,False,0,car,0 days 00:12:47.281000,0 days 01:11:02.793000
2024-07-07 14:16:00.022,10004,281,8,100,False,0,car,0 days 00:12:47.481000,0 days 01:11:02.993000
2024-07-07 14:16:00.222,10033,283,8,100,False,0,car,0 days 00:12:47.681000,0 days 01:11:03.193000
2024-07-07 14:16:00.423,10041,282,8,100,False,0,car,0 days 00:12:47.882000,0 days 01:11:03.394000
2024-07-07 14:16:00.623,10067,283,8,100,False,0,car,0 days 00:12:48.082000,0 days 01:11:03.594000
2024-07-07 14:16:00.823,10078,282,8,100,False,0,car,0 days 00:12:48.282000,0 days 01:11:03.794000
2024-07-07 14:16:01.303,9994,281,8,100,False,0,car,0 days 00:12:48.762000,0 days 01:11:04.274000
2024-07-07 14:16:01.463,10002,281,8,100,False,0,car,0 days 00:12:48.922000,0 days 01:11:04.434000
2024-07-07 14:16:01.743,9975,281,8,100,False,0,car,0 days 00:12:49.202000,0 days 01:11:04.714000
2024-07-07 14:16:02.143,9882,279,8,100,False,0,car,0 days 00:12:49.602000,0 days 01:11:05.114000
2024-07-07 14:16:02.383,9839,277,8,100,False,0,car,0 days 00:12:49.842000,0 days 01:11:05.354000
2024-07-07 14:16:02.543,9832,277,8,100,False,0,car,0 days 00:12:50.002000,0 days 01:11:05.514000
2024-07-07 14:16:02.703,9827,275,8,100,False,0,car,0 days 00:12:50.162000,0 days 01:11:05.674000
2024-07-07 14:16:03.023,9069,266,8,0,True,0,car,0 days 00:12:50.482000,0 days 01:11:05.994000
2024-07-07 14:16:03.303,9266,234,8,0,True,0,car,0 days 00:12:50.762000,0 days 01:11:06.274000
2024-07-07 14:16:03.542,9267,214,8,0,True,0,car,0 days 00:12:51.001000,0 days 01:11:06.513000
2024-07-07 14:16:03.702,9048,195,7,0,True,0,car,0 days 00:12:51.161000,0 days 01:11:06.673000
2024-07-07 14:16:03.942,9083,178,6,0,True,0,car,0 days 00:12:51.401000,0 days 01:11:06.913000
2024-07-07 14:16:04.142,9503,164,5,0,True,0,car,0 days 00:12:51.601000,0 days 01:11:07.113000
2024-07-07 14:16:04.622,8306,138,4,0,True,0,car,0 days 00:12:52.081000,0 days 01:11:07.593000
2024-07-07 14:16:05.022,8822,124,3,0,True,0,car,0 days 00:12:52.481000,0 days 01:11:07.993000
2024-07-07 14:16:05.182,8447,117,3,0,True,0,car,0 days 00:12:52.641000,0 days 01:11:08.153000
2024-07-07 14:16:05.462,7906,109,3,0,True,0,car,0 days 00:12:52.921000,0 days 01:11:08.433000
2024-07-07 14:16:05.662,7739,103,3,0,True,0,car,0 days 00:12:53.121000,0 days 01:11:08.633000
2024-07-07 14:16:05.822,7387,101,3,0,True,0,car,0 days 00:12:53.281000,0 days 01:11:08.793000
2024-07-07 14:16:06.062,6997,95,3,0,True,0,car,0 days 00:12:53.521000,0 days 01:11:09.033000
2024-07-07 14:16:06.222,6961,95,3,0,True,0,car,0 days 00:12:53.681000,0 days 01:11:09.193000
2024-07-07 14:16:06.422,6928,93,3,14,False,0,car,0 days 00:12:53.881000,0 days 01:11:09.393000
2024-07-07 14:16:06.622,7304,93,3,32,False,0,car,0 days 00:12:54.081000,0 days 01:11:09.593000
2024-07-07 14:16:06.862,7405,97,3,38,False,0,car,0 days 00:12:54.321000,0 days 01:11:09.833000
2024-07-07 14:16:07.103,7626,99,3,42,False,0,car,0 days 00:12:54.562000,0 days 01:11:10.074000
2024-07-07 14:16:07.343,7911,99,3,46,False,0,car,0 days 00:12:54.802000,0 days 01:11:10.314000
2024-07-07 14:16:07.623,8486,109,3,54,False,0,car,0 days 00:12:55.082000,0 days 01:11:10.594000
2024-07-07 14:16:07.823,8723,113,3,58,False,0,car,0 days 00:12:55.282000,0 days 01:11:10.794000
2024-07-07 14:16:08.143,9415,121,3,68,False,0,car,0 days 00:12:55.602000,0 days 01:11:11.114000
2024-07-07 14:16:08.503,10242,135,3,72,False,0,car,0 days 00:12:55.962000,0 days 01:11:11.474000
2024-07-07 14:16:08.783,9803,131,3,0,True,0,car,0 days 00:12:56.242000,0 days 01:11:11.754000
2024-07-07 14:16:09.103,8275,121,3,0,True,0,car,0 days 00:12:56.562000,0 days 01:11:12.074000
2024-07-07 14:16:09.383,7727,108,3,0,True,0,car,0 days 00:12:56.842000,0 days 01:11:12.354000
2024-07-07 14:16:09.703,7135,101,3,0,True,0,car,0 days 00:12:57.162000,0 days 01:11:12.674000
2024-07-07 14:16:10.143,7308,89,3,0,True,0,car,0 days 00:12:57.602000,0 days 01:11:13.114000
2024-07-07 14:16:10.462,7197,81,2,0,True,0,car,0 days 00:12:57.921000,0 days 01:11:13.433000
2024-07-07 14:16:10.662,6938,79,2,0,False,0,car,0 days 00:12:58.121000,0 days 01:11:13.633000
2024-07-07 14:16:10.902,6779,78,2,0,False,0,car,0 days 00:12:58.361000,0 days 01:11:13.873000
2024-07-07 14:16:11.142,6806,76,2,6,False,0,car,0 days 00:12:58.601000,0 days 01:11:14.113000
2024-07-07 14:16:11.342,7060,77,2,27,False,0,car,0 days 00:12:58.801000,0 days 01:11:14.313000
2024-07-07 14:16:11.502,7193,80,2,35,False,0,car,0 days 00:12:58.961000,0 days 01:11:14.473000
2024-07-07 14:16:11.782,7826,85,2,39,False,0,car,0 days 00:12:59.241000,0 days 01:11:14.753000
2024-07-07 14:16:12.182,8618,93,2,50,False,0,car,0 days 00:12:59.641000,0 days 01:11:15.153000
2024-07-07 14:16:12.502,9287,100,2,57,False,0,car,0 days 00:12:59.961000,0 days 01:11:15.473000
2024-07-07 14:16:12.782,8725,110,2,64,False,0,car,0 days 00:13:00.241000,0 days 01:11:15.753000
2024-07-07 14:16:12.942,9062,114,3,71,False,0,car,0 days 00:13:00.401000,0 days 01:11:15.913000
2024-07-07 14:16:13.182,10056,127,3,82,False,0,car,0 days 00:13:00.641000,0 days 01:11:16.153000
2024-07-07 14:16:13.382,10593,135,3,84,False,0,car,0 days 00:13:00.841000,0 days 01:11:16.353000
2024-07-07 14:16:13.783,11087,152,3,100,False,0,car,0 days 00:13:01.242000,0 days 01:11:16.754000
2024-07-07 14:16:13.983,10483,162,4,100,False,0,car,0 days 00:13:01.442000,0 days 01:11:16.954000
2024-07-07 14:16:14.143,10935,167,4,100,False,0,car,0 days 00:13:01.602000,0 days 01:11:17.114000
2024-07-07 14:16:14.303,11225,174,4,100,False,0,car,0 days 00:13:01.762000,0 days 01:11:17.274000
2024-07-07 14:16:14.463,11555,182,4,100,False,0,car,0 days 00:13:01.922000,0 days 01:11:17.434000
2024-07-07 14:16:14.783,10848,192,4,100,False,0,car,0 days 00:13:02.242000,0 days 01:11:17.754000
2024-07-07 14:16:15.103,10851,201,5,100,False,0,car,0 days 00:13:02.562000,0 days 01:11:18.074000
2024-07-07 14:16:15.343,11174,207,5,100,False,0,car,0 days 00:13:02.802000,0 days 01:11:18.314000
2024-07-07 14:16:15.543,11574,212,5,100,False,0,car,0 days 00:13:03.002000,0 days 01:11:18.514000
2024-07-07 14:16:15.783,11682,219,5,100,False,0,car,0 days 00:13:03.242000,0 days 01:11:18.754000
2024-07-07 14:16:15.983,12006,224,5,100,False,0,car,0 days 00:13:03.442000,0 days 01:11:18.954000
2024-07-07 14:16:16.223,10606,229,5,100,False,0,car,0 days 00:13:03.682000,0 days 01:11:19.194000
2024-07-07 14:16:16.663,10881,234,6,100,False,0,car,0 days 00:13:04.122000,0 days 01:11:19.634000
2024-07-07 14:16:17.102,11142,241,6,100,False,0,car,0 days 00:13:04.561000,0 days 01:11:20.073000
2024-07-07 14:16:17.302,11317,247,6,100,False,0,car,0 days 00:13:04.761000,0 days 01:11:20.273000
2024-07-07 14:16:17.662,11578,252,6,100,False,0,car,0 days 00:13:05.121000,0 days 01:11:20.633000
2024-07-07 14:16:17.862,11680,256,6,100,False,0,car,0 days 00:13:05.321000,0 days 01:11:20.833000
2024-07-07 14:16:18.142,11840,259,6,100,False,0,car,0 days 00:13:05.601000,0 days 01:11:21.113000
2024-07-07 14:16:18.422,10726,261,7,100,False,0,car,0 days 00:13:05.881000,0 days 01:11:21.393000
2024-07-07 14:16:18.662,10584,265,7,100,False,0,car,0 days 00:13:06.121000,0 days 01:11:21.633000
2024-07-07 14:16:18.902,10765,269,7,100,False,0,car,0 days 00:13:06.361000,0 days 01:11:21.873000
2024-07-07 14:16:19.182,10877,270,7,100,False,0,car,0 days 00:13:06.641000,0 days 01:11:22.153000
2024-07-07 14:16:19.382,10936,273,7,100,False,0,car,0 days 00:13:06.841000,0 days 01:11:22.353000
2024-07-07 14:16:19.702,11045,276,7,100,False,0,car,0 days 00:13:07.161000,0 days 01:11:22.673000
2024-07-07 14:16:19.982,11150,278,7,100,False,0,car,0 days 00:13:07.441000,0 days 01:11:22.953000
2024-07-07 14:16:20.142,11182,279,7,100,False,0,car,0 days 00:13:07.601000,0 days 01:11:23.113000
2024-07-07 14:16:20.503,11301,281,7,100,False,0,car,0 days 00:13:07.962000,0 days 01:11:23.474000
2024-07-07 14:16:20.783,11296,283,7,100,False,0,car,0 days 00:13:08.242000,0 days 01:11:23.754000
2024-07-07 14:16:21.063,11401,284,7,100,False,0,car,0 days 00:13:08.522000,0 days 01:11:24.034000
2024-07-07 14:16:21.303,11361,285,7,100,False,0,car,0 days 00:13:08.762000,0 days 01:11:24.274000
2024-07-07 14:16:21.463,11375,286,7,100,False,0,car,0 days 00:13:08.922000,0 days 01:11:24.434000
2024-07-07 14:16:21.823,11427,286,7,100,False,0,car,0 days 00:13:09.282000,0 days 01:11:24.794000
2024-07-07 14:16:22.023,11432,285,7,100,False,0,car,0 days 00:13:09.482000,0 days 01:11:24.994000
2024-07-07 14:16:22.183,11429,286,7,100,False,0,car,0 days 00:13:09.642000,0 days 01:11:25.154000
2024-07-07 14:16:22.423,11436,287,7,100,False,0,car,0 days 00:13:09.882000,0 days 01:11:25.394000
2024-07-07 14:16:22.783,11461,289,7,100,False,0,car,0 days 00:13:10.242000,0 days 01:11:25.754000
2024-07-07 14:16:23.063,11513,288,7,100,False,0,car,0 days 00:13:10.522000,0 days 01:11:26.034000
2024-07-07 14:16:23.423,11480,288,7,100,False,0,car,0 days 00:13:10.882000,0 days 01:11:26.394000
2024-07-07 14:16:23.662,11415,286,7,100,False,0,car,0 days 00:13:11.121000,0 days 01:11:26.633000
2024-07-07 14:16:23.822,11398,286,7,100,True,0,car,0 days 00:13:11.281000,0 days 01:11:26.793000
2024-07-07 14:16:23.982,11305,278,7,0,True,0,car,0 days 00:13:11.441000,0 days 01:11:26.953000
2024-07-07 14:16:24.222,10240,262,7,0,True,0,car,0 days 00:13:11.681000,0 days 01:11:27.193000
2024-07-07 14:16:24.382,9595,251,7,0,True,0,car,0 days 00:13:11.841000,0 days 01:11:27.353000
2024-07-07 14:16:24.582,9867,223,7,0,True,0,car,0 days 00:13:12.041000,0 days 01:11:27.553000
2024-07-07 14:16:24.822,9334,216,6,0,True,0,car,0 days 00:13:12.281000,0 days 01:11:27.793000
2024-07-07 14:16:24.982,10169,197,6,0,True,0,car,0 days 00:13:12.441000,0 days 01:11:27.953000
2024-07-07 14:16:25.182,9714,192,5,0,True,0,car,0 days 00:13:12.641000,0 days 01:11:28.153000
2024-07-07 14:16:25.422,9244,179,5,0,True,0,car,0 days 00:13:12.881000,0 days 01:11:28.393000
2024-07-07 14:16:25.662,8784,168,5,0,True,0,car,0 days 00:13:13.121000,0 days 01:11:28.633000
2024-07-07 14:16:25.822,9320,166,5,0,True,0,car,0 days 00:13:13.281000,0 days 01:11:28.793000
2024-07-07 14:16:26.102,9757,158,4,0,True,0,car,0 days 00:13:13.561000,0 days 01:11:29.073000
2024-07-07 14:16:26.302,9576,154,4,0,True,0,car,0 days 00:13:13.761000,0 days 01:11:29.273000
2024-07-07 14:16:26.582,9313,149,4,0,False,0,car,0 days 00:13:14.041000,0 days 01:11:29.553000
2024-07-07 14:16:26.743,9313,147,4,0,False,0,car,0 days 00:13:14.202000,0 days 01:11:29.714000
2024-07-07 14:16:26.903,9011,146,4,1,False,0,car,0 days 00:13:14.362000,0 days 01:11:29.874000
2024-07-07 14:16:27.063,9212,144,4,20,False,0,car,0 days 00:13:14.522000,0 days 01:11:30.034000
2024-07-07 14:16:27.223,9019,141,4,40,False,0,car,0 days 00:13:14.682000,0 days 01:11:30.194000
2024-07-07 14:16:27.503,9204,143,4,48,False,0,car,0 days 00:13:14.962000,0 days 01:11:30.474000
2024-07-07 14:16:27.663,9187,143,4,56,False,0,car,0 days 00:13:15.122000,0 days 01:11:30.634000
2024-07-07 14:16:27.863,9327,147,4,57,False,0,car,0 days 00:13:15.322000,0 days 01:11:30.834000
2024-07-07 14:16:28.183,9854,152,4,69,False,0,car,0 days 00:13:15.642000,0 days 01:11:31.154000
2024-07-07 14:16:28.383,10056,157,4,71,False,0,car,0 days 00:13:15.842000,0 days 01:11:31.354000
2024-07-07 14:16:28.583,10293,162,4,73,False,0,car,0 days 00:13:16.042000,0 days 01:11:31.554000
2024-07-07 14:16:29.063,10020,153,4,0,True,0,car,0 days 00:13:16.522000,0 days 01:11:32.034000
2024-07-07 14:16:29.463,8366,136,4,0,True,0,car,0 days 00:13:16.922000,0 days 01:11:32.434000
2024-07-07 14:16:29.783,7891,127,4,0,True,0,car,0 days 00:13:17.242000,0 days 01:11:32.754000
2024-07-07 14:16:30.063,7571,121,4,0,True,0,car,0 days 00:13:17.522000,0 days 01:11:33.034000
2024-07-07 14:16:30.303,7927,117,4,0,True,0,car,0 days 00:13:17.762000,0 days 01:11:33.274000
2024-07-07 14:16:30.542,8376,115,3,0,True,0,car,0 days 00:13:18.001000,0 days 01:11:33.513000
2024-07-07 14:16:30.782,7698,106,3,0,True,0,car,0 days 00:13:18.241000,0 days 01:11:33.753000
2024-07-07 14:16:30.942,7596,103,3,0,True,0,car,0 days 00:13:18.401000,0 days 01:11:33.913000
2024-07-07 14:16:31.182,7140,97,3,0,True,0,car,0 days 00:13:18.641000,0 days 01:11:34.153000
2024-07-07 14:16:31.502,6967,94,3,0,False,0,car,0 days 00:13:18.961000,0 days 01:11:34.473000
2024-07-07 14:16:31.702,6774,93,3,0,False,0,car,0 days 00:13:19.161000,0 days 01:11:34.673000
2024-07-07 14:16:31.902,6877,91,3,0,False,0,car,0 days 00:13:19.361000,0 days 01:11:34.873000
2024-07-07 14:16:32.262,7025,92,3,29,False,0,car,0 days 00:13:19.721000,0 days 01:11:35.233000
2024-07-07 14:16:32.462,7391,95,3,39,False,0,car,0 days 00:13:19.921000,0 days 01:11:35.433000
2024-07-07 14:16:32.702,7601,98,3,46,False,0,car,0 days 00:13:20.161000,0 days 01:11:35.673000
2024-07-07 14:16:33.062,8256,105,3,54,False,0,car,0 days 00:13:20.521000,0 days 01:11:36.033000
2024-07-07 14:16:33.302,8827,112,3,59,False,0,car,0 days 00:13:20.761000,0 days 01:11:36.273000
2024-07-07 14:16:33.503,9191,118,3,63,False,0,car,0 days 00:13:20.962000,0 days 01:11:36.474000
2024-07-07 14:16:33.663,9578,121,3,69,False,0,car,0 days 00:13:21.122000,0 days 01:11:36.634000
2024-07-07 14:16:33.863,8659,130,3,74,False,0,car,0 days 00:13:21.322000,0 days 01:11:36.834000
2024-07-07 14:16:34.143,9041,139,4,87,False,0,car,0 days 00:13:21.602000,0 days 01:11:37.114000
2024-07-07 14:16:34.303,9733,147,4,91,False,0,car,0 days 00:13:21.762000,0 days 01:11:37.274000
2024-07-07 14:16:34.583,10417,160,4,100,False,0,car,0 days 00:13:22.042000,0 days 01:11:37.554000
2024-07-07 14:16:34.983,11263,176,4,100,False,0,car,0 days 00:13:22.442000,0 days 01:11:37.954000
2024-07-07 14:16:35.303,11753,186,4,100,False,0,car,0 days 00:13:22.762000,0 days 01:11:38.274000
2024-07-07 14:16:35.463,10913,194,4,100,False,0,car,0 days 00:13:22.922000,0 days 01:11:38.434000
2024-07-07 14:16:35.783,10694,204,5,100,False,0,car,0 days 00:13:23.242000,0 days 01:11:38.754000
2024-07-07 14:16:36.023,10694,209,5,100,False,0,car,0 days 00:13:23.482000,0 days 01:11:38.994000
2024-07-07 14:16:36.303,11573,218,5,100,False,0,car,0 days 00:13:23.762000,0 days 01:11:39.274000
2024-07-07 14:16:36.583,11589,225,5,100,False,0,car,0 days 00:13:24.042000,0 days 01:11:39.554000
2024-07-07 14:16:36.823,10373,230,6,100,False,0,car,0 days 00:13:24.282000,0 days 01:11:39.794000
2024-07-07 14:16:37.142,10908,236,6,100,False,0,car,0 days 00:13:24.601000,0 days 01:11:40.113000
2024-07-07 14:16:37.302,11036,241,6,100,False,0,car,0 days 00:13:24.761000,0 days 01:11:40.273000
2024-07-07 14:16:37.702,11353,247,6,100,False,0,car,0 days 00:13:25.161000,0 days 01:11:40.673000
2024-07-07 14:16:37.982,11564,251,6,100,False,0,car,0 days 00:13:25.441000,0 days 01:11:40.953000
2024-07-07 14:16:38.222,11680,256,6,100,False,0,car,0 days 00:13:25.681000,0 days 01:11:41.193000
2024-07-07 14:16:38.502,10647,259,6,100,False,0,car,0 days 00:13:25.961000,0 days 01:11:41.473000
2024-07-07 14:16:38.702,10482,261,7,100,False,0,car,0 days 00:13:26.161000,0 days 01:11:41.673000
2024-07-07 14:16:38.862,10624,264,7,100,False,0,car,0 days 00:13:26.321000,0 days 01:11:41.833000
2024-07-07 14:16:39.142,10747,267,7,100,False,0,car,0 days 00:13:26.601000,0 days 01:11:42.113000
2024-07-07 14:16:39.502,10882,269,7,100,False,0,car,0 days 00:13:26.961000,0 days 01:11:42.473000
2024-07-07 14:16:39.742,10969,273,7,100,False,0,car,0 days 00:13:27.201000,0 days 01:11:42.713000
2024-07-07 14:16:39.903,11001,275,7,100,False,0,car,0 days 00:13:27.362000,0 days 01:11:42.874000
2024-07-07 14:16:40.063,11137,277,7,100,False,0,car,0 days 00:13:27.522000,0 days 01:11:43.034000
2024-07-07 14:16:40.343,11210,279,7,100,False,0,car,0 days 00:13:27.802000,0 days 01:11:43.314000
2024-07-07 14:16:40.703,11317,282,7,100,False,0,car,0 days 00:13:28.162000,0 days 01:11:43.674000
2024-07-07 14:16:41.183,11460,285,7,100,False,0,car,0 days 00:13:28.642000,0 days 01:11:44.154000
2024-07-07 14:16:41.463,11485,288,7,100,False,0,car,0 days 00:13:28.922000,0 days 01:11:44.434000
2024-07-07 14:16:41.783,11536,288,7,100,False,0,car,0 days 00:13:29.242000,0 days 01:11:44.754000
2024-07-07 14:16:42.183,11541,289,7,100,False,0,car,0 days 00:13:29.642000,0 days 01:11:45.154000
2024-07-07 14:16:42.623,11595,290,7,100,False,0,car,0 days 00:13:30.082000,0 days 01:11:45.594000
2024-07-07 14:16:42.823,11568,290,7,100,False,0,car,0 days 00:13:30.282000,0 days 01:11:45.794000
2024-07-07 14:16:43.023,11623,292,7,100,False,0,car,0 days 00:13:30.482000,0 days 01:11:45.994000
2024-07-07 14:16:43.223,11664,292,7,100,False,0,car,0 days 00:13:30.682000,0 days 01:11:46.194000
2024-07-07 14:16:43.383,11611,292,7,100,False,0,car,0 days 00:13:30.842000,0 days 01:11:46.354000
2024-07-07 14:16:43.703,11637,293,7,100,False,0,car,0 days 00:13:31.162000,0 days 01:11:46.674000
2024-07-07 14:16:43.982,11566,290,7,100,False,0,car,0 days 00:13:31.441000,0 days 01:11:46.953000
2024-07-07 14:16:44.142,11565,290,7,100,False,0,car,0 days 00:13:31.601000,0 days 01:11:47.113000
2024-07-07 14:16:44.382,11367,288,7,72,True,0,car,0 days 00:13:31.841000,0 days 01:11:47.353000
2024-07-07 14:16:44.542,11323,285,7,0,True,0,car,0 days 00:13:32.001000,0 days 01:11:47.513000
2024-07-07 14:16:44.782,10848,279,7,0,True,0,car,0 days 00:13:32.241000,0 days 01:11:47.753000
2024-07-07 14:16:44.942,10775,279,7,0,False,0,car,0 days 00:13:32.401000,0 days 01:11:47.913000
2024-07-07 14:16:45.182,11641,262,7,7,False,0,car,0 days 00:13:32.641000,0 days 01:11:48.153000
2024-07-07 14:16:45.342,11641,259,6,7,False,0,car,0 days 00:13:32.801000,0 days 01:11:48.313000
2024-07-07 14:16:45.702,11729,253,6,71,False,0,car,0 days 00:13:33.161000,0 days 01:11:48.673000
2024-07-07 14:16:45.902,11541,252,6,78,False,0,car,0 days 00:13:33.361000,0 days 01:11:48.873000
2024-07-07 14:16:46.302,11794,255,6,100,False,0,car,0 days 00:13:33.761000,0 days 01:11:49.273000
2024-07-07 14:16:46.462,11833,257,6,100,False,0,car,0 days 00:13:33.921000,0 days 01:11:49.433000
2024-07-07 14:16:46.743,11835,257,6,100,False,0,car,0 days 00:13:34.202000,0 days 01:11:49.714000
2024-07-07 14:16:46.943,11887,259,6,100,False,0,car,0 days 00:13:34.402000,0 days 01:11:49.914000
2024-07-07 14:16:47.263,10619,264,6,100,False,0,car,0 days 00:13:34.722000,0 days 01:11:50.234000
2024-07-07 14:16:47.703,10740,268,7,100,False,0,car,0 days 00:13:35.162000,0 days 01:11:50.674000
2024-07-07 14:16:47.943,10808,270,7,100,False,0,car,0 days 00:13:35.402000,0 days 01:11:50.914000
2024-07-07 14:16:48.183,10876,271,7,100,False,0,car,0 days 00:13:35.642000,0 days 01:11:51.154000
2024-07-07 14:16:48.463,10959,275,7,100,False,0,car,0 days 00:13:35.922000,0 days 01:11:51.434000
2024-07-07 14:16:48.783,11084,277,7,100,False,0,car,0 days 00:13:36.242000,0 days 01:11:51.754000
2024-07-07 14:16:48.983,11142,277,7,100,False,0,car,0 days 00:13:36.442000,0 days 01:11:51.954000
2024-07-07 14:16:49.183,11214,279,7,100,False,0,car,0 days 00:13:36.642000,0 days 01:11:52.154000
2024-07-07 14:16:49.583,11288,283,7,100,False,0,car,0 days 00:13:37.042000,0 days 01:11:52.554000
2024-07-07 14:16:49.743,11331,282,7,100,False,0,car,0 days 00:13:37.202000,0 days 01:11:52.714000
2024-07-07 14:16:50.183,11435,285,7,100,False,0,car,0 days 00:13:37.642000,0 days 01:11:53.154000
2024-07-07 14:16:50.463,11495,287,7,100,False,0,car,0 days 00:13:37.922000,0 days 01:11:53.434000
2024-07-07 14:16:50.822,11540,288,7,100,False,0,car,0 days 00:13:38.281000,0 days 01:11:53.793000
2024-07-07 14:16:51.062,11600,290,7,100,False,0,car,0 days 00:13:38.521000,0 days 01:11:54.033000
2024-07-07 14:16:51.462,11639,291,7,100,False,0,car,0 days 00:13:38.921000,0 days 01:11:54.433000
2024-07-07 14:16:51.622,11657,291,7,100,False,0,car,0 days 00:13:39.081000,0 days 01:11:54.593000
2024-07-07 14:16:51.822,11675,291,7,100,False,0,car,0 days 00:13:39.281000,0 days 01:11:54.793000
2024-07-07 14:16:51.982,11379,292,7,100,False,0,car,0 days 00:13:39.441000,0 days 01:11:54.953000
2024-07-07 14:16:52.262,10713,291,8,100,False,0,car,0 days 00:13:39.721000,0 days 01:11:55.233000
2024-07-07 14:16:52.422,10713,291,8,100,False,0,car,0 days 00:13:39.881000,0 days 01:11:55.393000
2024-07-07 14:16:52.582,10310,291,8,100,False,0,car,0 days 00:13:40.041000,0 days 01:11:55.553000
2024-07-07 14:16:52.822,10323,290,8,100,False,0,car,0 days 00:13:40.281000,0 days 01:11:55.793000
2024-07-07 14:16:53.022,10309,290,8,100,False,0,car,0 days 00:13:40.481000,0 days 01:11:55.993000
2024-07-07 14:16:53.263,10295,288,8,44,False,0,car,0 days 00:13:40.722000,0 days 01:11:56.234000
2024-07-07 14:16:53.423,10302,285,8,46,False,0,car,0 days 00:13:40.882000,0 days 01:11:56.394000
2024-07-07 14:16:53.583,9974,282,8,47,False,0,car,0 days 00:13:41.042000,0 days 01:11:56.554000
2024-07-07 14:16:53.863,9672,273,8,48,False,0,car,0 days 00:13:41.322000,0 days 01:11:56.834000
2024-07-07 14:16:54.103,9586,269,8,62,False,0,car,0 days 00:13:41.562000,0 days 01:11:57.074000
2024-07-07 14:16:54.263,9500,268,8,80,False,0,car,0 days 00:13:41.722000,0 days 01:11:57.234000
2024-07-07 14:16:54.743,9479,266,8,100,False,0,car,0 days 00:13:42.202000,0 days 01:11:57.714000
2024-07-07 14:16:55.063,9477,267,8,100,False,0,car,0 days 00:13:42.522000,0 days 01:11:58.034000
2024-07-07 14:16:55.343,9111,264,8,0,True,0,car,0 days 00:13:42.802000,0 days 01:11:58.314000
2024-07-07 14:16:55.583,9343,253,8,0,True,0,car,0 days 00:13:43.042000,0 days 01:11:58.554000
2024-07-07 14:16:55.743,9816,249,7,0,False,0,car,0 days 00:13:43.202000,0 days 01:11:58.714000
2024-07-07 14:16:55.983,9724,242,7,0,False,0,car,0 days 00:13:43.442000,0 days 01:11:58.954000
2024-07-07 14:16:56.383,9453,234,7,55,False,0,car,0 days 00:13:43.842000,0 days 01:11:59.354000
2024-07-07 14:16:56.863,9216,234,7,65,True,0,car,0 days 00:13:44.322000,0 days 01:11:59.834000
2024-07-07 14:16:57.183,9823,221,7,0,True,0,car,0 days 00:13:44.642000,0 days 01:12:00.154000
2024-07-07 14:16:57.422,9440,210,6,0,True,0,car,0 days 00:13:44.881000,0 days 01:12:00.393000
2024-07-07 14:16:57.702,10180,202,6,0,True,0,car,0 days 00:13:45.161000,0 days 01:12:00.673000
2024-07-07 14:16:58.022,9870,188,5,0,False,0,car,0 days 00:13:45.481000,0 days 01:12:00.993000
2024-07-07 14:16:58.222,9702,183,5,48,False,0,car,0 days 00:13:45.681000,0 days 01:12:01.193000
2024-07-07 14:16:58.502,10038,185,5,70,False,0,car,0 days 00:13:45.961000,0 days 01:12:01.473000
2024-07-07 14:16:58.822,10370,191,5,100,False,0,car,0 days 00:13:46.281000,0 days 01:12:01.793000
2024-07-07 14:16:59.062,10690,198,5,100,False,0,car,0 days 00:13:46.521000,0 days 01:12:02.033000
2024-07-07 14:16:59.462,11147,207,5,100,False,0,car,0 days 00:13:46.921000,0 days 01:12:02.433000
2024-07-07 14:16:59.663,11333,209,5,100,False,0,car,0 days 00:13:47.122000,0 days 01:12:02.634000
2024-07-07 14:16:59.823,11333,215,5,100,False,0,car,0 days 00:13:47.282000,0 days 01:12:02.794000
2024-07-07 14:17:00.103,11673,221,5,100,False,0,car,0 days 00:13:47.562000,0 days 01:12:03.074000
2024-07-07 14:17:00.463,10337,229,6,100,False,0,car,0 days 00:13:47.922000,0 days 01:12:03.434000
2024-07-07 14:17:00.743,10716,234,6,100,False,0,car,0 days 00:13:48.202000,0 days 01:12:03.714000
2024-07-07 14:17:01.103,11060,241,6,100,False,0,car,0 days 00:13:48.562000,0 days 01:12:04.074000
2024-07-07 14:17:01.503,11394,248,6,100,False,0,car,0 days 00:13:48.962000,0 days 01:12:04.474000
2024-07-07 14:17:01.783,11575,252,6,100,False,0,car,0 days 00:13:49.242000,0 days 01:12:04.754000
2024-07-07 14:17:01.943,11575,254,6,100,False,0,car,0 days 00:13:49.402000,0 days 01:12:04.914000
2024-07-07 14:17:02.223,10622,258,6,100,False,0,car,0 days 00:13:49.682000,0 days 01:12:05.194000
2024-07-07 14:17:02.503,10497,262,7,100,False,0,car,0 days 00:13:49.962000,0 days 01:12:05.474000
2024-07-07 14:17:02.743,10629,264,7,100,False,0,car,0 days 00:13:50.202000,0 days 01:12:05.714000
2024-07-07 14:17:02.903,10720,268,7,100,False,0,car,0 days 00:13:50.362000,0 days 01:12:05.874000
2024-07-07 14:17:03.183,10871,271,7,100,False,0,car,0 days 00:13:50.642000,0 days 01:12:06.154000
2024-07-07 14:17:03.423,10951,273,7,100,False,0,car,0 days 00:13:50.882000,0 days 01:12:06.394000
2024-07-07 14:17:03.663,11001,276,7,100,False,0,car,0 days 00:13:51.122000,0 days 01:12:06.634000
2024-07-07 14:17:03.823,11090,277,7,100,False,0,car,0 days 00:13:51.282000,0 days 01:12:06.794000
2024-07-07 14:17:04.062,11201,280,7,100,False,0,car,0 days 00:13:51.521000,0 days 01:12:07.033000
2024-07-07 14:17:04.262,11254,281,7,100,False,0,car,0 days 00:13:51.721000,0 days 01:12:07.233000
2024-07-07 14:17:04.502,11339,283,7,100,False,0,car,0 days 00:13:51.961000,0 days 01:12:07.473000
2024-07-07 14:17:04.782,11423,286,7,100,False,0,car,0 days 00:13:52.241000,0 days 01:12:07.753000
2024-07-07 14:17:04.942,11454,286,7,100,False,0,car,0 days 00:13:52.401000,0 days 01:12:07.913000
2024-07-07 14:17:05.302,11542,289,7,100,False,0,car,0 days 00:13:52.761000,0 days 01:12:08.273000
2024-07-07 14:17:05.582,11604,291,7,100,False,0,car,0 days 00:13:53.041000,0 days 01:12:08.553000
2024-07-07 14:17:05.942,11692,292,7,100,False,0,car,0 days 00:13:53.401000,0 days 01:12:08.913000
2024-07-07 14:17:06.102,11700,292,7,100,False,0,car,0 days 00:13:53.561000,0 days 01:12:09.073000
2024-07-07 14:17:06.423,11007,294,7,100,False,0,car,0 days 00:13:53.882000,0 days 01:12:09.394000
2024-07-07 14:17:06.583,10617,294,8,100,False,0,car,0 days 00:13:54.042000,0 days 01:12:09.554000
2024-07-07 14:17:06.943,10393,293,8,100,False,0,car,0 days 00:13:54.402000,0 days 01:12:09.914000
2024-07-07 14:17:07.183,10390,293,8,100,False,0,car,0 days 00:13:54.642000,0 days 01:12:10.154000
2024-07-07 14:17:07.343,10434,293,8,100,False,0,car,0 days 00:13:54.802000,0 days 01:12:10.314000
2024-07-07 14:17:07.583,10416,293,8,100,False,0,car,0 days 00:13:55.042000,0 days 01:12:10.554000
2024-07-07 14:17:07.903,10410,293,8,100,False,0,car,0 days 00:13:55.362000,0 days 01:12:10.874000
2024-07-07 14:17:08.103,10422,293,8,100,False,0,car,0 days 00:13:55.562000,0 days 01:12:11.074000
2024-07-07 14:17:08.463,10391,292,8,100,False,0,car,0 days 00:13:55.922000,0 days 01:12:11.434000
2024-07-07 14:17:08.783,10372,293,8,100,False,0,car,0 days 00:13:56.242000,0 days 01:12:11.754000
2024-07-07 14:17:09.183,10371,292,8,100,False,0,car,0 days 00:13:56.642000,0 days 01:12:12.154000
2024-07-07 14:17:09.423,10316,293,8,100,False,0,car,0 days 00:13:56.882000,0 days 01:12:12.394000
2024-07-07 14:17:09.623,10318,291,8,100,False,0,car,0 days 00:13:57.082000,0 days 01:12:12.594000
2024-07-07 14:17:09.863,10260,288,8,100,False,0,car,0 days 00:13:57.322000,0 days 01:12:12.834000
2024-07-07 14:17:10.263,10133,286,8,100,False,0,car,0 days 00:13:57.722000,0 days 01:12:13.234000
2024-07-07 14:17:10.583,9853,274,8,0,True,0,car,0 days 00:13:58.042000,0 days 01:12:13.554000
2024-07-07 14:17:10.822,9825,262,8,0,True,0,car,0 days 00:13:58.281000,0 days 01:12:13.793000
2024-07-07 14:17:11.062,9711,239,7,0,True,0,car,0 days 00:13:58.521000,0 days 01:12:14.033000
2024-07-07 14:17:11.222,9368,232,7,0,True,0,car,0 days 00:13:58.681000,0 days 01:12:14.193000
2024-07-07 14:17:11.422,9956,221,6,0,True,0,car,0 days 00:13:58.881000,0 days 01:12:14.393000
2024-07-07 14:17:11.622,9585,214,6,0,False,0,car,0 days 00:13:59.081000,0 days 01:12:14.593000
2024-07-07 14:17:12.102,9052,202,6,12,False,0,car,0 days 00:13:59.561000,0 days 01:12:15.073000
2024-07-07 14:17:12.262,9038,199,6,29,False,0,car,0 days 00:13:59.721000,0 days 01:12:15.233000
2024-07-07 14:17:12.422,8988,197,6,37,False,0,car,0 days 00:13:59.881000,0 days 01:12:15.393000
2024-07-07 14:17:12.622,9056,196,6,58,False,0,car,0 days 00:14:00.081000,0 days 01:12:15.593000
2024-07-07 14:17:12.943,9130,198,6,62,False,0,car,0 days 00:14:00.402000,0 days 01:12:15.914000
2024-07-07 14:17:13.183,9196,197,6,64,False,0,car,0 days 00:14:00.642000,0 days 01:12:16.154000
2024-07-07 14:17:13.423,9343,200,6,85,False,0,car,0 days 00:14:00.882000,0 days 01:12:16.394000
2024-07-07 14:17:13.583,9467,205,6,89,False,0,car,0 days 00:14:01.042000,0 days 01:12:16.554000
2024-07-07 14:17:13.943,9824,208,6,97,False,0,car,0 days 00:14:01.402000,0 days 01:12:16.914000
2024-07-07 14:17:14.263,10070,216,6,100,False,0,car,0 days 00:14:01.722000,0 days 01:12:17.234000
2024-07-07 14:17:14.583,10327,223,6,100,False,0,car,0 days 00:14:02.042000,0 days 01:12:17.554000
2024-07-07 14:17:14.783,10602,228,6,100,False,0,car,0 days 00:14:02.242000,0 days 01:12:17.754000
2024-07-07 14:17:15.103,10801,233,6,100,False,0,car,0 days 00:14:02.562000,0 days 01:12:18.074000
2024-07-07 14:17:15.303,10861,236,6,100,False,0,car,0 days 00:14:02.762000,0 days 01:12:18.274000
2024-07-07 14:17:15.503,11040,241,6,100,False,0,car,0 days 00:14:02.962000,0 days 01:12:18.474000
2024-07-07 14:17:15.703,11096,244,6,100,False,0,car,0 days 00:14:03.162000,0 days 01:12:18.674000
2024-07-07 14:17:16.023,11303,247,6,100,False,0,car,0 days 00:14:03.482000,0 days 01:12:18.994000
2024-07-07 14:17:16.223,11383,250,6,100,False,0,car,0 days 00:14:03.682000,0 days 01:12:19.194000
2024-07-07 14:17:16.503,11502,252,6,100,False,0,car,0 days 00:14:03.962000,0 days 01:12:19.474000
2024-07-07 14:17:16.783,11570,255,6,100,False,0,car,0 days 00:14:04.242000,0 days 01:12:19.754000
2024-07-07 14:17:17.063,11612,256,6,100,False,0,car,0 days 00:14:04.522000,0 days 01:12:20.034000
2024-07-07 14:17:17.303,11687,257,6,100,False,0,car,0 days 00:14:04.762000,0 days 01:12:20.274000
2024-07-07 14:17:17.622,10567,257,6,100,False,0,car,0 days 00:14:05.081000,0 days 01:12:20.593000
2024-07-07 14:17:17.822,10255,258,7,100,False,0,car,0 days 00:14:05.281000,0 days 01:12:20.793000
2024-07-07 14:17:17.982,9518,253,7,31,True,0,car,0 days 00:14:05.441000,0 days 01:12:20.953000
2024-07-07 14:17:18.262,9341,226,7,0,True,0,car,0 days 00:14:05.721000,0 days 01:12:21.233000
2024-07-07 14:17:18.622,9462,192,7,0,True,0,car,0 days 00:14:06.081000,0 days 01:12:21.593000
2024-07-07 14:17:18.902,9370,175,7,0,True,0,car,0 days 00:14:06.361000,0 days 01:12:21.873000
2024-07-07 14:17:19.142,9118,150,5,0,True,0,car,0 days 00:14:06.601000,0 days 01:12:22.113000
2024-07-07 14:17:19.503,9833,126,3,0,True,0,car,0 days 00:14:06.962000,0 days 01:12:22.474000
2024-07-07 14:17:19.743,8603,119,3,0,True,0,car,0 days 00:14:07.202000,0 days 01:12:22.714000
2024-07-07 14:17:20.063,7890,108,3,0,True,0,car,0 days 00:14:07.522000,0 days 01:12:23.034000
2024-07-07 14:17:20.343,7696,105,3,0,False,0,car,0 days 00:14:07.802000,0 days 01:12:23.314000
2024-07-07 14:17:20.543,7503,102,3,0,False,0,car,0 days 00:14:08.002000,0 days 01:12:23.514000
2024-07-07 14:17:20.703,7391,100,3,4,False,0,car,0 days 00:14:08.162000,0 days 01:12:23.674000
2024-07-07 14:17:20.863,7685,100,3,14,False,0,car,0 days 00:14:08.322000,0 days 01:12:23.834000
2024-07-07 14:17:21.023,7330,98,3,26,False,0,car,0 days 00:14:08.482000,0 days 01:12:23.994000
2024-07-07 14:17:21.343,7987,102,3,45,False,0,car,0 days 00:14:08.802000,0 days 01:12:24.314000
2024-07-07 14:17:21.503,8002,105,3,46,False,0,car,0 days 00:14:08.962000,0 days 01:12:24.474000
2024-07-07 14:17:21.743,8319,109,3,51,False,0,car,0 days 00:14:09.202000,0 days 01:12:24.714000
2024-07-07 14:17:21.943,7140,115,3,49,False,0,car,0 days 00:14:09.402000,0 days 01:12:24.914000
2024-07-07 14:17:22.223,7602,118,4,44,False,0,car,0 days 00:14:09.682000,0 days 01:12:25.194000
2024-07-07 14:17:22.463,7460,117,4,0,False,0,car,0 days 00:14:09.922000,0 days 01:12:25.434000
2024-07-07 14:17:22.743,7209,115,4,0,False,0,car,0 days 00:14:10.202000,0 days 01:12:25.714000
2024-07-07 14:17:23.023,6725,112,4,23,False,0,car,0 days 00:14:10.482000,0 days 01:12:25.994000
2024-07-07 14:17:23.303,7362,114,4,45,False,0,car,0 days 00:14:10.762000,0 days 01:12:26.274000
2024-07-07 14:17:23.543,7700,118,4,50,False,0,car,0 days 00:14:11.002000,0 days 01:12:26.514000
2024-07-07 14:17:23.783,7909,122,4,51,False,0,car,0 days 00:14:11.242000,0 days 01:12:26.754000
2024-07-07 14:17:23.943,8152,124,4,58,False,0,car,0 days 00:14:11.402000,0 days 01:12:26.914000
2024-07-07 14:17:24.183,8709,132,4,67,False,0,car,0 days 00:14:11.642000,0 days 01:12:27.154000
2024-07-07 14:17:24.382,8883,138,4,76,False,0,car,0 days 00:14:11.841000,0 days 01:12:27.353000
2024-07-07 14:17:24.582,9583,145,4,79,False,0,car,0 days 00:14:12.041000,0 days 01:12:27.553000
2024-07-07 14:17:24.822,10099,153,4,100,False,0,car,0 days 00:14:12.281000,0 days 01:12:27.793000
2024-07-07 14:17:25.182,10958,169,4,100,False,0,car,0 days 00:14:12.641000,0 days 01:12:28.153000
2024-07-07 14:17:25.622,11089,184,4,100,False,0,car,0 days 00:14:13.081000,0 days 01:12:28.593000
2024-07-07 14:17:25.862,10505,194,5,100,False,0,car,0 days 00:14:13.321000,0 days 01:12:28.833000
2024-07-07 14:17:26.143,10827,201,5,100,False,0,car,0 days 00:14:13.602000,0 days 01:12:29.114000
2024-07-07 14:17:26.383,11202,206,5,100,False,0,car,0 days 00:14:13.842000,0 days 01:12:29.354000
2024-07-07 14:17:26.543,11354,210,5,100,False,0,car,0 days 00:14:14.002000,0 days 01:12:29.514000
2024-07-07 14:17:26.743,11646,213,5,100,False,0,car,0 days 00:14:14.202000,0 days 01:12:29.714000
2024-07-07 14:17:27.063,11637,223,5,100,False,0,car,0 days 00:14:14.522000,0 days 01:12:30.034000
2024-07-07 14:17:27.383,10595,229,6,100,False,0,car,0 days 00:14:14.842000,0 days 01:12:30.354000
2024-07-07 14:17:27.543,10708,231,6,100,False,0,car,0 days 00:14:15.002000,0 days 01:12:30.514000
2024-07-07 14:17:27.823,10925,237,6,100,False,0,car,0 days 00:14:15.282000,0 days 01:12:30.794000
2024-07-07 14:17:28.023,11053,241,6,100,False,0,car,0 days 00:14:15.482000,0 days 01:12:30.994000
2024-07-07 14:17:28.423,11318,248,6,100,False,0,car,0 days 00:14:15.882000,0 days 01:12:31.394000
2024-07-07 14:17:28.583,11533,252,6,100,False,0,car,0 days 00:14:16.042000,0 days 01:12:31.554000
2024-07-07 14:17:28.863,11734,258,6,100,False,0,car,0 days 00:14:16.322000,0 days 01:12:31.834000
2024-07-07 14:17:29.103,10614,259,6,100,False,0,car,0 days 00:14:16.562000,0 days 01:12:32.074000
2024-07-07 14:17:29.463,10674,266,7,100,False,0,car,0 days 00:14:16.922000,0 days 01:12:32.434000
2024-07-07 14:17:29.623,10723,267,7,100,False,0,car,0 days 00:14:17.082000,0 days 01:12:32.594000
2024-07-07 14:17:29.943,10845,271,7,100,False,0,car,0 days 00:14:17.402000,0 days 01:12:32.914000
2024-07-07 14:17:30.143,10979,273,7,100,False,0,car,0 days 00:14:17.602000,0 days 01:12:33.114000
2024-07-07 14:17:30.383,11099,278,7,100,False,0,car,0 days 00:14:17.842000,0 days 01:12:33.354000
2024-07-07 14:17:30.543,11142,278,7,100,False,0,car,0 days 00:14:18.002000,0 days 01:12:33.514000
2024-07-07 14:17:30.703,11234,279,7,100,False,0,car,0 days 00:14:18.162000,0 days 01:12:33.674000
2024-07-07 14:17:30.982,11314,284,7,100,False,0,car,0 days 00:14:18.441000,0 days 01:12:33.953000
2024-07-07 14:17:31.342,11424,284,7,100,False,0,car,0 days 00:14:18.801000,0 days 01:12:34.313000
2024-07-07 14:17:31.582,11495,287,7,100,False,0,car,0 days 00:14:19.041000,0 days 01:12:34.553000
2024-07-07 14:17:31.742,11516,288,7,100,False,0,car,0 days 00:14:19.201000,0 days 01:12:34.713000
2024-07-07 14:17:31.982,11606,290,7,100,False,0,car,0 days 00:14:19.441000,0 days 01:12:34.953000
2024-07-07 14:17:32.142,11617,291,7,100,False,0,car,0 days 00:14:19.601000,0 days 01:12:35.113000
2024-07-07 14:17:32.302,11665,292,7,100,False,0,car,0 days 00:14:19.761000,0 days 01:12:35.273000
2024-07-07 14:17:32.623,11162,294,7,100,False,0,car,0 days 00:14:20.082000,0 days 01:12:35.594000
2024-07-07 14:17:32.903,10381,297,8,100,False,0,car,0 days 00:14:20.362000,0 days 01:12:35.874000
2024-07-07 14:17:33.103,10459,294,8,75,False,0,car,0 days 00:14:20.562000,0 days 01:12:36.074000
2024-07-07 14:17:33.263,10403,291,8,78,False,0,car,0 days 00:14:20.722000,0 days 01:12:36.234000
2024-07-07 14:17:33.583,10367,290,8,78,False,0,car,0 days 00:14:21.042000,0 days 01:12:36.554000
2024-07-07 14:17:33.783,10215,285,8,80,False,0,car,0 days 00:14:21.242000,0 days 01:12:36.754000
2024-07-07 14:17:34.143,10190,284,8,100,False,0,car,0 days 00:14:21.602000,0 days 01:12:37.114000
2024-07-07 14:17:34.423,10155,283,8,100,False,0,car,0 days 00:14:21.882000,0 days 01:12:37.394000
2024-07-07 14:17:34.583,10097,283,8,100,False,0,car,0 days 00:14:22.042000,0 days 01:12:37.554000
2024-07-07 14:17:34.863,10046,282,8,100,False,0,car,0 days 00:14:22.322000,0 days 01:12:37.834000
2024-07-07 14:17:35.023,9995,281,8,100,False,0,car,0 days 00:14:22.482000,0 days 01:12:37.994000
2024-07-07 14:17:35.263,9983,281,8,100,False,0,car,0 days 00:14:22.722000,0 days 01:12:38.234000
2024-07-07 14:17:35.463,9996,281,8,100,False,0,car,0 days 00:14:22.922000,0 days 01:12:38.434000
2024-07-07 14:17:35.663,10022,282,8,100,False,0,car,0 days 00:14:23.122000,0 days 01:12:38.634000
2024-07-07 14:17:35.983,10042,281,8,100,False,0,car,0 days 00:14:23.442000,0 days 01:12:38.954000
2024-07-07 14:17:36.183,10052,282,8,100,False,0,car,0 days 00:14:23.642000,0 days 01:12:39.154000
2024-07-07 14:17:36.383,10010,280,8,100,False,0,car,0 days 00:14:23.842000,0 days 01:12:39.354000
2024-07-07 14:17:36.663,9970,280,8,100,False,0,car,0 days 00:14:24.122000,0 days 01:12:39.634000
2024-07-07 14:17:36.983,9960,280,8,100,False,0,car,0 days 00:14:24.442000,0 days 01:12:39.954000
2024-07-07 14:17:37.183,9938,279,8,100,False,0,car,0 days 00:14:24.642000,0 days 01:12:40.154000
2024-07-07 14:17:37.463,9887,278,8,100,False,0,car,0 days 00:14:24.922000,0 days 01:12:40.434000
2024-07-07 14:17:37.742,9851,276,8,100,False,0,car,0 days 00:14:25.201000,0 days 01:12:40.713000
2024-07-07 14:17:37.902,9815,277,8,100,False,0,car,0 days 00:14:25.361000,0 days 01:12:40.873000
2024-07-07 14:17:38.142,9392,275,8,12,False,0,car,0 days 00:14:25.601000,0 days 01:12:41.113000
2024-07-07 14:17:38.502,9032,258,8,0,True,0,car,0 days 00:14:25.961000,0 days 01:12:41.473000
2024-07-07 14:17:38.742,9308,234,8,0,True,0,car,0 days 00:14:26.201000,0 days 01:12:41.713000
2024-07-07 14:17:38.902,8698,212,8,0,True,0,car,0 days 00:14:26.361000,0 days 01:12:41.873000
2024-07-07 14:17:39.303,8884,172,6,0,True,0,car,0 days 00:14:26.762000,0 days 01:12:42.274000
2024-07-07 14:17:39.463,8490,157,5,0,True,0,car,0 days 00:14:26.922000,0 days 01:12:42.434000
2024-07-07 14:17:39.623,9030,152,5,0,True,0,car,0 days 00:14:27.082000,0 days 01:12:42.594000
2024-07-07 14:17:39.823,8456,142,4,0,True,0,car,0 days 00:14:27.282000,0 days 01:12:42.794000
2024-07-07 14:17:40.143,7837,128,4,0,True,0,car,0 days 00:14:27.602000,0 days 01:12:43.114000
2024-07-07 14:17:40.463,8637,118,3,0,True,0,car,0 days 00:14:27.922000,0 days 01:12:43.434000
2024-07-07 14:17:40.703,7970,111,3,0,True,0,car,0 days 00:14:28.162000,0 days 01:12:43.674000
2024-07-07 14:17:40.863,7800,106,3,0,True,0,car,0 days 00:14:28.322000,0 days 01:12:43.834000
2024-07-07 14:17:41.183,7362,100,3,0,True,0,car,0 days 00:14:28.642000,0 days 01:12:44.154000
2024-07-07 14:17:41.343,7207,100,3,0,True,0,car,0 days 00:14:28.802000,0 days 01:12:44.314000
2024-07-07 14:17:41.623,7060,95,3,1,False,0,car,0 days 00:14:29.082000,0 days 01:12:44.594000
2024-07-07 14:17:41.983,7336,95,3,32,False,0,car,0 days 00:14:29.442000,0 days 01:12:44.954000
2024-07-07 14:17:42.263,7589,98,3,39,False,0,car,0 days 00:14:29.722000,0 days 01:12:45.234000
2024-07-07 14:17:42.583,7991,103,3,43,False,0,car,0 days 00:14:30.042000,0 days 01:12:45.554000
2024-07-07 14:17:42.743,8159,104,3,47,False,0,car,0 days 00:14:30.202000,0 days 01:12:45.714000
2024-07-07 14:17:43.023,8491,110,3,54,False,0,car,0 days 00:14:30.482000,0 days 01:12:45.994000
2024-07-07 14:17:43.183,8880,115,3,57,False,0,car,0 days 00:14:30.642000,0 days 01:12:46.154000
2024-07-07 14:17:43.463,9168,123,3,62,False,0,car,0 days 00:14:30.922000,0 days 01:12:46.434000
2024-07-07 14:17:43.863,10176,137,3,75,False,0,car,0 days 00:14:31.322000,0 days 01:12:46.834000
2024-07-07 14:17:44.103,9792,137,3,0,True,0,car,0 days 00:14:31.562000,0 days 01:12:47.074000
2024-07-07 14:17:44.462,8376,114,3,0,True,0,car,0 days 00:14:31.921000,0 days 01:12:47.433000
2024-07-07 14:17:44.702,7765,108,3,0,True,0,car,0 days 00:14:32.161000,0 days 01:12:47.673000
2024-07-07 14:17:44.902,7400,101,3,0,True,0,car,0 days 00:14:32.361000,0 days 01:12:47.873000
2024-07-07 14:17:45.222,6944,94,3,0,True,0,car,0 days 00:14:32.681000,0 days 01:12:48.193000
2024-07-07 14:17:45.382,6872,91,3,0,True,0,car,0 days 00:14:32.841000,0 days 01:12:48.353000
2024-07-07 14:17:45.703,6489,87,3,0,False,0,car,0 days 00:14:33.162000,0 days 01:12:48.674000
2024-07-07 14:17:45.983,6162,84,3,2,False,0,car,0 days 00:14:33.442000,0 days 01:12:48.954000
2024-07-07 14:17:46.263,6585,84,3,15,False,0,car,0 days 00:14:33.722000,0 days 01:12:49.234000
2024-07-07 14:17:46.703,6792,87,3,22,False,0,car,0 days 00:14:34.162000,0 days 01:12:49.674000
2024-07-07 14:17:47.143,7104,92,3,38,False,0,car,0 days 00:14:34.602000,0 days 01:12:50.114000
2024-07-07 14:17:47.463,7567,97,3,42,False,0,car,0 days 00:14:34.922000,0 days 01:12:50.434000
2024-07-07 14:17:47.663,7839,97,3,47,False,0,car,0 days 00:14:35.122000,0 days 01:12:50.634000
2024-07-07 14:17:47.943,7966,103,3,51,False,0,car,0 days 00:14:35.402000,0 days 01:12:50.914000
2024-07-07 14:17:48.303,9226,119,3,67,False,0,car,0 days 00:14:35.762000,0 days 01:12:51.274000
2024-07-07 14:17:48.543,9990,126,3,78,False,0,car,0 days 00:14:36.002000,0 days 01:12:51.514000
2024-07-07 14:17:48.703,10615,134,3,80,False,0,car,0 days 00:14:36.162000,0 days 01:12:51.674000
2024-07-07 14:17:48.863,10755,142,3,82,False,0,car,0 days 00:14:36.322000,0 days 01:12:51.834000
2024-07-07 14:17:49.143,10231,150,3,100,False,0,car,0 days 00:14:36.602000,0 days 01:12:52.114000
2024-07-07 14:17:49.303,10518,161,4,100,False,0,car,0 days 00:14:36.762000,0 days 01:12:52.274000
2024-07-07 14:17:49.543,10921,168,4,100,False,0,car,0 days 00:14:37.002000,0 days 01:12:52.514000
2024-07-07 14:17:49.783,11541,181,4,100,False,0,car,0 days 00:14:37.242000,0 days 01:12:52.754000
2024-07-07 14:17:49.943,11683,185,4,100,False,0,car,0 days 00:14:37.402000,0 days 01:12:52.914000
2024-07-07 14:17:50.303,10733,197,5,100,False,0,car,0 days 00:14:37.762000,0 days 01:12:53.274000
2024-07-07 14:17:50.463,10733,201,5,100,False,0,car,0 days 00:14:37.922000,0 days 01:12:53.434000
2024-07-07 14:17:50.863,11515,215,5,100,False,0,car,0 days 00:14:38.322000,0 days 01:12:53.834000
2024-07-07 14:17:51.063,11746,219,5,100,False,0,car,0 days 00:14:38.522000,0 days 01:12:54.034000
2024-07-07 14:17:51.302,10780,223,5,100,False,0,car,0 days 00:14:38.761000,0 days 01:12:54.273000
2024-07-07 14:17:51.542,10551,227,6,100,False,0,car,0 days 00:14:39.001000,0 days 01:12:54.513000
2024-07-07 14:17:51.782,10718,232,6,100,False,0,car,0 days 00:14:39.241000,0 days 01:12:54.753000
2024-07-07 14:17:51.942,10778,234,6,100,False,0,car,0 days 00:14:39.401000,0 days 01:12:54.913000
2024-07-07 14:17:52.303,11096,241,6,100,False,0,car,0 days 00:14:39.762000,0 days 01:12:55.274000
2024-07-07 14:17:52.903,11478,250,6,100,False,0,car,0 days 00:14:40.362000,0 days 01:12:55.874000
2024-07-07 14:17:53.143,11603,253,6,100,False,0,car,0 days 00:14:40.602000,0 days 01:12:56.114000
2024-07-07 14:17:53.303,11741,256,6,100,False,0,car,0 days 00:14:40.762000,0 days 01:12:56.274000
2024-07-07 14:17:53.663,10662,261,7,100,False,0,car,0 days 00:14:41.122000,0 days 01:12:56.634000
2024-07-07 14:17:53.983,10588,265,7,100,False,0,car,0 days 00:14:41.442000,0 days 01:12:56.954000
2024-07-07 14:17:54.223,10647,266,7,100,False,0,car,0 days 00:14:41.682000,0 days 01:12:57.194000
2024-07-07 14:17:54.623,10851,270,7,100,False,0,car,0 days 00:14:42.082000,0 days 01:12:57.594000
2024-07-07 14:17:54.783,10936,273,7,100,False,0,car,0 days 00:14:42.242000,0 days 01:12:57.754000
2024-07-07 14:17:54.983,11004,274,7,100,False,0,car,0 days 00:14:42.442000,0 days 01:12:57.954000
2024-07-07 14:17:55.303,11131,277,7,100,False,0,car,0 days 00:14:42.762000,0 days 01:12:58.274000
2024-07-07 14:17:55.583,11191,280,7,100,False,0,car,0 days 00:14:43.042000,0 days 01:12:58.554000
2024-07-07 14:17:55.983,11290,282,7,100,False,0,car,0 days 00:14:43.442000,0 days 01:12:58.954000
2024-07-07 14:17:56.223,11337,283,7,100,False,0,car,0 days 00:14:43.682000,0 days 01:12:59.194000
2024-07-07 14:17:56.583,11309,283,7,100,False,0,car,0 days 00:14:44.042000,0 days 01:12:59.554000
2024-07-07 14:17:56.903,11394,285,7,100,False,0,car,0 days 00:14:44.362000,0 days 01:12:59.874000
2024-07-07 14:17:57.143,11392,285,7,100,False,0,car,0 days 00:14:44.602000,0 days 01:13:00.114000
2024-07-07 14:17:57.463,11399,286,7,100,False,0,car,0 days 00:14:44.922000,0 days 01:13:00.434000
2024-07-07 14:17:57.623,11395,285,7,100,False,0,car,0 days 00:14:45.082000,0 days 01:13:00.594000
2024-07-07 14:17:57.863,11431,285,7,100,False,0,car,0 days 00:14:45.322000,0 days 01:13:00.834000
2024-07-07 14:17:58.022,11441,286,7,100,False,0,car,0 days 00:14:45.481000,0 days 01:13:00.993000
2024-07-07 14:17:58.182,11453,288,7,100,False,0,car,0 days 00:14:45.641000,0 days 01:13:01.153000
2024-07-07 14:17:58.662,11399,286,7,100,False,0,car,0 days 00:14:46.121000,0 days 01:13:01.633000
2024-07-07 14:17:58.903,11379,285,7,100,False,0,car,0 days 00:14:46.362000,0 days 01:13:01.874000
2024-07-07 14:17:59.143,11348,284,7,100,True,0,car,0 days 00:14:46.602000,0 days 01:13:02.114000
2024-07-07 14:17:59.503,11039,258,7,0,True,0,car,0 days 00:14:46.962000,0 days 01:13:02.474000
2024-07-07 14:17:59.703,9948,238,7,0,True,0,car,0 days 00:14:47.162000,0 days 01:13:02.674000
2024-07-07 14:17:59.903,9883,221,7,0,True,0,car,0 days 00:14:47.362000,0 days 01:13:02.874000
2024-07-07 14:18:00.263,10424,197,6,0,True,0,car,0 days 00:14:47.722000,0 days 01:13:03.234000
2024-07-07 14:18:00.543,9702,188,5,0,True,0,car,0 days 00:14:48.002000,0 days 01:13:03.514000
2024-07-07 14:18:00.703,9341,180,5,0,True,0,car,0 days 00:14:48.162000,0 days 01:13:03.674000
2024-07-07 14:18:00.863,9099,176,5,0,True,0,car,0 days 00:14:48.322000,0 days 01:13:03.834000
2024-07-07 14:18:01.143,8778,169,5,0,True,0,car,0 days 00:14:48.602000,0 days 01:13:04.114000
2024-07-07 14:18:01.503,8916,161,5,0,True,0,car,0 days 00:14:48.962000,0 days 01:13:04.474000
2024-07-07 14:18:01.703,9758,157,5,0,True,0,car,0 days 00:14:49.162000,0 days 01:13:04.674000
2024-07-07 14:18:01.943,9758,154,4,0,False,0,car,0 days 00:14:49.402000,0 days 01:13:04.914000
2024-07-07 14:18:02.223,9289,150,4,15,False,0,car,0 days 00:14:49.682000,0 days 01:13:05.194000
2024-07-07 14:18:02.423,9233,147,4,29,False,0,car,0 days 00:14:49.882000,0 days 01:13:05.394000
2024-07-07 14:18:02.703,9136,144,4,40,False,0,car,0 days 00:14:50.162000,0 days 01:13:05.674000
2024-07-07 14:18:03.023,9385,145,4,52,False,0,car,0 days 00:14:50.482000,0 days 01:13:05.994000
2024-07-07 14:18:03.263,9448,149,4,58,False,0,car,0 days 00:14:50.722000,0 days 01:13:06.234000
2024-07-07 14:18:03.503,9800,153,4,62,False,0,car,0 days 00:14:50.962000,0 days 01:13:06.474000
2024-07-07 14:18:03.663,9989,156,4,69,False,0,car,0 days 00:14:51.122000,0 days 01:13:06.634000
2024-07-07 14:18:03.943,10171,160,4,70,False,0,car,0 days 00:14:51.402000,0 days 01:13:06.914000
2024-07-07 14:18:04.183,9401,162,4,0,True,0,car,0 days 00:14:51.642000,0 days 01:13:07.154000
2024-07-07 14:18:04.543,8865,147,4,0,True,0,car,0 days 00:14:52.002000,0 days 01:13:07.514000
2024-07-07 14:18:04.742,8865,143,4,0,True,0,car,0 days 00:14:52.201000,0 days 01:13:07.713000
2024-07-07 14:18:04.942,8096,132,4,0,True,0,car,0 days 00:14:52.401000,0 days 01:13:07.913000
2024-07-07 14:18:05.102,7774,124,4,0,True,0,car,0 days 00:14:52.561000,0 days 01:13:08.073000
2024-07-07 14:18:05.342,8116,119,4,0,True,0,car,0 days 00:14:52.801000,0 days 01:13:08.313000
2024-07-07 14:18:05.543,8475,115,4,0,True,0,car,0 days 00:14:53.002000,0 days 01:13:08.514000
2024-07-07 14:18:05.903,7997,107,3,0,True,0,car,0 days 00:14:53.362000,0 days 01:13:08.874000
2024-07-07 14:18:06.223,7581,103,3,0,False,0,car,0 days 00:14:53.682000,0 days 01:13:09.194000
2024-07-07 14:18:06.463,7291,100,3,0,False,0,car,0 days 00:14:53.922000,0 days 01:13:09.434000
2024-07-07 14:18:06.623,7238,98,3,0,False,0,car,0 days 00:14:54.082000,0 days 01:13:09.594000
2024-07-07 14:18:06.783,7143,97,3,9,False,0,car,0 days 00:14:54.242000,0 days 01:13:09.754000
2024-07-07 14:18:06.943,7143,97,3,22,False,0,car,0 days 00:14:54.402000,0 days 01:13:09.914000
2024-07-07 14:18:07.223,7892,101,3,44,False,0,car,0 days 00:14:54.682000,0 days 01:13:10.194000
2024-07-07 14:18:07.503,8164,105,3,47,False,0,car,0 days 00:14:54.962000,0 days 01:13:10.474000
2024-07-07 14:18:07.903,7337,112,4,48,False,0,car,0 days 00:14:55.362000,0 days 01:13:10.874000
2024-07-07 14:18:08.103,7418,114,4,51,False,0,car,0 days 00:14:55.562000,0 days 01:13:11.074000
2024-07-07 14:18:08.343,7868,117,4,61,False,0,car,0 days 00:14:55.802000,0 days 01:13:11.314000
2024-07-07 14:18:08.583,8270,124,4,64,False,0,car,0 days 00:14:56.042000,0 days 01:13:11.554000
2024-07-07 14:18:09.543,10129,156,4,89,False,0,car,0 days 00:14:57.002000,0 days 01:13:12.514000
2024-07-07 14:18:09.703,10626,162,4,87,False,0,car,0 days 00:14:57.162000,0 days 01:13:12.674000
2024-07-07 14:18:10.103,11495,179,4,100,False,0,car,0 days 00:14:57.562000,0 days 01:13:13.074000
2024-07-07 14:18:10.263,11978,185,4,100,False,0,car,0 days 00:14:57.722000,0 days 01:13:13.234000
2024-07-07 14:18:10.543,10666,192,5,100,False,0,car,0 days 00:14:58.002000,0 days 01:13:13.514000
2024-07-07 14:18:10.783,11063,202,5,100,False,0,car,0 days 00:14:58.242000,0 days 01:13:13.754000
2024-07-07 14:18:10.983,11059,208,5,100,False,0,car,0 days 00:14:58.442000,0 days 01:13:13.954000
2024-07-07 14:18:11.143,11059,208,5,100,False,0,car,0 days 00:14:58.602000,0 days 01:13:14.114000
2024-07-07 14:18:11.542,11646,221,5,100,False,0,car,0 days 00:14:59.001000,0 days 01:13:14.513000
2024-07-07 14:18:11.782,11053,227,5,100,False,0,car,0 days 00:14:59.241000,0 days 01:13:14.753000
2024-07-07 14:18:12.183,10841,236,6,100,False,0,car,0 days 00:14:59.642000,0 days 01:13:15.154000
2024-07-07 14:18:12.583,11194,244,6,100,False,0,car,0 days 00:15:00.042000,0 days 01:13:15.554000
2024-07-07 14:18:12.743,11302,245,6,100,False,0,car,0 days 00:15:00.202000,0 days 01:13:15.714000
2024-07-07 14:18:13.023,11526,251,6,100,False,0,car,0 days 00:15:00.482000,0 days 01:13:15.994000
2024-07-07 14:18:13.423,11717,257,6,100,False,0,car,0 days 00:15:00.882000,0 days 01:13:16.394000
2024-07-07 14:18:13.663,10317,261,7,100,False,0,car,0 days 00:15:01.122000,0 days 01:13:16.634000
2024-07-07 14:18:14.023,10612,263,7,100,False,0,car,0 days 00:15:01.482000,0 days 01:13:16.994000
2024-07-07 14:18:14.183,10680,266,7,100,False,0,car,0 days 00:15:01.642000,0 days 01:13:17.154000
2024-07-07 14:18:14.343,10774,266,7,100,False,0,car,0 days 00:15:01.802000,0 days 01:13:17.314000
2024-07-07 14:18:14.583,10832,270,7,100,False,0,car,0 days 00:15:02.042000,0 days 01:13:17.554000
2024-07-07 14:18:14.783,10914,273,7,100,False,0,car,0 days 00:15:02.242000,0 days 01:13:17.754000
2024-07-07 14:18:14.983,11006,274,7,100,False,0,car,0 days 00:15:02.442000,0 days 01:13:17.954000
2024-07-07 14:18:15.183,11055,275,7,100,False,0,car,0 days 00:15:02.642000,0 days 01:13:18.154000
2024-07-07 14:18:15.343,11099,276,7,100,False,0,car,0 days 00:15:02.802000,0 days 01:13:18.314000
2024-07-07 14:18:15.703,11175,279,7,100,False,0,car,0 days 00:15:03.162000,0 days 01:13:18.674000
2024-07-07 14:18:15.983,11236,280,7,100,False,0,car,0 days 00:15:03.442000,0 days 01:13:18.954000
2024-07-07 14:18:16.183,11300,282,7,100,False,0,car,0 days 00:15:03.642000,0 days 01:13:19.154000
2024-07-07 14:18:16.343,11309,283,7,100,False,0,car,0 days 00:15:03.802000,0 days 01:13:19.314000
2024-07-07 14:18:16.663,11300,282,7,100,False,0,car,0 days 00:15:04.122000,0 days 01:13:19.634000
2024-07-07 14:18:16.823,11332,284,7,100,False,0,car,0 days 00:15:04.282000,0 days 01:13:19.794000
2024-07-07 14:18:17.103,11367,284,7,100,False,0,car,0 days 00:15:04.562000,0 days 01:13:20.074000
2024-07-07 14:18:17.543,11392,285,7,100,False,0,car,0 days 00:15:05.002000,0 days 01:13:20.514000
2024-07-07 14:18:17.743,11382,287,7,100,False,0,car,0 days 00:15:05.202000,0 days 01:13:20.714000
2024-07-07 14:18:18.063,11423,286,7,100,False,0,car,0 days 00:15:05.522000,0 days 01:13:21.034000
2024-07-07 14:18:18.302,11449,286,7,100,False,0,car,0 days 00:15:05.761000,0 days 01:13:21.273000
2024-07-07 14:18:18.783,11447,288,7,100,False,0,car,0 days 00:15:06.242000,0 days 01:13:21.754000
2024-07-07 14:18:19.103,11404,286,7,100,False,0,car,0 days 00:15:06.562000,0 days 01:13:22.074000
2024-07-07 14:18:19.263,11370,286,7,100,False,0,car,0 days 00:15:06.722000,0 days 01:13:22.234000
2024-07-07 14:18:19.503,11377,286,7,96,False,0,car,0 days 00:15:06.962000,0 days 01:13:22.474000
2024-07-07 14:18:19.703,11293,284,7,69,False,0,car,0 days 00:15:07.162000,0 days 01:13:22.674000
2024-07-07 14:18:19.903,10972,278,7,24,False,0,car,0 days 00:15:07.362000,0 days 01:13:22.874000
2024-07-07 14:18:20.143,10823,274,7,45,False,0,car,0 days 00:15:07.602000,0 days 01:13:23.114000
2024-07-07 14:18:20.383,10835,269,7,73,False,0,car,0 days 00:15:07.842000,0 days 01:13:23.354000
2024-07-07 14:18:20.663,10683,264,7,54,False,0,car,0 days 00:15:08.122000,0 days 01:13:23.634000
2024-07-07 14:18:21.063,10339,259,7,69,False,0,car,0 days 00:15:08.522000,0 days 01:13:24.034000
2024-07-07 14:18:21.263,10551,259,7,100,False,0,car,0 days 00:15:08.722000,0 days 01:13:24.234000
2024-07-07 14:18:21.423,10534,260,7,100,False,0,car,0 days 00:15:08.882000,0 days 01:13:24.394000
2024-07-07 14:18:21.623,10532,261,7,100,False,0,car,0 days 00:15:09.082000,0 days 01:13:24.594000
2024-07-07 14:18:22.063,10596,263,7,100,False,0,car,0 days 00:15:09.522000,0 days 01:13:25.034000
2024-07-07 14:18:22.343,10629,264,7,100,False,0,car,0 days 00:15:09.802000,0 days 01:13:25.314000
2024-07-07 14:18:22.543,10729,267,7,100,False,0,car,0 days 00:15:10.002000,0 days 01:13:25.514000
2024-07-07 14:18:22.743,10798,269,7,100,False,0,car,0 days 00:15:10.202000,0 days 01:13:25.714000
2024-07-07 14:18:23.103,10913,273,7,100,False,0,car,0 days 00:15:10.562000,0 days 01:13:26.074000
2024-07-07 14:18:23.503,11073,276,7,100,False,0,car,0 days 00:15:10.962000,0 days 01:13:26.474000
2024-07-07 14:18:23.903,11182,278,7,100,False,0,car,0 days 00:15:11.362000,0 days 01:13:26.874000
2024-07-07 14:18:24.063,11175,278,7,100,False,0,car,0 days 00:15:11.522000,0 days 01:13:27.034000
2024-07-07 14:18:24.223,11219,281,7,100,False,0,car,0 days 00:15:11.682000,0 days 01:13:27.194000
2024-07-07 14:18:24.463,11276,283,7,100,False,0,car,0 days 00:15:11.922000,0 days 01:13:27.434000
2024-07-07 14:18:24.743,11383,284,7,100,False,0,car,0 days 00:15:12.202000,0 days 01:13:27.714000
2024-07-07 14:18:25.102,11450,287,7,100,False,0,car,0 days 00:15:12.561000,0 days 01:13:28.073000
2024-07-07 14:18:25.383,11539,288,7,100,False,0,car,0 days 00:15:12.842000,0 days 01:13:28.354000
2024-07-07 14:18:25.583,11549,290,7,100,False,0,car,0 days 00:15:13.042000,0 days 01:13:28.554000
2024-07-07 14:18:25.903,11583,290,7,100,False,0,car,0 days 00:15:13.362000,0 days 01:13:28.874000
2024-07-07 14:18:26.063,11610,291,7,100,False,0,car,0 days 00:15:13.522000,0 days 01:13:29.034000
2024-07-07 14:18:26.343,11669,291,7,100,False,0,car,0 days 00:15:13.802000,0 days 01:13:29.314000
2024-07-07 14:18:26.503,11678,292,7,100,False,0,car,0 days 00:15:13.962000,0 days 01:13:29.474000
2024-07-07 14:18:26.783,11659,291,7,100,False,0,car,0 days 00:15:14.242000,0 days 01:13:29.754000
2024-07-07 14:18:26.983,11653,291,7,100,False,0,car,0 days 00:15:14.442000,0 days 01:13:29.954000
2024-07-07 14:18:27.143,11653,291,7,100,False,0,car,0 days 00:15:14.602000,0 days 01:13:30.114000
2024-07-07 14:18:27.343,11617,290,7,100,False,0,car,0 days 00:15:14.802000,0 days 01:13:30.314000
2024-07-07 14:18:27.503,11583,290,7,100,False,0,car,0 days 00:15:14.962000,0 days 01:13:30.474000
2024-07-07 14:18:27.663,11585,289,7,100,False,0,car,0 days 00:15:15.122000,0 days 01:13:30.634000
2024-07-07 14:18:27.983,11544,289,7,100,False,0,car,0 days 00:15:15.442000,0 days 01:13:30.954000
2024-07-07 14:18:28.343,11561,288,7,73,False,0,car,0 days 00:15:15.802000,0 days 01:13:31.314000
2024-07-07 14:18:28.583,11328,284,7,64,False,0,car,0 days 00:15:16.042000,0 days 01:13:31.554000
2024-07-07 14:18:28.783,11312,281,7,64,False,0,car,0 days 00:15:16.242000,0 days 01:13:31.754000
2024-07-07 14:18:29.023,11092,277,7,79,False,0,car,0 days 00:15:16.482000,0 days 01:13:31.994000
2024-07-07 14:18:29.223,11241,275,7,90,False,0,car,0 days 00:15:16.682000,0 days 01:13:32.194000
2024-07-07 14:18:29.543,11046,276,7,100,False,0,car,0 days 00:15:17.002000,0 days 01:13:32.514000
2024-07-07 14:18:29.743,10960,273,7,100,False,0,car,0 days 00:15:17.202000,0 days 01:13:32.714000
2024-07-07 14:18:30.023,10990,275,7,100,False,0,car,0 days 00:15:17.482000,0 days 01:13:32.994000
2024-07-07 14:18:30.303,11074,273,7,87,True,0,car,0 days 00:15:17.762000,0 days 01:13:33.274000
2024-07-07 14:18:30.583,10397,265,7,0,True,0,car,0 days 00:15:18.042000,0 days 01:13:33.554000
2024-07-07 14:18:30.783,10961,253,7,0,True,0,car,0 days 00:15:18.242000,0 days 01:13:33.754000
2024-07-07 14:18:31.023,11202,247,6,16,False,0,car,0 days 00:15:18.482000,0 days 01:13:33.994000
2024-07-07 14:18:31.303,11021,239,6,40,False,0,car,0 days 00:15:18.762000,0 days 01:13:34.274000
2024-07-07 14:18:31.463,10918,237,6,53,False,0,car,0 days 00:15:18.922000,0 days 01:13:34.434000
2024-07-07 14:18:31.622,10866,236,6,59,False,0,car,0 days 00:15:19.081000,0 days 01:13:34.593000
2024-07-07 14:18:32.103,10375,226,6,0,True,0,car,0 days 00:15:19.562000,0 days 01:13:35.074000
2024-07-07 14:18:32.343,9637,216,6,0,True,0,car,0 days 00:15:19.802000,0 days 01:13:35.314000
2024-07-07 14:18:32.703,10451,201,5,0,True,0,car,0 days 00:15:20.162000,0 days 01:13:35.674000
2024-07-07 14:18:32.903,10107,199,5,0,False,0,car,0 days 00:15:20.362000,0 days 01:13:35.874000
2024-07-07 14:18:33.103,10119,189,5,30,False,0,car,0 days 00:15:20.562000,0 days 01:13:36.074000
2024-07-07 14:18:33.463,10190,190,5,59,False,0,car,0 days 00:15:20.922000,0 days 01:13:36.434000
2024-07-07 14:18:33.703,10245,189,5,63,False,0,car,0 days 00:15:21.162000,0 days 01:13:36.674000
2024-07-07 14:18:34.183,10812,197,5,100,False,0,car,0 days 00:15:21.642000,0 days 01:13:37.154000
2024-07-07 14:18:34.423,11070,204,5,100,False,0,car,0 days 00:15:21.882000,0 days 01:13:37.394000
2024-07-07 14:18:34.783,11525,214,5,100,False,0,car,0 days 00:15:22.242000,0 days 01:13:37.754000
2024-07-07 14:18:34.983,11675,219,5,100,False,0,car,0 days 00:15:22.442000,0 days 01:13:37.954000
2024-07-07 14:18:35.423,10837,228,6,100,False,0,car,0 days 00:15:22.882000,0 days 01:13:38.394000
2024-07-07 14:18:35.703,10807,234,6,100,False,0,car,0 days 00:15:23.162000,0 days 01:13:38.674000
2024-07-07 14:18:36.063,11047,241,6,100,False,0,car,0 days 00:15:23.522000,0 days 01:13:39.034000
2024-07-07 14:18:36.343,11231,244,6,100,False,0,car,0 days 00:15:23.802000,0 days 01:13:39.314000
2024-07-07 14:18:36.623,11436,247,6,100,False,0,car,0 days 00:15:24.082000,0 days 01:13:39.594000
2024-07-07 14:18:37.063,11672,255,6,100,False,0,car,0 days 00:15:24.522000,0 days 01:13:40.034000
2024-07-07 14:18:37.223,11749,258,6,100,False,0,car,0 days 00:15:24.682000,0 days 01:13:40.194000
2024-07-07 14:18:37.543,10736,261,7,100,False,0,car,0 days 00:15:25.002000,0 days 01:13:40.514000
2024-07-07 14:18:37.703,10520,261,7,100,False,0,car,0 days 00:15:25.162000,0 days 01:13:40.674000
2024-07-07 14:18:37.863,10546,265,7,100,False,0,car,0 days 00:15:25.322000,0 days 01:13:40.834000
2024-07-07 14:18:38.263,10758,269,7,100,False,0,car,0 days 00:15:25.722000,0 days 01:13:41.234000
2024-07-07 14:18:38.503,10874,272,7,100,False,0,car,0 days 00:15:25.962000,0 days 01:13:41.474000
2024-07-07 14:18:38.703,10976,273,7,100,False,0,car,0 days 00:15:26.162000,0 days 01:13:41.674000
2024-07-07 14:18:38.943,11020,274,7,100,False,0,car,0 days 00:15:26.402000,0 days 01:13:41.914000
2024-07-07 14:18:39.383,11189,279,7,100,False,0,car,0 days 00:15:26.842000,0 days 01:13:42.354000
2024-07-07 14:18:39.703,11271,282,7,100,False,0,car,0 days 00:15:27.162000,0 days 01:13:42.674000
2024-07-07 14:18:39.943,11335,283,7,100,False,0,car,0 days 00:15:27.402000,0 days 01:13:42.914000
2024-07-07 14:18:40.183,11407,285,7,100,False,0,car,0 days 00:15:27.642000,0 days 01:13:43.154000
2024-07-07 14:18:40.343,11423,285,7,100,False,0,car,0 days 00:15:27.802000,0 days 01:13:43.314000
2024-07-07 14:18:40.583,11448,287,7,100,False,0,car,0 days 00:15:28.042000,0 days 01:13:43.554000
2024-07-07 14:18:40.943,11496,288,7,99,False,0,car,0 days 00:15:28.402000,0 days 01:13:43.914000
2024-07-07 14:18:41.183,11501,289,7,92,False,0,car,0 days 00:15:28.642000,0 days 01:13:44.154000
2024-07-07 14:18:41.343,11488,288,7,86,False,0,car,0 days 00:15:28.802000,0 days 01:13:44.314000
2024-07-07 14:18:41.543,11548,288,7,80,False,0,car,0 days 00:15:29.002000,0 days 01:13:44.514000
2024-07-07 14:18:41.863,11469,287,7,77,False,0,car,0 days 00:15:29.322000,0 days 01:13:44.834000
2024-07-07 14:18:42.263,11355,285,7,69,False,0,car,0 days 00:15:29.722000,0 days 01:13:45.234000
2024-07-07 14:18:42.663,11357,282,7,70,False,0,car,0 days 00:15:30.122000,0 days 01:13:45.634000
2024-07-07 14:18:43.143,11133,280,7,73,False,0,car,0 days 00:15:30.602000,0 days 01:13:46.114000
2024-07-07 14:18:43.543,11189,281,7,83,False,0,car,0 days 00:15:31.002000,0 days 01:13:46.514000
2024-07-07 14:18:43.943,11221,280,7,85,False,0,car,0 days 00:15:31.402000,0 days 01:13:46.914000
2024-07-07 14:18:44.183,11131,281,7,81,False,0,car,0 days 00:15:31.642000,0 days 01:13:47.154000
2024-07-07 14:18:44.343,11308,280,7,92,False,0,car,0 days 00:15:31.802000,0 days 01:13:47.314000
2024-07-07 14:18:44.783,11210,281,7,100,False,0,car,0 days 00:15:32.242000,0 days 01:13:47.754000
2024-07-07 14:18:45.063,11220,281,7,100,False,0,car,0 days 00:15:32.522000,0 days 01:13:48.034000
2024-07-07 14:18:45.303,11199,281,7,100,False,0,car,0 days 00:15:32.762000,0 days 01:13:48.274000
2024-07-07 14:18:45.623,10241,264,7,0,True,0,car,0 days 00:15:33.082000,0 days 01:13:48.594000
2024-07-07 14:18:45.863,11160,242,7,0,True,0,car,0 days 00:15:33.322000,0 days 01:13:48.834000
2024-07-07 14:18:46.023,10740,242,6,0,True,0,car,0 days 00:15:33.482000,0 days 01:13:48.994000
2024-07-07 14:18:46.263,10146,222,6,0,True,0,car,0 days 00:15:33.722000,0 days 01:13:49.234000
2024-07-07 14:18:46.423,10409,220,6,0,True,0,car,0 days 00:15:33.882000,0 days 01:13:49.394000
2024-07-07 14:18:46.703,10837,212,5,0,True,0,car,0 days 00:15:34.162000,0 days 01:13:49.674000
2024-07-07 14:18:47.023,10428,202,5,0,False,0,car,0 days 00:15:34.482000,0 days 01:13:49.994000
2024-07-07 14:18:47.223,10177,196,5,35,False,0,car,0 days 00:15:34.682000,0 days 01:13:50.194000
2024-07-07 14:18:47.503,10273,191,5,37,False,0,car,0 days 00:15:34.962000,0 days 01:13:50.474000
2024-07-07 14:18:47.663,10139,189,5,0,False,0,car,0 days 00:15:35.122000,0 days 01:13:50.634000
2024-07-07 14:18:47.863,9863,189,5,0,True,0,car,0 days 00:15:35.322000,0 days 01:13:50.834000
2024-07-07 14:18:48.263,10135,175,5,0,False,0,car,0 days 00:15:35.722000,0 days 01:13:51.234000
2024-07-07 14:18:48.423,11083,174,4,51,False,0,car,0 days 00:15:35.882000,0 days 01:13:51.394000
2024-07-07 14:18:48.743,11263,176,4,75,False,0,car,0 days 00:15:36.202000,0 days 01:13:51.714000
2024-07-07 14:18:48.903,11533,178,4,80,False,0,car,0 days 00:15:36.362000,0 days 01:13:51.874000
2024-07-07 14:18:49.063,11731,182,4,84,False,0,car,0 days 00:15:36.522000,0 days 01:13:52.034000
2024-07-07 14:18:49.223,10611,187,4,82,False,0,car,0 days 00:15:36.682000,0 days 01:13:52.194000
2024-07-07 14:18:49.423,10515,191,5,100,False,0,car,0 days 00:15:36.882000,0 days 01:13:52.394000
2024-07-07 14:18:49.743,10837,200,5,100,False,0,car,0 days 00:15:37.202000,0 days 01:13:52.714000
2024-07-07 14:18:50.223,11490,214,5,100,False,0,car,0 days 00:15:37.682000,0 days 01:13:53.194000
2024-07-07 14:18:50.543,11674,221,5,100,False,0,car,0 days 00:15:38.002000,0 days 01:13:53.514000
2024-07-07 14:18:50.703,11394,225,5,100,False,0,car,0 days 00:15:38.162000,0 days 01:13:53.674000
2024-07-07 14:18:50.863,10698,230,6,100,False,0,car,0 days 00:15:38.322000,0 days 01:13:53.834000
2024-07-07 14:18:51.063,10419,233,6,100,False,0,car,0 days 00:15:38.522000,0 days 01:13:54.034000
2024-07-07 14:18:51.343,10838,236,6,100,False,0,car,0 days 00:15:38.802000,0 days 01:13:54.314000
2024-07-07 14:18:51.544,10942,239,6,100,False,0,car,0 days 00:15:39.003000,0 days 01:13:54.515000
2024-07-07 14:18:51.744,11091,242,6,100,False,0,car,0 days 00:15:39.203000,0 days 01:13:54.715000
2024-07-07 14:18:51.903,11180,244,6,100,False,0,car,0 days 00:15:39.362000,0 days 01:13:54.874000
2024-07-07 14:18:52.183,11325,248,6,100,False,0,car,0 days 00:15:39.642000,0 days 01:13:55.154000
2024-07-07 14:18:52.343,11381,249,6,100,False,0,car,0 days 00:15:39.802000,0 days 01:13:55.314000
2024-07-07 14:18:52.583,11481,251,6,100,False,0,car,0 days 00:15:40.042000,0 days 01:13:55.554000
2024-07-07 14:18:53.063,11557,254,6,100,False,0,car,0 days 00:15:40.522000,0 days 01:13:56.034000
2024-07-07 14:18:53.303,11599,254,6,100,False,0,car,0 days 00:15:40.762000,0 days 01:13:56.274000
2024-07-07 14:18:53.703,10988,237,6,0,True,0,car,0 days 00:15:41.162000,0 days 01:13:56.674000
2024-07-07 14:18:55.063,8798,119,3,0,True,0,car,0 days 00:15:42.522000,0 days 01:13:58.034000
2024-07-07 14:18:55.343,8156,113,3,0,True,0,car,0 days 00:15:42.802000,0 days 01:13:58.314000
2024-07-07 14:18:55.503,7835,108,3,0,True,0,car,0 days 00:15:42.962000,0 days 01:13:58.474000
2024-07-07 14:18:55.823,7436,102,3,0,True,0,car,0 days 00:15:43.282000,0 days 01:13:58.794000
2024-07-07 14:18:56.023,7231,99,3,0,False,0,car,0 days 00:15:43.482000,0 days 01:13:58.994000
2024-07-07 14:18:56.303,7027,96,3,1,False,0,car,0 days 00:15:43.762000,0 days 01:13:59.274000
2024-07-07 14:18:56.503,6912,95,3,1,False,0,car,0 days 00:15:43.962000,0 days 01:13:59.474000
2024-07-07 14:18:56.743,7376,93,3,22,False,0,car,0 days 00:15:44.202000,0 days 01:13:59.714000
2024-07-07 14:18:57.023,7300,94,3,40,False,0,car,0 days 00:15:44.482000,0 days 01:13:59.994000
2024-07-07 14:18:57.303,7849,101,3,51,False,0,car,0 days 00:15:44.762000,0 days 01:14:00.274000
2024-07-07 14:18:57.583,8154,108,3,55,False,0,car,0 days 00:15:45.042000,0 days 01:14:00.554000
2024-07-07 14:18:57.743,7615,112,3,46,False,0,car,0 days 00:15:45.202000,0 days 01:14:00.714000
2024-07-07 14:18:57.943,7532,115,4,44,False,0,car,0 days 00:15:45.402000,0 days 01:14:00.914000
2024-07-07 14:18:58.144,7112,114,4,0,False,0,car,0 days 00:15:45.603000,0 days 01:14:01.115000
2024-07-07 14:18:58.384,6932,110,4,0,False,0,car,0 days 00:15:45.843000,0 days 01:14:01.355000
2024-07-07 14:18:58.623,6764,109,4,13,False,0,car,0 days 00:15:46.082000,0 days 01:14:01.594000
2024-07-07 14:18:58.823,6792,108,4,22,False,0,car,0 days 00:15:46.282000,0 days 01:14:01.794000
2024-07-07 14:18:58.983,6932,109,4,22,False,0,car,0 days 00:15:46.442000,0 days 01:14:01.954000
2024-07-07 14:18:59.343,7473,114,4,53,False,0,car,0 days 00:15:46.802000,0 days 01:14:02.314000
2024-07-07 14:18:59.743,8120,124,4,62,False,0,car,0 days 00:15:47.202000,0 days 01:14:02.714000
2024-07-07 14:18:59.983,8589,133,4,69,False,0,car,0 days 00:15:47.442000,0 days 01:14:02.954000
2024-07-07 14:19:00.143,8692,133,4,72,False,0,car,0 days 00:15:47.602000,0 days 01:14:03.114000
2024-07-07 14:19:00.423,9549,142,4,100,False,0,car,0 days 00:15:47.882000,0 days 01:14:03.394000
2024-07-07 14:19:00.583,10167,151,4,100,False,0,car,0 days 00:15:48.042000,0 days 01:14:03.554000
2024-07-07 14:19:00.823,10711,165,4,100,False,0,car,0 days 00:15:48.282000,0 days 01:14:03.794000
2024-07-07 14:19:01.063,11166,176,4,100,False,0,car,0 days 00:15:48.522000,0 days 01:14:04.034000
2024-07-07 14:19:01.303,11707,180,4,100,False,0,car,0 days 00:15:48.762000,0 days 01:14:04.274000
2024-07-07 14:19:01.583,10507,194,5,100,False,0,car,0 days 00:15:49.042000,0 days 01:14:04.554000
2024-07-07 14:19:01.783,10772,196,5,100,False,0,car,0 days 00:15:49.242000,0 days 01:14:04.754000
2024-07-07 14:19:02.063,11135,208,5,100,False,0,car,0 days 00:15:49.522000,0 days 01:14:05.034000
2024-07-07 14:19:02.303,11498,213,5,100,False,0,car,0 days 00:15:49.762000,0 days 01:14:05.274000
2024-07-07 14:19:02.503,11697,217,5,100,False,0,car,0 days 00:15:49.962000,0 days 01:14:05.474000
2024-07-07 14:19:02.943,11368,226,5,100,False,0,car,0 days 00:15:50.402000,0 days 01:14:05.914000
2024-07-07 14:19:03.103,10678,230,6,100,False,0,car,0 days 00:15:50.562000,0 days 01:14:06.074000
2024-07-07 14:19:03.423,10865,234,6,100,False,0,car,0 days 00:15:50.882000,0 days 01:14:06.394000
2024-07-07 14:19:03.743,11054,239,6,100,False,0,car,0 days 00:15:51.202000,0 days 01:14:06.714000
2024-07-07 14:19:03.943,11219,244,6,100,False,0,car,0 days 00:15:51.402000,0 days 01:14:06.914000
2024-07-07 14:19:04.223,11398,249,6,100,False,0,car,0 days 00:15:51.682000,0 days 01:14:07.194000
2024-07-07 14:19:04.543,11650,254,6,100,False,0,car,0 days 00:15:52.002000,0 days 01:14:07.514000
2024-07-07 14:19:04.744,11755,257,6,100,False,0,car,0 days 00:15:52.203000,0 days 01:14:07.715000
2024-07-07 14:19:04.984,10943,263,6,100,False,0,car,0 days 00:15:52.443000,0 days 01:14:07.955000
2024-07-07 14:19:05.343,10690,266,7,100,False,0,car,0 days 00:15:52.802000,0 days 01:14:08.314000
2024-07-07 14:19:05.663,10777,272,7,100,False,0,car,0 days 00:15:53.122000,0 days 01:14:08.634000
2024-07-07 14:19:05.863,10952,275,7,100,False,0,car,0 days 00:15:53.322000,0 days 01:14:08.834000
2024-07-07 14:19:06.063,11033,277,7,100,False,0,car,0 days 00:15:53.522000,0 days 01:14:09.034000
2024-07-07 14:19:06.343,11181,279,7,100,False,0,car,0 days 00:15:53.802000,0 days 01:14:09.314000
2024-07-07 14:19:06.703,11312,284,7,100,False,0,car,0 days 00:15:54.162000,0 days 01:14:09.674000
2024-07-07 14:19:06.863,11371,284,7,100,False,0,car,0 days 00:15:54.322000,0 days 01:14:09.834000
2024-07-07 14:19:07.143,11468,286,7,100,False,0,car,0 days 00:15:54.602000,0 days 01:14:10.114000
2024-07-07 14:19:07.383,11549,289,7,100,False,0,car,0 days 00:15:54.842000,0 days 01:14:10.354000
2024-07-07 14:19:07.703,11646,290,7,100,False,0,car,0 days 00:15:55.162000,0 days 01:14:10.674000
2024-07-07 14:19:07.983,11705,292,7,100,False,0,car,0 days 00:15:55.442000,0 days 01:14:10.954000
2024-07-07 14:19:08.223,10892,294,7,100,False,0,car,0 days 00:15:55.682000,0 days 01:14:11.194000
2024-07-07 14:19:08.503,10569,297,8,100,False,0,car,0 days 00:15:55.962000,0 days 01:14:11.474000
2024-07-07 14:19:08.703,10570,297,8,100,False,0,car,0 days 00:15:56.162000,0 days 01:14:11.674000
2024-07-07 14:19:08.863,10618,297,8,97,False,0,car,0 days 00:15:56.322000,0 days 01:14:11.834000
2024-07-07 14:19:09.143,10498,295,8,65,False,0,car,0 days 00:15:56.602000,0 days 01:14:12.114000
2024-07-07 14:19:09.383,10280,291,8,55,False,0,car,0 days 00:15:56.842000,0 days 01:14:12.354000
2024-07-07 14:19:09.703,10206,285,8,80,False,0,car,0 days 00:15:57.162000,0 days 01:14:12.674000
2024-07-07 14:19:09.943,10218,285,8,100,False,0,car,0 days 00:15:57.402000,0 days 01:14:12.914000
2024-07-07 14:19:10.183,10139,283,8,100,False,0,car,0 days 00:15:57.642000,0 days 01:14:13.154000
2024-07-07 14:19:10.343,10139,283,8,100,False,0,car,0 days 00:15:57.802000,0 days 01:14:13.314000
2024-07-07 14:19:10.783,10118,283,8,100,False,0,car,0 days 00:15:58.242000,0 days 01:14:13.754000
2024-07-07 14:19:10.943,10137,283,8,100,False,0,car,0 days 00:15:58.402000,0 days 01:14:13.914000
2024-07-07 14:19:11.384,10121,286,8,100,False,0,car,0 days 00:15:58.843000,0 days 01:14:14.355000
2024-07-07 14:19:11.584,10208,287,8,100,False,0,car,0 days 00:15:59.043000,0 days 01:14:14.555000
2024-07-07 14:19:11.784,10168,285,8,100,False,0,car,0 days 00:15:59.243000,0 days 01:14:14.755000
2024-07-07 14:19:12.103,10152,284,8,100,False,0,car,0 days 00:15:59.562000,0 days 01:14:15.074000
2024-07-07 14:19:12.383,10101,283,8,100,False,0,car,0 days 00:15:59.842000,0 days 01:14:15.354000
2024-07-07 14:19:12.543,10108,282,8,100,False,0,car,0 days 00:16:00.002000,0 days 01:14:15.514000
2024-07-07 14:19:12.703,10114,282,8,100,False,0,car,0 days 00:16:00.162000,0 days 01:14:15.674000
2024-07-07 14:19:13.023,10000,281,8,100,False,0,car,0 days 00:16:00.482000,0 days 01:14:15.994000
2024-07-07 14:19:13.463,9897,277,8,100,False,0,car,0 days 00:16:00.922000,0 days 01:14:16.434000
2024-07-07 14:19:13.783,9826,277,8,100,False,0,car,0 days 00:16:01.242000,0 days 01:14:16.754000
2024-07-07 14:19:14.023,10221,274,8,0,True,0,car,0 days 00:16:01.482000,0 days 01:14:16.994000
2024-07-07 14:19:14.223,10221,255,8,0,True,0,car,0 days 00:16:01.682000,0 days 01:14:17.194000
2024-07-07 14:19:14.463,9026,220,8,0,True,0,car,0 days 00:16:01.922000,0 days 01:14:17.434000
2024-07-07 14:19:14.663,9246,201,8,0,True,0,car,0 days 00:16:02.122000,0 days 01:14:17.634000
2024-07-07 14:19:14.943,9219,191,6,0,True,0,car,0 days 00:16:02.402000,0 days 01:14:17.914000
2024-07-07 14:19:15.183,8659,161,5,0,True,0,car,0 days 00:16:02.642000,0 days 01:14:18.154000
2024-07-07 14:19:15.383,9221,150,5,0,True,0,car,0 days 00:16:02.842000,0 days 01:14:18.354000
2024-07-07 14:19:15.703,8307,138,4,0,True,0,car,0 days 00:16:03.162000,0 days 01:14:18.674000
2024-07-07 14:19:15.943,7912,131,4,0,True,0,car,0 days 00:16:03.402000,0 days 01:14:18.914000
2024-07-07 14:19:16.263,8881,120,3,0,True,0,car,0 days 00:16:03.722000,0 days 01:14:19.234000
2024-07-07 14:19:16.543,8260,117,3,0,True,0,car,0 days 00:16:04.002000,0 days 01:14:19.514000
2024-07-07 14:19:16.863,7786,105,3,0,True,0,car,0 days 00:16:04.322000,0 days 01:14:19.834000
2024-07-07 14:19:17.183,7085,97,3,0,True,0,car,0 days 00:16:04.642000,0 days 01:14:20.154000
2024-07-07 14:19:17.543,7266,94,3,18,False,0,car,0 days 00:16:05.002000,0 days 01:14:20.514000
2024-07-07 14:19:17.703,7306,95,3,26,False,0,car,0 days 00:16:05.162000,0 days 01:14:20.674000
2024-07-07 14:19:17.984,7501,98,3,38,False,0,car,0 days 00:16:05.443000,0 days 01:14:20.955000
2024-07-07 14:19:18.184,7811,101,3,42,False,0,car,0 days 00:16:05.643000,0 days 01:14:21.155000
2024-07-07 14:19:18.424,8013,104,3,47,False,0,car,0 days 00:16:05.883000,0 days 01:14:21.395000
2024-07-07 14:19:18.584,8359,104,3,50,False,0,car,0 days 00:16:06.043000,0 days 01:14:21.555000
2024-07-07 14:19:18.983,9013,117,3,59,False,0,car,0 days 00:16:06.442000,0 days 01:14:21.954000
2024-07-07 14:19:19.383,9667,130,3,71,False,0,car,0 days 00:16:06.842000,0 days 01:14:22.354000
2024-07-07 14:19:19.583,10076,138,3,74,False,0,car,0 days 00:16:07.042000,0 days 01:14:22.554000
2024-07-07 14:19:20.023,9212,128,3,0,True,0,car,0 days 00:16:07.482000,0 days 01:14:22.994000
2024-07-07 14:19:20.343,8088,113,3,0,True,0,car,0 days 00:16:07.802000,0 days 01:14:23.314000
2024-07-07 14:19:20.703,7330,104,3,0,True,0,car,0 days 00:16:08.162000,0 days 01:14:23.674000
2024-07-07 14:19:21.063,6782,91,3,0,True,0,car,0 days 00:16:08.522000,0 days 01:14:24.034000
2024-07-07 14:19:21.263,6497,87,3,0,True,0,car,0 days 00:16:08.722000,0 days 01:14:24.234000
2024-07-07 14:19:21.423,6374,85,3,0,True,0,car,0 days 00:16:08.882000,0 days 01:14:24.394000
2024-07-07 14:19:21.623,6136,82,3,0,False,0,car,0 days 00:16:09.082000,0 days 01:14:24.594000
2024-07-07 14:19:21.823,6009,81,3,0,False,0,car,0 days 00:16:09.282000,0 days 01:14:24.794000
2024-07-07 14:19:21.983,5890,79,3,0,False,0,car,0 days 00:16:09.442000,0 days 01:14:24.954000
2024-07-07 14:19:22.263,6046,78,3,10,False,0,car,0 days 00:16:09.722000,0 days 01:14:25.234000
2024-07-07 14:19:22.503,6271,80,3,27,False,0,car,0 days 00:16:09.962000,0 days 01:14:25.474000
2024-07-07 14:19:22.943,6859,87,3,42,False,0,car,0 days 00:16:10.402000,0 days 01:14:25.914000
2024-07-07 14:19:23.263,7451,95,3,47,False,0,car,0 days 00:16:10.722000,0 days 01:14:26.234000
2024-07-07 14:19:23.543,8029,100,3,57,False,0,car,0 days 00:16:11.002000,0 days 01:14:26.514000
2024-07-07 14:19:23.903,8966,113,3,65,False,0,car,0 days 00:16:11.362000,0 days 01:14:26.874000
2024-07-07 14:19:24.103,9485,121,3,71,False,0,car,0 days 00:16:11.562000,0 days 01:14:27.074000
2024-07-07 14:19:24.303,9809,128,3,78,False,0,car,0 days 00:16:11.762000,0 days 01:14:27.274000
2024-07-07 14:19:24.504,10089,136,3,78,False,0,car,0 days 00:16:11.963000,0 days 01:14:27.475000
2024-07-07 14:19:24.984,10396,159,4,100,False,0,car,0 days 00:16:12.443000,0 days 01:14:27.955000
2024-07-07 14:19:25.144,10838,159,4,100,False,0,car,0 days 00:16:12.603000,0 days 01:14:28.115000
2024-07-07 14:19:25.384,11276,176,4,100,False,0,car,0 days 00:16:12.843000,0 days 01:14:28.355000
2024-07-07 14:19:25.623,11140,185,4,100,False,0,car,0 days 00:16:13.082000,0 days 01:14:28.594000
2024-07-07 14:19:25.823,10352,191,5,100,False,0,car,0 days 00:16:13.282000,0 days 01:14:28.794000
2024-07-07 14:19:26.023,10352,198,5,100,False,0,car,0 days 00:16:13.482000,0 days 01:14:28.994000
2024-07-07 14:19:26.183,10966,203,5,100,False,0,car,0 days 00:16:13.642000,0 days 01:14:29.154000
2024-07-07 14:19:26.423,11250,209,5,100,False,0,car,0 days 00:16:13.882000,0 days 01:14:29.394000
2024-07-07 14:19:26.663,11483,216,5,100,False,0,car,0 days 00:16:14.122000,0 days 01:14:29.634000
2024-07-07 14:19:26.903,11814,221,5,100,False,0,car,0 days 00:16:14.362000,0 days 01:14:29.874000
2024-07-07 14:19:27.103,10834,225,5,100,False,0,car,0 days 00:16:14.562000,0 days 01:14:30.074000
2024-07-07 14:19:27.383,10682,229,6,100,False,0,car,0 days 00:16:14.842000,0 days 01:14:30.354000
2024-07-07 14:19:27.543,10699,232,6,100,False,0,car,0 days 00:16:15.002000,0 days 01:14:30.514000
2024-07-07 14:19:27.903,11005,239,6,100,False,0,car,0 days 00:16:15.362000,0 days 01:14:30.874000
2024-07-07 14:19:28.063,11082,241,6,100,False,0,car,0 days 00:16:15.522000,0 days 01:14:31.034000
2024-07-07 14:19:28.263,11156,246,6,100,False,0,car,0 days 00:16:15.722000,0 days 01:14:31.234000
2024-07-07 14:19:28.623,11491,249,6,100,False,0,car,0 days 00:16:16.082000,0 days 01:14:31.594000
2024-07-07 14:19:28.863,11594,255,6,100,False,0,car,0 days 00:16:16.322000,0 days 01:14:31.834000
2024-07-07 14:19:29.063,11718,258,6,100,False,0,car,0 days 00:16:16.522000,0 days 01:14:32.034000
2024-07-07 14:19:29.263,11794,260,6,100,False,0,car,0 days 00:16:16.722000,0 days 01:14:32.234000
2024-07-07 14:19:29.623,10651,265,7,100,False,0,car,0 days 00:16:17.082000,0 days 01:14:32.594000
2024-07-07 14:19:29.823,10741,266,7,100,False,0,car,0 days 00:16:17.282000,0 days 01:14:32.794000
2024-07-07 14:19:29.983,10750,269,7,100,False,0,car,0 days 00:16:17.442000,0 days 01:14:32.954000
2024-07-07 14:19:30.383,10970,273,7,100,False,0,car,0 days 00:16:17.842000,0 days 01:14:33.354000
2024-07-07 14:19:30.783,11106,277,7,100,False,0,car,0 days 00:16:18.242000,0 days 01:14:33.754000
2024-07-07 14:19:31.224,11263,282,7,100,False,0,car,0 days 00:16:18.683000,0 days 01:14:34.195000
2024-07-07 14:19:31.384,11318,282,7,100,False,0,car,0 days 00:16:18.843000,0 days 01:14:34.355000
2024-07-07 14:19:31.584,11382,284,7,100,False,0,car,0 days 00:16:19.043000,0 days 01:14:34.555000
2024-07-07 14:19:31.864,11376,286,7,100,False,0,car,0 days 00:16:19.323000,0 days 01:14:34.835000
2024-07-07 14:19:32.184,11451,288,7,100,False,0,car,0 days 00:16:19.643000,0 days 01:14:35.155000
2024-07-07 14:19:32.543,11532,288,7,100,False,0,car,0 days 00:16:20.002000,0 days 01:14:35.514000
2024-07-07 14:19:32.783,11517,288,7,100,False,0,car,0 days 00:16:20.242000,0 days 01:14:35.754000
2024-07-07 14:19:32.983,11538,289,7,100,False,0,car,0 days 00:16:20.442000,0 days 01:14:35.954000
2024-07-07 14:19:33.143,11527,289,7,100,False,0,car,0 days 00:16:20.602000,0 days 01:14:36.114000
2024-07-07 14:19:33.383,11556,290,7,100,False,0,car,0 days 00:16:20.842000,0 days 01:14:36.354000
2024-07-07 14:19:33.623,11594,290,7,100,False,0,car,0 days 00:16:21.082000,0 days 01:14:36.594000
2024-07-07 14:19:34.103,11574,290,7,100,False,0,car,0 days 00:16:21.562000,0 days 01:14:37.074000
2024-07-07 14:19:34.263,11537,290,7,100,False,0,car,0 days 00:16:21.722000,0 days 01:14:37.234000
2024-07-07 14:19:34.463,11567,289,7,100,False,0,car,0 days 00:16:21.922000,0 days 01:14:37.434000
2024-07-07 14:19:34.703,11482,288,7,100,False,0,car,0 days 00:16:22.162000,0 days 01:14:37.674000
2024-07-07 14:19:34.903,11030,288,7,27,True,0,car,0 days 00:16:22.362000,0 days 01:14:37.874000
2024-07-07 14:19:35.063,10933,266,7,0,True,0,car,0 days 00:16:22.522000,0 days 01:14:38.034000
2024-07-07 14:19:35.343,9558,246,7,0,True,0,car,0 days 00:16:22.802000,0 days 01:14:38.314000
2024-07-07 14:19:35.623,9770,217,7,0,True,0,car,0 days 00:16:23.082000,0 days 01:14:38.594000
2024-07-07 14:19:35.903,8932,199,6,0,True,0,car,0 days 00:16:23.362000,0 days 01:14:38.874000
2024-07-07 14:19:36.183,9459,186,6,0,True,0,car,0 days 00:16:23.642000,0 days 01:14:39.154000
2024-07-07 14:19:36.423,9214,178,5,0,True,0,car,0 days 00:16:23.882000,0 days 01:14:39.394000
2024-07-07 14:19:36.623,8954,171,5,0,True,0,car,0 days 00:16:24.082000,0 days 01:14:39.594000
2024-07-07 14:19:36.823,8861,169,5,0,True,0,car,0 days 00:16:24.282000,0 days 01:14:39.794000
2024-07-07 14:19:37.143,8439,161,5,0,True,0,car,0 days 00:16:24.602000,0 days 01:14:40.114000
2024-07-07 14:19:37.343,9618,156,5,0,True,0,car,0 days 00:16:24.802000,0 days 01:14:40.314000
2024-07-07 14:19:37.544,9553,156,4,0,True,0,car,0 days 00:16:25.003000,0 days 01:14:40.515000
2024-07-07 14:19:37.784,9214,148,4,0,False,0,car,0 days 00:16:25.243000,0 days 01:14:40.755000
2024-07-07 14:19:38.104,8908,144,4,17,False,0,car,0 days 00:16:25.563000,0 days 01:14:41.075000
2024-07-07 14:19:38.424,9082,142,4,39,False,0,car,0 days 00:16:25.883000,0 days 01:14:41.395000
2024-07-07 14:19:38.784,9288,144,4,52,False,0,car,0 days 00:16:26.243000,0 days 01:14:41.755000
2024-07-07 14:19:39.143,9475,148,4,61,False,0,car,0 days 00:16:26.602000,0 days 01:14:42.114000
2024-07-07 14:19:39.303,9695,151,4,62,False,0,car,0 days 00:16:26.762000,0 days 01:14:42.274000
2024-07-07 14:19:39.583,9901,157,4,67,False,0,car,0 days 00:16:27.042000,0 days 01:14:42.554000
2024-07-07 14:19:39.983,10193,155,4,0,True,0,car,0 days 00:16:27.442000,0 days 01:14:42.954000
2024-07-07 14:19:40.183,9445,149,4,0,True,0,car,0 days 00:16:27.642000,0 days 01:14:43.154000
2024-07-07 14:19:40.463,8448,138,4,0,True,0,car,0 days 00:16:27.922000,0 days 01:14:43.434000
2024-07-07 14:19:40.703,7929,129,4,0,True,0,car,0 days 00:16:28.162000,0 days 01:14:43.674000
2024-07-07 14:19:40.903,8209,121,4,0,True,0,car,0 days 00:16:28.362000,0 days 01:14:43.874000
2024-07-07 14:19:41.183,8408,115,3,0,True,0,car,0 days 00:16:28.642000,0 days 01:14:44.154000
2024-07-07 14:19:41.383,8292,114,3,0,True,0,car,0 days 00:16:28.842000,0 days 01:14:44.354000
2024-07-07 14:19:41.623,8047,110,3,0,True,0,car,0 days 00:16:29.082000,0 days 01:14:44.594000
2024-07-07 14:19:42.103,7454,101,3,0,True,0,car,0 days 00:16:29.562000,0 days 01:14:45.074000
2024-07-07 14:19:42.263,7375,98,3,0,True,0,car,0 days 00:16:29.722000,0 days 01:14:45.234000
2024-07-07 14:19:42.423,7230,98,3,0,False,0,car,0 days 00:16:29.882000,0 days 01:14:45.394000
2024-07-07 14:19:42.623,7078,96,3,0,False,0,car,0 days 00:16:30.082000,0 days 01:14:45.594000
2024-07-07 14:19:42.823,6906,94,3,0,False,0,car,0 days 00:16:30.282000,0 days 01:14:45.794000
2024-07-07 14:19:43.143,7009,93,3,28,False,0,car,0 days 00:16:30.602000,0 days 01:14:46.114000
2024-07-07 14:19:43.343,7455,96,3,42,False,0,car,0 days 00:16:30.802000,0 days 01:14:46.314000
2024-07-07 14:19:43.783,8197,105,3,50,False,0,car,0 days 00:16:31.242000,0 days 01:14:46.754000
2024-07-07 14:19:43.983,8561,110,3,55,False,0,car,0 days 00:16:31.442000,0 days 01:14:46.954000
2024-07-07 14:19:44.344,9229,118,3,63,False,0,car,0 days 00:16:31.803000,0 days 01:14:47.315000
2024-07-07 14:19:44.744,8539,128,4,74,False,0,car,0 days 00:16:32.203000,0 days 01:14:47.715000
2024-07-07 14:19:45.104,9571,142,4,82,False,0,car,0 days 00:16:32.563000,0 days 01:14:48.075000
2024-07-07 14:19:45.304,9800,149,4,83,False,0,car,0 days 00:16:32.763000,0 days 01:14:48.275000
2024-07-07 14:19:45.504,10527,157,4,100,False,0,car,0 days 00:16:32.963000,0 days 01:14:48.475000
2024-07-07 14:19:45.823,10974,168,4,100,False,0,car,0 days 00:16:33.282000,0 days 01:14:48.794000
2024-07-07 14:19:46.183,11655,183,4,100,False,0,car,0 days 00:16:33.642000,0 days 01:14:49.154000
2024-07-07 14:19:46.543,10762,194,5,100,False,0,car,0 days 00:16:34.002000,0 days 01:14:49.514000
2024-07-07 14:19:46.703,10997,200,5,100,False,0,car,0 days 00:16:34.162000,0 days 01:14:49.674000
2024-07-07 14:19:46.983,11072,209,5,100,False,0,car,0 days 00:16:34.442000,0 days 01:14:49.954000
2024-07-07 14:19:47.143,11330,212,5,100,False,0,car,0 days 00:16:34.602000,0 days 01:14:50.114000
2024-07-07 14:19:47.343,11579,218,5,100,False,0,car,0 days 00:16:34.802000,0 days 01:14:50.314000
2024-07-07 14:19:47.623,10717,224,5,100,False,0,car,0 days 00:16:35.082000,0 days 01:14:50.594000
2024-07-07 14:19:47.863,10491,232,5,100,False,0,car,0 days 00:16:35.322000,0 days 01:14:50.834000
2024-07-07 14:19:48.143,10835,236,6,100,False,0,car,0 days 00:16:35.602000,0 days 01:14:51.114000
2024-07-07 14:19:48.423,11123,241,6,100,False,0,car,0 days 00:16:35.882000,0 days 01:14:51.394000
2024-07-07 14:19:48.903,11505,251,6,100,False,0,car,0 days 00:16:36.362000,0 days 01:14:51.874000
2024-07-07 14:19:49.063,11555,253,6,100,False,0,car,0 days 00:16:36.522000,0 days 01:14:52.034000
2024-07-07 14:19:49.263,11711,256,6,100,False,0,car,0 days 00:16:36.722000,0 days 01:14:52.234000
2024-07-07 14:19:49.543,11234,258,6,100,False,0,car,0 days 00:16:37.002000,0 days 01:14:52.514000
2024-07-07 14:19:49.743,10346,261,7,100,False,0,car,0 days 00:16:37.202000,0 days 01:14:52.714000
2024-07-07 14:19:50.023,10653,265,7,100,False,0,car,0 days 00:16:37.482000,0 days 01:14:52.994000
2024-07-07 14:19:50.383,10812,271,7,100,False,0,car,0 days 00:16:37.842000,0 days 01:14:53.354000
2024-07-07 14:19:50.583,10915,272,7,100,False,0,car,0 days 00:16:38.042000,0 days 01:14:53.554000
2024-07-07 14:19:50.744,10967,273,7,100,False,0,car,0 days 00:16:38.203000,0 days 01:14:53.715000
2024-07-07 14:19:50.944,11034,275,7,100,False,0,car,0 days 00:16:38.403000,0 days 01:14:53.915000
2024-07-07 14:19:51.104,11109,276,7,100,False,0,car,0 days 00:16:38.563000,0 days 01:14:54.075000
2024-07-07 14:19:51.264,11150,278,7,100,False,0,car,0 days 00:16:38.723000,0 days 01:14:54.235000
2024-07-07 14:19:51.464,11199,278,7,100,False,0,car,0 days 00:16:38.923000,0 days 01:14:54.435000
2024-07-07 14:19:51.704,11291,282,7,100,False,0,car,0 days 00:16:39.163000,0 days 01:14:54.675000
2024-07-07 14:19:51.904,11349,282,7,100,False,0,car,0 days 00:16:39.363000,0 days 01:14:54.875000
2024-07-07 14:19:52.144,11397,284,7,100,False,0,car,0 days 00:16:39.603000,0 days 01:14:55.115000
2024-07-07 14:19:52.423,11465,286,7,100,False,0,car,0 days 00:16:39.882000,0 days 01:14:55.394000
2024-07-07 14:19:52.623,11495,287,7,100,False,0,car,0 days 00:16:40.082000,0 days 01:14:55.594000
2024-07-07 14:19:52.783,11497,288,7,100,False,0,car,0 days 00:16:40.242000,0 days 01:14:55.754000
2024-07-07 14:19:52.943,11537,289,7,100,False,0,car,0 days 00:16:40.402000,0 days 01:14:55.914000
2024-07-07 14:19:53.103,11539,288,7,100,False,0,car,0 days 00:16:40.562000,0 days 01:14:56.074000
2024-07-07 14:19:53.383,11566,289,7,100,False,0,car,0 days 00:16:40.842000,0 days 01:14:56.354000
2024-07-07 14:19:53.543,11527,288,7,100,False,0,car,0 days 00:16:41.002000,0 days 01:14:56.514000
2024-07-07 14:19:53.743,11531,289,7,100,False,0,car,0 days 00:16:41.202000,0 days 01:14:56.714000
2024-07-07 14:19:53.903,11573,289,7,100,False,0,car,0 days 00:16:41.362000,0 days 01:14:56.874000
2024-07-07 14:19:54.143,11587,290,7,100,False,0,car,0 days 00:16:41.602000,0 days 01:14:57.114000
2024-07-07 14:19:54.423,11613,290,7,100,False,0,car,0 days 00:16:41.882000,0 days 01:14:57.394000
2024-07-07 14:19:54.663,11628,289,7,100,False,0,car,0 days 00:16:42.122000,0 days 01:14:57.634000
2024-07-07 14:19:55.103,11504,288,7,100,False,0,car,0 days 00:16:42.562000,0 days 01:14:58.074000
2024-07-07 14:19:55.423,11419,286,7,0,True,0,car,0 days 00:16:42.882000,0 days 01:14:58.394000
2024-07-07 14:19:55.703,10861,275,7,0,True,0,car,0 days 00:16:43.162000,0 days 01:14:58.674000
2024-07-07 14:19:56.143,10525,266,7,48,False,0,car,0 days 00:16:43.602000,0 days 01:14:59.114000
2024-07-07 14:19:56.343,10392,261,7,64,False,0,car,0 days 00:16:43.802000,0 days 01:14:59.314000
2024-07-07 14:19:56.663,10352,258,7,82,False,0,car,0 days 00:16:44.122000,0 days 01:14:59.634000
2024-07-07 14:19:56.943,10516,256,7,97,False,0,car,0 days 00:16:44.402000,0 days 01:14:59.914000
2024-07-07 14:19:57.264,10451,259,7,100,False,0,car,0 days 00:16:44.723000,0 days 01:15:00.235000
2024-07-07 14:19:57.504,10489,261,7,100,False,0,car,0 days 00:16:44.963000,0 days 01:15:00.475000
2024-07-07 14:19:57.824,10574,262,7,100,False,0,car,0 days 00:16:45.283000,0 days 01:15:00.795000
2024-07-07 14:19:58.064,10660,265,7,100,False,0,car,0 days 00:16:45.523000,0 days 01:15:01.035000
2024-07-07 14:19:58.384,10823,268,7,100,False,0,car,0 days 00:16:45.843000,0 days 01:15:01.355000
2024-07-07 14:19:58.704,10864,271,7,100,False,0,car,0 days 00:16:46.163000,0 days 01:15:01.675000
2024-07-07 14:19:58.984,10957,274,7,100,False,0,car,0 days 00:16:46.443000,0 days 01:15:01.955000
2024-07-07 14:19:59.343,11045,277,7,100,False,0,car,0 days 00:16:46.802000,0 days 01:15:02.314000
2024-07-07 14:19:59.663,11144,278,7,100,False,0,car,0 days 00:16:47.122000,0 days 01:15:02.634000
2024-07-07 14:20:00.063,11272,281,7,100,False,0,car,0 days 00:16:47.522000,0 days 01:15:03.034000
2024-07-07 14:20:00.223,11311,281,7,100,False,0,car,0 days 00:16:47.682000,0 days 01:15:03.194000
2024-07-07 14:20:00.463,11374,285,7,100,False,0,car,0 days 00:16:47.922000,0 days 01:15:03.434000
2024-07-07 14:20:00.663,11426,286,7,100,False,0,car,0 days 00:16:48.122000,0 days 01:15:03.634000
2024-07-07 14:20:01.103,11520,289,7,100,False,0,car,0 days 00:16:48.562000,0 days 01:15:04.074000
2024-07-07 14:20:01.503,11618,292,7,100,False,0,car,0 days 00:16:48.962000,0 days 01:15:04.474000
2024-07-07 14:20:01.703,11662,291,7,100,False,0,car,0 days 00:16:49.162000,0 days 01:15:04.674000
2024-07-07 14:20:01.863,11682,293,7,100,False,0,car,0 days 00:16:49.322000,0 days 01:15:04.834000
2024-07-07 14:20:02.143,10601,293,7,100,False,0,car,0 days 00:16:49.602000,0 days 01:15:05.114000
2024-07-07 14:20:02.343,10394,295,8,100,False,0,car,0 days 00:16:49.802000,0 days 01:15:05.314000
2024-07-07 14:20:03.543,10450,294,8,100,False,0,car,0 days 00:16:51.002000,0 days 01:15:06.514000
2024-07-07 14:20:03.783,10444,294,8,100,False,0,car,0 days 00:16:51.242000,0 days 01:15:06.754000
2024-07-07 14:20:03.984,10384,293,8,100,False,0,car,0 days 00:16:51.443000,0 days 01:15:06.955000
2024-07-07 14:20:04.144,10300,294,8,62,False,0,car,0 days 00:16:51.603000,0 days 01:15:07.115000
2024-07-07 14:20:04.304,10300,289,8,62,False,0,car,0 days 00:16:51.763000,0 days 01:15:07.275000
2024-07-07 14:20:04.464,10152,287,8,48,False,0,car,0 days 00:16:51.923000,0 days 01:15:07.435000
2024-07-07 14:20:04.784,11188,278,7,36,False,0,car,0 days 00:16:52.243000,0 days 01:15:07.755000
2024-07-07 14:20:05.104,10726,268,7,70,False,0,car,0 days 00:16:52.563000,0 days 01:15:08.075000
2024-07-07 14:20:05.464,10655,268,7,100,False,0,car,0 days 00:16:52.923000,0 days 01:15:08.435000
2024-07-07 14:20:05.864,10682,270,7,100,False,0,car,0 days 00:16:53.323000,0 days 01:15:08.835000
2024-07-07 14:20:06.183,10682,267,7,69,False,0,car,0 days 00:16:53.642000,0 days 01:15:09.154000
2024-07-07 14:20:06.383,10298,263,7,5,False,0,car,0 days 00:16:53.842000,0 days 01:15:09.354000
2024-07-07 14:20:06.543,10237,263,7,0,True,0,car,0 days 00:16:54.002000,0 days 01:15:09.514000
2024-07-07 14:20:06.823,10033,251,7,0,False,0,car,0 days 00:16:54.282000,0 days 01:15:09.794000
2024-07-07 14:20:07.143,10911,243,6,27,False,0,car,0 days 00:16:54.602000,0 days 01:15:10.114000
2024-07-07 14:20:07.383,10954,238,6,40,False,0,car,0 days 00:16:54.842000,0 days 01:15:10.354000
2024-07-07 14:20:07.543,10801,234,6,54,False,0,car,0 days 00:16:55.002000,0 days 01:15:10.514000
2024-07-07 14:20:07.823,10916,231,6,0,True,0,car,0 days 00:16:55.282000,0 days 01:15:10.794000
2024-07-07 14:20:07.983,10078,222,6,0,True,0,car,0 days 00:16:55.442000,0 days 01:15:10.954000
2024-07-07 14:20:08.263,10638,208,6,0,True,0,car,0 days 00:16:55.722000,0 days 01:15:11.234000
2024-07-07 14:20:08.743,10030,196,5,0,False,0,car,0 days 00:16:56.202000,0 days 01:15:11.714000
2024-07-07 14:20:08.943,10045,187,5,0,False,0,car,0 days 00:16:56.402000,0 days 01:15:11.914000
2024-07-07 14:20:09.103,9812,185,5,0,False,0,car,0 days 00:16:56.562000,0 days 01:15:12.074000
2024-07-07 14:20:09.503,9874,183,5,60,False,0,car,0 days 00:16:56.962000,0 days 01:15:12.474000
2024-07-07 14:20:09.663,10233,185,5,89,False,0,car,0 days 00:16:57.122000,0 days 01:15:12.634000
2024-07-07 14:20:09.863,10310,191,5,100,False,0,car,0 days 00:16:57.322000,0 days 01:15:12.834000
2024-07-07 14:20:10.143,10646,195,5,100,False,0,car,0 days 00:16:57.602000,0 days 01:15:13.114000
2024-07-07 14:20:10.384,10914,204,5,100,False,0,car,0 days 00:16:57.843000,0 days 01:15:13.355000
2024-07-07 14:20:10.744,11340,209,5,100,False,0,car,0 days 00:16:58.203000,0 days 01:15:13.715000
2024-07-07 14:20:10.984,11721,218,5,100,False,0,car,0 days 00:16:58.443000,0 days 01:15:13.955000
2024-07-07 14:20:11.384,11911,228,5,100,False,0,car,0 days 00:16:58.843000,0 days 01:15:14.355000
2024-07-07 14:20:11.664,10860,234,6,100,False,0,car,0 days 00:16:59.123000,0 days 01:15:14.635000
2024-07-07 14:20:11.864,10889,236,6,100,False,0,car,0 days 00:16:59.323000,0 days 01:15:14.835000
2024-07-07 14:20:12.144,11097,240,6,100,False,0,car,0 days 00:16:59.603000,0 days 01:15:15.115000
2024-07-07 14:20:12.384,11232,244,6,100,False,0,car,0 days 00:16:59.843000,0 days 01:15:15.355000
2024-07-07 14:20:12.544,11351,247,6,100,False,0,car,0 days 00:17:00.003000,0 days 01:15:15.515000
2024-07-07 14:20:12.823,11554,251,6,100,False,0,car,0 days 00:17:00.282000,0 days 01:15:15.794000
2024-07-07 14:20:13.023,11651,253,6,100,False,0,car,0 days 00:17:00.482000,0 days 01:15:15.994000
2024-07-07 14:20:13.303,11847,258,6,100,False,0,car,0 days 00:17:00.762000,0 days 01:15:16.274000
2024-07-07 14:20:13.663,10532,263,7,100,False,0,car,0 days 00:17:01.122000,0 days 01:15:16.634000
2024-07-07 14:20:13.823,10568,265,7,100,False,0,car,0 days 00:17:01.282000,0 days 01:15:16.794000
2024-07-07 14:20:13.983,10735,269,7,100,False,0,car,0 days 00:17:01.442000,0 days 01:15:16.954000
2024-07-07 14:20:14.303,10839,270,7,100,False,0,car,0 days 00:17:01.762000,0 days 01:15:17.274000
2024-07-07 14:20:14.583,10937,274,7,100,False,0,car,0 days 00:17:02.042000,0 days 01:15:17.554000
2024-07-07 14:20:14.863,11072,277,7,100,False,0,car,0 days 00:17:02.322000,0 days 01:15:17.834000
2024-07-07 14:20:15.183,11171,280,7,100,False,0,car,0 days 00:17:02.642000,0 days 01:15:18.154000
2024-07-07 14:20:15.503,11277,281,7,100,False,0,car,0 days 00:17:02.962000,0 days 01:15:18.474000
2024-07-07 14:20:15.743,11309,282,7,100,False,0,car,0 days 00:17:03.202000,0 days 01:15:18.714000
2024-07-07 14:20:15.903,11407,285,7,100,False,0,car,0 days 00:17:03.362000,0 days 01:15:18.874000
2024-07-07 14:20:16.103,11445,286,7,100,False,0,car,0 days 00:17:03.562000,0 days 01:15:19.074000
2024-07-07 14:20:16.383,11497,288,7,100,False,0,car,0 days 00:17:03.842000,0 days 01:15:19.354000
2024-07-07 14:20:16.823,11633,291,7,100,False,0,car,0 days 00:17:04.282000,0 days 01:15:19.794000
2024-07-07 14:20:17.144,11663,292,7,100,False,0,car,0 days 00:17:04.603000,0 days 01:15:20.115000
2024-07-07 14:20:17.344,11102,293,7,100,False,0,car,0 days 00:17:04.803000,0 days 01:15:20.315000
2024-07-07 14:20:17.584,10428,293,8,100,False,0,car,0 days 00:17:05.043000,0 days 01:15:20.555000
2024-07-07 14:20:17.864,10442,294,8,100,False,0,car,0 days 00:17:05.323000,0 days 01:15:20.835000
2024-07-07 14:20:18.264,10449,294,8,100,False,0,car,0 days 00:17:05.723000,0 days 01:15:21.235000
2024-07-07 14:20:18.424,10452,296,8,100,False,0,car,0 days 00:17:05.883000,0 days 01:15:21.395000
2024-07-07 14:20:18.664,10479,295,8,100,False,0,car,0 days 00:17:06.123000,0 days 01:15:21.635000
2024-07-07 14:20:18.984,10473,295,8,100,False,0,car,0 days 00:17:06.443000,0 days 01:15:21.955000
2024-07-07 14:20:19.144,10441,294,8,100,False,0,car,0 days 00:17:06.603000,0 days 01:15:22.115000
2024-07-07 14:20:19.343,10416,294,8,100,False,0,car,0 days 00:17:06.802000,0 days 01:15:22.314000
2024-07-07 14:20:19.623,10418,293,8,100,False,0,car,0 days 00:17:07.082000,0 days 01:15:22.594000
2024-07-07 14:20:19.863,10409,294,8,100,False,0,car,0 days 00:17:07.322000,0 days 01:15:22.834000
2024-07-07 14:20:20.023,10408,293,8,100,False,0,car,0 days 00:17:07.482000,0 days 01:15:22.994000
2024-07-07 14:20:20.223,10414,293,8,100,False,0,car,0 days 00:17:07.682000,0 days 01:15:23.194000
2024-07-07 14:20:20.543,10321,292,8,100,False,0,car,0 days 00:17:08.002000,0 days 01:15:23.514000
2024-07-07 14:20:20.823,10264,289,8,100,False,0,car,0 days 00:17:08.282000,0 days 01:15:23.794000
2024-07-07 14:20:21.103,10191,288,8,100,False,0,car,0 days 00:17:08.562000,0 days 01:15:24.074000
2024-07-07 14:20:21.383,10021,286,8,100,False,0,car,0 days 00:17:08.842000,0 days 01:15:24.354000
2024-07-07 14:20:21.583,9601,274,8,0,True,0,car,0 days 00:17:09.042000,0 days 01:15:24.554000
2024-07-07 14:20:21.903,9957,250,8,0,True,0,car,0 days 00:17:09.362000,0 days 01:15:24.874000
2024-07-07 14:20:22.143,10015,244,7,0,True,0,car,0 days 00:17:09.602000,0 days 01:15:25.114000
2024-07-07 14:20:22.423,10093,227,6,0,True,0,car,0 days 00:17:09.882000,0 days 01:15:25.394000
2024-07-07 14:20:22.623,9887,223,6,0,True,0,car,0 days 00:17:10.082000,0 days 01:15:25.594000
2024-07-07 14:20:22.823,9605,216,6,0,False,0,car,0 days 00:17:10.282000,0 days 01:15:25.794000
2024-07-07 14:20:23.103,9415,206,6,0,False,0,car,0 days 00:17:10.562000,0 days 01:15:26.074000
2024-07-07 14:20:23.303,9263,202,6,7,False,0,car,0 days 00:17:10.762000,0 days 01:15:26.274000
2024-07-07 14:20:23.664,9243,198,6,59,False,0,car,0 days 00:17:11.123000,0 days 01:15:26.635000
2024-07-07 14:20:23.984,9390,199,6,72,False,0,car,0 days 00:17:11.443000,0 days 01:15:26.955000
2024-07-07 14:20:24.144,9284,200,6,84,False,0,car,0 days 00:17:11.603000,0 days 01:15:27.115000
2024-07-07 14:20:24.464,9607,208,6,100,False,0,car,0 days 00:17:11.923000,0 days 01:15:27.435000
2024-07-07 14:20:24.624,9814,208,6,100,False,0,car,0 days 00:17:12.083000,0 days 01:15:27.595000
2024-07-07 14:20:24.784,9751,212,6,72,False,0,car,0 days 00:17:12.243000,0 days 01:15:27.755000
2024-07-07 14:20:24.984,10042,216,6,100,False,0,car,0 days 00:17:12.443000,0 days 01:15:27.955000
2024-07-07 14:20:25.184,10188,219,6,100,False,0,car,0 days 00:17:12.643000,0 days 01:15:28.155000
2024-07-07 14:20:25.424,10354,221,6,100,False,0,car,0 days 00:17:12.883000,0 days 01:15:28.395000
2024-07-07 14:20:25.704,10664,228,6,100,False,0,car,0 days 00:17:13.163000,0 days 01:15:28.675000
2024-07-07 14:20:26.024,10871,237,6,100,False,0,car,0 days 00:17:13.483000,0 days 01:15:28.995000
2024-07-07 14:20:26.223,11000,239,6,100,False,0,car,0 days 00:17:13.682000,0 days 01:15:29.194000
2024-07-07 14:20:26.383,11132,242,6,100,False,0,car,0 days 00:17:13.842000,0 days 01:15:29.354000
2024-07-07 14:20:26.623,11247,245,6,100,False,0,car,0 days 00:17:14.082000,0 days 01:15:29.594000
2024-07-07 14:20:26.863,11373,250,6,100,False,0,car,0 days 00:17:14.322000,0 days 01:15:29.834000
2024-07-07 14:20:27.103,11543,252,6,100,False,0,car,0 days 00:17:14.562000,0 days 01:15:30.074000
2024-07-07 14:20:27.303,11608,253,6,100,False,0,car,0 days 00:17:14.762000,0 days 01:15:30.274000
2024-07-07 14:20:27.503,11658,255,6,100,False,0,car,0 days 00:17:14.962000,0 days 01:15:30.474000
2024-07-07 14:20:27.983,11785,258,6,100,False,0,car,0 days 00:17:15.442000,0 days 01:15:30.954000
2024-07-07 14:20:28.263,10407,259,7,100,False,0,car,0 days 00:17:15.722000,0 days 01:15:31.234000
2024-07-07 14:20:28.503,10397,259,7,100,False,0,car,0 days 00:17:15.962000,0 days 01:15:31.474000
2024-07-07 14:20:28.943,9771,255,7,0,True,0,car,0 days 00:17:16.402000,0 days 01:15:31.914000
2024-07-07 14:20:29.143,8822,236,7,0,True,0,car,0 days 00:17:16.602000,0 days 01:15:32.114000
2024-07-07 14:20:29.383,8907,201,7,0,True,0,car,0 days 00:17:16.842000,0 days 01:15:32.354000
2024-07-07 14:20:29.583,8917,192,7,0,True,0,car,0 days 00:17:17.042000,0 days 01:15:32.554000
2024-07-07 14:20:29.983,9016,148,5,0,True,0,car,0 days 00:17:17.442000,0 days 01:15:32.954000
2024-07-07 14:20:30.144,8262,142,5,0,True,0,car,0 days 00:17:17.603000,0 days 01:15:33.115000
2024-07-07 14:20:30.584,8360,121,3,0,True,0,car,0 days 00:17:18.043000,0 days 01:15:33.555000
2024-07-07 14:20:30.824,7934,109,3,0,True,0,car,0 days 00:17:18.283000,0 days 01:15:33.795000
2024-07-07 14:20:31.144,7673,105,3,0,False,0,car,0 days 00:17:18.603000,0 days 01:15:34.115000
2024-07-07 14:20:31.304,7499,101,3,0,False,0,car,0 days 00:17:18.763000,0 days 01:15:34.275000
2024-07-07 14:20:31.584,7328,99,3,3,False,0,car,0 days 00:17:19.043000,0 days 01:15:34.555000
2024-07-07 14:20:31.784,7252,99,3,16,False,0,car,0 days 00:17:19.243000,0 days 01:15:34.755000
2024-07-07 14:20:31.944,7766,98,3,31,False,0,car,0 days 00:17:19.403000,0 days 01:15:34.915000
2024-07-07 14:20:32.264,7868,102,3,46,False,0,car,0 days 00:17:19.723000,0 days 01:15:35.235000
2024-07-07 14:20:32.424,8078,103,3,46,False,0,car,0 days 00:17:19.883000,0 days 01:15:35.395000
2024-07-07 14:20:32.664,8123,109,3,47,False,0,car,0 days 00:17:20.123000,0 days 01:15:35.635000
2024-07-07 14:20:32.823,7303,113,3,39,False,0,car,0 days 00:17:20.282000,0 days 01:15:35.794000
2024-07-07 14:20:33.103,6743,113,4,0,False,0,car,0 days 00:17:20.562000,0 days 01:15:36.074000
2024-07-07 14:20:33.343,6896,112,4,0,False,0,car,0 days 00:17:20.802000,0 days 01:15:36.314000
2024-07-07 14:20:33.623,6693,109,4,7,False,0,car,0 days 00:17:21.082000,0 days 01:15:36.594000
2024-07-07 14:20:33.783,6715,107,4,26,False,0,car,0 days 00:17:21.242000,0 days 01:15:36.754000
2024-07-07 14:20:34.063,7204,109,4,47,False,0,car,0 days 00:17:21.522000,0 days 01:15:37.034000
2024-07-07 14:20:34.263,7493,113,4,56,False,0,car,0 days 00:17:21.722000,0 days 01:15:37.234000
2024-07-07 14:20:34.503,7976,118,4,61,False,0,car,0 days 00:17:21.962000,0 days 01:15:37.474000
2024-07-07 14:20:34.743,8483,123,4,67,False,0,car,0 days 00:17:22.202000,0 days 01:15:37.714000
2024-07-07 14:20:34.903,8692,128,4,67,False,0,car,0 days 00:17:22.362000,0 days 01:15:37.874000
2024-07-07 14:20:35.063,8816,138,4,73,False,0,car,0 days 00:17:22.522000,0 days 01:15:38.034000
2024-07-07 14:20:35.303,9338,140,4,79,False,0,car,0 days 00:17:22.762000,0 days 01:15:38.274000
2024-07-07 14:20:35.703,10163,152,4,89,False,0,car,0 days 00:17:23.162000,0 days 01:15:38.674000
2024-07-07 14:20:35.903,10763,163,4,100,False,0,car,0 days 00:17:23.362000,0 days 01:15:38.874000
2024-07-07 14:20:36.183,11337,176,4,100,False,0,car,0 days 00:17:23.642000,0 days 01:15:39.154000
2024-07-07 14:20:36.503,10957,188,4,100,False,0,car,0 days 00:17:23.962000,0 days 01:15:39.474000
2024-07-07 14:20:36.784,10633,193,5,100,False,0,car,0 days 00:17:24.243000,0 days 01:15:39.755000
2024-07-07 14:20:37.064,11060,205,5,100,False,0,car,0 days 00:17:24.523000,0 days 01:15:40.035000
2024-07-07 14:20:37.424,11484,212,5,100,False,0,car,0 days 00:17:24.883000,0 days 01:15:40.395000
2024-07-07 14:20:37.624,11778,218,5,100,False,0,car,0 days 00:17:25.083000,0 days 01:15:40.595000
2024-07-07 14:20:37.984,11135,226,5,100,False,0,car,0 days 00:17:25.443000,0 days 01:15:40.955000
2024-07-07 14:20:38.144,10595,227,6,100,False,0,car,0 days 00:17:25.603000,0 days 01:15:41.115000
2024-07-07 14:20:38.464,10769,234,6,100,False,0,car,0 days 00:17:25.923000,0 days 01:15:41.435000
2024-07-07 14:20:38.624,10917,237,6,100,False,0,car,0 days 00:17:26.083000,0 days 01:15:41.595000
2024-07-07 14:20:38.904,11234,243,6,100,False,0,car,0 days 00:17:26.363000,0 days 01:15:41.875000
2024-07-07 14:20:39.104,11383,246,6,100,False,0,car,0 days 00:17:26.563000,0 days 01:15:42.075000
2024-07-07 14:20:39.264,11448,250,6,100,False,0,car,0 days 00:17:26.723000,0 days 01:15:42.235000
2024-07-07 14:20:39.464,11614,254,6,100,False,0,car,0 days 00:17:26.923000,0 days 01:15:42.435000
2024-07-07 14:20:39.743,11731,256,6,100,False,0,car,0 days 00:17:27.202000,0 days 01:15:42.714000
2024-07-07 14:20:40.103,10608,263,7,100,False,0,car,0 days 00:17:27.562000,0 days 01:15:43.074000
2024-07-07 14:20:40.263,10681,267,7,100,False,0,car,0 days 00:17:27.722000,0 days 01:15:43.234000
2024-07-07 14:20:40.503,10798,269,7,100,False,0,car,0 days 00:17:27.962000,0 days 01:15:43.474000
2024-07-07 14:20:40.783,10927,272,7,100,False,0,car,0 days 00:17:28.242000,0 days 01:15:43.754000
2024-07-07 14:20:40.943,10983,272,7,100,False,0,car,0 days 00:17:28.402000,0 days 01:15:43.914000
2024-07-07 14:20:41.223,11105,276,7,100,False,0,car,0 days 00:17:28.682000,0 days 01:15:44.194000
2024-07-07 14:20:41.503,11214,279,7,100,False,0,car,0 days 00:17:28.962000,0 days 01:15:44.474000
2024-07-07 14:20:41.743,11300,281,7,100,False,0,car,0 days 00:17:29.202000,0 days 01:15:44.714000
2024-07-07 14:20:41.903,11367,284,7,100,False,0,car,0 days 00:17:29.362000,0 days 01:15:44.874000
2024-07-07 14:20:42.063,11431,286,7,100,False,0,car,0 days 00:17:29.522000,0 days 01:15:45.034000
2024-07-07 14:20:42.263,11490,286,7,100,False,0,car,0 days 00:17:29.722000,0 days 01:15:45.234000
2024-07-07 14:20:42.503,11573,288,7,100,False,0,car,0 days 00:17:29.962000,0 days 01:15:45.474000
2024-07-07 14:20:42.783,11630,291,7,100,False,0,car,0 days 00:17:30.242000,0 days 01:15:45.754000
2024-07-07 14:20:42.943,11679,291,7,100,False,0,car,0 days 00:17:30.402000,0 days 01:15:45.914000
2024-07-07 14:20:43.223,11457,292,7,100,False,0,car,0 days 00:17:30.682000,0 days 01:15:46.194000
2024-07-07 14:20:43.544,10441,295,8,100,False,0,car,0 days 00:17:31.003000,0 days 01:15:46.515000
2024-07-07 14:20:43.704,10619,297,8,97,False,0,car,0 days 00:17:31.163000,0 days 01:15:46.675000
2024-07-07 14:20:43.984,10541,296,8,74,False,0,car,0 days 00:17:31.443000,0 days 01:15:46.955000
2024-07-07 14:20:44.144,10502,294,8,72,False,0,car,0 days 00:17:31.603000,0 days 01:15:47.115000
2024-07-07 14:20:44.384,10405,289,8,68,False,0,car,0 days 00:17:31.843000,0 days 01:15:47.355000
2024-07-07 14:20:44.664,10141,287,8,82,False,0,car,0 days 00:17:32.123000,0 days 01:15:47.635000
2024-07-07 14:20:44.824,10142,284,8,100,False,0,car,0 days 00:17:32.283000,0 days 01:15:47.795000
2024-07-07 14:20:45.224,10116,284,8,100,False,0,car,0 days 00:17:32.683000,0 days 01:15:48.195000
2024-07-07 14:20:45.504,10027,283,8,100,False,0,car,0 days 00:17:32.963000,0 days 01:15:48.475000
2024-07-07 14:20:45.864,10038,282,8,100,False,0,car,0 days 00:17:33.323000,0 days 01:15:48.835000
2024-07-07 14:20:46.064,10025,282,8,100,False,0,car,0 days 00:17:33.523000,0 days 01:15:49.035000
2024-07-07 14:20:46.423,10023,282,8,100,False,0,car,0 days 00:17:33.882000,0 days 01:15:49.394000
2024-07-07 14:20:46.703,10070,283,8,100,False,0,car,0 days 00:17:34.162000,0 days 01:15:49.674000
2024-07-07 14:20:47.103,10041,281,8,100,False,0,car,0 days 00:17:34.562000,0 days 01:15:50.074000
2024-07-07 14:20:47.543,10030,280,8,100,False,0,car,0 days 00:17:35.002000,0 days 01:15:50.514000
2024-07-07 14:20:47.903,9933,279,8,100,False,0,car,0 days 00:17:35.362000,0 days 01:15:50.874000
2024-07-07 14:20:48.223,9890,279,8,100,False,0,car,0 days 00:17:35.682000,0 days 01:15:51.194000
2024-07-07 14:20:48.583,9857,277,8,100,False,0,car,0 days 00:17:36.042000,0 days 01:15:51.554000
2024-07-07 14:20:48.823,9766,276,8,100,False,0,car,0 days 00:17:36.282000,0 days 01:15:51.794000
2024-07-07 14:20:49.223,9259,273,8,0,True,0,car,0 days 00:17:36.682000,0 days 01:15:52.194000
2024-07-07 14:20:49.663,9156,225,8,0,True,0,car,0 days 00:17:37.122000,0 days 01:15:52.634000
2024-07-07 14:20:49.823,8850,214,7,0,True,0,car,0 days 00:17:37.282000,0 days 01:15:52.794000
2024-07-07 14:20:50.024,8882,195,6,0,True,0,car,0 days 00:17:37.483000,0 days 01:15:52.995000
2024-07-07 14:20:50.304,8730,169,6,0,True,0,car,0 days 00:17:37.763000,0 days 01:15:53.275000
2024-07-07 14:20:50.664,8623,143,4,0,True,0,car,0 days 00:17:38.123000,0 days 01:15:53.635000
2024-07-07 14:20:50.864,8757,137,4,0,True,0,car,0 days 00:17:38.323000,0 days 01:15:53.835000
2024-07-07 14:20:51.104,8882,125,3,0,True,0,car,0 days 00:17:38.563000,0 days 01:15:54.075000
2024-07-07 14:20:51.384,8449,118,3,0,True,0,car,0 days 00:17:38.843000,0 days 01:15:54.355000
2024-07-07 14:20:51.704,7754,110,3,0,True,0,car,0 days 00:17:39.163000,0 days 01:15:54.675000
2024-07-07 14:20:51.864,7754,105,3,0,True,0,car,0 days 00:17:39.323000,0 days 01:15:54.835000
2024-07-07 14:20:52.064,7153,98,3,0,True,0,car,0 days 00:17:39.523000,0 days 01:15:55.035000
2024-07-07 14:20:52.344,7073,96,3,0,False,0,car,0 days 00:17:39.803000,0 days 01:15:55.315000
2024-07-07 14:20:52.544,7326,95,3,16,False,0,car,0 days 00:17:40.003000,0 days 01:15:55.515000
2024-07-07 14:20:52.744,7200,94,3,29,False,0,car,0 days 00:17:40.203000,0 days 01:15:55.715000
2024-07-07 14:20:53.183,7576,98,3,42,False,0,car,0 days 00:17:40.642000,0 days 01:15:56.154000
2024-07-07 14:20:53.383,7903,102,3,46,False,0,car,0 days 00:17:40.842000,0 days 01:15:56.354000
2024-07-07 14:20:53.543,8154,103,3,50,False,0,car,0 days 00:17:41.002000,0 days 01:15:56.514000
2024-07-07 14:20:53.703,8513,107,3,54,False,0,car,0 days 00:17:41.162000,0 days 01:15:56.674000
2024-07-07 14:20:53.943,8953,112,3,61,False,0,car,0 days 00:17:41.402000,0 days 01:15:56.914000
2024-07-07 14:20:54.223,9628,121,3,74,False,0,car,0 days 00:17:41.682000,0 days 01:15:57.194000
2024-07-07 14:20:54.463,10021,131,3,76,False,0,car,0 days 00:17:41.922000,0 days 01:15:57.434000
2024-07-07 14:20:54.783,10505,137,3,0,False,0,car,0 days 00:17:42.242000,0 days 01:15:57.754000
2024-07-07 14:20:55.063,9076,122,3,0,True,0,car,0 days 00:17:42.522000,0 days 01:15:58.034000
2024-07-07 14:20:55.303,8093,115,3,0,True,0,car,0 days 00:17:42.762000,0 days 01:15:58.274000
2024-07-07 14:20:55.503,7814,108,3,0,True,0,car,0 days 00:17:42.962000,0 days 01:15:58.474000
2024-07-07 14:20:55.863,7329,100,3,0,True,0,car,0 days 00:17:43.322000,0 days 01:15:58.834000
2024-07-07 14:20:56.063,6853,96,3,0,True,0,car,0 days 00:17:43.522000,0 days 01:15:59.034000
2024-07-07 14:20:56.303,6673,93,3,0,False,0,car,0 days 00:17:43.762000,0 days 01:15:59.274000
2024-07-07 14:20:56.664,6540,88,3,0,False,0,car,0 days 00:17:44.123000,0 days 01:15:59.635000
2024-07-07 14:20:56.824,6383,88,3,0,False,0,car,0 days 00:17:44.283000,0 days 01:15:59.795000
2024-07-07 14:20:57.024,6315,87,3,1,False,0,car,0 days 00:17:44.483000,0 days 01:15:59.995000
2024-07-07 14:20:57.184,6476,84,3,7,False,0,car,0 days 00:17:44.643000,0 days 01:16:00.155000
2024-07-07 14:20:57.504,6715,84,3,23,False,0,car,0 days 00:17:44.963000,0 days 01:16:00.475000
2024-07-07 14:20:57.944,7126,89,3,41,False,0,car,0 days 00:17:45.403000,0 days 01:16:00.915000
2024-07-07 14:20:58.264,7340,96,3,45,False,0,car,0 days 00:17:45.723000,0 days 01:16:01.235000
2024-07-07 14:20:58.544,8098,101,3,55,False,0,car,0 days 00:17:46.003000,0 days 01:16:01.515000
2024-07-07 14:20:58.704,8403,106,3,58,False,0,car,0 days 00:17:46.163000,0 days 01:16:01.675000
2024-07-07 14:20:58.864,8823,112,3,64,False,0,car,0 days 00:17:46.323000,0 days 01:16:01.835000
2024-07-07 14:20:59.144,9510,119,3,73,False,0,car,0 days 00:17:46.603000,0 days 01:16:02.115000
2024-07-07 14:20:59.384,10161,131,3,80,False,0,car,0 days 00:17:46.843000,0 days 01:16:02.355000
2024-07-07 14:20:59.664,11372,144,3,94,False,0,car,0 days 00:17:47.123000,0 days 01:16:02.635000
2024-07-07 14:20:59.903,10209,153,3,100,False,0,car,0 days 00:17:47.362000,0 days 01:16:02.874000
2024-07-07 14:21:00.183,10873,166,4,100,False,0,car,0 days 00:17:47.642000,0 days 01:16:03.154000
2024-07-07 14:21:00.423,11433,175,4,100,False,0,car,0 days 00:17:47.882000,0 days 01:16:03.394000
2024-07-07 14:21:00.583,11433,178,4,100,False,0,car,0 days 00:17:48.042000,0 days 01:16:03.554000
2024-07-07 14:21:00.783,10733,187,4,100,False,0,car,0 days 00:17:48.242000,0 days 01:16:03.754000
2024-07-07 14:21:01.023,10748,196,5,100,False,0,car,0 days 00:17:48.482000,0 days 01:16:03.994000
2024-07-07 14:21:01.223,11050,202,5,100,False,0,car,0 days 00:17:48.682000,0 days 01:16:04.194000
2024-07-07 14:21:02.503,10755,232,6,100,False,0,car,0 days 00:17:49.962000,0 days 01:16:05.474000
2024-07-07 14:21:02.663,10810,234,6,100,False,0,car,0 days 00:17:50.122000,0 days 01:16:05.634000
2024-07-07 14:21:02.983,11035,239,6,100,False,0,car,0 days 00:17:50.442000,0 days 01:16:05.954000
2024-07-07 14:21:03.384,11211,247,6,100,False,0,car,0 days 00:17:50.843000,0 days 01:16:06.355000
2024-07-07 14:21:03.584,11457,250,6,100,False,0,car,0 days 00:17:51.043000,0 days 01:16:06.555000
2024-07-07 14:21:03.864,11665,255,6,100,False,0,car,0 days 00:17:51.323000,0 days 01:16:06.835000
2024-07-07 14:21:04.224,10892,259,6,100,False,0,car,0 days 00:17:51.683000,0 days 01:16:07.195000
2024-07-07 14:21:04.384,10892,261,6,100,False,0,car,0 days 00:17:51.843000,0 days 01:16:07.355000
2024-07-07 14:21:04.784,10582,266,7,100,False,0,car,0 days 00:17:52.243000,0 days 01:16:07.755000
2024-07-07 14:21:05.184,10855,270,7,100,False,0,car,0 days 00:17:52.643000,0 days 01:16:08.155000
2024-07-07 14:21:05.544,11042,274,7,100,False,0,car,0 days 00:17:53.003000,0 days 01:16:08.515000
2024-07-07 14:21:05.824,11094,276,7,100,False,0,car,0 days 00:17:53.283000,0 days 01:16:08.795000
2024-07-07 14:21:06.184,11193,280,7,100,False,0,car,0 days 00:17:53.643000,0 days 01:16:09.155000
2024-07-07 14:21:06.424,11235,281,7,100,False,0,car,0 days 00:17:53.883000,0 days 01:16:09.395000
2024-07-07 14:21:06.583,11235,282,7,100,False,0,car,0 days 00:17:54.042000,0 days 01:16:09.554000
2024-07-07 14:21:06.783,11322,282,7,100,False,0,car,0 days 00:17:54.242000,0 days 01:16:09.754000
2024-07-07 14:21:07.023,11335,283,7,100,False,0,car,0 days 00:17:54.482000,0 days 01:16:09.994000
2024-07-07 14:21:07.503,11370,285,7,100,False,0,car,0 days 00:17:54.962000,0 days 01:16:10.474000
2024-07-07 14:21:07.663,11364,285,7,100,False,0,car,0 days 00:17:55.122000,0 days 01:16:10.634000
2024-07-07 14:21:07.943,11382,285,7,100,False,0,car,0 days 00:17:55.402000,0 days 01:16:10.914000
2024-07-07 14:21:08.263,11390,285,7,100,False,0,car,0 days 00:17:55.722000,0 days 01:16:11.234000
2024-07-07 14:21:08.463,11427,285,7,100,False,0,car,0 days 00:17:55.922000,0 days 01:16:11.434000
2024-07-07 14:21:08.703,11415,286,7,100,False,0,car,0 days 00:17:56.162000,0 days 01:16:11.674000
2024-07-07 14:21:08.943,11413,285,7,100,False,0,car,0 days 00:17:56.402000,0 days 01:16:11.914000
2024-07-07 14:21:09.223,11399,286,7,100,False,0,car,0 days 00:17:56.682000,0 days 01:16:12.194000
2024-07-07 14:21:09.503,11358,286,7,100,False,0,car,0 days 00:17:56.962000,0 days 01:16:12.474000
2024-07-07 14:21:09.824,11296,285,7,100,False,0,car,0 days 00:17:57.283000,0 days 01:16:12.795000
2024-07-07 14:21:10.184,10641,278,7,0,True,0,car,0 days 00:17:57.643000,0 days 01:16:13.155000
2024-07-07 14:21:10.504,9797,247,7,0,True,0,car,0 days 00:17:57.963000,0 days 01:16:13.475000
2024-07-07 14:21:10.784,9813,221,7,0,True,0,car,0 days 00:17:58.243000,0 days 01:16:13.755000
2024-07-07 14:21:11.144,10346,201,6,0,True,0,car,0 days 00:17:58.603000,0 days 01:16:14.115000
2024-07-07 14:21:11.504,9245,182,5,0,True,0,car,0 days 00:17:58.963000,0 days 01:16:14.475000
2024-07-07 14:21:11.664,9066,175,5,0,True,0,car,0 days 00:17:59.123000,0 days 01:16:14.635000
2024-07-07 14:21:11.984,10206,165,4,0,True,0,car,0 days 00:17:59.443000,0 days 01:16:14.955000
2024-07-07 14:21:12.344,9871,159,4,0,False,0,car,0 days 00:17:59.803000,0 days 01:16:15.315000
2024-07-07 14:21:12.624,9429,154,4,7,False,0,car,0 days 00:18:00.083000,0 days 01:16:15.595000
2024-07-07 14:21:12.784,9418,152,4,20,False,0,car,0 days 00:18:00.243000,0 days 01:16:15.755000
2024-07-07 14:21:13.184,9421,149,4,47,False,0,car,0 days 00:18:00.643000,0 days 01:16:16.155000
2024-07-07 14:21:13.343,9571,149,4,56,False,0,car,0 days 00:18:00.802000,0 days 01:16:16.314000
2024-07-07 14:21:13.583,9724,151,4,60,False,0,car,0 days 00:18:01.042000,0 days 01:16:16.554000
2024-07-07 14:21:13.743,10001,153,4,67,False,0,car,0 days 00:18:01.202000,0 days 01:16:16.714000
2024-07-07 14:21:14.063,10316,160,4,75,False,0,car,0 days 00:18:01.522000,0 days 01:16:17.034000
2024-07-07 14:21:14.423,10655,167,4,77,False,0,car,0 days 00:18:01.882000,0 days 01:16:17.394000
2024-07-07 14:21:14.623,10660,173,4,0,True,0,car,0 days 00:18:02.082000,0 days 01:16:17.594000
2024-07-07 14:21:14.903,10161,171,4,0,True,0,car,0 days 00:18:02.362000,0 days 01:16:17.874000
2024-07-07 14:21:15.303,9150,146,4,0,True,0,car,0 days 00:18:02.762000,0 days 01:16:18.274000
2024-07-07 14:21:15.463,8590,142,4,0,True,0,car,0 days 00:18:02.922000,0 days 01:16:18.434000
2024-07-07 14:21:15.903,8783,121,4,0,True,0,car,0 days 00:18:03.362000,0 days 01:16:18.874000
2024-07-07 14:21:16.143,8201,116,3,0,True,0,car,0 days 00:18:03.602000,0 days 01:16:19.114000
2024-07-07 14:21:16.504,7613,106,3,0,True,0,car,0 days 00:18:03.963000,0 days 01:16:19.475000
2024-07-07 14:21:16.784,7237,99,3,0,True,0,car,0 days 00:18:04.243000,0 days 01:16:19.755000
2024-07-07 14:21:17.144,7049,94,3,8,False,0,car,0 days 00:18:04.603000,0 days 01:16:20.115000
2024-07-07 14:21:17.344,7132,93,3,26,False,0,car,0 days 00:18:04.803000,0 days 01:16:20.315000
2024-07-07 14:21:17.504,7324,94,3,30,False,0,car,0 days 00:18:04.963000,0 days 01:16:20.475000
2024-07-07 14:21:17.704,7501,96,3,37,False,0,car,0 days 00:18:05.163000,0 days 01:16:20.675000
2024-07-07 14:21:18.544,8836,110,3,57,False,0,car,0 days 00:18:06.003000,0 days 01:16:21.515000
2024-07-07 14:21:18.824,8012,112,3,59,False,0,car,0 days 00:18:06.283000,0 days 01:16:21.795000
2024-07-07 14:21:19.064,8245,124,4,65,False,0,car,0 days 00:18:06.523000,0 days 01:16:22.035000
2024-07-07 14:21:19.224,8525,127,4,70,False,0,car,0 days 00:18:06.683000,0 days 01:16:22.195000
2024-07-07 14:21:19.584,9266,139,4,78,False,0,car,0 days 00:18:07.043000,0 days 01:16:22.555000
2024-07-07 14:21:19.744,9266,142,4,78,False,0,car,0 days 00:18:07.203000,0 days 01:16:22.715000
2024-07-07 14:21:20.063,10288,155,4,91,False,0,car,0 days 00:18:07.522000,0 days 01:16:23.034000
2024-07-07 14:21:20.383,10684,168,4,92,False,0,car,0 days 00:18:07.842000,0 days 01:16:23.354000
2024-07-07 14:21:20.583,11575,175,4,100,False,0,car,0 days 00:18:08.042000,0 days 01:16:23.554000
2024-07-07 14:21:20.943,10764,186,4,100,False,0,car,0 days 00:18:08.402000,0 days 01:16:23.914000
2024-07-07 14:21:21.103,10770,190,4,100,False,0,car,0 days 00:18:08.562000,0 days 01:16:24.074000
2024-07-07 14:21:21.383,11033,203,5,100,False,0,car,0 days 00:18:08.842000,0 days 01:16:24.354000
2024-07-07 14:21:21.663,11493,209,5,100,False,0,car,0 days 00:18:09.122000,0 days 01:16:24.634000
2024-07-07 14:21:21.823,11583,214,5,100,False,0,car,0 days 00:18:09.282000,0 days 01:16:24.794000
2024-07-07 14:21:22.063,11841,222,5,100,False,0,car,0 days 00:18:09.522000,0 days 01:16:25.034000
2024-07-07 14:21:22.303,10664,227,5,100,False,0,car,0 days 00:18:09.762000,0 days 01:16:25.274000
2024-07-07 14:21:22.583,10764,233,6,100,False,0,car,0 days 00:18:10.042000,0 days 01:16:25.554000
2024-07-07 14:21:22.864,11025,240,6,100,False,0,car,0 days 00:18:10.323000,0 days 01:16:25.835000
2024-07-07 14:21:23.064,11110,244,6,100,False,0,car,0 days 00:18:10.523000,0 days 01:16:26.035000
2024-07-07 14:21:23.424,11486,249,6,100,False,0,car,0 days 00:18:10.883000,0 days 01:16:26.395000
2024-07-07 14:21:23.704,11695,253,6,100,False,0,car,0 days 00:18:11.163000,0 days 01:16:26.675000
2024-07-07 14:21:23.904,11555,256,6,100,False,0,car,0 days 00:18:11.363000,0 days 01:16:26.875000
2024-07-07 14:21:24.104,10353,259,6,100,False,0,car,0 days 00:18:11.563000,0 days 01:16:27.075000
2024-07-07 14:21:24.344,10601,259,7,100,False,0,car,0 days 00:18:11.803000,0 days 01:16:27.315000
2024-07-07 14:21:24.584,10654,265,7,100,False,0,car,0 days 00:18:12.043000,0 days 01:16:27.555000
2024-07-07 14:21:24.824,10743,268,7,100,False,0,car,0 days 00:18:12.283000,0 days 01:16:27.795000
2024-07-07 14:21:25.144,10916,270,7,100,False,0,car,0 days 00:18:12.603000,0 days 01:16:28.115000
2024-07-07 14:21:25.504,11068,274,7,100,False,0,car,0 days 00:18:12.963000,0 days 01:16:28.475000
2024-07-07 14:21:25.704,11108,276,7,100,False,0,car,0 days 00:18:13.163000,0 days 01:16:28.675000
2024-07-07 14:21:25.904,11167,278,7,100,False,0,car,0 days 00:18:13.363000,0 days 01:16:28.875000
2024-07-07 14:21:26.064,11181,278,7,100,False,0,car,0 days 00:18:13.523000,0 days 01:16:29.035000
2024-07-07 14:21:26.264,11243,281,7,100,False,0,car,0 days 00:18:13.723000,0 days 01:16:29.235000
2024-07-07 14:21:26.504,11270,282,7,100,False,0,car,0 days 00:18:13.963000,0 days 01:16:29.475000
2024-07-07 14:21:26.664,11270,284,7,100,False,0,car,0 days 00:18:14.123000,0 days 01:16:29.635000
2024-07-07 14:21:26.943,11312,283,7,100,False,0,car,0 days 00:18:14.402000,0 days 01:16:29.914000
2024-07-07 14:21:27.383,11372,285,7,100,False,0,car,0 days 00:18:14.842000,0 days 01:16:30.354000
2024-07-07 14:21:27.823,11417,286,7,100,False,0,car,0 days 00:18:15.282000,0 days 01:16:30.794000
2024-07-07 14:21:28.183,11468,287,7,100,False,0,car,0 days 00:18:15.642000,0 days 01:16:31.154000
2024-07-07 14:21:28.543,11502,288,7,100,False,0,car,0 days 00:18:16.002000,0 days 01:16:31.514000
2024-07-07 14:21:28.703,11497,288,7,100,False,0,car,0 days 00:18:16.162000,0 days 01:16:31.674000
2024-07-07 14:21:29.023,11539,289,7,100,False,0,car,0 days 00:18:16.482000,0 days 01:16:31.994000
2024-07-07 14:21:29.384,11513,288,7,100,False,0,car,0 days 00:18:16.843000,0 days 01:16:32.355000
2024-07-07 14:21:29.544,11449,288,7,100,False,0,car,0 days 00:18:17.003000,0 days 01:16:32.515000
2024-07-07 14:21:29.824,11463,287,7,94,False,0,car,0 days 00:18:17.283000,0 days 01:16:32.795000
2024-07-07 14:21:29.984,11453,287,7,89,False,0,car,0 days 00:18:17.443000,0 days 01:16:32.955000
2024-07-07 14:21:30.384,11131,282,7,0,True,0,car,0 days 00:18:17.843000,0 days 01:16:33.355000
2024-07-07 14:21:30.584,10961,276,7,43,False,0,car,0 days 00:18:18.043000,0 days 01:16:33.555000
2024-07-07 14:21:30.824,10661,269,7,62,False,0,car,0 days 00:18:18.283000,0 days 01:16:33.795000
2024-07-07 14:21:31.224,10579,263,7,81,False,0,car,0 days 00:18:18.683000,0 days 01:16:34.195000
2024-07-07 14:21:31.504,10522,263,7,74,False,0,car,0 days 00:18:18.963000,0 days 01:16:34.475000
2024-07-07 14:21:31.784,10475,260,7,82,False,0,car,0 days 00:18:19.243000,0 days 01:16:34.755000
2024-07-07 14:21:32.064,10647,261,7,100,False,0,car,0 days 00:18:19.523000,0 days 01:16:35.035000
2024-07-07 14:21:32.304,10599,261,7,100,False,0,car,0 days 00:18:19.763000,0 days 01:16:35.275000
2024-07-07 14:21:32.464,10599,263,7,100,False,0,car,0 days 00:18:19.923000,0 days 01:16:35.435000
2024-07-07 14:21:32.624,10655,265,7,100,False,0,car,0 days 00:18:20.083000,0 days 01:16:35.595000
2024-07-07 14:21:32.864,10680,266,7,100,False,0,car,0 days 00:18:20.323000,0 days 01:16:35.835000
2024-07-07 14:21:33.024,10768,267,7,100,False,0,car,0 days 00:18:20.483000,0 days 01:16:35.995000
2024-07-07 14:21:33.384,10861,271,7,100,False,0,car,0 days 00:18:20.843000,0 days 01:16:36.355000
2024-07-07 14:21:33.543,10923,273,7,100,False,0,car,0 days 00:18:21.002000,0 days 01:16:36.514000
2024-07-07 14:21:33.783,11020,276,7,100,False,0,car,0 days 00:18:21.242000,0 days 01:16:36.754000
2024-07-07 14:21:34.103,11089,277,7,100,False,0,car,0 days 00:18:21.562000,0 days 01:16:37.074000
2024-07-07 14:21:34.423,11207,279,7,100,False,0,car,0 days 00:18:21.882000,0 days 01:16:37.394000
2024-07-07 14:21:34.623,11207,281,7,100,False,0,car,0 days 00:18:22.082000,0 days 01:16:37.594000
2024-07-07 14:21:34.783,11292,282,7,100,False,0,car,0 days 00:18:22.242000,0 days 01:16:37.754000
2024-07-07 14:21:34.983,11323,283,7,100,False,0,car,0 days 00:18:22.442000,0 days 01:16:37.954000
2024-07-07 14:21:35.263,11398,285,7,100,False,0,car,0 days 00:18:22.722000,0 days 01:16:38.234000
2024-07-07 14:21:35.583,11467,287,7,100,False,0,car,0 days 00:18:23.042000,0 days 01:16:38.554000
2024-07-07 14:21:36.544,11645,291,7,100,False,0,car,0 days 00:18:24.003000,0 days 01:16:39.515000
2024-07-07 14:21:36.824,10665,292,7,100,False,0,car,0 days 00:18:24.283000,0 days 01:16:39.795000
2024-07-07 14:21:37.024,10346,292,8,100,False,0,car,0 days 00:18:24.483000,0 days 01:16:39.995000
2024-07-07 14:21:37.304,10373,292,8,100,False,0,car,0 days 00:18:24.763000,0 days 01:16:40.275000
2024-07-07 14:21:37.504,10350,292,8,100,False,0,car,0 days 00:18:24.963000,0 days 01:16:40.475000
2024-07-07 14:21:37.664,10397,292,8,100,False,0,car,0 days 00:18:25.123000,0 days 01:16:40.635000
2024-07-07 14:21:37.984,10390,291,8,100,False,0,car,0 days 00:18:25.443000,0 days 01:16:40.955000
2024-07-07 14:21:38.144,10334,291,8,100,False,0,car,0 days 00:18:25.603000,0 days 01:16:41.115000
2024-07-07 14:21:38.424,10328,291,8,100,False,0,car,0 days 00:18:25.883000,0 days 01:16:41.395000
2024-07-07 14:21:38.744,10304,289,8,78,False,0,car,0 days 00:18:26.203000,0 days 01:16:41.715000
2024-07-07 14:21:38.984,10229,289,8,62,False,0,car,0 days 00:18:26.443000,0 days 01:16:41.955000
2024-07-07 14:21:39.224,9923,282,8,56,False,0,car,0 days 00:18:26.683000,0 days 01:16:42.195000
2024-07-07 14:21:39.544,9766,276,8,78,False,0,car,0 days 00:18:27.003000,0 days 01:16:42.515000
2024-07-07 14:21:39.784,9619,273,8,98,False,0,car,0 days 00:18:27.243000,0 days 01:16:42.755000
2024-07-07 14:21:39.944,9626,273,8,100,False,0,car,0 days 00:18:27.403000,0 days 01:16:42.915000
2024-07-07 14:21:40.183,9592,270,8,100,False,0,car,0 days 00:18:27.642000,0 days 01:16:43.154000
2024-07-07 14:21:40.463,9602,270,8,100,False,0,car,0 days 00:18:27.922000,0 days 01:16:43.434000
2024-07-07 14:21:40.743,9233,271,8,0,True,0,car,0 days 00:18:28.202000,0 days 01:16:43.714000
2024-07-07 14:21:41.063,9861,259,8,0,True,0,car,0 days 00:18:28.522000,0 days 01:16:44.034000
2024-07-07 14:21:41.303,9859,249,7,0,False,0,car,0 days 00:18:28.762000,0 days 01:16:44.274000
2024-07-07 14:21:41.583,9776,243,7,46,False,0,car,0 days 00:18:29.042000,0 days 01:16:44.554000
2024-07-07 14:21:41.743,9665,240,7,53,False,0,car,0 days 00:18:29.202000,0 days 01:16:44.714000
2024-07-07 14:21:42.103,9494,237,7,61,False,0,car,0 days 00:18:29.562000,0 days 01:16:45.074000
2024-07-07 14:21:42.263,9461,234,7,63,False,0,car,0 days 00:18:29.722000,0 days 01:16:45.234000
2024-07-07 14:21:42.624,8867,232,7,0,True,0,car,0 days 00:18:30.083000,0 days 01:16:45.595000
2024-07-07 14:21:42.944,9393,217,7,0,True,0,car,0 days 00:18:30.403000,0 days 01:16:45.915000
2024-07-07 14:21:43.144,9235,209,6,0,True,0,car,0 days 00:18:30.603000,0 days 01:16:46.115000
2024-07-07 14:21:43.304,8949,202,6,0,True,0,car,0 days 00:18:30.763000,0 days 01:16:46.275000
2024-07-07 14:21:43.464,9509,196,6,0,False,0,car,0 days 00:18:30.923000,0 days 01:16:46.435000
2024-07-07 14:21:43.744,10308,191,5,7,False,0,car,0 days 00:18:31.203000,0 days 01:16:46.715000
2024-07-07 14:21:43.984,10048,188,5,61,False,0,car,0 days 00:18:31.443000,0 days 01:16:46.955000
2024-07-07 14:21:44.264,10290,190,5,89,False,0,car,0 days 00:18:31.723000,0 days 01:16:47.235000
2024-07-07 14:21:44.504,10531,193,5,100,False,0,car,0 days 00:18:31.963000,0 days 01:16:47.475000
2024-07-07 14:21:44.824,11040,201,5,100,False,0,car,0 days 00:18:32.283000,0 days 01:16:47.795000
2024-07-07 14:21:45.104,11405,209,5,100,False,0,car,0 days 00:18:32.563000,0 days 01:16:48.075000
2024-07-07 14:21:45.344,11539,209,5,100,False,0,car,0 days 00:18:32.803000,0 days 01:16:48.315000
2024-07-07 14:21:45.504,11608,217,5,100,False,0,car,0 days 00:18:32.963000,0 days 01:16:48.475000
2024-07-07 14:21:45.824,10283,224,6,100,False,0,car,0 days 00:18:33.283000,0 days 01:16:48.795000
2024-07-07 14:21:46.144,10796,232,6,100,False,0,car,0 days 00:18:33.603000,0 days 01:16:49.115000
2024-07-07 14:21:46.424,11074,238,6,100,False,0,car,0 days 00:18:33.883000,0 days 01:16:49.395000
2024-07-07 14:21:46.824,11256,243,6,100,False,0,car,0 days 00:18:34.283000,0 days 01:16:49.795000
2024-07-07 14:21:47.103,11417,248,6,100,False,0,car,0 days 00:18:34.562000,0 days 01:16:50.074000
2024-07-07 14:21:47.263,11516,251,6,100,False,0,car,0 days 00:18:34.722000,0 days 01:16:50.234000
2024-07-07 14:21:47.663,11756,255,6,100,False,0,car,0 days 00:18:35.122000,0 days 01:16:50.634000
2024-07-07 14:21:48.063,10461,262,7,100,False,0,car,0 days 00:18:35.522000,0 days 01:16:51.034000
2024-07-07 14:21:48.263,10523,265,7,100,False,0,car,0 days 00:18:35.722000,0 days 01:16:51.234000
2024-07-07 14:21:48.503,10722,267,7,100,False,0,car,0 days 00:18:35.962000,0 days 01:16:51.474000
2024-07-07 14:21:48.903,10860,271,7,100,False,0,car,0 days 00:18:36.362000,0 days 01:16:51.874000
2024-07-07 14:21:49.104,10950,272,7,100,False,0,car,0 days 00:18:36.563000,0 days 01:16:52.075000
2024-07-07 14:21:49.584,11054,278,7,100,False,0,car,0 days 00:18:37.043000,0 days 01:16:52.555000
2024-07-07 14:21:49.984,11236,281,7,100,False,0,car,0 days 00:18:37.443000,0 days 01:16:52.955000
2024-07-07 14:21:50.144,11263,281,7,100,False,0,car,0 days 00:18:37.603000,0 days 01:16:53.115000
2024-07-07 14:21:50.344,11334,282,7,100,False,0,car,0 days 00:18:37.803000,0 days 01:16:53.315000
2024-07-07 14:21:50.544,11400,284,7,100,False,0,car,0 days 00:18:38.003000,0 days 01:16:53.515000
2024-07-07 14:21:50.824,11461,286,7,100,False,0,car,0 days 00:18:38.283000,0 days 01:16:53.795000
2024-07-07 14:21:51.224,11503,288,7,100,False,0,car,0 days 00:18:38.683000,0 days 01:16:54.195000
2024-07-07 14:21:51.504,11571,289,7,100,False,0,car,0 days 00:18:38.963000,0 days 01:16:54.475000
2024-07-07 14:21:51.704,11594,289,7,100,False,0,car,0 days 00:18:39.163000,0 days 01:16:54.675000
2024-07-07 14:21:52.104,11641,291,7,100,False,0,car,0 days 00:18:39.563000,0 days 01:16:55.075000
2024-07-07 14:21:52.344,11584,292,7,100,False,0,car,0 days 00:18:39.803000,0 days 01:16:55.315000
2024-07-07 14:21:52.584,11648,291,7,100,False,0,car,0 days 00:18:40.043000,0 days 01:16:55.555000
2024-07-07 14:21:52.744,11614,291,7,100,False,0,car,0 days 00:18:40.203000,0 days 01:16:55.715000
2024-07-07 14:21:52.984,11615,291,7,100,False,0,car,0 days 00:18:40.443000,0 days 01:16:55.955000
2024-07-07 14:21:53.304,11621,291,7,100,False,0,car,0 days 00:18:40.763000,0 days 01:16:56.275000
2024-07-07 14:21:53.464,11645,291,7,100,False,0,car,0 days 00:18:40.923000,0 days 01:16:56.435000
2024-07-07 14:21:53.703,11644,291,7,100,False,0,car,0 days 00:18:41.162000,0 days 01:16:56.674000
2024-07-07 14:21:53.943,11580,291,7,100,False,0,car,0 days 00:18:41.402000,0 days 01:16:56.914000
2024-07-07 14:21:54.143,11572,290,7,100,False,0,car,0 days 00:18:41.602000,0 days 01:16:57.114000
2024-07-07 14:21:54.463,11587,291,7,100,False,0,car,0 days 00:18:41.922000,0 days 01:16:57.434000
2024-07-07 14:21:54.703,11593,291,7,100,False,0,car,0 days 00:18:42.162000,0 days 01:16:57.674000
2024-07-07 14:21:54.943,11575,291,7,100,False,0,car,0 days 00:18:42.402000,0 days 01:16:57.914000
2024-07-07 14:21:55.103,11548,290,7,100,False,0,car,0 days 00:18:42.562000,0 days 01:16:58.074000
2024-07-07 14:21:55.263,11557,289,7,100,False,0,car,0 days 00:18:42.722000,0 days 01:16:58.234000
2024-07-07 14:21:55.623,11445,288,7,100,False,0,car,0 days 00:18:43.082000,0 days 01:16:58.594000
2024-07-07 14:21:55.784,11418,286,7,100,False,0,car,0 days 00:18:43.243000,0 days 01:16:58.755000
2024-07-07 14:21:56.104,11211,285,7,86,False,0,car,0 days 00:18:43.563000,0 days 01:16:59.075000
2024-07-07 14:21:56.344,10592,274,7,0,True,0,car,0 days 00:18:43.803000,0 days 01:16:59.315000
2024-07-07 14:21:56.664,10505,244,7,0,True,0,car,0 days 00:18:44.123000,0 days 01:16:59.635000
2024-07-07 14:21:56.824,10873,239,7,0,True,0,car,0 days 00:18:44.283000,0 days 01:16:59.795000
2024-07-07 14:21:57.024,10074,229,6,0,True,0,car,0 days 00:18:44.483000,0 days 01:16:59.995000
2024-07-07 14:21:57.384,9727,216,6,0,False,0,car,0 days 00:18:44.843000,0 days 01:17:00.355000
2024-07-07 14:21:57.624,9463,210,6,0,False,0,car,0 days 00:18:45.083000,0 days 01:17:00.595000
2024-07-07 14:21:57.864,10009,204,6,0,False,0,car,0 days 00:18:45.323000,0 days 01:17:00.835000
2024-07-07 14:21:58.264,10275,196,5,44,False,0,car,0 days 00:18:45.723000,0 days 01:17:01.235000
2024-07-07 14:21:58.504,10353,195,5,59,False,0,car,0 days 00:18:45.963000,0 days 01:17:01.475000
2024-07-07 14:21:58.664,10396,195,5,61,False,0,car,0 days 00:18:46.123000,0 days 01:17:01.635000
2024-07-07 14:21:58.944,10509,196,5,70,False,0,car,0 days 00:18:46.403000,0 days 01:17:01.915000
2024-07-07 14:21:59.304,10896,200,5,85,False,0,car,0 days 00:18:46.763000,0 days 01:17:02.275000
2024-07-07 14:21:59.544,11183,205,5,100,False,0,car,0 days 00:18:47.003000,0 days 01:17:02.515000
2024-07-07 14:21:59.704,11406,210,5,100,False,0,car,0 days 00:18:47.163000,0 days 01:17:02.675000
2024-07-07 14:21:59.904,11602,215,5,100,False,0,car,0 days 00:18:47.363000,0 days 01:17:02.875000
2024-07-07 14:22:00.144,11821,218,5,100,False,0,car,0 days 00:18:47.603000,0 days 01:17:03.115000
2024-07-07 14:22:00.383,11121,225,5,100,False,0,car,0 days 00:18:47.842000,0 days 01:17:03.354000
2024-07-07 14:22:00.823,10708,233,6,100,False,0,car,0 days 00:18:48.282000,0 days 01:17:03.794000
2024-07-07 14:22:01.143,10922,238,6,100,False,0,car,0 days 00:18:48.602000,0 days 01:17:04.114000
2024-07-07 14:22:01.383,11078,243,6,100,False,0,car,0 days 00:18:48.842000,0 days 01:17:04.354000
2024-07-07 14:22:01.783,11300,247,6,100,False,0,car,0 days 00:18:49.242000,0 days 01:17:04.754000
2024-07-07 14:22:02.264,11529,252,6,100,False,0,car,0 days 00:18:49.723000,0 days 01:17:05.235000
2024-07-07 14:22:02.664,11605,255,6,100,False,0,car,0 days 00:18:50.123000,0 days 01:17:05.635000
2024-07-07 14:22:02.824,11402,256,6,100,False,0,car,0 days 00:18:50.283000,0 days 01:17:05.795000
2024-07-07 14:22:03.024,10575,256,7,100,False,0,car,0 days 00:18:50.483000,0 days 01:17:05.995000
2024-07-07 14:22:03.264,10153,258,7,100,False,0,car,0 days 00:18:50.723000,0 days 01:17:06.235000
2024-07-07 14:22:03.664,10301,257,7,100,False,0,car,0 days 00:18:51.123000,0 days 01:17:06.635000
2024-07-07 14:22:03.824,10315,258,7,100,False,0,car,0 days 00:18:51.283000,0 days 01:17:06.795000
2024-07-07 14:22:04.104,9966,254,7,0,False,0,car,0 days 00:18:51.563000,0 days 01:17:07.075000
2024-07-07 14:22:04.344,9217,244,7,0,True,0,car,0 days 00:18:51.803000,0 days 01:17:07.315000
2024-07-07 14:22:04.584,8702,222,7,0,True,0,car,0 days 00:18:52.043000,0 days 01:17:07.555000
2024-07-07 14:22:04.944,8911,192,6,0,True,0,car,0 days 00:18:52.403000,0 days 01:17:07.915000
2024-07-07 14:22:05.104,8946,174,6,0,True,0,car,0 days 00:18:52.563000,0 days 01:17:08.075000
2024-07-07 14:22:05.424,9070,153,5,0,True,0,car,0 days 00:18:52.883000,0 days 01:17:08.395000
2024-07-07 14:22:05.664,9690,136,4,0,True,0,car,0 days 00:18:53.123000,0 days 01:17:08.635000
2024-07-07 14:22:05.944,9286,125,3,0,True,0,car,0 days 00:18:53.403000,0 days 01:17:08.915000
2024-07-07 14:22:06.184,9750,111,3,0,True,0,car,0 days 00:18:53.643000,0 days 01:17:09.155000
2024-07-07 14:22:06.464,7930,96,2,0,True,0,car,0 days 00:18:53.923000,0 days 01:17:09.435000
2024-07-07 14:22:06.744,6946,88,2,7,True,0,car,0 days 00:18:54.203000,0 days 01:17:09.715000
2024-07-07 14:22:06.904,6926,80,2,17,True,0,car,0 days 00:18:54.363000,0 days 01:17:09.875000
2024-07-07 14:22:07.223,6937,79,2,39,False,0,car,0 days 00:18:54.682000,0 days 01:17:10.194000
2024-07-07 14:22:07.423,6902,79,2,42,False,0,car,0 days 00:18:54.882000,0 days 01:17:10.394000
2024-07-07 14:22:07.703,6874,79,2,46,False,0,car,0 days 00:18:55.162000,0 days 01:17:10.674000
2024-07-07 14:22:08.023,6934,80,2,58,False,0,car,0 days 00:18:55.482000,0 days 01:17:10.994000
2024-07-07 14:22:08.303,6914,80,2,58,False,0,car,0 days 00:18:55.762000,0 days 01:17:11.274000
2024-07-07 14:22:08.543,6895,80,2,61,False,0,car,0 days 00:18:56.002000,0 days 01:17:11.514000
2024-07-07 14:22:08.743,6875,80,2,61,False,0,car,0 days 00:18:56.202000,0 days 01:17:11.714000
2024-07-07 14:22:09.024,6854,80,2,62,False,0,car,0 days 00:18:56.483000,0 days 01:17:11.995000
2024-07-07 14:22:09.224,6854,80,2,62,False,0,car,0 days 00:18:56.683000,0 days 01:17:12.195000
2024-07-07 14:22:09.384,6862,80,2,63,False,0,car,0 days 00:18:56.843000,0 days 01:17:12.355000
2024-07-07 14:22:09.664,6954,80,2,63,False,0,car,0 days 00:18:57.123000,0 days 01:17:12.635000
2024-07-07 14:22:09.864,6954,79,2,63,False,0,car,0 days 00:18:57.323000,0 days 01:17:12.835000
2024-07-07 14:22:10.064,6865,80,2,63,False,0,car,0 days 00:18:57.523000,0 days 01:17:13.035000
2024-07-07 14:22:10.384,6842,80,2,63,False,0,car,0 days 00:18:57.843000,0 days 01:17:13.355000
2024-07-07 14:22:10.624,6835,80,2,71,False,0,car,0 days 00:18:58.083000,0 days 01:17:13.595000
2024-07-07 14:22:10.864,6940,79,2,100,False,0,car,0 days 00:18:58.323000,0 days 01:17:13.835000
2024-07-07 14:22:11.024,6949,80,2,100,False,0,car,0 days 00:18:58.483000,0 days 01:17:13.995000
2024-07-07 14:22:11.224,6878,79,2,97,False,0,car,0 days 00:18:58.683000,0 days 01:17:14.195000
2024-07-07 14:22:11.504,6918,79,2,87,False,0,car,0 days 00:18:58.963000,0 days 01:17:14.475000
2024-07-07 14:22:11.704,6888,79,2,96,False,0,car,0 days 00:18:59.163000,0 days 01:17:14.675000
2024-07-07 14:22:12.104,6943,80,2,93,False,0,car,0 days 00:18:59.563000,0 days 01:17:15.075000
2024-07-07 14:22:12.344,6956,80,2,91,False,0,car,0 days 00:18:59.803000,0 days 01:17:15.315000
2024-07-07 14:22:12.584,6814,79,2,87,False,0,car,0 days 00:19:00.043000,0 days 01:17:15.555000
2024-07-07 14:22:12.744,6904,80,2,91,False,0,car,0 days 00:19:00.203000,0 days 01:17:15.715000
2024-07-07 14:22:12.984,6872,79,2,92,False,0,car,0 days 00:19:00.443000,0 days 01:17:15.955000
2024-07-07 14:22:13.224,6836,79,2,100,False,0,car,0 days 00:19:00.683000,0 days 01:17:16.195000
2024-07-07 14:22:13.584,6974,80,2,100,False,0,car,0 days 00:19:01.043000,0 days 01:17:16.555000
2024-07-07 14:22:13.863,6936,80,2,100,False,0,car,0 days 00:19:01.322000,0 days 01:17:16.834000
2024-07-07 14:22:14.023,6936,80,2,100,False,0,car,0 days 00:19:01.482000,0 days 01:17:16.994000
2024-07-07 14:22:14.223,6976,80,2,100,False,0,car,0 days 00:19:01.682000,0 days 01:17:17.194000
2024-07-07 14:22:14.383,6997,80,2,100,False,0,car,0 days 00:19:01.842000,0 days 01:17:17.354000
2024-07-07 14:22:14.543,6916,80,2,100,False,0,car,0 days 00:19:02.002000,0 days 01:17:17.514000
2024-07-07 14:22:14.743,6915,80,2,100,False,0,car,0 days 00:19:02.202000,0 days 01:17:17.714000
2024-07-07 14:22:14.983,6951,80,2,100,False,0,car,0 days 00:19:02.442000,0 days 01:17:17.954000
2024-07-07 14:22:15.183,6828,80,2,100,False,0,car,0 days 00:19:02.642000,0 days 01:17:18.154000
2024-07-07 14:22:15.544,6932,80,2,100,False,0,car,0 days 00:19:03.003000,0 days 01:17:18.515000
2024-07-07 14:22:15.784,6917,80,2,100,False,0,car,0 days 00:19:03.243000,0 days 01:17:18.755000
2024-07-07 14:22:16.104,6892,80,2,100,False,0,car,0 days 00:19:03.563000,0 days 01:17:19.075000
2024-07-07 14:22:16.344,6848,79,2,100,False,0,car,0 days 00:19:03.803000,0 days 01:17:19.315000
2024-07-07 14:22:16.544,6876,80,2,100,False,0,car,0 days 00:19:04.003000,0 days 01:17:19.515000
2024-07-07 14:22:16.904,6888,80,2,100,False,0,car,0 days 00:19:04.363000,0 days 01:17:19.875000
2024-07-07 14:22:17.064,6932,80,2,100,False,0,car,0 days 00:19:04.523000,0 days 01:17:20.035000
2024-07-07 14:22:17.384,6872,79,2,100,False,0,car,0 days 00:19:04.843000,0 days 01:17:20.355000
2024-07-07 14:22:17.624,6692,79,2,0,True,0,car,0 days 00:19:05.083000,0 days 01:17:20.595000
2024-07-07 14:22:17.864,6725,77,2,0,True,0,car,0 days 00:19:05.323000,0 days 01:17:20.835000
2024-07-07 14:22:18.144,7145,73,2,0,True,0,car,0 days 00:19:05.603000,0 days 01:17:21.115000
2024-07-07 14:22:18.544,7473,67,1,0,True,0,car,0 days 00:19:06.003000,0 days 01:17:21.515000
2024-07-07 14:22:18.824,7407,61,1,0,True,0,car,0 days 00:19:06.283000,0 days 01:17:21.795000
2024-07-07 14:22:19.024,7127,45,1,0,True,0,car,0 days 00:19:06.483000,0 days 01:17:21.995000
2024-07-07 14:22:19.264,6383,45,1,0,True,0,car,0 days 00:19:06.723000,0 days 01:17:22.235000
2024-07-07 14:22:19.664,4663,35,1,0,True,0,car,0 days 00:19:07.123000,0 days 01:17:22.635000
2024-07-07 14:22:20.064,3764,25,1,0,True,0,car,0 days 00:19:07.523000,0 days 01:17:23.035000
2024-07-07 14:22:20.464,3764,11,1,0,True,0,car,0 days 00:19:07.923000,0 days 01:17:23.435000
2024-07-07 14:22:20.663,3834,6,1,0,True,0,car,0 days 00:19:08.122000,0 days 01:17:23.634000
2024-07-07 14:22:20.823,3906,4,1,0,True,0,car,0 days 00:19:08.282000,0 days 01:17:23.794000
2024-07-07 14:22:21.183,3801,0,1,1,True,0,car,0 days 00:19:08.642000,0 days 01:17:24.154000
2024-07-07 14:22:21.343,4921,0,1,13,True,0,car,0 days 00:19:08.802000,0 days 01:17:24.314000
2024-07-07 14:22:21.663,7161,0,1,22,True,0,car,0 days 00:19:09.122000,0 days 01:17:24.634000
2024-07-07 14:22:21.823,8281,0,1,25,True,0,car,0 days 00:19:09.282000,0 days 01:17:24.794000
2024-07-07 14:22:21.984,9401,0,1,25,True,0,car,0 days 00:19:09.443000,0 days 01:17:24.955000
2024-07-07 14:22:22.304,10634,0,1,27,True,0,car,0 days 00:19:09.763000,0 days 01:17:25.275000
2024-07-07 14:22:22.704,10691,0,1,27,True,0,car,0 days 00:19:10.163000,0 days 01:17:25.675000
2024-07-07 14:22:22.944,10601,0,1,27,True,0,car,0 days 00:19:10.403000,0 days 01:17:25.915000
2024-07-07 14:22:23.184,10581,0,1,27,True,0,car,0 days 00:19:10.643000,0 days 01:17:26.155000
2024-07-07 14:22:23.504,10462,0,1,24,True,0,car,0 days 00:19:10.963000,0 days 01:17:26.475000
2024-07-07 14:22:23.664,10569,0,1,24,True,0,car,0 days 00:19:11.123000,0 days 01:17:26.635000
2024-07-07 14:22:23.944,10296,0,1,27,False,0,car,0 days 00:19:11.403000,0 days 01:17:26.915000
2024-07-07 14:22:24.184,8616,6,1,28,False,0,car,0 days 00:19:11.643000,0 days 01:17:27.155000
2024-07-07 14:22:24.344,7496,10,1,29,False,0,car,0 days 00:19:11.803000,0 days 01:17:27.315000
2024-07-07 14:22:24.584,6873,18,1,32,False,0,car,0 days 00:19:12.043000,0 days 01:17:27.555000
2024-07-07 14:22:24.904,7559,24,1,29,False,0,car,0 days 00:19:12.363000,0 days 01:17:27.875000
2024-07-07 14:22:25.144,6697,29,1,24,False,0,car,0 days 00:19:12.603000,0 days 01:17:28.115000
2024-07-07 14:22:25.464,6767,39,1,30,False,0,car,0 days 00:19:12.923000,0 days 01:17:28.435000
2024-07-07 14:22:25.744,6310,44,1,38,False,0,car,0 days 00:19:13.203000,0 days 01:17:28.715000
2024-07-07 14:22:26.104,8424,56,1,46,False,0,car,0 days 00:19:13.563000,0 days 01:17:29.075000
2024-07-07 14:22:26.424,7160,63,1,51,False,0,car,0 days 00:19:13.883000,0 days 01:17:29.395000
2024-07-07 14:22:26.624,7787,69,2,57,False,0,car,0 days 00:19:14.083000,0 days 01:17:29.595000
2024-07-07 14:22:26.784,7421,75,2,52,False,0,car,0 days 00:19:14.243000,0 days 01:17:29.755000
2024-07-07 14:22:26.984,7055,78,2,70,False,0,car,0 days 00:19:14.443000,0 days 01:17:29.955000
2024-07-07 14:22:27.184,6881,78,2,100,False,0,car,0 days 00:19:14.643000,0 days 01:17:30.155000
2024-07-07 14:22:27.383,6724,79,2,100,False,0,car,0 days 00:19:14.842000,0 days 01:17:30.354000
2024-07-07 14:22:27.583,6888,80,2,100,False,0,car,0 days 00:19:15.042000,0 days 01:17:30.554000
2024-07-07 14:22:27.823,6836,80,2,100,False,0,car,0 days 00:19:15.282000,0 days 01:17:30.794000
2024-07-07 14:22:28.023,6866,80,2,100,False,0,car,0 days 00:19:15.482000,0 days 01:17:30.994000
2024-07-07 14:22:28.383,6889,80,2,100,False,0,car,0 days 00:19:15.842000,0 days 01:17:31.354000
2024-07-07 14:22:28.584,7024,80,2,100,False,0,car,0 days 00:19:16.043000,0 days 01:17:31.555000
2024-07-07 14:22:28.744,6978,80,2,100,False,0,car,0 days 00:19:16.203000,0 days 01:17:31.715000
2024-07-07 14:22:28.944,6913,80,2,100,False,0,car,0 days 00:19:16.403000,0 days 01:17:31.915000
2024-07-07 14:22:29.104,6874,80,2,100,False,0,car,0 days 00:19:16.563000,0 days 01:17:32.075000
2024-07-07 14:22:29.384,6938,80,2,100,False,0,car,0 days 00:19:16.843000,0 days 01:17:32.355000
2024-07-07 14:22:29.824,6939,80,2,100,False,0,car,0 days 00:19:17.283000,0 days 01:17:32.795000
2024-07-07 14:22:30.064,6932,80,2,100,False,0,car,0 days 00:19:17.523000,0 days 01:17:33.035000
2024-07-07 14:22:30.424,6940,80,2,100,False,0,car,0 days 00:19:17.883000,0 days 01:17:33.395000
2024-07-07 14:22:30.584,6829,80,2,100,False,0,car,0 days 00:19:18.043000,0 days 01:17:33.555000
2024-07-07 14:22:30.784,6866,80,2,100,False,0,car,0 days 00:19:18.243000,0 days 01:17:33.755000
2024-07-07 14:22:31.024,6892,80,2,100,False,0,car,0 days 00:19:18.483000,0 days 01:17:33.995000
2024-07-07 14:22:31.304,6784,80,2,100,False,0,car,0 days 00:19:18.763000,0 days 01:17:34.275000
2024-07-07 14:22:31.464,6784,79,2,100,False,0,car,0 days 00:19:18.923000,0 days 01:17:34.435000
2024-07-07 14:22:31.784,6933,79,2,100,False,0,car,0 days 00:19:19.243000,0 days 01:17:34.755000
2024-07-07 14:22:32.104,6884,80,2,100,False,0,car,0 days 00:19:19.563000,0 days 01:17:35.075000
2024-07-07 14:22:32.304,6858,79,2,100,False,0,car,0 days 00:19:19.763000,0 days 01:17:35.275000
2024-07-07 14:22:32.744,6824,79,2,100,False,0,car,0 days 00:19:20.203000,0 days 01:17:35.715000
2024-07-07 14:22:33.104,6966,80,2,100,False,0,car,0 days 00:19:20.563000,0 days 01:17:36.075000
2024-07-07 14:22:33.584,6814,80,2,100,False,0,car,0 days 00:19:21.043000,0 days 01:17:36.555000
2024-07-07 14:22:33.744,6864,80,2,100,False,0,car,0 days 00:19:21.203000,0 days 01:17:36.715000
2024-07-07 14:22:33.944,6906,80,2,100,False,0,car,0 days 00:19:21.403000,0 days 01:17:36.915000
2024-07-07 14:22:34.103,6969,80,2,100,False,0,car,0 days 00:19:21.562000,0 days 01:17:37.074000
2024-07-07 14:22:34.263,6924,80,2,100,False,0,car,0 days 00:19:21.722000,0 days 01:17:37.234000
2024-07-07 14:22:34.503,6945,80,2,100,False,0,car,0 days 00:19:21.962000,0 days 01:17:37.474000
2024-07-07 14:22:34.703,6968,80,2,100,False,0,car,0 days 00:19:22.162000,0 days 01:17:37.674000
2024-07-07 14:22:35.224,6895,80,2,100,False,0,car,0 days 00:19:22.683000,0 days 01:17:38.195000
2024-07-07 14:22:35.544,6920,80,2,100,False,0,car,0 days 00:19:23.003000,0 days 01:17:38.515000
2024-07-07 14:22:35.744,6979,80,2,100,False,0,car,0 days 00:19:23.203000,0 days 01:17:38.715000
2024-07-07 14:22:35.984,6794,80,2,96,False,0,car,0 days 00:19:23.443000,0 days 01:17:38.955000
2024-07-07 14:22:36.224,6871,79,2,76,False,0,car,0 days 00:19:23.683000,0 days 01:17:39.195000
2024-07-07 14:22:36.584,7015,79,2,25,False,0,car,0 days 00:19:24.043000,0 days 01:17:39.555000
2024-07-07 14:22:36.904,7473,84,2,31,False,0,car,0 days 00:19:24.363000,0 days 01:17:39.875000
2024-07-07 14:22:37.144,7911,87,2,36,False,0,car,0 days 00:19:24.603000,0 days 01:17:40.115000
2024-07-07 14:22:37.424,8269,92,2,42,False,0,car,0 days 00:19:24.883000,0 days 01:17:40.395000
2024-07-07 14:22:37.704,8547,97,2,49,False,0,car,0 days 00:19:25.163000,0 days 01:17:40.675000
2024-07-07 14:22:38.064,9513,105,2,52,False,0,car,0 days 00:19:25.523000,0 days 01:17:41.035000
2024-07-07 14:22:38.224,9714,107,2,62,False,0,car,0 days 00:19:25.683000,0 days 01:17:41.195000
2024-07-07 14:22:38.384,9897,113,2,68,False,0,car,0 days 00:19:25.843000,0 days 01:17:41.355000
2024-07-07 14:22:38.704,10541,122,2,63,False,0,car,0 days 00:19:26.163000,0 days 01:17:41.675000
2024-07-07 14:22:38.864,10121,127,2,70,False,0,car,0 days 00:19:26.323000,0 days 01:17:41.835000
2024-07-07 14:22:39.184,10441,136,3,76,False,0,car,0 days 00:19:26.643000,0 days 01:17:42.155000
2024-07-07 14:22:39.504,10594,145,3,76,False,0,car,0 days 00:19:26.963000,0 days 01:17:42.475000
2024-07-07 14:22:39.664,11434,151,3,80,False,0,car,0 days 00:19:27.123000,0 days 01:17:42.635000
2024-07-07 14:22:39.864,10594,155,3,100,False,0,car,0 days 00:19:27.323000,0 days 01:17:42.835000
2024-07-07 14:22:40.104,10688,169,4,100,False,0,car,0 days 00:19:27.563000,0 days 01:17:43.075000
2024-07-07 14:22:40.424,11538,180,4,100,False,0,car,0 days 00:19:27.883000,0 days 01:17:43.395000
2024-07-07 14:22:40.664,10651,191,4,100,False,0,car,0 days 00:19:28.123000,0 days 01:17:43.635000
2024-07-07 14:22:40.903,10130,195,5,100,False,0,car,0 days 00:19:28.362000,0 days 01:17:43.874000
2024-07-07 14:22:41.303,11177,210,5,100,False,0,car,0 days 00:19:28.762000,0 days 01:17:44.274000
2024-07-07 14:22:41.463,11395,215,5,100,False,0,car,0 days 00:19:28.922000,0 days 01:17:44.434000
2024-07-07 14:22:41.704,11647,220,5,100,False,0,car,0 days 00:19:29.163000,0 days 01:17:44.675000
2024-07-07 14:22:41.904,10935,225,5,100,False,0,car,0 days 00:19:29.363000,0 days 01:17:44.875000
2024-07-07 14:22:42.224,10787,231,6,100,False,0,car,0 days 00:19:29.683000,0 days 01:17:45.195000
2024-07-07 14:22:42.544,10930,237,6,100,False,0,car,0 days 00:19:30.003000,0 days 01:17:45.515000
2024-07-07 14:22:42.704,10979,240,6,100,False,0,car,0 days 00:19:30.163000,0 days 01:17:45.675000
2024-07-07 14:22:42.944,11216,243,6,100,False,0,car,0 days 00:19:30.403000,0 days 01:17:45.915000
2024-07-07 14:22:43.104,11265,247,6,100,False,0,car,0 days 00:19:30.563000,0 days 01:17:46.075000
2024-07-07 14:22:43.344,11448,248,6,100,False,0,car,0 days 00:19:30.803000,0 days 01:17:46.315000
2024-07-07 14:22:43.504,11502,252,6,100,False,0,car,0 days 00:19:30.963000,0 days 01:17:46.475000
2024-07-07 14:22:43.824,11627,254,6,100,False,0,car,0 days 00:19:31.283000,0 days 01:17:46.795000
2024-07-07 14:22:44.024,11778,256,6,100,False,0,car,0 days 00:19:31.483000,0 days 01:17:46.995000
2024-07-07 14:22:44.264,10620,249,6,0,True,0,car,0 days 00:19:31.723000,0 days 01:17:47.235000
2024-07-07 14:22:44.464,9469,242,7,0,True,0,car,0 days 00:19:31.923000,0 days 01:17:47.435000
2024-07-07 14:22:44.904,7922,202,7,0,True,0,car,0 days 00:19:32.363000,0 days 01:17:47.875000
2024-07-07 14:22:45.144,8218,188,7,0,True,0,car,0 days 00:19:32.603000,0 days 01:17:48.115000
2024-07-07 14:22:45.304,7799,175,7,0,True,0,car,0 days 00:19:32.763000,0 days 01:17:48.275000
2024-07-07 14:22:45.464,8588,163,7,0,True,0,car,0 days 00:19:32.923000,0 days 01:17:48.435000
2024-07-07 14:22:45.624,8253,159,5,0,True,0,car,0 days 00:19:33.083000,0 days 01:17:48.595000
2024-07-07 14:22:45.864,8712,144,5,0,True,0,car,0 days 00:19:33.323000,0 days 01:17:48.835000
2024-07-07 14:22:46.104,8498,135,4,0,True,0,car,0 days 00:19:33.563000,0 days 01:17:49.075000
2024-07-07 14:22:46.304,7760,128,4,0,True,0,car,0 days 00:19:33.763000,0 days 01:17:49.275000
2024-07-07 14:22:46.504,8460,121,4,0,True,0,car,0 days 00:19:33.963000,0 days 01:17:49.475000
2024-07-07 14:22:46.904,7987,110,3,0,True,0,car,0 days 00:19:34.363000,0 days 01:17:49.875000
2024-07-07 14:22:47.104,7802,106,3,0,True,0,car,0 days 00:19:34.563000,0 days 01:17:50.075000
2024-07-07 14:22:47.424,7454,103,3,0,False,0,car,0 days 00:19:34.883000,0 days 01:17:50.395000
2024-07-07 14:22:47.743,7364,101,3,0,False,0,car,0 days 00:19:35.202000,0 days 01:17:50.714000
2024-07-07 14:22:47.943,7144,98,3,3,False,0,car,0 days 00:19:35.402000,0 days 01:17:50.914000
2024-07-07 14:22:48.223,7284,97,3,30,False,0,car,0 days 00:19:35.682000,0 days 01:17:51.194000
2024-07-07 14:22:48.384,7427,98,3,38,False,0,car,0 days 00:19:35.843000,0 days 01:17:51.355000
2024-07-07 14:22:48.664,7834,103,3,45,False,0,car,0 days 00:19:36.123000,0 days 01:17:51.635000
2024-07-07 14:22:48.984,8197,109,3,52,False,0,car,0 days 00:19:36.443000,0 days 01:17:51.955000
2024-07-07 14:22:49.224,8729,114,3,61,False,0,car,0 days 00:19:36.683000,0 days 01:17:52.195000
2024-07-07 14:22:49.384,9058,120,3,64,False,0,car,0 days 00:19:36.843000,0 days 01:17:52.355000
2024-07-07 14:22:49.624,9573,126,3,69,False,0,car,0 days 00:19:37.083000,0 days 01:17:52.595000
2024-07-07 14:22:49.904,10106,135,3,72,False,0,car,0 days 00:19:37.363000,0 days 01:17:52.875000
2024-07-07 14:22:50.264,9165,129,3,0,True,0,car,0 days 00:19:37.723000,0 days 01:17:53.235000
2024-07-07 14:22:50.704,8217,113,3,0,True,0,car,0 days 00:19:38.163000,0 days 01:17:53.675000
2024-07-07 14:22:50.984,7637,104,3,0,True,0,car,0 days 00:19:38.443000,0 days 01:17:53.955000
2024-07-07 14:22:51.184,7316,100,3,0,True,0,car,0 days 00:19:38.643000,0 days 01:17:54.155000
2024-07-07 14:22:51.384,7185,98,3,0,True,0,car,0 days 00:19:38.843000,0 days 01:17:54.355000
2024-07-07 14:22:51.544,7107,96,3,0,False,0,car,0 days 00:19:39.003000,0 days 01:17:54.515000
2024-07-07 14:22:51.824,6878,94,3,0,False,0,car,0 days 00:19:39.283000,0 days 01:17:54.795000
2024-07-07 14:22:51.984,6707,93,3,0,False,0,car,0 days 00:19:39.443000,0 days 01:17:54.955000
2024-07-07 14:22:52.264,6694,90,3,0,False,0,car,0 days 00:19:39.723000,0 days 01:17:55.235000
2024-07-07 14:22:52.544,6692,88,3,15,False,0,car,0 days 00:19:40.003000,0 days 01:17:55.515000
2024-07-07 14:22:52.824,6918,89,3,31,False,0,car,0 days 00:19:40.283000,0 days 01:17:55.795000
2024-07-07 14:22:53.024,7062,89,3,36,False,0,car,0 days 00:19:40.483000,0 days 01:17:55.995000
2024-07-07 14:22:53.344,7300,95,3,42,False,0,car,0 days 00:19:40.803000,0 days 01:17:56.315000
2024-07-07 14:22:53.504,7487,98,3,46,False,0,car,0 days 00:19:40.963000,0 days 01:17:56.475000
2024-07-07 14:22:53.744,7939,102,3,54,False,0,car,0 days 00:19:41.203000,0 days 01:17:56.715000
2024-07-07 14:22:53.904,8236,107,3,57,False,0,car,0 days 00:19:41.363000,0 days 01:17:56.875000
2024-07-07 14:22:54.144,8818,114,3,64,False,0,car,0 days 00:19:41.603000,0 days 01:17:57.115000
2024-07-07 14:22:54.303,9040,120,3,69,False,0,car,0 days 00:19:41.762000,0 days 01:17:57.274000
2024-07-07 14:22:54.503,9636,127,3,74,False,0,car,0 days 00:19:41.962000,0 days 01:17:57.474000
2024-07-07 14:22:54.743,8872,135,3,82,False,0,car,0 days 00:19:42.202000,0 days 01:17:57.714000
2024-07-07 14:22:55.144,9951,152,4,100,False,0,car,0 days 00:19:42.603000,0 days 01:17:58.115000
2024-07-07 14:22:55.304,10203,160,4,100,False,0,car,0 days 00:19:42.763000,0 days 01:17:58.275000
2024-07-07 14:22:55.624,11024,169,4,100,False,0,car,0 days 00:19:43.083000,0 days 01:17:58.595000
2024-07-07 14:22:55.864,11464,186,4,100,False,0,car,0 days 00:19:43.323000,0 days 01:17:58.835000
2024-07-07 14:22:56.264,10567,198,5,100,False,0,car,0 days 00:19:43.723000,0 days 01:17:59.235000
2024-07-07 14:22:56.424,10943,201,5,100,False,0,car,0 days 00:19:43.883000,0 days 01:17:59.395000
2024-07-07 14:22:56.664,11232,210,5,100,False,0,car,0 days 00:19:44.123000,0 days 01:17:59.635000
2024-07-07 14:22:56.904,11490,216,5,100,False,0,car,0 days 00:19:44.363000,0 days 01:17:59.875000
2024-07-07 14:22:57.104,11764,221,5,100,False,0,car,0 days 00:19:44.563000,0 days 01:18:00.075000
2024-07-07 14:22:57.264,11431,224,5,100,False,0,car,0 days 00:19:44.723000,0 days 01:18:00.235000
2024-07-07 14:22:57.464,10666,227,5,100,False,0,car,0 days 00:19:44.923000,0 days 01:18:00.435000
2024-07-07 14:22:57.744,10736,232,6,100,False,0,car,0 days 00:19:45.203000,0 days 01:18:00.715000
2024-07-07 14:22:57.984,10907,237,6,100,False,0,car,0 days 00:19:45.443000,0 days 01:18:00.955000
2024-07-07 14:22:58.304,11078,240,6,100,False,0,car,0 days 00:19:45.763000,0 days 01:18:01.275000
2024-07-07 14:22:58.464,11192,242,6,100,False,0,car,0 days 00:19:45.923000,0 days 01:18:01.435000
2024-07-07 14:22:58.664,11334,248,6,100,False,0,car,0 days 00:19:46.123000,0 days 01:18:01.635000
2024-07-07 14:22:58.984,11523,253,6,100,False,0,car,0 days 00:19:46.443000,0 days 01:18:01.955000
2024-07-07 14:22:59.344,11757,257,6,100,False,0,car,0 days 00:19:46.803000,0 days 01:18:02.315000
2024-07-07 14:22:59.744,11611,260,6,100,False,0,car,0 days 00:19:47.203000,0 days 01:18:02.715000
2024-07-07 14:22:59.904,10864,265,7,100,False,0,car,0 days 00:19:47.363000,0 days 01:18:02.875000
2024-07-07 14:23:00.144,10657,267,7,100,False,0,car,0 days 00:19:47.603000,0 days 01:18:03.115000
2024-07-07 14:23:00.584,10756,271,7,100,False,0,car,0 days 00:19:48.043000,0 days 01:18:03.555000
2024-07-07 14:23:00.744,10886,272,7,100,False,0,car,0 days 00:19:48.203000,0 days 01:18:03.715000
2024-07-07 14:23:00.944,11001,274,7,100,False,0,car,0 days 00:19:48.403000,0 days 01:18:03.915000
2024-07-07 14:23:01.143,11102,276,7,100,False,0,car,0 days 00:19:48.602000,0 days 01:18:04.114000
2024-07-07 14:23:01.424,11170,279,7,100,False,0,car,0 days 00:19:48.883000,0 days 01:18:04.395000
2024-07-07 14:23:01.624,11218,280,7,100,False,0,car,0 days 00:19:49.083000,0 days 01:18:04.595000
2024-07-07 14:23:01.824,11257,282,7,100,False,0,car,0 days 00:19:49.283000,0 days 01:18:04.795000
2024-07-07 14:23:02.264,11323,283,7,100,False,0,car,0 days 00:19:49.723000,0 days 01:18:05.235000
2024-07-07 14:23:02.664,11317,284,7,100,False,0,car,0 days 00:19:50.123000,0 days 01:18:05.635000
2024-07-07 14:23:02.824,11380,285,7,100,False,0,car,0 days 00:19:50.283000,0 days 01:18:05.795000
2024-07-07 14:23:02.984,11346,285,7,100,False,0,car,0 days 00:19:50.443000,0 days 01:18:05.955000
2024-07-07 14:23:03.184,11414,285,7,100,False,0,car,0 days 00:19:50.643000,0 days 01:18:06.155000
2024-07-07 14:23:03.504,11368,285,7,100,False,0,car,0 days 00:19:50.963000,0 days 01:18:06.475000
2024-07-07 14:23:03.784,11395,286,7,100,False,0,car,0 days 00:19:51.243000,0 days 01:18:06.755000
2024-07-07 14:23:04.064,11409,285,7,100,False,0,car,0 days 00:19:51.523000,0 days 01:18:07.035000
2024-07-07 14:23:04.224,11334,286,7,100,False,0,car,0 days 00:19:51.683000,0 days 01:18:07.195000
2024-07-07 14:23:04.384,11395,286,7,100,False,0,car,0 days 00:19:51.843000,0 days 01:18:07.355000
2024-07-07 14:23:04.544,11341,284,7,100,False,0,car,0 days 00:19:52.003000,0 days 01:18:07.515000
2024-07-07 14:23:04.824,11321,284,7,100,False,0,car,0 days 00:19:52.283000,0 days 01:18:07.795000
2024-07-07 14:23:05.104,11224,283,7,100,False,0,car,0 days 00:19:52.563000,0 days 01:18:08.075000
2024-07-07 14:23:05.424,10991,272,7,0,True,0,car,0 days 00:19:52.883000,0 days 01:18:08.395000
2024-07-07 14:23:05.584,9871,250,7,0,True,0,car,0 days 00:19:53.043000,0 days 01:18:08.555000
2024-07-07 14:23:05.864,9399,222,7,0,True,0,car,0 days 00:19:53.323000,0 days 01:18:08.835000
2024-07-07 14:23:06.024,9613,214,6,0,True,0,car,0 days 00:19:53.483000,0 days 01:18:08.995000
2024-07-07 14:23:06.224,10197,202,6,0,True,0,car,0 days 00:19:53.683000,0 days 01:18:09.195000
2024-07-07 14:23:06.384,9961,194,6,0,True,0,car,0 days 00:19:53.843000,0 days 01:18:09.355000
2024-07-07 14:23:06.704,9407,182,5,0,True,0,car,0 days 00:19:54.163000,0 days 01:18:09.675000
2024-07-07 14:23:07.024,8919,172,5,0,True,0,car,0 days 00:19:54.483000,0 days 01:18:09.995000
2024-07-07 14:23:07.224,8627,166,5,0,True,0,car,0 days 00:19:54.683000,0 days 01:18:10.195000
2024-07-07 14:23:07.384,8513,163,5,0,False,0,car,0 days 00:19:54.843000,0 days 01:18:10.355000
2024-07-07 14:23:07.664,9855,158,5,0,False,0,car,0 days 00:19:55.123000,0 days 01:18:10.635000
2024-07-07 14:23:07.863,9572,155,4,0,False,0,car,0 days 00:19:55.322000,0 days 01:18:10.834000
2024-07-07 14:23:08.064,9468,152,4,0,False,0,car,0 days 00:19:55.523000,0 days 01:18:11.035000
2024-07-07 14:23:08.384,9488,148,4,21,False,0,car,0 days 00:19:55.843000,0 days 01:18:11.355000
2024-07-07 14:23:08.744,9317,148,4,50,False,0,car,0 days 00:19:56.203000,0 days 01:18:11.715000
2024-07-07 14:23:08.904,9440,149,4,52,False,0,car,0 days 00:19:56.363000,0 days 01:18:11.875000
2024-07-07 14:23:09.104,9594,151,4,59,False,0,car,0 days 00:19:56.563000,0 days 01:18:12.075000
2024-07-07 14:23:09.304,9783,153,4,64,False,0,car,0 days 00:19:56.763000,0 days 01:18:12.275000
2024-07-07 14:23:09.584,10068,159,4,69,False,0,car,0 days 00:19:57.043000,0 days 01:18:12.555000
2024-07-07 14:23:09.784,10200,162,4,70,False,0,car,0 days 00:19:57.243000,0 days 01:18:12.755000
2024-07-07 14:23:09.944,10492,165,4,67,False,0,car,0 days 00:19:57.403000,0 days 01:18:12.915000
2024-07-07 14:23:10.144,10429,167,4,0,True,0,car,0 days 00:19:57.603000,0 days 01:18:13.115000
2024-07-07 14:23:10.424,9589,153,4,0,True,0,car,0 days 00:19:57.883000,0 days 01:18:13.395000
2024-07-07 14:23:10.584,8754,144,4,0,True,0,car,0 days 00:19:58.043000,0 days 01:18:13.555000
2024-07-07 14:23:10.824,8381,140,4,0,True,0,car,0 days 00:19:58.283000,0 days 01:18:13.795000
2024-07-07 14:23:10.984,8381,131,4,0,True,0,car,0 days 00:19:58.443000,0 days 01:18:13.955000
2024-07-07 14:23:11.184,7882,126,4,0,True,0,car,0 days 00:19:58.643000,0 days 01:18:14.155000
2024-07-07 14:23:11.344,7707,125,4,0,False,0,car,0 days 00:19:58.803000,0 days 01:18:14.315000
2024-07-07 14:23:11.544,7529,122,4,0,False,0,car,0 days 00:19:59.003000,0 days 01:18:14.515000
2024-07-07 14:23:11.744,7395,121,4,0,False,0,car,0 days 00:19:59.203000,0 days 01:18:14.715000
2024-07-07 14:23:12.024,7222,118,4,0,False,0,car,0 days 00:19:59.483000,0 days 01:18:14.995000
2024-07-07 14:23:12.224,7061,115,4,0,False,0,car,0 days 00:19:59.683000,0 days 01:18:15.195000
2024-07-07 14:23:12.464,7026,112,4,0,False,0,car,0 days 00:19:59.923000,0 days 01:18:15.435000
2024-07-07 14:23:12.704,6803,111,4,14,False,0,car,0 days 00:20:00.163000,0 days 01:18:15.675000
2024-07-07 14:23:12.984,7014,111,4,35,False,0,car,0 days 00:20:00.443000,0 days 01:18:15.955000
2024-07-07 14:23:13.144,7153,112,4,41,False,0,car,0 days 00:20:00.603000,0 days 01:18:16.115000
2024-07-07 14:23:13.344,7538,114,4,48,False,0,car,0 days 00:20:00.803000,0 days 01:18:16.315000
2024-07-07 14:23:13.544,7710,117,4,48,False,0,car,0 days 00:20:01.003000,0 days 01:18:16.515000
2024-07-07 14:23:13.864,7891,122,4,50,False,0,car,0 days 00:20:01.323000,0 days 01:18:16.835000
2024-07-07 14:23:14.304,8398,131,4,61,False,0,car,0 days 00:20:01.763000,0 days 01:18:17.275000
2024-07-07 14:23:14.503,8778,137,4,71,False,0,car,0 days 00:20:01.962000,0 days 01:18:17.474000
2024-07-07 14:23:14.704,8964,142,4,79,False,0,car,0 days 00:20:02.163000,0 days 01:18:17.675000
2024-07-07 14:23:14.904,9664,150,4,90,False,0,car,0 days 00:20:02.363000,0 days 01:18:17.875000
2024-07-07 14:23:15.064,10223,158,4,92,False,0,car,0 days 00:20:02.523000,0 days 01:18:18.035000
2024-07-07 14:23:15.304,10604,166,4,100,False,0,car,0 days 00:20:02.763000,0 days 01:18:18.275000
2024-07-07 14:23:15.504,10865,175,4,100,False,0,car,0 days 00:20:02.963000,0 days 01:18:18.475000
2024-07-07 14:23:15.744,11838,182,4,100,False,0,car,0 days 00:20:03.203000,0 days 01:18:18.715000
2024-07-07 14:23:16.184,10462,200,5,100,False,0,car,0 days 00:20:03.643000,0 days 01:18:19.155000
2024-07-07 14:23:16.504,11142,208,5,100,False,0,car,0 days 00:20:03.963000,0 days 01:18:19.475000
2024-07-07 14:23:16.784,11481,210,5,100,False,0,car,0 days 00:20:04.243000,0 days 01:18:19.755000
2024-07-07 14:23:17.024,11768,221,5,100,False,0,car,0 days 00:20:04.483000,0 days 01:18:19.995000
2024-07-07 14:23:17.424,10957,230,6,100,False,0,car,0 days 00:20:04.883000,0 days 01:18:20.395000
2024-07-07 14:23:17.744,10948,236,6,100,False,0,car,0 days 00:20:05.203000,0 days 01:18:20.715000
2024-07-07 14:23:17.904,11071,241,6,100,False,0,car,0 days 00:20:05.363000,0 days 01:18:20.875000
2024-07-07 14:23:18.184,11296,247,6,100,False,0,car,0 days 00:20:05.643000,0 days 01:18:21.155000
2024-07-07 14:23:18.384,11399,249,6,100,False,0,car,0 days 00:20:05.843000,0 days 01:18:21.355000
2024-07-07 14:23:18.544,11562,251,6,100,False,0,car,0 days 00:20:06.003000,0 days 01:18:21.515000
2024-07-07 14:23:18.704,11612,255,6,100,False,0,car,0 days 00:20:06.163000,0 days 01:18:21.675000
2024-07-07 14:23:18.904,11740,257,6,100,False,0,car,0 days 00:20:06.363000,0 days 01:18:21.875000
2024-07-07 14:23:19.064,11373,260,6,100,False,0,car,0 days 00:20:06.523000,0 days 01:18:22.035000
2024-07-07 14:23:19.424,10674,263,7,100,False,0,car,0 days 00:20:06.883000,0 days 01:18:22.395000
2024-07-07 14:23:19.584,10555,265,7,100,False,0,car,0 days 00:20:07.043000,0 days 01:18:22.555000
2024-07-07 14:23:19.744,10683,268,7,100,False,0,car,0 days 00:20:07.203000,0 days 01:18:22.715000
2024-07-07 14:23:19.904,10830,270,7,100,False,0,car,0 days 00:20:07.363000,0 days 01:18:22.875000
2024-07-07 14:23:20.144,10895,271,7,100,False,0,car,0 days 00:20:07.603000,0 days 01:18:23.115000
2024-07-07 14:23:20.384,10917,274,7,100,False,0,car,0 days 00:20:07.843000,0 days 01:18:23.355000
2024-07-07 14:23:20.664,11065,277,7,100,False,0,car,0 days 00:20:08.123000,0 days 01:18:23.635000
2024-07-07 14:23:20.904,11129,278,7,100,False,0,car,0 days 00:20:08.363000,0 days 01:18:23.875000
2024-07-07 14:23:21.184,11198,279,7,100,False,0,car,0 days 00:20:08.643000,0 days 01:18:24.155000
2024-07-07 14:23:21.344,11265,281,7,100,False,0,car,0 days 00:20:08.803000,0 days 01:18:24.315000
2024-07-07 14:23:21.544,11302,281,7,100,False,0,car,0 days 00:20:09.003000,0 days 01:18:24.515000
2024-07-07 14:23:21.744,11315,283,7,100,False,0,car,0 days 00:20:09.203000,0 days 01:18:24.715000
2024-07-07 14:23:22.104,11385,286,7,100,False,0,car,0 days 00:20:09.563000,0 days 01:18:25.075000
2024-07-07 14:23:22.424,11378,286,7,100,False,0,car,0 days 00:20:09.883000,0 days 01:18:25.395000
2024-07-07 14:23:22.584,11404,286,7,100,False,0,car,0 days 00:20:10.043000,0 days 01:18:25.555000
2024-07-07 14:23:22.744,11391,286,7,100,False,0,car,0 days 00:20:10.203000,0 days 01:18:25.715000
2024-07-07 14:23:22.984,11413,287,7,100,False,0,car,0 days 00:20:10.443000,0 days 01:18:25.955000
2024-07-07 14:23:23.344,11400,287,7,100,False,0,car,0 days 00:20:10.803000,0 days 01:18:26.315000
2024-07-07 14:23:23.544,11421,287,7,100,False,0,car,0 days 00:20:11.003000,0 days 01:18:26.515000
2024-07-07 14:23:23.944,11447,288,7,100,False,0,car,0 days 00:20:11.403000,0 days 01:18:26.915000
2024-07-07 14:23:24.144,11424,287,7,100,False,0,car,0 days 00:20:11.603000,0 days 01:18:27.115000
2024-07-07 14:23:24.344,11409,286,7,100,False,0,car,0 days 00:20:11.803000,0 days 01:18:27.315000
2024-07-07 14:23:24.784,11313,284,7,100,False,0,car,0 days 00:20:12.243000,0 days 01:18:27.755000
2024-07-07 14:23:25.144,11106,282,7,0,True,0,car,0 days 00:20:12.603000,0 days 01:18:28.115000
2024-07-07 14:23:25.304,10762,282,7,0,True,0,car,0 days 00:20:12.763000,0 days 01:18:28.275000
2024-07-07 14:23:25.464,10723,272,7,0,False,0,car,0 days 00:20:12.923000,0 days 01:18:28.435000
2024-07-07 14:23:25.664,10294,266,7,12,False,0,car,0 days 00:20:13.123000,0 days 01:18:28.635000
2024-07-07 14:23:26.024,10239,254,7,75,False,0,car,0 days 00:20:13.483000,0 days 01:18:28.995000
2024-07-07 14:23:26.184,10199,255,7,79,False,0,car,0 days 00:20:13.643000,0 days 01:18:29.155000
2024-07-07 14:23:26.424,10153,255,7,71,False,0,car,0 days 00:20:13.883000,0 days 01:18:29.395000
2024-07-07 14:23:26.784,10209,254,7,96,False,0,car,0 days 00:20:14.243000,0 days 01:18:29.755000
2024-07-07 14:23:27.264,10350,257,7,100,False,0,car,0 days 00:20:14.723000,0 days 01:18:30.235000
2024-07-07 14:23:27.504,10419,258,7,100,False,0,car,0 days 00:20:14.963000,0 days 01:18:30.475000
2024-07-07 14:23:27.865,10571,263,7,100,False,0,car,0 days 00:20:15.324000,0 days 01:18:30.836000
2024-07-07 14:23:28.104,10596,265,7,100,False,0,car,0 days 00:20:15.563000,0 days 01:18:31.075000
2024-07-07 14:23:28.424,10792,266,7,100,False,0,car,0 days 00:20:15.883000,0 days 01:18:31.395000
2024-07-07 14:23:28.584,10812,269,7,100,False,0,car,0 days 00:20:16.043000,0 days 01:18:31.555000
2024-07-07 14:23:28.824,10875,270,7,100,False,0,car,0 days 00:20:16.283000,0 days 01:18:31.795000
2024-07-07 14:23:29.104,10944,273,7,100,False,0,car,0 days 00:20:16.563000,0 days 01:18:32.075000
2024-07-07 14:23:29.464,11086,278,7,100,False,0,car,0 days 00:20:16.923000,0 days 01:18:32.435000
2024-07-07 14:23:29.624,11133,278,7,100,False,0,car,0 days 00:20:17.083000,0 days 01:18:32.595000
2024-07-07 14:23:29.784,11175,279,7,100,False,0,car,0 days 00:20:17.243000,0 days 01:18:32.755000
2024-07-07 14:23:30.024,11267,280,7,100,False,0,car,0 days 00:20:17.483000,0 days 01:18:32.995000
2024-07-07 14:23:30.184,11269,282,7,100,False,0,car,0 days 00:20:17.643000,0 days 01:18:33.155000
2024-07-07 14:23:30.384,11306,284,7,100,False,0,car,0 days 00:20:17.843000,0 days 01:18:33.355000
2024-07-07 14:23:30.784,11390,286,7,100,False,0,car,0 days 00:20:18.243000,0 days 01:18:33.755000
2024-07-07 14:23:30.944,11449,285,7,100,False,0,car,0 days 00:20:18.403000,0 days 01:18:33.915000
2024-07-07 14:23:31.144,11512,288,7,100,False,0,car,0 days 00:20:18.603000,0 days 01:18:34.115000
2024-07-07 14:23:31.304,11512,288,7,100,False,0,car,0 days 00:20:18.763000,0 days 01:18:34.275000
2024-07-07 14:23:31.504,11544,291,7,100,False,0,car,0 days 00:20:18.963000,0 days 01:18:34.475000
2024-07-07 14:23:31.744,11565,290,7,100,False,0,car,0 days 00:20:19.203000,0 days 01:18:34.715000
2024-07-07 14:23:31.984,11624,290,7,100,False,0,car,0 days 00:20:19.443000,0 days 01:18:34.955000
2024-07-07 14:23:32.224,11617,292,7,100,False,0,car,0 days 00:20:19.683000,0 days 01:18:35.195000
2024-07-07 14:23:32.504,11626,291,7,100,False,0,car,0 days 00:20:19.963000,0 days 01:18:35.475000
2024-07-07 14:23:32.864,10317,290,8,100,False,0,car,0 days 00:20:20.323000,0 days 01:18:35.835000
2024-07-07 14:23:33.064,10213,290,8,100,False,0,car,0 days 00:20:20.523000,0 days 01:18:36.035000
2024-07-07 14:23:33.224,10298,289,8,100,False,0,car,0 days 00:20:20.683000,0 days 01:18:36.195000
2024-07-07 14:23:33.424,10263,289,8,100,False,0,car,0 days 00:20:20.883000,0 days 01:18:36.395000
2024-07-07 14:23:33.744,10200,288,8,83,False,0,car,0 days 00:20:21.203000,0 days 01:18:36.715000
2024-07-07 14:23:33.984,10226,288,8,73,False,0,car,0 days 00:20:21.443000,0 days 01:18:36.955000
2024-07-07 14:23:34.144,10127,286,8,64,False,0,car,0 days 00:20:21.603000,0 days 01:18:37.115000
2024-07-07 14:23:34.385,10013,282,8,62,False,0,car,0 days 00:20:21.844000,0 days 01:18:37.356000
2024-07-07 14:23:34.545,9830,279,8,69,False,0,car,0 days 00:20:22.004000,0 days 01:18:37.516000
2024-07-07 14:23:34.904,9587,275,8,93,False,0,car,0 days 00:20:22.363000,0 days 01:18:37.875000
2024-07-07 14:23:35.104,9713,274,8,100,False,0,car,0 days 00:20:22.563000,0 days 01:18:38.075000
2024-07-07 14:23:35.304,9700,273,8,100,False,0,car,0 days 00:20:22.763000,0 days 01:18:38.275000
2024-07-07 14:23:35.504,9713,271,8,100,False,0,car,0 days 00:20:22.963000,0 days 01:18:38.475000
2024-07-07 14:23:35.744,9719,272,8,100,False,0,car,0 days 00:20:23.203000,0 days 01:18:38.715000
2024-07-07 14:23:36.104,9219,271,8,0,True,0,car,0 days 00:20:23.563000,0 days 01:18:39.075000
2024-07-07 14:23:36.504,9942,252,7,0,False,0,car,0 days 00:20:23.963000,0 days 01:18:39.475000
2024-07-07 14:23:36.864,9567,243,7,44,False,0,car,0 days 00:20:24.323000,0 days 01:18:39.835000
2024-07-07 14:23:37.064,9653,239,7,50,False,0,car,0 days 00:20:24.523000,0 days 01:18:40.035000
2024-07-07 14:23:37.344,9474,238,7,59,False,0,car,0 days 00:20:24.803000,0 days 01:18:40.315000
2024-07-07 14:23:37.744,8803,232,7,0,True,0,car,0 days 00:20:25.203000,0 days 01:18:40.715000
2024-07-07 14:23:37.984,9798,226,7,0,True,0,car,0 days 00:20:25.443000,0 days 01:18:40.955000
2024-07-07 14:23:38.304,9409,206,6,0,True,0,car,0 days 00:20:25.763000,0 days 01:18:41.275000
2024-07-07 14:23:38.704,9284,198,6,7,False,0,car,0 days 00:20:26.163000,0 days 01:18:41.675000
2024-07-07 14:23:38.864,10281,193,5,41,False,0,car,0 days 00:20:26.323000,0 days 01:18:41.835000
2024-07-07 14:23:39.064,10089,193,5,57,False,0,car,0 days 00:20:26.523000,0 days 01:18:42.035000
2024-07-07 14:23:39.344,10616,193,5,77,False,0,car,0 days 00:20:26.803000,0 days 01:18:42.315000
2024-07-07 14:23:39.584,10617,201,5,100,False,0,car,0 days 00:20:27.043000,0 days 01:18:42.555000
2024-07-07 14:23:39.784,10966,203,5,100,False,0,car,0 days 00:20:27.243000,0 days 01:18:42.755000
2024-07-07 14:23:40.184,11417,215,5,100,False,0,car,0 days 00:20:27.643000,0 days 01:18:43.155000
2024-07-07 14:23:40.344,11631,215,5,100,False,0,car,0 days 00:20:27.803000,0 days 01:18:43.315000
2024-07-07 14:23:40.664,10511,225,5,100,False,0,car,0 days 00:20:28.123000,0 days 01:18:43.635000
2024-07-07 14:23:40.864,10636,228,6,100,False,0,car,0 days 00:20:28.323000,0 days 01:18:43.835000
2024-07-07 14:23:41.065,10675,234,6,100,False,0,car,0 days 00:20:28.524000,0 days 01:18:44.036000
2024-07-07 14:23:41.265,10885,239,6,100,False,0,car,0 days 00:20:28.724000,0 days 01:18:44.236000
2024-07-07 14:23:41.424,10885,240,6,100,False,0,car,0 days 00:20:28.883000,0 days 01:18:44.395000
2024-07-07 14:23:41.744,11263,246,6,100,False,0,car,0 days 00:20:29.203000,0 days 01:18:44.715000
2024-07-07 14:23:41.984,11379,249,6,100,False,0,car,0 days 00:20:29.443000,0 days 01:18:44.955000
2024-07-07 14:23:42.264,11539,252,6,100,False,0,car,0 days 00:20:29.723000,0 days 01:18:45.235000
2024-07-07 14:23:42.504,11664,255,6,100,False,0,car,0 days 00:20:29.963000,0 days 01:18:45.475000
2024-07-07 14:23:42.864,11381,259,6,100,False,0,car,0 days 00:20:30.323000,0 days 01:18:45.835000
2024-07-07 14:23:43.024,11034,261,6,100,False,0,car,0 days 00:20:30.483000,0 days 01:18:45.995000
2024-07-07 14:23:43.264,10471,263,7,100,False,0,car,0 days 00:20:30.723000,0 days 01:18:46.235000
2024-07-07 14:23:43.504,10811,267,7,100,False,0,car,0 days 00:20:30.963000,0 days 01:18:46.475000
2024-07-07 14:23:43.744,10702,269,7,100,False,0,car,0 days 00:20:31.203000,0 days 01:18:46.715000
2024-07-07 14:23:44.064,10919,273,7,100,False,0,car,0 days 00:20:31.523000,0 days 01:18:47.035000
2024-07-07 14:23:44.344,10963,274,7,100,False,0,car,0 days 00:20:31.803000,0 days 01:18:47.315000
2024-07-07 14:23:44.624,11057,277,7,100,False,0,car,0 days 00:20:32.083000,0 days 01:18:47.595000
2024-07-07 14:23:44.824,11131,278,7,100,False,0,car,0 days 00:20:32.283000,0 days 01:18:47.795000
2024-07-07 14:23:45.104,11180,280,7,100,False,0,car,0 days 00:20:32.563000,0 days 01:18:48.075000
2024-07-07 14:23:45.464,11300,283,7,100,False,0,car,0 days 00:20:32.923000,0 days 01:18:48.435000
2024-07-07 14:23:45.624,11357,283,7,100,False,0,car,0 days 00:20:33.083000,0 days 01:18:48.595000
2024-07-07 14:23:45.864,11397,286,7,100,False,0,car,0 days 00:20:33.323000,0 days 01:18:48.835000
2024-07-07 14:23:46.064,11405,286,7,100,False,0,car,0 days 00:20:33.523000,0 days 01:18:49.035000
2024-07-07 14:23:46.264,11460,287,7,100,False,0,car,0 days 00:20:33.723000,0 days 01:18:49.235000
2024-07-07 14:23:46.584,11509,288,7,100,False,0,car,0 days 00:20:34.043000,0 days 01:18:49.555000
2024-07-07 14:23:46.904,11528,289,7,100,False,0,car,0 days 00:20:34.363000,0 days 01:18:49.875000
2024-07-07 14:23:47.184,11547,288,7,100,False,0,car,0 days 00:20:34.643000,0 days 01:18:50.155000
2024-07-07 14:23:47.505,11587,290,7,100,False,0,car,0 days 00:20:34.964000,0 days 01:18:50.476000
2024-07-07 14:23:47.745,11532,290,7,100,False,0,car,0 days 00:20:35.204000,0 days 01:18:50.716000
2024-07-07 14:23:47.905,11530,289,7,100,False,0,car,0 days 00:20:35.364000,0 days 01:18:50.876000
2024-07-07 14:23:48.104,11588,290,7,100,False,0,car,0 days 00:20:35.563000,0 days 01:18:51.075000
2024-07-07 14:23:48.344,11600,290,7,100,False,0,car,0 days 00:20:35.803000,0 days 01:18:51.315000
2024-07-07 14:23:48.504,11506,290,7,100,False,0,car,0 days 00:20:35.963000,0 days 01:18:51.475000
2024-07-07 14:23:48.824,11596,290,7,100,False,0,car,0 days 00:20:36.283000,0 days 01:18:51.795000
2024-07-07 14:23:49.104,11549,289,7,100,False,0,car,0 days 00:20:36.563000,0 days 01:18:52.075000
2024-07-07 14:23:49.424,11494,288,7,100,False,0,car,0 days 00:20:36.883000,0 days 01:18:52.395000
2024-07-07 14:23:49.624,11487,289,7,100,False,0,car,0 days 00:20:37.083000,0 days 01:18:52.595000
2024-07-07 14:23:49.784,11427,288,7,100,False,0,car,0 days 00:20:37.243000,0 days 01:18:52.755000
2024-07-07 14:23:50.064,11404,286,7,100,False,0,car,0 days 00:20:37.523000,0 days 01:18:53.035000
2024-07-07 14:23:50.224,11407,285,7,100,False,0,car,0 days 00:20:37.683000,0 days 01:18:53.195000
2024-07-07 14:23:50.384,11330,284,7,100,False,0,car,0 days 00:20:37.843000,0 days 01:18:53.355000
2024-07-07 14:23:50.704,11272,284,7,100,False,0,car,0 days 00:20:38.163000,0 days 01:18:53.675000
2024-07-07 14:23:50.864,11226,282,7,100,False,0,car,0 days 00:20:38.323000,0 days 01:18:53.835000
2024-07-07 14:23:51.104,11129,280,7,100,False,0,car,0 days 00:20:38.563000,0 days 01:18:54.075000
2024-07-07 14:23:51.304,11174,280,7,100,False,0,car,0 days 00:20:38.763000,0 days 01:18:54.275000
2024-07-07 14:23:51.464,10855,270,7,0,True,0,car,0 days 00:20:38.923000,0 days 01:18:54.435000
2024-07-07 14:23:51.824,9994,256,7,0,True,0,car,0 days 00:20:39.283000,0 days 01:18:54.795000
2024-07-07 14:23:52.064,10627,236,6,0,True,0,car,0 days 00:20:39.523000,0 days 01:18:55.035000
2024-07-07 14:23:52.264,10291,230,6,0,True,0,car,0 days 00:20:39.723000,0 days 01:18:55.235000
2024-07-07 14:23:52.464,10152,223,6,0,True,0,car,0 days 00:20:39.923000,0 days 01:18:55.435000
2024-07-07 14:23:52.664,9780,216,6,0,False,0,car,0 days 00:20:40.123000,0 days 01:18:55.635000
2024-07-07 14:23:52.864,9654,213,6,6,False,0,car,0 days 00:20:40.323000,0 days 01:18:55.835000
2024-07-07 14:23:53.064,9491,207,6,6,False,0,car,0 days 00:20:40.523000,0 days 01:18:56.035000
2024-07-07 14:23:53.344,9343,204,6,59,False,0,car,0 days 00:20:40.803000,0 days 01:18:56.315000
2024-07-07 14:23:53.664,9224,204,6,78,False,0,car,0 days 00:20:41.123000,0 days 01:18:56.635000
2024-07-07 14:23:53.824,9559,206,6,100,False,0,car,0 days 00:20:41.283000,0 days 01:18:56.795000
2024-07-07 14:23:54.024,9726,209,6,100,False,0,car,0 days 00:20:41.483000,0 days 01:18:56.995000
2024-07-07 14:23:54.225,9938,213,6,100,False,0,car,0 days 00:20:41.684000,0 days 01:18:57.196000
2024-07-07 14:23:54.505,10104,219,6,100,False,0,car,0 days 00:20:41.964000,0 days 01:18:57.476000
2024-07-07 14:23:54.665,10258,224,6,100,False,0,car,0 days 00:20:42.124000,0 days 01:18:57.636000
2024-07-07 14:23:54.904,10439,228,6,100,False,0,car,0 days 00:20:42.363000,0 days 01:18:57.875000
2024-07-07 14:23:55.184,10688,233,6,100,False,0,car,0 days 00:20:42.643000,0 days 01:18:58.155000
2024-07-07 14:23:55.384,10856,237,6,100,False,0,car,0 days 00:20:42.843000,0 days 01:18:58.355000
2024-07-07 14:23:55.704,11008,242,6,100,False,0,car,0 days 00:20:43.163000,0 days 01:18:58.675000
2024-07-07 14:23:56.024,11304,247,6,100,False,0,car,0 days 00:20:43.483000,0 days 01:18:58.995000
2024-07-07 14:23:56.344,11413,250,6,100,False,0,car,0 days 00:20:43.803000,0 days 01:18:59.315000
2024-07-07 14:23:56.504,11467,252,6,100,False,0,car,0 days 00:20:43.963000,0 days 01:18:59.475000
2024-07-07 14:23:56.824,11659,254,6,100,False,0,car,0 days 00:20:44.283000,0 days 01:18:59.795000
2024-07-07 14:23:57.024,11722,256,6,100,False,0,car,0 days 00:20:44.483000,0 days 01:18:59.995000
2024-07-07 14:23:57.304,11062,259,6,100,False,0,car,0 days 00:20:44.763000,0 days 01:19:00.275000
2024-07-07 14:23:57.504,10727,259,6,100,False,0,car,0 days 00:20:44.963000,0 days 01:19:00.475000
2024-07-07 14:23:57.784,10347,258,7,100,False,0,car,0 days 00:20:45.243000,0 days 01:19:00.755000
2024-07-07 14:23:58.144,9697,258,7,0,False,0,car,0 days 00:20:45.603000,0 days 01:19:01.115000
2024-07-07 14:23:58.424,9802,252,7,0,True,0,car,0 days 00:20:45.883000,0 days 01:19:01.395000
2024-07-07 14:23:58.864,9013,215,7,0,True,0,car,0 days 00:20:46.323000,0 days 01:19:01.835000
2024-07-07 14:23:59.104,8628,194,7,0,True,0,car,0 days 00:20:46.563000,0 days 01:19:02.075000
2024-07-07 14:23:59.344,9366,176,6,0,True,0,car,0 days 00:20:46.803000,0 days 01:19:02.315000
2024-07-07 14:23:59.544,9544,159,6,0,True,0,car,0 days 00:20:47.003000,0 days 01:19:02.515000
2024-07-07 14:23:59.864,9355,132,4,0,True,0,car,0 days 00:20:47.323000,0 days 01:19:02.835000
2024-07-07 14:24:00.264,8379,117,3,0,True,0,car,0 days 00:20:47.723000,0 days 01:19:03.235000
2024-07-07 14:24:00.504,8006,112,3,0,True,0,car,0 days 00:20:47.963000,0 days 01:19:03.475000
2024-07-07 14:24:00.825,7646,104,3,0,False,0,car,0 days 00:20:48.284000,0 days 01:19:03.796000
2024-07-07 14:24:01.145,7679,101,3,16,False,0,car,0 days 00:20:48.604000,0 days 01:19:04.116000
2024-07-07 14:24:01.305,7679,101,3,16,False,0,car,0 days 00:20:48.764000,0 days 01:19:04.276000
2024-07-07 14:24:01.505,7945,101,3,34,False,0,car,0 days 00:20:48.964000,0 days 01:19:04.476000
2024-07-07 14:24:01.864,8140,105,3,50,False,0,car,0 days 00:20:49.323000,0 days 01:19:04.835000
2024-07-07 14:24:02.144,8409,111,3,49,False,0,car,0 days 00:20:49.603000,0 days 01:19:05.115000
2024-07-07 14:24:02.424,7569,117,4,30,False,0,car,0 days 00:20:49.883000,0 days 01:19:05.395000
2024-07-07 14:24:02.584,7293,117,4,13,False,0,car,0 days 00:20:50.043000,0 days 01:19:05.555000
2024-07-07 14:24:02.984,7351,114,4,25,False,0,car,0 days 00:20:50.443000,0 days 01:19:05.955000
2024-07-07 14:24:03.344,7552,116,4,42,False,0,car,0 days 00:20:50.803000,0 days 01:19:06.315000
2024-07-07 14:24:03.744,7978,121,4,59,False,0,car,0 days 00:20:51.203000,0 days 01:19:06.715000
2024-07-07 14:24:04.184,8632,134,4,76,False,0,car,0 days 00:20:51.643000,0 days 01:19:07.155000
2024-07-07 14:24:04.464,9396,146,4,86,False,0,car,0 days 00:20:51.923000,0 days 01:19:07.435000
2024-07-07 14:24:04.744,10275,153,4,99,False,0,car,0 days 00:20:52.203000,0 days 01:19:07.715000
2024-07-07 14:24:04.984,10601,166,4,94,False,0,car,0 days 00:20:52.443000,0 days 01:19:07.955000
2024-07-07 14:24:05.344,11337,178,4,100,False,0,car,0 days 00:20:52.803000,0 days 01:19:08.315000
2024-07-07 14:24:05.584,11219,188,4,100,False,0,car,0 days 00:20:53.043000,0 days 01:19:08.555000
2024-07-07 14:24:05.824,10573,195,5,100,False,0,car,0 days 00:20:53.283000,0 days 01:19:08.795000
2024-07-07 14:24:05.984,10741,201,5,100,False,0,car,0 days 00:20:53.443000,0 days 01:19:08.955000
2024-07-07 14:24:06.264,11215,209,5,100,False,0,car,0 days 00:20:53.723000,0 days 01:19:09.235000
2024-07-07 14:24:06.504,11434,213,5,100,False,0,car,0 days 00:20:53.963000,0 days 01:19:09.475000
2024-07-07 14:24:06.864,11878,221,5,100,False,0,car,0 days 00:20:54.323000,0 days 01:19:09.835000
2024-07-07 14:24:07.024,11738,225,5,100,False,0,car,0 days 00:20:54.483000,0 days 01:19:09.995000
2024-07-07 14:24:07.184,10682,229,5,100,False,0,car,0 days 00:20:54.643000,0 days 01:19:10.155000
2024-07-07 14:24:07.385,10660,230,6,100,False,0,car,0 days 00:20:54.844000,0 days 01:19:10.356000
2024-07-07 14:24:07.665,10895,238,6,100,False,0,car,0 days 00:20:55.124000,0 days 01:19:10.636000
2024-07-07 14:24:08.025,11210,243,6,100,False,0,car,0 days 00:20:55.484000,0 days 01:19:10.996000
2024-07-07 14:24:08.185,11288,246,6,100,False,0,car,0 days 00:20:55.644000,0 days 01:19:11.156000
2024-07-07 14:24:08.504,11517,250,6,100,False,0,car,0 days 00:20:55.963000,0 days 01:19:11.475000
2024-07-07 14:24:08.704,11628,255,6,100,False,0,car,0 days 00:20:56.163000,0 days 01:19:11.675000
2024-07-07 14:24:08.944,10857,258,6,100,False,0,car,0 days 00:20:56.403000,0 days 01:19:11.915000
2024-07-07 14:24:09.224,10430,262,7,100,False,0,car,0 days 00:20:56.683000,0 days 01:19:12.195000
2024-07-07 14:24:09.464,10720,267,7,100,False,0,car,0 days 00:20:56.923000,0 days 01:19:12.435000
2024-07-07 14:24:09.624,10722,268,7,100,False,0,car,0 days 00:20:57.083000,0 days 01:19:12.595000
2024-07-07 14:24:09.824,10824,269,7,100,False,0,car,0 days 00:20:57.283000,0 days 01:19:12.795000
2024-07-07 14:24:10.144,10990,273,7,100,False,0,car,0 days 00:20:57.603000,0 days 01:19:13.115000
2024-07-07 14:24:10.384,11071,276,7,100,False,0,car,0 days 00:20:57.843000,0 days 01:19:13.355000
2024-07-07 14:24:10.544,11103,278,7,100,False,0,car,0 days 00:20:58.003000,0 days 01:19:13.515000
2024-07-07 14:24:10.784,11199,281,7,100,False,0,car,0 days 00:20:58.243000,0 days 01:19:13.755000
2024-07-07 14:24:11.064,11311,283,7,100,False,0,car,0 days 00:20:58.523000,0 days 01:19:14.035000
2024-07-07 14:24:11.384,11420,285,7,100,False,0,car,0 days 00:20:58.843000,0 days 01:19:14.355000
2024-07-07 14:24:11.584,11480,287,7,100,False,0,car,0 days 00:20:59.043000,0 days 01:19:14.555000
2024-07-07 14:24:11.744,11487,288,7,100,False,0,car,0 days 00:20:59.203000,0 days 01:19:14.715000
2024-07-07 14:24:11.984,11545,290,7,100,False,0,car,0 days 00:20:59.443000,0 days 01:19:14.955000
2024-07-07 14:24:12.384,11674,291,7,100,False,0,car,0 days 00:20:59.843000,0 days 01:19:15.355000
2024-07-07 14:24:12.544,11717,292,7,100,False,0,car,0 days 00:21:00.003000,0 days 01:19:15.515000
2024-07-07 14:24:12.744,10913,294,7,100,False,0,car,0 days 00:21:00.203000,0 days 01:19:15.715000
2024-07-07 14:24:13.064,10519,295,8,94,False,0,car,0 days 00:21:00.523000,0 days 01:19:16.035000
2024-07-07 14:24:13.464,10383,292,8,73,False,0,car,0 days 00:21:00.923000,0 days 01:19:16.435000
2024-07-07 14:24:13.624,10383,290,8,73,False,0,car,0 days 00:21:01.083000,0 days 01:19:16.595000
2024-07-07 14:24:13.785,10244,290,8,76,False,0,car,0 days 00:21:01.244000,0 days 01:19:16.756000
2024-07-07 14:24:13.985,10191,285,8,76,False,0,car,0 days 00:21:01.444000,0 days 01:19:16.956000
2024-07-07 14:24:14.145,10202,285,8,98,False,0,car,0 days 00:21:01.604000,0 days 01:19:17.116000
2024-07-07 14:24:14.345,10129,283,8,100,False,0,car,0 days 00:21:01.804000,0 days 01:19:17.316000
2024-07-07 14:24:14.545,10128,283,8,100,False,0,car,0 days 00:21:02.004000,0 days 01:19:17.516000
2024-07-07 14:24:14.745,10090,283,8,100,False,0,car,0 days 00:21:02.204000,0 days 01:19:17.716000
2024-07-07 14:24:15.104,10096,284,8,100,False,0,car,0 days 00:21:02.563000,0 days 01:19:18.075000
2024-07-07 14:24:15.304,10126,284,8,100,False,0,car,0 days 00:21:02.763000,0 days 01:19:18.275000
2024-07-07 14:24:15.504,10099,283,8,100,False,0,car,0 days 00:21:02.963000,0 days 01:19:18.475000
2024-07-07 14:24:15.704,10137,285,8,100,False,0,car,0 days 00:21:03.163000,0 days 01:19:18.675000
2024-07-07 14:24:15.904,10142,286,8,100,False,0,car,0 days 00:21:03.363000,0 days 01:19:18.875000
2024-07-07 14:24:16.064,10139,286,8,100,False,0,car,0 days 00:21:03.523000,0 days 01:19:19.035000
2024-07-07 14:24:16.304,10107,285,8,100,False,0,car,0 days 00:21:03.763000,0 days 01:19:19.275000
2024-07-07 14:24:16.544,10070,284,8,100,False,0,car,0 days 00:21:04.003000,0 days 01:19:19.515000
2024-07-07 14:24:16.784,10025,282,8,100,False,0,car,0 days 00:21:04.243000,0 days 01:19:19.755000
2024-07-07 14:24:17.024,10007,280,8,100,False,0,car,0 days 00:21:04.483000,0 days 01:19:19.995000
2024-07-07 14:24:17.184,9968,279,8,100,False,0,car,0 days 00:21:04.643000,0 days 01:19:20.155000
2024-07-07 14:24:17.384,9950,279,8,100,False,0,car,0 days 00:21:04.843000,0 days 01:19:20.355000
2024-07-07 14:24:17.664,9881,279,8,100,False,0,car,0 days 00:21:05.123000,0 days 01:19:20.635000
2024-07-07 14:24:17.864,9881,279,8,100,False,0,car,0 days 00:21:05.323000,0 days 01:19:20.835000
2024-07-07 14:24:18.064,9860,277,8,100,False,0,car,0 days 00:21:05.523000,0 days 01:19:21.035000
2024-07-07 14:24:18.384,9837,275,8,0,False,0,car,0 days 00:21:05.843000,0 days 01:19:21.355000
2024-07-07 14:24:18.784,8587,245,8,0,True,0,car,0 days 00:21:06.243000,0 days 01:19:21.755000
2024-07-07 14:24:18.984,8775,225,8,0,True,0,car,0 days 00:21:06.443000,0 days 01:19:21.955000
2024-07-07 14:24:19.184,8775,204,7,0,True,0,car,0 days 00:21:06.643000,0 days 01:19:22.155000
2024-07-07 14:24:19.544,8463,176,7,0,True,0,car,0 days 00:21:07.003000,0 days 01:19:22.515000
2024-07-07 14:24:19.904,8918,147,5,0,True,0,car,0 days 00:21:07.363000,0 days 01:19:22.875000
2024-07-07 14:24:20.104,8366,139,4,0,True,0,car,0 days 00:21:07.563000,0 days 01:19:23.075000
2024-07-07 14:24:20.345,7963,131,4,0,True,0,car,0 days 00:21:07.804000,0 days 01:19:23.316000
2024-07-07 14:24:20.585,7264,122,4,0,True,0,car,0 days 00:21:08.044000,0 days 01:19:23.556000
2024-07-07 14:24:20.785,7234,117,4,0,True,0,car,0 days 00:21:08.244000,0 days 01:19:23.756000
2024-07-07 14:24:21.065,6915,113,4,0,False,0,car,0 days 00:21:08.524000,0 days 01:19:24.036000
2024-07-07 14:24:21.345,6743,111,4,0,False,0,car,0 days 00:21:08.804000,0 days 01:19:24.316000
2024-07-07 14:24:21.545,6804,108,4,21,False,0,car,0 days 00:21:09.004000,0 days 01:19:24.516000
2024-07-07 14:24:21.864,7099,109,4,44,False,0,car,0 days 00:21:09.323000,0 days 01:19:24.835000
2024-07-07 14:24:22.024,7215,111,4,47,False,0,car,0 days 00:21:09.483000,0 days 01:19:24.995000
2024-07-07 14:24:22.264,7475,116,4,53,False,0,car,0 days 00:21:09.723000,0 days 01:19:25.235000
2024-07-07 14:24:22.504,7764,120,4,60,False,0,car,0 days 00:21:09.963000,0 days 01:19:25.475000
2024-07-07 14:24:22.664,7885,125,4,63,False,0,car,0 days 00:21:10.123000,0 days 01:19:25.635000
2024-07-07 14:24:22.904,8508,131,4,73,False,0,car,0 days 00:21:10.363000,0 days 01:19:25.875000
2024-07-07 14:24:23.304,9319,145,4,82,False,0,car,0 days 00:21:10.763000,0 days 01:19:26.275000
2024-07-07 14:24:23.544,9540,153,4,83,True,0,car,0 days 00:21:11.003000,0 days 01:19:26.515000
2024-07-07 14:24:23.744,9223,147,4,0,True,0,car,0 days 00:21:11.203000,0 days 01:19:26.715000
2024-07-07 14:24:23.904,9451,136,4,0,True,0,car,0 days 00:21:11.363000,0 days 01:19:26.875000
2024-07-07 14:24:24.144,8785,127,3,0,True,0,car,0 days 00:21:11.603000,0 days 01:19:27.115000
2024-07-07 14:24:24.344,8505,119,3,0,True,0,car,0 days 00:21:11.803000,0 days 01:19:27.315000
2024-07-07 14:24:24.664,7782,107,3,0,True,0,car,0 days 00:21:12.123000,0 days 01:19:27.635000
2024-07-07 14:24:24.864,7513,102,3,0,True,0,car,0 days 00:21:12.323000,0 days 01:19:27.835000
2024-07-07 14:24:25.104,7247,99,3,0,True,0,car,0 days 00:21:12.563000,0 days 01:19:28.075000
2024-07-07 14:24:25.544,6781,94,3,0,False,0,car,0 days 00:21:13.003000,0 days 01:19:28.515000
2024-07-07 14:24:25.744,6753,92,3,5,False,0,car,0 days 00:21:13.203000,0 days 01:19:28.715000
2024-07-07 14:24:25.944,6828,90,3,25,False,0,car,0 days 00:21:13.403000,0 days 01:19:28.915000
2024-07-07 14:24:26.384,7268,95,3,40,False,0,car,0 days 00:21:13.843000,0 days 01:19:29.355000
2024-07-07 14:24:26.584,7504,98,3,44,False,0,car,0 days 00:21:14.043000,0 days 01:19:29.555000
2024-07-07 14:24:26.824,7862,102,3,55,False,0,car,0 days 00:21:14.283000,0 days 01:19:29.795000
2024-07-07 14:24:27.065,8463,110,3,62,False,0,car,0 days 00:21:14.524000,0 days 01:19:30.036000
2024-07-07 14:24:27.465,9508,124,3,77,False,0,car,0 days 00:21:14.924000,0 days 01:19:30.436000
2024-07-07 14:24:27.625,9648,128,3,88,False,0,car,0 days 00:21:15.084000,0 days 01:19:30.596000
2024-07-07 14:24:27.785,10522,137,3,91,False,0,car,0 days 00:21:15.244000,0 days 01:19:30.756000
2024-07-07 14:24:27.985,10434,148,3,100,False,0,car,0 days 00:21:15.444000,0 days 01:19:30.956000
2024-07-07 14:24:28.984,11781,189,4,100,False,0,car,0 days 00:21:16.443000,0 days 01:19:31.955000
2024-07-07 14:24:29.144,10941,193,4,100,False,0,car,0 days 00:21:16.603000,0 days 01:19:32.115000
2024-07-07 14:24:29.384,10905,203,5,100,False,0,car,0 days 00:21:16.843000,0 days 01:19:32.355000
2024-07-07 14:24:29.704,11258,211,5,100,False,0,car,0 days 00:21:17.163000,0 days 01:19:32.675000
2024-07-07 14:24:30.144,11836,220,5,100,False,0,car,0 days 00:21:17.603000,0 days 01:19:33.115000
2024-07-07 14:24:30.384,10716,227,5,100,False,0,car,0 days 00:21:17.843000,0 days 01:19:33.355000
2024-07-07 14:24:30.584,10574,229,6,100,False,0,car,0 days 00:21:18.043000,0 days 01:19:33.555000
2024-07-07 14:24:30.944,10913,235,6,100,False,0,car,0 days 00:21:18.403000,0 days 01:19:33.915000
2024-07-07 14:24:31.144,11049,239,6,100,False,0,car,0 days 00:21:18.603000,0 days 01:19:34.115000
2024-07-07 14:24:31.384,11197,244,6,100,False,0,car,0 days 00:21:18.843000,0 days 01:19:34.355000
2024-07-07 14:24:31.784,11486,250,6,100,False,0,car,0 days 00:21:19.243000,0 days 01:19:34.755000
2024-07-07 14:24:31.984,11569,253,6,100,False,0,car,0 days 00:21:19.443000,0 days 01:19:34.955000
2024-07-07 14:24:32.224,11725,256,6,100,False,0,car,0 days 00:21:19.683000,0 days 01:19:35.195000
2024-07-07 14:24:32.424,11298,259,6,100,False,0,car,0 days 00:21:19.883000,0 days 01:19:35.395000
2024-07-07 14:24:32.784,10673,264,7,100,False,0,car,0 days 00:21:20.243000,0 days 01:19:35.755000
2024-07-07 14:24:33.184,10722,269,7,100,False,0,car,0 days 00:21:20.643000,0 days 01:19:36.155000
2024-07-07 14:24:33.505,10914,272,7,100,False,0,car,0 days 00:21:20.964000,0 days 01:19:36.476000
2024-07-07 14:24:33.745,11012,274,7,100,False,0,car,0 days 00:21:21.204000,0 days 01:19:36.716000
2024-07-07 14:24:33.985,11046,276,7,100,False,0,car,0 days 00:21:21.444000,0 days 01:19:36.956000
2024-07-07 14:24:34.185,11133,278,7,100,False,0,car,0 days 00:21:21.644000,0 days 01:19:37.156000
2024-07-07 14:24:34.625,11241,281,7,100,False,0,car,0 days 00:21:22.084000,0 days 01:19:37.596000
2024-07-07 14:24:34.865,11326,284,7,100,False,0,car,0 days 00:21:22.324000,0 days 01:19:37.836000
2024-07-07 14:24:35.025,11366,284,7,100,False,0,car,0 days 00:21:22.484000,0 days 01:19:37.996000
2024-07-07 14:24:35.264,11395,285,7,100,False,0,car,0 days 00:21:22.723000,0 days 01:19:38.235000
2024-07-07 14:24:35.624,11414,286,7,100,False,0,car,0 days 00:21:23.083000,0 days 01:19:38.595000
2024-07-07 14:24:35.984,11448,287,7,100,False,0,car,0 days 00:21:23.443000,0 days 01:19:38.955000
2024-07-07 14:24:36.304,11460,287,7,100,False,0,car,0 days 00:21:23.763000,0 days 01:19:39.275000
2024-07-07 14:24:36.504,11467,287,7,100,False,0,car,0 days 00:21:23.963000,0 days 01:19:39.475000
2024-07-07 14:24:36.784,11465,287,7,100,False,0,car,0 days 00:21:24.243000,0 days 01:19:39.755000
2024-07-07 14:24:37.104,11505,288,7,100,False,0,car,0 days 00:21:24.563000,0 days 01:19:40.075000
2024-07-07 14:24:37.424,11460,288,7,100,False,0,car,0 days 00:21:24.883000,0 days 01:19:40.395000
2024-07-07 14:24:37.624,11458,286,7,100,False,0,car,0 days 00:21:25.083000,0 days 01:19:40.595000
2024-07-07 14:24:37.944,11351,286,7,100,False,0,car,0 days 00:21:25.403000,0 days 01:19:40.915000
2024-07-07 14:24:38.104,11322,284,7,100,False,0,car,0 days 00:21:25.563000,0 days 01:19:41.075000
2024-07-07 14:24:38.344,11275,284,7,100,False,0,car,0 days 00:21:25.803000,0 days 01:19:41.315000
2024-07-07 14:24:38.784,10862,262,7,0,True,0,car,0 days 00:21:26.243000,0 days 01:19:41.755000
2024-07-07 14:24:39.224,10296,228,7,0,True,0,car,0 days 00:21:26.683000,0 days 01:19:42.195000
2024-07-07 14:24:39.544,10099,209,6,0,True,0,car,0 days 00:21:27.003000,0 days 01:19:42.515000
2024-07-07 14:24:39.744,10201,197,6,0,True,0,car,0 days 00:21:27.203000,0 days 01:19:42.715000
2024-07-07 14:24:39.984,9594,184,5,0,True,0,car,0 days 00:21:27.443000,0 days 01:19:42.955000
2024-07-07 14:24:40.425,8962,172,5,0,True,0,car,0 days 00:21:27.884000,0 days 01:19:43.396000
2024-07-07 14:24:40.665,8642,166,5,0,False,0,car,0 days 00:21:28.124000,0 days 01:19:43.636000
2024-07-07 14:24:40.945,8707,163,5,17,False,0,car,0 days 00:21:28.404000,0 days 01:19:43.916000
2024-07-07 14:24:41.265,8529,159,5,42,False,0,car,0 days 00:21:28.724000,0 days 01:19:44.236000
2024-07-07 14:24:41.625,8476,159,5,44,False,0,car,0 days 00:21:29.084000,0 days 01:19:44.596000
2024-07-07 14:24:41.785,8534,159,5,39,False,0,car,0 days 00:21:29.244000,0 days 01:19:44.756000
2024-07-07 14:24:41.945,8582,160,5,50,False,0,car,0 days 00:21:29.404000,0 days 01:19:44.916000
2024-07-07 14:24:42.264,8701,161,5,63,False,0,car,0 days 00:21:29.723000,0 days 01:19:45.235000
2024-07-07 14:24:42.504,8837,164,5,71,False,0,car,0 days 00:21:29.963000,0 days 01:19:45.475000
2024-07-07 14:24:42.784,9111,171,5,72,False,0,car,0 days 00:21:30.243000,0 days 01:19:45.755000
2024-07-07 14:24:42.984,9350,172,5,0,False,0,car,0 days 00:21:30.443000,0 days 01:19:45.955000
2024-07-07 14:24:43.264,8646,158,5,0,True,0,car,0 days 00:21:30.723000,0 days 01:19:46.235000
2024-07-07 14:24:43.424,9142,153,5,0,True,0,car,0 days 00:21:30.883000,0 days 01:19:46.395000
2024-07-07 14:24:43.744,8601,140,4,0,True,0,car,0 days 00:21:31.203000,0 days 01:19:46.715000
2024-07-07 14:24:43.904,8601,137,4,0,True,0,car,0 days 00:21:31.363000,0 days 01:19:46.875000
2024-07-07 14:24:44.344,7706,124,4,0,True,0,car,0 days 00:21:31.803000,0 days 01:19:47.315000
2024-07-07 14:24:44.584,7479,119,4,0,True,0,car,0 days 00:21:32.043000,0 days 01:19:47.555000
2024-07-07 14:24:44.824,7272,116,4,0,False,0,car,0 days 00:21:32.283000,0 days 01:19:47.795000
2024-07-07 14:24:45.024,7064,115,4,0,False,0,car,0 days 00:21:32.483000,0 days 01:19:47.995000
2024-07-07 14:24:45.424,7098,113,4,26,False,0,car,0 days 00:21:32.883000,0 days 01:19:48.395000
2024-07-07 14:24:45.624,7044,110,4,31,False,0,car,0 days 00:21:33.083000,0 days 01:19:48.595000
2024-07-07 14:24:46.064,7514,116,4,47,False,0,car,0 days 00:21:33.523000,0 days 01:19:49.035000
2024-07-07 14:24:46.424,7811,121,4,57,False,0,car,0 days 00:21:33.883000,0 days 01:19:49.395000
2024-07-07 14:24:46.865,8471,132,4,69,False,0,car,0 days 00:21:34.324000,0 days 01:19:49.836000
2024-07-07 14:24:47.105,8972,139,4,79,False,0,car,0 days 00:21:34.564000,0 days 01:19:50.076000
2024-07-07 14:24:47.465,9720,153,4,94,False,0,car,0 days 00:21:34.924000,0 days 01:19:50.436000
2024-07-07 14:24:47.745,10355,163,4,100,False,0,car,0 days 00:21:35.204000,0 days 01:19:50.716000
2024-07-07 14:24:48.145,11561,178,4,100,False,0,car,0 days 00:21:35.604000,0 days 01:19:51.116000
2024-07-07 14:24:48.305,11766,185,4,100,False,0,car,0 days 00:21:35.764000,0 days 01:19:51.276000
2024-07-07 14:24:48.744,10761,198,5,100,False,0,car,0 days 00:21:36.203000,0 days 01:19:51.715000
2024-07-07 14:24:48.904,11108,204,5,100,False,0,car,0 days 00:21:36.363000,0 days 01:19:51.875000
2024-07-07 14:24:49.064,11223,210,5,100,False,0,car,0 days 00:21:36.523000,0 days 01:19:52.035000
2024-07-07 14:24:49.384,11622,218,5,100,False,0,car,0 days 00:21:36.843000,0 days 01:19:52.355000
2024-07-07 14:24:49.584,11829,223,5,100,False,0,car,0 days 00:21:37.043000,0 days 01:19:52.555000
2024-07-07 14:24:49.784,10908,225,5,100,False,0,car,0 days 00:21:37.243000,0 days 01:19:52.755000
2024-07-07 14:24:49.944,10783,230,6,100,False,0,car,0 days 00:21:37.403000,0 days 01:19:52.915000
2024-07-07 14:24:50.104,10565,235,6,100,False,0,car,0 days 00:21:37.563000,0 days 01:19:53.075000
2024-07-07 14:24:50.344,10970,238,6,100,False,0,car,0 days 00:21:37.803000,0 days 01:19:53.315000
2024-07-07 14:24:50.504,11088,243,6,100,False,0,car,0 days 00:21:37.963000,0 days 01:19:53.475000
2024-07-07 14:24:50.784,11314,245,6,100,False,0,car,0 days 00:21:38.243000,0 days 01:19:53.755000
2024-07-07 14:24:51.224,11615,252,6,100,False,0,car,0 days 00:21:38.683000,0 days 01:19:54.195000
2024-07-07 14:24:51.384,11230,256,6,100,False,0,car,0 days 00:21:38.843000,0 days 01:19:54.355000
2024-07-07 14:24:51.664,10461,260,7,100,False,0,car,0 days 00:21:39.123000,0 days 01:19:54.635000
2024-07-07 14:24:51.864,10479,263,7,100,False,0,car,0 days 00:21:39.323000,0 days 01:19:54.835000
2024-07-07 14:24:52.304,10766,267,7,100,False,0,car,0 days 00:21:39.763000,0 days 01:19:55.275000
2024-07-07 14:24:52.464,10815,269,7,100,False,0,car,0 days 00:21:39.923000,0 days 01:19:55.435000
2024-07-07 14:24:52.664,10868,271,7,100,False,0,car,0 days 00:21:40.123000,0 days 01:19:55.635000
2024-07-07 14:24:52.944,10994,273,7,100,False,0,car,0 days 00:21:40.403000,0 days 01:19:55.915000
2024-07-07 14:24:53.144,11076,276,7,100,False,0,car,0 days 00:21:40.603000,0 days 01:19:56.115000
2024-07-07 14:24:53.425,11122,278,7,100,False,0,car,0 days 00:21:40.884000,0 days 01:19:56.396000
2024-07-07 14:24:53.585,11224,280,7,100,False,0,car,0 days 00:21:41.044000,0 days 01:19:56.556000
2024-07-07 14:24:53.785,11253,282,7,100,False,0,car,0 days 00:21:41.244000,0 days 01:19:56.756000
2024-07-07 14:24:54.145,11361,284,7,100,False,0,car,0 days 00:21:41.604000,0 days 01:19:57.116000
2024-07-07 14:24:54.385,11403,285,7,100,False,0,car,0 days 00:21:41.844000,0 days 01:19:57.356000
2024-07-07 14:24:54.745,11484,287,7,100,False,0,car,0 days 00:21:42.204000,0 days 01:19:57.716000
2024-07-07 14:24:55.105,11494,288,7,100,False,0,car,0 days 00:21:42.564000,0 days 01:19:58.076000
2024-07-07 14:24:55.504,11495,288,7,100,False,0,car,0 days 00:21:42.963000,0 days 01:19:58.475000
2024-07-07 14:24:55.664,11517,289,7,100,False,0,car,0 days 00:21:43.123000,0 days 01:19:58.635000
2024-07-07 14:24:55.824,11507,288,7,100,False,0,car,0 days 00:21:43.283000,0 days 01:19:58.795000
2024-07-07 14:24:56.184,11531,289,7,100,False,0,car,0 days 00:21:43.643000,0 days 01:19:59.155000
2024-07-07 14:24:56.344,11535,289,7,100,False,0,car,0 days 00:21:43.803000,0 days 01:19:59.315000
2024-07-07 14:24:56.744,11544,290,7,100,False,0,car,0 days 00:21:44.203000,0 days 01:19:59.715000
2024-07-07 14:24:56.904,11574,289,7,100,False,0,car,0 days 00:21:44.363000,0 days 01:19:59.875000
2024-07-07 14:24:57.064,11489,289,7,100,False,0,car,0 days 00:21:44.523000,0 days 01:20:00.035000
2024-07-07 14:24:57.424,11478,288,7,93,False,0,car,0 days 00:21:44.883000,0 days 01:20:00.395000
2024-07-07 14:24:57.664,11235,286,7,48,False,0,car,0 days 00:21:45.123000,0 days 01:20:00.635000
2024-07-07 14:24:58.024,11011,280,7,12,False,0,car,0 days 00:21:45.483000,0 days 01:20:00.995000
2024-07-07 14:24:58.224,11052,274,7,27,False,0,car,0 days 00:21:45.683000,0 days 01:20:01.195000
2024-07-07 14:24:58.544,10650,271,7,39,False,0,car,0 days 00:21:46.003000,0 days 01:20:01.515000
2024-07-07 14:24:58.784,10358,257,7,60,False,0,car,0 days 00:21:46.243000,0 days 01:20:01.755000
2024-07-07 14:24:59.024,10358,255,7,98,False,0,car,0 days 00:21:46.483000,0 days 01:20:01.995000
2024-07-07 14:24:59.264,10332,257,7,100,False,0,car,0 days 00:21:46.723000,0 days 01:20:02.235000
2024-07-07 14:24:59.424,10417,258,7,100,False,0,car,0 days 00:21:46.883000,0 days 01:20:02.395000
2024-07-07 14:24:59.664,10448,260,7,100,False,0,car,0 days 00:21:47.123000,0 days 01:20:02.635000
2024-07-07 14:24:59.985,10550,262,7,100,False,0,car,0 days 00:21:47.444000,0 days 01:20:02.956000
2024-07-07 14:25:00.225,10578,264,7,100,False,0,car,0 days 00:21:47.684000,0 days 01:20:03.196000
2024-07-07 14:25:00.505,10675,267,7,100,False,0,car,0 days 00:21:47.964000,0 days 01:20:03.476000
2024-07-07 14:25:00.705,10714,268,7,100,False,0,car,0 days 00:21:48.164000,0 days 01:20:03.676000
2024-07-07 14:25:00.905,10782,268,7,100,False,0,car,0 days 00:21:48.364000,0 days 01:20:03.876000
2024-07-07 14:25:01.145,10898,272,7,100,False,0,car,0 days 00:21:48.604000,0 days 01:20:04.116000
2024-07-07 14:25:01.585,11079,276,7,100,False,0,car,0 days 00:21:49.044000,0 days 01:20:04.556000
2024-07-07 14:25:01.945,11129,278,7,100,False,0,car,0 days 00:21:49.404000,0 days 01:20:04.916000
2024-07-07 14:25:02.184,11212,280,7,100,False,0,car,0 days 00:21:49.643000,0 days 01:20:05.155000
2024-07-07 14:25:02.424,11267,281,7,100,False,0,car,0 days 00:21:49.883000,0 days 01:20:05.395000
2024-07-07 14:25:02.784,11323,283,7,100,False,0,car,0 days 00:21:50.243000,0 days 01:20:05.755000
2024-07-07 14:25:02.944,11381,283,7,100,False,0,car,0 days 00:21:50.403000,0 days 01:20:05.915000
2024-07-07 14:25:03.224,11409,286,7,100,False,0,car,0 days 00:21:50.683000,0 days 01:20:06.195000
2024-07-07 14:25:03.544,11503,289,7,100,False,0,car,0 days 00:21:51.003000,0 days 01:20:06.515000
2024-07-07 14:25:03.824,11554,289,7,100,False,0,car,0 days 00:21:51.283000,0 days 01:20:06.795000
2024-07-07 14:25:04.224,11652,291,7,100,False,0,car,0 days 00:21:51.683000,0 days 01:20:07.195000
2024-07-07 14:25:04.384,11667,292,7,100,False,0,car,0 days 00:21:51.843000,0 days 01:20:07.355000
2024-07-07 14:25:04.824,11684,293,7,100,False,0,car,0 days 00:21:52.283000,0 days 01:20:07.795000
2024-07-07 14:25:05.264,11652,292,7,100,False,0,car,0 days 00:21:52.723000,0 days 01:20:08.235000
2024-07-07 14:25:05.464,11644,292,7,100,False,0,car,0 days 00:21:52.923000,0 days 01:20:08.435000
2024-07-07 14:25:05.904,11605,290,7,100,False,0,car,0 days 00:21:53.363000,0 days 01:20:08.875000
2024-07-07 14:25:06.064,11593,289,7,100,False,0,car,0 days 00:21:53.523000,0 days 01:20:09.035000
2024-07-07 14:25:06.304,11524,289,7,86,False,0,car,0 days 00:21:53.763000,0 days 01:20:09.275000
2024-07-07 14:25:06.465,11427,289,7,64,False,0,car,0 days 00:21:53.924000,0 days 01:20:09.436000
2024-07-07 14:25:06.705,11333,287,7,60,False,0,car,0 days 00:21:54.164000,0 days 01:20:09.676000
2024-07-07 14:25:06.865,11243,282,7,58,False,0,car,0 days 00:21:54.324000,0 days 01:20:09.836000
2024-07-07 14:25:07.025,11196,278,7,65,False,0,car,0 days 00:21:54.484000,0 days 01:20:09.996000
2024-07-07 14:25:07.225,11086,277,7,65,False,0,car,0 days 00:21:54.684000,0 days 01:20:10.196000
2024-07-07 14:25:07.505,11017,273,7,100,False,0,car,0 days 00:21:54.964000,0 days 01:20:10.476000
2024-07-07 14:25:07.785,10933,273,7,100,False,0,car,0 days 00:21:55.244000,0 days 01:20:10.756000
2024-07-07 14:25:07.945,10903,273,7,100,False,0,car,0 days 00:21:55.404000,0 days 01:20:10.916000
2024-07-07 14:25:08.185,10909,272,7,100,False,0,car,0 days 00:21:55.644000,0 days 01:20:11.156000
2024-07-07 14:25:08.545,10705,274,7,0,True,0,car,0 days 00:21:56.004000,0 days 01:20:11.516000
2024-07-07 14:25:08.785,10362,269,7,0,True,0,car,0 days 00:21:56.244000,0 days 01:20:11.756000
2024-07-07 14:25:08.984,10430,256,7,0,True,0,car,0 days 00:21:56.443000,0 days 01:20:11.955000
2024-07-07 14:25:09.144,11270,256,7,0,False,0,car,0 days 00:21:56.603000,0 days 01:20:12.115000
2024-07-07 14:25:09.384,11257,244,6,13,False,0,car,0 days 00:21:56.843000,0 days 01:20:12.355000
2024-07-07 14:25:09.704,11017,239,6,58,False,0,car,0 days 00:21:57.163000,0 days 01:20:12.675000
2024-07-07 14:25:10.064,10543,235,6,35,False,0,car,0 days 00:21:57.523000,0 days 01:20:13.035000
2024-07-07 14:25:10.304,10422,229,6,0,True,0,car,0 days 00:21:57.763000,0 days 01:20:13.275000
2024-07-07 14:25:10.544,9847,216,6,0,True,0,car,0 days 00:21:58.003000,0 days 01:20:13.515000
2024-07-07 14:25:10.744,10873,210,6,0,False,0,car,0 days 00:21:58.203000,0 days 01:20:13.715000
2024-07-07 14:25:11.024,10538,202,5,12,False,0,car,0 days 00:21:58.483000,0 days 01:20:13.995000
2024-07-07 14:25:11.224,10628,198,5,45,False,0,car,0 days 00:21:58.683000,0 days 01:20:14.195000
2024-07-07 14:25:11.384,10271,195,5,47,False,0,car,0 days 00:21:58.843000,0 days 01:20:14.355000
2024-07-07 14:25:11.624,10590,196,5,64,False,0,car,0 days 00:21:59.083000,0 days 01:20:14.595000
2024-07-07 14:25:12.104,10927,202,5,100,False,0,car,0 days 00:21:59.563000,0 days 01:20:15.075000
2024-07-07 14:25:12.344,11277,207,5,100,False,0,car,0 days 00:21:59.803000,0 days 01:20:15.315000
2024-07-07 14:25:12.624,11444,212,5,100,False,0,car,0 days 00:22:00.083000,0 days 01:20:15.595000
2024-07-07 14:25:13.145,11786,222,5,100,False,0,car,0 days 00:22:00.604000,0 days 01:20:16.116000
2024-07-07 14:25:13.305,10666,229,5,100,False,0,car,0 days 00:22:00.764000,0 days 01:20:16.276000
2024-07-07 14:25:13.745,11011,237,6,100,False,0,car,0 days 00:22:01.204000,0 days 01:20:16.716000
2024-07-07 14:25:13.905,11057,242,6,100,False,0,car,0 days 00:22:01.364000,0 days 01:20:16.876000
2024-07-07 14:25:14.105,11192,244,6,100,False,0,car,0 days 00:22:01.564000,0 days 01:20:17.076000
2024-07-07 14:25:14.505,11439,250,6,100,False,0,car,0 days 00:22:01.964000,0 days 01:20:17.476000
2024-07-07 14:25:14.985,11688,256,6,100,False,0,car,0 days 00:22:02.444000,0 days 01:20:17.956000
2024-07-07 14:25:15.145,11703,257,6,100,False,0,car,0 days 00:22:02.604000,0 days 01:20:18.116000
2024-07-07 14:25:15.345,10863,259,6,100,False,0,car,0 days 00:22:02.804000,0 days 01:20:18.316000
2024-07-07 14:25:15.625,10694,261,7,100,False,0,car,0 days 00:22:03.084000,0 days 01:20:18.596000
2024-07-07 14:25:16.024,10661,267,7,100,False,0,car,0 days 00:22:03.483000,0 days 01:20:18.995000
2024-07-07 14:25:16.224,10781,269,7,100,False,0,car,0 days 00:22:03.683000,0 days 01:20:19.195000
2024-07-07 14:25:16.384,10849,271,7,100,False,0,car,0 days 00:22:03.843000,0 days 01:20:19.355000
2024-07-07 14:25:16.784,10986,274,7,100,False,0,car,0 days 00:22:04.243000,0 days 01:20:19.755000
2024-07-07 14:25:17.184,11115,278,7,100,False,0,car,0 days 00:22:04.643000,0 days 01:20:20.155000
2024-07-07 14:25:17.504,11212,280,7,100,False,0,car,0 days 00:22:04.963000,0 days 01:20:20.475000
2024-07-07 14:25:17.704,11258,281,7,100,False,0,car,0 days 00:22:05.163000,0 days 01:20:20.675000
2024-07-07 14:25:17.904,11331,283,7,100,False,0,car,0 days 00:22:05.363000,0 days 01:20:20.875000
2024-07-07 14:25:18.184,11375,284,7,100,False,0,car,0 days 00:22:05.643000,0 days 01:20:21.155000
2024-07-07 14:25:18.424,11420,286,7,100,False,0,car,0 days 00:22:05.883000,0 days 01:20:21.395000
2024-07-07 14:25:18.784,11490,288,7,100,False,0,car,0 days 00:22:06.243000,0 days 01:20:21.755000
2024-07-07 14:25:19.064,11546,289,7,100,False,0,car,0 days 00:22:06.523000,0 days 01:20:22.035000
2024-07-07 14:25:19.264,11587,289,7,100,False,0,car,0 days 00:22:06.723000,0 days 01:20:22.235000
2024-07-07 14:25:19.665,11597,290,7,100,False,0,car,0 days 00:22:07.124000,0 days 01:20:22.636000
2024-07-07 14:25:19.825,11614,290,7,100,False,0,car,0 days 00:22:07.284000,0 days 01:20:22.796000
2024-07-07 14:25:20.185,11555,290,7,100,False,0,car,0 days 00:22:07.644000,0 days 01:20:23.156000
2024-07-07 14:25:20.465,11586,291,7,100,False,0,car,0 days 00:22:07.924000,0 days 01:20:23.436000
2024-07-07 14:25:20.745,11570,290,7,100,False,0,car,0 days 00:22:08.204000,0 days 01:20:23.716000
2024-07-07 14:25:21.025,11570,291,7,100,False,0,car,0 days 00:22:08.484000,0 days 01:20:23.996000
2024-07-07 14:25:21.305,11622,291,7,100,False,0,car,0 days 00:22:08.764000,0 days 01:20:24.276000
2024-07-07 14:25:21.545,11563,291,7,100,False,0,car,0 days 00:22:09.004000,0 days 01:20:24.516000
2024-07-07 14:25:21.905,11561,290,7,100,False,0,car,0 days 00:22:09.364000,0 days 01:20:24.876000
2024-07-07 14:25:22.384,11502,290,7,100,False,0,car,0 days 00:22:09.843000,0 days 01:20:25.355000
2024-07-07 14:25:22.544,11403,287,7,100,False,0,car,0 days 00:22:10.003000,0 days 01:20:25.515000
2024-07-07 14:25:22.864,11334,285,7,100,False,0,car,0 days 00:22:10.323000,0 days 01:20:25.835000
2024-07-07 14:25:23.224,11277,284,7,100,False,0,car,0 days 00:22:10.683000,0 days 01:20:26.195000
2024-07-07 14:25:23.624,11217,280,7,100,False,0,car,0 days 00:22:11.083000,0 days 01:20:26.595000
2024-07-07 14:25:24.064,10360,260,7,0,True,0,car,0 days 00:22:11.523000,0 days 01:20:27.035000
2024-07-07 14:25:24.224,9967,254,7,0,True,0,car,0 days 00:22:11.683000,0 days 01:20:27.195000
2024-07-07 14:25:24.624,10465,234,6,0,True,0,car,0 days 00:22:12.083000,0 days 01:20:27.595000
2024-07-07 14:25:24.824,10208,226,6,0,False,0,car,0 days 00:22:12.283000,0 days 01:20:27.795000
2024-07-07 14:25:25.064,9963,218,6,0,False,0,car,0 days 00:22:12.523000,0 days 01:20:28.035000
2024-07-07 14:25:25.304,9691,213,6,0,False,0,car,0 days 00:22:12.763000,0 days 01:20:28.275000
2024-07-07 14:25:25.464,9604,208,6,3,False,0,car,0 days 00:22:12.923000,0 days 01:20:28.435000
2024-07-07 14:25:25.904,9362,204,6,70,False,0,car,0 days 00:22:13.363000,0 days 01:20:28.875000
2024-07-07 14:25:26.305,9755,210,6,100,False,0,car,0 days 00:22:13.764000,0 days 01:20:29.276000
2024-07-07 14:25:26.465,9753,213,6,100,False,0,car,0 days 00:22:13.924000,0 days 01:20:29.436000
2024-07-07 14:25:26.785,9938,219,6,100,False,0,car,0 days 00:22:14.244000,0 days 01:20:29.756000
2024-07-07 14:25:27.025,10254,223,6,100,False,0,car,0 days 00:22:14.484000,0 days 01:20:29.996000
2024-07-07 14:25:27.185,10444,227,6,100,False,0,car,0 days 00:22:14.644000,0 days 01:20:30.156000
2024-07-07 14:25:27.505,10693,232,6,100,False,0,car,0 days 00:22:14.964000,0 days 01:20:30.476000
2024-07-07 14:25:27.745,10842,237,6,100,False,0,car,0 days 00:22:15.204000,0 days 01:20:30.716000
2024-07-07 14:25:27.905,11010,240,6,100,False,0,car,0 days 00:22:15.364000,0 days 01:20:30.876000
2024-07-07 14:25:28.185,11233,246,6,100,False,0,car,0 days 00:22:15.644000,0 days 01:20:31.156000
2024-07-07 14:25:28.345,11311,245,6,100,False,0,car,0 days 00:22:15.804000,0 days 01:20:31.316000
2024-07-07 14:25:28.585,11389,247,6,100,False,0,car,0 days 00:22:16.044000,0 days 01:20:31.556000
2024-07-07 14:25:28.785,11483,252,6,100,False,0,car,0 days 00:22:16.244000,0 days 01:20:31.756000
2024-07-07 14:25:28.945,11581,252,6,100,False,0,car,0 days 00:22:16.404000,0 days 01:20:31.916000
2024-07-07 14:25:29.184,11644,256,6,100,False,0,car,0 days 00:22:16.643000,0 days 01:20:32.155000
2024-07-07 14:25:29.344,11568,257,6,100,False,0,car,0 days 00:22:16.803000,0 days 01:20:32.315000
2024-07-07 14:25:29.704,10310,259,7,100,False,0,car,0 days 00:22:17.163000,0 days 01:20:32.675000
2024-07-07 14:25:29.864,10419,260,7,100,False,0,car,0 days 00:22:17.323000,0 days 01:20:32.835000
2024-07-07 14:25:30.104,10362,260,7,100,False,0,car,0 days 00:22:17.563000,0 days 01:20:33.075000
2024-07-07 14:25:30.344,10347,260,7,100,False,0,car,0 days 00:22:17.803000,0 days 01:20:33.315000
2024-07-07 14:25:30.704,10012,259,7,21,False,0,car,0 days 00:22:18.163000,0 days 01:20:33.675000
2024-07-07 14:25:30.864,10285,257,7,0,False,0,car,0 days 00:22:18.323000,0 days 01:20:33.835000
2024-07-07 14:25:31.304,8719,222,7,0,True,0,car,0 days 00:22:18.763000,0 days 01:20:34.275000
2024-07-07 14:25:31.464,9139,201,7,0,True,0,car,0 days 00:22:18.923000,0 days 01:20:34.435000
2024-07-07 14:25:31.624,9288,191,6,0,True,0,car,0 days 00:22:19.083000,0 days 01:20:34.595000
2024-07-07 14:25:31.984,9761,154,6,0,True,0,car,0 days 00:22:19.443000,0 days 01:20:34.955000
2024-07-07 14:25:32.144,8921,146,5,0,True,0,car,0 days 00:22:19.603000,0 days 01:20:35.115000
2024-07-07 14:25:32.584,8684,122,3,0,True,0,car,0 days 00:22:20.043000,0 days 01:20:35.555000
2024-07-07 14:25:32.905,8109,112,3,0,True,0,car,0 days 00:22:20.364000,0 days 01:20:35.876000
2024-07-07 14:25:33.065,7911,108,3,0,True,0,car,0 days 00:22:20.524000,0 days 01:20:36.036000
2024-07-07 14:25:33.345,7731,106,3,0,False,0,car,0 days 00:22:20.804000,0 days 01:20:36.316000
2024-07-07 14:25:33.545,7716,104,3,8,False,0,car,0 days 00:22:21.004000,0 days 01:20:36.516000
2024-07-07 14:25:33.705,7398,104,3,14,False,0,car,0 days 00:22:21.164000,0 days 01:20:36.676000
2024-07-07 14:25:33.945,7586,101,3,26,False,0,car,0 days 00:22:21.404000,0 days 01:20:36.916000
2024-07-07 14:25:34.185,7677,104,3,44,False,0,car,0 days 00:22:21.644000,0 days 01:20:37.156000
2024-07-07 14:25:34.505,8270,110,3,46,False,0,car,0 days 00:22:21.964000,0 days 01:20:37.476000
2024-07-07 14:25:34.745,7032,114,3,32,False,0,car,0 days 00:22:22.204000,0 days 01:20:37.716000
2024-07-07 14:25:34.945,7362,115,4,34,False,0,car,0 days 00:22:22.404000,0 days 01:20:37.916000
2024-07-07 14:25:35.185,7307,116,4,16,False,0,car,0 days 00:22:22.644000,0 days 01:20:38.156000
2024-07-07 14:25:35.465,7022,114,4,8,False,0,car,0 days 00:22:22.924000,0 days 01:20:38.436000
2024-07-07 14:25:35.944,7529,114,4,54,False,0,car,0 days 00:22:23.403000,0 days 01:20:38.915000
2024-07-07 14:25:36.344,7978,122,4,62,False,0,car,0 days 00:22:23.803000,0 days 01:20:39.315000
2024-07-07 14:25:36.584,8466,131,4,69,False,0,car,0 days 00:22:24.043000,0 days 01:20:39.555000
2024-07-07 14:25:36.784,8928,138,4,77,False,0,car,0 days 00:22:24.243000,0 days 01:20:39.755000
2024-07-07 14:25:37.104,9714,150,4,99,False,0,car,0 days 00:22:24.563000,0 days 01:20:40.075000
2024-07-07 14:25:37.304,10257,150,4,100,False,0,car,0 days 00:22:24.763000,0 days 01:20:40.275000
2024-07-07 14:25:37.624,10998,169,4,100,False,0,car,0 days 00:22:25.083000,0 days 01:20:40.595000
2024-07-07 14:25:37.944,11722,181,4,100,False,0,car,0 days 00:22:25.403000,0 days 01:20:40.915000
2024-07-07 14:25:38.104,11162,188,4,100,False,0,car,0 days 00:22:25.563000,0 days 01:20:41.075000
2024-07-07 14:25:38.344,10473,191,5,100,False,0,car,0 days 00:22:25.803000,0 days 01:20:41.315000
2024-07-07 14:25:38.624,10894,203,5,100,False,0,car,0 days 00:22:26.083000,0 days 01:20:41.595000
2024-07-07 14:25:38.824,11165,208,5,100,False,0,car,0 days 00:22:26.283000,0 days 01:20:41.795000
2024-07-07 14:25:39.024,11407,214,5,100,False,0,car,0 days 00:22:26.483000,0 days 01:20:41.995000
2024-07-07 14:25:39.224,11659,218,5,100,False,0,car,0 days 00:22:26.683000,0 days 01:20:42.195000
2024-07-07 14:25:39.425,11070,223,5,100,False,0,car,0 days 00:22:26.884000,0 days 01:20:42.396000
2024-07-07 14:25:39.585,10487,226,5,100,False,0,car,0 days 00:22:27.044000,0 days 01:20:42.556000
2024-07-07 14:25:39.745,10581,229,6,100,False,0,car,0 days 00:22:27.204000,0 days 01:20:42.716000
2024-07-07 14:25:40.065,10812,235,6,100,False,0,car,0 days 00:22:27.524000,0 days 01:20:43.036000
2024-07-07 14:25:40.305,10982,239,6,100,False,0,car,0 days 00:22:27.764000,0 days 01:20:43.276000
2024-07-07 14:25:40.545,11196,242,6,100,False,0,car,0 days 00:22:28.004000,0 days 01:20:43.516000
2024-07-07 14:25:40.745,11385,247,6,100,False,0,car,0 days 00:22:28.204000,0 days 01:20:43.716000
2024-07-07 14:25:40.905,11385,249,6,100,False,0,car,0 days 00:22:28.364000,0 days 01:20:43.876000
2024-07-07 14:25:41.145,11631,254,6,100,False,0,car,0 days 00:22:28.604000,0 days 01:20:44.116000
2024-07-07 14:25:41.505,11247,260,6,100,False,0,car,0 days 00:22:28.964000,0 days 01:20:44.476000
2024-07-07 14:25:41.665,10657,261,6,100,False,0,car,0 days 00:22:29.124000,0 days 01:20:44.636000
2024-07-07 14:25:41.985,10535,267,7,100,False,0,car,0 days 00:22:29.444000,0 days 01:20:44.956000
2024-07-07 14:25:42.225,10735,269,7,100,False,0,car,0 days 00:22:29.684000,0 days 01:20:45.196000
2024-07-07 14:25:42.624,10928,273,7,100,False,0,car,0 days 00:22:30.083000,0 days 01:20:45.595000
2024-07-07 14:25:42.904,11055,276,7,100,False,0,car,0 days 00:22:30.363000,0 days 01:20:45.875000
2024-07-07 14:25:43.264,11181,279,7,100,False,0,car,0 days 00:22:30.723000,0 days 01:20:46.235000
2024-07-07 14:25:43.504,11267,282,7,100,False,0,car,0 days 00:22:30.963000,0 days 01:20:46.475000
2024-07-07 14:25:43.824,11342,283,7,100,False,0,car,0 days 00:22:31.283000,0 days 01:20:46.795000
2024-07-07 14:25:44.184,11421,286,7,100,False,0,car,0 days 00:22:31.643000,0 days 01:20:47.155000
2024-07-07 14:25:44.424,11535,288,7,100,False,0,car,0 days 00:22:31.883000,0 days 01:20:47.395000
2024-07-07 14:25:44.784,11622,290,7,100,False,0,car,0 days 00:22:32.243000,0 days 01:20:47.755000
2024-07-07 14:25:44.984,11660,291,7,100,False,0,car,0 days 00:22:32.443000,0 days 01:20:47.955000
2024-07-07 14:25:45.184,11694,293,7,100,False,0,car,0 days 00:22:32.643000,0 days 01:20:48.155000
2024-07-07 14:25:45.504,10894,294,7,96,False,0,car,0 days 00:22:32.963000,0 days 01:20:48.475000
2024-07-07 14:25:45.905,10414,292,8,74,False,0,car,0 days 00:22:33.364000,0 days 01:20:48.876000
2024-07-07 14:25:46.345,10185,286,8,71,False,0,car,0 days 00:22:33.804000,0 days 01:20:49.316000
2024-07-07 14:25:46.665,10085,281,8,90,False,0,car,0 days 00:22:34.124000,0 days 01:20:49.636000
2024-07-07 14:25:46.865,10073,281,8,100,False,0,car,0 days 00:22:34.324000,0 days 01:20:49.836000
2024-07-07 14:25:47.145,10046,282,8,100,False,0,car,0 days 00:22:34.604000,0 days 01:20:50.116000
2024-07-07 14:25:47.305,10034,282,8,100,False,0,car,0 days 00:22:34.764000,0 days 01:20:50.276000
2024-07-07 14:25:47.545,10074,282,8,100,False,0,car,0 days 00:22:35.004000,0 days 01:20:50.516000
2024-07-07 14:25:47.945,10075,284,8,100,False,0,car,0 days 00:22:35.404000,0 days 01:20:50.916000
2024-07-07 14:25:48.185,10091,285,8,100,False,0,car,0 days 00:22:35.644000,0 days 01:20:51.156000
2024-07-07 14:25:48.545,10125,284,8,100,False,0,car,0 days 00:22:36.004000,0 days 01:20:51.516000
2024-07-07 14:25:48.745,10111,284,8,100,False,0,car,0 days 00:22:36.204000,0 days 01:20:51.716000
2024-07-07 14:25:49.025,10065,283,8,100,False,0,car,0 days 00:22:36.484000,0 days 01:20:51.996000
2024-07-07 14:25:49.185,10046,282,8,100,False,0,car,0 days 00:22:36.644000,0 days 01:20:52.156000
2024-07-07 14:25:49.464,10001,281,8,100,False,0,car,0 days 00:22:36.923000,0 days 01:20:52.435000
2024-07-07 14:25:49.704,9968,280,8,100,False,0,car,0 days 00:22:37.163000,0 days 01:20:52.675000
2024-07-07 14:25:49.984,9947,280,8,100,False,0,car,0 days 00:22:37.443000,0 days 01:20:52.955000
2024-07-07 14:25:50.264,9923,277,8,100,False,0,car,0 days 00:22:37.723000,0 days 01:20:53.235000
2024-07-07 14:25:50.544,9890,277,8,100,False,0,car,0 days 00:22:38.003000,0 days 01:20:53.515000
2024-07-07 14:25:50.904,9494,274,8,43,True,0,car,0 days 00:22:38.363000,0 days 01:20:53.875000
2024-07-07 14:25:51.104,9165,261,8,0,True,0,car,0 days 00:22:38.563000,0 days 01:20:54.075000
2024-07-07 14:25:51.384,8990,228,8,0,True,0,car,0 days 00:22:38.843000,0 days 01:20:54.355000
2024-07-07 14:25:51.744,8673,195,7,0,True,0,car,0 days 00:22:39.203000,0 days 01:20:54.715000
2024-07-07 14:25:52.064,8959,161,6,0,True,0,car,0 days 00:22:39.523000,0 days 01:20:55.035000
2024-07-07 14:25:52.304,9067,149,6,0,True,0,car,0 days 00:22:39.763000,0 days 01:20:55.275000
2024-07-07 14:25:52.665,8015,135,4,0,True,0,car,0 days 00:22:40.124000,0 days 01:20:55.636000
2024-07-07 14:25:52.825,7906,129,4,0,True,0,car,0 days 00:22:40.284000,0 days 01:20:55.796000
2024-07-07 14:25:53.185,7247,118,4,0,True,0,car,0 days 00:22:40.644000,0 days 01:20:56.156000
2024-07-07 14:25:53.425,7056,114,4,0,False,0,car,0 days 00:22:40.884000,0 days 01:20:56.396000
2024-07-07 14:25:53.745,6935,111,4,0,False,0,car,0 days 00:22:41.204000,0 days 01:20:56.716000
2024-07-07 14:25:54.105,6958,108,4,17,False,0,car,0 days 00:22:41.564000,0 days 01:20:57.076000
2024-07-07 14:25:54.265,7078,109,4,35,False,0,car,0 days 00:22:41.724000,0 days 01:20:57.236000
2024-07-07 14:25:54.545,7295,111,4,41,False,0,car,0 days 00:22:42.004000,0 days 01:20:57.516000
2024-07-07 14:25:54.745,7415,112,4,45,False,0,car,0 days 00:22:42.204000,0 days 01:20:57.716000
2024-07-07 14:25:54.905,7415,116,4,47,False,0,car,0 days 00:22:42.364000,0 days 01:20:57.876000
2024-07-07 14:25:55.185,7858,121,4,57,False,0,car,0 days 00:22:42.644000,0 days 01:20:58.156000
2024-07-07 14:25:55.665,8760,136,4,74,False,0,car,0 days 00:22:43.124000,0 days 01:20:58.636000
2024-07-07 14:25:56.064,9032,150,4,79,False,0,car,0 days 00:22:43.523000,0 days 01:20:59.035000
2024-07-07 14:25:56.504,8708,130,4,0,True,0,car,0 days 00:22:43.963000,0 days 01:20:59.475000
2024-07-07 14:25:56.664,8828,121,3,0,True,0,car,0 days 00:22:44.123000,0 days 01:20:59.635000
2024-07-07 14:25:57.024,8004,110,3,0,True,0,car,0 days 00:22:44.483000,0 days 01:20:59.995000
2024-07-07 14:25:57.224,7582,104,3,0,True,0,car,0 days 00:22:44.683000,0 days 01:21:00.195000
2024-07-07 14:25:57.624,7125,96,3,0,True,0,car,0 days 00:22:45.083000,0 days 01:21:00.595000
2024-07-07 14:25:58.064,6658,90,3,0,False,0,car,0 days 00:22:45.523000,0 days 01:21:01.035000
2024-07-07 14:25:58.264,6515,89,3,0,False,0,car,0 days 00:22:45.723000,0 days 01:21:01.235000
2024-07-07 14:25:58.464,6531,87,3,10,False,0,car,0 days 00:22:45.923000,0 days 01:21:01.435000
2024-07-07 14:25:58.744,6671,89,3,18,False,0,car,0 days 00:22:46.203000,0 days 01:21:01.715000
2024-07-07 14:25:59.105,7297,94,3,40,False,0,car,0 days 00:22:46.564000,0 days 01:21:02.076000
2024-07-07 14:25:59.385,7804,98,3,51,False,0,car,0 days 00:22:46.844000,0 days 01:21:02.356000
2024-07-07 14:25:59.705,8517,110,3,60,False,0,car,0 days 00:22:47.164000,0 days 01:21:02.676000
2024-07-07 14:25:59.945,9207,116,3,71,False,0,car,0 days 00:22:47.404000,0 days 01:21:02.916000
2024-07-07 14:26:00.225,9858,128,3,89,False,0,car,0 days 00:22:47.684000,0 days 01:21:03.196000
2024-07-07 14:26:00.465,10992,144,3,95,False,0,car,0 days 00:22:47.924000,0 days 01:21:03.436000
2024-07-07 14:26:00.745,10402,153,3,100,False,0,car,0 days 00:22:48.204000,0 days 01:21:03.716000
2024-07-07 14:26:00.945,10455,162,4,100,False,0,car,0 days 00:22:48.404000,0 days 01:21:03.916000
2024-07-07 14:26:01.225,11198,175,4,100,False,0,car,0 days 00:22:48.684000,0 days 01:21:04.196000
2024-07-07 14:26:01.465,11355,183,4,100,False,0,car,0 days 00:22:48.924000,0 days 01:21:04.436000
2024-07-07 14:26:01.625,10718,191,4,100,False,0,car,0 days 00:22:49.084000,0 days 01:21:04.596000
2024-07-07 14:26:01.825,10688,197,5,100,False,0,car,0 days 00:22:49.284000,0 days 01:21:04.796000
2024-07-07 14:26:01.985,10657,203,5,100,False,0,car,0 days 00:22:49.444000,0 days 01:21:04.956000
2024-07-07 14:26:02.225,11229,209,5,100,False,0,car,0 days 00:22:49.684000,0 days 01:21:05.196000
2024-07-07 14:26:02.385,11485,214,5,100,False,0,car,0 days 00:22:49.844000,0 days 01:21:05.356000
2024-07-07 14:26:02.545,11625,217,5,100,False,0,car,0 days 00:22:50.004000,0 days 01:21:05.516000
2024-07-07 14:26:02.705,11841,220,5,100,False,0,car,0 days 00:22:50.164000,0 days 01:21:05.676000
2024-07-07 14:26:03.064,10468,229,6,100,False,0,car,0 days 00:22:50.523000,0 days 01:21:06.035000
2024-07-07 14:26:03.224,10695,229,6,100,False,0,car,0 days 00:22:50.683000,0 days 01:21:06.195000
2024-07-07 14:26:03.504,10886,236,6,100,False,0,car,0 days 00:22:50.963000,0 days 01:21:06.475000
2024-07-07 14:26:03.664,11004,240,6,100,False,0,car,0 days 00:22:51.123000,0 days 01:21:06.635000
2024-07-07 14:26:04.104,11300,246,6,100,False,0,car,0 days 00:22:51.563000,0 days 01:21:07.075000
2024-07-07 14:26:04.344,11511,248,6,100,False,0,car,0 days 00:22:51.803000,0 days 01:21:07.315000
2024-07-07 14:26:04.584,11585,253,6,100,False,0,car,0 days 00:22:52.043000,0 days 01:21:07.555000
2024-07-07 14:26:04.784,11742,257,6,100,False,0,car,0 days 00:22:52.243000,0 days 01:21:07.755000
2024-07-07 14:26:05.024,10602,258,6,100,False,0,car,0 days 00:22:52.483000,0 days 01:21:07.995000
2024-07-07 14:26:05.264,10433,264,7,100,False,0,car,0 days 00:22:52.723000,0 days 01:21:08.235000
2024-07-07 14:26:05.584,10701,268,7,100,False,0,car,0 days 00:22:53.043000,0 days 01:21:08.555000
2024-07-07 14:26:05.745,10802,268,7,100,False,0,car,0 days 00:22:53.204000,0 days 01:21:08.716000
2024-07-07 14:26:05.985,10865,270,7,100,False,0,car,0 days 00:22:53.444000,0 days 01:21:08.956000
2024-07-07 14:26:06.305,10926,274,7,100,False,0,car,0 days 00:22:53.764000,0 days 01:21:09.276000
2024-07-07 14:26:06.585,11090,277,7,100,False,0,car,0 days 00:22:54.044000,0 days 01:21:09.556000
2024-07-07 14:26:06.825,11154,279,7,100,False,0,car,0 days 00:22:54.284000,0 days 01:21:09.796000
2024-07-07 14:26:07.225,11265,282,7,100,False,0,car,0 days 00:22:54.684000,0 days 01:21:10.196000
2024-07-07 14:26:07.465,11364,283,7,100,False,0,car,0 days 00:22:54.924000,0 days 01:21:10.436000
2024-07-07 14:26:07.625,11374,284,7,100,False,0,car,0 days 00:22:55.084000,0 days 01:21:10.596000
2024-07-07 14:26:07.865,11455,287,7,100,False,0,car,0 days 00:22:55.324000,0 days 01:21:10.836000
2024-07-07 14:26:08.145,11481,287,7,100,False,0,car,0 days 00:22:55.604000,0 days 01:21:11.116000
2024-07-07 14:26:08.465,11530,288,7,100,False,0,car,0 days 00:22:55.924000,0 days 01:21:11.436000
2024-07-07 14:26:08.625,11461,288,7,100,False,0,car,0 days 00:22:56.084000,0 days 01:21:11.596000
2024-07-07 14:26:08.825,11522,288,7,100,False,0,car,0 days 00:22:56.284000,0 days 01:21:11.796000
2024-07-07 14:26:09.025,11535,289,7,100,False,0,car,0 days 00:22:56.484000,0 days 01:21:11.996000
2024-07-07 14:26:09.265,11539,289,7,100,False,0,car,0 days 00:22:56.724000,0 days 01:21:12.236000
2024-07-07 14:26:09.704,11500,288,7,100,False,0,car,0 days 00:22:57.163000,0 days 01:21:12.675000
2024-07-07 14:26:10.104,11523,288,7,100,False,0,car,0 days 00:22:57.563000,0 days 01:21:13.075000
2024-07-07 14:26:10.384,11443,287,7,100,False,0,car,0 days 00:22:57.843000,0 days 01:21:13.355000
2024-07-07 14:26:10.624,11326,286,7,100,False,0,car,0 days 00:22:58.083000,0 days 01:21:13.595000
2024-07-07 14:26:10.984,11060,283,7,100,True,0,car,0 days 00:22:58.443000,0 days 01:21:13.955000
2024-07-07 14:26:11.384,9757,247,7,0,True,0,car,0 days 00:22:58.843000,0 days 01:21:14.355000
2024-07-07 14:26:11.544,9456,247,7,0,True,0,car,0 days 00:22:59.003000,0 days 01:21:14.515000
2024-07-07 14:26:11.864,9238,213,6,0,True,0,car,0 days 00:22:59.323000,0 days 01:21:14.835000
2024-07-07 14:26:12.185,9722,189,5,0,True,0,car,0 days 00:22:59.644000,0 days 01:21:15.156000
2024-07-07 14:26:12.465,9018,175,5,0,True,0,car,0 days 00:22:59.924000,0 days 01:21:15.436000
2024-07-07 14:26:12.785,9129,164,5,0,True,0,car,0 days 00:23:00.244000,0 days 01:21:15.756000
2024-07-07 14:26:12.945,9951,161,5,0,True,0,car,0 days 00:23:00.404000,0 days 01:21:15.916000
2024-07-07 14:26:13.265,9590,153,4,0,False,0,car,0 days 00:23:00.724000,0 days 01:21:16.236000
2024-07-07 14:26:13.665,9357,147,4,19,False,0,car,0 days 00:23:01.124000,0 days 01:21:16.636000
2024-07-07 14:26:14.025,9151,146,4,45,False,0,car,0 days 00:23:01.484000,0 days 01:21:16.996000
2024-07-07 14:26:14.345,9623,149,4,65,False,0,car,0 days 00:23:01.804000,0 days 01:21:17.316000
2024-07-07 14:26:14.545,9663,152,4,67,False,0,car,0 days 00:23:02.004000,0 days 01:21:17.516000
2024-07-07 14:26:14.705,9986,157,4,67,False,0,car,0 days 00:23:02.164000,0 days 01:21:17.676000
2024-07-07 14:26:14.945,10319,161,4,71,False,0,car,0 days 00:23:02.404000,0 days 01:21:17.916000
2024-07-07 14:26:15.305,10779,170,4,77,False,0,car,0 days 00:23:02.764000,0 days 01:21:18.276000
2024-07-07 14:26:15.665,10043,173,4,21,False,0,car,0 days 00:23:03.124000,0 days 01:21:18.636000
2024-07-07 14:26:15.905,9870,163,4,0,True,0,car,0 days 00:23:03.364000,0 days 01:21:18.876000
2024-07-07 14:26:16.145,9287,153,4,0,True,0,car,0 days 00:23:03.604000,0 days 01:21:19.116000
2024-07-07 14:26:16.344,8930,146,4,0,True,0,car,0 days 00:23:03.803000,0 days 01:21:19.315000
2024-07-07 14:26:16.704,8303,134,4,0,True,0,car,0 days 00:23:04.163000,0 days 01:21:19.675000
2024-07-07 14:26:17.024,8002,129,4,0,False,0,car,0 days 00:23:04.483000,0 days 01:21:19.995000
2024-07-07 14:26:17.344,7719,125,4,0,False,0,car,0 days 00:23:04.803000,0 days 01:21:20.315000
2024-07-07 14:26:17.504,7558,122,4,0,False,0,car,0 days 00:23:04.963000,0 days 01:21:20.475000
2024-07-07 14:26:17.744,7359,119,4,5,False,0,car,0 days 00:23:05.203000,0 days 01:21:20.715000
2024-07-07 14:26:17.944,7189,117,4,7,False,0,car,0 days 00:23:05.403000,0 days 01:21:20.915000
2024-07-07 14:26:18.144,7236,116,4,8,False,0,car,0 days 00:23:05.603000,0 days 01:21:21.115000
2024-07-07 14:26:18.384,7130,113,4,20,False,0,car,0 days 00:23:05.843000,0 days 01:21:21.355000
2024-07-07 14:26:18.664,7418,115,4,36,False,0,car,0 days 00:23:06.123000,0 days 01:21:21.635000
2024-07-07 14:26:18.905,7480,117,4,44,False,0,car,0 days 00:23:06.364000,0 days 01:21:21.876000
2024-07-07 14:26:19.145,7763,120,4,50,False,0,car,0 days 00:23:06.604000,0 days 01:21:22.116000
2024-07-07 14:26:19.305,7917,121,4,51,False,0,car,0 days 00:23:06.764000,0 days 01:21:22.276000
2024-07-07 14:26:19.505,8329,127,4,61,False,0,car,0 days 00:23:06.964000,0 days 01:21:22.476000
2024-07-07 14:26:19.865,8990,138,4,72,False,0,car,0 days 00:23:07.324000,0 days 01:21:22.836000
2024-07-07 14:26:20.025,9245,142,4,82,False,0,car,0 days 00:23:07.484000,0 days 01:21:22.996000
2024-07-07 14:26:20.265,9982,153,4,91,False,0,car,0 days 00:23:07.724000,0 days 01:21:23.236000
2024-07-07 14:26:20.505,10389,162,4,100,False,0,car,0 days 00:23:07.964000,0 days 01:21:23.476000
2024-07-07 14:26:20.705,10961,171,4,100,False,0,car,0 days 00:23:08.164000,0 days 01:21:23.676000
2024-07-07 14:26:21.065,11689,185,4,100,False,0,car,0 days 00:23:08.524000,0 days 01:21:24.036000
2024-07-07 14:26:21.425,10414,194,5,100,False,0,car,0 days 00:23:08.884000,0 days 01:21:24.396000
2024-07-07 14:26:21.625,10822,201,5,100,False,0,car,0 days 00:23:09.084000,0 days 01:21:24.596000
2024-07-07 14:26:21.945,11352,210,5,100,False,0,car,0 days 00:23:09.404000,0 days 01:21:24.916000
2024-07-07 14:26:22.345,11718,220,5,100,False,0,car,0 days 00:23:09.804000,0 days 01:21:25.316000
2024-07-07 14:26:22.705,10870,230,5,100,False,0,car,0 days 00:23:10.164000,0 days 01:21:25.676000
2024-07-07 14:26:23.184,10992,240,6,100,False,0,car,0 days 00:23:10.643000,0 days 01:21:26.155000
2024-07-07 14:26:23.584,11296,248,6,100,False,0,car,0 days 00:23:11.043000,0 days 01:21:26.555000
2024-07-07 14:26:23.784,11443,249,6,100,False,0,car,0 days 00:23:11.243000,0 days 01:21:26.755000
2024-07-07 14:26:24.024,11559,253,6,100,False,0,car,0 days 00:23:11.483000,0 days 01:21:26.995000
2024-07-07 14:26:24.384,11022,258,6,100,False,0,car,0 days 00:23:11.843000,0 days 01:21:27.355000
2024-07-07 14:26:24.624,10286,261,7,100,False,0,car,0 days 00:23:12.083000,0 days 01:21:27.595000
2024-07-07 14:26:24.784,10566,264,7,100,False,0,car,0 days 00:23:12.243000,0 days 01:21:27.755000
2024-07-07 14:26:25.024,10688,266,7,100,False,0,car,0 days 00:23:12.483000,0 days 01:21:27.995000
2024-07-07 14:26:25.224,10748,268,7,100,False,0,car,0 days 00:23:12.683000,0 days 01:21:28.195000
2024-07-07 14:26:25.625,10913,271,7,100,False,0,car,0 days 00:23:13.084000,0 days 01:21:28.596000
2024-07-07 14:26:26.025,11091,276,7,100,False,0,car,0 days 00:23:13.484000,0 days 01:21:28.996000
2024-07-07 14:26:26.305,11178,279,7,100,False,0,car,0 days 00:23:13.764000,0 days 01:21:29.276000
2024-07-07 14:26:26.585,11246,283,7,100,False,0,car,0 days 00:23:14.044000,0 days 01:21:29.556000
2024-07-07 14:26:26.825,11335,284,7,100,False,0,car,0 days 00:23:14.284000,0 days 01:21:29.796000
2024-07-07 14:26:27.105,11388,286,7,100,False,0,car,0 days 00:23:14.564000,0 days 01:21:30.076000
2024-07-07 14:26:27.305,11499,287,7,100,False,0,car,0 days 00:23:14.764000,0 days 01:21:30.276000
2024-07-07 14:26:27.585,11511,289,7,100,False,0,car,0 days 00:23:15.044000,0 days 01:21:30.556000
2024-07-07 14:26:27.785,11508,289,7,100,False,0,car,0 days 00:23:15.244000,0 days 01:21:30.756000
2024-07-07 14:26:27.985,11575,290,7,100,False,0,car,0 days 00:23:15.444000,0 days 01:21:30.956000
2024-07-07 14:26:28.305,11567,291,7,100,False,0,car,0 days 00:23:15.764000,0 days 01:21:31.276000
2024-07-07 14:26:28.505,11600,290,7,100,False,0,car,0 days 00:23:15.964000,0 days 01:21:31.476000
2024-07-07 14:26:28.665,11574,290,7,100,False,0,car,0 days 00:23:16.124000,0 days 01:21:31.636000
2024-07-07 14:26:29.145,11630,291,7,100,False,0,car,0 days 00:23:16.604000,0 days 01:21:32.116000
2024-07-07 14:26:29.305,11590,291,7,100,False,0,car,0 days 00:23:16.764000,0 days 01:21:32.276000
2024-07-07 14:26:29.545,11577,291,7,100,False,0,car,0 days 00:23:17.004000,0 days 01:21:32.516000
2024-07-07 14:26:29.824,11562,290,7,100,False,0,car,0 days 00:23:17.283000,0 days 01:21:32.795000
2024-07-07 14:26:30.104,11503,288,7,100,False,0,car,0 days 00:23:17.563000,0 days 01:21:33.075000
2024-07-07 14:26:30.424,11440,287,7,91,False,0,car,0 days 00:23:17.883000,0 days 01:21:33.395000
2024-07-07 14:26:30.824,10956,280,7,0,False,0,car,0 days 00:23:18.283000,0 days 01:21:33.795000
2024-07-07 14:26:31.144,10848,271,7,1,False,0,car,0 days 00:23:18.603000,0 days 01:21:34.115000
2024-07-07 14:26:31.424,10532,264,7,53,False,0,car,0 days 00:23:18.883000,0 days 01:21:34.395000
2024-07-07 14:26:31.664,10537,261,7,76,False,0,car,0 days 00:23:19.123000,0 days 01:21:34.635000
2024-07-07 14:26:31.824,10537,262,7,80,False,0,car,0 days 00:23:19.283000,0 days 01:21:34.795000
2024-07-07 14:26:32.065,10564,262,7,100,False,0,car,0 days 00:23:19.524000,0 days 01:21:35.036000
2024-07-07 14:26:32.425,10673,264,7,100,False,0,car,0 days 00:23:19.884000,0 days 01:21:35.396000
2024-07-07 14:26:32.705,10688,264,7,100,False,0,car,0 days 00:23:20.164000,0 days 01:21:35.676000
2024-07-07 14:26:32.945,10700,267,7,100,False,0,car,0 days 00:23:20.404000,0 days 01:21:35.916000
2024-07-07 14:26:33.105,10783,268,7,100,False,0,car,0 days 00:23:20.564000,0 days 01:21:36.076000
2024-07-07 14:26:33.305,10855,270,7,100,False,0,car,0 days 00:23:20.764000,0 days 01:21:36.276000
2024-07-07 14:26:33.545,10895,272,7,100,False,0,car,0 days 00:23:21.004000,0 days 01:21:36.516000
2024-07-07 14:26:33.745,10953,273,7,100,False,0,car,0 days 00:23:21.204000,0 days 01:21:36.716000
2024-07-07 14:26:33.985,11039,275,7,100,False,0,car,0 days 00:23:21.444000,0 days 01:21:36.956000
2024-07-07 14:26:34.265,11112,277,7,100,False,0,car,0 days 00:23:21.724000,0 days 01:21:37.236000
2024-07-07 14:26:34.425,11154,279,7,100,False,0,car,0 days 00:23:21.884000,0 days 01:21:37.396000
2024-07-07 14:26:34.745,11243,280,7,100,False,0,car,0 days 00:23:22.204000,0 days 01:21:37.716000
2024-07-07 14:26:34.985,11324,282,7,100,False,0,car,0 days 00:23:22.444000,0 days 01:21:37.956000
2024-07-07 14:26:35.145,11370,282,7,100,False,0,car,0 days 00:23:22.604000,0 days 01:21:38.116000
2024-07-07 14:26:35.345,11424,284,7,100,False,0,car,0 days 00:23:22.804000,0 days 01:21:38.316000
2024-07-07 14:26:35.705,11471,286,7,100,False,0,car,0 days 00:23:23.164000,0 days 01:21:38.676000
2024-07-07 14:26:35.985,11517,289,7,100,False,0,car,0 days 00:23:23.444000,0 days 01:21:38.956000
2024-07-07 14:26:36.145,11535,289,7,100,False,0,car,0 days 00:23:23.604000,0 days 01:21:39.116000
2024-07-07 14:26:36.544,11637,291,7,100,False,0,car,0 days 00:23:24.003000,0 days 01:21:39.515000
2024-07-07 14:26:36.824,11684,293,7,100,False,0,car,0 days 00:23:24.283000,0 days 01:21:39.795000
2024-07-07 14:26:37.064,11756,294,7,100,False,0,car,0 days 00:23:24.523000,0 days 01:21:40.035000
2024-07-07 14:26:37.224,11740,294,7,100,False,0,car,0 days 00:23:24.683000,0 days 01:21:40.195000
2024-07-07 14:26:37.544,11761,295,7,100,False,0,car,0 days 00:23:25.003000,0 days 01:21:40.515000
2024-07-07 14:26:37.824,11795,295,7,100,False,0,car,0 days 00:23:25.283000,0 days 01:21:40.795000
2024-07-07 14:26:38.104,11772,294,7,100,False,0,car,0 days 00:23:25.563000,0 days 01:21:41.075000
2024-07-07 14:26:38.344,11710,293,7,100,False,0,car,0 days 00:23:25.803000,0 days 01:21:41.315000
2024-07-07 14:26:38.585,11753,293,7,100,False,0,car,0 days 00:23:26.044000,0 days 01:21:41.556000
2024-07-07 14:26:38.825,11696,292,7,100,False,0,car,0 days 00:23:26.284000,0 days 01:21:41.796000
2024-07-07 14:26:39.305,11592,289,7,67,False,0,car,0 days 00:23:26.764000,0 days 01:21:42.276000
2024-07-07 14:26:39.705,11303,281,7,57,False,0,car,0 days 00:23:27.164000,0 days 01:21:42.676000
2024-07-07 14:26:39.905,11156,277,7,61,False,0,car,0 days 00:23:27.364000,0 days 01:21:42.876000
2024-07-07 14:26:40.105,11074,275,7,82,False,0,car,0 days 00:23:27.564000,0 days 01:21:43.076000
2024-07-07 14:26:40.305,11107,274,7,100,False,0,car,0 days 00:23:27.764000,0 days 01:21:43.276000
2024-07-07 14:26:40.585,10997,274,7,100,False,0,car,0 days 00:23:28.044000,0 days 01:21:43.556000
2024-07-07 14:26:40.945,10947,273,7,100,False,0,car,0 days 00:23:28.404000,0 days 01:21:43.916000
2024-07-07 14:26:41.185,10444,272,7,50,True,0,car,0 days 00:23:28.644000,0 days 01:21:44.156000
2024-07-07 14:26:41.425,10407,267,7,0,True,0,car,0 days 00:23:28.884000,0 days 01:21:44.396000
2024-07-07 14:26:41.625,10820,255,7,0,True,0,car,0 days 00:23:29.084000,0 days 01:21:44.596000
2024-07-07 14:26:41.905,11291,245,6,0,False,0,car,0 days 00:23:29.364000,0 days 01:21:44.876000
2024-07-07 14:26:42.065,10976,239,6,27,False,0,car,0 days 00:23:29.524000,0 days 01:21:45.036000
2024-07-07 14:26:42.305,10729,235,6,43,False,0,car,0 days 00:23:29.764000,0 days 01:21:45.276000
2024-07-07 14:26:42.585,10604,232,6,56,False,0,car,0 days 00:23:30.044000,0 days 01:21:45.556000
2024-07-07 14:26:42.945,10175,228,6,0,True,0,car,0 days 00:23:30.404000,0 days 01:21:45.916000
2024-07-07 14:26:43.224,9615,213,6,0,True,0,car,0 days 00:23:30.683000,0 days 01:21:46.195000
2024-07-07 14:26:43.584,10515,201,5,0,False,0,car,0 days 00:23:31.043000,0 days 01:21:46.555000
2024-07-07 14:26:43.824,10686,198,5,44,False,0,car,0 days 00:23:31.283000,0 days 01:21:46.795000
2024-07-07 14:26:44.064,10415,195,5,57,False,0,car,0 days 00:23:31.523000,0 days 01:21:47.035000
2024-07-07 14:26:44.384,10580,197,5,68,False,0,car,0 days 00:23:31.843000,0 days 01:21:47.355000
2024-07-07 14:26:44.704,10951,197,5,90,False,0,car,0 days 00:23:32.163000,0 days 01:21:47.675000
2024-07-07 14:26:45.024,11267,210,5,100,False,0,car,0 days 00:23:32.483000,0 days 01:21:47.995000
2024-07-07 14:26:45.225,11475,211,5,100,False,0,car,0 days 00:23:32.684000,0 days 01:21:48.196000
2024-07-07 14:26:45.385,11620,218,5,100,False,0,car,0 days 00:23:32.844000,0 days 01:21:48.356000
2024-07-07 14:26:45.705,11349,224,5,100,False,0,car,0 days 00:23:33.164000,0 days 01:21:48.676000
2024-07-07 14:26:45.865,10588,227,6,100,False,0,car,0 days 00:23:33.324000,0 days 01:21:48.836000
2024-07-07 14:26:46.145,10787,232,6,100,False,0,car,0 days 00:23:33.604000,0 days 01:21:49.116000
2024-07-07 14:26:46.505,11024,241,6,100,False,0,car,0 days 00:23:33.964000,0 days 01:21:49.476000
2024-07-07 14:26:46.905,11302,247,6,100,False,0,car,0 days 00:23:34.364000,0 days 01:21:49.876000
2024-07-07 14:26:47.105,11442,250,6,100,False,0,car,0 days 00:23:34.564000,0 days 01:21:50.076000
2024-07-07 14:26:47.265,11570,252,6,100,False,0,car,0 days 00:23:34.724000,0 days 01:21:50.236000
2024-07-07 14:26:47.625,11754,257,6,100,False,0,car,0 days 00:23:35.084000,0 days 01:21:50.596000
2024-07-07 14:26:47.825,10494,259,6,100,False,0,car,0 days 00:23:35.284000,0 days 01:21:50.796000
2024-07-07 14:26:48.225,10441,263,7,100,False,0,car,0 days 00:23:35.684000,0 days 01:21:51.196000
2024-07-07 14:26:48.385,10653,265,7,100,False,0,car,0 days 00:23:35.844000,0 days 01:21:51.356000
2024-07-07 14:26:48.705,10764,270,7,100,False,0,car,0 days 00:23:36.164000,0 days 01:21:51.676000
2024-07-07 14:26:48.945,10819,271,7,100,False,0,car,0 days 00:23:36.404000,0 days 01:21:51.916000
2024-07-07 14:26:49.105,10895,273,7,100,False,0,car,0 days 00:23:36.564000,0 days 01:21:52.076000
2024-07-07 14:26:49.465,11040,275,7,100,False,0,car,0 days 00:23:36.924000,0 days 01:21:52.436000
2024-07-07 14:26:49.745,11126,279,7,100,False,0,car,0 days 00:23:37.204000,0 days 01:21:52.716000
2024-07-07 14:26:49.984,11195,280,7,100,False,0,car,0 days 00:23:37.443000,0 days 01:21:52.955000
2024-07-07 14:26:50.224,11260,282,7,100,False,0,car,0 days 00:23:37.683000,0 days 01:21:53.195000
2024-07-07 14:26:50.584,11381,285,7,100,False,0,car,0 days 00:23:38.043000,0 days 01:21:53.555000
2024-07-07 14:26:50.904,11442,286,7,100,False,0,car,0 days 00:23:38.363000,0 days 01:21:53.875000
2024-07-07 14:26:51.064,11480,288,7,100,False,0,car,0 days 00:23:38.523000,0 days 01:21:54.035000
2024-07-07 14:26:51.544,11578,289,7,100,False,0,car,0 days 00:23:39.003000,0 days 01:21:54.515000
2024-07-07 14:26:51.905,11617,291,7,100,False,0,car,0 days 00:23:39.364000,0 days 01:21:54.876000
2024-07-07 14:26:52.185,11694,293,7,100,False,0,car,0 days 00:23:39.644000,0 days 01:21:55.156000
2024-07-07 14:26:52.465,10842,294,7,100,False,0,car,0 days 00:23:39.924000,0 days 01:21:55.436000
2024-07-07 14:26:52.785,10275,293,8,100,False,0,car,0 days 00:23:40.244000,0 days 01:21:55.756000
2024-07-07 14:26:53.065,10386,294,8,100,False,0,car,0 days 00:23:40.524000,0 days 01:21:56.036000
2024-07-07 14:26:53.225,10395,294,8,100,False,0,car,0 days 00:23:40.684000,0 days 01:21:56.196000
2024-07-07 14:26:53.425,10400,293,8,100,False,0,car,0 days 00:23:40.884000,0 days 01:21:56.396000
2024-07-07 14:26:53.825,10366,292,8,100,False,0,car,0 days 00:23:41.284000,0 days 01:21:56.796000
2024-07-07 14:26:54.225,10387,292,8,100,False,0,car,0 days 00:23:41.684000,0 days 01:21:57.196000
2024-07-07 14:26:54.625,10310,292,8,100,False,0,car,0 days 00:23:42.084000,0 days 01:21:57.596000
2024-07-07 14:26:54.825,10299,291,8,100,False,0,car,0 days 00:23:42.284000,0 days 01:21:57.796000
2024-07-07 14:26:55.025,10285,290,8,100,False,0,car,0 days 00:23:42.484000,0 days 01:21:57.996000
2024-07-07 14:26:55.265,10183,287,8,100,False,0,car,0 days 00:23:42.724000,0 days 01:21:58.236000
2024-07-07 14:26:55.545,10195,287,8,100,False,0,car,0 days 00:23:43.004000,0 days 01:21:58.516000
2024-07-07 14:26:55.785,10057,284,8,100,False,0,car,0 days 00:23:43.244000,0 days 01:21:58.756000
2024-07-07 14:26:56.225,9903,281,8,100,False,0,car,0 days 00:23:43.684000,0 days 01:21:59.196000
2024-07-07 14:26:56.585,9742,276,8,69,False,0,car,0 days 00:23:44.044000,0 days 01:21:59.556000
2024-07-07 14:26:56.824,9298,264,8,0,True,0,car,0 days 00:23:44.283000,0 days 01:21:59.795000
2024-07-07 14:26:57.024,9974,251,8,0,True,0,car,0 days 00:23:44.483000,0 days 01:21:59.995000
2024-07-07 14:26:57.184,9969,240,7,0,True,0,car,0 days 00:23:44.643000,0 days 01:22:00.155000
2024-07-07 14:26:57.504,10320,228,6,0,True,0,car,0 days 00:23:44.963000,0 days 01:22:00.475000
2024-07-07 14:26:57.904,10036,215,6,3,False,0,car,0 days 00:23:45.363000,0 days 01:22:00.875000
2024-07-07 14:26:58.144,9910,213,6,41,False,0,car,0 days 00:23:45.603000,0 days 01:22:01.115000
2024-07-07 14:26:58.345,9688,209,6,71,False,0,car,0 days 00:23:45.804000,0 days 01:22:01.316000
2024-07-07 14:26:58.705,9908,214,6,100,False,0,car,0 days 00:23:46.164000,0 days 01:22:01.676000
2024-07-07 14:26:58.865,9992,218,6,100,False,0,car,0 days 00:23:46.324000,0 days 01:22:01.836000
2024-07-07 14:26:59.065,10172,220,6,100,False,0,car,0 days 00:23:46.524000,0 days 01:22:02.036000
2024-07-07 14:26:59.345,10321,224,6,100,False,0,car,0 days 00:23:46.804000,0 days 01:22:02.316000
2024-07-07 14:26:59.665,10654,231,6,100,False,0,car,0 days 00:23:47.124000,0 days 01:22:02.636000
2024-07-07 14:26:59.825,10676,232,6,100,False,0,car,0 days 00:23:47.284000,0 days 01:22:02.796000
2024-07-07 14:26:59.985,10873,236,6,100,False,0,car,0 days 00:23:47.444000,0 days 01:22:02.956000
2024-07-07 14:27:00.185,11003,239,6,100,False,0,car,0 days 00:23:47.644000,0 days 01:22:03.156000
2024-07-07 14:27:00.425,11138,243,6,100,False,0,car,0 days 00:23:47.884000,0 days 01:22:03.396000
2024-07-07 14:27:00.665,11138,249,6,100,False,0,car,0 days 00:23:48.124000,0 days 01:22:03.636000
2024-07-07 14:27:00.985,11564,252,6,100,False,0,car,0 days 00:23:48.444000,0 days 01:22:03.956000
2024-07-07 14:27:01.265,11655,256,6,100,False,0,car,0 days 00:23:48.724000,0 days 01:22:04.236000
2024-07-07 14:27:01.585,11109,258,6,100,False,0,car,0 days 00:23:49.044000,0 days 01:22:04.556000
2024-07-07 14:27:01.905,10541,260,7,100,False,0,car,0 days 00:23:49.364000,0 days 01:22:04.876000
2024-07-07 14:27:02.145,10472,262,7,100,False,0,car,0 days 00:23:49.604000,0 days 01:22:05.116000
2024-07-07 14:27:02.465,10563,264,7,100,False,0,car,0 days 00:23:49.924000,0 days 01:22:05.436000
2024-07-07 14:27:02.705,10529,265,7,100,False,0,car,0 days 00:23:50.164000,0 days 01:22:05.676000
2024-07-07 14:27:02.945,10501,263,7,100,False,0,car,0 days 00:23:50.404000,0 days 01:22:05.916000
2024-07-07 14:27:03.225,10200,261,7,0,False,0,car,0 days 00:23:50.684000,0 days 01:22:06.196000
2024-07-07 14:27:03.544,9891,250,7,0,True,0,car,0 days 00:23:51.003000,0 days 01:22:06.515000
2024-07-07 14:27:03.744,9191,228,7,0,True,0,car,0 days 00:23:51.203000,0 days 01:22:06.715000
2024-07-07 14:27:04.064,9604,184,6,0,True,0,car,0 days 00:23:51.523000,0 days 01:22:07.035000
2024-07-07 14:27:04.304,9271,167,5,0,True,0,car,0 days 00:23:51.763000,0 days 01:22:07.275000
2024-07-07 14:27:04.544,9136,150,4,0,True,0,car,0 days 00:23:52.003000,0 days 01:22:07.515000
2024-07-07 14:27:04.865,9261,126,4,0,True,0,car,0 days 00:23:52.324000,0 days 01:22:07.836000
2024-07-07 14:27:05.025,8737,121,3,0,True,0,car,0 days 00:23:52.484000,0 days 01:22:07.996000
2024-07-07 14:27:05.465,8020,107,3,0,True,0,car,0 days 00:23:52.924000,0 days 01:22:08.436000
2024-07-07 14:27:05.745,7652,104,3,0,False,0,car,0 days 00:23:53.204000,0 days 01:22:08.716000
2024-07-07 14:27:06.025,7451,102,3,4,False,0,car,0 days 00:23:53.484000,0 days 01:22:08.996000
2024-07-07 14:27:06.185,7387,102,3,8,False,0,car,0 days 00:23:53.644000,0 days 01:22:09.156000
2024-07-07 14:27:06.465,7657,101,3,32,False,0,car,0 days 00:23:53.924000,0 days 01:22:09.436000
2024-07-07 14:27:06.625,7959,102,3,53,False,0,car,0 days 00:23:54.084000,0 days 01:22:09.596000
2024-07-07 14:27:06.825,8038,107,3,50,False,0,car,0 days 00:23:54.284000,0 days 01:22:09.796000
2024-07-07 14:27:07.305,7527,116,3,42,False,0,car,0 days 00:23:54.764000,0 days 01:22:10.276000
2024-07-07 14:27:07.665,7569,117,4,21,False,0,car,0 days 00:23:55.124000,0 days 01:22:10.636000
2024-07-07 14:27:07.865,7415,116,4,14,False,0,car,0 days 00:23:55.324000,0 days 01:22:10.836000
2024-07-07 14:27:08.305,7605,118,4,29,False,0,car,0 days 00:23:55.764000,0 days 01:22:11.276000
2024-07-07 14:27:08.465,7324,121,4,45,False,0,car,0 days 00:23:55.924000,0 days 01:22:11.436000
2024-07-07 14:27:08.705,8208,125,4,65,False,0,car,0 days 00:23:56.164000,0 days 01:22:11.676000
2024-07-07 14:27:08.865,8394,130,4,63,False,0,car,0 days 00:23:56.324000,0 days 01:22:11.836000
2024-07-07 14:27:09.145,8862,135,4,73,False,0,car,0 days 00:23:56.604000,0 days 01:22:12.116000
2024-07-07 14:27:09.425,9226,142,4,78,False,0,car,0 days 00:23:56.884000,0 days 01:22:12.396000
2024-07-07 14:27:09.625,9973,154,4,100,False,0,car,0 days 00:23:57.084000,0 days 01:22:12.596000
2024-07-07 14:27:09.825,10531,162,4,100,False,0,car,0 days 00:23:57.284000,0 days 01:22:12.796000
2024-07-07 14:27:10.065,11135,175,4,100,False,0,car,0 days 00:23:57.524000,0 days 01:22:13.036000
2024-07-07 14:27:10.304,11671,178,4,100,False,0,car,0 days 00:23:57.763000,0 days 01:22:13.275000
2024-07-07 14:27:10.704,10395,194,5,100,False,0,car,0 days 00:23:58.163000,0 days 01:22:13.675000
2024-07-07 14:27:10.864,10757,200,5,100,False,0,car,0 days 00:23:58.323000,0 days 01:22:13.835000
2024-07-07 14:27:11.104,11064,206,5,100,False,0,car,0 days 00:23:58.563000,0 days 01:22:14.075000
2024-07-07 14:27:11.425,11431,214,5,100,False,0,car,0 days 00:23:58.884000,0 days 01:22:14.396000
2024-07-07 14:27:11.745,10961,221,5,100,False,0,car,0 days 00:23:59.204000,0 days 01:22:14.716000
2024-07-07 14:27:12.025,10386,225,6,100,False,0,car,0 days 00:23:59.484000,0 days 01:22:14.996000
2024-07-07 14:27:12.425,10734,234,6,100,False,0,car,0 days 00:23:59.884000,0 days 01:22:15.396000
2024-07-07 14:27:12.705,10988,238,6,100,False,0,car,0 days 00:24:00.164000,0 days 01:22:15.676000
2024-07-07 14:27:12.985,11202,243,6,100,False,0,car,0 days 00:24:00.444000,0 days 01:22:15.956000
2024-07-07 14:27:13.305,11394,249,6,100,False,0,car,0 days 00:24:00.764000,0 days 01:22:16.276000
2024-07-07 14:27:13.465,11458,252,6,100,False,0,car,0 days 00:24:00.924000,0 days 01:22:16.436000
2024-07-07 14:27:13.865,11752,258,6,100,False,0,car,0 days 00:24:01.324000,0 days 01:22:16.836000
2024-07-07 14:27:14.305,10556,264,7,100,False,0,car,0 days 00:24:01.764000,0 days 01:22:17.276000
2024-07-07 14:27:14.585,10736,268,7,100,False,0,car,0 days 00:24:02.044000,0 days 01:22:17.556000
2024-07-07 14:27:14.945,10788,271,7,100,False,0,car,0 days 00:24:02.404000,0 days 01:22:17.916000
2024-07-07 14:27:15.145,10788,274,7,100,False,0,car,0 days 00:24:02.604000,0 days 01:22:18.116000
2024-07-07 14:27:15.305,10788,277,7,100,False,0,car,0 days 00:24:02.764000,0 days 01:22:18.276000
2024-07-07 14:27:15.465,11142,278,7,100,False,0,car,0 days 00:24:02.924000,0 days 01:22:18.436000
2024-07-07 14:27:15.745,11211,279,7,100,False,0,car,0 days 00:24:03.204000,0 days 01:22:18.716000
2024-07-07 14:27:16.065,11357,283,7,100,False,0,car,0 days 00:24:03.524000,0 days 01:22:19.036000
2024-07-07 14:27:16.225,11363,284,7,100,False,0,car,0 days 00:24:03.684000,0 days 01:22:19.196000
2024-07-07 14:27:16.545,11415,285,7,100,False,0,car,0 days 00:24:04.004000,0 days 01:22:19.516000
2024-07-07 14:27:16.705,11478,287,7,100,False,0,car,0 days 00:24:04.164000,0 days 01:22:19.676000
2024-07-07 14:27:17.024,11606,289,7,100,False,0,car,0 days 00:24:04.483000,0 days 01:22:19.995000
2024-07-07 14:27:17.304,11674,291,7,100,False,0,car,0 days 00:24:04.763000,0 days 01:22:20.275000
2024-07-07 14:27:17.544,11673,293,7,100,False,0,car,0 days 00:24:05.003000,0 days 01:22:20.515000
2024-07-07 14:27:17.864,11763,294,7,95,False,0,car,0 days 00:24:05.323000,0 days 01:22:20.835000
2024-07-07 14:27:18.025,11651,294,7,74,False,0,car,0 days 00:24:05.484000,0 days 01:22:20.996000
2024-07-07 14:27:18.225,11636,291,7,65,False,0,car,0 days 00:24:05.684000,0 days 01:22:21.196000
2024-07-07 14:27:18.545,11440,287,7,64,False,0,car,0 days 00:24:06.004000,0 days 01:22:21.516000
2024-07-07 14:27:18.705,11338,283,7,64,False,0,car,0 days 00:24:06.164000,0 days 01:22:21.676000
2024-07-07 14:27:19.065,11304,282,7,81,False,0,car,0 days 00:24:06.524000,0 days 01:22:22.036000
2024-07-07 14:27:19.265,11252,281,7,96,False,0,car,0 days 00:24:06.724000,0 days 01:22:22.236000
2024-07-07 14:27:19.545,11279,280,7,100,False,0,car,0 days 00:24:07.004000,0 days 01:22:22.516000
2024-07-07 14:27:19.785,11332,282,7,100,False,0,car,0 days 00:24:07.244000,0 days 01:22:22.756000
2024-07-07 14:27:19.985,11351,283,7,100,False,0,car,0 days 00:24:07.444000,0 days 01:22:22.956000
2024-07-07 14:27:20.305,11367,283,7,100,False,0,car,0 days 00:24:07.764000,0 days 01:22:23.276000
2024-07-07 14:27:20.465,11400,285,7,100,False,0,car,0 days 00:24:07.924000,0 days 01:22:23.436000
2024-07-07 14:27:20.865,11473,287,7,100,False,0,car,0 days 00:24:08.324000,0 days 01:22:23.836000
2024-07-07 14:27:21.105,11491,286,7,100,False,0,car,0 days 00:24:08.564000,0 days 01:22:24.076000
2024-07-07 14:27:21.345,11444,286,7,98,False,0,car,0 days 00:24:08.804000,0 days 01:22:24.316000
2024-07-07 14:27:21.545,11410,285,7,94,False,0,car,0 days 00:24:09.004000,0 days 01:22:24.516000
2024-07-07 14:27:21.905,11399,284,7,100,False,0,car,0 days 00:24:09.364000,0 days 01:22:24.876000
2024-07-07 14:27:22.105,11344,284,7,100,False,0,car,0 days 00:24:09.564000,0 days 01:22:25.076000
2024-07-07 14:27:22.305,11330,283,7,100,False,0,car,0 days 00:24:09.764000,0 days 01:22:25.276000
2024-07-07 14:27:22.665,11224,281,7,100,False,0,car,0 days 00:24:10.124000,0 days 01:22:25.636000
2024-07-07 14:27:22.865,11191,280,7,100,False,0,car,0 days 00:24:10.324000,0 days 01:22:25.836000
2024-07-07 14:27:23.145,11147,279,7,100,False,0,car,0 days 00:24:10.604000,0 days 01:22:26.116000
2024-07-07 14:27:23.305,10946,276,7,87,True,0,car,0 days 00:24:10.764000,0 days 01:22:26.276000
2024-07-07 14:27:23.784,9710,229,7,0,True,0,car,0 days 00:24:11.243000,0 days 01:22:26.755000
2024-07-07 14:27:23.984,9511,208,7,0,True,0,car,0 days 00:24:11.443000,0 days 01:22:26.955000
2024-07-07 14:27:24.184,9647,187,6,0,True,0,car,0 days 00:24:11.643000,0 days 01:22:27.155000
2024-07-07 14:27:24.344,9142,178,5,0,True,0,car,0 days 00:24:11.803000,0 days 01:22:27.315000
2024-07-07 14:27:24.504,9781,162,5,0,True,0,car,0 days 00:24:11.963000,0 days 01:22:27.475000
2024-07-07 14:27:24.825,8644,149,4,0,True,0,car,0 days 00:24:12.284000,0 days 01:22:27.796000
2024-07-07 14:27:25.225,7820,128,4,0,True,0,car,0 days 00:24:12.684000,0 days 01:22:28.196000
2024-07-07 14:27:25.505,7433,123,4,0,True,0,car,0 days 00:24:12.964000,0 days 01:22:28.476000
2024-07-07 14:27:25.785,7074,116,4,0,True,0,car,0 days 00:24:13.244000,0 days 01:22:28.756000
2024-07-07 14:27:26.225,6800,110,4,0,False,0,car,0 days 00:24:13.684000,0 days 01:22:29.196000
2024-07-07 14:27:26.585,6700,106,4,7,False,0,car,0 days 00:24:14.044000,0 days 01:22:29.556000
2024-07-07 14:27:26.865,6869,106,4,35,False,0,car,0 days 00:24:14.324000,0 days 01:22:29.836000
2024-07-07 14:27:27.185,7278,111,4,48,False,0,car,0 days 00:24:14.644000,0 days 01:22:30.156000
2024-07-07 14:27:27.505,7594,117,4,51,False,0,car,0 days 00:24:14.964000,0 days 01:22:30.476000
2024-07-07 14:27:27.785,8045,123,4,62,False,0,car,0 days 00:24:15.244000,0 days 01:22:30.756000
2024-07-07 14:27:27.985,8392,130,4,67,False,0,car,0 days 00:24:15.444000,0 days 01:22:30.956000
2024-07-07 14:27:28.145,8605,133,4,73,False,0,car,0 days 00:24:15.604000,0 days 01:22:31.116000
2024-07-07 14:27:28.385,9229,143,4,80,False,0,car,0 days 00:24:15.844000,0 days 01:22:31.356000
2024-07-07 14:27:28.665,9308,139,4,0,True,0,car,0 days 00:24:16.124000,0 days 01:22:31.636000
2024-07-07 14:27:28.865,8433,129,4,0,True,0,car,0 days 00:24:16.324000,0 days 01:22:31.836000
2024-07-07 14:27:29.025,8993,125,4,0,True,0,car,0 days 00:24:16.484000,0 days 01:22:31.996000
2024-07-07 14:27:29.225,8484,117,3,0,True,0,car,0 days 00:24:16.684000,0 days 01:22:32.196000
2024-07-07 14:27:29.385,8070,111,3,0,True,0,car,0 days 00:24:16.844000,0 days 01:22:32.356000
2024-07-07 14:27:29.665,7573,103,3,0,True,0,car,0 days 00:24:17.124000,0 days 01:22:32.636000
2024-07-07 14:27:29.945,7288,99,3,0,True,0,car,0 days 00:24:17.404000,0 days 01:22:32.916000
2024-07-07 14:27:30.145,7149,96,3,0,True,0,car,0 days 00:24:17.604000,0 days 01:22:33.116000
2024-07-07 14:27:30.424,6748,92,3,0,False,0,car,0 days 00:24:17.883000,0 days 01:22:33.395000
2024-07-07 14:27:30.784,6454,88,3,0,False,0,car,0 days 00:24:18.243000,0 days 01:22:33.755000
2024-07-07 14:27:30.984,6697,86,3,2,False,0,car,0 days 00:24:18.443000,0 days 01:22:33.955000
2024-07-07 14:27:31.345,6805,89,3,31,False,0,car,0 days 00:24:18.804000,0 days 01:22:34.316000
2024-07-07 14:27:31.505,7030,91,3,36,False,0,car,0 days 00:24:18.964000,0 days 01:22:34.476000
2024-07-07 14:27:31.705,7304,95,3,41,False,0,car,0 days 00:24:19.164000,0 days 01:22:34.676000
2024-07-07 14:27:32.185,8270,106,3,55,False,0,car,0 days 00:24:19.644000,0 days 01:22:35.156000
2024-07-07 14:27:32.345,8479,109,3,61,False,0,car,0 days 00:24:19.804000,0 days 01:22:35.316000
2024-07-07 14:27:32.625,9331,119,3,74,False,0,car,0 days 00:24:20.084000,0 days 01:22:35.596000
2024-07-07 14:27:32.945,10259,132,3,85,False,0,car,0 days 00:24:20.404000,0 days 01:22:35.916000
2024-07-07 14:27:33.185,10807,145,3,94,False,0,car,0 days 00:24:20.644000,0 days 01:22:36.156000
2024-07-07 14:27:33.345,9751,150,3,100,False,0,car,0 days 00:24:20.804000,0 days 01:22:36.316000
2024-07-07 14:27:33.665,10675,169,4,100,False,0,car,0 days 00:24:21.124000,0 days 01:22:36.636000
2024-07-07 14:27:34.025,11025,181,4,100,False,0,car,0 days 00:24:21.484000,0 days 01:22:36.996000
2024-07-07 14:27:34.385,10826,195,4,100,False,0,car,0 days 00:24:21.844000,0 days 01:22:37.356000
2024-07-07 14:27:34.705,10981,198,5,100,False,0,car,0 days 00:24:22.164000,0 days 01:22:37.676000
2024-07-07 14:27:35.065,11533,212,5,100,False,0,car,0 days 00:24:22.524000,0 days 01:22:38.036000
2024-07-07 14:27:35.265,11735,219,5,100,False,0,car,0 days 00:24:22.724000,0 days 01:22:38.236000
2024-07-07 14:27:35.705,10294,227,6,100,False,0,car,0 days 00:24:23.164000,0 days 01:22:38.676000
2024-07-07 14:27:35.985,10747,230,6,100,False,0,car,0 days 00:24:23.444000,0 days 01:22:38.956000
2024-07-07 14:27:36.305,10958,239,6,100,False,0,car,0 days 00:24:23.764000,0 days 01:22:39.276000
2024-07-07 14:27:36.665,11143,245,6,100,False,0,car,0 days 00:24:24.124000,0 days 01:22:39.636000
2024-07-07 14:27:36.985,11405,250,6,100,False,0,car,0 days 00:24:24.444000,0 days 01:22:39.956000
2024-07-07 14:27:37.184,11526,253,6,100,False,0,car,0 days 00:24:24.643000,0 days 01:22:40.155000
2024-07-07 14:27:37.384,11659,256,6,100,False,0,car,0 days 00:24:24.843000,0 days 01:22:40.355000
2024-07-07 14:27:37.584,11733,258,6,100,False,0,car,0 days 00:24:25.043000,0 days 01:22:40.555000
2024-07-07 14:27:38.025,10526,262,7,100,False,0,car,0 days 00:24:25.484000,0 days 01:22:40.996000
2024-07-07 14:27:38.305,10639,265,7,100,False,0,car,0 days 00:24:25.764000,0 days 01:22:41.276000
2024-07-07 14:27:38.465,10777,268,7,100,False,0,car,0 days 00:24:25.924000,0 days 01:22:41.436000
2024-07-07 14:27:38.825,10838,271,7,100,False,0,car,0 days 00:24:26.284000,0 days 01:22:41.796000
2024-07-07 14:27:39.105,10943,274,7,100,False,0,car,0 days 00:24:26.564000,0 days 01:22:42.076000
2024-07-07 14:27:39.465,11059,277,7,100,False,0,car,0 days 00:24:26.924000,0 days 01:22:42.436000
2024-07-07 14:27:39.705,11151,279,7,100,False,0,car,0 days 00:24:27.164000,0 days 01:22:42.676000
2024-07-07 14:27:39.985,11226,281,7,100,False,0,car,0 days 00:24:27.444000,0 days 01:22:42.956000
2024-07-07 14:27:40.185,11291,283,7,100,False,0,car,0 days 00:24:27.644000,0 days 01:22:43.156000
2024-07-07 14:27:40.465,11336,283,7,100,False,0,car,0 days 00:24:27.924000,0 days 01:22:43.436000
2024-07-07 14:27:40.665,11336,285,7,100,False,0,car,0 days 00:24:28.124000,0 days 01:22:43.636000
2024-07-07 14:27:41.025,11444,287,7,100,False,0,car,0 days 00:24:28.484000,0 days 01:22:43.996000
2024-07-07 14:27:41.225,11444,286,7,100,False,0,car,0 days 00:24:28.684000,0 days 01:22:44.196000
2024-07-07 14:27:41.465,11463,287,7,100,False,0,car,0 days 00:24:28.924000,0 days 01:22:44.436000
2024-07-07 14:27:41.945,11447,287,7,100,False,0,car,0 days 00:24:29.404000,0 days 01:22:44.916000
2024-07-07 14:27:42.265,11484,287,7,100,False,0,car,0 days 00:24:29.724000,0 days 01:22:45.236000
2024-07-07 14:27:42.425,11480,287,7,100,False,0,car,0 days 00:24:29.884000,0 days 01:22:45.396000
2024-07-07 14:27:42.705,11405,287,7,100,False,0,car,0 days 00:24:30.164000,0 days 01:22:45.676000
2024-07-07 14:27:42.905,11355,285,7,100,False,0,car,0 days 00:24:30.364000,0 days 01:22:45.876000
2024-07-07 14:27:43.105,11324,285,7,100,False,0,car,0 days 00:24:30.564000,0 days 01:22:46.076000
2024-07-07 14:27:43.585,11250,283,7,100,False,0,car,0 days 00:24:31.044000,0 days 01:22:46.556000
2024-07-07 14:27:43.785,11348,275,7,100,True,0,car,0 days 00:24:31.244000,0 days 01:22:46.756000
2024-07-07 14:27:44.064,9896,245,7,0,True,0,car,0 days 00:24:31.523000,0 days 01:22:47.035000
2024-07-07 14:27:44.265,10286,228,7,0,True,0,car,0 days 00:24:31.724000,0 days 01:22:47.236000
2024-07-07 14:27:44.545,10123,212,6,0,True,0,car,0 days 00:24:32.004000,0 days 01:22:47.516000
2024-07-07 14:27:44.705,10323,199,6,0,True,0,car,0 days 00:24:32.164000,0 days 01:22:47.676000
2024-07-07 14:27:44.945,10000,189,5,0,True,0,car,0 days 00:24:32.404000,0 days 01:22:47.916000
2024-07-07 14:27:45.225,9146,177,5,0,True,0,car,0 days 00:24:32.684000,0 days 01:22:48.196000
2024-07-07 14:27:45.585,10393,164,5,0,True,0,car,0 days 00:24:33.044000,0 days 01:22:48.556000
2024-07-07 14:27:45.745,10137,162,4,0,False,0,car,0 days 00:24:33.204000,0 days 01:22:48.716000
2024-07-07 14:27:45.905,9821,157,4,0,False,0,car,0 days 00:24:33.364000,0 days 01:22:48.876000
2024-07-07 14:27:46.225,9518,156,4,1,False,0,car,0 days 00:24:33.684000,0 days 01:22:49.196000
2024-07-07 14:27:46.425,9356,151,4,17,False,0,car,0 days 00:24:33.884000,0 days 01:22:49.396000
2024-07-07 14:27:46.585,9074,148,4,28,False,0,car,0 days 00:24:34.044000,0 days 01:22:49.556000
2024-07-07 14:27:46.825,9496,150,4,56,False,0,car,0 days 00:24:34.284000,0 days 01:22:49.796000
2024-07-07 14:27:46.985,9751,152,4,64,False,0,car,0 days 00:24:34.444000,0 days 01:22:49.956000
2024-07-07 14:27:47.225,9800,156,4,69,False,0,car,0 days 00:24:34.684000,0 days 01:22:50.196000
2024-07-07 14:27:47.385,10161,159,4,71,False,0,car,0 days 00:24:34.844000,0 days 01:22:50.356000
2024-07-07 14:27:47.545,10341,162,4,74,False,0,car,0 days 00:24:35.004000,0 days 01:22:50.516000
2024-07-07 14:27:47.705,10577,167,4,74,False,0,car,0 days 00:24:35.164000,0 days 01:22:50.676000
2024-07-07 14:27:48.025,10913,174,4,75,False,0,car,0 days 00:24:35.484000,0 days 01:22:50.996000
2024-07-07 14:27:48.185,11388,175,4,69,True,0,car,0 days 00:24:35.644000,0 days 01:22:51.156000
2024-07-07 14:27:48.505,9808,159,4,0,True,0,car,0 days 00:24:35.964000,0 days 01:22:51.476000
2024-07-07 14:27:48.785,9098,144,4,0,True,0,car,0 days 00:24:36.244000,0 days 01:22:51.756000
2024-07-07 14:27:48.985,8776,137,4,0,True,0,car,0 days 00:24:36.444000,0 days 01:22:51.956000
2024-07-07 14:27:49.265,7901,129,4,0,True,0,car,0 days 00:24:36.724000,0 days 01:22:52.236000
2024-07-07 14:27:49.625,7619,121,4,0,True,0,car,0 days 00:24:37.084000,0 days 01:22:52.596000
2024-07-07 14:27:49.785,7271,118,4,0,True,0,car,0 days 00:24:37.244000,0 days 01:22:52.756000
2024-07-07 14:27:49.945,7200,118,4,0,False,0,car,0 days 00:24:37.404000,0 days 01:22:52.916000
2024-07-07 14:27:50.185,6927,112,4,0,False,0,car,0 days 00:24:37.644000,0 days 01:22:53.156000
2024-07-07 14:27:50.345,6788,111,4,0,False,0,car,0 days 00:24:37.804000,0 days 01:22:53.316000
2024-07-07 14:27:50.664,7027,108,4,22,False,0,car,0 days 00:24:38.123000,0 days 01:22:53.635000
2024-07-07 14:27:50.985,7202,111,4,45,False,0,car,0 days 00:24:38.444000,0 days 01:22:53.956000
2024-07-07 14:27:51.345,7541,117,4,57,False,0,car,0 days 00:24:38.804000,0 days 01:22:54.316000
2024-07-07 14:27:51.585,7850,124,4,59,False,0,car,0 days 00:24:39.044000,0 days 01:22:54.556000
2024-07-07 14:27:51.905,8508,128,4,61,False,0,car,0 days 00:24:39.364000,0 days 01:22:54.876000
2024-07-07 14:27:52.385,9288,143,4,72,False,0,car,0 days 00:24:39.844000,0 days 01:22:55.356000
2024-07-07 14:27:52.545,9288,147,4,76,False,0,car,0 days 00:24:40.004000,0 days 01:22:55.516000
2024-07-07 14:27:52.705,10038,148,4,81,False,0,car,0 days 00:24:40.164000,0 days 01:22:55.676000
2024-07-07 14:27:53.185,10820,170,4,100,False,0,car,0 days 00:24:40.644000,0 days 01:22:56.156000
2024-07-07 14:27:53.465,11507,181,4,100,False,0,car,0 days 00:24:40.924000,0 days 01:22:56.436000
2024-07-07 14:27:53.825,10351,191,5,100,False,0,car,0 days 00:24:41.284000,0 days 01:22:56.796000
2024-07-07 14:27:54.025,10800,199,5,100,False,0,car,0 days 00:24:41.484000,0 days 01:22:56.996000
2024-07-07 14:27:54.185,10767,202,5,100,False,0,car,0 days 00:24:41.644000,0 days 01:22:57.156000
2024-07-07 14:27:54.345,11070,202,5,100,False,0,car,0 days 00:24:41.804000,0 days 01:22:57.316000
2024-07-07 14:27:54.745,11624,219,5,100,False,0,car,0 days 00:24:42.204000,0 days 01:22:57.716000
2024-07-07 14:27:55.065,10945,228,5,100,False,0,car,0 days 00:24:42.524000,0 days 01:22:58.036000
2024-07-07 14:27:55.305,10641,231,6,100,False,0,car,0 days 00:24:42.764000,0 days 01:22:58.276000
2024-07-07 14:27:55.545,10822,236,6,100,False,0,car,0 days 00:24:43.004000,0 days 01:22:58.516000
2024-07-07 14:27:55.785,11082,240,6,100,False,0,car,0 days 00:24:43.244000,0 days 01:22:58.756000
2024-07-07 14:27:56.025,11250,246,6,100,False,0,car,0 days 00:24:43.484000,0 days 01:22:58.996000
2024-07-07 14:27:56.225,11386,249,6,100,False,0,car,0 days 00:24:43.684000,0 days 01:22:59.196000
2024-07-07 14:27:56.465,11605,254,6,100,False,0,car,0 days 00:24:43.924000,0 days 01:22:59.436000
2024-07-07 14:27:56.745,11737,257,6,100,False,0,car,0 days 00:24:44.204000,0 days 01:22:59.716000
2024-07-07 14:27:57.065,10945,260,6,100,False,0,car,0 days 00:24:44.524000,0 days 01:23:00.036000
2024-07-07 14:27:57.425,10747,265,7,100,False,0,car,0 days 00:24:44.884000,0 days 01:23:00.396000
2024-07-07 14:27:57.745,10743,268,7,100,False,0,car,0 days 00:24:45.204000,0 days 01:23:00.716000
2024-07-07 14:27:57.985,10899,272,7,100,False,0,car,0 days 00:24:45.444000,0 days 01:23:00.956000
2024-07-07 14:27:58.265,10992,274,7,100,False,0,car,0 days 00:24:45.724000,0 days 01:23:01.236000
2024-07-07 14:27:58.585,11127,278,7,100,False,0,car,0 days 00:24:46.044000,0 days 01:23:01.556000
2024-07-07 14:27:58.945,11239,281,7,100,False,0,car,0 days 00:24:46.404000,0 days 01:23:01.916000
2024-07-07 14:27:59.105,11301,282,7,100,False,0,car,0 days 00:24:46.564000,0 days 01:23:02.076000
2024-07-07 14:27:59.345,11376,283,7,100,False,0,car,0 days 00:24:46.804000,0 days 01:23:02.316000
2024-07-07 14:27:59.545,11403,284,7,100,False,0,car,0 days 00:24:47.004000,0 days 01:23:02.516000
2024-07-07 14:27:59.745,11484,287,7,100,False,0,car,0 days 00:24:47.204000,0 days 01:23:02.716000
2024-07-07 14:27:59.905,11507,288,7,100,False,0,car,0 days 00:24:47.364000,0 days 01:23:02.876000
2024-07-07 14:28:00.145,11555,289,7,100,False,0,car,0 days 00:24:47.604000,0 days 01:23:03.116000
2024-07-07 14:28:00.425,11626,291,7,100,False,0,car,0 days 00:24:47.884000,0 days 01:23:03.396000
2024-07-07 14:28:00.625,11619,292,7,100,False,0,car,0 days 00:24:48.084000,0 days 01:23:03.596000
2024-07-07 14:28:00.945,11651,292,7,100,False,0,car,0 days 00:24:48.404000,0 days 01:23:03.916000
2024-07-07 14:28:01.185,11644,293,7,100,False,0,car,0 days 00:24:48.644000,0 days 01:23:04.156000
2024-07-07 14:28:01.385,11653,293,7,100,False,0,car,0 days 00:24:48.844000,0 days 01:23:04.356000
2024-07-07 14:28:01.585,11692,292,7,100,False,0,car,0 days 00:24:49.044000,0 days 01:23:04.556000
2024-07-07 14:28:01.745,11669,293,7,100,False,0,car,0 days 00:24:49.204000,0 days 01:23:04.716000
2024-07-07 14:28:02.025,11627,292,7,100,False,0,car,0 days 00:24:49.484000,0 days 01:23:04.996000
2024-07-07 14:28:02.305,11601,291,7,100,False,0,car,0 days 00:24:49.764000,0 days 01:23:05.276000
2024-07-07 14:28:02.705,11538,290,7,99,False,0,car,0 days 00:24:50.164000,0 days 01:23:05.676000
2024-07-07 14:28:03.025,11548,288,7,2,False,0,car,0 days 00:24:50.484000,0 days 01:23:05.996000
2024-07-07 14:28:03.185,11395,281,7,0,False,0,car,0 days 00:24:50.644000,0 days 01:23:06.156000
2024-07-07 14:28:03.385,10944,275,7,0,False,0,car,0 days 00:24:50.844000,0 days 01:23:06.356000
2024-07-07 14:28:03.665,10924,268,7,53,False,0,car,0 days 00:24:51.124000,0 days 01:23:06.636000
2024-07-07 14:28:03.945,10663,266,7,79,False,0,car,0 days 00:24:51.404000,0 days 01:23:06.916000
2024-07-07 14:28:04.345,10621,264,7,81,False,0,car,0 days 00:24:51.804000,0 days 01:23:07.316000
2024-07-07 14:28:04.585,10690,265,7,84,False,0,car,0 days 00:24:52.044000,0 days 01:23:07.556000
2024-07-07 14:28:04.745,10618,265,7,87,False,0,car,0 days 00:24:52.204000,0 days 01:23:07.716000
2024-07-07 14:28:05.065,10749,266,7,100,False,0,car,0 days 00:24:52.524000,0 days 01:23:08.036000
2024-07-07 14:28:05.265,10777,268,7,100,False,0,car,0 days 00:24:52.724000,0 days 01:23:08.236000
2024-07-07 14:28:05.625,10840,269,7,100,False,0,car,0 days 00:24:53.084000,0 days 01:23:08.596000
2024-07-07 14:28:05.785,10921,270,7,100,False,0,car,0 days 00:24:53.244000,0 days 01:23:08.756000
2024-07-07 14:28:06.105,11022,274,7,100,False,0,car,0 days 00:24:53.564000,0 days 01:23:09.076000
2024-07-07 14:28:06.425,11010,277,7,100,False,0,car,0 days 00:24:53.884000,0 days 01:23:09.396000
2024-07-07 14:28:06.705,11228,280,7,100,False,0,car,0 days 00:24:54.164000,0 days 01:23:09.676000
2024-07-07 14:28:07.025,11264,283,7,100,False,0,car,0 days 00:24:54.484000,0 days 01:23:09.996000
2024-07-07 14:28:07.465,11410,285,7,100,False,0,car,0 days 00:24:54.924000,0 days 01:23:10.436000
2024-07-07 14:28:07.825,11464,287,7,100,False,0,car,0 days 00:24:55.284000,0 days 01:23:10.796000
2024-07-07 14:28:08.065,11531,289,7,100,False,0,car,0 days 00:24:55.524000,0 days 01:23:11.036000
2024-07-07 14:28:08.225,11570,289,7,100,False,0,car,0 days 00:24:55.684000,0 days 01:23:11.196000
2024-07-07 14:28:08.505,11630,291,7,100,False,0,car,0 days 00:24:55.964000,0 days 01:23:11.476000
2024-07-07 14:28:08.705,11665,292,7,100,False,0,car,0 days 00:24:56.164000,0 days 01:23:11.676000
2024-07-07 14:28:09.065,11716,293,7,100,False,0,car,0 days 00:24:56.524000,0 days 01:23:12.036000
2024-07-07 14:28:09.265,11760,293,7,100,False,0,car,0 days 00:24:56.724000,0 days 01:23:12.236000
2024-07-07 14:28:09.465,11787,296,7,100,False,0,car,0 days 00:24:56.924000,0 days 01:23:12.436000
2024-07-07 14:28:09.745,11830,296,7,100,False,0,car,0 days 00:24:57.204000,0 days 01:23:12.716000
2024-07-07 14:28:09.985,11861,297,7,100,False,0,car,0 days 00:24:57.444000,0 days 01:23:12.956000
2024-07-07 14:28:10.225,11857,298,7,100,False,0,car,0 days 00:24:57.684000,0 days 01:23:13.196000
2024-07-07 14:28:10.505,11884,297,7,100,False,0,car,0 days 00:24:57.964000,0 days 01:23:13.476000
2024-07-07 14:28:10.706,11869,297,7,100,False,0,car,0 days 00:24:58.165000,0 days 01:23:13.677000
2024-07-07 14:28:11.105,11846,298,7,100,False,0,car,0 days 00:24:58.564000,0 days 01:23:14.076000
2024-07-07 14:28:11.505,11838,296,7,100,False,0,car,0 days 00:24:58.964000,0 days 01:23:14.476000
2024-07-07 14:28:11.705,11640,293,7,62,False,0,car,0 days 00:24:59.164000,0 days 01:23:14.676000
2024-07-07 14:28:11.865,11493,287,7,60,False,0,car,0 days 00:24:59.324000,0 days 01:23:14.836000
2024-07-07 14:28:12.145,11380,284,7,64,False,0,car,0 days 00:24:59.604000,0 days 01:23:15.116000
2024-07-07 14:28:12.505,11129,277,7,78,False,0,car,0 days 00:24:59.964000,0 days 01:23:15.476000
2024-07-07 14:28:12.785,11086,278,7,96,False,0,car,0 days 00:25:00.244000,0 days 01:23:15.756000
2024-07-07 14:28:13.185,11045,277,7,100,False,0,car,0 days 00:25:00.644000,0 days 01:23:16.156000
2024-07-07 14:28:13.385,11114,277,7,100,False,0,car,0 days 00:25:00.844000,0 days 01:23:16.356000
2024-07-07 14:28:13.625,10974,272,7,0,True,0,car,0 days 00:25:01.084000,0 days 01:23:16.596000
2024-07-07 14:28:14.025,10114,257,7,0,True,0,car,0 days 00:25:01.484000,0 days 01:23:16.996000
2024-07-07 14:28:14.385,10938,242,6,0,False,0,car,0 days 00:25:01.844000,0 days 01:23:17.356000
2024-07-07 14:28:14.625,10783,237,6,47,False,0,car,0 days 00:25:02.084000,0 days 01:23:17.596000
2024-07-07 14:28:15.025,10690,234,6,62,False,0,car,0 days 00:25:02.484000,0 days 01:23:17.996000
2024-07-07 14:28:15.265,10547,231,6,50,True,0,car,0 days 00:25:02.724000,0 days 01:23:18.236000
2024-07-07 14:28:15.465,9917,221,6,0,True,0,car,0 days 00:25:02.924000,0 days 01:23:18.436000
2024-07-07 14:28:15.905,9952,207,6,0,True,0,car,0 days 00:25:03.364000,0 days 01:23:18.876000
2024-07-07 14:28:16.145,10534,206,5,0,False,0,car,0 days 00:25:03.604000,0 days 01:23:19.116000
2024-07-07 14:28:16.385,10256,197,5,0,False,0,car,0 days 00:25:03.844000,0 days 01:23:19.356000
2024-07-07 14:28:16.705,10423,193,5,71,False,0,car,0 days 00:25:04.164000,0 days 01:23:19.676000
2024-07-07 14:28:16.905,10730,196,5,84,False,0,car,0 days 00:25:04.364000,0 days 01:23:19.876000
2024-07-07 14:28:17.186,10969,204,5,100,False,0,car,0 days 00:25:04.645000,0 days 01:23:20.157000
2024-07-07 14:28:17.426,11208,208,5,100,False,0,car,0 days 00:25:04.885000,0 days 01:23:20.397000
2024-07-07 14:28:17.625,11442,212,5,100,False,0,car,0 days 00:25:05.084000,0 days 01:23:20.596000
2024-07-07 14:28:17.945,11750,220,5,100,False,0,car,0 days 00:25:05.404000,0 days 01:23:20.916000
2024-07-07 14:28:18.185,12024,224,5,100,False,0,car,0 days 00:25:05.644000,0 days 01:23:21.156000
2024-07-07 14:28:18.545,10829,232,6,100,False,0,car,0 days 00:25:06.004000,0 days 01:23:21.516000
2024-07-07 14:28:18.745,10737,236,6,100,False,0,car,0 days 00:25:06.204000,0 days 01:23:21.716000
2024-07-07 14:28:18.945,11047,240,6,100,False,0,car,0 days 00:25:06.404000,0 days 01:23:21.916000
2024-07-07 14:28:19.105,11180,243,6,100,False,0,car,0 days 00:25:06.564000,0 days 01:23:22.076000
2024-07-07 14:28:19.345,11255,246,6,100,False,0,car,0 days 00:25:06.804000,0 days 01:23:22.316000
2024-07-07 14:28:19.625,11450,250,6,100,False,0,car,0 days 00:25:07.084000,0 days 01:23:22.596000
2024-07-07 14:28:19.905,11613,254,6,100,False,0,car,0 days 00:25:07.364000,0 days 01:23:22.876000
2024-07-07 14:28:20.105,11435,257,6,100,False,0,car,0 days 00:25:07.564000,0 days 01:23:23.076000
2024-07-07 14:28:20.305,10509,258,6,100,False,0,car,0 days 00:25:07.764000,0 days 01:23:23.276000
2024-07-07 14:28:20.665,10572,265,7,100,False,0,car,0 days 00:25:08.124000,0 days 01:23:23.636000
2024-07-07 14:28:20.825,10604,265,7,100,False,0,car,0 days 00:25:08.284000,0 days 01:23:23.796000
2024-07-07 14:28:21.265,10873,271,7,100,False,0,car,0 days 00:25:08.724000,0 days 01:23:24.236000
2024-07-07 14:28:21.585,10962,273,7,100,False,0,car,0 days 00:25:09.044000,0 days 01:23:24.556000
2024-07-07 14:28:21.745,10994,275,7,100,False,0,car,0 days 00:25:09.204000,0 days 01:23:24.716000
2024-07-07 14:28:22.105,11164,278,7,100,False,0,car,0 days 00:25:09.564000,0 days 01:23:25.076000
2024-07-07 14:28:22.465,11226,283,7,100,False,0,car,0 days 00:25:09.924000,0 days 01:23:25.436000
2024-07-07 14:28:22.905,11387,285,7,100,False,0,car,0 days 00:25:10.364000,0 days 01:23:25.876000
2024-07-07 14:28:23.145,11429,286,7,100,False,0,car,0 days 00:25:10.604000,0 days 01:23:26.116000
2024-07-07 14:28:23.425,11500,287,7,100,False,0,car,0 days 00:25:10.884000,0 days 01:23:26.396000
2024-07-07 14:28:23.705,11538,289,7,100,False,0,car,0 days 00:25:11.164000,0 days 01:23:26.676000
2024-07-07 14:28:23.866,11574,290,7,100,False,0,car,0 days 00:25:11.325000,0 days 01:23:26.837000
2024-07-07 14:28:24.106,11639,290,7,100,False,0,car,0 days 00:25:11.565000,0 days 01:23:27.077000
2024-07-07 14:28:24.265,11637,292,7,100,False,0,car,0 days 00:25:11.724000,0 days 01:23:27.236000
2024-07-07 14:28:24.425,11671,292,7,100,False,0,car,0 days 00:25:11.884000,0 days 01:23:27.396000
2024-07-07 14:28:24.785,10809,293,7,100,False,0,car,0 days 00:25:12.244000,0 days 01:23:27.756000
2024-07-07 14:28:25.145,10550,295,8,100,False,0,car,0 days 00:25:12.604000,0 days 01:23:28.116000
2024-07-07 14:28:25.345,10467,295,8,100,False,0,car,0 days 00:25:12.804000,0 days 01:23:28.316000
2024-07-07 14:28:25.545,10489,295,8,100,False,0,car,0 days 00:25:13.004000,0 days 01:23:28.516000
2024-07-07 14:28:25.905,10439,294,8,100,False,0,car,0 days 00:25:13.364000,0 days 01:23:28.876000
2024-07-07 14:28:26.345,10414,294,8,100,False,0,car,0 days 00:25:13.804000,0 days 01:23:29.316000
2024-07-07 14:28:26.505,10398,293,8,100,False,0,car,0 days 00:25:13.964000,0 days 01:23:29.476000
2024-07-07 14:28:26.825,10383,293,8,100,False,0,car,0 days 00:25:14.284000,0 days 01:23:29.796000
2024-07-07 14:28:27.105,10375,291,8,100,False,0,car,0 days 00:25:14.564000,0 days 01:23:30.076000
2024-07-07 14:28:27.345,10303,292,8,100,False,0,car,0 days 00:25:14.804000,0 days 01:23:30.316000
2024-07-07 14:28:27.545,10219,288,8,100,False,0,car,0 days 00:25:15.004000,0 days 01:23:30.516000
2024-07-07 14:28:27.705,10158,288,8,100,False,0,car,0 days 00:25:15.164000,0 days 01:23:30.676000
2024-07-07 14:28:27.945,10105,286,8,100,False,0,car,0 days 00:25:15.404000,0 days 01:23:30.916000
2024-07-07 14:28:28.105,10087,285,8,100,False,0,car,0 days 00:25:15.564000,0 days 01:23:31.076000
2024-07-07 14:28:28.385,9647,263,8,0,True,0,car,0 days 00:25:15.844000,0 days 01:23:31.356000
2024-07-07 14:28:28.545,9698,263,8,0,True,0,car,0 days 00:25:16.004000,0 days 01:23:31.516000
2024-07-07 14:28:28.905,9964,225,7,0,True,0,car,0 days 00:25:16.364000,0 days 01:23:31.876000
2024-07-07 14:28:29.065,9641,214,6,0,True,0,car,0 days 00:25:16.524000,0 days 01:23:32.036000
2024-07-07 14:28:29.225,9558,212,6,0,True,0,car,0 days 00:25:16.684000,0 days 01:23:32.196000
2024-07-07 14:28:29.545,9119,205,6,0,True,0,car,0 days 00:25:17.004000,0 days 01:23:32.516000
2024-07-07 14:28:30.426,9753,183,5,0,True,0,car,0 days 00:25:17.885000,0 days 01:23:33.397000
2024-07-07 14:28:30.626,9272,178,5,0,True,0,car,0 days 00:25:18.085000,0 days 01:23:33.597000
2024-07-07 14:28:30.906,9032,171,5,0,True,0,car,0 days 00:25:18.365000,0 days 01:23:33.877000
2024-07-07 14:28:31.065,8840,167,5,0,True,0,car,0 days 00:25:18.524000,0 days 01:23:34.036000
2024-07-07 14:28:31.305,9820,165,5,0,False,0,car,0 days 00:25:18.764000,0 days 01:23:34.276000
2024-07-07 14:28:31.545,10456,163,4,0,False,0,car,0 days 00:25:19.004000,0 days 01:23:34.516000
2024-07-07 14:28:31.785,9985,159,4,3,False,0,car,0 days 00:25:19.244000,0 days 01:23:34.756000
2024-07-07 14:28:31.945,9771,158,4,27,False,0,car,0 days 00:25:19.404000,0 days 01:23:34.916000
2024-07-07 14:28:32.345,9864,157,4,62,False,0,car,0 days 00:25:19.804000,0 days 01:23:35.316000
2024-07-07 14:28:32.665,10364,163,4,69,False,0,car,0 days 00:25:20.124000,0 days 01:23:35.636000
2024-07-07 14:28:32.985,10982,170,4,78,False,0,car,0 days 00:25:20.444000,0 days 01:23:35.956000
2024-07-07 14:28:33.265,11139,179,4,71,False,0,car,0 days 00:25:20.724000,0 days 01:23:36.236000
2024-07-07 14:28:33.625,9650,185,5,78,False,0,car,0 days 00:25:21.084000,0 days 01:23:36.596000
2024-07-07 14:28:34.105,10157,191,5,59,False,0,car,0 days 00:25:21.564000,0 days 01:23:37.076000
2024-07-07 14:28:34.425,10526,198,5,83,False,0,car,0 days 00:25:21.884000,0 days 01:23:37.396000
2024-07-07 14:28:34.625,10815,202,5,92,False,0,car,0 days 00:25:22.084000,0 days 01:23:37.596000
2024-07-07 14:28:34.825,11050,208,5,100,False,0,car,0 days 00:25:22.284000,0 days 01:23:37.796000
2024-07-07 14:28:35.105,11447,215,5,100,False,0,car,0 days 00:25:22.564000,0 days 01:23:38.076000
2024-07-07 14:28:35.265,11576,220,5,100,False,0,car,0 days 00:25:22.724000,0 days 01:23:38.236000
2024-07-07 14:28:35.425,11787,222,5,100,False,0,car,0 days 00:25:22.884000,0 days 01:23:38.396000
2024-07-07 14:28:35.665,11153,228,5,100,False,0,car,0 days 00:25:23.124000,0 days 01:23:38.636000
2024-07-07 14:28:35.905,10456,230,6,100,False,0,car,0 days 00:25:23.364000,0 days 01:23:38.876000
2024-07-07 14:28:36.145,10872,233,6,100,False,0,car,0 days 00:25:23.604000,0 days 01:23:39.116000
2024-07-07 14:28:36.385,10714,237,6,100,False,0,car,0 days 00:25:23.844000,0 days 01:23:39.356000
2024-07-07 14:28:36.625,10747,238,6,100,False,0,car,0 days 00:25:24.084000,0 days 01:23:39.596000
2024-07-07 14:28:36.865,10893,239,6,100,False,0,car,0 days 00:25:24.324000,0 days 01:23:39.836000
2024-07-07 14:28:37.066,10193,234,6,0,True,0,car,0 days 00:25:24.525000,0 days 01:23:40.037000
2024-07-07 14:28:37.226,11051,227,6,0,True,0,car,0 days 00:25:24.685000,0 days 01:23:40.197000
2024-07-07 14:28:37.466,9909,204,6,0,True,0,car,0 days 00:25:24.925000,0 days 01:23:40.437000
2024-07-07 14:28:37.785,9715,189,5,0,True,0,car,0 days 00:25:25.244000,0 days 01:23:40.756000
2024-07-07 14:28:38.065,9395,165,5,0,True,0,car,0 days 00:25:25.524000,0 days 01:23:41.036000
2024-07-07 14:28:38.345,9652,155,4,0,True,0,car,0 days 00:25:25.804000,0 days 01:23:41.316000
2024-07-07 14:28:38.545,9032,147,4,0,True,0,car,0 days 00:25:26.004000,0 days 01:23:41.516000
2024-07-07 14:28:38.745,8783,139,4,0,True,0,car,0 days 00:25:26.204000,0 days 01:23:41.716000
2024-07-07 14:28:39.145,8703,120,3,0,True,0,car,0 days 00:25:26.604000,0 days 01:23:42.116000
2024-07-07 14:28:39.305,8229,113,3,0,True,0,car,0 days 00:25:26.764000,0 days 01:23:42.276000
2024-07-07 14:28:39.465,7905,107,3,0,True,0,car,0 days 00:25:26.924000,0 days 01:23:42.436000
2024-07-07 14:28:39.825,7398,102,3,0,True,0,car,0 days 00:25:27.284000,0 days 01:23:42.796000
2024-07-07 14:28:40.065,7220,98,3,0,False,0,car,0 days 00:25:27.524000,0 days 01:23:43.036000
2024-07-07 14:28:40.305,7149,97,3,2,False,0,car,0 days 00:25:27.764000,0 days 01:23:43.276000
2024-07-07 14:28:40.545,7021,97,3,7,False,0,car,0 days 00:25:28.004000,0 days 01:23:43.516000
2024-07-07 14:28:40.705,6965,95,3,9,False,0,car,0 days 00:25:28.164000,0 days 01:23:43.676000
2024-07-07 14:28:40.905,7168,96,3,9,False,0,car,0 days 00:25:28.364000,0 days 01:23:43.876000
2024-07-07 14:28:41.105,7058,96,3,28,False,0,car,0 days 00:25:28.564000,0 days 01:23:44.076000
2024-07-07 14:28:41.425,7557,100,3,39,False,0,car,0 days 00:25:28.884000,0 days 01:23:44.396000
2024-07-07 14:28:41.705,7971,105,3,45,False,0,car,0 days 00:25:29.164000,0 days 01:23:44.676000
2024-07-07 14:28:41.905,8190,109,3,49,False,0,car,0 days 00:25:29.364000,0 days 01:23:44.876000
2024-07-07 14:28:42.105,8456,113,3,50,False,0,car,0 days 00:25:29.564000,0 days 01:23:45.076000
2024-07-07 14:28:42.465,8134,110,3,6,False,0,car,0 days 00:25:29.924000,0 days 01:23:45.436000
2024-07-07 14:28:42.665,8039,109,3,14,False,0,car,0 days 00:25:30.124000,0 days 01:23:45.636000
2024-07-07 14:28:42.945,8192,109,3,24,False,0,car,0 days 00:25:30.404000,0 days 01:23:45.916000
2024-07-07 14:28:43.225,8360,110,3,48,False,0,car,0 days 00:25:30.684000,0 days 01:23:46.196000
2024-07-07 14:28:43.546,8792,115,3,52,False,0,car,0 days 00:25:31.005000,0 days 01:23:46.517000
2024-07-07 14:28:43.746,8894,119,3,54,False,0,car,0 days 00:25:31.205000,0 days 01:23:46.717000
2024-07-07 14:28:44.026,9697,127,3,69,False,0,car,0 days 00:25:31.485000,0 days 01:23:46.997000
2024-07-07 14:28:44.226,9880,134,3,71,False,0,car,0 days 00:25:31.685000,0 days 01:23:47.197000
2024-07-07 14:28:44.585,9753,146,3,54,False,0,car,0 days 00:25:32.044000,0 days 01:23:47.556000
2024-07-07 14:28:44.825,9906,152,4,79,False,0,car,0 days 00:25:32.284000,0 days 01:23:47.796000
2024-07-07 14:28:45.065,9983,157,4,76,False,0,car,0 days 00:25:32.524000,0 days 01:23:48.036000
2024-07-07 14:28:45.385,10676,169,4,78,False,0,car,0 days 00:25:32.844000,0 days 01:23:48.356000
2024-07-07 14:28:45.585,10665,173,4,74,False,0,car,0 days 00:25:33.044000,0 days 01:23:48.556000
2024-07-07 14:28:45.745,9603,175,5,74,False,0,car,0 days 00:25:33.204000,0 days 01:23:48.716000
2024-07-07 14:28:45.985,9751,182,5,81,False,0,car,0 days 00:25:33.444000,0 days 01:23:48.956000
2024-07-07 14:28:46.385,10047,193,5,83,False,0,car,0 days 00:25:33.844000,0 days 01:23:49.356000
2024-07-07 14:28:46.545,10481,196,5,89,False,0,car,0 days 00:25:34.004000,0 days 01:23:49.516000
2024-07-07 14:28:46.705,10664,201,5,84,False,0,car,0 days 00:25:34.164000,0 days 01:23:49.676000
2024-07-07 14:28:46.985,10899,204,5,76,False,0,car,0 days 00:25:34.444000,0 days 01:23:49.956000
2024-07-07 14:28:47.465,11254,213,5,100,False,0,car,0 days 00:25:34.924000,0 days 01:23:50.436000
2024-07-07 14:28:47.705,11550,217,5,100,False,0,car,0 days 00:25:35.164000,0 days 01:23:50.676000
2024-07-07 14:28:47.865,11770,224,5,100,False,0,car,0 days 00:25:35.324000,0 days 01:23:50.836000
2024-07-07 14:28:48.105,11603,228,5,100,False,0,car,0 days 00:25:35.564000,0 days 01:23:51.076000
2024-07-07 14:28:48.465,10640,236,6,100,False,0,car,0 days 00:25:35.924000,0 days 01:23:51.436000
2024-07-07 14:28:48.665,10981,240,6,100,False,0,car,0 days 00:25:36.124000,0 days 01:23:51.636000
2024-07-07 14:28:48.945,11069,244,6,100,False,0,car,0 days 00:25:36.404000,0 days 01:23:51.916000
2024-07-07 14:28:49.305,11523,251,6,100,False,0,car,0 days 00:25:36.764000,0 days 01:23:52.276000
2024-07-07 14:28:49.465,11597,255,6,100,False,0,car,0 days 00:25:36.924000,0 days 01:23:52.436000
2024-07-07 14:28:49.825,11368,260,6,100,False,0,car,0 days 00:25:37.284000,0 days 01:23:52.796000
2024-07-07 14:28:50.066,10989,264,7,100,False,0,car,0 days 00:25:37.525000,0 days 01:23:53.037000
2024-07-07 14:28:50.506,10827,268,7,100,False,0,car,0 days 00:25:37.965000,0 days 01:23:53.477000
2024-07-07 14:28:50.666,10846,272,7,100,False,0,car,0 days 00:25:38.125000,0 days 01:23:53.637000
2024-07-07 14:28:51.505,11211,281,7,100,False,0,car,0 days 00:25:38.964000,0 days 01:23:54.476000
2024-07-07 14:28:51.705,11258,282,7,100,False,0,car,0 days 00:25:39.164000,0 days 01:23:54.676000
2024-07-07 14:28:52.185,11373,286,7,100,False,0,car,0 days 00:25:39.644000,0 days 01:23:55.156000
2024-07-07 14:28:52.505,11482,288,7,100,False,0,car,0 days 00:25:39.964000,0 days 01:23:55.476000
2024-07-07 14:28:52.665,11495,288,7,100,False,0,car,0 days 00:25:40.124000,0 days 01:23:55.636000
2024-07-07 14:28:52.825,11555,289,7,100,False,0,car,0 days 00:25:40.284000,0 days 01:23:55.796000
2024-07-07 14:28:53.185,10925,289,7,16,True,0,car,0 days 00:25:40.644000,0 days 01:23:56.156000
2024-07-07 14:28:53.345,10826,289,7,0,True,0,car,0 days 00:25:40.804000,0 days 01:23:56.316000
2024-07-07 14:28:53.505,10742,270,7,0,True,0,car,0 days 00:25:40.964000,0 days 01:23:56.476000
2024-07-07 14:28:53.665,10742,263,7,0,True,0,car,0 days 00:25:41.124000,0 days 01:23:56.636000
2024-07-07 14:28:53.945,10137,257,7,0,False,0,car,0 days 00:25:41.404000,0 days 01:23:56.916000
2024-07-07 14:28:54.185,10022,251,7,26,False,0,car,0 days 00:25:41.644000,0 days 01:23:57.156000
2024-07-07 14:28:54.425,9649,245,7,20,False,0,car,0 days 00:25:41.884000,0 days 01:23:57.396000
2024-07-07 14:28:54.705,9342,240,7,20,False,0,car,0 days 00:25:42.164000,0 days 01:23:57.676000
2024-07-07 14:28:55.065,9289,235,7,57,False,0,car,0 days 00:25:42.524000,0 days 01:23:58.036000
2024-07-07 14:28:55.265,9489,235,7,77,False,0,car,0 days 00:25:42.724000,0 days 01:23:58.236000
2024-07-07 14:28:55.425,9519,235,7,95,False,0,car,0 days 00:25:42.884000,0 days 01:23:58.396000
2024-07-07 14:28:55.625,9656,239,7,100,False,0,car,0 days 00:25:43.084000,0 days 01:23:58.596000
2024-07-07 14:28:55.865,9703,243,7,100,False,0,car,0 days 00:25:43.324000,0 days 01:23:58.836000
2024-07-07 14:28:56.025,9861,246,7,100,False,0,car,0 days 00:25:43.484000,0 days 01:23:58.996000
2024-07-07 14:28:56.505,10143,254,7,87,False,0,car,0 days 00:25:43.964000,0 days 01:23:59.476000
2024-07-07 14:28:56.666,10189,253,7,67,False,0,car,0 days 00:25:44.125000,0 days 01:23:59.637000
2024-07-07 14:28:56.866,10153,250,7,42,False,0,car,0 days 00:25:44.325000,0 days 01:23:59.837000
2024-07-07 14:28:57.146,9835,247,7,42,False,0,car,0 days 00:25:44.605000,0 days 01:24:00.117000
2024-07-07 14:28:57.306,10115,244,7,42,False,0,car,0 days 00:25:44.765000,0 days 01:24:00.277000
2024-07-07 14:28:57.546,11038,242,6,63,False,0,car,0 days 00:25:45.005000,0 days 01:24:00.517000
2024-07-07 14:28:57.945,11157,244,6,89,False,0,car,0 days 00:25:45.404000,0 days 01:24:00.916000
2024-07-07 14:28:58.305,11401,248,6,100,False,0,car,0 days 00:25:45.764000,0 days 01:24:01.276000
2024-07-07 14:28:58.465,11434,250,6,100,False,0,car,0 days 00:25:45.924000,0 days 01:24:01.436000
2024-07-07 14:28:58.745,11528,252,6,100,False,0,car,0 days 00:25:46.204000,0 days 01:24:01.716000
2024-07-07 14:28:59.105,11501,255,6,100,False,0,car,0 days 00:25:46.564000,0 days 01:24:02.076000
2024-07-07 14:28:59.385,10971,255,6,0,True,0,car,0 days 00:25:46.844000,0 days 01:24:02.356000
2024-07-07 14:28:59.625,10540,233,6,0,True,0,car,0 days 00:25:47.084000,0 days 01:24:02.596000
2024-07-07 14:28:59.945,9501,208,6,0,True,0,car,0 days 00:25:47.404000,0 days 01:24:02.916000
2024-07-07 14:29:00.105,10100,193,6,0,True,0,car,0 days 00:25:47.564000,0 days 01:24:03.076000
2024-07-07 14:29:00.425,8886,171,5,0,True,0,car,0 days 00:25:47.884000,0 days 01:24:03.396000
2024-07-07 14:29:00.665,9868,153,4,0,True,0,car,0 days 00:25:48.124000,0 days 01:24:03.636000
2024-07-07 14:29:01.065,8640,136,4,0,True,0,car,0 days 00:25:48.524000,0 days 01:24:04.036000
2024-07-07 14:29:01.385,8315,126,4,0,True,0,car,0 days 00:25:48.844000,0 days 01:24:04.356000
2024-07-07 14:29:01.585,8777,121,3,0,True,0,car,0 days 00:25:49.044000,0 days 01:24:04.556000
2024-07-07 14:29:01.785,8358,116,3,0,True,0,car,0 days 00:25:49.244000,0 days 01:24:04.756000
2024-07-07 14:29:02.105,8046,110,3,0,False,0,car,0 days 00:25:49.564000,0 days 01:24:05.076000
2024-07-07 14:29:02.305,7979,109,3,0,False,0,car,0 days 00:25:49.764000,0 days 01:24:05.276000
2024-07-07 14:29:02.505,7974,107,3,5,False,0,car,0 days 00:25:49.964000,0 days 01:24:05.476000
2024-07-07 14:29:02.785,7883,105,3,22,False,0,car,0 days 00:25:50.244000,0 days 01:24:05.756000
2024-07-07 14:29:03.145,8185,107,3,39,False,0,car,0 days 00:25:50.604000,0 days 01:24:06.116000
2024-07-07 14:29:03.346,8298,109,3,42,False,0,car,0 days 00:25:50.805000,0 days 01:24:06.317000
2024-07-07 14:29:03.666,8687,115,3,50,False,0,car,0 days 00:25:51.125000,0 days 01:24:06.637000
2024-07-07 14:29:03.986,9026,121,3,52,False,0,car,0 days 00:25:51.445000,0 days 01:24:06.957000
2024-07-07 14:29:04.386,9742,132,3,65,False,0,car,0 days 00:25:51.845000,0 days 01:24:07.357000
2024-07-07 14:29:04.705,10765,142,3,77,False,0,car,0 days 00:25:52.164000,0 days 01:24:07.676000
2024-07-07 14:29:04.865,10151,139,3,0,True,0,car,0 days 00:25:52.324000,0 days 01:24:07.836000
2024-07-07 14:29:05.105,9209,129,3,0,True,0,car,0 days 00:25:52.564000,0 days 01:24:08.076000
2024-07-07 14:29:05.265,8788,124,3,0,True,0,car,0 days 00:25:52.724000,0 days 01:24:08.236000
2024-07-07 14:29:05.585,8056,111,3,0,True,0,car,0 days 00:25:53.044000,0 days 01:24:08.556000
2024-07-07 14:29:05.825,7659,104,3,0,True,0,car,0 days 00:25:53.284000,0 days 01:24:08.796000
2024-07-07 14:29:06.065,7436,99,3,0,True,0,car,0 days 00:25:53.524000,0 days 01:24:09.036000
2024-07-07 14:29:06.265,7218,96,3,0,False,0,car,0 days 00:25:53.724000,0 days 01:24:09.236000
2024-07-07 14:29:06.625,6872,93,3,0,False,0,car,0 days 00:25:54.084000,0 days 01:24:09.596000
2024-07-07 14:29:06.865,6766,91,3,0,False,0,car,0 days 00:25:54.324000,0 days 01:24:09.836000
2024-07-07 14:29:07.265,6447,88,3,0,False,0,car,0 days 00:25:54.724000,0 days 01:24:10.236000
2024-07-07 14:29:07.705,6831,89,3,29,False,0,car,0 days 00:25:55.164000,0 days 01:24:10.676000
2024-07-07 14:29:07.905,7093,92,3,34,False,0,car,0 days 00:25:55.364000,0 days 01:24:10.876000
2024-07-07 14:29:08.265,7457,99,3,43,False,0,car,0 days 00:25:55.724000,0 days 01:24:11.236000
2024-07-07 14:29:08.545,7913,104,3,53,False,0,car,0 days 00:25:56.004000,0 days 01:24:11.516000
2024-07-07 14:29:08.945,8824,115,3,65,False,0,car,0 days 00:25:56.404000,0 days 01:24:11.916000
2024-07-07 14:29:09.105,9436,118,3,70,False,0,car,0 days 00:25:56.564000,0 days 01:24:12.076000
2024-07-07 14:29:09.265,9802,131,3,79,False,0,car,0 days 00:25:56.724000,0 days 01:24:12.236000
2024-07-07 14:29:09.425,10414,135,3,87,False,0,car,0 days 00:25:56.884000,0 days 01:24:12.396000
2024-07-07 14:29:09.826,11069,155,3,100,False,0,car,0 days 00:25:57.285000,0 days 01:24:12.797000
2024-07-07 14:29:10.106,10752,168,4,100,False,0,car,0 days 00:25:57.565000,0 days 01:24:13.077000
2024-07-07 14:29:10.426,11514,181,4,100,False,0,car,0 days 00:25:57.885000,0 days 01:24:13.397000
2024-07-07 14:29:10.626,11296,188,4,100,False,0,car,0 days 00:25:58.085000,0 days 01:24:13.597000
2024-07-07 14:29:11.026,10852,201,5,100,False,0,car,0 days 00:25:58.485000,0 days 01:24:13.997000
2024-07-07 14:29:11.385,11332,212,5,100,False,0,car,0 days 00:25:58.844000,0 days 01:24:14.356000
2024-07-07 14:29:11.785,11548,223,5,100,False,0,car,0 days 00:25:59.244000,0 days 01:24:14.756000
2024-07-07 14:29:11.945,10428,223,5,100,False,0,car,0 days 00:25:59.404000,0 days 01:24:14.916000
2024-07-07 14:29:12.225,10541,229,6,100,False,0,car,0 days 00:25:59.684000,0 days 01:24:15.196000
2024-07-07 14:29:12.505,10812,235,6,100,False,0,car,0 days 00:25:59.964000,0 days 01:24:15.476000
2024-07-07 14:29:12.945,11001,240,6,100,False,0,car,0 days 00:26:00.404000,0 days 01:24:15.916000
2024-07-07 14:29:13.145,11174,243,6,100,False,0,car,0 days 00:26:00.604000,0 days 01:24:16.116000
2024-07-07 14:29:13.385,11371,249,6,100,False,0,car,0 days 00:26:00.844000,0 days 01:24:16.356000
2024-07-07 14:29:13.665,11479,252,6,100,False,0,car,0 days 00:26:01.124000,0 days 01:24:16.636000
2024-07-07 14:29:13.945,11644,256,6,100,False,0,car,0 days 00:26:01.404000,0 days 01:24:16.916000
2024-07-07 14:29:14.105,11734,257,6,100,False,0,car,0 days 00:26:01.564000,0 days 01:24:17.076000
2024-07-07 14:29:14.345,10474,259,7,100,False,0,car,0 days 00:26:01.804000,0 days 01:24:17.316000
2024-07-07 14:29:14.665,10505,264,7,100,False,0,car,0 days 00:26:02.124000,0 days 01:24:17.636000
2024-07-07 14:29:14.985,10666,266,7,100,False,0,car,0 days 00:26:02.444000,0 days 01:24:17.956000
2024-07-07 14:29:15.305,10842,270,7,100,False,0,car,0 days 00:26:02.764000,0 days 01:24:18.276000
2024-07-07 14:29:15.545,10857,270,7,100,False,0,car,0 days 00:26:03.004000,0 days 01:24:18.516000
2024-07-07 14:29:15.745,10920,274,7,100,False,0,car,0 days 00:26:03.204000,0 days 01:24:18.716000
2024-07-07 14:29:15.985,11048,276,7,100,False,0,car,0 days 00:26:03.444000,0 days 01:24:18.956000
2024-07-07 14:29:16.185,11098,278,7,100,False,0,car,0 days 00:26:03.644000,0 days 01:24:19.156000
2024-07-07 14:29:16.426,11159,279,7,100,False,0,car,0 days 00:26:03.885000,0 days 01:24:19.397000
2024-07-07 14:29:16.626,11222,280,7,100,False,0,car,0 days 00:26:04.085000,0 days 01:24:19.597000
2024-07-07 14:29:16.826,11256,281,7,100,False,0,car,0 days 00:26:04.285000,0 days 01:24:19.797000
2024-07-07 14:29:17.106,11308,284,7,100,False,0,car,0 days 00:26:04.565000,0 days 01:24:20.077000
2024-07-07 14:29:17.306,11372,285,7,100,False,0,car,0 days 00:26:04.765000,0 days 01:24:20.277000
2024-07-07 14:29:17.706,11448,287,7,100,False,0,car,0 days 00:26:05.165000,0 days 01:24:20.677000
2024-07-07 14:29:17.866,11468,287,7,100,False,0,car,0 days 00:26:05.325000,0 days 01:24:20.837000
2024-07-07 14:29:18.066,11507,289,7,100,False,0,car,0 days 00:26:05.525000,0 days 01:24:21.037000
2024-07-07 14:29:18.225,11536,288,7,100,False,0,car,0 days 00:26:05.684000,0 days 01:24:21.196000
2024-07-07 14:29:18.545,11576,290,7,100,False,0,car,0 days 00:26:06.004000,0 days 01:24:21.516000
2024-07-07 14:29:18.745,11630,290,7,100,False,0,car,0 days 00:26:06.204000,0 days 01:24:21.716000
2024-07-07 14:29:19.025,11578,290,7,100,False,0,car,0 days 00:26:06.484000,0 days 01:24:21.996000
2024-07-07 14:29:19.385,11501,289,7,100,False,0,car,0 days 00:26:06.844000,0 days 01:24:22.356000
2024-07-07 14:29:19.545,11076,289,7,29,True,0,car,0 days 00:26:07.004000,0 days 01:24:22.516000
2024-07-07 14:29:19.745,10784,274,7,0,True,0,car,0 days 00:26:07.204000,0 days 01:24:22.716000
2024-07-07 14:29:20.025,9648,247,7,0,True,0,car,0 days 00:26:07.484000,0 days 01:24:22.996000
2024-07-07 14:29:20.265,8988,229,7,0,True,0,car,0 days 00:26:07.724000,0 days 01:24:23.236000
2024-07-07 14:29:20.625,9254,198,6,0,True,0,car,0 days 00:26:08.084000,0 days 01:24:23.596000
2024-07-07 14:29:20.825,9296,186,6,0,True,0,car,0 days 00:26:08.284000,0 days 01:24:23.796000
2024-07-07 14:29:21.265,8730,172,5,0,True,0,car,0 days 00:26:08.724000,0 days 01:24:24.236000
2024-07-07 14:29:21.425,8398,162,5,0,True,0,car,0 days 00:26:08.884000,0 days 01:24:24.396000
2024-07-07 14:29:21.825,9382,152,4,0,True,0,car,0 days 00:26:09.284000,0 days 01:24:24.796000
2024-07-07 14:29:21.985,9160,147,4,0,False,0,car,0 days 00:26:09.444000,0 days 01:24:24.956000
2024-07-07 14:29:22.145,9035,147,4,0,False,0,car,0 days 00:26:09.604000,0 days 01:24:25.116000
2024-07-07 14:29:22.385,8861,143,4,2,False,0,car,0 days 00:26:09.844000,0 days 01:24:25.356000
2024-07-07 14:29:22.705,8729,140,4,17,False,0,car,0 days 00:26:10.164000,0 days 01:24:25.676000
2024-07-07 14:29:22.865,8693,139,4,28,False,0,car,0 days 00:26:10.324000,0 days 01:24:25.836000
2024-07-07 14:29:23.346,8952,141,4,49,False,0,car,0 days 00:26:10.805000,0 days 01:24:26.317000
2024-07-07 14:29:23.746,9138,144,4,52,False,0,car,0 days 00:26:11.205000,0 days 01:24:26.717000
2024-07-07 14:29:24.186,9576,147,4,63,False,0,car,0 days 00:26:11.645000,0 days 01:24:27.157000
2024-07-07 14:29:24.586,10068,156,4,71,False,0,car,0 days 00:26:12.045000,0 days 01:24:27.557000
2024-07-07 14:29:24.786,10297,164,4,78,False,0,car,0 days 00:26:12.245000,0 days 01:24:27.757000
2024-07-07 14:29:24.945,10591,167,4,82,False,0,car,0 days 00:26:12.404000,0 days 01:24:27.916000
2024-07-07 14:29:25.345,10094,161,4,0,True,0,car,0 days 00:26:12.804000,0 days 01:24:28.316000
2024-07-07 14:29:25.585,9345,150,4,0,True,0,car,0 days 00:26:13.044000,0 days 01:24:28.556000
2024-07-07 14:29:25.905,8362,136,4,0,True,0,car,0 days 00:26:13.364000,0 days 01:24:28.876000
2024-07-07 14:29:26.185,8157,129,4,0,False,0,car,0 days 00:26:13.644000,0 days 01:24:29.156000
2024-07-07 14:29:26.585,7718,124,4,0,False,0,car,0 days 00:26:14.044000,0 days 01:24:29.556000
2024-07-07 14:29:26.985,8561,117,3,0,True,0,car,0 days 00:26:14.444000,0 days 01:24:29.956000
2024-07-07 14:29:27.145,8460,116,3,0,False,0,car,0 days 00:26:14.604000,0 days 01:24:30.116000
2024-07-07 14:29:27.465,8556,113,3,14,False,0,car,0 days 00:26:14.924000,0 days 01:24:30.436000
2024-07-07 14:29:27.785,8497,112,3,30,False,0,car,0 days 00:26:15.244000,0 days 01:24:30.756000
2024-07-07 14:29:28.065,8569,114,3,37,False,0,car,0 days 00:26:15.524000,0 days 01:24:31.036000
2024-07-07 14:29:28.425,8752,115,3,39,False,0,car,0 days 00:26:15.884000,0 days 01:24:31.396000
2024-07-07 14:29:28.665,8817,118,3,43,False,0,car,0 days 00:26:16.124000,0 days 01:24:31.636000
2024-07-07 14:29:29.105,9314,123,3,52,False,0,car,0 days 00:26:16.564000,0 days 01:24:32.076000
2024-07-07 14:29:29.505,10045,128,3,69,False,0,car,0 days 00:26:16.964000,0 days 01:24:32.476000
2024-07-07 14:29:29.666,10238,138,3,72,False,0,car,0 days 00:26:17.125000,0 days 01:24:32.637000
2024-07-07 14:29:30.026,11211,148,3,83,False,0,car,0 days 00:26:17.485000,0 days 01:24:32.997000
2024-07-07 14:29:30.306,10176,160,4,91,False,0,car,0 days 00:26:17.765000,0 days 01:24:33.277000
2024-07-07 14:29:30.506,10829,169,4,100,False,0,car,0 days 00:26:17.965000,0 days 01:24:33.477000
2024-07-07 14:29:30.666,11114,177,4,100,False,0,car,0 days 00:26:18.125000,0 days 01:24:33.637000
2024-07-07 14:29:31.026,11745,184,4,100,False,0,car,0 days 00:26:18.485000,0 days 01:24:33.997000
2024-07-07 14:29:31.226,10708,194,5,100,False,0,car,0 days 00:26:18.685000,0 days 01:24:34.197000
2024-07-07 14:29:31.426,10909,197,5,100,False,0,car,0 days 00:26:18.885000,0 days 01:24:34.397000
2024-07-07 14:29:31.625,11086,207,5,100,False,0,car,0 days 00:26:19.084000,0 days 01:24:34.596000
2024-07-07 14:29:31.825,11288,209,5,100,False,0,car,0 days 00:26:19.284000,0 days 01:24:34.796000
2024-07-07 14:29:32.065,11581,221,5,100,False,0,car,0 days 00:26:19.524000,0 days 01:24:35.036000
2024-07-07 14:29:32.425,10999,228,6,100,False,0,car,0 days 00:26:19.884000,0 days 01:24:35.396000
2024-07-07 14:29:32.665,10609,234,6,100,False,0,car,0 days 00:26:20.124000,0 days 01:24:35.636000
2024-07-07 14:29:32.825,10778,236,6,100,False,0,car,0 days 00:26:20.284000,0 days 01:24:35.796000
2024-07-07 14:29:33.105,11103,243,6,100,False,0,car,0 days 00:26:20.564000,0 days 01:24:36.076000
2024-07-07 14:29:33.465,11322,248,6,100,False,0,car,0 days 00:26:20.924000,0 days 01:24:36.436000
2024-07-07 14:29:33.865,11595,254,6,100,False,0,car,0 days 00:26:21.324000,0 days 01:24:36.836000
2024-07-07 14:29:34.265,11070,260,6,100,False,0,car,0 days 00:26:21.724000,0 days 01:24:37.236000
2024-07-07 14:29:34.425,10807,261,7,100,False,0,car,0 days 00:26:21.884000,0 days 01:24:37.396000
2024-07-07 14:29:34.585,10558,263,7,100,False,0,car,0 days 00:26:22.044000,0 days 01:24:37.556000
2024-07-07 14:29:34.825,10618,265,7,100,False,0,car,0 days 00:26:22.284000,0 days 01:24:37.796000
2024-07-07 14:29:35.225,10850,270,7,100,False,0,car,0 days 00:26:22.684000,0 days 01:24:38.196000
2024-07-07 14:29:35.505,10961,273,7,100,False,0,car,0 days 00:26:22.964000,0 days 01:24:38.476000
2024-07-07 14:29:35.905,11103,277,7,100,False,0,car,0 days 00:26:23.364000,0 days 01:24:38.876000
2024-07-07 14:29:36.065,11127,279,7,100,False,0,car,0 days 00:26:23.524000,0 days 01:24:39.036000
2024-07-07 14:29:36.266,11197,280,7,100,False,0,car,0 days 00:26:23.725000,0 days 01:24:39.237000
2024-07-07 14:29:36.466,11272,281,7,100,False,0,car,0 days 00:26:23.925000,0 days 01:24:39.437000
2024-07-07 14:29:36.906,11409,285,7,100,False,0,car,0 days 00:26:24.365000,0 days 01:24:39.877000
2024-07-07 14:29:37.066,11438,288,7,100,False,0,car,0 days 00:26:24.525000,0 days 01:24:40.037000
2024-07-07 14:29:37.226,11511,287,7,100,False,0,car,0 days 00:26:24.685000,0 days 01:24:40.197000
2024-07-07 14:29:37.386,11577,289,7,100,False,0,car,0 days 00:26:24.845000,0 days 01:24:40.357000
2024-07-07 14:29:37.706,11624,291,7,100,False,0,car,0 days 00:26:25.165000,0 days 01:24:40.677000
2024-07-07 14:29:37.866,11657,292,7,100,False,0,car,0 days 00:26:25.325000,0 days 01:24:40.837000
2024-07-07 14:29:38.026,11689,294,7,100,False,0,car,0 days 00:26:25.485000,0 days 01:24:40.997000
2024-07-07 14:29:38.305,11487,294,7,100,False,0,car,0 days 00:26:25.764000,0 days 01:24:41.276000
2024-07-07 14:29:38.665,10337,296,8,100,False,0,car,0 days 00:26:26.124000,0 days 01:24:41.636000
2024-07-07 14:29:38.985,10515,298,8,100,False,0,car,0 days 00:26:26.444000,0 days 01:24:41.956000
2024-07-07 14:29:39.145,10527,297,8,100,False,0,car,0 days 00:26:26.604000,0 days 01:24:42.116000
2024-07-07 14:29:39.385,10593,297,8,100,False,0,car,0 days 00:26:26.844000,0 days 01:24:42.356000
2024-07-07 14:29:39.705,10497,295,8,100,False,0,car,0 days 00:26:27.164000,0 days 01:24:42.676000
2024-07-07 14:29:39.985,10583,295,8,97,True,0,car,0 days 00:26:27.444000,0 days 01:24:42.956000
2024-07-07 14:29:40.425,10556,267,7,0,True,0,car,0 days 00:26:27.884000,0 days 01:24:43.396000
2024-07-07 14:29:40.585,10225,258,7,0,True,0,car,0 days 00:26:28.044000,0 days 01:24:43.556000
2024-07-07 14:29:41.025,11111,247,6,0,False,0,car,0 days 00:26:28.484000,0 days 01:24:43.996000
2024-07-07 14:29:41.425,10902,237,6,72,False,0,car,0 days 00:26:28.884000,0 days 01:24:44.396000
2024-07-07 14:29:41.905,10947,239,6,83,False,0,car,0 days 00:26:29.364000,0 days 01:24:44.876000
2024-07-07 14:29:42.265,11141,242,6,100,False,0,car,0 days 00:26:29.724000,0 days 01:24:45.236000
2024-07-07 14:29:43.466,11817,260,6,100,False,0,car,0 days 00:26:30.925000,0 days 01:24:46.437000
2024-07-07 14:29:43.666,10417,262,7,100,False,0,car,0 days 00:26:31.125000,0 days 01:24:46.637000
2024-07-07 14:29:43.866,10689,266,7,100,False,0,car,0 days 00:26:31.325000,0 days 01:24:46.837000
2024-07-07 14:29:44.026,10567,266,7,100,False,0,car,0 days 00:26:31.485000,0 days 01:24:46.997000
2024-07-07 14:29:44.386,10836,272,7,100,False,0,car,0 days 00:26:31.845000,0 days 01:24:47.357000
2024-07-07 14:29:44.546,10908,273,7,100,False,0,car,0 days 00:26:32.005000,0 days 01:24:47.517000
2024-07-07 14:29:44.866,11022,277,7,100,False,0,car,0 days 00:26:32.325000,0 days 01:24:47.837000
2024-07-07 14:29:45.185,11144,278,7,100,False,0,car,0 days 00:26:32.644000,0 days 01:24:48.156000
2024-07-07 14:29:45.385,11216,280,7,100,False,0,car,0 days 00:26:32.844000,0 days 01:24:48.356000
2024-07-07 14:29:45.665,11275,283,7,100,False,0,car,0 days 00:26:33.124000,0 days 01:24:48.636000
2024-07-07 14:29:45.905,11366,284,7,100,False,0,car,0 days 00:26:33.364000,0 days 01:24:48.876000
2024-07-07 14:29:46.065,11413,285,7,100,False,0,car,0 days 00:26:33.524000,0 days 01:24:49.036000
2024-07-07 14:29:46.305,11446,286,7,100,False,0,car,0 days 00:26:33.764000,0 days 01:24:49.276000
2024-07-07 14:29:46.625,11516,289,7,100,False,0,car,0 days 00:26:34.084000,0 days 01:24:49.596000
2024-07-07 14:29:46.905,11581,289,7,100,False,0,car,0 days 00:26:34.364000,0 days 01:24:49.876000
2024-07-07 14:29:47.265,11648,293,7,100,False,0,car,0 days 00:26:34.724000,0 days 01:24:50.236000
2024-07-07 14:29:47.425,11691,293,7,100,False,0,car,0 days 00:26:34.884000,0 days 01:24:50.396000
2024-07-07 14:29:47.745,11131,293,8,100,False,0,car,0 days 00:26:35.204000,0 days 01:24:50.716000
2024-07-07 14:29:48.065,10562,295,8,100,False,0,car,0 days 00:26:35.524000,0 days 01:24:51.036000
2024-07-07 14:29:48.385,10531,296,8,100,False,0,car,0 days 00:26:35.844000,0 days 01:24:51.356000
2024-07-07 14:29:48.585,10546,296,8,100,False,0,car,0 days 00:26:36.044000,0 days 01:24:51.556000
2024-07-07 14:29:48.745,10546,296,8,100,False,0,car,0 days 00:26:36.204000,0 days 01:24:51.716000
2024-07-07 14:29:48.985,10734,298,8,92,False,0,car,0 days 00:26:36.444000,0 days 01:24:51.956000
2024-07-07 14:29:49.185,9910,281,8,0,True,0,car,0 days 00:26:36.644000,0 days 01:24:52.156000
2024-07-07 14:29:49.346,10117,275,8,0,True,0,car,0 days 00:26:36.805000,0 days 01:24:52.317000
2024-07-07 14:29:49.666,10453,261,7,42,False,0,car,0 days 00:26:37.125000,0 days 01:24:52.637000
2024-07-07 14:29:49.866,10352,257,7,47,False,0,car,0 days 00:26:37.325000,0 days 01:24:52.837000
2024-07-07 14:29:50.146,10161,255,7,60,False,0,car,0 days 00:26:37.605000,0 days 01:24:53.117000
2024-07-07 14:29:50.426,10189,252,7,88,False,0,car,0 days 00:26:37.885000,0 days 01:24:53.397000
2024-07-07 14:29:50.866,10144,254,7,100,False,0,car,0 days 00:26:38.325000,0 days 01:24:53.837000
2024-07-07 14:29:51.226,10038,249,7,0,True,0,car,0 days 00:26:38.685000,0 days 01:24:54.197000
2024-07-07 14:29:51.466,9518,238,7,0,True,0,car,0 days 00:26:38.925000,0 days 01:24:54.437000
2024-07-07 14:29:51.746,10226,227,6,0,True,0,car,0 days 00:26:39.205000,0 days 01:24:54.717000
2024-07-07 14:29:51.985,9906,218,6,0,False,0,car,0 days 00:26:39.444000,0 days 01:24:54.956000
2024-07-07 14:29:52.145,9906,216,6,0,False,0,car,0 days 00:26:39.604000,0 days 01:24:55.116000
2024-07-07 14:29:52.305,9551,216,6,21,False,0,car,0 days 00:26:39.764000,0 days 01:24:55.276000
2024-07-07 14:29:52.665,9569,209,6,42,False,0,car,0 days 00:26:40.124000,0 days 01:24:55.636000
2024-07-07 14:29:52.825,9505,209,6,54,False,0,car,0 days 00:26:40.284000,0 days 01:24:55.796000
2024-07-07 14:29:53.065,9550,209,6,62,False,0,car,0 days 00:26:40.524000,0 days 01:24:56.036000
2024-07-07 14:29:53.305,9322,209,6,62,True,0,car,0 days 00:26:40.764000,0 days 01:24:56.276000
2024-07-07 14:29:53.465,9119,202,6,0,True,0,car,0 days 00:26:40.924000,0 days 01:24:56.436000
2024-07-07 14:29:53.705,9790,194,6,0,True,0,car,0 days 00:26:41.164000,0 days 01:24:56.676000
2024-07-07 14:29:54.505,9874,186,5,48,False,0,car,0 days 00:26:41.964000,0 days 01:24:57.476000
2024-07-07 14:29:54.745,9906,187,5,68,False,0,car,0 days 00:26:42.204000,0 days 01:24:57.716000
2024-07-07 14:29:55.145,10214,191,5,78,False,0,car,0 days 00:26:42.604000,0 days 01:24:58.116000
2024-07-07 14:29:55.505,10766,198,5,90,False,0,car,0 days 00:26:42.964000,0 days 01:24:58.476000
2024-07-07 14:29:55.785,10994,208,5,100,False,0,car,0 days 00:26:43.244000,0 days 01:24:58.756000
2024-07-07 14:29:56.026,11387,212,5,100,False,0,car,0 days 00:26:43.485000,0 days 01:24:58.997000
2024-07-07 14:29:56.266,11590,218,5,100,False,0,car,0 days 00:26:43.725000,0 days 01:24:59.237000
2024-07-07 14:29:56.546,11794,223,5,100,False,0,car,0 days 00:26:44.005000,0 days 01:24:59.517000
2024-07-07 14:29:56.746,11442,228,5,100,False,0,car,0 days 00:26:44.205000,0 days 01:24:59.717000
2024-07-07 14:29:57.026,10852,235,6,100,False,0,car,0 days 00:26:44.485000,0 days 01:24:59.997000
2024-07-07 14:29:57.346,11002,238,6,100,False,0,car,0 days 00:26:44.805000,0 days 01:25:00.317000
2024-07-07 14:29:57.586,11156,244,6,100,False,0,car,0 days 00:26:45.045000,0 days 01:25:00.557000
2024-07-07 14:29:57.746,11296,248,6,100,False,0,car,0 days 00:26:45.205000,0 days 01:25:00.717000
2024-07-07 14:29:57.906,11421,251,6,100,False,0,car,0 days 00:26:45.365000,0 days 01:25:00.877000
2024-07-07 14:29:58.266,11661,256,6,100,False,0,car,0 days 00:26:45.725000,0 days 01:25:01.237000
2024-07-07 14:29:58.466,11752,258,6,100,False,0,car,0 days 00:26:45.925000,0 days 01:25:01.437000
2024-07-07 14:29:58.905,10740,262,7,100,False,0,car,0 days 00:26:46.364000,0 days 01:25:01.876000
2024-07-07 14:29:59.225,10636,268,7,100,False,0,car,0 days 00:26:46.684000,0 days 01:25:02.196000
2024-07-07 14:29:59.505,10776,271,7,100,False,0,car,0 days 00:26:46.964000,0 days 01:25:02.476000
2024-07-07 14:29:59.945,10998,275,7,100,False,0,car,0 days 00:26:47.404000,0 days 01:25:02.916000
2024-07-07 14:30:00.145,11069,276,7,100,False,0,car,0 days 00:26:47.604000,0 days 01:25:03.116000
2024-07-07 14:30:00.545,11213,280,7,100,False,0,car,0 days 00:26:48.004000,0 days 01:25:03.516000
2024-07-07 14:30:00.825,11280,283,7,100,False,0,car,0 days 00:26:48.284000,0 days 01:25:03.796000
2024-07-07 14:30:01.025,11320,284,7,100,False,0,car,0 days 00:26:48.484000,0 days 01:25:03.996000
2024-07-07 14:30:01.225,11372,284,7,100,False,0,car,0 days 00:26:48.684000,0 days 01:25:04.196000
2024-07-07 14:30:01.425,11425,286,7,100,False,0,car,0 days 00:26:48.884000,0 days 01:25:04.396000
2024-07-07 14:30:01.785,11481,288,7,100,False,0,car,0 days 00:26:49.244000,0 days 01:25:04.756000
2024-07-07 14:30:02.065,11555,288,7,100,False,0,car,0 days 00:26:49.524000,0 days 01:25:05.036000
2024-07-07 14:30:02.345,11585,290,7,100,False,0,car,0 days 00:26:49.804000,0 days 01:25:05.316000
2024-07-07 14:30:02.746,11610,291,7,100,False,0,car,0 days 00:26:50.205000,0 days 01:25:05.717000
2024-07-07 14:30:02.906,11673,291,7,100,False,0,car,0 days 00:26:50.365000,0 days 01:25:05.877000
2024-07-07 14:30:03.306,11736,294,7,100,False,0,car,0 days 00:26:50.765000,0 days 01:25:06.277000
2024-07-07 14:30:03.466,11732,295,7,100,False,0,car,0 days 00:26:50.925000,0 days 01:25:06.437000
2024-07-07 14:30:03.666,10723,295,8,100,False,0,car,0 days 00:26:51.125000,0 days 01:25:06.637000
2024-07-07 14:30:03.866,10507,295,8,100,False,0,car,0 days 00:26:51.325000,0 days 01:25:06.837000
2024-07-07 14:30:04.146,10495,296,8,100,False,0,car,0 days 00:26:51.605000,0 days 01:25:07.117000
2024-07-07 14:30:04.426,10583,297,8,100,False,0,car,0 days 00:26:51.885000,0 days 01:25:07.397000
2024-07-07 14:30:04.706,10606,298,8,100,False,0,car,0 days 00:26:52.165000,0 days 01:25:07.677000
2024-07-07 14:30:04.946,10640,299,8,100,False,0,car,0 days 00:26:52.405000,0 days 01:25:07.917000
2024-07-07 14:30:05.265,10614,301,8,100,False,0,car,0 days 00:26:52.724000,0 days 01:25:08.236000
2024-07-07 14:30:05.425,10595,299,8,100,False,0,car,0 days 00:26:52.884000,0 days 01:25:08.396000
2024-07-07 14:30:05.825,10519,298,8,100,False,0,car,0 days 00:26:53.284000,0 days 01:25:08.796000
2024-07-07 14:30:06.105,10444,295,8,100,False,0,car,0 days 00:26:53.564000,0 days 01:25:09.076000
2024-07-07 14:30:06.505,9912,289,8,42,True,0,car,0 days 00:26:53.964000,0 days 01:25:09.476000
2024-07-07 14:30:06.705,9704,274,8,0,True,0,car,0 days 00:26:54.164000,0 days 01:25:09.676000
2024-07-07 14:30:07.105,9949,237,7,0,True,0,car,0 days 00:26:54.564000,0 days 01:25:10.076000
2024-07-07 14:30:07.425,9794,223,6,0,True,0,car,0 days 00:26:54.884000,0 days 01:25:10.396000
2024-07-07 14:30:07.705,10576,204,6,0,True,0,car,0 days 00:26:55.164000,0 days 01:25:10.676000
2024-07-07 14:30:07.865,10487,199,5,0,True,0,car,0 days 00:26:55.324000,0 days 01:25:10.836000
2024-07-07 14:30:08.065,10210,193,5,4,False,0,car,0 days 00:26:55.524000,0 days 01:25:11.036000
2024-07-07 14:30:08.345,9827,189,5,40,False,0,car,0 days 00:26:55.804000,0 days 01:25:11.316000
2024-07-07 14:30:08.505,9943,188,5,48,False,0,car,0 days 00:26:55.964000,0 days 01:25:11.476000
2024-07-07 14:30:08.785,9861,188,5,52,False,0,car,0 days 00:26:56.244000,0 days 01:25:11.756000
2024-07-07 14:30:09.026,9856,186,5,44,False,0,car,0 days 00:26:56.485000,0 days 01:25:11.997000
2024-07-07 14:30:09.306,9818,184,5,48,False,0,car,0 days 00:26:56.765000,0 days 01:25:12.277000
2024-07-07 14:30:09.706,9808,184,5,55,False,0,car,0 days 00:26:57.165000,0 days 01:25:12.677000
2024-07-07 14:30:09.866,9820,184,5,59,False,0,car,0 days 00:26:57.325000,0 days 01:25:12.837000
2024-07-07 14:30:10.066,9871,186,5,60,False,0,car,0 days 00:26:57.525000,0 days 01:25:13.037000
2024-07-07 14:30:10.386,10044,188,5,73,False,0,car,0 days 00:26:57.845000,0 days 01:25:13.357000
2024-07-07 14:30:10.546,10200,191,5,81,False,0,car,0 days 00:26:58.005000,0 days 01:25:13.517000
2024-07-07 14:30:10.706,10416,195,5,87,False,0,car,0 days 00:26:58.165000,0 days 01:25:13.677000
2024-07-07 14:30:10.866,10593,200,5,100,False,0,car,0 days 00:26:58.325000,0 days 01:25:13.837000
2024-07-07 14:30:11.226,11023,207,5,86,False,0,car,0 days 00:26:58.685000,0 days 01:25:14.197000
2024-07-07 14:30:11.466,11242,213,5,98,False,0,car,0 days 00:26:58.925000,0 days 01:25:14.437000
2024-07-07 14:30:11.626,11519,213,5,92,False,0,car,0 days 00:26:59.085000,0 days 01:25:14.597000
2024-07-07 14:30:11.906,11684,223,5,98,False,0,car,0 days 00:26:59.365000,0 days 01:25:14.877000
2024-07-07 14:30:12.145,10583,227,5,100,False,0,car,0 days 00:26:59.604000,0 days 01:25:15.116000
2024-07-07 14:30:12.465,10872,236,6,100,False,0,car,0 days 00:26:59.924000,0 days 01:25:15.436000
2024-07-07 14:30:12.825,11097,241,6,100,False,0,car,0 days 00:27:00.284000,0 days 01:25:15.796000
2024-07-07 14:30:13.065,11188,247,6,100,False,0,car,0 days 00:27:00.524000,0 days 01:25:16.036000
2024-07-07 14:30:13.225,11314,247,6,100,False,0,car,0 days 00:27:00.684000,0 days 01:25:16.196000
2024-07-07 14:30:13.425,11449,249,6,100,False,0,car,0 days 00:27:00.884000,0 days 01:25:16.396000
2024-07-07 14:30:13.745,11511,254,6,100,False,0,car,0 days 00:27:01.204000,0 days 01:25:16.716000
2024-07-07 14:30:14.025,11584,255,6,100,False,0,car,0 days 00:27:01.484000,0 days 01:25:16.996000
2024-07-07 14:30:14.265,11560,254,6,100,False,0,car,0 days 00:27:01.724000,0 days 01:25:17.236000
2024-07-07 14:30:14.425,11983,252,6,0,True,0,car,0 days 00:27:01.884000,0 days 01:25:17.396000
2024-07-07 14:30:14.745,10238,226,6,0,True,0,car,0 days 00:27:02.204000,0 days 01:25:17.716000
2024-07-07 14:30:14.985,10282,200,6,0,True,0,car,0 days 00:27:02.444000,0 days 01:25:17.956000
2024-07-07 14:30:15.145,10014,200,5,0,True,0,car,0 days 00:27:02.604000,0 days 01:25:18.116000
2024-07-07 14:30:15.305,9687,179,5,0,True,0,car,0 days 00:27:02.764000,0 days 01:25:18.276000
2024-07-07 14:30:15.465,10342,167,5,0,True,0,car,0 days 00:27:02.924000,0 days 01:25:18.436000
2024-07-07 14:30:15.826,9195,151,4,0,True,0,car,0 days 00:27:03.285000,0 days 01:25:18.797000
2024-07-07 14:30:16.146,9055,135,4,0,True,0,car,0 days 00:27:03.605000,0 days 01:25:19.117000
2024-07-07 14:30:16.466,8918,119,3,0,True,0,car,0 days 00:27:03.925000,0 days 01:25:19.437000
2024-07-07 14:30:16.706,8322,114,3,0,True,0,car,0 days 00:27:04.165000,0 days 01:25:19.677000
2024-07-07 14:30:16.946,8035,110,3,0,True,0,car,0 days 00:27:04.405000,0 days 01:25:19.917000
2024-07-07 14:30:17.186,7638,105,3,0,True,0,car,0 days 00:27:04.645000,0 days 01:25:20.157000
2024-07-07 14:30:17.386,7519,102,3,0,False,0,car,0 days 00:27:04.845000,0 days 01:25:20.357000
2024-07-07 14:30:17.666,7437,99,3,1,False,0,car,0 days 00:27:05.125000,0 days 01:25:20.637000
2024-07-07 14:30:17.866,7372,98,3,7,False,0,car,0 days 00:27:05.325000,0 days 01:25:20.837000
2024-07-07 14:30:18.106,7382,97,3,18,False,0,car,0 days 00:27:05.565000,0 days 01:25:21.077000
2024-07-07 14:30:18.506,7010,94,3,0,False,0,car,0 days 00:27:05.965000,0 days 01:25:21.477000
2024-07-07 14:30:18.705,7100,93,3,11,False,0,car,0 days 00:27:06.164000,0 days 01:25:21.676000
2024-07-07 14:30:19.025,7189,96,3,35,False,0,car,0 days 00:27:06.484000,0 days 01:25:21.996000
2024-07-07 14:30:19.505,6419,102,4,25,False,0,car,0 days 00:27:06.964000,0 days 01:25:22.476000
2024-07-07 14:30:19.905,6354,101,4,12,False,0,car,0 days 00:27:07.364000,0 days 01:25:22.876000
2024-07-07 14:30:20.345,6388,102,4,9,False,0,car,0 days 00:27:07.804000,0 days 01:25:23.316000
2024-07-07 14:30:20.545,6254,101,4,10,False,0,car,0 days 00:27:08.004000,0 days 01:25:23.516000
2024-07-07 14:30:20.705,6413,101,4,20,False,0,car,0 days 00:27:08.164000,0 days 01:25:23.676000
2024-07-07 14:30:20.945,6618,103,4,36,False,0,car,0 days 00:27:08.404000,0 days 01:25:23.916000
2024-07-07 14:30:21.225,6947,108,4,45,False,0,car,0 days 00:27:08.684000,0 days 01:25:24.196000
2024-07-07 14:30:21.625,7413,116,4,52,False,0,car,0 days 00:27:09.084000,0 days 01:25:24.596000
2024-07-07 14:30:21.985,7868,126,4,59,False,0,car,0 days 00:27:09.444000,0 days 01:25:24.956000
2024-07-07 14:30:22.146,8078,129,4,53,False,0,car,0 days 00:27:09.605000,0 days 01:25:25.117000
2024-07-07 14:30:22.346,8420,132,4,54,False,0,car,0 days 00:27:09.805000,0 days 01:25:25.317000
2024-07-07 14:30:22.546,8704,136,4,61,False,0,car,0 days 00:27:10.005000,0 days 01:25:25.517000
2024-07-07 14:30:22.746,8887,141,4,63,False,0,car,0 days 00:27:10.205000,0 days 01:25:25.717000
2024-07-07 14:30:23.106,9577,151,4,68,False,0,car,0 days 00:27:10.565000,0 days 01:25:26.077000
2024-07-07 14:30:23.386,9873,159,4,68,False,0,car,0 days 00:27:10.845000,0 days 01:25:26.357000
2024-07-07 14:30:23.546,9985,160,4,60,False,0,car,0 days 00:27:11.005000,0 days 01:25:26.517000
2024-07-07 14:30:23.746,9692,163,4,46,False,0,car,0 days 00:27:11.205000,0 days 01:25:26.717000
2024-07-07 14:30:24.146,8830,166,5,54,False,0,car,0 days 00:27:11.605000,0 days 01:25:27.117000
2024-07-07 14:30:24.306,8901,168,5,56,False,0,car,0 days 00:27:11.765000,0 days 01:25:27.277000
2024-07-07 14:30:24.546,9030,170,5,56,False,0,car,0 days 00:27:12.005000,0 days 01:25:27.517000
2024-07-07 14:30:24.866,9223,174,5,57,False,0,car,0 days 00:27:12.325000,0 days 01:25:27.837000
2024-07-07 14:30:25.186,9531,178,5,68,False,0,car,0 days 00:27:12.645000,0 days 01:25:28.157000
2024-07-07 14:30:25.346,9635,180,5,76,False,0,car,0 days 00:27:12.805000,0 days 01:25:28.317000
2024-07-07 14:30:25.585,9886,185,5,82,False,0,car,0 days 00:27:13.044000,0 days 01:25:28.556000
2024-07-07 14:30:25.865,10393,196,5,100,False,0,car,0 days 00:27:13.324000,0 days 01:25:28.836000
2024-07-07 14:30:26.065,10685,204,5,100,False,0,car,0 days 00:27:13.524000,0 days 01:25:29.036000
2024-07-07 14:30:26.305,11160,210,5,100,False,0,car,0 days 00:27:13.764000,0 days 01:25:29.276000
2024-07-07 14:30:26.585,11576,218,5,100,False,0,car,0 days 00:27:14.044000,0 days 01:25:29.556000
2024-07-07 14:30:26.785,11575,223,5,100,False,0,car,0 days 00:27:14.244000,0 days 01:25:29.756000
2024-07-07 14:30:27.185,10442,233,6,100,False,0,car,0 days 00:27:14.644000,0 days 01:25:30.156000
2024-07-07 14:30:27.505,10856,238,6,100,False,0,car,0 days 00:27:14.964000,0 days 01:25:30.476000
2024-07-07 14:30:27.905,11248,246,6,100,False,0,car,0 days 00:27:15.364000,0 days 01:25:30.876000
2024-07-07 14:30:28.265,11470,253,6,100,False,0,car,0 days 00:27:15.724000,0 days 01:25:31.236000
2024-07-07 14:30:28.505,11619,255,6,100,False,0,car,0 days 00:27:15.964000,0 days 01:25:31.476000
2024-07-07 14:30:28.746,11754,257,6,100,False,0,car,0 days 00:27:16.205000,0 days 01:25:31.717000
2024-07-07 14:30:29.106,10525,264,7,100,False,0,car,0 days 00:27:16.565000,0 days 01:25:32.077000
2024-07-07 14:30:29.306,10494,267,7,100,False,0,car,0 days 00:27:16.765000,0 days 01:25:32.277000
2024-07-07 14:30:29.586,10842,270,7,100,False,0,car,0 days 00:27:17.045000,0 days 01:25:32.557000
2024-07-07 14:30:29.746,10868,271,7,100,False,0,car,0 days 00:27:17.205000,0 days 01:25:32.717000
2024-07-07 14:30:29.986,10956,274,7,100,False,0,car,0 days 00:27:17.445000,0 days 01:25:32.957000
2024-07-07 14:30:30.306,11080,277,7,100,False,0,car,0 days 00:27:17.765000,0 days 01:25:33.277000
2024-07-07 14:30:30.466,11137,280,7,100,False,0,car,0 days 00:27:17.925000,0 days 01:25:33.437000
2024-07-07 14:30:30.746,11248,281,7,100,True,0,car,0 days 00:27:18.205000,0 days 01:25:33.717000
2024-07-07 14:30:31.066,10518,270,7,0,True,0,car,0 days 00:27:18.525000,0 days 01:25:34.037000
2024-07-07 14:30:31.386,9757,238,7,0,True,0,car,0 days 00:27:18.845000,0 days 01:25:34.357000
2024-07-07 14:30:31.666,10416,222,6,0,True,0,car,0 days 00:27:19.125000,0 days 01:25:34.637000
2024-07-07 14:30:31.906,9870,222,6,0,True,0,car,0 days 00:27:19.365000,0 days 01:25:34.877000
2024-07-07 14:30:32.146,9636,213,6,2,False,0,car,0 days 00:27:19.605000,0 days 01:25:35.117000
2024-07-07 14:30:32.385,9389,210,6,1,False,0,car,0 days 00:27:19.844000,0 days 01:25:35.356000
2024-07-07 14:30:32.545,9306,210,6,1,False,0,car,0 days 00:27:20.004000,0 days 01:25:35.516000
2024-07-07 14:30:32.705,9193,205,6,0,False,0,car,0 days 00:27:20.164000,0 days 01:25:35.676000
2024-07-07 14:30:32.905,10033,201,6,0,False,0,car,0 days 00:27:20.364000,0 days 01:25:35.876000
2024-07-07 14:30:33.145,10289,197,5,4,False,0,car,0 days 00:27:20.604000,0 days 01:25:36.116000
2024-07-07 14:30:33.625,10085,192,5,59,False,0,car,0 days 00:27:21.084000,0 days 01:25:36.596000
2024-07-07 14:30:33.825,10311,193,5,65,False,0,car,0 days 00:27:21.284000,0 days 01:25:36.796000
2024-07-07 14:30:34.025,10422,197,5,71,False,0,car,0 days 00:27:21.484000,0 days 01:25:36.996000
2024-07-07 14:30:34.345,10800,202,5,84,False,0,car,0 days 00:27:21.804000,0 days 01:25:37.316000
2024-07-07 14:30:34.545,11033,204,5,97,False,0,car,0 days 00:27:22.004000,0 days 01:25:37.516000
2024-07-07 14:30:34.865,11415,218,5,100,False,0,car,0 days 00:27:22.324000,0 days 01:25:37.836000
2024-07-07 14:30:35.065,11671,219,5,100,False,0,car,0 days 00:27:22.524000,0 days 01:25:38.036000
2024-07-07 14:30:35.306,10863,227,5,100,False,0,car,0 days 00:27:22.765000,0 days 01:25:38.277000
2024-07-07 14:30:35.666,10736,235,6,83,False,0,car,0 days 00:27:23.125000,0 days 01:25:38.637000
2024-07-07 14:30:36.026,10386,231,6,12,True,0,car,0 days 00:27:23.485000,0 days 01:25:38.997000
2024-07-07 14:30:36.306,10175,227,6,10,False,0,car,0 days 00:27:23.765000,0 days 01:25:39.277000
2024-07-07 14:30:36.506,10035,221,6,14,False,0,car,0 days 00:27:23.965000,0 days 01:25:39.477000
2024-07-07 14:30:36.826,10013,219,6,51,False,0,car,0 days 00:27:24.285000,0 days 01:25:39.797000
2024-07-07 14:30:37.146,9980,218,6,67,False,0,car,0 days 00:27:24.605000,0 days 01:25:40.117000
2024-07-07 14:30:37.426,10126,219,6,77,False,0,car,0 days 00:27:24.885000,0 days 01:25:40.397000
2024-07-07 14:30:37.786,10281,226,6,87,False,0,car,0 days 00:27:25.245000,0 days 01:25:40.757000
2024-07-07 14:30:38.146,10503,232,6,100,False,0,car,0 days 00:27:25.605000,0 days 01:25:41.117000
2024-07-07 14:30:38.426,10776,235,6,100,False,0,car,0 days 00:27:25.885000,0 days 01:25:41.397000
2024-07-07 14:30:38.586,10827,237,6,100,True,0,car,0 days 00:27:26.045000,0 days 01:25:41.557000
2024-07-07 14:30:38.905,10628,226,6,0,True,0,car,0 days 00:27:26.364000,0 days 01:25:41.876000
2024-07-07 14:30:39.065,10068,211,6,0,True,0,car,0 days 00:27:26.524000,0 days 01:25:42.036000
2024-07-07 14:30:39.385,9396,180,6,0,True,0,car,0 days 00:27:26.844000,0 days 01:25:42.356000
2024-07-07 14:30:39.625,8988,168,5,0,True,0,car,0 days 00:27:27.084000,0 days 01:25:42.596000
2024-07-07 14:30:39.865,9586,153,5,0,True,0,car,0 days 00:27:27.324000,0 days 01:25:42.836000
2024-07-07 14:30:40.185,8593,139,4,0,True,0,car,0 days 00:27:27.644000,0 days 01:25:43.156000
2024-07-07 14:30:40.425,8159,135,4,0,True,0,car,0 days 00:27:27.884000,0 days 01:25:43.396000
2024-07-07 14:30:40.825,8863,121,4,0,True,0,car,0 days 00:27:28.284000,0 days 01:25:43.796000
2024-07-07 14:30:40.985,8728,119,3,0,True,0,car,0 days 00:27:28.444000,0 days 01:25:43.956000
2024-07-07 14:30:41.145,8451,116,3,0,True,0,car,0 days 00:27:28.604000,0 days 01:25:44.116000
2024-07-07 14:30:41.545,8230,114,3,0,False,0,car,0 days 00:27:29.004000,0 days 01:25:44.516000
2024-07-07 14:30:41.906,8015,109,3,5,False,0,car,0 days 00:27:29.365000,0 days 01:25:44.877000
2024-07-07 14:30:42.106,8144,107,3,18,False,0,car,0 days 00:27:29.565000,0 days 01:25:45.077000
2024-07-07 14:30:42.266,8064,108,3,31,False,0,car,0 days 00:27:29.725000,0 days 01:25:45.237000
2024-07-07 14:30:42.586,8332,110,3,38,False,0,car,0 days 00:27:30.045000,0 days 01:25:45.557000
2024-07-07 14:30:42.986,8695,114,3,54,False,0,car,0 days 00:27:30.445000,0 days 01:25:45.957000
2024-07-07 14:30:43.146,9001,116,3,55,False,0,car,0 days 00:27:30.605000,0 days 01:25:46.117000
2024-07-07 14:30:43.626,10012,128,3,70,False,0,car,0 days 00:27:31.085000,0 days 01:25:46.597000
2024-07-07 14:30:43.906,10634,138,3,77,False,0,car,0 days 00:27:31.365000,0 days 01:25:46.877000
2024-07-07 14:30:44.066,10958,145,3,82,False,0,car,0 days 00:27:31.525000,0 days 01:25:47.037000
2024-07-07 14:30:44.426,10261,136,3,0,True,0,car,0 days 00:27:31.885000,0 days 01:25:47.397000
2024-07-07 14:30:44.706,8800,122,3,0,True,0,car,0 days 00:27:32.165000,0 days 01:25:47.677000
2024-07-07 14:30:44.906,8429,118,3,0,True,0,car,0 days 00:27:32.365000,0 days 01:25:47.877000
2024-07-07 14:30:45.106,8097,109,3,0,True,0,car,0 days 00:27:32.565000,0 days 01:25:48.077000
2024-07-07 14:30:45.386,7857,103,3,0,True,0,car,0 days 00:27:32.845000,0 days 01:25:48.357000
2024-07-07 14:30:45.546,7468,103,3,0,True,0,car,0 days 00:27:33.005000,0 days 01:25:48.517000
2024-07-07 14:30:45.705,7246,100,3,0,True,0,car,0 days 00:27:33.164000,0 days 01:25:48.676000
2024-07-07 14:30:46.105,7234,94,3,0,False,0,car,0 days 00:27:33.564000,0 days 01:25:49.076000
2024-07-07 14:30:46.505,7929,91,2,0,False,0,car,0 days 00:27:33.964000,0 days 01:25:49.476000
2024-07-07 14:30:46.745,7744,90,2,2,False,0,car,0 days 00:27:34.204000,0 days 01:25:49.716000
2024-07-07 14:30:47.065,7875,88,2,21,False,0,car,0 days 00:27:34.524000,0 days 01:25:50.036000
2024-07-07 14:30:47.385,8192,90,2,36,False,0,car,0 days 00:27:34.844000,0 days 01:25:50.356000
2024-07-07 14:30:47.745,8550,94,2,40,False,0,car,0 days 00:27:35.204000,0 days 01:25:50.716000
2024-07-07 14:30:47.905,8848,96,2,45,False,0,car,0 days 00:27:35.364000,0 days 01:25:50.876000
2024-07-07 14:30:48.105,9126,101,2,50,False,0,car,0 days 00:27:35.564000,0 days 01:25:51.076000
2024-07-07 14:30:48.345,9588,105,2,54,False,0,car,0 days 00:27:35.804000,0 days 01:25:51.316000
2024-07-07 14:30:48.746,9852,116,2,69,False,0,car,0 days 00:27:36.205000,0 days 01:25:51.717000
2024-07-07 14:30:48.946,9448,126,2,74,False,0,car,0 days 00:27:36.405000,0 days 01:25:51.917000
2024-07-07 14:30:49.106,9966,131,2,83,False,0,car,0 days 00:27:36.565000,0 days 01:25:52.077000
2024-07-07 14:30:49.506,11423,154,3,91,False,0,car,0 days 00:27:36.965000,0 days 01:25:52.477000
2024-07-07 14:30:49.746,10493,158,3,100,False,0,car,0 days 00:27:37.205000,0 days 01:25:52.717000
2024-07-07 14:30:50.026,11138,171,3,100,False,0,car,0 days 00:27:37.485000,0 days 01:25:52.997000
2024-07-07 14:30:50.226,11571,180,4,100,False,0,car,0 days 00:27:37.685000,0 days 01:25:53.197000
2024-07-07 14:30:50.386,10871,187,4,100,False,0,car,0 days 00:27:37.845000,0 days 01:25:53.357000
2024-07-07 14:30:50.786,10580,199,5,90,False,0,car,0 days 00:27:38.245000,0 days 01:25:53.757000
2024-07-07 14:30:51.026,10985,206,5,83,False,0,car,0 days 00:27:38.485000,0 days 01:25:53.997000
2024-07-07 14:30:51.266,11131,210,5,82,False,0,car,0 days 00:27:38.725000,0 days 01:25:54.237000
2024-07-07 14:30:51.546,11326,213,5,78,False,0,car,0 days 00:27:39.005000,0 days 01:25:54.517000
2024-07-07 14:30:51.706,11391,214,5,78,False,0,car,0 days 00:27:39.165000,0 days 01:25:54.677000
2024-07-07 14:30:52.026,11535,218,5,92,False,0,car,0 days 00:27:39.485000,0 days 01:25:54.997000
2024-07-07 14:30:52.226,11672,222,5,98,False,0,car,0 days 00:27:39.685000,0 days 01:25:55.197000
2024-07-07 14:30:52.465,11994,226,5,100,False,0,car,0 days 00:27:39.924000,0 days 01:25:55.436000
2024-07-07 14:30:52.745,10577,230,6,100,False,0,car,0 days 00:27:40.204000,0 days 01:25:55.716000
2024-07-07 14:30:52.945,10619,234,6,100,False,0,car,0 days 00:27:40.404000,0 days 01:25:55.916000
2024-07-07 14:30:53.265,10996,241,6,100,False,0,car,0 days 00:27:40.724000,0 days 01:25:56.236000
2024-07-07 14:30:53.545,11247,244,6,100,False,0,car,0 days 00:27:41.004000,0 days 01:25:56.516000
2024-07-07 14:30:53.905,11518,248,6,100,False,0,car,0 days 00:27:41.364000,0 days 01:25:56.876000
2024-07-07 14:30:54.145,11587,254,6,100,False,0,car,0 days 00:27:41.604000,0 days 01:25:57.116000
2024-07-07 14:30:54.505,11875,259,6,100,False,0,car,0 days 00:27:41.964000,0 days 01:25:57.476000
2024-07-07 14:30:54.745,11473,260,6,100,False,0,car,0 days 00:27:42.204000,0 days 01:25:57.716000
2024-07-07 14:30:55.146,10897,266,7,100,False,0,car,0 days 00:27:42.605000,0 days 01:25:58.117000
2024-07-07 14:30:55.546,10790,269,7,100,False,0,car,0 days 00:27:43.005000,0 days 01:25:58.517000
2024-07-07 14:30:55.746,10977,272,7,100,False,0,car,0 days 00:27:43.205000,0 days 01:25:58.717000
2024-07-07 14:30:55.906,10970,273,7,100,False,0,car,0 days 00:27:43.365000,0 days 01:25:58.877000
2024-07-07 14:30:56.266,11051,277,7,100,False,0,car,0 days 00:27:43.725000,0 days 01:25:59.237000
2024-07-07 14:30:56.506,11131,278,7,100,False,0,car,0 days 00:27:43.965000,0 days 01:25:59.477000
2024-07-07 14:30:56.706,11175,278,7,100,False,0,car,0 days 00:27:44.165000,0 days 01:25:59.677000
2024-07-07 14:30:56.986,11221,280,7,100,False,0,car,0 days 00:27:44.445000,0 days 01:25:59.957000
2024-07-07 14:30:57.346,11302,283,7,100,False,0,car,0 days 00:27:44.805000,0 days 01:26:00.317000
2024-07-07 14:30:57.546,11322,284,7,100,False,0,car,0 days 00:27:45.005000,0 days 01:26:00.517000
2024-07-07 14:30:57.826,11327,284,7,100,False,0,car,0 days 00:27:45.285000,0 days 01:26:00.797000
2024-07-07 14:30:58.026,11336,285,7,100,False,0,car,0 days 00:27:45.485000,0 days 01:26:00.997000
2024-07-07 14:30:58.466,11248,284,7,100,False,0,car,0 days 00:27:45.925000,0 days 01:26:01.437000
2024-07-07 14:30:58.626,11245,283,7,100,False,0,car,0 days 00:27:46.085000,0 days 01:26:01.597000
2024-07-07 14:30:58.826,11171,282,7,100,False,0,car,0 days 00:27:46.285000,0 days 01:26:01.797000
2024-07-07 14:30:59.145,11121,279,7,100,False,0,car,0 days 00:27:46.604000,0 days 01:26:02.116000
2024-07-07 14:30:59.345,11084,280,7,100,False,0,car,0 days 00:27:46.804000,0 days 01:26:02.316000
2024-07-07 14:30:59.665,11782,269,7,0,False,0,car,0 days 00:27:47.124000,0 days 01:26:02.636000
2024-07-07 14:30:59.865,10542,259,7,0,True,0,car,0 days 00:27:47.324000,0 days 01:26:02.836000
2024-07-07 14:31:00.105,9151,249,7,0,True,0,car,0 days 00:27:47.564000,0 days 01:26:03.076000
2024-07-07 14:31:00.265,9571,217,7,0,True,0,car,0 days 00:27:47.724000,0 days 01:26:03.236000
2024-07-07 14:31:00.465,9000,195,6,0,True,0,car,0 days 00:27:47.924000,0 days 01:26:03.436000
2024-07-07 14:31:00.625,9900,195,6,0,True,0,car,0 days 00:27:48.084000,0 days 01:26:03.596000
2024-07-07 14:31:00.825,9290,184,6,0,True,0,car,0 days 00:27:48.284000,0 days 01:26:03.796000
2024-07-07 14:31:01.105,8634,169,5,0,True,0,car,0 days 00:27:48.564000,0 days 01:26:04.076000
2024-07-07 14:31:01.385,9285,159,5,0,True,0,car,0 days 00:27:48.844000,0 days 01:26:04.356000
2024-07-07 14:31:01.626,9502,156,4,0,False,0,car,0 days 00:27:49.085000,0 days 01:26:04.597000
2024-07-07 14:31:01.946,9198,150,4,19,False,0,car,0 days 00:27:49.405000,0 days 01:26:04.917000
2024-07-07 14:31:02.226,9155,147,4,25,False,0,car,0 days 00:27:49.685000,0 days 01:26:05.197000
2024-07-07 14:31:02.426,9114,146,4,27,False,0,car,0 days 00:27:49.885000,0 days 01:26:05.397000
2024-07-07 14:31:02.666,9079,145,4,23,False,0,car,0 days 00:27:50.125000,0 days 01:26:05.637000
2024-07-07 14:31:02.986,8925,143,4,25,False,0,car,0 days 00:27:50.445000,0 days 01:26:05.957000
2024-07-07 14:31:03.266,8899,142,4,36,False,0,car,0 days 00:27:50.725000,0 days 01:26:06.237000
2024-07-07 14:31:03.626,9099,143,4,54,False,0,car,0 days 00:27:51.085000,0 days 01:26:06.597000
2024-07-07 14:31:03.946,9360,146,4,57,False,0,car,0 days 00:27:51.405000,0 days 01:26:06.917000
2024-07-07 14:31:04.106,9593,148,4,63,False,0,car,0 days 00:27:51.565000,0 days 01:26:07.077000
2024-07-07 14:31:04.346,9860,152,4,69,False,0,car,0 days 00:27:51.805000,0 days 01:26:07.317000
2024-07-07 14:31:04.546,10055,157,4,72,False,0,car,0 days 00:27:52.005000,0 days 01:26:07.517000
2024-07-07 14:31:04.786,10362,167,4,73,False,0,car,0 days 00:27:52.245000,0 days 01:26:07.757000
2024-07-07 14:31:05.026,9581,166,4,0,True,0,car,0 days 00:27:52.485000,0 days 01:26:07.997000
2024-07-07 14:31:05.426,9203,155,4,0,True,0,car,0 days 00:27:52.885000,0 days 01:26:08.397000
2024-07-07 14:31:05.586,8572,142,4,0,True,0,car,0 days 00:27:53.045000,0 days 01:26:08.557000
2024-07-07 14:31:05.825,8349,137,4,0,True,0,car,0 days 00:27:53.284000,0 days 01:26:08.796000
2024-07-07 14:31:05.985,8190,131,4,0,True,0,car,0 days 00:27:53.444000,0 days 01:26:08.956000
2024-07-07 14:31:06.225,7900,130,4,0,True,0,car,0 days 00:27:53.684000,0 days 01:26:09.196000
2024-07-07 14:31:06.385,7823,125,4,0,False,0,car,0 days 00:27:53.844000,0 days 01:26:09.356000
2024-07-07 14:31:06.665,7510,120,4,0,False,0,car,0 days 00:27:54.124000,0 days 01:26:09.636000
2024-07-07 14:31:06.865,7378,119,4,4,False,0,car,0 days 00:27:54.324000,0 days 01:26:09.836000
2024-07-07 14:31:07.985,7695,121,4,37,False,0,car,0 days 00:27:55.444000,0 days 01:26:10.956000
2024-07-07 14:31:08.386,7904,124,4,42,False,0,car,0 days 00:27:55.845000,0 days 01:26:11.357000
2024-07-07 14:31:08.586,7980,125,4,45,False,0,car,0 days 00:27:56.045000,0 days 01:26:11.557000
2024-07-07 14:31:08.826,8299,128,4,55,False,0,car,0 days 00:27:56.285000,0 days 01:26:11.797000
2024-07-07 14:31:09.186,8698,135,4,67,False,0,car,0 days 00:27:56.645000,0 days 01:26:12.157000
2024-07-07 14:31:09.466,9172,143,4,74,False,0,car,0 days 00:27:56.925000,0 days 01:26:12.437000
2024-07-07 14:31:09.786,9654,153,4,80,False,0,car,0 days 00:27:57.245000,0 days 01:26:12.757000
2024-07-07 14:31:10.066,10382,163,4,82,False,0,car,0 days 00:27:57.525000,0 days 01:26:13.037000
2024-07-07 14:31:10.306,11094,170,4,100,False,0,car,0 days 00:27:57.765000,0 days 01:26:13.277000
2024-07-07 14:31:10.626,11671,181,4,90,False,0,car,0 days 00:27:58.085000,0 days 01:26:13.597000
2024-07-07 14:31:10.866,10505,191,4,100,False,0,car,0 days 00:27:58.325000,0 days 01:26:13.837000
2024-07-07 14:31:11.066,10766,198,5,100,False,0,car,0 days 00:27:58.525000,0 days 01:26:14.037000
2024-07-07 14:31:11.426,11202,207,5,100,False,0,car,0 days 00:27:58.885000,0 days 01:26:14.397000
2024-07-07 14:31:11.666,11458,215,5,100,False,0,car,0 days 00:27:59.125000,0 days 01:26:14.637000
2024-07-07 14:31:11.946,11317,220,5,100,False,0,car,0 days 00:27:59.405000,0 days 01:26:14.917000
2024-07-07 14:31:12.266,10750,232,6,100,False,0,car,0 days 00:27:59.725000,0 days 01:26:15.237000
2024-07-07 14:31:12.585,10881,235,6,100,False,0,car,0 days 00:28:00.044000,0 days 01:26:15.556000
2024-07-07 14:31:12.745,10981,238,6,100,False,0,car,0 days 00:28:00.204000,0 days 01:26:15.716000
2024-07-07 14:31:12.985,11118,244,6,100,False,0,car,0 days 00:28:00.444000,0 days 01:26:15.956000
2024-07-07 14:31:13.145,11324,245,6,100,False,0,car,0 days 00:28:00.604000,0 days 01:26:16.116000
2024-07-07 14:31:13.425,11490,250,6,100,False,0,car,0 days 00:28:00.884000,0 days 01:26:16.396000
2024-07-07 14:31:13.585,11608,253,6,100,False,0,car,0 days 00:28:01.044000,0 days 01:26:16.556000
2024-07-07 14:31:13.945,10549,258,6,100,False,0,car,0 days 00:28:01.404000,0 days 01:26:16.916000
2024-07-07 14:31:14.265,10458,259,7,100,False,0,car,0 days 00:28:01.724000,0 days 01:26:17.236000
2024-07-07 14:31:14.545,10664,264,7,100,False,0,car,0 days 00:28:02.004000,0 days 01:26:17.516000
2024-07-07 14:31:14.866,10798,269,7,100,False,0,car,0 days 00:28:02.325000,0 days 01:26:17.837000
2024-07-07 14:31:15.106,10896,271,7,100,False,0,car,0 days 00:28:02.565000,0 days 01:26:18.077000
2024-07-07 14:31:15.466,10968,274,7,100,False,0,car,0 days 00:28:02.925000,0 days 01:26:18.437000
2024-07-07 14:31:15.706,11078,276,7,100,False,0,car,0 days 00:28:03.165000,0 days 01:26:18.677000
2024-07-07 14:31:15.906,11163,279,7,100,False,0,car,0 days 00:28:03.365000,0 days 01:26:18.877000
2024-07-07 14:31:16.106,11163,280,7,100,False,0,car,0 days 00:28:03.565000,0 days 01:26:19.077000
2024-07-07 14:31:16.306,11287,282,7,100,False,0,car,0 days 00:28:03.765000,0 days 01:26:19.277000
2024-07-07 14:31:16.466,11287,282,7,100,False,0,car,0 days 00:28:03.925000,0 days 01:26:19.437000
2024-07-07 14:31:16.706,11423,285,7,100,False,0,car,0 days 00:28:04.165000,0 days 01:26:19.677000
2024-07-07 14:31:16.986,11473,287,7,100,False,0,car,0 days 00:28:04.445000,0 days 01:26:19.957000
2024-07-07 14:31:17.226,11547,289,7,100,False,0,car,0 days 00:28:04.685000,0 days 01:26:20.197000
2024-07-07 14:31:17.506,11565,290,7,100,False,0,car,0 days 00:28:04.965000,0 days 01:26:20.477000
2024-07-07 14:31:17.746,11582,291,7,100,False,0,car,0 days 00:28:05.205000,0 days 01:26:20.717000
2024-07-07 14:31:17.906,11646,292,7,100,False,0,car,0 days 00:28:05.365000,0 days 01:26:20.877000
2024-07-07 14:31:18.146,11249,292,7,100,False,0,car,0 days 00:28:05.605000,0 days 01:26:21.117000
2024-07-07 14:31:18.306,10129,292,7,100,False,0,car,0 days 00:28:05.765000,0 days 01:26:21.277000
2024-07-07 14:31:18.466,10251,292,8,100,False,0,car,0 days 00:28:05.925000,0 days 01:26:21.437000
2024-07-07 14:31:18.746,10482,291,8,100,False,0,car,0 days 00:28:06.205000,0 days 01:26:21.717000
2024-07-07 14:31:19.026,10314,291,8,100,False,0,car,0 days 00:28:06.485000,0 days 01:26:21.997000
2024-07-07 14:31:19.425,10218,289,8,100,False,0,car,0 days 00:28:06.884000,0 days 01:26:22.396000
2024-07-07 14:31:19.585,10218,290,8,100,False,0,car,0 days 00:28:07.044000,0 days 01:26:22.556000
2024-07-07 14:31:19.785,10234,289,8,100,False,0,car,0 days 00:28:07.244000,0 days 01:26:22.756000
2024-07-07 14:31:20.065,9768,279,8,0,True,0,car,0 days 00:28:07.524000,0 days 01:26:23.036000
2024-07-07 14:31:20.225,10604,274,8,0,True,0,car,0 days 00:28:07.684000,0 days 01:26:23.196000
2024-07-07 14:31:20.465,10409,262,7,0,True,0,car,0 days 00:28:07.924000,0 days 01:26:23.436000
2024-07-07 14:31:20.625,10154,260,7,10,True,0,car,0 days 00:28:08.084000,0 days 01:26:23.596000
2024-07-07 14:31:20.905,10157,251,7,59,False,1,car,0 days 00:28:08.364000,0 days 01:26:23.876000
2024-07-07 14:31:21.065,10157,250,7,78,False,1,car,0 days 00:28:08.524000,0 days 01:26:24.036000
2024-07-07 14:31:21.506,10191,252,7,100,False,1,car,0 days 00:28:08.965000,0 days 01:26:24.477000
2024-07-07 14:31:21.946,10340,256,7,100,False,1,car,0 days 00:28:09.405000,0 days 01:26:24.917000
2024-07-07 14:31:22.186,10437,258,7,100,False,1,car,0 days 00:28:09.645000,0 days 01:26:25.157000
2024-07-07 14:31:22.386,10479,260,7,100,False,1,car,0 days 00:28:09.845000,0 days 01:26:25.357000
2024-07-07 14:31:22.706,10624,264,7,100,False,1,car,0 days 00:28:10.165000,0 days 01:26:25.677000
2024-07-07 14:31:22.906,10694,265,7,100,False,1,car,0 days 00:28:10.365000,0 days 01:26:25.877000
2024-07-07 14:31:23.066,10713,269,7,100,False,1,car,0 days 00:28:10.525000,0 days 01:26:26.037000
2024-07-07 14:31:23.306,10889,270,7,100,False,1,car,0 days 00:28:10.765000,0 days 01:26:26.277000
2024-07-07 14:31:23.506,10920,273,7,100,False,1,car,0 days 00:28:10.965000,0 days 01:26:26.477000
2024-07-07 14:31:23.706,11022,275,7,100,False,1,car,0 days 00:28:11.165000,0 days 01:26:26.677000
2024-07-07 14:31:23.906,11114,277,7,100,False,1,car,0 days 00:28:11.365000,0 days 01:26:26.877000
2024-07-07 14:31:24.066,11144,278,7,100,False,1,car,0 days 00:28:11.525000,0 days 01:26:27.037000
2024-07-07 14:31:24.266,11201,281,7,100,False,1,car,0 days 00:28:11.725000,0 days 01:26:27.237000
2024-07-07 14:31:24.466,11281,282,7,100,False,1,car,0 days 00:28:11.925000,0 days 01:26:27.437000
2024-07-07 14:31:24.706,11344,283,7,100,False,1,car,0 days 00:28:12.165000,0 days 01:26:27.677000
2024-07-07 14:31:24.946,11415,284,7,100,False,1,car,0 days 00:28:12.405000,0 days 01:26:27.917000
2024-07-07 14:31:25.346,11486,287,7,100,False,1,car,0 days 00:28:12.805000,0 days 01:26:28.317000
2024-07-07 14:31:25.586,11557,289,7,100,False,1,car,0 days 00:28:13.045000,0 days 01:26:28.557000
2024-07-07 14:31:25.786,11573,290,7,100,False,1,car,0 days 00:28:13.245000,0 days 01:26:28.757000
2024-07-07 14:31:26.265,11114,293,7,100,False,1,car,0 days 00:28:13.724000,0 days 01:26:29.236000
2024-07-07 14:31:26.665,10635,294,8,100,False,1,car,0 days 00:28:14.124000,0 days 01:26:29.636000
2024-07-07 14:31:26.825,10579,295,8,100,False,1,car,0 days 00:28:14.284000,0 days 01:26:29.796000
2024-07-07 14:31:27.065,10591,297,8,100,False,1,car,0 days 00:28:14.524000,0 days 01:26:30.036000
2024-07-07 14:31:27.225,10549,297,8,100,False,1,car,0 days 00:28:14.684000,0 days 01:26:30.196000
2024-07-07 14:31:27.545,10601,297,8,100,False,1,car,0 days 00:28:15.004000,0 days 01:26:30.516000
2024-07-07 14:31:27.705,10623,298,8,100,False,1,car,0 days 00:28:15.164000,0 days 01:26:30.676000
2024-07-07 14:31:27.905,10628,299,8,100,False,1,car,0 days 00:28:15.364000,0 days 01:26:30.876000
2024-07-07 14:31:28.146,10558,299,8,73,False,1,car,0 days 00:28:15.605000,0 days 01:26:31.117000
2024-07-07 14:31:28.426,10083,290,8,0,True,1,car,0 days 00:28:15.885000,0 days 01:26:31.397000
2024-07-07 14:31:28.666,9445,269,8,0,True,1,car,0 days 00:28:16.125000,0 days 01:26:31.637000
2024-07-07 14:31:28.986,9855,252,7,0,True,1,car,0 days 00:28:16.445000,0 days 01:26:31.957000
2024-07-07 14:31:29.306,9690,242,7,12,False,1,car,0 days 00:28:16.765000,0 days 01:26:32.277000
2024-07-07 14:31:29.466,9357,238,7,42,False,1,car,0 days 00:28:16.925000,0 days 01:26:32.437000
2024-07-07 14:31:29.826,9446,234,7,57,False,1,car,0 days 00:28:17.285000,0 days 01:26:32.797000
2024-07-07 14:31:30.066,9422,234,7,78,False,1,car,0 days 00:28:17.525000,0 days 01:26:33.037000
2024-07-07 14:31:30.426,9475,236,7,100,False,1,car,0 days 00:28:17.885000,0 days 01:26:33.397000
2024-07-07 14:31:30.666,9611,239,7,100,False,1,car,0 days 00:28:18.125000,0 days 01:26:33.637000
2024-07-07 14:31:31.026,9342,242,7,42,True,1,car,0 days 00:28:18.485000,0 days 01:26:33.997000
2024-07-07 14:31:31.186,9341,236,7,0,True,1,car,0 days 00:28:18.645000,0 days 01:26:34.157000
2024-07-07 14:31:31.426,10273,229,7,0,True,1,car,0 days 00:28:18.885000,0 days 01:26:34.397000
2024-07-07 14:31:31.626,9969,225,6,0,True,1,car,0 days 00:28:19.085000,0 days 01:26:34.597000
2024-07-07 14:31:31.786,9873,217,6,0,False,1,car,0 days 00:28:19.245000,0 days 01:26:34.757000
2024-07-07 14:31:32.026,9641,213,6,0,False,1,car,0 days 00:28:19.485000,0 days 01:26:34.997000
2024-07-07 14:31:32.186,9505,209,6,4,False,1,car,0 days 00:28:19.645000,0 days 01:26:35.157000
2024-07-07 14:31:32.426,9317,205,6,23,False,1,car,0 days 00:28:19.885000,0 days 01:26:35.397000
2024-07-07 14:31:32.905,9069,201,6,44,False,1,car,0 days 00:28:20.364000,0 days 01:26:35.876000
2024-07-07 14:31:33.345,9678,189,6,0,True,1,car,0 days 00:28:20.804000,0 days 01:26:36.316000
2024-07-07 14:31:33.545,9369,183,5,0,True,1,car,0 days 00:28:21.004000,0 days 01:26:36.516000
2024-07-07 14:31:33.705,9124,177,5,0,True,1,car,0 days 00:28:21.164000,0 days 01:26:36.676000
2024-07-07 14:31:33.905,9114,172,5,0,False,1,car,0 days 00:28:21.364000,0 days 01:26:36.876000
2024-07-07 14:31:34.065,9063,170,5,29,False,1,car,0 days 00:28:21.524000,0 days 01:26:37.036000
2024-07-07 14:31:34.345,8845,168,5,31,False,1,car,0 days 00:28:21.804000,0 days 01:26:37.316000
2024-07-07 14:31:34.666,9011,167,5,54,False,1,car,0 days 00:28:22.125000,0 days 01:26:37.637000
2024-07-07 14:31:34.866,9012,169,5,59,False,1,car,0 days 00:28:22.325000,0 days 01:26:37.837000
2024-07-07 14:31:35.066,9167,172,5,69,False,1,car,0 days 00:28:22.525000,0 days 01:26:38.037000
2024-07-07 14:31:35.386,9494,177,5,74,False,1,car,0 days 00:28:22.845000,0 days 01:26:38.357000
2024-07-07 14:31:35.706,9961,183,5,80,False,1,car,0 days 00:28:23.165000,0 days 01:26:38.677000
2024-07-07 14:31:36.026,10368,191,5,100,False,1,car,0 days 00:28:23.485000,0 days 01:26:38.997000
2024-07-07 14:31:36.186,10574,198,5,100,False,1,car,0 days 00:28:23.645000,0 days 01:26:39.157000
2024-07-07 14:31:36.546,11046,206,5,100,False,1,car,0 days 00:28:24.005000,0 days 01:26:39.517000
2024-07-07 14:31:36.786,11471,216,5,100,False,1,car,0 days 00:28:24.245000,0 days 01:26:39.757000
2024-07-07 14:31:36.946,11760,218,5,100,False,1,car,0 days 00:28:24.405000,0 days 01:26:39.917000
2024-07-07 14:31:37.146,10640,222,5,100,False,1,car,0 days 00:28:24.605000,0 days 01:26:40.117000
2024-07-07 14:31:37.426,10666,230,6,100,False,1,car,0 days 00:28:24.885000,0 days 01:26:40.397000
2024-07-07 14:31:37.706,10913,236,6,100,False,1,car,0 days 00:28:25.165000,0 days 01:26:40.677000
2024-07-07 14:31:37.986,11066,239,6,100,False,1,car,0 days 00:28:25.445000,0 days 01:26:40.957000
2024-07-07 14:31:38.146,11222,243,6,100,False,1,car,0 days 00:28:25.605000,0 days 01:26:41.117000
2024-07-07 14:31:38.426,11327,248,6,100,False,1,car,0 days 00:28:25.885000,0 days 01:26:41.397000
2024-07-07 14:31:38.666,11516,252,6,100,False,1,car,0 days 00:28:26.125000,0 days 01:26:41.637000
2024-07-07 14:31:39.106,10923,260,6,100,False,1,car,0 days 00:28:26.565000,0 days 01:26:42.077000
2024-07-07 14:31:39.465,10699,265,7,100,False,1,car,0 days 00:28:26.924000,0 days 01:26:42.436000
2024-07-07 14:31:39.705,10686,266,7,100,False,1,car,0 days 00:28:27.164000,0 days 01:26:42.676000
2024-07-07 14:31:39.985,10869,271,7,100,False,1,car,0 days 00:28:27.444000,0 days 01:26:42.956000
2024-07-07 14:31:40.145,10920,271,7,100,False,1,car,0 days 00:28:27.604000,0 days 01:26:43.116000
2024-07-07 14:31:40.545,11021,276,7,100,False,1,car,0 days 00:28:28.004000,0 days 01:26:43.516000
2024-07-07 14:31:40.705,11131,277,7,100,False,1,car,0 days 00:28:28.164000,0 days 01:26:43.676000
2024-07-07 14:31:40.905,11172,278,7,100,False,1,car,0 days 00:28:28.364000,0 days 01:26:43.876000
2024-07-07 14:31:41.266,11284,282,7,100,False,1,car,0 days 00:28:28.725000,0 days 01:26:44.237000
2024-07-07 14:31:41.586,11320,284,7,100,False,1,car,0 days 00:28:29.045000,0 days 01:26:44.557000
2024-07-07 14:31:41.826,11426,285,7,100,False,1,car,0 days 00:28:29.285000,0 days 01:26:44.797000
2024-07-07 14:31:41.986,11464,287,7,100,False,1,car,0 days 00:28:29.445000,0 days 01:26:44.957000
2024-07-07 14:31:42.306,11517,289,7,100,False,1,car,0 days 00:28:29.765000,0 days 01:26:45.277000
2024-07-07 14:31:42.506,11555,289,7,100,False,1,car,0 days 00:28:29.965000,0 days 01:26:45.477000
2024-07-07 14:31:42.786,11620,289,7,100,False,1,car,0 days 00:28:30.245000,0 days 01:26:45.757000
2024-07-07 14:31:43.026,11670,292,7,100,False,1,car,0 days 00:28:30.485000,0 days 01:26:45.997000
2024-07-07 14:31:43.186,11670,292,7,100,False,1,car,0 days 00:28:30.645000,0 days 01:26:46.157000
2024-07-07 14:31:43.546,10790,294,7,100,False,1,car,0 days 00:28:31.005000,0 days 01:26:46.517000
2024-07-07 14:31:43.706,10714,295,8,100,False,1,car,0 days 00:28:31.165000,0 days 01:26:46.677000
2024-07-07 14:31:43.986,10570,296,8,100,False,1,car,0 days 00:28:31.445000,0 days 01:26:46.957000
2024-07-07 14:31:44.266,10526,296,8,100,False,1,car,0 days 00:28:31.725000,0 days 01:26:47.237000
2024-07-07 14:31:44.426,10525,296,8,100,False,1,car,0 days 00:28:31.885000,0 days 01:26:47.397000
2024-07-07 14:31:44.706,10480,296,8,100,False,1,car,0 days 00:28:32.165000,0 days 01:26:47.677000
2024-07-07 14:31:44.986,10496,296,8,100,False,1,car,0 days 00:28:32.445000,0 days 01:26:47.957000
2024-07-07 14:31:45.386,10378,292,8,100,False,1,car,0 days 00:28:32.845000,0 days 01:26:48.357000
2024-07-07 14:31:45.586,10327,291,8,100,False,1,car,0 days 00:28:33.045000,0 days 01:26:48.557000
2024-07-07 14:31:45.826,10252,291,8,100,False,1,car,0 days 00:28:33.285000,0 days 01:26:48.797000
2024-07-07 14:31:46.026,10218,289,8,100,False,1,car,0 days 00:28:33.485000,0 days 01:26:48.997000
2024-07-07 14:31:46.425,10114,287,8,100,False,1,car,0 days 00:28:33.884000,0 days 01:26:49.396000
2024-07-07 14:31:46.745,9699,280,8,0,True,1,car,0 days 00:28:34.204000,0 days 01:26:49.716000
2024-07-07 14:31:47.025,9358,251,8,0,True,1,car,0 days 00:28:34.484000,0 days 01:26:49.996000
2024-07-07 14:31:47.225,9018,234,8,0,True,1,car,0 days 00:28:34.684000,0 days 01:26:50.196000
2024-07-07 14:31:47.385,9718,220,8,0,True,1,car,0 days 00:28:34.844000,0 days 01:26:50.356000
2024-07-07 14:31:47.625,9160,210,6,0,True,1,car,0 days 00:28:35.084000,0 days 01:26:50.596000
2024-07-07 14:31:47.946,10064,196,6,0,True,1,car,0 days 00:28:35.405000,0 days 01:26:50.917000
2024-07-07 14:31:48.146,10007,189,5,9,True,1,car,0 days 00:28:35.605000,0 days 01:26:51.117000
2024-07-07 14:31:48.386,9783,187,5,40,False,1,car,0 days 00:28:35.845000,0 days 01:26:51.357000
2024-07-07 14:31:48.626,9770,184,5,48,False,1,car,0 days 00:28:36.085000,0 days 01:26:51.597000
2024-07-07 14:31:48.826,9727,184,5,48,False,1,car,0 days 00:28:36.285000,0 days 01:26:51.797000
2024-07-07 14:31:49.066,9706,184,5,45,False,1,car,0 days 00:28:36.525000,0 days 01:26:52.037000
2024-07-07 14:31:49.506,9619,181,5,49,False,1,car,0 days 00:28:36.965000,0 days 01:26:52.477000
2024-07-07 14:31:49.746,9636,181,5,62,False,1,car,0 days 00:28:37.205000,0 days 01:26:52.717000
2024-07-07 14:31:50.146,9798,183,5,62,False,1,car,0 days 00:28:37.605000,0 days 01:26:53.117000
2024-07-07 14:31:50.466,9755,186,5,55,False,1,car,0 days 00:28:37.925000,0 days 01:26:53.437000
2024-07-07 14:31:50.706,9958,186,5,74,False,1,car,0 days 00:28:38.165000,0 days 01:26:53.677000
2024-07-07 14:31:50.906,10164,189,5,82,False,1,car,0 days 00:28:38.365000,0 days 01:26:53.877000
2024-07-07 14:31:51.066,10284,194,5,88,False,1,car,0 days 00:28:38.525000,0 days 01:26:54.037000
2024-07-07 14:31:51.226,10623,196,5,100,False,1,car,0 days 00:28:38.685000,0 days 01:26:54.197000
2024-07-07 14:31:51.506,11017,204,5,98,False,1,car,0 days 00:28:38.965000,0 days 01:26:54.477000
2024-07-07 14:31:51.786,11279,212,5,100,False,1,car,0 days 00:28:39.245000,0 days 01:26:54.757000
2024-07-07 14:31:51.986,11530,216,5,100,False,1,car,0 days 00:28:39.445000,0 days 01:26:54.957000
2024-07-07 14:31:52.186,11766,222,5,100,False,1,car,0 days 00:28:39.645000,0 days 01:26:55.157000
2024-07-07 14:31:52.386,11928,228,5,100,False,1,car,0 days 00:28:39.845000,0 days 01:26:55.357000
2024-07-07 14:31:52.586,10646,231,5,100,False,1,car,0 days 00:28:40.045000,0 days 01:26:55.557000
2024-07-07 14:31:52.786,10507,235,6,100,False,1,car,0 days 00:28:40.245000,0 days 01:26:55.757000
2024-07-07 14:31:53.945,11292,247,6,100,False,1,car,0 days 00:28:41.404000,0 days 01:26:56.916000
2024-07-07 14:31:54.266,11326,249,6,100,False,1,car,0 days 00:28:41.725000,0 days 01:26:57.237000
2024-07-07 14:31:54.586,11322,249,6,100,False,1,car,0 days 00:28:42.045000,0 days 01:26:57.557000
2024-07-07 14:31:54.746,10965,245,6,0,True,1,car,0 days 00:28:42.205000,0 days 01:26:57.717000
2024-07-07 14:31:54.946,9980,230,6,0,True,1,car,0 days 00:28:42.405000,0 days 01:26:57.917000
2024-07-07 14:31:55.266,9883,202,6,0,True,1,car,0 days 00:28:42.725000,0 days 01:26:58.237000
2024-07-07 14:31:55.626,9631,184,5,0,True,1,car,0 days 00:28:43.085000,0 days 01:26:58.597000
2024-07-07 14:31:55.786,8934,178,5,0,True,1,car,0 days 00:28:43.245000,0 days 01:26:58.757000
2024-07-07 14:31:55.986,9890,159,5,0,True,1,car,0 days 00:28:43.445000,0 days 01:26:58.957000
2024-07-07 14:31:56.346,8422,142,4,0,True,1,car,0 days 00:28:43.805000,0 days 01:26:59.317000
2024-07-07 14:31:56.706,8888,123,4,0,True,1,car,0 days 00:28:44.165000,0 days 01:26:59.677000
2024-07-07 14:31:56.906,8303,116,3,0,True,1,car,0 days 00:28:44.365000,0 days 01:26:59.877000
2024-07-07 14:31:57.346,7615,104,3,0,True,1,car,0 days 00:28:44.805000,0 days 01:27:00.317000
2024-07-07 14:31:57.666,7094,98,3,0,True,1,car,0 days 00:28:45.125000,0 days 01:27:00.637000
2024-07-07 14:31:58.106,7001,96,3,7,False,1,car,0 days 00:28:45.565000,0 days 01:27:01.077000
2024-07-07 14:31:58.426,7209,94,3,16,False,1,car,0 days 00:28:45.885000,0 days 01:27:01.397000
2024-07-07 14:31:58.666,7147,94,3,28,False,1,car,0 days 00:28:46.125000,0 days 01:27:01.637000
2024-07-07 14:31:58.906,7196,97,3,30,False,1,car,0 days 00:28:46.365000,0 days 01:27:01.877000
2024-07-07 14:31:59.106,7503,99,3,42,False,1,car,0 days 00:28:46.565000,0 days 01:27:02.077000
2024-07-07 14:31:59.266,7730,102,3,45,False,1,car,0 days 00:28:46.725000,0 days 01:27:02.237000
2024-07-07 14:31:59.586,8290,108,3,49,False,1,car,0 days 00:28:47.045000,0 days 01:27:02.557000
2024-07-07 14:31:59.865,8405,112,3,13,False,1,car,0 days 00:28:47.324000,0 days 01:27:02.836000
2024-07-07 14:32:00.105,8103,109,3,0,False,1,car,0 days 00:28:47.564000,0 days 01:27:03.076000
2024-07-07 14:32:00.305,7853,108,3,4,False,1,car,0 days 00:28:47.764000,0 days 01:27:03.276000
2024-07-07 14:32:00.505,7995,107,3,21,False,1,car,0 days 00:28:47.964000,0 days 01:27:03.476000
2024-07-07 14:32:00.785,7995,107,3,21,False,1,car,0 days 00:28:48.244000,0 days 01:27:03.756000
2024-07-07 14:32:01.066,8362,111,3,50,False,1,car,0 days 00:28:48.525000,0 days 01:27:04.037000
2024-07-07 14:32:01.266,8643,113,3,54,False,1,car,0 days 00:28:48.725000,0 days 01:27:04.237000
2024-07-07 14:32:01.626,9373,122,3,61,False,1,car,0 days 00:28:49.085000,0 days 01:27:04.597000
2024-07-07 14:32:01.826,9653,127,3,63,False,1,car,0 days 00:28:49.285000,0 days 01:27:04.797000
2024-07-07 14:32:02.026,9522,132,3,63,False,1,car,0 days 00:28:49.485000,0 days 01:27:04.997000
2024-07-07 14:32:02.266,9161,140,3,74,False,1,car,0 days 00:28:49.725000,0 days 01:27:05.237000
2024-07-07 14:32:02.466,9249,145,4,74,False,1,car,0 days 00:28:49.925000,0 days 01:27:05.437000
2024-07-07 14:32:02.826,10009,154,4,79,False,1,car,0 days 00:28:50.285000,0 days 01:27:05.797000
2024-07-07 14:32:03.066,10380,165,4,79,False,1,car,0 days 00:28:50.525000,0 days 01:27:06.037000
2024-07-07 14:32:03.386,10984,172,4,84,False,1,car,0 days 00:28:50.845000,0 days 01:27:06.357000
2024-07-07 14:32:03.546,11243,176,4,75,False,1,car,0 days 00:28:51.005000,0 days 01:27:06.517000
2024-07-07 14:32:03.786,9930,182,4,74,False,1,car,0 days 00:28:51.245000,0 days 01:27:06.757000
2024-07-07 14:32:03.946,10032,185,5,79,False,1,car,0 days 00:28:51.405000,0 days 01:27:06.917000
2024-07-07 14:32:04.226,10302,190,5,87,False,1,car,0 days 00:28:51.685000,0 days 01:27:07.197000
2024-07-07 14:32:04.466,10508,198,5,79,False,1,car,0 days 00:28:51.925000,0 days 01:27:07.437000
2024-07-07 14:32:04.626,10703,199,5,74,False,1,car,0 days 00:28:52.085000,0 days 01:27:07.597000
2024-07-07 14:32:04.826,10850,202,5,86,False,1,car,0 days 00:28:52.285000,0 days 01:27:07.797000
2024-07-07 14:32:05.146,11349,209,5,99,False,1,car,0 days 00:28:52.605000,0 days 01:27:08.117000
2024-07-07 14:32:05.306,11385,214,5,89,False,1,car,0 days 00:28:52.765000,0 days 01:27:08.277000
2024-07-07 14:32:05.546,11612,217,5,84,False,1,car,0 days 00:28:53.005000,0 days 01:27:08.517000
2024-07-07 14:32:05.786,11910,223,5,94,False,1,car,0 days 00:28:53.245000,0 days 01:27:08.757000
2024-07-07 14:32:06.066,11548,231,5,100,False,1,car,0 days 00:28:53.525000,0 days 01:27:09.037000
2024-07-07 14:32:06.226,10772,231,5,100,False,1,car,0 days 00:28:53.685000,0 days 01:27:09.197000
2024-07-07 14:32:06.505,10905,237,6,100,False,1,car,0 days 00:28:53.964000,0 days 01:27:09.476000
2024-07-07 14:32:06.745,11154,242,6,100,False,1,car,0 days 00:28:54.204000,0 days 01:27:09.716000
2024-07-07 14:32:07.025,11379,248,6,100,False,1,car,0 days 00:28:54.484000,0 days 01:27:09.996000
2024-07-07 14:32:07.305,11572,252,6,100,False,1,car,0 days 00:28:54.764000,0 days 01:27:10.276000
2024-07-07 14:32:07.466,11655,256,6,100,False,1,car,0 days 00:28:54.925000,0 days 01:27:10.437000
2024-07-07 14:32:07.706,11818,258,6,100,False,1,car,0 days 00:28:55.165000,0 days 01:27:10.677000
2024-07-07 14:32:07.866,11884,259,6,100,False,1,car,0 days 00:28:55.325000,0 days 01:27:10.837000
2024-07-07 14:32:08.066,11944,264,6,100,False,1,car,0 days 00:28:55.525000,0 days 01:27:11.037000
2024-07-07 14:32:08.426,10900,268,7,100,False,1,car,0 days 00:28:55.885000,0 days 01:27:11.397000
2024-07-07 14:32:08.706,10816,271,7,100,False,1,car,0 days 00:28:56.165000,0 days 01:27:11.677000
2024-07-07 14:32:09.066,11064,276,7,100,False,1,car,0 days 00:28:56.525000,0 days 01:27:12.037000
2024-07-07 14:32:09.306,11124,277,7,100,False,1,car,0 days 00:28:56.765000,0 days 01:27:12.277000
2024-07-07 14:32:09.666,11190,280,7,100,False,1,car,0 days 00:28:57.125000,0 days 01:27:12.637000
2024-07-07 14:32:09.826,11272,282,7,100,False,1,car,0 days 00:28:57.285000,0 days 01:27:12.797000
2024-07-07 14:32:10.186,11357,285,7,100,False,1,car,0 days 00:28:57.645000,0 days 01:27:13.157000
2024-07-07 14:32:10.466,11098,275,7,0,True,1,car,0 days 00:28:57.925000,0 days 01:27:13.437000
2024-07-07 14:32:10.666,10181,258,7,0,True,1,car,0 days 00:28:58.125000,0 days 01:27:13.637000
2024-07-07 14:32:10.986,10573,236,7,0,True,1,car,0 days 00:28:58.445000,0 days 01:27:13.957000
2024-07-07 14:32:11.266,10036,223,6,0,True,1,car,0 days 00:28:58.725000,0 days 01:27:14.237000
2024-07-07 14:32:11.546,9643,217,6,37,False,1,car,0 days 00:28:59.005000,0 days 01:27:14.517000
2024-07-07 14:32:11.706,9841,215,6,43,False,1,car,0 days 00:28:59.165000,0 days 01:27:14.677000
2024-07-07 14:32:12.186,9725,214,6,55,False,1,car,0 days 00:28:59.645000,0 days 01:27:15.157000
2024-07-07 14:32:12.346,9728,213,6,53,False,1,car,0 days 00:28:59.805000,0 days 01:27:15.317000
2024-07-07 14:32:12.786,9694,212,6,58,False,1,car,0 days 00:29:00.245000,0 days 01:27:15.757000
2024-07-07 14:32:12.986,9740,213,6,78,False,1,car,0 days 00:29:00.445000,0 days 01:27:15.957000
2024-07-07 14:32:13.145,9951,214,6,88,False,1,car,0 days 00:29:00.604000,0 days 01:27:16.116000
2024-07-07 14:32:13.305,10137,218,6,100,False,1,car,0 days 00:29:00.764000,0 days 01:27:16.276000
2024-07-07 14:32:13.625,10444,224,6,100,False,1,car,0 days 00:29:01.084000,0 days 01:27:16.596000
2024-07-07 14:32:13.986,10685,233,6,100,False,1,car,0 days 00:29:01.445000,0 days 01:27:16.957000
2024-07-07 14:32:14.146,10782,235,6,100,False,1,car,0 days 00:29:01.605000,0 days 01:27:17.117000
2024-07-07 14:32:14.306,11044,240,6,100,False,1,car,0 days 00:29:01.765000,0 days 01:27:17.277000
2024-07-07 14:32:14.466,11154,243,6,100,False,1,car,0 days 00:29:01.925000,0 days 01:27:17.437000
2024-07-07 14:32:14.746,11408,248,6,92,False,1,car,0 days 00:29:02.205000,0 days 01:27:17.717000
2024-07-07 14:32:15.026,9820,250,6,74,False,1,car,0 days 00:29:02.485000,0 days 01:27:17.997000
2024-07-07 14:32:15.386,10030,250,7,58,False,1,car,0 days 00:29:02.845000,0 days 01:27:18.357000
2024-07-07 14:32:15.786,9863,247,7,48,False,1,car,0 days 00:29:03.245000,0 days 01:27:18.757000
2024-07-07 14:32:15.946,9755,245,7,49,False,1,car,0 days 00:29:03.405000,0 days 01:27:18.917000
2024-07-07 14:32:16.146,9755,243,7,49,False,1,car,0 days 00:29:03.605000,0 days 01:27:19.117000
2024-07-07 14:32:16.306,9811,242,7,49,False,1,car,0 days 00:29:03.765000,0 days 01:27:19.277000
2024-07-07 14:32:16.586,9847,244,7,82,False,1,car,0 days 00:29:04.045000,0 days 01:27:19.557000
2024-07-07 14:32:16.906,9961,246,7,83,False,1,car,0 days 00:29:04.365000,0 days 01:27:19.877000
2024-07-07 14:32:17.106,9931,249,7,100,False,1,car,0 days 00:29:04.565000,0 days 01:27:20.077000
2024-07-07 14:32:17.386,10063,251,7,100,False,1,car,0 days 00:29:04.845000,0 days 01:27:20.357000
2024-07-07 14:32:17.546,9355,252,7,0,True,1,car,0 days 00:29:05.005000,0 days 01:27:20.517000
2024-07-07 14:32:17.906,9418,226,7,0,True,1,car,0 days 00:29:05.365000,0 days 01:27:20.877000
2024-07-07 14:32:18.226,9009,201,7,0,True,1,car,0 days 00:29:05.685000,0 days 01:27:21.197000
2024-07-07 14:32:18.506,9278,182,7,0,True,1,car,0 days 00:29:05.965000,0 days 01:27:21.477000
2024-07-07 14:32:18.746,8679,172,5,0,True,1,car,0 days 00:29:06.205000,0 days 01:27:21.717000
2024-07-07 14:32:19.106,9220,158,5,0,True,1,car,0 days 00:29:06.565000,0 days 01:27:22.077000
2024-07-07 14:32:19.266,8768,145,4,0,True,1,car,0 days 00:29:06.725000,0 days 01:27:22.237000
2024-07-07 14:32:19.426,8259,141,4,0,True,1,car,0 days 00:29:06.885000,0 days 01:27:22.397000
2024-07-07 14:32:19.746,7817,139,4,0,True,1,car,0 days 00:29:07.205000,0 days 01:27:22.717000
2024-07-07 14:32:19.905,7915,127,4,0,True,1,car,0 days 00:29:07.364000,0 days 01:27:22.876000
2024-07-07 14:32:20.225,7721,117,3,0,True,1,car,0 days 00:29:07.684000,0 days 01:27:23.196000
2024-07-07 14:32:20.546,7351,108,3,0,False,1,car,0 days 00:29:08.005000,0 days 01:27:23.517000
2024-07-07 14:32:20.906,8251,95,3,0,True,1,car,0 days 00:29:08.365000,0 days 01:27:23.877000
2024-07-07 14:32:21.066,7722,90,2,0,True,1,car,0 days 00:29:08.525000,0 days 01:27:24.037000
2024-07-07 14:32:21.346,7374,90,2,0,False,1,car,0 days 00:29:08.805000,0 days 01:27:24.317000
2024-07-07 14:32:21.506,7311,85,2,0,False,1,car,0 days 00:29:08.965000,0 days 01:27:24.477000
2024-07-07 14:32:21.746,7321,83,2,0,False,1,car,0 days 00:29:09.205000,0 days 01:27:24.717000
2024-07-07 14:32:22.106,7089,82,2,0,False,1,car,0 days 00:29:09.565000,0 days 01:27:25.077000
2024-07-07 14:32:22.266,7089,80,2,0,False,1,car,0 days 00:29:09.725000,0 days 01:27:25.237000
2024-07-07 14:32:22.626,6694,77,2,0,False,1,car,0 days 00:29:10.085000,0 days 01:27:25.597000
2024-07-07 14:32:23.066,6670,75,2,1,False,1,car,0 days 00:29:10.525000,0 days 01:27:26.037000
2024-07-07 14:32:23.466,6495,73,2,8,False,1,car,0 days 00:29:10.925000,0 days 01:27:26.437000
2024-07-07 14:32:23.626,6489,73,2,10,False,1,car,0 days 00:29:11.085000,0 days 01:27:26.597000
2024-07-07 14:32:23.946,6741,74,2,17,False,1,car,0 days 00:29:11.405000,0 days 01:27:26.917000
2024-07-07 14:32:24.186,6851,76,2,21,False,1,car,0 days 00:29:11.645000,0 days 01:27:27.157000
2024-07-07 14:32:24.546,7031,80,2,14,False,1,car,0 days 00:29:12.005000,0 days 01:27:27.517000
2024-07-07 14:32:24.786,7502,82,2,27,False,1,car,0 days 00:29:12.245000,0 days 01:27:27.757000
2024-07-07 14:32:25.186,7968,87,2,40,False,1,car,0 days 00:29:12.645000,0 days 01:27:28.157000
2024-07-07 14:32:25.426,8287,93,2,41,False,1,car,0 days 00:29:12.885000,0 days 01:27:28.397000
2024-07-07 14:32:25.666,7027,93,2,0,True,1,car,0 days 00:29:13.125000,0 days 01:27:28.637000
2024-07-07 14:32:25.906,7756,87,2,0,True,1,car,0 days 00:29:13.365000,0 days 01:27:28.877000
2024-07-07 14:32:26.186,7892,84,2,14,False,1,car,0 days 00:29:13.645000,0 days 01:27:29.157000
2024-07-07 14:32:26.426,6772,83,2,0,True,1,car,0 days 00:29:13.885000,0 days 01:27:29.397000
2024-07-07 14:32:26.665,6663,77,2,0,True,1,car,0 days 00:29:14.124000,0 days 01:27:29.636000
2024-07-07 14:32:27.025,7644,75,2,0,False,1,car,0 days 00:29:14.484000,0 days 01:27:29.996000
2024-07-07 14:32:27.186,8438,74,2,0,False,1,car,0 days 00:29:14.645000,0 days 01:27:30.157000
2024-07-07 14:32:27.666,8205,73,1,0,False,1,car,0 days 00:29:15.125000,0 days 01:27:30.637000
2024-07-07 14:32:27.986,8076,70,1,0,False,1,car,0 days 00:29:15.445000,0 days 01:27:30.957000
2024-07-07 14:32:28.226,7931,69,1,0,False,1,car,0 days 00:29:15.685000,0 days 01:27:31.197000
2024-07-07 14:32:28.386,7842,68,1,0,False,1,car,0 days 00:29:15.845000,0 days 01:27:31.357000
2024-07-07 14:32:28.626,7683,67,1,0,False,1,car,0 days 00:29:16.085000,0 days 01:27:31.597000
2024-07-07 14:32:28.786,7544,66,1,3,False,1,car,0 days 00:29:16.245000,0 days 01:27:31.757000
2024-07-07 14:32:28.986,7588,65,1,6,False,1,car,0 days 00:29:16.445000,0 days 01:27:31.957000
2024-07-07 14:32:29.266,7741,65,1,19,False,1,car,0 days 00:29:16.725000,0 days 01:27:32.237000
2024-07-07 14:32:29.466,8104,67,1,23,False,1,car,0 days 00:29:16.925000,0 days 01:27:32.437000
2024-07-07 14:32:29.706,8360,69,1,29,False,1,car,0 days 00:29:17.165000,0 days 01:27:32.677000
2024-07-07 14:32:29.866,8470,72,1,28,False,1,car,0 days 00:29:17.325000,0 days 01:27:32.837000
2024-07-07 14:32:30.346,7469,77,2,25,False,1,car,0 days 00:29:17.805000,0 days 01:27:33.317000
2024-07-07 14:32:30.746,7596,82,2,38,False,1,car,0 days 00:29:18.205000,0 days 01:27:33.717000
2024-07-07 14:32:31.146,8421,90,2,50,False,1,car,0 days 00:29:18.605000,0 days 01:27:34.117000
2024-07-07 14:32:31.386,9012,97,2,55,False,1,car,0 days 00:29:18.845000,0 days 01:27:34.357000
2024-07-07 14:32:31.746,9316,103,2,53,False,1,car,0 days 00:29:19.205000,0 days 01:27:34.717000
2024-07-07 14:32:31.946,9754,105,2,58,False,1,car,0 days 00:29:19.405000,0 days 01:27:34.917000
2024-07-07 14:32:32.426,9336,121,3,67,False,1,car,0 days 00:29:19.885000,0 days 01:27:35.397000
2024-07-07 14:32:32.586,9614,128,3,69,False,1,car,0 days 00:29:20.045000,0 days 01:27:35.557000
2024-07-07 14:32:32.786,10092,131,3,70,False,1,car,0 days 00:29:20.245000,0 days 01:27:35.757000
2024-07-07 14:32:33.066,10744,144,3,74,False,1,car,0 days 00:29:20.525000,0 days 01:27:36.037000
2024-07-07 14:32:33.505,9795,154,4,59,False,1,car,0 days 00:29:20.964000,0 days 01:27:36.476000
2024-07-07 14:32:34.386,10626,172,4,46,False,1,car,0 days 00:29:21.845000,0 days 01:27:37.357000
2024-07-07 14:32:34.586,10737,171,4,50,False,1,car,0 days 00:29:22.045000,0 days 01:27:37.557000
2024-07-07 14:32:34.906,10976,173,4,58,False,1,car,0 days 00:29:22.365000,0 days 01:27:37.877000
2024-07-07 14:32:35.306,9295,176,4,49,False,1,car,0 days 00:29:22.765000,0 days 01:27:38.277000
2024-07-07 14:32:35.506,9281,177,5,54,False,1,car,0 days 00:29:22.965000,0 days 01:27:38.477000
2024-07-07 14:32:35.746,9576,178,5,67,False,1,car,0 days 00:29:23.205000,0 days 01:27:38.717000
2024-07-07 14:32:35.946,9683,181,5,73,False,1,car,0 days 00:29:23.405000,0 days 01:27:38.917000
2024-07-07 14:32:36.146,9844,183,5,75,False,1,car,0 days 00:29:23.605000,0 days 01:27:39.117000
2024-07-07 14:32:36.466,10211,192,5,83,False,1,car,0 days 00:29:23.925000,0 days 01:27:39.437000
2024-07-07 14:32:36.786,10549,198,5,85,False,1,car,0 days 00:29:24.245000,0 days 01:27:39.757000
2024-07-07 14:32:37.226,11196,206,5,100,False,1,car,0 days 00:29:24.685000,0 days 01:27:40.197000
2024-07-07 14:32:37.506,11478,216,5,100,False,1,car,0 days 00:29:24.965000,0 days 01:27:40.477000
2024-07-07 14:32:37.826,11519,223,5,100,False,1,car,0 days 00:29:25.285000,0 days 01:27:40.797000
2024-07-07 14:32:38.226,10763,232,6,100,False,1,car,0 days 00:29:25.685000,0 days 01:27:41.197000
2024-07-07 14:32:38.466,10970,238,6,100,False,1,car,0 days 00:29:25.925000,0 days 01:27:41.437000
2024-07-07 14:32:38.786,11141,243,6,100,False,1,car,0 days 00:29:26.245000,0 days 01:27:41.757000
2024-07-07 14:32:38.986,11287,247,6,100,False,1,car,0 days 00:29:26.445000,0 days 01:27:41.957000
2024-07-07 14:32:39.146,11407,248,6,100,False,1,car,0 days 00:29:26.605000,0 days 01:27:42.117000
2024-07-07 14:32:39.346,11482,251,6,100,False,1,car,0 days 00:29:26.805000,0 days 01:27:42.317000
2024-07-07 14:32:39.546,11661,254,6,100,False,1,car,0 days 00:29:27.005000,0 days 01:27:42.517000
2024-07-07 14:32:39.706,11742,257,6,100,False,1,car,0 days 00:29:27.165000,0 days 01:27:42.677000
2024-07-07 14:32:39.906,10968,261,6,100,False,1,car,0 days 00:29:27.365000,0 days 01:27:42.877000
2024-07-07 14:32:40.225,10908,263,7,100,False,1,car,0 days 00:29:27.684000,0 days 01:27:43.196000
2024-07-07 14:32:40.586,10651,268,7,100,False,1,car,0 days 00:29:28.045000,0 days 01:27:43.557000
2024-07-07 14:32:40.826,10966,270,7,100,False,1,car,0 days 00:29:28.285000,0 days 01:27:43.797000
2024-07-07 14:32:41.026,10793,272,7,100,False,1,car,0 days 00:29:28.485000,0 days 01:27:43.997000
2024-07-07 14:32:41.186,10861,273,7,100,False,1,car,0 days 00:29:28.645000,0 days 01:27:44.157000
2024-07-07 14:32:41.466,11032,277,7,100,False,1,car,0 days 00:29:28.925000,0 days 01:27:44.437000
2024-07-07 14:32:41.706,11075,277,7,100,False,1,car,0 days 00:29:29.165000,0 days 01:27:44.677000
2024-07-07 14:32:41.906,11104,278,7,100,False,1,car,0 days 00:29:29.365000,0 days 01:27:44.877000
2024-07-07 14:32:42.186,11130,279,7,100,False,1,car,0 days 00:29:29.645000,0 days 01:27:45.157000
2024-07-07 14:32:42.466,11135,279,7,100,False,1,car,0 days 00:29:29.925000,0 days 01:27:45.437000
2024-07-07 14:32:42.746,11132,278,7,100,False,1,car,0 days 00:29:30.205000,0 days 01:27:45.717000
2024-07-07 14:32:43.026,11108,278,7,100,False,1,car,0 days 00:29:30.485000,0 days 01:27:45.997000
2024-07-07 14:32:43.346,10634,279,7,0,True,1,car,0 days 00:29:30.805000,0 days 01:27:46.317000
2024-07-07 14:32:43.666,10914,255,7,0,True,1,car,0 days 00:29:31.125000,0 days 01:27:46.637000
2024-07-07 14:32:43.866,9756,237,7,0,True,1,car,0 days 00:29:31.325000,0 days 01:27:46.837000
2024-07-07 14:32:44.146,9868,223,7,0,True,1,car,0 days 00:29:31.605000,0 days 01:27:47.117000
2024-07-07 14:32:44.386,9326,207,6,0,True,1,car,0 days 00:29:31.845000,0 days 01:27:47.357000
2024-07-07 14:32:44.706,8772,193,6,0,True,1,car,0 days 00:29:32.165000,0 days 01:27:47.677000
2024-07-07 14:32:44.866,9557,184,6,0,True,1,car,0 days 00:29:32.325000,0 days 01:27:47.837000
2024-07-07 14:32:45.026,9229,179,6,0,True,1,car,0 days 00:29:32.485000,0 days 01:27:47.997000
2024-07-07 14:32:45.266,8676,168,5,0,True,1,car,0 days 00:29:32.725000,0 days 01:27:48.237000
2024-07-07 14:32:45.546,8974,161,5,0,True,1,car,0 days 00:29:33.005000,0 days 01:27:48.517000
2024-07-07 14:32:45.826,9267,153,4,0,True,1,car,0 days 00:29:33.285000,0 days 01:27:48.797000
2024-07-07 14:32:46.106,9005,146,4,0,True,1,car,0 days 00:29:33.565000,0 days 01:27:49.077000
2024-07-07 14:32:46.346,8715,143,4,0,False,1,car,0 days 00:29:33.805000,0 days 01:27:49.317000
2024-07-07 14:32:46.666,8652,138,4,0,False,1,car,0 days 00:29:34.125000,0 days 01:27:49.637000
2024-07-07 14:32:46.825,8532,137,4,7,False,1,car,0 days 00:29:34.284000,0 days 01:27:49.796000
2024-07-07 14:32:47.066,8302,135,4,18,False,1,car,0 days 00:29:34.525000,0 days 01:27:50.037000
2024-07-07 14:32:47.266,8543,134,4,30,False,1,car,0 days 00:29:34.725000,0 days 01:27:50.237000
2024-07-07 14:32:47.426,8369,134,4,39,False,1,car,0 days 00:29:34.885000,0 days 01:27:50.397000
2024-07-07 14:32:47.826,8598,136,4,39,False,1,car,0 days 00:29:35.285000,0 days 01:27:50.797000
2024-07-07 14:32:48.106,8622,137,4,40,False,1,car,0 days 00:29:35.565000,0 days 01:27:51.077000
2024-07-07 14:32:48.426,8778,139,4,44,False,1,car,0 days 00:29:35.885000,0 days 01:27:51.397000
2024-07-07 14:32:48.746,8899,142,4,52,False,1,car,0 days 00:29:36.205000,0 days 01:27:51.717000
2024-07-07 14:32:48.906,9068,144,4,56,False,1,car,0 days 00:29:36.365000,0 days 01:27:51.877000
2024-07-07 14:32:49.106,9252,147,4,59,False,1,car,0 days 00:29:36.565000,0 days 01:27:52.077000
2024-07-07 14:32:49.346,9052,151,4,3,True,1,car,0 days 00:29:36.805000,0 days 01:27:52.317000
2024-07-07 14:32:49.546,8491,150,4,0,True,1,car,0 days 00:29:37.005000,0 days 01:27:52.517000
2024-07-07 14:32:49.826,8321,139,4,0,True,1,car,0 days 00:29:37.285000,0 days 01:27:52.797000
2024-07-07 14:32:50.066,8034,130,4,0,True,1,car,0 days 00:29:37.525000,0 days 01:27:53.037000
2024-07-07 14:32:50.346,7992,128,4,0,True,1,car,0 days 00:29:37.805000,0 days 01:27:53.317000
2024-07-07 14:32:50.626,8793,121,3,0,True,1,car,0 days 00:29:38.085000,0 days 01:27:53.597000
2024-07-07 14:32:51.026,8483,115,3,16,False,1,car,0 days 00:29:38.485000,0 days 01:27:53.997000
2024-07-07 14:32:51.306,8492,114,3,27,False,1,car,0 days 00:29:38.765000,0 days 01:27:54.277000
2024-07-07 14:32:51.466,8453,114,3,28,False,1,car,0 days 00:29:38.925000,0 days 01:27:54.437000
2024-07-07 14:32:51.706,8495,114,3,30,False,1,car,0 days 00:29:39.165000,0 days 01:27:54.677000
2024-07-07 14:32:51.986,8549,114,3,30,False,1,car,0 days 00:29:39.445000,0 days 01:27:54.957000
2024-07-07 14:32:52.186,8495,115,3,25,False,1,car,0 days 00:29:39.645000,0 days 01:27:55.157000
2024-07-07 14:32:52.386,8564,114,3,28,False,1,car,0 days 00:29:39.845000,0 days 01:27:55.357000
2024-07-07 14:32:52.666,8583,115,3,34,False,1,car,0 days 00:29:40.125000,0 days 01:27:55.637000
2024-07-07 14:32:52.826,8703,115,3,38,False,1,car,0 days 00:29:40.285000,0 days 01:27:55.797000
2024-07-07 14:32:53.266,9076,118,3,48,False,1,car,0 days 00:29:40.725000,0 days 01:27:56.237000
2024-07-07 14:32:53.586,9283,122,3,54,False,1,car,0 days 00:29:41.045000,0 days 01:27:56.557000
2024-07-07 14:32:53.826,9619,127,3,59,False,1,car,0 days 00:29:41.285000,0 days 01:27:56.797000
2024-07-07 14:32:54.146,10148,133,3,64,False,1,car,0 days 00:29:41.605000,0 days 01:27:57.117000
2024-07-07 14:32:54.426,9088,141,3,84,False,1,car,0 days 00:29:41.885000,0 days 01:27:57.397000
2024-07-07 14:32:54.786,9930,155,4,87,False,1,car,0 days 00:29:42.245000,0 days 01:27:57.757000
2024-07-07 14:32:54.986,10403,160,4,92,False,1,car,0 days 00:29:42.445000,0 days 01:27:57.957000
2024-07-07 14:32:55.186,10754,172,4,88,False,1,car,0 days 00:29:42.645000,0 days 01:27:58.157000
2024-07-07 14:32:55.546,11651,181,4,100,False,1,car,0 days 00:29:43.005000,0 days 01:27:58.517000
2024-07-07 14:32:55.706,11720,188,4,100,False,1,car,0 days 00:29:43.165000,0 days 01:27:58.677000
2024-07-07 14:32:55.946,10609,195,5,100,False,1,car,0 days 00:29:43.405000,0 days 01:27:58.917000
2024-07-07 14:32:56.186,10940,204,5,100,False,1,car,0 days 00:29:43.645000,0 days 01:27:59.157000
2024-07-07 14:32:56.466,11179,214,5,100,False,1,car,0 days 00:29:43.925000,0 days 01:27:59.437000
2024-07-07 14:32:56.626,11584,214,5,100,False,1,car,0 days 00:29:44.085000,0 days 01:27:59.597000
2024-07-07 14:32:56.986,11288,226,5,100,False,1,car,0 days 00:29:44.445000,0 days 01:27:59.957000
2024-07-07 14:32:57.266,10536,232,6,100,False,1,car,0 days 00:29:44.725000,0 days 01:28:00.237000
2024-07-07 14:32:57.626,10968,238,6,100,False,1,car,0 days 00:29:45.085000,0 days 01:28:00.597000
2024-07-07 14:32:57.906,11152,242,6,100,False,1,car,0 days 00:29:45.365000,0 days 01:28:00.877000
2024-07-07 14:32:58.266,11459,250,6,100,False,1,car,0 days 00:29:45.725000,0 days 01:28:01.237000
2024-07-07 14:32:58.426,11561,251,6,100,False,1,car,0 days 00:29:45.885000,0 days 01:28:01.397000
2024-07-07 14:32:58.866,10566,258,6,100,False,1,car,0 days 00:29:46.325000,0 days 01:28:01.837000
2024-07-07 14:32:59.186,10544,262,7,100,False,1,car,0 days 00:29:46.645000,0 days 01:28:02.157000
2024-07-07 14:32:59.386,10462,265,7,100,False,1,car,0 days 00:29:46.845000,0 days 01:28:02.357000
2024-07-07 14:32:59.546,10764,265,7,100,False,1,car,0 days 00:29:47.005000,0 days 01:28:02.517000
2024-07-07 14:32:59.746,10814,269,7,100,False,1,car,0 days 00:29:47.205000,0 days 01:28:02.717000
2024-07-07 14:33:00.146,10937,273,7,100,False,1,car,0 days 00:29:47.605000,0 days 01:28:03.117000
2024-07-07 14:33:00.466,11047,277,7,100,False,1,car,0 days 00:29:47.925000,0 days 01:28:03.437000
2024-07-07 14:33:00.746,11115,277,7,100,False,1,car,0 days 00:29:48.205000,0 days 01:28:03.717000
2024-07-07 14:33:00.986,11202,277,7,100,False,1,car,0 days 00:29:48.445000,0 days 01:28:03.957000
2024-07-07 14:33:01.266,11288,281,7,100,False,1,car,0 days 00:29:48.725000,0 days 01:28:04.237000
2024-07-07 14:33:01.546,11384,284,7,100,False,1,car,0 days 00:29:49.005000,0 days 01:28:04.517000
2024-07-07 14:33:01.786,11425,286,7,100,False,1,car,0 days 00:29:49.245000,0 days 01:28:04.757000
2024-07-07 14:33:02.026,11527,287,7,100,False,1,car,0 days 00:29:49.485000,0 days 01:28:04.997000
2024-07-07 14:33:02.426,11615,290,7,100,False,1,car,0 days 00:29:49.885000,0 days 01:28:05.397000
2024-07-07 14:33:02.586,11628,291,7,100,False,1,car,0 days 00:29:50.045000,0 days 01:28:05.557000
2024-07-07 14:33:02.786,11661,293,7,100,False,1,car,0 days 00:29:50.245000,0 days 01:28:05.757000
2024-07-07 14:33:02.986,10401,294,7,100,False,1,car,0 days 00:29:50.445000,0 days 01:28:05.957000
2024-07-07 14:33:03.186,10496,293,8,100,False,1,car,0 days 00:29:50.645000,0 days 01:28:06.157000
2024-07-07 14:33:03.346,10596,293,8,100,False,1,car,0 days 00:29:50.805000,0 days 01:28:06.317000
2024-07-07 14:33:03.626,10310,292,8,100,False,1,car,0 days 00:29:51.085000,0 days 01:28:06.597000
2024-07-07 14:33:03.986,10279,292,8,100,False,1,car,0 days 00:29:51.445000,0 days 01:28:06.957000
2024-07-07 14:33:04.306,10251,291,8,100,False,1,car,0 days 00:29:51.765000,0 days 01:28:07.277000
2024-07-07 14:33:04.586,9950,276,8,0,True,1,car,0 days 00:29:52.045000,0 days 01:28:07.557000
2024-07-07 14:33:04.866,10466,252,7,0,True,1,car,0 days 00:29:52.325000,0 days 01:28:07.837000
2024-07-07 14:33:05.106,10270,243,7,0,True,1,car,0 days 00:29:52.565000,0 days 01:28:08.077000
2024-07-07 14:33:05.306,10594,237,7,22,False,1,car,0 days 00:29:52.765000,0 days 01:28:08.277000
2024-07-07 14:33:05.506,10658,233,6,53,False,1,car,0 days 00:29:52.965000,0 days 01:28:08.477000
2024-07-07 14:33:05.906,10731,235,6,80,False,1,car,0 days 00:29:53.365000,0 days 01:28:08.877000
2024-07-07 14:33:06.146,10872,236,6,84,False,1,car,0 days 00:29:53.605000,0 days 01:28:09.117000
2024-07-07 14:33:06.466,11006,239,6,84,False,1,car,0 days 00:29:53.925000,0 days 01:28:09.437000
2024-07-07 14:33:06.707,11132,241,6,100,False,1,car,0 days 00:29:54.166000,0 days 01:28:09.678000
2024-07-07 14:33:07.146,11387,248,6,100,False,1,car,0 days 00:29:54.605000,0 days 01:28:10.117000
2024-07-07 14:33:07.506,11507,252,6,100,False,1,car,0 days 00:29:54.965000,0 days 01:28:10.477000
2024-07-07 14:33:07.826,11789,256,6,100,False,1,car,0 days 00:29:55.285000,0 days 01:28:10.797000
2024-07-07 14:33:08.066,10714,260,6,100,False,1,car,0 days 00:29:55.525000,0 days 01:28:11.037000
2024-07-07 14:33:08.346,10431,263,7,100,False,1,car,0 days 00:29:55.805000,0 days 01:28:11.317000
2024-07-07 14:33:08.586,10559,266,7,100,False,1,car,0 days 00:29:56.045000,0 days 01:28:11.557000
2024-07-07 14:33:08.786,10809,269,7,100,False,1,car,0 days 00:29:56.245000,0 days 01:28:11.757000
2024-07-07 14:33:09.026,10901,272,7,100,False,1,car,0 days 00:29:56.485000,0 days 01:28:11.997000
2024-07-07 14:33:09.306,10984,275,7,100,False,1,car,0 days 00:29:56.765000,0 days 01:28:12.277000
2024-07-07 14:33:09.706,11135,278,7,100,False,1,car,0 days 00:29:57.165000,0 days 01:28:12.677000
2024-07-07 14:33:09.866,11227,280,7,100,False,1,car,0 days 00:29:57.325000,0 days 01:28:12.837000
2024-07-07 14:33:10.146,11312,281,7,100,False,1,car,0 days 00:29:57.605000,0 days 01:28:13.117000
2024-07-07 14:33:10.546,11435,285,7,100,False,1,car,0 days 00:29:58.005000,0 days 01:28:13.517000
2024-07-07 14:33:10.906,11534,288,7,100,False,1,car,0 days 00:29:58.365000,0 days 01:28:13.877000
2024-07-07 14:33:11.146,11609,289,7,100,False,1,car,0 days 00:29:58.605000,0 days 01:28:14.117000
2024-07-07 14:33:11.586,11679,293,7,100,False,1,car,0 days 00:29:59.045000,0 days 01:28:14.557000
2024-07-07 14:33:11.946,10726,294,8,100,False,1,car,0 days 00:29:59.405000,0 days 01:28:14.917000
2024-07-07 14:33:12.186,10383,296,8,100,False,1,car,0 days 00:29:59.645000,0 days 01:28:15.157000
2024-07-07 14:33:12.586,10514,298,8,100,False,1,car,0 days 00:30:00.045000,0 days 01:28:15.557000
2024-07-07 14:33:12.986,10573,297,8,100,False,1,car,0 days 00:30:00.445000,0 days 01:28:15.957000
2024-07-07 14:33:13.146,10574,297,8,100,False,1,car,0 days 00:30:00.605000,0 days 01:28:16.117000
2024-07-07 14:33:13.427,10434,290,8,0,True,1,car,0 days 00:30:00.886000,0 days 01:28:16.398000
2024-07-07 14:33:13.586,9474,274,8,0,True,1,car,0 days 00:30:01.045000,0 days 01:28:16.557000
2024-07-07 14:33:13.906,10254,252,7,0,True,1,car,0 days 00:30:01.365000,0 days 01:28:16.877000
2024-07-07 14:33:14.266,10837,239,6,38,False,1,car,0 days 00:30:01.725000,0 days 01:28:17.237000
2024-07-07 14:33:14.466,10504,234,6,34,False,1,car,0 days 00:30:01.925000,0 days 01:28:17.437000
2024-07-07 14:33:14.706,10504,230,6,34,False,1,car,0 days 00:30:02.165000,0 days 01:28:17.677000
2024-07-07 14:33:15.146,9870,220,6,1,True,1,car,0 days 00:30:02.605000,0 days 01:28:18.117000
2024-07-07 14:33:15.346,9601,212,6,0,True,1,car,0 days 00:30:02.805000,0 days 01:28:18.317000
2024-07-07 14:33:15.586,9326,208,6,0,True,1,car,0 days 00:30:03.045000,0 days 01:28:18.557000
2024-07-07 14:33:15.826,10136,197,6,1,True,1,car,0 days 00:30:03.285000,0 days 01:28:18.797000
2024-07-07 14:33:16.026,9534,188,5,0,True,1,car,0 days 00:30:03.485000,0 days 01:28:18.997000
2024-07-07 14:33:16.266,9085,179,5,1,True,1,car,0 days 00:30:03.725000,0 days 01:28:19.237000
2024-07-07 14:33:16.626,10236,165,4,0,True,1,car,0 days 00:30:04.085000,0 days 01:28:19.597000
2024-07-07 14:33:16.786,9930,161,4,0,True,1,car,0 days 00:30:04.245000,0 days 01:28:19.757000
2024-07-07 14:33:16.986,9834,158,4,1,False,1,car,0 days 00:30:04.445000,0 days 01:28:19.957000
2024-07-07 14:33:17.426,9497,153,4,3,False,1,car,0 days 00:30:04.885000,0 days 01:28:20.397000
2024-07-07 14:33:17.626,9357,151,4,10,False,1,car,0 days 00:30:05.085000,0 days 01:28:20.597000
2024-07-07 14:33:17.866,9445,149,4,16,False,1,car,0 days 00:30:05.325000,0 days 01:28:20.837000
2024-07-07 14:33:18.226,9165,147,4,29,False,1,car,0 days 00:30:05.685000,0 days 01:28:21.197000
2024-07-07 14:33:18.506,9309,147,4,44,False,1,car,0 days 00:30:05.965000,0 days 01:28:21.477000
2024-07-07 14:33:18.666,9453,149,4,52,False,1,car,0 days 00:30:06.125000,0 days 01:28:21.637000
2024-07-07 14:33:18.826,9482,150,4,53,False,1,car,0 days 00:30:06.285000,0 days 01:28:21.797000
2024-07-07 14:33:18.986,9546,152,4,55,False,1,car,0 days 00:30:06.445000,0 days 01:28:21.957000
2024-07-07 14:33:19.226,9821,155,4,54,False,1,car,0 days 00:30:06.685000,0 days 01:28:22.197000
2024-07-07 14:33:19.426,9597,159,4,20,True,1,car,0 days 00:30:06.885000,0 days 01:28:22.397000
2024-07-07 14:33:19.626,9283,153,4,0,True,1,car,0 days 00:30:07.085000,0 days 01:28:22.597000
2024-07-07 14:33:19.947,9105,149,4,6,False,1,car,0 days 00:30:07.406000,0 days 01:28:22.918000
2024-07-07 14:33:20.386,9081,145,4,35,False,1,car,0 days 00:30:07.845000,0 days 01:28:23.357000
2024-07-07 14:33:20.546,9124,146,4,36,False,1,car,0 days 00:30:08.005000,0 days 01:28:23.517000
2024-07-07 14:33:20.706,9202,145,4,38,False,1,car,0 days 00:30:08.165000,0 days 01:28:23.677000
2024-07-07 14:33:20.946,9187,147,4,41,False,1,car,0 days 00:30:08.405000,0 days 01:28:23.917000
2024-07-07 14:33:21.226,9366,149,4,49,False,1,car,0 days 00:30:08.685000,0 days 01:28:24.197000
2024-07-07 14:33:21.506,9678,151,4,60,False,1,car,0 days 00:30:08.965000,0 days 01:28:24.477000
2024-07-07 14:33:21.666,9723,154,4,62,False,1,car,0 days 00:30:09.125000,0 days 01:28:24.637000
2024-07-07 14:33:21.946,10138,158,4,70,False,1,car,0 days 00:30:09.405000,0 days 01:28:24.917000
2024-07-07 14:33:22.186,10493,165,4,74,False,1,car,0 days 00:30:09.645000,0 days 01:28:25.157000
2024-07-07 14:33:22.466,10887,173,4,78,False,1,car,0 days 00:30:09.925000,0 days 01:28:25.437000
2024-07-07 14:33:22.626,11155,173,4,82,False,1,car,0 days 00:30:10.085000,0 days 01:28:25.597000
2024-07-07 14:33:22.946,11847,183,4,100,False,1,car,0 days 00:30:10.405000,0 days 01:28:25.917000
2024-07-07 14:33:23.106,11847,190,4,100,False,1,car,0 days 00:30:10.565000,0 days 01:28:26.077000
2024-07-07 14:33:23.386,10414,201,5,100,False,1,car,0 days 00:30:10.845000,0 days 01:28:26.357000
2024-07-07 14:33:23.546,10381,204,5,100,False,1,car,0 days 00:30:11.005000,0 days 01:28:26.517000
2024-07-07 14:33:23.866,11352,214,5,81,False,1,car,0 days 00:30:11.325000,0 days 01:28:26.837000
2024-07-07 14:33:24.066,11502,218,5,87,False,1,car,0 days 00:30:11.525000,0 days 01:28:27.037000
2024-07-07 14:33:24.226,11642,221,5,100,False,1,car,0 days 00:30:11.685000,0 days 01:28:27.197000
2024-07-07 14:33:24.386,11899,225,5,100,False,1,car,0 days 00:30:11.845000,0 days 01:28:27.357000
2024-07-07 14:33:24.706,11339,230,5,100,False,1,car,0 days 00:30:12.165000,0 days 01:28:27.677000
2024-07-07 14:33:24.866,10827,235,6,100,False,1,car,0 days 00:30:12.325000,0 days 01:28:27.837000
2024-07-07 14:33:25.026,10878,238,6,100,False,1,car,0 days 00:30:12.485000,0 days 01:28:27.997000
2024-07-07 14:33:25.186,11033,240,6,100,False,1,car,0 days 00:30:12.645000,0 days 01:28:28.157000
2024-07-07 14:33:25.466,11244,246,6,100,False,1,car,0 days 00:30:12.925000,0 days 01:28:28.437000
2024-07-07 14:33:25.786,11475,251,6,100,False,1,car,0 days 00:30:13.245000,0 days 01:28:28.757000
2024-07-07 14:33:26.106,11605,255,6,100,False,1,car,0 days 00:30:13.565000,0 days 01:28:29.077000
2024-07-07 14:33:26.427,11859,260,6,100,False,1,car,0 days 00:30:13.886000,0 days 01:28:29.398000
2024-07-07 14:33:26.627,11019,262,6,100,False,1,car,0 days 00:30:14.086000,0 days 01:28:29.598000
2024-07-07 14:33:26.827,10769,266,7,100,False,1,car,0 days 00:30:14.286000,0 days 01:28:29.798000
2024-07-07 14:33:27.146,10858,269,7,100,False,1,car,0 days 00:30:14.605000,0 days 01:28:30.117000
2024-07-07 14:33:27.426,10953,271,7,100,False,1,car,0 days 00:30:14.885000,0 days 01:28:30.397000
2024-07-07 14:33:27.786,10965,275,7,100,False,1,car,0 days 00:30:15.245000,0 days 01:28:30.757000
2024-07-07 14:33:28.146,11167,278,7,100,False,1,car,0 days 00:30:15.605000,0 days 01:28:31.117000
2024-07-07 14:33:28.426,11198,281,7,100,False,1,car,0 days 00:30:15.885000,0 days 01:28:31.397000
2024-07-07 14:33:28.626,11303,282,7,100,False,1,car,0 days 00:30:16.085000,0 days 01:28:31.597000
2024-07-07 14:33:28.826,11379,284,7,100,False,1,car,0 days 00:30:16.285000,0 days 01:28:31.797000
2024-07-07 14:33:29.106,11371,286,7,100,False,1,car,0 days 00:30:16.565000,0 days 01:28:32.077000
2024-07-07 14:33:29.386,11458,288,7,100,False,1,car,0 days 00:30:16.845000,0 days 01:28:32.357000
2024-07-07 14:33:29.826,11580,289,7,100,False,1,car,0 days 00:30:17.285000,0 days 01:28:32.797000
2024-07-07 14:33:29.986,11591,290,7,100,False,1,car,0 days 00:30:17.445000,0 days 01:28:32.957000
2024-07-07 14:33:30.226,11486,291,7,100,False,1,car,0 days 00:30:17.685000,0 days 01:28:33.197000
2024-07-07 14:33:30.466,10037,293,8,100,False,1,car,0 days 00:30:17.925000,0 days 01:28:33.437000
2024-07-07 14:33:30.826,10425,294,8,100,False,1,car,0 days 00:30:18.285000,0 days 01:28:33.797000
2024-07-07 14:33:30.986,10485,294,8,100,False,1,car,0 days 00:30:18.445000,0 days 01:28:33.957000
2024-07-07 14:33:31.186,10485,296,8,100,False,1,car,0 days 00:30:18.645000,0 days 01:28:34.157000
2024-07-07 14:33:31.426,10549,296,8,100,False,1,car,0 days 00:30:18.885000,0 days 01:28:34.397000
2024-07-07 14:33:31.826,10510,297,8,100,False,1,car,0 days 00:30:19.285000,0 days 01:28:34.797000
2024-07-07 14:33:31.986,10475,295,8,100,False,1,car,0 days 00:30:19.445000,0 days 01:28:34.957000
2024-07-07 14:33:32.146,10438,295,8,100,False,1,car,0 days 00:30:19.605000,0 days 01:28:35.117000
2024-07-07 14:33:32.426,10359,293,8,100,False,1,car,0 days 00:30:19.885000,0 days 01:28:35.397000
2024-07-07 14:33:32.586,10324,292,8,100,False,1,car,0 days 00:30:20.045000,0 days 01:28:35.557000
2024-07-07 14:33:32.907,10292,289,8,100,False,1,car,0 days 00:30:20.366000,0 days 01:28:35.878000
2024-07-07 14:33:33.107,10196,289,8,67,False,1,car,0 days 00:30:20.566000,0 days 01:28:36.078000
2024-07-07 14:33:33.347,10114,280,8,0,True,1,car,0 days 00:30:20.806000,0 days 01:28:36.318000
2024-07-07 14:33:33.547,9194,263,8,0,True,1,car,0 days 00:30:21.006000,0 days 01:28:36.518000
2024-07-07 14:33:33.826,9216,236,7,0,True,1,car,0 days 00:30:21.285000,0 days 01:28:36.797000
2024-07-07 14:33:34.066,9707,214,7,0,True,1,car,0 days 00:30:21.525000,0 days 01:28:37.037000
2024-07-07 14:33:34.226,9136,209,6,0,True,1,car,0 days 00:30:21.685000,0 days 01:28:37.197000
2024-07-07 14:33:34.386,9662,197,6,0,True,1,car,0 days 00:30:21.845000,0 days 01:28:37.357000
2024-07-07 14:33:34.706,9613,185,5,0,True,1,car,0 days 00:30:22.165000,0 days 01:28:37.677000
2024-07-07 14:33:35.146,8914,173,5,0,True,1,car,0 days 00:30:22.605000,0 days 01:28:38.117000
2024-07-07 14:33:35.386,10174,166,5,0,True,1,car,0 days 00:30:22.845000,0 days 01:28:38.357000
2024-07-07 14:33:35.746,10130,161,4,26,False,1,car,0 days 00:30:23.205000,0 days 01:28:38.717000
2024-07-07 14:33:36.066,9969,158,4,44,False,1,car,0 days 00:30:23.525000,0 days 01:28:39.037000
2024-07-07 14:33:36.506,9952,159,4,52,False,1,car,0 days 00:30:23.965000,0 days 01:28:39.477000
2024-07-07 14:33:36.746,10035,160,4,48,False,1,car,0 days 00:30:24.205000,0 days 01:28:39.717000
2024-07-07 14:33:37.106,10039,161,4,48,False,1,car,0 days 00:30:24.565000,0 days 01:28:40.077000
2024-07-07 14:33:37.266,10193,161,4,58,False,1,car,0 days 00:30:24.725000,0 days 01:28:40.237000
2024-07-07 14:33:37.506,10303,163,4,60,False,1,car,0 days 00:30:24.965000,0 days 01:28:40.477000
2024-07-07 14:33:37.746,10533,166,4,67,False,1,car,0 days 00:30:25.205000,0 days 01:28:40.717000
2024-07-07 14:33:37.946,10750,168,4,72,False,1,car,0 days 00:30:25.405000,0 days 01:28:40.917000
2024-07-07 14:33:38.186,11072,175,4,79,False,1,car,0 days 00:30:25.645000,0 days 01:28:41.157000
2024-07-07 14:33:38.386,11289,177,4,82,False,1,car,0 days 00:30:25.845000,0 days 01:28:41.357000
2024-07-07 14:33:38.746,10664,186,4,83,False,1,car,0 days 00:30:26.205000,0 days 01:28:41.717000
2024-07-07 14:33:38.946,10267,192,5,100,False,1,car,0 days 00:30:26.405000,0 days 01:28:41.917000
2024-07-07 14:33:39.226,10657,200,5,100,False,1,car,0 days 00:30:26.685000,0 days 01:28:42.197000
2024-07-07 14:33:39.386,10843,207,5,100,False,1,car,0 days 00:30:26.845000,0 days 01:28:42.357000
2024-07-07 14:33:39.587,11259,212,5,100,False,1,car,0 days 00:30:27.046000,0 days 01:28:42.558000
2024-07-07 14:33:39.987,11783,223,5,100,False,1,car,0 days 00:30:27.446000,0 days 01:28:42.958000
2024-07-07 14:33:40.147,11644,225,5,100,False,1,car,0 days 00:30:27.606000,0 days 01:28:43.118000
2024-07-07 14:33:40.387,10717,231,5,100,False,1,car,0 days 00:30:27.846000,0 days 01:28:43.358000
2024-07-07 14:33:40.546,10926,233,6,100,False,1,car,0 days 00:30:28.005000,0 days 01:28:43.517000
2024-07-07 14:33:40.866,11096,240,6,100,False,1,car,0 days 00:30:28.325000,0 days 01:28:43.837000
2024-07-07 14:33:41.146,10982,241,6,100,False,1,car,0 days 00:30:28.605000,0 days 01:28:44.117000
2024-07-07 14:33:41.386,11067,243,6,100,False,1,car,0 days 00:30:28.845000,0 days 01:28:44.357000
2024-07-07 14:33:41.546,11190,244,6,100,False,1,car,0 days 00:30:29.005000,0 days 01:28:44.517000
2024-07-07 14:33:41.746,11209,246,6,100,False,1,car,0 days 00:30:29.205000,0 days 01:28:44.717000
2024-07-07 14:33:41.946,11227,247,6,100,False,1,car,0 days 00:30:29.405000,0 days 01:28:44.917000
2024-07-07 14:33:42.226,11393,250,6,100,False,1,car,0 days 00:30:29.685000,0 days 01:28:45.197000
2024-07-07 14:33:42.466,10517,247,6,19,True,1,car,0 days 00:30:29.925000,0 days 01:28:45.437000
2024-07-07 14:33:42.746,10578,239,6,0,True,1,car,0 days 00:30:30.205000,0 days 01:28:45.717000
2024-07-07 14:33:42.986,10029,223,6,0,True,1,car,0 days 00:30:30.445000,0 days 01:28:45.957000
2024-07-07 14:33:43.306,9425,211,6,0,True,1,car,0 days 00:30:30.765000,0 days 01:28:46.277000
2024-07-07 14:33:43.666,10153,193,6,0,True,1,car,0 days 00:30:31.125000,0 days 01:28:46.637000
2024-07-07 14:33:43.986,9324,180,5,0,True,1,car,0 days 00:30:31.445000,0 days 01:28:46.957000
2024-07-07 14:33:44.386,9747,158,4,0,True,1,car,0 days 00:30:31.845000,0 days 01:28:47.357000
2024-07-07 14:33:44.546,9460,154,4,0,True,1,car,0 days 00:30:32.005000,0 days 01:28:47.517000
2024-07-07 14:33:44.866,8644,141,4,0,True,1,car,0 days 00:30:32.325000,0 days 01:28:47.837000
2024-07-07 14:33:45.146,9128,129,3,0,True,1,car,0 days 00:30:32.605000,0 days 01:28:48.117000
2024-07-07 14:33:45.346,8794,120,3,0,True,1,car,0 days 00:30:32.805000,0 days 01:28:48.317000
2024-07-07 14:33:45.546,9149,112,3,0,True,1,car,0 days 00:30:33.005000,0 days 01:28:48.517000
2024-07-07 14:33:45.706,9149,103,3,0,True,1,car,0 days 00:30:33.165000,0 days 01:28:48.677000
2024-07-07 14:33:45.866,8122,96,2,0,True,1,car,0 days 00:30:33.325000,0 days 01:28:48.837000
2024-07-07 14:33:46.147,7627,90,2,5,True,1,car,0 days 00:30:33.606000,0 days 01:28:49.118000
2024-07-07 14:33:46.307,7004,84,2,17,True,1,car,0 days 00:30:33.766000,0 days 01:28:49.278000
2024-07-07 14:33:46.627,6903,78,2,32,True,1,car,0 days 00:30:34.086000,0 days 01:28:49.598000
2024-07-07 14:33:46.787,6796,77,2,38,True,1,car,0 days 00:30:34.246000,0 days 01:28:49.758000
2024-07-07 14:33:47.067,6814,79,2,46,False,1,car,0 days 00:30:34.526000,0 days 01:28:50.038000
2024-07-07 14:33:47.226,6920,79,2,53,False,1,car,0 days 00:30:34.685000,0 days 01:28:50.197000
2024-07-07 14:33:47.426,6959,79,2,55,False,1,car,0 days 00:30:34.885000,0 days 01:28:50.397000
2024-07-07 14:33:47.826,6870,80,2,57,False,1,car,0 days 00:30:35.285000,0 days 01:28:50.797000
2024-07-07 14:33:48.066,6968,80,2,58,False,1,car,0 days 00:30:35.525000,0 days 01:28:51.037000
2024-07-07 14:33:48.306,6799,80,2,58,False,1,car,0 days 00:30:35.765000,0 days 01:28:51.277000
2024-07-07 14:33:48.666,6929,80,2,59,False,1,car,0 days 00:30:36.125000,0 days 01:28:51.637000
2024-07-07 14:33:48.866,6915,80,2,59,False,1,car,0 days 00:30:36.325000,0 days 01:28:51.837000
2024-07-07 14:33:49.146,6930,80,2,59,False,1,car,0 days 00:30:36.605000,0 days 01:28:52.117000
2024-07-07 14:33:49.426,6845,80,2,59,False,1,car,0 days 00:30:36.885000,0 days 01:28:52.397000
2024-07-07 14:33:49.626,6869,80,2,59,False,1,car,0 days 00:30:37.085000,0 days 01:28:52.597000
2024-07-07 14:33:49.986,6936,80,2,59,False,1,car,0 days 00:30:37.445000,0 days 01:28:52.957000
2024-07-07 14:33:50.346,6885,79,2,48,False,1,car,0 days 00:30:37.805000,0 days 01:28:53.317000
2024-07-07 14:33:50.586,7007,80,2,44,False,1,car,0 days 00:30:38.045000,0 days 01:28:53.557000
2024-07-07 14:33:50.786,6936,79,2,32,False,1,car,0 days 00:30:38.245000,0 days 01:28:53.757000
2024-07-07 14:33:51.146,6974,80,2,29,False,1,car,0 days 00:30:38.605000,0 days 01:28:54.117000
2024-07-07 14:33:51.506,6834,79,2,25,False,1,car,0 days 00:30:38.965000,0 days 01:28:54.477000
2024-07-07 14:33:51.706,6892,79,2,24,False,1,car,0 days 00:30:39.165000,0 days 01:28:54.677000
2024-07-07 14:33:52.106,6900,79,2,44,False,1,car,0 days 00:30:39.565000,0 days 01:28:55.077000
2024-07-07 14:33:52.306,6908,79,2,48,False,1,car,0 days 00:30:39.765000,0 days 01:28:55.277000
2024-07-07 14:33:52.466,6985,80,2,56,False,1,car,0 days 00:30:39.925000,0 days 01:28:55.437000
2024-07-07 14:33:52.747,6788,79,2,61,False,1,car,0 days 00:30:40.206000,0 days 01:28:55.718000
2024-07-07 14:33:52.987,6925,80,2,82,False,1,car,0 days 00:30:40.446000,0 days 01:28:55.958000
2024-07-07 14:33:53.147,6934,80,2,100,False,1,car,0 days 00:30:40.606000,0 days 01:28:56.118000
2024-07-07 14:33:53.587,6980,80,2,100,False,1,car,0 days 00:30:41.046000,0 days 01:28:56.558000
2024-07-07 14:33:53.866,6972,80,2,100,False,1,car,0 days 00:30:41.325000,0 days 01:28:56.837000
2024-07-07 14:33:54.106,6982,80,2,100,False,1,car,0 days 00:30:41.565000,0 days 01:28:57.077000
2024-07-07 14:33:54.426,6963,80,2,100,False,1,car,0 days 00:30:41.885000,0 days 01:28:57.397000
2024-07-07 14:33:54.586,6935,80,2,100,False,1,car,0 days 00:30:42.045000,0 days 01:28:57.557000
2024-07-07 14:33:54.786,6895,80,2,100,False,1,car,0 days 00:30:42.245000,0 days 01:28:57.757000
2024-07-07 14:33:55.066,6916,80,2,100,False,1,car,0 days 00:30:42.525000,0 days 01:28:58.037000
2024-07-07 14:33:55.306,6871,80,2,100,False,1,car,0 days 00:30:42.765000,0 days 01:28:58.277000
2024-07-07 14:33:55.506,6917,80,2,100,False,1,car,0 days 00:30:42.965000,0 days 01:28:58.477000
2024-07-07 14:33:55.666,6888,80,2,100,False,1,car,0 days 00:30:43.125000,0 days 01:28:58.637000
2024-07-07 14:33:55.826,6828,80,2,100,False,1,car,0 days 00:30:43.285000,0 days 01:28:58.797000
2024-07-07 14:33:55.986,6900,80,2,100,False,1,car,0 days 00:30:43.445000,0 days 01:28:58.957000
2024-07-07 14:33:56.266,6888,80,2,100,False,1,car,0 days 00:30:43.725000,0 days 01:28:59.237000
2024-07-07 14:33:56.466,6845,80,2,100,False,1,car,0 days 00:30:43.925000,0 days 01:28:59.437000
2024-07-07 14:33:56.706,6923,79,2,86,False,1,car,0 days 00:30:44.165000,0 days 01:28:59.677000
2024-07-07 14:33:56.946,6645,79,2,0,True,1,car,0 days 00:30:44.405000,0 days 01:28:59.917000
2024-07-07 14:33:57.266,7825,72,2,0,True,1,car,0 days 00:30:44.725000,0 days 01:29:00.237000
2024-07-07 14:33:57.426,8243,69,1,0,True,1,car,0 days 00:30:44.885000,0 days 01:29:00.397000
2024-07-07 14:33:57.746,7216,64,1,0,True,1,car,0 days 00:30:45.205000,0 days 01:29:00.717000
2024-07-07 14:33:58.026,7188,58,1,0,True,1,car,0 days 00:30:45.485000,0 days 01:29:00.997000
2024-07-07 14:33:58.386,6617,51,1,0,True,1,car,0 days 00:30:45.845000,0 days 01:29:01.357000
2024-07-07 14:33:58.746,4662,44,1,0,True,1,car,0 days 00:30:46.205000,0 days 01:29:01.717000
2024-07-07 14:33:59.066,3791,33,1,0,True,1,car,0 days 00:30:46.525000,0 days 01:29:02.037000
2024-07-07 14:33:59.467,3605,20,1,0,True,1,car,0 days 00:30:46.926000,0 days 01:29:02.438000
2024-07-07 14:33:59.707,3810,13,1,0,True,1,car,0 days 00:30:47.166000,0 days 01:29:02.678000
2024-07-07 14:34:00.027,3738,5,1,0,True,1,car,0 days 00:30:47.486000,0 days 01:29:02.998000
2024-07-07 14:34:00.427,4844,0,1,18,True,1,car,0 days 00:30:47.886000,0 days 01:29:03.398000
2024-07-07 14:34:00.587,5964,0,1,23,True,1,car,0 days 00:30:48.046000,0 days 01:29:03.558000
2024-07-07 14:34:00.866,7924,0,1,26,True,1,car,0 days 00:30:48.325000,0 days 01:29:03.837000
2024-07-07 14:34:01.066,9324,0,1,27,True,1,car,0 days 00:30:48.525000,0 days 01:29:04.037000
2024-07-07 14:34:01.266,10509,0,1,27,True,1,car,0 days 00:30:48.725000,0 days 01:29:04.237000
2024-07-07 14:34:01.666,10645,0,1,29,True,1,car,0 days 00:30:49.125000,0 days 01:29:04.637000
2024-07-07 14:34:01.906,10666,0,1,29,True,1,car,0 days 00:30:49.365000,0 days 01:29:04.877000
2024-07-07 14:34:02.146,10600,0,1,25,True,1,car,0 days 00:30:49.605000,0 days 01:29:05.117000
2024-07-07 14:34:02.506,10572,0,1,25,True,1,car,0 days 00:30:49.965000,0 days 01:29:05.477000
2024-07-07 14:34:02.666,10517,0,1,25,True,1,car,0 days 00:30:50.125000,0 days 01:29:05.637000
2024-07-07 14:34:02.866,10544,0,1,25,True,1,car,0 days 00:30:50.325000,0 days 01:29:05.837000
2024-07-07 14:34:03.106,10487,0,1,25,True,1,car,0 days 00:30:50.565000,0 days 01:29:06.077000
2024-07-07 14:34:03.266,10534,0,1,25,True,1,car,0 days 00:30:50.725000,0 days 01:29:06.237000
2024-07-07 14:34:03.586,10485,0,1,25,True,1,car,0 days 00:30:51.045000,0 days 01:29:06.557000
2024-07-07 14:34:03.786,10602,0,1,25,True,1,car,0 days 00:30:51.245000,0 days 01:29:06.757000
2024-07-07 14:34:03.946,9622,0,1,25,False,1,car,0 days 00:30:51.405000,0 days 01:29:06.917000
2024-07-07 14:34:04.226,7662,7,1,27,False,1,car,0 days 00:30:51.685000,0 days 01:29:07.197000
2024-07-07 14:34:04.506,7204,14,1,26,False,1,car,0 days 00:30:51.965000,0 days 01:29:07.477000
2024-07-07 14:34:04.866,6506,25,1,25,False,1,car,0 days 00:30:52.325000,0 days 01:29:07.837000
2024-07-07 14:34:05.186,6142,32,1,24,False,1,car,0 days 00:30:52.645000,0 days 01:29:08.157000
2024-07-07 14:34:05.586,6111,43,1,32,False,1,car,0 days 00:30:53.045000,0 days 01:29:08.557000
2024-07-07 14:34:05.907,6842,52,1,37,False,1,car,0 days 00:30:53.366000,0 days 01:29:08.878000
2024-07-07 14:34:06.307,5807,61,1,41,False,1,car,0 days 00:30:53.766000,0 days 01:29:09.278000
2024-07-07 14:34:06.507,6790,66,2,41,False,1,car,0 days 00:30:53.966000,0 days 01:29:09.478000
2024-07-07 14:34:06.787,6486,73,2,30,False,1,car,0 days 00:30:54.246000,0 days 01:29:09.758000
2024-07-07 14:34:06.987,6729,77,2,40,False,1,car,0 days 00:30:54.446000,0 days 01:29:09.958000
2024-07-07 14:34:07.227,6941,79,2,46,False,1,car,0 days 00:30:54.686000,0 days 01:29:10.198000
2024-07-07 14:34:07.426,6961,79,2,48,False,1,car,0 days 00:30:54.885000,0 days 01:29:10.397000
2024-07-07 14:34:07.586,6965,80,2,48,False,1,car,0 days 00:30:55.045000,0 days 01:29:10.557000
2024-07-07 14:34:07.906,6935,80,2,48,False,1,car,0 days 00:30:55.365000,0 days 01:29:10.877000
2024-07-07 14:34:08.106,6869,80,2,48,False,1,car,0 days 00:30:55.565000,0 days 01:29:11.077000
2024-07-07 14:34:08.306,6916,80,2,49,False,1,car,0 days 00:30:55.765000,0 days 01:29:11.277000
2024-07-07 14:34:08.706,6886,80,2,49,False,1,car,0 days 00:30:56.165000,0 days 01:29:11.677000
2024-07-07 14:34:08.866,6890,80,2,49,False,1,car,0 days 00:30:56.325000,0 days 01:29:11.837000
2024-07-07 14:34:09.186,6942,80,2,49,False,1,car,0 days 00:30:56.645000,0 days 01:29:12.157000
2024-07-07 14:34:09.506,6863,80,2,49,False,1,car,0 days 00:30:56.965000,0 days 01:29:12.477000
2024-07-07 14:34:09.746,6868,80,2,49,False,1,car,0 days 00:30:57.205000,0 days 01:29:12.717000
2024-07-07 14:34:09.906,6923,79,2,49,False,1,car,0 days 00:30:57.365000,0 days 01:29:12.877000
2024-07-07 14:34:10.106,6860,80,2,49,False,1,car,0 days 00:30:57.565000,0 days 01:29:13.077000
2024-07-07 14:34:10.426,6878,79,2,50,False,1,car,0 days 00:30:57.885000,0 days 01:29:13.397000
2024-07-07 14:34:10.586,6844,80,2,50,False,1,car,0 days 00:30:58.045000,0 days 01:29:13.557000
2024-07-07 14:34:10.946,6807,79,2,51,False,1,car,0 days 00:30:58.405000,0 days 01:29:13.917000
2024-07-07 14:34:11.146,6888,79,2,52,False,1,car,0 days 00:30:58.605000,0 days 01:29:14.117000
2024-07-07 14:34:11.386,6964,80,2,52,False,1,car,0 days 00:30:58.845000,0 days 01:29:14.357000
2024-07-07 14:34:11.666,6934,80,2,52,False,1,car,0 days 00:30:59.125000,0 days 01:29:14.637000
2024-07-07 14:34:11.906,6895,80,2,52,False,1,car,0 days 00:30:59.365000,0 days 01:29:14.877000
2024-07-07 14:34:12.266,6904,80,2,52,False,1,car,0 days 00:30:59.725000,0 days 01:29:15.237000
2024-07-07 14:34:12.427,6866,80,2,51,False,1,car,0 days 00:30:59.886000,0 days 01:29:15.398000
2024-07-07 14:34:12.667,6926,80,2,51,False,1,car,0 days 00:31:00.126000,0 days 01:29:15.638000
2024-07-07 14:34:13.107,6981,80,2,51,False,1,car,0 days 00:31:00.566000,0 days 01:29:16.078000
2024-07-07 14:34:13.347,6918,79,2,51,False,1,car,0 days 00:31:00.806000,0 days 01:29:16.318000
2024-07-07 14:34:13.747,6769,79,2,50,False,1,car,0 days 00:31:01.206000,0 days 01:29:16.718000
2024-07-07 14:34:14.027,6898,79,2,50,False,1,car,0 days 00:31:01.486000,0 days 01:29:16.998000
2024-07-07 14:34:14.306,6825,80,2,50,False,1,car,0 days 00:31:01.765000,0 days 01:29:17.277000
2024-07-07 14:34:14.546,6898,79,2,50,False,1,car,0 days 00:31:02.005000,0 days 01:29:17.517000
2024-07-07 14:34:14.946,6847,80,2,48,False,1,car,0 days 00:31:02.405000,0 days 01:29:17.917000
2024-07-07 14:34:15.226,6964,79,2,44,False,1,car,0 days 00:31:02.685000,0 days 01:29:18.197000
2024-07-07 14:34:15.586,6867,80,2,41,False,1,car,0 days 00:31:03.045000,0 days 01:29:18.557000
2024-07-07 14:34:15.786,6924,80,2,40,False,1,car,0 days 00:31:03.245000,0 days 01:29:18.757000
2024-07-07 14:34:16.186,6870,79,2,38,False,1,car,0 days 00:31:03.645000,0 days 01:29:19.157000
2024-07-07 14:34:16.386,7278,81,2,17,False,1,car,0 days 00:31:03.845000,0 days 01:29:19.357000
2024-07-07 14:34:16.626,7316,82,2,8,False,1,car,0 days 00:31:04.085000,0 days 01:29:19.597000
2024-07-07 14:34:16.786,7335,82,2,15,False,1,car,0 days 00:31:04.245000,0 days 01:29:19.757000
2024-07-07 14:34:17.146,7590,84,2,21,False,1,car,0 days 00:31:04.605000,0 days 01:29:20.117000
2024-07-07 14:34:17.466,7760,87,2,23,False,1,car,0 days 00:31:04.925000,0 days 01:29:20.437000
2024-07-07 14:34:17.746,8101,87,2,30,False,1,car,0 days 00:31:05.205000,0 days 01:29:20.717000
2024-07-07 14:34:17.906,7927,91,2,35,False,1,car,0 days 00:31:05.365000,0 days 01:29:20.877000
2024-07-07 14:34:18.266,8687,98,2,47,False,1,car,0 days 00:31:05.725000,0 days 01:29:21.237000
2024-07-07 14:34:18.666,9252,106,2,52,False,1,car,0 days 00:31:06.125000,0 days 01:29:21.637000
2024-07-07 14:34:18.947,9993,111,2,53,False,1,car,0 days 00:31:06.406000,0 days 01:29:21.918000
2024-07-07 14:34:19.147,10226,115,2,56,False,1,car,0 days 00:31:06.606000,0 days 01:29:22.118000
2024-07-07 14:34:19.427,9711,116,2,60,False,1,car,0 days 00:31:06.886000,0 days 01:29:22.398000
2024-07-07 14:34:19.627,9462,123,3,65,False,1,car,0 days 00:31:07.086000,0 days 01:29:22.598000
2024-07-07 14:34:19.787,10022,131,3,68,False,1,car,0 days 00:31:07.246000,0 days 01:29:22.758000
2024-07-07 14:34:19.987,10410,137,3,70,False,1,car,0 days 00:31:07.446000,0 days 01:29:22.958000
2024-07-07 14:34:20.267,10552,137,3,75,False,1,car,0 days 00:31:07.726000,0 days 01:29:23.238000
2024-07-07 14:34:20.467,9898,156,3,79,False,1,car,0 days 00:31:07.926000,0 days 01:29:23.438000
2024-07-07 14:34:20.906,10754,170,4,89,False,1,car,0 days 00:31:08.365000,0 days 01:29:23.877000
2024-07-07 14:34:21.066,11184,178,4,100,False,1,car,0 days 00:31:08.525000,0 days 01:29:24.037000
2024-07-07 14:34:21.346,10456,181,4,100,False,1,car,0 days 00:31:08.805000,0 days 01:29:24.317000
2024-07-07 14:34:21.506,10409,189,4,100,False,1,car,0 days 00:31:08.965000,0 days 01:29:24.477000
2024-07-07 14:34:21.666,10483,198,5,100,False,1,car,0 days 00:31:09.125000,0 days 01:29:24.637000
2024-07-07 14:34:21.946,10970,205,5,98,False,1,car,0 days 00:31:09.405000,0 days 01:29:24.917000
2024-07-07 14:34:22.266,11266,216,5,71,False,1,car,0 days 00:31:09.725000,0 days 01:29:25.237000
2024-07-07 14:34:22.506,10566,216,5,50,False,1,car,0 days 00:31:09.965000,0 days 01:29:25.477000
2024-07-07 14:34:22.666,9615,216,6,49,False,1,car,0 days 00:31:10.125000,0 days 01:29:25.637000
2024-07-07 14:34:22.946,9724,215,6,60,False,1,car,0 days 00:31:10.405000,0 days 01:29:25.917000
2024-07-07 14:34:23.146,9732,216,6,62,False,1,car,0 days 00:31:10.605000,0 days 01:29:26.117000
2024-07-07 14:34:23.586,9903,218,6,71,False,1,car,0 days 00:31:11.045000,0 days 01:29:26.557000
2024-07-07 14:34:23.746,9923,218,6,72,False,1,car,0 days 00:31:11.205000,0 days 01:29:26.717000
2024-07-07 14:34:24.226,9888,222,6,0,True,1,car,0 days 00:31:11.685000,0 days 01:29:27.197000
2024-07-07 14:34:24.586,9419,211,6,0,True,1,car,0 days 00:31:12.045000,0 days 01:29:27.557000
2024-07-07 14:34:24.786,9675,206,6,0,True,1,car,0 days 00:31:12.245000,0 days 01:29:27.757000
2024-07-07 14:34:24.946,9646,196,6,0,True,1,car,0 days 00:31:12.405000,0 days 01:29:27.917000
2024-07-07 14:34:25.226,9119,190,5,0,True,1,car,0 days 00:31:12.685000,0 days 01:29:28.197000
2024-07-07 14:34:25.547,9597,162,5,0,True,1,car,0 days 00:31:13.006000,0 days 01:29:28.518000
2024-07-07 14:34:25.827,9416,155,4,5,True,1,car,0 days 00:31:13.286000,0 days 01:29:28.798000
2024-07-07 14:34:26.107,8822,146,4,0,True,1,car,0 days 00:31:13.566000,0 days 01:29:29.078000
2024-07-07 14:34:26.267,8643,146,4,0,True,1,car,0 days 00:31:13.726000,0 days 01:29:29.238000
2024-07-07 14:34:26.467,8299,138,4,0,True,1,car,0 days 00:31:13.926000,0 days 01:29:29.438000
2024-07-07 14:34:26.627,8053,135,4,0,True,1,car,0 days 00:31:14.086000,0 days 01:29:29.598000
2024-07-07 14:34:26.787,7747,129,4,0,True,1,car,0 days 00:31:14.246000,0 days 01:29:29.758000
2024-07-07 14:34:27.067,8541,120,3,0,True,1,car,0 days 00:31:14.526000,0 days 01:29:30.038000
2024-07-07 14:34:27.347,7910,114,3,0,True,1,car,0 days 00:31:14.806000,0 days 01:29:30.318000
2024-07-07 14:34:27.586,7636,107,3,0,True,1,car,0 days 00:31:15.045000,0 days 01:29:30.557000
2024-07-07 14:34:27.826,7139,103,3,0,True,1,car,0 days 00:31:15.285000,0 days 01:29:30.797000
2024-07-07 14:34:28.026,6871,97,3,0,True,1,car,0 days 00:31:15.485000,0 days 01:29:30.997000
2024-07-07 14:34:28.306,6570,94,3,0,False,1,car,0 days 00:31:15.765000,0 days 01:29:31.277000
2024-07-07 14:34:28.466,6688,93,3,1,False,1,car,0 days 00:31:15.925000,0 days 01:29:31.437000
2024-07-07 14:34:28.666,6559,92,3,0,False,1,car,0 days 00:31:16.125000,0 days 01:29:31.637000
2024-07-07 14:34:28.866,6684,91,3,0,False,1,car,0 days 00:31:16.325000,0 days 01:29:31.837000
2024-07-07 14:34:29.066,6259,89,3,0,False,1,car,0 days 00:31:16.525000,0 days 01:29:32.037000
2024-07-07 14:34:29.426,6276,86,3,0,False,1,car,0 days 00:31:16.885000,0 days 01:29:32.397000
2024-07-07 14:34:29.626,6919,85,3,0,False,1,car,0 days 00:31:17.085000,0 days 01:29:32.597000
2024-07-07 14:34:29.786,6919,84,3,0,False,1,car,0 days 00:31:17.245000,0 days 01:29:32.757000
2024-07-07 14:34:29.986,7501,83,2,8,False,1,car,0 days 00:31:17.445000,0 days 01:29:32.957000
2024-07-07 14:34:30.426,7662,85,2,30,False,1,car,0 days 00:31:17.885000,0 days 01:29:33.397000
2024-07-07 14:34:30.626,7928,88,2,35,False,1,car,0 days 00:31:18.085000,0 days 01:29:33.597000
2024-07-07 14:34:30.906,8196,91,2,38,False,1,car,0 days 00:31:18.365000,0 days 01:29:33.877000
2024-07-07 14:34:31.266,8715,99,2,41,False,1,car,0 days 00:31:18.725000,0 days 01:29:34.237000
2024-07-07 14:34:31.626,8210,99,2,0,True,1,car,0 days 00:31:19.085000,0 days 01:29:34.597000
2024-07-07 14:34:31.826,8092,96,2,0,True,1,car,0 days 00:31:19.285000,0 days 01:29:34.797000
2024-07-07 14:34:32.066,7517,89,2,0,True,1,car,0 days 00:31:19.525000,0 days 01:29:35.037000
2024-07-07 14:34:32.227,7074,89,2,0,True,1,car,0 days 00:31:19.686000,0 days 01:29:35.198000
2024-07-07 14:34:32.467,7158,78,2,0,True,1,car,0 days 00:31:19.926000,0 days 01:29:35.438000
2024-07-07 14:34:32.827,8161,73,1,0,True,1,car,0 days 00:31:20.286000,0 days 01:29:35.798000
2024-07-07 14:34:33.147,7462,66,1,4,True,1,car,0 days 00:31:20.606000,0 days 01:29:36.118000
2024-07-07 14:34:33.347,7447,65,1,14,False,1,car,0 days 00:31:20.806000,0 days 01:29:36.318000
2024-07-07 14:34:33.627,7793,66,1,20,False,1,car,0 days 00:31:21.086000,0 days 01:29:36.598000
2024-07-07 14:34:33.947,7429,67,1,0,True,1,car,0 days 00:31:21.406000,0 days 01:29:36.918000
2024-07-07 14:34:34.147,7296,65,1,8,False,1,car,0 days 00:31:21.606000,0 days 01:29:37.118000
2024-07-07 14:34:34.306,7510,65,1,0,False,1,car,0 days 00:31:21.765000,0 days 01:29:37.277000
2024-07-07 14:34:34.506,7336,65,1,1,False,1,car,0 days 00:31:21.965000,0 days 01:29:37.477000
2024-07-07 14:34:34.786,7394,63,1,10,False,1,car,0 days 00:31:22.245000,0 days 01:29:37.757000
2024-07-07 14:34:35.186,7529,65,1,16,False,1,car,0 days 00:31:22.645000,0 days 01:29:38.157000
2024-07-07 14:34:35.386,7663,65,1,15,False,1,car,0 days 00:31:22.845000,0 days 01:29:38.357000
2024-07-07 14:34:35.626,7805,67,1,16,False,1,car,0 days 00:31:23.085000,0 days 01:29:38.597000
2024-07-07 14:34:35.866,8137,69,1,21,False,1,car,0 days 00:31:23.325000,0 days 01:29:38.837000
2024-07-07 14:34:36.226,6597,71,2,25,False,1,car,0 days 00:31:23.685000,0 days 01:29:39.197000
2024-07-07 14:34:36.386,6788,75,2,30,False,1,car,0 days 00:31:23.845000,0 days 01:29:39.357000
2024-07-07 14:34:36.626,7070,78,2,35,False,1,car,0 days 00:31:24.085000,0 days 01:29:39.597000
2024-07-07 14:34:36.906,7478,84,2,41,False,1,car,0 days 00:31:24.365000,0 days 01:29:39.877000
2024-07-07 14:34:37.226,8240,90,2,50,False,1,car,0 days 00:31:24.685000,0 days 01:29:40.197000
2024-07-07 14:34:37.386,8371,95,2,50,False,1,car,0 days 00:31:24.845000,0 days 01:29:40.357000
2024-07-07 14:34:37.546,9070,98,2,59,False,1,car,0 days 00:31:25.005000,0 days 01:29:40.517000
2024-07-07 14:34:37.706,9424,104,2,61,False,1,car,0 days 00:31:25.165000,0 days 01:29:40.677000
2024-07-07 14:34:37.986,9759,114,2,67,False,1,car,0 days 00:31:25.445000,0 days 01:29:40.957000
2024-07-07 14:34:38.226,9409,121,3,75,False,1,car,0 days 00:31:25.685000,0 days 01:29:41.197000
2024-07-07 14:34:38.386,9840,129,3,80,False,1,car,0 days 00:31:25.845000,0 days 01:29:41.357000
2024-07-07 14:34:38.626,10761,138,3,86,False,1,car,0 days 00:31:26.085000,0 days 01:29:41.597000
2024-07-07 14:34:38.787,11167,146,3,87,False,1,car,0 days 00:31:26.246000,0 days 01:29:41.758000
2024-07-07 14:34:39.107,10862,160,3,95,False,1,car,0 days 00:31:26.566000,0 days 01:29:42.078000
2024-07-07 14:34:39.507,11232,174,4,100,False,1,car,0 days 00:31:26.966000,0 days 01:29:42.478000
2024-07-07 14:34:39.667,11679,185,4,100,False,1,car,0 days 00:31:27.126000,0 days 01:29:42.638000
2024-07-07 14:34:40.107,10625,199,5,100,False,1,car,0 days 00:31:27.566000,0 days 01:29:43.078000
2024-07-07 14:34:40.467,11015,210,5,100,False,1,car,0 days 00:31:27.926000,0 days 01:29:43.438000
2024-07-07 14:34:40.627,11408,210,5,100,False,1,car,0 days 00:31:28.086000,0 days 01:29:43.598000
2024-07-07 14:34:40.946,11742,220,5,100,False,1,car,0 days 00:31:28.405000,0 days 01:29:43.917000
2024-07-07 14:34:41.146,10762,225,5,100,False,1,car,0 days 00:31:28.605000,0 days 01:29:44.117000
2024-07-07 14:34:41.306,10487,227,5,100,False,1,car,0 days 00:31:28.765000,0 days 01:29:44.277000
2024-07-07 14:34:41.546,10660,230,6,100,False,1,car,0 days 00:31:29.005000,0 days 01:29:44.517000
2024-07-07 14:34:41.786,10774,237,6,100,False,1,car,0 days 00:31:29.245000,0 days 01:29:44.757000
2024-07-07 14:34:42.066,10984,239,6,100,False,1,car,0 days 00:31:29.525000,0 days 01:29:45.037000
2024-07-07 14:34:42.306,11085,243,6,100,False,1,car,0 days 00:31:29.765000,0 days 01:29:45.277000
2024-07-07 14:34:42.546,11271,247,6,100,False,1,car,0 days 00:31:30.005000,0 days 01:29:45.517000
2024-07-07 14:34:42.946,11519,254,6,100,False,1,car,0 days 00:31:30.405000,0 days 01:29:45.917000
2024-07-07 14:34:43.106,11591,255,6,100,False,1,car,0 days 00:31:30.565000,0 days 01:29:46.077000
2024-07-07 14:34:43.346,11746,258,6,100,False,1,car,0 days 00:31:30.805000,0 days 01:29:46.317000
2024-07-07 14:34:43.586,11326,262,6,100,False,1,car,0 days 00:31:31.045000,0 days 01:29:46.557000
2024-07-07 14:34:43.906,10445,264,7,100,False,1,car,0 days 00:31:31.365000,0 days 01:29:46.877000
2024-07-07 14:34:44.106,10595,267,7,100,False,1,car,0 days 00:31:31.565000,0 days 01:29:47.077000
2024-07-07 14:34:44.426,10751,270,7,100,False,1,car,0 days 00:31:31.885000,0 days 01:29:47.397000
2024-07-07 14:34:44.626,10802,273,7,100,False,1,car,0 days 00:31:32.085000,0 days 01:29:47.597000
2024-07-07 14:34:44.826,10888,274,7,100,False,1,car,0 days 00:31:32.285000,0 days 01:29:47.797000
2024-07-07 14:34:44.986,10943,276,7,100,False,1,car,0 days 00:31:32.445000,0 days 01:29:47.957000
2024-07-07 14:34:45.226,11020,278,7,100,False,1,car,0 days 00:31:32.685000,0 days 01:29:48.197000
2024-07-07 14:34:45.507,11120,281,7,100,False,1,car,0 days 00:31:32.966000,0 days 01:29:48.478000
2024-07-07 14:34:45.787,11168,283,7,100,False,1,car,0 days 00:31:33.246000,0 days 01:29:48.758000
2024-07-07 14:34:46.107,11308,286,7,100,False,1,car,0 days 00:31:33.566000,0 days 01:29:49.078000
2024-07-07 14:34:46.467,11302,286,7,100,False,1,car,0 days 00:31:33.926000,0 days 01:29:49.438000
2024-07-07 14:34:46.707,11308,286,7,100,False,1,car,0 days 00:31:34.166000,0 days 01:29:49.678000
2024-07-07 14:34:46.987,11304,286,7,100,False,1,car,0 days 00:31:34.446000,0 days 01:29:49.958000
2024-07-07 14:34:47.187,11284,286,7,100,False,1,car,0 days 00:31:34.646000,0 days 01:29:50.158000
2024-07-07 14:34:47.387,11301,286,7,100,False,1,car,0 days 00:31:34.846000,0 days 01:29:50.358000
2024-07-07 14:34:47.587,11302,287,7,100,False,1,car,0 days 00:31:35.046000,0 days 01:29:50.558000
2024-07-07 14:34:48.026,11302,287,7,100,False,1,car,0 days 00:31:35.485000,0 days 01:29:50.997000
2024-07-07 14:34:48.186,11321,286,7,100,False,1,car,0 days 00:31:35.645000,0 days 01:29:51.157000
2024-07-07 14:34:48.386,11318,287,7,100,False,1,car,0 days 00:31:35.845000,0 days 01:29:51.357000
2024-07-07 14:34:48.626,10581,284,7,0,True,1,car,0 days 00:31:36.085000,0 days 01:29:51.597000
2024-07-07 14:34:48.786,10574,268,7,0,True,1,car,0 days 00:31:36.245000,0 days 01:29:51.757000
2024-07-07 14:34:49.106,9534,245,7,0,True,1,car,0 days 00:31:36.565000,0 days 01:29:52.077000
2024-07-07 14:34:49.466,9430,214,6,0,True,1,car,0 days 00:31:36.925000,0 days 01:29:52.437000
2024-07-07 14:34:49.626,9430,208,6,0,True,1,car,0 days 00:31:37.085000,0 days 01:29:52.597000
2024-07-07 14:34:49.906,10067,200,5,0,True,1,car,0 days 00:31:37.365000,0 days 01:29:52.877000
2024-07-07 14:34:50.066,9692,200,5,0,True,1,car,0 days 00:31:37.525000,0 days 01:29:53.037000
2024-07-07 14:34:50.546,8906,177,5,0,True,1,car,0 days 00:31:38.005000,0 days 01:29:53.517000
2024-07-07 14:34:50.706,8716,170,5,0,True,1,car,0 days 00:31:38.165000,0 days 01:29:53.677000
2024-07-07 14:34:51.146,9432,157,4,0,True,1,car,0 days 00:31:38.605000,0 days 01:29:54.117000
2024-07-07 14:34:51.346,9125,153,4,0,True,1,car,0 days 00:31:38.805000,0 days 01:29:54.317000
2024-07-07 14:34:51.546,8968,147,4,0,True,1,car,0 days 00:31:39.005000,0 days 01:29:54.517000
2024-07-07 14:34:51.947,8608,140,4,7,False,1,car,0 days 00:31:39.406000,0 days 01:29:54.918000
2024-07-07 14:34:52.227,8595,137,4,27,False,1,car,0 days 00:31:39.686000,0 days 01:29:55.198000
2024-07-07 14:34:52.507,8494,135,4,37,False,1,car,0 days 00:31:39.966000,0 days 01:29:55.478000
2024-07-07 14:34:52.867,8622,137,4,43,False,1,car,0 days 00:31:40.326000,0 days 01:29:55.838000
2024-07-07 14:34:53.107,8698,138,4,46,False,1,car,0 days 00:31:40.566000,0 days 01:29:56.078000
2024-07-07 14:34:53.307,9009,141,4,59,False,1,car,0 days 00:31:40.766000,0 days 01:29:56.278000
2024-07-07 14:34:53.467,9236,144,4,67,False,1,car,0 days 00:31:40.926000,0 days 01:29:56.438000
2024-07-07 14:34:53.627,9337,146,4,71,False,1,car,0 days 00:31:41.086000,0 days 01:29:56.598000
2024-07-07 14:34:53.827,9600,151,4,75,False,1,car,0 days 00:31:41.286000,0 days 01:29:56.798000
2024-07-07 14:34:54.107,10062,160,4,73,False,1,car,0 days 00:31:41.566000,0 days 01:29:57.078000
2024-07-07 14:34:54.426,9278,153,4,0,True,1,car,0 days 00:31:41.885000,0 days 01:29:57.397000
2024-07-07 14:34:54.666,8404,139,4,0,True,1,car,0 days 00:31:42.125000,0 days 01:29:57.637000
2024-07-07 14:34:55.026,9558,130,3,0,True,1,car,0 days 00:31:42.485000,0 days 01:29:57.997000
2024-07-07 14:34:55.186,9196,125,3,0,True,1,car,0 days 00:31:42.645000,0 days 01:29:58.157000
2024-07-07 14:34:55.386,8899,125,3,0,False,1,car,0 days 00:31:42.845000,0 days 01:29:58.357000
2024-07-07 14:34:55.546,8718,120,3,0,False,1,car,0 days 00:31:43.005000,0 days 01:29:58.517000
2024-07-07 14:34:55.826,8627,118,3,0,False,1,car,0 days 00:31:43.285000,0 days 01:29:58.797000
2024-07-07 14:34:56.026,8311,114,3,0,False,1,car,0 days 00:31:43.485000,0 days 01:29:58.997000
2024-07-07 14:34:56.306,8076,111,3,0,False,1,car,0 days 00:31:43.765000,0 days 01:29:59.277000
2024-07-07 14:34:56.586,7878,108,3,7,False,1,car,0 days 00:31:44.045000,0 days 01:29:59.557000
2024-07-07 14:34:56.786,8019,107,3,23,False,1,car,0 days 00:31:44.245000,0 days 01:29:59.757000
2024-07-07 14:34:56.946,7981,107,3,27,False,1,car,0 days 00:31:44.405000,0 days 01:29:59.917000
2024-07-07 14:34:57.106,7976,108,3,22,False,1,car,0 days 00:31:44.565000,0 days 01:30:00.077000
2024-07-07 14:34:57.306,7903,108,3,0,False,1,car,0 days 00:31:44.765000,0 days 01:30:00.277000
2024-07-07 14:34:57.626,7612,105,3,0,False,1,car,0 days 00:31:45.085000,0 days 01:30:00.597000
2024-07-07 14:34:57.826,7553,103,3,9,False,1,car,0 days 00:31:45.285000,0 days 01:30:00.797000
2024-07-07 14:34:57.986,7406,102,3,9,False,1,car,0 days 00:31:45.445000,0 days 01:30:00.957000
2024-07-07 14:34:58.146,7470,101,3,15,False,1,car,0 days 00:31:45.605000,0 days 01:30:01.117000
2024-07-07 14:34:58.507,7592,102,3,26,False,1,car,0 days 00:31:45.966000,0 days 01:30:01.478000
2024-07-07 14:34:58.787,7869,103,3,36,False,1,car,0 days 00:31:46.246000,0 days 01:30:01.758000
2024-07-07 14:34:58.987,8075,106,3,42,False,1,car,0 days 00:31:46.446000,0 days 01:30:01.958000
2024-07-07 14:34:59.347,8339,111,3,50,False,1,car,0 days 00:31:46.806000,0 days 01:30:02.318000
2024-07-07 14:34:59.627,8969,116,3,57,False,1,car,0 days 00:31:47.086000,0 days 01:30:02.598000
2024-07-07 14:34:59.947,9531,123,3,68,False,1,car,0 days 00:31:47.406000,0 days 01:30:02.918000
2024-07-07 14:35:00.347,10288,135,3,79,False,1,car,0 days 00:31:47.806000,0 days 01:30:03.318000
2024-07-07 14:35:00.507,10698,143,3,76,False,1,car,0 days 00:31:47.966000,0 days 01:30:03.478000
2024-07-07 14:35:00.707,10698,150,3,76,False,1,car,0 days 00:31:48.166000,0 days 01:30:03.678000
2024-07-07 14:35:00.947,10221,157,4,79,False,1,car,0 days 00:31:48.406000,0 days 01:30:03.918000
2024-07-07 14:35:01.106,10147,164,4,86,False,1,car,0 days 00:31:48.565000,0 days 01:30:04.077000
2024-07-07 14:35:01.266,11127,173,4,100,False,1,car,0 days 00:31:48.725000,0 days 01:30:04.237000
2024-07-07 14:35:01.506,11711,181,4,100,False,1,car,0 days 00:31:48.965000,0 days 01:30:04.477000
2024-07-07 14:35:01.786,10833,189,4,100,False,1,car,0 days 00:31:49.245000,0 days 01:30:04.757000
2024-07-07 14:35:02.106,10795,203,5,100,False,1,car,0 days 00:31:49.565000,0 days 01:30:05.077000
2024-07-07 14:35:02.346,11262,209,5,100,False,1,car,0 days 00:31:49.805000,0 days 01:30:05.317000
2024-07-07 14:35:02.666,11622,220,5,100,False,1,car,0 days 00:31:50.125000,0 days 01:30:05.637000
2024-07-07 14:35:02.946,10362,225,6,100,False,1,car,0 days 00:31:50.405000,0 days 01:30:05.917000
2024-07-07 14:35:03.186,10604,232,6,100,False,1,car,0 days 00:31:50.645000,0 days 01:30:06.157000
2024-07-07 14:35:03.466,10805,239,6,100,False,1,car,0 days 00:31:50.925000,0 days 01:30:06.437000
2024-07-07 14:35:03.786,11174,242,6,100,False,1,car,0 days 00:31:51.245000,0 days 01:30:06.757000
2024-07-07 14:35:03.946,11301,247,6,100,False,1,car,0 days 00:31:51.405000,0 days 01:30:06.917000
2024-07-07 14:35:04.186,11438,252,6,100,False,1,car,0 days 00:31:51.645000,0 days 01:30:07.157000
2024-07-07 14:35:04.466,11663,257,6,100,False,1,car,0 days 00:31:51.925000,0 days 01:30:07.437000
2024-07-07 14:35:04.666,11413,259,6,92,False,1,car,0 days 00:31:52.125000,0 days 01:30:07.637000
2024-07-07 14:35:04.826,10349,259,7,85,False,1,car,0 days 00:31:52.285000,0 days 01:30:07.797000
2024-07-07 14:35:05.107,10412,261,7,81,False,1,car,0 days 00:31:52.566000,0 days 01:30:08.078000
2024-07-07 14:35:05.267,10412,262,7,83,False,1,car,0 days 00:31:52.726000,0 days 01:30:08.238000
2024-07-07 14:35:05.547,10449,262,7,76,False,1,car,0 days 00:31:53.006000,0 days 01:30:08.518000
2024-07-07 14:35:05.907,10418,263,7,77,False,1,car,0 days 00:31:53.366000,0 days 01:30:08.878000
2024-07-07 14:35:06.347,10499,264,7,81,False,1,car,0 days 00:31:53.806000,0 days 01:30:09.318000
2024-07-07 14:35:06.547,10590,266,7,86,False,1,car,0 days 00:31:54.006000,0 days 01:30:09.518000
2024-07-07 14:35:06.747,10632,267,7,89,False,1,car,0 days 00:31:54.206000,0 days 01:30:09.718000
2024-07-07 14:35:07.107,10727,271,7,100,False,1,car,0 days 00:31:54.566000,0 days 01:30:10.078000
2024-07-07 14:35:07.307,10855,273,7,100,False,1,car,0 days 00:31:54.766000,0 days 01:30:10.278000
2024-07-07 14:35:07.467,10908,273,7,89,False,1,car,0 days 00:31:54.926000,0 days 01:30:10.438000
2024-07-07 14:35:07.667,10884,276,7,83,False,1,car,0 days 00:31:55.126000,0 days 01:30:10.638000
2024-07-07 14:35:07.946,11053,278,7,89,False,1,car,0 days 00:31:55.405000,0 days 01:30:10.917000
2024-07-07 14:35:08.106,11014,278,7,78,False,1,car,0 days 00:31:55.565000,0 days 01:30:11.077000
2024-07-07 14:35:08.346,11067,278,7,79,False,1,car,0 days 00:31:55.805000,0 days 01:30:11.317000
2024-07-07 14:35:08.626,11048,279,7,79,False,1,car,0 days 00:31:56.085000,0 days 01:30:11.597000
2024-07-07 14:35:09.066,11112,281,7,82,False,1,car,0 days 00:31:56.525000,0 days 01:30:12.037000
2024-07-07 14:35:09.386,11123,282,7,81,False,1,car,0 days 00:31:56.845000,0 days 01:30:12.357000
2024-07-07 14:35:09.866,11026,281,7,0,True,1,car,0 days 00:31:57.325000,0 days 01:30:12.837000
2024-07-07 14:35:10.066,10746,264,7,0,True,1,car,0 days 00:31:57.525000,0 days 01:30:13.037000
2024-07-07 14:35:10.266,9720,251,7,0,True,1,car,0 days 00:31:57.725000,0 days 01:30:13.237000
2024-07-07 14:35:10.546,9259,237,7,0,True,1,car,0 days 00:31:58.005000,0 days 01:30:13.517000
2024-07-07 14:35:10.746,9966,226,6,0,True,1,car,0 days 00:31:58.205000,0 days 01:30:13.717000
2024-07-07 14:35:11.066,9682,217,6,6,True,1,car,0 days 00:31:58.525000,0 days 01:30:14.037000
2024-07-07 14:35:11.266,9787,213,6,35,False,1,car,0 days 00:31:58.725000,0 days 01:30:14.237000
2024-07-07 14:35:11.466,9609,212,6,36,False,1,car,0 days 00:31:58.925000,0 days 01:30:14.437000
2024-07-07 14:35:11.667,9336,210,6,27,False,1,car,0 days 00:31:59.126000,0 days 01:30:14.638000
2024-07-07 14:35:11.867,9393,206,6,44,False,1,car,0 days 00:31:59.326000,0 days 01:30:14.838000
2024-07-07 14:35:12.307,9350,205,6,53,False,1,car,0 days 00:31:59.766000,0 days 01:30:15.278000
2024-07-07 14:35:12.587,9450,206,6,72,False,1,car,0 days 00:32:00.046000,0 days 01:30:15.558000
2024-07-07 14:35:12.787,9599,208,6,73,False,1,car,0 days 00:32:00.246000,0 days 01:30:15.758000
2024-07-07 14:35:13.027,9809,211,6,100,False,1,car,0 days 00:32:00.486000,0 days 01:30:15.998000
2024-07-07 14:35:13.307,10084,215,6,100,False,1,car,0 days 00:32:00.766000,0 days 01:30:16.278000
2024-07-07 14:35:13.587,10319,222,6,100,False,1,car,0 days 00:32:01.046000,0 days 01:30:16.558000
2024-07-07 14:35:13.987,10666,232,6,100,False,1,car,0 days 00:32:01.446000,0 days 01:30:16.958000
2024-07-07 14:35:14.147,10834,232,6,100,False,1,car,0 days 00:32:01.606000,0 days 01:30:17.118000
2024-07-07 14:35:14.387,10945,240,6,100,False,1,car,0 days 00:32:01.846000,0 days 01:30:17.358000
2024-07-07 14:35:14.586,11210,242,6,100,False,1,car,0 days 00:32:02.045000,0 days 01:30:17.557000
2024-07-07 14:35:14.826,11246,247,6,100,False,1,car,0 days 00:32:02.285000,0 days 01:30:17.797000
2024-07-07 14:35:15.026,11422,251,6,100,False,1,car,0 days 00:32:02.485000,0 days 01:30:17.997000
2024-07-07 14:35:15.266,11595,255,6,100,False,1,car,0 days 00:32:02.725000,0 days 01:30:18.237000
2024-07-07 14:35:15.586,11778,259,6,100,False,1,car,0 days 00:32:03.045000,0 days 01:30:18.557000
2024-07-07 14:35:15.746,11743,261,6,100,False,1,car,0 days 00:32:03.205000,0 days 01:30:18.717000
2024-07-07 14:35:16.026,10176,266,7,100,False,1,car,0 days 00:32:03.485000,0 days 01:30:18.997000
2024-07-07 14:35:16.186,10596,268,7,100,False,1,car,0 days 00:32:03.645000,0 days 01:30:19.157000
2024-07-07 14:35:16.386,10745,271,7,100,False,1,car,0 days 00:32:03.845000,0 days 01:30:19.357000
2024-07-07 14:35:16.546,10835,272,7,100,False,1,car,0 days 00:32:04.005000,0 days 01:30:19.517000
2024-07-07 14:35:16.866,10992,277,7,100,False,1,car,0 days 00:32:04.325000,0 days 01:30:19.837000
2024-07-07 14:35:17.026,11030,277,7,100,False,1,car,0 days 00:32:04.485000,0 days 01:30:19.997000
2024-07-07 14:35:17.426,11188,282,7,100,False,1,car,0 days 00:32:04.885000,0 days 01:30:20.397000
2024-07-07 14:35:17.626,11230,283,7,100,False,1,car,0 days 00:32:05.085000,0 days 01:30:20.597000
2024-07-07 14:35:17.866,11305,286,7,100,False,1,car,0 days 00:32:05.325000,0 days 01:30:20.837000
2024-07-07 14:35:18.267,11412,288,7,100,False,1,car,0 days 00:32:05.726000,0 days 01:30:21.238000
2024-07-07 14:35:18.627,11480,289,7,100,False,1,car,0 days 00:32:06.086000,0 days 01:30:21.598000
2024-07-07 14:35:18.827,11467,290,7,100,False,1,car,0 days 00:32:06.286000,0 days 01:30:21.798000
2024-07-07 14:35:19.147,11515,291,7,100,False,1,car,0 days 00:32:06.606000,0 days 01:30:22.118000
2024-07-07 14:35:19.307,11515,291,7,100,False,1,car,0 days 00:32:06.766000,0 days 01:30:22.278000
2024-07-07 14:35:19.747,11469,292,7,64,False,1,car,0 days 00:32:07.206000,0 days 01:30:22.718000
2024-07-07 14:35:19.907,11452,288,7,64,False,1,car,0 days 00:32:07.366000,0 days 01:30:22.878000
2024-07-07 14:35:20.107,11295,286,7,48,False,1,car,0 days 00:32:07.566000,0 days 01:30:23.078000
2024-07-07 14:35:20.387,10812,267,7,0,True,1,car,0 days 00:32:07.846000,0 days 01:30:23.358000
2024-07-07 14:35:20.547,10252,260,7,0,True,1,car,0 days 00:32:08.006000,0 days 01:30:23.518000
2024-07-07 14:35:20.867,10903,246,6,6,False,1,car,0 days 00:32:08.326000,0 days 01:30:23.838000
2024-07-07 14:35:21.107,11070,239,6,36,False,1,car,0 days 00:32:08.566000,0 days 01:30:24.078000
2024-07-07 14:35:21.266,10739,236,6,57,False,1,car,0 days 00:32:08.725000,0 days 01:30:24.237000
2024-07-07 14:35:21.506,10718,235,6,72,False,1,car,0 days 00:32:08.965000,0 days 01:30:24.477000
2024-07-07 14:35:21.746,10839,235,6,83,False,1,car,0 days 00:32:09.205000,0 days 01:30:24.717000
2024-07-07 14:35:21.906,10799,237,6,83,False,1,car,0 days 00:32:09.365000,0 days 01:30:24.877000
2024-07-07 14:35:22.146,10880,239,6,100,False,1,car,0 days 00:32:09.605000,0 days 01:30:25.117000
2024-07-07 14:35:22.306,10959,242,6,100,False,1,car,0 days 00:32:09.765000,0 days 01:30:25.277000
2024-07-07 14:35:22.506,10449,244,6,43,False,1,car,0 days 00:32:09.965000,0 days 01:30:25.477000
2024-07-07 14:35:22.746,10577,236,6,0,True,1,car,0 days 00:32:10.205000,0 days 01:30:25.717000
2024-07-07 14:35:22.986,10071,225,6,0,True,1,car,0 days 00:32:10.445000,0 days 01:30:25.957000
2024-07-07 14:35:23.466,9642,213,6,2,False,1,car,0 days 00:32:10.925000,0 days 01:30:26.437000
2024-07-07 14:35:23.666,9489,208,6,35,False,1,car,0 days 00:32:11.125000,0 days 01:30:26.637000
2024-07-07 14:35:23.826,9374,207,6,49,False,1,car,0 days 00:32:11.285000,0 days 01:30:26.797000
2024-07-07 14:35:24.026,9417,205,6,58,False,1,car,0 days 00:32:11.485000,0 days 01:30:26.997000
2024-07-07 14:35:24.306,9366,206,6,62,False,1,car,0 days 00:32:11.765000,0 days 01:30:27.277000
2024-07-07 14:35:24.706,9653,204,6,0,True,1,car,0 days 00:32:12.165000,0 days 01:30:27.677000
2024-07-07 14:35:24.987,9517,188,6,0,True,1,car,0 days 00:32:12.446000,0 days 01:30:27.958000
2024-07-07 14:35:25.267,9195,181,5,0,True,1,car,0 days 00:32:12.726000,0 days 01:30:28.238000
2024-07-07 14:35:25.627,10401,171,5,0,False,1,car,0 days 00:32:13.086000,0 days 01:30:28.598000
2024-07-07 14:35:25.867,10170,166,4,0,False,1,car,0 days 00:32:13.326000,0 days 01:30:28.838000
2024-07-07 14:35:26.107,10112,163,4,16,False,1,car,0 days 00:32:13.566000,0 days 01:30:29.078000
2024-07-07 14:35:26.387,10101,161,4,50,False,1,car,0 days 00:32:13.846000,0 days 01:30:29.358000
2024-07-07 14:35:26.667,10324,162,4,65,False,1,car,0 days 00:32:14.126000,0 days 01:30:29.638000
2024-07-07 14:35:26.987,10695,167,4,78,False,1,car,0 days 00:32:14.446000,0 days 01:30:29.958000
2024-07-07 14:35:27.227,10820,170,4,74,False,1,car,0 days 00:32:14.686000,0 days 01:30:30.198000
2024-07-07 14:35:27.467,11383,176,4,84,False,1,car,0 days 00:32:14.926000,0 days 01:30:30.438000
2024-07-07 14:35:27.667,11600,182,4,86,False,1,car,0 days 00:32:15.126000,0 days 01:30:30.638000
2024-07-07 14:35:27.867,11796,188,4,86,False,1,car,0 days 00:32:15.326000,0 days 01:30:30.838000
2024-07-07 14:35:28.066,10816,193,4,100,False,1,car,0 days 00:32:15.525000,0 days 01:30:31.037000
2024-07-07 14:35:28.426,10654,202,5,100,False,1,car,0 days 00:32:15.885000,0 days 01:30:31.397000
2024-07-07 14:35:28.626,11093,206,5,100,False,1,car,0 days 00:32:16.085000,0 days 01:30:31.597000
2024-07-07 14:35:28.946,11604,216,5,100,False,1,car,0 days 00:32:16.405000,0 days 01:30:31.917000
2024-07-07 14:35:29.186,11767,223,5,100,False,1,car,0 days 00:32:16.645000,0 days 01:30:32.157000
2024-07-07 14:35:29.626,10570,232,6,100,False,1,car,0 days 00:32:17.085000,0 days 01:30:32.597000
2024-07-07 14:35:29.826,10684,236,6,100,False,1,car,0 days 00:32:17.285000,0 days 01:30:32.797000
2024-07-07 14:35:30.106,11007,241,6,100,False,1,car,0 days 00:32:17.565000,0 days 01:30:33.077000
2024-07-07 14:35:30.266,11140,245,6,100,False,1,car,0 days 00:32:17.725000,0 days 01:30:33.237000
2024-07-07 14:35:30.706,11406,251,6,100,False,1,car,0 days 00:32:18.165000,0 days 01:30:33.677000
2024-07-07 14:35:31.066,11681,257,6,100,False,1,car,0 days 00:32:18.525000,0 days 01:30:34.037000
2024-07-07 14:35:31.467,10813,263,6,100,False,1,car,0 days 00:32:18.926000,0 days 01:30:34.438000
2024-07-07 14:35:31.627,10493,264,7,100,False,1,car,0 days 00:32:19.086000,0 days 01:30:34.598000
2024-07-07 14:35:31.867,10693,268,7,100,False,1,car,0 days 00:32:19.326000,0 days 01:30:34.838000
2024-07-07 14:35:32.027,10706,268,7,100,False,1,car,0 days 00:32:19.486000,0 days 01:30:34.998000
2024-07-07 14:35:32.387,10863,274,7,100,False,1,car,0 days 00:32:19.846000,0 days 01:30:35.358000
2024-07-07 14:35:32.747,10996,275,7,100,False,1,car,0 days 00:32:20.206000,0 days 01:30:35.718000
2024-07-07 14:35:33.067,11146,280,7,100,False,1,car,0 days 00:32:20.526000,0 days 01:30:36.038000
2024-07-07 14:35:33.387,11214,282,7,100,False,1,car,0 days 00:32:20.846000,0 days 01:30:36.358000
2024-07-07 14:35:33.587,11253,284,7,100,False,1,car,0 days 00:32:21.046000,0 days 01:30:36.558000
2024-07-07 14:35:33.787,11322,285,7,100,False,1,car,0 days 00:32:21.246000,0 days 01:30:36.758000
2024-07-07 14:35:33.987,11344,286,7,100,False,1,car,0 days 00:32:21.446000,0 days 01:30:36.958000
2024-07-07 14:35:34.187,11378,287,7,100,False,1,car,0 days 00:32:21.646000,0 days 01:30:37.158000
2024-07-07 14:35:34.507,11450,288,7,100,False,1,car,0 days 00:32:21.966000,0 days 01:30:37.478000
2024-07-07 14:35:34.667,11441,290,7,100,False,1,car,0 days 00:32:22.126000,0 days 01:30:37.638000
2024-07-07 14:35:34.986,11484,289,7,100,False,1,car,0 days 00:32:22.445000,0 days 01:30:37.957000
2024-07-07 14:35:35.186,11520,289,7,100,False,1,car,0 days 00:32:22.645000,0 days 01:30:38.157000
2024-07-07 14:35:35.626,11452,290,7,100,False,1,car,0 days 00:32:23.085000,0 days 01:30:38.597000
2024-07-07 14:35:35.866,11476,290,7,100,False,1,car,0 days 00:32:23.325000,0 days 01:30:38.837000
2024-07-07 14:35:36.186,11458,290,7,100,False,1,car,0 days 00:32:23.645000,0 days 01:30:39.157000
2024-07-07 14:35:36.666,11461,289,7,100,False,1,car,0 days 00:32:24.125000,0 days 01:30:39.637000
2024-07-07 14:35:37.066,11456,289,7,100,False,1,car,0 days 00:32:24.525000,0 days 01:30:40.037000
2024-07-07 14:35:37.306,11469,289,7,100,False,1,car,0 days 00:32:24.765000,0 days 01:30:40.277000
2024-07-07 14:35:37.506,11454,290,7,100,False,1,car,0 days 00:32:24.965000,0 days 01:30:40.477000
2024-07-07 14:35:37.666,11459,289,7,100,False,1,car,0 days 00:32:25.125000,0 days 01:30:40.637000
2024-07-07 14:35:37.826,11474,290,7,100,False,1,car,0 days 00:32:25.285000,0 days 01:30:40.797000
2024-07-07 14:35:38.067,11477,290,7,100,False,1,car,0 days 00:32:25.526000,0 days 01:30:41.038000
2024-07-07 14:35:38.227,11457,291,7,100,False,1,car,0 days 00:32:25.686000,0 days 01:30:41.198000
2024-07-07 14:35:38.467,11152,289,7,35,False,1,car,0 days 00:32:25.926000,0 days 01:30:41.438000
2024-07-07 14:35:38.667,10967,276,7,0,True,1,car,0 days 00:32:26.126000,0 days 01:30:41.638000
2024-07-07 14:35:38.867,10231,262,7,0,True,1,car,0 days 00:32:26.326000,0 days 01:30:41.838000
2024-07-07 14:35:39.067,9569,244,7,0,True,1,car,0 days 00:32:26.526000,0 days 01:30:42.038000
2024-07-07 14:35:39.267,10169,229,7,0,True,1,car,0 days 00:32:26.726000,0 days 01:30:42.238000
2024-07-07 14:35:39.467,9517,217,6,0,True,1,car,0 days 00:32:26.926000,0 days 01:30:42.438000
2024-07-07 14:35:39.747,10476,206,6,0,True,1,car,0 days 00:32:27.206000,0 days 01:30:42.718000
2024-07-07 14:35:40.147,9770,192,5,0,True,1,car,0 days 00:32:27.606000,0 days 01:30:43.118000
2024-07-07 14:35:40.587,9329,178,5,0,False,1,car,0 days 00:32:28.046000,0 days 01:30:43.558000
2024-07-07 14:35:40.987,8915,175,5,18,False,1,car,0 days 00:32:28.446000,0 days 01:30:43.958000
2024-07-07 14:35:41.227,8860,169,5,50,False,1,car,0 days 00:32:28.686000,0 days 01:30:44.198000
2024-07-07 14:35:41.387,8914,168,5,54,False,1,car,0 days 00:32:28.846000,0 days 01:30:44.358000
2024-07-07 14:35:41.626,9010,169,5,63,False,1,car,0 days 00:32:29.085000,0 days 01:30:44.597000
2024-07-07 14:35:41.946,9314,172,5,71,False,1,car,0 days 00:32:29.405000,0 days 01:30:44.917000
2024-07-07 14:35:42.346,9697,178,5,81,False,1,car,0 days 00:32:29.805000,0 days 01:30:45.317000
2024-07-07 14:35:42.546,9938,182,5,100,False,1,car,0 days 00:32:30.005000,0 days 01:30:45.517000
2024-07-07 14:35:42.706,10211,182,5,100,False,1,car,0 days 00:32:30.165000,0 days 01:30:45.677000
2024-07-07 14:35:43.066,10706,196,5,98,False,1,car,0 days 00:32:30.525000,0 days 01:30:46.037000
2024-07-07 14:35:43.346,10881,196,5,100,False,1,car,0 days 00:32:30.805000,0 days 01:30:46.317000
2024-07-07 14:35:43.586,11161,209,5,100,False,1,car,0 days 00:32:31.045000,0 days 01:30:46.557000
2024-07-07 14:35:43.746,11418,212,5,100,False,1,car,0 days 00:32:31.205000,0 days 01:30:46.717000
2024-07-07 14:35:43.946,11603,215,5,100,False,1,car,0 days 00:32:31.405000,0 days 01:30:46.917000
2024-07-07 14:35:44.146,11743,221,5,100,False,1,car,0 days 00:32:31.605000,0 days 01:30:47.117000
2024-07-07 14:35:44.467,10838,228,5,100,False,1,car,0 days 00:32:31.926000,0 days 01:30:47.438000
2024-07-07 14:35:44.707,10561,231,6,100,False,1,car,0 days 00:32:32.166000,0 days 01:30:47.678000
2024-07-07 14:35:44.907,10673,235,6,100,False,1,car,0 days 00:32:32.366000,0 days 01:30:47.878000
2024-07-07 14:35:45.267,10908,240,6,100,False,1,car,0 days 00:32:32.726000,0 days 01:30:48.238000
2024-07-07 14:35:45.467,10970,241,6,100,False,1,car,0 days 00:32:32.926000,0 days 01:30:48.438000
2024-07-07 14:35:45.707,11091,244,6,100,False,1,car,0 days 00:32:33.166000,0 days 01:30:48.678000
2024-07-07 14:35:45.907,11190,247,6,100,False,1,car,0 days 00:32:33.366000,0 days 01:30:48.878000
2024-07-07 14:35:46.147,11247,248,6,100,False,1,car,0 days 00:32:33.606000,0 days 01:30:49.118000
2024-07-07 14:35:46.587,11426,251,6,100,False,1,car,0 days 00:32:34.046000,0 days 01:30:49.558000
2024-07-07 14:35:46.947,11387,254,6,100,False,1,car,0 days 00:32:34.406000,0 days 01:30:49.918000
2024-07-07 14:35:47.187,10875,239,6,0,True,1,car,0 days 00:32:34.646000,0 days 01:30:50.158000
2024-07-07 14:35:47.387,10102,220,6,0,True,1,car,0 days 00:32:34.846000,0 days 01:30:50.358000
2024-07-07 14:35:47.747,9099,192,6,0,True,1,car,0 days 00:32:35.206000,0 days 01:30:50.718000
2024-07-07 14:35:47.947,8936,176,5,0,True,1,car,0 days 00:32:35.406000,0 days 01:30:50.918000
2024-07-07 14:35:48.107,9496,169,5,0,True,1,car,0 days 00:32:35.566000,0 days 01:30:51.078000
2024-07-07 14:35:48.386,9455,150,4,0,True,1,car,0 days 00:32:35.845000,0 days 01:30:51.357000
2024-07-07 14:35:48.586,9478,134,4,0,True,1,car,0 days 00:32:36.045000,0 days 01:30:51.557000
2024-07-07 14:35:48.746,8832,129,3,0,True,1,car,0 days 00:32:36.205000,0 days 01:30:51.717000
2024-07-07 14:35:49.106,8295,116,3,0,True,1,car,0 days 00:32:36.565000,0 days 01:30:52.077000
2024-07-07 14:35:49.506,7657,106,3,0,True,1,car,0 days 00:32:36.965000,0 days 01:30:52.477000
2024-07-07 14:35:49.706,7366,102,3,0,True,1,car,0 days 00:32:37.165000,0 days 01:30:52.677000
2024-07-07 14:35:49.906,7178,100,3,0,True,1,car,0 days 00:32:37.365000,0 days 01:30:52.877000
2024-07-07 14:35:50.106,7050,96,3,0,False,1,car,0 days 00:32:37.565000,0 days 01:30:53.077000
2024-07-07 14:35:50.426,6796,94,3,3,False,1,car,0 days 00:32:37.885000,0 days 01:30:53.397000
2024-07-07 14:35:50.706,6877,91,3,9,False,1,car,0 days 00:32:38.165000,0 days 01:30:53.677000
2024-07-07 14:35:51.026,7034,93,3,35,False,1,car,0 days 00:32:38.485000,0 days 01:30:53.997000
2024-07-07 14:35:51.387,7277,97,3,38,False,1,car,0 days 00:32:38.846000,0 days 01:30:54.358000
2024-07-07 14:35:51.827,7135,101,3,0,False,1,car,0 days 00:32:39.286000,0 days 01:30:54.798000
2024-07-07 14:35:52.267,7300,96,3,12,False,1,car,0 days 00:32:39.726000,0 days 01:30:55.238000
2024-07-07 14:35:52.627,7307,96,3,29,False,1,car,0 days 00:32:40.086000,0 days 01:30:55.598000
2024-07-07 14:35:52.907,7532,98,3,34,False,1,car,0 days 00:32:40.366000,0 days 01:30:55.878000
2024-07-07 14:35:53.067,7839,101,3,50,False,1,car,0 days 00:32:40.526000,0 days 01:30:56.038000
2024-07-07 14:35:53.387,8337,107,3,50,False,1,car,0 days 00:32:40.846000,0 days 01:30:56.358000
2024-07-07 14:35:53.667,8818,111,3,57,False,1,car,0 days 00:32:41.126000,0 days 01:30:56.638000
2024-07-07 14:35:54.107,9293,123,3,59,False,1,car,0 days 00:32:41.566000,0 days 01:30:57.078000
2024-07-07 14:35:54.387,9342,130,3,64,False,1,car,0 days 00:32:41.846000,0 days 01:30:57.358000
2024-07-07 14:35:54.747,8994,139,4,71,False,1,car,0 days 00:32:42.206000,0 days 01:30:57.718000
2024-07-07 14:35:55.106,9801,151,4,78,False,1,car,0 days 00:32:42.565000,0 days 01:30:58.077000
2024-07-07 14:35:55.386,10394,161,4,81,False,1,car,0 days 00:32:42.845000,0 days 01:30:58.357000
2024-07-07 14:35:55.586,10806,166,4,82,False,1,car,0 days 00:32:43.045000,0 days 01:30:58.557000
2024-07-07 14:35:55.746,10812,169,4,80,False,1,car,0 days 00:32:43.205000,0 days 01:30:58.717000
2024-07-07 14:35:55.906,10076,176,4,80,False,1,car,0 days 00:32:43.365000,0 days 01:30:58.877000
2024-07-07 14:35:56.226,9876,182,5,83,False,1,car,0 days 00:32:43.685000,0 days 01:30:59.197000
2024-07-07 14:35:56.626,10384,193,5,88,False,1,car,0 days 00:32:44.085000,0 days 01:30:59.597000
2024-07-07 14:35:56.866,10743,200,5,88,False,1,car,0 days 00:32:44.325000,0 days 01:30:59.837000
2024-07-07 14:35:57.066,10861,204,5,85,False,1,car,0 days 00:32:44.525000,0 days 01:31:00.037000
2024-07-07 14:35:57.346,11311,209,5,100,False,1,car,0 days 00:32:44.805000,0 days 01:31:00.317000
2024-07-07 14:35:57.627,11552,213,5,100,False,1,car,0 days 00:32:45.086000,0 days 01:31:00.598000
2024-07-07 14:35:57.827,10946,221,5,100,False,1,car,0 days 00:32:45.286000,0 days 01:31:00.798000
2024-07-07 14:35:57.987,10436,226,6,100,False,1,car,0 days 00:32:45.446000,0 days 01:31:00.958000
2024-07-07 14:35:58.267,10711,231,6,100,False,1,car,0 days 00:32:45.726000,0 days 01:31:01.238000
2024-07-07 14:35:58.427,10739,232,6,100,False,1,car,0 days 00:32:45.886000,0 days 01:31:01.398000
2024-07-07 14:35:58.587,10896,238,6,100,False,1,car,0 days 00:32:46.046000,0 days 01:31:01.558000
2024-07-07 14:35:58.907,11039,244,6,100,False,1,car,0 days 00:32:46.366000,0 days 01:31:01.878000
2024-07-07 14:35:59.267,11435,251,6,100,False,1,car,0 days 00:32:46.726000,0 days 01:31:02.238000
2024-07-07 14:35:59.627,11638,255,6,100,False,1,car,0 days 00:32:47.086000,0 days 01:31:02.598000
2024-07-07 14:35:59.907,11828,260,6,100,False,1,car,0 days 00:32:47.366000,0 days 01:31:02.878000
2024-07-07 14:36:00.347,10694,266,7,100,False,1,car,0 days 00:32:47.806000,0 days 01:31:03.318000
2024-07-07 14:36:00.707,10749,270,7,100,False,1,car,0 days 00:32:48.166000,0 days 01:31:03.678000
2024-07-07 14:36:00.867,10844,273,7,100,False,1,car,0 days 00:32:48.326000,0 days 01:31:03.838000
2024-07-07 14:36:01.107,10946,275,7,100,False,1,car,0 days 00:32:48.566000,0 days 01:31:04.078000
2024-07-07 14:36:01.267,11006,277,7,100,False,1,car,0 days 00:32:48.726000,0 days 01:31:04.238000
2024-07-07 14:36:01.586,11137,280,7,100,False,1,car,0 days 00:32:49.045000,0 days 01:31:04.557000
2024-07-07 14:36:01.826,11163,280,7,100,False,1,car,0 days 00:32:49.285000,0 days 01:31:04.797000
2024-07-07 14:36:02.026,11231,282,7,100,False,1,car,0 days 00:32:49.485000,0 days 01:31:04.997000
2024-07-07 14:36:02.306,11301,285,7,100,False,1,car,0 days 00:32:49.765000,0 days 01:31:05.277000
2024-07-07 14:36:02.626,11384,286,7,100,False,1,car,0 days 00:32:50.085000,0 days 01:31:05.597000
2024-07-07 14:36:02.866,11388,286,7,100,True,1,car,0 days 00:32:50.325000,0 days 01:31:05.837000
2024-07-07 14:36:03.226,10408,266,7,0,True,1,car,0 days 00:32:50.685000,0 days 01:31:06.197000
2024-07-07 14:36:03.506,11078,251,7,0,True,1,car,0 days 00:32:50.965000,0 days 01:31:06.477000
2024-07-07 14:36:03.746,10715,243,6,0,True,1,car,0 days 00:32:51.205000,0 days 01:31:06.717000
2024-07-07 14:36:04.146,10390,231,6,7,False,1,car,0 days 00:32:51.605000,0 days 01:31:07.117000
2024-07-07 14:36:04.387,10230,226,6,53,False,1,car,0 days 00:32:51.846000,0 days 01:31:07.358000
2024-07-07 14:36:04.627,10369,225,6,70,False,1,car,0 days 00:32:52.086000,0 days 01:31:07.598000
2024-07-07 14:36:04.867,10415,228,6,84,False,1,car,0 days 00:32:52.326000,0 days 01:31:07.838000
2024-07-07 14:36:05.027,10502,228,6,100,False,1,car,0 days 00:32:52.486000,0 days 01:31:07.998000
2024-07-07 14:36:05.267,10787,235,6,100,False,1,car,0 days 00:32:52.726000,0 days 01:31:08.238000
2024-07-07 14:36:05.507,10921,238,6,100,False,1,car,0 days 00:32:52.966000,0 days 01:31:08.478000
2024-07-07 14:36:05.747,11166,239,6,100,False,1,car,0 days 00:32:53.206000,0 days 01:31:08.718000
2024-07-07 14:36:06.067,11319,247,6,100,False,1,car,0 days 00:32:53.526000,0 days 01:31:09.038000
2024-07-07 14:36:06.267,11467,251,6,100,False,1,car,0 days 00:32:53.726000,0 days 01:31:09.238000
2024-07-07 14:36:06.747,11686,258,6,89,False,1,car,0 days 00:32:54.206000,0 days 01:31:09.718000
2024-07-07 14:36:06.907,11697,259,6,74,False,1,car,0 days 00:32:54.366000,0 days 01:31:09.878000
2024-07-07 14:36:07.147,10157,257,6,65,False,1,car,0 days 00:32:54.606000,0 days 01:31:10.118000
2024-07-07 14:36:07.467,10101,255,7,65,False,1,car,0 days 00:32:54.926000,0 days 01:31:10.438000
2024-07-07 14:36:07.667,10084,254,7,71,False,1,car,0 days 00:32:55.126000,0 days 01:31:10.638000
2024-07-07 14:36:07.827,10097,254,7,78,False,1,car,0 days 00:32:55.286000,0 days 01:31:10.798000
2024-07-07 14:36:08.227,10197,256,7,88,False,1,car,0 days 00:32:55.686000,0 days 01:31:11.198000
2024-07-07 14:36:08.666,10292,258,7,100,False,1,car,0 days 00:32:56.125000,0 days 01:31:11.637000
2024-07-07 14:36:09.986,8978,204,7,0,True,1,car,0 days 00:32:57.445000,0 days 01:31:12.957000
2024-07-07 14:36:10.226,9830,190,6,0,True,1,car,0 days 00:32:57.685000,0 days 01:31:13.197000
2024-07-07 14:36:10.426,8923,175,5,0,True,1,car,0 days 00:32:57.885000,0 days 01:31:13.397000
2024-07-07 14:36:10.746,9467,155,4,0,True,1,car,0 days 00:32:58.205000,0 days 01:31:13.717000
2024-07-07 14:36:11.067,9556,135,4,0,True,1,car,0 days 00:32:58.526000,0 days 01:31:14.038000
2024-07-07 14:36:11.227,9311,135,3,0,True,1,car,0 days 00:32:58.686000,0 days 01:31:14.198000
2024-07-07 14:36:11.467,8633,122,3,0,True,1,car,0 days 00:32:58.926000,0 days 01:31:14.438000
2024-07-07 14:36:11.627,8416,118,3,0,True,1,car,0 days 00:32:59.086000,0 days 01:31:14.598000
2024-07-07 14:36:11.947,7757,110,3,0,True,1,car,0 days 00:32:59.406000,0 days 01:31:14.918000
2024-07-07 14:36:12.227,7497,103,3,0,True,1,car,0 days 00:32:59.686000,0 days 01:31:15.198000
2024-07-07 14:36:12.507,7167,98,3,0,True,1,car,0 days 00:32:59.966000,0 days 01:31:15.478000
2024-07-07 14:36:12.747,6847,94,3,0,False,1,car,0 days 00:33:00.206000,0 days 01:31:15.718000
2024-07-07 14:36:12.907,6771,92,3,0,False,1,car,0 days 00:33:00.366000,0 days 01:31:15.878000
2024-07-07 14:36:13.147,6977,91,3,21,False,1,car,0 days 00:33:00.606000,0 days 01:31:16.118000
2024-07-07 14:36:13.307,7074,92,3,21,False,1,car,0 days 00:33:00.766000,0 days 01:31:16.278000
2024-07-07 14:36:13.587,7128,93,3,22,False,1,car,0 days 00:33:01.046000,0 days 01:31:16.558000
2024-07-07 14:36:13.867,7276,94,3,29,False,1,car,0 days 00:33:01.326000,0 days 01:31:16.838000
2024-07-07 14:36:14.147,7601,95,3,39,False,1,car,0 days 00:33:01.606000,0 days 01:31:17.118000
2024-07-07 14:36:14.387,7741,97,3,42,False,1,car,0 days 00:33:01.846000,0 days 01:31:17.358000
2024-07-07 14:36:14.787,8362,106,3,49,False,1,car,0 days 00:33:02.246000,0 days 01:31:17.758000
2024-07-07 14:36:15.026,8666,111,3,56,False,1,car,0 days 00:33:02.485000,0 days 01:31:17.997000
2024-07-07 14:36:15.346,9349,119,3,62,False,1,car,0 days 00:33:02.805000,0 days 01:31:18.317000
2024-07-07 14:36:15.546,9350,124,3,62,False,1,car,0 days 00:33:03.005000,0 days 01:31:18.517000
2024-07-07 14:36:15.746,8561,127,3,0,True,1,car,0 days 00:33:03.205000,0 days 01:31:18.717000
2024-07-07 14:36:16.146,7518,110,3,0,True,1,car,0 days 00:33:03.605000,0 days 01:31:19.117000
2024-07-07 14:36:16.426,7985,99,3,0,True,1,car,0 days 00:33:03.885000,0 days 01:31:19.397000
2024-07-07 14:36:16.666,7850,93,2,0,True,1,car,0 days 00:33:04.125000,0 days 01:31:19.637000
2024-07-07 14:36:16.866,7648,88,2,0,True,1,car,0 days 00:33:04.325000,0 days 01:31:19.837000
2024-07-07 14:36:17.226,7264,84,2,0,True,1,car,0 days 00:33:04.685000,0 days 01:31:20.197000
2024-07-07 14:36:17.507,6843,79,2,0,True,1,car,0 days 00:33:04.966000,0 days 01:31:20.478000
2024-07-07 14:36:17.907,6419,73,2,0,False,1,car,0 days 00:33:05.366000,0 days 01:31:20.878000
2024-07-07 14:36:18.307,6569,71,2,1,False,1,car,0 days 00:33:05.766000,0 days 01:31:21.278000
2024-07-07 14:36:18.587,6682,73,2,23,False,1,car,0 days 00:33:06.046000,0 days 01:31:21.558000
2024-07-07 14:36:18.867,7037,76,2,25,False,1,car,0 days 00:33:06.326000,0 days 01:31:21.838000
2024-07-07 14:36:19.107,7102,79,2,28,False,1,car,0 days 00:33:06.566000,0 days 01:31:22.078000
2024-07-07 14:36:19.307,7319,81,2,30,False,1,car,0 days 00:33:06.766000,0 days 01:31:22.278000
2024-07-07 14:36:19.507,7710,84,2,36,False,1,car,0 days 00:33:06.966000,0 days 01:31:22.478000
2024-07-07 14:36:19.747,7928,88,2,40,False,1,car,0 days 00:33:07.206000,0 days 01:31:22.718000
2024-07-07 14:36:20.147,7627,95,3,49,False,1,car,0 days 00:33:07.606000,0 days 01:31:23.118000
2024-07-07 14:36:20.387,8172,103,3,56,False,1,car,0 days 00:33:07.846000,0 days 01:31:23.358000
2024-07-07 14:36:20.667,8849,113,3,62,False,1,car,0 days 00:33:08.126000,0 days 01:31:23.638000
2024-07-07 14:36:20.827,9267,113,3,71,False,1,car,0 days 00:33:08.286000,0 days 01:31:23.798000
2024-07-07 14:36:21.187,10336,127,3,78,False,1,car,0 days 00:33:08.646000,0 days 01:31:24.158000
2024-07-07 14:36:21.387,9216,139,3,79,False,1,car,0 days 00:33:08.846000,0 days 01:31:24.358000
2024-07-07 14:36:21.587,9802,143,4,85,False,1,car,0 days 00:33:09.046000,0 days 01:31:24.558000
2024-07-07 14:36:21.906,10634,161,4,100,False,1,car,0 days 00:33:09.365000,0 days 01:31:24.877000
2024-07-07 14:36:22.226,11270,173,4,100,False,1,car,0 days 00:33:09.685000,0 days 01:31:25.197000
2024-07-07 14:36:22.426,9870,181,5,100,False,1,car,0 days 00:33:09.885000,0 days 01:31:25.397000
2024-07-07 14:36:22.666,10317,191,5,100,False,1,car,0 days 00:33:10.125000,0 days 01:31:25.637000
2024-07-07 14:36:22.866,10613,197,5,100,False,1,car,0 days 00:33:10.325000,0 days 01:31:25.837000
2024-07-07 14:36:23.266,11214,209,5,100,False,1,car,0 days 00:33:10.725000,0 days 01:31:26.237000
2024-07-07 14:36:23.426,11292,210,5,100,False,1,car,0 days 00:33:10.885000,0 days 01:31:26.397000
2024-07-07 14:36:23.746,11382,218,5,100,False,1,car,0 days 00:33:11.205000,0 days 01:31:26.717000
2024-07-07 14:36:24.067,10390,224,6,100,False,1,car,0 days 00:33:11.526000,0 days 01:31:27.038000
2024-07-07 14:36:24.307,10504,229,6,100,False,1,car,0 days 00:33:11.766000,0 days 01:31:27.278000
2024-07-07 14:36:24.467,10634,233,6,100,False,1,car,0 days 00:33:11.926000,0 days 01:31:27.438000
2024-07-07 14:36:24.707,10754,234,6,100,False,1,car,0 days 00:33:12.166000,0 days 01:31:27.678000
2024-07-07 14:36:25.107,11086,242,6,100,False,1,car,0 days 00:33:12.566000,0 days 01:31:28.078000
2024-07-07 14:36:25.467,11323,248,6,100,False,1,car,0 days 00:33:12.926000,0 days 01:31:28.438000
2024-07-07 14:36:25.867,11563,254,6,100,False,1,car,0 days 00:33:13.326000,0 days 01:31:28.838000
2024-07-07 14:36:26.027,11668,254,6,100,False,1,car,0 days 00:33:13.486000,0 days 01:31:28.998000
2024-07-07 14:36:26.307,10802,259,6,100,False,1,car,0 days 00:33:13.766000,0 days 01:31:29.278000
2024-07-07 14:36:26.627,10525,264,7,100,False,1,car,0 days 00:33:14.086000,0 days 01:31:29.598000
2024-07-07 14:36:26.827,10525,265,7,100,False,1,car,0 days 00:33:14.286000,0 days 01:31:29.798000
2024-07-07 14:36:27.147,10713,269,7,100,False,1,car,0 days 00:33:14.606000,0 days 01:31:30.118000
2024-07-07 14:36:27.347,10786,271,7,100,False,1,car,0 days 00:33:14.806000,0 days 01:31:30.318000
2024-07-07 14:36:27.507,10843,272,7,100,False,1,car,0 days 00:33:14.966000,0 days 01:31:30.478000
2024-07-07 14:36:27.707,10898,274,7,100,False,1,car,0 days 00:33:15.166000,0 days 01:31:30.678000
2024-07-07 14:36:28.027,11009,276,7,100,False,1,car,0 days 00:33:15.486000,0 days 01:31:30.998000
2024-07-07 14:36:28.187,11081,277,7,100,False,1,car,0 days 00:33:15.646000,0 days 01:31:31.158000
2024-07-07 14:36:28.347,11154,277,7,100,False,1,car,0 days 00:33:15.806000,0 days 01:31:31.318000
2024-07-07 14:36:28.506,11175,281,7,100,False,1,car,0 days 00:33:15.965000,0 days 01:31:31.477000
2024-07-07 14:36:28.786,11273,282,7,100,False,1,car,0 days 00:33:16.245000,0 days 01:31:31.757000
2024-07-07 14:36:29.066,11319,284,7,100,False,1,car,0 days 00:33:16.525000,0 days 01:31:32.037000
2024-07-07 14:36:29.226,11307,285,7,100,False,1,car,0 days 00:33:16.685000,0 days 01:31:32.197000
2024-07-07 14:36:29.466,11398,286,7,100,False,1,car,0 days 00:33:16.925000,0 days 01:31:32.437000
2024-07-07 14:36:29.666,11404,288,7,100,False,1,car,0 days 00:33:17.125000,0 days 01:31:32.637000
2024-07-07 14:36:29.906,11445,288,7,100,False,1,car,0 days 00:33:17.365000,0 days 01:31:32.877000
2024-07-07 14:36:30.106,11449,288,7,100,False,1,car,0 days 00:33:17.565000,0 days 01:31:33.077000
2024-07-07 14:36:30.426,11430,289,7,100,False,1,car,0 days 00:33:17.885000,0 days 01:31:33.397000
2024-07-07 14:36:30.587,11370,288,7,100,False,1,car,0 days 00:33:18.046000,0 days 01:31:33.558000
2024-07-07 14:36:30.907,11251,285,7,100,False,1,car,0 days 00:33:18.366000,0 days 01:31:33.878000
2024-07-07 14:36:31.107,11252,285,7,100,False,1,car,0 days 00:33:18.566000,0 days 01:31:34.078000
2024-07-07 14:36:31.347,11147,283,7,100,False,1,car,0 days 00:33:18.806000,0 days 01:31:34.318000
2024-07-07 14:36:31.587,10714,281,7,100,False,1,car,0 days 00:33:19.046000,0 days 01:31:34.558000
2024-07-07 14:36:31.827,11130,266,7,0,True,1,car,0 days 00:33:19.286000,0 days 01:31:34.798000
2024-07-07 14:36:32.107,9170,234,7,0,True,1,car,0 days 00:33:19.566000,0 days 01:31:35.078000
2024-07-07 14:36:32.307,9736,226,7,0,True,1,car,0 days 00:33:19.766000,0 days 01:31:35.278000
2024-07-07 14:36:32.627,9712,200,6,0,True,1,car,0 days 00:33:20.086000,0 days 01:31:35.598000
2024-07-07 14:36:32.787,9570,189,6,0,True,1,car,0 days 00:33:20.246000,0 days 01:31:35.758000
2024-07-07 14:36:33.147,8748,175,5,0,True,1,car,0 days 00:33:20.606000,0 days 01:31:36.118000
2024-07-07 14:36:33.427,9797,163,4,0,True,1,car,0 days 00:33:20.886000,0 days 01:31:36.398000
2024-07-07 14:36:33.747,9247,154,4,0,True,1,car,0 days 00:33:21.206000,0 days 01:31:36.718000
2024-07-07 14:36:33.947,8954,147,4,0,False,1,car,0 days 00:33:21.406000,0 days 01:31:36.918000
2024-07-07 14:36:34.147,8804,145,4,0,False,1,car,0 days 00:33:21.606000,0 days 01:31:37.118000
2024-07-07 14:36:34.467,8504,139,4,0,False,1,car,0 days 00:33:21.926000,0 days 01:31:37.438000
2024-07-07 14:36:34.747,8272,136,4,11,False,1,car,0 days 00:33:22.206000,0 days 01:31:37.718000
2024-07-07 14:36:35.027,8293,133,4,27,False,1,car,0 days 00:33:22.486000,0 days 01:31:37.998000
2024-07-07 14:36:35.266,8405,132,4,36,False,1,car,0 days 00:33:22.725000,0 days 01:31:38.237000
2024-07-07 14:36:35.506,8497,132,4,39,False,1,car,0 days 00:33:22.965000,0 days 01:31:38.477000
2024-07-07 14:36:35.826,8544,134,4,45,False,1,car,0 days 00:33:23.285000,0 days 01:31:38.797000
2024-07-07 14:36:36.066,8765,137,4,49,False,1,car,0 days 00:33:23.525000,0 days 01:31:39.037000
2024-07-07 14:36:36.306,8957,139,4,55,False,1,car,0 days 00:33:23.765000,0 days 01:31:39.277000
2024-07-07 14:36:36.546,9240,141,4,60,False,1,car,0 days 00:33:24.005000,0 days 01:31:39.517000
2024-07-07 14:36:36.786,9442,148,4,62,False,1,car,0 days 00:33:24.245000,0 days 01:31:39.757000
2024-07-07 14:36:37.227,9651,153,4,0,True,1,car,0 days 00:33:24.686000,0 days 01:31:40.198000
2024-07-07 14:36:37.507,8307,139,4,0,True,1,car,0 days 00:33:24.966000,0 days 01:31:40.478000
2024-07-07 14:36:37.827,8625,127,4,0,True,1,car,0 days 00:33:25.286000,0 days 01:31:40.798000
2024-07-07 14:36:38.107,8516,124,3,0,True,1,car,0 days 00:33:25.566000,0 days 01:31:41.078000
2024-07-07 14:36:38.267,8375,124,3,0,True,1,car,0 days 00:33:25.726000,0 days 01:31:41.238000
2024-07-07 14:36:38.507,7966,108,3,0,True,1,car,0 days 00:33:25.966000,0 days 01:31:41.478000
2024-07-07 14:36:38.707,7665,105,3,0,True,1,car,0 days 00:33:26.166000,0 days 01:31:41.678000
2024-07-07 14:36:39.107,7261,99,3,0,True,1,car,0 days 00:33:26.566000,0 days 01:31:42.078000
2024-07-07 14:36:39.307,7126,96,3,0,False,1,car,0 days 00:33:26.766000,0 days 01:31:42.278000
2024-07-07 14:36:39.467,6986,94,3,0,False,1,car,0 days 00:33:26.926000,0 days 01:31:42.438000
2024-07-07 14:36:39.707,6610,92,3,0,False,1,car,0 days 00:33:27.166000,0 days 01:31:42.678000
2024-07-07 14:36:39.947,6660,91,3,1,False,1,car,0 days 00:33:27.406000,0 days 01:31:42.918000
2024-07-07 14:36:40.187,6606,88,3,2,False,1,car,0 days 00:33:27.646000,0 days 01:31:43.158000
2024-07-07 14:36:40.387,6660,88,3,10,False,1,car,0 days 00:33:27.846000,0 days 01:31:43.358000
2024-07-07 14:36:40.587,6811,89,3,22,False,1,car,0 days 00:33:28.046000,0 days 01:31:43.558000
2024-07-07 14:36:40.907,6979,91,3,30,False,1,car,0 days 00:33:28.366000,0 days 01:31:43.878000
2024-07-07 14:36:41.147,7271,93,3,37,False,1,car,0 days 00:33:28.606000,0 days 01:31:44.118000
2024-07-07 14:36:41.387,6987,97,3,37,False,1,car,0 days 00:33:28.846000,0 days 01:31:44.358000
2024-07-07 14:36:41.787,6735,102,4,41,False,1,car,0 days 00:33:29.246000,0 days 01:31:44.758000
2024-07-07 14:36:42.066,7071,107,4,49,False,1,car,0 days 00:33:29.525000,0 days 01:31:45.037000
2024-07-07 14:36:42.266,7312,111,4,49,False,1,car,0 days 00:33:29.725000,0 days 01:31:45.237000
2024-07-07 14:36:42.466,7452,115,4,52,False,1,car,0 days 00:33:29.925000,0 days 01:31:45.437000
2024-07-07 14:36:42.786,8150,123,4,63,False,1,car,0 days 00:33:30.245000,0 days 01:31:45.757000
2024-07-07 14:36:43.106,8523,131,4,71,False,1,car,0 days 00:33:30.565000,0 days 01:31:46.077000
2024-07-07 14:36:43.386,9246,140,4,73,False,1,car,0 days 00:33:30.845000,0 days 01:31:46.357000
2024-07-07 14:36:43.667,9956,147,4,79,False,1,car,0 days 00:33:31.126000,0 days 01:31:46.638000
2024-07-07 14:36:43.947,10363,153,4,83,False,1,car,0 days 00:33:31.406000,0 days 01:31:46.918000
2024-07-07 14:36:44.227,11063,168,4,94,False,1,car,0 days 00:33:31.686000,0 days 01:31:47.198000
2024-07-07 14:36:44.427,11880,175,4,100,False,1,car,0 days 00:33:31.886000,0 days 01:31:47.398000
2024-07-07 14:36:44.627,10556,182,4,100,False,1,car,0 days 00:33:32.086000,0 days 01:31:47.598000
2024-07-07 14:36:44.827,10211,189,5,100,False,1,car,0 days 00:33:32.286000,0 days 01:31:47.798000
2024-07-07 14:36:45.027,10758,197,5,100,False,1,car,0 days 00:33:32.486000,0 days 01:31:47.998000
2024-07-07 14:36:45.467,11400,211,5,100,False,1,car,0 days 00:33:32.926000,0 days 01:31:48.438000
2024-07-07 14:36:45.667,11571,217,5,100,False,1,car,0 days 00:33:33.126000,0 days 01:31:48.638000
2024-07-07 14:36:45.907,11096,221,5,100,False,1,car,0 days 00:33:33.366000,0 days 01:31:48.878000
2024-07-07 14:36:46.307,10612,230,6,100,False,1,car,0 days 00:33:33.766000,0 days 01:31:49.278000
2024-07-07 14:36:46.467,10788,235,6,100,False,1,car,0 days 00:33:33.926000,0 days 01:31:49.438000
2024-07-07 14:36:46.707,10939,238,6,100,False,1,car,0 days 00:33:34.166000,0 days 01:31:49.678000
2024-07-07 14:36:46.947,11174,243,6,100,False,1,car,0 days 00:33:34.406000,0 days 01:31:49.918000
2024-07-07 14:36:47.187,11320,247,6,100,False,1,car,0 days 00:33:34.646000,0 days 01:31:50.158000
2024-07-07 14:36:47.467,11523,251,6,100,False,1,car,0 days 00:33:34.926000,0 days 01:31:50.438000
2024-07-07 14:36:47.747,11624,254,6,100,False,1,car,0 days 00:33:35.206000,0 days 01:31:50.718000
2024-07-07 14:36:48.027,11114,258,6,100,False,1,car,0 days 00:33:35.486000,0 days 01:31:50.998000
2024-07-07 14:36:48.227,10322,261,6,100,False,1,car,0 days 00:33:35.686000,0 days 01:31:51.198000
2024-07-07 14:36:48.507,10581,264,7,100,False,1,car,0 days 00:33:35.966000,0 days 01:31:51.478000
2024-07-07 14:36:48.946,10720,268,7,100,False,1,car,0 days 00:33:36.405000,0 days 01:31:51.917000
2024-07-07 14:36:49.226,10857,271,7,100,False,1,car,0 days 00:33:36.685000,0 days 01:31:52.197000
2024-07-07 14:36:49.626,11001,275,7,100,False,1,car,0 days 00:33:37.085000,0 days 01:31:52.597000
2024-07-07 14:36:49.786,11004,275,7,100,False,1,car,0 days 00:33:37.245000,0 days 01:31:52.757000
2024-07-07 14:36:49.946,11111,277,7,100,False,1,car,0 days 00:33:37.405000,0 days 01:31:52.917000
2024-07-07 14:36:50.347,11144,280,7,100,False,1,car,0 days 00:33:37.806000,0 days 01:31:53.318000
2024-07-07 14:36:50.867,11370,286,7,100,False,1,car,0 days 00:33:38.326000,0 days 01:31:53.838000
2024-07-07 14:36:51.187,11458,288,7,100,False,1,car,0 days 00:33:38.646000,0 days 01:31:54.158000
2024-07-07 14:36:51.387,11507,289,7,100,False,1,car,0 days 00:33:38.846000,0 days 01:31:54.358000
2024-07-07 14:36:51.547,11523,289,7,100,False,1,car,0 days 00:33:39.006000,0 days 01:31:54.518000
2024-07-07 14:36:51.867,11535,292,7,100,False,1,car,0 days 00:33:39.326000,0 days 01:31:54.838000
2024-07-07 14:36:52.227,11523,291,7,100,False,1,car,0 days 00:33:39.686000,0 days 01:31:55.198000
2024-07-07 14:36:52.907,11385,287,7,100,False,1,car,0 days 00:33:40.366000,0 days 01:31:55.878000
2024-07-07 14:36:53.147,11376,287,7,75,True,1,car,0 days 00:33:40.606000,0 days 01:31:56.118000
2024-07-07 14:36:53.507,9896,253,7,0,True,1,car,0 days 00:33:40.966000,0 days 01:31:56.478000
2024-07-07 14:36:53.707,10409,236,7,0,True,1,car,0 days 00:33:41.166000,0 days 01:31:56.678000
2024-07-07 14:36:54.067,9684,217,6,0,True,1,car,0 days 00:33:41.526000,0 days 01:31:57.038000
2024-07-07 14:36:54.227,10244,215,6,0,True,1,car,0 days 00:33:41.686000,0 days 01:31:57.198000
2024-07-07 14:36:54.427,10867,215,5,0,False,1,car,0 days 00:33:41.886000,0 days 01:31:57.398000
2024-07-07 14:36:54.667,10643,206,5,25,False,1,car,0 days 00:33:42.126000,0 days 01:31:57.638000
2024-07-07 14:36:54.827,10758,202,5,50,False,1,car,0 days 00:33:42.286000,0 days 01:31:57.798000
2024-07-07 14:36:54.987,10778,201,5,60,False,1,car,0 days 00:33:42.446000,0 days 01:31:57.958000
2024-07-07 14:36:55.267,10933,204,5,72,False,1,car,0 days 00:33:42.726000,0 days 01:31:58.238000
2024-07-07 14:36:55.466,11083,206,5,78,False,1,car,0 days 00:33:42.925000,0 days 01:31:58.437000
2024-07-07 14:36:55.866,11563,214,5,100,False,1,car,0 days 00:33:43.325000,0 days 01:31:58.837000
2024-07-07 14:36:56.026,11628,214,5,100,False,1,car,0 days 00:33:43.485000,0 days 01:31:58.997000
2024-07-07 14:36:56.266,11666,220,5,100,False,1,car,0 days 00:33:43.725000,0 days 01:31:59.237000
2024-07-07 14:36:56.586,10529,228,6,100,False,1,car,0 days 00:33:44.045000,0 days 01:31:59.557000
2024-07-07 14:36:56.786,10706,233,6,100,False,1,car,0 days 00:33:44.245000,0 days 01:31:59.757000
2024-07-07 14:36:56.987,10781,235,6,100,False,1,car,0 days 00:33:44.446000,0 days 01:31:59.958000
2024-07-07 14:36:57.187,10909,240,6,100,False,1,car,0 days 00:33:44.646000,0 days 01:32:00.158000
2024-07-07 14:36:57.427,11114,243,6,100,False,1,car,0 days 00:33:44.886000,0 days 01:32:00.398000
2024-07-07 14:36:57.787,11366,249,6,100,False,1,car,0 days 00:33:45.246000,0 days 01:32:00.758000
2024-07-07 14:36:57.947,11461,251,6,100,False,1,car,0 days 00:33:45.406000,0 days 01:32:00.918000
2024-07-07 14:36:58.107,11657,254,6,100,False,1,car,0 days 00:33:45.566000,0 days 01:32:01.078000
2024-07-07 14:36:58.467,11510,259,6,100,False,1,car,0 days 00:33:45.926000,0 days 01:32:01.438000
2024-07-07 14:36:58.747,10494,262,7,100,False,1,car,0 days 00:33:46.206000,0 days 01:32:01.718000
2024-07-07 14:36:59.027,10659,266,7,100,False,1,car,0 days 00:33:46.486000,0 days 01:32:01.998000
2024-07-07 14:36:59.187,10733,269,7,100,False,1,car,0 days 00:33:46.646000,0 days 01:32:02.158000
2024-07-07 14:36:59.347,10773,269,7,100,False,1,car,0 days 00:33:46.806000,0 days 01:32:02.318000
2024-07-07 14:36:59.707,10929,274,7,100,False,1,car,0 days 00:33:47.166000,0 days 01:32:02.678000
2024-07-07 14:36:59.867,11014,276,7,100,False,1,car,0 days 00:33:47.326000,0 days 01:32:02.838000
2024-07-07 14:37:00.107,11014,277,7,100,False,1,car,0 days 00:33:47.566000,0 days 01:32:03.078000
2024-07-07 14:37:00.307,11161,280,7,100,False,1,car,0 days 00:33:47.766000,0 days 01:32:03.278000
2024-07-07 14:37:00.507,11147,281,7,100,False,1,car,0 days 00:33:47.966000,0 days 01:32:03.478000
2024-07-07 14:37:00.667,11237,284,7,100,False,1,car,0 days 00:33:48.126000,0 days 01:32:03.638000
2024-07-07 14:37:00.827,11285,283,7,100,False,1,car,0 days 00:33:48.286000,0 days 01:32:03.798000
2024-07-07 14:37:01.067,11386,286,7,100,False,1,car,0 days 00:33:48.526000,0 days 01:32:04.038000
2024-07-07 14:37:01.347,11408,287,7,100,False,1,car,0 days 00:33:48.806000,0 days 01:32:04.318000
2024-07-07 14:37:01.507,11454,287,7,100,False,1,car,0 days 00:33:48.966000,0 days 01:32:04.478000
2024-07-07 14:37:01.747,11532,288,7,100,False,1,car,0 days 00:33:49.206000,0 days 01:32:04.718000
2024-07-07 14:37:02.146,11580,290,7,100,False,1,car,0 days 00:33:49.605000,0 days 01:32:05.117000
2024-07-07 14:37:02.466,11644,292,7,100,False,1,car,0 days 00:33:49.925000,0 days 01:32:05.437000
2024-07-07 14:37:02.746,11684,293,7,100,True,1,car,0 days 00:33:50.205000,0 days 01:32:05.717000
2024-07-07 14:37:03.186,10215,260,7,0,True,1,car,0 days 00:33:50.645000,0 days 01:32:06.157000
2024-07-07 14:37:03.346,10006,253,7,0,True,1,car,0 days 00:33:50.805000,0 days 01:32:06.317000
2024-07-07 14:37:03.747,10583,241,6,29,False,1,car,0 days 00:33:51.206000,0 days 01:32:06.718000
2024-07-07 14:37:03.907,10538,233,6,39,False,1,car,0 days 00:33:51.366000,0 days 01:32:06.878000
2024-07-07 14:37:04.107,10533,230,6,56,False,1,car,0 days 00:33:51.566000,0 days 01:32:07.078000
2024-07-07 14:37:04.907,10805,235,6,100,False,1,car,0 days 00:33:52.366000,0 days 01:32:07.878000
2024-07-07 14:37:05.267,10858,239,6,100,False,1,car,0 days 00:33:52.726000,0 days 01:32:08.238000
2024-07-07 14:37:05.427,10858,241,6,100,True,1,car,0 days 00:33:52.886000,0 days 01:32:08.398000
2024-07-07 14:37:05.827,10054,226,6,0,True,1,car,0 days 00:33:53.286000,0 days 01:32:08.798000
2024-07-07 14:37:06.227,10637,213,6,0,True,1,car,0 days 00:33:53.686000,0 days 01:32:09.198000
2024-07-07 14:37:06.707,10423,201,5,0,False,1,car,0 days 00:33:54.166000,0 days 01:32:09.678000
2024-07-07 14:37:06.907,10409,197,5,29,False,1,car,0 days 00:33:54.366000,0 days 01:32:09.878000
2024-07-07 14:37:07.187,10278,194,5,48,False,1,car,0 days 00:33:54.646000,0 days 01:32:10.158000
2024-07-07 14:37:07.467,10288,193,5,59,False,1,car,0 days 00:33:54.926000,0 days 01:32:10.438000
2024-07-07 14:37:07.627,10264,194,5,59,False,1,car,0 days 00:33:55.086000,0 days 01:32:10.598000
2024-07-07 14:37:07.987,9448,184,5,0,True,1,car,0 days 00:33:55.446000,0 days 01:32:10.958000
2024-07-07 14:37:08.227,9129,177,5,0,True,1,car,0 days 00:33:55.686000,0 days 01:32:11.198000
2024-07-07 14:37:08.587,10226,166,5,0,True,1,car,0 days 00:33:56.046000,0 days 01:32:11.558000
2024-07-07 14:37:08.786,9899,161,4,0,True,1,car,0 days 00:33:56.245000,0 days 01:32:11.757000
2024-07-07 14:37:08.986,9657,156,4,0,True,1,car,0 days 00:33:56.445000,0 days 01:32:11.957000
2024-07-07 14:37:09.266,9554,151,4,0,True,1,car,0 days 00:33:56.725000,0 days 01:32:12.237000
2024-07-07 14:37:09.586,9677,151,4,52,False,1,car,0 days 00:33:57.045000,0 days 01:32:12.557000
2024-07-07 14:37:09.987,10139,156,4,70,False,1,car,0 days 00:33:57.446000,0 days 01:32:12.958000
2024-07-07 14:37:10.187,10379,160,4,72,False,1,car,0 days 00:33:57.646000,0 days 01:32:13.158000
2024-07-07 14:37:10.347,10605,162,4,81,False,1,car,0 days 00:33:57.806000,0 days 01:32:13.318000
2024-07-07 14:37:10.587,11248,171,4,88,False,1,car,0 days 00:33:58.046000,0 days 01:32:13.558000
2024-07-07 14:37:10.747,11379,173,4,88,False,1,car,0 days 00:33:58.206000,0 days 01:32:13.718000
2024-07-07 14:37:10.947,11752,179,4,94,False,1,car,0 days 00:33:58.406000,0 days 01:32:13.918000
2024-07-07 14:37:11.227,10603,188,5,100,False,1,car,0 days 00:33:58.686000,0 days 01:32:14.198000
2024-07-07 14:37:11.467,10651,197,5,100,False,1,car,0 days 00:33:58.926000,0 days 01:32:14.438000
2024-07-07 14:37:11.667,10911,203,5,100,False,1,car,0 days 00:33:59.126000,0 days 01:32:14.638000
2024-07-07 14:37:11.867,11298,210,5,100,False,1,car,0 days 00:33:59.326000,0 days 01:32:14.838000
2024-07-07 14:37:12.067,11485,212,5,100,False,1,car,0 days 00:33:59.526000,0 days 01:32:15.038000
2024-07-07 14:37:12.267,11485,219,5,100,False,1,car,0 days 00:33:59.726000,0 days 01:32:15.238000
2024-07-07 14:37:12.587,10856,225,5,100,False,1,car,0 days 00:34:00.046000,0 days 01:32:15.558000
2024-07-07 14:37:12.787,10595,230,6,100,False,1,car,0 days 00:34:00.246000,0 days 01:32:15.758000
2024-07-07 14:37:13.067,10799,236,6,100,False,1,car,0 days 00:34:00.526000,0 days 01:32:16.038000
2024-07-07 14:37:13.427,11060,241,6,100,False,1,car,0 days 00:34:00.886000,0 days 01:32:16.398000
2024-07-07 14:37:13.707,11241,246,6,100,False,1,car,0 days 00:34:01.166000,0 days 01:32:16.678000
2024-07-07 14:37:13.867,11402,250,6,100,False,1,car,0 days 00:34:01.326000,0 days 01:32:16.838000
2024-07-07 14:37:14.027,11428,251,6,100,False,1,car,0 days 00:34:01.486000,0 days 01:32:16.998000
2024-07-07 14:37:14.267,11666,255,6,100,False,1,car,0 days 00:34:01.726000,0 days 01:32:17.238000
2024-07-07 14:37:14.467,11745,259,6,100,False,1,car,0 days 00:34:01.926000,0 days 01:32:17.438000
2024-07-07 14:37:14.747,11869,261,6,100,False,1,car,0 days 00:34:02.206000,0 days 01:32:17.718000
2024-07-07 14:37:15.067,11803,265,6,100,False,1,car,0 days 00:34:02.526000,0 days 01:32:18.038000
2024-07-07 14:37:15.307,10611,267,7,100,False,1,car,0 days 00:34:02.766000,0 days 01:32:18.278000
2024-07-07 14:37:15.546,10747,269,7,100,False,1,car,0 days 00:34:03.005000,0 days 01:32:18.517000
2024-07-07 14:37:15.746,10821,272,7,100,False,1,car,0 days 00:34:03.205000,0 days 01:32:18.717000
2024-07-07 14:37:16.226,11022,276,7,100,False,1,car,0 days 00:34:03.685000,0 days 01:32:19.197000
2024-07-07 14:37:16.506,11123,279,7,100,False,1,car,0 days 00:34:03.965000,0 days 01:32:19.477000
2024-07-07 14:37:16.747,11198,280,7,100,False,1,car,0 days 00:34:04.206000,0 days 01:32:19.718000
2024-07-07 14:37:16.907,11198,282,7,100,False,1,car,0 days 00:34:04.366000,0 days 01:32:19.878000
2024-07-07 14:37:17.267,11303,285,7,100,False,1,car,0 days 00:34:04.726000,0 days 01:32:20.238000
2024-07-07 14:37:17.547,11351,286,7,100,False,1,car,0 days 00:34:05.006000,0 days 01:32:20.518000
2024-07-07 14:37:17.707,11382,286,7,100,False,1,car,0 days 00:34:05.166000,0 days 01:32:20.678000
2024-07-07 14:37:17.987,11479,289,7,100,False,1,car,0 days 00:34:05.446000,0 days 01:32:20.958000
2024-07-07 14:37:18.147,11489,289,7,100,False,1,car,0 days 00:34:05.606000,0 days 01:32:21.118000
2024-07-07 14:37:18.387,11524,291,7,100,False,1,car,0 days 00:34:05.846000,0 days 01:32:21.358000
2024-07-07 14:37:18.587,11578,292,7,100,False,1,car,0 days 00:34:06.046000,0 days 01:32:21.558000
2024-07-07 14:37:18.907,11663,292,7,100,False,1,car,0 days 00:34:06.366000,0 days 01:32:21.878000
2024-07-07 14:37:19.187,11674,295,7,100,False,1,car,0 days 00:34:06.646000,0 days 01:32:22.158000
2024-07-07 14:37:19.467,11697,295,7,100,False,1,car,0 days 00:34:06.926000,0 days 01:32:22.438000
2024-07-07 14:37:19.667,11748,295,7,100,False,1,car,0 days 00:34:07.126000,0 days 01:32:22.638000
2024-07-07 14:37:19.907,11751,297,7,100,False,1,car,0 days 00:34:07.366000,0 days 01:32:22.878000
2024-07-07 14:37:20.067,11722,296,7,100,False,1,car,0 days 00:34:07.526000,0 days 01:32:23.038000
2024-07-07 14:37:20.307,11684,296,7,100,False,1,car,0 days 00:34:07.766000,0 days 01:32:23.278000
2024-07-07 14:37:20.547,11630,294,7,100,False,1,car,0 days 00:34:08.006000,0 days 01:32:23.518000
2024-07-07 14:37:20.867,11491,290,7,100,False,1,car,0 days 00:34:08.326000,0 days 01:32:23.838000
2024-07-07 14:37:21.347,11373,288,7,100,False,1,car,0 days 00:34:08.806000,0 days 01:32:24.318000
2024-07-07 14:37:21.627,11342,286,7,100,False,1,car,0 days 00:34:09.086000,0 days 01:32:24.598000
2024-07-07 14:37:21.907,11285,282,7,81,True,1,car,0 days 00:34:09.366000,0 days 01:32:24.878000
2024-07-07 14:37:22.187,9982,256,7,0,True,1,car,0 days 00:34:09.646000,0 days 01:32:25.158000
2024-07-07 14:37:22.466,9455,231,7,0,True,1,car,0 days 00:34:09.925000,0 days 01:32:25.437000
2024-07-07 14:37:22.746,9617,219,6,0,True,1,car,0 days 00:34:10.205000,0 days 01:32:25.717000
2024-07-07 14:37:23.227,10231,197,5,0,True,1,car,0 days 00:34:10.686000,0 days 01:32:26.198000
2024-07-07 14:37:23.507,9651,188,5,0,True,1,car,0 days 00:34:10.966000,0 days 01:32:26.478000
2024-07-07 14:37:23.787,9199,178,5,0,False,1,car,0 days 00:34:11.246000,0 days 01:32:26.758000
2024-07-07 14:37:24.027,8991,174,5,0,False,1,car,0 days 00:34:11.486000,0 days 01:32:26.998000
2024-07-07 14:37:24.227,9300,172,5,0,False,1,car,0 days 00:34:11.686000,0 days 01:32:27.198000
2024-07-07 14:37:24.467,10134,166,4,0,False,1,car,0 days 00:34:11.926000,0 days 01:32:27.438000
2024-07-07 14:37:24.707,10183,161,4,41,False,1,car,0 days 00:34:12.166000,0 days 01:32:27.678000
2024-07-07 14:37:24.907,10332,161,4,60,False,1,car,0 days 00:34:12.366000,0 days 01:32:27.878000
2024-07-07 14:37:25.187,10705,165,4,71,False,1,car,0 days 00:34:12.646000,0 days 01:32:28.158000
2024-07-07 14:37:25.427,11062,169,4,80,False,1,car,0 days 00:34:12.886000,0 days 01:32:28.398000
2024-07-07 14:37:25.787,11593,179,4,83,False,1,car,0 days 00:34:13.246000,0 days 01:32:28.758000
2024-07-07 14:37:25.987,11439,184,4,84,False,1,car,0 days 00:34:13.446000,0 days 01:32:28.958000
2024-07-07 14:37:26.147,10319,185,5,80,False,1,car,0 days 00:34:13.606000,0 days 01:32:29.118000
2024-07-07 14:37:26.467,10655,193,5,100,False,1,car,0 days 00:34:13.926000,0 days 01:32:29.438000
2024-07-07 14:37:26.707,10884,200,5,100,False,1,car,0 days 00:34:14.166000,0 days 01:32:29.678000
2024-07-07 14:37:26.947,11110,205,5,100,False,1,car,0 days 00:34:14.406000,0 days 01:32:29.918000
2024-07-07 14:37:27.147,11280,210,5,100,False,1,car,0 days 00:34:14.606000,0 days 01:32:30.118000
2024-07-07 14:37:27.307,11550,212,5,100,False,1,car,0 days 00:34:14.766000,0 days 01:32:30.278000
2024-07-07 14:37:27.547,12016,217,5,100,False,1,car,0 days 00:34:15.006000,0 days 01:32:30.518000
2024-07-07 14:37:27.947,10493,226,6,100,False,1,car,0 days 00:34:15.406000,0 days 01:32:30.918000
2024-07-07 14:37:28.147,10633,232,6,100,False,1,car,0 days 00:34:15.606000,0 days 01:32:31.118000
2024-07-07 14:37:28.347,10849,237,6,100,False,1,car,0 days 00:34:15.806000,0 days 01:32:31.318000
2024-07-07 14:37:28.507,10989,241,6,100,False,1,car,0 days 00:34:15.966000,0 days 01:32:31.478000
2024-07-07 14:37:28.707,11088,243,6,100,False,1,car,0 days 00:34:16.166000,0 days 01:32:31.678000
2024-07-07 14:37:28.867,11117,246,6,100,False,1,car,0 days 00:34:16.326000,0 days 01:32:31.838000
2024-07-07 14:37:29.186,11210,247,6,100,False,1,car,0 days 00:34:16.645000,0 days 01:32:32.157000
2024-07-07 14:37:29.466,11232,247,6,100,False,1,car,0 days 00:34:16.925000,0 days 01:32:32.437000
2024-07-07 14:37:29.707,11224,248,6,100,False,1,car,0 days 00:34:17.166000,0 days 01:32:32.678000
2024-07-07 14:37:29.867,11253,248,6,100,False,1,car,0 days 00:34:17.326000,0 days 01:32:32.838000
2024-07-07 14:37:30.147,11286,249,6,100,False,1,car,0 days 00:34:17.606000,0 days 01:32:33.118000
2024-07-07 14:37:30.347,10833,247,6,0,True,1,car,0 days 00:34:17.806000,0 days 01:32:33.318000
2024-07-07 14:37:30.707,9399,212,6,0,True,1,car,0 days 00:34:18.166000,0 days 01:32:33.678000
2024-07-07 14:37:30.867,9047,193,6,0,True,1,car,0 days 00:34:18.326000,0 days 01:32:33.838000
2024-07-07 14:37:31.067,9367,176,6,0,True,1,car,0 days 00:34:18.526000,0 days 01:32:34.038000
2024-07-07 14:37:31.427,9086,152,4,0,True,1,car,0 days 00:34:18.886000,0 days 01:32:34.398000
2024-07-07 14:37:31.627,9376,141,4,0,True,1,car,0 days 00:34:19.086000,0 days 01:32:34.598000
2024-07-07 14:37:31.907,8912,127,3,0,True,1,car,0 days 00:34:19.366000,0 days 01:32:34.878000
2024-07-07 14:37:32.267,8173,115,3,0,True,1,car,0 days 00:34:19.726000,0 days 01:32:35.238000
2024-07-07 14:37:32.667,7601,105,3,0,True,1,car,0 days 00:34:20.126000,0 days 01:32:35.638000
2024-07-07 14:37:33.107,7178,98,3,0,True,1,car,0 days 00:34:20.566000,0 days 01:32:36.078000
2024-07-07 14:37:33.347,6859,95,3,0,True,1,car,0 days 00:34:20.806000,0 days 01:32:36.318000
2024-07-07 14:37:33.667,6646,89,3,0,False,1,car,0 days 00:34:21.126000,0 days 01:32:36.638000
2024-07-07 14:37:34.107,6528,87,3,2,False,1,car,0 days 00:34:21.566000,0 days 01:32:37.078000
2024-07-07 14:37:34.307,6769,86,3,21,False,1,car,0 days 00:34:21.766000,0 days 01:32:37.278000
2024-07-07 14:37:34.747,6926,90,3,35,False,1,car,0 days 00:34:22.206000,0 days 01:32:37.718000
2024-07-07 14:37:34.907,7170,91,3,38,False,1,car,0 days 00:34:22.366000,0 days 01:32:37.878000
2024-07-07 14:37:35.267,7188,96,3,36,True,1,car,0 days 00:34:22.726000,0 days 01:32:38.238000
2024-07-07 14:37:35.427,6871,94,3,0,True,1,car,0 days 00:34:22.886000,0 days 01:32:38.398000
2024-07-07 14:37:35.587,6723,91,3,0,False,1,car,0 days 00:34:23.046000,0 days 01:32:38.558000
2024-07-07 14:37:35.786,6642,90,3,2,False,1,car,0 days 00:34:23.245000,0 days 01:32:38.757000
2024-07-07 14:37:36.146,6569,86,3,14,False,1,car,0 days 00:34:23.605000,0 days 01:32:39.117000
2024-07-07 14:37:36.387,6861,88,3,31,False,1,car,0 days 00:34:23.846000,0 days 01:32:39.358000
2024-07-07 14:37:36.587,7048,90,3,35,False,1,car,0 days 00:34:24.046000,0 days 01:32:39.558000
2024-07-07 14:37:36.867,7219,95,3,38,False,1,car,0 days 00:34:24.326000,0 days 01:32:39.838000
2024-07-07 14:37:37.107,7086,95,3,0,False,1,car,0 days 00:34:24.566000,0 days 01:32:40.078000
2024-07-07 14:37:37.507,7225,94,3,31,False,1,car,0 days 00:34:24.966000,0 days 01:32:40.478000
2024-07-07 14:37:37.707,7612,97,3,40,False,1,car,0 days 00:34:25.166000,0 days 01:32:40.678000
2024-07-07 14:37:37.907,7814,98,3,45,False,1,car,0 days 00:34:25.366000,0 days 01:32:40.878000
2024-07-07 14:37:38.227,8317,106,3,50,False,1,car,0 days 00:34:25.686000,0 days 01:32:41.198000
2024-07-07 14:37:38.587,8905,112,3,50,False,1,car,0 days 00:34:26.046000,0 days 01:32:41.558000
2024-07-07 14:37:39.067,9667,127,3,61,False,1,car,0 days 00:34:26.526000,0 days 01:32:42.038000
2024-07-07 14:37:39.427,8757,130,4,62,False,1,car,0 days 00:34:26.886000,0 days 01:32:42.398000
2024-07-07 14:37:39.627,9121,139,4,71,False,1,car,0 days 00:34:27.086000,0 days 01:32:42.598000
2024-07-07 14:37:39.787,9513,141,4,72,False,1,car,0 days 00:34:27.246000,0 days 01:32:42.758000
2024-07-07 14:37:39.947,9596,141,4,71,False,1,car,0 days 00:34:27.406000,0 days 01:32:42.918000
2024-07-07 14:37:40.147,9878,151,4,69,False,1,car,0 days 00:34:27.606000,0 days 01:32:43.118000
2024-07-07 14:37:40.427,10165,158,4,68,False,1,car,0 days 00:34:27.886000,0 days 01:32:43.398000
2024-07-07 14:37:40.707,8963,163,5,70,False,1,car,0 days 00:34:28.166000,0 days 01:32:43.678000
2024-07-07 14:37:41.107,9215,171,5,74,False,1,car,0 days 00:34:28.566000,0 days 01:32:44.078000
2024-07-07 14:37:41.267,9519,174,5,73,False,1,car,0 days 00:34:28.726000,0 days 01:32:44.238000
2024-07-07 14:37:41.427,9652,176,5,75,False,1,car,0 days 00:34:28.886000,0 days 01:32:44.398000
2024-07-07 14:37:41.587,9953,180,5,78,False,1,car,0 days 00:34:29.046000,0 days 01:32:44.558000
2024-07-07 14:37:41.827,10235,184,5,89,False,1,car,0 days 00:34:29.286000,0 days 01:32:44.798000
2024-07-07 14:37:42.147,10409,194,5,92,False,1,car,0 days 00:34:29.606000,0 days 01:32:45.118000
2024-07-07 14:37:42.426,10929,203,5,100,False,1,car,0 days 00:34:29.885000,0 days 01:32:45.397000
2024-07-07 14:37:42.586,11328,207,5,100,False,1,car,0 days 00:34:30.045000,0 days 01:32:45.557000
2024-07-07 14:37:42.867,11408,213,5,76,False,1,car,0 days 00:34:30.326000,0 days 01:32:45.838000
2024-07-07 14:37:43.347,11770,219,5,77,False,1,car,0 days 00:34:30.806000,0 days 01:32:46.318000
2024-07-07 14:37:43.707,10234,224,6,76,False,1,car,0 days 00:34:31.166000,0 days 01:32:46.678000
2024-07-07 14:37:44.147,10561,230,6,76,False,1,car,0 days 00:34:31.606000,0 days 01:32:47.118000
2024-07-07 14:37:44.387,10558,233,6,72,False,1,car,0 days 00:34:31.846000,0 days 01:32:47.358000
2024-07-07 14:37:44.547,10680,233,6,76,False,1,car,0 days 00:34:32.006000,0 days 01:32:47.518000
2024-07-07 14:37:44.707,10761,236,6,79,False,1,car,0 days 00:34:32.166000,0 days 01:32:47.678000
2024-07-07 14:37:44.867,10818,238,6,78,False,1,car,0 days 00:34:32.326000,0 days 01:32:47.838000
2024-07-07 14:37:45.227,10924,241,6,73,False,1,car,0 days 00:34:32.686000,0 days 01:32:48.198000
2024-07-07 14:37:45.547,10926,241,6,64,False,1,car,0 days 00:34:33.006000,0 days 01:32:48.518000
2024-07-07 14:37:45.787,10861,242,6,55,False,1,car,0 days 00:34:33.246000,0 days 01:32:48.758000
2024-07-07 14:37:45.987,10803,240,6,51,False,1,car,0 days 00:34:33.446000,0 days 01:32:48.958000
2024-07-07 14:37:46.307,10756,238,6,51,False,1,car,0 days 00:34:33.766000,0 days 01:32:49.278000
2024-07-07 14:37:46.547,10655,237,6,44,False,1,car,0 days 00:34:34.006000,0 days 01:32:49.518000
2024-07-07 14:37:46.747,10572,236,6,41,False,1,car,0 days 00:34:34.206000,0 days 01:32:49.718000
2024-07-07 14:37:46.987,10349,231,6,29,False,1,car,0 days 00:34:34.446000,0 days 01:32:49.958000
2024-07-07 14:37:47.267,10305,227,6,24,False,1,car,0 days 00:34:34.726000,0 days 01:32:50.238000
2024-07-07 14:37:47.507,10258,226,6,45,False,1,car,0 days 00:34:34.966000,0 days 01:32:50.478000
2024-07-07 14:37:47.907,10314,228,6,70,False,1,car,0 days 00:34:35.366000,0 days 01:32:50.878000
2024-07-07 14:37:48.187,10481,230,6,71,False,1,car,0 days 00:34:35.646000,0 days 01:32:51.158000
2024-07-07 14:37:48.387,10518,231,6,73,False,1,car,0 days 00:34:35.846000,0 days 01:32:51.358000
2024-07-07 14:37:48.667,10135,229,6,31,True,1,car,0 days 00:34:36.126000,0 days 01:32:51.638000
2024-07-07 14:37:48.867,9854,227,6,16,False,1,car,0 days 00:34:36.326000,0 days 01:32:51.838000
2024-07-07 14:37:49.067,9833,222,6,7,False,1,car,0 days 00:34:36.526000,0 days 01:32:52.038000
2024-07-07 14:37:49.386,9883,217,6,29,False,1,car,0 days 00:34:36.845000,0 days 01:32:52.357000
2024-07-07 14:37:49.707,9827,213,6,41,False,1,car,0 days 00:34:37.166000,0 days 01:32:52.678000
2024-07-07 14:37:49.947,9920,213,6,69,False,1,car,0 days 00:34:37.406000,0 days 01:32:52.918000
2024-07-07 14:37:50.147,9912,213,6,72,False,1,car,0 days 00:34:37.606000,0 days 01:32:53.118000
2024-07-07 14:37:50.307,10131,214,6,79,False,1,car,0 days 00:34:37.766000,0 days 01:32:53.278000
2024-07-07 14:37:50.547,10139,219,6,80,False,1,car,0 days 00:34:38.006000,0 days 01:32:53.518000
2024-07-07 14:37:50.827,10424,222,6,91,False,1,car,0 days 00:34:38.286000,0 days 01:32:53.798000
2024-07-07 14:37:51.147,10689,228,6,100,False,1,car,0 days 00:34:38.606000,0 days 01:32:54.118000
2024-07-07 14:37:51.507,10902,234,6,100,False,1,car,0 days 00:34:38.966000,0 days 01:32:54.478000
2024-07-07 14:37:51.707,11061,240,6,100,False,1,car,0 days 00:34:39.166000,0 days 01:32:54.678000
2024-07-07 14:37:51.987,11123,245,6,78,False,1,car,0 days 00:34:39.446000,0 days 01:32:54.958000
2024-07-07 14:37:52.387,10831,242,6,27,False,1,car,0 days 00:34:39.846000,0 days 01:32:55.358000
2024-07-07 14:37:52.787,10487,234,6,29,False,1,car,0 days 00:34:40.246000,0 days 01:32:55.758000
2024-07-07 14:37:52.987,10274,230,6,27,False,1,car,0 days 00:34:40.446000,0 days 01:32:55.958000
2024-07-07 14:37:53.267,10013,225,6,27,False,1,car,0 days 00:34:40.726000,0 days 01:32:56.238000
2024-07-07 14:37:53.547,9857,221,6,38,False,1,car,0 days 00:34:41.006000,0 days 01:32:56.518000
2024-07-07 14:37:53.827,9853,217,6,56,False,1,car,0 days 00:34:41.286000,0 days 01:32:56.798000
2024-07-07 14:37:54.147,10175,216,6,94,False,1,car,0 days 00:34:41.606000,0 days 01:32:57.118000
2024-07-07 14:37:54.307,10107,219,6,100,False,1,car,0 days 00:34:41.766000,0 days 01:32:57.278000
2024-07-07 14:37:54.587,10269,223,6,100,False,1,car,0 days 00:34:42.046000,0 days 01:32:57.558000
2024-07-07 14:37:54.827,10388,226,6,100,False,1,car,0 days 00:34:42.286000,0 days 01:32:57.798000
2024-07-07 14:37:55.067,10314,227,6,100,True,1,car,0 days 00:34:42.526000,0 days 01:32:58.038000
2024-07-07 14:37:55.227,9945,221,6,0,True,1,car,0 days 00:34:42.686000,0 days 01:32:58.198000
2024-07-07 14:37:55.467,9007,200,6,0,True,1,car,0 days 00:34:42.926000,0 days 01:32:58.438000
2024-07-07 14:37:55.707,9418,183,6,0,True,1,car,0 days 00:34:43.166000,0 days 01:32:58.678000
2024-07-07 14:37:55.906,8882,179,5,0,True,1,car,0 days 00:34:43.365000,0 days 01:32:58.877000
2024-07-07 14:37:56.307,9457,155,4,0,True,1,car,0 days 00:34:43.766000,0 days 01:32:59.278000
2024-07-07 14:37:56.547,9024,148,4,0,True,1,car,0 days 00:34:44.006000,0 days 01:32:59.518000
2024-07-07 14:37:56.947,8874,134,4,0,True,1,car,0 days 00:34:44.406000,0 days 01:32:59.918000
2024-07-07 14:37:57.107,9137,126,4,0,True,1,car,0 days 00:34:44.566000,0 days 01:33:00.078000
2024-07-07 14:37:57.347,8722,121,3,0,True,1,car,0 days 00:34:44.806000,0 days 01:33:00.318000
2024-07-07 14:37:57.667,8300,113,3,0,True,1,car,0 days 00:34:45.126000,0 days 01:33:00.638000
2024-07-07 14:37:57.867,8028,111,3,0,True,1,car,0 days 00:34:45.326000,0 days 01:33:00.838000
2024-07-07 14:37:58.147,7744,105,3,0,True,1,car,0 days 00:34:45.606000,0 days 01:33:01.118000
2024-07-07 14:37:58.307,7422,101,3,0,True,1,car,0 days 00:34:45.766000,0 days 01:33:01.278000
2024-07-07 14:37:58.587,7287,97,3,0,False,1,car,0 days 00:34:46.046000,0 days 01:33:01.558000
2024-07-07 14:37:58.947,6845,93,3,0,False,1,car,0 days 00:34:46.406000,0 days 01:33:01.918000
2024-07-07 14:37:59.227,7211,91,3,15,False,1,car,0 days 00:34:46.686000,0 days 01:33:02.198000
2024-07-07 14:37:59.627,7248,92,3,34,False,1,car,0 days 00:34:47.086000,0 days 01:33:02.598000
2024-07-07 14:37:59.987,7508,95,3,32,False,1,car,0 days 00:34:47.446000,0 days 01:33:02.958000
2024-07-07 14:38:00.307,7602,96,3,34,False,1,car,0 days 00:34:47.766000,0 days 01:33:03.278000
2024-07-07 14:38:00.627,7908,99,3,39,False,1,car,0 days 00:34:48.086000,0 days 01:33:03.598000
2024-07-07 14:38:00.987,6936,97,3,0,True,1,car,0 days 00:34:48.446000,0 days 01:33:03.958000
2024-07-07 14:38:01.307,6433,90,3,0,True,1,car,0 days 00:34:48.766000,0 days 01:33:04.278000
2024-07-07 14:38:01.627,6993,84,2,0,True,1,car,0 days 00:34:49.086000,0 days 01:33:04.598000
2024-07-07 14:38:01.827,6470,78,2,0,True,1,car,0 days 00:34:49.286000,0 days 01:33:04.798000
2024-07-07 14:38:01.987,6010,73,2,0,True,1,car,0 days 00:34:49.446000,0 days 01:33:04.958000
2024-07-07 14:38:02.307,6918,66,2,0,True,1,car,0 days 00:34:49.766000,0 days 01:33:05.278000
2024-07-07 14:38:02.627,7052,62,1,0,True,1,car,0 days 00:34:50.086000,0 days 01:33:05.598000
2024-07-07 14:38:02.947,7270,61,1,18,False,1,car,0 days 00:34:50.406000,0 days 01:33:05.918000
2024-07-07 14:38:03.147,7710,63,1,29,False,1,car,0 days 00:34:50.606000,0 days 01:33:06.118000
2024-07-07 14:38:03.467,8355,71,1,34,False,1,car,0 days 00:34:50.926000,0 days 01:33:06.438000
2024-07-07 14:38:03.627,8332,72,1,6,True,1,car,0 days 00:34:51.086000,0 days 01:33:06.598000
2024-07-07 14:38:03.787,7940,71,1,0,True,1,car,0 days 00:34:51.246000,0 days 01:33:06.758000
2024-07-07 14:38:04.067,7940,69,1,0,False,1,car,0 days 00:34:51.526000,0 days 01:33:07.038000
2024-07-07 14:38:04.227,7940,68,1,0,False,1,car,0 days 00:34:51.686000,0 days 01:33:07.198000
2024-07-07 14:38:04.467,8059,67,1,16,False,1,car,0 days 00:34:51.926000,0 days 01:33:07.438000
2024-07-07 14:38:04.707,8103,68,1,19,False,1,car,0 days 00:34:52.166000,0 days 01:33:07.678000
2024-07-07 14:38:05.187,7595,66,1,0,False,1,car,0 days 00:34:52.646000,0 days 01:33:08.158000
2024-07-07 14:38:05.347,7595,65,1,0,False,1,car,0 days 00:34:52.806000,0 days 01:33:08.318000
2024-07-07 14:38:05.627,7532,64,1,5,False,1,car,0 days 00:34:53.086000,0 days 01:33:08.598000
2024-07-07 14:38:05.947,7782,63,1,18,False,1,car,0 days 00:34:53.406000,0 days 01:33:08.918000
2024-07-07 14:38:06.107,8138,65,1,26,False,1,car,0 days 00:34:53.566000,0 days 01:33:09.078000
2024-07-07 14:38:06.427,8391,69,1,35,False,1,car,0 days 00:34:53.886000,0 days 01:33:09.398000
2024-07-07 14:38:06.587,7411,73,1,34,False,1,car,0 days 00:34:54.046000,0 days 01:33:09.558000
2024-07-07 14:38:06.747,7073,73,1,34,False,1,car,0 days 00:34:54.206000,0 days 01:33:09.718000
2024-07-07 14:38:07.187,7910,83,2,42,False,1,car,0 days 00:34:54.646000,0 days 01:33:10.158000
2024-07-07 14:38:07.467,8335,90,2,46,False,1,car,0 days 00:34:54.926000,0 days 01:33:10.438000
2024-07-07 14:38:07.787,9060,97,2,53,False,1,car,0 days 00:34:55.246000,0 days 01:33:10.758000
2024-07-07 14:38:07.947,9452,100,2,59,False,1,car,0 days 00:34:55.406000,0 days 01:33:10.918000
2024-07-07 14:38:08.107,9290,106,2,62,False,1,car,0 days 00:34:55.566000,0 days 01:33:11.078000
2024-07-07 14:38:08.387,9531,116,3,67,False,1,car,0 days 00:34:55.846000,0 days 01:33:11.358000
2024-07-07 14:38:08.587,10022,122,3,74,False,1,car,0 days 00:34:56.046000,0 days 01:33:11.558000
2024-07-07 14:38:08.787,10324,130,3,74,False,1,car,0 days 00:34:56.246000,0 days 01:33:11.758000
2024-07-07 14:38:09.067,9839,141,3,76,False,1,car,0 days 00:34:56.526000,0 days 01:33:12.038000
2024-07-07 14:38:09.307,9640,147,4,70,False,1,car,0 days 00:34:56.766000,0 days 01:33:12.278000
2024-07-07 14:38:09.507,10039,153,4,79,False,1,car,0 days 00:34:56.966000,0 days 01:33:12.478000
2024-07-07 14:38:09.747,10242,160,4,82,False,1,car,0 days 00:34:57.206000,0 days 01:33:12.718000
2024-07-07 14:38:09.987,10996,169,4,85,False,1,car,0 days 00:34:57.446000,0 days 01:33:12.958000
2024-07-07 14:38:10.187,10016,175,4,82,False,1,car,0 days 00:34:57.646000,0 days 01:33:13.158000
2024-07-07 14:38:10.467,9940,184,5,83,False,1,car,0 days 00:34:57.926000,0 days 01:33:13.438000
2024-07-07 14:38:10.627,9949,185,5,83,False,1,car,0 days 00:34:58.086000,0 days 01:33:13.598000
2024-07-07 14:38:10.827,10266,190,5,85,False,1,car,0 days 00:34:58.286000,0 days 01:33:13.798000
2024-07-07 14:38:10.987,10488,195,5,85,False,1,car,0 days 00:34:58.446000,0 days 01:33:13.958000
2024-07-07 14:38:11.347,10909,201,5,91,False,1,car,0 days 00:34:58.806000,0 days 01:33:14.318000
2024-07-07 14:38:11.667,11338,210,5,97,False,1,car,0 days 00:34:59.126000,0 days 01:33:14.638000
2024-07-07 14:38:11.907,11529,216,5,100,False,1,car,0 days 00:34:59.366000,0 days 01:33:14.878000
2024-07-07 14:38:12.067,11389,220,5,100,False,1,car,0 days 00:34:59.526000,0 days 01:33:15.038000
2024-07-07 14:38:12.347,10384,223,6,100,False,1,car,0 days 00:34:59.806000,0 days 01:33:15.318000
2024-07-07 14:38:12.547,10461,225,6,100,False,1,car,0 days 00:35:00.006000,0 days 01:33:15.518000
2024-07-07 14:38:12.947,10879,234,6,100,False,1,car,0 days 00:35:00.406000,0 days 01:33:15.918000
2024-07-07 14:38:13.187,11025,241,6,100,False,1,car,0 days 00:35:00.646000,0 days 01:33:16.158000
2024-07-07 14:38:13.547,11286,247,6,100,False,1,car,0 days 00:35:01.006000,0 days 01:33:16.518000
2024-07-07 14:38:13.787,11442,249,6,100,False,1,car,0 days 00:35:01.246000,0 days 01:33:16.758000
2024-07-07 14:38:13.987,11560,254,6,100,False,1,car,0 days 00:35:01.446000,0 days 01:33:16.958000
2024-07-07 14:38:14.147,11609,255,6,100,False,1,car,0 days 00:35:01.606000,0 days 01:33:17.118000
2024-07-07 14:38:14.387,11838,260,6,100,False,1,car,0 days 00:35:01.846000,0 days 01:33:17.358000
2024-07-07 14:38:14.627,10578,262,7,100,False,1,car,0 days 00:35:02.086000,0 days 01:33:17.598000
2024-07-07 14:38:15.027,10642,267,7,100,False,1,car,0 days 00:35:02.486000,0 days 01:33:17.998000
2024-07-07 14:38:15.267,10769,270,7,100,False,1,car,0 days 00:35:02.726000,0 days 01:33:18.238000
2024-07-07 14:38:15.427,10764,271,7,100,False,1,car,0 days 00:35:02.886000,0 days 01:33:18.398000
2024-07-07 14:38:15.828,10938,275,7,100,False,1,car,0 days 00:35:03.287000,0 days 01:33:18.799000
2024-07-07 14:38:16.067,11088,278,7,100,False,1,car,0 days 00:35:03.526000,0 days 01:33:19.038000
2024-07-07 14:38:16.227,11075,279,7,100,False,1,car,0 days 00:35:03.686000,0 days 01:33:19.198000
2024-07-07 14:38:16.467,11131,280,7,100,False,1,car,0 days 00:35:03.926000,0 days 01:33:19.438000
2024-07-07 14:38:16.627,11195,282,7,100,False,1,car,0 days 00:35:04.086000,0 days 01:33:19.598000
2024-07-07 14:38:17.147,11249,284,7,100,False,1,car,0 days 00:35:04.606000,0 days 01:33:20.118000
2024-07-07 14:38:17.427,11244,284,7,100,False,1,car,0 days 00:35:04.886000,0 days 01:33:20.398000
2024-07-07 14:38:17.667,11303,284,7,100,False,1,car,0 days 00:35:05.126000,0 days 01:33:20.638000
2024-07-07 14:38:17.947,11316,284,7,100,False,1,car,0 days 00:35:05.406000,0 days 01:33:20.918000
2024-07-07 14:38:18.107,11317,284,7,100,False,1,car,0 days 00:35:05.566000,0 days 01:33:21.078000
2024-07-07 14:38:18.387,11295,286,7,100,False,1,car,0 days 00:35:05.846000,0 days 01:33:21.358000
2024-07-07 14:38:18.547,11362,286,7,100,False,1,car,0 days 00:35:06.006000,0 days 01:33:21.518000
2024-07-07 14:38:18.707,11323,286,7,100,False,1,car,0 days 00:35:06.166000,0 days 01:33:21.678000
2024-07-07 14:38:18.867,11324,286,7,100,False,1,car,0 days 00:35:06.326000,0 days 01:33:21.838000
2024-07-07 14:38:19.147,11334,285,7,100,True,1,car,0 days 00:35:06.606000,0 days 01:33:22.118000
2024-07-07 14:38:19.387,10634,264,7,0,True,1,car,0 days 00:35:06.846000,0 days 01:33:22.358000
2024-07-07 14:38:19.627,9894,242,7,0,True,1,car,0 days 00:35:07.086000,0 days 01:33:22.598000
2024-07-07 14:38:19.947,9669,217,7,0,True,1,car,0 days 00:35:07.406000,0 days 01:33:22.918000
2024-07-07 14:38:20.147,9669,205,6,0,True,1,car,0 days 00:35:07.606000,0 days 01:33:23.118000
2024-07-07 14:38:20.467,9521,182,5,0,True,1,car,0 days 00:35:07.926000,0 days 01:33:23.438000
2024-07-07 14:38:20.667,9025,178,5,0,True,1,car,0 days 00:35:08.126000,0 days 01:33:23.638000
2024-07-07 14:38:21.107,9627,160,5,0,True,1,car,0 days 00:35:08.566000,0 days 01:33:24.078000
2024-07-07 14:38:21.307,9307,152,4,0,True,1,car,0 days 00:35:08.766000,0 days 01:33:24.278000
2024-07-07 14:38:21.707,8758,143,4,0,True,1,car,0 days 00:35:09.166000,0 days 01:33:24.678000
2024-07-07 14:38:21.867,8571,142,4,0,True,1,car,0 days 00:35:09.326000,0 days 01:33:24.838000
2024-07-07 14:38:22.107,8380,136,4,0,False,1,car,0 days 00:35:09.566000,0 days 01:33:25.078000
2024-07-07 14:38:22.267,8219,135,4,0,False,1,car,0 days 00:35:09.726000,0 days 01:33:25.238000
2024-07-07 14:38:22.428,8179,135,4,0,False,1,car,0 days 00:35:09.887000,0 days 01:33:25.399000
2024-07-07 14:38:22.668,7922,129,4,0,False,1,car,0 days 00:35:10.127000,0 days 01:33:25.639000
2024-07-07 14:38:22.907,7696,126,4,8,False,1,car,0 days 00:35:10.366000,0 days 01:33:25.878000
2024-07-07 14:38:23.147,7775,124,4,15,False,1,car,0 days 00:35:10.606000,0 days 01:33:26.118000
2024-07-07 14:38:23.347,7647,122,4,15,False,1,car,0 days 00:35:10.806000,0 days 01:33:26.318000
2024-07-07 14:38:23.667,7605,121,4,25,False,1,car,0 days 00:35:11.126000,0 days 01:33:26.638000
2024-07-07 14:38:23.947,7850,121,4,36,False,1,car,0 days 00:35:11.406000,0 days 01:33:26.918000
2024-07-07 14:38:24.187,7963,124,4,39,False,1,car,0 days 00:35:11.646000,0 days 01:33:27.158000
2024-07-07 14:38:24.347,8012,124,4,41,False,1,car,0 days 00:35:11.806000,0 days 01:33:27.318000
2024-07-07 14:38:24.547,8107,125,4,45,False,1,car,0 days 00:35:12.006000,0 days 01:33:27.518000
2024-07-07 14:38:24.707,8322,129,4,48,False,1,car,0 days 00:35:12.166000,0 days 01:33:27.678000
2024-07-07 14:38:24.947,8502,132,4,50,False,1,car,0 days 00:35:12.406000,0 days 01:33:27.918000
2024-07-07 14:38:25.227,8655,137,4,44,True,1,car,0 days 00:35:12.686000,0 days 01:33:28.198000
2024-07-07 14:38:25.387,8045,132,4,0,True,1,car,0 days 00:35:12.846000,0 days 01:33:28.358000
2024-07-07 14:38:25.587,7862,128,4,0,True,1,car,0 days 00:35:13.046000,0 days 01:33:28.558000
2024-07-07 14:38:25.867,7267,118,4,0,True,1,car,0 days 00:35:13.326000,0 days 01:33:28.838000
2024-07-07 14:38:26.027,7267,116,4,0,True,1,car,0 days 00:35:13.486000,0 days 01:33:28.998000
2024-07-07 14:38:26.267,7034,111,4,0,True,1,car,0 days 00:35:13.726000,0 days 01:33:29.238000
2024-07-07 14:38:26.427,8039,109,3,0,True,1,car,0 days 00:35:13.886000,0 days 01:33:29.398000
2024-07-07 14:38:26.667,7778,104,3,0,True,1,car,0 days 00:35:14.126000,0 days 01:33:29.638000
2024-07-07 14:38:26.907,7358,101,3,0,True,1,car,0 days 00:35:14.366000,0 days 01:33:29.878000
2024-07-07 14:38:27.107,7092,97,3,0,True,1,car,0 days 00:35:14.566000,0 days 01:33:30.078000
2024-07-07 14:38:27.387,6666,91,3,0,True,1,car,0 days 00:35:14.846000,0 days 01:33:30.358000
2024-07-07 14:38:27.667,6510,88,3,0,False,1,car,0 days 00:35:15.126000,0 days 01:33:30.638000
2024-07-07 14:38:28.027,6490,86,3,9,False,1,car,0 days 00:35:15.486000,0 days 01:33:30.998000
2024-07-07 14:38:28.267,6365,85,3,7,False,1,car,0 days 00:35:15.726000,0 days 01:33:31.238000
2024-07-07 14:38:28.467,6613,85,3,23,False,1,car,0 days 00:35:15.926000,0 days 01:33:31.438000
2024-07-07 14:38:28.747,6813,87,3,28,False,1,car,0 days 00:35:16.206000,0 days 01:33:31.718000
2024-07-07 14:38:29.108,6941,90,3,27,False,1,car,0 days 00:35:16.567000,0 days 01:33:32.079000
2024-07-07 14:38:29.388,7190,92,3,29,False,1,car,0 days 00:35:16.847000,0 days 01:33:32.359000
2024-07-07 14:38:29.667,7362,95,3,34,False,1,car,0 days 00:35:17.126000,0 days 01:33:32.638000
2024-07-07 14:38:29.867,7602,97,3,36,False,1,car,0 days 00:35:17.326000,0 days 01:33:32.838000
2024-07-07 14:38:30.107,7698,99,3,37,False,1,car,0 days 00:35:17.566000,0 days 01:33:33.078000
2024-07-07 14:38:30.387,8128,104,3,44,False,1,car,0 days 00:35:17.846000,0 days 01:33:33.358000
2024-07-07 14:38:30.547,8316,104,3,48,False,1,car,0 days 00:35:18.006000,0 days 01:33:33.518000
2024-07-07 14:38:30.747,8316,109,3,48,False,1,car,0 days 00:35:18.206000,0 days 01:33:33.718000
2024-07-07 14:38:31.067,7746,115,4,53,False,1,car,0 days 00:35:18.526000,0 days 01:33:34.038000
2024-07-07 14:38:31.387,8251,123,4,58,False,1,car,0 days 00:35:18.846000,0 days 01:33:34.358000
2024-07-07 14:38:31.747,8660,130,4,63,False,1,car,0 days 00:35:19.206000,0 days 01:33:34.718000
2024-07-07 14:38:31.907,8660,136,4,63,False,1,car,0 days 00:35:19.366000,0 days 01:33:34.878000
2024-07-07 14:38:32.107,9258,141,4,67,False,1,car,0 days 00:35:19.566000,0 days 01:33:35.078000
2024-07-07 14:38:32.387,9894,149,4,78,False,1,car,0 days 00:35:19.846000,0 days 01:33:35.358000
2024-07-07 14:38:32.547,10195,152,4,76,False,1,car,0 days 00:35:20.006000,0 days 01:33:35.518000
2024-07-07 14:38:32.747,10372,158,4,79,False,1,car,0 days 00:35:20.206000,0 days 01:33:35.718000
2024-07-07 14:38:33.027,11363,164,4,77,False,1,car,0 days 00:35:20.486000,0 days 01:33:35.998000
2024-07-07 14:38:33.227,10363,173,4,77,False,1,car,0 days 00:35:20.686000,0 days 01:33:36.198000
2024-07-07 14:38:33.467,9921,183,5,100,False,1,car,0 days 00:35:20.926000,0 days 01:33:36.438000
2024-07-07 14:38:33.667,10238,189,5,100,False,1,car,0 days 00:35:21.126000,0 days 01:33:36.638000
2024-07-07 14:38:33.947,10389,197,5,100,False,1,car,0 days 00:35:21.406000,0 days 01:33:36.918000
2024-07-07 14:38:34.187,11154,206,5,100,False,1,car,0 days 00:35:21.646000,0 days 01:33:37.158000
2024-07-07 14:38:34.387,11384,212,5,100,False,1,car,0 days 00:35:21.846000,0 days 01:33:37.358000
2024-07-07 14:38:34.667,11509,219,5,100,False,1,car,0 days 00:35:22.126000,0 days 01:33:37.638000
2024-07-07 14:38:34.827,10949,222,5,100,False,1,car,0 days 00:35:22.286000,0 days 01:33:37.798000
2024-07-07 14:38:35.067,10554,228,6,100,False,1,car,0 days 00:35:22.526000,0 days 01:33:38.038000
2024-07-07 14:38:35.227,10631,231,6,100,False,1,car,0 days 00:35:22.686000,0 days 01:33:38.198000
2024-07-07 14:38:35.508,10851,236,6,100,False,1,car,0 days 00:35:22.967000,0 days 01:33:38.479000
2024-07-07 14:38:35.668,11079,240,6,100,False,1,car,0 days 00:35:23.127000,0 days 01:33:38.639000
2024-07-07 14:38:36.187,11398,246,6,100,False,1,car,0 days 00:35:23.646000,0 days 01:33:39.158000
2024-07-07 14:38:36.347,11468,246,6,100,False,1,car,0 days 00:35:23.806000,0 days 01:33:39.318000
2024-07-07 14:38:36.587,11611,254,6,100,False,1,car,0 days 00:35:24.046000,0 days 01:33:39.558000
2024-07-07 14:38:36.907,11656,256,6,100,False,1,car,0 days 00:35:24.366000,0 days 01:33:39.878000
2024-07-07 14:38:37.147,10366,260,6,100,False,1,car,0 days 00:35:24.606000,0 days 01:33:40.118000
2024-07-07 14:38:37.307,10524,262,7,100,False,1,car,0 days 00:35:24.766000,0 days 01:33:40.278000
2024-07-07 14:38:37.467,10597,265,7,100,False,1,car,0 days 00:35:24.926000,0 days 01:33:40.438000
2024-07-07 14:38:37.787,10767,267,7,100,False,1,car,0 days 00:35:25.246000,0 days 01:33:40.758000
2024-07-07 14:38:38.027,10826,271,7,100,False,1,car,0 days 00:35:25.486000,0 days 01:33:40.998000
2024-07-07 14:38:38.187,10905,272,7,100,False,1,car,0 days 00:35:25.646000,0 days 01:33:41.158000
2024-07-07 14:38:38.587,11075,275,7,100,False,1,car,0 days 00:35:26.046000,0 days 01:33:41.558000
2024-07-07 14:38:38.747,11075,277,7,100,False,1,car,0 days 00:35:26.206000,0 days 01:33:41.718000
2024-07-07 14:38:39.187,11184,281,7,100,False,1,car,0 days 00:35:26.646000,0 days 01:33:42.158000
2024-07-07 14:38:39.427,11234,282,7,100,False,1,car,0 days 00:35:26.886000,0 days 01:33:42.398000
2024-07-07 14:38:39.747,11243,284,7,100,False,1,car,0 days 00:35:27.206000,0 days 01:33:42.718000
2024-07-07 14:38:39.947,11312,286,7,100,False,1,car,0 days 00:35:27.406000,0 days 01:33:42.918000
2024-07-07 14:38:40.147,11306,284,7,100,False,1,car,0 days 00:35:27.606000,0 days 01:33:43.118000
2024-07-07 14:38:40.467,11393,286,7,100,False,1,car,0 days 00:35:27.926000,0 days 01:33:43.438000
2024-07-07 14:38:40.667,11352,286,7,100,False,1,car,0 days 00:35:28.126000,0 days 01:33:43.638000
2024-07-07 14:38:40.827,11373,286,7,100,False,1,car,0 days 00:35:28.286000,0 days 01:33:43.798000
2024-07-07 14:38:40.987,11369,286,7,100,False,1,car,0 days 00:35:28.446000,0 days 01:33:43.958000
2024-07-07 14:38:41.227,11383,287,7,100,False,1,car,0 days 00:35:28.686000,0 days 01:33:44.198000
2024-07-07 14:38:41.547,11376,287,7,98,True,1,car,0 days 00:35:29.006000,0 days 01:33:44.518000
2024-07-07 14:38:41.867,10359,264,7,0,True,1,car,0 days 00:35:29.326000,0 days 01:33:44.838000
2024-07-07 14:38:42.188,9818,241,7,0,True,1,car,0 days 00:35:29.647000,0 days 01:33:45.159000
2024-07-07 14:38:42.388,10115,241,7,0,True,1,car,0 days 00:35:29.847000,0 days 01:33:45.359000
2024-07-07 14:38:42.628,9699,217,6,0,True,1,car,0 days 00:35:30.087000,0 days 01:33:45.599000
2024-07-07 14:38:42.947,10765,210,6,0,False,1,car,0 days 00:35:30.406000,0 days 01:33:45.918000
2024-07-07 14:38:43.187,10609,205,5,0,False,1,car,0 days 00:35:30.646000,0 days 01:33:46.158000
2024-07-07 14:38:43.547,10429,200,5,8,False,1,car,0 days 00:35:31.006000,0 days 01:33:46.518000
2024-07-07 14:38:43.787,10135,194,5,10,False,1,car,0 days 00:35:31.246000,0 days 01:33:46.758000
2024-07-07 14:38:44.187,10084,190,5,50,False,1,car,0 days 00:35:31.646000,0 days 01:33:47.158000
2024-07-07 14:38:44.427,10111,189,5,57,False,1,car,0 days 00:35:31.886000,0 days 01:33:47.398000
2024-07-07 14:38:44.627,10062,189,5,56,False,1,car,0 days 00:35:32.086000,0 days 01:33:47.598000
2024-07-07 14:38:44.987,10453,193,5,77,False,1,car,0 days 00:35:32.446000,0 days 01:33:47.958000
2024-07-07 14:38:45.147,10589,195,5,80,False,1,car,0 days 00:35:32.606000,0 days 01:33:48.118000
2024-07-07 14:38:45.307,10779,197,5,81,False,1,car,0 days 00:35:32.766000,0 days 01:33:48.278000
2024-07-07 14:38:45.627,11066,205,5,91,False,1,car,0 days 00:35:33.086000,0 days 01:33:48.598000
2024-07-07 14:38:45.947,11274,209,5,94,False,1,car,0 days 00:35:33.406000,0 days 01:33:48.918000
2024-07-07 14:38:46.227,11905,219,5,100,False,1,car,0 days 00:35:33.686000,0 days 01:33:49.198000
2024-07-07 14:38:46.427,10645,223,5,100,False,1,car,0 days 00:35:33.886000,0 days 01:33:49.398000
2024-07-07 14:38:46.707,10639,230,6,100,False,1,car,0 days 00:35:34.166000,0 days 01:33:49.678000
2024-07-07 14:38:47.147,11005,237,6,100,False,1,car,0 days 00:35:34.606000,0 days 01:33:50.118000
2024-07-07 14:38:47.507,11289,245,6,100,False,1,car,0 days 00:35:34.966000,0 days 01:33:50.478000
2024-07-07 14:38:47.707,11348,250,6,100,False,1,car,0 days 00:35:35.166000,0 days 01:33:50.678000
2024-07-07 14:38:47.867,11483,252,6,100,False,1,car,0 days 00:35:35.326000,0 days 01:33:50.838000
2024-07-07 14:38:48.147,11672,254,6,100,False,1,car,0 days 00:35:35.606000,0 days 01:33:51.118000
2024-07-07 14:38:48.347,11813,259,6,100,False,1,car,0 days 00:35:35.806000,0 days 01:33:51.318000
2024-07-07 14:38:48.668,10538,264,6,100,False,0,car,0 days 00:35:36.127000,0 days 01:33:51.639000
2024-07-07 14:38:48.948,10656,266,7,100,False,0,car,0 days 00:35:36.407000,0 days 01:33:51.919000
2024-07-07 14:38:49.388,10849,272,7,100,False,0,car,0 days 00:35:36.847000,0 days 01:33:52.359000
2024-07-07 14:38:49.588,10905,274,7,100,False,0,car,0 days 00:35:37.047000,0 days 01:33:52.559000
2024-07-07 14:38:49.947,10905,277,7,100,False,0,car,0 days 00:35:37.406000,0 days 01:33:52.918000
2024-07-07 14:38:50.427,11212,282,7,100,False,0,car,0 days 00:35:37.886000,0 days 01:33:53.398000
2024-07-07 14:38:50.627,11277,282,7,100,False,0,car,0 days 00:35:38.086000,0 days 01:33:53.598000
2024-07-07 14:38:50.907,11341,285,7,100,False,0,car,0 days 00:35:38.366000,0 days 01:33:53.878000
2024-07-07 14:38:51.147,11399,285,7,100,False,0,car,0 days 00:35:38.606000,0 days 01:33:54.118000
2024-07-07 14:38:51.387,11422,287,7,100,False,0,car,0 days 00:35:38.846000,0 days 01:33:54.358000
2024-07-07 14:38:51.587,11458,288,7,100,False,0,car,0 days 00:35:39.046000,0 days 01:33:54.558000
2024-07-07 14:38:51.867,10860,275,7,0,True,0,car,0 days 00:35:39.326000,0 days 01:33:54.838000
2024-07-07 14:38:52.187,10036,257,7,0,True,0,car,0 days 00:35:39.646000,0 days 01:33:55.158000
2024-07-07 14:38:52.467,9516,237,7,0,True,0,car,0 days 00:35:39.926000,0 days 01:33:55.438000
2024-07-07 14:38:52.627,10340,231,6,0,True,0,car,0 days 00:35:40.086000,0 days 01:33:55.598000
2024-07-07 14:38:52.907,9946,222,6,0,True,0,car,0 days 00:35:40.366000,0 days 01:33:55.878000
2024-07-07 14:38:53.067,9806,218,6,2,False,0,car,0 days 00:35:40.526000,0 days 01:33:56.038000
2024-07-07 14:38:53.387,9745,212,6,35,False,0,car,0 days 00:35:40.846000,0 days 01:33:56.358000
2024-07-07 14:38:53.547,9515,212,6,41,False,0,car,0 days 00:35:41.006000,0 days 01:33:56.518000
2024-07-07 14:38:53.787,9536,210,6,41,False,0,car,0 days 00:35:41.246000,0 days 01:33:56.758000
2024-07-07 14:38:54.147,9663,210,6,70,False,0,car,0 days 00:35:41.606000,0 days 01:33:57.118000
2024-07-07 14:38:54.347,9722,212,6,73,False,0,car,0 days 00:35:41.806000,0 days 01:33:57.318000
2024-07-07 14:38:54.547,9844,214,6,77,False,0,car,0 days 00:35:42.006000,0 days 01:33:57.518000
2024-07-07 14:38:54.867,9948,218,6,74,False,0,car,0 days 00:35:42.326000,0 days 01:33:57.838000
2024-07-07 14:38:55.348,9077,206,6,0,True,0,car,0 days 00:35:42.807000,0 days 01:33:58.319000
2024-07-07 14:38:55.548,10126,198,5,0,False,0,car,0 days 00:35:43.007000,0 days 01:33:58.519000
2024-07-07 14:38:55.748,10078,194,5,0,False,0,car,0 days 00:35:43.207000,0 days 01:33:58.719000
2024-07-07 14:38:55.948,9972,191,5,13,False,0,car,0 days 00:35:43.407000,0 days 01:33:58.919000
2024-07-07 14:38:56.307,9788,185,5,40,False,0,car,0 days 00:35:43.766000,0 days 01:33:59.278000
2024-07-07 14:38:56.467,9831,184,5,48,False,0,car,0 days 00:35:43.926000,0 days 01:33:59.438000
2024-07-07 14:38:56.627,9810,185,5,54,False,0,car,0 days 00:35:44.086000,0 days 01:33:59.598000
2024-07-07 14:38:56.987,9917,186,5,59,False,0,car,0 days 00:35:44.446000,0 days 01:33:59.958000
2024-07-07 14:38:57.147,9895,187,5,59,True,0,car,0 days 00:35:44.606000,0 days 01:34:00.118000
2024-07-07 14:38:57.387,9313,176,5,0,True,0,car,0 days 00:35:44.846000,0 days 01:34:00.358000
2024-07-07 14:38:57.587,8754,170,5,0,True,0,car,0 days 00:35:45.046000,0 days 01:34:00.558000
2024-07-07 14:38:58.027,9593,158,4,0,True,0,car,0 days 00:35:45.486000,0 days 01:34:00.998000
2024-07-07 14:38:58.187,9466,152,4,0,False,0,car,0 days 00:35:45.646000,0 days 01:34:01.158000
2024-07-07 14:38:58.427,9290,149,4,0,False,0,car,0 days 00:35:45.886000,0 days 01:34:01.398000
2024-07-07 14:38:58.747,9184,145,4,25,False,0,car,0 days 00:35:46.206000,0 days 01:34:01.718000
2024-07-07 14:38:58.987,9278,145,4,37,False,0,car,0 days 00:35:46.446000,0 days 01:34:01.958000
2024-07-07 14:38:59.187,9381,145,4,50,False,0,car,0 days 00:35:46.646000,0 days 01:34:02.158000
2024-07-07 14:38:59.387,9426,147,4,54,False,0,car,0 days 00:35:46.846000,0 days 01:34:02.358000
2024-07-07 14:38:59.547,9474,147,4,55,False,0,car,0 days 00:35:47.006000,0 days 01:34:02.518000
2024-07-07 14:38:59.747,9748,150,4,67,False,0,car,0 days 00:35:47.206000,0 days 01:34:02.718000
2024-07-07 14:38:59.987,10103,155,4,68,False,0,car,0 days 00:35:47.446000,0 days 01:34:02.958000
2024-07-07 14:39:00.267,10490,162,4,77,False,0,car,0 days 00:35:47.726000,0 days 01:34:03.238000
2024-07-07 14:39:00.707,11428,170,4,86,False,0,car,0 days 00:35:48.166000,0 days 01:34:03.678000
2024-07-07 14:39:00.907,11605,180,4,100,False,0,car,0 days 00:35:48.366000,0 days 01:34:03.878000
2024-07-07 14:39:01.267,10404,194,5,100,False,0,car,0 days 00:35:48.726000,0 days 01:34:04.238000
2024-07-07 14:39:01.507,10813,199,5,100,False,0,car,0 days 00:35:48.966000,0 days 01:34:04.478000
2024-07-07 14:39:01.707,10960,204,5,100,False,0,car,0 days 00:35:49.166000,0 days 01:34:04.678000
2024-07-07 14:39:01.908,11496,212,5,100,False,0,car,0 days 00:35:49.367000,0 days 01:34:04.879000
2024-07-07 14:39:02.108,11656,216,5,100,False,0,car,0 days 00:35:49.567000,0 days 01:34:05.079000
2024-07-07 14:39:02.308,11929,221,5,100,False,0,car,0 days 00:35:49.767000,0 days 01:34:05.279000
2024-07-07 14:39:02.468,11924,226,5,100,False,0,car,0 days 00:35:49.927000,0 days 01:34:05.439000
2024-07-07 14:39:02.708,10574,229,6,100,False,0,car,0 days 00:35:50.167000,0 days 01:34:05.679000
2024-07-07 14:39:02.988,10865,235,6,100,False,0,car,0 days 00:35:50.447000,0 days 01:34:05.959000
2024-07-07 14:39:03.307,11066,241,6,99,False,0,car,0 days 00:35:50.766000,0 days 01:34:06.278000
2024-07-07 14:39:03.507,11170,243,6,90,False,0,car,0 days 00:35:50.966000,0 days 01:34:06.478000
2024-07-07 14:39:03.667,11226,245,6,84,False,0,car,0 days 00:35:51.126000,0 days 01:34:06.638000
2024-07-07 14:39:03.867,11263,249,6,82,False,0,car,0 days 00:35:51.326000,0 days 01:34:06.838000
2024-07-07 14:39:04.107,11345,250,6,82,False,0,car,0 days 00:35:51.566000,0 days 01:34:07.078000
2024-07-07 14:39:04.427,11500,252,6,82,False,0,car,0 days 00:35:51.886000,0 days 01:34:07.398000
2024-07-07 14:39:04.587,11558,253,6,82,False,0,car,0 days 00:35:52.046000,0 days 01:34:07.558000
2024-07-07 14:39:04.867,11622,256,6,88,False,0,car,0 days 00:35:52.326000,0 days 01:34:07.838000
2024-07-07 14:39:05.187,11792,260,6,87,False,0,car,0 days 00:35:52.646000,0 days 01:34:08.158000
2024-07-07 14:39:05.387,11793,261,6,88,False,0,car,0 days 00:35:52.846000,0 days 01:34:08.358000
2024-07-07 14:39:05.707,10916,264,6,94,False,0,car,0 days 00:35:53.166000,0 days 01:34:08.678000
2024-07-07 14:39:05.907,10717,267,7,100,False,0,car,0 days 00:35:53.366000,0 days 01:34:08.878000
2024-07-07 14:39:06.227,10762,271,7,100,False,0,car,0 days 00:35:53.686000,0 days 01:34:09.198000
2024-07-07 14:39:06.467,10838,273,7,100,False,0,car,0 days 00:35:53.926000,0 days 01:34:09.438000
2024-07-07 14:39:06.667,10923,274,7,100,False,0,car,0 days 00:35:54.126000,0 days 01:34:09.638000
2024-07-07 14:39:06.867,10982,277,7,100,False,0,car,0 days 00:35:54.326000,0 days 01:34:09.838000
2024-07-07 14:39:07.027,11038,278,7,100,False,0,car,0 days 00:35:54.486000,0 days 01:34:09.998000
2024-07-07 14:39:07.347,11189,280,7,100,False,0,car,0 days 00:35:54.806000,0 days 01:34:10.318000
2024-07-07 14:39:07.547,11215,281,7,100,False,0,car,0 days 00:35:55.006000,0 days 01:34:10.518000
2024-07-07 14:39:07.747,11282,284,7,100,False,0,car,0 days 00:35:55.206000,0 days 01:34:10.718000
2024-07-07 14:39:08.147,11339,285,7,88,False,0,car,0 days 00:35:55.606000,0 days 01:34:11.118000
2024-07-07 14:39:08.468,11329,286,7,89,False,0,car,0 days 00:35:55.927000,0 days 01:34:11.439000
2024-07-07 14:39:08.748,11371,286,7,89,False,0,car,0 days 00:35:56.207000,0 days 01:34:11.719000
2024-07-07 14:39:08.948,11398,286,7,90,False,0,car,0 days 00:35:56.407000,0 days 01:34:11.919000
2024-07-07 14:39:09.228,11432,288,7,90,False,0,car,0 days 00:35:56.687000,0 days 01:34:12.199000
2024-07-07 14:39:09.468,11443,289,7,91,False,0,car,0 days 00:35:56.927000,0 days 01:34:12.439000
2024-07-07 14:39:09.708,11474,289,7,88,False,0,car,0 days 00:35:57.167000,0 days 01:34:12.679000
2024-07-07 14:39:09.987,11492,290,7,89,False,0,car,0 days 00:35:57.446000,0 days 01:34:12.958000
2024-07-07 14:39:10.307,11532,289,7,90,False,0,car,0 days 00:35:57.766000,0 days 01:34:13.278000
2024-07-07 14:39:10.467,11547,290,7,89,False,0,car,0 days 00:35:57.926000,0 days 01:34:13.438000
2024-07-07 14:39:10.707,11216,290,7,87,False,0,car,0 days 00:35:58.166000,0 days 01:34:13.678000
2024-07-07 14:39:11.147,10527,269,7,0,True,0,car,0 days 00:35:58.606000,0 days 01:34:14.118000
2024-07-07 14:39:11.427,10007,256,7,0,True,0,car,0 days 00:35:58.886000,0 days 01:34:14.398000
2024-07-07 14:39:11.707,10100,241,7,0,True,0,car,0 days 00:35:59.166000,0 days 01:34:14.678000
2024-07-07 14:39:11.907,10587,229,6,0,True,0,car,0 days 00:35:59.366000,0 days 01:34:14.878000
2024-07-07 14:39:12.187,9547,215,6,0,True,0,car,0 days 00:35:59.646000,0 days 01:34:15.158000
2024-07-07 14:39:12.547,10298,200,5,0,True,0,car,0 days 00:36:00.006000,0 days 01:34:15.518000
2024-07-07 14:39:12.827,9818,191,5,0,True,0,car,0 days 00:36:00.286000,0 days 01:34:15.798000
2024-07-07 14:39:13.027,9580,186,5,0,False,0,car,0 days 00:36:00.486000,0 days 01:34:15.998000
2024-07-07 14:39:13.307,9399,181,5,0,False,0,car,0 days 00:36:00.766000,0 days 01:34:16.278000
2024-07-07 14:39:13.507,9037,177,5,0,False,0,car,0 days 00:36:00.966000,0 days 01:34:16.478000
2024-07-07 14:39:13.827,9101,172,5,20,False,0,car,0 days 00:36:01.286000,0 days 01:34:16.798000
2024-07-07 14:39:14.067,8908,169,5,32,False,0,car,0 days 00:36:01.526000,0 days 01:34:17.038000
2024-07-07 14:39:14.347,8886,167,5,42,False,0,car,0 days 00:36:01.806000,0 days 01:34:17.318000
2024-07-07 14:39:14.627,8892,166,5,42,False,0,car,0 days 00:36:02.086000,0 days 01:34:17.598000
2024-07-07 14:39:14.787,8831,164,5,42,False,0,car,0 days 00:36:02.246000,0 days 01:34:17.758000
2024-07-07 14:39:15.068,8918,165,5,53,False,0,car,0 days 00:36:02.527000,0 days 01:34:18.039000
2024-07-07 14:39:15.228,8892,165,5,56,False,0,car,0 days 00:36:02.687000,0 days 01:34:18.199000
2024-07-07 14:39:15.588,9263,168,5,71,False,0,car,0 days 00:36:03.047000,0 days 01:34:18.559000
2024-07-07 14:39:15.828,9474,171,5,76,False,0,car,0 days 00:36:03.287000,0 days 01:34:18.799000
2024-07-07 14:39:16.068,9385,175,5,57,False,0,car,0 days 00:36:03.527000,0 days 01:34:19.039000
2024-07-07 14:39:16.308,9693,177,5,67,False,0,car,0 days 00:36:03.767000,0 days 01:34:19.279000
2024-07-07 14:39:16.627,9786,180,5,72,False,0,car,0 days 00:36:04.086000,0 days 01:34:19.598000
2024-07-07 14:39:16.907,10178,183,5,83,False,0,car,0 days 00:36:04.366000,0 days 01:34:19.878000
2024-07-07 14:39:17.147,10399,190,5,90,False,0,car,0 days 00:36:04.606000,0 days 01:34:20.118000
2024-07-07 14:39:17.427,10860,199,5,100,False,0,car,0 days 00:36:04.886000,0 days 01:34:20.398000
2024-07-07 14:39:17.707,11356,208,5,100,False,0,car,0 days 00:36:05.166000,0 days 01:34:20.678000
2024-07-07 14:39:17.907,11528,212,5,100,False,0,car,0 days 00:36:05.366000,0 days 01:34:20.878000
2024-07-07 14:39:18.067,11475,218,5,100,False,0,car,0 days 00:36:05.526000,0 days 01:34:21.038000
2024-07-07 14:39:18.307,11920,223,5,100,False,0,car,0 days 00:36:05.766000,0 days 01:34:21.278000
2024-07-07 14:39:18.507,10940,227,5,100,False,0,car,0 days 00:36:05.966000,0 days 01:34:21.478000
2024-07-07 14:39:18.747,10612,231,6,100,False,0,car,0 days 00:36:06.206000,0 days 01:34:21.718000
2024-07-07 14:39:19.147,10804,238,6,100,False,0,car,0 days 00:36:06.606000,0 days 01:34:22.118000
2024-07-07 14:39:19.467,11035,242,6,100,False,0,car,0 days 00:36:06.926000,0 days 01:34:22.438000
2024-07-07 14:39:19.707,11113,245,6,100,False,0,car,0 days 00:36:07.166000,0 days 01:34:22.678000
2024-07-07 14:39:19.947,11211,246,6,100,False,0,car,0 days 00:36:07.406000,0 days 01:34:22.918000
2024-07-07 14:39:20.187,11281,249,6,100,False,0,car,0 days 00:36:07.646000,0 days 01:34:23.158000
2024-07-07 14:39:20.627,11209,239,6,0,True,0,car,0 days 00:36:08.086000,0 days 01:34:23.598000
2024-07-07 14:39:20.827,9877,221,6,0,True,0,car,0 days 00:36:08.286000,0 days 01:34:23.798000
2024-07-07 14:39:21.267,9532,179,6,0,True,0,car,0 days 00:36:08.726000,0 days 01:34:24.238000
2024-07-07 14:39:21.588,9694,160,5,0,True,0,car,0 days 00:36:09.047000,0 days 01:34:24.559000
2024-07-07 14:39:21.748,9399,155,5,0,True,0,car,0 days 00:36:09.207000,0 days 01:34:24.719000
2024-07-07 14:39:22.108,9593,135,4,0,True,0,car,0 days 00:36:09.567000,0 days 01:34:25.079000
2024-07-07 14:39:22.268,9493,129,3,0,True,0,car,0 days 00:36:09.727000,0 days 01:34:25.239000
2024-07-07 14:39:22.468,8892,122,3,0,True,0,car,0 days 00:36:09.927000,0 days 01:34:25.439000
2024-07-07 14:39:22.628,8475,122,3,0,True,0,car,0 days 00:36:10.087000,0 days 01:34:25.599000
2024-07-07 14:39:22.828,8130,114,3,0,True,0,car,0 days 00:36:10.287000,0 days 01:34:25.799000
2024-07-07 14:39:23.068,7729,109,3,0,True,0,car,0 days 00:36:10.527000,0 days 01:34:26.039000
2024-07-07 14:39:23.387,7098,98,3,0,True,0,car,0 days 00:36:10.846000,0 days 01:34:26.358000
2024-07-07 14:39:23.587,6807,94,3,0,True,0,car,0 days 00:36:11.046000,0 days 01:34:26.558000
2024-07-07 14:39:23.827,6516,91,3,0,True,0,car,0 days 00:36:11.286000,0 days 01:34:26.798000
2024-07-07 14:39:24.107,6280,86,3,0,True,0,car,0 days 00:36:11.566000,0 days 01:34:27.078000
2024-07-07 14:39:24.347,6105,84,3,0,False,0,car,0 days 00:36:11.806000,0 days 01:34:27.318000
2024-07-07 14:39:24.507,5997,82,3,0,False,0,car,0 days 00:36:11.966000,0 days 01:34:27.478000
2024-07-07 14:39:24.747,6064,81,3,13,False,0,car,0 days 00:36:12.206000,0 days 01:34:27.718000
2024-07-07 14:39:25.027,6417,82,3,27,False,0,car,0 days 00:36:12.486000,0 days 01:34:27.998000
2024-07-07 14:39:25.267,6613,82,3,34,False,0,car,0 days 00:36:12.726000,0 days 01:34:28.238000
2024-07-07 14:39:25.427,6718,87,3,37,False,0,car,0 days 00:36:12.886000,0 days 01:34:28.398000
2024-07-07 14:39:25.667,7073,94,3,40,False,0,car,0 days 00:36:13.126000,0 days 01:34:28.638000
2024-07-07 14:39:25.827,7050,94,3,17,False,0,car,0 days 00:36:13.286000,0 days 01:34:28.798000
2024-07-07 14:39:26.147,6657,91,3,5,False,0,car,0 days 00:36:13.606000,0 days 01:34:29.118000
2024-07-07 14:39:26.387,6822,89,3,13,False,0,car,0 days 00:36:13.846000,0 days 01:34:29.358000
2024-07-07 14:39:26.787,6789,89,3,17,False,0,car,0 days 00:36:14.246000,0 days 01:34:29.758000
2024-07-07 14:39:27.147,7075,90,3,29,False,0,car,0 days 00:36:14.606000,0 days 01:34:30.118000
2024-07-07 14:39:27.387,7349,93,3,37,False,0,car,0 days 00:36:14.846000,0 days 01:34:30.358000
2024-07-07 14:39:27.707,8037,99,3,45,False,0,car,0 days 00:36:15.166000,0 days 01:34:30.678000
2024-07-07 14:39:27.867,8183,103,3,46,False,0,car,0 days 00:36:15.326000,0 days 01:34:30.838000
2024-07-07 14:39:28.148,8438,106,3,53,False,0,car,0 days 00:36:15.607000,0 days 01:34:31.119000
2024-07-07 14:39:28.308,8872,111,3,55,False,0,car,0 days 00:36:15.767000,0 days 01:34:31.279000
2024-07-07 14:39:28.468,9053,116,3,59,False,0,car,0 days 00:36:15.927000,0 days 01:34:31.439000
2024-07-07 14:39:28.788,9446,123,3,67,False,0,car,0 days 00:36:16.247000,0 days 01:34:31.759000
2024-07-07 14:39:29.068,8488,129,3,60,False,0,car,0 days 00:36:16.527000,0 days 01:34:32.039000
2024-07-07 14:39:29.268,8772,135,4,64,False,0,car,0 days 00:36:16.727000,0 days 01:34:32.239000
2024-07-07 14:39:29.468,8958,140,4,64,False,0,car,0 days 00:36:16.927000,0 days 01:34:32.439000
2024-07-07 14:39:29.668,9309,145,4,70,False,0,car,0 days 00:36:17.127000,0 days 01:34:32.639000
2024-07-07 14:39:29.828,9633,145,4,69,False,0,car,0 days 00:36:17.287000,0 days 01:34:32.799000
2024-07-07 14:39:30.067,9937,155,4,71,False,0,car,0 days 00:36:17.526000,0 days 01:34:33.038000
2024-07-07 14:39:30.267,10226,159,4,71,False,0,car,0 days 00:36:17.726000,0 days 01:34:33.238000
2024-07-07 14:39:30.467,10485,163,4,70,False,0,car,0 days 00:36:17.926000,0 days 01:34:33.438000
2024-07-07 14:39:30.907,9719,170,4,65,False,0,car,0 days 00:36:18.366000,0 days 01:34:33.878000
2024-07-07 14:39:31.147,9393,171,5,64,False,0,car,0 days 00:36:18.606000,0 days 01:34:34.118000
2024-07-07 14:39:31.467,9617,177,5,67,False,0,car,0 days 00:36:18.926000,0 days 01:34:34.438000
2024-07-07 14:39:31.627,9733,179,5,67,False,0,car,0 days 00:36:19.086000,0 days 01:34:34.598000
2024-07-07 14:39:31.907,10006,184,5,71,False,0,car,0 days 00:36:19.366000,0 days 01:34:34.878000
2024-07-07 14:39:32.067,10105,185,5,79,False,0,car,0 days 00:36:19.526000,0 days 01:34:35.038000
2024-07-07 14:39:32.267,10306,191,5,84,False,0,car,0 days 00:36:19.726000,0 days 01:34:35.238000
2024-07-07 14:39:32.507,10902,197,5,91,False,0,car,0 days 00:36:19.966000,0 days 01:34:35.478000
2024-07-07 14:39:32.707,11071,202,5,100,False,0,car,0 days 00:36:20.166000,0 days 01:34:35.678000
2024-07-07 14:39:32.907,11330,208,5,100,False,0,car,0 days 00:36:20.366000,0 days 01:34:35.878000
2024-07-07 14:39:33.147,11547,214,5,100,False,0,car,0 days 00:36:20.606000,0 days 01:34:36.118000
2024-07-07 14:39:33.347,11753,220,5,100,False,0,car,0 days 00:36:20.806000,0 days 01:34:36.318000
2024-07-07 14:39:33.547,10493,223,6,100,False,0,car,0 days 00:36:21.006000,0 days 01:34:36.518000
2024-07-07 14:39:33.827,10438,231,6,100,False,0,car,0 days 00:36:21.286000,0 days 01:34:36.798000
2024-07-07 14:39:34.027,10822,233,6,100,False,0,car,0 days 00:36:21.486000,0 days 01:34:36.998000
2024-07-07 14:39:34.267,10984,242,6,100,False,0,car,0 days 00:36:21.726000,0 days 01:34:37.238000
2024-07-07 14:39:34.547,11273,245,6,100,False,0,car,0 days 00:36:22.006000,0 days 01:34:37.518000
2024-07-07 14:39:34.708,11373,249,6,100,False,0,car,0 days 00:36:22.167000,0 days 01:34:37.679000
2024-07-07 14:39:34.908,11541,252,6,100,False,0,car,0 days 00:36:22.367000,0 days 01:34:37.879000
2024-07-07 14:39:35.108,11663,255,6,100,False,0,car,0 days 00:36:22.567000,0 days 01:34:38.079000
2024-07-07 14:39:35.388,11554,258,6,100,False,0,car,0 days 00:36:22.847000,0 days 01:34:38.359000
2024-07-07 14:39:35.788,10574,265,7,100,False,0,car,0 days 00:36:23.247000,0 days 01:34:38.759000
2024-07-07 14:39:35.948,10632,265,7,100,False,0,car,0 days 00:36:23.407000,0 days 01:34:38.919000
2024-07-07 14:39:36.188,10774,268,7,100,False,0,car,0 days 00:36:23.647000,0 days 01:34:39.159000
2024-07-07 14:39:36.548,10900,273,7,100,False,0,car,0 days 00:36:24.007000,0 days 01:34:39.519000
2024-07-07 14:39:36.747,10959,275,7,100,False,0,car,0 days 00:36:24.206000,0 days 01:34:39.718000
2024-07-07 14:39:36.947,11063,276,7,100,False,0,car,0 days 00:36:24.406000,0 days 01:34:39.918000
2024-07-07 14:39:37.147,11121,279,7,100,False,0,car,0 days 00:36:24.606000,0 days 01:34:40.118000
2024-07-07 14:39:37.387,11190,280,7,100,False,0,car,0 days 00:36:24.846000,0 days 01:34:40.358000
2024-07-07 14:39:37.627,10792,276,7,0,True,0,car,0 days 00:36:25.086000,0 days 01:34:40.598000
2024-07-07 14:39:37.787,10652,258,7,0,True,0,car,0 days 00:36:25.246000,0 days 01:34:40.758000
2024-07-07 14:39:37.987,9607,244,7,0,True,0,car,0 days 00:36:25.446000,0 days 01:34:40.958000
2024-07-07 14:39:38.187,10270,231,7,0,True,0,car,0 days 00:36:25.646000,0 days 01:34:41.158000
2024-07-07 14:39:38.387,10068,225,6,0,True,0,car,0 days 00:36:25.846000,0 days 01:34:41.358000
2024-07-07 14:39:38.627,9997,224,6,18,False,0,car,0 days 00:36:26.086000,0 days 01:34:41.598000
2024-07-07 14:39:38.867,9746,216,6,36,False,0,car,0 days 00:36:26.326000,0 days 01:34:41.838000
2024-07-07 14:39:39.227,9438,212,6,17,False,0,car,0 days 00:36:26.686000,0 days 01:34:42.198000
2024-07-07 14:39:39.467,9335,209,6,7,False,0,car,0 days 00:36:26.926000,0 days 01:34:42.438000
2024-07-07 14:39:39.787,8994,202,6,5,False,0,car,0 days 00:36:27.246000,0 days 01:34:42.758000
2024-07-07 14:39:39.947,9554,199,6,19,False,0,car,0 days 00:36:27.406000,0 days 01:34:42.918000
2024-07-07 14:39:40.107,10248,196,5,37,False,0,car,0 days 00:36:27.566000,0 days 01:34:43.078000
2024-07-07 14:39:40.387,10617,196,5,65,False,0,car,0 days 00:36:27.846000,0 days 01:34:43.358000
2024-07-07 14:39:40.627,10766,198,5,75,False,0,car,0 days 00:36:28.086000,0 days 01:34:43.598000
2024-07-07 14:39:41.027,11205,203,5,92,False,0,car,0 days 00:36:28.486000,0 days 01:34:43.998000
2024-07-07 14:39:41.227,11449,210,5,100,False,0,car,0 days 00:36:28.686000,0 days 01:34:44.198000
2024-07-07 14:39:41.548,11731,218,5,100,False,0,car,0 days 00:36:29.007000,0 days 01:34:44.519000
2024-07-07 14:39:42.028,10583,221,6,85,False,0,car,0 days 00:36:29.487000,0 days 01:34:44.999000
2024-07-07 14:39:42.388,10698,234,6,77,False,0,car,0 days 00:36:29.847000,0 days 01:34:45.359000
2024-07-07 14:39:42.628,10707,234,6,69,False,0,car,0 days 00:36:30.087000,0 days 01:34:45.599000
2024-07-07 14:39:42.868,10707,235,6,69,False,0,car,0 days 00:36:30.327000,0 days 01:34:45.839000
2024-07-07 14:39:43.268,10737,235,6,74,False,0,car,0 days 00:36:30.727000,0 days 01:34:46.239000
2024-07-07 14:39:43.547,10906,237,6,100,False,0,car,0 days 00:36:31.006000,0 days 01:34:46.518000
2024-07-07 14:39:43.787,11096,240,6,100,False,0,car,0 days 00:36:31.246000,0 days 01:34:46.758000
2024-07-07 14:39:44.107,11271,246,6,100,False,0,car,0 days 00:36:31.566000,0 days 01:34:47.078000
2024-07-07 14:39:44.387,11464,249,6,100,False,0,car,0 days 00:36:31.846000,0 days 01:34:47.358000
2024-07-07 14:39:44.627,11496,252,6,100,False,0,car,0 days 00:36:32.086000,0 days 01:34:47.598000
2024-07-07 14:39:44.827,11077,251,6,0,True,0,car,0 days 00:36:32.286000,0 days 01:34:47.798000
2024-07-07 14:39:45.107,10099,223,6,0,True,0,car,0 days 00:36:32.566000,0 days 01:34:48.078000
2024-07-07 14:39:45.467,10074,193,6,0,True,0,car,0 days 00:36:32.926000,0 days 01:34:48.438000
2024-07-07 14:39:45.707,9266,181,5,0,True,0,car,0 days 00:36:33.166000,0 days 01:34:48.678000
2024-07-07 14:39:46.027,9124,166,5,0,True,0,car,0 days 00:36:33.486000,0 days 01:34:48.998000
2024-07-07 14:39:46.187,9530,155,4,0,True,0,car,0 days 00:36:33.646000,0 days 01:34:49.158000
2024-07-07 14:39:46.547,8412,141,4,0,True,0,car,0 days 00:36:34.006000,0 days 01:34:49.518000
2024-07-07 14:39:46.707,9391,133,4,0,True,0,car,0 days 00:36:34.166000,0 days 01:34:49.678000
2024-07-07 14:39:46.947,8914,126,3,0,True,0,car,0 days 00:36:34.406000,0 days 01:34:49.918000
2024-07-07 14:39:47.107,8588,123,3,0,True,0,car,0 days 00:36:34.566000,0 days 01:34:50.078000
2024-07-07 14:39:47.347,8213,116,3,0,True,0,car,0 days 00:36:34.806000,0 days 01:34:50.318000
2024-07-07 14:39:47.787,7714,104,3,0,True,0,car,0 days 00:36:35.246000,0 days 01:34:50.758000
2024-07-07 14:39:47.948,7714,102,3,0,True,0,car,0 days 00:36:35.407000,0 days 01:34:50.919000
2024-07-07 14:39:48.228,7157,98,3,0,False,0,car,0 days 00:36:35.687000,0 days 01:34:51.199000
2024-07-07 14:39:48.628,6888,92,3,0,False,0,car,0 days 00:36:36.087000,0 days 01:34:51.599000
2024-07-07 14:39:48.948,6693,90,3,9,False,0,car,0 days 00:36:36.407000,0 days 01:34:51.919000
2024-07-07 14:39:49.108,6794,89,3,15,False,0,car,0 days 00:36:36.567000,0 days 01:34:52.079000
2024-07-07 14:39:49.388,6908,89,3,20,False,0,car,0 days 00:36:36.847000,0 days 01:34:52.359000
2024-07-07 14:39:49.668,7048,91,3,29,False,0,car,0 days 00:36:37.127000,0 days 01:34:52.639000
2024-07-07 14:39:49.948,7225,92,3,30,False,0,car,0 days 00:36:37.407000,0 days 01:34:52.919000
2024-07-07 14:39:50.187,7503,95,3,36,False,0,car,0 days 00:36:37.646000,0 days 01:34:53.158000
2024-07-07 14:39:50.387,7652,97,3,41,False,0,car,0 days 00:36:37.846000,0 days 01:34:53.358000
2024-07-07 14:39:50.627,8101,101,3,46,False,0,car,0 days 00:36:38.086000,0 days 01:34:53.598000
2024-07-07 14:39:50.867,8145,106,3,48,False,0,car,0 days 00:36:38.326000,0 days 01:34:53.838000
2024-07-07 14:39:51.067,8498,111,3,53,False,0,car,0 days 00:36:38.526000,0 days 01:34:54.038000
2024-07-07 14:39:51.427,9303,116,3,59,True,0,car,0 days 00:36:38.886000,0 days 01:34:54.398000
2024-07-07 14:39:51.747,7943,113,3,0,True,0,car,0 days 00:36:39.206000,0 days 01:34:54.718000
2024-07-07 14:39:52.027,7339,104,3,0,True,0,car,0 days 00:36:39.486000,0 days 01:34:54.998000
2024-07-07 14:39:52.227,6988,99,3,0,True,0,car,0 days 00:36:39.686000,0 days 01:34:55.198000
2024-07-07 14:39:52.427,8108,94,3,0,True,0,car,0 days 00:36:39.886000,0 days 01:34:55.398000
2024-07-07 14:39:52.747,7639,89,2,0,True,0,car,0 days 00:36:40.206000,0 days 01:34:55.718000
2024-07-07 14:39:53.107,7227,83,2,0,False,0,car,0 days 00:36:40.566000,0 days 01:34:56.078000
2024-07-07 14:39:53.307,7159,81,2,0,False,0,car,0 days 00:36:40.766000,0 days 01:34:56.278000
2024-07-07 14:39:53.507,6811,78,2,0,True,0,car,0 days 00:36:40.966000,0 days 01:34:56.478000
2024-07-07 14:39:53.707,6531,75,2,0,True,0,car,0 days 00:36:41.166000,0 days 01:34:56.678000
2024-07-07 14:39:53.947,6191,73,2,0,False,0,car,0 days 00:36:41.406000,0 days 01:34:56.918000
2024-07-07 14:39:54.347,6273,71,2,1,False,0,car,0 days 00:36:41.806000,0 days 01:34:57.318000
2024-07-07 14:39:54.508,6407,70,2,5,False,0,car,0 days 00:36:41.967000,0 days 01:34:57.479000
2024-07-07 14:39:54.988,6817,73,2,19,False,0,car,0 days 00:36:42.447000,0 days 01:34:57.959000
2024-07-07 14:39:55.268,7060,76,2,26,False,0,car,0 days 00:36:42.727000,0 days 01:34:58.239000
2024-07-07 14:39:55.468,7060,79,2,26,False,0,car,0 days 00:36:42.927000,0 days 01:34:58.439000
2024-07-07 14:39:55.668,7509,81,2,36,False,0,car,0 days 00:36:43.127000,0 days 01:34:58.639000
2024-07-07 14:39:55.948,7921,85,2,41,False,0,car,0 days 00:36:43.407000,0 days 01:34:58.919000
2024-07-07 14:39:56.188,7407,91,2,46,False,0,car,0 days 00:36:43.647000,0 days 01:34:59.159000
2024-07-07 14:39:56.388,7792,96,3,48,False,0,car,0 days 00:36:43.847000,0 days 01:34:59.359000
2024-07-07 14:39:56.588,8149,101,3,51,False,0,car,0 days 00:36:44.047000,0 days 01:34:59.559000
2024-07-07 14:39:56.788,8561,106,3,58,False,0,car,0 days 00:36:44.247000,0 days 01:34:59.759000
2024-07-07 14:39:57.067,9364,115,3,65,False,0,car,0 days 00:36:44.526000,0 days 01:35:00.038000
2024-07-07 14:39:57.507,10178,129,3,70,False,0,car,0 days 00:36:44.966000,0 days 01:35:00.478000
2024-07-07 14:39:57.827,9321,139,4,78,False,0,car,0 days 00:36:45.286000,0 days 01:35:00.798000
2024-07-07 14:39:58.267,10217,155,4,83,False,0,car,0 days 00:36:45.726000,0 days 01:35:01.238000
2024-07-07 14:39:58.707,10642,170,4,82,False,0,car,0 days 00:36:46.166000,0 days 01:35:01.678000
2024-07-07 14:39:59.147,9688,180,5,75,False,0,car,0 days 00:36:46.606000,0 days 01:35:02.118000
2024-07-07 14:39:59.347,9902,183,5,74,False,0,car,0 days 00:36:46.806000,0 days 01:35:02.318000
2024-07-07 14:39:59.747,10156,189,5,78,False,0,car,0 days 00:36:47.206000,0 days 01:35:02.718000
2024-07-07 14:40:00.107,10562,196,5,82,False,0,car,0 days 00:36:47.566000,0 days 01:35:03.078000
2024-07-07 14:40:00.387,10850,202,5,85,False,0,car,0 days 00:36:47.846000,0 days 01:35:03.358000
2024-07-07 14:40:00.747,11286,209,5,100,False,0,car,0 days 00:36:48.206000,0 days 01:35:03.718000
2024-07-07 14:40:00.947,11503,212,5,100,False,0,car,0 days 00:36:48.406000,0 days 01:35:03.918000
2024-07-07 14:40:01.348,11262,221,5,100,False,0,car,0 days 00:36:48.807000,0 days 01:35:04.319000
2024-07-07 14:40:01.508,10434,227,5,100,False,0,car,0 days 00:36:48.967000,0 days 01:35:04.479000
2024-07-07 14:40:01.828,10708,231,6,100,False,0,car,0 days 00:36:49.287000,0 days 01:35:04.799000
2024-07-07 14:40:02.108,10940,239,6,100,False,0,car,0 days 00:36:49.567000,0 days 01:35:05.079000
2024-07-07 14:40:02.348,11153,243,6,100,False,0,car,0 days 00:36:49.807000,0 days 01:35:05.319000
2024-07-07 14:40:02.588,11340,248,6,100,False,0,car,0 days 00:36:50.047000,0 days 01:35:05.559000
2024-07-07 14:40:02.828,11445,251,6,100,False,0,car,0 days 00:36:50.287000,0 days 01:35:05.799000
2024-07-07 14:40:02.988,11528,255,6,100,False,0,car,0 days 00:36:50.447000,0 days 01:35:05.959000
2024-07-07 14:40:03.148,11662,255,6,100,False,0,car,0 days 00:36:50.607000,0 days 01:35:06.119000
2024-07-07 14:40:03.388,11607,260,6,100,False,0,car,0 days 00:36:50.847000,0 days 01:35:06.359000
2024-07-07 14:40:03.667,10396,263,7,100,False,0,car,0 days 00:36:51.126000,0 days 01:35:06.638000
2024-07-07 14:40:03.907,10601,264,7,100,False,0,car,0 days 00:36:51.366000,0 days 01:35:06.878000
2024-07-07 14:40:04.187,10652,269,7,100,False,0,car,0 days 00:36:51.646000,0 days 01:35:07.158000
2024-07-07 14:40:04.387,10812,271,7,100,False,0,car,0 days 00:36:51.846000,0 days 01:35:07.358000
2024-07-07 14:40:04.547,10854,272,7,100,False,0,car,0 days 00:36:52.006000,0 days 01:35:07.518000
2024-07-07 14:40:04.747,10864,274,7,100,False,0,car,0 days 00:36:52.206000,0 days 01:35:07.718000
2024-07-07 14:40:05.107,11070,277,7,100,False,0,car,0 days 00:36:52.566000,0 days 01:35:08.078000
2024-07-07 14:40:05.267,11076,277,7,100,False,0,car,0 days 00:36:52.726000,0 days 01:35:08.238000
2024-07-07 14:40:05.587,11129,281,7,100,False,0,car,0 days 00:36:53.046000,0 days 01:35:08.558000
2024-07-07 14:40:05.827,11244,283,7,100,False,0,car,0 days 00:36:53.286000,0 days 01:35:08.798000
2024-07-07 14:40:06.027,11274,283,7,100,False,0,car,0 days 00:36:53.486000,0 days 01:35:08.998000
2024-07-07 14:40:06.307,11356,285,7,100,False,0,car,0 days 00:36:53.766000,0 days 01:35:09.278000
2024-07-07 14:40:06.467,11353,287,7,100,False,0,car,0 days 00:36:53.926000,0 days 01:35:09.438000
2024-07-07 14:40:06.627,11380,286,7,100,False,0,car,0 days 00:36:54.086000,0 days 01:35:09.598000
2024-07-07 14:40:06.827,11408,288,7,100,False,0,car,0 days 00:36:54.286000,0 days 01:35:09.798000
2024-07-07 14:40:07.067,11448,287,7,100,False,0,car,0 days 00:36:54.526000,0 days 01:35:10.038000
2024-07-07 14:40:07.267,11496,290,7,100,False,0,car,0 days 00:36:54.726000,0 days 01:35:10.238000
2024-07-07 14:40:07.507,11490,290,7,100,False,0,car,0 days 00:36:54.966000,0 days 01:35:10.478000
2024-07-07 14:40:07.668,11528,290,7,100,False,0,car,0 days 00:36:55.127000,0 days 01:35:10.639000
2024-07-07 14:40:07.948,10538,285,7,0,True,0,car,0 days 00:36:55.407000,0 days 01:35:10.919000
2024-07-07 14:40:08.188,10153,251,7,0,True,0,car,0 days 00:36:55.647000,0 days 01:35:11.159000
2024-07-07 14:40:08.588,9502,214,7,0,True,0,car,0 days 00:36:56.047000,0 days 01:35:11.559000
2024-07-07 14:40:08.868,8959,196,6,0,True,0,car,0 days 00:36:56.327000,0 days 01:35:11.839000
2024-07-07 14:40:09.188,9372,180,6,0,True,0,car,0 days 00:36:56.647000,0 days 01:35:12.159000
2024-07-07 14:40:09.508,8594,169,5,0,True,0,car,0 days 00:36:56.967000,0 days 01:35:12.479000
2024-07-07 14:40:09.668,8366,164,5,0,True,0,car,0 days 00:36:57.127000,0 days 01:35:12.639000
2024-07-07 14:40:09.988,9202,150,4,0,True,0,car,0 days 00:36:57.447000,0 days 01:35:12.959000
2024-07-07 14:40:10.228,8892,145,4,0,True,0,car,0 days 00:36:57.687000,0 days 01:35:13.199000
2024-07-07 14:40:10.587,8549,139,4,0,False,0,car,0 days 00:36:58.046000,0 days 01:35:13.558000
2024-07-07 14:40:10.787,8315,136,4,0,False,0,car,0 days 00:36:58.246000,0 days 01:35:13.758000
2024-07-07 14:40:10.987,8260,134,4,6,False,0,car,0 days 00:36:58.446000,0 days 01:35:13.958000
2024-07-07 14:40:11.147,8136,133,4,7,False,0,car,0 days 00:36:58.606000,0 days 01:35:14.118000
2024-07-07 14:40:11.427,7843,128,4,3,False,0,car,0 days 00:36:58.886000,0 days 01:35:14.398000
2024-07-07 14:40:11.587,7843,126,4,3,False,0,car,0 days 00:36:59.046000,0 days 01:35:14.558000
2024-07-07 14:40:11.827,7858,124,4,14,False,0,car,0 days 00:36:59.286000,0 days 01:35:14.798000
2024-07-07 14:40:11.987,7659,123,4,15,False,0,car,0 days 00:36:59.446000,0 days 01:35:14.958000
2024-07-07 14:40:12.227,7686,122,4,19,False,0,car,0 days 00:36:59.686000,0 days 01:35:15.198000
2024-07-07 14:40:12.427,7723,121,4,26,False,0,car,0 days 00:36:59.886000,0 days 01:35:15.398000
2024-07-07 14:40:12.707,7689,121,4,30,False,0,car,0 days 00:37:00.166000,0 days 01:35:15.678000
2024-07-07 14:40:12.867,7825,123,4,37,False,0,car,0 days 00:37:00.326000,0 days 01:35:15.838000
2024-07-07 14:40:13.107,8025,124,4,42,False,0,car,0 days 00:37:00.566000,0 days 01:35:16.078000
2024-07-07 14:40:13.427,8313,125,4,50,False,0,car,0 days 00:37:00.886000,0 days 01:35:16.398000
2024-07-07 14:40:13.707,8513,132,4,53,False,0,car,0 days 00:37:01.166000,0 days 01:35:16.678000
2024-07-07 14:40:13.947,8773,135,4,57,False,0,car,0 days 00:37:01.406000,0 days 01:35:16.918000
2024-07-07 14:40:14.107,8966,140,4,58,False,0,car,0 days 00:37:01.566000,0 days 01:35:17.078000
2024-07-07 14:40:14.348,8181,137,4,0,True,0,car,0 days 00:37:01.807000,0 days 01:35:17.319000
2024-07-07 14:40:14.508,7740,129,4,0,True,0,car,0 days 00:37:01.967000,0 days 01:35:17.479000
2024-07-07 14:40:14.708,7871,124,4,0,True,0,car,0 days 00:37:02.167000,0 days 01:35:17.679000
2024-07-07 14:40:14.868,8474,115,4,0,True,0,car,0 days 00:37:02.327000,0 days 01:35:17.839000
2024-07-07 14:40:15.148,7933,110,3,0,True,0,car,0 days 00:37:02.607000,0 days 01:35:18.119000
2024-07-07 14:40:15.388,7431,102,3,0,True,0,car,0 days 00:37:02.847000,0 days 01:35:18.359000
2024-07-07 14:40:15.708,7173,98,3,0,False,0,car,0 days 00:37:03.167000,0 days 01:35:18.679000
2024-07-07 14:40:15.868,7051,94,3,0,True,0,car,0 days 00:37:03.327000,0 days 01:35:18.839000
2024-07-07 14:40:16.228,6775,92,3,0,False,0,car,0 days 00:37:03.687000,0 days 01:35:19.199000
2024-07-07 14:40:16.428,6513,90,3,2,False,0,car,0 days 00:37:03.887000,0 days 01:35:19.399000
2024-07-07 14:40:16.588,6558,88,3,5,False,0,car,0 days 00:37:04.047000,0 days 01:35:19.559000
2024-07-07 14:40:16.788,6536,87,3,6,False,0,car,0 days 00:37:04.247000,0 days 01:35:19.759000
2024-07-07 14:40:17.107,6786,87,3,22,False,0,car,0 days 00:37:04.566000,0 days 01:35:20.078000
2024-07-07 14:40:17.267,6875,88,3,23,False,0,car,0 days 00:37:04.726000,0 days 01:35:20.238000
2024-07-07 14:40:17.547,6930,89,3,21,False,0,car,0 days 00:37:05.006000,0 days 01:35:20.518000
2024-07-07 14:40:17.787,6910,89,3,16,False,0,car,0 days 00:37:05.246000,0 days 01:35:20.758000
2024-07-07 14:40:17.947,6905,89,3,20,False,0,car,0 days 00:37:05.406000,0 days 01:35:20.918000
2024-07-07 14:40:18.147,7074,89,3,26,False,0,car,0 days 00:37:05.606000,0 days 01:35:21.118000
2024-07-07 14:40:18.387,7311,92,3,29,False,0,car,0 days 00:37:05.846000,0 days 01:35:21.358000
2024-07-07 14:40:18.547,7360,92,3,32,False,0,car,0 days 00:37:06.006000,0 days 01:35:21.518000
2024-07-07 14:40:18.747,7382,94,3,30,False,0,car,0 days 00:37:06.206000,0 days 01:35:21.718000
2024-07-07 14:40:19.107,7583,98,3,32,False,0,car,0 days 00:37:06.566000,0 days 01:35:22.078000
2024-07-07 14:40:19.267,7635,100,3,38,False,0,car,0 days 00:37:06.726000,0 days 01:35:22.238000
2024-07-07 14:40:19.547,7862,103,3,41,False,0,car,0 days 00:37:07.006000,0 days 01:35:22.518000
2024-07-07 14:40:19.747,8245,105,3,44,False,0,car,0 days 00:37:07.206000,0 days 01:35:22.718000
2024-07-07 14:40:19.907,8451,109,3,44,False,0,car,0 days 00:37:07.366000,0 days 01:35:22.878000
2024-07-07 14:40:20.147,7377,112,4,47,False,0,car,0 days 00:37:07.606000,0 days 01:35:23.118000
2024-07-07 14:40:20.507,7750,121,4,54,False,0,car,0 days 00:37:07.966000,0 days 01:35:23.478000
2024-07-07 14:40:20.748,8232,125,4,59,False,0,car,0 days 00:37:08.207000,0 days 01:35:23.719000
2024-07-07 14:40:21.028,8772,132,4,63,False,0,car,0 days 00:37:08.487000,0 days 01:35:23.999000
2024-07-07 14:40:21.228,9048,137,4,67,False,0,car,0 days 00:37:08.687000,0 days 01:35:24.199000
2024-07-07 14:40:21.388,9375,143,4,71,False,0,car,0 days 00:37:08.847000,0 days 01:35:24.359000
2024-07-07 14:40:21.628,10090,150,4,80,False,0,car,0 days 00:37:09.087000,0 days 01:35:24.599000
2024-07-07 14:40:21.868,10374,159,4,82,False,0,car,0 days 00:37:09.327000,0 days 01:35:24.839000
2024-07-07 14:40:22.268,11155,173,4,100,False,0,car,0 days 00:37:09.727000,0 days 01:35:25.239000
2024-07-07 14:40:22.428,11416,177,4,100,False,0,car,0 days 00:37:09.887000,0 days 01:35:25.399000
2024-07-07 14:40:22.588,12072,184,4,100,False,0,car,0 days 00:37:10.047000,0 days 01:35:25.559000
2024-07-07 14:40:22.788,10672,191,5,100,False,0,car,0 days 00:37:10.247000,0 days 01:35:25.759000
2024-07-07 14:40:23.028,10692,199,5,100,False,0,car,0 days 00:37:10.487000,0 days 01:35:25.999000
2024-07-07 14:40:23.308,11196,207,5,100,False,0,car,0 days 00:37:10.767000,0 days 01:35:26.279000
2024-07-07 14:40:23.628,11565,215,5,100,False,0,car,0 days 00:37:11.087000,0 days 01:35:26.599000
2024-07-07 14:40:23.787,10725,221,5,100,False,0,car,0 days 00:37:11.246000,0 days 01:35:26.758000
2024-07-07 14:40:23.987,10320,225,5,100,False,0,car,0 days 00:37:11.446000,0 days 01:35:26.958000
2024-07-07 14:40:24.227,10585,229,6,100,False,0,car,0 days 00:37:11.686000,0 days 01:35:27.198000
2024-07-07 14:40:24.427,10764,233,6,100,False,0,car,0 days 00:37:11.886000,0 days 01:35:27.398000
2024-07-07 14:40:24.587,10897,236,6,100,False,0,car,0 days 00:37:12.046000,0 days 01:35:27.558000
2024-07-07 14:40:24.947,11122,242,6,100,False,0,car,0 days 00:37:12.406000,0 days 01:35:27.918000
2024-07-07 14:40:25.107,11270,246,6,100,False,0,car,0 days 00:37:12.566000,0 days 01:35:28.078000
2024-07-07 14:40:25.347,11382,248,6,100,False,0,car,0 days 00:37:12.806000,0 days 01:35:28.318000
2024-07-07 14:40:26.547,10593,264,7,100,False,0,car,0 days 00:37:14.006000,0 days 01:35:29.518000
2024-07-07 14:40:26.707,10647,265,7,100,False,0,car,0 days 00:37:14.166000,0 days 01:35:29.678000
2024-07-07 14:40:27.147,10771,270,7,100,False,0,car,0 days 00:37:14.606000,0 days 01:35:30.118000
2024-07-07 14:40:27.468,10917,273,7,100,False,0,car,0 days 00:37:14.927000,0 days 01:35:30.439000
2024-07-07 14:40:27.668,10972,275,7,100,False,0,car,0 days 00:37:15.127000,0 days 01:35:30.639000
2024-07-07 14:40:27.868,11091,278,7,100,False,0,car,0 days 00:37:15.327000,0 days 01:35:30.839000
2024-07-07 14:40:28.028,11076,277,7,100,False,0,car,0 days 00:37:15.487000,0 days 01:35:30.999000
2024-07-07 14:40:28.268,11152,281,7,100,False,0,car,0 days 00:37:15.727000,0 days 01:35:31.239000
2024-07-07 14:40:28.468,11222,281,7,100,False,0,car,0 days 00:37:15.927000,0 days 01:35:31.439000
2024-07-07 14:40:28.668,11320,284,7,100,False,0,car,0 days 00:37:16.127000,0 days 01:35:31.639000
2024-07-07 14:40:28.828,11325,284,7,100,False,0,car,0 days 00:37:16.287000,0 days 01:35:31.799000
2024-07-07 14:40:29.028,11371,286,7,100,False,0,car,0 days 00:37:16.487000,0 days 01:35:31.999000
2024-07-07 14:40:29.348,11419,288,7,100,False,0,car,0 days 00:37:16.807000,0 days 01:35:32.319000
2024-07-07 14:40:29.548,11488,288,7,100,False,0,car,0 days 00:37:17.007000,0 days 01:35:32.519000
2024-07-07 14:40:29.828,11555,291,7,100,False,0,car,0 days 00:37:17.287000,0 days 01:35:32.799000
2024-07-07 14:40:30.188,11628,293,7,100,False,0,car,0 days 00:37:17.647000,0 days 01:35:33.159000
2024-07-07 14:40:30.427,11646,293,7,100,False,0,car,0 days 00:37:17.886000,0 days 01:35:33.398000
2024-07-07 14:40:30.587,11060,289,7,55,True,0,car,0 days 00:37:18.046000,0 days 01:35:33.558000
2024-07-07 14:40:30.867,10448,261,7,0,True,0,car,0 days 00:37:18.326000,0 days 01:35:33.838000
2024-07-07 14:40:31.267,9817,228,7,0,True,0,car,0 days 00:37:18.726000,0 days 01:35:34.238000
2024-07-07 14:40:31.467,9842,217,6,0,True,0,car,0 days 00:37:18.926000,0 days 01:35:34.438000
2024-07-07 14:40:31.627,9459,217,6,0,True,0,car,0 days 00:37:19.086000,0 days 01:35:34.598000
2024-07-07 14:40:31.827,9279,208,6,0,True,0,car,0 days 00:37:19.286000,0 days 01:35:34.798000
2024-07-07 14:40:32.067,9799,203,6,0,True,0,car,0 days 00:37:19.526000,0 days 01:35:35.038000
2024-07-07 14:40:32.347,10135,197,5,0,False,0,car,0 days 00:37:19.806000,0 days 01:35:35.318000
2024-07-07 14:40:32.707,10022,190,5,28,False,0,car,0 days 00:37:20.166000,0 days 01:35:35.678000
2024-07-07 14:40:32.947,9904,188,5,47,False,0,car,0 days 00:37:20.406000,0 days 01:35:35.918000
2024-07-07 14:40:33.307,10034,188,5,57,False,0,car,0 days 00:37:20.766000,0 days 01:35:36.278000
2024-07-07 14:40:33.547,10081,188,5,57,False,0,car,0 days 00:37:21.006000,0 days 01:35:36.518000
2024-07-07 14:40:33.707,10195,188,5,64,False,0,car,0 days 00:37:21.166000,0 days 01:35:36.678000
2024-07-07 14:40:34.108,10545,195,5,77,False,0,car,0 days 00:37:21.567000,0 days 01:35:37.079000
2024-07-07 14:40:34.348,10682,195,5,79,False,0,car,0 days 00:37:21.807000,0 days 01:35:37.319000
2024-07-07 14:40:34.548,10988,201,5,82,False,0,car,0 days 00:37:22.007000,0 days 01:35:37.519000
2024-07-07 14:40:34.868,11090,208,5,83,False,0,car,0 days 00:37:22.327000,0 days 01:35:37.839000
2024-07-07 14:40:35.148,11383,212,5,81,False,0,car,0 days 00:37:22.607000,0 days 01:35:38.119000
2024-07-07 14:40:35.348,11446,215,5,79,False,0,car,0 days 00:37:22.807000,0 days 01:35:38.319000
2024-07-07 14:40:35.588,10019,219,5,81,False,0,car,0 days 00:37:23.047000,0 days 01:35:38.559000
2024-07-07 14:40:35.988,10092,220,6,69,False,0,car,0 days 00:37:23.447000,0 days 01:35:38.959000
2024-07-07 14:40:36.268,10204,224,6,80,False,0,car,0 days 00:37:23.727000,0 days 01:35:39.239000
2024-07-07 14:40:36.548,10543,228,6,100,False,0,car,0 days 00:37:24.007000,0 days 01:35:39.519000
2024-07-07 14:40:36.708,10701,233,6,100,False,0,car,0 days 00:37:24.167000,0 days 01:35:39.679000
2024-07-07 14:40:36.868,10652,236,6,83,False,0,car,0 days 00:37:24.327000,0 days 01:35:39.839000
2024-07-07 14:40:37.068,10761,238,6,78,False,0,car,0 days 00:37:24.527000,0 days 01:35:40.039000
2024-07-07 14:40:37.387,10911,240,6,77,False,0,car,0 days 00:37:24.846000,0 days 01:35:40.358000
2024-07-07 14:40:37.547,10917,240,6,69,False,0,car,0 days 00:37:25.006000,0 days 01:35:40.518000
2024-07-07 14:40:37.827,10951,241,6,69,False,0,car,0 days 00:37:25.286000,0 days 01:35:40.798000
2024-07-07 14:40:38.027,10967,241,6,69,False,0,car,0 days 00:37:25.486000,0 days 01:35:40.998000
2024-07-07 14:40:38.347,11023,243,6,67,False,0,car,0 days 00:37:25.806000,0 days 01:35:41.318000
2024-07-07 14:40:38.547,11023,243,6,67,False,0,car,0 days 00:37:26.006000,0 days 01:35:41.518000
2024-07-07 14:40:38.867,11120,245,6,76,False,0,car,0 days 00:37:26.326000,0 days 01:35:41.838000
2024-07-07 14:40:39.267,11318,249,6,100,False,0,car,0 days 00:37:26.726000,0 days 01:35:42.238000
2024-07-07 14:40:39.507,11559,254,6,100,False,0,car,0 days 00:37:26.966000,0 days 01:35:42.478000
2024-07-07 14:40:39.787,11650,258,6,100,False,0,car,0 days 00:37:27.246000,0 days 01:35:42.758000
2024-07-07 14:40:40.067,10292,262,7,100,False,0,car,0 days 00:37:27.526000,0 days 01:35:43.038000
2024-07-07 14:40:40.307,10549,265,7,100,False,0,car,0 days 00:37:27.766000,0 days 01:35:43.278000
2024-07-07 14:40:40.628,10761,269,7,100,False,0,car,0 days 00:37:28.087000,0 days 01:35:43.599000
2024-07-07 14:40:40.828,10867,271,7,100,False,0,car,0 days 00:37:28.287000,0 days 01:35:43.799000
2024-07-07 14:40:41.068,10527,266,7,54,True,0,car,0 days 00:37:28.527000,0 days 01:35:44.039000
2024-07-07 14:40:41.428,9955,259,7,0,True,0,car,0 days 00:37:28.887000,0 days 01:35:44.399000
2024-07-07 14:40:41.788,9430,240,7,0,True,0,car,0 days 00:37:29.247000,0 days 01:35:44.759000
2024-07-07 14:40:41.948,9430,236,7,0,True,0,car,0 days 00:37:29.407000,0 days 01:35:44.919000
2024-07-07 14:40:42.228,9695,220,6,0,True,0,car,0 days 00:37:29.687000,0 days 01:35:45.199000
2024-07-07 14:40:42.668,9468,209,6,13,False,0,car,0 days 00:37:30.127000,0 days 01:35:45.639000
2024-07-07 14:40:43.028,9253,203,6,44,False,0,car,0 days 00:37:30.487000,0 days 01:35:45.999000
2024-07-07 14:40:43.308,9175,201,6,48,False,0,car,0 days 00:37:30.767000,0 days 01:35:46.279000
2024-07-07 14:40:43.508,9396,202,6,68,False,0,car,0 days 00:37:30.967000,0 days 01:35:46.479000
2024-07-07 14:40:43.748,9437,203,6,80,False,0,car,0 days 00:37:31.207000,0 days 01:35:46.719000
2024-07-07 14:40:44.027,9605,207,6,81,False,0,car,0 days 00:37:31.486000,0 days 01:35:46.998000
2024-07-07 14:40:44.187,9747,212,6,83,False,0,car,0 days 00:37:31.646000,0 days 01:35:47.158000
2024-07-07 14:40:44.507,9629,217,6,85,False,0,car,0 days 00:37:31.966000,0 days 01:35:47.478000
2024-07-07 14:40:44.787,9203,206,6,0,True,0,car,0 days 00:37:32.246000,0 days 01:35:47.758000
2024-07-07 14:40:44.987,9191,204,6,0,True,0,car,0 days 00:37:32.446000,0 days 01:35:47.958000
2024-07-07 14:40:45.347,10181,196,5,0,False,0,car,0 days 00:37:32.806000,0 days 01:35:48.318000
2024-07-07 14:40:45.507,9861,192,5,0,False,0,car,0 days 00:37:32.966000,0 days 01:35:48.478000
2024-07-07 14:40:45.667,9861,187,5,0,False,0,car,0 days 00:37:33.126000,0 days 01:35:48.638000
2024-07-07 14:40:45.827,9690,184,5,3,False,0,car,0 days 00:37:33.286000,0 days 01:35:48.798000
2024-07-07 14:40:46.147,9476,181,5,27,False,0,car,0 days 00:37:33.606000,0 days 01:35:49.118000
2024-07-07 14:40:46.347,9421,178,5,42,False,0,car,0 days 00:37:33.806000,0 days 01:35:49.318000
2024-07-07 14:40:46.627,9580,179,5,56,False,0,car,0 days 00:37:34.086000,0 days 01:35:49.598000
2024-07-07 14:40:46.827,9633,179,5,57,False,0,car,0 days 00:37:34.286000,0 days 01:35:49.798000
2024-07-07 14:40:47.148,9181,182,5,20,True,0,car,0 days 00:37:34.607000,0 days 01:35:50.119000
2024-07-07 14:40:47.308,8956,174,5,0,True,0,car,0 days 00:37:34.767000,0 days 01:35:50.279000
2024-07-07 14:40:47.468,9096,168,5,0,True,8,car,0 days 00:37:34.927000,0 days 01:35:50.439000
2024-07-07 14:40:47.708,9902,163,4,0,True,8,car,0 days 00:37:35.167000,0 days 01:35:50.679000
2024-07-07 14:40:47.868,9775,158,4,0,True,8,car,0 days 00:37:35.327000,0 days 01:35:50.839000
2024-07-07 14:40:48.108,9559,154,4,0,False,8,car,0 days 00:37:35.567000,0 days 01:35:51.079000
2024-07-07 14:40:48.308,9424,152,4,0,False,8,car,0 days 00:37:35.767000,0 days 01:35:51.279000
2024-07-07 14:40:48.588,9179,147,4,0,False,8,car,0 days 00:37:36.047000,0 days 01:35:51.559000
2024-07-07 14:40:48.868,9202,144,4,32,False,8,car,0 days 00:37:36.327000,0 days 01:35:51.839000
2024-07-07 14:40:49.188,9383,143,4,49,False,8,car,0 days 00:37:36.647000,0 days 01:35:52.159000
2024-07-07 14:40:49.468,9440,146,4,54,False,8,car,0 days 00:37:36.927000,0 days 01:35:52.439000
2024-07-07 14:40:49.628,9586,146,4,57,False,8,car,0 days 00:37:37.087000,0 days 01:35:52.599000
2024-07-07 14:40:49.788,9676,148,4,56,False,8,car,0 days 00:37:37.247000,0 days 01:35:52.759000
2024-07-07 14:40:49.988,9833,151,4,64,False,8,car,0 days 00:37:37.447000,0 days 01:35:52.959000
2024-07-07 14:40:50.388,10310,159,4,72,False,8,car,0 days 00:37:37.847000,0 days 01:35:53.359000
2024-07-07 14:40:50.587,10674,163,4,72,False,8,car,0 days 00:37:38.046000,0 days 01:35:53.558000
2024-07-07 14:40:50.867,11098,172,4,85,False,8,car,0 days 00:37:38.326000,0 days 01:35:53.838000
2024-07-07 14:40:51.107,11373,176,4,93,False,8,car,0 days 00:37:38.566000,0 days 01:35:54.078000
2024-07-07 14:40:51.307,11425,176,4,100,False,8,car,0 days 00:37:38.766000,0 days 01:35:54.278000
2024-07-07 14:40:51.747,10814,200,5,100,False,8,car,0 days 00:37:39.206000,0 days 01:35:54.718000
2024-07-07 14:40:51.947,11216,206,5,100,False,8,car,0 days 00:37:39.406000,0 days 01:35:54.918000
2024-07-07 14:40:52.307,11609,217,5,99,False,8,car,0 days 00:37:39.766000,0 days 01:35:55.278000
2024-07-07 14:40:52.467,10909,221,5,100,False,8,car,0 days 00:37:39.926000,0 days 01:35:55.438000
2024-07-07 14:40:52.707,10407,227,6,100,False,8,car,0 days 00:37:40.166000,0 days 01:35:55.678000
2024-07-07 14:40:53.027,10707,232,6,100,False,8,car,0 days 00:37:40.486000,0 days 01:35:55.998000
2024-07-07 14:40:53.227,10861,236,6,100,False,8,car,0 days 00:37:40.686000,0 days 01:35:56.198000
2024-07-07 14:40:53.507,11113,242,6,100,False,8,car,0 days 00:37:40.966000,0 days 01:35:56.478000
2024-07-07 14:40:53.788,11314,247,6,100,False,8,car,0 days 00:37:41.247000,0 days 01:35:56.759000
2024-07-07 14:40:53.948,11383,248,6,100,False,8,car,0 days 00:37:41.407000,0 days 01:35:56.919000
2024-07-07 14:40:54.428,11689,256,6,100,False,8,car,0 days 00:37:41.887000,0 days 01:35:57.399000
2024-07-07 14:40:54.788,10503,262,7,100,False,8,car,0 days 00:37:42.247000,0 days 01:35:57.759000
2024-07-07 14:40:55.028,10596,265,7,100,False,8,car,0 days 00:37:42.487000,0 days 01:35:57.999000
2024-07-07 14:40:55.188,10596,268,7,100,False,8,car,0 days 00:37:42.647000,0 days 01:35:58.159000
2024-07-07 14:40:55.428,10785,270,7,100,False,8,car,0 days 00:37:42.887000,0 days 01:35:58.399000
2024-07-07 14:40:55.828,10919,274,7,100,False,8,car,0 days 00:37:43.287000,0 days 01:35:58.799000
2024-07-07 14:40:56.068,10998,276,7,100,False,8,car,0 days 00:37:43.527000,0 days 01:35:59.039000
2024-07-07 14:40:56.228,11092,278,7,100,False,8,car,0 days 00:37:43.687000,0 days 01:35:59.199000
2024-07-07 14:40:56.468,11134,280,7,100,False,8,car,0 days 00:37:43.927000,0 days 01:35:59.439000
2024-07-07 14:40:56.628,11198,282,7,100,False,8,car,0 days 00:37:44.087000,0 days 01:35:59.599000
2024-07-07 14:40:56.868,11198,283,7,100,False,8,car,0 days 00:37:44.327000,0 days 01:35:59.839000
2024-07-07 14:40:57.068,11263,285,7,100,False,8,car,0 days 00:37:44.527000,0 days 01:36:00.039000
2024-07-07 14:40:57.347,11386,286,7,100,False,8,car,0 days 00:37:44.806000,0 days 01:36:00.318000
2024-07-07 14:40:57.667,11437,288,7,100,False,8,car,0 days 00:37:45.126000,0 days 01:36:00.638000
2024-07-07 14:40:57.947,11530,289,7,100,False,8,car,0 days 00:37:45.406000,0 days 01:36:00.918000
2024-07-07 14:40:58.107,11542,290,7,100,False,8,car,0 days 00:37:45.566000,0 days 01:36:01.078000
2024-07-07 14:40:58.347,11631,290,7,100,False,8,car,0 days 00:37:45.806000,0 days 01:36:01.318000
2024-07-07 14:40:58.627,11632,293,7,100,False,8,car,0 days 00:37:46.086000,0 days 01:36:01.598000
2024-07-07 14:40:58.907,11686,294,7,100,False,8,car,0 days 00:37:46.366000,0 days 01:36:01.878000
2024-07-07 14:40:59.107,11544,294,7,100,False,8,car,0 days 00:37:46.566000,0 days 01:36:02.078000
2024-07-07 14:40:59.347,10364,294,7,100,False,8,car,0 days 00:37:46.806000,0 days 01:36:02.318000
2024-07-07 14:40:59.707,10501,296,8,100,False,8,car,0 days 00:37:47.166000,0 days 01:36:02.678000
2024-07-07 14:40:59.987,10503,298,8,100,False,8,car,0 days 00:37:47.446000,0 days 01:36:02.958000
2024-07-07 14:41:00.348,10540,297,8,100,False,8,car,0 days 00:37:47.807000,0 days 01:36:03.319000
2024-07-07 14:41:00.748,10565,299,8,100,False,8,car,0 days 00:37:48.207000,0 days 01:36:03.719000
2024-07-07 14:41:01.068,10558,292,8,100,True,0,car,0 days 00:37:48.527000,0 days 01:36:04.039000
2024-07-07 14:41:01.228,9744,292,8,0,True,0,car,0 days 00:37:48.687000,0 days 01:36:04.199000
2024-07-07 14:41:01.468,9244,259,8,0,True,0,car,0 days 00:37:48.927000,0 days 01:36:04.439000
2024-07-07 14:41:01.748,9409,243,7,0,True,0,car,0 days 00:37:49.207000,0 days 01:36:04.719000
2024-07-07 14:41:02.188,9529,208,7,0,True,0,car,0 days 00:37:49.647000,0 days 01:36:05.159000
2024-07-07 14:41:02.388,9677,198,6,0,True,0,car,0 days 00:37:49.847000,0 days 01:36:05.359000
2024-07-07 14:41:02.788,9525,182,5,0,True,0,car,0 days 00:37:50.247000,0 days 01:36:05.759000
2024-07-07 14:41:03.148,8910,176,5,0,True,0,car,0 days 00:37:50.607000,0 days 01:36:06.119000
2024-07-07 14:41:03.308,9082,168,5,0,True,0,car,0 days 00:37:50.767000,0 days 01:36:06.279000
2024-07-07 14:41:03.468,10202,164,5,0,False,0,car,0 days 00:37:50.927000,0 days 01:36:06.439000
2024-07-07 14:41:03.788,9827,161,4,36,False,0,car,0 days 00:37:51.247000,0 days 01:36:06.759000
2024-07-07 14:41:04.067,9971,159,4,45,False,0,car,0 days 00:37:51.526000,0 days 01:36:07.038000
2024-07-07 14:41:04.347,10031,158,4,49,False,0,car,0 days 00:37:51.806000,0 days 01:36:07.318000
2024-07-07 14:41:04.507,10043,158,4,49,False,0,car,0 days 00:37:51.966000,0 days 01:36:07.478000
2024-07-07 14:41:04.787,10175,159,4,58,False,0,car,0 days 00:37:52.246000,0 days 01:36:07.758000
2024-07-07 14:41:05.027,10285,160,4,57,False,0,car,0 days 00:37:52.486000,0 days 01:36:07.998000
2024-07-07 14:41:05.347,9767,162,4,59,False,0,car,0 days 00:37:52.806000,0 days 01:36:08.318000
2024-07-07 14:41:05.627,8985,165,5,68,False,0,car,0 days 00:37:53.086000,0 days 01:36:08.598000
2024-07-07 14:41:05.867,9210,168,5,69,False,0,car,0 days 00:37:53.326000,0 days 01:36:08.838000
2024-07-07 14:41:06.267,9466,174,5,78,False,0,car,0 days 00:37:53.726000,0 days 01:36:09.238000
2024-07-07 14:41:06.627,9947,181,5,82,False,0,car,0 days 00:37:54.086000,0 days 01:36:09.598000
2024-07-07 14:41:06.868,10320,187,5,86,False,0,car,0 days 00:37:54.327000,0 days 01:36:09.839000
2024-07-07 14:41:07.068,10560,192,5,86,False,0,car,0 days 00:37:54.527000,0 days 01:36:10.039000
2024-07-07 14:41:07.228,10748,195,5,100,False,0,car,0 days 00:37:54.687000,0 days 01:36:10.199000
2024-07-07 14:41:07.508,11184,204,5,100,False,0,car,0 days 00:37:54.967000,0 days 01:36:10.479000
2024-07-07 14:41:07.668,11301,209,5,100,False,0,car,0 days 00:37:55.127000,0 days 01:36:10.639000
2024-07-07 14:41:07.908,11695,215,5,100,False,0,car,0 days 00:37:55.367000,0 days 01:36:10.879000
2024-07-07 14:41:08.108,11519,215,5,100,False,0,car,0 days 00:37:55.567000,0 days 01:36:11.079000
2024-07-07 14:41:08.268,10527,224,5,100,False,0,car,0 days 00:37:55.727000,0 days 01:36:11.239000
2024-07-07 14:41:08.508,10581,231,6,100,False,0,car,0 days 00:37:55.967000,0 days 01:36:11.479000
2024-07-07 14:41:08.668,10679,235,6,100,False,0,car,0 days 00:37:56.127000,0 days 01:36:11.639000
2024-07-07 14:41:08.948,10944,237,6,100,False,0,car,0 days 00:37:56.407000,0 days 01:36:11.919000
2024-07-07 14:41:09.348,11244,244,6,100,False,0,car,0 days 00:37:56.807000,0 days 01:36:12.319000
2024-07-07 14:41:09.508,11388,247,6,100,False,0,car,0 days 00:37:56.967000,0 days 01:36:12.479000
2024-07-07 14:41:09.868,11507,253,6,100,False,0,car,0 days 00:37:57.327000,0 days 01:36:12.839000
2024-07-07 14:41:10.108,11641,253,6,92,False,0,car,0 days 00:37:57.567000,0 days 01:36:13.079000
2024-07-07 14:41:10.308,11062,238,6,0,True,0,car,0 days 00:37:57.767000,0 days 01:36:13.279000
2024-07-07 14:41:10.588,9810,220,6,0,True,0,car,0 days 00:37:58.047000,0 days 01:36:13.559000
2024-07-07 14:41:10.787,9093,197,6,0,True,0,car,0 days 00:37:58.246000,0 days 01:36:13.758000
2024-07-07 14:41:11.107,9375,177,6,0,True,0,car,0 days 00:37:58.566000,0 days 01:36:14.078000
2024-07-07 14:41:11.387,9477,165,5,0,True,0,car,0 days 00:37:58.846000,0 days 01:36:14.358000
2024-07-07 14:41:11.547,9381,159,4,0,True,0,car,0 days 00:37:59.006000,0 days 01:36:14.518000
2024-07-07 14:41:11.947,9606,140,4,0,True,0,car,0 days 00:37:59.406000,0 days 01:36:14.918000
2024-07-07 14:41:12.227,8812,128,3,0,True,0,car,0 days 00:37:59.686000,0 days 01:36:15.198000
2024-07-07 14:41:12.627,7931,112,3,0,True,0,car,0 days 00:38:00.086000,0 days 01:36:15.598000
2024-07-07 14:41:12.827,7548,109,3,0,True,0,car,0 days 00:38:00.286000,0 days 01:36:15.798000
2024-07-07 14:41:13.027,7211,104,3,0,True,0,car,0 days 00:38:00.486000,0 days 01:36:15.998000
2024-07-07 14:41:13.428,6683,94,3,0,True,0,car,0 days 00:38:00.887000,0 days 01:36:16.399000
2024-07-07 14:41:13.868,6309,86,3,0,True,0,car,0 days 00:38:01.327000,0 days 01:36:16.839000
2024-07-07 14:41:14.068,6275,83,3,0,False,0,car,0 days 00:38:01.527000,0 days 01:36:17.039000
2024-07-07 14:41:14.228,5987,84,3,0,False,0,car,0 days 00:38:01.687000,0 days 01:36:17.199000
2024-07-07 14:41:14.468,6149,81,3,6,False,0,car,0 days 00:38:01.927000,0 days 01:36:17.439000
2024-07-07 14:41:14.708,6316,81,3,23,False,0,car,0 days 00:38:02.167000,0 days 01:36:17.679000
2024-07-07 14:41:14.908,6513,83,3,30,False,0,car,0 days 00:38:02.367000,0 days 01:36:17.879000
2024-07-07 14:41:15.268,6826,87,3,34,False,0,car,0 days 00:38:02.727000,0 days 01:36:18.239000
2024-07-07 14:41:15.468,6958,90,3,35,False,0,car,0 days 00:38:02.927000,0 days 01:36:18.439000
2024-07-07 14:41:15.628,7174,93,3,32,False,0,car,0 days 00:38:03.087000,0 days 01:36:18.599000
2024-07-07 14:41:15.868,6961,95,3,0,False,0,car,0 days 00:38:03.327000,0 days 01:36:18.839000
2024-07-07 14:41:16.268,6552,89,3,0,False,0,car,0 days 00:38:03.727000,0 days 01:36:19.239000
2024-07-07 14:41:16.548,6732,87,3,10,False,0,car,0 days 00:38:04.007000,0 days 01:36:19.519000
2024-07-07 14:41:16.748,6601,86,3,24,False,0,car,0 days 00:38:04.207000,0 days 01:36:19.719000
2024-07-07 14:41:17.068,7064,89,3,29,False,0,car,0 days 00:38:04.527000,0 days 01:36:20.039000
2024-07-07 14:41:17.467,7167,92,3,37,False,0,car,0 days 00:38:04.926000,0 days 01:36:20.438000
2024-07-07 14:41:17.627,7450,94,3,37,False,0,car,0 days 00:38:05.086000,0 days 01:36:20.598000
2024-07-07 14:41:17.827,7823,97,3,42,False,0,car,0 days 00:38:05.286000,0 days 01:36:20.798000
2024-07-07 14:41:18.107,8128,102,3,44,False,0,car,0 days 00:38:05.566000,0 days 01:36:21.078000
2024-07-07 14:41:18.267,8280,105,3,51,False,0,car,0 days 00:38:05.726000,0 days 01:36:21.238000
2024-07-07 14:41:18.507,8823,110,3,53,False,0,car,0 days 00:38:05.966000,0 days 01:36:21.478000
2024-07-07 14:41:18.907,9440,119,3,58,False,0,car,0 days 00:38:06.366000,0 days 01:36:21.878000
2024-07-07 14:41:19.147,8320,124,3,59,False,0,car,0 days 00:38:06.606000,0 days 01:36:22.118000
2024-07-07 14:41:19.387,8542,131,4,62,False,0,car,0 days 00:38:06.846000,0 days 01:36:22.358000
2024-07-07 14:41:19.587,8854,135,4,62,False,0,car,0 days 00:38:07.046000,0 days 01:36:22.558000
2024-07-07 14:41:19.907,9410,142,4,67,False,0,car,0 days 00:38:07.366000,0 days 01:36:22.878000
2024-07-07 14:41:20.148,9871,147,4,70,False,0,car,0 days 00:38:07.607000,0 days 01:36:23.119000
2024-07-07 14:41:20.548,10166,155,4,68,False,0,car,0 days 00:38:08.007000,0 days 01:36:23.519000
2024-07-07 14:41:20.748,9046,159,4,60,False,0,car,0 days 00:38:08.207000,0 days 01:36:23.719000
2024-07-07 14:41:21.028,8970,164,5,62,False,0,car,0 days 00:38:08.487000,0 days 01:36:23.999000
2024-07-07 14:41:21.348,9171,168,5,63,False,0,car,0 days 00:38:08.807000,0 days 01:36:24.319000
2024-07-07 14:41:21.588,9324,170,5,68,False,0,car,0 days 00:38:09.047000,0 days 01:36:24.559000
2024-07-07 14:41:21.828,9657,174,5,69,False,0,car,0 days 00:38:09.287000,0 days 01:36:24.799000
2024-07-07 14:41:21.988,9736,178,5,76,False,0,car,0 days 00:38:09.447000,0 days 01:36:24.959000
2024-07-07 14:41:22.428,10255,185,5,97,False,0,car,0 days 00:38:09.887000,0 days 01:36:25.399000
2024-07-07 14:41:22.628,10708,191,5,94,False,0,car,0 days 00:38:10.087000,0 days 01:36:25.599000
2024-07-07 14:41:22.828,10941,194,5,100,False,0,car,0 days 00:38:10.287000,0 days 01:36:25.799000
2024-07-07 14:41:23.308,11482,211,5,100,False,0,car,0 days 00:38:10.767000,0 days 01:36:26.279000
2024-07-07 14:41:23.668,11255,221,5,100,False,0,car,0 days 00:38:11.127000,0 days 01:36:26.639000
2024-07-07 14:41:24.028,10646,229,6,100,False,0,car,0 days 00:38:11.487000,0 days 01:36:26.999000
2024-07-07 14:41:24.307,10930,236,6,100,False,0,car,0 days 00:38:11.766000,0 days 01:36:27.278000
2024-07-07 14:41:24.627,11166,242,6,100,False,0,car,0 days 00:38:12.086000,0 days 01:36:27.598000
2024-07-07 14:41:24.787,11225,246,6,100,False,0,car,0 days 00:38:12.246000,0 days 01:36:27.758000
2024-07-07 14:41:25.027,11427,249,6,100,False,0,car,0 days 00:38:12.486000,0 days 01:36:27.998000
2024-07-07 14:41:25.187,11513,252,6,100,False,0,car,0 days 00:38:12.646000,0 days 01:36:28.158000
2024-07-07 14:41:25.467,11681,256,6,100,False,0,car,0 days 00:38:12.926000,0 days 01:36:28.438000
2024-07-07 14:41:25.667,11790,258,6,100,False,0,car,0 days 00:38:13.126000,0 days 01:36:28.638000
2024-07-07 14:41:25.987,10478,263,7,100,False,0,car,0 days 00:38:13.446000,0 days 01:36:28.958000
2024-07-07 14:41:26.147,10601,265,7,100,False,0,car,0 days 00:38:13.606000,0 days 01:36:29.118000
2024-07-07 14:41:26.307,10659,265,7,100,False,0,car,0 days 00:38:13.766000,0 days 01:36:29.278000
2024-07-07 14:41:26.588,10779,270,7,100,False,0,car,0 days 00:38:14.047000,0 days 01:36:29.559000
2024-07-07 14:41:26.748,10859,271,7,100,False,0,car,0 days 00:38:14.207000,0 days 01:36:29.719000
2024-07-07 14:41:26.908,10927,271,7,100,False,0,car,0 days 00:38:14.367000,0 days 01:36:29.879000
2024-07-07 14:41:27.228,11074,277,7,100,False,0,car,0 days 00:38:14.687000,0 days 01:36:30.199000
2024-07-07 14:41:27.388,11076,278,7,100,False,0,car,0 days 00:38:14.847000,0 days 01:36:30.359000
2024-07-07 14:41:27.588,11128,281,7,100,False,0,car,0 days 00:38:15.047000,0 days 01:36:30.559000
2024-07-07 14:41:27.908,10683,279,7,0,True,0,car,0 days 00:38:15.367000,0 days 01:36:30.879000
2024-07-07 14:41:28.268,10063,235,7,0,True,0,car,0 days 00:38:15.727000,0 days 01:36:31.239000
2024-07-07 14:41:28.508,9642,220,6,0,True,0,car,0 days 00:38:15.967000,0 days 01:36:31.479000
2024-07-07 14:41:28.788,9986,208,6,0,True,0,car,0 days 00:38:16.247000,0 days 01:36:31.759000
2024-07-07 14:41:29.108,10311,200,6,0,False,0,car,0 days 00:38:16.567000,0 days 01:36:32.079000
2024-07-07 14:41:29.508,10154,195,5,38,False,0,car,0 days 00:38:16.967000,0 days 01:36:32.479000
2024-07-07 14:41:29.708,10109,192,5,42,False,0,car,0 days 00:38:17.167000,0 days 01:36:32.679000
2024-07-07 14:41:30.028,10183,192,5,55,False,0,car,0 days 00:38:17.487000,0 days 01:36:32.999000
2024-07-07 14:41:30.308,10401,192,5,72,False,0,car,0 days 00:38:17.767000,0 days 01:36:33.279000
2024-07-07 14:41:30.668,10823,197,5,85,False,0,car,0 days 00:38:18.127000,0 days 01:36:33.639000
2024-07-07 14:41:30.947,11140,203,5,100,False,0,car,0 days 00:38:18.406000,0 days 01:36:33.918000
2024-07-07 14:41:31.107,11373,209,5,100,False,0,car,0 days 00:38:18.566000,0 days 01:36:34.078000
2024-07-07 14:41:31.267,11513,214,5,100,False,0,car,0 days 00:38:18.726000,0 days 01:36:34.238000
2024-07-07 14:41:31.587,10189,220,5,100,False,0,car,0 days 00:38:19.046000,0 days 01:36:34.558000
2024-07-07 14:41:31.787,10350,226,6,100,False,0,car,0 days 00:38:19.246000,0 days 01:36:34.758000
2024-07-07 14:41:32.027,10548,229,6,100,False,0,car,0 days 00:38:19.486000,0 days 01:36:34.998000
2024-07-07 14:41:32.307,10941,236,6,100,False,0,car,0 days 00:38:19.766000,0 days 01:36:35.278000
2024-07-07 14:41:32.547,11043,239,6,86,False,0,car,0 days 00:38:20.006000,0 days 01:36:35.518000
2024-07-07 14:41:32.707,11099,242,6,86,False,0,car,0 days 00:38:20.166000,0 days 01:36:35.678000
2024-07-07 14:41:32.867,11158,244,6,84,False,0,car,0 days 00:38:20.326000,0 days 01:36:35.838000
2024-07-07 14:41:33.228,11296,245,6,87,False,0,car,0 days 00:38:20.687000,0 days 01:36:36.199000
2024-07-07 14:41:33.388,11306,247,6,94,False,0,car,0 days 00:38:20.847000,0 days 01:36:36.359000
2024-07-07 14:41:33.588,11449,248,6,100,False,0,car,0 days 00:38:21.047000,0 days 01:36:36.559000
2024-07-07 14:41:33.908,11645,253,6,100,False,0,car,0 days 00:38:21.367000,0 days 01:36:36.879000
2024-07-07 14:41:34.228,10673,256,6,100,False,0,car,0 days 00:38:21.687000,0 days 01:36:37.199000
2024-07-07 14:41:34.428,10433,256,7,100,False,0,car,0 days 00:38:21.887000,0 days 01:36:37.399000
2024-07-07 14:41:34.628,10484,260,7,100,False,0,car,0 days 00:38:22.087000,0 days 01:36:37.599000
2024-07-07 14:41:34.988,9963,262,7,25,True,0,car,0 days 00:38:22.447000,0 days 01:36:37.959000
2024-07-07 14:41:35.228,9124,247,7,0,True,0,car,0 days 00:38:22.687000,0 days 01:36:38.199000
2024-07-07 14:41:35.388,8692,223,7,0,True,0,car,0 days 00:38:22.847000,0 days 01:36:38.359000
2024-07-07 14:41:35.588,9029,205,7,0,True,0,car,0 days 00:38:23.047000,0 days 01:36:38.559000
2024-07-07 14:41:35.748,9614,195,7,0,True,0,car,0 days 00:38:23.207000,0 days 01:36:38.719000
2024-07-07 14:41:36.108,9620,166,5,0,True,0,car,0 days 00:38:23.567000,0 days 01:36:39.079000
2024-07-07 14:41:36.508,8393,143,4,0,True,0,car,0 days 00:38:23.967000,0 days 01:36:39.479000
2024-07-07 14:41:36.788,9676,131,4,0,True,0,car,0 days 00:38:24.247000,0 days 01:36:39.759000
2024-07-07 14:41:37.148,8521,122,3,0,True,0,car,0 days 00:38:24.607000,0 days 01:36:40.119000
2024-07-07 14:41:37.308,8210,117,3,0,True,0,car,0 days 00:38:24.767000,0 days 01:36:40.279000
2024-07-07 14:41:37.707,7724,110,3,0,True,0,car,0 days 00:38:25.166000,0 days 01:36:40.678000
2024-07-07 14:41:37.867,7559,104,3,0,True,0,car,0 days 00:38:25.326000,0 days 01:36:40.838000
2024-07-07 14:41:38.027,7431,101,3,0,True,0,car,0 days 00:38:25.486000,0 days 01:36:40.998000
2024-07-07 14:41:38.227,7340,101,3,0,False,0,car,0 days 00:38:25.686000,0 days 01:36:41.198000
2024-07-07 14:41:38.467,7038,95,3,0,False,0,car,0 days 00:38:25.926000,0 days 01:36:41.438000
2024-07-07 14:41:38.667,6810,92,3,0,True,0,car,0 days 00:38:26.126000,0 days 01:36:41.638000
2024-07-07 14:41:38.987,6530,88,3,2,False,0,car,0 days 00:38:26.446000,0 days 01:36:41.958000
2024-07-07 14:41:39.267,6817,88,3,23,False,0,car,0 days 00:38:26.726000,0 days 01:36:42.238000
2024-07-07 14:41:39.467,7032,88,3,26,False,0,car,0 days 00:38:26.926000,0 days 01:36:42.438000
2024-07-07 14:41:39.748,7244,89,3,26,False,0,car,0 days 00:38:27.207000,0 days 01:36:42.719000
2024-07-07 14:41:39.908,7358,90,3,27,False,0,car,0 days 00:38:27.367000,0 days 01:36:42.879000
2024-07-07 14:41:40.068,7384,91,3,27,False,0,car,0 days 00:38:27.527000,0 days 01:36:43.039000
2024-07-07 14:41:40.388,7379,92,3,32,False,0,car,0 days 00:38:27.847000,0 days 01:36:43.359000
2024-07-07 14:41:40.548,7467,94,3,39,False,0,car,0 days 00:38:28.007000,0 days 01:36:43.519000
2024-07-07 14:41:40.788,7712,98,3,43,False,0,car,0 days 00:38:28.247000,0 days 01:36:43.759000
2024-07-07 14:41:40.948,8127,100,3,48,False,0,car,0 days 00:38:28.407000,0 days 01:36:43.919000
2024-07-07 14:41:41.308,8600,108,3,54,False,0,car,0 days 00:38:28.767000,0 days 01:36:44.279000
2024-07-07 14:41:41.708,7998,115,3,0,False,0,car,0 days 00:38:29.167000,0 days 01:36:44.679000
2024-07-07 14:41:41.908,7625,107,3,0,True,0,car,0 days 00:38:29.367000,0 days 01:36:44.879000
2024-07-07 14:41:42.068,8469,101,3,0,True,0,car,0 days 00:38:29.527000,0 days 01:36:45.039000
2024-07-07 14:41:42.228,7997,98,2,0,True,0,car,0 days 00:38:29.687000,0 days 01:36:45.199000
2024-07-07 14:41:42.468,7644,91,2,0,True,0,car,0 days 00:38:29.927000,0 days 01:36:45.439000
2024-07-07 14:41:42.668,7397,87,2,0,True,0,car,0 days 00:38:30.127000,0 days 01:36:45.639000
2024-07-07 14:41:42.988,7019,82,2,0,True,0,car,0 days 00:38:30.447000,0 days 01:36:45.959000
2024-07-07 14:41:43.228,6944,80,2,0,False,0,car,0 days 00:38:30.687000,0 days 01:36:46.199000
2024-07-07 14:41:43.548,6667,79,2,0,False,0,car,0 days 00:38:31.007000,0 days 01:36:46.519000
2024-07-07 14:41:43.748,6624,76,2,0,False,0,car,0 days 00:38:31.207000,0 days 01:36:46.719000
2024-07-07 14:41:43.948,6382,75,2,0,False,0,car,0 days 00:38:31.407000,0 days 01:36:46.919000
2024-07-07 14:41:44.148,6206,72,2,0,False,0,car,0 days 00:38:31.607000,0 days 01:36:47.119000
2024-07-07 14:41:44.308,6198,71,2,0,False,0,car,0 days 00:38:31.767000,0 days 01:36:47.279000
2024-07-07 14:41:44.507,6063,70,2,0,False,0,car,0 days 00:38:31.966000,0 days 01:36:47.478000
2024-07-07 14:41:44.787,6336,68,2,8,False,0,car,0 days 00:38:32.246000,0 days 01:36:47.758000
2024-07-07 14:41:45.267,6811,71,2,24,False,0,car,0 days 00:38:32.726000,0 days 01:36:48.238000
2024-07-07 14:41:45.427,7120,73,2,30,False,0,car,0 days 00:38:32.886000,0 days 01:36:48.398000
2024-07-07 14:41:45.707,7534,76,2,37,False,1,car,0 days 00:38:33.166000,0 days 01:36:48.678000
2024-07-07 14:41:45.907,7693,76,2,42,False,1,car,0 days 00:38:33.366000,0 days 01:36:48.878000
2024-07-07 14:41:46.187,8387,86,2,47,False,1,car,0 days 00:38:33.646000,0 days 01:36:49.158000
2024-07-07 14:41:46.468,8215,93,2,49,False,1,car,0 days 00:38:33.927000,0 days 01:36:49.439000
2024-07-07 14:41:46.868,8328,103,3,55,False,1,car,0 days 00:38:34.327000,0 days 01:36:49.839000
2024-07-07 14:41:47.028,8701,105,3,57,False,1,car,0 days 00:38:34.487000,0 days 01:36:49.999000
2024-07-07 14:41:47.348,9366,114,3,64,False,1,car,0 days 00:38:34.807000,0 days 01:36:50.319000
2024-07-07 14:41:47.628,10064,123,3,72,False,1,car,0 days 00:38:35.087000,0 days 01:36:50.599000
2024-07-07 14:41:47.828,10073,129,3,74,False,1,car,0 days 00:38:35.287000,0 days 01:36:50.799000
2024-07-07 14:41:48.108,9495,140,3,76,False,1,car,0 days 00:38:35.567000,0 days 01:36:51.079000
2024-07-07 14:41:48.388,9701,150,4,78,False,1,car,0 days 00:38:35.847000,0 days 01:36:51.359000
2024-07-07 14:41:48.588,10367,157,4,81,False,1,car,0 days 00:38:36.047000,0 days 01:36:51.559000
2024-07-07 14:41:48.828,10787,163,4,81,False,1,car,0 days 00:38:36.287000,0 days 01:36:51.799000
2024-07-07 14:41:49.028,11097,170,4,80,False,1,car,0 days 00:38:36.487000,0 days 01:36:51.999000
2024-07-07 14:41:49.228,10117,173,4,74,False,1,car,0 days 00:38:36.687000,0 days 01:36:52.199000
2024-07-07 14:41:49.548,9954,180,5,82,False,1,car,0 days 00:38:37.007000,0 days 01:36:52.519000
2024-07-07 14:41:49.948,10471,190,5,88,False,1,car,0 days 00:38:37.407000,0 days 01:36:52.919000
2024-07-07 14:41:50.148,10651,194,5,89,False,1,car,0 days 00:38:37.607000,0 days 01:36:53.119000
2024-07-07 14:41:50.428,11032,199,5,97,False,1,car,0 days 00:38:37.887000,0 days 01:36:53.399000
2024-07-07 14:41:50.788,11390,212,5,100,False,1,car,0 days 00:38:38.247000,0 days 01:36:53.759000
2024-07-07 14:41:51.147,10198,218,5,100,False,1,car,0 days 00:38:38.606000,0 days 01:36:54.118000
2024-07-07 14:41:51.547,10598,226,6,100,False,1,car,0 days 00:38:39.006000,0 days 01:36:54.518000
2024-07-07 14:41:51.787,10685,231,6,100,False,1,car,0 days 00:38:39.246000,0 days 01:36:54.758000
2024-07-07 14:41:51.947,10828,233,6,100,False,1,car,0 days 00:38:39.406000,0 days 01:36:54.918000
2024-07-07 14:41:52.347,11105,243,6,100,False,1,car,0 days 00:38:39.806000,0 days 01:36:55.318000
2024-07-07 14:41:52.547,11258,246,6,100,False,1,car,0 days 00:38:40.006000,0 days 01:36:55.518000
2024-07-07 14:41:52.828,11455,250,6,100,False,1,car,0 days 00:38:40.287000,0 days 01:36:55.799000
2024-07-07 14:41:53.228,11719,254,6,100,False,1,car,0 days 00:38:40.687000,0 days 01:36:56.199000
2024-07-07 14:41:53.428,10739,259,6,100,False,1,car,0 days 00:38:40.887000,0 days 01:36:56.399000
2024-07-07 14:41:53.668,10444,263,7,100,False,1,car,0 days 00:38:41.127000,0 days 01:36:56.639000
2024-07-07 14:41:53.948,10599,265,7,100,False,1,car,0 days 00:38:41.407000,0 days 01:36:56.919000
2024-07-07 14:41:54.188,10697,268,7,100,False,1,car,0 days 00:38:41.647000,0 days 01:36:57.159000
2024-07-07 14:41:54.388,10779,270,7,100,False,1,car,0 days 00:38:41.847000,0 days 01:36:57.359000
2024-07-07 14:41:54.668,10873,273,7,100,False,1,car,0 days 00:38:42.127000,0 days 01:36:57.639000
2024-07-07 14:41:54.868,10956,275,7,100,False,1,car,0 days 00:38:42.327000,0 days 01:36:57.839000
2024-07-07 14:41:55.108,11010,276,7,100,False,1,car,0 days 00:38:42.567000,0 days 01:36:58.079000
2024-07-07 14:41:55.308,11123,279,7,100,False,1,car,0 days 00:38:42.767000,0 days 01:36:58.279000
2024-07-07 14:41:55.708,11274,281,7,100,False,1,car,0 days 00:38:43.167000,0 days 01:36:58.679000
2024-07-07 14:41:55.908,11261,282,7,100,False,1,car,0 days 00:38:43.367000,0 days 01:36:58.879000
2024-07-07 14:41:56.148,11310,283,7,100,False,1,car,0 days 00:38:43.607000,0 days 01:36:59.119000
2024-07-07 14:41:56.508,11357,286,7,100,False,1,car,0 days 00:38:43.967000,0 days 01:36:59.479000
2024-07-07 14:41:56.708,11424,287,7,100,False,1,car,0 days 00:38:44.167000,0 days 01:36:59.679000
2024-07-07 14:41:56.948,11443,288,7,100,False,1,car,0 days 00:38:44.407000,0 days 01:36:59.919000
2024-07-07 14:41:57.308,11506,290,7,100,False,1,car,0 days 00:38:44.767000,0 days 01:37:00.279000
2024-07-07 14:41:57.628,11561,290,7,100,False,1,car,0 days 00:38:45.087000,0 days 01:37:00.599000
2024-07-07 14:41:57.947,11568,291,7,100,False,1,car,0 days 00:38:45.406000,0 days 01:37:00.918000
2024-07-07 14:41:58.147,10812,286,7,0,True,1,car,0 days 00:38:45.606000,0 days 01:37:01.118000
2024-07-07 14:41:58.387,9859,255,7,0,True,1,car,0 days 00:38:45.846000,0 days 01:37:01.358000
2024-07-07 14:41:58.787,9802,220,7,0,True,1,car,0 days 00:38:46.246000,0 days 01:37:01.758000
2024-07-07 14:41:58.987,9125,207,6,0,True,1,car,0 days 00:38:46.446000,0 days 01:37:01.958000
2024-07-07 14:41:59.387,9414,184,5,0,True,1,car,0 days 00:38:46.846000,0 days 01:37:02.358000
2024-07-07 14:41:59.548,9183,180,5,0,True,1,car,0 days 00:38:47.007000,0 days 01:37:02.519000
2024-07-07 14:41:59.828,9898,167,5,0,True,1,car,0 days 00:38:47.287000,0 days 01:37:02.799000
2024-07-07 14:42:00.028,9505,160,4,0,True,1,car,0 days 00:38:47.487000,0 days 01:37:02.999000
2024-07-07 14:42:00.388,9046,150,4,0,True,1,car,0 days 00:38:47.847000,0 days 01:37:03.359000
2024-07-07 14:42:00.548,8891,150,4,0,True,1,car,0 days 00:38:48.007000,0 days 01:37:03.519000
2024-07-07 14:42:00.788,8653,140,4,0,False,1,car,0 days 00:38:48.247000,0 days 01:37:03.759000
2024-07-07 14:42:01.028,8481,137,4,0,False,1,car,0 days 00:38:48.487000,0 days 01:37:03.999000
2024-07-07 14:42:01.188,8351,135,4,0,False,1,car,0 days 00:38:48.647000,0 days 01:37:04.159000
2024-07-07 14:42:01.348,8129,133,4,0,False,1,car,0 days 00:38:48.807000,0 days 01:37:04.319000
2024-07-07 14:42:01.708,7880,129,4,4,False,1,car,0 days 00:38:49.167000,0 days 01:37:04.679000
2024-07-07 14:42:01.908,7882,125,4,20,False,1,car,0 days 00:38:49.367000,0 days 01:37:04.879000
2024-07-07 14:42:02.108,7942,124,4,30,False,1,car,0 days 00:38:49.567000,0 days 01:37:05.079000
2024-07-07 14:42:02.308,7967,124,4,32,False,1,car,0 days 00:38:49.767000,0 days 01:37:05.279000
2024-07-07 14:42:02.668,8162,125,4,40,False,1,car,0 days 00:38:50.127000,0 days 01:37:05.639000
2024-07-07 14:42:02.868,8156,126,4,41,False,1,car,0 days 00:38:50.327000,0 days 01:37:05.839000
2024-07-07 14:42:03.108,8410,128,4,43,False,1,car,0 days 00:38:50.567000,0 days 01:37:06.079000
2024-07-07 14:42:03.308,8542,128,4,50,False,1,car,0 days 00:38:50.767000,0 days 01:37:06.279000
2024-07-07 14:42:03.668,8826,136,4,57,False,1,car,0 days 00:38:51.127000,0 days 01:37:06.639000
2024-07-07 14:42:03.908,9044,140,4,57,False,1,car,0 days 00:38:51.367000,0 days 01:37:06.879000
2024-07-07 14:42:04.068,9173,145,4,54,False,1,car,0 days 00:38:51.527000,0 days 01:37:07.039000
2024-07-07 14:42:04.468,7709,132,4,0,True,1,car,0 days 00:38:51.927000,0 days 01:37:07.439000
2024-07-07 14:42:04.627,7356,127,4,0,True,1,car,0 days 00:38:52.086000,0 days 01:37:07.598000
2024-07-07 14:42:04.827,8336,123,4,0,True,1,car,0 days 00:38:52.286000,0 days 01:37:07.798000
2024-07-07 14:42:05.147,8404,115,3,0,True,1,car,0 days 00:38:52.606000,0 days 01:37:08.118000
2024-07-07 14:42:05.307,7993,110,3,0,True,1,car,0 days 00:38:52.766000,0 days 01:37:08.278000
2024-07-07 14:42:05.547,7828,108,3,0,False,1,car,0 days 00:38:53.006000,0 days 01:37:08.518000
2024-07-07 14:42:05.907,7399,102,3,0,True,1,car,0 days 00:38:53.366000,0 days 01:37:08.878000
2024-07-07 14:42:06.188,7228,97,3,0,False,1,car,0 days 00:38:53.647000,0 days 01:37:09.159000
2024-07-07 14:42:06.548,6758,93,3,0,True,1,car,0 days 00:38:54.007000,0 days 01:37:09.519000
2024-07-07 14:42:06.868,6600,88,3,1,False,1,car,0 days 00:38:54.327000,0 days 01:37:09.839000
2024-07-07 14:42:07.148,6560,87,3,13,False,1,car,0 days 00:38:54.607000,0 days 01:37:10.119000
2024-07-07 14:42:07.348,6778,86,3,26,False,1,car,0 days 00:38:54.807000,0 days 01:37:10.319000
2024-07-07 14:42:07.668,7103,88,3,26,False,1,car,0 days 00:38:55.127000,0 days 01:37:10.639000
2024-07-07 14:42:07.828,7083,89,3,20,False,1,car,0 days 00:38:55.287000,0 days 01:37:10.799000
2024-07-07 14:42:08.228,7104,90,3,24,False,1,car,0 days 00:38:55.687000,0 days 01:37:11.199000
2024-07-07 14:42:08.708,7422,92,3,36,False,1,car,0 days 00:38:56.167000,0 days 01:37:11.679000
2024-07-07 14:42:09.148,7969,99,3,37,False,1,car,0 days 00:38:56.607000,0 days 01:37:12.119000
2024-07-07 14:42:09.348,7932,101,3,42,False,1,car,0 days 00:38:56.807000,0 days 01:37:12.319000
2024-07-07 14:42:09.588,8173,105,3,44,False,1,car,0 days 00:38:57.047000,0 days 01:37:12.559000
2024-07-07 14:42:09.908,8781,110,3,50,False,1,car,0 days 00:38:57.367000,0 days 01:37:12.879000
2024-07-07 14:42:10.268,9078,117,3,51,False,1,car,0 days 00:38:57.727000,0 days 01:37:13.239000
2024-07-07 14:42:10.508,8069,120,3,54,False,1,car,0 days 00:38:57.967000,0 days 01:37:13.479000
2024-07-07 14:42:10.788,8342,127,4,57,False,1,car,0 days 00:38:58.247000,0 days 01:37:13.759000
2024-07-07 14:42:11.188,8973,136,4,64,False,1,car,0 days 00:38:58.647000,0 days 01:37:14.159000
2024-07-07 14:42:11.467,9485,141,4,70,False,1,car,0 days 00:38:58.926000,0 days 01:37:14.438000
2024-07-07 14:42:11.867,10118,157,4,85,False,1,car,0 days 00:38:59.326000,0 days 01:37:14.838000
2024-07-07 14:42:12.187,11370,168,4,100,False,1,car,0 days 00:38:59.646000,0 days 01:37:15.158000
2024-07-07 14:42:12.387,10954,176,4,82,False,1,car,0 days 00:38:59.846000,0 days 01:37:15.358000
2024-07-07 14:42:12.588,10637,183,4,100,False,1,car,0 days 00:39:00.047000,0 days 01:37:15.559000
2024-07-07 14:42:12.788,10653,190,5,100,False,1,car,0 days 00:39:00.247000,0 days 01:37:15.759000
2024-07-07 14:42:13.108,10896,200,5,100,False,1,car,0 days 00:39:00.567000,0 days 01:37:16.079000
2024-07-07 14:42:13.308,11044,206,5,100,False,1,car,0 days 00:39:00.767000,0 days 01:37:16.279000
2024-07-07 14:42:13.468,11353,211,5,100,False,1,car,0 days 00:39:00.927000,0 days 01:37:16.439000
2024-07-07 14:42:13.748,11699,217,5,100,False,1,car,0 days 00:39:01.207000,0 days 01:37:16.719000
2024-07-07 14:42:14.068,10384,226,6,100,False,1,car,0 days 00:39:01.527000,0 days 01:37:17.039000
2024-07-07 14:42:14.428,10768,233,6,100,False,1,car,0 days 00:39:01.887000,0 days 01:37:17.399000
2024-07-07 14:42:14.628,10934,237,6,100,False,1,car,0 days 00:39:02.087000,0 days 01:37:17.599000
2024-07-07 14:42:14.788,11066,239,6,100,False,1,car,0 days 00:39:02.247000,0 days 01:37:17.759000
2024-07-07 14:42:15.028,11234,243,6,100,False,1,car,0 days 00:39:02.487000,0 days 01:37:17.999000
2024-07-07 14:42:15.228,11363,247,6,100,False,1,car,0 days 00:39:02.687000,0 days 01:37:18.199000
2024-07-07 14:42:15.508,11554,251,6,100,False,1,car,0 days 00:39:02.967000,0 days 01:37:18.479000
2024-07-07 14:42:15.748,11600,254,6,100,False,1,car,0 days 00:39:03.207000,0 days 01:37:18.719000
2024-07-07 14:42:15.948,11747,256,6,100,False,1,car,0 days 00:39:03.407000,0 days 01:37:18.919000
2024-07-07 14:42:16.348,10512,261,7,100,False,1,car,0 days 00:39:03.807000,0 days 01:37:19.319000
2024-07-07 14:42:16.548,10579,264,7,100,False,1,car,0 days 00:39:04.007000,0 days 01:37:19.519000
2024-07-07 14:42:16.788,10667,266,7,100,False,1,car,0 days 00:39:04.247000,0 days 01:37:19.759000
2024-07-07 14:42:17.108,10809,268,7,100,False,1,car,0 days 00:39:04.567000,0 days 01:37:20.079000
2024-07-07 14:42:17.308,10865,272,7,100,False,1,car,0 days 00:39:04.767000,0 days 01:37:20.279000
2024-07-07 14:42:17.588,10941,273,7,100,False,1,car,0 days 00:39:05.047000,0 days 01:37:20.559000
2024-07-07 14:42:17.788,11037,276,7,100,False,1,car,0 days 00:39:05.247000,0 days 01:37:20.759000
2024-07-07 14:42:18.227,11173,279,7,100,False,1,car,0 days 00:39:05.686000,0 days 01:37:21.198000
2024-07-07 14:42:18.387,11205,281,7,100,False,1,car,0 days 00:39:05.846000,0 days 01:37:21.358000
2024-07-07 14:42:18.787,11302,284,7,100,False,1,car,0 days 00:39:06.246000,0 days 01:37:21.758000
2024-07-07 14:42:19.027,11389,285,7,100,False,1,car,0 days 00:39:06.486000,0 days 01:37:21.998000
2024-07-07 14:42:19.268,11407,287,7,100,False,1,car,0 days 00:39:06.727000,0 days 01:37:22.239000
2024-07-07 14:42:19.588,11487,289,7,100,False,1,car,0 days 00:39:07.047000,0 days 01:37:22.559000
2024-07-07 14:42:19.788,11530,290,7,100,False,1,car,0 days 00:39:07.247000,0 days 01:37:22.759000
2024-07-07 14:42:19.948,11572,290,7,100,False,1,car,0 days 00:39:07.407000,0 days 01:37:22.919000
2024-07-07 14:42:20.188,11582,291,7,100,False,1,car,0 days 00:39:07.647000,0 days 01:37:23.159000
2024-07-07 14:42:20.428,10926,293,7,0,False,1,car,0 days 00:39:07.887000,0 days 01:37:23.399000
2024-07-07 14:42:20.668,10772,275,7,0,True,1,car,0 days 00:39:08.127000,0 days 01:37:23.639000
2024-07-07 14:42:21.068,9323,241,7,0,True,1,car,0 days 00:39:08.527000,0 days 01:37:24.039000
2024-07-07 14:42:21.348,9893,233,7,0,True,1,car,0 days 00:39:08.807000,0 days 01:37:24.319000
2024-07-07 14:42:21.748,9389,213,6,0,True,1,car,0 days 00:39:09.207000,0 days 01:37:24.719000
2024-07-07 14:42:21.948,9169,211,6,0,False,1,car,0 days 00:39:09.407000,0 days 01:37:24.919000
2024-07-07 14:42:22.308,9112,201,6,26,False,1,car,0 days 00:39:09.767000,0 days 01:37:25.279000
2024-07-07 14:42:22.588,8968,199,6,37,False,1,car,0 days 00:39:10.047000,0 days 01:37:25.559000
2024-07-07 14:42:22.748,8965,198,6,48,False,1,car,0 days 00:39:10.207000,0 days 01:37:25.719000
2024-07-07 14:42:23.108,9092,196,6,59,False,1,car,0 days 00:39:10.567000,0 days 01:37:26.079000
2024-07-07 14:42:23.268,9119,197,6,67,False,1,car,0 days 00:39:10.727000,0 days 01:37:26.239000
2024-07-07 14:42:23.548,9184,198,6,70,False,1,car,0 days 00:39:11.007000,0 days 01:37:26.519000
2024-07-07 14:42:23.748,9273,200,6,69,False,1,car,0 days 00:39:11.207000,0 days 01:37:26.719000
2024-07-07 14:42:23.908,9227,201,6,59,False,1,car,0 days 00:39:11.367000,0 days 01:37:26.879000
2024-07-07 14:42:24.188,9313,202,6,77,False,1,car,0 days 00:39:11.647000,0 days 01:37:27.159000
2024-07-07 14:42:24.548,9804,207,6,89,False,1,car,0 days 00:39:12.007000,0 days 01:37:27.519000
2024-07-07 14:42:24.787,9909,214,6,100,False,1,car,0 days 00:39:12.246000,0 days 01:37:27.758000
2024-07-07 14:42:24.947,10237,214,6,100,False,1,car,0 days 00:39:12.406000,0 days 01:37:27.918000
2024-07-07 14:42:25.107,10320,220,6,100,False,1,car,0 days 00:39:12.566000,0 days 01:37:28.078000
2024-07-07 14:42:25.267,10419,224,6,100,False,1,car,0 days 00:39:12.726000,0 days 01:37:28.238000
2024-07-07 14:42:25.627,10766,232,6,100,False,1,car,0 days 00:39:13.086000,0 days 01:37:28.598000
2024-07-07 14:42:25.948,10941,236,6,100,False,1,car,0 days 00:39:13.407000,0 days 01:37:28.919000
2024-07-07 14:42:26.188,11092,244,6,100,False,1,car,0 days 00:39:13.647000,0 days 01:37:29.159000
2024-07-07 14:42:26.428,11354,247,6,100,False,1,car,0 days 00:39:13.887000,0 days 01:37:29.399000
2024-07-07 14:42:26.828,11604,251,6,100,False,1,car,0 days 00:39:14.287000,0 days 01:37:29.799000
2024-07-07 14:42:27.028,11731,256,6,100,False,1,car,0 days 00:39:14.487000,0 days 01:37:29.999000
2024-07-07 14:42:27.228,11779,259,6,100,False,1,car,0 days 00:39:14.687000,0 days 01:37:30.199000
2024-07-07 14:42:27.428,10939,262,6,100,False,1,car,0 days 00:39:14.887000,0 days 01:37:30.399000
2024-07-07 14:42:27.748,10600,265,7,100,False,1,car,0 days 00:39:15.207000,0 days 01:37:30.719000
2024-07-07 14:42:28.028,10730,268,7,100,False,1,car,0 days 00:39:15.487000,0 days 01:37:30.999000
2024-07-07 14:42:28.228,10858,271,7,100,False,1,car,0 days 00:39:15.687000,0 days 01:37:31.199000
2024-07-07 14:42:28.468,10916,272,7,100,False,1,car,0 days 00:39:15.927000,0 days 01:37:31.439000
2024-07-07 14:42:28.708,11034,276,7,100,False,1,car,0 days 00:39:16.167000,0 days 01:37:31.679000
2024-07-07 14:42:28.948,11116,278,7,100,False,1,car,0 days 00:39:16.407000,0 days 01:37:31.919000
2024-07-07 14:42:29.308,11226,282,7,100,False,1,car,0 days 00:39:16.767000,0 days 01:37:32.279000
2024-07-07 14:42:29.748,11363,285,7,100,False,1,car,0 days 00:39:17.207000,0 days 01:37:32.719000
2024-07-07 14:42:30.068,11438,288,7,100,False,1,car,0 days 00:39:17.527000,0 days 01:37:33.039000
2024-07-07 14:42:30.308,11478,289,7,100,False,1,car,0 days 00:39:17.767000,0 days 01:37:33.279000
2024-07-07 14:42:30.508,11509,289,7,100,False,1,car,0 days 00:39:17.967000,0 days 01:37:33.479000
2024-07-07 14:42:30.708,11394,289,7,100,False,1,car,0 days 00:39:18.167000,0 days 01:37:33.679000
2024-07-07 14:42:30.868,11172,285,7,0,True,1,car,0 days 00:39:18.327000,0 days 01:37:33.839000
2024-07-07 14:42:31.108,10311,269,7,0,True,1,car,0 days 00:39:18.567000,0 days 01:37:34.079000
2024-07-07 14:42:31.348,9517,251,7,0,True,1,car,0 days 00:39:18.807000,0 days 01:37:34.319000
2024-07-07 14:42:31.587,10170,231,7,0,True,1,car,0 days 00:39:19.046000,0 days 01:37:34.558000
2024-07-07 14:42:31.987,9978,221,6,20,False,1,car,0 days 00:39:19.446000,0 days 01:37:34.958000
2024-07-07 14:42:32.468,9682,212,6,52,False,1,car,0 days 00:39:19.927000,0 days 01:37:35.439000
2024-07-07 14:42:32.668,9701,213,6,62,False,1,car,0 days 00:39:20.127000,0 days 01:37:35.639000
2024-07-07 14:42:32.828,9770,213,6,70,False,1,car,0 days 00:39:20.287000,0 days 01:37:35.799000
2024-07-07 14:42:33.148,9971,214,6,83,False,1,car,0 days 00:39:20.607000,0 days 01:37:36.119000
2024-07-07 14:42:33.308,10054,217,6,83,False,1,car,0 days 00:39:20.767000,0 days 01:37:36.279000
2024-07-07 14:42:33.628,10153,221,6,79,False,1,car,0 days 00:39:21.087000,0 days 01:37:36.599000
2024-07-07 14:42:33.828,10169,224,6,0,True,1,car,0 days 00:39:21.287000,0 days 01:37:36.799000
2024-07-07 14:42:34.028,9611,219,6,0,True,1,car,0 days 00:39:21.487000,0 days 01:37:36.999000
2024-07-07 14:42:34.228,9342,212,6,0,True,1,car,0 days 00:39:21.687000,0 days 01:37:37.199000
2024-07-07 14:42:34.428,9188,207,6,0,False,1,car,0 days 00:39:21.887000,0 days 01:37:37.399000
2024-07-07 14:42:34.588,9158,202,6,0,False,1,car,0 days 00:39:22.047000,0 days 01:37:37.559000
2024-07-07 14:42:34.748,8990,200,6,36,False,1,car,0 days 00:39:22.207000,0 days 01:37:37.719000
2024-07-07 14:42:34.988,8981,197,6,45,False,1,car,0 days 00:39:22.447000,0 days 01:37:37.959000
2024-07-07 14:42:35.268,8880,195,6,54,False,1,car,0 days 00:39:22.727000,0 days 01:37:38.239000
2024-07-07 14:42:35.548,9021,195,6,59,False,1,car,0 days 00:39:23.007000,0 days 01:37:38.519000
2024-07-07 14:42:35.908,8929,197,6,62,False,1,car,0 days 00:39:23.367000,0 days 01:37:38.879000
2024-07-07 14:42:36.068,8573,194,6,0,True,1,car,0 days 00:39:23.527000,0 days 01:37:39.039000
2024-07-07 14:42:36.268,9226,184,6,0,True,1,car,0 days 00:39:23.727000,0 days 01:37:39.239000
2024-07-07 14:42:36.428,8759,178,5,0,True,1,car,0 days 00:39:23.887000,0 days 01:37:39.399000
2024-07-07 14:42:36.668,9273,168,5,0,True,1,car,0 days 00:39:24.127000,0 days 01:37:39.639000
2024-07-07 14:42:36.988,9879,160,4,0,False,1,car,0 days 00:39:24.447000,0 days 01:37:39.959000
2024-07-07 14:42:37.188,9654,157,4,0,False,1,car,0 days 00:39:24.647000,0 days 01:37:40.159000
2024-07-07 14:42:37.388,9462,154,4,0,False,1,car,0 days 00:39:24.847000,0 days 01:37:40.359000
2024-07-07 14:42:37.748,9292,149,4,27,False,1,car,0 days 00:39:25.207000,0 days 01:37:40.719000
2024-07-07 14:42:38.107,9557,148,4,53,False,1,car,0 days 00:39:25.566000,0 days 01:37:41.078000
2024-07-07 14:42:38.307,9660,148,4,57,False,1,car,0 days 00:39:25.766000,0 days 01:37:41.278000
2024-07-07 14:42:38.507,9712,150,4,57,False,1,car,0 days 00:39:25.966000,0 days 01:37:41.478000
2024-07-07 14:42:38.747,9951,152,4,64,False,1,car,0 days 00:39:26.206000,0 days 01:37:41.718000
2024-07-07 14:42:38.948,10334,155,4,70,False,1,car,0 days 00:39:26.407000,0 days 01:37:41.919000
2024-07-07 14:42:39.388,10710,164,4,78,False,1,car,0 days 00:39:26.847000,0 days 01:37:42.359000
2024-07-07 14:42:39.588,11112,169,4,86,False,1,car,0 days 00:39:27.047000,0 days 01:37:42.559000
2024-07-07 14:42:39.748,11549,173,4,91,False,1,car,0 days 00:39:27.207000,0 days 01:37:42.719000
2024-07-07 14:42:39.988,11705,182,4,100,False,1,car,0 days 00:39:27.447000,0 days 01:37:42.959000
2024-07-07 14:42:40.188,10431,189,4,100,False,1,car,0 days 00:39:27.647000,0 days 01:37:43.159000
2024-07-07 14:42:40.468,10609,199,5,100,False,1,car,0 days 00:39:27.927000,0 days 01:37:43.439000
2024-07-07 14:42:40.628,11151,203,5,100,False,1,car,0 days 00:39:28.087000,0 days 01:37:43.599000
2024-07-07 14:42:40.868,11509,210,5,100,False,1,car,0 days 00:39:28.327000,0 days 01:37:43.839000
2024-07-07 14:42:41.068,11668,215,5,91,False,1,car,0 days 00:39:28.527000,0 days 01:37:44.039000
2024-07-07 14:42:41.428,10738,222,5,100,False,1,car,0 days 00:39:28.887000,0 days 01:37:44.399000
2024-07-07 14:42:41.708,10696,229,6,100,False,1,car,0 days 00:39:29.167000,0 days 01:37:44.679000
2024-07-07 14:42:41.948,10794,232,6,100,False,1,car,0 days 00:39:29.407000,0 days 01:37:44.919000
2024-07-07 14:42:42.348,11082,240,6,100,False,1,car,0 days 00:39:29.807000,0 days 01:37:45.319000
2024-07-07 14:42:42.708,11366,247,6,100,False,1,car,0 days 00:39:30.167000,0 days 01:37:45.679000
2024-07-07 14:42:42.908,11516,251,6,100,False,1,car,0 days 00:39:30.367000,0 days 01:37:45.879000
2024-07-07 14:42:43.108,11612,254,6,100,False,1,car,0 days 00:39:30.567000,0 days 01:37:46.079000
2024-07-07 14:42:43.268,11686,257,6,100,False,1,car,0 days 00:39:30.727000,0 days 01:37:46.239000
2024-07-07 14:42:43.588,11719,260,6,100,False,1,car,0 days 00:39:31.047000,0 days 01:37:46.559000
2024-07-07 14:42:43.908,10582,264,7,100,False,1,car,0 days 00:39:31.367000,0 days 01:37:46.879000
2024-07-07 14:42:44.188,10643,267,7,100,False,1,car,0 days 00:39:31.647000,0 days 01:37:47.159000
2024-07-07 14:42:44.428,10809,270,7,100,False,1,car,0 days 00:39:31.887000,0 days 01:37:47.399000
2024-07-07 14:42:44.788,10907,274,7,100,False,1,car,0 days 00:39:32.247000,0 days 01:37:47.759000
2024-07-07 14:42:45.067,11019,277,7,100,False,1,car,0 days 00:39:32.526000,0 days 01:37:48.038000
2024-07-07 14:42:45.347,11120,277,7,100,False,1,car,0 days 00:39:32.806000,0 days 01:37:48.318000
2024-07-07 14:42:45.548,11182,280,7,100,False,1,car,0 days 00:39:33.007000,0 days 01:37:48.519000
2024-07-07 14:42:45.748,11232,282,7,100,False,1,car,0 days 00:39:33.207000,0 days 01:37:48.719000
2024-07-07 14:42:46.028,11317,283,7,100,False,1,car,0 days 00:39:33.487000,0 days 01:37:48.999000
2024-07-07 14:42:46.388,11369,286,7,100,False,1,car,0 days 00:39:33.847000,0 days 01:37:49.359000
2024-07-07 14:42:46.548,11401,286,7,100,False,1,car,0 days 00:39:34.007000,0 days 01:37:49.519000
2024-07-07 14:42:46.748,11464,288,7,100,False,1,car,0 days 00:39:34.207000,0 days 01:37:49.719000
2024-07-07 14:42:46.908,11478,288,7,100,False,1,car,0 days 00:39:34.367000,0 days 01:37:49.879000
2024-07-07 14:42:47.228,11531,291,7,100,False,1,car,0 days 00:39:34.687000,0 days 01:37:50.199000
2024-07-07 14:42:47.668,11621,291,7,100,False,1,car,0 days 00:39:35.127000,0 days 01:37:50.639000
2024-07-07 14:42:48.028,11652,293,7,100,False,1,car,0 days 00:39:35.487000,0 days 01:37:50.999000
2024-07-07 14:42:48.268,11682,294,7,100,False,1,car,0 days 00:39:35.727000,0 days 01:37:51.239000
2024-07-07 14:42:48.668,11730,295,7,100,False,1,car,0 days 00:39:36.127000,0 days 01:37:51.639000
2024-07-07 14:42:48.908,10785,296,7,100,False,1,car,0 days 00:39:36.367000,0 days 01:37:51.879000
2024-07-07 14:42:49.108,10507,296,8,100,False,1,car,0 days 00:39:36.567000,0 days 01:37:52.079000
2024-07-07 14:42:49.348,10476,296,8,100,False,1,car,0 days 00:39:36.807000,0 days 01:37:52.319000
2024-07-07 14:42:49.708,10525,298,8,100,False,1,car,0 days 00:39:37.167000,0 days 01:37:52.679000
2024-07-07 14:42:49.868,10524,298,8,100,False,1,car,0 days 00:39:37.327000,0 days 01:37:52.839000
2024-07-07 14:42:50.148,10482,298,8,69,True,1,car,0 days 00:39:37.607000,0 days 01:37:53.119000
2024-07-07 14:42:50.468,9342,270,8,0,True,1,car,0 days 00:39:37.927000,0 days 01:37:53.439000
2024-07-07 14:42:50.708,9465,248,8,0,True,1,car,0 days 00:39:38.167000,0 days 01:37:53.679000
2024-07-07 14:42:50.948,10199,233,7,0,True,1,car,0 days 00:39:38.407000,0 days 01:37:53.919000
2024-07-07 14:42:51.268,9972,206,6,0,True,1,car,0 days 00:39:38.727000,0 days 01:37:54.239000
2024-07-07 14:42:51.468,9957,194,5,0,True,1,car,0 days 00:39:38.927000,0 days 01:37:54.439000
2024-07-07 14:42:51.787,9492,184,5,0,True,1,car,0 days 00:39:39.246000,0 days 01:37:54.758000
2024-07-07 14:42:51.947,9158,182,5,0,True,1,car,0 days 00:39:39.406000,0 days 01:37:54.918000
2024-07-07 14:42:52.148,8938,175,5,0,True,1,car,0 days 00:39:39.607000,0 days 01:37:55.119000
2024-07-07 14:42:52.468,8575,167,5,0,False,1,car,0 days 00:39:39.927000,0 days 01:37:55.439000
2024-07-07 14:42:52.788,8373,162,5,5,False,1,car,0 days 00:39:40.247000,0 days 01:37:55.759000
2024-07-07 14:42:52.948,8373,161,5,5,False,1,car,0 days 00:39:40.407000,0 days 01:37:55.919000
2024-07-07 14:42:53.188,8306,157,5,35,False,1,car,0 days 00:39:40.647000,0 days 01:37:56.159000
2024-07-07 14:42:53.388,8338,156,5,41,False,1,car,0 days 00:39:40.847000,0 days 01:37:56.359000
2024-07-07 14:42:53.548,8344,156,5,42,False,1,car,0 days 00:39:41.007000,0 days 01:37:56.519000
2024-07-07 14:42:53.708,8428,155,5,48,False,1,car,0 days 00:39:41.167000,0 days 01:37:56.679000
2024-07-07 14:42:54.028,8516,157,5,54,False,1,car,0 days 00:39:41.487000,0 days 01:37:56.999000
2024-07-07 14:42:54.428,8859,161,5,62,False,1,car,0 days 00:39:41.887000,0 days 01:37:57.399000
2024-07-07 14:42:54.628,8951,163,5,65,False,1,car,0 days 00:39:42.087000,0 days 01:37:57.599000
2024-07-07 14:42:54.828,9133,167,5,70,False,1,car,0 days 00:39:42.287000,0 days 01:37:57.799000
2024-07-07 14:42:55.108,9433,171,5,74,False,1,car,0 days 00:39:42.567000,0 days 01:37:58.079000
2024-07-07 14:42:55.268,9515,174,5,77,False,1,car,0 days 00:39:42.727000,0 days 01:37:58.239000
2024-07-07 14:42:55.428,9802,177,5,86,False,1,car,0 days 00:39:42.887000,0 days 01:37:58.399000
2024-07-07 14:42:55.908,10456,190,5,99,False,1,car,0 days 00:39:43.367000,0 days 01:37:58.879000
2024-07-07 14:42:56.068,10625,196,5,100,False,1,car,0 days 00:39:43.527000,0 days 01:37:59.039000
2024-07-07 14:42:56.428,11130,202,5,100,False,1,car,0 days 00:39:43.887000,0 days 01:37:59.399000
2024-07-07 14:42:56.668,11386,215,5,100,False,1,car,0 days 00:39:44.127000,0 days 01:37:59.639000
2024-07-07 14:42:56.908,11626,219,5,100,False,1,car,0 days 00:39:44.367000,0 days 01:37:59.879000
2024-07-07 14:42:57.068,11066,224,5,100,False,1,car,0 days 00:39:44.527000,0 days 01:38:00.039000
2024-07-07 14:42:57.308,10537,228,6,100,False,1,car,0 days 00:39:44.767000,0 days 01:38:00.279000
2024-07-07 14:42:57.588,10731,234,6,100,False,1,car,0 days 00:39:45.047000,0 days 01:38:00.559000
2024-07-07 14:42:57.948,11062,239,6,100,False,1,car,0 days 00:39:45.407000,0 days 01:38:00.919000
2024-07-07 14:42:58.188,11201,246,6,100,False,1,car,0 days 00:39:45.647000,0 days 01:38:01.159000
2024-07-07 14:42:58.427,11395,248,6,100,False,1,car,0 days 00:39:45.886000,0 days 01:38:01.398000
2024-07-07 14:42:58.748,11586,253,6,100,False,1,car,0 days 00:39:46.207000,0 days 01:38:01.719000
2024-07-07 14:42:58.988,11594,255,6,100,False,1,car,0 days 00:39:46.447000,0 days 01:38:01.959000
2024-07-07 14:42:59.228,11498,253,6,0,True,1,car,0 days 00:39:46.687000,0 days 01:38:02.199000
2024-07-07 14:42:59.508,9958,225,6,0,True,1,car,0 days 00:39:46.967000,0 days 01:38:02.479000
2024-07-07 14:42:59.748,10091,204,6,0,True,1,car,0 days 00:39:47.207000,0 days 01:38:02.719000
2024-07-07 14:42:59.948,9569,189,5,0,True,1,car,0 days 00:39:47.407000,0 days 01:38:02.919000
2024-07-07 14:43:00.108,9044,175,5,0,True,1,car,0 days 00:39:47.567000,0 days 01:38:03.079000
2024-07-07 14:43:00.348,9523,162,4,0,True,1,car,0 days 00:39:47.807000,0 days 01:38:03.319000
2024-07-07 14:43:00.588,8875,148,4,0,True,1,car,0 days 00:39:48.047000,0 days 01:38:03.559000
2024-07-07 14:43:01.028,8909,129,3,0,True,1,car,0 days 00:39:48.487000,0 days 01:38:03.999000
2024-07-07 14:43:01.188,8280,120,3,0,True,1,car,0 days 00:39:48.647000,0 days 01:38:04.159000
2024-07-07 14:43:01.468,7689,110,3,0,True,1,car,0 days 00:39:48.927000,0 days 01:38:04.439000
2024-07-07 14:43:01.668,7593,104,3,0,True,1,car,0 days 00:39:49.127000,0 days 01:38:04.639000
2024-07-07 14:43:02.028,6657,96,3,0,True,1,car,0 days 00:39:49.487000,0 days 01:38:04.999000
2024-07-07 14:43:02.268,6449,89,3,0,True,1,car,0 days 00:39:49.727000,0 days 01:38:05.239000
2024-07-07 14:43:02.588,6112,84,3,0,True,1,car,0 days 00:39:50.047000,0 days 01:38:05.559000
2024-07-07 14:43:02.868,6174,82,3,1,False,1,car,0 days 00:39:50.327000,0 days 01:38:05.839000
2024-07-07 14:43:03.188,6280,82,3,17,False,1,car,0 days 00:39:50.647000,0 days 01:38:06.159000
2024-07-07 14:43:03.348,6338,82,3,20,False,1,car,0 days 00:39:50.807000,0 days 01:38:06.319000
2024-07-07 14:43:03.708,6697,85,3,30,False,1,car,0 days 00:39:51.167000,0 days 01:38:06.679000
2024-07-07 14:43:03.868,6834,86,3,35,False,1,car,0 days 00:39:51.327000,0 days 01:38:06.839000
2024-07-07 14:43:04.068,7033,89,3,36,False,1,car,0 days 00:39:51.527000,0 days 01:38:07.039000
2024-07-07 14:43:04.268,7029,93,3,37,False,1,car,0 days 00:39:51.727000,0 days 01:38:07.239000
2024-07-07 14:43:04.468,6640,96,3,0,False,1,car,0 days 00:39:51.927000,0 days 01:38:07.439000
2024-07-07 14:43:04.628,6849,94,3,0,False,1,car,0 days 00:39:52.087000,0 days 01:38:07.599000
2024-07-07 14:43:04.828,6663,91,3,1,False,1,car,0 days 00:39:52.287000,0 days 01:38:07.799000
2024-07-07 14:43:04.987,6814,89,3,5,False,1,car,0 days 00:39:52.446000,0 days 01:38:07.958000
2024-07-07 14:43:05.268,6616,88,3,17,False,1,car,0 days 00:39:52.727000,0 days 01:38:08.239000
2024-07-07 14:43:05.508,6854,89,3,21,False,1,car,0 days 00:39:52.967000,0 days 01:38:08.479000
2024-07-07 14:43:05.788,7190,90,3,27,False,1,car,0 days 00:39:53.247000,0 days 01:38:08.759000
2024-07-07 14:43:06.068,7225,91,3,29,False,1,car,0 days 00:39:53.527000,0 days 01:38:09.039000
2024-07-07 14:43:06.268,7210,93,3,32,False,1,car,0 days 00:39:53.727000,0 days 01:38:09.239000
2024-07-07 14:43:06.428,7457,94,3,40,False,1,car,0 days 00:39:53.887000,0 days 01:38:09.399000
2024-07-07 14:43:06.628,7609,98,3,40,False,1,car,0 days 00:39:54.087000,0 days 01:38:09.599000
2024-07-07 14:43:06.828,7960,101,3,40,False,1,car,0 days 00:39:54.287000,0 days 01:38:09.799000
2024-07-07 14:43:07.188,8315,107,3,48,False,1,car,0 days 00:39:54.647000,0 days 01:38:10.159000
2024-07-07 14:43:07.548,9117,113,3,56,False,1,car,0 days 00:39:55.007000,0 days 01:38:10.519000
2024-07-07 14:43:07.748,9281,117,3,56,False,1,car,0 days 00:39:55.207000,0 days 01:38:10.719000
2024-07-07 14:43:07.908,9646,122,3,63,False,1,car,0 days 00:39:55.367000,0 days 01:38:10.879000
2024-07-07 14:43:08.228,8740,130,3,63,False,1,car,0 days 00:39:55.687000,0 days 01:38:11.199000
2024-07-07 14:43:08.428,8860,135,4,65,False,1,car,0 days 00:39:55.887000,0 days 01:38:11.399000
2024-07-07 14:43:08.668,9309,142,4,65,False,1,car,0 days 00:39:56.127000,0 days 01:38:11.639000
2024-07-07 14:43:08.988,9665,149,4,62,False,1,car,0 days 00:39:56.447000,0 days 01:38:11.959000
2024-07-07 14:43:09.148,9764,151,4,59,False,1,car,0 days 00:39:56.607000,0 days 01:38:12.119000
2024-07-07 14:43:09.468,10048,157,4,58,False,1,car,0 days 00:39:56.927000,0 days 01:38:12.439000
2024-07-07 14:43:09.628,9068,158,4,54,False,1,car,0 days 00:39:57.087000,0 days 01:38:12.599000
2024-07-07 14:43:09.868,8686,161,5,58,False,1,car,0 days 00:39:57.327000,0 days 01:38:12.839000
2024-07-07 14:43:10.028,8765,162,5,60,False,1,car,0 days 00:39:57.487000,0 days 01:38:12.999000
2024-07-07 14:43:10.188,8955,165,5,63,False,1,car,0 days 00:39:57.647000,0 days 01:38:13.159000
2024-07-07 14:43:10.548,9242,169,5,65,False,1,car,0 days 00:39:58.007000,0 days 01:38:13.519000
2024-07-07 14:43:11.388,10161,186,5,86,False,1,car,0 days 00:39:58.847000,0 days 01:38:14.359000
2024-07-07 14:43:11.588,10422,191,5,89,False,1,car,0 days 00:39:59.047000,0 days 01:38:14.559000
2024-07-07 14:43:11.908,10676,200,5,100,False,1,car,0 days 00:39:59.367000,0 days 01:38:14.879000
2024-07-07 14:43:12.228,11412,203,5,100,False,1,car,0 days 00:39:59.687000,0 days 01:38:15.199000
2024-07-07 14:43:12.428,11663,215,5,100,False,1,car,0 days 00:39:59.887000,0 days 01:38:15.399000
2024-07-07 14:43:12.708,10330,222,5,100,False,1,car,0 days 00:40:00.167000,0 days 01:38:15.679000
2024-07-07 14:43:12.948,10502,227,6,100,False,1,car,0 days 00:40:00.407000,0 days 01:38:15.919000
2024-07-07 14:43:13.428,10977,238,6,100,False,1,car,0 days 00:40:00.887000,0 days 01:38:16.399000
2024-07-07 14:43:13.788,11222,246,6,100,False,1,car,0 days 00:40:01.247000,0 days 01:38:16.759000
2024-07-07 14:43:14.068,11438,251,6,100,False,1,car,0 days 00:40:01.527000,0 days 01:38:17.039000
2024-07-07 14:43:14.388,11614,254,6,100,False,1,car,0 days 00:40:01.847000,0 days 01:38:17.359000
2024-07-07 14:43:14.588,11702,258,6,100,False,1,car,0 days 00:40:02.047000,0 days 01:38:17.559000
2024-07-07 14:43:14.828,10589,262,7,100,False,1,car,0 days 00:40:02.287000,0 days 01:38:17.799000
2024-07-07 14:43:14.988,10565,264,7,100,False,1,car,0 days 00:40:02.447000,0 days 01:38:17.959000
2024-07-07 14:43:15.228,10618,267,7,100,False,1,car,0 days 00:40:02.687000,0 days 01:38:18.199000
2024-07-07 14:43:15.428,10725,268,7,100,False,1,car,0 days 00:40:02.887000,0 days 01:38:18.399000
2024-07-07 14:43:15.708,10828,271,7,100,False,1,car,0 days 00:40:03.167000,0 days 01:38:18.679000
2024-07-07 14:43:16.068,10970,275,7,100,False,1,car,0 days 00:40:03.527000,0 days 01:38:19.039000
2024-07-07 14:43:16.348,11118,278,7,100,False,1,car,0 days 00:40:03.807000,0 days 01:38:19.319000
2024-07-07 14:43:16.508,11141,279,7,100,False,1,car,0 days 00:40:03.967000,0 days 01:38:19.479000
2024-07-07 14:43:16.708,11213,280,7,100,False,1,car,0 days 00:40:04.167000,0 days 01:38:19.679000
2024-07-07 14:43:16.908,11387,278,7,0,False,1,car,0 days 00:40:04.367000,0 days 01:38:19.879000
2024-07-07 14:43:17.308,9975,255,7,0,True,1,car,0 days 00:40:04.767000,0 days 01:38:20.279000
2024-07-07 14:43:17.588,11039,246,7,0,True,1,car,0 days 00:40:05.047000,0 days 01:38:20.559000
2024-07-07 14:43:17.868,10840,238,6,46,False,1,car,0 days 00:40:05.327000,0 days 01:38:20.839000
2024-07-07 14:43:18.148,10688,235,6,59,False,1,car,0 days 00:40:05.607000,0 days 01:38:21.119000
2024-07-07 14:43:18.428,10603,233,6,61,False,1,car,0 days 00:40:05.887000,0 days 01:38:21.399000
2024-07-07 14:43:18.788,10640,232,6,80,False,1,car,0 days 00:40:06.247000,0 days 01:38:21.759000
2024-07-07 14:43:19.228,10998,237,6,100,False,1,car,0 days 00:40:06.687000,0 days 01:38:22.199000
2024-07-07 14:43:19.388,10998,240,6,100,False,1,car,0 days 00:40:06.847000,0 days 01:38:22.359000
2024-07-07 14:43:19.708,11237,244,6,100,False,1,car,0 days 00:40:07.167000,0 days 01:38:22.679000
2024-07-07 14:43:19.908,11347,247,6,100,False,1,car,0 days 00:40:07.367000,0 days 01:38:22.879000
2024-07-07 14:43:20.188,11535,253,6,100,False,1,car,0 days 00:40:07.647000,0 days 01:38:23.159000
2024-07-07 14:43:20.508,11511,257,6,100,False,1,car,0 days 00:40:07.967000,0 days 01:38:23.479000
2024-07-07 14:43:20.708,10111,259,6,100,False,1,car,0 days 00:40:08.167000,0 days 01:38:23.679000
2024-07-07 14:43:21.068,10444,260,7,83,False,1,car,0 days 00:40:08.527000,0 days 01:38:24.039000
2024-07-07 14:43:21.228,10511,260,7,84,False,1,car,0 days 00:40:08.687000,0 days 01:38:24.199000
2024-07-07 14:43:21.588,10457,263,7,84,False,1,car,0 days 00:40:09.047000,0 days 01:38:24.559000
2024-07-07 14:43:21.948,10655,264,7,100,False,1,car,0 days 00:40:09.407000,0 days 01:38:24.919000
2024-07-07 14:43:22.108,10677,266,7,100,False,1,car,0 days 00:40:09.567000,0 days 01:38:25.079000
2024-07-07 14:43:22.348,10661,267,7,100,False,1,car,0 days 00:40:09.807000,0 days 01:38:25.319000
2024-07-07 14:43:22.748,10715,267,7,100,False,1,car,0 days 00:40:10.207000,0 days 01:38:25.719000
2024-07-07 14:43:23.068,10618,268,7,94,False,1,car,0 days 00:40:10.527000,0 days 01:38:26.039000
2024-07-07 14:43:23.388,9670,249,7,0,True,1,car,0 days 00:40:10.847000,0 days 01:38:26.359000
2024-07-07 14:43:23.668,9548,216,7,0,True,1,car,0 days 00:40:11.127000,0 days 01:38:26.639000
2024-07-07 14:43:23.988,9651,190,7,0,True,1,car,0 days 00:40:11.447000,0 days 01:38:26.959000
2024-07-07 14:43:24.148,8897,190,6,0,True,1,car,0 days 00:40:11.607000,0 days 01:38:27.119000
2024-07-07 14:43:24.348,9691,168,5,0,True,1,car,0 days 00:40:11.807000,0 days 01:38:27.319000
2024-07-07 14:43:24.588,8988,149,4,0,True,1,car,0 days 00:40:12.047000,0 days 01:38:27.559000
2024-07-07 14:43:24.828,9640,140,4,0,True,1,car,0 days 00:40:12.287000,0 days 01:38:27.799000
2024-07-07 14:43:24.989,9565,132,3,0,True,1,car,0 days 00:40:12.448000,0 days 01:38:27.960000
2024-07-07 14:43:25.268,8594,122,3,0,True,1,car,0 days 00:40:12.727000,0 days 01:38:28.239000
2024-07-07 14:43:25.508,8377,116,3,0,True,1,car,0 days 00:40:12.967000,0 days 01:38:28.479000
2024-07-07 14:43:25.708,8077,111,3,0,True,1,car,0 days 00:40:13.167000,0 days 01:38:28.679000
2024-07-07 14:43:25.948,7670,106,3,0,True,1,car,0 days 00:40:13.407000,0 days 01:38:28.919000
2024-07-07 14:43:26.188,7357,101,3,0,True,1,car,0 days 00:40:13.647000,0 days 01:38:29.159000
2024-07-07 14:43:26.508,7062,97,3,0,True,1,car,0 days 00:40:13.967000,0 days 01:38:29.479000
2024-07-07 14:43:26.708,7062,92,3,0,True,1,car,0 days 00:40:14.167000,0 days 01:38:29.679000
2024-07-07 14:43:27.068,6236,85,3,0,False,1,car,0 days 00:40:14.527000,0 days 01:38:30.039000
2024-07-07 14:43:27.428,6468,83,3,22,False,1,car,0 days 00:40:14.887000,0 days 01:38:30.399000
2024-07-07 14:43:27.628,6631,83,3,27,False,1,car,0 days 00:40:15.087000,0 days 01:38:30.599000
2024-07-07 14:43:27.868,6921,85,3,28,False,1,car,0 days 00:40:15.327000,0 days 01:38:30.839000
2024-07-07 14:43:28.108,7022,85,3,26,False,1,car,0 days 00:40:15.567000,0 days 01:38:31.079000
2024-07-07 14:43:28.268,7039,87,3,27,False,1,car,0 days 00:40:15.727000,0 days 01:38:31.239000
2024-07-07 14:43:28.548,7124,89,3,37,False,1,car,0 days 00:40:16.007000,0 days 01:38:31.519000
2024-07-07 14:43:28.708,7394,92,3,42,False,1,car,0 days 00:40:16.167000,0 days 01:38:31.679000
2024-07-07 14:43:28.868,7394,97,3,42,False,1,car,0 days 00:40:16.327000,0 days 01:38:31.839000
2024-07-07 14:43:29.148,8096,100,3,46,False,1,car,0 days 00:40:16.607000,0 days 01:38:32.119000
2024-07-07 14:43:29.628,8685,111,3,53,False,1,car,0 days 00:40:17.087000,0 days 01:38:32.599000
2024-07-07 14:43:29.788,8817,116,3,53,False,1,car,0 days 00:40:17.247000,0 days 01:38:32.759000
2024-07-07 14:43:29.988,8257,119,3,0,True,1,car,0 days 00:40:17.447000,0 days 01:38:32.959000
2024-07-07 14:43:30.428,7116,104,3,0,True,1,car,0 days 00:40:17.887000,0 days 01:38:33.399000
2024-07-07 14:43:30.748,6652,95,3,0,True,1,car,0 days 00:40:18.207000,0 days 01:38:33.719000
2024-07-07 14:43:31.028,6304,88,3,0,True,1,car,0 days 00:40:18.487000,0 days 01:38:33.999000
2024-07-07 14:43:31.268,6189,84,3,0,True,1,car,0 days 00:40:18.727000,0 days 01:38:34.239000
2024-07-07 14:43:31.509,5928,81,3,0,True,1,car,0 days 00:40:18.968000,0 days 01:38:34.480000
2024-07-07 14:43:31.868,6487,77,3,0,False,1,car,0 days 00:40:19.327000,0 days 01:38:34.839000
2024-07-07 14:43:32.028,6439,75,2,0,False,1,car,0 days 00:40:19.487000,0 days 01:38:34.999000
2024-07-07 14:43:32.348,6327,73,2,0,False,1,car,0 days 00:40:19.807000,0 days 01:38:35.319000
2024-07-07 14:43:32.668,6061,69,2,0,False,1,car,0 days 00:40:20.127000,0 days 01:38:35.639000
2024-07-07 14:43:32.868,6082,69,2,3,False,1,car,0 days 00:40:20.327000,0 days 01:38:35.839000
2024-07-07 14:43:33.068,6389,70,2,19,False,1,car,0 days 00:40:20.527000,0 days 01:38:36.039000
2024-07-07 14:43:33.268,6576,72,2,21,False,1,car,0 days 00:40:20.727000,0 days 01:38:36.239000
2024-07-07 14:43:33.588,6973,75,2,24,False,1,car,0 days 00:40:21.047000,0 days 01:38:36.559000
2024-07-07 14:43:33.868,7282,77,2,35,False,1,car,0 days 00:40:21.327000,0 days 01:38:36.839000
2024-07-07 14:43:34.228,8033,83,2,41,False,1,car,0 days 00:40:21.687000,0 days 01:38:37.199000
2024-07-07 14:43:34.388,8052,87,2,41,False,1,car,0 days 00:40:21.847000,0 days 01:38:37.359000
2024-07-07 14:43:34.588,7464,91,2,44,False,1,car,0 days 00:40:22.047000,0 days 01:38:37.559000
2024-07-07 14:43:34.948,8081,98,3,54,False,1,car,0 days 00:40:22.407000,0 days 01:38:37.919000
2024-07-07 14:43:35.108,8342,103,3,57,False,1,car,0 days 00:40:22.567000,0 days 01:38:38.079000
2024-07-07 14:43:35.348,9049,108,3,61,False,1,car,0 days 00:40:22.807000,0 days 01:38:38.319000
2024-07-07 14:43:35.588,9621,118,3,67,False,1,car,0 days 00:40:23.047000,0 days 01:38:38.559000
2024-07-07 14:43:35.748,9707,120,3,67,False,1,car,0 days 00:40:23.207000,0 days 01:38:38.719000
2024-07-07 14:43:35.988,8658,127,3,70,False,1,car,0 days 00:40:23.447000,0 days 01:38:38.959000
2024-07-07 14:43:36.228,9329,137,4,77,False,1,car,0 days 00:40:23.687000,0 days 01:38:39.199000
2024-07-07 14:43:36.508,9716,147,4,79,False,1,car,0 days 00:40:23.967000,0 days 01:38:39.479000
2024-07-07 14:43:36.908,9549,160,4,83,False,1,car,0 days 00:40:24.367000,0 days 01:38:39.879000
2024-07-07 14:43:37.068,9184,166,4,80,False,1,car,0 days 00:40:24.527000,0 days 01:38:40.039000
2024-07-07 14:43:37.268,9275,173,5,82,False,1,car,0 days 00:40:24.727000,0 days 01:38:40.239000
2024-07-07 14:43:37.428,9566,176,5,82,False,1,car,0 days 00:40:24.887000,0 days 01:38:40.399000
2024-07-07 14:43:37.588,9566,180,5,82,False,1,car,0 days 00:40:25.047000,0 days 01:38:40.559000
2024-07-07 14:43:37.828,10162,185,5,84,False,1,car,0 days 00:40:25.287000,0 days 01:38:40.799000
2024-07-07 14:43:38.109,10381,192,5,83,False,1,car,0 days 00:40:25.568000,0 days 01:38:41.080000
2024-07-07 14:43:38.349,10691,197,5,86,False,1,car,0 days 00:40:25.808000,0 days 01:38:41.320000
2024-07-07 14:43:38.509,10691,201,5,86,False,1,car,0 days 00:40:25.968000,0 days 01:38:41.480000
2024-07-07 14:43:38.908,11368,207,5,100,False,1,car,0 days 00:40:26.367000,0 days 01:38:41.879000
2024-07-07 14:43:39.148,11585,214,5,100,False,1,car,0 days 00:40:26.607000,0 days 01:38:42.119000
2024-07-07 14:43:39.308,11762,218,5,100,False,1,car,0 days 00:40:26.767000,0 days 01:38:42.279000
2024-07-07 14:43:39.548,10845,221,5,100,False,1,car,0 days 00:40:27.007000,0 days 01:38:42.519000
2024-07-07 14:43:39.868,10502,230,6,100,False,1,car,0 days 00:40:27.327000,0 days 01:38:42.839000
2024-07-07 14:43:40.108,10802,234,6,100,False,1,car,0 days 00:40:27.567000,0 days 01:38:43.079000
2024-07-07 14:43:40.468,11075,240,6,100,False,1,car,0 days 00:40:27.927000,0 days 01:38:43.439000
2024-07-07 14:43:40.628,11201,240,6,100,False,1,car,0 days 00:40:28.087000,0 days 01:38:43.599000
2024-07-07 14:43:40.788,11238,247,6,100,False,1,car,0 days 00:40:28.247000,0 days 01:38:43.759000
2024-07-07 14:43:40.988,11380,250,6,100,False,1,car,0 days 00:40:28.447000,0 days 01:38:43.959000
2024-07-07 14:43:41.228,11544,253,6,100,False,1,car,0 days 00:40:28.687000,0 days 01:38:44.199000
2024-07-07 14:43:41.388,11604,256,6,100,False,1,car,0 days 00:40:28.847000,0 days 01:38:44.359000
2024-07-07 14:43:41.628,11793,260,6,100,False,1,car,0 days 00:40:29.087000,0 days 01:38:44.599000
2024-07-07 14:43:41.788,11233,261,6,100,False,1,car,0 days 00:40:29.247000,0 days 01:38:44.759000
2024-07-07 14:43:42.108,10478,265,7,100,False,1,car,0 days 00:40:29.567000,0 days 01:38:45.079000
2024-07-07 14:43:42.308,10615,267,7,100,False,1,car,0 days 00:40:29.767000,0 days 01:38:45.279000
2024-07-07 14:43:42.588,10756,270,7,100,False,1,car,0 days 00:40:30.047000,0 days 01:38:45.559000
2024-07-07 14:43:42.828,10876,272,7,100,False,1,car,0 days 00:40:30.287000,0 days 01:38:45.799000
2024-07-07 14:43:43.108,10919,275,7,100,False,1,car,0 days 00:40:30.567000,0 days 01:38:46.079000
2024-07-07 14:43:43.348,11036,275,7,100,False,1,car,0 days 00:40:30.807000,0 days 01:38:46.319000
2024-07-07 14:43:43.548,11068,278,7,100,False,1,car,0 days 00:40:31.007000,0 days 01:38:46.519000
2024-07-07 14:43:44.028,11196,281,7,100,False,1,car,0 days 00:40:31.487000,0 days 01:38:46.999000
2024-07-07 14:43:44.228,11249,282,7,100,False,1,car,0 days 00:40:31.687000,0 days 01:38:47.199000
2024-07-07 14:43:44.628,11351,284,7,100,False,1,car,0 days 00:40:32.087000,0 days 01:38:47.599000
2024-07-07 14:43:44.829,11388,285,7,100,False,1,car,0 days 00:40:32.288000,0 days 01:38:47.800000
2024-07-07 14:43:45.029,11427,287,7,100,False,1,car,0 days 00:40:32.488000,0 days 01:38:48
2024-07-07 14:43:45.229,11434,287,7,100,False,1,car,0 days 00:40:32.688000,0 days 01:38:48.200000
2024-07-07 14:43:45.428,11420,288,7,100,False,1,car,0 days 00:40:32.887000,0 days 01:38:48.399000
2024-07-07 14:43:45.788,11380,287,7,100,False,1,car,0 days 00:40:33.247000,0 days 01:38:48.759000
2024-07-07 14:43:46.068,11262,285,7,100,False,1,car,0 days 00:40:33.527000,0 days 01:38:49.039000
2024-07-07 14:43:46.308,11461,283,7,0,True,1,car,0 days 00:40:33.767000,0 days 01:38:49.279000
2024-07-07 14:43:46.628,10271,264,7,0,True,1,car,0 days 00:40:34.087000,0 days 01:38:49.599000
2024-07-07 14:43:46.908,8958,240,7,0,True,1,car,0 days 00:40:34.367000,0 days 01:38:49.879000
2024-07-07 14:43:47.108,9582,214,7,0,True,1,car,0 days 00:40:34.567000,0 days 01:38:50.079000
2024-07-07 14:43:47.308,8901,202,6,0,True,1,car,0 days 00:40:34.767000,0 days 01:38:50.279000
2024-07-07 14:43:47.588,9380,184,6,0,True,1,car,0 days 00:40:35.047000,0 days 01:38:50.559000
2024-07-07 14:43:47.788,8887,174,5,0,True,1,car,0 days 00:40:35.247000,0 days 01:38:50.759000
2024-07-07 14:43:48.028,9537,167,5,0,True,1,car,0 days 00:40:35.487000,0 days 01:38:50.999000
2024-07-07 14:43:48.308,9430,157,4,0,True,1,car,0 days 00:40:35.767000,0 days 01:38:51.279000
2024-07-07 14:43:48.548,8957,150,4,0,True,1,car,0 days 00:40:36.007000,0 days 01:38:51.519000
2024-07-07 14:43:48.708,8820,144,4,0,True,1,car,0 days 00:40:36.167000,0 days 01:38:51.679000
2024-07-07 14:43:48.868,8601,141,4,0,True,1,car,0 days 00:40:36.327000,0 days 01:38:51.839000
2024-07-07 14:43:49.108,8409,137,4,0,True,1,car,0 days 00:40:36.567000,0 days 01:38:52.079000
2024-07-07 14:43:49.428,8111,134,4,0,False,1,car,0 days 00:40:36.887000,0 days 01:38:52.399000
2024-07-07 14:43:49.708,7875,128,4,0,False,1,car,0 days 00:40:37.167000,0 days 01:38:52.679000
2024-07-07 14:43:49.908,7706,126,4,0,False,1,car,0 days 00:40:37.367000,0 days 01:38:52.879000
2024-07-07 14:43:50.068,7455,122,4,1,False,1,car,0 days 00:40:37.527000,0 days 01:38:53.039000
2024-07-07 14:43:50.268,7627,120,4,13,False,1,car,0 days 00:40:37.727000,0 days 01:38:53.239000
2024-07-07 14:43:50.628,7533,118,4,26,False,1,car,0 days 00:40:38.087000,0 days 01:38:53.599000
2024-07-07 14:43:51.028,7619,119,4,32,False,1,car,0 days 00:40:38.487000,0 days 01:38:53.999000
2024-07-07 14:43:51.269,7721,120,4,37,False,1,car,0 days 00:40:38.728000,0 days 01:38:54.240000
2024-07-07 14:43:51.429,7825,121,4,41,False,1,car,0 days 00:40:38.888000,0 days 01:38:54.400000
2024-07-07 14:43:51.869,8162,126,4,50,False,1,car,0 days 00:40:39.328000,0 days 01:38:54.840000
2024-07-07 14:43:52.188,8309,131,4,53,False,1,car,0 days 00:40:39.647000,0 days 01:38:55.159000
2024-07-07 14:43:52.508,8707,138,4,54,False,1,car,0 days 00:40:39.967000,0 days 01:38:55.479000
2024-07-07 14:43:52.908,7860,131,4,0,True,1,car,0 days 00:40:40.367000,0 days 01:38:55.879000
2024-07-07 14:43:53.268,8632,121,4,0,True,1,car,0 days 00:40:40.727000,0 days 01:38:56.239000
2024-07-07 14:43:53.428,8642,118,3,0,True,1,car,0 days 00:40:40.887000,0 days 01:38:56.399000
2024-07-07 14:43:53.668,8135,111,3,0,True,1,car,0 days 00:40:41.127000,0 days 01:38:56.639000
2024-07-07 14:43:53.868,7909,108,3,0,True,1,car,0 days 00:40:41.327000,0 days 01:38:56.839000
2024-07-07 14:43:54.028,7686,107,3,0,True,1,car,0 days 00:40:41.487000,0 days 01:38:56.999000
2024-07-07 14:43:54.348,7352,102,3,0,True,1,car,0 days 00:40:41.807000,0 days 01:38:57.319000
2024-07-07 14:43:54.708,6834,94,3,0,True,1,car,0 days 00:40:42.167000,0 days 01:38:57.679000
2024-07-07 14:43:54.988,6598,90,3,0,True,1,car,0 days 00:40:42.447000,0 days 01:38:57.959000
2024-07-07 14:43:55.228,6517,88,3,0,False,1,car,0 days 00:40:42.687000,0 days 01:38:58.199000
2024-07-07 14:43:55.548,6518,86,3,15,False,1,car,0 days 00:40:43.007000,0 days 01:38:58.519000
2024-07-07 14:43:55.788,6645,86,3,21,False,1,car,0 days 00:40:43.247000,0 days 01:38:58.759000
2024-07-07 14:43:56.228,6858,88,3,18,False,1,car,0 days 00:40:43.687000,0 days 01:38:59.199000
2024-07-07 14:43:56.388,6858,89,3,18,False,1,car,0 days 00:40:43.847000,0 days 01:38:59.359000
2024-07-07 14:43:56.588,6861,88,3,21,False,1,car,0 days 00:40:44.047000,0 days 01:38:59.559000
2024-07-07 14:43:56.868,7090,91,3,28,False,1,car,0 days 00:40:44.327000,0 days 01:38:59.839000
2024-07-07 14:43:57.188,7366,93,3,30,False,1,car,0 days 00:40:44.647000,0 days 01:39:00.159000
2024-07-07 14:43:57.428,7402,94,3,30,False,1,car,0 days 00:40:44.887000,0 days 01:39:00.399000
2024-07-07 14:43:57.588,7521,96,3,32,False,1,car,0 days 00:40:45.047000,0 days 01:39:00.559000
2024-07-07 14:43:57.829,7653,97,3,41,False,1,car,0 days 00:40:45.288000,0 days 01:39:00.800000
2024-07-07 14:43:57.989,7917,101,3,42,False,1,car,0 days 00:40:45.448000,0 days 01:39:00.960000
2024-07-07 14:43:58.149,7596,103,3,43,False,1,car,0 days 00:40:45.608000,0 days 01:39:01.120000
2024-07-07 14:43:58.469,7298,110,4,43,False,1,car,0 days 00:40:45.928000,0 days 01:39:01.440000
2024-07-07 14:43:58.629,7363,112,4,49,False,1,car,0 days 00:40:46.088000,0 days 01:39:01.600000
2024-07-07 14:43:58.948,7754,117,4,51,False,1,car,0 days 00:40:46.407000,0 days 01:39:01.919000
2024-07-07 14:43:59.308,8157,126,4,56,False,1,car,0 days 00:40:46.767000,0 days 01:39:02.279000
2024-07-07 14:43:59.508,8466,128,4,59,False,1,car,0 days 00:40:46.967000,0 days 01:39:02.479000
2024-07-07 14:43:59.788,9019,138,4,68,False,1,car,0 days 00:40:47.247000,0 days 01:39:02.759000
2024-07-07 14:44:00.028,9460,143,4,71,False,1,car,0 days 00:40:47.487000,0 days 01:39:02.999000
2024-07-07 14:44:00.348,9916,151,4,79,False,1,car,0 days 00:40:47.807000,0 days 01:39:03.319000
2024-07-07 14:44:00.548,10341,154,4,84,False,1,car,0 days 00:40:48.007000,0 days 01:39:03.519000
2024-07-07 14:44:00.988,10922,174,4,100,False,1,car,0 days 00:40:48.447000,0 days 01:39:03.959000
2024-07-07 14:44:01.148,11622,178,4,100,False,1,car,0 days 00:40:48.607000,0 days 01:39:04.119000
2024-07-07 14:44:01.388,11062,185,4,100,False,1,car,0 days 00:40:48.847000,0 days 01:39:04.359000
2024-07-07 14:44:01.548,10422,191,5,100,False,1,car,0 days 00:40:49.007000,0 days 01:39:04.519000
2024-07-07 14:44:01.708,10639,195,5,100,False,1,car,0 days 00:40:49.167000,0 days 01:39:04.679000
2024-07-07 14:44:02.068,11296,211,5,100,False,1,car,0 days 00:40:49.527000,0 days 01:39:05.039000
2024-07-07 14:44:02.348,11640,217,5,100,False,1,car,0 days 00:40:49.807000,0 days 01:39:05.319000
2024-07-07 14:44:02.668,10321,226,5,100,False,1,car,0 days 00:40:50.127000,0 days 01:39:05.639000
2024-07-07 14:44:02.948,10662,230,6,100,False,1,car,0 days 00:40:50.407000,0 days 01:39:05.919000
2024-07-07 14:44:03.188,10840,236,6,100,False,1,car,0 days 00:40:50.647000,0 days 01:39:06.159000
2024-07-07 14:44:03.548,11122,242,6,100,False,1,car,0 days 00:40:51.007000,0 days 01:39:06.519000
2024-07-07 14:44:03.748,11259,245,6,100,False,1,car,0 days 00:40:51.207000,0 days 01:39:06.719000
2024-07-07 14:44:04.108,11478,252,6,100,False,1,car,0 days 00:40:51.567000,0 days 01:39:07.079000
2024-07-07 14:44:04.268,11610,253,6,100,False,1,car,0 days 00:40:51.727000,0 days 01:39:07.239000
2024-07-07 14:44:04.469,11712,256,6,100,False,1,car,0 days 00:40:51.928000,0 days 01:39:07.440000
2024-07-07 14:44:04.629,11820,258,6,100,False,1,car,0 days 00:40:52.088000,0 days 01:39:07.600000
2024-07-07 14:44:04.829,11680,261,6,100,False,1,car,0 days 00:40:52.288000,0 days 01:39:07.800000
2024-07-07 14:44:05.189,10546,265,7,100,False,1,car,0 days 00:40:52.648000,0 days 01:39:08.160000
2024-07-07 14:44:05.349,10686,266,7,100,False,1,car,0 days 00:40:52.808000,0 days 01:39:08.320000
2024-07-07 14:44:05.508,10692,268,7,100,False,1,car,0 days 00:40:52.967000,0 days 01:39:08.479000
2024-07-07 14:44:05.748,10826,270,7,100,False,1,car,0 days 00:40:53.207000,0 days 01:39:08.719000
2024-07-07 14:44:05.948,10922,272,7,100,False,1,car,0 days 00:40:53.407000,0 days 01:39:08.919000
2024-07-07 14:44:06.268,10950,275,7,100,False,1,car,0 days 00:40:53.727000,0 days 01:39:09.239000
2024-07-07 14:44:06.628,11096,278,7,100,False,1,car,0 days 00:40:54.087000,0 days 01:39:09.599000
2024-07-07 14:44:06.788,11177,279,7,100,False,1,car,0 days 00:40:54.247000,0 days 01:39:09.759000
2024-07-07 14:44:06.948,11233,281,7,100,False,1,car,0 days 00:40:54.407000,0 days 01:39:09.919000
2024-07-07 14:44:07.428,11359,284,7,100,False,1,car,0 days 00:40:54.887000,0 days 01:39:10.399000
2024-07-07 14:44:07.588,11365,286,7,100,False,1,car,0 days 00:40:55.047000,0 days 01:39:10.559000
2024-07-07 14:44:07.748,11418,287,7,100,False,1,car,0 days 00:40:55.207000,0 days 01:39:10.719000
2024-07-07 14:44:07.908,11444,288,7,100,False,1,car,0 days 00:40:55.367000,0 days 01:39:10.879000
2024-07-07 14:44:08.148,11482,289,7,100,False,1,car,0 days 00:40:55.607000,0 days 01:39:11.119000
2024-07-07 14:44:08.428,11431,289,7,100,False,1,car,0 days 00:40:55.887000,0 days 01:39:11.399000
2024-07-07 14:44:08.628,11396,290,7,100,False,1,car,0 days 00:40:56.087000,0 days 01:39:11.599000
2024-07-07 14:44:08.828,11366,288,7,100,False,1,car,0 days 00:40:56.287000,0 days 01:39:11.799000
2024-07-07 14:44:09.108,11236,287,7,62,False,1,car,0 days 00:40:56.567000,0 days 01:39:12.079000
2024-07-07 14:44:09.308,10869,277,7,0,True,1,car,0 days 00:40:56.767000,0 days 01:39:12.279000
2024-07-07 14:44:09.588,9964,256,7,0,True,1,car,0 days 00:40:57.047000,0 days 01:39:12.559000
2024-07-07 14:44:09.828,9319,242,7,0,True,1,car,0 days 00:40:57.287000,0 days 01:39:12.799000
2024-07-07 14:44:10.188,9968,224,7,0,True,1,car,0 days 00:40:57.647000,0 days 01:39:13.159000
2024-07-07 14:44:10.468,9908,217,6,0,False,1,car,0 days 00:40:57.927000,0 days 01:39:13.439000
2024-07-07 14:44:10.708,9586,213,6,16,False,1,car,0 days 00:40:58.167000,0 days 01:39:13.679000
2024-07-07 14:44:11.069,9383,206,6,34,False,1,car,0 days 00:40:58.528000,0 days 01:39:14.040000
2024-07-07 14:44:11.469,9254,202,6,39,False,1,car,0 days 00:40:58.928000,0 days 01:39:14.440000
2024-07-07 14:44:11.669,9228,201,6,54,False,1,car,0 days 00:40:59.128000,0 days 01:39:14.640000
2024-07-07 14:44:11.869,9274,201,6,60,False,1,car,0 days 00:40:59.328000,0 days 01:39:14.840000
2024-07-07 14:44:12.069,9287,200,6,59,False,1,car,0 days 00:40:59.528000,0 days 01:39:15.040000
2024-07-07 14:44:12.228,9284,200,6,69,False,1,car,0 days 00:40:59.687000,0 days 01:39:15.199000
2024-07-07 14:44:12.388,9334,202,6,72,False,1,car,0 days 00:40:59.847000,0 days 01:39:15.359000
2024-07-07 14:44:12.748,9491,204,6,72,False,1,car,0 days 00:41:00.207000,0 days 01:39:15.719000
2024-07-07 14:44:12.908,9541,206,6,77,False,1,car,0 days 00:41:00.367000,0 days 01:39:15.879000
2024-07-07 14:44:13.068,9749,208,6,85,False,1,car,0 days 00:41:00.527000,0 days 01:39:16.039000
2024-07-07 14:44:13.268,9878,212,6,100,False,1,car,0 days 00:41:00.727000,0 days 01:39:16.239000
2024-07-07 14:44:13.428,10001,214,6,100,False,1,car,0 days 00:41:00.887000,0 days 01:39:16.399000
2024-07-07 14:44:13.668,10343,222,6,100,False,1,car,0 days 00:41:01.127000,0 days 01:39:16.639000
2024-07-07 14:44:13.988,10469,228,6,100,False,1,car,0 days 00:41:01.447000,0 days 01:39:16.959000
2024-07-07 14:44:14.348,10817,234,6,100,False,1,car,0 days 00:41:01.807000,0 days 01:39:17.319000
2024-07-07 14:44:14.508,10920,239,6,100,False,1,car,0 days 00:41:01.967000,0 days 01:39:17.479000
2024-07-07 14:44:14.748,11152,244,6,100,False,1,car,0 days 00:41:02.207000,0 days 01:39:17.719000
2024-07-07 14:44:15.068,11316,250,6,100,False,1,car,0 days 00:41:02.527000,0 days 01:39:18.039000
2024-07-07 14:44:15.308,11509,253,6,100,False,1,car,0 days 00:41:02.767000,0 days 01:39:18.279000
2024-07-07 14:44:15.548,11717,256,6,100,False,1,car,0 days 00:41:03.007000,0 days 01:39:18.519000
2024-07-07 14:44:16.028,10462,264,7,100,False,1,car,0 days 00:41:03.487000,0 days 01:39:18.999000
2024-07-07 14:44:16.308,10643,267,7,100,False,1,car,0 days 00:41:03.767000,0 days 01:39:19.279000
2024-07-07 14:44:16.668,10842,273,7,100,False,1,car,0 days 00:41:04.127000,0 days 01:39:19.639000
2024-07-07 14:44:16.828,10904,273,7,100,False,1,car,0 days 00:41:04.287000,0 days 01:39:19.799000
2024-07-07 14:44:16.988,10926,275,7,100,False,1,car,0 days 00:41:04.447000,0 days 01:39:19.959000
2024-07-07 14:44:17.228,11056,277,7,100,False,1,car,0 days 00:41:04.687000,0 days 01:39:20.199000
2024-07-07 14:44:17.428,11118,279,7,100,False,1,car,0 days 00:41:04.887000,0 days 01:39:20.399000
2024-07-07 14:44:17.589,11118,282,7,100,False,1,car,0 days 00:41:05.048000,0 days 01:39:20.560000
2024-07-07 14:44:17.789,11219,282,7,100,False,1,car,0 days 00:41:05.248000,0 days 01:39:20.760000
2024-07-07 14:44:18.109,11327,285,7,100,False,1,car,0 days 00:41:05.568000,0 days 01:39:21.080000
2024-07-07 14:44:18.269,11350,286,7,100,False,1,car,0 days 00:41:05.728000,0 days 01:39:21.240000
2024-07-07 14:44:18.509,11384,287,7,100,False,1,car,0 days 00:41:05.968000,0 days 01:39:21.480000
2024-07-07 14:44:18.709,11445,288,7,100,False,1,car,0 days 00:41:06.168000,0 days 01:39:21.680000
2024-07-07 14:44:19.068,11585,291,7,100,False,1,car,0 days 00:41:06.527000,0 days 01:39:22.039000
2024-07-07 14:44:19.388,11048,287,7,0,True,1,car,0 days 00:41:06.847000,0 days 01:39:22.359000
2024-07-07 14:44:19.628,10521,274,7,0,True,1,car,0 days 00:41:07.087000,0 days 01:39:22.599000
2024-07-07 14:44:19.868,9927,255,7,0,True,1,car,0 days 00:41:07.327000,0 days 01:39:22.839000
2024-07-07 14:44:20.068,9551,241,7,0,True,1,car,0 days 00:41:07.527000,0 days 01:39:23.039000
2024-07-07 14:44:20.588,10125,225,6,16,False,1,car,0 days 00:41:08.047000,0 days 01:39:23.559000
2024-07-07 14:44:21.388,9914,218,6,71,False,1,car,0 days 00:41:08.847000,0 days 01:39:24.359000
2024-07-07 14:44:21.708,10084,220,6,79,False,1,car,0 days 00:41:09.167000,0 days 01:39:24.679000
2024-07-07 14:44:22.068,9767,225,6,22,False,1,car,0 days 00:41:09.527000,0 days 01:39:25.039000
2024-07-07 14:44:22.308,9811,217,6,0,True,1,car,0 days 00:41:09.767000,0 days 01:39:25.279000
2024-07-07 14:44:22.468,9450,214,6,0,True,1,car,0 days 00:41:09.927000,0 days 01:39:25.439000
2024-07-07 14:44:22.668,9309,207,6,0,True,1,car,0 days 00:41:10.127000,0 days 01:39:25.639000
2024-07-07 14:44:22.988,8931,201,6,0,False,1,car,0 days 00:41:10.447000,0 days 01:39:25.959000
2024-07-07 14:44:23.428,9845,194,5,36,False,1,car,0 days 00:41:10.887000,0 days 01:39:26.399000
2024-07-07 14:44:23.628,10073,190,5,46,False,1,car,0 days 00:41:11.087000,0 days 01:39:26.599000
2024-07-07 14:44:23.908,10035,190,5,52,False,1,car,0 days 00:41:11.367000,0 days 01:39:26.879000
2024-07-07 14:44:24.269,10138,190,5,62,False,1,car,0 days 00:41:11.728000,0 days 01:39:27.240000
2024-07-07 14:44:24.469,9853,192,5,23,False,1,car,0 days 00:41:11.928000,0 days 01:39:27.440000
2024-07-07 14:44:25.429,9967,163,4,0,False,1,car,0 days 00:41:12.888000,0 days 01:39:28.400000
2024-07-07 14:44:25.668,9813,159,4,0,False,1,car,0 days 00:41:13.127000,0 days 01:39:28.639000
2024-07-07 14:44:25.948,9458,156,4,9,False,1,car,0 days 00:41:13.407000,0 days 01:39:28.919000
2024-07-07 14:44:26.348,9439,151,4,21,False,1,car,0 days 00:41:13.807000,0 days 01:39:29.319000
2024-07-07 14:44:26.668,9479,148,4,53,False,1,car,0 days 00:41:14.127000,0 days 01:39:29.639000
2024-07-07 14:44:26.948,9659,149,4,59,False,1,car,0 days 00:41:14.407000,0 days 01:39:29.919000
2024-07-07 14:44:27.188,9837,153,4,64,False,1,car,0 days 00:41:14.647000,0 days 01:39:30.159000
2024-07-07 14:44:27.468,10075,158,4,71,False,1,car,0 days 00:41:14.927000,0 days 01:39:30.439000
2024-07-07 14:44:27.708,10654,164,4,82,False,1,car,0 days 00:41:15.167000,0 days 01:39:30.679000
2024-07-07 14:44:27.948,11202,169,4,91,False,1,car,0 days 00:41:15.407000,0 days 01:39:30.919000
2024-07-07 14:44:28.428,11036,188,4,100,False,1,car,0 days 00:41:15.887000,0 days 01:39:31.399000
2024-07-07 14:44:28.708,10609,199,5,100,False,1,car,0 days 00:41:16.167000,0 days 01:39:31.679000
2024-07-07 14:44:28.948,11085,205,5,100,False,1,car,0 days 00:41:16.407000,0 days 01:39:31.919000
2024-07-07 14:44:29.268,11461,216,5,100,False,1,car,0 days 00:41:16.727000,0 days 01:39:32.239000
2024-07-07 14:44:29.668,11429,226,5,100,False,1,car,0 days 00:41:17.127000,0 days 01:39:32.639000
2024-07-07 14:44:29.948,10554,230,6,100,False,1,car,0 days 00:41:17.407000,0 days 01:39:32.919000
2024-07-07 14:44:30.108,10554,234,6,100,False,1,car,0 days 00:41:17.567000,0 days 01:39:33.079000
2024-07-07 14:44:30.428,11001,238,6,100,False,1,car,0 days 00:41:17.887000,0 days 01:39:33.399000
2024-07-07 14:44:30.628,11158,243,6,100,False,1,car,0 days 00:41:18.087000,0 days 01:39:33.599000
2024-07-07 14:44:30.869,11298,248,6,100,False,1,car,0 days 00:41:18.328000,0 days 01:39:33.840000
2024-07-07 14:44:31.069,11298,249,6,100,False,1,car,0 days 00:41:18.528000,0 days 01:39:34.040000
2024-07-07 14:44:31.309,11551,254,6,100,False,1,car,0 days 00:41:18.768000,0 days 01:39:34.280000
2024-07-07 14:44:31.709,11809,260,6,100,False,1,car,0 days 00:41:19.168000,0 days 01:39:34.680000
2024-07-07 14:44:31.949,10829,263,6,100,False,1,car,0 days 00:41:19.408000,0 days 01:39:34.920000
2024-07-07 14:44:32.229,10676,266,7,100,False,1,car,0 days 00:41:19.688000,0 days 01:39:35.200000
2024-07-07 14:44:32.468,10703,270,7,100,False,1,car,0 days 00:41:19.927000,0 days 01:39:35.439000
2024-07-07 14:44:32.708,10879,271,7,100,False,1,car,0 days 00:41:20.167000,0 days 01:39:35.679000
2024-07-07 14:44:32.948,10929,273,7,100,False,1,car,0 days 00:41:20.407000,0 days 01:39:35.919000
2024-07-07 14:44:33.188,11001,278,7,100,False,1,car,0 days 00:41:20.647000,0 days 01:39:36.159000
2024-07-07 14:44:33.548,11142,279,7,100,False,1,car,0 days 00:41:21.007000,0 days 01:39:36.519000
2024-07-07 14:44:33.708,11155,282,7,100,False,1,car,0 days 00:41:21.167000,0 days 01:39:36.679000
2024-07-07 14:44:34.028,11267,283,7,100,False,1,car,0 days 00:41:21.487000,0 days 01:39:36.999000
2024-07-07 14:44:34.268,11297,286,7,100,False,1,car,0 days 00:41:21.727000,0 days 01:39:37.239000
2024-07-07 14:44:34.588,11391,287,7,100,False,1,car,0 days 00:41:22.047000,0 days 01:39:37.559000
2024-07-07 14:44:34.788,11440,287,7,100,False,1,car,0 days 00:41:22.247000,0 days 01:39:37.759000
2024-07-07 14:44:35.028,11494,289,7,100,False,1,car,0 days 00:41:22.487000,0 days 01:39:37.999000
2024-07-07 14:44:35.908,11624,293,7,100,False,1,car,0 days 00:41:23.367000,0 days 01:39:38.879000
2024-07-07 14:44:36.188,11672,294,7,100,False,1,car,0 days 00:41:23.647000,0 days 01:39:39.159000
2024-07-07 14:44:36.468,10569,295,7,100,False,1,car,0 days 00:41:23.927000,0 days 01:39:39.439000
2024-07-07 14:44:36.708,10407,297,8,100,False,1,car,0 days 00:41:24.167000,0 days 01:39:39.679000
2024-07-07 14:44:36.908,10392,297,8,100,False,1,car,0 days 00:41:24.367000,0 days 01:39:39.879000
2024-07-07 14:44:37.188,10455,299,8,100,False,1,car,0 days 00:41:24.647000,0 days 01:39:40.159000
2024-07-07 14:44:37.429,10433,297,8,100,False,1,car,0 days 00:41:24.888000,0 days 01:39:40.400000
2024-07-07 14:44:37.709,10412,296,8,100,False,1,car,0 days 00:41:25.168000,0 days 01:39:40.680000
2024-07-07 14:44:38.069,10314,294,8,100,False,1,car,0 days 00:41:25.528000,0 days 01:39:41.040000
2024-07-07 14:44:38.429,10198,291,8,100,False,1,car,0 days 00:41:25.888000,0 days 01:39:41.400000
2024-07-07 14:44:38.589,10283,290,8,0,True,1,car,0 days 00:41:26.048000,0 days 01:39:41.560000
2024-07-07 14:44:38.829,9486,275,8,0,True,1,car,0 days 00:41:26.288000,0 days 01:39:41.800000
2024-07-07 14:44:39.108,9514,247,8,0,True,1,car,0 days 00:41:26.567000,0 days 01:39:42.079000
2024-07-07 14:44:39.348,9310,230,7,0,True,1,car,0 days 00:41:26.807000,0 days 01:39:42.319000
2024-07-07 14:44:39.708,9098,205,6,0,True,1,car,0 days 00:41:27.167000,0 days 01:39:42.679000
2024-07-07 14:44:39.868,10109,196,6,0,True,1,car,0 days 00:41:27.327000,0 days 01:39:42.839000
2024-07-07 14:44:40.028,9833,192,5,0,True,1,car,0 days 00:41:27.487000,0 days 01:39:42.999000
2024-07-07 14:44:40.308,9392,183,5,0,True,1,car,0 days 00:41:27.767000,0 days 01:39:43.279000
2024-07-07 14:44:40.588,9067,174,5,0,False,1,car,0 days 00:41:28.047000,0 days 01:39:43.559000
2024-07-07 14:44:40.988,8755,169,5,0,False,1,car,0 days 00:41:28.447000,0 days 01:39:43.959000
2024-07-07 14:44:41.188,8558,164,5,0,False,1,car,0 days 00:41:28.647000,0 days 01:39:44.159000
2024-07-07 14:44:41.388,9098,164,5,0,False,1,car,0 days 00:41:28.847000,0 days 01:39:44.359000
2024-07-07 14:44:41.628,9801,160,4,24,False,1,car,0 days 00:41:29.087000,0 days 01:39:44.599000
2024-07-07 14:44:41.868,9673,156,4,39,False,1,car,0 days 00:41:29.327000,0 days 01:39:44.839000
2024-07-07 14:44:42.068,9780,154,4,50,False,1,car,0 days 00:41:29.527000,0 days 01:39:45.039000
2024-07-07 14:44:42.388,10015,156,4,59,False,1,car,0 days 00:41:29.847000,0 days 01:39:45.359000
2024-07-07 14:44:42.628,10120,158,4,57,False,1,car,0 days 00:41:30.087000,0 days 01:39:45.599000
2024-07-07 14:44:42.908,10309,160,4,64,False,1,car,0 days 00:41:30.367000,0 days 01:39:45.879000
2024-07-07 14:44:43.228,10482,164,4,63,False,1,car,0 days 00:41:30.687000,0 days 01:39:46.199000
2024-07-07 14:44:43.508,10895,170,4,74,False,1,car,0 days 00:41:30.967000,0 days 01:39:46.479000
2024-07-07 14:44:43.828,11302,177,4,85,False,1,car,0 days 00:41:31.287000,0 days 01:39:46.799000
2024-07-07 14:44:43.989,10919,183,4,85,False,1,car,0 days 00:41:31.448000,0 days 01:39:46.960000
2024-07-07 14:44:44.229,10113,188,5,100,False,1,car,0 days 00:41:31.688000,0 days 01:39:47.200000
2024-07-07 14:44:44.429,10387,195,5,100,False,1,car,0 days 00:41:31.888000,0 days 01:39:47.400000
2024-07-07 14:44:44.589,10557,201,5,100,False,1,car,0 days 00:41:32.048000,0 days 01:39:47.560000
2024-07-07 14:44:44.829,10995,206,5,100,False,1,car,0 days 00:41:32.288000,0 days 01:39:47.800000
2024-07-07 14:44:45.069,11280,215,5,100,False,1,car,0 days 00:41:32.528000,0 days 01:39:48.040000
2024-07-07 14:44:45.389,11783,223,5,100,False,1,car,0 days 00:41:32.848000,0 days 01:39:48.360000
2024-07-07 14:44:45.629,11034,225,5,100,False,1,car,0 days 00:41:33.088000,0 days 01:39:48.600000
2024-07-07 14:44:45.908,10685,234,6,100,False,1,car,0 days 00:41:33.367000,0 days 01:39:48.879000
2024-07-07 14:44:46.108,10824,238,6,100,False,1,car,0 days 00:41:33.567000,0 days 01:39:49.079000
2024-07-07 14:44:46.388,11030,242,6,100,False,1,car,0 days 00:41:33.847000,0 days 01:39:49.359000
2024-07-07 14:44:46.548,11104,244,6,100,False,1,car,0 days 00:41:34.007000,0 days 01:39:49.519000
2024-07-07 14:44:46.708,11104,246,6,100,False,1,car,0 days 00:41:34.167000,0 days 01:39:49.679000
2024-07-07 14:44:46.988,11090,247,6,100,False,1,car,0 days 00:41:34.447000,0 days 01:39:49.959000
2024-07-07 14:44:47.228,11154,248,6,100,False,1,car,0 days 00:41:34.687000,0 days 01:39:50.199000
2024-07-07 14:44:47.388,10594,247,6,0,True,1,car,0 days 00:41:34.847000,0 days 01:39:50.359000
2024-07-07 14:44:47.748,9647,224,6,0,True,1,car,0 days 00:41:35.207000,0 days 01:39:50.719000
2024-07-07 14:44:47.908,9109,206,6,0,True,1,car,0 days 00:41:35.367000,0 days 01:39:50.879000
2024-07-07 14:44:48.148,9610,192,6,0,True,1,car,0 days 00:41:35.607000,0 days 01:39:51.119000
2024-07-07 14:44:48.508,8755,171,5,0,True,1,car,0 days 00:41:35.967000,0 days 01:39:51.479000
2024-07-07 14:44:48.708,9408,160,5,0,True,1,car,0 days 00:41:36.167000,0 days 01:39:51.679000
2024-07-07 14:44:49.028,8695,146,4,0,True,1,car,0 days 00:41:36.487000,0 days 01:39:51.999000
2024-07-07 14:44:49.348,9065,132,3,0,True,1,car,0 days 00:41:36.807000,0 days 01:39:52.319000
2024-07-07 14:44:49.588,8337,123,3,0,True,1,car,0 days 00:41:37.047000,0 days 01:39:52.559000
2024-07-07 14:44:49.868,7663,108,3,0,True,1,car,0 days 00:41:37.327000,0 days 01:39:52.839000
2024-07-07 14:44:50.268,6953,97,3,0,True,1,car,0 days 00:41:37.727000,0 days 01:39:53.239000
2024-07-07 14:44:50.549,6687,93,3,0,True,1,car,0 days 00:41:38.008000,0 days 01:39:53.520000
2024-07-07 14:44:50.829,6383,92,3,0,True,1,car,0 days 00:41:38.288000,0 days 01:39:53.800000
2024-07-07 14:44:51.149,6177,85,3,0,False,1,car,0 days 00:41:38.608000,0 days 01:39:54.120000
2024-07-07 14:44:51.549,6373,83,3,14,False,1,car,0 days 00:41:39.008000,0 days 01:39:54.520000
2024-07-07 14:44:51.749,6210,84,3,16,False,1,car,0 days 00:41:39.208000,0 days 01:39:54.720000
2024-07-07 14:44:51.949,6561,84,3,23,False,1,car,0 days 00:41:39.408000,0 days 01:39:54.920000
2024-07-07 14:44:52.229,6729,87,3,29,False,1,car,0 days 00:41:39.688000,0 days 01:39:55.200000
2024-07-07 14:44:52.548,6946,90,3,34,False,1,car,0 days 00:41:40.007000,0 days 01:39:55.519000
2024-07-07 14:44:52.868,7144,96,3,27,False,1,car,0 days 00:41:40.327000,0 days 01:39:55.839000
2024-07-07 14:44:53.188,6684,96,3,0,False,1,car,0 days 00:41:40.647000,0 days 01:39:56.159000
2024-07-07 14:44:53.348,6966,95,3,0,False,1,car,0 days 00:41:40.807000,0 days 01:39:56.319000
2024-07-07 14:44:53.588,6843,92,3,0,False,1,car,0 days 00:41:41.047000,0 days 01:39:56.559000
2024-07-07 14:44:53.788,6565,92,3,0,False,1,car,0 days 00:41:41.247000,0 days 01:39:56.759000
2024-07-07 14:44:53.948,6644,90,3,7,False,1,car,0 days 00:41:41.407000,0 days 01:39:56.919000
2024-07-07 14:44:54.108,6802,89,3,18,False,1,car,0 days 00:41:41.567000,0 days 01:39:57.079000
2024-07-07 14:44:54.388,7146,91,3,29,False,1,car,0 days 00:41:41.847000,0 days 01:39:57.359000
2024-07-07 14:44:54.708,7166,94,3,27,False,1,car,0 days 00:41:42.167000,0 days 01:39:57.679000
2024-07-07 14:44:54.988,7552,97,3,38,False,1,car,0 days 00:41:42.447000,0 days 01:39:57.959000
2024-07-07 14:44:55.148,7867,99,3,41,False,1,car,0 days 00:41:42.607000,0 days 01:39:58.119000
2024-07-07 14:44:55.428,8092,103,3,48,False,1,car,0 days 00:41:42.887000,0 days 01:39:58.399000
2024-07-07 14:44:55.868,8911,114,3,55,False,1,car,0 days 00:41:43.327000,0 days 01:39:58.839000
2024-07-07 14:44:56.188,9312,121,3,60,False,1,car,0 days 00:41:43.647000,0 days 01:39:59.159000
2024-07-07 14:44:56.548,10031,129,3,64,False,1,car,0 days 00:41:44.007000,0 days 01:39:59.519000
2024-07-07 14:44:56.708,10231,134,3,65,False,1,car,0 days 00:41:44.167000,0 days 01:39:59.679000
2024-07-07 14:44:56.908,10377,139,3,68,False,1,car,0 days 00:41:44.367000,0 days 01:39:59.879000
2024-07-07 14:44:57.149,9353,145,4,67,False,1,car,0 days 00:41:44.608000,0 days 01:40:00.120000
2024-07-07 14:44:57.589,9896,156,4,65,False,1,car,0 days 00:41:45.048000,0 days 01:40:00.560000
2024-07-07 14:44:57.989,10384,164,4,65,False,1,car,0 days 00:41:45.448000,0 days 01:40:00.960000
2024-07-07 14:44:58.189,10616,167,4,68,False,1,car,0 days 00:41:45.648000,0 days 01:40:01.160000
2024-07-07 14:44:58.389,10717,168,4,69,False,1,car,0 days 00:41:45.848000,0 days 01:40:01.360000
2024-07-07 14:44:58.589,11117,173,4,72,False,1,car,0 days 00:41:46.048000,0 days 01:40:01.560000
2024-07-07 14:44:58.789,11330,177,4,72,False,1,car,0 days 00:41:46.248000,0 days 01:40:01.760000
2024-07-07 14:44:59.029,10568,181,4,74,False,1,car,0 days 00:41:46.488000,0 days 01:40:02
2024-07-07 14:44:59.428,10364,189,5,86,False,1,car,0 days 00:41:46.887000,0 days 01:40:02.399000
2024-07-07 14:44:59.628,10559,194,5,84,False,1,car,0 days 00:41:47.087000,0 days 01:40:02.599000
2024-07-07 14:45:00.068,11173,208,5,100,False,1,car,0 days 00:41:47.527000,0 days 01:40:03.039000
2024-07-07 14:45:00.388,11705,215,5,100,False,1,car,0 days 00:41:47.847000,0 days 01:40:03.359000
2024-07-07 14:45:00.548,11824,218,5,100,False,1,car,0 days 00:41:48.007000,0 days 01:40:03.519000
2024-07-07 14:45:00.868,11934,229,5,100,False,1,car,0 days 00:41:48.327000,0 days 01:40:03.839000
2024-07-07 14:45:01.108,10617,233,6,100,False,1,car,0 days 00:41:48.567000,0 days 01:40:04.079000
2024-07-07 14:45:01.308,10806,238,6,100,False,1,car,0 days 00:41:48.767000,0 days 01:40:04.279000
2024-07-07 14:45:01.468,10978,242,6,100,False,1,car,0 days 00:41:48.927000,0 days 01:40:04.439000
2024-07-07 14:45:01.668,11150,245,6,100,False,1,car,0 days 00:41:49.127000,0 days 01:40:04.639000
2024-07-07 14:45:01.828,11276,246,6,100,False,1,car,0 days 00:41:49.287000,0 days 01:40:04.799000
2024-07-07 14:45:02.028,11362,251,6,100,False,1,car,0 days 00:41:49.487000,0 days 01:40:04.999000
2024-07-07 14:45:02.308,11490,255,6,100,False,1,car,0 days 00:41:49.767000,0 days 01:40:05.279000
2024-07-07 14:45:02.668,11379,258,6,100,False,1,car,0 days 00:41:50.127000,0 days 01:40:05.639000
2024-07-07 14:45:02.868,10523,262,7,100,False,1,car,0 days 00:41:50.327000,0 days 01:40:05.839000
2024-07-07 14:45:03.028,10575,265,7,100,False,1,car,0 days 00:41:50.487000,0 days 01:40:05.999000
2024-07-07 14:45:03.348,10703,269,7,100,False,1,car,0 days 00:41:50.807000,0 days 01:40:06.319000
2024-07-07 14:45:03.508,10764,271,7,100,False,1,car,0 days 00:41:50.967000,0 days 01:40:06.479000
2024-07-07 14:45:03.829,10926,275,7,100,False,1,car,0 days 00:41:51.288000,0 days 01:40:06.800000
2024-07-07 14:45:03.989,10967,276,7,100,False,1,car,0 days 00:41:51.448000,0 days 01:40:06.960000
2024-07-07 14:45:04.349,11078,278,7,100,False,1,car,0 days 00:41:51.808000,0 days 01:40:07.320000
2024-07-07 14:45:04.549,11119,281,7,100,False,1,car,0 days 00:41:52.008000,0 days 01:40:07.520000
2024-07-07 14:45:04.949,10846,284,7,0,True,1,car,0 days 00:41:52.408000,0 days 01:40:07.920000
2024-07-07 14:45:05.269,10602,261,7,0,True,1,car,0 days 00:41:52.728000,0 days 01:40:08.240000
2024-07-07 14:45:05.469,9766,250,7,0,True,1,car,0 days 00:41:52.928000,0 days 01:40:08.440000
2024-07-07 14:45:05.909,10912,241,6,15,False,1,car,0 days 00:41:53.368000,0 days 01:40:08.880000
2024-07-07 14:45:06.348,10501,234,6,54,False,1,car,0 days 00:41:53.807000,0 days 01:40:09.319000
2024-07-07 14:45:06.508,10486,232,6,59,False,1,car,0 days 00:41:53.967000,0 days 01:40:09.479000
2024-07-07 14:45:06.748,10500,230,6,70,False,1,car,0 days 00:41:54.207000,0 days 01:40:09.719000
2024-07-07 14:45:07.068,10476,231,6,78,False,1,car,0 days 00:41:54.527000,0 days 01:40:10.039000
2024-07-07 14:45:07.308,10756,233,6,99,False,1,car,0 days 00:41:54.767000,0 days 01:40:10.279000
2024-07-07 14:45:07.708,10996,239,6,100,False,1,car,0 days 00:41:55.167000,0 days 01:40:10.679000
2024-07-07 14:45:07.948,11206,243,6,100,False,1,car,0 days 00:41:55.407000,0 days 01:40:10.919000
2024-07-07 14:45:08.108,11260,245,6,100,False,1,car,0 days 00:41:55.567000,0 days 01:40:11.079000
2024-07-07 14:45:08.348,11418,249,6,100,False,1,car,0 days 00:41:55.807000,0 days 01:40:11.319000
2024-07-07 14:45:08.508,11498,253,6,100,False,1,car,0 days 00:41:55.967000,0 days 01:40:11.479000
2024-07-07 14:45:08.708,11631,255,6,100,False,1,car,0 days 00:41:56.167000,0 days 01:40:11.679000
2024-07-07 14:45:08.988,11224,261,6,94,False,1,car,0 days 00:41:56.447000,0 days 01:40:11.959000
2024-07-07 14:45:09.188,10463,262,7,87,False,1,car,0 days 00:41:56.647000,0 days 01:40:12.159000
2024-07-07 14:45:09.508,10531,262,7,88,False,1,car,0 days 00:41:56.967000,0 days 01:40:12.479000
2024-07-07 14:45:09.868,10598,265,7,100,False,1,car,0 days 00:41:57.327000,0 days 01:40:12.839000
2024-07-07 14:45:10.148,10636,266,7,100,False,1,car,0 days 00:41:57.607000,0 days 01:40:13.119000
2024-07-07 14:45:10.389,10631,267,7,100,False,1,car,0 days 00:41:57.848000,0 days 01:40:13.360000
2024-07-07 14:45:10.709,10510,267,7,100,False,1,car,0 days 00:41:58.168000,0 days 01:40:13.680000
2024-07-07 14:45:10.989,10573,266,7,100,False,1,car,0 days 00:41:58.448000,0 days 01:40:13.960000
2024-07-07 14:45:11.189,10529,265,7,100,False,1,car,0 days 00:41:58.648000,0 days 01:40:14.160000
2024-07-07 14:45:11.389,10074,265,7,27,True,1,car,0 days 00:41:58.848000,0 days 01:40:14.360000
2024-07-07 14:45:11.629,9259,246,7,0,True,1,car,0 days 00:41:59.088000,0 days 01:40:14.600000
2024-07-07 14:45:11.909,9307,214,7,0,True,1,car,0 days 00:41:59.368000,0 days 01:40:14.880000
2024-07-07 14:45:12.229,9164,188,6,0,True,1,car,0 days 00:41:59.688000,0 days 01:40:15.200000
2024-07-07 14:45:12.509,9405,167,5,0,True,1,car,0 days 00:41:59.968000,0 days 01:40:15.480000
2024-07-07 14:45:12.708,9403,157,5,0,True,1,car,0 days 00:42:00.167000,0 days 01:40:15.679000
2024-07-07 14:45:12.948,8778,146,4,0,True,1,car,0 days 00:42:00.407000,0 days 01:40:15.919000
2024-07-07 14:45:13.308,8972,127,3,0,True,1,car,0 days 00:42:00.767000,0 days 01:40:16.279000
2024-07-07 14:45:13.628,8357,118,3,0,True,1,car,0 days 00:42:01.087000,0 days 01:40:16.599000
2024-07-07 14:45:13.988,7717,109,3,0,True,1,car,0 days 00:42:01.447000,0 days 01:40:16.959000
2024-07-07 14:45:14.308,7216,99,3,0,True,1,car,0 days 00:42:01.767000,0 days 01:40:17.279000
2024-07-07 14:45:14.548,6800,95,3,0,True,1,car,0 days 00:42:02.007000,0 days 01:40:17.519000
2024-07-07 14:45:15.028,6219,86,3,0,False,1,car,0 days 00:42:02.487000,0 days 01:40:17.999000
2024-07-07 14:45:15.268,6169,84,3,0,False,1,car,0 days 00:42:02.727000,0 days 01:40:18.239000
2024-07-07 14:45:15.628,6180,82,3,16,False,1,car,0 days 00:42:03.087000,0 days 01:40:18.599000
2024-07-07 14:45:15.788,6307,83,3,19,False,1,car,0 days 00:42:03.247000,0 days 01:40:18.759000
2024-07-07 14:45:16.268,6678,87,3,26,False,1,car,0 days 00:42:03.727000,0 days 01:40:19.239000
2024-07-07 14:45:16.628,7088,89,3,29,False,1,car,0 days 00:42:04.087000,0 days 01:40:19.599000
2024-07-07 14:45:16.949,7254,90,3,40,False,1,car,0 days 00:42:04.408000,0 days 01:40:19.920000
2024-07-07 14:45:17.229,7635,97,3,46,False,1,car,0 days 00:42:04.688000,0 days 01:40:20.200000
2024-07-07 14:45:17.669,8271,107,3,51,False,1,car,0 days 00:42:05.128000,0 days 01:40:20.640000
2024-07-07 14:45:18.109,8785,117,3,51,False,1,car,0 days 00:42:05.568000,0 days 01:40:21.080000
2024-07-07 14:45:18.309,8066,115,3,0,True,1,car,0 days 00:42:05.768000,0 days 01:40:21.280000
2024-07-07 14:45:18.469,7526,107,3,0,True,1,car,0 days 00:42:05.928000,0 days 01:40:21.440000
2024-07-07 14:45:18.749,6972,100,3,0,True,1,car,0 days 00:42:06.208000,0 days 01:40:21.720000
2024-07-07 14:45:19.109,6556,90,3,0,True,1,car,0 days 00:42:06.568000,0 days 01:40:22.080000
2024-07-07 14:45:19.309,6289,87,3,0,True,1,car,0 days 00:42:06.768000,0 days 01:40:22.280000
2024-07-07 14:45:19.508,7170,83,3,0,True,1,car,0 days 00:42:06.967000,0 days 01:40:22.479000
2024-07-07 14:45:19.708,6965,81,2,0,True,1,car,0 days 00:42:07.167000,0 days 01:40:22.679000
2024-07-07 14:45:19.948,6715,80,2,0,True,1,car,0 days 00:42:07.407000,0 days 01:40:22.919000
2024-07-07 14:45:20.308,6448,74,2,0,True,1,car,0 days 00:42:07.767000,0 days 01:40:23.279000
2024-07-07 14:45:20.548,6147,71,2,0,False,1,car,0 days 00:42:08.007000,0 days 01:40:23.519000
2024-07-07 14:45:20.708,6189,71,2,0,False,1,car,0 days 00:42:08.167000,0 days 01:40:23.679000
2024-07-07 14:45:20.988,5963,69,2,1,False,1,car,0 days 00:42:08.447000,0 days 01:40:23.959000
2024-07-07 14:45:21.348,6398,69,2,19,False,1,car,0 days 00:42:08.807000,0 days 01:40:24.319000
2024-07-07 14:45:21.708,6885,73,2,21,False,1,car,0 days 00:42:09.167000,0 days 01:40:24.679000
2024-07-07 14:45:22.108,7066,78,2,30,False,1,car,0 days 00:42:09.567000,0 days 01:40:25.079000
2024-07-07 14:45:22.508,7750,85,2,38,False,1,car,0 days 00:42:09.967000,0 days 01:40:25.479000
2024-07-07 14:45:22.748,7638,88,2,40,False,1,car,0 days 00:42:10.207000,0 days 01:40:25.719000
2024-07-07 14:45:22.908,7136,92,2,41,False,1,car,0 days 00:42:10.367000,0 days 01:40:25.879000
2024-07-07 14:45:23.228,7928,98,3,53,False,1,car,0 days 00:42:10.687000,0 days 01:40:26.199000
2024-07-07 14:45:23.549,8562,107,3,58,False,1,car,0 days 00:42:11.008000,0 days 01:40:26.520000
2024-07-07 14:45:23.709,8842,112,3,60,False,1,car,0 days 00:42:11.168000,0 days 01:40:26.680000
2024-07-07 14:45:23.989,9559,122,3,68,False,1,car,0 days 00:42:11.448000,0 days 01:40:26.960000
2024-07-07 14:45:24.149,9586,125,3,69,False,1,car,0 days 00:42:11.608000,0 days 01:40:27.120000
2024-07-07 14:45:24.429,9008,134,4,75,False,1,car,0 days 00:42:11.888000,0 days 01:40:27.400000
2024-07-07 14:45:24.709,9384,145,4,77,False,1,car,0 days 00:42:12.168000,0 days 01:40:27.680000
2024-07-07 14:45:24.909,9793,152,4,80,False,1,car,0 days 00:42:12.368000,0 days 01:40:27.880000
2024-07-07 14:45:25.109,10209,158,4,81,False,1,car,0 days 00:42:12.568000,0 days 01:40:28.080000
2024-07-07 14:45:25.429,10657,168,4,78,False,1,car,0 days 00:42:12.888000,0 days 01:40:28.400000
2024-07-07 14:45:26.508,10709,197,5,100,False,1,car,0 days 00:42:13.967000,0 days 01:40:29.479000
2024-07-07 14:45:26.908,11312,210,5,100,False,1,car,0 days 00:42:14.367000,0 days 01:40:29.879000
2024-07-07 14:45:27.148,11546,214,5,100,False,1,car,0 days 00:42:14.607000,0 days 01:40:30.119000
2024-07-07 14:45:27.388,11232,221,5,100,False,1,car,0 days 00:42:14.847000,0 days 01:40:30.359000
2024-07-07 14:45:27.588,10384,226,6,100,False,1,car,0 days 00:42:15.047000,0 days 01:40:30.559000
2024-07-07 14:45:27.748,10522,227,6,100,False,1,car,0 days 00:42:15.207000,0 days 01:40:30.719000
2024-07-07 14:45:28.148,10873,236,6,100,False,1,car,0 days 00:42:15.607000,0 days 01:40:31.119000
2024-07-07 14:45:28.428,11073,242,6,100,False,1,car,0 days 00:42:15.887000,0 days 01:40:31.399000
2024-07-07 14:45:28.588,11127,244,6,100,False,1,car,0 days 00:42:16.047000,0 days 01:40:31.559000
2024-07-07 14:45:28.748,11288,247,6,100,False,1,car,0 days 00:42:16.207000,0 days 01:40:31.719000
2024-07-07 14:45:28.948,11384,249,6,100,False,1,car,0 days 00:42:16.407000,0 days 01:40:31.919000
2024-07-07 14:45:29.188,11450,254,6,100,False,1,car,0 days 00:42:16.647000,0 days 01:40:32.159000
2024-07-07 14:45:29.588,11704,259,6,100,False,1,car,0 days 00:42:17.047000,0 days 01:40:32.559000
2024-07-07 14:45:29.909,10856,262,6,100,False,1,car,0 days 00:42:17.368000,0 days 01:40:32.880000
2024-07-07 14:45:30.149,10411,265,7,100,False,1,car,0 days 00:42:17.608000,0 days 01:40:33.120000
2024-07-07 14:45:30.429,10612,268,7,100,False,1,car,0 days 00:42:17.888000,0 days 01:40:33.400000
2024-07-07 14:45:30.709,10760,272,7,100,False,1,car,0 days 00:42:18.168000,0 days 01:40:33.680000
2024-07-07 14:45:30.869,10775,273,7,100,False,1,car,0 days 00:42:18.328000,0 days 01:40:33.840000
2024-07-07 14:45:31.149,10945,274,7,100,False,1,car,0 days 00:42:18.608000,0 days 01:40:34.120000
2024-07-07 14:45:31.349,10984,277,7,100,False,1,car,0 days 00:42:18.808000,0 days 01:40:34.320000
2024-07-07 14:45:31.549,11057,279,7,100,False,1,car,0 days 00:42:19.008000,0 days 01:40:34.520000
2024-07-07 14:45:31.749,11117,280,7,100,False,1,car,0 days 00:42:19.208000,0 days 01:40:34.720000
2024-07-07 14:45:31.989,11177,282,7,100,False,1,car,0 days 00:42:19.448000,0 days 01:40:34.960000
2024-07-07 14:45:32.189,11233,284,7,100,False,1,car,0 days 00:42:19.648000,0 days 01:40:35.160000
2024-07-07 14:45:32.469,11292,285,7,100,False,1,car,0 days 00:42:19.928000,0 days 01:40:35.440000
2024-07-07 14:45:32.669,11332,285,7,100,False,1,car,0 days 00:42:20.128000,0 days 01:40:35.640000
2024-07-07 14:45:32.948,11379,287,7,100,False,1,car,0 days 00:42:20.407000,0 days 01:40:35.919000
2024-07-07 14:45:33.188,11396,288,7,100,False,1,car,0 days 00:42:20.647000,0 days 01:40:36.159000
2024-07-07 14:45:33.548,11356,288,7,100,False,1,car,0 days 00:42:21.007000,0 days 01:40:36.519000
2024-07-07 14:45:33.788,11287,285,7,100,False,1,car,0 days 00:42:21.247000,0 days 01:40:36.759000
2024-07-07 14:45:34.028,11194,285,7,100,False,1,car,0 days 00:42:21.487000,0 days 01:40:36.999000
2024-07-07 14:45:34.388,11143,282,7,100,False,1,car,0 days 00:42:21.847000,0 days 01:40:37.359000
2024-07-07 14:45:34.588,10875,278,7,0,True,1,car,0 days 00:42:22.047000,0 days 01:40:37.559000
2024-07-07 14:45:34.988,9804,258,7,0,True,1,car,0 days 00:42:22.447000,0 days 01:40:37.959000
2024-07-07 14:45:35.388,9207,211,7,0,True,1,car,0 days 00:42:22.847000,0 days 01:40:38.359000
2024-07-07 14:45:35.548,9327,203,6,0,True,1,car,0 days 00:42:23.007000,0 days 01:40:38.519000
2024-07-07 14:45:35.708,9771,191,6,0,True,1,car,0 days 00:42:23.167000,0 days 01:40:38.679000
2024-07-07 14:45:35.988,8993,175,5,0,True,1,car,0 days 00:42:23.447000,0 days 01:40:38.959000
2024-07-07 14:45:36.388,9875,160,4,0,True,1,car,0 days 00:42:23.847000,0 days 01:40:39.359000
2024-07-07 14:45:36.589,9383,154,4,0,True,1,car,0 days 00:42:24.048000,0 days 01:40:39.560000
2024-07-07 14:45:36.749,9097,151,4,0,True,1,car,0 days 00:42:24.208000,0 days 01:40:39.720000
2024-07-07 14:45:37.069,8834,143,4,0,False,1,car,0 days 00:42:24.528000,0 days 01:40:40.040000
2024-07-07 14:45:37.509,8439,140,4,0,False,1,car,0 days 00:42:24.968000,0 days 01:40:40.480000
2024-07-07 14:45:37.869,8227,132,4,0,False,1,car,0 days 00:42:25.328000,0 days 01:40:40.840000
2024-07-07 14:45:38.189,7893,128,4,0,False,1,car,0 days 00:42:25.648000,0 days 01:40:41.160000
2024-07-07 14:45:38.549,7737,124,4,6,False,1,car,0 days 00:42:26.008000,0 days 01:40:41.520000
2024-07-07 14:45:38.829,7416,122,4,0,False,1,car,0 days 00:42:26.288000,0 days 01:40:41.800000
2024-07-07 14:45:39.029,7373,119,4,25,False,1,car,0 days 00:42:26.488000,0 days 01:40:42
2024-07-07 14:45:39.309,7655,118,4,36,False,1,car,0 days 00:42:26.768000,0 days 01:40:42.280000
2024-07-07 14:45:39.509,7826,119,4,39,False,1,car,0 days 00:42:26.968000,0 days 01:40:42.480000
2024-07-07 14:45:39.868,7890,122,4,46,False,1,car,0 days 00:42:27.327000,0 days 01:40:42.839000
2024-07-07 14:45:40.188,8211,128,4,54,False,1,car,0 days 00:42:27.647000,0 days 01:40:43.159000
2024-07-07 14:45:40.588,8399,137,4,39,False,1,car,0 days 00:42:28.047000,0 days 01:40:43.559000
2024-07-07 14:45:40.828,8058,132,4,0,True,1,car,0 days 00:42:28.287000,0 days 01:40:43.799000
2024-07-07 14:45:41.228,7470,122,4,0,True,1,car,0 days 00:42:28.687000,0 days 01:40:44.199000
2024-07-07 14:45:41.508,7231,118,4,0,False,1,car,0 days 00:42:28.967000,0 days 01:40:44.479000
2024-07-07 14:45:41.788,7114,114,4,0,False,1,car,0 days 00:42:29.247000,0 days 01:40:44.759000
2024-07-07 14:45:42.108,7885,110,4,0,False,1,car,0 days 00:42:29.567000,0 days 01:40:45.079000
2024-07-07 14:45:42.388,7774,106,3,0,True,1,car,0 days 00:42:29.847000,0 days 01:40:45.359000
2024-07-07 14:45:42.588,7395,101,3,0,True,1,car,0 days 00:42:30.047000,0 days 01:40:45.559000
2024-07-07 14:45:42.868,6929,96,3,0,True,1,car,0 days 00:42:30.327000,0 days 01:40:45.839000
2024-07-07 14:45:43.109,6659,91,3,0,True,1,car,0 days 00:42:30.568000,0 days 01:40:46.080000
2024-07-07 14:45:43.309,6449,90,3,0,True,1,car,0 days 00:42:30.768000,0 days 01:40:46.280000
2024-07-07 14:45:43.469,6424,87,3,0,False,1,car,0 days 00:42:30.928000,0 days 01:40:46.440000
2024-07-07 14:45:43.749,6259,85,3,6,False,1,car,0 days 00:42:31.208000,0 days 01:40:46.720000
2024-07-07 14:45:43.989,6403,84,3,18,False,1,car,0 days 00:42:31.448000,0 days 01:40:46.960000
2024-07-07 14:45:44.189,6597,85,3,23,False,1,car,0 days 00:42:31.648000,0 days 01:40:47.160000
2024-07-07 14:45:44.389,6716,87,3,23,False,1,car,0 days 00:42:31.848000,0 days 01:40:47.360000
2024-07-07 14:45:44.709,6846,89,3,25,False,1,car,0 days 00:42:32.168000,0 days 01:40:47.680000
2024-07-07 14:45:44.989,7098,91,3,31,False,1,car,0 days 00:42:32.448000,0 days 01:40:47.960000
2024-07-07 14:45:45.229,7286,93,3,32,False,1,car,0 days 00:42:32.688000,0 days 01:40:48.200000
2024-07-07 14:45:45.589,7489,97,3,35,False,1,car,0 days 00:42:33.048000,0 days 01:40:48.560000
2024-07-07 14:45:45.949,7938,101,3,44,False,1,car,0 days 00:42:33.408000,0 days 01:40:48.920000
2024-07-07 14:45:46.109,8001,105,3,46,False,1,car,0 days 00:42:33.568000,0 days 01:40:49.080000
2024-07-07 14:45:46.308,8464,109,3,49,False,1,car,0 days 00:42:33.767000,0 days 01:40:49.279000
2024-07-07 14:45:46.628,8040,114,3,50,False,1,car,0 days 00:42:34.087000,0 days 01:40:49.599000
2024-07-07 14:45:46.788,7698,119,3,53,False,1,car,0 days 00:42:34.247000,0 days 01:40:49.759000
2024-07-07 14:45:47.108,8166,126,4,60,False,1,car,0 days 00:42:34.567000,0 days 01:40:50.079000
2024-07-07 14:45:47.268,8335,132,4,61,False,1,car,0 days 00:42:34.727000,0 days 01:40:50.239000
2024-07-07 14:45:47.588,9055,140,4,71,False,1,car,0 days 00:42:35.047000,0 days 01:40:50.559000
2024-07-07 14:45:47.868,9597,146,4,78,False,1,car,0 days 00:42:35.327000,0 days 01:40:50.839000
2024-07-07 14:45:48.268,10500,164,4,92,False,1,car,0 days 00:42:35.727000,0 days 01:40:51.239000
2024-07-07 14:45:48.428,11023,167,4,100,False,1,car,0 days 00:42:35.887000,0 days 01:40:51.399000
2024-07-07 14:45:48.588,11443,176,4,100,False,1,car,0 days 00:42:36.047000,0 days 01:40:51.559000
2024-07-07 14:45:48.908,10330,188,4,100,False,1,car,0 days 00:42:36.367000,0 days 01:40:51.879000
2024-07-07 14:45:49.268,10738,201,5,100,False,1,car,0 days 00:42:36.727000,0 days 01:40:52.239000
2024-07-07 14:45:49.508,11037,208,5,100,False,1,car,0 days 00:42:36.967000,0 days 01:40:52.479000
2024-07-07 14:45:49.669,11334,213,5,100,False,1,car,0 days 00:42:37.128000,0 days 01:40:52.640000
2024-07-07 14:45:49.989,11702,221,5,100,False,1,car,0 days 00:42:37.448000,0 days 01:40:52.960000
2024-07-07 14:45:50.149,10862,224,5,100,False,1,car,0 days 00:42:37.608000,0 days 01:40:53.120000
2024-07-07 14:45:50.349,10473,228,6,100,False,1,car,0 days 00:42:37.808000,0 days 01:40:53.320000
2024-07-07 14:45:50.549,10685,233,6,100,False,1,car,0 days 00:42:38.008000,0 days 01:40:53.520000
2024-07-07 14:45:50.789,10886,239,6,100,False,1,car,0 days 00:42:38.248000,0 days 01:40:53.760000
2024-07-07 14:45:50.989,11051,242,6,100,False,1,car,0 days 00:42:38.448000,0 days 01:40:53.960000
2024-07-07 14:45:51.389,11336,249,6,100,False,1,car,0 days 00:42:38.848000,0 days 01:40:54.360000
2024-07-07 14:45:51.669,11530,254,6,100,False,1,car,0 days 00:42:39.128000,0 days 01:40:54.640000
2024-07-07 14:45:51.909,11682,255,6,100,False,1,car,0 days 00:42:39.368000,0 days 01:40:54.880000
2024-07-07 14:45:52.229,11014,261,6,100,False,1,car,0 days 00:42:39.688000,0 days 01:40:55.200000
2024-07-07 14:45:52.429,10508,262,7,100,False,1,car,0 days 00:42:39.888000,0 days 01:40:55.400000
2024-07-07 14:45:52.669,10625,265,7,100,False,1,car,0 days 00:42:40.128000,0 days 01:40:55.640000
2024-07-07 14:45:52.989,10729,271,7,100,False,1,car,0 days 00:42:40.448000,0 days 01:40:55.960000
2024-07-07 14:45:53.228,10807,272,7,100,False,1,car,0 days 00:42:40.687000,0 days 01:40:56.199000
2024-07-07 14:45:53.468,10965,275,7,100,False,1,car,0 days 00:42:40.927000,0 days 01:40:56.439000
2024-07-07 14:45:53.868,11087,278,7,100,False,1,car,0 days 00:42:41.327000,0 days 01:40:56.839000
2024-07-07 14:45:54.028,11081,279,7,100,False,1,car,0 days 00:42:41.487000,0 days 01:40:56.999000
2024-07-07 14:45:54.188,11114,282,7,100,False,1,car,0 days 00:42:41.647000,0 days 01:40:57.159000
2024-07-07 14:45:54.428,11197,284,7,100,False,1,car,0 days 00:42:41.887000,0 days 01:40:57.399000
2024-07-07 14:45:54.668,11293,284,7,100,False,1,car,0 days 00:42:42.127000,0 days 01:40:57.639000
2024-07-07 14:45:54.868,11361,286,7,100,False,1,car,0 days 00:42:42.327000,0 days 01:40:57.839000
2024-07-07 14:45:55.108,11386,288,7,100,False,1,car,0 days 00:42:42.567000,0 days 01:40:58.079000
2024-07-07 14:45:55.308,11440,289,7,100,False,1,car,0 days 00:42:42.767000,0 days 01:40:58.279000
2024-07-07 14:45:55.748,11491,290,7,100,False,1,car,0 days 00:42:43.207000,0 days 01:40:58.719000
2024-07-07 14:45:56.068,11454,291,7,100,False,1,car,0 days 00:42:43.527000,0 days 01:40:59.039000
2024-07-07 14:45:56.269,11467,290,7,100,False,1,car,0 days 00:42:43.728000,0 days 01:40:59.240000
2024-07-07 14:45:56.509,11454,289,7,100,False,1,car,0 days 00:42:43.968000,0 days 01:40:59.480000
2024-07-07 14:45:56.749,11360,287,7,100,False,1,car,0 days 00:42:44.208000,0 days 01:40:59.720000
2024-07-07 14:45:56.909,11338,287,7,100,False,1,car,0 days 00:42:44.368000,0 days 01:40:59.880000
2024-07-07 14:45:57.149,11081,286,7,0,True,1,car,0 days 00:42:44.608000,0 days 01:41:00.120000
2024-07-07 14:45:57.349,10896,277,7,0,True,1,car,0 days 00:42:44.808000,0 days 01:41:00.320000
2024-07-07 14:45:57.549,10477,264,7,0,True,1,car,0 days 00:42:45.008000,0 days 01:41:00.520000
2024-07-07 14:45:57.749,9761,256,7,0,True,1,car,0 days 00:42:45.208000,0 days 01:41:00.720000
2024-07-07 14:45:57.989,10298,232,6,0,True,1,car,0 days 00:42:45.448000,0 days 01:41:00.960000
2024-07-07 14:45:58.269,9862,221,6,0,True,1,car,0 days 00:42:45.728000,0 days 01:41:01.240000
2024-07-07 14:45:58.469,9573,219,6,0,True,1,car,0 days 00:42:45.928000,0 days 01:41:01.440000
2024-07-07 14:45:59.549,10421,198,5,55,False,1,car,0 days 00:42:47.008000,0 days 01:41:02.520000
2024-07-07 14:45:59.709,10536,198,5,59,False,1,car,0 days 00:42:47.168000,0 days 01:41:02.680000
2024-07-07 14:45:59.948,10675,197,5,76,False,1,car,0 days 00:42:47.407000,0 days 01:41:02.919000
2024-07-07 14:46:00.228,10917,201,5,76,False,1,car,0 days 00:42:47.687000,0 days 01:41:03.199000
2024-07-07 14:46:00.588,11326,207,5,100,False,1,car,0 days 00:42:48.047000,0 days 01:41:03.559000
2024-07-07 14:46:00.788,11547,207,5,100,False,1,car,0 days 00:42:48.247000,0 days 01:41:03.759000
2024-07-07 14:46:00.988,11499,216,5,100,False,1,car,0 days 00:42:48.447000,0 days 01:41:03.959000
2024-07-07 14:46:01.388,11422,227,5,100,False,1,car,0 days 00:42:48.847000,0 days 01:41:04.359000
2024-07-07 14:46:01.788,10745,236,6,100,False,1,car,0 days 00:42:49.247000,0 days 01:41:04.759000
2024-07-07 14:46:02.148,11065,242,6,100,False,1,car,0 days 00:42:49.607000,0 days 01:41:05.119000
2024-07-07 14:46:02.308,11163,244,6,100,False,1,car,0 days 00:42:49.767000,0 days 01:41:05.279000
2024-07-07 14:46:02.508,11321,249,6,100,False,1,car,0 days 00:42:49.967000,0 days 01:41:05.479000
2024-07-07 14:46:02.708,11450,253,6,100,False,1,car,0 days 00:42:50.167000,0 days 01:41:05.679000
2024-07-07 14:46:02.909,11607,255,6,100,False,1,car,0 days 00:42:50.368000,0 days 01:41:05.880000
2024-07-07 14:46:03.149,11599,259,6,100,False,1,car,0 days 00:42:50.608000,0 days 01:41:06.120000
2024-07-07 14:46:03.349,10447,260,6,100,False,1,car,0 days 00:42:50.808000,0 days 01:41:06.320000
2024-07-07 14:46:03.549,10563,264,7,100,False,1,car,0 days 00:42:51.008000,0 days 01:41:06.520000
2024-07-07 14:46:03.869,10622,270,7,100,False,1,car,0 days 00:42:51.328000,0 days 01:41:06.840000
2024-07-07 14:46:04.069,10758,271,7,100,False,1,car,0 days 00:42:51.528000,0 days 01:41:07.040000
2024-07-07 14:46:04.309,10842,274,7,100,False,1,car,0 days 00:42:51.768000,0 days 01:41:07.280000
2024-07-07 14:46:04.509,10912,276,7,100,False,1,car,0 days 00:42:51.968000,0 days 01:41:07.480000
2024-07-07 14:46:04.669,11009,278,7,100,False,1,car,0 days 00:42:52.128000,0 days 01:41:07.640000
2024-07-07 14:46:04.869,11059,279,7,100,False,1,car,0 days 00:42:52.328000,0 days 01:41:07.840000
2024-07-07 14:46:05.029,11126,280,7,100,False,1,car,0 days 00:42:52.488000,0 days 01:41:08
2024-07-07 14:46:05.269,11185,283,7,100,False,1,car,0 days 00:42:52.728000,0 days 01:41:08.240000
2024-07-07 14:46:05.469,11263,284,7,100,False,1,car,0 days 00:42:52.928000,0 days 01:41:08.440000
2024-07-07 14:46:05.749,11360,285,7,100,False,1,car,0 days 00:42:53.208000,0 days 01:41:08.720000
2024-07-07 14:46:06.109,11471,289,7,100,False,1,car,0 days 00:42:53.568000,0 days 01:41:09.080000
2024-07-07 14:46:06.429,11481,289,7,100,False,1,car,0 days 00:42:53.888000,0 days 01:41:09.400000
2024-07-07 14:46:06.748,11551,291,7,100,False,1,car,0 days 00:42:54.207000,0 days 01:41:09.719000
2024-07-07 14:46:07.028,11204,290,7,0,True,1,car,0 days 00:42:54.487000,0 days 01:41:09.999000
2024-07-07 14:46:07.268,10511,269,7,0,True,1,car,0 days 00:42:54.727000,0 days 01:41:10.239000
2024-07-07 14:46:07.508,9797,252,7,0,True,1,car,0 days 00:42:54.967000,0 days 01:41:10.479000
2024-07-07 14:46:07.788,10438,235,6,0,True,1,car,0 days 00:42:55.247000,0 days 01:41:10.759000
2024-07-07 14:46:08.188,10209,222,6,31,False,1,car,0 days 00:42:55.647000,0 days 01:41:11.159000
2024-07-07 14:46:08.388,9817,220,6,38,False,1,car,0 days 00:42:55.847000,0 days 01:41:11.359000
2024-07-07 14:46:08.548,9964,219,6,64,False,1,car,0 days 00:42:56.007000,0 days 01:41:11.519000
2024-07-07 14:46:08.908,10067,221,6,83,False,1,car,0 days 00:42:56.367000,0 days 01:41:11.879000
2024-07-07 14:46:09.068,10196,224,6,86,False,1,car,0 days 00:42:56.527000,0 days 01:41:12.039000
2024-07-07 14:46:09.308,10261,224,6,100,False,1,car,0 days 00:42:56.767000,0 days 01:41:12.279000
2024-07-07 14:46:09.509,10374,228,6,100,False,1,car,0 days 00:42:56.968000,0 days 01:41:12.480000
2024-07-07 14:46:09.749,10516,232,6,100,False,1,car,0 days 00:42:57.208000,0 days 01:41:12.720000
2024-07-07 14:46:09.909,10347,232,6,0,True,1,car,0 days 00:42:57.368000,0 days 01:41:12.880000
2024-07-07 14:46:10.149,9885,223,6,0,True,1,car,0 days 00:42:57.608000,0 days 01:41:13.120000
2024-07-07 14:46:10.589,9211,209,6,0,False,1,car,0 days 00:42:58.048000,0 days 01:41:13.560000
2024-07-07 14:46:10.749,10051,205,6,0,False,1,car,0 days 00:42:58.208000,0 days 01:41:13.720000
2024-07-07 14:46:10.949,10413,202,5,0,False,1,car,0 days 00:42:58.408000,0 days 01:41:13.920000
2024-07-07 14:46:11.149,10245,197,5,20,False,1,car,0 days 00:42:58.608000,0 days 01:41:14.120000
2024-07-07 14:46:11.309,10151,194,5,37,False,1,car,0 days 00:42:58.768000,0 days 01:41:14.280000
2024-07-07 14:46:11.469,10067,192,5,44,False,1,car,0 days 00:42:58.928000,0 days 01:41:14.440000
2024-07-07 14:46:11.709,10039,191,5,46,False,1,car,0 days 00:42:59.168000,0 days 01:41:14.680000
2024-07-07 14:46:12.069,9540,188,5,0,True,1,car,0 days 00:42:59.528000,0 days 01:41:15.040000
2024-07-07 14:46:12.309,9046,184,5,0,True,1,car,0 days 00:42:59.768000,0 days 01:41:15.280000
2024-07-07 14:46:12.629,8719,169,5,0,True,1,car,0 days 00:43:00.088000,0 days 01:41:15.600000
2024-07-07 14:46:12.829,10074,164,5,0,True,1,car,0 days 00:43:00.288000,0 days 01:41:15.800000
2024-07-07 14:46:13.029,9911,160,4,0,True,1,car,0 days 00:43:00.488000,0 days 01:41:16
2024-07-07 14:46:13.268,9582,153,4,0,True,1,car,0 days 00:43:00.727000,0 days 01:41:16.239000
2024-07-07 14:46:13.468,9237,149,4,0,True,1,car,0 days 00:43:00.927000,0 days 01:41:16.439000
2024-07-07 14:46:13.828,8938,143,4,0,False,1,car,0 days 00:43:01.287000,0 days 01:41:16.799000
2024-07-07 14:46:14.308,8792,140,4,34,False,1,car,0 days 00:43:01.767000,0 days 01:41:17.279000
2024-07-07 14:46:14.668,9169,143,4,53,False,1,car,0 days 00:43:02.127000,0 days 01:41:17.639000
2024-07-07 14:46:15.028,9455,146,4,71,False,1,car,0 days 00:43:02.487000,0 days 01:41:17.999000
2024-07-07 14:46:15.428,10187,154,4,69,False,1,car,0 days 00:43:02.887000,0 days 01:41:18.399000
2024-07-07 14:46:15.628,10476,162,4,83,False,1,car,0 days 00:43:03.087000,0 days 01:41:18.599000
2024-07-07 14:46:15.788,10884,165,4,85,False,1,car,0 days 00:43:03.247000,0 days 01:41:18.759000
2024-07-07 14:46:16.069,11395,178,4,100,False,1,car,0 days 00:43:03.528000,0 days 01:41:19.040000
2024-07-07 14:46:16.269,11693,178,4,100,False,1,car,0 days 00:43:03.728000,0 days 01:41:19.240000
2024-07-07 14:46:16.429,10993,190,4,100,False,1,car,0 days 00:43:03.888000,0 days 01:41:19.400000
2024-07-07 14:46:16.669,10632,200,5,100,False,1,car,0 days 00:43:04.128000,0 days 01:41:19.640000
2024-07-07 14:46:16.949,11151,206,5,100,False,1,car,0 days 00:43:04.408000,0 days 01:41:19.920000
2024-07-07 14:46:17.269,11475,217,5,100,False,1,car,0 days 00:43:04.728000,0 days 01:41:20.240000
2024-07-07 14:46:17.589,10239,224,5,100,False,1,car,0 days 00:43:05.048000,0 days 01:41:20.560000
2024-07-07 14:46:17.789,10384,229,6,100,False,1,car,0 days 00:43:05.248000,0 days 01:41:20.760000
2024-07-07 14:46:18.229,10756,236,6,100,False,1,car,0 days 00:43:05.688000,0 days 01:41:21.200000
2024-07-07 14:46:18.589,11092,244,6,100,False,1,car,0 days 00:43:06.048000,0 days 01:41:21.560000
2024-07-07 14:46:18.749,11125,246,6,100,False,1,car,0 days 00:43:06.208000,0 days 01:41:21.720000
2024-07-07 14:46:18.909,11302,249,6,100,False,1,car,0 days 00:43:06.368000,0 days 01:41:21.880000
2024-07-07 14:46:19.069,11435,253,6,100,False,1,car,0 days 00:43:06.528000,0 days 01:41:22.040000
2024-07-07 14:46:19.309,11551,256,6,100,False,1,car,0 days 00:43:06.768000,0 days 01:41:22.280000
2024-07-07 14:46:19.629,11620,259,6,100,False,1,car,0 days 00:43:07.088000,0 days 01:41:22.600000
2024-07-07 14:46:20.068,10545,266,7,100,False,1,car,0 days 00:43:07.527000,0 days 01:41:23.039000
2024-07-07 14:46:20.228,10614,266,7,100,False,1,car,0 days 00:43:07.687000,0 days 01:41:23.199000
2024-07-07 14:46:20.588,10749,271,7,100,False,1,car,0 days 00:43:08.047000,0 days 01:41:23.559000
2024-07-07 14:46:20.748,10827,272,7,100,False,1,car,0 days 00:43:08.207000,0 days 01:41:23.719000
2024-07-07 14:46:20.948,10888,275,7,100,False,1,car,0 days 00:43:08.407000,0 days 01:41:23.919000
2024-07-07 14:46:21.308,11021,278,7,100,False,1,car,0 days 00:43:08.767000,0 days 01:41:24.279000
2024-07-07 14:46:21.508,11107,280,7,100,False,1,car,0 days 00:43:08.967000,0 days 01:41:24.479000
2024-07-07 14:46:21.828,11171,283,7,100,False,1,car,0 days 00:43:09.287000,0 days 01:41:24.799000
2024-07-07 14:46:22.108,11250,285,7,100,False,1,car,0 days 00:43:09.567000,0 days 01:41:25.079000
2024-07-07 14:46:22.388,11347,286,7,100,False,1,car,0 days 00:43:09.847000,0 days 01:41:25.359000
2024-07-07 14:46:22.669,11394,288,7,100,False,1,car,0 days 00:43:10.128000,0 days 01:41:25.640000
2024-07-07 14:46:22.949,11438,289,7,100,False,1,car,0 days 00:43:10.408000,0 days 01:41:25.920000
2024-07-07 14:46:23.349,11523,292,7,100,False,1,car,0 days 00:43:10.808000,0 days 01:41:26.320000
2024-07-07 14:46:23.669,11576,293,7,100,False,1,car,0 days 00:43:11.128000,0 days 01:41:26.640000
2024-07-07 14:46:23.869,11616,294,7,100,False,1,car,0 days 00:43:11.328000,0 days 01:41:26.840000
2024-07-07 14:46:25.029,10284,295,8,100,False,1,car,0 days 00:43:12.488000,0 days 01:41:28
2024-07-07 14:46:25.349,10227,293,8,100,False,1,car,0 days 00:43:12.808000,0 days 01:41:28.320000
2024-07-07 14:46:25.589,10168,290,8,100,False,1,car,0 days 00:43:13.048000,0 days 01:41:28.560000
2024-07-07 14:46:25.749,10115,289,8,100,False,1,car,0 days 00:43:13.208000,0 days 01:41:28.720000
2024-07-07 14:46:25.909,10107,289,8,100,False,1,car,0 days 00:43:13.368000,0 days 01:41:28.880000
2024-07-07 14:46:26.229,10021,286,8,100,False,1,car,0 days 00:43:13.688000,0 days 01:41:29.200000
2024-07-07 14:46:26.469,9983,284,8,98,False,1,car,0 days 00:43:13.928000,0 days 01:41:29.440000
2024-07-07 14:46:26.748,9529,275,8,0,True,1,car,0 days 00:43:14.207000,0 days 01:41:29.719000
2024-07-07 14:46:26.948,8994,265,8,0,True,1,car,0 days 00:43:14.407000,0 days 01:41:29.919000
2024-07-07 14:46:27.188,8924,228,8,0,True,1,car,0 days 00:43:14.647000,0 days 01:41:30.159000
2024-07-07 14:46:27.468,9638,209,7,0,True,1,car,0 days 00:43:14.927000,0 days 01:41:30.439000
2024-07-07 14:46:27.668,8965,201,6,0,True,1,car,0 days 00:43:15.127000,0 days 01:41:30.639000
2024-07-07 14:46:27.948,9805,195,6,0,True,1,car,0 days 00:43:15.407000,0 days 01:41:30.919000
2024-07-07 14:46:28.308,9496,185,5,0,True,1,car,0 days 00:43:15.767000,0 days 01:41:31.279000
2024-07-07 14:46:28.508,9409,178,5,0,True,1,car,0 days 00:43:15.967000,0 days 01:41:31.479000
2024-07-07 14:46:28.668,9164,174,5,0,False,1,car,0 days 00:43:16.127000,0 days 01:41:31.639000
2024-07-07 14:46:28.948,8879,171,5,0,False,1,car,0 days 00:43:16.407000,0 days 01:41:31.919000
2024-07-07 14:46:29.149,8811,168,5,0,False,1,car,0 days 00:43:16.608000,0 days 01:41:32.120000
2024-07-07 14:46:29.349,9651,165,5,0,False,1,car,0 days 00:43:16.808000,0 days 01:41:32.320000
2024-07-07 14:46:29.829,9804,157,4,40,False,1,car,0 days 00:43:17.288000,0 days 01:41:32.800000
2024-07-07 14:46:29.989,9952,157,4,46,False,1,car,0 days 00:43:17.448000,0 days 01:41:32.960000
2024-07-07 14:46:30.189,9929,158,4,54,False,1,car,0 days 00:43:17.648000,0 days 01:41:33.160000
2024-07-07 14:46:30.669,10330,163,4,64,False,1,car,0 days 00:43:18.128000,0 days 01:41:33.640000
2024-07-07 14:46:30.909,10511,166,4,64,False,1,car,0 days 00:43:18.368000,0 days 01:41:33.880000
2024-07-07 14:46:31.229,10858,168,4,74,False,1,car,0 days 00:43:18.688000,0 days 01:41:34.200000
2024-07-07 14:46:31.509,11037,177,4,74,False,1,car,0 days 00:43:18.968000,0 days 01:41:34.480000
2024-07-07 14:46:31.749,11633,181,4,87,False,1,car,0 days 00:43:19.208000,0 days 01:41:34.720000
2024-07-07 14:46:32.109,10270,194,4,100,False,1,car,0 days 00:43:19.568000,0 days 01:41:35.080000
2024-07-07 14:46:32.269,10410,201,5,100,False,1,car,0 days 00:43:19.728000,0 days 01:41:35.240000
2024-07-07 14:46:32.509,10828,207,5,100,False,1,car,0 days 00:43:19.968000,0 days 01:41:35.480000
2024-07-07 14:46:32.749,11382,213,5,100,False,1,car,0 days 00:43:20.208000,0 days 01:41:35.720000
2024-07-07 14:46:33.029,11638,221,5,100,False,1,car,0 days 00:43:20.488000,0 days 01:41:36
2024-07-07 14:46:33.309,10515,228,5,100,False,1,car,0 days 00:43:20.768000,0 days 01:41:36.280000
2024-07-07 14:46:33.508,10562,233,6,100,False,1,car,0 days 00:43:20.967000,0 days 01:41:36.479000
2024-07-07 14:46:33.748,10768,237,6,100,False,1,car,0 days 00:43:21.207000,0 days 01:41:36.719000
2024-07-07 14:46:34.148,10887,241,6,100,False,1,car,0 days 00:43:21.607000,0 days 01:41:37.119000
2024-07-07 14:46:34.388,10947,243,6,100,False,1,car,0 days 00:43:21.847000,0 days 01:41:37.359000
2024-07-07 14:46:34.748,11053,245,6,100,False,1,car,0 days 00:43:22.207000,0 days 01:41:37.719000
2024-07-07 14:46:35.028,11129,245,6,100,False,1,car,0 days 00:43:22.487000,0 days 01:41:37.999000
2024-07-07 14:46:35.348,11138,247,6,100,False,1,car,0 days 00:43:22.807000,0 days 01:41:38.319000
2024-07-07 14:46:35.668,11231,249,6,100,False,1,car,0 days 00:43:23.127000,0 days 01:41:38.639000
2024-07-07 14:46:35.909,11291,248,6,100,True,1,car,0 days 00:43:23.368000,0 days 01:41:38.880000
2024-07-07 14:46:36.189,10642,230,6,0,True,1,car,0 days 00:43:23.648000,0 days 01:41:39.160000
2024-07-07 14:46:36.429,9520,214,6,0,True,1,car,0 days 00:43:23.888000,0 days 01:41:39.400000
2024-07-07 14:46:36.629,9747,199,6,0,True,1,car,0 days 00:43:24.088000,0 days 01:41:39.600000
2024-07-07 14:46:36.949,9533,183,5,0,True,1,car,0 days 00:43:24.408000,0 days 01:41:39.920000
2024-07-07 14:46:37.189,10214,169,5,0,True,1,car,0 days 00:43:24.648000,0 days 01:41:40.160000
2024-07-07 14:46:37.389,9634,159,4,0,True,1,car,0 days 00:43:24.848000,0 days 01:41:40.360000
2024-07-07 14:46:37.549,9494,159,4,0,True,1,car,0 days 00:43:25.008000,0 days 01:41:40.520000
2024-07-07 14:46:37.789,9268,141,4,0,True,1,car,0 days 00:43:25.248000,0 days 01:41:40.760000
2024-07-07 14:46:38.109,9407,126,3,0,True,1,car,0 days 00:43:25.568000,0 days 01:41:41.080000
2024-07-07 14:46:38.269,9102,122,3,0,True,1,car,0 days 00:43:25.728000,0 days 01:41:41.240000
2024-07-07 14:46:38.469,8906,111,3,0,True,1,car,0 days 00:43:25.928000,0 days 01:41:41.440000
2024-07-07 14:46:38.749,7872,94,2,0,True,1,car,0 days 00:43:26.208000,0 days 01:41:41.720000
2024-07-07 14:46:38.949,7031,85,2,0,True,1,car,0 days 00:43:26.408000,0 days 01:41:41.920000
2024-07-07 14:46:39.189,6658,79,2,4,True,1,car,0 days 00:43:26.648000,0 days 01:41:42.160000
2024-07-07 14:46:39.549,6780,79,2,29,False,1,car,0 days 00:43:27.008000,0 days 01:41:42.520000
2024-07-07 14:46:39.709,6832,79,2,31,False,1,car,0 days 00:43:27.168000,0 days 01:41:42.680000
2024-07-07 14:46:39.949,6813,79,2,40,False,1,car,0 days 00:43:27.408000,0 days 01:41:42.920000
2024-07-07 14:46:40.268,6844,79,2,48,False,1,car,0 days 00:43:27.727000,0 days 01:41:43.239000
2024-07-07 14:46:40.468,6831,80,2,50,False,1,car,0 days 00:43:27.927000,0 days 01:41:43.439000
2024-07-07 14:46:40.828,6858,80,2,54,False,1,car,0 days 00:43:28.287000,0 days 01:41:43.799000
2024-07-07 14:46:41.068,6813,80,2,54,False,1,car,0 days 00:43:28.527000,0 days 01:41:44.039000
2024-07-07 14:46:41.428,6893,80,2,55,False,1,car,0 days 00:43:28.887000,0 days 01:41:44.399000
2024-07-07 14:46:41.868,6848,80,2,62,False,1,car,0 days 00:43:29.327000,0 days 01:41:44.839000
2024-07-07 14:46:42.108,6786,80,2,62,False,1,car,0 days 00:43:29.567000,0 days 01:41:45.079000
2024-07-07 14:46:42.269,6820,80,2,62,False,1,car,0 days 00:43:29.728000,0 days 01:41:45.240000
2024-07-07 14:46:42.709,6780,80,2,63,False,1,car,0 days 00:43:30.168000,0 days 01:41:45.680000
2024-07-07 14:46:42.949,6876,80,2,67,False,1,car,0 days 00:43:30.408000,0 days 01:41:45.920000
2024-07-07 14:46:43.149,6824,79,2,64,False,1,car,0 days 00:43:30.608000,0 days 01:41:46.120000
2024-07-07 14:46:43.349,6906,79,2,60,False,1,car,0 days 00:43:30.808000,0 days 01:41:46.320000
2024-07-07 14:46:43.549,6907,80,2,57,False,1,car,0 days 00:43:31.008000,0 days 01:41:46.520000
2024-07-07 14:46:43.709,6800,79,2,60,False,1,car,0 days 00:43:31.168000,0 days 01:41:46.680000
2024-07-07 14:46:43.949,6986,79,2,51,False,1,car,0 days 00:43:31.408000,0 days 01:41:46.920000
2024-07-07 14:46:44.109,6752,79,2,46,False,1,car,0 days 00:43:31.568000,0 days 01:41:47.080000
2024-07-07 14:46:44.269,6887,79,2,53,False,1,car,0 days 00:43:31.728000,0 days 01:41:47.240000
2024-07-07 14:46:44.509,6874,79,2,51,False,1,car,0 days 00:43:31.968000,0 days 01:41:47.480000
2024-07-07 14:46:44.669,6900,79,2,51,False,1,car,0 days 00:43:32.128000,0 days 01:41:47.640000
2024-07-07 14:46:44.869,7008,79,2,52,False,1,car,0 days 00:43:32.328000,0 days 01:41:47.840000
2024-07-07 14:46:45.269,6987,79,2,55,False,1,car,0 days 00:43:32.728000,0 days 01:41:48.240000
2024-07-07 14:46:45.509,6830,80,2,58,False,1,car,0 days 00:43:32.968000,0 days 01:41:48.480000
2024-07-07 14:46:45.829,6918,79,2,61,False,1,car,0 days 00:43:33.288000,0 days 01:41:48.800000
2024-07-07 14:46:46.149,6833,79,2,67,False,1,car,0 days 00:43:33.608000,0 days 01:41:49.120000
2024-07-07 14:46:46.389,6840,80,2,100,False,1,car,0 days 00:43:33.848000,0 days 01:41:49.360000
2024-07-07 14:46:46.629,6906,80,2,100,False,1,car,0 days 00:43:34.088000,0 days 01:41:49.600000
2024-07-07 14:46:46.828,6879,80,2,100,False,1,car,0 days 00:43:34.287000,0 days 01:41:49.799000
2024-07-07 14:46:47.308,6790,80,2,100,False,1,car,0 days 00:43:34.767000,0 days 01:41:50.279000
2024-07-07 14:46:47.588,6841,80,2,100,False,1,car,0 days 00:43:35.047000,0 days 01:41:50.559000
2024-07-07 14:46:47.828,6823,80,2,100,False,1,car,0 days 00:43:35.287000,0 days 01:41:50.799000
2024-07-07 14:46:48.108,6826,80,2,100,False,1,car,0 days 00:43:35.567000,0 days 01:41:51.079000
2024-07-07 14:46:48.348,6820,80,2,100,False,1,car,0 days 00:43:35.807000,0 days 01:41:51.319000
2024-07-07 14:46:48.668,6853,80,2,100,False,1,car,0 days 00:43:36.127000,0 days 01:41:51.639000
2024-07-07 14:46:48.869,6829,80,2,100,False,1,car,0 days 00:43:36.328000,0 days 01:41:51.840000
2024-07-07 14:46:49.069,6751,80,2,100,False,1,car,0 days 00:43:36.528000,0 days 01:41:52.040000
2024-07-07 14:46:49.269,6844,79,2,100,False,1,car,0 days 00:43:36.728000,0 days 01:41:52.240000
2024-07-07 14:46:49.549,6862,80,2,100,False,1,car,0 days 00:43:37.008000,0 days 01:41:52.520000
2024-07-07 14:46:49.789,6824,80,2,100,False,1,car,0 days 00:43:37.248000,0 days 01:41:52.760000
2024-07-07 14:46:49.949,6828,79,2,0,True,1,car,0 days 00:43:37.408000,0 days 01:41:52.920000
2024-07-07 14:46:50.189,6313,75,2,0,True,1,car,0 days 00:43:37.648000,0 days 01:41:53.160000
2024-07-07 14:46:50.389,7433,70,2,0,True,1,car,0 days 00:43:37.848000,0 days 01:41:53.360000
2024-07-07 14:46:50.829,6994,61,1,0,True,1,car,0 days 00:43:38.288000,0 days 01:41:53.800000
2024-07-07 14:46:51.029,6289,58,1,0,True,1,car,0 days 00:43:38.488000,0 days 01:41:54
2024-07-07 14:46:51.229,5914,55,1,0,True,1,car,0 days 00:43:38.688000,0 days 01:41:54.200000
2024-07-07 14:46:51.429,6461,49,1,0,True,1,car,0 days 00:43:38.888000,0 days 01:41:54.400000
2024-07-07 14:46:51.589,6336,45,1,0,True,1,car,0 days 00:43:39.048000,0 days 01:41:54.560000
2024-07-07 14:46:51.749,6295,44,1,0,True,1,car,0 days 00:43:39.208000,0 days 01:41:54.720000
2024-07-07 14:46:52.069,6015,34,1,0,True,1,car,0 days 00:43:39.528000,0 days 01:41:55.040000
2024-07-07 14:46:52.349,5007,29,1,0,True,1,car,0 days 00:43:39.808000,0 days 01:41:55.320000
2024-07-07 14:46:52.669,3802,17,1,0,True,1,car,0 days 00:43:40.128000,0 days 01:41:55.640000
2024-07-07 14:46:52.829,3802,15,1,0,True,1,car,0 days 00:43:40.288000,0 days 01:41:55.800000
2024-07-07 14:46:53.109,3735,6,1,0,True,1,car,0 days 00:43:40.568000,0 days 01:41:56.080000
2024-07-07 14:46:53.389,3790,0,1,0,True,1,car,0 days 00:43:40.848000,0 days 01:41:56.360000
2024-07-07 14:46:53.748,6030,0,1,19,True,1,car,0 days 00:43:41.207000,0 days 01:41:56.719000
2024-07-07 14:46:53.988,7710,0,1,27,True,1,car,0 days 00:43:41.447000,0 days 01:41:56.959000
2024-07-07 14:46:54.228,9390,0,1,20,True,1,car,0 days 00:43:41.687000,0 days 01:41:57.199000
2024-07-07 14:46:54.428,9852,0,1,15,True,1,car,0 days 00:43:41.887000,0 days 01:41:57.399000
2024-07-07 14:46:54.588,10178,0,1,18,True,1,car,0 days 00:43:42.047000,0 days 01:41:57.559000
2024-07-07 14:46:54.828,10537,0,1,25,True,1,car,0 days 00:43:42.287000,0 days 01:41:57.799000
2024-07-07 14:46:55.148,10560,0,1,26,True,1,car,0 days 00:43:42.607000,0 days 01:41:58.119000
2024-07-07 14:46:55.348,10705,0,1,27,True,1,car,0 days 00:43:42.807000,0 days 01:41:58.319000
2024-07-07 14:46:55.709,10732,0,1,29,True,1,car,0 days 00:43:43.168000,0 days 01:41:58.680000
2024-07-07 14:46:56.069,8352,5,1,29,False,1,car,0 days 00:43:43.528000,0 days 01:41:59.040000
2024-07-07 14:46:56.309,7969,9,1,28,False,1,car,0 days 00:43:43.768000,0 days 01:41:59.280000
2024-07-07 14:46:56.709,7116,18,1,25,False,1,car,0 days 00:43:44.168000,0 days 01:41:59.680000
2024-07-07 14:46:56.989,7296,24,1,25,False,1,car,0 days 00:43:44.448000,0 days 01:41:59.960000
2024-07-07 14:46:57.349,6999,30,1,23,False,1,car,0 days 00:43:44.808000,0 days 01:42:00.320000
2024-07-07 14:46:57.549,6463,34,1,23,False,1,car,0 days 00:43:45.008000,0 days 01:42:00.520000
2024-07-07 14:46:57.789,6316,42,1,25,False,1,car,0 days 00:43:45.248000,0 days 01:42:00.760000
2024-07-07 14:46:58.029,5690,47,1,29,False,1,car,0 days 00:43:45.488000,0 days 01:42:01
2024-07-07 14:46:58.229,7090,52,1,34,False,1,car,0 days 00:43:45.688000,0 days 01:42:01.200000
2024-07-07 14:46:58.509,6533,58,1,31,False,1,car,0 days 00:43:45.968000,0 days 01:42:01.480000
2024-07-07 14:46:58.749,7341,63,2,37,False,1,car,0 days 00:43:46.208000,0 days 01:42:01.720000
2024-07-07 14:46:58.949,6500,67,2,32,False,1,car,0 days 00:43:46.408000,0 days 01:42:01.920000
2024-07-07 14:46:59.229,6570,74,2,36,False,1,car,0 days 00:43:46.688000,0 days 01:42:02.200000
2024-07-07 14:46:59.469,6621,78,2,41,False,1,car,0 days 00:43:46.928000,0 days 01:42:02.440000
2024-07-07 14:46:59.709,6747,79,2,42,False,1,car,0 days 00:43:47.168000,0 days 01:42:02.680000
2024-07-07 14:47:00.069,6894,80,2,46,False,1,car,0 days 00:43:47.528000,0 days 01:42:03.040000
2024-07-07 14:47:00.468,6858,80,2,50,False,1,car,0 days 00:43:47.927000,0 days 01:42:03.439000
2024-07-07 14:47:00.668,6913,80,2,72,False,1,car,0 days 00:43:48.127000,0 days 01:42:03.639000
2024-07-07 14:47:00.868,6807,80,2,91,False,1,car,0 days 00:43:48.327000,0 days 01:42:03.839000
2024-07-07 14:47:01.188,6893,80,2,100,False,1,car,0 days 00:43:48.647000,0 days 01:42:04.159000
2024-07-07 14:47:01.468,6825,80,2,100,False,1,car,0 days 00:43:48.927000,0 days 01:42:04.439000
2024-07-07 14:47:01.628,6883,80,2,100,False,1,car,0 days 00:43:49.087000,0 days 01:42:04.599000
2024-07-07 14:47:01.948,6802,80,2,100,False,1,car,0 days 00:43:49.407000,0 days 01:42:04.919000
2024-07-07 14:47:02.229,6815,80,2,100,False,1,car,0 days 00:43:49.688000,0 days 01:42:05.200000
2024-07-07 14:47:02.589,6766,80,2,100,False,1,car,0 days 00:43:50.048000,0 days 01:42:05.560000
2024-07-07 14:47:02.749,6860,80,2,100,False,1,car,0 days 00:43:50.208000,0 days 01:42:05.720000
2024-07-07 14:47:02.949,6840,80,2,100,False,1,car,0 days 00:43:50.408000,0 days 01:42:05.920000
2024-07-07 14:47:03.189,6818,79,2,100,False,1,car,0 days 00:43:50.648000,0 days 01:42:06.160000
2024-07-07 14:47:03.349,6836,79,2,100,False,1,car,0 days 00:43:50.808000,0 days 01:42:06.320000
2024-07-07 14:47:03.589,6812,80,2,100,False,1,car,0 days 00:43:51.048000,0 days 01:42:06.560000
2024-07-07 14:47:04.069,6787,80,2,100,False,1,car,0 days 00:43:51.528000,0 days 01:42:07.040000
2024-07-07 14:47:04.349,6841,80,2,100,False,1,car,0 days 00:43:51.808000,0 days 01:42:07.320000
2024-07-07 14:47:04.549,6805,80,2,100,False,1,car,0 days 00:43:52.008000,0 days 01:42:07.520000
2024-07-07 14:47:04.709,6809,80,2,100,False,1,car,0 days 00:43:52.168000,0 days 01:42:07.680000
2024-07-07 14:47:05.029,6803,80,2,100,False,1,car,0 days 00:43:52.488000,0 days 01:42:08
2024-07-07 14:47:05.269,6802,80,2,100,False,1,car,0 days 00:43:52.728000,0 days 01:42:08.240000
2024-07-07 14:47:05.429,6871,79,2,100,False,1,car,0 days 00:43:52.888000,0 days 01:42:08.400000
2024-07-07 14:47:05.869,6781,80,2,100,False,1,car,0 days 00:43:53.328000,0 days 01:42:08.840000
2024-07-07 14:47:06.069,6870,79,2,100,False,1,car,0 days 00:43:53.528000,0 days 01:42:09.040000
2024-07-07 14:47:06.269,6852,80,2,100,False,1,car,0 days 00:43:53.728000,0 days 01:42:09.240000
2024-07-07 14:47:06.429,6844,80,2,100,False,1,car,0 days 00:43:53.888000,0 days 01:42:09.400000
2024-07-07 14:47:06.749,6827,80,2,100,False,1,car,0 days 00:43:54.208000,0 days 01:42:09.720000
2024-07-07 14:47:06.909,6827,80,2,100,False,1,car,0 days 00:43:54.368000,0 days 01:42:09.880000
2024-07-07 14:47:07.108,6831,80,2,100,False,1,car,0 days 00:43:54.567000,0 days 01:42:10.079000
2024-07-07 14:47:07.348,6818,80,2,91,False,1,car,0 days 00:43:54.807000,0 days 01:42:10.319000
2024-07-07 14:47:07.628,6867,80,2,84,False,1,car,0 days 00:43:55.087000,0 days 01:42:10.599000
2024-07-07 14:47:07.868,6719,80,2,74,False,1,car,0 days 00:43:55.327000,0 days 01:42:10.839000
2024-07-07 14:47:08.188,6865,80,2,68,False,1,car,0 days 00:43:55.647000,0 days 01:42:11.159000
2024-07-07 14:47:08.589,6878,80,2,31,False,1,car,0 days 00:43:56.048000,0 days 01:42:11.560000
2024-07-07 14:47:08.909,6811,79,2,20,False,1,car,0 days 00:43:56.368000,0 days 01:42:11.880000
2024-07-07 14:47:09.069,6984,80,2,15,False,1,car,0 days 00:43:56.528000,0 days 01:42:12.040000
2024-07-07 14:47:09.429,7252,83,2,19,False,1,car,0 days 00:43:56.888000,0 days 01:42:12.400000
2024-07-07 14:47:09.669,7617,85,2,22,False,1,car,0 days 00:43:57.128000,0 days 01:42:12.640000
2024-07-07 14:47:09.869,7818,89,2,32,False,1,car,0 days 00:43:57.328000,0 days 01:42:12.840000
2024-07-07 14:47:10.149,8418,92,2,42,False,1,car,0 days 00:43:57.608000,0 days 01:42:13.120000
2024-07-07 14:47:10.389,8413,96,2,31,False,1,car,0 days 00:43:57.848000,0 days 01:42:13.360000
2024-07-07 14:47:10.789,9151,103,2,52,False,1,car,0 days 00:43:58.248000,0 days 01:42:13.760000
2024-07-07 14:47:10.989,9591,107,2,54,False,1,car,0 days 00:43:58.448000,0 days 01:42:13.960000
2024-07-07 14:47:11.389,8676,114,2,51,False,1,car,0 days 00:43:58.848000,0 days 01:42:14.360000
2024-07-07 14:47:11.549,8751,117,3,53,False,1,car,0 days 00:43:59.008000,0 days 01:42:14.520000
2024-07-07 14:47:11.909,9702,127,3,64,False,1,car,0 days 00:43:59.368000,0 days 01:42:14.880000
2024-07-07 14:47:12.189,10166,134,3,64,False,1,car,0 days 00:43:59.648000,0 days 01:42:15.160000
2024-07-07 14:47:12.509,9868,142,3,65,False,1,car,0 days 00:43:59.968000,0 days 01:42:15.480000
2024-07-07 14:47:12.909,9585,151,4,70,False,1,car,0 days 00:44:00.368000,0 days 01:42:15.880000
2024-07-07 14:47:13.109,10009,160,4,74,False,1,car,0 days 00:44:00.568000,0 days 01:42:16.080000
2024-07-07 14:47:13.469,10375,172,4,78,False,1,car,0 days 00:44:00.928000,0 days 01:42:16.440000
2024-07-07 14:47:13.708,9354,178,5,80,False,1,car,0 days 00:44:01.167000,0 days 01:42:16.679000
2024-07-07 14:47:13.908,9691,180,5,81,False,1,car,0 days 00:44:01.367000,0 days 01:42:16.879000
2024-07-07 14:47:14.068,9947,189,5,87,False,1,car,0 days 00:44:01.527000,0 days 01:42:17.039000
2024-07-07 14:47:14.268,10246,189,5,87,False,1,car,0 days 00:44:01.727000,0 days 01:42:17.239000
2024-07-07 14:47:14.548,10524,200,5,85,False,1,car,0 days 00:44:02.007000,0 days 01:42:17.519000
2024-07-07 14:47:14.748,10756,205,5,82,False,1,car,0 days 00:44:02.207000,0 days 01:42:17.719000
2024-07-07 14:47:14.908,9636,209,5,81,False,1,car,0 days 00:44:02.367000,0 days 01:42:17.879000
2024-07-07 14:47:15.269,9702,214,6,72,False,1,car,0 days 00:44:02.728000,0 days 01:42:18.240000
2024-07-07 14:47:15.549,9775,216,6,69,False,1,car,0 days 00:44:03.008000,0 days 01:42:18.520000
2024-07-07 14:47:15.749,9843,217,6,72,False,1,car,0 days 00:44:03.208000,0 days 01:42:18.720000
2024-07-07 14:47:15.989,10129,219,6,89,False,1,car,0 days 00:44:03.448000,0 days 01:42:18.960000
2024-07-07 14:47:16.349,10279,226,6,100,False,1,car,0 days 00:44:03.808000,0 days 01:42:19.320000
2024-07-07 14:47:16.549,10360,228,6,100,False,1,car,0 days 00:44:04.008000,0 days 01:42:19.520000
2024-07-07 14:47:16.829,10555,233,6,100,False,1,car,0 days 00:44:04.288000,0 days 01:42:19.800000
2024-07-07 14:47:17.109,10709,236,6,98,True,1,car,0 days 00:44:04.568000,0 days 01:42:20.080000
2024-07-07 14:47:17.389,9840,220,6,0,True,1,car,0 days 00:44:04.848000,0 days 01:42:20.360000
2024-07-07 14:47:17.829,9053,188,6,0,True,1,car,0 days 00:44:05.288000,0 days 01:42:20.800000
2024-07-07 14:47:18.309,8783,162,5,0,True,1,car,0 days 00:44:05.768000,0 days 01:42:21.280000
2024-07-07 14:47:18.469,9343,147,5,0,True,1,car,0 days 00:44:05.928000,0 days 01:42:21.440000
2024-07-07 14:47:18.629,8572,142,4,0,True,1,car,0 days 00:44:06.088000,0 days 01:42:21.600000
2024-07-07 14:47:19.109,7633,126,4,0,True,1,car,0 days 00:44:06.568000,0 days 01:42:22.080000
2024-07-07 14:47:19.269,7624,123,4,0,True,1,car,0 days 00:44:06.728000,0 days 01:42:22.240000
2024-07-07 14:47:19.589,8053,111,3,0,True,1,car,0 days 00:44:07.048000,0 days 01:42:22.560000
2024-07-07 14:47:19.749,7892,109,3,0,True,1,car,0 days 00:44:07.208000,0 days 01:42:22.720000
2024-07-07 14:47:20.029,7393,102,3,0,True,1,car,0 days 00:44:07.488000,0 days 01:42:23
2024-07-07 14:47:20.229,7268,99,3,0,True,1,car,0 days 00:44:07.688000,0 days 01:42:23.200000
2024-07-07 14:47:20.468,6747,94,3,0,True,1,car,0 days 00:44:07.927000,0 days 01:42:23.439000
2024-07-07 14:47:20.748,6683,92,3,0,True,1,car,0 days 00:44:08.207000,0 days 01:42:23.719000
2024-07-07 14:47:20.948,6535,90,3,0,True,1,car,0 days 00:44:08.407000,0 days 01:42:23.919000
2024-07-07 14:47:21.148,6391,87,3,0,False,1,car,0 days 00:44:08.607000,0 days 01:42:24.119000
2024-07-07 14:47:21.548,6393,85,3,2,False,1,car,0 days 00:44:09.007000,0 days 01:42:24.519000
2024-07-07 14:47:21.789,6370,84,3,12,False,1,car,0 days 00:44:09.248000,0 days 01:42:24.760000
2024-07-07 14:47:22.109,6471,86,3,17,False,1,car,0 days 00:44:09.568000,0 days 01:42:25.080000
2024-07-07 14:47:22.389,6675,89,3,25,False,1,car,0 days 00:44:09.848000,0 days 01:42:25.360000
2024-07-07 14:47:22.789,7088,95,3,36,False,1,car,0 days 00:44:10.248000,0 days 01:42:25.760000
2024-07-07 14:47:22.949,7088,96,3,38,False,1,car,0 days 00:44:10.408000,0 days 01:42:25.920000
2024-07-07 14:47:23.109,7571,100,3,42,False,1,car,0 days 00:44:10.568000,0 days 01:42:26.080000
2024-07-07 14:47:23.429,7811,107,3,50,False,1,car,0 days 00:44:10.888000,0 days 01:42:26.400000
2024-07-07 14:47:23.629,8388,112,3,56,False,1,car,0 days 00:44:11.088000,0 days 01:42:26.600000
2024-07-07 14:47:23.949,8853,120,3,60,False,1,car,0 days 00:44:11.408000,0 days 01:42:26.920000
2024-07-07 14:47:24.109,8853,121,3,0,True,1,car,0 days 00:44:11.568000,0 days 01:42:27.080000
2024-07-07 14:47:24.469,8389,108,3,0,True,1,car,0 days 00:44:11.928000,0 days 01:42:27.440000
2024-07-07 14:47:24.869,7023,97,3,0,True,1,car,0 days 00:44:12.328000,0 days 01:42:27.840000
2024-07-07 14:47:25.029,7557,95,3,0,True,1,car,0 days 00:44:12.488000,0 days 01:42:28
2024-07-07 14:47:25.309,7705,89,2,0,True,1,car,0 days 00:44:12.768000,0 days 01:42:28.280000
2024-07-07 14:47:25.629,7247,85,2,0,True,1,car,0 days 00:44:13.088000,0 days 01:42:28.600000
2024-07-07 14:47:25.909,7049,81,2,0,True,1,car,0 days 00:44:13.368000,0 days 01:42:28.880000
2024-07-07 14:47:26.109,7049,80,2,0,True,1,car,0 days 00:44:13.568000,0 days 01:42:29.080000
2024-07-07 14:47:26.309,6629,78,2,0,False,1,car,0 days 00:44:13.768000,0 days 01:42:29.280000
2024-07-07 14:47:26.629,6448,76,2,0,False,1,car,0 days 00:44:14.088000,0 days 01:42:29.600000
2024-07-07 14:47:26.829,6377,75,2,7,False,1,car,0 days 00:44:14.288000,0 days 01:42:29.800000
2024-07-07 14:47:27.069,6782,75,2,16,False,1,car,0 days 00:44:14.528000,0 days 01:42:30.040000
2024-07-07 14:47:27.468,7074,81,2,25,False,1,car,0 days 00:44:14.927000,0 days 01:42:30.439000
2024-07-07 14:47:27.828,7562,85,2,35,False,1,car,0 days 00:44:15.287000,0 days 01:42:30.799000
2024-07-07 14:47:28.028,7792,89,2,39,False,1,car,0 days 00:44:15.487000,0 days 01:42:30.999000
2024-07-07 14:47:28.268,7167,95,2,42,False,1,car,0 days 00:44:15.727000,0 days 01:42:31.239000
2024-07-07 14:47:28.509,7505,99,3,44,False,1,car,0 days 00:44:15.968000,0 days 01:42:31.480000
2024-07-07 14:47:28.989,8472,107,3,60,False,1,car,0 days 00:44:16.448000,0 days 01:42:31.960000
2024-07-07 14:47:29.149,8762,116,3,67,False,1,car,0 days 00:44:16.608000,0 days 01:42:32.120000
2024-07-07 14:47:29.589,10095,135,3,75,False,1,car,0 days 00:44:17.048000,0 days 01:42:32.560000
2024-07-07 14:47:29.989,9497,150,4,82,False,1,car,0 days 00:44:17.448000,0 days 01:42:32.960000
2024-07-07 14:47:30.309,10202,162,4,94,False,1,car,0 days 00:44:17.768000,0 days 01:42:33.280000
2024-07-07 14:47:30.549,10770,171,4,100,False,1,car,0 days 00:44:18.008000,0 days 01:42:33.520000
2024-07-07 14:47:30.789,10489,184,4,100,False,1,car,0 days 00:44:18.248000,0 days 01:42:33.760000
2024-07-07 14:47:31.069,10037,192,5,100,False,1,car,0 days 00:44:18.528000,0 days 01:42:34.040000
2024-07-07 14:47:31.309,10618,199,5,100,False,1,car,0 days 00:44:18.768000,0 days 01:42:34.280000
2024-07-07 14:47:31.589,10959,208,5,100,False,1,car,0 days 00:44:19.048000,0 days 01:42:34.560000
2024-07-07 14:47:32.069,11370,219,5,100,False,1,car,0 days 00:44:19.528000,0 days 01:42:35.040000
2024-07-07 14:47:32.389,10369,227,6,95,False,1,car,0 days 00:44:19.848000,0 days 01:42:35.360000
2024-07-07 14:47:32.629,10488,231,6,100,False,1,car,0 days 00:44:20.088000,0 days 01:42:35.600000
2024-07-07 14:47:32.789,10690,235,6,100,False,1,car,0 days 00:44:20.248000,0 days 01:42:35.760000
2024-07-07 14:47:32.949,10690,236,6,100,False,1,car,0 days 00:44:20.408000,0 days 01:42:35.920000
2024-07-07 14:47:33.189,10862,239,6,100,False,1,car,0 days 00:44:20.648000,0 days 01:42:36.160000
2024-07-07 14:47:33.389,11030,244,6,100,False,1,car,0 days 00:44:20.848000,0 days 01:42:36.360000
2024-07-07 14:47:33.709,11238,248,6,100,False,1,car,0 days 00:44:21.168000,0 days 01:42:36.680000
2024-07-07 14:47:34.068,11433,254,6,100,False,1,car,0 days 00:44:21.527000,0 days 01:42:37.039000
2024-07-07 14:47:34.548,11696,259,6,100,False,1,car,0 days 00:44:22.007000,0 days 01:42:37.519000
2024-07-07 14:47:34.748,10296,262,6,100,False,1,car,0 days 00:44:22.207000,0 days 01:42:37.719000
2024-07-07 14:47:35.029,10256,264,7,100,False,1,car,0 days 00:44:22.488000,0 days 01:42:38
2024-07-07 14:47:35.229,10591,266,7,100,False,1,car,0 days 00:44:22.688000,0 days 01:42:38.200000
2024-07-07 14:47:35.469,10655,270,7,100,False,1,car,0 days 00:44:22.928000,0 days 01:42:38.440000
2024-07-07 14:47:35.749,10729,271,7,100,False,1,car,0 days 00:44:23.208000,0 days 01:42:38.720000
2024-07-07 14:47:35.989,10835,274,7,100,False,1,car,0 days 00:44:23.448000,0 days 01:42:38.960000
2024-07-07 14:47:36.149,10890,275,7,100,False,1,car,0 days 00:44:23.608000,0 days 01:42:39.120000
2024-07-07 14:47:36.509,10991,278,7,100,False,1,car,0 days 00:44:23.968000,0 days 01:42:39.480000
2024-07-07 14:47:36.669,11006,280,7,100,False,1,car,0 days 00:44:24.128000,0 days 01:42:39.640000
2024-07-07 14:47:36.869,11006,280,7,100,False,1,car,0 days 00:44:24.328000,0 days 01:42:39.840000
2024-07-07 14:47:37.149,11075,280,7,100,False,1,car,0 days 00:44:24.608000,0 days 01:42:40.120000
2024-07-07 14:47:37.549,11123,281,7,100,False,1,car,0 days 00:44:25.008000,0 days 01:42:40.520000
2024-07-07 14:47:37.789,11124,281,7,100,False,1,car,0 days 00:44:25.248000,0 days 01:42:40.760000
2024-07-07 14:47:37.949,11115,282,7,100,False,1,car,0 days 00:44:25.408000,0 days 01:42:40.920000
2024-07-07 14:47:38.109,11111,282,7,100,False,1,car,0 days 00:44:25.568000,0 days 01:42:41.080000
2024-07-07 14:47:38.429,11078,282,7,100,False,1,car,0 days 00:44:25.888000,0 days 01:42:41.400000
2024-07-07 14:47:38.589,11114,282,7,100,False,1,car,0 days 00:44:26.048000,0 days 01:42:41.560000
2024-07-07 14:47:38.869,11112,282,7,100,False,1,car,0 days 00:44:26.328000,0 days 01:42:41.840000
2024-07-07 14:47:39.109,11108,281,7,100,False,1,car,0 days 00:44:26.568000,0 days 01:42:42.080000
2024-07-07 14:47:39.509,11094,281,7,100,False,1,car,0 days 00:44:26.968000,0 days 01:42:42.480000
2024-07-07 14:47:39.829,10370,273,7,0,True,1,car,0 days 00:44:27.288000,0 days 01:42:42.800000
2024-07-07 14:47:40.149,9824,251,7,0,True,1,car,0 days 00:44:27.608000,0 days 01:42:43.120000
2024-07-07 14:47:40.429,8811,226,7,0,True,1,car,0 days 00:44:27.888000,0 days 01:42:43.400000
2024-07-07 14:47:40.748,9029,205,6,0,True,1,car,0 days 00:44:28.207000,0 days 01:42:43.719000
2024-07-07 14:47:40.948,9353,194,6,0,True,1,car,0 days 00:44:28.407000,0 days 01:42:43.919000
2024-07-07 14:47:41.108,9409,188,6,0,True,1,car,0 days 00:44:28.567000,0 days 01:42:44.079000
2024-07-07 14:47:41.348,8860,173,5,0,True,1,car,0 days 00:44:28.807000,0 days 01:42:44.319000
2024-07-07 14:47:41.709,9624,158,5,0,True,1,car,0 days 00:44:29.168000,0 days 01:42:44.680000
2024-07-07 14:47:42.029,9040,149,4,0,True,1,car,0 days 00:44:29.488000,0 days 01:42:45
2024-07-07 14:47:42.429,8535,139,4,0,True,1,car,0 days 00:44:29.888000,0 days 01:42:45.400000
2024-07-07 14:47:42.629,8314,137,4,0,False,1,car,0 days 00:44:30.088000,0 days 01:42:45.600000
2024-07-07 14:47:42.909,8227,133,4,5,False,1,car,0 days 00:44:30.368000,0 days 01:42:45.880000
2024-07-07 14:47:43.109,8180,131,4,5,False,1,car,0 days 00:44:30.568000,0 days 01:42:46.080000
2024-07-07 14:47:43.469,8013,130,4,23,False,1,car,0 days 00:44:30.928000,0 days 01:42:46.440000
2024-07-07 14:47:43.789,7986,130,4,23,False,1,car,0 days 00:44:31.248000,0 days 01:42:46.760000
2024-07-07 14:47:44.069,8014,130,4,24,False,1,car,0 days 00:44:31.528000,0 days 01:42:47.040000
2024-07-07 14:47:44.229,8010,129,4,27,False,1,car,0 days 00:44:31.688000,0 days 01:42:47.200000
2024-07-07 14:47:44.509,8083,129,4,30,False,1,car,0 days 00:44:31.968000,0 days 01:42:47.480000
2024-07-07 14:47:44.829,8289,131,4,45,False,1,car,0 days 00:44:32.288000,0 days 01:42:47.800000
2024-07-07 14:47:45.149,8480,135,4,52,False,1,car,0 days 00:44:32.608000,0 days 01:42:48.120000
2024-07-07 14:47:45.349,8694,138,4,57,False,1,car,0 days 00:44:32.808000,0 days 01:42:48.320000
2024-07-07 14:47:45.549,8879,142,4,59,False,1,car,0 days 00:44:33.008000,0 days 01:42:48.520000
2024-07-07 14:47:45.709,9061,145,4,59,False,1,car,0 days 00:44:33.168000,0 days 01:42:48.680000
2024-07-07 14:47:45.869,8823,146,4,39,False,1,car,0 days 00:44:33.328000,0 days 01:42:48.840000
2024-07-07 14:47:46.069,8543,138,4,0,True,1,car,0 days 00:44:33.528000,0 days 01:42:49.040000
2024-07-07 14:47:46.349,8112,134,4,0,True,1,car,0 days 00:44:33.808000,0 days 01:42:49.320000
2024-07-07 14:47:46.669,7651,126,4,0,True,1,car,0 days 00:44:34.128000,0 days 01:42:49.640000
2024-07-07 14:47:46.829,8211,121,4,0,True,1,car,0 days 00:44:34.288000,0 days 01:42:49.800000
2024-07-07 14:47:47.149,8582,117,3,0,False,1,car,0 days 00:44:34.608000,0 days 01:42:50.120000
2024-07-07 14:47:47.508,8236,113,3,0,False,1,car,0 days 00:44:34.967000,0 days 01:42:50.479000
2024-07-07 14:47:47.668,8129,111,3,0,True,1,car,0 days 00:44:35.127000,0 days 01:42:50.639000
2024-07-07 14:47:47.828,7945,109,3,0,False,1,car,0 days 00:44:35.287000,0 days 01:42:50.799000
2024-07-07 14:47:48.109,7732,106,3,0,False,1,car,0 days 00:44:35.568000,0 days 01:42:51.080000
2024-07-07 14:47:48.389,7529,103,3,0,False,1,car,0 days 00:44:35.848000,0 days 01:42:51.360000
2024-07-07 14:47:48.589,7438,102,3,0,False,1,car,0 days 00:44:36.048000,0 days 01:42:51.560000
2024-07-07 14:47:48.869,7296,99,3,0,False,1,car,0 days 00:44:36.328000,0 days 01:42:51.840000
2024-07-07 14:47:49.149,7259,98,3,0,False,1,car,0 days 00:44:36.608000,0 days 01:42:52.120000
2024-07-07 14:47:49.349,7150,96,3,15,False,1,car,0 days 00:44:36.808000,0 days 01:42:52.320000
2024-07-07 14:47:49.669,7417,99,3,30,False,1,car,0 days 00:44:37.128000,0 days 01:42:52.640000
2024-07-07 14:47:49.989,7661,101,3,35,False,1,car,0 days 00:44:37.448000,0 days 01:42:52.960000
2024-07-07 14:47:50.389,8136,108,3,44,False,1,car,0 days 00:44:37.848000,0 days 01:42:53.360000
2024-07-07 14:47:50.589,8387,112,3,48,False,1,car,0 days 00:44:38.048000,0 days 01:42:53.560000
2024-07-07 14:47:50.789,8738,116,3,52,False,1,car,0 days 00:44:38.248000,0 days 01:42:53.760000
2024-07-07 14:47:50.949,8942,118,3,57,False,1,car,0 days 00:44:38.408000,0 days 01:42:53.920000
2024-07-07 14:47:51.309,9759,128,3,65,False,1,car,0 days 00:44:38.768000,0 days 01:42:54.280000
2024-07-07 14:47:51.549,10210,135,3,71,False,1,car,0 days 00:44:39.008000,0 days 01:42:54.520000
2024-07-07 14:47:51.749,9704,141,3,73,False,1,car,0 days 00:44:39.208000,0 days 01:42:54.720000
2024-07-07 14:47:52.109,9895,153,4,78,False,1,car,0 days 00:44:39.568000,0 days 01:42:55.080000
2024-07-07 14:47:52.269,10035,160,4,81,False,1,car,0 days 00:44:39.728000,0 days 01:42:55.240000
2024-07-07 14:47:52.509,10615,169,4,90,False,1,car,0 days 00:44:39.968000,0 days 01:42:55.480000
2024-07-07 14:47:52.949,11700,185,4,100,False,1,car,0 days 00:44:40.408000,0 days 01:42:55.920000
2024-07-07 14:47:53.109,10678,193,4,100,False,1,car,0 days 00:44:40.568000,0 days 01:42:56.080000
2024-07-07 14:47:53.549,10837,203,5,100,False,1,car,0 days 00:44:41.008000,0 days 01:42:56.520000
2024-07-07 14:47:53.789,11280,215,5,100,False,1,car,0 days 00:44:41.248000,0 days 01:42:56.760000
2024-07-07 14:47:54.108,11700,220,5,100,False,1,car,0 days 00:44:41.567000,0 days 01:42:57.079000
2024-07-07 14:47:54.428,10614,229,6,100,False,1,car,0 days 00:44:41.887000,0 days 01:42:57.399000
2024-07-07 14:47:54.588,10506,234,6,100,False,1,car,0 days 00:44:42.047000,0 days 01:42:57.559000
2024-07-07 14:47:54.829,10812,238,6,100,False,1,car,0 days 00:44:42.288000,0 days 01:42:57.800000
2024-07-07 14:47:54.989,10963,240,6,100,False,1,car,0 days 00:44:42.448000,0 days 01:42:57.960000
2024-07-07 14:47:55.149,10963,243,6,100,False,1,car,0 days 00:44:42.608000,0 days 01:42:58.120000
2024-07-07 14:47:55.349,11183,247,6,100,False,1,car,0 days 00:44:42.808000,0 days 01:42:58.320000
2024-07-07 14:47:55.589,11383,251,6,100,False,1,car,0 days 00:44:43.048000,0 days 01:42:58.560000
2024-07-07 14:47:55.749,11466,253,6,100,False,1,car,0 days 00:44:43.208000,0 days 01:42:58.720000
2024-07-07 14:47:55.949,11522,256,6,100,False,1,car,0 days 00:44:43.408000,0 days 01:42:58.920000
2024-07-07 14:47:56.149,11694,258,6,100,False,1,car,0 days 00:44:43.608000,0 days 01:42:59.120000
2024-07-07 14:47:56.429,10587,262,7,100,False,1,car,0 days 00:44:43.888000,0 days 01:42:59.400000
2024-07-07 14:47:56.709,10616,265,7,100,False,1,car,0 days 00:44:44.168000,0 days 01:42:59.680000
2024-07-07 14:47:56.909,10615,267,7,100,False,1,car,0 days 00:44:44.368000,0 days 01:42:59.880000
2024-07-07 14:47:57.189,10750,270,7,100,False,1,car,0 days 00:44:44.648000,0 days 01:43:00.160000
2024-07-07 14:47:57.389,10829,273,7,100,False,1,car,0 days 00:44:44.848000,0 days 01:43:00.360000
2024-07-07 14:47:57.629,10905,275,7,100,False,1,car,0 days 00:44:45.088000,0 days 01:43:00.600000
2024-07-07 14:47:57.989,11004,278,7,100,False,1,car,0 days 00:44:45.448000,0 days 01:43:00.960000
2024-07-07 14:47:58.429,11146,281,7,100,False,1,car,0 days 00:44:45.888000,0 days 01:43:01.400000
2024-07-07 14:47:58.749,11175,283,7,100,False,1,car,0 days 00:44:46.208000,0 days 01:43:01.720000
2024-07-07 14:47:59.029,11189,283,7,100,False,1,car,0 days 00:44:46.488000,0 days 01:43:02
2024-07-07 14:47:59.429,11236,284,7,100,False,1,car,0 days 00:44:46.888000,0 days 01:43:02.400000
2024-07-07 14:47:59.589,11247,284,7,100,False,1,car,0 days 00:44:47.048000,0 days 01:43:02.560000
2024-07-07 14:47:59.749,11262,285,7,100,False,1,car,0 days 00:44:47.208000,0 days 01:43:02.720000
2024-07-07 14:48:00.069,11262,285,7,100,False,1,car,0 days 00:44:47.528000,0 days 01:43:03.040000
2024-07-07 14:48:00.229,11279,285,7,100,False,1,car,0 days 00:44:47.688000,0 days 01:43:03.200000
2024-07-07 14:48:00.389,11296,285,7,100,False,1,car,0 days 00:44:47.848000,0 days 01:43:03.360000
2024-07-07 14:48:00.589,11304,286,7,100,False,1,car,0 days 00:44:48.048000,0 days 01:43:03.560000
2024-07-07 14:48:00.828,11333,287,7,100,False,1,car,0 days 00:44:48.287000,0 days 01:43:03.799000
2024-07-07 14:48:01.229,11351,286,7,100,False,1,car,0 days 00:44:48.688000,0 days 01:43:04.200000
2024-07-07 14:48:01.469,10755,281,7,10,True,1,car,0 days 00:44:48.928000,0 days 01:43:04.440000
2024-07-07 14:48:01.709,10501,270,7,0,True,1,car,0 days 00:44:49.168000,0 days 01:43:04.680000
2024-07-07 14:48:01.869,10209,263,7,0,True,1,car,0 days 00:44:49.328000,0 days 01:43:04.840000
2024-07-07 14:48:02.309,10335,233,7,0,True,1,car,0 days 00:44:49.768000,0 days 01:43:05.280000
2024-07-07 14:48:02.549,10190,227,6,0,False,1,car,0 days 00:44:50.008000,0 days 01:43:05.520000
2024-07-07 14:48:02.709,10145,224,6,9,False,1,car,0 days 00:44:50.168000,0 days 01:43:05.680000
2024-07-07 14:48:03.149,9967,222,6,59,False,1,car,0 days 00:44:50.608000,0 days 01:43:06.120000
2024-07-07 14:48:03.509,10016,221,6,67,False,1,car,0 days 00:44:50.968000,0 days 01:43:06.480000
2024-07-07 14:48:03.829,10198,222,6,73,False,1,car,0 days 00:44:51.288000,0 days 01:43:06.800000
2024-07-07 14:48:04.069,10313,225,6,83,False,1,car,0 days 00:44:51.528000,0 days 01:43:07.040000
2024-07-07 14:48:04.269,10325,227,6,78,False,1,car,0 days 00:44:51.728000,0 days 01:43:07.240000
2024-07-07 14:48:04.429,10406,228,6,80,False,1,car,0 days 00:44:51.888000,0 days 01:43:07.400000
2024-07-07 14:48:04.709,10406,232,6,80,False,1,car,0 days 00:44:52.168000,0 days 01:43:07.680000
2024-07-07 14:48:04.989,10799,237,6,100,False,1,car,0 days 00:44:52.448000,0 days 01:43:07.960000
2024-07-07 14:48:05.189,10977,239,6,100,False,1,car,0 days 00:44:52.648000,0 days 01:43:08.160000
2024-07-07 14:48:05.589,11267,248,6,100,False,1,car,0 days 00:44:53.048000,0 days 01:43:08.560000
2024-07-07 14:48:05.949,11450,253,6,100,False,1,car,0 days 00:44:53.408000,0 days 01:43:08.920000
2024-07-07 14:48:06.429,11735,260,6,100,False,1,car,0 days 00:44:53.888000,0 days 01:43:09.400000
2024-07-07 14:48:06.589,10787,262,6,100,False,1,car,0 days 00:44:54.048000,0 days 01:43:09.560000
2024-07-07 14:48:06.749,10277,263,7,100,False,1,car,0 days 00:44:54.208000,0 days 01:43:09.720000
2024-07-07 14:48:07.428,10778,271,7,100,False,1,car,0 days 00:44:54.887000,0 days 01:43:10.399000
2024-07-07 14:48:07.628,10825,274,7,100,False,1,car,0 days 00:44:55.087000,0 days 01:43:10.599000
2024-07-07 14:48:07.789,10951,276,7,100,False,1,car,0 days 00:44:55.248000,0 days 01:43:10.760000
2024-07-07 14:48:08.029,10997,278,7,100,False,1,car,0 days 00:44:55.488000,0 days 01:43:11
2024-07-07 14:48:08.309,11112,281,7,100,False,1,car,0 days 00:44:55.768000,0 days 01:43:11.280000
2024-07-07 14:48:08.469,11202,283,7,100,False,1,car,0 days 00:44:55.928000,0 days 01:43:11.440000
2024-07-07 14:48:08.669,11256,284,7,100,False,1,car,0 days 00:44:56.128000,0 days 01:43:11.640000
2024-07-07 14:48:08.909,11306,286,7,100,False,1,car,0 days 00:44:56.368000,0 days 01:43:11.880000
2024-07-07 14:48:09.269,11394,288,7,100,False,1,car,0 days 00:44:56.728000,0 days 01:43:12.240000
2024-07-07 14:48:09.429,11391,289,7,100,False,1,car,0 days 00:44:56.888000,0 days 01:43:12.400000
2024-07-07 14:48:09.669,11445,289,7,100,False,1,car,0 days 00:44:57.128000,0 days 01:43:12.640000
2024-07-07 14:48:09.909,11469,290,7,100,False,1,car,0 days 00:44:57.368000,0 days 01:43:12.880000
2024-07-07 14:48:10.109,11455,290,7,100,False,1,car,0 days 00:44:57.568000,0 days 01:43:13.080000
2024-07-07 14:48:10.389,11420,289,7,100,False,1,car,0 days 00:44:57.848000,0 days 01:43:13.360000
2024-07-07 14:48:10.829,11409,288,7,100,False,1,car,0 days 00:44:58.288000,0 days 01:43:13.800000
2024-07-07 14:48:11.189,10798,275,7,0,True,1,car,0 days 00:44:58.648000,0 days 01:43:14.160000
2024-07-07 14:48:11.669,9854,249,7,0,True,1,car,0 days 00:44:59.128000,0 days 01:43:14.640000
2024-07-07 14:48:11.869,10694,240,6,0,True,1,car,0 days 00:44:59.328000,0 days 01:43:14.840000
2024-07-07 14:48:12.109,10598,238,6,0,False,1,car,0 days 00:44:59.568000,0 days 01:43:15.080000
2024-07-07 14:48:12.349,10477,230,6,55,False,1,car,0 days 00:44:59.808000,0 days 01:43:15.320000
2024-07-07 14:48:12.589,10374,228,6,62,False,1,car,0 days 00:45:00.048000,0 days 01:43:15.560000
2024-07-07 14:48:12.789,10505,231,6,83,False,1,car,0 days 00:45:00.248000,0 days 01:43:15.760000
2024-07-07 14:48:13.029,10670,231,6,100,False,1,car,0 days 00:45:00.488000,0 days 01:43:16
2024-07-07 14:48:13.269,10715,236,6,100,False,1,car,0 days 00:45:00.728000,0 days 01:43:16.240000
2024-07-07 14:48:13.589,10541,241,6,100,False,1,car,0 days 00:45:01.048000,0 days 01:43:16.560000
2024-07-07 14:48:13.829,10525,233,6,0,True,1,car,0 days 00:45:01.288000,0 days 01:43:16.800000
2024-07-07 14:48:14.109,10016,224,6,0,True,1,car,0 days 00:45:01.568000,0 days 01:43:17.080000
2024-07-07 14:48:14.349,9745,218,6,0,True,1,car,0 days 00:45:01.808000,0 days 01:43:17.320000
2024-07-07 14:48:14.589,9458,212,6,0,False,1,car,0 days 00:45:02.048000,0 days 01:43:17.560000
2024-07-07 14:48:14.829,9380,208,6,19,False,1,car,0 days 00:45:02.288000,0 days 01:43:17.800000
2024-07-07 14:48:15.149,9244,203,6,42,False,1,car,0 days 00:45:02.608000,0 days 01:43:18.120000
2024-07-07 14:48:15.349,9149,202,6,46,False,1,car,0 days 00:45:02.808000,0 days 01:43:18.320000
2024-07-07 14:48:15.789,9076,200,6,50,True,1,car,0 days 00:45:03.248000,0 days 01:43:18.760000
2024-07-07 14:48:16.069,9909,193,5,0,True,1,car,0 days 00:45:03.528000,0 days 01:43:19.040000
2024-07-07 14:48:16.269,9515,182,5,0,True,1,car,0 days 00:45:03.728000,0 days 01:43:19.240000
2024-07-07 14:48:16.629,8975,176,5,0,False,1,car,0 days 00:45:04.088000,0 days 01:43:19.600000
2024-07-07 14:48:16.789,8862,170,5,0,False,1,car,0 days 00:45:04.248000,0 days 01:43:19.760000
2024-07-07 14:48:16.949,8862,169,5,0,False,1,car,0 days 00:45:04.408000,0 days 01:43:19.920000
2024-07-07 14:48:17.429,8699,165,5,41,False,1,car,0 days 00:45:04.888000,0 days 01:43:20.400000
2024-07-07 14:48:17.669,8761,164,5,52,False,1,car,0 days 00:45:05.128000,0 days 01:43:20.640000
2024-07-07 14:48:17.869,8832,167,5,57,False,1,car,0 days 00:45:05.328000,0 days 01:43:20.840000
2024-07-07 14:48:18.029,8940,168,5,67,False,1,car,0 days 00:45:05.488000,0 days 01:43:21
2024-07-07 14:48:18.229,9087,171,5,67,False,1,car,0 days 00:45:05.688000,0 days 01:43:21.200000
2024-07-07 14:48:18.429,9234,173,5,72,False,1,car,0 days 00:45:05.888000,0 days 01:43:21.400000
2024-07-07 14:48:18.629,9442,177,5,80,False,1,car,0 days 00:45:06.088000,0 days 01:43:21.600000
2024-07-07 14:48:19.029,9960,184,5,84,False,1,car,0 days 00:45:06.488000,0 days 01:43:22
2024-07-07 14:48:19.309,10537,195,5,100,False,1,car,0 days 00:45:06.768000,0 days 01:43:22.280000
2024-07-07 14:48:19.469,10723,201,5,100,False,1,car,0 days 00:45:06.928000,0 days 01:43:22.440000
2024-07-07 14:48:19.789,11168,212,5,100,False,1,car,0 days 00:45:07.248000,0 days 01:43:22.760000
2024-07-07 14:48:20.029,11542,216,5,100,False,1,car,0 days 00:45:07.488000,0 days 01:43:23
2024-07-07 14:48:20.309,11368,222,5,100,False,1,car,0 days 00:45:07.768000,0 days 01:43:23.280000
2024-07-07 14:48:20.669,10547,232,6,100,False,1,car,0 days 00:45:08.128000,0 days 01:43:23.640000
2024-07-07 14:48:21.149,11009,240,6,100,False,1,car,0 days 00:45:08.608000,0 days 01:43:24.120000
2024-07-07 14:48:21.349,11141,244,6,100,False,1,car,0 days 00:45:08.808000,0 days 01:43:24.320000
2024-07-07 14:48:21.629,11277,248,6,100,False,1,car,0 days 00:45:09.088000,0 days 01:43:24.600000
2024-07-07 14:48:21.989,11573,256,6,100,False,1,car,0 days 00:45:09.448000,0 days 01:43:24.960000
2024-07-07 14:48:22.349,11612,257,6,100,False,1,car,0 days 00:45:09.808000,0 days 01:43:25.320000
2024-07-07 14:48:22.509,10492,262,6,100,False,1,car,0 days 00:45:09.968000,0 days 01:43:25.480000
2024-07-07 14:48:22.669,10589,264,7,100,False,1,car,0 days 00:45:10.128000,0 days 01:43:25.640000
2024-07-07 14:48:22.869,10563,267,7,100,False,1,car,0 days 00:45:10.328000,0 days 01:43:25.840000
2024-07-07 14:48:23.109,10659,271,7,100,False,1,car,0 days 00:45:10.568000,0 days 01:43:26.080000
2024-07-07 14:48:23.269,10750,272,7,100,False,1,car,0 days 00:45:10.728000,0 days 01:43:26.240000
2024-07-07 14:48:23.589,10838,274,7,100,False,1,car,0 days 00:45:11.048000,0 days 01:43:26.560000
2024-07-07 14:48:23.749,10918,275,7,100,False,1,car,0 days 00:45:11.208000,0 days 01:43:26.720000
2024-07-07 14:48:23.989,11030,278,7,100,False,1,car,0 days 00:45:11.448000,0 days 01:43:26.960000
2024-07-07 14:48:24.349,11091,280,7,100,False,1,car,0 days 00:45:11.808000,0 days 01:43:27.320000
2024-07-07 14:48:24.629,11213,284,7,100,False,1,car,0 days 00:45:12.088000,0 days 01:43:27.600000
2024-07-07 14:48:24.789,11252,283,7,100,False,1,car,0 days 00:45:12.248000,0 days 01:43:27.760000
2024-07-07 14:48:25.029,11304,285,7,100,False,1,car,0 days 00:45:12.488000,0 days 01:43:28
2024-07-07 14:48:25.269,11340,287,7,100,False,1,car,0 days 00:45:12.728000,0 days 01:43:28.240000
2024-07-07 14:48:25.549,11362,287,7,100,False,1,car,0 days 00:45:13.008000,0 days 01:43:28.520000
2024-07-07 14:48:25.789,11427,289,7,100,False,1,car,0 days 00:45:13.248000,0 days 01:43:28.760000
2024-07-07 14:48:26.109,11434,289,7,100,False,1,car,0 days 00:45:13.568000,0 days 01:43:29.080000
2024-07-07 14:48:26.349,11449,290,7,100,False,1,car,0 days 00:45:13.808000,0 days 01:43:29.320000
2024-07-07 14:48:26.589,11437,289,7,100,False,1,car,0 days 00:45:14.048000,0 days 01:43:29.560000
2024-07-07 14:48:26.789,11440,289,7,100,False,1,car,0 days 00:45:14.248000,0 days 01:43:29.760000
2024-07-07 14:48:27.109,11412,289,7,100,False,1,car,0 days 00:45:14.568000,0 days 01:43:30.080000
2024-07-07 14:48:27.309,11418,289,7,100,False,1,car,0 days 00:45:14.768000,0 days 01:43:30.280000
2024-07-07 14:48:27.669,11405,290,7,100,False,1,car,0 days 00:45:15.128000,0 days 01:43:30.640000
2024-07-07 14:48:27.829,11409,289,7,100,False,1,car,0 days 00:45:15.288000,0 days 01:43:30.800000
2024-07-07 14:48:28.069,11434,289,7,100,False,1,car,0 days 00:45:15.528000,0 days 01:43:31.040000
2024-07-07 14:48:28.349,11419,288,7,100,False,1,car,0 days 00:45:15.808000,0 days 01:43:31.320000
2024-07-07 14:48:28.589,11366,288,7,100,False,1,car,0 days 00:45:16.048000,0 days 01:43:31.560000
2024-07-07 14:48:28.829,11354,288,7,100,False,1,car,0 days 00:45:16.288000,0 days 01:43:31.800000
2024-07-07 14:48:29.029,11344,287,7,100,False,1,car,0 days 00:45:16.488000,0 days 01:43:32
2024-07-07 14:48:29.309,11382,288,7,100,False,1,car,0 days 00:45:16.768000,0 days 01:43:32.280000
2024-07-07 14:48:29.629,10784,286,7,9,True,1,car,0 days 00:45:17.088000,0 days 01:43:32.600000
2024-07-07 14:48:29.949,10562,267,7,0,True,1,car,0 days 00:45:17.408000,0 days 01:43:32.920000
2024-07-07 14:48:30.349,10204,236,7,0,True,1,car,0 days 00:45:17.808000,0 days 01:43:33.320000
2024-07-07 14:48:30.749,10301,215,6,0,True,1,car,0 days 00:45:18.208000,0 days 01:43:33.720000
2024-07-07 14:48:31.029,10194,198,5,0,True,1,car,0 days 00:45:18.488000,0 days 01:43:34
2024-07-07 14:48:31.309,9601,187,5,0,True,1,car,0 days 00:45:18.768000,0 days 01:43:34.280000
2024-07-07 14:48:31.589,9183,178,5,0,True,1,car,0 days 00:45:19.048000,0 days 01:43:34.560000
2024-07-07 14:48:31.869,8966,174,5,0,False,1,car,0 days 00:45:19.328000,0 days 01:43:34.840000
2024-07-07 14:48:32.229,8719,168,5,31,False,1,car,0 days 00:45:19.688000,0 days 01:43:35.200000
2024-07-07 14:48:32.429,8741,166,5,47,False,1,car,0 days 00:45:19.888000,0 days 01:43:35.400000
2024-07-07 14:48:32.629,8775,166,5,49,False,1,car,0 days 00:45:20.088000,0 days 01:43:35.600000
2024-07-07 14:48:32.789,8833,167,5,51,False,1,car,0 days 00:45:20.248000,0 days 01:43:35.760000
2024-07-07 14:48:33.029,8943,167,5,60,False,1,car,0 days 00:45:20.488000,0 days 01:43:36
2024-07-07 14:48:33.269,9103,170,5,67,False,1,car,0 days 00:45:20.728000,0 days 01:43:36.240000
2024-07-07 14:48:33.549,9229,172,5,69,False,1,car,0 days 00:45:21.008000,0 days 01:43:36.520000
2024-07-07 14:48:33.789,9496,179,5,71,False,1,car,0 days 00:45:21.248000,0 days 01:43:36.760000
2024-07-07 14:48:34.069,9809,185,5,80,False,1,car,0 days 00:45:21.528000,0 days 01:43:37.040000
2024-07-07 14:48:34.270,10073,188,5,86,False,1,car,0 days 00:45:21.729000,0 days 01:43:37.241000
2024-07-07 14:48:34.709,10689,202,5,100,False,1,car,0 days 00:45:22.168000,0 days 01:43:37.680000
2024-07-07 14:48:35.029,11082,209,5,100,False,1,car,0 days 00:45:22.488000,0 days 01:43:38
2024-07-07 14:48:35.469,11712,219,5,100,False,1,car,0 days 00:45:22.928000,0 days 01:43:38.440000
2024-07-07 14:48:35.829,11152,226,6,100,False,1,car,0 days 00:45:23.288000,0 days 01:43:38.800000
2024-07-07 14:48:36.109,10344,230,6,100,False,1,car,0 days 00:45:23.568000,0 days 01:43:39.080000
2024-07-07 14:48:36.269,10484,234,6,100,False,1,car,0 days 00:45:23.728000,0 days 01:43:39.240000
2024-07-07 14:48:36.429,10629,236,6,100,False,1,car,0 days 00:45:23.888000,0 days 01:43:39.400000
2024-07-07 14:48:36.589,10708,237,6,100,False,1,car,0 days 00:45:24.048000,0 days 01:43:39.560000
2024-07-07 14:48:36.909,10914,242,6,100,False,1,car,0 days 00:45:24.368000,0 days 01:43:39.880000
2024-07-07 14:48:37.189,11053,244,6,100,False,1,car,0 days 00:45:24.648000,0 days 01:43:40.160000
2024-07-07 14:48:37.429,11154,245,6,100,False,1,car,0 days 00:45:24.888000,0 days 01:43:40.400000
2024-07-07 14:48:37.589,11218,250,6,100,False,1,car,0 days 00:45:25.048000,0 days 01:43:40.560000
2024-07-07 14:48:37.909,11354,251,6,100,False,1,car,0 days 00:45:25.368000,0 days 01:43:40.880000
2024-07-07 14:48:38.069,11238,253,6,100,False,1,car,0 days 00:45:25.528000,0 days 01:43:41.040000
2024-07-07 14:48:38.229,10760,248,6,0,True,1,car,0 days 00:45:25.688000,0 days 01:43:41.200000
2024-07-07 14:48:38.549,9781,230,6,0,True,1,car,0 days 00:45:26.008000,0 days 01:43:41.520000
2024-07-07 14:48:38.749,9081,203,6,0,True,1,car,0 days 00:45:26.208000,0 days 01:43:41.720000
2024-07-07 14:48:39.189,9203,167,5,0,True,1,car,0 days 00:45:26.648000,0 days 01:43:42.160000
2024-07-07 14:48:39.389,9812,156,5,0,True,1,car,0 days 00:45:26.848000,0 days 01:43:42.360000
2024-07-07 14:48:39.549,9112,150,4,0,True,1,car,0 days 00:45:27.008000,0 days 01:43:42.520000
2024-07-07 14:48:40.029,8938,126,3,0,True,1,car,0 days 00:45:27.488000,0 days 01:43:43
2024-07-07 14:48:40.189,8458,119,3,0,True,1,car,0 days 00:45:27.648000,0 days 01:43:43.160000
2024-07-07 14:48:40.429,8040,113,3,0,True,1,car,0 days 00:45:27.888000,0 days 01:43:43.400000
2024-07-07 14:48:40.830,7329,102,3,0,True,1,car,0 days 00:45:28.289000,0 days 01:43:43.801000
2024-07-07 14:48:41.229,6829,95,3,0,True,1,car,0 days 00:45:28.688000,0 days 01:43:44.200000
2024-07-07 14:48:41.469,6689,90,3,0,True,1,car,0 days 00:45:28.928000,0 days 01:43:44.440000
2024-07-07 14:48:41.629,6589,89,3,0,False,1,car,0 days 00:45:29.088000,0 days 01:43:44.600000
2024-07-07 14:48:41.829,6435,88,3,4,False,1,car,0 days 00:45:29.288000,0 days 01:43:44.800000
2024-07-07 14:48:42.069,6644,87,3,18,False,1,car,0 days 00:45:29.528000,0 days 01:43:45.040000
2024-07-07 14:48:42.429,6856,91,3,36,False,1,car,0 days 00:45:29.888000,0 days 01:43:45.400000
2024-07-07 14:48:42.829,7278,96,3,39,False,1,car,0 days 00:45:30.288000,0 days 01:43:45.800000
2024-07-07 14:48:43.109,7430,101,3,30,False,1,car,0 days 00:45:30.568000,0 days 01:43:46.080000
2024-07-07 14:48:43.269,7444,101,3,23,False,1,car,0 days 00:45:30.728000,0 days 01:43:46.240000
2024-07-07 14:48:43.709,7410,99,3,0,False,1,car,0 days 00:45:31.168000,0 days 01:43:46.680000
2024-07-07 14:48:43.989,7044,97,3,9,False,1,car,0 days 00:45:31.448000,0 days 01:43:46.960000
2024-07-07 14:48:44.229,7170,97,3,14,False,1,car,0 days 00:45:31.688000,0 days 01:43:47.200000
2024-07-07 14:48:44.389,7242,97,3,21,False,1,car,0 days 00:45:31.848000,0 days 01:43:47.360000
2024-07-07 14:48:44.709,7717,100,3,36,False,1,car,0 days 00:45:32.168000,0 days 01:43:47.680000
2024-07-07 14:48:44.869,7880,103,3,43,False,1,car,0 days 00:45:32.328000,0 days 01:43:47.840000
2024-07-07 14:48:45.149,8089,107,3,48,False,1,car,0 days 00:45:32.608000,0 days 01:43:48.120000
2024-07-07 14:48:45.509,8813,115,3,51,False,1,car,0 days 00:45:32.968000,0 days 01:43:48.480000
2024-07-07 14:48:45.709,9221,121,3,57,False,1,car,0 days 00:45:33.168000,0 days 01:43:48.680000
2024-07-07 14:48:45.909,9504,125,3,62,False,1,car,0 days 00:45:33.368000,0 days 01:43:48.880000
2024-07-07 14:48:46.149,10013,132,3,68,False,1,car,0 days 00:45:33.608000,0 days 01:43:49.120000
2024-07-07 14:48:46.309,10116,137,3,70,False,1,car,0 days 00:45:33.768000,0 days 01:43:49.280000
2024-07-07 14:48:46.549,9157,144,3,72,False,1,car,0 days 00:45:34.008000,0 days 01:43:49.520000
2024-07-07 14:48:46.829,9756,150,4,77,False,1,car,0 days 00:45:34.288000,0 days 01:43:49.800000
2024-07-07 14:48:47.029,10157,159,4,77,False,1,car,0 days 00:45:34.488000,0 days 01:43:50
2024-07-07 14:48:47.310,10610,167,4,75,False,1,car,0 days 00:45:34.769000,0 days 01:43:50.281000
2024-07-07 14:48:47.510,10744,172,4,74,False,1,car,0 days 00:45:34.969000,0 days 01:43:50.481000
2024-07-07 14:48:47.829,9705,177,5,83,False,1,car,0 days 00:45:35.288000,0 days 01:43:50.800000
2024-07-07 14:48:48.149,9954,186,5,83,False,1,car,0 days 00:45:35.608000,0 days 01:43:51.120000
2024-07-07 14:48:48.349,10208,191,5,85,False,1,car,0 days 00:45:35.808000,0 days 01:43:51.320000
2024-07-07 14:48:48.669,10653,200,5,84,False,1,car,0 days 00:45:36.128000,0 days 01:43:51.640000
2024-07-07 14:48:49.069,11040,209,5,100,False,1,car,0 days 00:45:36.528000,0 days 01:43:52.040000
2024-07-07 14:48:49.429,11466,216,5,86,False,1,car,0 days 00:45:36.888000,0 days 01:43:52.400000
2024-07-07 14:48:49.589,11495,219,5,100,False,1,car,0 days 00:45:37.048000,0 days 01:43:52.560000
2024-07-07 14:48:49.829,11956,222,5,100,False,1,car,0 days 00:45:37.288000,0 days 01:43:52.800000
2024-07-07 14:48:50.029,10796,229,5,100,False,1,car,0 days 00:45:37.488000,0 days 01:43:53
2024-07-07 14:48:50.349,10728,235,6,100,False,1,car,0 days 00:45:37.808000,0 days 01:43:53.320000
2024-07-07 14:48:50.589,10967,242,6,100,False,1,car,0 days 00:45:38.048000,0 days 01:43:53.560000
2024-07-07 14:48:50.829,11149,246,6,100,False,1,car,0 days 00:45:38.288000,0 days 01:43:53.800000
2024-07-07 14:48:51.109,11367,251,6,100,False,1,car,0 days 00:45:38.568000,0 days 01:43:54.080000
2024-07-07 14:48:51.429,11608,256,6,100,False,1,car,0 days 00:45:38.888000,0 days 01:43:54.400000
2024-07-07 14:48:51.749,10680,260,6,100,False,1,car,0 days 00:45:39.208000,0 days 01:43:54.720000
2024-07-07 14:48:52.109,10563,264,7,100,False,1,car,0 days 00:45:39.568000,0 days 01:43:55.080000
2024-07-07 14:48:52.349,10627,268,7,100,False,1,car,0 days 00:45:39.808000,0 days 01:43:55.320000
2024-07-07 14:48:52.629,10803,272,7,100,False,1,car,0 days 00:45:40.088000,0 days 01:43:55.600000
2024-07-07 14:48:52.829,10879,273,7,100,False,1,car,0 days 00:45:40.288000,0 days 01:43:55.800000
2024-07-07 14:48:52.989,10945,276,7,100,False,1,car,0 days 00:45:40.448000,0 days 01:43:55.960000
2024-07-07 14:48:53.469,11111,280,7,100,False,1,car,0 days 00:45:40.928000,0 days 01:43:56.440000
2024-07-07 14:48:53.830,11206,283,7,100,False,1,car,0 days 00:45:41.289000,0 days 01:43:56.801000
2024-07-07 14:48:53.990,11278,284,7,100,False,1,car,0 days 00:45:41.449000,0 days 01:43:56.961000
2024-07-07 14:48:54.230,11346,286,7,100,False,1,car,0 days 00:45:41.689000,0 days 01:43:57.201000
2024-07-07 14:48:54.430,11390,287,7,100,False,1,car,0 days 00:45:41.889000,0 days 01:43:57.401000
2024-07-07 14:48:54.709,11307,281,7,0,True,1,car,0 days 00:45:42.168000,0 days 01:43:57.680000
2024-07-07 14:48:54.909,10514,269,7,0,True,1,car,0 days 00:45:42.368000,0 days 01:43:57.880000
2024-07-07 14:48:55.109,10031,263,7,0,True,1,car,0 days 00:45:42.568000,0 days 01:43:58.080000
2024-07-07 14:48:55.349,11214,254,7,0,False,1,car,0 days 00:45:42.808000,0 days 01:43:58.320000
2024-07-07 14:48:55.629,10864,245,6,51,False,1,car,0 days 00:45:43.088000,0 days 01:43:58.600000
2024-07-07 14:48:55.829,11060,244,6,57,False,1,car,0 days 00:45:43.288000,0 days 01:43:58.800000
2024-07-07 14:48:56.069,10901,240,6,56,False,1,car,0 days 00:45:43.528000,0 days 01:43:59.040000
2024-07-07 14:48:56.509,10886,239,6,77,False,1,car,0 days 00:45:43.968000,0 days 01:43:59.480000
2024-07-07 14:48:56.789,11068,242,6,93,False,1,car,0 days 00:45:44.248000,0 days 01:43:59.760000
2024-07-07 14:48:56.989,11187,246,6,100,False,1,car,0 days 00:45:44.448000,0 days 01:43:59.960000
2024-07-07 14:48:57.349,11362,249,6,100,False,1,car,0 days 00:45:44.808000,0 days 01:44:00.320000
2024-07-07 14:48:57.549,11467,252,6,100,False,1,car,0 days 00:45:45.008000,0 days 01:44:00.520000
2024-07-07 14:48:57.949,11730,258,6,100,False,1,car,0 days 00:45:45.408000,0 days 01:44:00.920000
2024-07-07 14:48:58.109,11346,262,6,100,False,1,car,0 days 00:45:45.568000,0 days 01:44:01.080000
2024-07-07 14:48:58.309,10597,263,7,100,False,1,car,0 days 00:45:45.768000,0 days 01:44:01.280000
2024-07-07 14:48:58.549,10442,265,7,99,False,1,car,0 days 00:45:46.008000,0 days 01:44:01.520000
2024-07-07 14:48:58.989,10626,268,7,100,False,1,car,0 days 00:45:46.448000,0 days 01:44:01.960000
2024-07-07 14:48:59.309,10653,267,7,100,False,1,car,0 days 00:45:46.768000,0 days 01:44:02.280000
2024-07-07 14:48:59.509,10673,269,7,100,False,1,car,0 days 00:45:46.968000,0 days 01:44:02.480000
2024-07-07 14:48:59.709,10649,268,7,100,False,1,car,0 days 00:45:47.168000,0 days 01:44:02.680000
2024-07-07 14:48:59.949,10589,267,7,100,False,1,car,0 days 00:45:47.408000,0 days 01:44:02.920000
2024-07-07 14:49:00.109,10578,267,7,100,False,1,car,0 days 00:45:47.568000,0 days 01:44:03.080000
2024-07-07 14:49:00.390,10507,266,7,100,False,1,car,0 days 00:45:47.849000,0 days 01:44:03.361000
2024-07-07 14:49:00.590,10509,266,7,100,False,1,car,0 days 00:45:48.049000,0 days 01:44:03.561000
2024-07-07 14:49:01.030,9853,244,7,0,True,1,car,0 days 00:45:48.489000,0 days 01:44:04.001000
2024-07-07 14:49:01.349,9350,215,7,0,True,1,car,0 days 00:45:48.808000,0 days 01:44:04.320000
2024-07-07 14:49:01.629,9571,189,6,0,True,1,car,0 days 00:45:49.088000,0 days 01:44:04.600000
2024-07-07 14:49:01.789,9033,174,5,0,True,1,car,0 days 00:45:49.248000,0 days 01:44:04.760000
2024-07-07 14:49:01.949,9186,174,5,0,True,1,car,0 days 00:45:49.408000,0 days 01:44:04.920000
2024-07-07 14:49:02.229,8806,146,4,0,True,1,car,0 days 00:45:49.688000,0 days 01:44:05.200000
2024-07-07 14:49:02.549,9339,132,4,0,True,1,car,0 days 00:45:50.008000,0 days 01:44:05.520000
2024-07-07 14:49:02.709,9092,129,3,0,True,1,car,0 days 00:45:50.168000,0 days 01:44:05.680000
2024-07-07 14:49:02.949,8375,118,3,0,True,1,car,0 days 00:45:50.408000,0 days 01:44:05.920000
2024-07-07 14:49:03.229,8201,110,3,0,True,1,car,0 days 00:45:50.688000,0 days 01:44:06.200000
2024-07-07 14:49:03.509,7448,103,3,0,True,1,car,0 days 00:45:50.968000,0 days 01:44:06.480000
2024-07-07 14:49:03.789,7112,98,3,0,True,1,car,0 days 00:45:51.248000,0 days 01:44:06.760000
2024-07-07 14:49:03.989,6934,95,3,0,True,1,car,0 days 00:45:51.448000,0 days 01:44:06.960000
2024-07-07 14:49:04.189,6798,94,3,0,True,1,car,0 days 00:45:51.648000,0 days 01:44:07.160000
2024-07-07 14:49:04.429,6724,91,3,0,False,1,car,0 days 00:45:51.888000,0 days 01:44:07.400000
2024-07-07 14:49:04.909,6820,90,3,24,False,1,car,0 days 00:45:52.368000,0 days 01:44:07.880000
2024-07-07 14:49:05.189,7000,93,3,30,False,1,car,0 days 00:45:52.648000,0 days 01:44:08.160000
2024-07-07 14:49:05.509,7426,96,3,37,False,1,car,0 days 00:45:52.968000,0 days 01:44:08.480000
2024-07-07 14:49:05.869,7911,103,3,44,False,1,car,0 days 00:45:53.328000,0 days 01:44:08.840000
2024-07-07 14:49:06.149,8188,107,3,50,False,1,car,0 days 00:45:53.608000,0 days 01:44:09.120000
2024-07-07 14:49:06.509,8849,116,3,56,False,1,car,0 days 00:45:53.968000,0 days 01:44:09.480000
2024-07-07 14:49:06.709,9253,121,3,60,False,1,car,0 days 00:45:54.168000,0 days 01:44:09.680000
2024-07-07 14:49:06.949,9615,127,3,64,False,1,car,0 days 00:45:54.408000,0 days 01:44:09.920000
2024-07-07 14:49:07.190,8820,124,3,0,False,1,car,0 days 00:45:54.649000,0 days 01:44:10.161000
2024-07-07 14:49:07.550,7929,112,3,0,True,1,car,0 days 00:45:55.009000,0 days 01:44:10.521000
2024-07-07 14:49:07.949,7277,100,3,0,True,1,car,0 days 00:45:55.408000,0 days 01:44:10.920000
2024-07-07 14:49:08.269,7743,90,2,0,True,1,car,0 days 00:45:55.728000,0 days 01:44:11.240000
2024-07-07 14:49:08.429,7600,88,2,0,True,1,car,0 days 00:45:55.888000,0 days 01:44:11.400000
2024-07-07 14:49:08.789,7202,82,2,0,True,1,car,0 days 00:45:56.248000,0 days 01:44:11.760000
2024-07-07 14:49:09.029,6829,80,2,0,True,1,car,0 days 00:45:56.488000,0 days 01:44:12
2024-07-07 14:49:09.349,6652,77,2,0,False,1,car,0 days 00:45:56.808000,0 days 01:44:12.320000
2024-07-07 14:49:09.549,6541,76,2,0,False,1,car,0 days 00:45:57.008000,0 days 01:44:12.520000
2024-07-07 14:49:09.709,6780,74,2,0,False,1,car,0 days 00:45:57.168000,0 days 01:44:12.680000
2024-07-07 14:49:09.949,6871,76,2,22,False,1,car,0 days 00:45:57.408000,0 days 01:44:12.920000
2024-07-07 14:49:10.229,7074,80,2,30,False,1,car,0 days 00:45:57.688000,0 days 01:44:13.200000
2024-07-07 14:49:10.509,7597,84,2,37,False,1,car,0 days 00:45:57.968000,0 days 01:44:13.480000
2024-07-07 14:49:10.749,7921,88,2,42,False,1,car,0 days 00:45:58.208000,0 days 01:44:13.720000
2024-07-07 14:49:11.029,7354,94,3,44,False,1,car,0 days 00:45:58.488000,0 days 01:44:14
2024-07-07 14:49:11.229,7598,99,3,50,False,1,car,0 days 00:45:58.688000,0 days 01:44:14.200000
2024-07-07 14:49:11.469,8167,107,3,55,False,1,car,0 days 00:45:58.928000,0 days 01:44:14.440000
2024-07-07 14:49:11.709,8722,113,3,59,False,1,car,0 days 00:45:59.168000,0 days 01:44:14.680000
2024-07-07 14:49:11.989,9419,122,3,67,False,1,car,0 days 00:45:59.448000,0 days 01:44:14.960000
2024-07-07 14:49:12.229,10088,130,3,77,False,1,car,0 days 00:45:59.688000,0 days 01:44:15.200000
2024-07-07 14:49:12.389,9948,138,3,77,False,1,car,0 days 00:45:59.848000,0 days 01:44:15.360000
2024-07-07 14:49:12.589,9442,147,4,82,False,1,car,0 days 00:46:00.048000,0 days 01:44:15.560000
2024-07-07 14:49:12.909,10319,160,4,95,False,1,car,0 days 00:46:00.368000,0 days 01:44:15.880000
2024-07-07 14:49:13.109,10784,169,4,100,False,1,car,0 days 00:46:00.568000,0 days 01:44:16.080000
2024-07-07 14:49:13.349,10432,177,4,100,False,1,car,0 days 00:46:00.808000,0 days 01:44:16.320000
2024-07-07 14:49:13.550,9817,184,5,100,False,1,car,0 days 00:46:01.009000,0 days 01:44:16.521000
2024-07-07 14:49:13.870,10349,197,5,100,False,1,car,0 days 00:46:01.329000,0 days 01:44:16.841000
2024-07-07 14:49:14.070,10700,203,5,100,False,1,car,0 days 00:46:01.529000,0 days 01:44:17.041000
2024-07-07 14:49:14.230,10968,203,5,100,False,1,car,0 days 00:46:01.689000,0 days 01:44:17.201000
2024-07-07 14:49:14.550,11352,214,5,100,False,1,car,0 days 00:46:02.009000,0 days 01:44:17.521000
2024-07-07 14:49:14.869,11749,224,5,100,False,1,car,0 days 00:46:02.328000,0 days 01:44:17.840000
2024-07-07 14:49:15.109,10629,225,5,100,False,1,car,0 days 00:46:02.568000,0 days 01:44:18.080000
2024-07-07 14:49:15.269,10520,229,6,100,False,1,car,0 days 00:46:02.728000,0 days 01:44:18.240000
2024-07-07 14:49:15.509,10663,234,6,100,False,1,car,0 days 00:46:02.968000,0 days 01:44:18.480000
2024-07-07 14:49:15.709,10738,236,6,100,False,1,car,0 days 00:46:03.168000,0 days 01:44:18.680000
2024-07-07 14:49:15.909,10973,241,6,100,False,1,car,0 days 00:46:03.368000,0 days 01:44:18.880000
2024-07-07 14:49:16.149,11105,242,6,100,False,1,car,0 days 00:46:03.608000,0 days 01:44:19.120000
2024-07-07 14:49:16.469,11371,250,6,100,False,1,car,0 days 00:46:03.928000,0 days 01:44:19.440000
2024-07-07 14:49:16.789,11467,254,6,100,False,1,car,0 days 00:46:04.248000,0 days 01:44:19.760000
2024-07-07 14:49:16.989,11607,258,6,100,False,1,car,0 days 00:46:04.448000,0 days 01:44:19.960000
2024-07-07 14:49:17.389,10907,262,6,100,False,1,car,0 days 00:46:04.848000,0 days 01:44:20.360000
2024-07-07 14:49:17.749,10512,266,7,100,False,1,car,0 days 00:46:05.208000,0 days 01:44:20.720000
2024-07-07 14:49:17.989,10649,269,7,100,False,1,car,0 days 00:46:05.448000,0 days 01:44:20.960000
2024-07-07 14:49:18.309,10806,271,7,100,False,1,car,0 days 00:46:05.768000,0 days 01:44:21.280000
2024-07-07 14:49:18.469,10817,273,7,100,False,1,car,0 days 00:46:05.928000,0 days 01:44:21.440000
2024-07-07 14:49:18.749,10928,275,7,100,False,1,car,0 days 00:46:06.208000,0 days 01:44:21.720000
2024-07-07 14:49:18.989,11002,278,7,100,False,1,car,0 days 00:46:06.448000,0 days 01:44:21.960000
2024-07-07 14:49:19.229,11090,281,7,100,False,1,car,0 days 00:46:06.688000,0 days 01:44:22.200000
2024-07-07 14:49:19.429,11160,281,7,100,False,1,car,0 days 00:46:06.888000,0 days 01:44:22.400000
2024-07-07 14:49:19.789,11234,283,7,100,False,1,car,0 days 00:46:07.248000,0 days 01:44:22.760000
2024-07-07 14:49:19.989,11283,285,7,100,False,1,car,0 days 00:46:07.448000,0 days 01:44:22.960000
2024-07-07 14:49:20.230,11324,286,7,100,False,1,car,0 days 00:46:07.689000,0 days 01:44:23.201000
2024-07-07 14:49:20.470,11339,287,7,100,False,1,car,0 days 00:46:07.929000,0 days 01:44:23.441000
2024-07-07 14:49:20.830,11359,287,7,100,False,1,car,0 days 00:46:08.289000,0 days 01:44:23.801000
2024-07-07 14:49:21.070,11366,286,7,100,False,1,car,0 days 00:46:08.529000,0 days 01:44:24.041000
2024-07-07 14:49:21.509,11315,286,7,100,False,1,car,0 days 00:46:08.968000,0 days 01:44:24.480000
2024-07-07 14:49:21.669,11254,285,7,100,False,1,car,0 days 00:46:09.128000,0 days 01:44:24.640000
2024-07-07 14:49:21.949,11216,284,7,100,False,1,car,0 days 00:46:09.408000,0 days 01:44:24.920000
2024-07-07 14:49:22.109,11113,283,7,100,False,1,car,0 days 00:46:09.568000,0 days 01:44:25.080000
2024-07-07 14:49:22.269,11080,282,7,100,False,1,car,0 days 00:46:09.728000,0 days 01:44:25.240000
2024-07-07 14:49:22.509,11090,281,7,100,False,1,car,0 days 00:46:09.968000,0 days 01:44:25.480000
2024-07-07 14:49:22.709,10978,276,7,83,True,1,car,0 days 00:46:10.168000,0 days 01:44:25.680000
2024-07-07 14:49:22.869,10281,269,7,0,True,1,car,0 days 00:46:10.328000,0 days 01:44:25.840000
2024-07-07 14:49:23.069,9714,240,7,0,True,1,car,0 days 00:46:10.528000,0 days 01:44:26.040000
2024-07-07 14:49:23.229,9294,231,7,0,True,1,car,0 days 00:46:10.688000,0 days 01:44:26.200000
2024-07-07 14:49:23.549,9141,207,6,0,True,1,car,0 days 00:46:11.008000,0 days 01:44:26.520000
2024-07-07 14:49:23.949,9429,184,5,0,True,1,car,0 days 00:46:11.408000,0 days 01:44:26.920000
2024-07-07 14:49:24.109,8877,174,5,0,True,1,car,0 days 00:46:11.568000,0 days 01:44:27.080000
2024-07-07 14:49:24.349,8498,165,5,0,True,1,car,0 days 00:46:11.808000,0 days 01:44:27.320000
2024-07-07 14:49:24.509,9478,160,5,0,True,1,car,0 days 00:46:11.968000,0 days 01:44:27.480000
2024-07-07 14:49:24.709,9312,153,4,0,True,1,car,0 days 00:46:12.168000,0 days 01:44:27.680000
2024-07-07 14:49:24.989,9030,145,4,0,False,1,car,0 days 00:46:12.448000,0 days 01:44:27.960000
2024-07-07 14:49:25.389,8666,143,4,0,False,1,car,0 days 00:46:12.848000,0 days 01:44:28.360000
2024-07-07 14:49:25.629,8442,138,4,0,False,1,car,0 days 00:46:13.088000,0 days 01:44:28.600000
2024-07-07 14:49:25.789,8466,136,4,5,False,1,car,0 days 00:46:13.248000,0 days 01:44:28.760000
2024-07-07 14:49:26.229,8349,133,4,25,False,1,car,0 days 00:46:13.688000,0 days 01:44:29.200000
2024-07-07 14:49:26.429,8331,132,4,37,False,1,car,0 days 00:46:13.888000,0 days 01:44:29.400000
2024-07-07 14:49:26.669,8376,134,4,39,False,1,car,0 days 00:46:14.128000,0 days 01:44:29.640000
2024-07-07 14:49:26.950,8529,134,4,45,False,1,car,0 days 00:46:14.409000,0 days 01:44:29.921000
2024-07-07 14:49:27.190,8725,138,4,47,False,1,car,0 days 00:46:14.649000,0 days 01:44:30.161000
2024-07-07 14:49:27.510,9023,140,4,57,False,1,car,0 days 00:46:14.969000,0 days 01:44:30.481000
2024-07-07 14:49:27.830,9372,147,4,62,False,1,car,0 days 00:46:15.289000,0 days 01:44:30.801000
2024-07-07 14:49:28.149,9669,154,4,62,True,1,car,0 days 00:46:15.608000,0 days 01:44:31.120000
2024-07-07 14:49:28.349,9109,151,4,0,True,1,car,0 days 00:46:15.808000,0 days 01:44:31.320000
2024-07-07 14:49:28.749,8393,147,4,0,True,1,car,0 days 00:46:16.208000,0 days 01:44:31.720000
2024-07-07 14:49:28.909,7907,130,4,0,True,1,car,0 days 00:46:16.368000,0 days 01:44:31.880000
2024-07-07 14:49:29.069,7830,125,4,0,True,1,car,0 days 00:46:16.528000,0 days 01:44:32.040000
2024-07-07 14:49:29.349,7491,121,4,0,True,1,car,0 days 00:46:16.808000,0 days 01:44:32.320000
2024-07-07 14:49:29.789,8070,111,3,0,True,1,car,0 days 00:46:17.248000,0 days 01:44:32.760000
2024-07-07 14:49:30.069,7753,104,3,0,True,1,car,0 days 00:46:17.528000,0 days 01:44:33.040000
2024-07-07 14:49:30.229,7592,103,3,0,True,1,car,0 days 00:46:17.688000,0 days 01:44:33.200000
2024-07-07 14:49:30.549,7228,99,3,0,True,1,car,0 days 00:46:18.008000,0 days 01:44:33.520000
2024-07-07 14:49:30.709,7155,98,3,0,False,1,car,0 days 00:46:18.168000,0 days 01:44:33.680000
2024-07-07 14:49:30.909,7049,95,3,0,False,1,car,0 days 00:46:18.368000,0 days 01:44:33.880000
2024-07-07 14:49:31.069,6870,93,3,0,False,1,car,0 days 00:46:18.528000,0 days 01:44:34.040000
2024-07-07 14:49:31.349,6963,93,3,22,False,1,car,0 days 00:46:18.808000,0 days 01:44:34.320000
2024-07-07 14:49:31.589,7204,95,3,30,False,1,car,0 days 00:46:19.048000,0 days 01:44:34.560000
2024-07-07 14:49:31.749,7313,96,3,37,False,1,car,0 days 00:46:19.208000,0 days 01:44:34.720000
2024-07-07 14:49:31.909,7524,99,3,39,False,1,car,0 days 00:46:19.368000,0 days 01:44:34.880000
2024-07-07 14:49:32.229,7650,103,3,43,False,1,car,0 days 00:46:19.688000,0 days 01:44:35.200000
2024-07-07 14:49:32.429,8076,106,3,47,False,1,car,0 days 00:46:19.888000,0 days 01:44:35.400000
2024-07-07 14:49:32.669,7068,112,4,49,False,1,car,0 days 00:46:20.128000,0 days 01:44:35.640000
2024-07-07 14:49:32.949,7486,114,4,52,False,1,car,0 days 00:46:20.408000,0 days 01:44:35.920000
2024-07-07 14:49:33.229,8011,121,4,61,False,1,car,0 days 00:46:20.688000,0 days 01:44:36.200000
2024-07-07 14:49:33.430,8383,126,4,65,False,1,car,0 days 00:46:20.889000,0 days 01:44:36.401000
2024-07-07 14:49:33.670,8663,137,4,70,False,1,car,0 days 00:46:21.129000,0 days 01:44:36.641000
2024-07-07 14:49:33.830,9085,140,4,74,False,1,car,0 days 00:46:21.289000,0 days 01:44:36.801000
2024-07-07 14:49:34.030,9293,147,4,77,False,1,car,0 days 00:46:21.489000,0 days 01:44:37.001000
2024-07-07 14:49:34.310,10123,154,4,82,False,1,car,0 days 00:46:21.769000,0 days 01:44:37.281000
2024-07-07 14:49:34.550,10517,164,4,87,False,1,car,0 days 00:46:22.009000,0 days 01:44:37.521000
2024-07-07 14:49:34.909,11529,180,4,100,False,1,car,0 days 00:46:22.368000,0 days 01:44:37.880000
2024-07-07 14:49:35.069,12053,185,4,100,False,1,car,0 days 00:46:22.528000,0 days 01:44:38.040000
2024-07-07 14:49:35.269,10653,195,4,100,False,1,car,0 days 00:46:22.728000,0 days 01:44:38.240000
2024-07-07 14:49:35.549,10877,200,5,100,False,1,car,0 days 00:46:23.008000,0 days 01:44:38.520000
2024-07-07 14:49:36.509,10705,228,5,100,False,1,car,0 days 00:46:23.968000,0 days 01:44:39.480000
2024-07-07 14:49:36.829,10694,235,6,100,False,1,car,0 days 00:46:24.288000,0 days 01:44:39.800000
2024-07-07 14:49:37.069,10893,239,6,100,False,1,car,0 days 00:46:24.528000,0 days 01:44:40.040000
2024-07-07 14:49:37.309,11137,243,6,100,False,1,car,0 days 00:46:24.768000,0 days 01:44:40.280000
2024-07-07 14:49:37.789,11487,251,6,100,False,1,car,0 days 00:46:25.248000,0 days 01:44:40.760000
2024-07-07 14:49:38.109,11687,257,6,100,False,1,car,0 days 00:46:25.568000,0 days 01:44:41.080000
2024-07-07 14:49:38.349,11579,260,6,100,False,1,car,0 days 00:46:25.808000,0 days 01:44:41.320000
2024-07-07 14:49:38.509,10599,262,7,100,False,1,car,0 days 00:46:25.968000,0 days 01:44:41.480000
2024-07-07 14:49:38.749,10532,265,7,100,False,1,car,0 days 00:46:26.208000,0 days 01:44:41.720000
2024-07-07 14:49:38.909,10690,268,7,100,False,1,car,0 days 00:46:26.368000,0 days 01:44:41.880000
2024-07-07 14:49:39.189,10710,269,7,100,False,1,car,0 days 00:46:26.648000,0 days 01:44:42.160000
2024-07-07 14:49:39.469,10813,273,7,100,False,1,car,0 days 00:46:26.928000,0 days 01:44:42.440000
2024-07-07 14:49:39.669,10896,274,7,100,False,1,car,0 days 00:46:27.128000,0 days 01:44:42.640000
2024-07-07 14:49:39.829,10972,276,7,100,False,1,car,0 days 00:46:27.288000,0 days 01:44:42.800000
2024-07-07 14:49:40.070,11032,279,7,100,False,1,car,0 days 00:46:27.529000,0 days 01:44:43.041000
2024-07-07 14:49:40.270,11125,281,7,100,False,1,car,0 days 00:46:27.729000,0 days 01:44:43.241000
2024-07-07 14:49:40.670,11249,283,7,100,False,1,car,0 days 00:46:28.129000,0 days 01:44:43.641000
2024-07-07 14:49:40.910,11304,286,7,100,False,1,car,0 days 00:46:28.369000,0 days 01:44:43.881000
2024-07-07 14:49:41.270,11396,288,7,100,False,1,car,0 days 00:46:28.729000,0 days 01:44:44.241000
2024-07-07 14:49:41.549,11430,288,7,100,False,1,car,0 days 00:46:29.008000,0 days 01:44:44.520000
2024-07-07 14:49:41.949,11464,291,7,100,False,1,car,0 days 00:46:29.408000,0 days 01:44:44.920000
2024-07-07 14:49:42.149,11463,291,7,100,False,1,car,0 days 00:46:29.608000,0 days 01:44:45.120000
2024-07-07 14:49:42.309,11474,292,7,100,False,1,car,0 days 00:46:29.768000,0 days 01:44:45.280000
2024-07-07 14:49:42.629,11421,291,7,100,False,1,car,0 days 00:46:30.088000,0 days 01:44:45.600000
2024-07-07 14:49:42.909,11420,288,7,100,False,1,car,0 days 00:46:30.368000,0 days 01:44:45.880000
2024-07-07 14:49:43.189,11351,287,7,100,False,1,car,0 days 00:46:30.648000,0 days 01:44:46.160000
2024-07-07 14:49:43.509,11298,287,7,100,False,1,car,0 days 00:46:30.968000,0 days 01:44:46.480000
2024-07-07 14:49:43.989,11235,278,7,0,True,1,car,0 days 00:46:31.448000,0 days 01:44:46.960000
2024-07-07 14:49:44.149,10497,272,7,0,True,1,car,0 days 00:46:31.608000,0 days 01:44:47.120000
2024-07-07 14:49:44.589,11290,253,6,0,True,1,car,0 days 00:46:32.048000,0 days 01:44:47.560000
2024-07-07 14:49:44.949,10773,246,6,51,False,1,car,0 days 00:46:32.408000,0 days 01:44:47.920000
2024-07-07 14:49:45.189,10878,241,6,62,False,1,car,0 days 00:46:32.648000,0 days 01:44:48.160000
2024-07-07 14:49:45.589,10931,240,6,79,False,1,car,0 days 00:46:33.048000,0 days 01:44:48.560000
2024-07-07 14:49:45.909,10992,241,6,77,False,1,car,0 days 00:46:33.368000,0 days 01:44:48.880000
2024-07-07 14:49:46.229,11119,243,6,91,False,1,car,0 days 00:46:33.688000,0 days 01:44:49.200000
2024-07-07 14:49:46.389,11176,245,6,93,False,1,car,0 days 00:46:33.848000,0 days 01:44:49.360000
2024-07-07 14:49:46.630,11356,248,6,100,False,1,car,0 days 00:46:34.089000,0 days 01:44:49.601000
2024-07-07 14:49:46.830,11394,249,6,100,False,1,car,0 days 00:46:34.289000,0 days 01:44:49.801000
2024-07-07 14:49:47.030,11580,252,6,100,False,1,car,0 days 00:46:34.489000,0 days 01:44:50.001000
2024-07-07 14:49:47.270,11634,256,6,100,False,1,car,0 days 00:46:34.729000,0 days 01:44:50.241000
2024-07-07 14:49:47.470,11754,257,6,100,False,1,car,0 days 00:46:34.929000,0 days 01:44:50.441000
2024-07-07 14:49:47.750,10621,260,6,100,False,1,car,0 days 00:46:35.209000,0 days 01:44:50.721000
2024-07-07 14:49:47.990,10542,266,7,100,False,1,car,0 days 00:46:35.449000,0 days 01:44:50.961000
2024-07-07 14:49:48.309,10676,268,7,100,False,1,car,0 days 00:46:35.768000,0 days 01:44:51.280000
2024-07-07 14:49:48.709,10846,272,7,100,False,1,car,0 days 00:46:36.168000,0 days 01:44:51.680000
2024-07-07 14:49:48.869,10890,274,7,100,False,1,car,0 days 00:46:36.328000,0 days 01:44:51.840000
2024-07-07 14:49:49.269,11049,278,7,100,False,1,car,0 days 00:46:36.728000,0 days 01:44:52.240000
2024-07-07 14:49:49.669,11165,281,7,100,False,1,car,0 days 00:46:37.128000,0 days 01:44:52.640000
2024-07-07 14:49:50.029,11276,284,7,100,False,1,car,0 days 00:46:37.488000,0 days 01:44:53
2024-07-07 14:49:50.269,11335,286,7,100,False,1,car,0 days 00:46:37.728000,0 days 01:44:53.240000
2024-07-07 14:49:50.429,11383,286,7,100,False,1,car,0 days 00:46:37.888000,0 days 01:44:53.400000
2024-07-07 14:49:50.709,11444,288,7,100,False,1,car,0 days 00:46:38.168000,0 days 01:44:53.680000
2024-07-07 14:49:50.949,11498,290,7,100,False,1,car,0 days 00:46:38.408000,0 days 01:44:53.920000
2024-07-07 14:49:51.149,11529,291,7,100,False,1,car,0 days 00:46:38.608000,0 days 01:44:54.120000
2024-07-07 14:49:51.389,11596,291,7,100,False,1,car,0 days 00:46:38.848000,0 days 01:44:54.360000
2024-07-07 14:49:51.669,11612,294,7,100,False,1,car,0 days 00:46:39.128000,0 days 01:44:54.640000
2024-07-07 14:49:51.909,11672,293,7,100,False,1,car,0 days 00:46:39.368000,0 days 01:44:54.880000
2024-07-07 14:49:52.189,11694,294,7,100,False,1,car,0 days 00:46:39.648000,0 days 01:44:55.160000
2024-07-07 14:49:52.589,11712,295,7,100,False,1,car,0 days 00:46:40.048000,0 days 01:44:55.560000
2024-07-07 14:49:52.989,11559,293,7,4,True,1,car,0 days 00:46:40.448000,0 days 01:44:55.960000
2024-07-07 14:49:53.230,10692,273,7,0,True,1,car,0 days 00:46:40.689000,0 days 01:44:56.201000
2024-07-07 14:49:53.390,10366,265,7,0,True,1,car,0 days 00:46:40.849000,0 days 01:44:56.361000
2024-07-07 14:49:53.590,10015,256,7,0,True,1,car,0 days 00:46:41.049000,0 days 01:44:56.561000
2024-07-07 14:49:53.870,10485,246,7,0,False,1,car,0 days 00:46:41.329000,0 days 01:44:56.841000
2024-07-07 14:49:54.110,10827,241,6,14,False,1,car,0 days 00:46:41.569000,0 days 01:44:57.081000
2024-07-07 14:49:54.470,10634,236,6,62,False,1,car,0 days 00:46:41.929000,0 days 01:44:57.441000
2024-07-07 14:49:54.630,10737,236,6,72,False,1,car,0 days 00:46:42.089000,0 days 01:44:57.601000
2024-07-07 14:49:54.870,10758,237,6,77,False,1,car,0 days 00:46:42.329000,0 days 01:44:57.841000
2024-07-07 14:49:55.029,10800,237,6,78,False,1,car,0 days 00:46:42.488000,0 days 01:44:58
2024-07-07 14:49:55.349,10658,239,6,0,True,1,car,0 days 00:46:42.808000,0 days 01:44:58.320000
2024-07-07 14:49:55.549,10396,233,6,0,True,1,car,0 days 00:46:43.008000,0 days 01:44:58.520000
2024-07-07 14:49:55.709,10116,224,6,0,True,1,car,0 days 00:46:43.168000,0 days 01:44:58.680000
2024-07-07 14:49:55.989,9661,216,6,0,True,1,car,0 days 00:46:43.448000,0 days 01:44:58.960000
2024-07-07 14:49:56.309,9381,209,6,0,False,1,car,0 days 00:46:43.768000,0 days 01:44:59.280000
2024-07-07 14:49:56.469,9161,204,6,10,False,1,car,0 days 00:46:43.928000,0 days 01:44:59.440000
2024-07-07 14:49:56.749,9099,201,6,39,False,1,car,0 days 00:46:44.208000,0 days 01:44:59.720000
2024-07-07 14:49:57.029,9064,201,6,53,False,1,car,0 days 00:46:44.488000,0 days 01:45:00
2024-07-07 14:49:57.429,9085,198,6,53,True,1,car,0 days 00:46:44.888000,0 days 01:45:00.400000
2024-07-07 14:49:57.709,9450,185,6,0,True,1,car,0 days 00:46:45.168000,0 days 01:45:00.680000
2024-07-07 14:49:57.909,9086,178,5,0,True,1,car,0 days 00:46:45.368000,0 days 01:45:00.880000
2024-07-07 14:49:58.149,10346,173,4,0,True,1,car,0 days 00:46:45.608000,0 days 01:45:01.120000
2024-07-07 14:49:58.349,10271,167,4,0,False,1,car,0 days 00:46:45.808000,0 days 01:45:01.320000
2024-07-07 14:49:58.549,9991,164,4,0,False,1,car,0 days 00:46:46.008000,0 days 01:45:01.520000
2024-07-07 14:49:58.869,9751,157,4,0,False,1,car,0 days 00:46:46.328000,0 days 01:45:01.840000
2024-07-07 14:49:59.269,9445,151,4,20,False,1,car,0 days 00:46:46.728000,0 days 01:45:02.240000
2024-07-07 14:49:59.469,9672,151,4,52,False,1,car,0 days 00:46:46.928000,0 days 01:45:02.440000
2024-07-07 14:49:59.870,9879,155,4,60,False,1,car,0 days 00:46:47.329000,0 days 01:45:02.841000
2024-07-07 14:50:00.110,10204,159,4,67,False,1,car,0 days 00:46:47.569000,0 days 01:45:03.081000
2024-07-07 14:50:00.430,10614,166,4,76,False,1,car,0 days 00:46:47.889000,0 days 01:45:03.401000
2024-07-07 14:50:00.590,10956,171,4,83,False,1,car,0 days 00:46:48.049000,0 days 01:45:03.561000
2024-07-07 14:50:00.870,11403,180,4,90,False,1,car,0 days 00:46:48.329000,0 days 01:45:03.841000
2024-07-07 14:50:01.030,11731,182,4,100,False,1,car,0 days 00:46:48.489000,0 days 01:45:04.001000
2024-07-07 14:50:01.350,10677,193,4,100,False,1,car,0 days 00:46:48.809000,0 days 01:45:04.321000
2024-07-07 14:50:01.749,10954,206,5,100,False,1,car,0 days 00:46:49.208000,0 days 01:45:04.720000
2024-07-07 14:50:02.029,11423,216,5,100,False,1,car,0 days 00:46:49.488000,0 days 01:45:05
2024-07-07 14:50:02.229,11655,220,5,100,False,1,car,0 days 00:46:49.688000,0 days 01:45:05.200000
2024-07-07 14:50:02.549,10516,226,5,100,False,1,car,0 days 00:46:50.008000,0 days 01:45:05.520000
2024-07-07 14:50:02.789,10617,232,6,100,False,1,car,0 days 00:46:50.248000,0 days 01:45:05.760000
2024-07-07 14:50:03.109,10855,238,6,100,False,1,car,0 days 00:46:50.568000,0 days 01:45:06.080000
2024-07-07 14:50:03.389,11129,243,6,100,False,1,car,0 days 00:46:50.848000,0 days 01:45:06.360000
2024-07-07 14:50:03.749,11354,249,6,100,False,1,car,0 days 00:46:51.208000,0 days 01:45:06.720000
2024-07-07 14:50:04.029,11512,254,6,100,False,1,car,0 days 00:46:51.488000,0 days 01:45:07
2024-07-07 14:50:04.189,11662,258,6,100,False,1,car,0 days 00:46:51.648000,0 days 01:45:07.160000
2024-07-07 14:50:04.429,11763,260,6,100,False,1,car,0 days 00:46:51.888000,0 days 01:45:07.400000
2024-07-07 14:50:04.829,10415,266,7,100,False,1,car,0 days 00:46:52.288000,0 days 01:45:07.800000
2024-07-07 14:50:05.109,10680,268,7,100,False,1,car,0 days 00:46:52.568000,0 days 01:45:08.080000
2024-07-07 14:50:05.429,10728,271,7,100,False,1,car,0 days 00:46:52.888000,0 days 01:45:08.400000
2024-07-07 14:50:05.789,10931,276,7,100,False,1,car,0 days 00:46:53.248000,0 days 01:45:08.760000
2024-07-07 14:50:06.069,11017,278,7,100,False,1,car,0 days 00:46:53.528000,0 days 01:45:09.040000
2024-07-07 14:50:06.350,11113,279,7,100,False,1,car,0 days 00:46:53.809000,0 days 01:45:09.321000
2024-07-07 14:50:06.510,11178,281,7,100,False,1,car,0 days 00:46:53.969000,0 days 01:45:09.481000
2024-07-07 14:50:06.870,11219,284,7,100,False,1,car,0 days 00:46:54.329000,0 days 01:45:09.841000
2024-07-07 14:50:07.110,11316,285,7,100,False,1,car,0 days 00:46:54.569000,0 days 01:45:10.081000
2024-07-07 14:50:07.470,11395,288,7,100,False,1,car,0 days 00:46:54.929000,0 days 01:45:10.441000
2024-07-07 14:50:07.830,11459,289,7,100,False,1,car,0 days 00:46:55.289000,0 days 01:45:10.801000
2024-07-07 14:50:08.070,11516,291,7,100,False,1,car,0 days 00:46:55.529000,0 days 01:45:11.041000
2024-07-07 14:50:08.549,11584,292,7,100,False,1,car,0 days 00:46:56.008000,0 days 01:45:11.520000
2024-07-07 14:50:08.829,11624,293,7,100,False,1,car,0 days 00:46:56.288000,0 days 01:45:11.800000
2024-07-07 14:50:09.069,11618,294,7,100,False,1,car,0 days 00:46:56.528000,0 days 01:45:12.040000
2024-07-07 14:50:09.309,11583,294,7,100,False,1,car,0 days 00:46:56.768000,0 days 01:45:12.280000
2024-07-07 14:50:09.509,11622,293,7,100,False,1,car,0 days 00:46:56.968000,0 days 01:45:12.480000
2024-07-07 14:50:09.709,11540,292,7,100,False,1,car,0 days 00:46:57.168000,0 days 01:45:12.680000
2024-07-07 14:50:10.029,11502,292,7,100,False,1,car,0 days 00:46:57.488000,0 days 01:45:13
2024-07-07 14:50:10.269,11445,289,7,100,False,1,car,0 days 00:46:57.728000,0 days 01:45:13.240000
2024-07-07 14:50:10.509,11389,288,7,100,False,1,car,0 days 00:46:57.968000,0 days 01:45:13.480000
2024-07-07 14:50:10.989,11265,286,7,100,False,1,car,0 days 00:46:58.448000,0 days 01:45:13.960000
2024-07-07 14:50:11.269,11221,283,7,100,False,1,car,0 days 00:46:58.728000,0 days 01:45:14.240000
2024-07-07 14:50:11.509,11160,282,7,100,False,1,car,0 days 00:46:58.968000,0 days 01:45:14.480000
2024-07-07 14:50:11.909,9974,258,7,0,True,1,car,0 days 00:46:59.368000,0 days 01:45:14.880000
2024-07-07 14:50:12.149,9355,240,7,0,True,1,car,0 days 00:46:59.608000,0 days 01:45:15.120000
2024-07-07 14:50:12.549,9384,211,6,0,True,1,car,0 days 00:47:00.008000,0 days 01:45:15.520000
2024-07-07 14:50:12.750,10393,204,6,0,True,1,car,0 days 00:47:00.209000,0 days 01:45:15.721000
2024-07-07 14:50:13.070,9947,191,5,0,True,1,car,0 days 00:47:00.529000,0 days 01:45:16.041000
2024-07-07 14:50:13.270,9692,184,5,0,True,1,car,0 days 00:47:00.729000,0 days 01:45:16.241000
2024-07-07 14:50:13.630,9277,178,5,1,False,1,car,0 days 00:47:01.089000,0 days 01:45:16.601000
2024-07-07 14:50:13.830,9131,175,5,15,False,1,car,0 days 00:47:01.289000,0 days 01:45:16.801000
2024-07-07 14:50:14.150,8930,170,5,27,False,1,car,0 days 00:47:01.609000,0 days 01:45:17.121000
2024-07-07 14:50:14.390,8776,167,5,27,False,1,car,0 days 00:47:01.849000,0 days 01:45:17.361000
2024-07-07 14:50:14.710,8700,165,5,42,False,1,car,0 days 00:47:02.169000,0 days 01:45:17.681000
2024-07-07 14:50:15.030,8866,165,5,59,False,1,car,0 days 00:47:02.489000,0 days 01:45:18.001000
2024-07-07 14:50:15.349,8999,168,5,69,False,1,car,0 days 00:47:02.808000,0 days 01:45:18.320000
2024-07-07 14:50:15.629,9325,173,5,71,False,1,car,0 days 00:47:03.088000,0 days 01:45:18.600000
2024-07-07 14:50:15.909,9627,179,5,78,False,1,car,0 days 00:47:03.368000,0 days 01:45:18.880000
2024-07-07 14:50:16.309,10226,190,5,100,False,1,car,0 days 00:47:03.768000,0 days 01:45:19.280000
2024-07-07 14:50:16.549,10494,193,5,100,False,1,car,0 days 00:47:04.008000,0 days 01:45:19.520000
2024-07-07 14:50:16.909,11054,207,5,100,False,1,car,0 days 00:47:04.368000,0 days 01:45:19.880000
2024-07-07 14:50:17.109,11207,207,5,100,False,1,car,0 days 00:47:04.568000,0 days 01:45:20.080000
2024-07-07 14:50:17.469,11732,223,5,100,False,1,car,0 days 00:47:04.928000,0 days 01:45:20.440000
2024-07-07 14:50:17.709,10633,228,5,100,False,1,car,0 days 00:47:05.168000,0 days 01:45:20.680000
2024-07-07 14:50:17.909,10610,230,6,100,False,1,car,0 days 00:47:05.368000,0 days 01:45:20.880000
2024-07-07 14:50:18.069,10645,236,6,100,False,1,car,0 days 00:47:05.528000,0 days 01:45:21.040000
2024-07-07 14:50:18.269,10788,241,6,100,False,1,car,0 days 00:47:05.728000,0 days 01:45:21.240000
2024-07-07 14:50:18.429,10887,240,6,100,False,1,car,0 days 00:47:05.888000,0 days 01:45:21.400000
2024-07-07 14:50:18.709,11043,244,6,100,False,1,car,0 days 00:47:06.168000,0 days 01:45:21.680000
2024-07-07 14:50:18.869,11074,246,6,100,False,1,car,0 days 00:47:06.328000,0 days 01:45:21.840000
2024-07-07 14:50:19.149,11124,246,6,100,False,1,car,0 days 00:47:06.608000,0 days 01:45:22.120000
2024-07-07 14:50:19.550,11208,248,6,100,False,1,car,0 days 00:47:07.009000,0 days 01:45:22.521000
2024-07-07 14:50:19.830,11207,248,6,100,False,1,car,0 days 00:47:07.289000,0 days 01:45:22.801000
2024-07-07 14:50:20.190,10745,241,6,0,True,1,car,0 days 00:47:07.649000,0 days 01:45:23.161000
2024-07-07 14:50:20.350,10867,231,6,0,True,1,car,0 days 00:47:07.809000,0 days 01:45:23.321000
2024-07-07 14:50:20.670,9253,194,6,0,True,1,car,0 days 00:47:08.129000,0 days 01:45:23.641000
2024-07-07 14:50:21.030,8795,172,5,0,True,1,car,0 days 00:47:08.489000,0 days 01:45:24.001000
2024-07-07 14:50:21.230,9553,158,4,0,True,1,car,0 days 00:47:08.689000,0 days 01:45:24.201000
2024-07-07 14:50:21.590,9593,135,4,0,True,1,car,0 days 00:47:09.049000,0 days 01:45:24.561000
2024-07-07 14:50:21.909,8658,121,3,0,True,1,car,0 days 00:47:09.368000,0 days 01:45:24.880000
2024-07-07 14:50:22.189,8006,112,3,0,True,1,car,0 days 00:47:09.648000,0 days 01:45:25.160000
2024-07-07 14:50:22.509,7504,104,3,0,True,1,car,0 days 00:47:09.968000,0 days 01:45:25.480000
2024-07-07 14:50:22.749,7170,100,3,0,True,1,car,0 days 00:47:10.208000,0 days 01:45:25.720000
2024-07-07 14:50:22.909,6970,98,3,0,True,1,car,0 days 00:47:10.368000,0 days 01:45:25.880000
2024-07-07 14:50:23.149,6720,93,3,0,True,1,car,0 days 00:47:10.608000,0 days 01:45:26.120000
2024-07-07 14:50:23.389,6581,90,3,0,False,1,car,0 days 00:47:10.848000,0 days 01:45:26.360000
2024-07-07 14:50:23.709,6483,89,3,1,False,1,car,0 days 00:47:11.168000,0 days 01:45:26.680000
2024-07-07 14:50:23.989,6699,86,3,15,False,1,car,0 days 00:47:11.448000,0 days 01:45:26.960000
2024-07-07 14:50:24.149,6379,86,3,32,False,1,car,0 days 00:47:11.608000,0 days 01:45:27.120000
2024-07-07 14:50:24.309,7109,91,3,42,False,1,car,0 days 00:47:11.768000,0 days 01:45:27.280000
2024-07-07 14:50:24.509,7285,95,3,43,False,1,car,0 days 00:47:11.968000,0 days 01:45:27.480000
2024-07-07 14:50:24.749,7620,99,3,46,False,1,car,0 days 00:47:12.208000,0 days 01:45:27.720000
2024-07-07 14:50:24.909,7678,104,3,46,False,1,car,0 days 00:47:12.368000,0 days 01:45:27.880000
2024-07-07 14:50:25.189,7601,104,3,0,False,1,car,0 days 00:47:12.648000,0 days 01:45:28.160000
2024-07-07 14:50:25.349,7463,103,3,0,True,1,car,0 days 00:47:12.808000,0 days 01:45:28.320000
2024-07-07 14:50:25.709,7245,97,3,0,False,1,car,0 days 00:47:13.168000,0 days 01:45:28.680000
2024-07-07 14:50:25.950,7238,97,3,24,False,1,car,0 days 00:47:13.409000,0 days 01:45:28.921000
2024-07-07 14:50:26.190,7554,98,3,30,False,1,car,0 days 00:47:13.649000,0 days 01:45:29.161000
2024-07-07 14:50:26.430,7635,100,3,37,False,1,car,0 days 00:47:13.889000,0 days 01:45:29.401000
2024-07-07 14:50:26.590,7846,103,3,39,False,1,car,0 days 00:47:14.049000,0 days 01:45:29.561000
2024-07-07 14:50:26.790,8054,106,3,42,False,1,car,0 days 00:47:14.249000,0 days 01:45:29.761000
2024-07-07 14:50:27.190,8631,113,3,51,False,1,car,0 days 00:47:14.649000,0 days 01:45:30.161000
2024-07-07 14:50:27.430,8967,117,3,57,False,1,car,0 days 00:47:14.889000,0 days 01:45:30.401000
2024-07-07 14:50:27.790,9766,127,3,62,False,1,car,0 days 00:47:15.249000,0 days 01:45:30.761000
2024-07-07 14:50:28.150,8704,135,4,65,False,1,car,0 days 00:47:15.609000,0 days 01:45:31.121000
2024-07-07 14:50:28.430,9225,144,4,77,False,1,car,0 days 00:47:15.889000,0 days 01:45:31.401000
2024-07-07 14:50:28.709,9910,155,4,80,False,1,car,0 days 00:47:16.168000,0 days 01:45:31.680000
2024-07-07 14:50:28.949,10372,160,4,83,False,1,car,0 days 00:47:16.408000,0 days 01:45:31.920000
2024-07-07 14:50:29.349,11000,173,4,76,False,1,car,0 days 00:47:16.808000,0 days 01:45:32.320000
2024-07-07 14:50:29.549,10546,177,4,76,False,1,car,0 days 00:47:17.008000,0 days 01:45:32.520000
2024-07-07 14:50:29.829,9854,183,5,81,False,1,car,0 days 00:47:17.288000,0 days 01:45:32.800000
2024-07-07 14:50:30.029,10120,188,5,86,False,1,car,0 days 00:47:17.488000,0 days 01:45:33
2024-07-07 14:50:30.229,10405,193,5,93,False,1,car,0 days 00:47:17.688000,0 days 01:45:33.200000
2024-07-07 14:50:30.469,10698,202,5,100,False,1,car,0 days 00:47:17.928000,0 days 01:45:33.440000
2024-07-07 14:50:30.709,11128,208,5,88,False,1,car,0 days 00:47:18.168000,0 days 01:45:33.680000
2024-07-07 14:50:30.949,11389,211,5,100,False,1,car,0 days 00:47:18.408000,0 days 01:45:33.920000
2024-07-07 14:50:31.149,11479,217,5,100,False,1,car,0 days 00:47:18.608000,0 days 01:45:34.120000
2024-07-07 14:50:31.429,11876,224,5,100,False,1,car,0 days 00:47:18.888000,0 days 01:45:34.400000
2024-07-07 14:50:31.829,10645,233,6,100,False,1,car,0 days 00:47:19.288000,0 days 01:45:34.800000
2024-07-07 14:50:32.109,11043,239,6,100,False,1,car,0 days 00:47:19.568000,0 days 01:45:35.080000
2024-07-07 14:50:32.269,10978,242,6,100,False,1,car,0 days 00:47:19.728000,0 days 01:45:35.240000
2024-07-07 14:50:32.670,11191,250,6,100,False,1,car,0 days 00:47:20.129000,0 days 01:45:35.641000
2024-07-07 14:50:32.950,11502,251,6,100,False,1,car,0 days 00:47:20.409000,0 days 01:45:35.921000
2024-07-07 14:50:33.110,11637,257,6,100,False,1,car,0 days 00:47:20.569000,0 days 01:45:36.081000
2024-07-07 14:50:33.310,11671,259,6,100,False,1,car,0 days 00:47:20.769000,0 days 01:45:36.281000
2024-07-07 14:50:33.590,10411,263,6,100,False,1,car,0 days 00:47:21.049000,0 days 01:45:36.561000
2024-07-07 14:50:33.790,10587,266,7,100,False,1,car,0 days 00:47:21.249000,0 days 01:45:36.761000
2024-07-07 14:50:34.110,10720,270,7,100,False,1,car,0 days 00:47:21.569000,0 days 01:45:37.081000
2024-07-07 14:50:34.350,10797,272,7,100,False,1,car,0 days 00:47:21.809000,0 days 01:45:37.321000
2024-07-07 14:50:34.550,10890,274,7,100,False,1,car,0 days 00:47:22.009000,0 days 01:45:37.521000
2024-07-07 14:50:34.790,11013,278,7,100,False,1,car,0 days 00:47:22.249000,0 days 01:45:37.761000
2024-07-07 14:50:35.070,11097,280,7,100,False,1,car,0 days 00:47:22.529000,0 days 01:45:38.041000
2024-07-07 14:50:35.469,11211,283,7,100,False,1,car,0 days 00:47:22.928000,0 days 01:45:38.440000
2024-07-07 14:50:35.909,11370,287,7,100,False,1,car,0 days 00:47:23.368000,0 days 01:45:38.880000
2024-07-07 14:50:36.389,11325,290,7,100,True,1,car,0 days 00:47:23.848000,0 days 01:45:39.360000
2024-07-07 14:50:36.589,10782,275,7,5,True,1,car,0 days 00:47:24.048000,0 days 01:45:39.560000
2024-07-07 14:50:36.989,10794,251,7,0,True,1,car,0 days 00:47:24.448000,0 days 01:45:39.960000
2024-07-07 14:50:37.149,11010,247,6,0,True,1,car,0 days 00:47:24.608000,0 days 01:45:40.120000
2024-07-07 14:50:37.389,10803,241,6,21,False,1,car,0 days 00:47:24.848000,0 days 01:45:40.360000
2024-07-07 14:50:37.669,10689,236,6,53,False,1,car,0 days 00:47:25.128000,0 days 01:45:40.640000
2024-07-07 14:50:37.869,10647,234,6,63,False,1,car,0 days 00:47:25.328000,0 days 01:45:40.840000
2024-07-07 14:50:38.229,10771,236,6,92,False,1,car,0 days 00:47:25.688000,0 days 01:45:41.200000
2024-07-07 14:50:38.509,11006,240,6,100,False,1,car,0 days 00:47:25.968000,0 days 01:45:41.480000
2024-07-07 14:50:38.749,11126,243,6,100,False,1,car,0 days 00:47:26.208000,0 days 01:45:41.720000
2024-07-07 14:50:38.949,11240,246,6,100,False,1,car,0 days 00:47:26.408000,0 days 01:45:41.920000
2024-07-07 14:50:39.110,11365,250,6,100,False,1,car,0 days 00:47:26.569000,0 days 01:45:42.081000
2024-07-07 14:50:39.390,11575,254,6,100,False,1,car,0 days 00:47:26.849000,0 days 01:45:42.361000
2024-07-07 14:50:39.550,11575,254,6,100,False,1,car,0 days 00:47:27.009000,0 days 01:45:42.521000
2024-07-07 14:50:39.870,11794,261,6,100,False,1,car,0 days 00:47:27.329000,0 days 01:45:42.841000
2024-07-07 14:50:40.190,10635,265,7,100,False,1,car,0 days 00:47:27.649000,0 days 01:45:43.161000
2024-07-07 14:50:40.550,10681,269,7,100,False,1,car,0 days 00:47:28.009000,0 days 01:45:43.521000
2024-07-07 14:50:40.790,10769,271,7,100,False,1,car,0 days 00:47:28.249000,0 days 01:45:43.761000
2024-07-07 14:50:40.950,10810,271,7,100,False,1,car,0 days 00:47:28.409000,0 days 01:45:43.921000
2024-07-07 14:50:41.150,10857,272,7,100,False,1,car,0 days 00:47:28.609000,0 days 01:45:44.121000
2024-07-07 14:50:41.430,10837,272,7,100,False,1,car,0 days 00:47:28.889000,0 days 01:45:44.401000
2024-07-07 14:50:41.710,10790,270,7,100,False,1,car,0 days 00:47:29.169000,0 days 01:45:44.681000
2024-07-07 14:50:42.069,10688,270,7,100,False,1,car,0 days 00:47:29.528000,0 days 01:45:45.040000
2024-07-07 14:50:42.229,10683,269,7,100,False,1,car,0 days 00:47:29.688000,0 days 01:45:45.200000
2024-07-07 14:50:42.549,10145,263,7,0,True,1,car,0 days 00:47:30.008000,0 days 01:45:45.520000
2024-07-07 14:50:42.949,8736,224,7,0,True,1,car,0 days 00:47:30.408000,0 days 01:45:45.920000
2024-07-07 14:50:43.189,9062,198,7,0,True,1,car,0 days 00:47:30.648000,0 days 01:45:46.160000
2024-07-07 14:50:43.389,9338,183,6,0,True,1,car,0 days 00:47:30.848000,0 days 01:45:46.360000
2024-07-07 14:50:43.629,9213,170,5,0,True,1,car,0 days 00:47:31.088000,0 days 01:45:46.600000
2024-07-07 14:50:43.949,9169,152,4,0,True,1,car,0 days 00:47:31.408000,0 days 01:45:46.920000
2024-07-07 14:50:44.189,8468,136,4,0,True,1,car,0 days 00:47:31.648000,0 days 01:45:47.160000
2024-07-07 14:50:44.589,8881,121,3,0,True,1,car,0 days 00:47:32.048000,0 days 01:45:47.560000
2024-07-07 14:50:44.869,8224,112,3,0,True,1,car,0 days 00:47:32.328000,0 days 01:45:47.840000
2024-07-07 14:50:45.069,7934,108,3,0,True,1,car,0 days 00:47:32.528000,0 days 01:45:48.040000
2024-07-07 14:50:45.229,7678,106,3,0,True,1,car,0 days 00:47:32.688000,0 days 01:45:48.200000
2024-07-07 14:50:45.469,7450,101,3,0,True,1,car,0 days 00:47:32.928000,0 days 01:45:48.440000
2024-07-07 14:50:45.670,7450,97,3,0,True,1,car,0 days 00:47:33.129000,0 days 01:45:48.641000
2024-07-07 14:50:46.030,6914,94,3,0,False,1,car,0 days 00:47:33.489000,0 days 01:45:49.001000
2024-07-07 14:50:46.270,6839,91,3,0,False,1,car,0 days 00:47:33.729000,0 days 01:45:49.241000
2024-07-07 14:50:46.510,6718,90,3,8,False,1,car,0 days 00:47:33.969000,0 days 01:45:49.481000
2024-07-07 14:50:46.670,6928,91,3,25,False,1,car,0 days 00:47:34.129000,0 days 01:45:49.641000
2024-07-07 14:50:46.910,7169,93,3,32,False,1,car,0 days 00:47:34.369000,0 days 01:45:49.881000
2024-07-07 14:50:47.070,7262,95,3,36,False,1,car,0 days 00:47:34.529000,0 days 01:45:50.041000
2024-07-07 14:50:47.270,7430,97,3,39,False,1,car,0 days 00:47:34.729000,0 days 01:45:50.241000
2024-07-07 14:50:47.430,7542,99,3,42,False,1,car,0 days 00:47:34.889000,0 days 01:45:50.401000
2024-07-07 14:50:47.670,7985,104,3,48,False,1,car,0 days 00:47:35.129000,0 days 01:45:50.641000
2024-07-07 14:50:47.950,8435,109,3,53,False,1,car,0 days 00:47:35.409000,0 days 01:45:50.921000
2024-07-07 14:50:48.110,8769,113,3,55,False,1,car,0 days 00:47:35.569000,0 days 01:45:51.081000
2024-07-07 14:50:48.310,8932,119,3,60,False,1,car,0 days 00:47:35.769000,0 days 01:45:51.281000
2024-07-07 14:50:48.510,9612,125,3,64,False,1,car,0 days 00:47:35.969000,0 days 01:45:51.481000
2024-07-07 14:50:48.749,9659,131,3,31,True,1,car,0 days 00:47:36.208000,0 days 01:45:51.720000
2024-07-07 14:50:48.989,8798,120,3,0,True,1,car,0 days 00:47:36.448000,0 days 01:45:51.960000
2024-07-07 14:50:49.309,7989,110,3,0,True,1,car,0 days 00:47:36.768000,0 days 01:45:52.280000
2024-07-07 14:50:49.789,8256,96,2,0,True,1,car,0 days 00:47:37.248000,0 days 01:45:52.760000
2024-07-07 14:50:50.189,7629,89,2,0,True,1,car,0 days 00:47:37.648000,0 days 01:45:53.160000
2024-07-07 14:50:50.349,7431,86,2,0,True,1,car,0 days 00:47:37.808000,0 days 01:45:53.320000
2024-07-07 14:50:50.629,7023,83,2,0,True,1,car,0 days 00:47:38.088000,0 days 01:45:53.600000
2024-07-07 14:50:50.909,6833,78,2,0,False,1,car,0 days 00:47:38.368000,0 days 01:45:53.880000
2024-07-07 14:50:51.189,6462,75,2,0,False,1,car,0 days 00:47:38.648000,0 days 01:45:54.160000
2024-07-07 14:50:51.389,6666,74,2,3,False,1,car,0 days 00:47:38.848000,0 days 01:45:54.360000
2024-07-07 14:50:51.789,7058,78,2,25,False,1,car,0 days 00:47:39.248000,0 days 01:45:54.760000
2024-07-07 14:50:51.989,7327,80,2,29,False,1,car,0 days 00:47:39.448000,0 days 01:45:54.960000
2024-07-07 14:50:52.230,7575,83,2,36,False,1,car,0 days 00:47:39.689000,0 days 01:45:55.201000
2024-07-07 14:50:52.390,7549,86,2,39,False,1,car,0 days 00:47:39.849000,0 days 01:45:55.361000
2024-07-07 14:50:52.550,6911,88,2,39,False,1,car,0 days 00:47:40.009000,0 days 01:45:55.521000
2024-07-07 14:50:52.750,6941,92,3,41,False,1,car,0 days 00:47:40.209000,0 days 01:45:55.721000
2024-07-07 14:50:53.030,7667,99,3,51,False,1,car,0 days 00:47:40.489000,0 days 01:45:56.001000
2024-07-07 14:50:53.230,7922,104,3,54,False,1,car,0 days 00:47:40.689000,0 days 01:45:56.201000
2024-07-07 14:50:53.390,8504,110,3,59,False,1,car,0 days 00:47:40.849000,0 days 01:45:56.361000
2024-07-07 14:50:53.750,9339,120,3,70,False,1,car,0 days 00:47:41.209000,0 days 01:45:56.721000
2024-07-07 14:50:53.910,9977,127,3,73,False,1,car,0 days 00:47:41.369000,0 days 01:45:56.881000
2024-07-07 14:50:54.110,10835,135,3,79,False,1,car,0 days 00:47:41.569000,0 days 01:45:57.081000
2024-07-07 14:50:54.270,10569,140,3,61,False,1,car,0 days 00:47:41.729000,0 days 01:45:57.241000
2024-07-07 14:50:54.430,9680,144,3,80,False,1,car,0 days 00:47:41.889000,0 days 01:45:57.401000
2024-07-07 14:50:54.710,10267,152,4,93,False,1,car,0 days 00:47:42.169000,0 days 01:45:57.681000
2024-07-07 14:50:54.910,10661,165,4,100,False,1,car,0 days 00:47:42.369000,0 days 01:45:57.881000
2024-07-07 14:50:55.350,10613,182,4,100,False,1,car,0 days 00:47:42.809000,0 days 01:45:58.321000
2024-07-07 14:50:55.549,10123,188,5,100,False,1,car,0 days 00:47:43.008000,0 days 01:45:58.520000
2024-07-07 14:50:55.909,10795,202,5,100,False,1,car,0 days 00:47:43.368000,0 days 01:45:58.880000
2024-07-07 14:50:56.229,11248,209,5,100,False,1,car,0 days 00:47:43.688000,0 days 01:45:59.200000
2024-07-07 14:50:56.429,11469,214,5,100,False,1,car,0 days 00:47:43.888000,0 days 01:45:59.400000
2024-07-07 14:50:56.629,11669,218,5,100,False,1,car,0 days 00:47:44.088000,0 days 01:45:59.600000
2024-07-07 14:50:56.829,11320,222,5,100,False,1,car,0 days 00:47:44.288000,0 days 01:45:59.800000
2024-07-07 14:50:57.109,10484,228,6,100,False,1,car,0 days 00:47:44.568000,0 days 01:46:00.080000
2024-07-07 14:50:57.349,10615,234,6,100,False,1,car,0 days 00:47:44.808000,0 days 01:46:00.320000
2024-07-07 14:50:57.509,10748,236,6,100,False,1,car,0 days 00:47:44.968000,0 days 01:46:00.480000
2024-07-07 14:50:57.869,11011,243,6,100,False,1,car,0 days 00:47:45.328000,0 days 01:46:00.840000
2024-07-07 14:50:58.189,11255,247,6,100,False,1,car,0 days 00:47:45.648000,0 days 01:46:01.160000
2024-07-07 14:50:58.349,11336,247,6,100,False,1,car,0 days 00:47:45.808000,0 days 01:46:01.320000
2024-07-07 14:50:58.669,11498,255,6,100,False,1,car,0 days 00:47:46.128000,0 days 01:46:01.640000
2024-07-07 14:50:58.830,11645,256,6,100,False,1,car,0 days 00:47:46.289000,0 days 01:46:01.801000
2024-07-07 14:50:59.070,11018,260,6,100,False,1,car,0 days 00:47:46.529000,0 days 01:46:02.041000
2024-07-07 14:50:59.310,10387,262,7,100,False,1,car,0 days 00:47:46.769000,0 days 01:46:02.281000
2024-07-07 14:50:59.590,10611,266,7,100,False,1,car,0 days 00:47:47.049000,0 days 01:46:02.561000
2024-07-07 14:50:59.790,10668,268,7,100,False,1,car,0 days 00:47:47.249000,0 days 01:46:02.761000
2024-07-07 14:51:00.150,10788,271,7,100,False,1,car,0 days 00:47:47.609000,0 days 01:46:03.121000
2024-07-07 14:51:00.390,10902,275,7,100,False,1,car,0 days 00:47:47.849000,0 days 01:46:03.361000
2024-07-07 14:51:00.630,10972,276,7,100,False,1,car,0 days 00:47:48.089000,0 days 01:46:03.601000
2024-07-07 14:51:00.830,11025,278,7,100,False,1,car,0 days 00:47:48.289000,0 days 01:46:03.801000
2024-07-07 14:51:01.070,11084,280,7,100,False,1,car,0 days 00:47:48.529000,0 days 01:46:04.041000
2024-07-07 14:51:01.310,11202,281,7,100,False,1,car,0 days 00:47:48.769000,0 days 01:46:04.281000
2024-07-07 14:51:01.510,11250,283,7,100,False,1,car,0 days 00:47:48.969000,0 days 01:46:04.481000
2024-07-07 14:51:01.870,11270,285,7,100,False,1,car,0 days 00:47:49.329000,0 days 01:46:04.841000
2024-07-07 14:51:02.110,11366,286,7,100,False,1,car,0 days 00:47:49.569000,0 days 01:46:05.081000
2024-07-07 14:51:02.509,11446,289,7,100,False,1,car,0 days 00:47:49.968000,0 days 01:46:05.480000
2024-07-07 14:51:02.829,11488,290,7,100,False,1,car,0 days 00:47:50.288000,0 days 01:46:05.800000
2024-07-07 14:51:02.989,11473,290,7,100,False,1,car,0 days 00:47:50.448000,0 days 01:46:05.960000
2024-07-07 14:51:03.229,11449,289,7,100,False,1,car,0 days 00:47:50.688000,0 days 01:46:06.200000
2024-07-07 14:51:04.029,11279,286,7,100,False,1,car,0 days 00:47:51.488000,0 days 01:46:07
2024-07-07 14:51:04.389,11321,281,7,98,True,1,car,0 days 00:47:51.848000,0 days 01:46:07.360000
2024-07-07 14:51:04.829,9680,249,7,0,True,1,car,0 days 00:47:52.288000,0 days 01:46:07.800000
2024-07-07 14:51:05.149,9640,222,7,0,True,1,car,0 days 00:47:52.608000,0 days 01:46:08.120000
2024-07-07 14:51:05.390,9283,209,6,0,True,1,car,0 days 00:47:52.849000,0 days 01:46:08.361000
2024-07-07 14:51:05.550,9894,196,6,0,True,1,car,0 days 00:47:53.009000,0 days 01:46:08.521000
2024-07-07 14:51:05.870,9233,176,5,0,True,1,car,0 days 00:47:53.329000,0 days 01:46:08.841000
2024-07-07 14:51:06.030,9009,176,5,0,True,1,car,0 days 00:47:53.489000,0 days 01:46:09.001000
2024-07-07 14:51:06.510,9337,155,4,0,True,1,car,0 days 00:47:53.969000,0 days 01:46:09.481000
2024-07-07 14:51:06.870,8848,143,4,0,True,1,car,0 days 00:47:54.329000,0 days 01:46:09.841000
2024-07-07 14:51:07.150,8582,140,4,0,True,1,car,0 days 00:47:54.609000,0 days 01:46:10.121000
2024-07-07 14:51:07.390,8284,135,4,0,False,1,car,0 days 00:47:54.849000,0 days 01:46:10.361000
2024-07-07 14:51:07.750,8328,131,4,25,False,1,car,0 days 00:47:55.209000,0 days 01:46:10.721000
2024-07-07 14:51:07.910,8285,131,4,32,False,1,car,0 days 00:47:55.369000,0 days 01:46:10.881000
2024-07-07 14:51:08.070,8345,132,4,39,False,1,car,0 days 00:47:55.529000,0 days 01:46:11.041000
2024-07-07 14:51:08.390,8466,134,4,44,False,1,car,0 days 00:47:55.849000,0 days 01:46:11.361000
2024-07-07 14:51:08.550,8517,134,4,45,False,1,car,0 days 00:47:56.009000,0 days 01:46:11.521000
2024-07-07 14:51:08.750,8650,136,4,51,False,1,car,0 days 00:47:56.209000,0 days 01:46:11.721000
2024-07-07 14:51:09.149,9205,142,4,62,False,1,car,0 days 00:47:56.608000,0 days 01:46:12.120000
2024-07-07 14:51:09.389,9341,145,4,64,False,1,car,0 days 00:47:56.848000,0 days 01:46:12.360000
2024-07-07 14:51:09.549,9614,150,4,68,False,1,car,0 days 00:47:57.008000,0 days 01:46:12.520000
2024-07-07 14:51:09.749,9845,155,4,69,False,1,car,0 days 00:47:57.208000,0 days 01:46:12.720000
2024-07-07 14:51:10.069,9046,152,4,0,True,1,car,0 days 00:47:57.528000,0 days 01:46:13.040000
2024-07-07 14:51:10.229,8765,147,4,0,True,1,car,0 days 00:47:57.688000,0 days 01:46:13.200000
2024-07-07 14:51:10.469,8441,139,4,0,True,1,car,0 days 00:47:57.928000,0 days 01:46:13.440000
2024-07-07 14:51:10.629,8161,134,4,0,True,1,car,0 days 00:47:58.088000,0 days 01:46:13.600000
2024-07-07 14:51:10.829,7904,129,4,0,True,1,car,0 days 00:47:58.288000,0 days 01:46:13.800000
2024-07-07 14:51:11.189,7495,121,4,0,True,1,car,0 days 00:47:58.648000,0 days 01:46:14.160000
2024-07-07 14:51:11.469,7361,117,4,0,False,1,car,0 days 00:47:58.928000,0 days 01:46:14.440000
2024-07-07 14:51:11.669,7110,114,4,0,True,1,car,0 days 00:47:59.128000,0 days 01:46:14.640000
2024-07-07 14:51:11.829,6997,114,4,0,True,1,car,0 days 00:47:59.288000,0 days 01:46:14.800000
2024-07-07 14:51:12.030,7925,108,4,0,True,1,car,0 days 00:47:59.489000,0 days 01:46:15.001000
2024-07-07 14:51:12.190,7728,106,3,0,True,1,car,0 days 00:47:59.649000,0 days 01:46:15.161000
2024-07-07 14:51:12.550,7323,101,3,0,True,1,car,0 days 00:48:00.009000,0 days 01:46:15.521000
2024-07-07 14:51:12.710,7155,98,3,0,True,1,car,0 days 00:48:00.169000,0 days 01:46:15.681000
2024-07-07 14:51:13.070,6817,93,3,0,False,1,car,0 days 00:48:00.529000,0 days 01:46:16.041000
2024-07-07 14:51:13.230,6714,92,3,4,False,1,car,0 days 00:48:00.689000,0 days 01:46:16.201000
2024-07-07 14:51:13.590,7088,92,3,29,False,1,car,0 days 00:48:01.049000,0 days 01:46:16.561000
2024-07-07 14:51:13.790,7323,95,3,36,False,1,car,0 days 00:48:01.249000,0 days 01:46:16.761000
2024-07-07 14:51:14.150,7721,97,3,47,False,1,car,0 days 00:48:01.609000,0 days 01:46:17.121000
2024-07-07 14:51:14.390,8108,105,3,49,False,1,car,0 days 00:48:01.849000,0 days 01:46:17.361000
2024-07-07 14:51:14.550,8327,106,3,52,False,1,car,0 days 00:48:02.009000,0 days 01:46:17.521000
2024-07-07 14:51:14.790,7503,113,3,55,False,1,car,0 days 00:48:02.249000,0 days 01:46:17.761000
2024-07-07 14:51:14.990,7803,116,4,59,False,1,car,0 days 00:48:02.449000,0 days 01:46:17.961000
2024-07-07 14:51:15.190,8065,124,4,64,False,1,car,0 days 00:48:02.649000,0 days 01:46:18.161000
2024-07-07 14:51:15.470,8712,134,4,74,False,1,car,0 days 00:48:02.929000,0 days 01:46:18.441000
2024-07-07 14:51:15.869,9471,145,4,81,False,1,car,0 days 00:48:03.328000,0 days 01:46:18.840000
2024-07-07 14:51:16.029,9970,153,4,84,False,1,car,0 days 00:48:03.488000,0 days 01:46:19
2024-07-07 14:51:16.429,10734,163,4,100,False,1,car,0 days 00:48:03.888000,0 days 01:46:19.400000
2024-07-07 14:51:16.709,11554,176,4,100,False,1,car,0 days 00:48:04.168000,0 days 01:46:19.680000
2024-07-07 14:51:17.069,10495,195,4,100,False,1,car,0 days 00:48:04.528000,0 days 01:46:20.040000
2024-07-07 14:51:17.229,10874,195,5,100,False,1,car,0 days 00:48:04.688000,0 days 01:46:20.200000
2024-07-07 14:51:17.549,10931,204,5,100,False,1,car,0 days 00:48:05.008000,0 days 01:46:20.520000
2024-07-07 14:51:17.789,11460,216,5,100,False,1,car,0 days 00:48:05.248000,0 days 01:46:20.760000
2024-07-07 14:51:17.989,11460,219,5,100,False,1,car,0 days 00:48:05.448000,0 days 01:46:20.960000
2024-07-07 14:51:18.309,10269,225,5,100,False,1,car,0 days 00:48:05.768000,0 days 01:46:21.280000
2024-07-07 14:51:18.710,10735,235,6,100,False,1,car,0 days 00:48:06.169000,0 days 01:46:21.681000
2024-07-07 14:51:18.870,10918,241,6,100,False,1,car,0 days 00:48:06.329000,0 days 01:46:21.841000
2024-07-07 14:51:19.070,11032,245,6,100,False,1,car,0 days 00:48:06.529000,0 days 01:46:22.041000
2024-07-07 14:51:19.550,11434,251,6,100,False,1,car,0 days 00:48:07.009000,0 days 01:46:22.521000
2024-07-07 14:51:19.830,11618,255,6,100,False,1,car,0 days 00:48:07.289000,0 days 01:46:22.801000
2024-07-07 14:51:20.190,10907,259,6,100,False,1,car,0 days 00:48:07.649000,0 days 01:46:23.161000
2024-07-07 14:51:20.430,10481,262,7,100,False,1,car,0 days 00:48:07.889000,0 days 01:46:23.401000
2024-07-07 14:51:20.790,10674,267,7,100,False,1,car,0 days 00:48:08.249000,0 days 01:46:23.761000
2024-07-07 14:51:20.990,10674,270,7,100,False,1,car,0 days 00:48:08.449000,0 days 01:46:23.961000
2024-07-07 14:51:21.150,10818,270,7,100,False,1,car,0 days 00:48:08.609000,0 days 01:46:24.121000
2024-07-07 14:51:21.350,10892,273,7,100,False,1,car,0 days 00:48:08.809000,0 days 01:46:24.321000
2024-07-07 14:51:21.550,10943,274,7,100,False,1,car,0 days 00:48:09.009000,0 days 01:46:24.521000
2024-07-07 14:51:22.429,11251,282,7,100,False,1,car,0 days 00:48:09.888000,0 days 01:46:25.400000
2024-07-07 14:51:22.669,11353,284,7,100,False,1,car,0 days 00:48:10.128000,0 days 01:46:25.640000
2024-07-07 14:51:22.909,11372,287,7,100,False,1,car,0 days 00:48:10.368000,0 days 01:46:25.880000
2024-07-07 14:51:23.349,11488,289,7,100,False,1,car,0 days 00:48:10.808000,0 days 01:46:26.320000
2024-07-07 14:51:23.549,11512,289,7,100,False,1,car,0 days 00:48:11.008000,0 days 01:46:26.520000
2024-07-07 14:51:23.789,11579,292,7,100,False,1,car,0 days 00:48:11.248000,0 days 01:46:26.760000
2024-07-07 14:51:24.109,11622,293,7,100,False,1,car,0 days 00:48:11.568000,0 days 01:46:27.080000
2024-07-07 14:51:24.309,11619,294,7,100,False,1,car,0 days 00:48:11.768000,0 days 01:46:27.280000
2024-07-07 14:51:24.549,11561,293,7,100,False,1,car,0 days 00:48:12.008000,0 days 01:46:27.520000
2024-07-07 14:51:24.709,11551,292,7,100,False,1,car,0 days 00:48:12.168000,0 days 01:46:27.680000
2024-07-07 14:51:24.869,11491,291,7,100,False,1,car,0 days 00:48:12.328000,0 days 01:46:27.840000
2024-07-07 14:51:25.069,11491,291,7,100,False,1,car,0 days 00:48:12.528000,0 days 01:46:28.040000
2024-07-07 14:51:25.390,11431,289,7,100,False,1,car,0 days 00:48:12.849000,0 days 01:46:28.361000
2024-07-07 14:51:25.830,11024,277,7,0,True,1,car,0 days 00:48:13.289000,0 days 01:46:28.801000
2024-07-07 14:51:25.990,10399,272,7,0,True,1,car,0 days 00:48:13.449000,0 days 01:46:28.961000
2024-07-07 14:51:26.390,10089,255,7,0,True,1,car,0 days 00:48:13.849000,0 days 01:46:29.361000
2024-07-07 14:51:26.550,9742,254,7,16,False,1,car,0 days 00:48:14.009000,0 days 01:46:29.521000
2024-07-07 14:51:26.790,9654,247,7,50,False,1,car,0 days 00:48:14.249000,0 days 01:46:29.761000
2024-07-07 14:51:26.990,9636,242,7,58,False,1,car,0 days 00:48:14.449000,0 days 01:46:29.961000
2024-07-07 14:51:27.230,9587,241,7,68,False,1,car,0 days 00:48:14.689000,0 days 01:46:30.201000
2024-07-07 14:51:27.510,9609,240,7,76,False,1,car,0 days 00:48:14.969000,0 days 01:46:30.481000
2024-07-07 14:51:27.710,9714,240,7,79,False,1,car,0 days 00:48:15.169000,0 days 01:46:30.681000
2024-07-07 14:51:28.070,9722,242,7,87,False,1,car,0 days 00:48:15.529000,0 days 01:46:31.041000
2024-07-07 14:51:28.510,9935,247,7,100,False,1,car,0 days 00:48:15.969000,0 days 01:46:31.481000
2024-07-07 14:51:28.710,10012,248,7,100,False,1,car,0 days 00:48:16.169000,0 days 01:46:31.681000
2024-07-07 14:51:29.069,10129,254,7,100,False,1,car,0 days 00:48:16.528000,0 days 01:46:32.040000
2024-07-07 14:51:29.229,10189,256,7,100,False,1,car,0 days 00:48:16.688000,0 days 01:46:32.200000
2024-07-07 14:51:29.469,10329,260,7,100,False,1,car,0 days 00:48:16.928000,0 days 01:46:32.440000
2024-07-07 14:51:29.789,10439,262,7,100,False,1,car,0 days 00:48:17.248000,0 days 01:46:32.760000
2024-07-07 14:51:30.069,10635,264,7,100,False,1,car,0 days 00:48:17.528000,0 days 01:46:33.040000
2024-07-07 14:51:30.349,10678,268,7,100,False,1,car,0 days 00:48:17.808000,0 days 01:46:33.320000
2024-07-07 14:51:30.589,10820,272,7,100,False,1,car,0 days 00:48:18.048000,0 days 01:46:33.560000
2024-07-07 14:51:30.949,10898,274,7,100,False,1,car,0 days 00:48:18.408000,0 days 01:46:33.920000
2024-07-07 14:51:31.229,11052,276,7,100,False,1,car,0 days 00:48:18.688000,0 days 01:46:34.200000
2024-07-07 14:51:31.509,11106,279,7,100,False,1,car,0 days 00:48:18.968000,0 days 01:46:34.480000
2024-07-07 14:51:31.669,11157,281,7,100,False,1,car,0 days 00:48:19.128000,0 days 01:46:34.640000
2024-07-07 14:51:31.950,11236,281,7,100,False,1,car,0 days 00:48:19.409000,0 days 01:46:34.921000
2024-07-07 14:51:32.110,11292,283,7,100,False,1,car,0 days 00:48:19.569000,0 days 01:46:35.081000
2024-07-07 14:51:32.430,11382,286,7,100,False,1,car,0 days 00:48:19.889000,0 days 01:46:35.401000
2024-07-07 14:51:32.590,11400,286,7,100,False,1,car,0 days 00:48:20.049000,0 days 01:46:35.561000
2024-07-07 14:51:32.830,11460,288,7,100,False,1,car,0 days 00:48:20.289000,0 days 01:46:35.801000
2024-07-07 14:51:33.110,11503,291,7,100,False,1,car,0 days 00:48:20.569000,0 days 01:46:36.081000
2024-07-07 14:51:33.350,11569,292,7,100,False,1,car,0 days 00:48:20.809000,0 days 01:46:36.321000
2024-07-07 14:51:33.710,11681,293,7,100,False,1,car,0 days 00:48:21.169000,0 days 01:46:36.681000
2024-07-07 14:51:33.910,11672,295,7,100,False,1,car,0 days 00:48:21.369000,0 days 01:46:36.881000
2024-07-07 14:51:34.150,11726,295,7,100,False,1,car,0 days 00:48:21.609000,0 days 01:46:37.121000
2024-07-07 14:51:34.310,11706,295,7,100,False,1,car,0 days 00:48:21.769000,0 days 01:46:37.281000
2024-07-07 14:51:34.670,11722,293,7,10,True,1,car,0 days 00:48:22.129000,0 days 01:46:37.641000
2024-07-07 14:51:34.950,10812,277,7,0,True,1,car,0 days 00:48:22.409000,0 days 01:46:37.921000
2024-07-07 14:51:35.150,10484,271,7,0,True,1,car,0 days 00:48:22.609000,0 days 01:46:38.121000
2024-07-07 14:51:35.350,10373,264,7,17,False,1,car,0 days 00:48:22.809000,0 days 01:46:38.321000
2024-07-07 14:51:35.670,9793,251,7,34,False,1,car,0 days 00:48:23.129000,0 days 01:46:38.641000
2024-07-07 14:51:35.909,9762,246,7,46,False,1,car,0 days 00:48:23.368000,0 days 01:46:38.880000
2024-07-07 14:51:36.149,9763,244,7,78,False,1,car,0 days 00:48:23.608000,0 days 01:46:39.120000
2024-07-07 14:51:36.309,9726,243,7,81,False,1,car,0 days 00:48:23.768000,0 days 01:46:39.280000
2024-07-07 14:51:36.709,9816,246,7,100,False,1,car,0 days 00:48:24.168000,0 days 01:46:39.680000
2024-07-07 14:51:36.989,9848,247,7,94,False,1,car,0 days 00:48:24.448000,0 days 01:46:39.960000
2024-07-07 14:51:37.269,9891,238,7,0,True,1,car,0 days 00:48:24.728000,0 days 01:46:40.240000
2024-07-07 14:51:37.469,10329,230,6,0,True,1,car,0 days 00:48:24.928000,0 days 01:46:40.440000
2024-07-07 14:51:37.829,9744,220,6,0,True,1,car,0 days 00:48:25.288000,0 days 01:46:40.800000
2024-07-07 14:51:38.189,9513,216,6,3,False,1,car,0 days 00:48:25.648000,0 days 01:46:41.160000
2024-07-07 14:51:38.350,9500,209,6,21,False,1,car,0 days 00:48:25.809000,0 days 01:46:41.321000
2024-07-07 14:51:38.590,9329,205,6,38,False,1,car,0 days 00:48:26.049000,0 days 01:46:41.561000
2024-07-07 14:51:38.790,9112,202,6,40,False,1,car,0 days 00:48:26.249000,0 days 01:46:41.761000
2024-07-07 14:51:39.030,9097,200,6,42,True,1,car,0 days 00:48:26.489000,0 days 01:46:42.001000
2024-07-07 14:51:39.390,8400,185,6,0,True,1,car,0 days 00:48:26.849000,0 days 01:46:42.361000
2024-07-07 14:51:39.670,9217,178,5,0,True,1,car,0 days 00:48:27.129000,0 days 01:46:42.641000
2024-07-07 14:51:39.910,8749,171,5,0,True,1,car,0 days 00:48:27.369000,0 days 01:46:42.881000
2024-07-07 14:51:40.150,8537,166,5,0,True,1,car,0 days 00:48:27.609000,0 days 01:46:43.121000
2024-07-07 14:51:40.390,8319,158,5,0,True,1,car,0 days 00:48:27.849000,0 days 01:46:43.361000
2024-07-07 14:51:40.590,8109,155,5,0,True,1,car,0 days 00:48:28.049000,0 days 01:46:43.561000
2024-07-07 14:51:40.910,7874,149,5,0,False,1,car,0 days 00:48:28.369000,0 days 01:46:43.881000
2024-07-07 14:51:41.070,7928,148,5,26,False,1,car,0 days 00:48:28.529000,0 days 01:46:44.041000
2024-07-07 14:51:41.390,7932,148,5,51,False,1,car,0 days 00:48:28.849000,0 days 01:46:44.361000
2024-07-07 14:51:41.550,8078,148,5,56,False,1,car,0 days 00:48:29.009000,0 days 01:46:44.521000
2024-07-07 14:51:41.950,8408,154,5,67,False,1,car,0 days 00:48:29.409000,0 days 01:46:44.921000
2024-07-07 14:51:42.230,8707,158,5,77,False,1,car,0 days 00:48:29.689000,0 days 01:46:45.201000
2024-07-07 14:51:42.469,9096,166,5,86,False,1,car,0 days 00:48:29.928000,0 days 01:46:45.440000
2024-07-07 14:51:42.749,9368,172,5,91,False,1,car,0 days 00:48:30.208000,0 days 01:46:45.720000
2024-07-07 14:51:43.029,9993,182,5,100,False,1,car,0 days 00:48:30.488000,0 days 01:46:46
2024-07-07 14:51:43.189,10158,189,5,100,False,1,car,0 days 00:48:30.648000,0 days 01:46:46.160000
2024-07-07 14:51:43.389,10455,192,5,100,False,1,car,0 days 00:48:30.848000,0 days 01:46:46.360000
2024-07-07 14:51:43.589,10764,203,5,100,False,1,car,0 days 00:48:31.048000,0 days 01:46:46.560000
2024-07-07 14:51:43.749,11108,203,5,100,False,1,car,0 days 00:48:31.208000,0 days 01:46:46.720000
2024-07-07 14:51:43.949,11257,211,5,100,False,1,car,0 days 00:48:31.408000,0 days 01:46:46.920000
2024-07-07 14:51:44.229,11777,219,5,100,False,1,car,0 days 00:48:31.688000,0 days 01:46:47.200000
2024-07-07 14:51:44.469,11264,225,5,100,False,1,car,0 days 00:48:31.928000,0 days 01:46:47.440000
2024-07-07 14:51:44.870,10753,233,6,100,False,1,car,0 days 00:48:32.329000,0 days 01:46:47.841000
2024-07-07 14:51:45.070,10881,236,6,100,False,1,car,0 days 00:48:32.529000,0 days 01:46:48.041000
2024-07-07 14:51:45.230,11042,236,6,100,False,1,car,0 days 00:48:32.689000,0 days 01:46:48.201000
2024-07-07 14:51:45.430,11163,243,6,100,False,1,car,0 days 00:48:32.889000,0 days 01:46:48.401000
2024-07-07 14:51:45.670,11270,250,6,100,False,1,car,0 days 00:48:33.129000,0 days 01:46:48.641000
2024-07-07 14:51:45.870,11356,251,6,100,False,1,car,0 days 00:48:33.329000,0 days 01:46:48.841000
2024-07-07 14:51:46.310,11733,258,6,100,False,1,car,0 days 00:48:33.769000,0 days 01:46:49.281000
2024-07-07 14:51:46.550,11701,260,6,100,False,1,car,0 days 00:48:34.009000,0 days 01:46:49.521000
2024-07-07 14:51:46.750,10581,264,6,100,False,1,car,0 days 00:48:34.209000,0 days 01:46:49.721000
2024-07-07 14:51:46.910,10585,265,7,100,False,1,car,0 days 00:48:34.369000,0 days 01:46:49.881000
2024-07-07 14:51:47.110,10695,267,7,100,False,1,car,0 days 00:48:34.569000,0 days 01:46:50.081000
2024-07-07 14:51:47.470,10766,271,7,100,False,1,car,0 days 00:48:34.929000,0 days 01:46:50.441000
2024-07-07 14:51:47.750,10901,273,7,100,False,1,car,0 days 00:48:35.209000,0 days 01:46:50.721000
2024-07-07 14:51:47.950,10987,275,7,100,False,1,car,0 days 00:48:35.409000,0 days 01:46:50.921000
2024-07-07 14:51:48.110,11072,276,7,100,False,1,car,0 days 00:48:35.569000,0 days 01:46:51.081000
2024-07-07 14:51:48.270,11099,279,7,100,False,1,car,0 days 00:48:35.729000,0 days 01:46:51.241000
2024-07-07 14:51:48.550,11170,280,7,100,False,1,car,0 days 00:48:36.009000,0 days 01:46:51.521000
2024-07-07 14:51:48.750,11227,282,7,100,False,1,car,0 days 00:48:36.209000,0 days 01:46:51.721000
2024-07-07 14:51:49.189,11331,286,7,100,False,1,car,0 days 00:48:36.648000,0 days 01:46:52.160000
2024-07-07 14:51:49.589,11407,288,7,100,False,1,car,0 days 00:48:37.048000,0 days 01:46:52.560000
2024-07-07 14:51:49.909,11483,289,7,100,False,1,car,0 days 00:48:37.368000,0 days 01:46:52.880000
2024-07-07 14:51:50.229,11535,290,7,100,False,1,car,0 days 00:48:37.688000,0 days 01:46:53.200000
2024-07-07 14:51:50.509,11578,291,7,100,False,1,car,0 days 00:48:37.968000,0 days 01:46:53.480000
2024-07-07 14:51:50.669,11574,292,7,100,False,1,car,0 days 00:48:38.128000,0 days 01:46:53.640000
2024-07-07 14:51:51.029,11641,293,7,100,False,1,car,0 days 00:48:38.488000,0 days 01:46:54
2024-07-07 14:51:51.189,11670,295,7,100,False,1,car,0 days 00:48:38.648000,0 days 01:46:54.160000
2024-07-07 14:51:51.389,11655,295,7,100,False,1,car,0 days 00:48:38.848000,0 days 01:46:54.360000
2024-07-07 14:51:51.550,10535,295,7,100,False,1,car,0 days 00:48:39.009000,0 days 01:46:54.521000
2024-07-07 14:51:51.710,10301,295,8,100,False,1,car,0 days 00:48:39.169000,0 days 01:46:54.681000
2024-07-07 14:51:51.990,10332,295,8,100,False,1,car,0 days 00:48:39.449000,0 days 01:46:54.961000
2024-07-07 14:51:52.230,10279,294,8,100,False,1,car,0 days 00:48:39.689000,0 days 01:46:55.201000
2024-07-07 14:51:52.590,10164,291,8,100,False,1,car,0 days 00:48:40.049000,0 days 01:46:55.561000
2024-07-07 14:51:52.870,10112,288,8,100,False,1,car,0 days 00:48:40.329000,0 days 01:46:55.841000
2024-07-07 14:51:53.310,9973,286,8,100,False,1,car,0 days 00:48:40.769000,0 days 01:46:56.281000
2024-07-07 14:51:53.670,9149,270,8,0,True,1,car,0 days 00:48:41.129000,0 days 01:46:56.641000
2024-07-07 14:51:53.870,8731,251,8,0,True,1,car,0 days 00:48:41.329000,0 days 01:46:56.841000
2024-07-07 14:51:54.030,9336,243,8,0,True,1,car,0 days 00:48:41.489000,0 days 01:46:57.001000
2024-07-07 14:51:54.310,9409,224,7,0,True,1,car,0 days 00:48:41.769000,0 days 01:46:57.281000
2024-07-07 14:51:54.510,9373,213,7,0,True,1,car,0 days 00:48:41.969000,0 days 01:46:57.481000
2024-07-07 14:51:54.710,9072,207,6,0,True,1,car,0 days 00:48:42.169000,0 days 01:46:57.681000
2024-07-07 14:51:54.910,8921,199,6,0,True,1,car,0 days 00:48:42.369000,0 days 01:46:57.881000
2024-07-07 14:51:55.150,8630,194,6,0,True,1,car,0 days 00:48:42.609000,0 days 01:46:58.121000
2024-07-07 14:51:55.430,8526,187,6,0,False,1,car,0 days 00:48:42.889000,0 days 01:46:58.401000
2024-07-07 14:51:55.590,9165,183,6,0,False,1,car,0 days 00:48:43.049000,0 days 01:46:58.561000
2024-07-07 14:51:55.830,9390,178,5,26,False,1,car,0 days 00:48:43.289000,0 days 01:46:58.801000
2024-07-07 14:51:56.069,9184,174,5,36,False,1,car,0 days 00:48:43.528000,0 days 01:46:59.040000
2024-07-07 14:51:56.229,9179,173,5,41,False,1,car,0 days 00:48:43.688000,0 days 01:46:59.200000
2024-07-07 14:51:56.549,9121,171,5,55,False,1,car,0 days 00:48:44.008000,0 days 01:46:59.520000
2024-07-07 14:51:56.709,9157,171,5,57,False,1,car,0 days 00:48:44.168000,0 days 01:46:59.680000
2024-07-07 14:51:57.109,9358,174,5,64,False,1,car,0 days 00:48:44.568000,0 days 01:47:00.080000
2024-07-07 14:51:57.309,9459,176,5,64,False,1,car,0 days 00:48:44.768000,0 days 01:47:00.280000
2024-07-07 14:51:57.549,9652,178,5,76,False,1,car,0 days 00:48:45.008000,0 days 01:47:00.520000
2024-07-07 14:51:57.869,10016,185,5,88,False,1,car,0 days 00:48:45.328000,0 days 01:47:00.840000
2024-07-07 14:51:58.230,10595,190,5,100,False,1,car,0 days 00:48:45.689000,0 days 01:47:01.201000
2024-07-07 14:51:58.510,11013,202,5,100,False,1,car,0 days 00:48:45.969000,0 days 01:47:01.481000
2024-07-07 14:51:58.710,11230,207,5,100,False,1,car,0 days 00:48:46.169000,0 days 01:47:01.681000
2024-07-07 14:51:58.990,11529,215,5,100,False,1,car,0 days 00:48:46.449000,0 days 01:47:01.961000
2024-07-07 14:51:59.230,10689,220,5,100,False,1,car,0 days 00:48:46.689000,0 days 01:47:02.201000
2024-07-07 14:51:59.390,10180,225,6,100,False,1,car,0 days 00:48:46.849000,0 days 01:47:02.361000
2024-07-07 14:51:59.830,10802,235,6,100,False,1,car,0 days 00:48:47.289000,0 days 01:47:02.801000
2024-07-07 14:52:00.070,10938,238,6,100,False,1,car,0 days 00:48:47.529000,0 days 01:47:03.041000
2024-07-07 14:52:00.270,11088,244,6,100,False,1,car,0 days 00:48:47.729000,0 days 01:47:03.241000
2024-07-07 14:52:00.550,11200,248,6,100,False,1,car,0 days 00:48:48.009000,0 days 01:47:03.521000
2024-07-07 14:52:00.830,11312,249,6,100,False,1,car,0 days 00:48:48.289000,0 days 01:47:03.801000
2024-07-07 14:52:01.070,11313,250,6,100,False,1,car,0 days 00:48:48.529000,0 days 01:47:04.041000
2024-07-07 14:52:01.230,11288,250,6,100,False,1,car,0 days 00:48:48.689000,0 days 01:47:04.201000
2024-07-07 14:52:01.390,11336,250,6,100,False,1,car,0 days 00:48:48.849000,0 days 01:47:04.361000
2024-07-07 14:52:01.550,11319,251,6,100,False,1,car,0 days 00:48:49.009000,0 days 01:47:04.521000
2024-07-07 14:52:01.750,11330,251,6,98,False,1,car,0 days 00:48:49.209000,0 days 01:47:04.721000
2024-07-07 14:52:01.990,10689,245,6,0,False,1,car,0 days 00:48:49.449000,0 days 01:47:04.961000
2024-07-07 14:52:02.350,9518,228,6,0,True,1,car,0 days 00:48:49.809000,0 days 01:47:05.321000
2024-07-07 14:52:02.669,9289,181,6,0,True,1,car,0 days 00:48:50.128000,0 days 01:47:05.640000
2024-07-07 14:52:02.949,9599,168,5,0,True,1,car,0 days 00:48:50.408000,0 days 01:47:05.920000
2024-07-07 14:52:03.349,9034,142,4,0,True,1,car,0 days 00:48:50.808000,0 days 01:47:06.320000
2024-07-07 14:52:03.549,9004,134,4,0,True,1,car,0 days 00:48:51.008000,0 days 01:47:06.520000
2024-07-07 14:52:03.789,8454,120,3,0,True,1,car,0 days 00:48:51.248000,0 days 01:47:06.760000
2024-07-07 14:52:04.069,7898,110,3,0,True,1,car,0 days 00:48:51.528000,0 days 01:47:07.040000
2024-07-07 14:52:04.229,7482,107,3,0,True,1,car,0 days 00:48:51.688000,0 days 01:47:07.200000
2024-07-07 14:52:04.549,7019,102,3,0,True,1,car,0 days 00:48:52.008000,0 days 01:47:07.520000
2024-07-07 14:52:04.830,6705,94,3,0,True,1,car,0 days 00:48:52.289000,0 days 01:47:07.801000
2024-07-07 14:52:05.110,6451,89,3,0,True,1,car,0 days 00:48:52.569000,0 days 01:47:08.081000
2024-07-07 14:52:05.310,6275,86,3,0,True,1,car,0 days 00:48:52.769000,0 days 01:47:08.281000
2024-07-07 14:52:05.510,6181,85,3,0,False,1,car,0 days 00:48:52.969000,0 days 01:47:08.481000
2024-07-07 14:52:05.750,6325,83,3,17,False,1,car,0 days 00:48:53.209000,0 days 01:47:08.721000
2024-07-07 14:52:06.030,6681,85,3,32,False,1,car,0 days 00:48:53.489000,0 days 01:47:09.001000
2024-07-07 14:52:06.310,6951,89,3,36,False,1,car,0 days 00:48:53.769000,0 days 01:47:09.281000
2024-07-07 14:52:06.590,7150,93,3,38,False,1,car,0 days 00:48:54.049000,0 days 01:47:09.561000
2024-07-07 14:52:06.750,7288,93,3,37,False,1,car,0 days 00:48:54.209000,0 days 01:47:09.721000
2024-07-07 14:52:07.070,7130,99,3,0,False,1,car,0 days 00:48:54.529000,0 days 01:47:10.041000
2024-07-07 14:52:07.310,6796,95,3,0,True,1,car,0 days 00:48:54.769000,0 days 01:47:10.281000
2024-07-07 14:52:07.630,6681,90,3,0,False,1,car,0 days 00:48:55.089000,0 days 01:47:10.601000
2024-07-07 14:52:07.790,6750,89,3,9,False,1,car,0 days 00:48:55.249000,0 days 01:47:10.761000
2024-07-07 14:52:08.310,7183,92,3,37,False,1,car,0 days 00:48:55.769000,0 days 01:47:11.281000
2024-07-07 14:52:08.590,7453,96,3,42,False,1,car,0 days 00:48:56.049000,0 days 01:47:11.561000
2024-07-07 14:52:08.790,7832,98,3,47,False,1,car,0 days 00:48:56.249000,0 days 01:47:11.761000
2024-07-07 14:52:09.070,8405,107,3,51,False,1,car,0 days 00:48:56.529000,0 days 01:47:12.041000
2024-07-07 14:52:09.310,8456,110,3,53,False,1,car,0 days 00:48:56.769000,0 days 01:47:12.281000
2024-07-07 14:52:09.469,7485,116,3,57,False,1,car,0 days 00:48:56.928000,0 days 01:47:12.440000
2024-07-07 14:52:09.709,7973,121,4,59,False,1,car,0 days 00:48:57.168000,0 days 01:47:12.680000
2024-07-07 14:52:09.949,8386,126,4,65,False,1,car,0 days 00:48:57.408000,0 days 01:47:12.920000
2024-07-07 14:52:10.149,8854,131,4,74,False,1,car,0 days 00:48:57.608000,0 days 01:47:13.120000
2024-07-07 14:52:10.349,9231,135,4,75,False,1,car,0 days 00:48:57.808000,0 days 01:47:13.320000
2024-07-07 14:52:10.789,10001,155,4,80,False,1,car,0 days 00:48:58.248000,0 days 01:47:13.760000
2024-07-07 14:52:11.109,10711,161,4,81,False,1,car,0 days 00:48:58.568000,0 days 01:47:14.080000
2024-07-07 14:52:11.270,10840,170,4,77,False,1,car,0 days 00:48:58.729000,0 days 01:47:14.241000
2024-07-07 14:52:11.550,9521,174,4,77,False,1,car,0 days 00:48:59.009000,0 days 01:47:14.521000
2024-07-07 14:52:11.750,9781,178,5,79,False,1,car,0 days 00:48:59.209000,0 days 01:47:14.721000
2024-07-07 14:52:12.030,10190,184,5,87,False,1,car,0 days 00:48:59.489000,0 days 01:47:15.001000
2024-07-07 14:52:12.270,10450,192,5,91,False,1,car,0 days 00:48:59.729000,0 days 01:47:15.241000
2024-07-07 14:52:12.510,10874,197,5,91,False,1,car,0 days 00:48:59.969000,0 days 01:47:15.481000
2024-07-07 14:52:12.670,10918,203,5,100,False,1,car,0 days 00:49:00.129000,0 days 01:47:15.641000
2024-07-07 14:52:13.030,11456,208,5,100,False,1,car,0 days 00:49:00.489000,0 days 01:47:16.001000
2024-07-07 14:52:13.270,11613,218,5,100,False,1,car,0 days 00:49:00.729000,0 days 01:47:16.241000
2024-07-07 14:52:13.510,10889,222,5,100,False,1,car,0 days 00:49:00.969000,0 days 01:47:16.481000
2024-07-07 14:52:13.830,10600,229,6,100,False,1,car,0 days 00:49:01.289000,0 days 01:47:16.801000
2024-07-07 14:52:13.990,10600,229,6,100,False,1,car,0 days 00:49:01.449000,0 days 01:47:16.961000
2024-07-07 14:52:14.190,10942,238,6,100,False,1,car,0 days 00:49:01.649000,0 days 01:47:17.161000
2024-07-07 14:52:14.390,11110,242,6,100,False,1,car,0 days 00:49:01.849000,0 days 01:47:17.361000
2024-07-07 14:52:14.670,11292,248,6,100,False,1,car,0 days 00:49:02.129000,0 days 01:47:17.641000
2024-07-07 14:52:14.870,11427,252,6,100,False,1,car,0 days 00:49:02.329000,0 days 01:47:17.841000
2024-07-07 14:52:15.150,11664,255,6,100,False,1,car,0 days 00:49:02.609000,0 days 01:47:18.121000
2024-07-07 14:52:15.430,11460,259,6,100,False,1,car,0 days 00:49:02.889000,0 days 01:47:18.401000
2024-07-07 14:52:15.670,10627,264,7,100,False,1,car,0 days 00:49:03.129000,0 days 01:47:18.641000
2024-07-07 14:52:15.830,10646,266,7,100,False,1,car,0 days 00:49:03.289000,0 days 01:47:18.801000
2024-07-07 14:52:16.069,10721,269,7,100,False,1,car,0 days 00:49:03.528000,0 days 01:47:19.040000
2024-07-07 14:52:16.229,10725,270,7,100,False,1,car,0 days 00:49:03.688000,0 days 01:47:19.200000
2024-07-07 14:52:16.509,10937,273,7,100,False,1,car,0 days 00:49:03.968000,0 days 01:47:19.480000
2024-07-07 14:52:16.829,11032,276,7,100,False,1,car,0 days 00:49:04.288000,0 days 01:47:19.800000
2024-07-07 14:52:17.109,11144,280,7,100,False,1,car,0 days 00:49:04.568000,0 days 01:47:20.080000
2024-07-07 14:52:17.389,11205,282,7,100,False,1,car,0 days 00:49:04.848000,0 days 01:47:20.360000
2024-07-07 14:52:17.669,11301,283,7,100,False,1,car,0 days 00:49:05.128000,0 days 01:47:20.640000
2024-07-07 14:52:17.870,11337,286,7,100,False,1,car,0 days 00:49:05.329000,0 days 01:47:20.841000
2024-07-07 14:52:18.190,11406,288,7,100,False,1,car,0 days 00:49:05.649000,0 days 01:47:21.161000
2024-07-07 14:52:18.430,11403,286,7,0,True,1,car,0 days 00:49:05.889000,0 days 01:47:21.401000
2024-07-07 14:52:18.670,10303,264,7,0,True,1,car,0 days 00:49:06.129000,0 days 01:47:21.641000
2024-07-07 14:52:18.910,10802,256,7,0,True,1,car,0 days 00:49:06.369000,0 days 01:47:21.881000
2024-07-07 14:52:19.310,11048,246,6,32,False,1,car,0 days 00:49:06.769000,0 days 01:47:22.281000
2024-07-07 14:52:19.510,10858,240,6,52,False,1,car,0 days 00:49:06.969000,0 days 01:47:22.481000
2024-07-07 14:52:19.790,10814,238,6,65,False,1,car,0 days 00:49:07.249000,0 days 01:47:22.761000
2024-07-07 14:52:20.070,10861,237,6,72,False,1,car,0 days 00:49:07.529000,0 days 01:47:23.041000
2024-07-07 14:52:20.390,11061,237,6,91,False,1,car,0 days 00:49:07.849000,0 days 01:47:23.361000
2024-07-07 14:52:20.550,11061,240,6,91,False,1,car,0 days 00:49:08.009000,0 days 01:47:23.521000
2024-07-07 14:52:20.830,11250,244,6,100,False,1,car,0 days 00:49:08.289000,0 days 01:47:23.801000
2024-07-07 14:52:21.110,11328,248,6,100,False,1,car,0 days 00:49:08.569000,0 days 01:47:24.081000
2024-07-07 14:52:21.310,11495,251,6,100,False,1,car,0 days 00:49:08.769000,0 days 01:47:24.281000
2024-07-07 14:52:21.670,11652,256,6,100,False,1,car,0 days 00:49:09.129000,0 days 01:47:24.641000
2024-07-07 14:52:21.830,11746,257,6,100,False,1,car,0 days 00:49:09.289000,0 days 01:47:24.801000
2024-07-07 14:52:22.150,10530,261,6,100,False,1,car,0 days 00:49:09.609000,0 days 01:47:25.121000
2024-07-07 14:52:22.470,10471,265,7,100,False,1,car,0 days 00:49:09.929000,0 days 01:47:25.441000
2024-07-07 14:52:22.909,10547,265,7,100,False,1,car,0 days 00:49:10.368000,0 days 01:47:25.880000
2024-07-07 14:52:23.229,10606,267,7,100,False,1,car,0 days 00:49:10.688000,0 days 01:47:26.200000
2024-07-07 14:52:23.509,10647,267,7,100,False,1,car,0 days 00:49:10.968000,0 days 01:47:26.480000
2024-07-07 14:52:23.749,10671,267,7,100,False,1,car,0 days 00:49:11.208000,0 days 01:47:26.720000
2024-07-07 14:52:23.949,10593,268,7,100,False,1,car,0 days 00:49:11.408000,0 days 01:47:26.920000
2024-07-07 14:52:24.310,10603,267,7,100,False,1,car,0 days 00:49:11.769000,0 days 01:47:27.281000
2024-07-07 14:52:24.670,10102,262,7,0,True,1,car,0 days 00:49:12.129000,0 days 01:47:27.641000
2024-07-07 14:52:24.950,9136,245,7,0,True,1,car,0 days 00:49:12.409000,0 days 01:47:27.921000
2024-07-07 14:52:25.270,9045,206,7,0,True,1,car,0 days 00:49:12.729000,0 days 01:47:28.241000
2024-07-07 14:52:25.510,9445,190,6,0,True,1,car,0 days 00:49:12.969000,0 days 01:47:28.481000
2024-07-07 14:52:25.670,8953,175,6,0,True,1,car,0 days 00:49:13.129000,0 days 01:47:28.641000
2024-07-07 14:52:25.870,9706,162,5,0,True,1,car,0 days 00:49:13.329000,0 days 01:47:28.841000
2024-07-07 14:52:26.190,8479,142,4,0,True,1,car,0 days 00:49:13.649000,0 days 01:47:29.161000
2024-07-07 14:52:26.550,8936,134,3,0,True,1,car,0 days 00:49:14.009000,0 days 01:47:29.521000
2024-07-07 14:52:26.750,8527,123,3,0,True,1,car,0 days 00:49:14.209000,0 days 01:47:29.721000
2024-07-07 14:52:26.990,8142,114,3,0,True,1,car,0 days 00:49:14.449000,0 days 01:47:29.961000
2024-07-07 14:52:27.270,7534,106,3,0,True,1,car,0 days 00:49:14.729000,0 days 01:47:30.241000
2024-07-07 14:52:27.550,7003,101,3,0,True,1,car,0 days 00:49:15.009000,0 days 01:47:30.521000
2024-07-07 14:52:28.030,6392,88,3,0,True,1,car,0 days 00:49:15.489000,0 days 01:47:31.001000
2024-07-07 14:52:28.230,6309,85,3,0,False,1,car,0 days 00:49:15.689000,0 days 01:47:31.201000
2024-07-07 14:52:28.630,6054,83,3,14,False,1,car,0 days 00:49:16.089000,0 days 01:47:31.601000
2024-07-07 14:52:28.910,6478,83,3,26,False,1,car,0 days 00:49:16.369000,0 days 01:47:31.881000
2024-07-07 14:52:29.270,6831,88,3,36,False,1,car,0 days 00:49:16.729000,0 days 01:47:32.241000
2024-07-07 14:52:29.470,7165,90,3,41,False,1,car,0 days 00:49:16.929000,0 days 01:47:32.441000
2024-07-07 14:52:29.789,7539,96,3,44,False,1,car,0 days 00:49:17.248000,0 days 01:47:32.760000
2024-07-07 14:52:30.069,7903,102,3,50,False,1,car,0 days 00:49:17.528000,0 days 01:47:33.040000
2024-07-07 14:52:30.349,8543,107,3,55,False,1,car,0 days 00:49:17.808000,0 days 01:47:33.320000
2024-07-07 14:52:30.669,9058,117,3,62,False,1,car,0 days 00:49:18.128000,0 days 01:47:33.640000
2024-07-07 14:52:30.869,9442,123,3,63,False,1,car,0 days 00:49:18.328000,0 days 01:47:33.840000
2024-07-07 14:52:31.070,8695,122,3,0,True,1,car,0 days 00:49:18.529000,0 days 01:47:34.041000
2024-07-07 14:52:31.230,8437,119,3,0,True,1,car,0 days 00:49:18.689000,0 days 01:47:34.201000
2024-07-07 14:52:31.390,7791,112,3,0,True,1,car,0 days 00:49:18.849000,0 days 01:47:34.361000
2024-07-07 14:52:31.590,7668,106,3,0,True,1,car,0 days 00:49:19.049000,0 days 01:47:34.561000
2024-07-07 14:52:31.830,7024,100,3,0,True,1,car,0 days 00:49:19.289000,0 days 01:47:34.801000
2024-07-07 14:52:32.070,6681,92,3,0,True,1,car,0 days 00:49:19.529000,0 days 01:47:35.041000
2024-07-07 14:52:32.230,6406,90,3,0,True,1,car,0 days 00:49:19.689000,0 days 01:47:35.201000
2024-07-07 14:52:32.550,6085,84,3,0,True,1,car,0 days 00:49:20.009000,0 days 01:47:35.521000
2024-07-07 14:52:32.710,5871,82,3,0,True,1,car,0 days 00:49:20.169000,0 days 01:47:35.681000
2024-07-07 14:52:32.950,5591,79,3,0,True,1,car,0 days 00:49:20.409000,0 days 01:47:35.921000
2024-07-07 14:52:33.110,5472,76,3,0,True,1,car,0 days 00:49:20.569000,0 days 01:47:36.081000
2024-07-07 14:52:33.510,5502,73,3,9,False,1,car,0 days 00:49:20.969000,0 days 01:47:36.481000
2024-07-07 14:52:33.750,5611,74,3,12,False,1,car,0 days 00:49:21.209000,0 days 01:47:36.721000
2024-07-07 14:52:33.910,5758,75,3,12,False,1,car,0 days 00:49:21.369000,0 days 01:47:36.881000
2024-07-07 14:52:34.110,5982,76,3,15,False,1,car,0 days 00:49:21.569000,0 days 01:47:37.081000
2024-07-07 14:52:34.310,6053,78,3,21,False,1,car,0 days 00:49:21.769000,0 days 01:47:37.281000
2024-07-07 14:52:34.510,6296,80,3,29,False,1,car,0 days 00:49:21.969000,0 days 01:47:37.481000
2024-07-07 14:52:34.790,6510,84,3,37,False,1,car,0 days 00:49:22.249000,0 days 01:47:37.761000
2024-07-07 14:52:35.110,7196,90,3,44,False,1,car,0 days 00:49:22.569000,0 days 01:47:38.081000
2024-07-07 14:52:35.270,7416,95,3,47,False,1,car,0 days 00:49:22.729000,0 days 01:47:38.241000
2024-07-07 14:52:35.470,7835,99,3,52,False,1,car,0 days 00:49:22.929000,0 days 01:47:38.441000
2024-07-07 14:52:35.750,8518,105,3,61,False,1,car,0 days 00:49:23.209000,0 days 01:47:38.721000
2024-07-07 14:52:36.030,8986,115,3,65,False,1,car,0 days 00:49:23.489000,0 days 01:47:39.001000
2024-07-07 14:52:36.469,8668,132,4,80,False,1,car,0 days 00:49:23.928000,0 days 01:47:39.440000
2024-07-07 14:52:36.789,9593,145,4,90,False,1,car,0 days 00:49:24.248000,0 days 01:47:39.760000
2024-07-07 14:52:36.949,9914,150,4,99,False,1,car,0 days 00:49:24.408000,0 days 01:47:39.920000
2024-07-07 14:52:37.149,10765,159,4,100,False,1,car,0 days 00:49:24.608000,0 days 01:47:40.120000
2024-07-07 14:52:37.349,10912,168,4,100,False,1,car,0 days 00:49:24.808000,0 days 01:47:40.320000
2024-07-07 14:52:37.670,9903,183,5,100,False,1,car,0 days 00:49:25.129000,0 days 01:47:40.641000
2024-07-07 14:52:37.870,10227,191,5,100,False,1,car,0 days 00:49:25.329000,0 days 01:47:40.841000
2024-07-07 14:52:38.070,10558,197,5,100,False,1,car,0 days 00:49:25.529000,0 days 01:47:41.041000
2024-07-07 14:52:38.310,10835,199,5,100,False,1,car,0 days 00:49:25.769000,0 days 01:47:41.281000
2024-07-07 14:52:38.550,11258,206,5,100,False,1,car,0 days 00:49:26.009000,0 days 01:47:41.521000
2024-07-07 14:52:38.790,11503,216,5,100,False,1,car,0 days 00:49:26.249000,0 days 01:47:41.761000
2024-07-07 14:52:39.110,11862,221,5,100,False,1,car,0 days 00:49:26.569000,0 days 01:47:42.081000
2024-07-07 14:52:39.390,11162,228,5,100,False,1,car,0 days 00:49:26.849000,0 days 01:47:42.361000
2024-07-07 14:52:39.710,10749,233,6,100,False,1,car,0 days 00:49:27.169000,0 days 01:47:42.681000
2024-07-07 14:52:39.910,10789,236,6,100,False,1,car,0 days 00:49:27.369000,0 days 01:47:42.881000
2024-07-07 14:52:40.110,10943,240,6,100,False,1,car,0 days 00:49:27.569000,0 days 01:47:43.081000
2024-07-07 14:52:40.350,11138,243,6,100,False,1,car,0 days 00:49:27.809000,0 days 01:47:43.321000
2024-07-07 14:52:40.710,11412,250,6,100,False,1,car,0 days 00:49:28.169000,0 days 01:47:43.681000
2024-07-07 14:52:40.950,11513,250,6,100,False,1,car,0 days 00:49:28.409000,0 days 01:47:43.921000
2024-07-07 14:52:41.150,11665,255,6,100,False,1,car,0 days 00:49:28.609000,0 days 01:47:44.121000
2024-07-07 14:52:41.310,11695,259,6,100,False,1,car,0 days 00:49:28.769000,0 days 01:47:44.281000
2024-07-07 14:52:41.550,10575,259,6,100,False,1,car,0 days 00:49:29.009000,0 days 01:47:44.521000
2024-07-07 14:52:41.870,10600,265,7,100,False,1,car,0 days 00:49:29.329000,0 days 01:47:44.841000
2024-07-07 14:52:42.110,10658,268,7,100,False,1,car,0 days 00:49:29.569000,0 days 01:47:45.081000
2024-07-07 14:52:42.390,10740,270,7,100,False,1,car,0 days 00:49:29.849000,0 days 01:47:45.361000
2024-07-07 14:52:42.710,10882,273,7,100,False,1,car,0 days 00:49:30.169000,0 days 01:47:45.681000
2024-07-07 14:52:42.910,10956,275,7,100,False,1,car,0 days 00:49:30.369000,0 days 01:47:45.881000
2024-07-07 14:52:43.229,11048,278,7,100,False,1,car,0 days 00:49:30.688000,0 days 01:47:46.200000
2024-07-07 14:52:43.429,11111,280,7,100,False,1,car,0 days 00:49:30.888000,0 days 01:47:46.400000
2024-07-07 14:52:43.749,11204,282,7,100,False,1,car,0 days 00:49:31.208000,0 days 01:47:46.720000
2024-07-07 14:52:44.070,11239,284,7,100,False,1,car,0 days 00:49:31.529000,0 days 01:47:47.041000
2024-07-07 14:52:44.390,11276,284,7,100,False,1,car,0 days 00:49:31.849000,0 days 01:47:47.361000
2024-07-07 14:52:44.710,11283,285,7,100,False,1,car,0 days 00:49:32.169000,0 days 01:47:47.681000
2024-07-07 14:52:44.950,11283,284,7,100,False,1,car,0 days 00:49:32.409000,0 days 01:47:47.921000
2024-07-07 14:52:45.310,11334,285,7,100,False,1,car,0 days 00:49:32.769000,0 days 01:47:48.281000
2024-07-07 14:52:45.470,11295,285,7,100,False,1,car,0 days 00:49:32.929000,0 days 01:47:48.441000
2024-07-07 14:52:45.710,11299,285,7,100,False,1,car,0 days 00:49:33.169000,0 days 01:47:48.681000
2024-07-07 14:52:45.910,11293,285,7,100,False,1,car,0 days 00:49:33.369000,0 days 01:47:48.881000
2024-07-07 14:52:46.110,11223,286,7,100,False,1,car,0 days 00:49:33.569000,0 days 01:47:49.081000
2024-07-07 14:52:46.510,11195,283,7,100,False,1,car,0 days 00:49:33.969000,0 days 01:47:49.481000
2024-07-07 14:52:46.750,10754,283,7,0,True,1,car,0 days 00:49:34.209000,0 days 01:47:49.721000
2024-07-07 14:52:46.910,10933,281,7,0,True,1,car,0 days 00:49:34.369000,0 days 01:47:49.881000
2024-07-07 14:52:47.110,9750,256,7,0,True,1,car,0 days 00:49:34.569000,0 days 01:47:50.081000
2024-07-07 14:52:47.270,9475,236,7,0,True,1,car,0 days 00:49:34.729000,0 days 01:47:50.241000
2024-07-07 14:52:47.550,9321,218,6,0,True,1,car,0 days 00:49:35.009000,0 days 01:47:50.521000
2024-07-07 14:52:47.710,9138,203,6,0,True,1,car,0 days 00:49:35.169000,0 days 01:47:50.681000
2024-07-07 14:52:47.990,9541,186,5,0,True,1,car,0 days 00:49:35.449000,0 days 01:47:50.961000
2024-07-07 14:52:48.350,8739,174,5,0,True,1,car,0 days 00:49:35.809000,0 days 01:47:51.321000
2024-07-07 14:52:48.630,9736,164,4,0,True,1,car,0 days 00:49:36.089000,0 days 01:47:51.601000
2024-07-07 14:52:48.870,9507,155,4,0,True,1,car,0 days 00:49:36.329000,0 days 01:47:51.841000
2024-07-07 14:52:49.230,9129,150,4,0,False,1,car,0 days 00:49:36.689000,0 days 01:47:52.201000
2024-07-07 14:52:49.630,8721,143,4,0,False,1,car,0 days 00:49:37.089000,0 days 01:47:52.601000
2024-07-07 14:52:49.789,8650,140,4,0,False,1,car,0 days 00:49:37.248000,0 days 01:47:52.760000
2024-07-07 14:52:49.949,8439,139,4,5,False,1,car,0 days 00:49:37.408000,0 days 01:47:52.920000
2024-07-07 14:52:50.269,8462,135,4,23,False,1,car,0 days 00:49:37.728000,0 days 01:47:53.240000
2024-07-07 14:52:50.469,8322,133,4,31,False,1,car,0 days 00:49:37.928000,0 days 01:47:53.440000
2024-07-07 14:52:50.630,8407,134,4,36,False,1,car,0 days 00:49:38.089000,0 days 01:47:53.601000
2024-07-07 14:52:50.830,8465,134,4,39,False,1,car,0 days 00:49:38.289000,0 days 01:47:53.801000
2024-07-07 14:52:51.110,8503,135,4,43,False,1,car,0 days 00:49:38.569000,0 days 01:47:54.081000
2024-07-07 14:52:51.270,8603,135,4,48,False,1,car,0 days 00:49:38.729000,0 days 01:47:54.241000
2024-07-07 14:52:51.590,8907,139,4,55,False,1,car,0 days 00:49:39.049000,0 days 01:47:54.561000
2024-07-07 14:52:51.950,9246,143,4,58,False,1,car,0 days 00:49:39.409000,0 days 01:47:54.921000
2024-07-07 14:52:52.390,9359,150,4,45,True,1,car,0 days 00:49:39.849000,0 days 01:47:55.361000
2024-07-07 14:52:52.590,8694,143,4,0,True,1,car,0 days 00:49:40.049000,0 days 01:47:55.561000
2024-07-07 14:52:52.950,8274,136,4,0,True,1,car,0 days 00:49:40.409000,0 days 01:47:55.921000
2024-07-07 14:52:53.110,7908,131,4,0,True,1,car,0 days 00:49:40.569000,0 days 01:47:56.081000
2024-07-07 14:52:53.310,7720,129,4,0,True,1,car,0 days 00:49:40.769000,0 days 01:47:56.281000
2024-07-07 14:52:53.670,7337,123,4,0,True,1,car,0 days 00:49:41.129000,0 days 01:47:56.641000
2024-07-07 14:52:53.910,7047,116,4,0,True,1,car,0 days 00:49:41.369000,0 days 01:47:56.881000
2024-07-07 14:52:54.110,6839,114,4,0,True,1,car,0 days 00:49:41.569000,0 days 01:47:57.081000
2024-07-07 14:52:54.390,6487,106,4,0,True,1,car,0 days 00:49:41.849000,0 days 01:47:57.361000
2024-07-07 14:52:54.670,6284,101,4,0,True,1,car,0 days 00:49:42.129000,0 days 01:47:57.641000
2024-07-07 14:52:55.110,5859,95,4,0,True,1,car,0 days 00:49:42.569000,0 days 01:47:58.081000
2024-07-07 14:52:55.510,5648,91,4,0,False,1,car,0 days 00:49:42.969000,0 days 01:47:58.481000
2024-07-07 14:52:55.790,5816,90,4,20,False,1,car,0 days 00:49:43.249000,0 days 01:47:58.761000
2024-07-07 14:52:56.110,6026,92,4,27,False,1,car,0 days 00:49:43.569000,0 days 01:47:59.081000
2024-07-07 14:52:56.429,6307,95,4,38,False,1,car,0 days 00:49:43.888000,0 days 01:47:59.400000
2024-07-07 14:52:56.589,6422,97,4,40,False,1,car,0 days 00:49:44.048000,0 days 01:47:59.560000
2024-07-07 14:52:56.909,6706,102,4,44,False,1,car,0 days 00:49:44.368000,0 days 01:47:59.880000
2024-07-07 14:52:57.069,7072,106,4,50,False,1,car,0 days 00:49:44.528000,0 days 01:48:00.040000
2024-07-07 14:52:57.390,7395,112,4,55,False,1,car,0 days 00:49:44.849000,0 days 01:48:00.361000
2024-07-07 14:52:57.670,7980,120,4,65,False,1,car,0 days 00:49:45.129000,0 days 01:48:00.641000
2024-07-07 14:52:58.030,8935,130,4,79,False,1,car,0 days 00:49:45.489000,0 days 01:48:01.001000
2024-07-07 14:52:58.190,9343,137,4,81,False,1,car,0 days 00:49:45.649000,0 days 01:48:01.161000
2024-07-07 14:52:58.430,9894,145,4,85,False,1,car,0 days 00:49:45.889000,0 days 01:48:01.401000
2024-07-07 14:52:58.830,10678,160,4,100,False,1,car,0 days 00:49:46.289000,0 days 01:48:01.801000
2024-07-07 14:52:59.030,10988,170,4,100,False,1,car,0 days 00:49:46.489000,0 days 01:48:02.001000
2024-07-07 14:52:59.270,12143,177,4,100,False,1,car,0 days 00:49:46.729000,0 days 01:48:02.241000
2024-07-07 14:52:59.670,10645,195,5,100,False,1,car,0 days 00:49:47.129000,0 days 01:48:02.641000
2024-07-07 14:52:59.950,11205,203,5,100,False,1,car,0 days 00:49:47.409000,0 days 01:48:02.921000
2024-07-07 14:53:00.230,11376,207,5,100,False,1,car,0 days 00:49:47.689000,0 days 01:48:03.201000
2024-07-07 14:53:00.470,11661,220,5,100,False,1,car,0 days 00:49:47.929000,0 days 01:48:03.441000
2024-07-07 14:53:00.630,10689,222,5,100,False,1,car,0 days 00:49:48.089000,0 days 01:48:03.601000
2024-07-07 14:53:00.870,10567,229,6,100,False,1,car,0 days 00:49:48.329000,0 days 01:48:03.841000
2024-07-07 14:53:01.230,10886,235,6,100,False,1,car,0 days 00:49:48.689000,0 days 01:48:04.201000
2024-07-07 14:53:01.590,11124,243,6,100,False,1,car,0 days 00:49:49.049000,0 days 01:48:04.561000
2024-07-07 14:53:01.750,11252,245,6,100,False,1,car,0 days 00:49:49.209000,0 days 01:48:04.721000
2024-07-07 14:53:02.070,11486,251,6,100,False,1,car,0 days 00:49:49.529000,0 days 01:48:05.041000
2024-07-07 14:53:02.230,11592,253,6,100,False,1,car,0 days 00:49:49.689000,0 days 01:48:05.201000
2024-07-07 14:53:02.510,11671,256,6,100,False,1,car,0 days 00:49:49.969000,0 days 01:48:05.481000
2024-07-07 14:53:02.870,10691,263,6,100,False,1,car,0 days 00:49:50.329000,0 days 01:48:05.841000
2024-07-07 14:53:03.109,10683,264,6,100,False,1,car,0 days 00:49:50.568000,0 days 01:48:06.080000
2024-07-07 14:53:03.469,10697,269,7,100,False,1,car,0 days 00:49:50.928000,0 days 01:48:06.440000
2024-07-07 14:53:03.749,10854,271,7,100,False,1,car,0 days 00:49:51.208000,0 days 01:48:06.720000
2024-07-07 14:53:03.910,10922,272,7,100,False,1,car,0 days 00:49:51.369000,0 days 01:48:06.881000
2024-07-07 14:53:04.270,11034,276,7,100,False,1,car,0 days 00:49:51.729000,0 days 01:48:07.241000
2024-07-07 14:53:04.470,11092,278,7,100,False,1,car,0 days 00:49:51.929000,0 days 01:48:07.441000
2024-07-07 14:53:04.630,11109,279,7,100,False,1,car,0 days 00:49:52.089000,0 days 01:48:07.601000
2024-07-07 14:53:04.870,11215,283,7,100,False,1,car,0 days 00:49:52.329000,0 days 01:48:07.841000
2024-07-07 14:53:05.030,11232,281,7,100,False,1,car,0 days 00:49:52.489000,0 days 01:48:08.001000
2024-07-07 14:53:05.390,11301,285,7,100,False,1,car,0 days 00:49:52.849000,0 days 01:48:08.361000
2024-07-07 14:53:05.670,11377,286,7,100,False,1,car,0 days 00:49:53.129000,0 days 01:48:08.641000
2024-07-07 14:53:05.990,11343,288,7,100,False,1,car,0 days 00:49:53.449000,0 days 01:48:08.961000
2024-07-07 14:53:06.150,11398,287,7,100,False,1,car,0 days 00:49:53.609000,0 days 01:48:09.121000
2024-07-07 14:53:06.550,11410,288,7,100,False,1,car,0 days 00:49:54.009000,0 days 01:48:09.521000
2024-07-07 14:53:06.870,11406,289,7,100,False,1,car,0 days 00:49:54.329000,0 days 01:48:09.841000
2024-07-07 14:53:07.070,11432,288,7,100,False,1,car,0 days 00:49:54.529000,0 days 01:48:10.041000
2024-07-07 14:53:07.390,11429,289,7,100,False,1,car,0 days 00:49:54.849000,0 days 01:48:10.361000
2024-07-07 14:53:07.550,11417,290,7,100,False,1,car,0 days 00:49:55.009000,0 days 01:48:10.521000
2024-07-07 14:53:07.710,11390,289,7,100,False,1,car,0 days 00:49:55.169000,0 days 01:48:10.681000
2024-07-07 14:53:07.990,11367,288,7,97,False,1,car,0 days 00:49:55.449000,0 days 01:48:10.961000
2024-07-07 14:53:08.150,11147,286,7,0,True,1,car,0 days 00:49:55.609000,0 days 01:48:11.121000
2024-07-07 14:53:08.310,10693,276,7,0,True,1,car,0 days 00:49:55.769000,0 days 01:48:11.281000
2024-07-07 14:53:08.550,10241,266,7,0,True,1,car,0 days 00:49:56.009000,0 days 01:48:11.521000
2024-07-07 14:53:08.750,9887,260,7,0,True,1,car,0 days 00:49:56.209000,0 days 01:48:11.721000
2024-07-07 14:53:08.950,9922,253,7,0,True,1,car,0 days 00:49:56.409000,0 days 01:48:11.921000
2024-07-07 14:53:09.270,10806,243,7,37,False,1,car,0 days 00:49:56.729000,0 days 01:48:12.241000
2024-07-07 14:53:09.430,10811,240,6,63,False,1,car,0 days 00:49:56.889000,0 days 01:48:12.401000
2024-07-07 14:53:09.670,10868,235,6,75,False,1,car,0 days 00:49:57.129000,0 days 01:48:12.641000
2024-07-07 14:53:09.949,10914,237,6,83,False,1,car,0 days 00:49:57.408000,0 days 01:48:12.920000
2024-07-07 14:53:10.149,10939,239,6,84,False,1,car,0 days 00:49:57.608000,0 days 01:48:13.120000
2024-07-07 14:53:10.550,11098,241,6,100,False,1,car,0 days 00:49:58.009000,0 days 01:48:13.521000
2024-07-07 14:53:10.790,11218,244,6,100,False,1,car,0 days 00:49:58.249000,0 days 01:48:13.761000
2024-07-07 14:53:10.990,11294,247,6,100,False,1,car,0 days 00:49:58.449000,0 days 01:48:13.961000
2024-07-07 14:53:11.190,11433,250,6,100,False,1,car,0 days 00:49:58.649000,0 days 01:48:14.161000
2024-07-07 14:53:11.470,11540,252,6,100,False,1,car,0 days 00:49:58.929000,0 days 01:48:14.441000
2024-07-07 14:53:11.670,11686,253,6,100,False,1,car,0 days 00:49:59.129000,0 days 01:48:14.641000
2024-07-07 14:53:11.870,11669,257,6,100,False,1,car,0 days 00:49:59.329000,0 days 01:48:14.841000
2024-07-07 14:53:12.190,11089,261,6,100,False,1,car,0 days 00:49:59.649000,0 days 01:48:15.161000
2024-07-07 14:53:12.550,10780,265,7,100,False,1,car,0 days 00:50:00.009000,0 days 01:48:15.521000
2024-07-07 14:53:12.750,10699,266,7,100,False,1,car,0 days 00:50:00.209000,0 days 01:48:15.721000
2024-07-07 14:53:12.910,10793,267,7,100,False,1,car,0 days 00:50:00.369000,0 days 01:48:15.881000
2024-07-07 14:53:13.150,10851,271,7,100,False,1,car,0 days 00:50:00.609000,0 days 01:48:16.121000
2024-07-07 14:53:13.430,10936,275,7,100,False,1,car,0 days 00:50:00.889000,0 days 01:48:16.401000
2024-07-07 14:53:13.590,10936,276,7,100,False,1,car,0 days 00:50:01.049000,0 days 01:48:16.561000
2024-07-07 14:53:13.910,11112,278,7,100,False,1,car,0 days 00:50:01.369000,0 days 01:48:16.881000
2024-07-07 14:53:14.110,11205,280,7,100,False,1,car,0 days 00:50:01.569000,0 days 01:48:17.081000
2024-07-07 14:53:14.350,11229,282,7,100,False,1,car,0 days 00:50:01.809000,0 days 01:48:17.321000
2024-07-07 14:53:14.630,11291,284,7,100,False,1,car,0 days 00:50:02.089000,0 days 01:48:17.601000
2024-07-07 14:53:14.830,11367,285,7,100,False,1,car,0 days 00:50:02.289000,0 days 01:48:17.801000
2024-07-07 14:53:15.110,11434,287,7,100,False,1,car,0 days 00:50:02.569000,0 days 01:48:18.081000
2024-07-07 14:53:15.270,11453,288,7,100,False,1,car,0 days 00:50:02.729000,0 days 01:48:18.241000
2024-07-07 14:53:15.670,11539,291,7,100,False,1,car,0 days 00:50:03.129000,0 days 01:48:18.641000
2024-07-07 14:53:15.870,11539,293,7,100,False,1,car,0 days 00:50:03.329000,0 days 01:48:18.841000
2024-07-07 14:53:16.110,11576,292,7,100,False,1,car,0 days 00:50:03.569000,0 days 01:48:19.081000
2024-07-07 14:53:16.270,11616,292,7,100,False,1,car,0 days 00:50:03.729000,0 days 01:48:19.241000
2024-07-07 14:53:16.589,11629,292,7,100,False,1,car,0 days 00:50:04.048000,0 days 01:48:19.560000
2024-07-07 14:53:16.789,11586,291,7,100,False,1,car,0 days 00:50:04.248000,0 days 01:48:19.760000
2024-07-07 14:53:17.230,11465,290,7,0,True,1,car,0 days 00:50:04.689000,0 days 01:48:20.201000
2024-07-07 14:53:17.430,10634,278,7,0,True,1,car,0 days 00:50:04.889000,0 days 01:48:20.401000
2024-07-07 14:53:17.630,10146,265,7,0,True,1,car,0 days 00:50:05.089000,0 days 01:48:20.601000
2024-07-07 14:53:18.030,9643,251,7,5,False,1,car,0 days 00:50:05.489000,0 days 01:48:21.001000
2024-07-07 14:53:18.230,9445,244,7,26,False,1,car,0 days 00:50:05.689000,0 days 01:48:21.201000
2024-07-07 14:53:18.390,9401,238,7,36,False,1,car,0 days 00:50:05.849000,0 days 01:48:21.361000
2024-07-07 14:53:18.670,9328,233,7,67,False,1,car,0 days 00:50:06.129000,0 days 01:48:21.641000
2024-07-07 14:53:18.950,9334,233,7,77,False,1,car,0 days 00:50:06.409000,0 days 01:48:21.921000
2024-07-07 14:53:19.270,9413,235,7,82,False,1,car,0 days 00:50:06.729000,0 days 01:48:22.241000
2024-07-07 14:53:19.550,9528,237,7,80,False,1,car,0 days 00:50:07.009000,0 days 01:48:22.521000
2024-07-07 14:53:19.790,9562,238,7,0,True,1,car,0 days 00:50:07.249000,0 days 01:48:22.761000
2024-07-07 14:53:19.990,9067,230,7,0,True,1,car,0 days 00:50:07.449000,0 days 01:48:22.961000
2024-07-07 14:53:20.310,9800,219,7,0,True,1,car,0 days 00:50:07.769000,0 days 01:48:23.281000
2024-07-07 14:53:20.670,9367,208,6,0,False,1,car,0 days 00:50:08.129000,0 days 01:48:23.641000
2024-07-07 14:53:21.030,9179,202,6,44,False,1,car,0 days 00:50:08.489000,0 days 01:48:24.001000
2024-07-07 14:53:21.190,9170,201,6,50,False,1,car,0 days 00:50:08.649000,0 days 01:48:24.161000
2024-07-07 14:53:21.510,9139,200,6,57,False,1,car,0 days 00:50:08.969000,0 days 01:48:24.481000
2024-07-07 14:53:21.790,9139,202,6,59,False,1,car,0 days 00:50:09.249000,0 days 01:48:24.761000
2024-07-07 14:53:21.990,8579,193,6,0,True,1,car,0 days 00:50:09.449000,0 days 01:48:24.961000
2024-07-07 14:53:22.270,9257,184,6,0,True,1,car,0 days 00:50:09.729000,0 days 01:48:25.241000
2024-07-07 14:53:22.590,8746,169,5,0,True,1,car,0 days 00:50:10.049000,0 days 01:48:25.561000
2024-07-07 14:53:22.990,8232,158,5,0,True,1,car,0 days 00:50:10.449000,0 days 01:48:25.961000
2024-07-07 14:53:23.150,8045,156,5,0,True,1,car,0 days 00:50:10.609000,0 days 01:48:26.121000
2024-07-07 14:53:23.590,9105,147,4,0,False,1,car,0 days 00:50:11.049000,0 days 01:48:26.561000
2024-07-07 14:53:23.830,8802,145,4,13,False,1,car,0 days 00:50:11.289000,0 days 01:48:26.801000
2024-07-07 14:53:24.110,8977,142,4,53,False,1,car,0 days 00:50:11.569000,0 days 01:48:27.081000
2024-07-07 14:53:24.350,9363,143,4,60,False,1,car,0 days 00:50:11.809000,0 days 01:48:27.321000
2024-07-07 14:53:24.550,9709,147,4,70,False,1,car,0 days 00:50:12.009000,0 days 01:48:27.521000
2024-07-07 14:53:24.750,10032,151,4,82,False,1,car,0 days 00:50:12.209000,0 days 01:48:27.721000
2024-07-07 14:53:24.990,10312,159,4,82,False,1,car,0 days 00:50:12.449000,0 days 01:48:27.961000
2024-07-07 14:53:25.350,11250,169,4,100,False,1,car,0 days 00:50:12.809000,0 days 01:48:28.321000
2024-07-07 14:53:25.550,11470,177,4,100,False,1,car,0 days 00:50:13.009000,0 days 01:48:28.521000
2024-07-07 14:53:25.870,10512,191,4,100,False,1,car,0 days 00:50:13.329000,0 days 01:48:28.841000
2024-07-07 14:53:26.070,10626,198,5,100,False,1,car,0 days 00:50:13.529000,0 days 01:48:29.041000
2024-07-07 14:53:26.350,11063,205,5,100,False,1,car,0 days 00:50:13.809000,0 days 01:48:29.321000
2024-07-07 14:53:26.550,11376,210,5,100,False,1,car,0 days 00:50:14.009000,0 days 01:48:29.521000
2024-07-07 14:53:26.750,11633,215,5,100,False,1,car,0 days 00:50:14.209000,0 days 01:48:29.721000
2024-07-07 14:53:26.990,11871,221,5,100,False,1,car,0 days 00:50:14.449000,0 days 01:48:29.961000
2024-07-07 14:53:27.230,11081,226,5,100,False,1,car,0 days 00:50:14.689000,0 days 01:48:30.201000
2024-07-07 14:53:27.470,10636,232,6,100,False,1,car,0 days 00:50:14.929000,0 days 01:48:30.441000
2024-07-07 14:53:27.750,10938,237,6,100,False,1,car,0 days 00:50:15.209000,0 days 01:48:30.721000
2024-07-07 14:53:27.910,10938,240,6,100,False,1,car,0 days 00:50:15.369000,0 days 01:48:30.881000
2024-07-07 14:53:28.070,11127,244,6,100,False,1,car,0 days 00:50:15.529000,0 days 01:48:31.041000
2024-07-07 14:53:28.390,11343,249,6,100,False,1,car,0 days 00:50:15.849000,0 days 01:48:31.361000
2024-07-07 14:53:28.790,11599,255,6,100,False,1,car,0 days 00:50:16.249000,0 days 01:48:31.761000
2024-07-07 14:53:28.950,11689,256,6,100,False,1,car,0 days 00:50:16.409000,0 days 01:48:31.921000
2024-07-07 14:53:29.390,10402,263,7,100,False,1,car,0 days 00:50:16.849000,0 days 01:48:32.361000
2024-07-07 14:53:29.590,10567,266,7,100,False,1,car,0 days 00:50:17.049000,0 days 01:48:32.561000
2024-07-07 14:53:29.790,10674,267,7,100,False,1,car,0 days 00:50:17.249000,0 days 01:48:32.761000
2024-07-07 14:53:30.029,10849,270,7,100,False,1,car,0 days 00:50:17.488000,0 days 01:48:33
2024-07-07 14:53:30.430,10925,274,7,100,False,1,car,0 days 00:50:17.889000,0 days 01:48:33.401000
2024-07-07 14:53:30.750,11055,276,7,100,False,1,car,0 days 00:50:18.209000,0 days 01:48:33.721000
2024-07-07 14:53:31.070,11132,281,7,100,False,1,car,0 days 00:50:18.529000,0 days 01:48:34.041000
2024-07-07 14:53:31.230,11197,281,7,100,False,1,car,0 days 00:50:18.689000,0 days 01:48:34.201000
2024-07-07 14:53:31.470,11242,284,7,100,False,1,car,0 days 00:50:18.929000,0 days 01:48:34.441000
2024-07-07 14:53:31.750,11318,284,7,100,False,1,car,0 days 00:50:19.209000,0 days 01:48:34.721000
2024-07-07 14:53:31.990,11349,287,7,100,False,1,car,0 days 00:50:19.449000,0 days 01:48:34.961000
2024-07-07 14:53:32.350,11426,288,7,100,False,1,car,0 days 00:50:19.809000,0 days 01:48:35.321000
2024-07-07 14:53:32.510,11448,288,7,100,False,1,car,0 days 00:50:19.969000,0 days 01:48:35.481000
2024-07-07 14:53:32.670,11469,289,7,100,False,1,car,0 days 00:50:20.129000,0 days 01:48:35.641000
2024-07-07 14:53:32.870,11483,290,7,100,False,1,car,0 days 00:50:20.329000,0 days 01:48:35.841000
2024-07-07 14:53:33.070,11504,290,7,100,False,1,car,0 days 00:50:20.529000,0 days 01:48:36.041000
2024-07-07 14:53:33.230,11441,290,7,100,False,1,car,0 days 00:50:20.689000,0 days 01:48:36.201000
2024-07-07 14:53:33.510,11509,290,7,100,False,1,car,0 days 00:50:20.969000,0 days 01:48:36.481000
2024-07-07 14:53:33.710,11453,290,7,100,False,1,car,0 days 00:50:21.169000,0 days 01:48:36.681000
2024-07-07 14:53:34.110,11489,291,7,100,False,1,car,0 days 00:50:21.569000,0 days 01:48:37.081000
2024-07-07 14:53:34.430,11445,288,7,100,False,1,car,0 days 00:50:21.889000,0 days 01:48:37.401000
2024-07-07 14:53:34.590,11416,289,7,100,False,1,car,0 days 00:50:22.049000,0 days 01:48:37.561000
2024-07-07 14:53:34.750,11406,288,7,100,False,1,car,0 days 00:50:22.209000,0 days 01:48:37.721000
2024-07-07 14:53:35.030,11436,289,7,100,False,1,car,0 days 00:50:22.489000,0 days 01:48:38.001000
2024-07-07 14:53:35.230,11411,288,7,100,False,1,car,0 days 00:50:22.689000,0 days 01:48:38.201000
2024-07-07 14:53:35.590,11332,286,7,100,False,1,car,0 days 00:50:23.049000,0 days 01:48:38.561000
2024-07-07 14:53:35.990,11230,284,7,100,False,1,car,0 days 00:50:23.449000,0 days 01:48:38.961000
2024-07-07 14:53:36.230,10499,279,7,0,True,1,car,0 days 00:50:23.689000,0 days 01:48:39.201000
2024-07-07 14:53:36.590,9818,251,7,0,True,1,car,0 days 00:50:24.049000,0 days 01:48:39.561000
2024-07-07 14:53:36.910,10021,232,7,0,True,1,car,0 days 00:50:24.369000,0 days 01:48:39.881000
2024-07-07 14:53:37.070,10027,219,7,0,True,1,car,0 days 00:50:24.529000,0 days 01:48:40.041000
2024-07-07 14:53:37.470,9217,203,6,0,True,1,car,0 days 00:50:24.929000,0 days 01:48:40.441000
2024-07-07 14:53:37.630,8745,203,6,0,True,1,car,0 days 00:50:25.089000,0 days 01:48:40.601000
2024-07-07 14:53:37.790,8598,194,6,0,True,1,car,0 days 00:50:25.249000,0 days 01:48:40.761000
2024-07-07 14:53:38.070,9642,183,5,0,True,1,car,0 days 00:50:25.529000,0 days 01:48:41.041000
2024-07-07 14:53:38.230,9429,182,5,0,False,1,car,0 days 00:50:25.689000,0 days 01:48:41.201000
2024-07-07 14:53:38.430,9290,179,5,0,False,1,car,0 days 00:50:25.889000,0 days 01:48:41.401000
2024-07-07 14:53:38.630,8995,176,5,0,False,1,car,0 days 00:50:26.089000,0 days 01:48:41.601000
2024-07-07 14:53:38.870,8703,168,5,0,False,1,car,0 days 00:50:26.329000,0 days 01:48:41.841000
2024-07-07 14:53:39.030,8563,166,5,0,False,1,car,0 days 00:50:26.489000,0 days 01:48:42.001000
2024-07-07 14:53:39.310,8385,160,5,32,False,1,car,0 days 00:50:26.769000,0 days 01:48:42.281000
2024-07-07 14:53:39.510,8571,159,5,53,False,1,car,0 days 00:50:26.969000,0 days 01:48:42.481000
2024-07-07 14:53:39.710,8668,162,5,61,False,1,car,0 days 00:50:27.169000,0 days 01:48:42.681000
2024-07-07 14:53:39.910,8858,162,5,64,False,1,car,0 days 00:50:27.369000,0 days 01:48:42.881000
2024-07-07 14:53:40.110,9073,165,5,72,False,1,car,0 days 00:50:27.569000,0 days 01:48:43.081000
2024-07-07 14:53:40.390,9232,170,5,74,False,1,car,0 days 00:50:27.849000,0 days 01:48:43.361000
2024-07-07 14:53:40.670,9854,180,5,94,False,1,car,0 days 00:50:28.129000,0 days 01:48:43.641000
2024-07-07 14:53:40.990,10302,188,5,100,False,1,car,0 days 00:50:28.449000,0 days 01:48:43.961000
2024-07-07 14:53:41.270,10702,198,5,100,False,1,car,0 days 00:50:28.729000,0 days 01:48:44.241000
2024-07-07 14:53:41.590,11082,206,5,100,False,1,car,0 days 00:50:29.049000,0 days 01:48:44.561000
2024-07-07 14:53:41.750,11372,209,5,100,False,1,car,0 days 00:50:29.209000,0 days 01:48:44.721000
2024-07-07 14:53:41.990,11584,216,5,100,False,1,car,0 days 00:50:29.449000,0 days 01:48:44.961000
2024-07-07 14:53:42.190,11147,222,5,100,False,1,car,0 days 00:50:29.649000,0 days 01:48:45.161000
2024-07-07 14:53:42.430,10322,226,6,100,False,1,car,0 days 00:50:29.889000,0 days 01:48:45.401000
2024-07-07 14:53:42.630,10595,230,6,100,False,1,car,0 days 00:50:30.089000,0 days 01:48:45.601000
2024-07-07 14:53:42.830,10673,234,6,100,False,1,car,0 days 00:50:30.289000,0 days 01:48:45.801000
2024-07-07 14:53:42.990,10772,237,6,100,False,1,car,0 days 00:50:30.449000,0 days 01:48:45.961000
2024-07-07 14:53:43.190,10869,239,6,100,False,1,car,0 days 00:50:30.649000,0 days 01:48:46.161000
2024-07-07 14:53:43.470,11056,243,6,100,False,1,car,0 days 00:50:30.929000,0 days 01:48:46.441000
2024-07-07 14:53:43.670,11115,244,6,100,False,1,car,0 days 00:50:31.129000,0 days 01:48:46.641000
2024-07-07 14:53:43.870,11099,246,6,100,False,1,car,0 days 00:50:31.329000,0 days 01:48:46.841000
2024-07-07 14:53:44.190,11209,247,6,100,False,1,car,0 days 00:50:31.649000,0 days 01:48:47.161000
2024-07-07 14:53:44.390,11218,248,6,100,False,1,car,0 days 00:50:31.849000,0 days 01:48:47.361000
2024-07-07 14:53:44.550,11263,249,6,100,False,1,car,0 days 00:50:32.009000,0 days 01:48:47.521000
2024-07-07 14:53:44.750,10916,250,6,0,True,1,car,0 days 00:50:32.209000,0 days 01:48:47.721000
2024-07-07 14:53:45.150,9980,225,6,0,True,1,car,0 days 00:50:32.609000,0 days 01:48:48.121000
2024-07-07 14:53:45.310,9980,207,6,0,True,1,car,0 days 00:50:32.769000,0 days 01:48:48.281000
2024-07-07 14:53:45.470,8860,188,6,0,True,1,car,0 days 00:50:32.929000,0 days 01:48:48.441000
2024-07-07 14:53:45.750,9009,172,5,0,True,1,car,0 days 00:50:33.209000,0 days 01:48:48.721000
2024-07-07 14:53:45.950,9242,157,5,0,True,1,car,0 days 00:50:33.409000,0 days 01:48:48.921000
2024-07-07 14:53:46.150,9359,142,4,0,True,1,car,0 days 00:50:33.609000,0 days 01:48:49.121000
2024-07-07 14:53:46.430,8857,125,3,0,True,1,car,0 days 00:50:33.889000,0 days 01:48:49.401000
2024-07-07 14:53:46.670,8020,113,3,0,True,1,car,0 days 00:50:34.129000,0 days 01:48:49.641000
2024-07-07 14:53:47.070,7222,101,3,0,True,1,car,0 days 00:50:34.529000,0 days 01:48:50.041000
2024-07-07 14:53:47.270,6871,95,3,0,True,1,car,0 days 00:50:34.729000,0 days 01:48:50.241000
2024-07-07 14:53:47.470,6759,91,3,0,True,1,car,0 days 00:50:34.929000,0 days 01:48:50.441000
2024-07-07 14:53:47.750,6369,87,3,0,True,1,car,0 days 00:50:35.209000,0 days 01:48:50.721000
2024-07-07 14:53:48.030,6256,84,3,0,False,1,car,0 days 00:50:35.489000,0 days 01:48:51.001000
2024-07-07 14:53:48.230,6033,82,3,3,False,1,car,0 days 00:50:35.689000,0 days 01:48:51.201000
2024-07-07 14:53:48.470,6231,82,3,12,False,1,car,0 days 00:50:35.929000,0 days 01:48:51.441000
2024-07-07 14:53:48.710,6022,83,3,18,False,1,car,0 days 00:50:36.169000,0 days 01:48:51.681000
2024-07-07 14:53:48.870,6366,83,3,23,False,1,car,0 days 00:50:36.329000,0 days 01:48:51.841000
2024-07-07 14:53:49.150,6708,86,3,31,False,1,car,0 days 00:50:36.609000,0 days 01:48:52.121000
2024-07-07 14:53:49.310,6731,88,3,32,False,1,car,0 days 00:50:36.769000,0 days 01:48:52.281000
2024-07-07 14:53:49.750,7222,95,3,34,False,1,car,0 days 00:50:37.209000,0 days 01:48:52.721000
2024-07-07 14:53:50.111,6909,97,3,0,False,1,car,0 days 00:50:37.570000,0 days 01:48:53.082000
2024-07-07 14:53:50.550,6629,91,3,0,False,1,car,0 days 00:50:38.009000,0 days 01:48:53.521000
2024-07-07 14:53:50.950,6628,89,3,4,False,1,car,0 days 00:50:38.409000,0 days 01:48:53.921000
2024-07-07 14:53:51.110,6877,90,3,29,False,1,car,0 days 00:50:38.569000,0 days 01:48:54.081000
2024-07-07 14:53:51.270,7055,92,3,35,False,1,car,0 days 00:50:38.729000,0 days 01:48:54.241000
2024-07-07 14:53:51.590,7334,95,3,35,False,1,car,0 days 00:50:39.049000,0 days 01:48:54.561000
2024-07-07 14:53:51.950,7902,99,3,45,False,1,car,0 days 00:50:39.409000,0 days 01:48:54.921000
2024-07-07 14:53:52.150,8318,103,3,47,False,1,car,0 days 00:50:39.609000,0 days 01:48:55.121000
2024-07-07 14:53:52.430,8613,106,3,54,False,1,car,0 days 00:50:39.889000,0 days 01:48:55.401000
2024-07-07 14:53:52.750,9208,115,3,59,False,1,car,0 days 00:50:40.209000,0 days 01:48:55.721000
2024-07-07 14:53:53.030,8494,123,3,64,False,1,car,0 days 00:50:40.489000,0 days 01:48:56.001000
2024-07-07 14:53:53.310,8635,131,4,70,False,1,car,0 days 00:50:40.769000,0 days 01:48:56.281000
2024-07-07 14:53:53.670,9367,144,4,75,False,1,car,0 days 00:50:41.129000,0 days 01:48:56.641000
2024-07-07 14:53:53.910,9547,151,4,76,False,1,car,0 days 00:50:41.369000,0 days 01:48:56.881000
2024-07-07 14:53:54.150,10388,157,4,77,False,1,car,0 days 00:50:41.609000,0 days 01:48:57.121000
2024-07-07 14:53:54.390,9919,165,4,65,False,1,car,0 days 00:50:41.849000,0 days 01:48:57.361000
2024-07-07 14:53:54.550,9162,167,4,71,False,1,car,0 days 00:50:42.009000,0 days 01:48:57.521000
2024-07-07 14:53:54.830,9466,172,5,74,False,1,car,0 days 00:50:42.289000,0 days 01:48:57.801000
2024-07-07 14:53:55.230,9900,178,5,79,False,1,car,0 days 00:50:42.689000,0 days 01:48:58.201000
2024-07-07 14:53:55.470,10122,187,5,79,False,1,car,0 days 00:50:42.929000,0 days 01:48:58.441000
2024-07-07 14:53:55.670,10122,190,5,79,False,1,car,0 days 00:50:43.129000,0 days 01:48:58.641000
2024-07-07 14:53:55.870,10554,196,5,91,False,1,car,0 days 00:50:43.329000,0 days 01:48:58.841000
2024-07-07 14:53:56.150,11086,202,5,98,False,1,car,0 days 00:50:43.609000,0 days 01:48:59.121000
2024-07-07 14:53:56.431,11414,210,5,100,False,1,car,0 days 00:50:43.890000,0 days 01:48:59.402000
2024-07-07 14:53:56.751,11718,218,5,100,False,1,car,0 days 00:50:44.210000,0 days 01:48:59.722000
2024-07-07 14:53:56.910,11018,223,5,100,False,1,car,0 days 00:50:44.369000,0 days 01:48:59.881000
2024-07-07 14:53:57.150,10625,228,5,100,False,1,car,0 days 00:50:44.609000,0 days 01:49:00.121000
2024-07-07 14:53:57.310,10675,232,6,100,False,1,car,0 days 00:50:44.769000,0 days 01:49:00.281000
2024-07-07 14:53:57.790,11093,242,6,100,False,1,car,0 days 00:50:45.249000,0 days 01:49:00.761000
2024-07-07 14:53:57.990,11237,246,6,100,False,1,car,0 days 00:50:45.449000,0 days 01:49:00.961000
2024-07-07 14:53:58.270,11443,252,6,100,False,1,car,0 days 00:50:45.729000,0 days 01:49:01.241000
2024-07-07 14:53:58.470,11508,252,6,100,False,1,car,0 days 00:50:45.929000,0 days 01:49:01.441000
2024-07-07 14:53:58.670,11707,258,6,100,False,1,car,0 days 00:50:46.129000,0 days 01:49:01.641000
2024-07-07 14:53:58.910,11080,261,6,100,False,1,car,0 days 00:50:46.369000,0 days 01:49:01.881000
2024-07-07 14:53:59.150,10455,263,7,100,False,1,car,0 days 00:50:46.609000,0 days 01:49:02.121000
2024-07-07 14:53:59.310,10624,266,7,100,False,1,car,0 days 00:50:46.769000,0 days 01:49:02.281000
2024-07-07 14:53:59.630,10739,270,7,100,False,1,car,0 days 00:50:47.089000,0 days 01:49:02.601000
2024-07-07 14:54:00.030,10963,275,7,100,False,1,car,0 days 00:50:47.489000,0 days 01:49:03.001000
2024-07-07 14:54:00.350,11050,277,7,100,False,1,car,0 days 00:50:47.809000,0 days 01:49:03.321000
2024-07-07 14:54:00.590,11126,279,7,100,False,1,car,0 days 00:50:48.049000,0 days 01:49:03.561000
2024-07-07 14:54:00.830,11204,282,7,100,False,1,car,0 days 00:50:48.289000,0 days 01:49:03.801000
2024-07-07 14:54:01.150,11301,283,7,100,False,1,car,0 days 00:50:48.609000,0 days 01:49:04.121000
2024-07-07 14:54:01.470,11367,286,7,100,False,1,car,0 days 00:50:48.929000,0 days 01:49:04.441000
2024-07-07 14:54:01.670,11282,286,7,1,True,1,car,0 days 00:50:49.129000,0 days 01:49:04.641000
2024-07-07 14:54:02.070,10200,266,7,0,True,1,car,0 days 00:50:49.529000,0 days 01:49:05.041000
2024-07-07 14:54:02.510,9634,250,7,31,False,1,car,0 days 00:50:49.969000,0 days 01:49:05.481000
2024-07-07 14:54:02.670,9756,246,7,41,False,1,car,0 days 00:50:50.129000,0 days 01:49:05.641000
2024-07-07 14:54:02.950,9554,243,7,54,False,1,car,0 days 00:50:50.409000,0 days 01:49:05.921000
2024-07-07 14:54:03.311,9608,239,7,81,False,1,car,0 days 00:50:50.770000,0 days 01:49:06.282000
2024-07-07 14:54:03.551,9711,239,7,100,False,1,car,0 days 00:50:51.010000,0 days 01:49:06.522000
2024-07-07 14:54:03.950,9878,245,7,100,False,1,car,0 days 00:50:51.409000,0 days 01:49:06.921000
2024-07-07 14:54:04.270,10005,249,7,100,False,1,car,0 days 00:50:51.729000,0 days 01:49:07.241000
2024-07-07 14:54:04.550,10127,251,7,100,False,1,car,0 days 00:50:52.009000,0 days 01:49:07.521000
2024-07-07 14:54:04.990,10324,259,7,100,False,1,car,0 days 00:50:52.449000,0 days 01:49:07.961000
2024-07-07 14:54:05.190,10416,263,7,100,False,1,car,0 days 00:50:52.649000,0 days 01:49:08.161000
2024-07-07 14:54:05.430,10526,264,7,88,False,1,car,0 days 00:50:52.889000,0 days 01:49:08.401000
2024-07-07 14:54:05.630,10580,265,7,88,False,1,car,0 days 00:50:53.089000,0 days 01:49:08.601000
2024-07-07 14:54:05.910,10643,267,7,89,False,1,car,0 days 00:50:53.369000,0 days 01:49:08.881000
2024-07-07 14:54:06.070,10648,268,7,99,False,1,car,0 days 00:50:53.529000,0 days 01:49:09.041000
2024-07-07 14:54:06.310,10704,268,7,100,False,1,car,0 days 00:50:53.769000,0 days 01:49:09.281000
2024-07-07 14:54:06.550,10762,269,7,100,False,1,car,0 days 00:50:54.009000,0 days 01:49:09.521000
2024-07-07 14:54:06.710,10725,270,7,100,False,1,car,0 days 00:50:54.169000,0 days 01:49:09.681000
2024-07-07 14:54:07.070,10723,270,7,100,False,1,car,0 days 00:50:54.529000,0 days 01:49:10.041000
2024-07-07 14:54:07.270,10700,269,7,100,False,1,car,0 days 00:50:54.729000,0 days 01:49:10.241000
2024-07-07 14:54:07.510,10645,269,7,100,False,1,car,0 days 00:50:54.969000,0 days 01:49:10.481000
2024-07-07 14:54:07.870,9921,257,7,0,True,1,car,0 days 00:50:55.329000,0 days 01:49:10.841000
2024-07-07 14:54:08.310,9515,217,7,0,True,1,car,0 days 00:50:55.769000,0 days 01:49:11.281000
2024-07-07 14:54:08.470,9120,197,6,0,True,1,car,0 days 00:50:55.929000,0 days 01:49:11.441000
2024-07-07 14:54:08.830,8935,174,5,0,True,1,car,0 days 00:50:56.289000,0 days 01:49:11.801000
2024-07-07 14:54:09.030,9070,158,5,0,True,1,car,0 days 00:50:56.489000,0 days 01:49:12.001000
2024-07-07 14:54:09.190,8755,146,4,0,True,1,car,0 days 00:50:56.649000,0 days 01:49:12.161000
2024-07-07 14:54:09.350,8778,146,4,0,True,1,car,0 days 00:50:56.809000,0 days 01:49:12.321000
2024-07-07 14:54:09.591,9013,128,4,0,True,1,car,0 days 00:50:57.050000,0 days 01:49:12.562000
2024-07-07 14:54:09.831,8669,120,3,0,True,1,car,0 days 00:50:57.290000,0 days 01:49:12.802000
2024-07-07 14:54:10.151,7839,117,3,0,True,1,car,0 days 00:50:57.610000,0 days 01:49:13.122000
2024-07-07 14:54:10.310,7632,107,3,0,True,1,car,0 days 00:50:57.769000,0 days 01:49:13.281000
2024-07-07 14:54:10.590,7018,98,3,0,True,1,car,0 days 00:50:58.049000,0 days 01:49:13.561000
2024-07-07 14:54:10.790,6910,95,3,0,True,1,car,0 days 00:50:58.249000,0 days 01:49:13.761000
2024-07-07 14:54:10.950,6796,93,3,0,True,1,car,0 days 00:50:58.409000,0 days 01:49:13.921000
2024-07-07 14:54:11.110,6672,90,3,0,False,1,car,0 days 00:50:58.569000,0 days 01:49:14.081000
2024-07-07 14:54:11.350,6385,89,3,0,False,1,car,0 days 00:50:58.809000,0 days 01:49:14.321000
2024-07-07 14:54:11.590,6657,87,3,11,False,1,car,0 days 00:50:59.049000,0 days 01:49:14.561000
2024-07-07 14:54:12.030,6968,89,3,31,False,1,car,0 days 00:50:59.489000,0 days 01:49:15.001000
2024-07-07 14:54:12.310,7053,91,3,35,False,1,car,0 days 00:50:59.769000,0 days 01:49:15.281000
2024-07-07 14:54:12.470,7279,93,3,38,False,1,car,0 days 00:50:59.929000,0 days 01:49:15.441000
2024-07-07 14:54:12.670,7592,96,3,41,False,1,car,0 days 00:51:00.129000,0 days 01:49:15.641000
2024-07-07 14:54:13.070,8072,102,3,45,False,1,car,0 days 00:51:00.529000,0 days 01:49:16.041000
2024-07-07 14:54:13.270,8315,105,3,50,False,1,car,0 days 00:51:00.729000,0 days 01:49:16.241000
2024-07-07 14:54:13.630,8853,112,3,60,False,1,car,0 days 00:51:01.089000,0 days 01:49:16.601000
2024-07-07 14:54:13.990,9363,123,3,62,False,1,car,0 days 00:51:01.449000,0 days 01:49:16.961000
2024-07-07 14:54:14.230,8817,125,3,0,True,1,car,0 days 00:51:01.689000,0 days 01:49:17.201000
2024-07-07 14:54:14.430,7958,116,3,0,True,1,car,0 days 00:51:01.889000,0 days 01:49:17.401000
2024-07-07 14:54:14.630,7476,109,3,0,True,1,car,0 days 00:51:02.089000,0 days 01:49:17.601000
2024-07-07 14:54:14.870,6862,98,3,0,True,1,car,0 days 00:51:02.329000,0 days 01:49:17.841000
2024-07-07 14:54:15.030,6865,96,3,0,True,1,car,0 days 00:51:02.489000,0 days 01:49:18.001000
2024-07-07 14:54:15.190,6648,91,3,0,True,1,car,0 days 00:51:02.649000,0 days 01:49:18.161000
2024-07-07 14:54:15.470,7014,85,3,0,True,1,car,0 days 00:51:02.929000,0 days 01:49:18.441000
2024-07-07 14:54:15.790,6799,79,2,0,True,1,car,0 days 00:51:03.249000,0 days 01:49:18.761000
2024-07-07 14:54:16.151,6270,74,2,0,True,1,car,0 days 00:51:03.610000,0 days 01:49:19.122000
2024-07-07 14:54:16.351,6160,72,2,0,False,1,car,0 days 00:51:03.810000,0 days 01:49:19.322000
2024-07-07 14:54:16.751,6238,70,2,8,False,1,car,0 days 00:51:04.210000,0 days 01:49:19.722000
2024-07-07 14:54:17.190,6408,71,2,21,False,1,car,0 days 00:51:04.649000,0 days 01:49:20.161000
2024-07-07 14:54:17.390,6877,74,2,27,False,1,car,0 days 00:51:04.849000,0 days 01:49:20.361000
2024-07-07 14:54:17.830,7462,80,2,39,False,1,car,0 days 00:51:05.289000,0 days 01:49:20.801000
2024-07-07 14:54:18.230,7128,88,3,44,False,1,car,0 days 00:51:05.689000,0 days 01:49:21.201000
2024-07-07 14:54:18.390,7195,92,3,44,False,1,car,0 days 00:51:05.849000,0 days 01:49:21.361000
2024-07-07 14:54:18.790,7979,103,3,55,False,1,car,0 days 00:51:06.249000,0 days 01:49:21.761000
2024-07-07 14:54:19.030,8618,108,3,62,False,1,car,0 days 00:51:06.489000,0 days 01:49:22.001000
2024-07-07 14:54:19.350,9578,118,3,71,False,1,car,0 days 00:51:06.809000,0 days 01:49:22.321000
2024-07-07 14:54:19.710,9370,132,3,75,False,1,car,0 days 00:51:07.169000,0 days 01:49:22.681000
2024-07-07 14:54:20.070,10091,144,4,89,False,1,car,0 days 00:51:07.529000,0 days 01:49:23.041000
2024-07-07 14:54:20.230,10534,152,4,90,False,1,car,0 days 00:51:07.689000,0 days 01:49:23.201000
2024-07-07 14:54:20.510,10832,165,4,97,False,1,car,0 days 00:51:07.969000,0 days 01:49:23.481000
2024-07-07 14:54:20.750,10870,174,4,100,False,1,car,0 days 00:51:08.209000,0 days 01:49:23.721000
2024-07-07 14:54:20.990,10085,184,4,100,False,1,car,0 days 00:51:08.449000,0 days 01:49:23.961000
2024-07-07 14:54:21.310,10490,194,5,100,False,1,car,0 days 00:51:08.769000,0 days 01:49:24.281000
2024-07-07 14:54:21.710,11065,205,5,100,False,1,car,0 days 00:51:09.169000,0 days 01:49:24.681000
2024-07-07 14:54:21.870,11337,211,5,100,False,1,car,0 days 00:51:09.329000,0 days 01:49:24.841000
2024-07-07 14:54:22.230,11515,218,5,100,False,1,car,0 days 00:51:09.689000,0 days 01:49:25.201000
2024-07-07 14:54:22.630,10489,226,6,100,False,1,car,0 days 00:51:10.089000,0 days 01:49:25.601000
2024-07-07 14:54:22.831,10621,229,6,100,False,1,car,0 days 00:51:10.290000,0 days 01:49:25.802000
2024-07-07 14:54:23.111,10776,234,6,100,False,1,car,0 days 00:51:10.570000,0 days 01:49:26.082000
2024-07-07 14:54:23.311,10916,239,6,100,False,1,car,0 days 00:51:10.770000,0 days 01:49:26.282000
2024-07-07 14:54:23.471,11095,243,6,100,False,1,car,0 days 00:51:10.930000,0 days 01:49:26.442000
2024-07-07 14:54:23.671,11322,246,6,100,False,1,car,0 days 00:51:11.130000,0 days 01:49:26.642000
2024-07-07 14:54:23.910,11378,248,6,100,False,1,car,0 days 00:51:11.369000,0 days 01:49:26.881000
2024-07-07 14:54:24.070,11506,253,6,100,False,1,car,0 days 00:51:11.529000,0 days 01:49:27.041000
2024-07-07 14:54:24.270,11603,256,6,100,False,1,car,0 days 00:51:11.729000,0 days 01:49:27.241000
2024-07-07 14:54:24.550,11787,257,6,100,False,1,car,0 days 00:51:12.009000,0 days 01:49:27.521000
2024-07-07 14:54:24.870,10665,264,6,100,False,1,car,0 days 00:51:12.329000,0 days 01:49:27.841000
2024-07-07 14:54:25.230,10664,266,7,100,False,1,car,0 days 00:51:12.689000,0 days 01:49:28.201000
2024-07-07 14:54:25.630,10830,271,7,100,False,1,car,0 days 00:51:13.089000,0 days 01:49:28.601000
2024-07-07 14:54:25.790,10825,273,7,100,False,1,car,0 days 00:51:13.249000,0 days 01:49:28.761000
2024-07-07 14:54:26.030,10924,273,7,100,False,1,car,0 days 00:51:13.489000,0 days 01:49:29.001000
2024-07-07 14:54:26.190,10982,276,7,100,False,1,car,0 days 00:51:13.649000,0 days 01:49:29.161000
2024-07-07 14:54:26.350,11047,278,7,100,False,1,car,0 days 00:51:13.809000,0 days 01:49:29.321000
2024-07-07 14:54:26.550,11091,278,7,100,False,1,car,0 days 00:51:14.009000,0 days 01:49:29.521000
2024-07-07 14:54:26.870,11155,282,7,100,False,1,car,0 days 00:51:14.329000,0 days 01:49:29.841000
2024-07-07 14:54:27.230,11265,284,7,100,False,1,car,0 days 00:51:14.689000,0 days 01:49:30.201000
2024-07-07 14:54:27.630,11352,286,7,100,False,1,car,0 days 00:51:15.089000,0 days 01:49:30.601000
2024-07-07 14:54:28.030,11415,288,7,100,False,1,car,0 days 00:51:15.489000,0 days 01:49:31.001000
2024-07-07 14:54:28.310,11433,289,7,100,False,1,car,0 days 00:51:15.769000,0 days 01:49:31.281000
2024-07-07 14:54:28.750,11410,290,7,100,False,1,car,0 days 00:51:16.209000,0 days 01:49:31.721000
2024-07-07 14:54:28.990,11377,288,7,100,False,1,car,0 days 00:51:16.449000,0 days 01:49:31.961000
2024-07-07 14:54:29.311,11285,285,7,100,False,1,car,0 days 00:51:16.770000,0 days 01:49:32.282000
2024-07-07 14:54:29.671,11223,284,7,100,False,1,car,0 days 00:51:17.130000,0 days 01:49:32.642000
2024-07-07 14:54:29.831,11153,283,7,100,False,1,car,0 days 00:51:17.290000,0 days 01:49:32.802000
2024-07-07 14:54:30.071,10687,277,7,0,True,1,car,0 days 00:51:17.530000,0 days 01:49:33.042000
2024-07-07 14:54:30.351,9681,257,7,0,True,1,car,0 days 00:51:17.810000,0 days 01:49:33.322000
2024-07-07 14:54:30.750,9368,221,7,0,True,1,car,0 days 00:51:18.209000,0 days 01:49:33.721000
2024-07-07 14:54:30.990,9656,201,6,0,True,1,car,0 days 00:51:18.449000,0 days 01:49:33.961000
2024-07-07 14:54:31.190,9514,188,6,0,True,1,car,0 days 00:51:18.649000,0 days 01:49:34.161000
2024-07-07 14:54:31.630,8977,169,5,0,True,1,car,0 days 00:51:19.089000,0 days 01:49:34.601000
2024-07-07 14:54:32.070,9237,156,4,0,True,1,car,0 days 00:51:19.529000,0 days 01:49:35.041000
2024-07-07 14:54:32.390,8901,144,4,0,True,1,car,0 days 00:51:19.849000,0 days 01:49:35.361000
2024-07-07 14:54:32.590,8529,139,4,0,True,1,car,0 days 00:51:20.049000,0 days 01:49:35.561000
2024-07-07 14:54:32.830,8239,135,4,0,False,1,car,0 days 00:51:20.289000,0 days 01:49:35.801000
2024-07-07 14:54:33.070,8069,131,4,0,False,1,car,0 days 00:51:20.529000,0 days 01:49:36.041000
2024-07-07 14:54:33.230,7932,131,4,11,False,1,car,0 days 00:51:20.689000,0 days 01:49:36.201000
2024-07-07 14:54:33.470,8008,127,4,30,False,1,car,0 days 00:51:20.929000,0 days 01:49:36.441000
2024-07-07 14:54:33.670,8039,128,4,35,False,1,car,0 days 00:51:21.129000,0 days 01:49:36.641000
2024-07-07 14:54:34.070,8200,129,4,41,False,1,car,0 days 00:51:21.529000,0 days 01:49:37.041000
2024-07-07 14:54:34.350,8406,130,4,48,False,1,car,0 days 00:51:21.809000,0 days 01:49:37.321000
2024-07-07 14:54:34.750,8803,135,4,60,False,1,car,0 days 00:51:22.209000,0 days 01:49:37.721000
2024-07-07 14:54:34.950,9119,135,4,63,False,1,car,0 days 00:51:22.409000,0 days 01:49:37.921000
2024-07-07 14:54:35.150,9289,144,4,64,False,1,car,0 days 00:51:22.609000,0 days 01:49:38.121000
2024-07-07 14:54:35.390,9513,150,4,64,False,1,car,0 days 00:51:22.849000,0 days 01:49:38.361000
2024-07-07 14:54:35.590,9671,155,4,54,False,1,car,0 days 00:51:23.049000,0 days 01:49:38.561000
2024-07-07 14:54:35.790,9051,154,4,0,True,1,car,0 days 00:51:23.249000,0 days 01:49:38.761000
2024-07-07 14:54:35.991,8601,144,4,0,True,1,car,0 days 00:51:23.450000,0 days 01:49:38.962000
2024-07-07 14:54:36.351,7960,132,4,0,True,1,car,0 days 00:51:23.810000,0 days 01:49:39.322000
2024-07-07 14:54:36.831,7872,118,4,0,True,1,car,0 days 00:51:24.290000,0 days 01:49:39.802000
2024-07-07 14:54:37.111,8152,115,3,0,True,1,car,0 days 00:51:24.570000,0 days 01:49:40.082000
2024-07-07 14:54:37.430,7478,105,3,0,True,1,car,0 days 00:51:24.889000,0 days 01:49:40.401000
2024-07-07 14:54:37.710,7236,98,3,0,True,1,car,0 days 00:51:25.169000,0 days 01:49:40.681000
2024-07-07 14:54:38.030,6822,93,3,0,True,1,car,0 days 00:51:25.489000,0 days 01:49:41.001000
2024-07-07 14:54:38.350,6371,89,3,0,True,1,car,0 days 00:51:25.809000,0 days 01:49:41.321000
2024-07-07 14:54:38.590,6352,86,3,0,False,1,car,0 days 00:51:26.049000,0 days 01:49:41.561000
2024-07-07 14:54:38.790,6318,84,3,0,False,1,car,0 days 00:51:26.249000,0 days 01:49:41.761000
2024-07-07 14:54:39.070,6104,83,3,9,False,1,car,0 days 00:51:26.529000,0 days 01:49:42.041000
2024-07-07 14:54:39.350,6310,83,3,19,False,1,car,0 days 00:51:26.809000,0 days 01:49:42.321000
2024-07-07 14:54:39.550,6590,85,3,31,False,1,car,0 days 00:51:27.009000,0 days 01:49:42.521000
2024-07-07 14:54:39.830,6899,88,3,37,False,1,car,0 days 00:51:27.289000,0 days 01:49:42.801000
2024-07-07 14:54:39.990,7142,91,3,39,False,1,car,0 days 00:51:27.449000,0 days 01:49:42.961000
2024-07-07 14:54:40.230,7434,94,3,42,False,1,car,0 days 00:51:27.689000,0 days 01:49:43.201000
2024-07-07 14:54:40.390,7516,97,3,45,False,1,car,0 days 00:51:27.849000,0 days 01:49:43.361000
2024-07-07 14:54:40.710,6980,101,4,51,False,1,car,0 days 00:51:28.169000,0 days 01:49:43.681000
2024-07-07 14:54:40.870,7282,108,4,55,False,1,car,0 days 00:51:28.329000,0 days 01:49:43.841000
2024-07-07 14:54:41.350,7797,117,4,57,False,1,car,0 days 00:51:28.809000,0 days 01:49:44.321000
2024-07-07 14:54:41.630,8474,126,4,70,False,1,car,0 days 00:51:29.089000,0 days 01:49:44.601000
2024-07-07 14:54:41.910,9024,132,4,76,False,1,car,0 days 00:51:29.369000,0 days 01:49:44.881000
2024-07-07 14:54:42.190,9646,147,4,82,False,1,car,0 days 00:51:29.649000,0 days 01:49:45.161000
2024-07-07 14:54:42.511,10421,158,4,92,False,1,car,0 days 00:51:29.970000,0 days 01:49:45.482000
2024-07-07 14:54:42.751,10997,162,4,100,False,1,car,0 days 00:51:30.210000,0 days 01:49:45.722000
2024-07-07 14:54:42.991,11759,179,4,100,False,1,car,0 days 00:51:30.450000,0 days 01:49:45.962000
2024-07-07 14:54:43.271,10550,182,4,100,False,1,car,0 days 00:51:30.730000,0 days 01:49:46.242000
2024-07-07 14:54:43.551,10659,194,5,100,False,1,car,0 days 00:51:31.010000,0 days 01:49:46.522000
2024-07-07 14:54:43.791,11110,206,5,100,False,1,car,0 days 00:51:31.250000,0 days 01:49:46.762000
2024-07-07 14:54:44.070,11515,215,5,100,False,1,car,0 days 00:51:31.529000,0 days 01:49:47.041000
2024-07-07 14:54:44.230,11717,218,5,100,False,1,car,0 days 00:51:31.689000,0 days 01:49:47.201000
2024-07-07 14:54:44.590,10471,228,5,100,False,1,car,0 days 00:51:32.049000,0 days 01:49:47.561000
2024-07-07 14:54:44.870,10744,234,6,100,False,1,car,0 days 00:51:32.329000,0 days 01:49:47.841000
2024-07-07 14:54:45.230,11056,239,6,100,False,1,car,0 days 00:51:32.689000,0 days 01:49:48.201000
2024-07-07 14:54:45.430,11238,244,6,100,False,1,car,0 days 00:51:32.889000,0 days 01:49:48.401000
2024-07-07 14:54:45.590,11285,247,6,100,False,1,car,0 days 00:51:33.049000,0 days 01:49:48.561000
2024-07-07 14:54:45.950,11555,251,6,100,False,1,car,0 days 00:51:33.409000,0 days 01:49:48.921000
2024-07-07 14:54:46.190,11668,256,6,100,False,1,car,0 days 00:51:33.649000,0 days 01:49:49.161000
2024-07-07 14:54:46.470,11094,260,6,100,False,1,car,0 days 00:51:33.929000,0 days 01:49:49.441000
2024-07-07 14:54:46.750,10350,262,7,100,False,1,car,0 days 00:51:34.209000,0 days 01:49:49.721000
2024-07-07 14:54:46.950,10627,264,7,100,False,1,car,0 days 00:51:34.409000,0 days 01:49:49.921000
2024-07-07 14:54:47.350,10804,268,7,100,False,1,car,0 days 00:51:34.809000,0 days 01:49:50.321000
2024-07-07 14:54:47.510,10861,271,7,100,False,1,car,0 days 00:51:34.969000,0 days 01:49:50.481000
2024-07-07 14:54:47.670,10892,273,7,100,False,1,car,0 days 00:51:35.129000,0 days 01:49:50.641000
2024-07-07 14:54:47.910,10985,275,7,100,False,1,car,0 days 00:51:35.369000,0 days 01:49:50.881000
2024-07-07 14:54:48.230,11106,278,7,100,False,1,car,0 days 00:51:35.689000,0 days 01:49:51.201000
2024-07-07 14:54:48.590,11194,282,7,100,False,1,car,0 days 00:51:36.049000,0 days 01:49:51.561000
2024-07-07 14:54:48.870,11266,282,7,100,False,1,car,0 days 00:51:36.329000,0 days 01:49:51.841000
2024-07-07 14:54:49.071,11332,286,7,100,False,1,car,0 days 00:51:36.530000,0 days 01:49:52.042000
2024-07-07 14:54:49.271,11391,286,7,100,False,1,car,0 days 00:51:36.730000,0 days 01:49:52.242000
2024-07-07 14:54:49.591,11479,289,7,100,False,1,car,0 days 00:51:37.050000,0 days 01:49:52.562000
2024-07-07 14:54:49.911,11546,290,7,100,False,1,car,0 days 00:51:37.370000,0 days 01:49:52.882000
2024-07-07 14:54:50.151,11577,290,7,100,False,1,car,0 days 00:51:37.610000,0 days 01:49:53.122000
2024-07-07 14:54:50.471,11601,292,7,100,False,1,car,0 days 00:51:37.930000,0 days 01:49:53.442000
2024-07-07 14:54:50.630,11579,292,7,100,False,1,car,0 days 00:51:38.089000,0 days 01:49:53.601000
2024-07-07 14:54:50.870,11500,291,7,100,False,1,car,0 days 00:51:38.329000,0 days 01:49:53.841000
2024-07-07 14:54:51.230,11443,289,7,100,False,1,car,0 days 00:51:38.689000,0 days 01:49:54.201000
2024-07-07 14:54:51.550,11371,287,7,100,False,1,car,0 days 00:51:39.009000,0 days 01:49:54.521000
2024-07-07 14:54:51.990,10673,276,7,0,True,1,car,0 days 00:51:39.449000,0 days 01:49:54.961000
2024-07-07 14:54:52.190,10317,276,7,0,True,1,car,0 days 00:51:39.649000,0 days 01:49:55.161000
2024-07-07 14:54:52.350,9966,256,7,0,True,1,car,0 days 00:51:39.809000,0 days 01:49:55.321000
2024-07-07 14:54:52.510,10666,251,7,0,True,1,car,0 days 00:51:39.969000,0 days 01:49:55.481000
2024-07-07 14:54:52.870,10649,238,6,19,False,1,car,0 days 00:51:40.329000,0 days 01:49:55.841000
2024-07-07 14:54:53.270,10561,233,6,59,False,1,car,0 days 00:51:40.729000,0 days 01:49:56.241000
2024-07-07 14:54:53.470,10623,230,6,81,False,1,car,0 days 00:51:40.929000,0 days 01:49:56.441000
2024-07-07 14:54:53.750,10687,231,6,80,False,1,car,0 days 00:51:41.209000,0 days 01:49:56.721000
2024-07-07 14:54:54.110,10752,233,6,80,False,1,car,0 days 00:51:41.569000,0 days 01:49:57.081000
2024-07-07 14:54:54.510,10962,238,6,100,False,1,car,0 days 00:51:41.969000,0 days 01:49:57.481000
2024-07-07 14:54:54.910,11198,243,6,100,False,1,car,0 days 00:51:42.369000,0 days 01:49:57.881000
2024-07-07 14:54:55.110,11337,245,6,100,False,1,car,0 days 00:51:42.569000,0 days 01:49:58.081000
2024-07-07 14:54:55.350,11532,250,6,100,False,1,car,0 days 00:51:42.809000,0 days 01:49:58.321000
2024-07-07 14:54:55.791,11679,255,6,100,False,1,car,0 days 00:51:43.250000,0 days 01:49:58.762000
2024-07-07 14:54:56.111,11829,260,6,100,False,1,car,0 days 00:51:43.570000,0 days 01:49:59.082000
2024-07-07 14:54:56.391,11948,263,6,100,False,1,car,0 days 00:51:43.850000,0 days 01:49:59.362000
2024-07-07 14:54:56.591,10688,266,6,100,False,1,car,0 days 00:51:44.050000,0 days 01:49:59.562000
2024-07-07 14:54:56.831,10743,268,7,100,False,1,car,0 days 00:51:44.290000,0 days 01:49:59.802000
2024-07-07 14:54:57.071,10830,270,7,100,False,1,car,0 days 00:51:44.530000,0 days 01:50:00.042000
2024-07-07 14:54:57.351,10952,273,7,100,False,1,car,0 days 00:51:44.810000,0 days 01:50:00.322000
2024-07-07 14:54:57.630,11049,277,7,100,False,1,car,0 days 00:51:45.089000,0 days 01:50:00.601000
2024-07-07 14:54:57.950,11118,279,7,100,False,1,car,0 days 00:51:45.409000,0 days 01:50:00.921000
2024-07-07 14:54:58.430,11276,282,7,100,False,1,car,0 days 00:51:45.889000,0 days 01:50:01.401000
2024-07-07 14:54:58.790,11346,286,7,100,False,1,car,0 days 00:51:46.249000,0 days 01:50:01.761000
2024-07-07 14:54:59.030,11346,287,7,100,False,1,car,0 days 00:51:46.489000,0 days 01:50:02.001000
2024-07-07 14:54:59.230,11442,288,7,100,False,1,car,0 days 00:51:46.689000,0 days 01:50:02.201000
2024-07-07 14:54:59.390,11478,289,7,100,False,1,car,0 days 00:51:46.849000,0 days 01:50:02.361000
2024-07-07 14:54:59.630,11535,289,7,100,False,1,car,0 days 00:51:47.089000,0 days 01:50:02.601000
2024-07-07 14:55:00.070,11619,292,7,100,False,1,car,0 days 00:51:47.529000,0 days 01:50:03.041000
2024-07-07 14:55:00.230,11634,292,7,100,False,1,car,0 days 00:51:47.689000,0 days 01:50:03.201000
2024-07-07 14:55:00.390,11643,292,7,100,False,1,car,0 days 00:51:47.849000,0 days 01:50:03.361000
2024-07-07 14:55:00.710,11644,292,7,100,False,1,car,0 days 00:51:48.169000,0 days 01:50:03.681000
2024-07-07 14:55:00.950,11096,293,7,5,True,1,car,0 days 00:51:48.409000,0 days 01:50:03.921000
2024-07-07 14:55:01.150,10905,284,7,0,True,1,car,0 days 00:51:48.609000,0 days 01:50:04.121000
2024-07-07 14:55:01.430,10353,264,7,0,True,1,car,0 days 00:51:48.889000,0 days 01:50:04.401000
2024-07-07 14:55:01.590,10661,255,7,0,True,1,car,0 days 00:51:49.049000,0 days 01:50:04.561000
2024-07-07 14:55:01.910,10991,247,6,35,False,1,car,0 days 00:51:49.369000,0 days 01:50:04.881000
2024-07-07 14:55:02.110,10764,239,6,42,False,1,car,0 days 00:51:49.569000,0 days 01:50:05.081000
2024-07-07 14:55:02.311,10716,239,6,56,False,1,car,0 days 00:51:49.770000,0 days 01:50:05.282000
2024-07-07 14:55:02.471,10782,235,6,74,False,1,car,0 days 00:51:49.930000,0 days 01:50:05.442000
2024-07-07 14:55:02.671,10859,236,6,87,False,1,car,0 days 00:51:50.130000,0 days 01:50:05.642000
2024-07-07 14:55:02.991,10938,239,6,100,False,1,car,0 days 00:51:50.450000,0 days 01:50:05.962000
2024-07-07 14:55:03.311,11023,243,6,100,False,1,car,0 days 00:51:50.770000,0 days 01:50:06.282000
2024-07-07 14:55:03.511,10092,244,6,0,True,1,car,0 days 00:51:50.970000,0 days 01:50:06.482000
2024-07-07 14:55:03.831,9910,228,6,0,True,1,car,0 days 00:51:51.290000,0 days 01:50:06.802000
2024-07-07 14:55:04.031,9586,219,6,0,True,1,car,0 days 00:51:51.490000,0 days 01:50:07.002000
2024-07-07 14:55:04.350,9226,209,6,0,True,1,car,0 days 00:51:51.809000,0 days 01:50:07.321000
2024-07-07 14:55:04.590,10486,200,6,0,False,1,car,0 days 00:51:52.049000,0 days 01:50:07.561000
2024-07-07 14:55:04.790,10176,195,5,20,False,1,car,0 days 00:51:52.249000,0 days 01:50:07.761000
2024-07-07 14:55:04.950,10049,195,5,39,False,1,car,0 days 00:51:52.409000,0 days 01:50:07.921000
2024-07-07 14:55:05.150,10031,193,5,45,False,1,car,0 days 00:51:52.609000,0 days 01:50:08.121000
2024-07-07 14:55:05.390,9990,191,5,50,False,1,car,0 days 00:51:52.849000,0 days 01:50:08.361000
2024-07-07 14:55:05.550,9770,190,5,5,True,1,car,0 days 00:51:53.009000,0 days 01:50:08.521000
2024-07-07 14:55:05.830,9037,179,5,0,True,1,car,0 days 00:51:53.289000,0 days 01:50:08.801000
2024-07-07 14:55:06.230,10086,165,5,0,True,1,car,0 days 00:51:53.689000,0 days 01:50:09.201000
2024-07-07 14:55:06.430,9712,159,4,0,True,1,car,0 days 00:51:53.889000,0 days 01:50:09.401000
2024-07-07 14:55:06.750,9245,156,4,0,True,1,car,0 days 00:51:54.209000,0 days 01:50:09.721000
2024-07-07 14:55:07.070,8957,144,4,0,False,1,car,0 days 00:51:54.529000,0 days 01:50:10.041000
2024-07-07 14:55:07.310,8840,142,4,6,False,1,car,0 days 00:51:54.769000,0 days 01:50:10.281000
2024-07-07 14:55:07.750,9139,141,4,59,False,1,car,0 days 00:51:55.209000,0 days 01:50:10.721000
2024-07-07 14:55:07.910,9351,143,4,59,False,1,car,0 days 00:51:55.369000,0 days 01:50:10.881000
2024-07-07 14:55:08.110,9431,144,4,57,False,1,car,0 days 00:51:55.569000,0 days 01:50:11.081000
2024-07-07 14:55:08.550,9826,151,4,67,False,1,car,0 days 00:51:56.009000,0 days 01:50:11.521000
2024-07-07 14:55:09.551,11662,178,4,100,False,1,car,0 days 00:51:57.010000,0 days 01:50:12.522000
2024-07-07 14:55:09.711,11879,182,4,100,False,1,car,0 days 00:51:57.170000,0 days 01:50:12.682000
2024-07-07 14:55:09.911,11346,192,4,100,False,1,car,0 days 00:51:57.370000,0 days 01:50:12.882000
2024-07-07 14:55:10.151,10848,199,5,100,False,1,car,0 days 00:51:57.610000,0 days 01:50:13.122000
2024-07-07 14:55:10.311,10991,206,5,100,False,1,car,0 days 00:51:57.770000,0 days 01:50:13.282000
2024-07-07 14:55:10.791,11703,218,5,100,False,1,car,0 days 00:51:58.250000,0 days 01:50:13.762000
2024-07-07 14:55:10.950,11833,221,5,100,False,1,car,0 days 00:51:58.409000,0 days 01:50:13.921000
2024-07-07 14:55:11.350,10594,229,6,100,False,1,car,0 days 00:51:58.809000,0 days 01:50:14.321000
2024-07-07 14:55:11.510,10594,233,6,100,False,1,car,0 days 00:51:58.969000,0 days 01:50:14.481000
2024-07-07 14:55:11.670,10959,237,6,100,False,1,car,0 days 00:51:59.129000,0 days 01:50:14.641000
2024-07-07 14:55:11.910,11058,241,6,100,False,1,car,0 days 00:51:59.369000,0 days 01:50:14.881000
2024-07-07 14:55:12.110,11201,244,6,100,False,1,car,0 days 00:51:59.569000,0 days 01:50:15.081000
2024-07-07 14:55:12.390,11387,249,6,100,False,1,car,0 days 00:51:59.849000,0 days 01:50:15.361000
2024-07-07 14:55:12.830,11625,256,6,100,False,1,car,0 days 00:52:00.289000,0 days 01:50:15.801000
2024-07-07 14:55:12.990,11773,259,6,100,False,1,car,0 days 00:52:00.449000,0 days 01:50:15.961000
2024-07-07 14:55:13.430,10502,262,7,100,False,1,car,0 days 00:52:00.889000,0 days 01:50:16.401000
2024-07-07 14:55:13.870,10718,270,7,100,False,1,car,0 days 00:52:01.329000,0 days 01:50:16.841000
2024-07-07 14:55:14.110,10799,271,7,100,False,1,car,0 days 00:52:01.569000,0 days 01:50:17.081000
2024-07-07 14:55:14.270,10892,273,7,100,False,1,car,0 days 00:52:01.729000,0 days 01:50:17.241000
2024-07-07 14:55:14.590,10995,277,7,100,False,1,car,0 days 00:52:02.049000,0 days 01:50:17.561000
2024-07-07 14:55:14.870,11072,279,7,100,False,1,car,0 days 00:52:02.329000,0 days 01:50:17.841000
2024-07-07 14:55:15.070,11135,281,7,100,False,1,car,0 days 00:52:02.529000,0 days 01:50:18.041000
2024-07-07 14:55:15.230,11184,281,7,100,False,1,car,0 days 00:52:02.689000,0 days 01:50:18.201000
2024-07-07 14:55:15.471,11268,283,7,100,False,1,car,0 days 00:52:02.930000,0 days 01:50:18.442000
2024-07-07 14:55:15.631,11268,283,7,100,False,1,car,0 days 00:52:03.090000,0 days 01:50:18.602000
2024-07-07 14:55:15.911,11371,286,7,100,False,1,car,0 days 00:52:03.370000,0 days 01:50:18.882000
2024-07-07 14:55:16.151,11392,287,7,100,False,1,car,0 days 00:52:03.610000,0 days 01:50:19.122000
2024-07-07 14:55:16.311,11444,288,7,100,False,1,car,0 days 00:52:03.770000,0 days 01:50:19.282000
2024-07-07 14:55:16.511,11477,289,7,100,False,1,car,0 days 00:52:03.970000,0 days 01:50:19.482000
2024-07-07 14:55:16.711,11494,290,7,100,False,1,car,0 days 00:52:04.170000,0 days 01:50:19.682000
2024-07-07 14:55:16.871,11513,291,7,100,False,1,car,0 days 00:52:04.330000,0 days 01:50:19.842000
2024-07-07 14:55:17.111,11552,291,7,100,False,1,car,0 days 00:52:04.570000,0 days 01:50:20.082000
2024-07-07 14:55:17.431,11614,292,7,100,False,1,car,0 days 00:52:04.890000,0 days 01:50:20.402000
2024-07-07 14:55:17.630,11645,293,7,100,False,1,car,0 days 00:52:05.089000,0 days 01:50:20.601000
2024-07-07 14:55:17.950,11653,294,7,100,False,1,car,0 days 00:52:05.409000,0 days 01:50:20.921000
2024-07-07 14:55:18.150,11662,294,7,100,False,1,car,0 days 00:52:05.609000,0 days 01:50:21.121000
2024-07-07 14:55:18.310,11600,294,7,100,False,1,car,0 days 00:52:05.769000,0 days 01:50:21.281000
2024-07-07 14:55:18.590,11565,293,7,100,False,1,car,0 days 00:52:06.049000,0 days 01:50:21.561000
2024-07-07 14:55:18.870,11470,291,7,100,False,1,car,0 days 00:52:06.329000,0 days 01:50:21.841000
2024-07-07 14:55:19.230,11437,289,7,100,False,1,car,0 days 00:52:06.689000,0 days 01:50:22.201000
2024-07-07 14:55:19.550,11321,286,7,100,False,1,car,0 days 00:52:07.009000,0 days 01:50:22.521000
2024-07-07 14:55:19.710,11231,285,7,100,False,1,car,0 days 00:52:07.169000,0 days 01:50:22.681000
2024-07-07 14:55:20.030,10757,282,7,0,True,1,car,0 days 00:52:07.489000,0 days 01:50:23.001000
2024-07-07 14:55:20.230,10394,267,7,0,True,1,car,0 days 00:52:07.689000,0 days 01:50:23.201000
2024-07-07 14:55:20.590,9069,233,7,0,True,1,car,0 days 00:52:08.049000,0 days 01:50:23.561000
2024-07-07 14:55:20.790,9766,221,7,0,True,1,car,0 days 00:52:08.249000,0 days 01:50:23.761000
2024-07-07 14:55:20.990,9220,209,7,0,True,1,car,0 days 00:52:08.449000,0 days 01:50:23.961000
2024-07-07 14:55:21.270,10160,197,6,0,True,1,car,0 days 00:52:08.729000,0 days 01:50:24.241000
2024-07-07 14:55:21.510,9918,193,5,0,True,1,car,0 days 00:52:08.969000,0 days 01:50:24.481000
2024-07-07 14:55:21.790,9529,185,5,0,True,1,car,0 days 00:52:09.249000,0 days 01:50:24.761000
2024-07-07 14:55:21.991,9459,179,5,0,False,1,car,0 days 00:52:09.450000,0 days 01:50:24.962000
2024-07-07 14:55:22.311,9149,175,5,7,False,1,car,0 days 00:52:09.770000,0 days 01:50:25.282000
2024-07-07 14:55:22.711,8600,166,5,16,False,1,car,0 days 00:52:10.170000,0 days 01:50:25.682000
2024-07-07 14:55:22.951,8642,164,5,37,False,1,car,0 days 00:52:10.410000,0 days 01:50:25.922000
2024-07-07 14:55:23.311,8658,162,5,52,False,1,car,0 days 00:52:10.770000,0 days 01:50:26.282000
2024-07-07 14:55:23.751,8930,163,5,64,False,1,car,0 days 00:52:11.210000,0 days 01:50:26.722000
2024-07-07 14:55:23.991,9084,169,5,68,False,1,car,0 days 00:52:11.450000,0 days 01:50:26.962000
2024-07-07 14:55:24.350,9361,172,5,68,False,1,car,0 days 00:52:11.809000,0 days 01:50:27.321000
2024-07-07 14:55:24.550,9540,174,5,79,False,1,car,0 days 00:52:12.009000,0 days 01:50:27.521000
2024-07-07 14:55:24.710,9712,178,5,82,False,1,car,0 days 00:52:12.169000,0 days 01:50:27.681000
2024-07-07 14:55:24.990,10253,187,5,100,False,1,car,0 days 00:52:12.449000,0 days 01:50:27.961000
2024-07-07 14:55:25.230,10609,192,5,100,False,1,car,0 days 00:52:12.689000,0 days 01:50:28.201000
2024-07-07 14:55:25.390,10746,198,5,100,False,1,car,0 days 00:52:12.849000,0 days 01:50:28.361000
2024-07-07 14:55:25.590,10960,204,5,100,False,1,car,0 days 00:52:13.049000,0 days 01:50:28.561000
2024-07-07 14:55:26.030,11543,218,5,100,False,1,car,0 days 00:52:13.489000,0 days 01:50:29.001000
2024-07-07 14:55:26.390,11535,225,5,100,False,1,car,0 days 00:52:13.849000,0 days 01:50:29.361000
2024-07-07 14:55:26.590,10415,228,5,100,False,1,car,0 days 00:52:14.049000,0 days 01:50:29.561000
2024-07-07 14:55:27.030,10935,237,6,100,False,1,car,0 days 00:52:14.489000,0 days 01:50:30.001000
2024-07-07 14:55:27.310,11081,244,6,100,False,1,car,0 days 00:52:14.769000,0 days 01:50:30.281000
2024-07-07 14:55:27.710,11186,247,6,100,False,1,car,0 days 00:52:15.169000,0 days 01:50:30.681000
2024-07-07 14:55:27.990,11206,248,6,100,False,1,car,0 days 00:52:15.449000,0 days 01:50:30.961000
2024-07-07 14:55:28.310,11242,249,6,100,False,1,car,0 days 00:52:15.769000,0 days 01:50:31.281000
2024-07-07 14:55:28.591,11284,249,6,100,False,1,car,0 days 00:52:16.050000,0 days 01:50:31.562000
2024-07-07 14:55:28.831,11078,246,6,0,True,1,car,0 days 00:52:16.290000,0 days 01:50:31.802000
2024-07-07 14:55:28.991,10109,227,6,0,True,1,car,0 days 00:52:16.450000,0 days 01:50:31.962000
2024-07-07 14:55:29.231,9276,210,6,0,True,1,car,0 days 00:52:16.690000,0 days 01:50:32.202000
2024-07-07 14:55:29.511,9116,185,6,0,True,1,car,0 days 00:52:16.970000,0 days 01:50:32.482000
2024-07-07 14:55:29.671,9445,168,5,0,True,1,car,0 days 00:52:17.130000,0 days 01:50:32.642000
2024-07-07 14:55:29.991,9167,147,4,0,True,1,car,0 days 00:52:17.450000,0 days 01:50:32.962000
2024-07-07 14:55:30.191,9499,134,4,0,True,1,car,0 days 00:52:17.650000,0 days 01:50:33.162000
2024-07-07 14:55:30.551,8255,120,3,0,True,1,car,0 days 00:52:18.010000,0 days 01:50:33.522000
2024-07-07 14:55:30.831,7632,109,3,0,True,1,car,0 days 00:52:18.290000,0 days 01:50:33.802000
2024-07-07 14:55:31.110,7274,101,3,0,True,1,car,0 days 00:52:18.569000,0 days 01:50:34.081000
2024-07-07 14:55:31.430,6872,95,3,0,True,1,car,0 days 00:52:18.889000,0 days 01:50:34.401000
2024-07-07 14:55:31.670,6500,90,3,0,True,1,car,0 days 00:52:19.129000,0 days 01:50:34.641000
2024-07-07 14:55:31.870,6423,87,3,0,True,1,car,0 days 00:52:19.329000,0 days 01:50:34.841000
2024-07-07 14:55:32.230,6183,85,3,0,False,1,car,0 days 00:52:19.689000,0 days 01:50:35.201000
2024-07-07 14:55:32.470,6284,82,3,3,False,1,car,0 days 00:52:19.929000,0 days 01:50:35.441000
2024-07-07 14:55:32.830,6425,82,3,21,False,1,car,0 days 00:52:20.289000,0 days 01:50:35.801000
2024-07-07 14:55:33.270,6657,87,3,30,False,1,car,0 days 00:52:20.729000,0 days 01:50:36.241000
2024-07-07 14:55:33.510,6834,90,3,32,False,1,car,0 days 00:52:20.969000,0 days 01:50:36.481000
2024-07-07 14:55:33.870,7207,95,3,30,False,1,car,0 days 00:52:21.329000,0 days 01:50:36.841000
2024-07-07 14:55:34.270,6881,93,3,0,True,1,car,0 days 00:52:21.729000,0 days 01:50:37.241000
2024-07-07 14:55:34.630,6520,88,3,0,True,1,car,0 days 00:52:22.089000,0 days 01:50:37.601000
2024-07-07 14:55:34.910,6585,87,3,8,False,1,car,0 days 00:52:22.369000,0 days 01:50:37.881000
2024-07-07 14:55:35.111,6634,87,3,21,False,1,car,0 days 00:52:22.570000,0 days 01:50:38.082000
2024-07-07 14:55:35.271,6764,89,3,27,False,1,car,0 days 00:52:22.730000,0 days 01:50:38.242000
2024-07-07 14:55:35.511,6964,90,3,29,False,1,car,0 days 00:52:22.970000,0 days 01:50:38.482000
2024-07-07 14:55:35.671,7139,92,3,34,False,1,car,0 days 00:52:23.130000,0 days 01:50:38.642000
2024-07-07 14:55:35.951,7549,95,3,40,False,1,car,0 days 00:52:23.410000,0 days 01:50:38.922000
2024-07-07 14:55:36.111,7557,98,3,40,False,1,car,0 days 00:52:23.570000,0 days 01:50:39.082000
2024-07-07 14:55:36.391,8118,104,3,44,False,1,car,0 days 00:52:23.850000,0 days 01:50:39.362000
2024-07-07 14:55:36.791,8709,112,3,56,False,1,car,0 days 00:52:24.250000,0 days 01:50:39.762000
2024-07-07 14:55:37.111,9172,119,3,59,False,1,car,0 days 00:52:24.570000,0 days 01:50:40.082000
2024-07-07 14:55:37.551,8675,130,4,70,False,1,car,0 days 00:52:25.010000,0 days 01:50:40.522000
2024-07-07 14:55:37.870,9209,142,4,72,False,1,car,0 days 00:52:25.329000,0 days 01:50:40.841000
2024-07-07 14:55:38.070,9563,148,4,73,False,1,car,0 days 00:52:25.529000,0 days 01:50:41.041000
2024-07-07 14:55:38.430,10090,156,4,71,False,1,car,0 days 00:52:25.889000,0 days 01:50:41.401000
2024-07-07 14:55:38.710,8794,162,4,64,False,1,car,0 days 00:52:26.169000,0 days 01:50:41.681000
2024-07-07 14:55:39.070,9164,170,5,70,False,1,car,0 days 00:52:26.529000,0 days 01:50:42.041000
2024-07-07 14:55:39.390,9461,175,5,68,False,1,car,0 days 00:52:26.849000,0 days 01:50:42.361000
2024-07-07 14:55:39.630,9585,177,5,72,False,1,car,0 days 00:52:27.089000,0 days 01:50:42.601000
2024-07-07 14:55:40.110,10163,187,5,82,False,1,car,0 days 00:52:27.569000,0 days 01:50:43.081000
2024-07-07 14:55:40.390,10475,194,5,91,False,1,car,0 days 00:52:27.849000,0 days 01:50:43.361000
2024-07-07 14:55:40.630,10810,199,5,100,False,1,car,0 days 00:52:28.089000,0 days 01:50:43.601000
2024-07-07 14:55:40.870,11230,209,5,100,False,1,car,0 days 00:52:28.329000,0 days 01:50:43.841000
2024-07-07 14:55:41.110,11473,214,5,100,False,1,car,0 days 00:52:28.569000,0 days 01:50:44.081000
2024-07-07 14:55:41.270,11737,220,5,100,False,1,car,0 days 00:52:28.729000,0 days 01:50:44.241000
2024-07-07 14:55:41.470,11457,224,5,100,False,1,car,0 days 00:52:28.929000,0 days 01:50:44.441000
2024-07-07 14:55:41.751,10621,230,6,100,False,1,car,0 days 00:52:29.210000,0 days 01:50:44.722000
2024-07-07 14:55:42.151,10911,238,6,100,False,1,car,0 days 00:52:29.610000,0 days 01:50:45.122000
2024-07-07 14:55:42.471,11180,246,6,100,False,1,car,0 days 00:52:29.930000,0 days 01:50:45.442000
2024-07-07 14:55:42.631,11275,248,6,100,False,1,car,0 days 00:52:30.090000,0 days 01:50:45.602000
2024-07-07 14:55:42.871,11499,253,6,100,False,1,car,0 days 00:52:30.330000,0 days 01:50:45.842000
2024-07-07 14:55:43.191,11691,258,6,100,False,1,car,0 days 00:52:30.650000,0 days 01:50:46.162000
2024-07-07 14:55:43.351,11851,260,6,100,False,1,car,0 days 00:52:30.810000,0 days 01:50:46.322000
2024-07-07 14:55:43.751,10493,264,7,100,False,1,car,0 days 00:52:31.210000,0 days 01:50:46.722000
2024-07-07 14:55:43.991,10690,268,7,100,False,1,car,0 days 00:52:31.450000,0 days 01:50:46.962000
2024-07-07 14:55:44.391,10854,273,7,100,False,1,car,0 days 00:52:31.850000,0 days 01:50:47.362000
2024-07-07 14:55:44.670,10985,276,7,100,False,1,car,0 days 00:52:32.129000,0 days 01:50:47.641000
2024-07-07 14:55:45.030,11099,279,7,100,False,1,car,0 days 00:52:32.489000,0 days 01:50:48.001000
2024-07-07 14:55:45.190,11163,281,7,100,False,1,car,0 days 00:52:32.649000,0 days 01:50:48.161000
2024-07-07 14:55:45.470,11262,282,7,100,False,1,car,0 days 00:52:32.929000,0 days 01:50:48.441000
2024-07-07 14:55:45.790,11314,285,7,100,False,1,car,0 days 00:52:33.249000,0 days 01:50:48.761000
2024-07-07 14:55:46.030,11372,286,7,0,True,1,car,0 days 00:52:33.489000,0 days 01:50:49.001000
2024-07-07 14:55:46.190,10844,279,7,0,True,1,car,0 days 00:52:33.649000,0 days 01:50:49.161000
2024-07-07 14:55:46.350,10478,271,7,0,True,1,car,0 days 00:52:33.809000,0 days 01:50:49.321000
2024-07-07 14:55:46.630,10350,256,7,0,True,1,car,0 days 00:52:34.089000,0 days 01:50:49.601000
2024-07-07 14:55:47.110,10964,242,6,43,False,1,car,0 days 00:52:34.569000,0 days 01:50:50.081000
2024-07-07 14:55:47.470,10680,236,6,52,False,1,car,0 days 00:52:34.929000,0 days 01:50:50.441000
2024-07-07 14:55:47.910,10631,233,6,80,False,1,car,0 days 00:52:35.369000,0 days 01:50:50.881000
2024-07-07 14:55:48.150,10910,236,6,100,False,1,car,0 days 00:52:35.609000,0 days 01:50:51.121000
2024-07-07 14:55:48.311,10984,239,6,100,False,1,car,0 days 00:52:35.770000,0 days 01:50:51.282000
2024-07-07 14:55:48.551,11180,242,6,100,False,1,car,0 days 00:52:36.010000,0 days 01:50:51.522000
2024-07-07 14:55:48.711,11217,246,6,100,False,1,car,0 days 00:52:36.170000,0 days 01:50:51.682000
2024-07-07 14:55:48.951,11412,248,6,100,False,1,car,0 days 00:52:36.410000,0 days 01:50:51.922000
2024-07-07 14:55:49.151,11529,252,6,100,False,1,car,0 days 00:52:36.610000,0 days 01:50:52.122000
2024-07-07 14:55:49.351,11608,254,6,100,False,1,car,0 days 00:52:36.810000,0 days 01:50:52.322000
2024-07-07 14:55:49.711,11127,258,6,100,False,1,car,0 days 00:52:37.170000,0 days 01:50:52.682000
2024-07-07 14:55:49.911,10285,261,7,100,False,1,car,0 days 00:52:37.370000,0 days 01:50:52.882000
2024-07-07 14:55:50.231,10434,262,7,100,False,1,car,0 days 00:52:37.690000,0 days 01:50:53.202000
2024-07-07 14:55:50.431,10479,263,7,100,False,1,car,0 days 00:52:37.890000,0 days 01:50:53.402000
2024-07-07 14:55:50.831,10576,265,7,100,False,1,car,0 days 00:52:38.290000,0 days 01:50:53.802000
2024-07-07 14:55:50.991,10582,266,7,100,False,1,car,0 days 00:52:38.450000,0 days 01:50:53.962000
2024-07-07 14:55:51.270,10631,266,7,100,False,1,car,0 days 00:52:38.729000,0 days 01:50:54.241000
2024-07-07 14:55:51.470,10572,267,7,100,False,1,car,0 days 00:52:38.929000,0 days 01:50:54.441000
2024-07-07 14:55:51.630,10576,268,7,100,False,1,car,0 days 00:52:39.089000,0 days 01:50:54.601000
2024-07-07 14:55:51.910,10529,265,7,100,False,1,car,0 days 00:52:39.369000,0 days 01:50:54.881000
2024-07-07 14:55:52.270,9857,252,7,0,True,1,car,0 days 00:52:39.729000,0 days 01:50:55.241000
2024-07-07 14:55:52.510,9459,232,7,0,True,1,car,0 days 00:52:39.969000,0 days 01:50:55.481000
2024-07-07 14:55:52.870,9239,195,6,0,True,1,car,0 days 00:52:40.329000,0 days 01:50:55.841000
2024-07-07 14:55:53.190,8835,172,5,0,True,1,car,0 days 00:52:40.649000,0 days 01:50:56.161000
2024-07-07 14:55:53.470,9113,158,5,0,True,1,car,0 days 00:52:40.929000,0 days 01:50:56.441000
2024-07-07 14:55:53.750,8479,141,4,0,True,1,car,0 days 00:52:41.209000,0 days 01:50:56.721000
2024-07-07 14:55:54.070,8660,123,3,0,True,1,car,0 days 00:52:41.529000,0 days 01:50:57.041000
2024-07-07 14:55:54.550,7896,111,3,0,True,1,car,0 days 00:52:42.009000,0 days 01:50:57.521000
2024-07-07 14:55:54.831,7418,106,3,0,True,1,car,0 days 00:52:42.290000,0 days 01:50:57.802000
2024-07-07 14:55:55.111,6997,97,3,0,True,1,car,0 days 00:52:42.570000,0 days 01:50:58.082000
2024-07-07 14:55:55.311,6690,93,3,0,True,1,car,0 days 00:52:42.770000,0 days 01:50:58.282000
2024-07-07 14:55:55.631,6283,87,3,0,False,1,car,0 days 00:52:43.090000,0 days 01:50:58.602000
2024-07-07 14:55:55.991,6143,84,3,0,False,1,car,0 days 00:52:43.450000,0 days 01:50:58.962000
2024-07-07 14:55:56.191,6398,83,3,14,False,1,car,0 days 00:52:43.650000,0 days 01:50:59.162000
2024-07-07 14:55:56.391,6453,84,3,20,False,1,car,0 days 00:52:43.850000,0 days 01:50:59.362000
2024-07-07 14:55:56.551,6453,84,3,20,False,1,car,0 days 00:52:44.010000,0 days 01:50:59.522000
2024-07-07 14:55:56.831,6735,87,3,25,False,1,car,0 days 00:52:44.290000,0 days 01:50:59.802000
2024-07-07 14:55:56.991,6816,88,3,29,False,1,car,0 days 00:52:44.450000,0 days 01:50:59.962000
2024-07-07 14:55:57.191,7125,90,3,37,False,1,car,0 days 00:52:44.650000,0 days 01:51:00.162000
2024-07-07 14:55:57.391,7302,93,3,38,False,1,car,0 days 00:52:44.850000,0 days 01:51:00.362000
2024-07-07 14:55:57.631,7527,96,3,42,False,1,car,0 days 00:52:45.090000,0 days 01:51:00.602000
2024-07-07 14:55:57.990,8190,104,3,52,False,1,car,0 days 00:52:45.449000,0 days 01:51:00.961000
2024-07-07 14:55:58.310,8722,109,3,58,False,1,car,0 days 00:52:45.769000,0 days 01:51:01.281000
2024-07-07 14:55:58.630,9146,120,3,54,False,1,car,0 days 00:52:46.089000,0 days 01:51:01.601000
2024-07-07 14:55:58.870,8457,120,3,0,False,1,car,0 days 00:52:46.329000,0 days 01:51:01.841000
2024-07-07 14:55:59.030,8182,116,3,0,True,1,car,0 days 00:52:46.489000,0 days 01:51:02.001000
2024-07-07 14:55:59.190,7584,113,3,0,True,1,car,0 days 00:52:46.649000,0 days 01:51:02.161000
2024-07-07 14:55:59.390,7287,103,3,0,True,1,car,0 days 00:52:46.849000,0 days 01:51:02.361000
2024-07-07 14:55:59.630,7188,98,3,0,True,1,car,0 days 00:52:47.089000,0 days 01:51:02.601000
2024-07-07 14:56:00.030,6432,88,3,0,True,1,car,0 days 00:52:47.489000,0 days 01:51:03.001000
2024-07-07 14:56:00.310,6015,82,3,0,True,1,car,0 days 00:52:47.769000,0 days 01:51:03.281000
2024-07-07 14:56:00.590,5627,77,3,0,True,1,car,0 days 00:52:48.049000,0 days 01:51:03.561000
2024-07-07 14:56:00.870,5361,73,3,0,True,1,car,0 days 00:52:48.329000,0 days 01:51:03.841000
2024-07-07 14:56:01.110,5180,71,3,0,False,1,car,0 days 00:52:48.569000,0 days 01:51:04.081000
2024-07-07 14:56:01.391,5215,69,3,5,False,1,car,0 days 00:52:48.850000,0 days 01:51:04.362000
2024-07-07 14:56:01.551,5156,69,3,10,False,1,car,0 days 00:52:49.010000,0 days 01:51:04.522000
2024-07-07 14:56:01.951,5581,72,3,18,False,1,car,0 days 00:52:49.410000,0 days 01:51:04.922000
2024-07-07 14:56:02.111,5711,74,3,20,False,1,car,0 days 00:52:49.570000,0 days 01:51:05.082000
2024-07-07 14:56:02.391,5932,77,3,25,False,1,car,0 days 00:52:49.850000,0 days 01:51:05.362000
2024-07-07 14:56:02.711,6301,81,3,32,False,1,car,0 days 00:52:50.170000,0 days 01:51:05.682000
2024-07-07 14:56:02.951,6552,85,3,39,False,1,car,0 days 00:52:50.410000,0 days 01:51:05.922000
2024-07-07 14:56:03.151,7071,89,3,44,False,1,car,0 days 00:52:50.610000,0 days 01:51:06.122000
2024-07-07 14:56:03.551,7947,98,3,56,False,1,car,0 days 00:52:51.010000,0 days 01:51:06.522000
2024-07-07 14:56:03.711,8295,101,3,60,False,1,car,0 days 00:52:51.170000,0 days 01:51:06.682000
2024-07-07 14:56:04.031,9003,114,3,68,False,1,car,0 days 00:52:51.490000,0 days 01:51:07.002000
2024-07-07 14:56:04.231,8521,121,3,71,False,1,car,0 days 00:52:51.690000,0 days 01:51:07.202000
2024-07-07 14:56:04.471,8680,131,4,78,False,1,car,0 days 00:52:51.930000,0 days 01:51:07.442000
2024-07-07 14:56:04.750,9336,139,4,86,False,1,car,0 days 00:52:52.209000,0 days 01:51:07.721000
2024-07-07 14:56:04.950,9949,148,4,88,False,1,car,0 days 00:52:52.409000,0 days 01:51:07.921000
2024-07-07 14:56:05.110,10231,156,4,90,False,1,car,0 days 00:52:52.569000,0 days 01:51:08.081000
2024-07-07 14:56:05.350,10863,165,4,100,False,1,car,0 days 00:52:52.809000,0 days 01:51:08.321000
2024-07-07 14:56:05.630,10545,174,4,100,False,1,car,0 days 00:52:53.089000,0 days 01:51:08.601000
2024-07-07 14:56:06.070,10479,195,5,100,False,1,car,0 days 00:52:53.529000,0 days 01:51:09.041000
2024-07-07 14:56:06.270,10792,200,5,100,False,1,car,0 days 00:52:53.729000,0 days 01:51:09.241000
2024-07-07 14:56:06.470,11093,203,5,100,False,1,car,0 days 00:52:53.929000,0 days 01:51:09.441000
2024-07-07 14:56:06.630,11232,209,5,100,False,1,car,0 days 00:52:54.089000,0 days 01:51:09.601000
2024-07-07 14:56:06.790,11467,214,5,100,False,1,car,0 days 00:52:54.249000,0 days 01:51:09.761000
2024-07-07 14:56:07.070,10562,219,5,100,False,1,car,0 days 00:52:54.529000,0 days 01:51:10.041000
2024-07-07 14:56:07.510,10468,229,6,100,False,1,car,0 days 00:52:54.969000,0 days 01:51:10.481000
2024-07-07 14:56:07.670,10653,232,6,100,False,1,car,0 days 00:52:55.129000,0 days 01:51:10.641000
2024-07-07 14:56:07.830,10728,233,6,100,False,1,car,0 days 00:52:55.289000,0 days 01:51:10.801000
2024-07-07 14:56:08.031,10791,237,6,100,False,1,car,0 days 00:52:55.490000,0 days 01:51:11.002000
2024-07-07 14:56:08.191,10997,241,6,100,False,1,car,0 days 00:52:55.650000,0 days 01:51:11.162000
2024-07-07 14:56:08.431,11137,245,6,100,False,1,car,0 days 00:52:55.890000,0 days 01:51:11.402000
2024-07-07 14:56:08.671,11276,250,6,100,False,1,car,0 days 00:52:56.130000,0 days 01:51:11.642000
2024-07-07 14:56:08.991,11508,254,6,100,False,1,car,0 days 00:52:56.450000,0 days 01:51:11.962000
2024-07-07 14:56:09.231,11644,257,6,100,False,1,car,0 days 00:52:56.690000,0 days 01:51:12.202000
2024-07-07 14:56:09.471,10724,261,6,100,False,1,car,0 days 00:52:56.930000,0 days 01:51:12.442000
2024-07-07 14:56:09.631,10577,263,7,100,False,1,car,0 days 00:52:57.090000,0 days 01:51:12.602000
2024-07-07 14:56:09.911,10554,264,7,100,False,1,car,0 days 00:52:57.370000,0 days 01:51:12.882000
2024-07-07 14:56:10.111,10656,267,7,100,False,1,car,0 days 00:52:57.570000,0 days 01:51:13.082000
2024-07-07 14:56:10.351,10797,271,7,100,False,1,car,0 days 00:52:57.810000,0 days 01:51:13.322000
2024-07-07 14:56:10.551,10872,272,7,100,False,1,car,0 days 00:52:58.010000,0 days 01:51:13.522000
2024-07-07 14:56:10.751,10932,275,7,100,False,1,car,0 days 00:52:58.210000,0 days 01:51:13.722000
2024-07-07 14:56:11.071,11030,278,7,100,False,1,car,0 days 00:52:58.530000,0 days 01:51:14.042000
2024-07-07 14:56:11.271,11100,279,7,100,False,1,car,0 days 00:52:58.730000,0 days 01:51:14.242000
2024-07-07 14:56:11.590,11189,281,7,100,False,1,car,0 days 00:52:59.049000,0 days 01:51:14.561000
2024-07-07 14:56:11.750,11240,283,7,100,False,1,car,0 days 00:52:59.209000,0 days 01:51:14.721000
2024-07-07 14:56:11.950,11240,284,7,100,False,1,car,0 days 00:52:59.409000,0 days 01:51:14.921000
2024-07-07 14:56:12.190,11307,286,7,100,False,1,car,0 days 00:52:59.649000,0 days 01:51:15.161000
2024-07-07 14:56:12.390,11337,286,7,100,False,1,car,0 days 00:52:59.849000,0 days 01:51:15.361000
2024-07-07 14:56:12.550,11370,286,7,100,False,1,car,0 days 00:53:00.009000,0 days 01:51:15.521000
2024-07-07 14:56:12.870,11404,289,7,100,False,1,car,0 days 00:53:00.329000,0 days 01:51:15.841000
2024-07-07 14:56:13.270,11360,287,7,100,False,1,car,0 days 00:53:00.729000,0 days 01:51:16.241000
2024-07-07 14:56:13.470,11349,287,7,100,False,1,car,0 days 00:53:00.929000,0 days 01:51:16.441000
2024-07-07 14:56:13.710,11354,287,7,100,False,1,car,0 days 00:53:01.169000,0 days 01:51:16.681000
2024-07-07 14:56:14.150,11289,287,7,100,False,1,car,0 days 00:53:01.609000,0 days 01:51:17.121000
2024-07-07 14:56:14.390,11216,285,7,100,False,1,car,0 days 00:53:01.849000,0 days 01:51:17.361000
2024-07-07 14:56:14.751,10602,276,7,0,True,1,car,0 days 00:53:02.210000,0 days 01:51:17.722000
2024-07-07 14:56:14.951,10041,262,7,0,True,1,car,0 days 00:53:02.410000,0 days 01:51:17.922000
2024-07-07 14:56:15.111,9545,244,7,0,True,1,car,0 days 00:53:02.570000,0 days 01:51:18.082000
2024-07-07 14:56:15.351,9617,228,7,0,True,1,car,0 days 00:53:02.810000,0 days 01:51:18.322000
2024-07-07 14:56:15.551,9190,211,6,0,True,1,car,0 days 00:53:03.010000,0 days 01:51:18.522000
2024-07-07 14:56:15.711,9567,199,6,0,True,1,car,0 days 00:53:03.170000,0 days 01:51:18.682000
2024-07-07 14:56:16.031,9191,180,5,0,True,1,car,0 days 00:53:03.490000,0 days 01:51:19.002000
2024-07-07 14:56:16.231,9481,171,5,0,True,1,car,0 days 00:53:03.690000,0 days 01:51:19.202000
2024-07-07 14:56:16.431,9810,162,4,0,True,1,car,0 days 00:53:03.890000,0 days 01:51:19.402000
2024-07-07 14:56:16.631,9381,155,4,0,True,1,car,0 days 00:53:04.090000,0 days 01:51:19.602000
2024-07-07 14:56:16.831,8996,150,4,0,True,1,car,0 days 00:53:04.290000,0 days 01:51:19.802000
2024-07-07 14:56:17.231,8670,142,4,0,False,1,car,0 days 00:53:04.690000,0 days 01:51:20.202000
2024-07-07 14:56:17.471,8565,137,4,2,False,1,car,0 days 00:53:04.930000,0 days 01:51:20.442000
2024-07-07 14:56:17.631,8390,137,4,4,False,1,car,0 days 00:53:05.090000,0 days 01:51:20.602000
2024-07-07 14:56:17.911,8368,133,4,10,False,1,car,0 days 00:53:05.370000,0 days 01:51:20.882000
2024-07-07 14:56:18.310,8001,129,4,17,False,1,car,0 days 00:53:05.769000,0 days 01:51:21.281000
2024-07-07 14:56:18.510,7960,127,4,21,False,1,car,0 days 00:53:05.969000,0 days 01:51:21.481000
2024-07-07 14:56:18.670,7970,127,4,21,False,1,car,0 days 00:53:06.129000,0 days 01:51:21.641000
2024-07-07 14:56:19.030,7944,126,4,38,False,1,car,0 days 00:53:06.489000,0 days 01:51:22.001000
2024-07-07 14:56:19.230,8052,127,4,43,False,1,car,0 days 00:53:06.689000,0 days 01:51:22.201000
2024-07-07 14:56:19.470,8249,129,4,48,False,1,car,0 days 00:53:06.929000,0 days 01:51:22.441000
2024-07-07 14:56:19.750,8629,132,4,57,False,1,car,0 days 00:53:07.209000,0 days 01:51:22.721000
2024-07-07 14:56:19.910,8750,135,4,58,False,1,car,0 days 00:53:07.369000,0 days 01:51:22.881000
2024-07-07 14:56:20.150,9061,139,4,61,False,1,car,0 days 00:53:07.609000,0 days 01:51:23.121000
2024-07-07 14:56:20.350,9235,144,4,61,False,1,car,0 days 00:53:07.809000,0 days 01:51:23.321000
2024-07-07 14:56:20.670,8776,149,4,0,True,1,car,0 days 00:53:08.129000,0 days 01:51:23.641000
2024-07-07 14:56:20.870,8235,137,4,0,True,1,car,0 days 00:53:08.329000,0 days 01:51:23.841000
2024-07-07 14:56:21.111,7922,137,4,0,True,1,car,0 days 00:53:08.570000,0 days 01:51:24.082000
2024-07-07 14:56:21.471,7554,123,4,0,True,1,car,0 days 00:53:08.930000,0 days 01:51:24.442000
2024-07-07 14:56:21.671,7274,118,4,0,True,1,car,0 days 00:53:09.130000,0 days 01:51:24.642000
2024-07-07 14:56:22.031,7675,112,4,0,True,1,car,0 days 00:53:09.490000,0 days 01:51:25.002000
2024-07-07 14:56:22.431,7671,106,3,0,True,1,car,0 days 00:53:09.890000,0 days 01:51:25.402000
2024-07-07 14:56:22.751,7006,99,3,0,True,1,car,0 days 00:53:10.210000,0 days 01:51:25.722000
2024-07-07 14:56:22.911,6778,99,3,0,True,1,car,0 days 00:53:10.370000,0 days 01:51:25.882000
2024-07-07 14:56:23.191,6374,91,3,0,True,1,car,0 days 00:53:10.650000,0 days 01:51:26.162000
2024-07-07 14:56:23.471,6390,86,3,0,False,1,car,0 days 00:53:10.930000,0 days 01:51:26.442000
2024-07-07 14:56:23.631,6263,84,3,4,False,1,car,0 days 00:53:11.090000,0 days 01:51:26.602000
2024-07-07 14:56:23.871,6246,83,3,16,False,1,car,0 days 00:53:11.330000,0 days 01:51:26.842000
2024-07-07 14:56:24.311,6617,85,3,29,False,1,car,0 days 00:53:11.770000,0 days 01:51:27.282000
2024-07-07 14:56:24.711,6988,89,3,37,False,1,car,0 days 00:53:12.170000,0 days 01:51:27.682000
2024-07-07 14:56:24.950,7413,93,3,39,False,1,car,0 days 00:53:12.409000,0 days 01:51:27.921000
2024-07-07 14:56:25.110,6853,97,3,39,False,1,car,0 days 00:53:12.569000,0 days 01:51:28.081000
2024-07-07 14:56:25.510,6791,103,4,48,False,1,car,0 days 00:53:12.969000,0 days 01:51:28.481000
2024-07-07 14:56:25.830,7243,110,4,49,False,1,car,0 days 00:53:13.289000,0 days 01:51:28.801000
2024-07-07 14:56:26.110,7715,116,4,59,False,1,car,0 days 00:53:13.569000,0 days 01:51:29.081000
2024-07-07 14:56:26.270,8083,121,4,62,False,1,car,0 days 00:53:13.729000,0 days 01:51:29.241000
2024-07-07 14:56:26.550,8661,128,4,69,False,1,car,0 days 00:53:14.009000,0 days 01:51:29.521000
2024-07-07 14:56:26.790,8991,137,4,72,False,1,car,0 days 00:53:14.249000,0 days 01:51:29.761000
2024-07-07 14:56:27.070,9538,146,4,77,False,1,car,0 days 00:53:14.529000,0 days 01:51:30.041000
2024-07-07 14:56:27.310,10039,154,4,83,False,1,car,0 days 00:53:14.769000,0 days 01:51:30.281000
2024-07-07 14:56:27.470,10444,161,4,87,False,1,car,0 days 00:53:14.929000,0 days 01:51:30.441000
2024-07-07 14:56:27.751,11185,169,4,100,False,1,car,0 days 00:53:15.210000,0 days 01:51:30.722000
2024-07-07 14:56:27.911,11528,178,4,100,False,1,car,0 days 00:53:15.370000,0 days 01:51:30.882000
2024-07-07 14:56:28.111,10268,186,4,100,False,1,car,0 days 00:53:15.570000,0 days 01:51:31.082000
2024-07-07 14:56:28.311,10270,192,5,100,False,1,car,0 days 00:53:15.770000,0 days 01:51:31.282000
2024-07-07 14:56:28.671,11249,206,5,100,False,1,car,0 days 00:53:16.130000,0 days 01:51:31.642000
2024-07-07 14:56:29.031,11429,214,5,100,False,1,car,0 days 00:53:16.490000,0 days 01:51:32.002000
2024-07-07 14:56:29.431,10278,224,5,100,False,1,car,0 days 00:53:16.890000,0 days 01:51:32.402000
2024-07-07 14:56:29.591,10442,229,6,100,False,1,car,0 days 00:53:17.050000,0 days 01:51:32.562000
2024-07-07 14:56:29.831,10693,233,6,100,False,1,car,0 days 00:53:17.290000,0 days 01:51:32.802000
2024-07-07 14:56:29.991,10894,238,6,100,False,1,car,0 days 00:53:17.450000,0 days 01:51:32.962000
2024-07-07 14:56:30.151,11033,240,6,100,False,1,car,0 days 00:53:17.610000,0 days 01:51:33.122000
2024-07-07 14:56:30.431,11209,245,6,100,False,1,car,0 days 00:53:17.890000,0 days 01:51:33.402000
2024-07-07 14:56:30.831,11480,252,6,100,False,1,car,0 days 00:53:18.290000,0 days 01:51:33.802000
2024-07-07 14:56:31.031,11645,256,6,100,False,1,car,0 days 00:53:18.490000,0 days 01:51:34.002000
2024-07-07 14:56:31.391,10735,259,6,100,False,1,car,0 days 00:53:18.850000,0 days 01:51:34.362000
2024-07-07 14:56:31.710,10572,264,7,100,False,1,car,0 days 00:53:19.169000,0 days 01:51:34.681000
2024-07-07 14:56:31.910,10688,266,7,100,False,1,car,0 days 00:53:19.369000,0 days 01:51:34.881000
2024-07-07 14:56:32.230,10788,269,7,100,False,1,car,0 days 00:53:19.689000,0 days 01:51:35.201000
2024-07-07 14:56:32.510,10919,272,7,100,False,1,car,0 days 00:53:19.969000,0 days 01:51:35.481000
2024-07-07 14:56:32.910,11021,276,7,100,False,1,car,0 days 00:53:20.369000,0 days 01:51:35.881000
2024-07-07 14:56:33.110,11111,279,7,100,False,1,car,0 days 00:53:20.569000,0 days 01:51:36.081000
2024-07-07 14:56:33.390,11177,280,7,100,False,1,car,0 days 00:53:20.849000,0 days 01:51:36.361000
2024-07-07 14:56:33.550,11276,283,7,100,False,1,car,0 days 00:53:21.009000,0 days 01:51:36.521000
2024-07-07 14:56:33.950,11334,285,7,100,False,1,car,0 days 00:53:21.409000,0 days 01:51:36.921000
2024-07-07 14:56:34.150,11379,286,7,100,False,1,car,0 days 00:53:21.609000,0 days 01:51:37.121000
2024-07-07 14:56:34.431,11396,288,7,100,False,1,car,0 days 00:53:21.890000,0 days 01:51:37.402000
2024-07-07 14:56:34.591,11391,288,7,100,False,1,car,0 days 00:53:22.050000,0 days 01:51:37.562000
2024-07-07 14:56:34.751,11429,288,7,100,False,1,car,0 days 00:53:22.210000,0 days 01:51:37.722000
2024-07-07 14:56:34.911,11429,289,7,100,False,1,car,0 days 00:53:22.370000,0 days 01:51:37.882000
2024-07-07 14:56:35.231,11425,288,7,100,False,1,car,0 days 00:53:22.690000,0 days 01:51:38.202000
2024-07-07 14:56:35.431,11441,288,7,100,False,1,car,0 days 00:53:22.890000,0 days 01:51:38.402000
2024-07-07 14:56:35.791,11429,289,7,100,False,1,car,0 days 00:53:23.250000,0 days 01:51:38.762000
2024-07-07 14:56:35.991,11387,288,7,100,False,1,car,0 days 00:53:23.450000,0 days 01:51:38.962000
2024-07-07 14:56:36.311,11349,287,7,100,False,1,car,0 days 00:53:23.770000,0 days 01:51:39.282000
2024-07-07 14:56:36.591,10895,285,7,18,False,1,car,0 days 00:53:24.050000,0 days 01:51:39.562000
2024-07-07 14:56:36.831,10703,276,7,0,True,1,car,0 days 00:53:24.290000,0 days 01:51:39.802000
2024-07-07 14:56:37.151,9897,257,7,0,True,1,car,0 days 00:53:24.610000,0 days 01:51:40.122000
2024-07-07 14:56:37.311,10291,246,7,0,True,1,car,0 days 00:53:24.770000,0 days 01:51:40.282000
2024-07-07 14:56:37.671,10319,232,6,0,False,1,car,0 days 00:53:25.130000,0 days 01:51:40.642000
2024-07-07 14:56:38.031,10163,224,6,48,False,1,car,0 days 00:53:25.490000,0 days 01:51:41.002000
2024-07-07 14:56:38.470,10057,220,6,62,False,1,car,0 days 00:53:25.929000,0 days 01:51:41.441000
2024-07-07 14:56:38.830,10162,221,6,82,False,1,car,0 days 00:53:26.289000,0 days 01:51:41.801000
2024-07-07 14:56:39.070,10442,225,6,100,False,1,car,0 days 00:53:26.529000,0 days 01:51:42.041000
2024-07-07 14:56:39.230,10429,227,6,100,False,1,car,0 days 00:53:26.689000,0 days 01:51:42.201000
2024-07-07 14:56:39.510,10659,232,6,100,False,1,car,0 days 00:53:26.969000,0 days 01:51:42.481000
2024-07-07 14:56:39.870,10939,238,6,100,False,1,car,0 days 00:53:27.329000,0 days 01:51:42.841000
2024-07-07 14:56:40.110,11085,242,6,100,False,1,car,0 days 00:53:27.569000,0 days 01:51:43.081000
2024-07-07 14:56:40.270,11228,245,6,100,False,1,car,0 days 00:53:27.729000,0 days 01:51:43.241000
2024-07-07 14:56:40.550,11406,249,6,100,False,1,car,0 days 00:53:28.009000,0 days 01:51:43.521000
2024-07-07 14:56:40.830,11474,252,6,100,False,1,car,0 days 00:53:28.289000,0 days 01:51:43.801000
2024-07-07 14:56:41.071,11664,257,6,100,False,1,car,0 days 00:53:28.530000,0 days 01:51:44.042000
2024-07-07 14:56:41.351,11854,259,6,100,False,1,car,0 days 00:53:28.810000,0 days 01:51:44.322000
2024-07-07 14:56:41.631,10675,262,7,100,False,1,car,0 days 00:53:29.090000,0 days 01:51:44.602000
2024-07-07 14:56:41.911,10588,266,7,100,False,1,car,0 days 00:53:29.370000,0 days 01:51:44.882000
2024-07-07 14:56:42.191,10708,270,7,100,False,1,car,0 days 00:53:29.650000,0 days 01:51:45.162000
2024-07-07 14:56:42.551,10918,273,7,100,False,1,car,0 days 00:53:30.010000,0 days 01:51:45.522000
2024-07-07 14:56:42.751,10974,275,7,100,False,1,car,0 days 00:53:30.210000,0 days 01:51:45.722000
2024-07-07 14:56:42.951,11018,278,7,100,False,1,car,0 days 00:53:30.410000,0 days 01:51:45.922000
2024-07-07 14:56:43.231,11096,279,7,100,False,1,car,0 days 00:53:30.690000,0 days 01:51:46.202000
2024-07-07 14:56:43.391,11156,281,7,100,False,1,car,0 days 00:53:30.850000,0 days 01:51:46.362000
2024-07-07 14:56:43.751,11288,284,7,100,False,1,car,0 days 00:53:31.210000,0 days 01:51:46.722000
2024-07-07 14:56:43.951,11318,285,7,100,False,1,car,0 days 00:53:31.410000,0 days 01:51:46.922000
2024-07-07 14:56:44.271,11395,287,7,100,False,1,car,0 days 00:53:31.730000,0 days 01:51:47.242000
2024-07-07 14:56:44.471,11420,288,7,100,False,1,car,0 days 00:53:31.930000,0 days 01:51:47.442000
2024-07-07 14:56:44.751,11462,289,7,100,False,1,car,0 days 00:53:32.210000,0 days 01:51:47.722000
2024-07-07 14:56:44.950,11525,290,7,100,False,1,car,0 days 00:53:32.409000,0 days 01:51:47.921000
2024-07-07 14:56:45.150,11527,291,7,100,False,1,car,0 days 00:53:32.609000,0 days 01:51:48.121000
2024-07-07 14:56:45.430,11536,291,7,100,False,1,car,0 days 00:53:32.889000,0 days 01:51:48.401000
2024-07-07 14:56:45.670,11529,291,7,100,False,1,car,0 days 00:53:33.129000,0 days 01:51:48.641000
2024-07-07 14:56:45.830,11576,291,7,3,True,1,car,0 days 00:53:33.289000,0 days 01:51:48.801000
2024-07-07 14:56:45.990,11103,285,7,0,True,1,car,0 days 00:53:33.449000,0 days 01:51:48.961000
2024-07-07 14:56:46.190,10681,273,7,0,True,1,car,0 days 00:53:33.649000,0 days 01:51:49.161000
2024-07-07 14:56:46.550,10016,255,7,0,True,1,car,0 days 00:53:34.009000,0 days 01:51:49.521000
2024-07-07 14:56:46.950,10635,240,6,1,False,1,car,0 days 00:53:34.409000,0 days 01:51:49.921000
2024-07-07 14:56:47.150,10495,238,6,17,False,1,car,0 days 00:53:34.609000,0 days 01:51:50.121000
2024-07-07 14:56:47.350,10422,230,6,51,False,1,car,0 days 00:53:34.809000,0 days 01:51:50.321000
2024-07-07 14:56:47.591,10351,228,6,67,False,1,car,0 days 00:53:35.050000,0 days 01:51:50.562000
2024-07-07 14:56:47.871,10527,229,6,82,False,1,car,0 days 00:53:35.330000,0 days 01:51:50.842000
2024-07-07 14:56:48.111,10561,230,6,83,False,1,car,0 days 00:53:35.570000,0 days 01:51:51.082000
2024-07-07 14:56:48.391,10665,235,6,81,False,1,car,0 days 00:53:35.850000,0 days 01:51:51.362000
2024-07-07 14:56:48.551,10376,236,6,45,True,1,car,0 days 00:53:36.010000,0 days 01:51:51.522000
2024-07-07 14:56:48.711,10272,230,6,0,True,1,car,0 days 00:53:36.170000,0 days 01:51:51.682000
2024-07-07 14:56:48.951,9677,218,6,0,True,1,car,0 days 00:53:36.410000,0 days 01:51:51.922000
2024-07-07 14:56:49.191,9396,211,6,0,True,1,car,0 days 00:53:36.650000,0 days 01:51:52.162000
2024-07-07 14:56:49.551,9167,202,6,0,True,1,car,0 days 00:53:37.010000,0 days 01:51:52.522000
2024-07-07 14:56:49.711,10287,197,6,0,True,1,car,0 days 00:53:37.170000,0 days 01:51:52.682000
2024-07-07 14:56:49.991,9911,192,5,4,False,1,car,0 days 00:53:37.450000,0 days 01:51:52.962000
2024-07-07 14:56:50.231,9809,186,5,36,False,1,car,0 days 00:53:37.690000,0 days 01:51:53.202000
2024-07-07 14:56:50.551,9738,187,5,48,False,1,car,0 days 00:53:38.010000,0 days 01:51:53.522000
2024-07-07 14:56:50.871,9527,185,5,48,False,1,car,0 days 00:53:38.330000,0 days 01:51:53.842000
2024-07-07 14:56:51.231,8886,174,5,0,True,1,car,0 days 00:53:38.690000,0 days 01:51:54.202000
2024-07-07 14:56:51.471,8558,164,5,0,False,1,car,0 days 00:53:38.930000,0 days 01:51:54.442000
2024-07-07 14:56:51.710,8247,159,5,0,True,1,car,0 days 00:53:39.169000,0 days 01:51:54.681000
2024-07-07 14:56:52.030,7911,152,5,0,True,1,car,0 days 00:53:39.489000,0 days 01:51:55.001000
2024-07-07 14:56:52.190,9031,147,5,0,True,1,car,0 days 00:53:39.649000,0 days 01:51:55.161000
2024-07-07 14:56:52.430,8895,143,4,0,False,1,car,0 days 00:53:39.889000,0 days 01:51:55.401000
2024-07-07 14:56:52.790,8935,140,4,12,False,1,car,0 days 00:53:40.249000,0 days 01:51:55.761000
2024-07-07 14:56:53.030,9096,141,4,61,False,1,car,0 days 00:53:40.489000,0 days 01:51:56.001000
2024-07-07 14:56:53.190,9297,143,4,61,False,1,car,0 days 00:53:40.649000,0 days 01:51:56.161000
2024-07-07 14:56:53.470,9689,150,4,65,False,1,car,0 days 00:53:40.929000,0 days 01:51:56.441000
2024-07-07 14:56:53.670,9942,154,4,71,False,1,car,0 days 00:53:41.129000,0 days 01:51:56.641000
2024-07-07 14:56:53.870,10303,158,4,76,False,1,car,0 days 00:53:41.329000,0 days 01:51:56.841000
2024-07-07 14:56:54.111,10664,165,4,80,False,1,car,0 days 00:53:41.570000,0 days 01:51:57.082000
2024-07-07 14:56:54.311,11069,171,4,89,False,1,car,0 days 00:53:41.770000,0 days 01:51:57.282000
2024-07-07 14:56:54.751,11837,185,4,100,False,1,car,0 days 00:53:42.210000,0 days 01:51:57.722000
2024-07-07 14:56:54.911,10717,192,4,100,False,1,car,0 days 00:53:42.370000,0 days 01:51:57.882000
2024-07-07 14:56:55.111,10649,192,5,100,False,1,car,0 days 00:53:42.570000,0 days 01:51:58.082000
2024-07-07 14:56:55.391,11104,209,5,100,False,1,car,0 days 00:53:42.850000,0 days 01:51:58.362000
2024-07-07 14:56:55.551,11474,211,5,100,False,1,car,0 days 00:53:43.010000,0 days 01:51:58.522000
2024-07-07 14:56:55.991,11316,223,5,100,False,1,car,0 days 00:53:43.450000,0 days 01:51:58.962000
2024-07-07 14:56:56.151,10337,223,6,100,False,1,car,0 days 00:53:43.610000,0 days 01:51:59.122000
2024-07-07 14:56:56.351,10641,230,6,100,False,1,car,0 days 00:53:43.810000,0 days 01:51:59.322000
2024-07-07 14:56:56.631,10641,236,6,100,False,1,car,0 days 00:53:44.090000,0 days 01:51:59.602000
2024-07-07 14:56:56.951,11115,242,6,100,False,1,car,0 days 00:53:44.410000,0 days 01:51:59.922000
2024-07-07 14:56:57.151,11264,246,6,100,False,1,car,0 days 00:53:44.610000,0 days 01:52:00.122000
2024-07-07 14:56:57.311,11323,247,6,100,False,1,car,0 days 00:53:44.770000,0 days 01:52:00.282000
2024-07-07 14:56:57.511,11478,250,6,100,False,1,car,0 days 00:53:44.970000,0 days 01:52:00.482000
2024-07-07 14:56:57.751,11645,253,6,100,False,1,car,0 days 00:53:45.210000,0 days 01:52:00.722000
2024-07-07 14:56:58.111,11755,260,6,100,False,1,car,0 days 00:53:45.570000,0 days 01:52:01.082000
2024-07-07 14:56:58.510,10540,265,7,100,False,1,car,0 days 00:53:45.969000,0 days 01:52:01.481000
2024-07-07 14:56:58.790,10715,267,7,100,False,1,car,0 days 00:53:46.249000,0 days 01:52:01.761000
2024-07-07 14:56:59.070,10865,271,7,100,False,1,car,0 days 00:53:46.529000,0 days 01:52:02.041000
2024-07-07 14:56:59.270,10903,274,7,100,False,1,car,0 days 00:53:46.729000,0 days 01:52:02.241000
2024-07-07 14:56:59.510,10968,275,7,100,False,1,car,0 days 00:53:46.969000,0 days 01:52:02.481000
2024-07-07 14:56:59.750,11040,277,7,100,False,1,car,0 days 00:53:47.209000,0 days 01:52:02.721000
2024-07-07 14:56:59.950,11107,279,7,100,False,1,car,0 days 00:53:47.409000,0 days 01:52:02.921000
2024-07-07 14:57:00.310,11238,282,7,100,False,1,car,0 days 00:53:47.769000,0 days 01:52:03.281000
2024-07-07 14:57:00.591,11300,285,7,100,False,1,car,0 days 00:53:48.050000,0 days 01:52:03.562000
2024-07-07 14:57:00.751,11341,285,7,100,False,1,car,0 days 00:53:48.210000,0 days 01:52:03.722000
2024-07-07 14:57:01.231,11386,287,7,100,False,1,car,0 days 00:53:48.690000,0 days 01:52:04.202000
2024-07-07 14:57:01.631,11480,290,7,100,False,1,car,0 days 00:53:49.090000,0 days 01:52:04.602000
2024-07-07 14:57:01.791,11504,290,7,100,False,1,car,0 days 00:53:49.250000,0 days 01:52:04.762000
2024-07-07 14:57:01.991,11495,290,7,100,False,1,car,0 days 00:53:49.450000,0 days 01:52:04.962000
2024-07-07 14:57:02.271,11521,291,7,100,False,1,car,0 days 00:53:49.730000,0 days 01:52:05.242000
2024-07-07 14:57:02.471,11498,291,7,100,False,1,car,0 days 00:53:49.930000,0 days 01:52:05.442000
2024-07-07 14:57:02.871,11562,291,7,100,False,1,car,0 days 00:53:50.330000,0 days 01:52:05.842000
2024-07-07 14:57:03.031,11562,291,7,100,False,1,car,0 days 00:53:50.490000,0 days 01:52:06.002000
2024-07-07 14:57:03.191,11465,290,7,100,False,1,car,0 days 00:53:50.650000,0 days 01:52:06.162000
2024-07-07 14:57:03.471,11498,291,7,100,False,1,car,0 days 00:53:50.930000,0 days 01:52:06.442000
2024-07-07 14:57:03.671,11455,290,7,100,False,1,car,0 days 00:53:51.130000,0 days 01:52:06.642000
2024-07-07 14:57:03.871,11440,289,7,100,False,1,car,0 days 00:53:51.330000,0 days 01:52:06.842000
2024-07-07 14:57:04.271,11383,288,7,100,False,1,car,0 days 00:53:51.730000,0 days 01:52:07.242000
2024-07-07 14:57:04.471,11316,287,7,100,False,1,car,0 days 00:53:51.930000,0 days 01:52:07.442000
2024-07-07 14:57:04.711,11299,286,7,100,False,1,car,0 days 00:53:52.170000,0 days 01:52:07.682000
2024-07-07 14:57:04.991,11268,285,7,100,False,1,car,0 days 00:53:52.450000,0 days 01:52:07.962000
2024-07-07 14:57:05.190,11148,282,7,100,False,1,car,0 days 00:53:52.649000,0 days 01:52:08.161000
2024-07-07 14:57:05.350,11042,282,7,48,True,1,car,0 days 00:53:52.809000,0 days 01:52:08.321000
2024-07-07 14:57:05.830,9510,245,7,0,True,1,car,0 days 00:53:53.289000,0 days 01:52:08.801000
2024-07-07 14:57:05.990,10223,230,7,0,True,1,car,0 days 00:53:53.449000,0 days 01:52:08.961000
2024-07-07 14:57:06.350,9595,215,6,0,True,1,car,0 days 00:53:53.809000,0 days 01:52:09.321000
2024-07-07 14:57:06.630,9922,204,6,0,True,1,car,0 days 00:53:54.089000,0 days 01:52:09.601000
2024-07-07 14:57:06.830,10081,196,5,0,True,1,car,0 days 00:53:54.289000,0 days 01:52:09.801000
2024-07-07 14:57:06.990,9717,189,5,0,True,1,car,0 days 00:53:54.449000,0 days 01:52:09.961000
2024-07-07 14:57:07.351,9182,180,5,0,True,1,car,0 days 00:53:54.810000,0 days 01:52:10.322000
2024-07-07 14:57:07.551,8865,176,5,0,True,1,car,0 days 00:53:55.010000,0 days 01:52:10.522000
2024-07-07 14:57:07.791,8686,167,5,0,True,1,car,0 days 00:53:55.250000,0 days 01:52:10.762000
2024-07-07 14:57:08.111,8320,160,5,0,True,1,car,0 days 00:53:55.570000,0 days 01:52:11.082000
2024-07-07 14:57:08.351,8339,157,5,0,False,1,car,0 days 00:53:55.810000,0 days 01:52:11.322000
2024-07-07 14:57:08.671,8366,154,5,50,False,1,car,0 days 00:53:56.130000,0 days 01:52:11.642000
2024-07-07 14:57:09.031,8561,158,5,61,False,1,car,0 days 00:53:56.490000,0 days 01:52:12.002000
2024-07-07 14:57:09.231,8631,160,5,63,False,1,car,0 days 00:53:56.690000,0 days 01:52:12.202000
2024-07-07 14:57:09.471,9088,167,5,76,False,1,car,0 days 00:53:56.930000,0 days 01:52:12.442000
2024-07-07 14:57:09.671,9414,172,5,79,False,1,car,0 days 00:53:57.130000,0 days 01:52:12.642000
2024-07-07 14:57:09.831,9558,175,5,89,False,1,car,0 days 00:53:57.290000,0 days 01:52:12.802000
2024-07-07 14:57:10.071,9986,183,5,89,False,1,car,0 days 00:53:57.530000,0 days 01:52:13.042000
2024-07-07 14:57:10.231,10159,187,5,100,False,1,car,0 days 00:53:57.690000,0 days 01:52:13.202000
2024-07-07 14:57:10.591,10681,199,5,100,False,1,car,0 days 00:53:58.050000,0 days 01:52:13.562000
2024-07-07 14:57:10.871,11258,207,5,100,False,1,car,0 days 00:53:58.330000,0 days 01:52:13.842000
2024-07-07 14:57:11.111,11310,214,5,100,False,1,car,0 days 00:53:58.570000,0 days 01:52:14.082000
2024-07-07 14:57:11.271,11689,219,5,100,False,1,car,0 days 00:53:58.730000,0 days 01:52:14.242000
2024-07-07 14:57:11.471,11865,223,5,100,False,1,car,0 days 00:53:58.930000,0 days 01:52:14.442000
2024-07-07 14:57:11.671,12015,228,5,100,False,1,car,0 days 00:53:59.130000,0 days 01:52:14.642000
2024-07-07 14:57:11.950,10755,232,5,100,False,1,car,0 days 00:53:59.409000,0 days 01:52:14.921000
2024-07-07 14:57:12.230,10756,237,6,100,False,1,car,0 days 00:53:59.689000,0 days 01:52:15.201000
2024-07-07 14:57:12.630,10973,240,6,100,False,1,car,0 days 00:54:00.089000,0 days 01:52:15.601000
2024-07-07 14:57:12.830,11111,243,6,100,False,1,car,0 days 00:54:00.289000,0 days 01:52:15.801000
2024-07-07 14:57:12.990,11105,246,6,100,False,1,car,0 days 00:54:00.449000,0 days 01:52:15.961000
2024-07-07 14:57:13.470,11190,248,6,100,False,1,car,0 days 00:54:00.929000,0 days 01:52:16.441000
2024-07-07 14:57:13.791,11222,249,6,100,False,1,car,0 days 00:54:01.250000,0 days 01:52:16.762000
2024-07-07 14:57:14.111,10161,226,6,0,True,1,car,0 days 00:54:01.570000,0 days 01:52:17.082000
2024-07-07 14:57:14.431,8646,196,6,0,True,1,car,0 days 00:54:01.890000,0 days 01:52:17.402000
2024-07-07 14:57:14.871,9636,158,5,0,True,1,car,0 days 00:54:02.330000,0 days 01:52:17.842000
2024-07-07 14:57:15.271,9219,138,4,0,True,1,car,0 days 00:54:02.730000,0 days 01:52:18.242000
2024-07-07 14:57:15.471,8982,127,3,0,True,1,car,0 days 00:54:02.930000,0 days 01:52:18.442000
2024-07-07 14:57:15.751,8360,120,3,0,True,1,car,0 days 00:54:03.210000,0 days 01:52:18.722000
2024-07-07 14:57:15.911,8024,113,3,0,True,1,car,0 days 00:54:03.370000,0 days 01:52:18.882000
2024-07-07 14:57:16.111,7608,109,3,0,True,1,car,0 days 00:54:03.570000,0 days 01:52:19.082000
2024-07-07 14:57:16.471,6869,96,3,0,True,1,car,0 days 00:54:03.930000,0 days 01:52:19.442000
2024-07-07 14:57:16.671,6609,94,3,0,True,1,car,0 days 00:54:04.130000,0 days 01:52:19.642000
2024-07-07 14:57:16.911,6535,89,3,0,True,1,car,0 days 00:54:04.370000,0 days 01:52:19.882000
2024-07-07 14:57:17.231,6341,86,3,0,False,1,car,0 days 00:54:04.690000,0 days 01:52:20.202000
2024-07-07 14:57:17.511,6194,85,3,1,False,1,car,0 days 00:54:04.970000,0 days 01:52:20.482000
2024-07-07 14:57:17.671,6195,84,3,9,False,1,car,0 days 00:54:05.130000,0 days 01:52:20.642000
2024-07-07 14:57:18.031,6630,85,3,23,False,1,car,0 days 00:54:05.490000,0 days 01:52:21.002000
2024-07-07 14:57:18.431,6849,89,3,30,False,1,car,0 days 00:54:05.890000,0 days 01:52:21.402000
2024-07-07 14:57:18.710,6966,93,3,31,False,1,car,0 days 00:54:06.169000,0 days 01:52:21.681000
2024-07-07 14:57:18.910,7221,96,3,29,False,1,car,0 days 00:54:06.369000,0 days 01:52:21.881000
2024-07-07 14:57:19.230,6852,92,3,0,False,1,car,0 days 00:54:06.689000,0 days 01:52:22.201000
2024-07-07 14:57:19.470,6447,88,3,0,False,1,car,0 days 00:54:06.929000,0 days 01:52:22.441000
2024-07-07 14:57:19.670,6369,87,3,0,False,1,car,0 days 00:54:07.129000,0 days 01:52:22.641000
2024-07-07 14:57:20.030,6806,87,3,26,False,1,car,0 days 00:54:07.489000,0 days 01:52:23.001000
2024-07-07 14:57:20.190,6837,88,3,28,False,1,car,0 days 00:54:07.649000,0 days 01:52:23.161000
2024-07-07 14:57:20.511,7112,92,3,34,False,1,car,0 days 00:54:07.970000,0 days 01:52:23.482000
2024-07-07 14:57:20.791,7526,96,3,39,False,1,car,0 days 00:54:08.250000,0 days 01:52:23.762000
2024-07-07 14:57:21.071,8158,101,3,44,False,1,car,0 days 00:54:08.530000,0 days 01:52:24.042000
2024-07-07 14:57:21.311,8490,105,3,44,False,1,car,0 days 00:54:08.770000,0 days 01:52:24.282000
2024-07-07 14:57:21.471,8252,107,3,44,False,1,car,0 days 00:54:08.930000,0 days 01:52:24.442000
2024-07-07 14:57:21.711,7263,111,3,48,False,1,car,0 days 00:54:09.170000,0 days 01:52:24.682000
2024-07-07 14:57:21.871,7561,116,4,51,False,1,car,0 days 00:54:09.330000,0 days 01:52:24.842000
2024-07-07 14:57:22.031,7787,118,4,53,False,1,car,0 days 00:54:09.490000,0 days 01:52:25.002000
2024-07-07 14:57:22.271,8162,124,4,53,False,1,car,0 days 00:54:09.730000,0 days 01:52:25.242000
2024-07-07 14:57:22.471,8442,128,4,56,False,1,car,0 days 00:54:09.930000,0 days 01:52:25.442000
2024-07-07 14:57:22.671,8615,133,4,59,False,1,car,0 days 00:54:10.130000,0 days 01:52:25.642000
2024-07-07 14:57:22.951,9063,138,4,71,False,1,car,0 days 00:54:10.410000,0 days 01:52:25.922000
2024-07-07 14:57:23.311,9587,149,4,70,False,1,car,0 days 00:54:10.770000,0 days 01:52:26.282000
2024-07-07 14:57:23.591,10074,156,4,70,False,1,car,0 days 00:54:11.050000,0 days 01:52:26.562000
2024-07-07 14:57:23.791,10280,160,4,68,False,1,car,0 days 00:54:11.250000,0 days 01:52:26.762000
2024-07-07 14:57:24.031,10528,165,4,68,False,1,car,0 days 00:54:11.490000,0 days 01:52:27.002000
2024-07-07 14:57:24.311,10792,170,4,68,False,1,car,0 days 00:54:11.770000,0 days 01:52:27.282000
2024-07-07 14:57:24.591,9530,175,5,75,False,1,car,0 days 00:54:12.050000,0 days 01:52:27.562000
2024-07-07 14:57:24.871,9697,182,5,76,False,1,car,0 days 00:54:12.330000,0 days 01:52:27.842000
2024-07-07 14:57:25.071,10122,187,5,82,False,1,car,0 days 00:54:12.530000,0 days 01:52:28.042000
2024-07-07 14:57:25.230,10255,189,5,89,False,1,car,0 days 00:54:12.689000,0 days 01:52:28.201000
2024-07-07 14:57:25.430,10506,195,5,92,False,1,car,0 days 00:54:12.889000,0 days 01:52:28.401000
2024-07-07 14:57:25.670,10932,203,5,100,False,1,car,0 days 00:54:13.129000,0 days 01:52:28.641000
2024-07-07 14:57:26.070,11430,213,5,100,False,1,car,0 days 00:54:13.529000,0 days 01:52:29.041000
2024-07-07 14:57:26.510,10617,225,5,100,False,1,car,0 days 00:54:13.969000,0 days 01:52:29.481000
2024-07-07 14:57:26.911,10769,234,6,100,False,1,car,0 days 00:54:14.370000,0 days 01:52:29.882000
2024-07-07 14:57:27.071,10894,239,6,100,False,1,car,0 days 00:54:14.530000,0 days 01:52:30.042000
2024-07-07 14:57:27.231,10991,241,6,100,False,1,car,0 days 00:54:14.690000,0 days 01:52:30.202000
2024-07-07 14:57:27.391,11123,246,6,100,False,1,car,0 days 00:54:14.850000,0 days 01:52:30.362000
2024-07-07 14:57:27.591,11301,247,6,100,False,1,car,0 days 00:54:15.050000,0 days 01:52:30.562000
2024-07-07 14:57:27.871,11471,254,6,100,False,1,car,0 days 00:54:15.330000,0 days 01:52:30.842000
2024-07-07 14:57:28.111,11471,257,6,100,False,1,car,0 days 00:54:15.570000,0 days 01:52:31.082000
2024-07-07 14:57:28.271,11752,260,6,100,False,1,car,0 days 00:54:15.730000,0 days 01:52:31.242000
2024-07-07 14:57:28.591,10772,263,7,100,False,1,car,0 days 00:54:16.050000,0 days 01:52:31.562000
2024-07-07 14:57:28.751,10585,264,7,100,False,1,car,0 days 00:54:16.210000,0 days 01:52:31.722000
2024-07-07 14:57:28.911,10585,266,7,100,False,1,car,0 days 00:54:16.370000,0 days 01:52:31.882000
2024-07-07 14:57:29.191,10722,271,7,100,False,1,car,0 days 00:54:16.650000,0 days 01:52:32.162000
2024-07-07 14:57:29.431,10860,273,7,100,False,1,car,0 days 00:54:16.890000,0 days 01:52:32.402000
2024-07-07 14:57:29.711,10892,277,7,100,False,1,car,0 days 00:54:17.170000,0 days 01:52:32.682000
2024-07-07 14:57:29.991,11096,279,7,100,False,1,car,0 days 00:54:17.450000,0 days 01:52:32.962000
2024-07-07 14:57:30.191,11155,280,7,100,False,1,car,0 days 00:54:17.650000,0 days 01:52:33.162000
2024-07-07 14:57:30.391,11216,283,7,100,False,1,car,0 days 00:54:17.850000,0 days 01:52:33.362000
2024-07-07 14:57:30.631,11244,285,7,100,False,1,car,0 days 00:54:18.090000,0 days 01:52:33.602000
2024-07-07 14:57:30.911,11339,286,7,100,False,1,car,0 days 00:54:18.370000,0 days 01:52:33.882000
2024-07-07 14:57:31.111,10968,285,7,100,True,1,car,0 days 00:54:18.570000,0 days 01:52:34.082000
2024-07-07 14:57:31.431,10411,268,7,0,True,1,car,0 days 00:54:18.890000,0 days 01:52:34.402000
2024-07-07 14:57:31.711,9822,256,7,0,True,1,car,0 days 00:54:19.170000,0 days 01:52:34.682000
2024-07-07 14:57:31.990,11175,246,7,0,False,1,car,0 days 00:54:19.449000,0 days 01:52:34.961000
2024-07-07 14:57:32.310,10781,239,6,48,False,1,car,0 days 00:54:19.769000,0 days 01:52:35.281000
2024-07-07 14:57:32.510,10760,237,6,55,False,1,car,0 days 00:54:19.969000,0 days 01:52:35.481000
2024-07-07 14:57:32.750,10760,236,6,58,False,1,car,0 days 00:54:20.209000,0 days 01:52:35.721000
2024-07-07 14:57:33.030,10965,237,6,94,False,1,car,0 days 00:54:20.489000,0 days 01:52:36.001000
2024-07-07 14:57:33.230,11054,240,6,100,False,1,car,0 days 00:54:20.689000,0 days 01:52:36.201000
2024-07-07 14:57:33.471,11198,244,6,100,False,1,car,0 days 00:54:20.930000,0 days 01:52:36.442000
2024-07-07 14:57:33.751,11391,248,6,100,False,1,car,0 days 00:54:21.210000,0 days 01:52:36.722000
2024-07-07 14:57:34.111,11561,253,6,100,False,1,car,0 days 00:54:21.570000,0 days 01:52:37.082000
2024-07-07 14:57:34.271,11689,256,6,100,False,1,car,0 days 00:54:21.730000,0 days 01:52:37.242000
2024-07-07 14:57:34.591,10569,263,6,100,False,1,car,0 days 00:54:22.050000,0 days 01:52:37.562000
2024-07-07 14:57:35.031,10595,267,7,100,False,1,car,0 days 00:54:22.490000,0 days 01:52:38.002000
2024-07-07 14:57:35.231,10662,267,7,100,False,1,car,0 days 00:54:22.690000,0 days 01:52:38.202000
2024-07-07 14:57:35.391,10704,269,7,92,False,1,car,0 days 00:54:22.850000,0 days 01:52:38.362000
2024-07-07 14:57:35.591,10741,269,7,92,False,1,car,0 days 00:54:23.050000,0 days 01:52:38.562000
2024-07-07 14:57:35.831,10719,270,7,98,False,1,car,0 days 00:54:23.290000,0 days 01:52:38.802000
2024-07-07 14:57:36.151,10674,268,7,100,False,1,car,0 days 00:54:23.610000,0 days 01:52:39.122000
2024-07-07 14:57:36.391,10602,267,7,100,False,1,car,0 days 00:54:23.850000,0 days 01:52:39.362000
2024-07-07 14:57:36.551,10618,266,7,100,False,1,car,0 days 00:54:24.010000,0 days 01:52:39.522000
2024-07-07 14:57:36.871,10560,266,7,100,False,1,car,0 days 00:54:24.330000,0 days 01:52:39.842000
2024-07-07 14:57:37.031,10560,265,7,100,True,1,car,0 days 00:54:24.490000,0 days 01:52:40.002000
2024-07-07 14:57:37.471,9234,234,7,0,True,1,car,0 days 00:54:24.930000,0 days 01:52:40.442000
2024-07-07 14:57:37.711,9763,215,7,0,True,1,car,0 days 00:54:25.170000,0 days 01:52:40.682000
2024-07-07 14:57:37.911,9431,195,6,0,True,1,car,0 days 00:54:25.370000,0 days 01:52:40.882000
2024-07-07 14:57:38.231,8739,171,5,0,True,1,car,0 days 00:54:25.690000,0 days 01:52:41.202000
2024-07-07 14:57:38.511,8926,151,5,0,True,1,car,0 days 00:54:25.970000,0 days 01:52:41.482000
2024-07-07 14:57:38.670,8558,139,4,0,True,1,car,0 days 00:54:26.129000,0 days 01:52:41.641000
2024-07-07 14:57:39.030,8799,126,3,0,True,1,car,0 days 00:54:26.489000,0 days 01:52:42.001000
2024-07-07 14:57:39.310,8104,115,3,0,True,1,car,0 days 00:54:26.769000,0 days 01:52:42.281000
2024-07-07 14:57:39.510,7669,108,3,0,True,1,car,0 days 00:54:26.969000,0 days 01:52:42.481000
2024-07-07 14:57:39.670,7529,103,3,0,True,1,car,0 days 00:54:27.129000,0 days 01:52:42.641000
2024-07-07 14:57:39.910,6883,97,3,0,True,1,car,0 days 00:54:27.369000,0 days 01:52:42.881000
2024-07-07 14:57:40.151,6554,92,3,0,True,1,car,0 days 00:54:27.610000,0 days 01:52:43.122000
2024-07-07 14:57:40.511,6047,84,3,0,True,1,car,0 days 00:54:27.970000,0 days 01:52:43.482000
2024-07-07 14:57:40.711,6010,81,3,0,False,1,car,0 days 00:54:28.170000,0 days 01:52:43.682000
2024-07-07 14:57:40.871,5870,80,3,0,False,1,car,0 days 00:54:28.330000,0 days 01:52:43.842000
2024-07-07 14:57:41.071,5742,79,3,0,False,1,car,0 days 00:54:28.530000,0 days 01:52:44.042000
2024-07-07 14:57:41.231,6281,78,3,13,False,1,car,0 days 00:54:28.690000,0 days 01:52:44.202000
2024-07-07 14:57:41.471,6137,80,3,17,False,1,car,0 days 00:54:28.930000,0 days 01:52:44.442000
2024-07-07 14:57:41.631,6137,81,3,21,False,1,car,0 days 00:54:29.090000,0 days 01:52:44.602000
2024-07-07 14:57:41.991,6533,84,3,29,False,1,car,0 days 00:54:29.450000,0 days 01:52:44.962000
2024-07-07 14:57:42.391,7083,90,3,37,False,1,car,0 days 00:54:29.850000,0 days 01:52:45.362000
2024-07-07 14:57:42.631,7395,93,3,41,False,1,car,0 days 00:54:30.090000,0 days 01:52:45.602000
2024-07-07 14:57:42.991,7655,99,3,43,False,1,car,0 days 00:54:30.450000,0 days 01:52:45.962000
2024-07-07 14:57:43.151,7931,101,3,47,False,1,car,0 days 00:54:30.610000,0 days 01:52:46.122000
2024-07-07 14:57:43.311,8142,106,3,49,False,1,car,0 days 00:54:30.770000,0 days 01:52:46.282000
2024-07-07 14:57:43.591,8602,113,3,54,False,1,car,0 days 00:54:31.050000,0 days 01:52:46.562000
2024-07-07 14:57:43.871,8686,120,3,56,True,1,car,0 days 00:54:31.330000,0 days 01:52:46.842000
2024-07-07 14:57:44.071,7938,113,3,0,True,1,car,0 days 00:54:31.530000,0 days 01:52:47.042000
2024-07-07 14:57:44.351,7130,104,3,0,True,1,car,0 days 00:54:31.810000,0 days 01:52:47.322000
2024-07-07 14:57:44.551,6793,97,3,0,True,1,car,0 days 00:54:32.010000,0 days 01:52:47.522000
2024-07-07 14:57:44.831,6554,90,3,0,True,1,car,0 days 00:54:32.290000,0 days 01:52:47.802000
2024-07-07 14:57:45.231,6239,84,3,0,True,1,car,0 days 00:54:32.690000,0 days 01:52:48.202000
2024-07-07 14:57:45.470,5826,80,3,0,False,1,car,0 days 00:54:32.929000,0 days 01:52:48.441000
2024-07-07 14:57:45.670,5708,78,3,0,False,1,car,0 days 00:54:33.129000,0 days 01:52:48.641000
2024-07-07 14:57:45.870,5760,77,3,1,False,1,car,0 days 00:54:33.329000,0 days 01:52:48.841000
2024-07-07 14:57:46.110,5723,77,3,5,False,1,car,0 days 00:54:33.569000,0 days 01:52:49.081000
2024-07-07 14:57:46.550,5509,75,3,0,False,1,car,0 days 00:54:34.009000,0 days 01:52:49.521000
2024-07-07 14:57:46.871,5501,73,3,0,False,1,car,0 days 00:54:34.330000,0 days 01:52:49.842000
2024-07-07 14:57:47.151,5603,73,3,14,False,1,car,0 days 00:54:34.610000,0 days 01:52:50.122000
2024-07-07 14:57:47.351,5792,74,3,16,False,1,car,0 days 00:54:34.810000,0 days 01:52:50.322000
2024-07-07 14:57:47.671,6009,78,3,21,False,1,car,0 days 00:54:35.130000,0 days 01:52:50.642000
2024-07-07 14:57:47.951,6282,80,3,28,False,1,car,0 days 00:54:35.410000,0 days 01:52:50.922000
2024-07-07 14:57:48.311,6732,86,3,38,False,1,car,0 days 00:54:35.770000,0 days 01:52:51.282000
2024-07-07 14:57:48.551,7115,91,3,44,False,1,car,0 days 00:54:36.010000,0 days 01:52:51.522000
2024-07-07 14:57:48.751,7343,95,3,46,False,1,car,0 days 00:54:36.210000,0 days 01:52:51.722000
2024-07-07 14:57:49.151,7440,106,3,56,False,1,car,0 days 00:54:36.610000,0 days 01:52:52.122000
2024-07-07 14:57:49.311,7104,112,4,59,False,1,car,0 days 00:54:36.770000,0 days 01:52:52.282000
2024-07-07 14:57:49.511,8082,119,4,68,False,1,car,0 days 00:54:36.970000,0 days 01:52:52.482000
2024-07-07 14:57:49.791,8856,129,4,74,False,1,car,0 days 00:54:37.250000,0 days 01:52:52.762000
2024-07-07 14:57:50.031,8972,137,4,75,False,1,car,0 days 00:54:37.490000,0 days 01:52:53.002000
2024-07-07 14:57:50.311,9602,148,4,79,False,1,car,0 days 00:54:37.770000,0 days 01:52:53.282000
2024-07-07 14:57:50.551,9046,155,4,83,False,1,car,0 days 00:54:38.010000,0 days 01:52:53.522000
2024-07-07 14:57:50.711,8830,162,5,84,False,1,car,0 days 00:54:38.170000,0 days 01:52:53.682000
2024-07-07 14:57:50.951,8989,169,5,90,False,1,car,0 days 00:54:38.410000,0 days 01:52:53.922000
2024-07-07 14:57:51.231,9673,178,5,100,False,1,car,0 days 00:54:38.690000,0 days 01:52:54.202000
2024-07-07 14:57:51.431,10053,182,5,100,False,1,car,0 days 00:54:38.890000,0 days 01:52:54.402000
2024-07-07 14:57:51.711,10517,195,5,100,False,1,car,0 days 00:54:39.170000,0 days 01:52:54.682000
2024-07-07 14:57:51.991,10991,204,5,100,False,1,car,0 days 00:54:39.450000,0 days 01:52:54.962000
2024-07-07 14:57:52.270,11356,212,5,100,False,1,car,0 days 00:54:39.729000,0 days 01:52:55.241000
2024-07-07 14:57:52.510,11513,217,5,100,False,1,car,0 days 00:54:39.969000,0 days 01:52:55.481000
2024-07-07 14:57:52.830,10465,224,5,100,False,1,car,0 days 00:54:40.289000,0 days 01:52:55.801000
2024-07-07 14:57:53.030,10508,228,6,100,False,1,car,0 days 00:54:40.489000,0 days 01:52:56.001000
2024-07-07 14:57:53.190,10603,232,6,100,False,1,car,0 days 00:54:40.649000,0 days 01:52:56.161000
2024-07-07 14:57:53.431,10748,234,6,100,False,1,car,0 days 00:54:40.890000,0 days 01:52:56.402000
2024-07-07 14:57:53.711,10988,241,6,100,False,1,car,0 days 00:54:41.170000,0 days 01:52:56.682000
2024-07-07 14:57:53.991,10988,246,6,100,False,1,car,0 days 00:54:41.450000,0 days 01:52:56.962000
2024-07-07 14:57:54.271,11393,252,6,100,False,1,car,0 days 00:54:41.730000,0 days 01:52:57.242000
2024-07-07 14:57:54.431,11499,253,6,100,False,1,car,0 days 00:54:41.890000,0 days 01:52:57.402000
2024-07-07 14:57:54.631,11655,256,6,100,False,1,car,0 days 00:54:42.090000,0 days 01:52:57.602000
2024-07-07 14:57:54.951,11764,260,6,100,False,1,car,0 days 00:54:42.410000,0 days 01:52:57.922000
2024-07-07 14:57:55.391,10586,265,7,100,False,1,car,0 days 00:54:42.850000,0 days 01:52:58.362000
2024-07-07 14:57:55.631,10622,268,7,100,False,1,car,0 days 00:54:43.090000,0 days 01:52:58.602000
2024-07-07 14:57:55.871,10754,272,7,100,False,1,car,0 days 00:54:43.330000,0 days 01:52:58.842000
2024-07-07 14:57:56.191,10908,274,7,100,False,1,car,0 days 00:54:43.650000,0 days 01:52:59.162000
2024-07-07 14:57:56.551,10969,277,7,100,False,1,car,0 days 00:54:44.010000,0 days 01:52:59.522000
2024-07-07 14:57:56.791,11094,279,7,100,False,1,car,0 days 00:54:44.250000,0 days 01:52:59.762000
2024-07-07 14:57:57.071,11192,281,7,100,False,1,car,0 days 00:54:44.530000,0 days 01:53:00.042000
2024-07-07 14:57:57.231,11191,283,7,100,False,1,car,0 days 00:54:44.690000,0 days 01:53:00.202000
2024-07-07 14:57:57.391,11254,283,7,100,False,1,car,0 days 00:54:44.850000,0 days 01:53:00.362000
2024-07-07 14:57:57.591,11277,285,7,100,False,1,car,0 days 00:54:45.050000,0 days 01:53:00.562000
2024-07-07 14:57:57.871,11382,286,7,100,False,1,car,0 days 00:54:45.330000,0 days 01:53:00.842000
2024-07-07 14:57:58.151,11379,288,7,100,False,1,car,0 days 00:54:45.610000,0 days 01:53:01.122000
2024-07-07 14:57:58.391,11420,289,7,100,False,1,car,0 days 00:54:45.850000,0 days 01:53:01.362000
2024-07-07 14:57:58.631,11453,289,7,100,False,1,car,0 days 00:54:46.090000,0 days 01:53:01.602000
2024-07-07 14:57:58.830,11401,289,7,100,False,1,car,0 days 00:54:46.289000,0 days 01:53:01.801000
2024-07-07 14:57:58.990,11426,289,7,100,False,1,car,0 days 00:54:46.449000,0 days 01:53:01.961000
2024-07-07 14:57:59.190,11355,287,7,100,False,1,car,0 days 00:54:46.649000,0 days 01:53:02.161000
2024-07-07 14:57:59.390,11317,286,7,100,False,1,car,0 days 00:54:46.849000,0 days 01:53:02.361000
2024-07-07 14:57:59.630,11238,284,7,100,False,1,car,0 days 00:54:47.089000,0 days 01:53:02.601000
2024-07-07 14:57:59.871,11197,284,7,100,False,1,car,0 days 00:54:47.330000,0 days 01:53:02.842000
2024-07-07 14:58:00.071,11121,282,7,100,False,1,car,0 days 00:54:47.530000,0 days 01:53:03.042000
2024-07-07 14:58:00.351,10678,267,7,0,True,1,car,0 days 00:54:47.810000,0 days 01:53:03.322000
2024-07-07 14:58:00.551,9831,257,7,0,True,1,car,0 days 00:54:48.010000,0 days 01:53:03.522000
2024-07-07 14:58:00.751,9541,230,7,0,True,1,car,0 days 00:54:48.210000,0 days 01:53:03.722000
2024-07-07 14:58:00.991,9705,214,6,0,True,1,car,0 days 00:54:48.450000,0 days 01:53:03.962000
2024-07-07 14:58:01.231,9880,200,5,0,True,1,car,0 days 00:54:48.690000,0 days 01:53:04.202000
2024-07-07 14:58:01.471,9141,177,5,0,True,1,car,0 days 00:54:48.930000,0 days 01:53:04.442000
2024-07-07 14:58:01.711,8568,168,5,0,True,1,car,0 days 00:54:49.170000,0 days 01:53:04.682000
2024-07-07 14:58:01.871,9408,164,5,0,True,1,car,0 days 00:54:49.330000,0 days 01:53:04.842000
2024-07-07 14:58:02.191,9086,150,4,0,True,1,car,0 days 00:54:49.650000,0 days 01:53:05.162000
2024-07-07 14:58:02.431,8863,144,4,0,True,1,car,0 days 00:54:49.890000,0 days 01:53:05.402000
2024-07-07 14:58:02.591,8697,140,4,0,True,1,car,0 days 00:54:50.050000,0 days 01:53:05.562000
2024-07-07 14:58:02.831,8346,136,4,0,True,1,car,0 days 00:54:50.290000,0 days 01:53:05.802000
2024-07-07 14:58:03.031,8148,133,4,0,False,1,car,0 days 00:54:50.490000,0 days 01:53:06.002000
2024-07-07 14:58:03.311,7888,129,4,0,False,1,car,0 days 00:54:50.770000,0 days 01:53:06.282000
2024-07-07 14:58:03.671,7601,124,4,10,False,1,car,0 days 00:54:51.130000,0 days 01:53:06.642000
2024-07-07 14:58:03.951,7858,123,4,34,False,1,car,0 days 00:54:51.410000,0 days 01:53:06.922000
2024-07-07 14:58:04.271,7933,124,4,40,False,1,car,0 days 00:54:51.730000,0 days 01:53:07.242000
2024-07-07 14:58:04.431,8113,126,4,44,False,1,car,0 days 00:54:51.890000,0 days 01:53:07.402000
2024-07-07 14:58:04.591,8216,127,4,44,False,1,car,0 days 00:54:52.050000,0 days 01:53:07.562000
2024-07-07 14:58:04.871,8345,129,4,46,False,1,car,0 days 00:54:52.330000,0 days 01:53:07.842000
2024-07-07 14:58:05.071,8559,133,4,53,False,1,car,0 days 00:54:52.530000,0 days 01:53:08.042000
2024-07-07 14:58:05.311,8843,137,4,58,False,1,car,0 days 00:54:52.770000,0 days 01:53:08.282000
2024-07-07 14:58:05.750,9231,146,4,62,False,1,car,0 days 00:54:53.209000,0 days 01:53:08.721000
2024-07-07 14:58:05.990,9180,148,4,21,True,1,car,0 days 00:54:53.449000,0 days 01:53:08.961000
2024-07-07 14:58:06.270,8489,139,4,0,True,1,car,0 days 00:54:53.729000,0 days 01:53:09.241000
2024-07-07 14:58:06.471,8052,132,4,0,True,1,car,0 days 00:54:53.930000,0 days 01:53:09.442000
2024-07-07 14:58:06.751,7752,128,4,0,True,1,car,0 days 00:54:54.210000,0 days 01:53:09.722000
2024-07-07 14:58:06.991,7517,119,4,0,True,1,car,0 days 00:54:54.450000,0 days 01:53:09.962000
2024-07-07 14:58:07.151,7162,116,4,0,True,1,car,0 days 00:54:54.610000,0 days 01:53:10.122000
2024-07-07 14:58:07.391,6682,111,4,0,True,1,car,0 days 00:54:54.850000,0 days 01:53:10.362000
2024-07-07 14:58:07.551,6505,107,4,0,True,1,car,0 days 00:54:55.010000,0 days 01:53:10.522000
2024-07-07 14:58:07.991,6809,94,3,0,True,1,car,0 days 00:54:55.450000,0 days 01:53:10.962000
2024-07-07 14:58:08.271,6405,89,3,0,True,1,car,0 days 00:54:55.730000,0 days 01:53:11.242000
2024-07-07 14:58:08.671,6033,83,3,0,False,1,car,0 days 00:54:56.130000,0 days 01:53:11.642000
2024-07-07 14:58:08.991,6076,81,3,3,False,1,car,0 days 00:54:56.450000,0 days 01:53:11.962000
2024-07-07 14:58:09.151,6076,82,3,14,False,1,car,0 days 00:54:56.610000,0 days 01:53:12.122000
2024-07-07 14:58:09.471,6553,85,3,28,False,1,car,0 days 00:54:56.930000,0 days 01:53:12.442000
2024-07-07 14:58:09.871,6902,89,3,36,False,1,car,0 days 00:54:57.330000,0 days 01:53:12.842000
2024-07-07 14:58:10.111,7112,92,3,37,False,1,car,0 days 00:54:57.570000,0 days 01:53:13.082000
2024-07-07 14:58:10.271,6972,95,3,38,False,1,car,0 days 00:54:57.730000,0 days 01:53:13.242000
2024-07-07 14:58:10.551,6421,98,4,41,False,1,car,0 days 00:54:58.010000,0 days 01:53:13.522000
2024-07-07 14:58:10.951,6889,105,4,48,False,1,car,0 days 00:54:58.410000,0 days 01:53:13.922000
2024-07-07 14:58:11.311,7620,114,4,53,False,1,car,0 days 00:54:58.770000,0 days 01:53:14.282000
2024-07-07 14:58:11.591,7900,121,4,57,False,1,car,0 days 00:54:59.050000,0 days 01:53:14.562000
2024-07-07 14:58:11.791,8356,128,4,64,False,1,car,0 days 00:54:59.250000,0 days 01:53:14.762000
2024-07-07 14:58:12.191,9116,139,4,71,False,1,car,0 days 00:54:59.650000,0 days 01:53:15.162000
2024-07-07 14:58:12.550,9436,150,4,78,False,1,car,0 days 00:55:00.009000,0 days 01:53:15.521000
2024-07-07 14:58:12.750,10366,157,4,86,False,1,car,0 days 00:55:00.209000,0 days 01:53:15.721000
2024-07-07 14:58:13.111,11011,174,4,92,False,1,car,0 days 00:55:00.570000,0 days 01:53:16.082000
2024-07-07 14:58:13.391,11691,186,4,100,False,1,car,0 days 00:55:00.850000,0 days 01:53:16.362000
2024-07-07 14:58:13.631,10623,192,4,100,False,1,car,0 days 00:55:01.090000,0 days 01:53:16.602000
2024-07-07 14:58:14.031,10963,205,5,100,False,1,car,0 days 00:55:01.490000,0 days 01:53:17.002000
2024-07-07 14:58:14.391,11506,216,5,100,False,1,car,0 days 00:55:01.850000,0 days 01:53:17.362000
2024-07-07 14:58:14.631,11759,219,5,100,False,1,car,0 days 00:55:02.090000,0 days 01:53:17.602000
2024-07-07 14:58:15.031,10610,231,6,100,False,1,car,0 days 00:55:02.490000,0 days 01:53:18.002000
2024-07-07 14:58:15.271,10825,238,6,100,False,1,car,0 days 00:55:02.730000,0 days 01:53:18.242000
2024-07-07 14:58:15.551,11005,241,6,100,False,1,car,0 days 00:55:03.010000,0 days 01:53:18.522000
2024-07-07 14:58:15.871,11329,250,6,100,False,1,car,0 days 00:55:03.330000,0 days 01:53:18.842000
2024-07-07 14:58:16.271,11593,255,6,100,False,1,car,0 days 00:55:03.730000,0 days 01:53:19.242000
2024-07-07 14:58:16.511,11746,257,6,100,False,1,car,0 days 00:55:03.970000,0 days 01:53:19.482000
2024-07-07 14:58:16.871,10264,263,6,100,False,1,car,0 days 00:55:04.330000,0 days 01:53:19.842000
2024-07-07 14:58:17.111,10553,265,7,100,False,1,car,0 days 00:55:04.570000,0 days 01:53:20.082000
2024-07-07 14:58:17.351,10660,268,7,100,False,1,car,0 days 00:55:04.810000,0 days 01:53:20.322000
2024-07-07 14:58:17.551,10790,270,7,100,False,1,car,0 days 00:55:05.010000,0 days 01:53:20.522000
2024-07-07 14:58:17.751,10887,272,7,100,False,1,car,0 days 00:55:05.210000,0 days 01:53:20.722000
2024-07-07 14:58:17.991,10950,276,7,100,False,1,car,0 days 00:55:05.450000,0 days 01:53:20.962000
2024-07-07 14:58:18.151,10994,277,7,100,False,1,car,0 days 00:55:05.610000,0 days 01:53:21.122000
2024-07-07 14:58:18.511,11111,280,7,100,False,1,car,0 days 00:55:05.970000,0 days 01:53:21.482000
2024-07-07 14:58:18.751,11218,281,7,100,False,1,car,0 days 00:55:06.210000,0 days 01:53:21.722000
2024-07-07 14:58:19.070,11293,285,7,100,False,1,car,0 days 00:55:06.529000,0 days 01:53:22.041000
2024-07-07 14:58:19.270,11339,286,7,100,False,1,car,0 days 00:55:06.729000,0 days 01:53:22.241000
2024-07-07 14:58:19.631,11408,289,7,100,False,1,car,0 days 00:55:07.090000,0 days 01:53:22.602000
2024-07-07 14:58:19.831,11468,289,7,100,False,1,car,0 days 00:55:07.290000,0 days 01:53:22.802000
2024-07-07 14:58:20.071,11501,292,7,100,False,1,car,0 days 00:55:07.530000,0 days 01:53:23.042000
2024-07-07 14:58:20.231,11518,292,7,100,False,1,car,0 days 00:55:07.690000,0 days 01:53:23.202000
2024-07-07 14:58:20.551,11507,291,7,100,False,1,car,0 days 00:55:08.010000,0 days 01:53:23.522000
2024-07-07 14:58:20.831,11518,291,7,100,False,1,car,0 days 00:55:08.290000,0 days 01:53:23.802000
2024-07-07 14:58:21.071,11446,289,7,100,False,1,car,0 days 00:55:08.530000,0 days 01:53:24.042000
2024-07-07 14:58:21.271,11432,289,7,100,False,1,car,0 days 00:55:08.730000,0 days 01:53:24.242000
2024-07-07 14:58:21.631,11365,288,7,100,False,1,car,0 days 00:55:09.090000,0 days 01:53:24.602000
2024-07-07 14:58:21.831,11353,287,7,100,False,1,car,0 days 00:55:09.290000,0 days 01:53:24.802000
2024-07-07 14:58:22.071,11436,278,7,0,True,1,car,0 days 00:55:09.530000,0 days 01:53:25.042000
2024-07-07 14:58:22.271,10675,271,7,0,True,1,car,0 days 00:55:09.730000,0 days 01:53:25.242000
2024-07-07 14:58:22.431,10675,256,7,0,True,1,car,0 days 00:55:09.890000,0 days 01:53:25.402000
2024-07-07 14:58:22.671,10901,239,7,0,True,1,car,0 days 00:55:10.130000,0 days 01:53:25.642000
2024-07-07 14:58:22.871,10364,233,6,0,True,1,car,0 days 00:55:10.330000,0 days 01:53:25.842000
2024-07-07 14:58:23.111,10115,228,6,0,False,1,car,0 days 00:55:10.570000,0 days 01:53:26.082000
2024-07-07 14:58:23.591,9878,219,6,37,False,1,car,0 days 00:55:11.050000,0 days 01:53:26.562000
2024-07-07 14:58:23.951,9865,215,6,52,False,1,car,0 days 00:55:11.410000,0 days 01:53:26.922000
2024-07-07 14:58:24.391,10019,217,6,82,False,1,car,0 days 00:55:11.850000,0 days 01:53:27.362000
2024-07-07 14:58:24.591,10161,219,6,88,False,1,car,0 days 00:55:12.050000,0 days 01:53:27.562000
2024-07-07 14:58:24.751,10161,222,6,87,False,1,car,0 days 00:55:12.210000,0 days 01:53:27.722000
2024-07-07 14:58:24.911,10392,225,6,100,False,1,car,0 days 00:55:12.370000,0 days 01:53:27.882000
2024-07-07 14:58:25.191,10713,232,6,100,False,1,car,0 days 00:55:12.650000,0 days 01:53:28.162000
2024-07-07 14:58:25.551,10834,238,6,100,False,1,car,0 days 00:55:13.010000,0 days 01:53:28.522000
2024-07-07 14:58:25.750,11004,239,6,100,False,1,car,0 days 00:55:13.209000,0 days 01:53:28.721000
2024-07-07 14:58:25.910,11181,244,6,100,False,1,car,0 days 00:55:13.369000,0 days 01:53:28.881000
2024-07-07 14:58:26.111,11289,247,6,100,False,1,car,0 days 00:55:13.570000,0 days 01:53:29.082000
2024-07-07 14:58:26.431,11498,252,6,100,False,1,car,0 days 00:55:13.890000,0 days 01:53:29.402000
2024-07-07 14:58:26.591,11580,256,6,100,False,1,car,0 days 00:55:14.050000,0 days 01:53:29.562000
2024-07-07 14:58:26.991,10862,260,6,100,False,1,car,0 days 00:55:14.450000,0 days 01:53:29.962000
2024-07-07 14:58:27.151,10288,260,7,100,False,1,car,0 days 00:55:14.610000,0 days 01:53:30.122000
2024-07-07 14:58:27.351,10472,263,7,100,False,1,car,0 days 00:55:14.810000,0 days 01:53:30.322000
2024-07-07 14:58:27.591,10674,267,7,100,False,1,car,0 days 00:55:15.050000,0 days 01:53:30.562000
2024-07-07 14:58:27.751,10674,269,7,100,False,1,car,0 days 00:55:15.210000,0 days 01:53:30.722000
2024-07-07 14:58:28.071,10812,273,7,100,False,1,car,0 days 00:55:15.530000,0 days 01:53:31.042000
2024-07-07 14:58:28.231,10866,273,7,100,False,1,car,0 days 00:55:15.690000,0 days 01:53:31.202000
2024-07-07 14:58:28.391,10948,276,7,100,False,1,car,0 days 00:55:15.850000,0 days 01:53:31.362000
2024-07-07 14:58:28.591,11024,277,7,100,False,1,car,0 days 00:55:16.050000,0 days 01:53:31.562000
2024-07-07 14:58:28.871,11100,280,7,100,False,1,car,0 days 00:55:16.330000,0 days 01:53:31.842000
2024-07-07 14:58:29.071,11119,282,7,100,False,1,car,0 days 00:55:16.530000,0 days 01:53:32.042000
2024-07-07 14:58:29.311,11231,283,7,100,False,1,car,0 days 00:55:16.770000,0 days 01:53:32.282000
2024-07-07 14:58:29.511,11282,284,7,100,False,1,car,0 days 00:55:16.970000,0 days 01:53:32.482000
2024-07-07 14:58:29.911,11397,287,7,100,False,1,car,0 days 00:55:17.370000,0 days 01:53:32.882000
2024-07-07 14:58:30.111,11439,288,7,100,False,1,car,0 days 00:55:17.570000,0 days 01:53:33.082000
2024-07-07 14:58:30.351,11461,288,7,100,False,1,car,0 days 00:55:17.810000,0 days 01:53:33.322000
2024-07-07 14:58:30.751,11545,291,7,100,False,1,car,0 days 00:55:18.210000,0 days 01:53:33.722000
2024-07-07 14:58:30.911,11570,292,7,100,False,1,car,0 days 00:55:18.370000,0 days 01:53:33.882000
2024-07-07 14:58:31.071,11451,293,7,100,False,1,car,0 days 00:55:18.530000,0 days 01:53:34.042000
2024-07-07 14:58:31.231,11199,290,7,41,True,1,car,0 days 00:55:18.690000,0 days 01:53:34.202000
2024-07-07 14:58:31.551,10604,274,7,0,True,1,car,0 days 00:55:19.010000,0 days 01:53:34.522000
2024-07-07 14:58:31.791,10435,254,7,0,True,1,car,0 days 00:55:19.250000,0 days 01:53:34.762000
2024-07-07 14:58:32.031,10295,241,7,0,True,1,car,0 days 00:55:19.490000,0 days 01:53:35.002000
2024-07-07 14:58:32.311,10314,230,6,0,False,1,car,0 days 00:55:19.770000,0 days 01:53:35.282000
2024-07-07 14:58:32.630,10043,222,6,20,False,1,car,0 days 00:55:20.089000,0 days 01:53:35.601000
2024-07-07 14:58:33.031,9795,216,6,53,False,1,car,0 days 00:55:20.490000,0 days 01:53:36.002000
2024-07-07 14:58:33.191,9885,215,6,60,False,1,car,0 days 00:55:20.650000,0 days 01:53:36.162000
2024-07-07 14:58:33.431,9895,217,6,78,False,1,car,0 days 00:55:20.890000,0 days 01:53:36.402000
2024-07-07 14:58:33.631,9989,218,6,80,False,1,car,0 days 00:55:21.090000,0 days 01:53:36.602000
2024-07-07 14:58:33.831,10092,221,6,80,False,1,car,0 days 00:55:21.290000,0 days 01:53:36.802000
2024-07-07 14:58:34.231,9998,227,6,42,True,1,car,0 days 00:55:21.690000,0 days 01:53:37.202000
2024-07-07 14:58:34.431,9748,221,6,0,True,1,car,0 days 00:55:21.890000,0 days 01:53:37.402000
2024-07-07 14:58:34.751,9444,213,6,0,True,1,car,0 days 00:55:22.210000,0 days 01:53:37.722000
2024-07-07 14:58:34.911,9864,203,6,0,False,1,car,0 days 00:55:22.370000,0 days 01:53:37.882000
2024-07-07 14:58:35.311,10176,195,6,3,False,1,car,0 days 00:55:22.770000,0 days 01:53:38.282000
2024-07-07 14:58:35.671,9986,190,5,35,False,1,car,0 days 00:55:23.130000,0 days 01:53:38.642000
2024-07-07 14:58:35.911,9926,188,5,46,False,1,car,0 days 00:55:23.370000,0 days 01:53:38.882000
2024-07-07 14:58:36.311,9890,188,5,53,False,1,car,0 days 00:55:23.770000,0 days 01:53:39.282000
2024-07-07 14:58:36.751,9124,177,5,0,True,1,car,0 days 00:55:24.210000,0 days 01:53:39.722000
2024-07-07 14:58:36.911,8726,169,5,0,True,1,car,0 days 00:55:24.370000,0 days 01:53:39.882000
2024-07-07 14:58:37.111,9015,164,5,0,True,1,car,0 days 00:55:24.570000,0 days 01:53:40.082000
2024-07-07 14:58:37.431,9502,157,4,0,True,1,car,0 days 00:55:24.890000,0 days 01:53:40.402000
2024-07-07 14:58:37.711,9084,147,4,0,True,1,car,0 days 00:55:25.170000,0 days 01:53:40.682000
2024-07-07 14:58:38.031,8777,143,4,0,True,1,car,0 days 00:55:25.490000,0 days 01:53:41.002000
2024-07-07 14:58:38.271,8661,140,4,11,False,1,car,0 days 00:55:25.730000,0 days 01:53:41.242000
2024-07-07 14:58:38.511,8922,139,4,45,False,1,car,0 days 00:55:25.970000,0 days 01:53:41.482000
2024-07-07 14:58:39.031,9321,145,4,60,False,1,car,0 days 00:55:26.490000,0 days 01:53:42.002000
2024-07-07 14:58:39.190,9501,149,4,60,False,1,car,0 days 00:55:26.649000,0 days 01:53:42.161000
2024-07-07 14:58:39.591,10196,156,4,73,False,1,car,0 days 00:55:27.050000,0 days 01:53:42.562000
2024-07-07 14:58:39.791,10527,163,4,81,False,1,car,0 days 00:55:27.250000,0 days 01:53:42.762000
2024-07-07 14:58:40.151,11000,173,4,92,False,1,car,0 days 00:55:27.610000,0 days 01:53:43.122000
2024-07-07 14:58:40.311,11595,180,4,100,False,1,car,0 days 00:55:27.770000,0 days 01:53:43.282000
2024-07-07 14:58:40.631,10590,190,4,100,False,1,car,0 days 00:55:28.090000,0 days 01:53:43.602000
2024-07-07 14:58:40.871,10378,201,5,100,False,1,car,0 days 00:55:28.330000,0 days 01:53:43.842000
2024-07-07 14:58:41.111,11058,201,5,100,False,1,car,0 days 00:55:28.570000,0 days 01:53:44.082000
2024-07-07 14:58:41.471,11380,218,5,100,False,1,car,0 days 00:55:28.930000,0 days 01:53:44.442000
2024-07-07 14:58:41.631,11774,221,5,100,False,1,car,0 days 00:55:29.090000,0 days 01:53:44.602000
2024-07-07 14:58:41.871,10737,227,6,100,False,1,car,0 days 00:55:29.330000,0 days 01:53:44.842000
2024-07-07 14:58:42.031,10418,227,6,100,False,1,car,0 days 00:55:29.490000,0 days 01:53:45.002000
2024-07-07 14:58:42.191,10519,233,6,100,False,1,car,0 days 00:55:29.650000,0 days 01:53:45.162000
2024-07-07 14:58:42.511,10890,239,6,100,False,1,car,0 days 00:55:29.970000,0 days 01:53:45.482000
2024-07-07 14:58:42.871,11151,246,6,100,False,1,car,0 days 00:55:30.330000,0 days 01:53:45.842000
2024-07-07 14:58:43.071,11291,249,6,100,False,1,car,0 days 00:55:30.530000,0 days 01:53:46.042000
2024-07-07 14:58:43.311,11475,253,6,100,False,1,car,0 days 00:55:30.770000,0 days 01:53:46.282000
2024-07-07 14:58:43.471,11567,256,6,100,False,1,car,0 days 00:55:30.930000,0 days 01:53:46.442000
2024-07-07 14:58:43.711,11740,259,6,100,False,1,car,0 days 00:55:31.170000,0 days 01:53:46.682000
2024-07-07 14:58:44.071,11832,261,6,100,False,1,car,0 days 00:55:31.530000,0 days 01:53:47.042000
2024-07-07 14:58:44.311,10556,267,7,100,False,1,car,0 days 00:55:31.770000,0 days 01:53:47.282000
2024-07-07 14:58:44.631,10700,270,7,100,False,1,car,0 days 00:55:32.090000,0 days 01:53:47.602000
2024-07-07 14:58:44.791,10700,272,7,100,False,1,car,0 days 00:55:32.250000,0 days 01:53:47.762000
2024-07-07 14:58:45.031,10866,275,7,100,False,1,car,0 days 00:55:32.490000,0 days 01:53:48.002000
2024-07-07 14:58:45.311,10971,276,7,100,False,1,car,0 days 00:55:32.770000,0 days 01:53:48.282000
2024-07-07 14:58:45.791,11119,281,7,100,False,1,car,0 days 00:55:33.250000,0 days 01:53:48.762000
2024-07-07 14:58:46.191,11242,284,7,100,False,1,car,0 days 00:55:33.650000,0 days 01:53:49.162000
2024-07-07 14:58:46.351,11268,284,7,100,False,1,car,0 days 00:55:33.810000,0 days 01:53:49.322000
2024-07-07 14:58:46.591,11338,286,7,100,False,1,car,0 days 00:55:34.050000,0 days 01:53:49.562000
2024-07-07 14:58:46.831,11387,287,7,100,False,1,car,0 days 00:55:34.290000,0 days 01:53:49.802000
2024-07-07 14:58:47.151,11429,289,7,100,False,1,car,0 days 00:55:34.610000,0 days 01:53:50.122000
2024-07-07 14:58:47.391,11482,291,7,100,False,1,car,0 days 00:55:34.850000,0 days 01:53:50.362000
2024-07-07 14:58:47.671,11563,292,7,100,False,1,car,0 days 00:55:35.130000,0 days 01:53:50.642000
2024-07-07 14:58:47.871,11574,292,7,100,False,1,car,0 days 00:55:35.330000,0 days 01:53:50.842000
2024-07-07 14:58:48.071,11601,294,7,100,False,1,car,0 days 00:55:35.530000,0 days 01:53:51.042000
2024-07-07 14:58:48.311,11605,293,7,100,False,1,car,0 days 00:55:35.770000,0 days 01:53:51.282000
2024-07-07 14:58:48.551,11635,294,7,100,False,1,car,0 days 00:55:36.010000,0 days 01:53:51.522000
2024-07-07 14:58:48.711,11653,294,7,100,False,1,car,0 days 00:55:36.170000,0 days 01:53:51.682000
2024-07-07 14:58:48.911,11602,294,7,100,False,1,car,0 days 00:55:36.370000,0 days 01:53:51.882000
2024-07-07 14:58:49.191,11528,293,7,100,False,1,car,0 days 00:55:36.650000,0 days 01:53:52.162000
2024-07-07 14:58:49.431,11545,292,7,100,False,1,car,0 days 00:55:36.890000,0 days 01:53:52.402000
2024-07-07 14:58:49.671,11474,290,7,100,False,1,car,0 days 00:55:37.130000,0 days 01:53:52.642000
2024-07-07 14:58:49.871,11393,289,7,100,False,1,car,0 days 00:55:37.330000,0 days 01:53:52.842000
2024-07-07 14:58:50.271,11288,287,7,100,False,1,car,0 days 00:55:37.730000,0 days 01:53:53.242000
2024-07-07 14:58:50.471,11260,287,7,100,False,1,car,0 days 00:55:37.930000,0 days 01:53:53.442000
2024-07-07 14:58:50.631,11260,285,7,100,False,1,car,0 days 00:55:38.090000,0 days 01:53:53.602000
2024-07-07 14:58:51.071,11305,282,7,95,True,1,car,0 days 00:55:38.530000,0 days 01:53:54.042000
2024-07-07 14:58:51.311,10665,263,7,0,True,1,car,0 days 00:55:38.770000,0 days 01:53:54.282000
2024-07-07 14:58:51.631,9447,238,7,0,True,1,car,0 days 00:55:39.090000,0 days 01:53:54.602000
2024-07-07 14:58:51.871,10044,216,6,0,True,1,car,0 days 00:55:39.330000,0 days 01:53:54.842000
2024-07-07 14:58:52.151,10033,211,6,0,True,1,car,0 days 00:55:39.610000,0 days 01:53:55.122000
2024-07-07 14:58:52.311,10227,194,5,0,True,1,car,0 days 00:55:39.770000,0 days 01:53:55.282000
2024-07-07 14:58:52.512,9796,187,5,0,True,1,car,0 days 00:55:39.971000,0 days 01:53:55.483000
2024-07-07 14:58:52.871,9163,176,5,0,True,1,car,0 days 00:55:40.330000,0 days 01:53:55.842000
2024-07-07 14:58:53.151,9024,172,5,0,False,1,car,0 days 00:55:40.610000,0 days 01:53:56.122000
2024-07-07 14:58:53.471,8589,166,5,0,False,1,car,0 days 00:55:40.930000,0 days 01:53:56.442000
2024-07-07 14:58:53.671,8658,162,5,0,False,1,car,0 days 00:55:41.130000,0 days 01:53:56.642000
2024-07-07 14:58:53.911,8587,161,5,42,False,1,car,0 days 00:55:41.370000,0 days 01:53:56.882000
2024-07-07 14:58:54.111,8676,163,5,52,False,1,car,0 days 00:55:41.570000,0 days 01:53:57.082000
2024-07-07 14:58:54.311,8827,164,5,57,False,1,car,0 days 00:55:41.770000,0 days 01:53:57.282000
2024-07-07 14:58:54.511,8851,166,5,69,False,1,car,0 days 00:55:41.970000,0 days 01:53:57.482000
2024-07-07 14:58:54.831,9241,173,5,77,False,1,car,0 days 00:55:42.290000,0 days 01:53:57.802000
2024-07-07 14:58:55.071,9524,180,5,79,False,1,car,0 days 00:55:42.530000,0 days 01:53:58.042000
2024-07-07 14:58:55.351,9916,184,5,85,False,1,car,0 days 00:55:42.810000,0 days 01:53:58.322000
2024-07-07 14:58:55.591,10381,191,5,100,False,1,car,0 days 00:55:43.050000,0 days 01:53:58.562000
2024-07-07 14:58:55.751,10558,195,5,100,False,1,car,0 days 00:55:43.210000,0 days 01:53:58.722000
2024-07-07 14:58:56.031,10953,201,5,100,False,1,car,0 days 00:55:43.490000,0 days 01:53:59.002000
2024-07-07 14:58:56.351,11359,213,5,100,False,1,car,0 days 00:55:43.810000,0 days 01:53:59.322000
2024-07-07 14:58:56.551,11619,215,5,100,False,1,car,0 days 00:55:44.010000,0 days 01:53:59.522000
2024-07-07 14:58:56.871,10940,228,5,100,False,1,car,0 days 00:55:44.330000,0 days 01:53:59.842000
2024-07-07 14:58:57.191,10572,234,6,100,False,1,car,0 days 00:55:44.650000,0 days 01:54:00.162000
2024-07-07 14:58:57.351,10747,236,6,100,False,1,car,0 days 00:55:44.810000,0 days 01:54:00.322000
2024-07-07 14:58:57.711,11063,245,6,100,False,1,car,0 days 00:55:45.170000,0 days 01:54:00.682000
2024-07-07 14:58:58.031,11115,248,6,100,False,1,car,0 days 00:55:45.490000,0 days 01:54:01.002000
2024-07-07 14:58:58.191,11202,249,6,100,False,1,car,0 days 00:55:45.650000,0 days 01:54:01.162000
2024-07-07 14:58:58.511,11262,249,6,100,False,1,car,0 days 00:55:45.970000,0 days 01:54:01.482000
2024-07-07 14:58:58.711,11297,250,6,100,False,1,car,0 days 00:55:46.170000,0 days 01:54:01.682000
2024-07-07 14:58:59.072,11309,251,6,100,False,1,car,0 days 00:55:46.531000,0 days 01:54:02.043000
2024-07-07 14:58:59.431,10733,247,6,0,True,1,car,0 days 00:55:46.890000,0 days 01:54:02.402000
2024-07-07 14:58:59.711,9918,214,6,0,True,1,car,0 days 00:55:47.170000,0 days 01:54:02.682000
2024-07-07 14:58:59.911,9638,199,6,0,True,1,car,0 days 00:55:47.370000,0 days 01:54:02.882000
2024-07-07 14:59:00.351,9647,169,5,0,True,1,car,0 days 00:55:47.810000,0 days 01:54:03.322000
2024-07-07 14:59:00.511,9486,163,5,0,True,1,car,0 days 00:55:47.970000,0 days 01:54:03.482000
2024-07-07 14:59:00.751,8706,150,4,0,True,1,car,0 days 00:55:48.210000,0 days 01:54:03.722000
2024-07-07 14:59:00.951,9404,132,4,0,True,1,car,0 days 00:55:48.410000,0 days 01:54:03.922000
2024-07-07 14:59:01.351,8158,115,3,0,True,1,car,0 days 00:55:48.810000,0 days 01:54:04.322000
2024-07-07 14:59:01.751,7277,104,3,0,True,1,car,0 days 00:55:49.210000,0 days 01:54:04.722000
2024-07-07 14:59:01.911,6953,97,3,0,True,1,car,0 days 00:55:49.370000,0 days 01:54:04.882000
2024-07-07 14:59:02.351,6472,89,3,0,True,1,car,0 days 00:55:49.810000,0 days 01:54:05.322000
2024-07-07 14:59:02.711,5928,82,3,0,True,1,car,0 days 00:55:50.170000,0 days 01:54:05.682000
2024-07-07 14:59:03.191,5772,79,3,2,False,1,car,0 days 00:55:50.650000,0 days 01:54:06.162000
2024-07-07 14:59:03.631,6171,83,3,31,False,1,car,0 days 00:55:51.090000,0 days 01:54:06.602000
2024-07-07 14:59:03.951,6730,87,3,37,False,1,car,0 days 00:55:51.410000,0 days 01:54:06.922000
2024-07-07 14:59:04.111,6779,89,3,39,False,1,car,0 days 00:55:51.570000,0 days 01:54:07.082000
2024-07-07 14:59:04.391,7347,97,3,40,False,1,car,0 days 00:55:51.850000,0 days 01:54:07.362000
2024-07-07 14:59:04.591,7347,95,3,37,False,1,car,0 days 00:55:52.050000,0 days 01:54:07.562000
2024-07-07 14:59:04.791,7067,93,3,37,True,1,car,0 days 00:55:52.250000,0 days 01:54:07.762000
2024-07-07 14:59:05.071,6348,87,3,0,True,1,car,0 days 00:55:52.530000,0 days 01:54:08.042000
2024-07-07 14:59:05.271,6325,86,3,0,False,1,car,0 days 00:55:52.730000,0 days 01:54:08.242000
2024-07-07 14:59:05.551,6653,84,3,10,False,1,car,0 days 00:55:53.010000,0 days 01:54:08.522000
2024-07-07 14:59:05.712,6463,85,3,17,False,1,car,0 days 00:55:53.171000,0 days 01:54:08.683000
2024-07-07 14:59:05.992,6830,89,3,34,False,1,car,0 days 00:55:53.451000,0 days 01:54:08.963000
2024-07-07 14:59:06.191,7088,91,3,35,False,1,car,0 days 00:55:53.650000,0 days 01:54:09.162000
2024-07-07 14:59:06.391,7388,95,3,39,False,1,car,0 days 00:55:53.850000,0 days 01:54:09.362000
2024-07-07 14:59:06.831,8232,100,3,45,False,1,car,0 days 00:55:54.290000,0 days 01:54:09.802000
2024-07-07 14:59:06.991,8307,106,3,45,False,1,car,0 days 00:55:54.450000,0 days 01:54:09.962000
2024-07-07 14:59:07.231,8515,110,3,57,False,1,car,0 days 00:55:54.690000,0 days 01:54:10.202000
2024-07-07 14:59:07.511,8549,118,3,58,False,1,car,0 days 00:55:54.970000,0 days 01:54:10.482000
2024-07-07 14:59:07.711,7997,123,4,58,False,1,car,0 days 00:55:55.170000,0 days 01:54:10.682000
2024-07-07 14:59:07.951,8336,129,4,67,False,1,car,0 days 00:55:55.410000,0 days 01:54:10.922000
2024-07-07 14:59:08.311,8914,141,4,70,False,1,car,0 days 00:55:55.770000,0 days 01:54:11.282000
2024-07-07 14:59:08.671,9736,152,4,71,False,1,car,0 days 00:55:56.130000,0 days 01:54:11.642000
2024-07-07 14:59:08.831,9787,152,4,72,False,1,car,0 days 00:55:56.290000,0 days 01:54:11.802000
2024-07-07 14:59:09.111,10214,161,4,68,False,1,car,0 days 00:55:56.570000,0 days 01:54:12.082000
2024-07-07 14:59:09.311,9094,165,4,69,False,1,car,0 days 00:55:56.770000,0 days 01:54:12.282000
2024-07-07 14:59:09.551,9147,169,5,73,False,1,car,0 days 00:55:57.010000,0 days 01:54:12.522000
2024-07-07 14:59:09.871,9653,179,5,81,False,1,car,0 days 00:55:57.330000,0 days 01:54:12.842000
2024-07-07 14:59:10.071,9918,183,5,82,False,1,car,0 days 00:55:57.530000,0 days 01:54:13.042000
2024-07-07 14:59:10.311,10178,186,5,85,False,1,car,0 days 00:55:57.770000,0 days 01:54:13.282000
2024-07-07 14:59:10.591,10604,197,5,85,False,1,car,0 days 00:55:58.050000,0 days 01:54:13.562000
2024-07-07 14:59:10.831,10875,197,5,100,False,1,car,0 days 00:55:58.290000,0 days 01:54:13.802000
2024-07-07 14:59:11.031,11073,197,5,100,False,1,car,0 days 00:55:58.490000,0 days 01:54:14.002000
2024-07-07 14:59:11.311,11395,210,5,100,False,1,car,0 days 00:55:58.770000,0 days 01:54:14.282000
2024-07-07 14:59:11.591,11473,224,5,100,False,1,car,0 days 00:55:59.050000,0 days 01:54:14.562000
2024-07-07 14:59:11.991,10809,231,6,100,False,1,car,0 days 00:55:59.450000,0 days 01:54:14.962000
2024-07-07 14:59:12.392,10951,240,6,100,False,1,car,0 days 00:55:59.851000,0 days 01:54:15.363000
2024-07-07 14:59:12.712,11186,246,6,100,False,1,car,0 days 00:56:00.171000,0 days 01:54:15.683000
2024-07-07 14:59:12.871,11338,250,6,100,False,1,car,0 days 00:56:00.330000,0 days 01:54:15.842000
2024-07-07 14:59:13.111,11479,253,6,100,False,1,car,0 days 00:56:00.570000,0 days 01:54:16.082000
2024-07-07 14:59:13.311,11649,258,6,100,False,1,car,0 days 00:56:00.770000,0 days 01:54:16.282000
2024-07-07 14:59:13.591,11367,261,6,100,False,1,car,0 days 00:56:01.050000,0 days 01:54:16.562000
2024-07-07 14:59:13.831,10184,264,7,100,False,1,car,0 days 00:56:01.290000,0 days 01:54:16.802000
2024-07-07 14:59:13.991,10464,265,7,100,False,1,car,0 days 00:56:01.450000,0 days 01:54:16.962000
2024-07-07 14:59:14.391,10727,271,7,100,False,1,car,0 days 00:56:01.850000,0 days 01:54:17.362000
2024-07-07 14:59:14.671,10894,274,7,100,False,1,car,0 days 00:56:02.130000,0 days 01:54:17.642000
2024-07-07 14:59:15.071,11057,279,7,100,False,1,car,0 days 00:56:02.530000,0 days 01:54:18.042000
2024-07-07 14:59:15.511,11193,282,7,100,False,1,car,0 days 00:56:02.970000,0 days 01:54:18.482000
2024-07-07 14:59:15.711,11252,284,7,100,False,1,car,0 days 00:56:03.170000,0 days 01:54:18.682000
2024-07-07 14:59:16.031,11320,286,7,100,False,1,car,0 days 00:56:03.490000,0 days 01:54:19.002000
2024-07-07 14:59:16.351,11400,289,7,100,False,1,car,0 days 00:56:03.810000,0 days 01:54:19.322000
2024-07-07 14:59:16.591,11292,285,7,80,True,1,car,0 days 00:56:04.050000,0 days 01:54:19.562000
2024-07-07 14:59:16.831,10533,275,7,0,True,1,car,0 days 00:56:04.290000,0 days 01:54:19.802000
2024-07-07 14:59:16.991,10346,265,7,0,True,1,car,0 days 00:56:04.450000,0 days 01:54:19.962000
2024-07-07 14:59:17.311,11502,256,6,0,False,1,car,0 days 00:56:04.770000,0 days 01:54:20.282000
2024-07-07 14:59:17.631,11183,248,6,50,False,1,car,0 days 00:56:05.090000,0 days 01:54:20.602000
2024-07-07 14:59:17.911,11022,243,6,51,False,1,car,0 days 00:56:05.370000,0 days 01:54:20.882000
2024-07-07 14:59:18.111,11084,242,6,72,False,1,car,0 days 00:56:05.570000,0 days 01:54:21.082000
2024-07-07 14:59:18.391,11147,244,6,92,False,1,car,0 days 00:56:05.850000,0 days 01:54:21.362000
2024-07-07 14:59:18.792,11399,248,6,100,False,1,car,0 days 00:56:06.251000,0 days 01:54:21.763000
2024-07-07 14:59:19.152,11541,253,6,100,False,1,car,0 days 00:56:06.611000,0 days 01:54:22.123000
2024-07-07 14:59:19.312,11638,256,6,100,False,1,car,0 days 00:56:06.771000,0 days 01:54:22.283000
2024-07-07 14:59:19.791,10770,262,6,100,False,1,car,0 days 00:56:07.250000,0 days 01:54:22.762000
2024-07-07 14:59:20.191,10529,265,7,92,False,1,car,0 days 00:56:07.650000,0 days 01:54:23.162000
2024-07-07 14:59:20.391,10571,265,7,87,False,1,car,0 days 00:56:07.850000,0 days 01:54:23.362000
2024-07-07 14:59:20.631,10633,265,7,80,False,1,car,0 days 00:56:08.090000,0 days 01:54:23.602000
2024-07-07 14:59:20.831,10608,266,7,84,False,1,car,0 days 00:56:08.290000,0 days 01:54:23.802000
2024-07-07 14:59:21.191,10614,266,7,100,False,1,car,0 days 00:56:08.650000,0 days 01:54:24.162000
2024-07-07 14:59:21.551,10626,268,7,100,False,1,car,0 days 00:56:09.010000,0 days 01:54:24.522000
2024-07-07 14:59:21.751,10634,269,7,100,False,1,car,0 days 00:56:09.210000,0 days 01:54:24.722000
2024-07-07 14:59:21.911,10621,268,7,100,False,1,car,0 days 00:56:09.370000,0 days 01:54:24.882000
2024-07-07 14:59:22.111,10578,268,7,100,False,1,car,0 days 00:56:09.570000,0 days 01:54:25.082000
2024-07-07 14:59:22.471,10457,267,7,100,False,1,car,0 days 00:56:09.930000,0 days 01:54:25.442000
2024-07-07 14:59:22.751,10055,256,7,0,True,1,car,0 days 00:56:10.210000,0 days 01:54:25.722000
2024-07-07 14:59:23.071,10038,217,7,0,True,1,car,0 days 00:56:10.530000,0 days 01:54:26.042000
2024-07-07 14:59:23.271,9178,207,7,0,True,1,car,0 days 00:56:10.730000,0 days 01:54:26.242000
2024-07-07 14:59:23.471,9361,179,6,0,True,1,car,0 days 00:56:10.930000,0 days 01:54:26.442000
2024-07-07 14:59:23.671,9671,164,5,0,True,1,car,0 days 00:56:11.130000,0 days 01:54:26.642000
2024-07-07 14:59:23.911,9251,156,5,0,True,1,car,0 days 00:56:11.370000,0 days 01:54:26.882000
2024-07-07 14:59:24.191,9615,134,4,0,True,1,car,0 days 00:56:11.650000,0 days 01:54:27.162000
2024-07-07 14:59:24.351,9615,129,3,0,True,1,car,0 days 00:56:11.810000,0 days 01:54:27.322000
2024-07-07 14:59:24.671,7979,113,3,0,True,1,car,0 days 00:56:12.130000,0 days 01:54:27.642000
2024-07-07 14:59:24.871,7599,106,3,0,True,1,car,0 days 00:56:12.330000,0 days 01:54:27.842000
2024-07-07 14:59:25.231,6921,103,3,0,True,1,car,0 days 00:56:12.690000,0 days 01:54:28.202000
2024-07-07 14:59:25.392,6608,91,3,0,True,1,car,0 days 00:56:12.851000,0 days 01:54:28.363000
2024-07-07 14:59:25.712,6285,86,3,0,True,1,car,0 days 00:56:13.171000,0 days 01:54:28.683000
2024-07-07 14:59:25.952,6196,84,3,0,False,1,car,0 days 00:56:13.411000,0 days 01:54:28.923000
2024-07-07 14:59:26.152,5963,82,3,0,False,1,car,0 days 00:56:13.611000,0 days 01:54:29.123000
2024-07-07 14:59:26.391,5926,80,3,0,False,1,car,0 days 00:56:13.850000,0 days 01:54:29.362000
2024-07-07 14:59:26.591,6001,80,3,9,False,1,car,0 days 00:56:14.050000,0 days 01:54:29.562000
2024-07-07 14:59:26.871,6187,82,3,21,False,1,car,0 days 00:56:14.330000,0 days 01:54:29.842000
2024-07-07 14:59:27.191,6554,84,3,27,False,1,car,0 days 00:56:14.650000,0 days 01:54:30.162000
2024-07-07 14:59:27.591,6949,89,3,35,False,1,car,0 days 00:56:15.050000,0 days 01:54:30.562000
2024-07-07 14:59:27.831,7220,92,3,41,False,1,car,0 days 00:56:15.290000,0 days 01:54:30.802000
2024-07-07 14:59:28.111,7788,97,3,46,False,1,car,0 days 00:56:15.570000,0 days 01:54:31.082000
2024-07-07 14:59:28.311,8084,102,3,49,False,1,car,0 days 00:56:15.770000,0 days 01:54:31.282000
2024-07-07 14:59:28.591,8364,110,3,49,False,1,car,0 days 00:56:16.050000,0 days 01:54:31.562000
2024-07-07 14:59:29.031,9172,121,3,63,False,1,car,0 days 00:56:16.490000,0 days 01:54:32.002000
2024-07-07 14:59:29.271,8740,117,3,0,True,1,car,0 days 00:56:16.730000,0 days 01:54:32.242000
2024-07-07 14:59:29.431,7754,112,3,0,True,1,car,0 days 00:56:16.890000,0 days 01:54:32.402000
2024-07-07 14:59:29.751,7118,102,3,0,True,1,car,0 days 00:56:17.210000,0 days 01:54:32.722000
2024-07-07 14:59:30.071,7753,89,3,0,True,1,car,0 days 00:56:17.530000,0 days 01:54:33.042000
2024-07-07 14:59:30.311,7195,85,2,0,True,1,car,0 days 00:56:17.770000,0 days 01:54:33.282000
2024-07-07 14:59:30.591,6805,81,2,0,True,1,car,0 days 00:56:18.050000,0 days 01:54:33.562000
2024-07-07 14:59:30.871,6487,75,2,0,True,1,car,0 days 00:56:18.330000,0 days 01:54:33.842000
2024-07-07 14:59:31.311,6128,71,2,0,False,1,car,0 days 00:56:18.770000,0 days 01:54:34.282000
2024-07-07 14:59:31.551,6046,70,2,0,False,1,car,0 days 00:56:19.010000,0 days 01:54:34.522000
2024-07-07 14:59:31.791,5943,69,2,1,False,1,car,0 days 00:56:19.250000,0 days 01:54:34.762000
2024-07-07 14:59:31.992,5928,68,2,5,False,1,car,0 days 00:56:19.451000,0 days 01:54:34.963000
2024-07-07 14:59:32.272,6239,70,2,15,False,1,car,0 days 00:56:19.731000,0 days 01:54:35.243000
2024-07-07 14:59:32.552,6605,72,2,23,False,1,car,0 days 00:56:20.011000,0 days 01:54:35.523000
2024-07-07 14:59:32.752,6861,74,2,30,False,1,car,0 days 00:56:20.211000,0 days 01:54:35.723000
2024-07-07 14:59:32.951,7073,78,2,35,False,1,car,0 days 00:56:20.410000,0 days 01:54:35.922000
2024-07-07 14:59:33.191,7266,83,2,41,False,1,car,0 days 00:56:20.650000,0 days 01:54:36.162000
2024-07-07 14:59:33.591,7052,92,3,42,False,1,car,0 days 00:56:21.050000,0 days 01:54:36.562000
2024-07-07 14:59:33.831,7636,97,3,47,False,1,car,0 days 00:56:21.290000,0 days 01:54:36.802000
2024-07-07 14:59:34.111,8169,105,3,51,False,1,car,0 days 00:56:21.570000,0 days 01:54:37.082000
2024-07-07 14:59:34.271,8578,110,3,55,False,1,car,0 days 00:56:21.730000,0 days 01:54:37.242000
2024-07-07 14:59:34.471,8934,116,3,60,False,1,car,0 days 00:56:21.930000,0 days 01:54:37.442000
2024-07-07 14:59:34.671,9225,121,3,64,False,1,car,0 days 00:56:22.130000,0 days 01:54:37.642000
2024-07-07 14:59:35.031,9991,131,3,71,False,1,car,0 days 00:56:22.490000,0 days 01:54:38.002000
2024-07-07 14:59:35.311,9204,140,3,67,False,1,car,0 days 00:56:22.770000,0 days 01:54:38.282000
2024-07-07 14:59:35.671,9930,152,4,81,False,1,car,0 days 00:56:23.130000,0 days 01:54:38.642000
2024-07-07 14:59:35.871,10397,163,4,86,False,1,car,0 days 00:56:23.330000,0 days 01:54:38.842000
2024-07-07 14:59:36.031,10732,163,4,91,False,1,car,0 days 00:56:23.490000,0 days 01:54:39.002000
2024-07-07 14:59:36.191,11106,169,4,90,False,1,car,0 days 00:56:23.650000,0 days 01:54:39.162000
2024-07-07 14:59:36.431,9986,180,4,88,False,1,car,0 days 00:56:23.890000,0 days 01:54:39.402000
2024-07-07 14:59:36.591,10026,187,5,88,False,1,car,0 days 00:56:24.050000,0 days 01:54:39.562000
2024-07-07 14:59:36.831,10330,191,5,88,False,1,car,0 days 00:56:24.290000,0 days 01:54:39.802000
2024-07-07 14:59:37.031,10593,198,5,90,False,1,car,0 days 00:56:24.490000,0 days 01:54:40.002000
2024-07-07 14:59:37.471,11244,210,5,100,False,1,car,0 days 00:56:24.930000,0 days 01:54:40.442000
2024-07-07 14:59:37.671,11384,215,5,100,False,1,car,0 days 00:56:25.130000,0 days 01:54:40.642000
2024-07-07 14:59:37.871,11707,219,5,100,False,1,car,0 days 00:56:25.330000,0 days 01:54:40.842000
2024-07-07 14:59:38.031,11287,219,5,100,False,1,car,0 days 00:56:25.490000,0 days 01:54:41.002000
2024-07-07 14:59:38.311,10531,228,6,100,False,1,car,0 days 00:56:25.770000,0 days 01:54:41.282000
2024-07-07 14:59:38.592,10621,228,6,100,False,1,car,0 days 00:56:26.051000,0 days 01:54:41.563000
2024-07-07 14:59:38.912,11008,241,6,100,False,1,car,0 days 00:56:26.371000,0 days 01:54:41.883000
2024-07-07 14:59:39.152,11134,244,6,100,False,1,car,0 days 00:56:26.611000,0 days 01:54:42.123000
2024-07-07 14:59:39.552,11385,249,6,100,False,1,car,0 days 00:56:27.011000,0 days 01:54:42.523000
2024-07-07 14:59:39.751,11537,255,6,100,False,1,car,0 days 00:56:27.210000,0 days 01:54:42.722000
2024-07-07 14:59:39.951,11651,256,6,100,False,1,car,0 days 00:56:27.410000,0 days 01:54:42.922000
2024-07-07 14:59:40.231,11731,256,6,100,False,1,car,0 days 00:56:27.690000,0 days 01:54:43.202000
2024-07-07 14:59:40.551,10215,264,7,100,False,1,car,0 days 00:56:28.010000,0 days 01:54:43.522000
2024-07-07 14:59:40.791,10661,269,7,100,False,1,car,0 days 00:56:28.250000,0 days 01:54:43.762000
2024-07-07 14:59:41.031,10739,269,7,100,False,1,car,0 days 00:56:28.490000,0 days 01:54:44.002000
2024-07-07 14:59:41.311,10865,274,7,100,False,1,car,0 days 00:56:28.770000,0 days 01:54:44.282000
2024-07-07 14:59:41.471,10905,274,7,100,False,1,car,0 days 00:56:28.930000,0 days 01:54:44.442000
2024-07-07 14:59:41.751,10986,278,7,100,False,1,car,0 days 00:56:29.210000,0 days 01:54:44.722000
2024-07-07 14:59:41.991,11097,280,7,100,False,1,car,0 days 00:56:29.450000,0 days 01:54:44.962000
2024-07-07 14:59:42.271,11162,283,7,100,False,1,car,0 days 00:56:29.730000,0 days 01:54:45.242000
2024-07-07 14:59:42.551,11218,284,7,100,False,1,car,0 days 00:56:30.010000,0 days 01:54:45.522000
2024-07-07 14:59:42.711,11258,284,7,100,False,1,car,0 days 00:56:30.170000,0 days 01:54:45.682000
2024-07-07 14:59:42.871,11267,285,7,100,False,1,car,0 days 00:56:30.330000,0 days 01:54:45.842000
2024-07-07 14:59:43.191,11285,285,7,100,False,1,car,0 days 00:56:30.650000,0 days 01:54:46.162000
2024-07-07 14:59:43.671,11284,286,7,100,False,1,car,0 days 00:56:31.130000,0 days 01:54:46.642000
2024-07-07 14:59:43.951,11279,286,7,100,False,1,car,0 days 00:56:31.410000,0 days 01:54:46.922000
2024-07-07 14:59:44.191,11305,285,7,100,False,1,car,0 days 00:56:31.650000,0 days 01:54:47.162000
2024-07-07 14:59:44.471,11292,285,7,100,False,1,car,0 days 00:56:31.930000,0 days 01:54:47.442000
2024-07-07 14:59:44.671,11281,285,7,100,False,1,car,0 days 00:56:32.130000,0 days 01:54:47.642000
2024-07-07 14:59:44.911,11256,284,7,100,False,1,car,0 days 00:56:32.370000,0 days 01:54:47.882000
2024-07-07 14:59:45.232,11162,283,7,100,False,1,car,0 days 00:56:32.691000,0 days 01:54:48.203000
2024-07-07 14:59:45.472,11320,270,7,0,True,1,car,0 days 00:56:32.931000,0 days 01:54:48.443000
2024-07-07 14:59:45.632,10200,259,7,0,True,1,car,0 days 00:56:33.091000,0 days 01:54:48.603000
2024-07-07 14:59:45.872,9267,229,7,0,True,1,car,0 days 00:56:33.331000,0 days 01:54:48.843000
2024-07-07 14:59:46.072,9717,213,6,0,True,1,car,0 days 00:56:33.531000,0 days 01:54:49.043000
2024-07-07 14:59:46.232,9197,206,6,0,True,1,car,0 days 00:56:33.691000,0 days 01:54:49.203000
2024-07-07 14:59:46.511,9805,190,5,0,True,1,car,0 days 00:56:33.970000,0 days 01:54:49.482000
2024-07-07 14:59:46.671,9380,179,5,0,True,1,car,0 days 00:56:34.130000,0 days 01:54:49.642000
2024-07-07 14:59:46.991,8869,166,5,0,True,1,car,0 days 00:56:34.450000,0 days 01:54:49.962000
2024-07-07 14:59:47.311,9406,156,4,0,True,1,car,0 days 00:56:34.770000,0 days 01:54:50.282000
2024-07-07 14:59:47.471,9177,152,4,0,True,1,car,0 days 00:56:34.930000,0 days 01:54:50.442000
2024-07-07 14:59:47.631,8861,146,4,0,True,1,car,0 days 00:56:35.090000,0 days 01:54:50.602000
2024-07-07 14:59:48.031,8345,138,4,0,True,1,car,0 days 00:56:35.490000,0 days 01:54:51.002000
2024-07-07 14:59:48.431,7783,129,4,0,True,1,car,0 days 00:56:35.890000,0 days 01:54:51.402000
2024-07-07 14:59:48.711,7491,121,4,0,True,1,car,0 days 00:56:36.170000,0 days 01:54:51.682000
2024-07-07 14:59:48.951,7279,119,4,2,False,1,car,0 days 00:56:36.410000,0 days 01:54:51.922000
2024-07-07 14:59:49.231,7441,117,4,27,False,1,car,0 days 00:56:36.690000,0 days 01:54:52.202000
2024-07-07 14:59:49.431,7457,117,4,36,False,1,car,0 days 00:56:36.890000,0 days 01:54:52.402000
2024-07-07 14:59:49.831,7690,120,4,43,False,1,car,0 days 00:56:37.290000,0 days 01:54:52.802000
2024-07-07 14:59:50.271,8310,129,4,57,False,1,car,0 days 00:56:37.730000,0 days 01:54:53.242000
2024-07-07 14:59:50.551,8970,133,4,67,False,1,car,0 days 00:56:38.010000,0 days 01:54:53.522000
2024-07-07 14:59:50.871,9330,146,4,73,False,1,car,0 days 00:56:38.330000,0 days 01:54:53.842000
2024-07-07 14:59:51.111,9628,152,4,73,False,1,car,0 days 00:56:38.570000,0 days 01:54:54.082000
2024-07-07 14:59:51.391,8984,146,4,0,True,1,car,0 days 00:56:38.850000,0 days 01:54:54.362000
2024-07-07 14:59:52.432,8276,114,3,0,True,1,car,0 days 00:56:39.891000,0 days 01:54:55.403000
2024-07-07 14:59:52.592,7938,107,3,0,True,1,car,0 days 00:56:40.051000,0 days 01:54:55.563000
2024-07-07 14:59:52.952,7388,101,3,0,True,1,car,0 days 00:56:40.411000,0 days 01:54:55.923000
2024-07-07 14:59:53.111,7163,96,3,0,True,1,car,0 days 00:56:40.570000,0 days 01:54:56.082000
2024-07-07 14:59:53.511,6539,91,3,0,True,1,car,0 days 00:56:40.970000,0 days 01:54:56.482000
2024-07-07 14:59:53.751,6343,89,3,0,False,1,car,0 days 00:56:41.210000,0 days 01:54:56.722000
2024-07-07 14:59:54.031,6122,85,3,0,False,1,car,0 days 00:56:41.490000,0 days 01:54:57.002000
2024-07-07 14:59:54.391,6005,81,3,0,False,1,car,0 days 00:56:41.850000,0 days 01:54:57.362000
2024-07-07 14:59:54.591,6290,81,3,12,False,1,car,0 days 00:56:42.050000,0 days 01:54:57.562000
2024-07-07 14:59:54.911,6419,83,3,28,False,1,car,0 days 00:56:42.370000,0 days 01:54:57.882000
2024-07-07 14:59:55.271,6730,89,3,34,False,1,car,0 days 00:56:42.730000,0 days 01:54:58.242000
2024-07-07 14:59:55.591,7172,93,3,36,False,1,car,0 days 00:56:43.050000,0 days 01:54:58.562000
2024-07-07 14:59:55.751,7279,94,3,37,False,1,car,0 days 00:56:43.210000,0 days 01:54:58.722000
2024-07-07 14:59:56.031,6793,97,3,37,False,1,car,0 days 00:56:43.490000,0 days 01:54:59.002000
2024-07-07 14:59:56.311,6658,103,4,38,False,1,car,0 days 00:56:43.770000,0 days 01:54:59.282000
2024-07-07 14:59:56.551,6856,106,4,45,False,1,car,0 days 00:56:44.010000,0 days 01:54:59.522000
2024-07-07 14:59:56.831,7369,112,4,50,False,1,car,0 days 00:56:44.290000,0 days 01:54:59.802000
2024-07-07 14:59:57.191,7804,112,4,52,False,1,car,0 days 00:56:44.650000,0 days 01:55:00.162000
2024-07-07 14:59:57.631,8522,131,4,63,False,1,car,0 days 00:56:45.090000,0 days 01:55:00.602000
2024-07-07 14:59:58.031,9273,139,4,70,False,1,car,0 days 00:56:45.490000,0 days 01:55:01.002000
2024-07-07 14:59:58.272,9546,152,4,73,False,1,car,0 days 00:56:45.731000,0 days 01:55:01.243000
2024-07-07 14:59:58.632,10650,164,4,94,False,1,car,0 days 00:56:46.091000,0 days 01:55:01.603000
2024-07-07 14:59:58.912,11261,176,4,100,False,1,car,0 days 00:56:46.371000,0 days 01:55:01.883000
2024-07-07 14:59:59.232,11326,188,4,100,False,1,car,0 days 00:56:46.691000,0 days 01:55:02.203000
2024-07-07 14:59:59.432,10408,194,5,100,False,1,car,0 days 00:56:46.891000,0 days 01:55:02.403000
2024-07-07 14:59:59.592,10670,199,5,100,False,1,car,0 days 00:56:47.051000,0 days 01:55:02.563000
2024-07-07 14:59:59.911,11036,207,5,100,False,1,car,0 days 00:56:47.370000,0 days 01:55:02.882000
2024-07-07 15:00:00.311,11715,219,5,100,False,1,car,0 days 00:56:47.770000,0 days 01:55:03.282000
2024-07-07 15:00:00.471,11015,226,5,100,False,1,car,0 days 00:56:47.930000,0 days 01:55:03.442000
2024-07-07 15:00:00.631,10475,228,6,100,False,1,car,0 days 00:56:48.090000,0 days 01:55:03.602000
2024-07-07 15:00:00.831,10684,234,6,100,False,1,car,0 days 00:56:48.290000,0 days 01:55:03.802000
2024-07-07 15:00:00.991,10856,235,6,100,False,1,car,0 days 00:56:48.450000,0 days 01:55:03.962000
2024-07-07 15:00:01.231,10988,239,6,100,False,1,car,0 days 00:56:48.690000,0 days 01:55:04.202000
2024-07-07 15:00:01.511,11252,246,6,100,False,1,car,0 days 00:56:48.970000,0 days 01:55:04.482000
2024-07-07 15:00:01.751,11383,249,6,100,False,1,car,0 days 00:56:49.210000,0 days 01:55:04.722000
2024-07-07 15:00:01.951,11533,253,6,100,False,1,car,0 days 00:56:49.410000,0 days 01:55:04.922000
2024-07-07 15:00:02.351,11151,259,6,100,False,1,car,0 days 00:56:49.810000,0 days 01:55:05.322000
2024-07-07 15:00:02.791,10563,265,7,100,False,1,car,0 days 00:56:50.250000,0 days 01:55:05.762000
2024-07-07 15:00:03.231,10689,270,7,100,False,1,car,0 days 00:56:50.690000,0 days 01:55:06.202000
2024-07-07 15:00:03.511,10840,273,7,100,False,1,car,0 days 00:56:50.970000,0 days 01:55:06.482000
2024-07-07 15:00:03.751,10965,274,7,100,False,1,car,0 days 00:56:51.210000,0 days 01:55:06.722000
2024-07-07 15:00:03.951,11026,277,7,100,False,1,car,0 days 00:56:51.410000,0 days 01:55:06.922000
2024-07-07 15:00:04.231,11103,280,7,100,False,1,car,0 days 00:56:51.690000,0 days 01:55:07.202000
2024-07-07 15:00:04.631,11216,283,7,100,False,1,car,0 days 00:56:52.090000,0 days 01:55:07.602000
2024-07-07 15:00:04.952,11265,284,7,100,False,1,car,0 days 00:56:52.411000,0 days 01:55:07.923000
2024-07-07 15:00:05.272,11281,286,7,100,False,1,car,0 days 00:56:52.731000,0 days 01:55:08.243000
2024-07-07 15:00:05.632,11327,287,7,100,False,1,car,0 days 00:56:53.091000,0 days 01:55:08.603000
2024-07-07 15:00:05.912,11369,287,7,100,False,1,car,0 days 00:56:53.371000,0 days 01:55:08.883000
2024-07-07 15:00:06.192,11368,288,7,100,False,1,car,0 days 00:56:53.651000,0 days 01:55:09.163000
2024-07-07 15:00:06.432,11404,288,7,100,False,1,car,0 days 00:56:53.891000,0 days 01:55:09.403000
2024-07-07 15:00:07.431,11300,287,7,100,False,1,car,0 days 00:56:54.890000,0 days 01:55:10.402000
2024-07-07 15:00:07.711,10996,284,7,100,False,1,car,0 days 00:56:55.170000,0 days 01:55:10.682000
2024-07-07 15:00:08.151,9938,257,7,0,True,1,car,0 days 00:56:55.610000,0 days 01:55:11.122000
2024-07-07 15:00:08.431,10612,237,7,0,True,1,car,0 days 00:56:55.890000,0 days 01:55:11.402000
2024-07-07 15:00:08.751,10035,226,6,0,True,1,car,0 days 00:56:56.210000,0 days 01:55:11.722000
2024-07-07 15:00:08.911,9825,219,6,0,True,1,car,0 days 00:56:56.370000,0 days 01:55:11.882000
2024-07-07 15:00:09.231,10770,212,5,0,False,1,car,0 days 00:56:56.690000,0 days 01:55:12.202000
2024-07-07 15:00:09.591,10601,205,5,9,False,1,car,0 days 00:56:57.050000,0 days 01:55:12.562000
2024-07-07 15:00:09.871,10404,198,5,3,False,1,car,0 days 00:56:57.330000,0 days 01:55:12.842000
2024-07-07 15:00:10.071,10147,195,5,46,False,1,car,0 days 00:56:57.530000,0 days 01:55:13.042000
2024-07-07 15:00:10.431,10354,196,5,64,False,1,car,0 days 00:56:57.890000,0 days 01:55:13.402000
2024-07-07 15:00:10.711,10573,198,5,71,False,1,car,0 days 00:56:58.170000,0 days 01:55:13.682000
2024-07-07 15:00:10.951,10683,199,5,78,False,1,car,0 days 00:56:58.410000,0 days 01:55:13.922000
2024-07-07 15:00:11.111,10851,204,5,78,False,1,car,0 days 00:56:58.570000,0 days 01:55:14.082000
2024-07-07 15:00:11.432,11020,209,5,78,False,1,car,0 days 00:56:58.891000,0 days 01:55:14.403000
2024-07-07 15:00:11.712,10929,214,5,76,False,1,car,0 days 00:56:59.171000,0 days 01:55:14.683000
2024-07-07 15:00:12.032,9686,216,6,57,False,1,car,0 days 00:56:59.491000,0 days 01:55:15.003000
2024-07-07 15:00:12.312,9704,216,6,53,False,1,car,0 days 00:56:59.771000,0 days 01:55:15.283000
2024-07-07 15:00:12.592,9725,217,6,53,False,1,car,0 days 00:57:00.051000,0 days 01:55:15.563000
2024-07-07 15:00:12.872,9708,215,6,50,False,1,car,0 days 00:57:00.331000,0 days 01:55:15.843000
2024-07-07 15:00:13.032,9653,215,6,48,False,1,car,0 days 00:57:00.491000,0 days 01:55:16.003000
2024-07-07 15:00:13.192,9619,214,6,47,False,1,car,0 days 00:57:00.651000,0 days 01:55:16.163000
2024-07-07 15:00:13.511,9578,212,6,48,False,1,car,0 days 00:57:00.970000,0 days 01:55:16.482000
2024-07-07 15:00:13.711,9551,213,6,49,False,1,car,0 days 00:57:01.170000,0 days 01:55:16.682000
2024-07-07 15:00:14.071,9582,213,6,57,False,1,car,0 days 00:57:01.530000,0 days 01:55:17.042000
2024-07-07 15:00:14.471,9616,214,6,57,False,1,car,0 days 00:57:01.930000,0 days 01:55:17.442000
2024-07-07 15:00:14.751,9656,214,6,57,False,1,car,0 days 00:57:02.210000,0 days 01:55:17.722000
2024-07-07 15:00:14.951,9657,215,6,56,False,1,car,0 days 00:57:02.410000,0 days 01:55:17.922000
2024-07-07 15:00:15.391,9805,218,6,69,False,1,car,0 days 00:57:02.850000,0 days 01:55:18.362000
2024-07-07 15:00:15.591,9980,218,6,78,False,1,car,0 days 00:57:03.050000,0 days 01:55:18.562000
2024-07-07 15:00:15.831,10074,223,6,76,False,1,car,0 days 00:57:03.290000,0 days 01:55:18.802000
2024-07-07 15:00:16.111,10252,227,6,75,False,1,car,0 days 00:57:03.570000,0 days 01:55:19.082000
2024-07-07 15:00:16.431,10440,229,6,94,False,1,car,0 days 00:57:03.890000,0 days 01:55:19.402000
2024-07-07 15:00:16.671,10593,237,6,100,False,1,car,0 days 00:57:04.130000,0 days 01:55:19.642000
2024-07-07 15:00:16.911,10945,240,6,100,False,1,car,0 days 00:57:04.370000,0 days 01:55:19.882000
2024-07-07 15:00:17.111,11007,245,6,100,False,1,car,0 days 00:57:04.570000,0 days 01:55:20.082000
2024-07-07 15:00:17.431,11285,250,6,100,False,1,car,0 days 00:57:04.890000,0 days 01:55:20.402000
2024-07-07 15:00:17.631,11395,252,6,95,False,1,car,0 days 00:57:05.090000,0 days 01:55:20.602000
2024-07-07 15:00:17.791,10555,252,6,70,False,1,car,0 days 00:57:05.250000,0 days 01:55:20.762000
2024-07-07 15:00:18.032,9967,253,7,68,False,1,car,0 days 00:57:05.491000,0 days 01:55:21.003000
2024-07-07 15:00:18.432,9996,253,7,59,False,1,car,0 days 00:57:05.891000,0 days 01:55:21.403000
2024-07-07 15:00:18.752,9784,250,7,0,True,1,car,0 days 00:57:06.211000,0 days 01:55:21.723000
2024-07-07 15:00:19.072,9889,228,7,0,True,1,car,0 days 00:57:06.531000,0 days 01:55:22.043000
2024-07-07 15:00:19.312,10120,222,6,11,False,1,car,0 days 00:57:06.771000,0 days 01:55:22.283000
2024-07-07 15:00:19.472,9860,220,6,39,False,1,car,0 days 00:57:06.931000,0 days 01:55:22.443000
2024-07-07 15:00:19.712,9813,218,6,49,False,1,car,0 days 00:57:07.171000,0 days 01:55:22.683000
2024-07-07 15:00:20.031,9700,215,6,38,False,1,car,0 days 00:57:07.490000,0 days 01:55:23.002000
2024-07-07 15:00:20.231,9696,213,6,52,False,1,car,0 days 00:57:07.690000,0 days 01:55:23.202000
2024-07-07 15:00:20.511,9724,212,6,59,False,1,car,0 days 00:57:07.970000,0 days 01:55:23.482000
2024-07-07 15:00:20.911,9894,216,6,76,False,1,car,0 days 00:57:08.370000,0 days 01:55:23.882000
2024-07-07 15:00:21.071,9930,219,6,79,False,1,car,0 days 00:57:08.530000,0 days 01:55:24.042000
2024-07-07 15:00:21.351,9689,222,6,43,True,1,car,0 days 00:57:08.810000,0 days 01:55:24.322000
2024-07-07 15:00:21.551,9619,216,6,0,True,1,car,0 days 00:57:09.010000,0 days 01:55:24.522000
2024-07-07 15:00:21.711,9318,208,6,0,True,1,car,0 days 00:57:09.170000,0 days 01:55:24.682000
2024-07-07 15:00:21.991,9972,200,6,0,True,1,car,0 days 00:57:09.450000,0 days 01:55:24.962000
2024-07-07 15:00:22.311,9899,193,5,0,False,1,car,0 days 00:57:09.770000,0 days 01:55:25.282000
2024-07-07 15:00:22.471,9861,189,5,0,False,1,car,0 days 00:57:09.930000,0 days 01:55:25.442000
2024-07-07 15:00:22.831,9681,183,5,0,False,1,car,0 days 00:57:10.290000,0 days 01:55:25.802000
2024-07-07 15:00:23.231,9442,180,5,41,False,1,car,0 days 00:57:10.690000,0 days 01:55:26.202000
2024-07-07 15:00:23.671,9435,180,5,48,False,1,car,0 days 00:57:11.130000,0 days 01:55:26.642000
2024-07-07 15:00:23.911,8933,177,5,0,True,1,car,0 days 00:57:11.370000,0 days 01:55:26.882000
2024-07-07 15:00:24.311,9530,161,5,0,True,1,car,0 days 00:57:11.770000,0 days 01:55:27.282000
2024-07-07 15:00:24.552,9561,160,4,0,True,1,car,0 days 00:57:12.011000,0 days 01:55:27.523000
2024-07-07 15:00:24.792,9179,150,4,0,True,1,car,0 days 00:57:12.251000,0 days 01:55:27.763000
2024-07-07 15:00:25.072,9007,144,4,0,False,1,car,0 days 00:57:12.531000,0 days 01:55:28.043000
2024-07-07 15:00:25.232,8803,142,4,0,False,1,car,0 days 00:57:12.691000,0 days 01:55:28.203000
2024-07-07 15:00:25.392,8718,140,4,0,False,1,car,0 days 00:57:12.851000,0 days 01:55:28.363000
2024-07-07 15:00:25.752,8764,139,4,44,False,1,car,0 days 00:57:13.211000,0 days 01:55:28.723000
2024-07-07 15:00:25.952,8960,141,4,56,False,1,car,0 days 00:57:13.411000,0 days 01:55:28.923000
2024-07-07 15:00:26.352,9303,146,4,59,False,1,car,0 days 00:57:13.811000,0 days 01:55:29.323000
2024-07-07 15:00:26.552,9578,150,4,65,False,1,car,0 days 00:57:14.011000,0 days 01:55:29.523000
2024-07-07 15:00:26.991,10221,156,4,70,False,1,car,0 days 00:57:14.450000,0 days 01:55:29.962000
2024-07-07 15:00:27.271,10600,168,4,80,False,1,car,0 days 00:57:14.730000,0 days 01:55:30.242000
2024-07-07 15:00:27.511,11183,175,4,83,False,1,car,0 days 00:57:14.970000,0 days 01:55:30.482000
2024-07-07 15:00:27.671,11448,182,4,100,False,1,car,0 days 00:57:15.130000,0 days 01:55:30.642000
2024-07-07 15:00:27.951,10342,189,4,100,False,1,car,0 days 00:57:15.410000,0 days 01:55:30.922000
2024-07-07 15:00:28.111,10432,193,4,100,False,1,car,0 days 00:57:15.570000,0 days 01:55:31.082000
2024-07-07 15:00:28.431,10941,207,5,100,False,1,car,0 days 00:57:15.890000,0 days 01:55:31.402000
2024-07-07 15:00:28.671,11251,214,5,91,False,1,car,0 days 00:57:16.130000,0 days 01:55:31.642000
2024-07-07 15:00:29.031,11548,220,5,87,False,1,car,0 days 00:57:16.490000,0 days 01:55:32.002000
2024-07-07 15:00:29.231,11761,223,5,87,False,1,car,0 days 00:57:16.690000,0 days 01:55:32.202000
2024-07-07 15:00:29.551,10501,229,6,88,False,1,car,0 days 00:57:17.010000,0 days 01:55:32.522000
2024-07-07 15:00:29.751,10327,232,6,88,False,1,car,0 days 00:57:17.210000,0 days 01:55:32.722000
2024-07-07 15:00:29.911,10658,235,6,85,False,1,car,0 days 00:57:17.370000,0 days 01:55:32.882000
2024-07-07 15:00:30.231,10821,239,6,82,False,1,car,0 days 00:57:17.690000,0 days 01:55:33.202000
2024-07-07 15:00:30.591,11004,239,6,79,False,1,car,0 days 00:57:18.050000,0 days 01:55:33.562000
2024-07-07 15:00:30.831,11028,245,6,78,False,1,car,0 days 00:57:18.290000,0 days 01:55:33.802000
2024-07-07 15:00:30.991,11120,247,6,78,False,1,car,0 days 00:57:18.450000,0 days 01:55:33.962000
2024-07-07 15:00:31.152,11147,247,6,77,False,1,car,0 days 00:57:18.611000,0 days 01:55:34.123000
2024-07-07 15:00:31.392,11177,248,6,72,False,1,car,0 days 00:57:18.851000,0 days 01:55:34.363000
2024-07-07 15:00:31.712,11241,249,6,71,False,1,car,0 days 00:57:19.171000,0 days 01:55:34.683000
2024-07-07 15:00:32.112,11240,250,6,71,False,1,car,0 days 00:57:19.571000,0 days 01:55:35.083000
2024-07-07 15:00:32.392,11242,250,6,72,False,1,car,0 days 00:57:19.851000,0 days 01:55:35.363000
2024-07-07 15:00:32.672,11312,251,6,74,False,1,car,0 days 00:57:20.131000,0 days 01:55:35.643000
2024-07-07 15:00:32.912,11381,252,6,75,False,1,car,0 days 00:57:20.371000,0 days 01:55:35.883000
2024-07-07 15:00:33.072,11386,254,6,75,False,1,car,0 days 00:57:20.531000,0 days 01:55:36.043000
2024-07-07 15:00:33.232,11430,254,6,76,False,1,car,0 days 00:57:20.691000,0 days 01:55:36.203000
2024-07-07 15:00:33.511,11497,255,6,77,False,1,car,0 days 00:57:20.970000,0 days 01:55:36.482000
2024-07-07 15:00:33.991,11603,258,6,79,False,1,car,0 days 00:57:21.450000,0 days 01:55:36.962000
2024-07-07 15:00:34.191,11717,258,6,83,False,1,car,0 days 00:57:21.650000,0 days 01:55:37.162000
2024-07-07 15:00:34.551,11868,262,6,100,False,1,car,0 days 00:57:22.010000,0 days 01:55:37.522000
2024-07-07 15:00:34.791,10505,266,6,100,False,1,car,0 days 00:57:22.250000,0 days 01:55:37.762000
2024-07-07 15:00:35.111,10676,269,7,100,False,1,car,0 days 00:57:22.570000,0 days 01:55:38.082000
2024-07-07 15:00:35.391,10784,271,7,100,False,1,car,0 days 00:57:22.850000,0 days 01:55:38.362000
2024-07-07 15:00:35.591,10820,273,7,100,False,1,car,0 days 00:57:23.050000,0 days 01:55:38.562000
2024-07-07 15:00:35.991,10884,275,7,100,False,1,car,0 days 00:57:23.450000,0 days 01:55:38.962000
2024-07-07 15:00:36.151,10854,275,7,100,False,1,car,0 days 00:57:23.610000,0 days 01:55:39.122000
2024-07-07 15:00:36.351,10919,275,7,100,False,1,car,0 days 00:57:23.810000,0 days 01:55:39.322000
2024-07-07 15:00:36.631,10964,277,7,100,False,1,car,0 days 00:57:24.090000,0 days 01:55:39.602000
2024-07-07 15:00:36.791,10975,277,7,100,False,1,car,0 days 00:57:24.250000,0 days 01:55:39.762000
2024-07-07 15:00:37.071,10992,278,7,100,False,1,car,0 days 00:57:24.530000,0 days 01:55:40.042000
2024-07-07 15:00:37.431,10998,279,7,100,False,1,car,0 days 00:57:24.890000,0 days 01:55:40.402000
2024-07-07 15:00:37.672,11013,278,7,100,False,1,car,0 days 00:57:25.131000,0 days 01:55:40.643000
2024-07-07 15:00:37.832,11054,280,7,100,False,1,car,0 days 00:57:25.291000,0 days 01:55:40.803000
2024-07-07 15:00:37.992,11057,280,7,100,False,1,car,0 days 00:57:25.451000,0 days 01:55:40.963000
2024-07-07 15:00:38.232,11116,280,7,100,False,1,car,0 days 00:57:25.691000,0 days 01:55:41.203000
2024-07-07 15:00:38.712,10229,257,7,0,True,1,car,0 days 00:57:26.171000,0 days 01:55:41.683000
2024-07-07 15:00:39.472,9619,213,6,0,True,1,car,0 days 00:57:26.931000,0 days 01:55:42.443000
2024-07-07 15:00:39.712,10427,206,6,0,True,1,car,0 days 00:57:27.171000,0 days 01:55:42.683000
2024-07-07 15:00:39.872,10392,199,5,0,True,1,car,0 days 00:57:27.331000,0 days 01:55:42.843000
2024-07-07 15:00:40.032,10098,196,5,0,False,1,car,0 days 00:57:27.491000,0 days 01:55:43.003000
2024-07-07 15:00:40.351,9765,189,5,0,False,1,car,0 days 00:57:27.810000,0 days 01:55:43.322000
2024-07-07 15:00:40.591,9461,183,5,0,False,1,car,0 days 00:57:28.050000,0 days 01:55:43.562000
2024-07-07 15:00:40.791,9239,180,5,0,False,1,car,0 days 00:57:28.250000,0 days 01:55:43.762000
2024-07-07 15:00:41.071,9075,174,5,1,False,1,car,0 days 00:57:28.530000,0 days 01:55:44.042000
2024-07-07 15:00:41.391,8934,171,5,39,False,1,car,0 days 00:57:28.850000,0 days 01:55:44.362000
2024-07-07 15:00:41.631,8954,170,5,42,False,1,car,0 days 00:57:29.090000,0 days 01:55:44.602000
2024-07-07 15:00:41.831,8860,170,5,28,False,1,car,0 days 00:57:29.290000,0 days 01:55:44.802000
2024-07-07 15:00:42.151,8821,167,5,45,False,1,car,0 days 00:57:29.610000,0 days 01:55:45.122000
2024-07-07 15:00:42.391,8885,167,5,51,False,1,car,0 days 00:57:29.850000,0 days 01:55:45.362000
2024-07-07 15:00:42.591,9020,169,5,59,False,1,car,0 days 00:57:30.050000,0 days 01:55:45.562000
2024-07-07 15:00:42.751,9132,169,5,67,False,1,car,0 days 00:57:30.210000,0 days 01:55:45.722000
2024-07-07 15:00:42.951,9252,171,5,72,False,1,car,0 days 00:57:30.410000,0 days 01:55:45.922000
2024-07-07 15:00:43.351,9797,180,5,86,False,1,car,0 days 00:57:30.810000,0 days 01:55:46.322000
2024-07-07 15:00:43.591,10114,189,5,87,False,1,car,0 days 00:57:31.050000,0 days 01:55:46.562000
2024-07-07 15:00:43.751,10297,189,5,100,False,1,car,0 days 00:57:31.210000,0 days 01:55:46.722000
2024-07-07 15:00:43.911,10577,198,5,100,False,1,car,0 days 00:57:31.370000,0 days 01:55:46.882000
2024-07-07 15:00:44.232,11040,207,5,100,False,1,car,0 days 00:57:31.691000,0 days 01:55:47.203000
2024-07-07 15:00:44.512,11517,216,5,100,False,1,car,0 days 00:57:31.971000,0 days 01:55:47.483000
2024-07-07 15:00:44.792,11748,223,5,100,False,1,car,0 days 00:57:32.251000,0 days 01:55:47.763000
2024-07-07 15:00:45.032,10628,228,5,100,False,1,car,0 days 00:57:32.491000,0 days 01:55:48.003000
2024-07-07 15:00:45.312,10678,234,6,100,False,1,car,0 days 00:57:32.771000,0 days 01:55:48.283000
2024-07-07 15:00:45.472,10616,237,6,100,False,1,car,0 days 00:57:32.931000,0 days 01:55:48.443000
2024-07-07 15:00:45.632,10778,239,6,100,False,1,car,0 days 00:57:33.091000,0 days 01:55:48.603000
2024-07-07 15:00:46.072,11028,246,6,100,False,1,car,0 days 00:57:33.531000,0 days 01:55:49.043000
2024-07-07 15:00:46.512,11305,250,6,100,False,1,car,0 days 00:57:33.971000,0 days 01:55:49.483000
2024-07-07 15:00:46.672,11328,252,6,100,False,1,car,0 days 00:57:34.131000,0 days 01:55:49.643000
2024-07-07 15:00:46.911,11455,254,6,100,False,1,car,0 days 00:57:34.370000,0 days 01:55:49.882000
2024-07-07 15:00:47.071,11545,254,6,100,False,1,car,0 days 00:57:34.530000,0 days 01:55:50.042000
2024-07-07 15:00:47.231,11142,256,6,0,True,1,car,0 days 00:57:34.690000,0 days 01:55:50.202000
2024-07-07 15:00:47.471,10642,229,6,0,True,1,car,0 days 00:57:34.930000,0 days 01:55:50.442000
2024-07-07 15:00:47.791,9794,198,6,0,True,1,car,0 days 00:57:35.250000,0 days 01:55:50.762000
2024-07-07 15:00:47.951,9711,190,6,0,True,1,car,0 days 00:57:35.410000,0 days 01:55:50.922000
2024-07-07 15:00:48.111,9050,174,5,0,True,1,car,0 days 00:57:35.570000,0 days 01:55:51.082000
2024-07-07 15:00:48.431,9361,155,4,0,True,1,car,0 days 00:57:35.890000,0 days 01:55:51.402000
2024-07-07 15:00:48.751,8463,145,4,0,True,1,car,0 days 00:57:36.210000,0 days 01:55:51.722000
2024-07-07 15:00:48.991,8259,127,4,0,True,1,car,0 days 00:57:36.450000,0 days 01:55:51.962000
2024-07-07 15:00:49.231,8583,120,3,0,True,1,car,0 days 00:57:36.690000,0 days 01:55:52.202000
2024-07-07 15:00:49.391,8223,114,3,0,True,1,car,0 days 00:57:36.850000,0 days 01:55:52.362000
2024-07-07 15:00:49.631,7759,109,3,0,True,1,car,0 days 00:57:37.090000,0 days 01:55:52.602000
2024-07-07 15:00:49.871,7305,101,3,0,True,1,car,0 days 00:57:37.330000,0 days 01:55:52.842000
2024-07-07 15:00:50.151,6791,95,3,0,True,1,car,0 days 00:57:37.610000,0 days 01:55:53.122000
2024-07-07 15:00:50.431,6462,88,3,0,True,1,car,0 days 00:57:37.890000,0 days 01:55:53.402000
2024-07-07 15:00:50.591,6173,86,3,0,True,1,car,0 days 00:57:38.050000,0 days 01:55:53.562000
2024-07-07 15:00:50.912,6026,83,3,0,False,1,car,0 days 00:57:38.371000,0 days 01:55:53.883000
2024-07-07 15:00:51.112,5942,82,3,0,False,1,car,0 days 00:57:38.571000,0 days 01:55:54.083000
2024-07-07 15:00:51.272,6037,82,3,6,False,1,car,0 days 00:57:38.731000,0 days 01:55:54.243000
2024-07-07 15:00:51.432,6243,81,3,16,False,1,car,0 days 00:57:38.891000,0 days 01:55:54.403000
2024-07-07 15:00:51.592,6390,83,3,21,False,1,car,0 days 00:57:39.051000,0 days 01:55:54.563000
2024-07-07 15:00:51.912,6577,86,3,30,False,1,car,0 days 00:57:39.371000,0 days 01:55:54.883000
2024-07-07 15:00:52.072,6634,90,3,35,False,1,car,0 days 00:57:39.531000,0 days 01:55:55.043000
2024-07-07 15:00:52.512,7279,97,3,38,False,1,car,0 days 00:57:39.971000,0 days 01:55:55.483000
2024-07-07 15:00:52.992,7011,94,3,0,True,1,car,0 days 00:57:40.451000,0 days 01:55:55.963000
2024-07-07 15:00:53.312,6368,90,3,0,True,1,car,0 days 00:57:40.771000,0 days 01:55:56.283000
2024-07-07 15:00:53.631,6198,85,3,0,False,1,car,0 days 00:57:41.090000,0 days 01:55:56.602000
2024-07-07 15:00:53.951,6572,84,3,23,False,1,car,0 days 00:57:41.410000,0 days 01:55:56.922000
2024-07-07 15:00:54.271,6766,89,3,34,False,1,car,0 days 00:57:41.730000,0 days 01:55:57.242000
2024-07-07 15:00:54.631,7278,94,3,41,False,1,car,0 days 00:57:42.090000,0 days 01:55:57.602000
2024-07-07 15:00:54.831,7594,98,3,49,False,1,car,0 days 00:57:42.290000,0 days 01:55:57.802000
2024-07-07 15:00:54.991,7943,103,3,50,False,1,car,0 days 00:57:42.450000,0 days 01:55:57.962000
2024-07-07 15:00:55.431,7340,114,4,59,False,1,car,0 days 00:57:42.890000,0 days 01:55:58.402000
2024-07-07 15:00:55.591,7480,117,4,59,False,1,car,0 days 00:57:43.050000,0 days 01:55:58.562000
2024-07-07 15:00:56.511,9475,145,4,75,False,1,car,0 days 00:57:43.970000,0 days 01:55:59.482000
2024-07-07 15:00:56.711,9888,155,4,77,False,1,car,0 days 00:57:44.170000,0 days 01:55:59.682000
2024-07-07 15:00:57.071,10360,166,4,71,False,1,car,0 days 00:57:44.530000,0 days 01:56:00.042000
2024-07-07 15:00:57.311,9536,169,4,73,False,1,car,0 days 00:57:44.770000,0 days 01:56:00.282000
2024-07-07 15:00:57.632,9508,177,5,80,False,1,car,0 days 00:57:45.091000,0 days 01:56:00.603000
2024-07-07 15:00:57.912,9937,185,5,82,False,1,car,0 days 00:57:45.371000,0 days 01:56:00.883000
2024-07-07 15:00:58.192,10281,192,5,82,False,1,car,0 days 00:57:45.651000,0 days 01:56:01.163000
2024-07-07 15:00:58.352,10281,194,5,82,False,1,car,0 days 00:57:45.811000,0 days 01:56:01.323000
2024-07-07 15:00:58.512,10784,199,5,82,False,1,car,0 days 00:57:45.971000,0 days 01:56:01.483000
2024-07-07 15:00:59.032,11347,214,5,100,False,1,car,0 days 00:57:46.491000,0 days 01:56:02.003000
2024-07-07 15:00:59.312,11700,221,5,100,False,1,car,0 days 00:57:46.771000,0 days 01:56:02.283000
2024-07-07 15:00:59.592,10415,228,5,100,False,1,car,0 days 00:57:47.051000,0 days 01:56:02.563000
2024-07-07 15:00:59.832,10663,232,6,100,False,1,car,0 days 00:57:47.291000,0 days 01:56:02.803000
2024-07-07 15:00:59.992,10819,237,6,100,False,1,car,0 days 00:57:47.451000,0 days 01:56:02.963000
2024-07-07 15:01:00.271,10924,241,6,100,False,1,car,0 days 00:57:47.730000,0 days 01:56:03.242000
2024-07-07 15:01:00.471,11258,248,6,100,False,1,car,0 days 00:57:47.930000,0 days 01:56:03.442000
2024-07-07 15:01:00.711,11437,252,6,100,False,1,car,0 days 00:57:48.170000,0 days 01:56:03.682000
2024-07-07 15:01:00.911,11561,255,6,100,False,1,car,0 days 00:57:48.370000,0 days 01:56:03.882000
2024-07-07 15:01:01.351,11233,261,6,100,False,1,car,0 days 00:57:48.810000,0 days 01:56:04.322000
2024-07-07 15:01:01.511,10703,264,6,100,False,1,car,0 days 00:57:48.970000,0 days 01:56:04.482000
2024-07-07 15:01:01.751,10592,265,7,100,False,1,car,0 days 00:57:49.210000,0 days 01:56:04.722000
2024-07-07 15:01:01.911,10688,269,7,100,False,1,car,0 days 00:57:49.370000,0 days 01:56:04.882000
2024-07-07 15:01:02.111,10805,272,7,100,False,1,car,0 days 00:57:49.570000,0 days 01:56:05.082000
2024-07-07 15:01:02.311,10838,275,7,100,False,1,car,0 days 00:57:49.770000,0 days 01:56:05.282000
2024-07-07 15:01:02.551,10938,275,7,100,False,1,car,0 days 00:57:50.010000,0 days 01:56:05.522000
2024-07-07 15:01:02.711,11015,278,7,100,False,1,car,0 days 00:57:50.170000,0 days 01:56:05.682000
2024-07-07 15:01:03.231,11206,283,7,100,False,1,car,0 days 00:57:50.690000,0 days 01:56:06.202000
2024-07-07 15:01:03.551,11298,286,7,100,False,1,car,0 days 00:57:51.010000,0 days 01:56:06.522000
2024-07-07 15:01:03.711,11378,286,7,100,False,1,car,0 days 00:57:51.170000,0 days 01:56:06.682000
2024-07-07 15:01:03.911,11426,289,7,100,False,1,car,0 days 00:57:51.370000,0 days 01:56:06.882000
2024-07-07 15:01:04.192,11507,291,7,100,False,1,car,0 days 00:57:51.651000,0 days 01:56:07.163000
2024-07-07 15:01:04.392,11398,289,7,92,True,1,car,0 days 00:57:51.851000,0 days 01:56:07.363000
2024-07-07 15:01:04.672,11046,274,7,0,True,1,car,0 days 00:57:52.131000,0 days 01:56:07.643000
2024-07-07 15:01:04.832,10510,270,7,0,True,1,car,0 days 00:57:52.291000,0 days 01:56:07.803000
2024-07-07 15:01:05.232,11248,255,6,41,False,1,car,0 days 00:57:52.691000,0 days 01:56:08.203000
2024-07-07 15:01:05.432,11392,251,6,52,False,1,car,0 days 00:57:52.891000,0 days 01:56:08.403000
2024-07-07 15:01:05.672,11203,248,6,63,False,1,car,0 days 00:57:53.131000,0 days 01:56:08.643000
2024-07-07 15:01:06.032,11285,248,6,73,False,1,car,0 days 00:57:53.491000,0 days 01:56:09.003000
2024-07-07 15:01:06.312,11309,249,6,86,False,1,car,0 days 00:57:53.771000,0 days 01:56:09.283000
2024-07-07 15:01:06.512,11419,249,6,100,False,1,car,0 days 00:57:53.971000,0 days 01:56:09.483000
2024-07-07 15:01:06.832,11625,254,6,100,False,1,car,0 days 00:57:54.291000,0 days 01:56:09.803000
2024-07-07 15:01:07.031,11702,256,6,100,False,1,car,0 days 00:57:54.490000,0 days 01:56:10.002000
2024-07-07 15:01:07.231,11331,260,6,100,False,1,car,0 days 00:57:54.690000,0 days 01:56:10.202000
2024-07-07 15:01:07.511,10527,263,7,100,False,1,car,0 days 00:57:54.970000,0 days 01:56:10.482000
2024-07-07 15:01:07.751,10603,267,7,98,False,1,car,0 days 00:57:55.210000,0 days 01:56:10.722000
2024-07-07 15:01:08.151,10745,270,7,88,False,1,car,0 days 00:57:55.610000,0 days 01:56:11.122000
2024-07-07 15:01:08.351,10748,272,7,83,False,1,car,0 days 00:57:55.810000,0 days 01:56:11.322000
2024-07-07 15:01:08.551,10755,272,7,81,False,1,car,0 days 00:57:56.010000,0 days 01:56:11.522000
2024-07-07 15:01:08.711,10760,271,7,82,False,1,car,0 days 00:57:56.170000,0 days 01:56:11.682000
2024-07-07 15:01:08.911,10761,271,7,84,False,1,car,0 days 00:57:56.370000,0 days 01:56:11.882000
2024-07-07 15:01:09.111,10790,271,7,84,False,1,car,0 days 00:57:56.570000,0 days 01:56:12.082000
2024-07-07 15:01:09.391,10898,272,7,100,False,1,car,0 days 00:57:56.850000,0 days 01:56:12.362000
2024-07-07 15:01:09.551,10877,273,7,100,False,1,car,0 days 00:57:57.010000,0 days 01:56:12.522000
2024-07-07 15:01:09.791,11010,276,7,100,False,1,car,0 days 00:57:57.250000,0 days 01:56:12.762000
2024-07-07 15:01:10.271,10467,262,7,0,True,1,car,0 days 00:57:57.730000,0 days 01:56:13.242000
2024-07-07 15:01:10.552,9879,244,7,0,True,1,car,0 days 00:57:58.011000,0 days 01:56:13.523000
2024-07-07 15:01:10.792,9739,215,7,0,True,1,car,0 days 00:57:58.251000,0 days 01:56:13.763000
2024-07-07 15:01:11.072,9587,199,6,0,True,1,car,0 days 00:57:58.531000,0 days 01:56:14.043000
2024-07-07 15:01:11.472,9593,164,5,0,True,1,car,0 days 00:57:58.931000,0 days 01:56:14.443000
2024-07-07 15:01:11.952,8212,140,4,0,True,1,car,0 days 00:57:59.411000,0 days 01:56:14.923000
2024-07-07 15:01:12.232,8824,131,3,0,True,1,car,0 days 00:57:59.691000,0 days 01:56:15.203000
2024-07-07 15:01:12.472,8381,119,3,0,True,1,car,0 days 00:57:59.931000,0 days 01:56:15.443000
2024-07-07 15:01:12.792,7537,109,3,0,True,1,car,0 days 00:58:00.251000,0 days 01:56:15.763000
2024-07-07 15:01:13.152,7052,101,3,0,True,1,car,0 days 00:58:00.611000,0 days 01:56:16.123000
2024-07-07 15:01:13.312,6770,93,3,0,True,1,car,0 days 00:58:00.771000,0 days 01:56:16.283000
2024-07-07 15:01:13.711,6342,88,3,0,True,1,car,0 days 00:58:01.170000,0 days 01:56:16.682000
2024-07-07 15:01:13.991,6027,82,3,0,False,1,car,0 days 00:58:01.450000,0 days 01:56:16.962000
2024-07-07 15:01:14.431,6224,81,3,16,False,1,car,0 days 00:58:01.890000,0 days 01:56:17.402000
2024-07-07 15:01:14.831,6424,84,3,25,False,1,car,0 days 00:58:02.290000,0 days 01:56:17.802000
2024-07-07 15:01:15.231,6849,88,3,35,False,1,car,0 days 00:58:02.690000,0 days 01:56:18.202000
2024-07-07 15:01:15.431,7259,92,3,41,False,1,car,0 days 00:58:02.890000,0 days 01:56:18.402000
2024-07-07 15:01:15.671,7561,97,3,42,False,1,car,0 days 00:58:03.130000,0 days 01:56:18.642000
2024-07-07 15:01:15.911,7750,101,3,44,False,1,car,0 days 00:58:03.370000,0 days 01:56:18.882000
2024-07-07 15:01:16.311,8465,108,3,51,False,1,car,0 days 00:58:03.770000,0 days 01:56:19.282000
2024-07-07 15:01:16.471,8600,115,3,55,False,1,car,0 days 00:58:03.930000,0 days 01:56:19.442000
2024-07-07 15:01:16.791,9115,123,3,55,False,1,car,0 days 00:58:04.250000,0 days 01:56:19.762000
2024-07-07 15:01:17.031,8401,118,3,0,True,1,car,0 days 00:58:04.490000,0 days 01:56:20.002000
2024-07-07 15:01:17.312,7525,107,3,0,True,1,car,0 days 00:58:04.771000,0 days 01:56:20.283000
2024-07-07 15:01:17.512,7195,101,3,0,True,1,car,0 days 00:58:04.971000,0 days 01:56:20.483000
2024-07-07 15:01:17.952,6635,91,3,0,True,1,car,0 days 00:58:05.411000,0 days 01:56:20.923000
2024-07-07 15:01:18.192,6194,86,3,0,True,1,car,0 days 00:58:05.651000,0 days 01:56:21.163000
2024-07-07 15:01:18.432,6046,83,3,0,True,1,car,0 days 00:58:05.891000,0 days 01:56:21.403000
2024-07-07 15:01:18.752,5685,78,3,0,True,1,car,0 days 00:58:06.211000,0 days 01:56:21.723000
2024-07-07 15:01:18.952,5426,76,3,0,True,1,car,0 days 00:58:06.411000,0 days 01:56:21.923000
2024-07-07 15:01:19.312,5191,71,3,0,False,1,car,0 days 00:58:06.771000,0 days 01:56:22.283000
2024-07-07 15:01:19.472,5166,70,3,0,False,1,car,0 days 00:58:06.931000,0 days 01:56:22.443000
2024-07-07 15:01:19.712,5369,69,3,0,False,1,car,0 days 00:58:07.171000,0 days 01:56:22.683000
2024-07-07 15:01:19.872,5252,69,3,8,False,1,car,0 days 00:58:07.331000,0 days 01:56:22.843000
2024-07-07 15:01:20.192,5564,73,3,21,False,1,car,0 days 00:58:07.651000,0 days 01:56:23.163000
2024-07-07 15:01:20.392,5876,76,3,29,False,1,car,0 days 00:58:07.851000,0 days 01:56:23.363000
2024-07-07 15:01:20.551,6006,77,3,32,False,1,car,0 days 00:58:08.010000,0 days 01:56:23.522000
2024-07-07 15:01:20.711,6261,81,3,36,False,1,car,0 days 00:58:08.170000,0 days 01:56:23.682000
2024-07-07 15:01:21.031,6918,87,3,44,False,1,car,0 days 00:58:08.490000,0 days 01:56:24.002000
2024-07-07 15:01:21.191,7253,92,3,46,False,1,car,0 days 00:58:08.650000,0 days 01:56:24.162000
2024-07-07 15:01:21.471,7753,100,3,53,False,1,car,0 days 00:58:08.930000,0 days 01:56:24.442000
2024-07-07 15:01:21.711,8338,107,3,57,False,1,car,0 days 00:58:09.170000,0 days 01:56:24.682000
2024-07-07 15:01:22.031,7805,116,4,64,False,1,car,0 days 00:58:09.490000,0 days 01:56:25.002000
2024-07-07 15:01:22.191,8074,123,4,67,False,1,car,0 days 00:58:09.650000,0 days 01:56:25.162000
2024-07-07 15:01:22.471,8610,134,4,74,False,1,car,0 days 00:58:09.930000,0 days 01:56:25.442000
2024-07-07 15:01:22.871,9503,150,4,82,False,1,car,0 days 00:58:10.330000,0 days 01:56:25.842000
2024-07-07 15:01:23.111,10144,158,4,85,False,1,car,0 days 00:58:10.570000,0 days 01:56:26.082000
2024-07-07 15:01:23.471,9248,174,4,87,False,1,car,0 days 00:58:10.930000,0 days 01:56:26.442000
2024-07-07 15:01:23.671,9345,178,5,87,False,1,car,0 days 00:58:11.130000,0 days 01:56:26.642000
2024-07-07 15:01:23.952,10018,185,5,93,False,1,car,0 days 00:58:11.411000,0 days 01:56:26.923000
2024-07-07 15:01:24.232,10312,195,5,100,False,1,car,0 days 00:58:11.691000,0 days 01:56:27.203000
2024-07-07 15:01:24.392,10771,201,5,100,False,1,car,0 days 00:58:11.851000,0 days 01:56:27.363000
2024-07-07 15:01:24.592,11073,207,5,100,False,1,car,0 days 00:58:12.051000,0 days 01:56:27.563000
2024-07-07 15:01:24.952,11484,214,5,100,False,1,car,0 days 00:58:12.411000,0 days 01:56:27.923000
2024-07-07 15:01:25.392,11198,225,5,100,False,1,car,0 days 00:58:12.851000,0 days 01:56:28.363000
2024-07-07 15:01:25.592,10348,230,6,100,False,1,car,0 days 00:58:13.051000,0 days 01:56:28.563000
2024-07-07 15:01:25.832,10711,234,6,100,False,1,car,0 days 00:58:13.291000,0 days 01:56:28.803000
2024-07-07 15:01:26.152,10957,238,6,100,False,1,car,0 days 00:58:13.611000,0 days 01:56:29.123000
2024-07-07 15:01:26.552,11249,248,6,100,False,1,car,0 days 00:58:14.011000,0 days 01:56:29.523000
2024-07-07 15:01:26.752,11349,250,6,100,False,1,car,0 days 00:58:14.211000,0 days 01:56:29.723000
2024-07-07 15:01:27.032,11590,256,6,100,False,1,car,0 days 00:58:14.491000,0 days 01:56:30.003000
2024-07-07 15:01:27.391,10767,260,6,100,False,1,car,0 days 00:58:14.850000,0 days 01:56:30.362000
2024-07-07 15:01:27.911,10574,267,7,100,False,1,car,0 days 00:58:15.370000,0 days 01:56:30.882000
2024-07-07 15:01:28.111,10656,267,7,100,False,1,car,0 days 00:58:15.570000,0 days 01:56:31.082000
2024-07-07 15:01:28.511,10812,273,7,100,False,1,car,0 days 00:58:15.970000,0 days 01:56:31.482000
2024-07-07 15:01:28.671,10860,275,7,100,False,1,car,0 days 00:58:16.130000,0 days 01:56:31.642000
2024-07-07 15:01:28.871,10921,276,7,100,False,1,car,0 days 00:58:16.330000,0 days 01:56:31.842000
2024-07-07 15:01:29.031,10987,277,7,100,False,1,car,0 days 00:58:16.490000,0 days 01:56:32.002000
2024-07-07 15:01:29.351,11091,279,7,100,False,1,car,0 days 00:58:16.810000,0 days 01:56:32.322000
2024-07-07 15:01:29.551,11151,280,7,100,False,1,car,0 days 00:58:17.010000,0 days 01:56:32.522000
2024-07-07 15:01:29.711,11194,282,7,100,False,1,car,0 days 00:58:17.170000,0 days 01:56:32.682000
2024-07-07 15:01:29.951,11272,285,7,100,False,1,car,0 days 00:58:17.410000,0 days 01:56:32.922000
2024-07-07 15:01:30.191,11312,286,7,100,False,1,car,0 days 00:58:17.650000,0 days 01:56:33.162000
2024-07-07 15:01:30.352,11312,286,7,100,False,1,car,0 days 00:58:17.811000,0 days 01:56:33.323000
2024-07-07 15:01:30.552,11364,287,7,100,False,1,car,0 days 00:58:18.011000,0 days 01:56:33.523000
2024-07-07 15:01:30.832,11464,288,7,100,False,1,car,0 days 00:58:18.291000,0 days 01:56:33.803000
2024-07-07 15:01:31.112,11494,290,7,100,False,1,car,0 days 00:58:18.571000,0 days 01:56:34.083000
2024-07-07 15:01:31.272,11552,292,7,100,False,1,car,0 days 00:58:18.731000,0 days 01:56:34.243000
2024-07-07 15:01:31.592,11603,293,7,100,False,1,car,0 days 00:58:19.051000,0 days 01:56:34.563000
2024-07-07 15:01:31.752,11603,294,7,100,False,1,car,0 days 00:58:19.211000,0 days 01:56:34.723000
2024-07-07 15:01:31.912,11657,295,7,100,False,1,car,0 days 00:58:19.371000,0 days 01:56:34.883000
2024-07-07 15:01:32.112,11674,294,7,100,False,1,car,0 days 00:58:19.571000,0 days 01:56:35.083000
2024-07-07 15:01:32.432,11675,295,7,100,False,1,car,0 days 00:58:19.891000,0 days 01:56:35.403000
2024-07-07 15:01:32.712,11259,287,7,0,True,1,car,0 days 00:58:20.171000,0 days 01:56:35.683000
2024-07-07 15:01:33.112,9505,241,7,0,True,1,car,0 days 00:58:20.571000,0 days 01:56:36.083000
2024-07-07 15:01:33.352,9307,221,7,0,True,1,car,0 days 00:58:20.811000,0 days 01:56:36.323000
2024-07-07 15:01:33.552,9008,221,6,0,True,1,car,0 days 00:58:21.011000,0 days 01:56:36.523000
2024-07-07 15:01:33.752,9184,190,6,0,True,1,car,0 days 00:58:21.211000,0 days 01:56:36.723000
2024-07-07 15:01:33.951,9320,181,5,0,True,1,car,0 days 00:58:21.410000,0 days 01:56:36.922000
2024-07-07 15:01:34.231,8736,171,5,0,True,1,car,0 days 00:58:21.690000,0 days 01:56:37.202000
2024-07-07 15:01:34.431,8333,164,5,0,True,1,car,0 days 00:58:21.890000,0 days 01:56:37.402000
2024-07-07 15:01:34.671,9563,153,5,0,True,1,car,0 days 00:58:22.130000,0 days 01:56:37.642000
2024-07-07 15:01:34.991,8871,145,4,0,True,1,car,0 days 00:58:22.450000,0 days 01:56:37.962000
2024-07-07 15:01:35.351,8464,138,4,0,True,1,car,0 days 00:58:22.810000,0 days 01:56:38.322000
2024-07-07 15:01:35.631,8170,133,4,0,False,1,car,0 days 00:58:23.090000,0 days 01:56:38.602000
2024-07-07 15:01:35.911,8006,130,4,0,False,1,car,0 days 00:58:23.370000,0 days 01:56:38.882000
2024-07-07 15:01:36.191,7703,126,4,1,False,1,car,0 days 00:58:23.650000,0 days 01:56:39.162000
2024-07-07 15:01:36.511,7820,124,4,25,False,1,car,0 days 00:58:23.970000,0 days 01:56:39.482000
2024-07-07 15:01:36.912,7965,124,4,37,False,1,car,0 days 00:58:24.371000,0 days 01:56:39.883000
2024-07-07 15:01:37.072,8041,127,4,40,False,1,car,0 days 00:58:24.531000,0 days 01:56:40.043000
2024-07-07 15:01:37.312,8160,127,4,41,False,1,car,0 days 00:58:24.771000,0 days 01:56:40.283000
2024-07-07 15:01:37.512,8356,128,4,41,False,1,car,0 days 00:58:24.971000,0 days 01:56:40.483000
2024-07-07 15:01:37.752,8541,133,4,55,False,1,car,0 days 00:58:25.211000,0 days 01:56:40.723000
2024-07-07 15:01:38.152,8988,138,4,58,False,1,car,0 days 00:58:25.611000,0 days 01:56:41.123000
2024-07-07 15:01:38.512,8965,149,4,58,False,1,car,0 days 00:58:25.971000,0 days 01:56:41.483000
2024-07-07 15:01:38.792,9102,140,4,0,True,1,car,0 days 00:58:26.251000,0 days 01:56:41.763000
2024-07-07 15:01:38.992,8134,137,4,0,True,1,car,0 days 00:58:26.451000,0 days 01:56:41.963000
2024-07-07 15:01:39.272,7737,129,4,0,True,1,car,0 days 00:58:26.731000,0 days 01:56:42.243000
2024-07-07 15:01:39.432,7419,125,4,0,True,1,car,0 days 00:58:26.891000,0 days 01:56:42.403000
2024-07-07 15:01:39.752,7062,116,4,0,True,1,car,0 days 00:58:27.211000,0 days 01:56:42.723000
2024-07-07 15:01:40.232,7690,107,3,0,True,1,car,0 days 00:58:27.691000,0 days 01:56:43.203000
2024-07-07 15:01:40.671,7166,98,3,0,False,1,car,0 days 00:58:28.130000,0 days 01:56:43.642000
2024-07-07 15:01:40.831,7033,96,3,0,False,1,car,0 days 00:58:28.290000,0 days 01:56:43.802000
2024-07-07 15:01:40.991,6974,95,3,0,False,1,car,0 days 00:58:28.450000,0 days 01:56:43.962000
2024-07-07 15:01:41.231,6711,92,3,0,False,1,car,0 days 00:58:28.690000,0 days 01:56:44.202000
2024-07-07 15:01:41.671,6563,88,3,7,False,1,car,0 days 00:58:29.130000,0 days 01:56:44.642000
2024-07-07 15:01:41.871,6588,88,3,12,False,1,car,0 days 00:58:29.330000,0 days 01:56:44.842000
2024-07-07 15:01:42.271,6845,91,3,27,False,1,car,0 days 00:58:29.730000,0 days 01:56:45.242000
2024-07-07 15:01:42.511,7072,93,3,32,False,1,car,0 days 00:58:29.970000,0 days 01:56:45.482000
2024-07-07 15:01:42.911,7500,98,3,38,False,1,car,0 days 00:58:30.370000,0 days 01:56:45.882000
2024-07-07 15:01:43.071,7633,100,3,42,False,1,car,0 days 00:58:30.530000,0 days 01:56:46.042000
2024-07-07 15:01:43.512,7126,109,4,49,False,1,car,0 days 00:58:30.971000,0 days 01:56:46.483000
2024-07-07 15:01:43.712,7341,113,4,51,False,1,car,0 days 00:58:31.171000,0 days 01:56:46.683000
2024-07-07 15:01:43.912,7570,118,4,55,False,1,car,0 days 00:58:31.371000,0 days 01:56:46.883000
2024-07-07 15:01:44.112,8005,124,4,64,False,1,car,0 days 00:58:31.571000,0 days 01:56:47.083000
2024-07-07 15:01:44.312,8181,130,4,64,False,1,car,0 days 00:58:31.771000,0 days 01:56:47.283000
2024-07-07 15:01:44.512,8958,136,4,76,False,1,car,0 days 00:58:31.971000,0 days 01:56:47.483000
2024-07-07 15:01:44.752,9320,143,4,78,False,1,car,0 days 00:58:32.211000,0 days 01:56:47.723000
2024-07-07 15:01:44.992,9714,150,4,78,False,1,car,0 days 00:58:32.451000,0 days 01:56:47.963000
2024-07-07 15:01:45.432,10980,166,4,100,False,1,car,0 days 00:58:32.891000,0 days 01:56:48.403000
2024-07-07 15:01:45.672,11250,182,4,97,False,1,car,0 days 00:58:33.131000,0 days 01:56:48.643000
2024-07-07 15:01:45.952,9669,186,5,100,False,1,car,0 days 00:58:33.411000,0 days 01:56:48.923000
2024-07-07 15:01:46.112,10509,195,5,100,False,1,car,0 days 00:58:33.571000,0 days 01:56:49.083000
2024-07-07 15:01:46.472,11100,208,5,100,False,1,car,0 days 00:58:33.931000,0 days 01:56:49.443000
2024-07-07 15:01:46.752,11500,217,5,100,False,1,car,0 days 00:58:34.211000,0 days 01:56:49.723000
2024-07-07 15:01:47.072,11751,224,5,100,False,1,car,0 days 00:58:34.531000,0 days 01:56:50.043000
2024-07-07 15:01:47.311,10605,232,6,100,False,1,car,0 days 00:58:34.770000,0 days 01:56:50.282000
2024-07-07 15:01:47.471,10653,235,6,100,False,1,car,0 days 00:58:34.930000,0 days 01:56:50.442000
2024-07-07 15:01:47.711,10927,239,6,100,False,1,car,0 days 00:58:35.170000,0 days 01:56:50.682000
2024-07-07 15:01:48.031,11228,246,6,100,False,1,car,0 days 00:58:35.490000,0 days 01:56:51.002000
2024-07-07 15:01:48.191,11297,250,6,100,False,1,car,0 days 00:58:35.650000,0 days 01:56:51.162000
2024-07-07 15:01:48.431,11509,253,6,100,False,1,car,0 days 00:58:35.890000,0 days 01:56:51.402000
2024-07-07 15:01:48.671,11639,257,6,100,False,1,car,0 days 00:58:36.130000,0 days 01:56:51.642000
2024-07-07 15:01:48.951,11288,257,6,100,False,1,car,0 days 00:58:36.410000,0 days 01:56:51.922000
2024-07-07 15:01:49.151,10405,262,6,100,False,1,car,0 days 00:58:36.610000,0 days 01:56:52.122000
2024-07-07 15:01:49.311,10583,266,7,100,False,1,car,0 days 00:58:36.770000,0 days 01:56:52.282000
2024-07-07 15:01:49.471,10656,266,7,100,False,1,car,0 days 00:58:36.930000,0 days 01:56:52.442000
2024-07-07 15:01:49.751,10776,270,7,100,False,1,car,0 days 00:58:37.210000,0 days 01:56:52.722000
2024-07-07 15:01:49.991,10849,271,7,100,False,1,car,0 days 00:58:37.450000,0 days 01:56:52.962000
2024-07-07 15:01:50.152,10929,275,7,100,False,1,car,0 days 00:58:37.611000,0 days 01:56:53.123000
2024-07-07 15:01:50.592,11061,278,7,100,False,1,car,0 days 00:58:38.051000,0 days 01:56:53.563000
2024-07-07 15:01:50.992,11203,282,7,100,False,1,car,0 days 00:58:38.451000,0 days 01:56:53.963000
2024-07-07 15:01:51.192,11269,284,7,100,False,1,car,0 days 00:58:38.651000,0 days 01:56:54.163000
2024-07-07 15:01:51.432,11389,286,7,100,False,1,car,0 days 00:58:38.891000,0 days 01:56:54.403000
2024-07-07 15:01:51.592,11397,286,7,100,False,1,car,0 days 00:58:39.051000,0 days 01:56:54.563000
2024-07-07 15:01:51.832,11415,288,7,100,False,1,car,0 days 00:58:39.291000,0 days 01:56:54.803000
2024-07-07 15:01:52.192,11528,291,7,100,False,1,car,0 days 00:58:39.651000,0 days 01:56:55.163000
2024-07-07 15:01:52.592,11612,293,7,100,False,1,car,0 days 00:58:40.051000,0 days 01:56:55.563000
2024-07-07 15:01:52.872,11697,296,7,100,False,1,car,0 days 00:58:40.331000,0 days 01:56:55.843000
2024-07-07 15:01:53.032,11273,296,7,100,False,1,car,0 days 00:58:40.491000,0 days 01:56:56.003000
2024-07-07 15:01:53.392,10458,298,7,100,False,1,car,0 days 00:58:40.851000,0 days 01:56:56.363000
2024-07-07 15:01:53.672,10538,299,8,100,False,1,car,0 days 00:58:41.131000,0 days 01:56:56.643000
2024-07-07 15:01:53.992,10622,301,8,100,False,1,car,0 days 00:58:41.451000,0 days 01:56:56.963000
2024-07-07 15:01:54.311,10482,293,8,100,True,1,car,0 days 00:58:41.770000,0 days 01:56:57.282000
2024-07-07 15:01:54.591,10186,271,8,0,True,1,car,0 days 00:58:42.050000,0 days 01:56:57.562000
2024-07-07 15:01:54.751,10006,263,7,0,True,1,car,0 days 00:58:42.210000,0 days 01:56:57.722000
2024-07-07 15:01:54.951,9811,254,7,0,True,1,car,0 days 00:58:42.410000,0 days 01:56:57.922000
2024-07-07 15:01:55.191,9642,243,7,0,False,1,car,0 days 00:58:42.650000,0 days 01:56:58.162000
2024-07-07 15:01:55.431,10624,238,7,0,False,1,car,0 days 00:58:42.890000,0 days 01:56:58.402000
2024-07-07 15:01:55.751,10233,231,6,0,False,1,car,0 days 00:58:43.210000,0 days 01:56:58.722000
2024-07-07 15:01:55.911,10058,224,6,0,False,1,car,0 days 00:58:43.370000,0 days 01:56:58.882000
2024-07-07 15:01:56.151,9823,222,6,16,False,1,car,0 days 00:58:43.610000,0 days 01:56:59.122000
2024-07-07 15:01:56.551,9781,214,6,62,False,1,car,0 days 00:58:44.010000,0 days 01:56:59.522000
2024-07-07 15:01:56.992,10041,217,6,86,False,1,car,0 days 00:58:44.451000,0 days 01:56:59.963000
2024-07-07 15:01:57.232,10204,223,6,100,False,1,car,0 days 00:58:44.691000,0 days 01:57:00.203000
2024-07-07 15:01:57.592,10463,231,6,100,False,1,car,0 days 00:58:45.051000,0 days 01:57:00.563000
2024-07-07 15:01:57.872,10670,236,6,100,False,1,car,0 days 00:58:45.331000,0 days 01:57:00.843000
2024-07-07 15:01:58.192,10938,240,6,100,False,1,car,0 days 00:58:45.651000,0 days 01:57:01.163000
2024-07-07 15:01:58.632,11289,249,6,100,False,1,car,0 days 00:58:46.091000,0 days 01:57:01.603000
2024-07-07 15:01:58.792,11399,251,6,100,False,1,car,0 days 00:58:46.251000,0 days 01:57:01.763000
2024-07-07 15:01:58.952,11549,252,6,100,False,1,car,0 days 00:58:46.411000,0 days 01:57:01.923000
2024-07-07 15:01:59.192,11583,257,6,100,False,1,car,0 days 00:58:46.651000,0 days 01:57:02.163000
2024-07-07 15:01:59.352,11163,259,6,100,False,1,car,0 days 00:58:46.811000,0 days 01:57:02.323000
2024-07-07 15:01:59.632,10358,262,7,100,False,1,car,0 days 00:58:47.091000,0 days 01:57:02.603000
2024-07-07 15:01:59.832,10568,265,7,100,False,1,car,0 days 00:58:47.291000,0 days 01:57:02.803000
2024-07-07 15:02:00.152,10687,268,7,100,False,1,car,0 days 00:58:47.611000,0 days 01:57:03.123000
2024-07-07 15:02:00.512,10858,273,7,100,False,1,car,0 days 00:58:47.971000,0 days 01:57:03.483000
2024-07-07 15:02:01.471,11181,284,7,100,False,1,car,0 days 00:58:48.930000,0 days 01:57:04.442000
2024-07-07 15:02:01.751,11298,284,7,100,False,1,car,0 days 00:58:49.210000,0 days 01:57:04.722000
2024-07-07 15:02:01.911,11344,286,7,100,False,1,car,0 days 00:58:49.370000,0 days 01:57:04.882000
2024-07-07 15:02:02.151,11373,286,7,100,False,1,car,0 days 00:58:49.610000,0 days 01:57:05.122000
2024-07-07 15:02:02.471,11451,289,7,100,False,1,car,0 days 00:58:49.930000,0 days 01:57:05.442000
2024-07-07 15:02:02.751,11507,290,7,100,False,1,car,0 days 00:58:50.210000,0 days 01:57:05.722000
2024-07-07 15:02:02.951,11530,292,7,100,False,1,car,0 days 00:58:50.410000,0 days 01:57:05.922000
2024-07-07 15:02:03.111,11571,292,7,100,False,1,car,0 days 00:58:50.570000,0 days 01:57:06.082000
2024-07-07 15:02:03.352,11623,293,7,100,False,1,car,0 days 00:58:50.811000,0 days 01:57:06.323000
2024-07-07 15:02:03.632,11372,293,7,20,True,1,car,0 days 00:58:51.091000,0 days 01:57:06.603000
2024-07-07 15:02:03.992,10592,266,7,0,True,1,car,0 days 00:58:51.451000,0 days 01:57:06.963000
2024-07-07 15:02:04.192,10096,260,7,0,True,1,car,0 days 00:58:51.651000,0 days 01:57:07.163000
2024-07-07 15:02:04.392,9709,249,7,0,True,1,car,0 days 00:58:51.851000,0 days 01:57:07.363000
2024-07-07 15:02:04.552,10829,246,7,0,False,1,car,0 days 00:58:52.011000,0 days 01:57:07.523000
2024-07-07 15:02:04.792,10702,238,6,32,False,1,car,0 days 00:58:52.251000,0 days 01:57:07.763000
2024-07-07 15:02:05.072,10375,230,6,49,False,1,car,0 days 00:58:52.531000,0 days 01:57:08.043000
2024-07-07 15:02:05.392,10411,227,6,64,False,1,car,0 days 00:58:52.851000,0 days 01:57:08.363000
2024-07-07 15:02:05.592,10442,229,6,85,False,1,car,0 days 00:58:53.051000,0 days 01:57:08.563000
2024-07-07 15:02:05.752,10530,231,6,100,False,1,car,0 days 00:58:53.211000,0 days 01:57:08.723000
2024-07-07 15:02:05.952,10723,232,6,100,False,1,car,0 days 00:58:53.411000,0 days 01:57:08.923000
2024-07-07 15:02:06.312,10919,240,6,100,False,1,car,0 days 00:58:53.771000,0 days 01:57:09.283000
2024-07-07 15:02:06.552,10574,236,6,0,True,1,car,0 days 00:58:54.011000,0 days 01:57:09.523000
2024-07-07 15:02:06.912,9963,224,6,0,True,1,car,0 days 00:58:54.371000,0 days 01:57:09.883000
2024-07-07 15:02:07.152,9823,219,6,0,False,1,car,0 days 00:58:54.611000,0 days 01:57:10.123000
2024-07-07 15:02:07.511,9543,211,6,29,False,1,car,0 days 00:58:54.970000,0 days 01:57:10.482000
2024-07-07 15:02:07.871,9321,204,6,50,False,1,car,0 days 00:58:55.330000,0 days 01:57:10.842000
2024-07-07 15:02:08.111,9305,204,6,52,False,1,car,0 days 00:58:55.570000,0 days 01:57:11.082000
2024-07-07 15:02:08.351,8866,205,6,0,True,1,car,0 days 00:58:55.810000,0 days 01:57:11.322000
2024-07-07 15:02:08.511,8616,199,6,0,True,1,car,0 days 00:58:55.970000,0 days 01:57:11.482000
2024-07-07 15:02:08.831,8954,181,5,0,True,1,car,0 days 00:58:56.290000,0 days 01:57:11.802000
2024-07-07 15:02:09.111,8677,171,5,0,True,1,car,0 days 00:58:56.570000,0 days 01:57:12.082000
2024-07-07 15:02:09.271,9237,165,5,0,True,1,car,0 days 00:58:56.730000,0 days 01:57:12.242000
2024-07-07 15:02:09.551,9740,162,4,0,False,1,car,0 days 00:58:57.010000,0 days 01:57:12.522000
2024-07-07 15:02:09.992,9417,154,4,7,False,1,car,0 days 00:58:57.451000,0 days 01:57:12.963000
2024-07-07 15:02:10.152,9546,153,4,39,False,1,car,0 days 00:58:57.611000,0 days 01:57:13.123000
2024-07-07 15:02:10.472,9662,152,4,53,False,1,car,0 days 00:58:57.931000,0 days 01:57:13.443000
2024-07-07 15:02:10.632,9855,155,4,57,False,1,car,0 days 00:58:58.091000,0 days 01:57:13.603000
2024-07-07 15:02:10.872,9971,156,4,64,False,1,car,0 days 00:58:58.331000,0 days 01:57:13.843000
2024-07-07 15:02:11.152,10382,161,4,73,False,1,car,0 days 00:58:58.611000,0 days 01:57:14.123000
2024-07-07 15:02:11.592,11116,171,4,92,False,1,car,0 days 00:58:59.051000,0 days 01:57:14.563000
2024-07-07 15:02:12.032,11316,190,4,100,False,1,car,0 days 00:58:59.491000,0 days 01:57:15.003000
2024-07-07 15:02:12.272,10531,196,5,100,False,1,car,0 days 00:58:59.731000,0 days 01:57:15.243000
2024-07-07 15:02:12.472,10756,199,5,100,False,1,car,0 days 00:58:59.931000,0 days 01:57:15.443000
2024-07-07 15:02:12.832,11409,212,5,100,False,1,car,0 days 00:59:00.291000,0 days 01:57:15.803000
2024-07-07 15:02:13.112,11816,221,5,100,False,1,car,0 days 00:59:00.571000,0 days 01:57:16.083000
2024-07-07 15:02:13.272,11874,227,5,100,False,1,car,0 days 00:59:00.731000,0 days 01:57:16.243000
2024-07-07 15:02:13.592,10576,230,6,100,False,1,car,0 days 00:59:01.051000,0 days 01:57:16.563000
2024-07-07 15:02:13.792,10756,235,6,100,False,1,car,0 days 00:59:01.251000,0 days 01:57:16.763000
2024-07-07 15:02:14.032,10975,239,6,100,False,1,car,0 days 00:59:01.491000,0 days 01:57:17.003000
2024-07-07 15:02:14.231,11089,243,6,100,False,1,car,0 days 00:59:01.690000,0 days 01:57:17.202000
2024-07-07 15:02:14.551,11352,248,6,100,False,1,car,0 days 00:59:02.010000,0 days 01:57:17.522000
2024-07-07 15:02:14.711,11497,251,6,100,False,1,car,0 days 00:59:02.170000,0 days 01:57:17.682000
2024-07-07 15:02:14.951,11633,253,6,100,False,1,car,0 days 00:59:02.410000,0 days 01:57:17.922000
2024-07-07 15:02:15.271,11170,259,6,100,False,1,car,0 days 00:59:02.730000,0 days 01:57:18.242000
2024-07-07 15:02:15.431,10373,262,6,100,False,1,car,0 days 00:59:02.890000,0 days 01:57:18.402000
2024-07-07 15:02:15.671,10554,264,7,100,False,1,car,0 days 00:59:03.130000,0 days 01:57:18.642000
2024-07-07 15:02:15.951,10665,268,7,100,False,1,car,0 days 00:59:03.410000,0 days 01:57:18.922000
2024-07-07 15:02:16.151,10745,270,7,100,False,1,car,0 days 00:59:03.610000,0 days 01:57:19.122000
2024-07-07 15:02:16.352,10854,271,7,100,False,1,car,0 days 00:59:03.811000,0 days 01:57:19.323000
2024-07-07 15:02:16.552,10942,273,7,100,False,1,car,0 days 00:59:04.011000,0 days 01:57:19.523000
2024-07-07 15:02:16.752,10996,276,7,100,False,1,car,0 days 00:59:04.211000,0 days 01:57:19.723000
2024-07-07 15:02:17.032,11107,278,7,100,False,1,car,0 days 00:59:04.491000,0 days 01:57:20.003000
2024-07-07 15:02:17.232,11145,279,7,100,False,1,car,0 days 00:59:04.691000,0 days 01:57:20.203000
2024-07-07 15:02:17.392,11175,282,7,100,False,1,car,0 days 00:59:04.851000,0 days 01:57:20.363000
2024-07-07 15:02:17.632,11277,283,7,100,False,1,car,0 days 00:59:05.091000,0 days 01:57:20.603000
2024-07-07 15:02:17.992,11338,286,7,100,False,1,car,0 days 00:59:05.451000,0 days 01:57:20.963000
2024-07-07 15:02:18.312,11425,288,7,100,False,1,car,0 days 00:59:05.771000,0 days 01:57:21.283000
2024-07-07 15:02:18.632,11482,289,7,100,False,1,car,0 days 00:59:06.091000,0 days 01:57:21.603000
2024-07-07 15:02:19.032,11540,291,7,100,False,1,car,0 days 00:59:06.491000,0 days 01:57:22.003000
2024-07-07 15:02:19.272,11540,293,7,100,False,1,car,0 days 00:59:06.731000,0 days 01:57:22.243000
2024-07-07 15:02:19.672,11645,295,7,100,False,1,car,0 days 00:59:07.131000,0 days 01:57:22.643000
2024-07-07 15:02:19.912,11671,295,7,100,False,1,car,0 days 00:59:07.371000,0 days 01:57:22.883000
2024-07-07 15:02:20.272,11716,296,7,100,False,1,car,0 days 00:59:07.731000,0 days 01:57:23.243000
2024-07-07 15:02:20.512,11792,297,7,100,False,1,car,0 days 00:59:07.971000,0 days 01:57:23.483000
2024-07-07 15:02:20.792,11759,297,7,100,False,1,car,0 days 00:59:08.251000,0 days 01:57:23.763000
2024-07-07 15:02:21.191,11818,297,7,100,False,1,car,0 days 00:59:08.650000,0 days 01:57:24.162000
2024-07-07 15:02:21.351,11833,297,7,100,False,1,car,0 days 00:59:08.810000,0 days 01:57:24.322000
2024-07-07 15:02:21.511,11822,299,7,100,False,1,car,0 days 00:59:08.970000,0 days 01:57:24.482000
2024-07-07 15:02:21.791,11862,299,7,100,False,1,car,0 days 00:59:09.250000,0 days 01:57:24.762000
2024-07-07 15:02:22.031,11886,300,7,100,False,1,car,0 days 00:59:09.490000,0 days 01:57:25.002000
2024-07-07 15:02:22.231,11925,301,7,100,False,1,car,0 days 00:59:09.690000,0 days 01:57:25.202000
2024-07-07 15:02:22.631,11054,285,7,0,True,1,car,0 days 00:59:10.090000,0 days 01:57:25.602000
2024-07-07 15:02:22.791,10399,268,7,0,True,1,car,0 days 00:59:10.250000,0 days 01:57:25.762000
2024-07-07 15:02:23.072,10277,241,7,0,True,1,car,0 days 00:59:10.531000,0 days 01:57:26.043000
2024-07-07 15:02:23.352,9638,226,6,0,True,1,car,0 days 00:59:10.811000,0 days 01:57:26.323000
2024-07-07 15:02:24.432,9302,181,5,7,False,1,car,0 days 00:59:11.891000,0 days 01:57:27.403000
2024-07-07 15:02:24.672,9420,176,5,27,False,1,car,0 days 00:59:12.131000,0 days 01:57:27.643000
2024-07-07 15:02:24.832,9186,176,5,38,False,1,car,0 days 00:59:12.291000,0 days 01:57:27.803000
2024-07-07 15:02:25.152,9126,172,5,51,False,1,car,0 days 00:59:12.611000,0 days 01:57:28.123000
2024-07-07 15:02:25.392,9156,172,5,55,False,1,car,0 days 00:59:12.851000,0 days 01:57:28.363000
2024-07-07 15:02:25.712,9343,174,5,63,False,1,car,0 days 00:59:13.171000,0 days 01:57:28.683000
2024-07-07 15:02:25.872,9447,176,5,70,False,1,car,0 days 00:59:13.331000,0 days 01:57:28.843000
2024-07-07 15:02:26.192,9735,181,5,80,False,1,car,0 days 00:59:13.651000,0 days 01:57:29.163000
2024-07-07 15:02:26.592,10184,188,5,83,False,1,car,0 days 00:59:14.051000,0 days 01:57:29.563000
2024-07-07 15:02:26.752,10420,191,5,89,False,1,car,0 days 00:59:14.211000,0 days 01:57:29.723000
2024-07-07 15:02:26.912,10623,196,5,87,False,1,car,0 days 00:59:14.371000,0 days 01:57:29.883000
2024-07-07 15:02:27.232,11112,204,5,100,False,1,car,0 days 00:59:14.691000,0 days 01:57:30.203000
2024-07-07 15:02:27.552,11349,212,5,100,False,1,car,0 days 00:59:15.011000,0 days 01:57:30.523000
2024-07-07 15:02:27.751,11580,216,5,100,False,1,car,0 days 00:59:15.210000,0 days 01:57:30.722000
2024-07-07 15:02:27.951,11160,223,5,100,False,1,car,0 days 00:59:15.410000,0 days 01:57:30.922000
2024-07-07 15:02:28.151,10453,226,6,100,False,1,car,0 days 00:59:15.610000,0 days 01:57:31.122000
2024-07-07 15:02:28.591,10832,237,6,100,False,1,car,0 days 00:59:16.050000,0 days 01:57:31.562000
2024-07-07 15:02:28.751,10964,240,6,100,False,1,car,0 days 00:59:16.210000,0 days 01:57:31.722000
2024-07-07 15:02:28.951,11150,244,6,100,False,1,car,0 days 00:59:16.410000,0 days 01:57:31.922000
2024-07-07 15:02:29.231,11391,249,6,100,False,1,car,0 days 00:59:16.690000,0 days 01:57:32.202000
2024-07-07 15:02:29.592,11591,255,6,100,False,1,car,0 days 00:59:17.051000,0 days 01:57:32.563000
2024-07-07 15:02:29.792,11691,255,6,100,False,1,car,0 days 00:59:17.251000,0 days 01:57:32.763000
2024-07-07 15:02:30.072,11878,262,6,100,False,1,car,0 days 00:59:17.531000,0 days 01:57:33.043000
2024-07-07 15:02:30.232,11878,263,6,100,False,1,car,0 days 00:59:17.691000,0 days 01:57:33.203000
2024-07-07 15:02:30.392,11892,265,6,100,False,1,car,0 days 00:59:17.851000,0 days 01:57:33.363000
2024-07-07 15:02:30.592,11894,264,6,65,False,1,car,0 days 00:59:18.051000,0 days 01:57:33.563000
2024-07-07 15:02:30.832,11134,261,6,0,True,1,car,0 days 00:59:18.291000,0 days 01:57:33.803000
2024-07-07 15:02:30.992,10251,232,6,0,True,1,car,0 days 00:59:18.451000,0 days 01:57:33.963000
2024-07-07 15:02:31.272,10259,202,6,0,True,1,car,0 days 00:59:18.731000,0 days 01:57:34.243000
2024-07-07 15:02:31.512,9114,182,5,0,True,1,car,0 days 00:59:18.971000,0 days 01:57:34.483000
2024-07-07 15:02:31.752,9546,168,5,0,True,1,car,0 days 00:59:19.211000,0 days 01:57:34.723000
2024-07-07 15:02:31.952,8875,155,4,0,True,1,car,0 days 00:59:19.411000,0 days 01:57:34.923000
2024-07-07 15:02:32.112,9520,142,4,0,True,1,car,0 days 00:59:19.571000,0 days 01:57:35.083000
2024-07-07 15:02:32.472,8248,121,3,0,True,1,car,0 days 00:59:19.931000,0 days 01:57:35.443000
2024-07-07 15:02:32.792,7699,113,3,0,True,1,car,0 days 00:59:20.251000,0 days 01:57:35.763000
2024-07-07 15:02:33.112,7057,100,3,0,True,1,car,0 days 00:59:20.571000,0 days 01:57:36.083000
2024-07-07 15:02:33.432,6766,96,3,0,True,1,car,0 days 00:59:20.891000,0 days 01:57:36.403000
2024-07-07 15:02:33.832,6511,91,3,0,False,1,car,0 days 00:59:21.291000,0 days 01:57:36.803000
2024-07-07 15:02:34.272,6453,88,3,9,False,1,car,0 days 00:59:21.731000,0 days 01:57:37.243000
2024-07-07 15:02:34.471,6661,87,3,20,False,1,car,0 days 00:59:21.930000,0 days 01:57:37.442000
2024-07-07 15:02:34.671,6719,88,3,23,False,1,car,0 days 00:59:22.130000,0 days 01:57:37.642000
2024-07-07 15:02:34.951,6833,90,3,32,False,1,car,0 days 00:59:22.410000,0 days 01:57:37.922000
2024-07-07 15:02:35.151,7107,92,3,34,False,1,car,0 days 00:59:22.610000,0 days 01:57:38.122000
2024-07-07 15:02:35.431,7265,96,3,35,False,1,car,0 days 00:59:22.890000,0 days 01:57:38.402000
2024-07-07 15:02:35.591,7441,100,3,34,False,1,car,0 days 00:59:23.050000,0 days 01:57:38.562000
2024-07-07 15:02:35.831,7216,100,3,0,False,1,car,0 days 00:59:23.290000,0 days 01:57:38.802000
2024-07-07 15:02:36.072,7044,96,3,0,False,1,car,0 days 00:59:23.531000,0 days 01:57:39.043000
2024-07-07 15:02:36.232,7122,95,3,15,False,1,car,0 days 00:59:23.691000,0 days 01:57:39.203000
2024-07-07 15:02:36.472,7121,96,3,19,False,1,car,0 days 00:59:23.931000,0 days 01:57:39.443000
2024-07-07 15:02:36.712,7304,96,3,19,False,1,car,0 days 00:59:24.171000,0 days 01:57:39.683000
2024-07-07 15:02:37.072,7677,99,3,41,False,1,car,0 days 00:59:24.531000,0 days 01:57:40.043000
2024-07-07 15:02:37.272,7967,103,3,45,False,1,car,0 days 00:59:24.731000,0 days 01:57:40.243000
2024-07-07 15:02:37.672,8603,111,3,52,False,1,car,0 days 00:59:25.131000,0 days 01:57:40.643000
2024-07-07 15:02:37.992,9000,118,3,57,False,1,car,0 days 00:59:25.451000,0 days 01:57:40.963000
2024-07-07 15:02:38.232,8136,123,4,61,False,1,car,0 days 00:59:25.691000,0 days 01:57:41.203000
2024-07-07 15:02:38.512,8490,132,4,65,False,1,car,0 days 00:59:25.971000,0 days 01:57:41.483000
2024-07-07 15:02:38.672,8834,137,4,68,False,1,car,0 days 00:59:26.131000,0 days 01:57:41.643000
2024-07-07 15:02:38.912,9375,143,4,72,False,1,car,0 days 00:59:26.371000,0 days 01:57:41.883000
2024-07-07 15:02:39.272,9872,155,4,76,False,1,car,0 days 00:59:26.731000,0 days 01:57:42.243000
2024-07-07 15:02:39.432,10289,158,4,77,False,1,car,0 days 00:59:26.891000,0 days 01:57:42.403000
2024-07-07 15:02:39.712,9029,167,4,76,False,1,car,0 days 00:59:27.171000,0 days 01:57:42.683000
2024-07-07 15:02:39.992,9376,174,5,79,False,1,car,0 days 00:59:27.451000,0 days 01:57:42.963000
2024-07-07 15:02:40.272,9830,183,5,87,False,1,car,0 days 00:59:27.731000,0 days 01:57:43.243000
2024-07-07 15:02:40.592,10318,193,5,91,False,1,car,0 days 00:59:28.051000,0 days 01:57:43.563000
2024-07-07 15:02:40.752,10606,196,5,86,False,1,car,0 days 00:59:28.211000,0 days 01:57:43.723000
2024-07-07 15:02:40.912,10803,200,5,87,False,1,car,0 days 00:59:28.371000,0 days 01:57:43.883000
2024-07-07 15:02:41.231,11238,208,5,100,False,1,car,0 days 00:59:28.690000,0 days 01:57:44.202000
2024-07-07 15:02:41.551,11561,214,5,100,False,1,car,0 days 00:59:29.010000,0 days 01:57:44.522000
2024-07-07 15:02:41.751,11722,217,5,100,False,1,car,0 days 00:59:29.210000,0 days 01:57:44.722000
2024-07-07 15:02:41.951,10602,223,5,100,False,1,car,0 days 00:59:29.410000,0 days 01:57:44.922000
2024-07-07 15:02:42.151,10629,225,6,100,False,1,car,0 days 00:59:29.610000,0 days 01:57:45.122000
2024-07-07 15:02:42.311,10750,233,6,100,False,1,car,0 days 00:59:29.770000,0 days 01:57:45.282000
2024-07-07 15:02:42.631,11061,237,6,100,False,1,car,0 days 00:59:30.090000,0 days 01:57:45.602000
2024-07-07 15:02:42.992,11236,247,6,100,False,1,car,0 days 00:59:30.451000,0 days 01:57:45.963000
2024-07-07 15:02:43.272,11469,253,6,100,False,1,car,0 days 00:59:30.731000,0 days 01:57:46.243000
2024-07-07 15:02:43.672,11726,259,6,100,False,1,car,0 days 00:59:31.131000,0 days 01:57:46.643000
2024-07-07 15:02:43.872,10466,262,6,100,False,1,car,0 days 00:59:31.331000,0 days 01:57:46.843000
2024-07-07 15:02:44.032,10561,263,7,100,False,1,car,0 days 00:59:31.491000,0 days 01:57:47.003000
2024-07-07 15:02:44.312,10706,267,7,100,False,1,car,0 days 00:59:31.771000,0 days 01:57:47.283000
2024-07-07 15:02:44.672,10800,273,7,100,False,1,car,0 days 00:59:32.131000,0 days 01:57:47.643000
2024-07-07 15:02:44.872,10891,273,7,100,False,1,car,0 days 00:59:32.331000,0 days 01:57:47.843000
2024-07-07 15:02:45.112,11049,276,7,100,False,1,car,0 days 00:59:32.571000,0 days 01:57:48.083000
2024-07-07 15:02:45.352,11102,278,7,100,False,1,car,0 days 00:59:32.811000,0 days 01:57:48.323000
2024-07-07 15:02:45.752,11249,283,7,100,False,1,car,0 days 00:59:33.211000,0 days 01:57:48.723000
2024-07-07 15:02:46.032,11319,285,7,100,False,1,car,0 days 00:59:33.491000,0 days 01:57:49.003000
2024-07-07 15:02:46.352,11450,287,7,100,False,1,car,0 days 00:59:33.811000,0 days 01:57:49.323000
2024-07-07 15:02:46.512,11455,289,7,100,False,1,car,0 days 00:59:33.971000,0 days 01:57:49.483000
2024-07-07 15:02:46.672,11469,290,7,100,False,1,car,0 days 00:59:34.131000,0 days 01:57:49.643000
2024-07-07 15:02:46.992,10970,291,7,21,False,1,car,0 days 00:59:34.451000,0 days 01:57:49.963000
2024-07-07 15:02:47.352,10594,275,7,0,True,1,car,0 days 00:59:34.811000,0 days 01:57:50.323000
2024-07-07 15:02:47.552,10629,271,7,5,False,1,car,0 days 00:59:35.011000,0 days 01:57:50.523000
2024-07-07 15:02:47.792,11633,259,6,19,False,1,car,0 days 00:59:35.251000,0 days 01:57:50.763000
2024-07-07 15:02:48.031,11490,252,6,65,False,1,car,0 days 00:59:35.490000,0 days 01:57:51.002000
2024-07-07 15:02:48.271,11229,251,6,61,False,1,car,0 days 00:59:35.730000,0 days 01:57:51.242000
2024-07-07 15:02:48.471,11623,250,6,83,False,1,car,0 days 00:59:35.930000,0 days 01:57:51.442000
2024-07-07 15:02:48.831,11506,250,6,100,False,1,car,0 days 00:59:36.290000,0 days 01:57:51.802000
2024-07-07 15:02:49.111,11683,255,6,100,False,1,car,0 days 00:59:36.570000,0 days 01:57:52.082000
2024-07-07 15:02:49.272,11665,256,6,100,False,1,car,0 days 00:59:36.731000,0 days 01:57:52.243000
2024-07-07 15:02:49.512,11610,258,6,100,False,1,car,0 days 00:59:36.971000,0 days 01:57:52.483000
2024-07-07 15:02:49.792,10596,262,6,100,False,1,car,0 days 00:59:37.251000,0 days 01:57:52.763000
2024-07-07 15:02:50.232,10722,268,7,100,False,1,car,0 days 00:59:37.691000,0 days 01:57:53.203000
2024-07-07 15:02:50.712,10886,274,7,92,False,1,car,0 days 00:59:38.171000,0 days 01:57:53.683000
2024-07-07 15:02:50.992,10914,274,7,86,False,1,car,0 days 00:59:38.451000,0 days 01:57:53.963000
2024-07-07 15:02:51.152,10984,275,7,87,False,1,car,0 days 00:59:38.611000,0 days 01:57:54.123000
2024-07-07 15:02:51.392,11026,274,7,100,False,1,car,0 days 00:59:38.851000,0 days 01:57:54.363000
2024-07-07 15:02:51.672,10970,277,7,100,False,1,car,0 days 00:59:39.131000,0 days 01:57:54.643000
2024-07-07 15:02:51.872,10966,276,7,100,False,1,car,0 days 00:59:39.331000,0 days 01:57:54.843000
2024-07-07 15:02:52.152,10964,276,7,100,False,1,car,0 days 00:59:39.611000,0 days 01:57:55.123000
2024-07-07 15:02:52.312,10844,275,7,100,False,1,car,0 days 00:59:39.771000,0 days 01:57:55.283000
2024-07-07 15:02:52.512,10937,276,7,100,False,1,car,0 days 00:59:39.971000,0 days 01:57:55.483000
2024-07-07 15:02:52.672,10897,275,7,100,False,1,car,0 days 00:59:40.131000,0 days 01:57:55.643000
2024-07-07 15:02:52.912,10730,273,7,100,True,1,car,0 days 00:59:40.371000,0 days 01:57:55.883000
2024-07-07 15:02:53.072,10092,256,7,0,True,1,car,0 days 00:59:40.531000,0 days 01:57:56.043000
2024-07-07 15:02:53.512,9185,214,7,0,True,1,car,0 days 00:59:40.971000,0 days 01:57:56.483000
2024-07-07 15:02:53.672,9598,197,6,0,True,1,car,0 days 00:59:41.131000,0 days 01:57:56.643000
2024-07-07 15:02:53.952,8878,179,5,0,True,1,car,0 days 00:59:41.411000,0 days 01:57:56.923000
2024-07-07 15:02:54.232,8949,157,4,0,True,1,car,0 days 00:59:41.691000,0 days 01:57:57.203000
2024-07-07 15:02:54.591,9349,135,4,0,True,1,car,0 days 00:59:42.050000,0 days 01:57:57.562000
2024-07-07 15:02:54.751,8705,130,3,0,True,1,car,0 days 00:59:42.210000,0 days 01:57:57.722000
2024-07-07 15:02:55.031,8107,119,3,0,True,1,car,0 days 00:59:42.490000,0 days 01:57:58.002000
2024-07-07 15:02:55.231,7596,115,3,0,True,1,car,0 days 00:59:42.690000,0 days 01:57:58.202000
2024-07-07 15:02:55.391,7452,106,3,0,True,1,car,0 days 00:59:42.850000,0 days 01:57:58.362000
2024-07-07 15:02:55.671,7285,99,3,0,False,1,car,0 days 00:59:43.130000,0 days 01:57:58.642000
2024-07-07 15:02:55.872,6988,98,3,0,False,1,car,0 days 00:59:43.331000,0 days 01:57:58.843000
2024-07-07 15:02:56.112,6711,93,3,0,True,1,car,0 days 00:59:43.571000,0 days 01:57:59.083000
2024-07-07 15:02:56.312,6528,90,3,0,False,1,car,0 days 00:59:43.771000,0 days 01:57:59.283000
2024-07-07 15:02:56.592,6420,88,3,3,False,1,car,0 days 00:59:44.051000,0 days 01:57:59.563000
2024-07-07 15:02:56.792,6534,87,3,16,False,1,car,0 days 00:59:44.251000,0 days 01:57:59.763000
2024-07-07 15:02:57.112,6896,89,3,24,False,1,car,0 days 00:59:44.571000,0 days 01:58:00.083000
2024-07-07 15:02:57.272,6868,90,3,25,False,1,car,0 days 00:59:44.731000,0 days 01:58:00.243000
2024-07-07 15:02:57.592,7227,93,3,35,False,1,car,0 days 00:59:45.051000,0 days 01:58:00.563000
2024-07-07 15:02:58.552,8380,107,3,53,False,1,car,0 days 00:59:46.011000,0 days 01:58:01.523000
2024-07-07 15:02:58.952,9159,117,3,59,False,1,car,0 days 00:59:46.411000,0 days 01:58:01.923000
2024-07-07 15:02:59.352,8115,120,3,0,True,1,car,0 days 00:59:46.811000,0 days 01:58:02.323000
2024-07-07 15:02:59.592,7401,107,3,0,True,1,car,0 days 00:59:47.051000,0 days 01:58:02.563000
2024-07-07 15:02:59.912,8178,97,3,0,True,1,car,0 days 00:59:47.371000,0 days 01:58:02.883000
2024-07-07 15:03:00.152,7739,95,2,0,True,1,car,0 days 00:59:47.611000,0 days 01:58:03.123000
2024-07-07 15:03:00.592,7235,85,2,0,False,1,car,0 days 00:59:48.051000,0 days 01:58:03.563000
2024-07-07 15:03:00.832,7135,82,2,0,False,1,car,0 days 00:59:48.291000,0 days 01:58:03.803000
2024-07-07 15:03:01.032,6952,80,2,3,False,1,car,0 days 00:59:48.491000,0 days 01:58:04.003000
2024-07-07 15:03:01.192,6536,79,2,0,False,1,car,0 days 00:59:48.651000,0 days 01:58:04.163000
2024-07-07 15:03:01.471,6605,76,2,0,False,1,car,0 days 00:59:48.930000,0 days 01:58:04.442000
2024-07-07 15:03:01.751,6474,75,2,2,False,1,car,0 days 00:59:49.210000,0 days 01:58:04.722000
2024-07-07 15:03:02.031,6495,73,2,11,False,1,car,0 days 00:59:49.490000,0 days 01:58:05.002000
2024-07-07 15:03:02.351,6724,75,2,18,False,1,car,0 days 00:59:49.810000,0 days 01:58:05.322000
2024-07-07 15:03:02.632,7207,77,2,31,False,1,car,0 days 00:59:50.091000,0 days 01:58:05.603000
2024-07-07 15:03:02.872,7610,81,2,39,False,1,car,0 days 00:59:50.331000,0 days 01:58:05.843000
2024-07-07 15:03:03.072,7999,84,2,43,False,1,car,0 days 00:59:50.531000,0 days 01:58:06.043000
2024-07-07 15:03:03.272,8525,89,2,50,False,1,car,0 days 00:59:50.731000,0 days 01:58:06.243000
2024-07-07 15:03:03.512,7871,95,2,51,False,1,car,0 days 00:59:50.971000,0 days 01:58:06.483000
2024-07-07 15:03:03.712,8161,99,3,54,False,1,car,0 days 00:59:51.171000,0 days 01:58:06.683000
2024-07-07 15:03:04.112,8976,112,3,62,False,1,car,0 days 00:59:51.571000,0 days 01:58:07.083000
2024-07-07 15:03:04.472,9873,125,3,70,False,1,car,0 days 00:59:51.931000,0 days 01:58:07.443000
2024-07-07 15:03:04.672,10293,132,3,74,False,1,car,0 days 00:59:52.131000,0 days 01:58:07.643000
2024-07-07 15:03:05.152,9771,147,4,84,False,1,car,0 days 00:59:52.611000,0 days 01:58:08.123000
2024-07-07 15:03:05.392,10278,159,4,88,False,1,car,0 days 00:59:52.851000,0 days 01:58:08.363000
2024-07-07 15:03:05.632,10958,159,4,90,False,1,car,0 days 00:59:53.091000,0 days 01:58:08.603000
2024-07-07 15:03:05.832,11238,175,4,91,False,1,car,0 days 00:59:53.291000,0 days 01:58:08.803000
2024-07-07 15:03:06.032,10401,182,4,100,False,1,car,0 days 00:59:53.491000,0 days 01:58:09.003000
2024-07-07 15:03:06.352,10497,192,5,100,False,1,car,0 days 00:59:53.811000,0 days 01:58:09.323000
2024-07-07 15:03:06.512,10788,199,5,100,False,1,car,0 days 00:59:53.971000,0 days 01:58:09.483000
2024-07-07 15:03:06.752,11121,201,5,100,False,1,car,0 days 00:59:54.211000,0 days 01:58:09.723000
2024-07-07 15:03:06.912,11371,210,5,100,False,1,car,0 days 00:59:54.371000,0 days 01:58:09.883000
2024-07-07 15:03:07.112,11304,215,5,100,False,1,car,0 days 00:59:54.571000,0 days 01:58:10.083000
2024-07-07 15:03:07.392,10110,222,5,100,False,1,car,0 days 00:59:54.851000,0 days 01:58:10.363000
2024-07-07 15:03:07.592,10422,225,6,100,False,1,car,0 days 00:59:55.051000,0 days 01:58:10.563000
2024-07-07 15:03:07.832,10568,229,6,100,False,1,car,0 days 00:59:55.291000,0 days 01:58:10.803000
2024-07-07 15:03:08.271,10893,238,6,100,False,1,car,0 days 00:59:55.730000,0 days 01:58:11.242000
2024-07-07 15:03:08.671,11225,246,6,100,False,1,car,0 days 00:59:56.130000,0 days 01:58:11.642000
2024-07-07 15:03:08.871,11314,247,6,100,False,1,car,0 days 00:59:56.330000,0 days 01:58:11.842000
2024-07-07 15:03:09.072,11448,252,6,100,False,1,car,0 days 00:59:56.531000,0 days 01:58:12.043000
2024-07-07 15:03:09.312,11656,255,6,100,False,1,car,0 days 00:59:56.771000,0 days 01:58:12.283000
2024-07-07 15:03:09.512,11671,258,6,100,False,1,car,0 days 00:59:56.971000,0 days 01:58:12.483000
2024-07-07 15:03:09.792,10348,263,6,100,False,1,car,0 days 00:59:57.251000,0 days 01:58:12.763000
2024-07-07 15:03:10.072,10570,265,7,100,False,1,car,0 days 00:59:57.531000,0 days 01:58:13.043000
2024-07-07 15:03:10.312,10694,268,7,100,False,1,car,0 days 00:59:57.771000,0 days 01:58:13.283000
2024-07-07 15:03:10.752,10849,274,7,100,False,1,car,0 days 00:59:58.211000,0 days 01:58:13.723000
2024-07-07 15:03:10.952,10914,275,7,100,False,1,car,0 days 00:59:58.411000,0 days 01:58:13.923000
2024-07-07 15:03:11.112,10951,276,7,100,False,1,car,0 days 00:59:58.571000,0 days 01:58:14.083000
2024-07-07 15:03:11.312,11052,277,7,100,False,1,car,0 days 00:59:58.771000,0 days 01:58:14.283000
2024-07-07 15:03:11.672,11096,281,7,100,False,1,car,0 days 00:59:59.131000,0 days 01:58:14.643000
2024-07-07 15:03:11.952,11236,282,7,100,False,1,car,0 days 00:59:59.411000,0 days 01:58:14.923000
2024-07-07 15:03:12.352,11320,286,7,100,False,1,car,0 days 00:59:59.811000,0 days 01:58:15.323000
2024-07-07 15:03:12.832,11445,288,7,100,False,1,car,0 days 01:00:00.291000,0 days 01:58:15.803000
2024-07-07 15:03:13.192,11511,290,7,100,False,1,car,0 days 01:00:00.651000,0 days 01:58:16.163000
2024-07-07 15:03:13.472,11548,291,7,100,False,1,car,0 days 01:00:00.931000,0 days 01:58:16.443000
2024-07-07 15:03:13.872,11556,292,7,100,False,1,car,0 days 01:00:01.331000,0 days 01:58:16.843000
2024-07-07 15:03:14.232,11431,291,7,100,False,1,car,0 days 01:00:01.691000,0 days 01:58:17.203000
2024-07-07 15:03:14.472,11397,290,7,100,False,1,car,0 days 01:00:01.931000,0 days 01:58:17.443000
2024-07-07 15:03:14.751,11313,287,7,100,False,1,car,0 days 01:00:02.210000,0 days 01:58:17.722000
2024-07-07 15:03:14.991,11258,285,7,100,False,1,car,0 days 01:00:02.450000,0 days 01:58:17.962000
2024-07-07 15:03:15.351,9846,264,7,0,True,1,car,0 days 01:00:02.810000,0 days 01:58:18.322000
2024-07-07 15:03:15.672,10026,227,7,0,True,1,car,0 days 01:00:03.131000,0 days 01:58:18.643000
2024-07-07 15:03:15.952,9061,213,6,0,True,1,car,0 days 01:00:03.411000,0 days 01:58:18.923000
2024-07-07 15:03:16.312,9362,188,6,0,True,1,car,0 days 01:00:03.771000,0 days 01:58:19.283000
2024-07-07 15:03:16.752,9845,167,5,0,True,1,car,0 days 01:00:04.211000,0 days 01:58:19.723000
2024-07-07 15:03:17.152,9010,153,4,0,True,1,car,0 days 01:00:04.611000,0 days 01:58:20.123000
2024-07-07 15:03:17.512,8391,144,4,0,True,1,car,0 days 01:00:04.971000,0 days 01:58:20.483000
2024-07-07 15:03:17.792,8210,134,4,0,True,1,car,0 days 01:00:05.251000,0 days 01:58:20.763000
2024-07-07 15:03:18.152,7799,129,4,0,False,1,car,0 days 01:00:05.611000,0 days 01:58:21.123000
2024-07-07 15:03:18.312,7716,126,4,0,False,1,car,0 days 01:00:05.771000,0 days 01:58:21.283000
2024-07-07 15:03:18.552,7603,123,4,9,False,1,car,0 days 01:00:06.011000,0 days 01:58:21.523000
2024-07-07 15:03:18.712,7676,121,4,18,False,1,car,0 days 01:00:06.171000,0 days 01:58:21.683000
2024-07-07 15:03:19.032,7732,121,4,37,False,1,car,0 days 01:00:06.491000,0 days 01:58:22.003000
2024-07-07 15:03:19.432,8084,124,4,51,False,1,car,0 days 01:00:06.891000,0 days 01:58:22.403000
2024-07-07 15:03:19.592,8181,127,4,51,False,1,car,0 days 01:00:07.051000,0 days 01:58:22.563000
2024-07-07 15:03:19.832,8436,130,4,54,False,1,car,0 days 01:00:07.291000,0 days 01:58:22.803000
2024-07-07 15:03:20.112,8673,135,4,57,False,1,car,0 days 01:00:07.571000,0 days 01:58:23.083000
2024-07-07 15:03:20.312,8678,139,4,52,False,1,car,0 days 01:00:07.771000,0 days 01:58:23.283000
2024-07-07 15:03:20.592,7817,133,4,0,True,1,car,0 days 01:00:08.051000,0 days 01:58:23.563000
2024-07-07 15:03:20.792,8738,124,4,0,True,1,car,0 days 01:00:08.251000,0 days 01:58:23.763000
2024-07-07 15:03:21.032,7863,115,3,0,True,1,car,0 days 01:00:08.491000,0 days 01:58:24.003000
2024-07-07 15:03:21.272,7489,106,3,0,True,1,car,0 days 01:00:08.731000,0 days 01:58:24.243000
2024-07-07 15:03:21.591,6909,98,3,0,True,1,car,0 days 01:00:09.050000,0 days 01:58:24.562000
2024-07-07 15:03:21.911,6580,91,3,0,True,1,car,0 days 01:00:09.370000,0 days 01:58:24.882000
2024-07-07 15:03:22.071,6580,88,3,0,True,1,car,0 days 01:00:09.530000,0 days 01:58:25.042000
2024-07-07 15:03:22.272,7038,84,3,0,True,1,car,0 days 01:00:09.731000,0 days 01:58:25.243000
2024-07-07 15:03:22.472,6795,81,3,0,True,1,car,0 days 01:00:09.931000,0 days 01:58:25.443000
2024-07-07 15:03:22.632,6535,79,2,0,True,1,car,0 days 01:00:10.091000,0 days 01:58:25.603000
2024-07-07 15:03:22.952,6723,76,2,14,False,1,car,0 days 01:00:10.411000,0 days 01:58:25.923000
2024-07-07 15:03:23.152,6880,76,2,19,False,1,car,0 days 01:00:10.611000,0 days 01:58:26.123000
2024-07-07 15:03:23.392,7111,79,2,23,False,1,car,0 days 01:00:10.851000,0 days 01:58:26.363000
2024-07-07 15:03:23.592,7292,81,2,25,False,1,car,0 days 01:00:11.051000,0 days 01:58:26.563000
2024-07-07 15:03:23.832,7598,83,2,29,False,1,car,0 days 01:00:11.291000,0 days 01:58:26.803000
2024-07-07 15:03:24.112,7825,86,2,30,False,1,car,0 days 01:00:11.571000,0 days 01:58:27.083000
2024-07-07 15:03:24.432,6995,90,2,29,False,1,car,0 days 01:00:11.891000,0 days 01:58:27.403000
2024-07-07 15:03:24.672,7106,93,3,28,False,1,car,0 days 01:00:12.131000,0 days 01:58:27.643000
2024-07-07 15:03:24.872,7232,95,3,29,False,1,car,0 days 01:00:12.331000,0 days 01:58:27.843000
2024-07-07 15:03:25.352,7782,100,3,45,False,1,car,0 days 01:00:12.811000,0 days 01:58:28.323000
2024-07-07 15:03:25.592,8048,105,3,48,False,1,car,0 days 01:00:13.051000,0 days 01:58:28.563000
2024-07-07 15:03:25.832,8488,109,3,49,False,1,car,0 days 01:00:13.291000,0 days 01:58:28.803000
2024-07-07 15:03:26.032,8699,110,3,47,False,1,car,0 days 01:00:13.491000,0 days 01:58:29.003000
2024-07-07 15:03:26.232,8876,115,3,48,False,1,car,0 days 01:00:13.691000,0 days 01:58:29.203000
2024-07-07 15:03:26.392,9015,119,3,48,False,1,car,0 days 01:00:13.851000,0 days 01:58:29.363000
2024-07-07 15:03:26.632,9344,120,3,52,False,1,car,0 days 01:00:14.091000,0 days 01:58:29.603000
2024-07-07 15:03:26.872,9715,127,3,55,False,1,car,0 days 01:00:14.331000,0 days 01:58:29.843000
2024-07-07 15:03:27.152,10311,131,3,67,False,1,car,0 days 01:00:14.611000,0 days 01:58:30.123000
2024-07-07 15:03:27.432,10840,138,3,77,False,1,car,0 days 01:00:14.891000,0 days 01:58:30.403000
2024-07-07 15:03:27.792,10211,150,3,78,False,1,car,0 days 01:00:15.251000,0 days 01:58:30.763000
2024-07-07 15:03:28.072,10751,161,4,91,False,1,car,0 days 01:00:15.531000,0 days 01:58:31.043000
2024-07-07 15:03:28.311,10952,169,4,93,False,1,car,0 days 01:00:15.770000,0 days 01:58:31.282000
2024-07-07 15:03:28.511,11092,176,4,89,False,1,car,0 days 01:00:15.970000,0 days 01:58:31.482000
2024-07-07 15:03:28.712,10812,181,4,100,False,1,car,0 days 01:00:16.171000,0 days 01:58:31.683000
2024-07-07 15:03:28.872,10572,192,5,100,False,1,car,0 days 01:00:16.331000,0 days 01:58:31.843000
2024-07-07 15:03:29.232,10951,202,5,100,False,1,car,0 days 01:00:16.691000,0 days 01:58:32.203000
2024-07-07 15:03:29.432,11259,208,5,100,False,1,car,0 days 01:00:16.891000,0 days 01:58:32.403000
2024-07-07 15:03:29.712,11291,218,5,100,False,1,car,0 days 01:00:17.171000,0 days 01:58:32.683000
2024-07-07 15:03:29.992,10229,224,6,100,False,1,car,0 days 01:00:17.451000,0 days 01:58:32.963000
2024-07-07 15:03:30.152,10526,227,6,100,False,1,car,0 days 01:00:17.611000,0 days 01:58:33.123000
2024-07-07 15:03:30.432,10816,231,6,100,False,1,car,0 days 01:00:17.891000,0 days 01:58:33.403000
2024-07-07 15:03:30.672,10923,240,6,100,False,1,car,0 days 01:00:18.131000,0 days 01:58:33.643000
2024-07-07 15:03:30.912,11262,244,6,100,False,1,car,0 days 01:00:18.371000,0 days 01:58:33.883000
2024-07-07 15:03:31.152,11387,250,6,100,False,1,car,0 days 01:00:18.611000,0 days 01:58:34.123000
2024-07-07 15:03:31.432,11608,255,6,100,False,1,car,0 days 01:00:18.891000,0 days 01:58:34.403000
2024-07-07 15:03:31.592,10908,257,6,100,False,1,car,0 days 01:00:19.051000,0 days 01:58:34.563000
2024-07-07 15:03:31.752,10452,258,6,100,False,1,car,0 days 01:00:19.211000,0 days 01:58:34.723000
2024-07-07 15:03:32.112,10592,264,7,100,False,1,car,0 days 01:00:19.571000,0 days 01:58:35.083000
2024-07-07 15:03:32.472,10810,269,7,100,False,1,car,0 days 01:00:19.931000,0 days 01:58:35.443000
2024-07-07 15:03:32.752,10869,271,7,100,False,1,car,0 days 01:00:20.211000,0 days 01:58:35.723000
2024-07-07 15:03:33.032,11006,275,7,100,False,1,car,0 days 01:00:20.491000,0 days 01:58:36.003000
2024-07-07 15:03:33.312,11106,278,7,100,False,1,car,0 days 01:00:20.771000,0 days 01:58:36.283000
2024-07-07 15:03:33.712,11261,282,7,100,False,1,car,0 days 01:00:21.171000,0 days 01:58:36.683000
2024-07-07 15:03:33.872,11300,284,7,100,False,1,car,0 days 01:00:21.331000,0 days 01:58:36.843000
2024-07-07 15:03:34.352,11477,288,7,100,False,1,car,0 days 01:00:21.811000,0 days 01:58:37.323000
2024-07-07 15:03:34.552,11506,289,7,100,False,1,car,0 days 01:00:22.011000,0 days 01:58:37.523000
2024-07-07 15:03:34.752,11538,291,7,100,False,1,car,0 days 01:00:22.211000,0 days 01:58:37.723000
2024-07-07 15:03:34.951,11588,291,7,100,False,1,car,0 days 01:00:22.410000,0 days 01:58:37.922000
2024-07-07 15:03:35.352,11700,294,7,100,False,1,car,0 days 01:00:22.811000,0 days 01:58:38.323000
2024-07-07 15:03:35.672,10379,297,8,100,False,1,car,0 days 01:00:23.131000,0 days 01:58:38.643000
2024-07-07 15:03:35.832,10417,297,8,100,False,1,car,0 days 01:00:23.291000,0 days 01:58:38.803000
2024-07-07 15:03:36.032,10393,298,8,100,False,1,car,0 days 01:00:23.491000,0 days 01:58:39.003000
2024-07-07 15:03:36.392,10383,297,8,100,False,1,car,0 days 01:00:23.851000,0 days 01:58:39.363000
2024-07-07 15:03:36.632,10324,295,8,100,False,1,car,0 days 01:00:24.091000,0 days 01:58:39.603000
2024-07-07 15:03:36.912,10286,294,8,100,False,1,car,0 days 01:00:24.371000,0 days 01:58:39.883000
2024-07-07 15:03:37.312,9891,282,8,0,True,1,car,0 days 01:00:24.771000,0 days 01:58:40.283000
2024-07-07 15:03:37.512,9621,264,8,0,True,1,car,0 days 01:00:24.971000,0 days 01:58:40.483000
2024-07-07 15:03:37.992,9961,238,7,0,True,1,car,0 days 01:00:25.451000,0 days 01:58:40.963000
2024-07-07 15:03:38.152,10064,230,6,0,False,1,car,0 days 01:00:25.611000,0 days 01:58:41.123000
2024-07-07 15:03:38.432,9893,223,6,46,False,1,car,0 days 01:00:25.891000,0 days 01:58:41.403000
2024-07-07 15:03:38.792,9918,219,6,51,False,1,car,0 days 01:00:26.251000,0 days 01:58:41.763000
2024-07-07 15:03:39.152,9884,218,6,63,False,1,car,0 days 01:00:26.611000,0 days 01:58:42.123000
2024-07-07 15:03:39.352,9968,218,6,70,False,1,car,0 days 01:00:26.811000,0 days 01:58:42.323000
2024-07-07 15:03:39.512,9943,217,6,70,False,1,car,0 days 01:00:26.971000,0 days 01:58:42.483000
2024-07-07 15:03:39.872,10185,220,6,87,False,1,car,0 days 01:00:27.331000,0 days 01:58:42.843000
2024-07-07 15:03:40.032,10223,222,6,85,False,1,car,0 days 01:00:27.491000,0 days 01:58:43.003000
2024-07-07 15:03:40.312,10480,227,6,100,False,1,car,0 days 01:00:27.771000,0 days 01:58:43.283000
2024-07-07 15:03:40.552,10693,230,6,100,False,1,car,0 days 01:00:28.011000,0 days 01:58:43.523000
2024-07-07 15:03:40.792,10846,236,6,100,False,1,car,0 days 01:00:28.251000,0 days 01:58:43.763000
2024-07-07 15:03:41.032,11125,240,6,100,False,1,car,0 days 01:00:28.491000,0 days 01:58:44.003000
2024-07-07 15:03:41.232,11222,243,6,100,False,1,car,0 days 01:00:28.691000,0 days 01:58:44.203000
2024-07-07 15:03:41.671,11480,251,6,100,False,1,car,0 days 01:00:29.130000,0 days 01:58:44.642000
2024-07-07 15:03:41.912,11645,255,6,100,False,1,car,0 days 01:00:29.371000,0 days 01:58:44.883000
2024-07-07 15:03:42.112,11645,258,6,100,False,1,car,0 days 01:00:29.571000,0 days 01:58:45.083000
2024-07-07 15:03:42.312,11867,259,6,100,False,1,car,0 days 01:00:29.771000,0 days 01:58:45.283000
2024-07-07 15:03:42.512,11027,262,6,100,False,1,car,0 days 01:00:29.971000,0 days 01:58:45.483000
2024-07-07 15:03:42.952,10739,267,7,100,False,1,car,0 days 01:00:30.411000,0 days 01:58:45.923000
2024-07-07 15:03:43.112,10795,270,7,100,False,1,car,0 days 01:00:30.571000,0 days 01:58:46.083000
2024-07-07 15:03:43.312,10895,273,7,100,False,1,car,0 days 01:00:30.771000,0 days 01:58:46.283000
2024-07-07 15:03:43.472,10930,275,7,100,False,1,car,0 days 01:00:30.931000,0 days 01:58:46.443000
2024-07-07 15:03:43.712,10998,276,7,100,False,1,car,0 days 01:00:31.171000,0 days 01:58:46.683000
2024-07-07 15:03:43.952,11063,278,7,100,False,1,car,0 days 01:00:31.411000,0 days 01:58:46.923000
2024-07-07 15:03:44.192,11116,282,7,100,False,1,car,0 days 01:00:31.651000,0 days 01:58:47.163000
2024-07-07 15:03:44.512,11324,284,7,100,False,1,car,0 days 01:00:31.971000,0 days 01:58:47.483000
2024-07-07 15:03:44.712,11387,285,7,100,False,1,car,0 days 01:00:32.171000,0 days 01:58:47.683000
2024-07-07 15:03:44.872,11359,287,7,100,False,1,car,0 days 01:00:32.331000,0 days 01:58:47.843000
2024-07-07 15:03:45.232,11483,290,7,100,False,1,car,0 days 01:00:32.691000,0 days 01:58:48.203000
2024-07-07 15:03:45.592,11530,292,7,100,False,1,car,0 days 01:00:33.051000,0 days 01:58:48.563000
2024-07-07 15:03:45.832,11578,292,7,100,False,1,car,0 days 01:00:33.291000,0 days 01:58:48.803000
2024-07-07 15:03:46.112,11649,293,7,100,False,1,car,0 days 01:00:33.571000,0 days 01:58:49.083000
2024-07-07 15:03:46.352,11664,293,7,100,False,1,car,0 days 01:00:33.811000,0 days 01:58:49.323000
2024-07-07 15:03:46.632,11188,290,7,0,True,1,car,0 days 01:00:34.091000,0 days 01:58:49.603000
2024-07-07 15:03:47.032,10106,266,7,0,True,1,car,0 days 01:00:34.491000,0 days 01:58:50.003000
2024-07-07 15:03:47.272,10084,245,7,0,True,1,car,0 days 01:00:34.731000,0 days 01:58:50.243000
2024-07-07 15:03:47.712,10390,231,6,21,False,1,car,0 days 01:00:35.171000,0 days 01:58:50.683000
2024-07-07 15:03:48.112,10029,223,6,45,False,1,car,0 days 01:00:35.571000,0 days 01:58:51.083000
2024-07-07 15:03:48.432,10145,224,6,87,False,1,car,0 days 01:00:35.891000,0 days 01:58:51.403000
2024-07-07 15:03:48.592,10276,225,6,87,False,1,car,0 days 01:00:36.051000,0 days 01:58:51.563000
2024-07-07 15:03:48.792,10309,227,6,88,False,1,car,0 days 01:00:36.251000,0 days 01:58:51.763000
2024-07-07 15:03:49.152,10574,232,6,94,False,1,car,0 days 01:00:36.611000,0 days 01:58:52.123000
2024-07-07 15:03:49.592,10472,233,6,0,True,1,car,0 days 01:00:37.051000,0 days 01:58:52.563000
2024-07-07 15:03:49.992,10127,223,6,0,False,1,car,0 days 01:00:37.451000,0 days 01:58:52.963000
2024-07-07 15:03:50.312,9677,215,6,0,True,1,car,0 days 01:00:37.771000,0 days 01:58:53.283000
2024-07-07 15:03:50.512,9530,211,6,9,False,1,car,0 days 01:00:37.971000,0 days 01:58:53.483000
2024-07-07 15:03:50.792,9376,206,6,38,False,1,car,0 days 01:00:38.251000,0 days 01:58:53.763000
2024-07-07 15:03:51.232,9110,201,6,44,False,1,car,0 days 01:00:38.691000,0 days 01:58:54.203000
2024-07-07 15:03:51.472,8455,198,6,0,True,1,car,0 days 01:00:38.931000,0 days 01:58:54.443000
2024-07-07 15:03:51.672,9393,189,6,0,True,1,car,0 days 01:00:39.131000,0 days 01:58:54.643000
2024-07-07 15:03:51.992,9160,178,5,0,True,1,car,0 days 01:00:39.451000,0 days 01:58:54.963000
2024-07-07 15:03:52.272,8984,172,5,0,False,1,car,0 days 01:00:39.731000,0 days 01:58:55.243000
2024-07-07 15:03:52.472,8848,169,5,5,False,1,car,0 days 01:00:39.931000,0 days 01:58:55.443000
2024-07-07 15:03:52.712,8873,166,5,30,False,1,car,0 days 01:00:40.171000,0 days 01:58:55.683000
2024-07-07 15:03:53.072,8805,163,5,56,False,1,car,0 days 01:00:40.531000,0 days 01:58:56.043000
2024-07-07 15:03:53.232,8855,163,5,62,False,1,car,0 days 01:00:40.691000,0 days 01:58:56.203000
2024-07-07 15:03:53.472,8980,166,5,65,False,1,car,0 days 01:00:40.931000,0 days 01:58:56.443000
2024-07-07 15:03:53.832,9446,170,5,82,False,1,car,0 days 01:00:41.291000,0 days 01:58:56.803000
2024-07-07 15:03:54.072,9446,179,5,82,False,1,car,0 days 01:00:41.531000,0 days 01:58:57.043000
2024-07-07 15:03:54.272,9821,183,5,85,False,1,car,0 days 01:00:41.731000,0 days 01:58:57.243000
2024-07-07 15:03:54.512,10360,186,5,93,False,1,car,0 days 01:00:41.971000,0 days 01:58:57.483000
2024-07-07 15:03:54.792,10620,198,5,100,False,1,car,0 days 01:00:42.251000,0 days 01:58:57.763000
2024-07-07 15:03:55.032,11047,204,5,100,False,1,car,0 days 01:00:42.491000,0 days 01:58:58.003000
2024-07-07 15:03:55.352,11418,212,5,100,False,1,car,0 days 01:00:42.811000,0 days 01:58:58.323000
2024-07-07 15:03:55.752,11508,224,5,100,False,1,car,0 days 01:00:43.211000,0 days 01:58:58.723000
2024-07-07 15:03:55.952,10551,226,5,100,False,1,car,0 days 01:00:43.411000,0 days 01:58:58.923000
2024-07-07 15:03:56.112,10705,232,6,100,False,1,car,0 days 01:00:43.571000,0 days 01:58:59.083000
2024-07-07 15:03:56.352,10882,236,6,100,False,1,car,0 days 01:00:43.811000,0 days 01:58:59.323000
2024-07-07 15:03:56.752,11168,243,6,100,False,1,car,0 days 01:00:44.211000,0 days 01:58:59.723000
2024-07-07 15:03:56.912,11260,247,6,100,False,1,car,0 days 01:00:44.371000,0 days 01:58:59.883000
2024-07-07 15:03:57.112,11378,249,6,100,False,1,car,0 days 01:00:44.571000,0 days 01:59:00.083000
2024-07-07 15:03:57.352,11549,253,6,100,False,1,car,0 days 01:00:44.811000,0 days 01:59:00.323000
2024-07-07 15:03:57.552,11659,255,6,100,False,1,car,0 days 01:00:45.011000,0 days 01:59:00.523000
2024-07-07 15:03:57.712,10819,258,6,100,False,1,car,0 days 01:00:45.171000,0 days 01:59:00.683000
2024-07-07 15:03:57.912,10368,260,6,100,False,1,car,0 days 01:00:45.371000,0 days 01:59:00.883000
2024-07-07 15:03:58.152,10400,264,7,100,False,1,car,0 days 01:00:45.611000,0 days 01:59:01.123000
2024-07-07 15:03:58.512,10645,269,7,100,False,1,car,0 days 01:00:45.971000,0 days 01:59:01.483000
2024-07-07 15:03:58.832,10846,273,7,100,False,1,car,0 days 01:00:46.291000,0 days 01:59:01.803000
2024-07-07 15:03:59.192,10929,277,7,100,False,1,car,0 days 01:00:46.651000,0 days 01:59:02.163000
2024-07-07 15:03:59.472,11109,280,7,100,False,1,car,0 days 01:00:46.931000,0 days 01:59:02.443000
2024-07-07 15:03:59.632,11109,280,7,100,False,1,car,0 days 01:00:47.091000,0 days 01:59:02.603000
2024-07-07 15:04:00.032,11308,284,7,100,False,1,car,0 days 01:00:47.491000,0 days 01:59:03.003000
2024-07-07 15:04:00.392,11364,286,7,100,False,1,car,0 days 01:00:47.851000,0 days 01:59:03.363000
2024-07-07 15:04:00.672,11438,288,7,100,False,1,car,0 days 01:00:48.131000,0 days 01:59:03.643000
2024-07-07 15:04:01.072,11504,291,7,100,False,1,car,0 days 01:00:48.531000,0 days 01:59:04.043000
2024-07-07 15:04:01.432,11604,292,7,100,False,1,car,0 days 01:00:48.891000,0 days 01:59:04.403000
2024-07-07 15:04:01.712,11617,294,7,100,False,1,car,0 days 01:00:49.171000,0 days 01:59:04.683000
2024-07-07 15:04:02.032,11666,295,7,100,False,1,car,0 days 01:00:49.491000,0 days 01:59:05.003000
2024-07-07 15:04:02.192,11106,296,7,100,False,1,car,0 days 01:00:49.651000,0 days 01:59:05.163000
2024-07-07 15:04:02.512,10479,297,7,100,False,1,car,0 days 01:00:49.971000,0 days 01:59:05.483000
2024-07-07 15:04:02.752,10519,297,8,100,False,1,car,0 days 01:00:50.211000,0 days 01:59:05.723000
2024-07-07 15:04:03.072,10528,298,8,100,False,1,car,0 days 01:00:50.531000,0 days 01:59:06.043000
2024-07-07 15:04:03.312,10542,300,8,100,False,1,car,0 days 01:00:50.771000,0 days 01:59:06.283000
2024-07-07 15:04:03.472,10516,299,8,100,False,1,car,0 days 01:00:50.931000,0 days 01:59:06.443000
2024-07-07 15:04:03.672,10551,300,8,100,False,1,car,0 days 01:00:51.131000,0 days 01:59:06.643000
2024-07-07 15:04:03.832,10492,299,8,100,False,1,car,0 days 01:00:51.291000,0 days 01:59:06.803000
2024-07-07 15:04:04.072,10423,297,8,100,False,1,car,0 days 01:00:51.531000,0 days 01:59:07.043000
2024-07-07 15:04:04.352,10333,296,8,100,False,1,car,0 days 01:00:51.811000,0 days 01:59:07.323000
2024-07-07 15:04:04.632,10299,293,8,100,False,1,car,0 days 01:00:52.091000,0 days 01:59:07.603000
2024-07-07 15:04:04.992,10173,290,8,100,False,1,car,0 days 01:00:52.451000,0 days 01:59:07.963000
2024-07-07 15:04:05.272,9827,285,8,0,True,1,car,0 days 01:00:52.731000,0 days 01:59:08.243000
2024-07-07 15:04:05.512,9491,271,8,0,True,1,car,0 days 01:00:52.971000,0 days 01:59:08.483000
2024-07-07 15:04:05.672,9435,255,8,0,True,1,car,0 days 01:00:53.131000,0 days 01:59:08.643000
2024-07-07 15:04:05.912,9270,244,8,0,True,1,car,0 days 01:00:53.371000,0 days 01:59:08.883000
2024-07-07 15:04:06.192,9930,220,7,0,True,1,car,0 days 01:00:53.651000,0 days 01:59:09.163000
2024-07-07 15:04:06.472,9286,205,6,0,True,1,car,0 days 01:00:53.931000,0 days 01:59:09.443000
2024-07-07 15:04:06.792,9633,194,6,0,True,1,car,0 days 01:00:54.251000,0 days 01:59:09.763000
2024-07-07 15:04:07.032,9648,189,5,0,False,1,car,0 days 01:00:54.491000,0 days 01:59:10.003000
2024-07-07 15:04:07.192,9572,186,5,0,False,1,car,0 days 01:00:54.651000,0 days 01:59:10.163000
2024-07-07 15:04:07.432,9572,180,5,0,False,1,car,0 days 01:00:54.891000,0 days 01:59:10.403000
2024-07-07 15:04:07.832,9178,173,5,44,False,1,car,0 days 01:00:55.291000,0 days 01:59:10.803000
2024-07-07 15:04:08.153,9151,172,5,57,False,1,car,0 days 01:00:55.612000,0 days 01:59:11.124000
2024-07-07 15:04:08.393,9300,173,5,64,False,1,car,0 days 01:00:55.852000,0 days 01:59:11.364000
2024-07-07 15:04:08.552,9423,175,5,65,False,1,car,0 days 01:00:56.011000,0 days 01:59:11.523000
2024-07-07 15:04:08.912,9694,179,5,75,False,1,car,0 days 01:00:56.371000,0 days 01:59:11.883000
2024-07-07 15:04:09.072,9860,183,5,80,False,1,car,0 days 01:00:56.531000,0 days 01:59:12.043000
2024-07-07 15:04:09.272,10114,187,5,87,False,1,car,0 days 01:00:56.731000,0 days 01:59:12.243000
2024-07-07 15:04:09.712,10662,197,5,87,False,1,car,0 days 01:00:57.171000,0 days 01:59:12.683000
2024-07-07 15:04:09.912,10814,202,5,88,False,1,car,0 days 01:00:57.371000,0 days 01:59:12.883000
2024-07-07 15:04:10.072,10975,205,5,87,False,1,car,0 days 01:00:57.531000,0 days 01:59:13.043000
2024-07-07 15:04:10.352,11332,211,5,100,False,1,car,0 days 01:00:57.811000,0 days 01:59:13.323000
2024-07-07 15:04:10.672,11130,221,5,100,False,1,car,0 days 01:00:58.131000,0 days 01:59:13.643000
2024-07-07 15:04:11.032,10508,229,6,100,False,1,car,0 days 01:00:58.491000,0 days 01:59:14.003000
2024-07-07 15:04:11.232,10734,234,6,100,False,1,car,0 days 01:00:58.691000,0 days 01:59:14.203000
2024-07-07 15:04:11.552,11003,241,6,100,False,1,car,0 days 01:00:59.011000,0 days 01:59:14.523000
2024-07-07 15:04:11.752,11047,244,6,100,False,1,car,0 days 01:00:59.211000,0 days 01:59:14.723000
2024-07-07 15:04:11.952,11235,246,6,100,False,1,car,0 days 01:00:59.411000,0 days 01:59:14.923000
2024-07-07 15:04:12.152,11237,250,6,100,False,1,car,0 days 01:00:59.611000,0 days 01:59:15.123000
2024-07-07 15:04:12.472,11341,252,6,100,False,1,car,0 days 01:00:59.931000,0 days 01:59:15.443000
2024-07-07 15:04:12.792,11356,251,6,100,False,1,car,0 days 01:01:00.251000,0 days 01:59:15.763000
2024-07-07 15:04:13.152,11372,252,6,100,False,1,car,0 days 01:01:00.611000,0 days 01:59:16.123000
2024-07-07 15:04:13.592,11070,242,6,0,True,1,car,0 days 01:01:01.051000,0 days 01:59:16.563000
2024-07-07 15:04:13.792,9715,219,6,0,True,1,car,0 days 01:01:01.251000,0 days 01:59:16.763000
2024-07-07 15:04:14.072,9830,193,6,0,True,1,car,0 days 01:01:01.531000,0 days 01:59:17.043000
2024-07-07 15:04:14.272,9039,176,5,0,True,1,car,0 days 01:01:01.731000,0 days 01:59:17.243000
2024-07-07 15:04:14.512,9610,169,5,0,True,1,car,0 days 01:01:01.971000,0 days 01:59:17.483000
2024-07-07 15:04:14.833,8557,150,4,0,True,1,car,0 days 01:01:02.292000,0 days 01:59:17.804000
2024-07-07 15:04:14.993,9117,132,4,0,True,1,car,0 days 01:01:02.452000,0 days 01:59:17.964000
2024-07-07 15:04:15.232,8410,122,3,0,True,1,car,0 days 01:01:02.691000,0 days 01:59:18.203000
2024-07-07 15:04:15.552,7653,111,3,0,True,1,car,0 days 01:01:03.011000,0 days 01:59:18.523000
2024-07-07 15:04:15.872,7131,100,3,0,True,1,car,0 days 01:01:03.331000,0 days 01:59:18.843000
2024-07-07 15:04:16.232,6817,95,3,0,False,1,car,0 days 01:01:03.691000,0 days 01:59:19.203000
2024-07-07 15:04:16.432,6758,94,3,0,False,1,car,0 days 01:01:03.891000,0 days 01:59:19.403000
2024-07-07 15:04:16.712,6538,90,3,0,False,1,car,0 days 01:01:04.171000,0 days 01:59:19.683000
2024-07-07 15:04:17.432,6799,90,3,32,False,1,car,0 days 01:01:04.891000,0 days 01:59:20.403000
2024-07-07 15:04:17.712,6989,93,3,35,False,1,car,0 days 01:01:05.171000,0 days 01:59:20.683000
2024-07-07 15:04:17.872,7358,96,3,38,False,1,car,0 days 01:01:05.331000,0 days 01:59:20.843000
2024-07-07 15:04:18.072,7455,98,3,37,False,1,car,0 days 01:01:05.531000,0 days 01:59:21.043000
2024-07-07 15:04:18.392,6989,102,3,0,False,1,car,0 days 01:01:05.851000,0 days 01:59:21.363000
2024-07-07 15:04:18.632,7322,98,3,7,False,1,car,0 days 01:01:06.091000,0 days 01:59:21.603000
2024-07-07 15:04:18.832,7209,97,3,10,False,1,car,0 days 01:01:06.291000,0 days 01:59:21.803000
2024-07-07 15:04:18.992,7297,96,3,10,False,1,car,0 days 01:01:06.451000,0 days 01:59:21.963000
2024-07-07 15:04:19.352,7306,96,3,16,False,1,car,0 days 01:01:06.811000,0 days 01:59:22.323000
2024-07-07 15:04:19.512,7036,96,3,17,False,1,car,0 days 01:01:06.971000,0 days 01:59:22.483000
2024-07-07 15:04:19.992,7787,101,3,41,False,1,car,0 days 01:01:07.451000,0 days 01:59:22.963000
2024-07-07 15:04:20.152,7859,101,3,42,False,1,car,0 days 01:01:07.611000,0 days 01:59:23.123000
2024-07-07 15:04:20.392,8407,108,3,51,False,1,car,0 days 01:01:07.851000,0 days 01:59:23.363000
2024-07-07 15:04:20.752,8995,113,3,57,False,1,car,0 days 01:01:08.211000,0 days 01:59:23.723000
2024-07-07 15:04:21.032,9290,122,3,61,False,1,car,0 days 01:01:08.491000,0 days 01:59:24.003000
2024-07-07 15:04:21.272,8512,131,4,68,False,1,car,0 days 01:01:08.731000,0 days 01:59:24.243000
2024-07-07 15:04:21.673,9235,143,4,74,False,1,car,0 days 01:01:09.132000,0 days 01:59:24.644000
2024-07-07 15:04:21.912,9588,149,4,74,False,1,car,0 days 01:01:09.371000,0 days 01:59:24.883000
2024-07-07 15:04:22.272,10297,160,4,75,False,1,car,0 days 01:01:09.731000,0 days 01:59:25.243000
2024-07-07 15:04:22.432,10587,163,4,76,False,1,car,0 days 01:01:09.891000,0 days 01:59:25.403000
2024-07-07 15:04:22.632,10580,168,4,75,False,1,car,0 days 01:01:10.091000,0 days 01:59:25.603000
2024-07-07 15:04:22.872,9362,175,5,78,False,1,car,0 days 01:01:10.331000,0 days 01:59:25.843000
2024-07-07 15:04:23.072,9785,181,5,84,False,1,car,0 days 01:01:10.531000,0 days 01:59:26.043000
2024-07-07 15:04:23.272,10019,186,5,84,False,1,car,0 days 01:01:10.731000,0 days 01:59:26.243000
2024-07-07 15:04:23.592,10353,193,5,81,False,1,car,0 days 01:01:11.051000,0 days 01:59:26.563000
2024-07-07 15:04:23.752,10353,194,5,81,False,1,car,0 days 01:01:11.211000,0 days 01:59:26.723000
2024-07-07 15:04:24.112,10814,203,5,85,False,1,car,0 days 01:01:11.571000,0 days 01:59:27.083000
2024-07-07 15:04:24.312,11115,207,5,91,False,1,car,0 days 01:01:11.771000,0 days 01:59:27.283000
2024-07-07 15:04:24.752,11699,214,5,100,False,1,car,0 days 01:01:12.211000,0 days 01:59:27.723000
2024-07-07 15:04:25.032,10586,224,5,100,False,1,car,0 days 01:01:12.491000,0 days 01:59:28.003000
2024-07-07 15:04:25.232,10534,229,6,100,False,1,car,0 days 01:01:12.691000,0 days 01:59:28.203000
2024-07-07 15:04:25.512,10699,236,6,100,False,1,car,0 days 01:01:12.971000,0 days 01:59:28.483000
2024-07-07 15:04:25.752,11065,238,6,100,False,1,car,0 days 01:01:13.211000,0 days 01:59:28.723000
2024-07-07 15:04:25.912,11108,245,6,100,False,1,car,0 days 01:01:13.371000,0 days 01:59:28.883000
2024-07-07 15:04:26.192,11342,250,6,100,False,1,car,0 days 01:01:13.651000,0 days 01:59:29.163000
2024-07-07 15:04:26.512,11596,254,6,100,False,1,car,0 days 01:01:13.971000,0 days 01:59:29.483000
2024-07-07 15:04:27.032,10781,262,7,100,False,1,car,0 days 01:01:14.491000,0 days 01:59:30.003000
2024-07-07 15:04:27.272,10583,266,7,100,False,1,car,0 days 01:01:14.731000,0 days 01:59:30.243000
2024-07-07 15:04:27.512,10723,268,7,100,False,1,car,0 days 01:01:14.971000,0 days 01:59:30.483000
2024-07-07 15:04:27.712,10819,272,7,100,False,1,car,0 days 01:01:15.171000,0 days 01:59:30.683000
2024-07-07 15:04:27.872,10901,274,7,100,False,1,car,0 days 01:01:15.331000,0 days 01:59:30.843000
2024-07-07 15:04:28.153,10998,275,7,100,False,1,car,0 days 01:01:15.612000,0 days 01:59:31.124000
2024-07-07 15:04:28.393,11040,279,7,100,False,1,car,0 days 01:01:15.852000,0 days 01:59:31.364000
2024-07-07 15:04:28.553,11135,279,7,100,False,1,car,0 days 01:01:16.012000,0 days 01:59:31.524000
2024-07-07 15:04:29.032,11277,284,7,100,False,1,car,0 days 01:01:16.491000,0 days 01:59:32.003000
2024-07-07 15:04:29.192,11277,286,7,100,False,1,car,0 days 01:01:16.651000,0 days 01:59:32.163000
2024-07-07 15:04:29.432,11429,286,7,92,False,1,car,0 days 01:01:16.891000,0 days 01:59:32.403000
2024-07-07 15:04:29.592,11455,287,7,94,False,1,car,0 days 01:01:17.051000,0 days 01:59:32.563000
2024-07-07 15:04:29.872,11421,288,7,82,False,1,car,0 days 01:01:17.331000,0 days 01:59:32.843000
2024-07-07 15:04:30.152,11088,287,7,10,True,1,car,0 days 01:01:17.611000,0 days 01:59:33.123000
2024-07-07 15:04:30.392,10680,277,7,0,True,1,car,0 days 01:01:17.851000,0 days 01:59:33.363000
2024-07-07 15:04:30.832,12007,264,7,0,False,1,car,0 days 01:01:18.291000,0 days 01:59:33.803000
2024-07-07 15:04:30.992,11722,256,7,0,False,1,car,0 days 01:01:18.451000,0 days 01:59:33.963000
2024-07-07 15:04:31.272,11285,249,6,44,False,1,car,0 days 01:01:18.731000,0 days 01:59:34.243000
2024-07-07 15:04:31.632,11092,244,6,71,False,1,car,0 days 01:01:19.091000,0 days 01:59:34.603000
2024-07-07 15:04:31.792,11034,244,6,76,False,1,car,0 days 01:01:19.251000,0 days 01:59:34.763000
2024-07-07 15:04:31.992,11186,245,6,83,False,1,car,0 days 01:01:19.451000,0 days 01:59:34.963000
2024-07-07 15:04:32.312,11287,248,6,91,False,1,car,0 days 01:01:19.771000,0 days 01:59:35.283000
2024-07-07 15:04:32.512,11403,249,6,100,False,1,car,0 days 01:01:19.971000,0 days 01:59:35.483000
2024-07-07 15:04:32.672,11453,252,6,100,False,1,car,0 days 01:01:20.131000,0 days 01:59:35.643000
2024-07-07 15:04:32.832,11616,254,6,100,False,1,car,0 days 01:01:20.291000,0 days 01:59:35.803000
2024-07-07 15:04:33.032,11670,258,6,100,False,1,car,0 days 01:01:20.491000,0 days 01:59:36.003000
2024-07-07 15:04:33.352,10483,262,7,89,False,1,car,0 days 01:01:20.811000,0 days 01:59:36.323000
2024-07-07 15:04:33.592,10524,264,7,84,False,1,car,0 days 01:01:21.051000,0 days 01:59:36.563000
2024-07-07 15:04:33.752,10549,265,7,80,False,1,car,0 days 01:01:21.211000,0 days 01:59:36.723000
2024-07-07 15:04:34.192,10564,264,7,79,False,1,car,0 days 01:01:21.651000,0 days 01:59:37.163000
2024-07-07 15:04:34.513,10646,266,7,86,False,1,car,0 days 01:01:21.972000,0 days 01:59:37.484000
2024-07-07 15:04:34.713,10648,266,7,86,False,1,car,0 days 01:01:22.172000,0 days 01:59:37.684000
2024-07-07 15:04:34.953,10545,268,7,99,False,1,car,0 days 01:01:22.412000,0 days 01:59:37.924000
2024-07-07 15:04:35.193,10730,269,7,100,False,1,car,0 days 01:01:22.652000,0 days 01:59:38.164000
2024-07-07 15:04:35.352,10750,269,7,100,False,1,car,0 days 01:01:22.811000,0 days 01:59:38.323000
2024-07-07 15:04:35.672,10757,270,7,100,False,1,car,0 days 01:01:23.131000,0 days 01:59:38.643000
2024-07-07 15:04:35.872,10063,267,7,0,True,1,car,0 days 01:01:23.331000,0 days 01:59:38.843000
2024-07-07 15:04:36.032,9890,267,7,0,True,1,car,0 days 01:01:23.491000,0 days 01:59:39.003000
2024-07-07 15:04:36.192,9152,237,7,0,True,1,car,0 days 01:01:23.651000,0 days 01:59:39.163000
2024-07-07 15:04:36.432,9323,217,7,0,True,1,car,0 days 01:01:23.891000,0 days 01:59:39.403000
2024-07-07 15:04:36.632,8880,200,6,0,True,1,car,0 days 01:01:24.091000,0 days 01:59:39.603000
2024-07-07 15:04:37.032,9467,176,5,0,True,1,car,0 days 01:01:24.491000,0 days 01:59:40.003000
2024-07-07 15:04:37.192,9075,154,5,0,True,1,car,0 days 01:01:24.651000,0 days 01:59:40.163000
2024-07-07 15:04:37.512,8985,139,4,0,True,1,car,0 days 01:01:24.971000,0 days 01:59:40.483000
2024-07-07 15:04:37.792,8712,125,3,0,True,1,car,0 days 01:01:25.251000,0 days 01:59:40.763000
2024-07-07 15:04:38.152,8204,116,3,0,True,1,car,0 days 01:01:25.611000,0 days 01:59:41.123000
2024-07-07 15:04:38.392,7701,108,3,0,True,1,car,0 days 01:01:25.851000,0 days 01:59:41.363000
2024-07-07 15:04:38.672,7432,103,3,0,False,1,car,0 days 01:01:26.131000,0 days 01:59:41.643000
2024-07-07 15:04:38.872,7291,101,3,0,False,1,car,0 days 01:01:26.331000,0 days 01:59:41.843000
2024-07-07 15:04:39.192,7153,97,3,0,False,1,car,0 days 01:01:26.651000,0 days 01:59:42.163000
2024-07-07 15:04:39.432,6945,97,3,4,False,1,car,0 days 01:01:26.891000,0 days 01:59:42.403000
2024-07-07 15:04:39.792,7209,93,3,23,False,1,car,0 days 01:01:27.251000,0 days 01:59:42.763000
2024-07-07 15:04:40.072,7288,94,3,29,False,1,car,0 days 01:01:27.531000,0 days 01:59:43.043000
2024-07-07 15:04:40.352,7648,95,3,37,False,1,car,0 days 01:01:27.811000,0 days 01:59:43.323000
2024-07-07 15:04:40.552,7912,97,3,38,False,1,car,0 days 01:01:28.011000,0 days 01:59:43.523000
2024-07-07 15:04:40.752,8095,99,3,40,False,1,car,0 days 01:01:28.211000,0 days 01:59:43.723000
2024-07-07 15:04:41.113,8138,104,3,46,False,1,car,0 days 01:01:28.572000,0 days 01:59:44.084000
2024-07-07 15:04:41.433,8578,110,3,54,False,1,car,0 days 01:01:28.892000,0 days 01:59:44.404000
2024-07-07 15:04:41.673,9072,115,3,59,False,1,car,0 days 01:01:29.132000,0 days 01:59:44.644000
2024-07-07 15:04:41.953,9100,123,3,0,True,1,car,0 days 01:01:29.412000,0 days 01:59:44.924000
2024-07-07 15:04:42.152,8175,121,3,0,True,1,car,0 days 01:01:29.611000,0 days 01:59:45.123000
2024-07-07 15:04:42.352,7573,112,3,0,True,1,car,0 days 01:01:29.811000,0 days 01:59:45.323000
2024-07-07 15:04:42.672,8454,99,3,0,True,1,car,0 days 01:01:30.131000,0 days 01:59:45.643000
2024-07-07 15:04:42.832,8152,97,2,0,True,1,car,0 days 01:01:30.291000,0 days 01:59:45.803000
2024-07-07 15:04:43.112,7725,90,2,0,True,1,car,0 days 01:01:30.571000,0 days 01:59:46.083000
2024-07-07 15:04:43.352,7389,88,2,0,True,1,car,0 days 01:01:30.811000,0 days 01:59:46.323000
2024-07-07 15:04:43.632,7101,83,2,0,False,1,car,0 days 01:01:31.091000,0 days 01:59:46.603000
2024-07-07 15:04:43.912,6830,80,2,0,False,1,car,0 days 01:01:31.371000,0 days 01:59:46.883000
2024-07-07 15:04:44.272,6625,76,2,2,False,1,car,0 days 01:01:31.731000,0 days 01:59:47.243000
2024-07-07 15:04:44.512,6759,76,2,9,False,1,car,0 days 01:01:31.971000,0 days 01:59:47.483000
2024-07-07 15:04:44.672,6646,75,2,14,False,1,car,0 days 01:01:32.131000,0 days 01:59:47.643000
2024-07-07 15:04:44.912,6954,77,2,18,False,1,car,0 days 01:01:32.371000,0 days 01:59:47.883000
2024-07-07 15:04:45.112,7114,78,2,21,False,1,car,0 days 01:01:32.571000,0 days 01:59:48.083000
2024-07-07 15:04:45.312,7303,80,2,23,False,1,car,0 days 01:01:32.771000,0 days 01:59:48.283000
2024-07-07 15:04:45.592,7615,83,2,32,False,1,car,0 days 01:01:33.051000,0 days 01:59:48.563000
2024-07-07 15:04:45.872,8107,88,2,40,False,1,car,0 days 01:01:33.331000,0 days 01:59:48.843000
2024-07-07 15:04:46.152,8563,92,2,41,False,1,car,0 days 01:01:33.611000,0 days 01:59:49.123000
2024-07-07 15:04:46.592,7901,101,3,48,False,1,car,0 days 01:01:34.051000,0 days 01:59:49.563000
2024-07-07 15:04:46.912,8493,108,3,55,False,1,car,0 days 01:01:34.371000,0 days 01:59:49.883000
2024-07-07 15:04:47.112,9142,110,3,62,False,1,car,0 days 01:01:34.571000,0 days 01:59:50.083000
2024-07-07 15:04:47.352,10117,119,3,69,False,1,car,0 days 01:01:34.811000,0 days 01:59:50.323000
2024-07-07 15:04:47.512,10311,126,3,69,False,1,car,0 days 01:01:34.971000,0 days 01:59:50.483000
2024-07-07 15:04:47.793,9139,137,3,76,False,1,car,0 days 01:01:35.252000,0 days 01:59:50.764000
2024-07-07 15:04:48.073,9807,149,4,86,False,1,car,0 days 01:01:35.532000,0 days 01:59:51.044000
2024-07-07 15:04:48.273,10299,157,4,88,False,1,car,0 days 01:01:35.732000,0 days 01:59:51.244000
2024-07-07 15:04:48.513,10738,165,4,86,False,1,car,0 days 01:01:35.972000,0 days 01:59:51.484000
2024-07-07 15:04:48.673,11017,172,4,83,False,1,car,0 days 01:01:36.132000,0 days 01:59:51.644000
2024-07-07 15:04:48.872,9897,179,4,83,False,1,car,0 days 01:01:36.331000,0 days 01:59:51.843000
2024-07-07 15:04:49.192,10134,186,5,89,False,1,car,0 days 01:01:36.651000,0 days 01:59:52.163000
2024-07-07 15:04:49.512,10505,192,5,89,False,1,car,0 days 01:01:36.971000,0 days 01:59:52.483000
2024-07-07 15:04:49.752,10859,201,5,92,False,1,car,0 days 01:01:37.211000,0 days 01:59:52.723000
2024-07-07 15:04:49.992,11156,208,5,91,False,1,car,0 days 01:01:37.451000,0 days 01:59:52.963000
2024-07-07 15:04:50.272,11393,213,5,88,False,1,car,0 days 01:01:37.731000,0 days 01:59:53.243000
2024-07-07 15:04:50.592,10251,220,5,97,False,1,car,0 days 01:01:38.051000,0 days 01:59:53.563000
2024-07-07 15:04:50.952,10477,224,6,100,False,1,car,0 days 01:01:38.411000,0 days 01:59:53.923000
2024-07-07 15:04:51.312,10611,232,6,100,False,1,car,0 days 01:01:38.771000,0 days 01:59:54.283000
2024-07-07 15:04:51.472,10969,237,6,100,False,1,car,0 days 01:01:38.931000,0 days 01:59:54.443000
2024-07-07 15:04:51.632,11030,239,6,100,False,1,car,0 days 01:01:39.091000,0 days 01:59:54.603000
2024-07-07 15:04:51.872,11169,245,6,100,False,1,car,0 days 01:01:39.331000,0 days 01:59:54.843000
2024-07-07 15:04:52.112,11320,245,6,100,False,1,car,0 days 01:01:39.571000,0 days 01:59:55.083000
2024-07-07 15:04:52.352,11516,252,6,100,False,1,car,0 days 01:01:39.811000,0 days 01:59:55.323000
2024-07-07 15:04:52.512,11558,255,6,100,False,1,car,0 days 01:01:39.971000,0 days 01:59:55.483000
2024-07-07 15:04:52.752,11719,258,6,100,False,1,car,0 days 01:01:40.211000,0 days 01:59:55.723000
2024-07-07 15:04:52.992,10658,261,6,100,False,1,car,0 days 01:01:40.451000,0 days 01:59:55.963000
2024-07-07 15:04:53.152,10469,261,7,100,False,1,car,0 days 01:01:40.611000,0 days 01:59:56.123000
2024-07-07 15:04:53.392,10614,266,7,100,False,1,car,0 days 01:01:40.851000,0 days 01:59:56.363000
2024-07-07 15:04:53.632,10691,269,7,100,False,1,car,0 days 01:01:41.091000,0 days 01:59:56.603000
2024-07-07 15:04:54.072,10885,273,7,100,False,1,car,0 days 01:01:41.531000,0 days 01:59:57.043000
2024-07-07 15:04:54.313,10967,276,7,100,False,1,car,0 days 01:01:41.772000,0 days 01:59:57.284000
2024-07-07 15:04:54.633,11060,279,7,100,False,1,car,0 days 01:01:42.092000,0 days 01:59:57.604000
2024-07-07 15:04:54.953,11202,281,7,100,False,1,car,0 days 01:01:42.412000,0 days 01:59:57.924000
2024-07-07 15:04:55.233,11249,283,7,100,False,1,car,0 days 01:01:42.692000,0 days 01:59:58.204000
2024-07-07 15:04:55.632,11328,286,7,100,False,1,car,0 days 01:01:43.091000,0 days 01:59:58.603000
2024-07-07 15:04:55.872,11360,286,7,100,False,1,car,0 days 01:01:43.331000,0 days 01:59:58.843000
2024-07-07 15:04:56.032,11363,286,7,100,False,1,car,0 days 01:01:43.491000,0 days 01:59:59.003000
2024-07-07 15:04:56.232,11361,287,7,100,False,1,car,0 days 01:01:43.691000,0 days 01:59:59.203000
2024-07-07 15:04:56.392,11376,287,7,100,False,1,car,0 days 01:01:43.851000,0 days 01:59:59.363000
2024-07-07 15:04:56.592,11358,288,7,100,False,1,car,0 days 01:01:44.051000,0 days 01:59:59.563000
2024-07-07 15:04:56.792,11339,287,7,100,False,1,car,0 days 01:01:44.251000,0 days 01:59:59.763000
2024-07-07 15:04:57.112,11266,285,7,100,False,1,car,0 days 01:01:44.571000,0 days 02:00:00.083000
2024-07-07 15:04:57.272,11222,283,7,100,False,1,car,0 days 01:01:44.731000,0 days 02:00:00.243000
2024-07-07 15:04:57.472,11197,283,7,100,False,1,car,0 days 01:01:44.931000,0 days 02:00:00.443000
2024-07-07 15:04:57.712,11124,282,7,100,False,1,car,0 days 01:01:45.171000,0 days 02:00:00.683000
2024-07-07 15:04:57.952,11091,280,7,100,False,1,car,0 days 01:01:45.411000,0 days 02:00:00.923000
2024-07-07 15:04:58.272,10631,264,7,0,True,1,car,0 days 01:01:45.731000,0 days 02:00:01.243000
2024-07-07 15:04:58.472,9511,252,7,0,True,1,car,0 days 01:01:45.931000,0 days 02:00:01.443000
2024-07-07 15:04:58.712,9715,224,7,0,True,1,car,0 days 01:01:46.171000,0 days 02:00:01.683000
2024-07-07 15:04:58.992,9527,206,6,0,True,1,car,0 days 01:01:46.451000,0 days 02:00:01.963000
2024-07-07 15:04:59.352,8966,181,5,0,True,1,car,0 days 01:01:46.811000,0 days 02:00:02.323000
2024-07-07 15:04:59.632,9532,167,5,0,True,1,car,0 days 01:01:47.091000,0 days 02:00:02.603000
2024-07-07 15:05:00.072,8975,149,4,0,True,1,car,0 days 01:01:47.531000,0 days 02:00:03.043000
2024-07-07 15:05:00.392,8736,141,4,0,True,1,car,0 days 01:01:47.851000,0 days 02:00:03.363000
2024-07-07 15:05:00.632,8527,138,4,12,False,1,car,0 days 01:01:48.091000,0 days 02:00:03.603000
2024-07-07 15:05:01.033,8333,134,4,23,False,1,car,0 days 01:01:48.492000,0 days 02:00:04.004000
2024-07-07 15:05:01.273,8325,132,4,27,False,1,car,0 days 01:01:48.732000,0 days 02:00:04.244000
2024-07-07 15:05:01.553,8363,132,4,35,False,1,car,0 days 01:01:49.012000,0 days 02:00:04.524000
2024-07-07 15:05:01.793,8431,133,4,38,False,1,car,0 days 01:01:49.252000,0 days 02:00:04.764000
2024-07-07 15:05:02.033,8477,132,4,43,False,1,car,0 days 01:01:49.492000,0 days 02:00:05.004000
2024-07-07 15:05:02.272,8597,134,4,46,False,1,car,0 days 01:01:49.731000,0 days 02:00:05.243000
2024-07-07 15:05:02.432,8726,134,4,47,False,1,car,0 days 01:01:49.891000,0 days 02:00:05.403000
2024-07-07 15:05:02.672,8824,139,4,50,False,1,car,0 days 01:01:50.131000,0 days 02:00:05.643000
2024-07-07 15:05:02.832,9007,139,4,57,False,1,car,0 days 01:01:50.291000,0 days 02:00:05.803000
2024-07-07 15:05:03.072,9215,144,4,59,False,1,car,0 days 01:01:50.531000,0 days 02:00:06.043000
2024-07-07 15:05:03.352,9525,148,4,60,False,1,car,0 days 01:01:50.811000,0 days 02:00:06.323000
2024-07-07 15:05:03.792,8381,140,4,0,True,1,car,0 days 01:01:51.251000,0 days 02:00:06.763000
2024-07-07 15:05:04.072,8477,130,4,0,True,1,car,0 days 01:01:51.531000,0 days 02:00:07.043000
2024-07-07 15:05:04.312,9057,125,4,0,True,1,car,0 days 01:01:51.771000,0 days 02:00:07.283000
2024-07-07 15:05:04.552,8688,121,3,0,False,1,car,0 days 01:01:52.011000,0 days 02:00:07.523000
2024-07-07 15:05:04.712,8584,118,3,0,False,1,car,0 days 01:01:52.171000,0 days 02:00:07.683000
2024-07-07 15:05:04.992,8361,116,3,0,False,1,car,0 days 01:01:52.451000,0 days 02:00:07.963000
2024-07-07 15:05:05.432,7621,106,3,0,True,1,car,0 days 01:01:52.891000,0 days 02:00:08.403000
2024-07-07 15:05:05.592,7477,103,3,0,True,1,car,0 days 01:01:53.051000,0 days 02:00:08.563000
2024-07-07 15:05:05.832,7142,99,3,0,False,1,car,0 days 01:01:53.291000,0 days 02:00:08.803000
2024-07-07 15:05:06.112,7111,97,3,2,False,1,car,0 days 01:01:53.571000,0 days 02:00:09.083000
2024-07-07 15:05:06.352,7141,94,3,22,False,1,car,0 days 01:01:53.811000,0 days 02:00:09.323000
2024-07-07 15:05:06.632,7346,95,3,30,False,1,car,0 days 01:01:54.091000,0 days 02:00:09.603000
2024-07-07 15:05:06.872,7560,97,3,35,False,1,car,0 days 01:01:54.331000,0 days 02:00:09.843000
2024-07-07 15:05:07.072,7655,98,3,36,False,1,car,0 days 01:01:54.531000,0 days 02:00:10.043000
2024-07-07 15:05:07.272,7776,99,3,40,False,1,car,0 days 01:01:54.731000,0 days 02:00:10.243000
2024-07-07 15:05:07.433,8056,101,3,41,False,1,car,0 days 01:01:54.892000,0 days 02:00:10.404000
2024-07-07 15:05:07.633,8270,103,3,43,False,1,car,0 days 01:01:55.092000,0 days 02:00:10.604000
2024-07-07 15:05:07.913,8384,107,3,42,False,1,car,0 days 01:01:55.372000,0 days 02:00:10.884000
2024-07-07 15:05:08.073,8507,110,3,47,False,1,car,0 days 01:01:55.532000,0 days 02:00:11.044000
2024-07-07 15:05:08.313,7388,114,3,48,False,1,car,0 days 01:01:55.772000,0 days 02:00:11.284000
2024-07-07 15:05:08.753,8125,121,4,58,False,1,car,0 days 01:01:56.212000,0 days 02:00:11.724000
2024-07-07 15:05:09.152,8752,131,4,65,False,1,car,0 days 01:01:56.611000,0 days 02:00:12.123000
2024-07-07 15:05:09.552,9467,142,4,73,False,1,car,0 days 01:01:57.011000,0 days 02:00:12.523000
2024-07-07 15:05:09.712,9706,147,4,74,False,1,car,0 days 01:01:57.171000,0 days 02:00:12.683000
2024-07-07 15:05:09.952,10128,154,4,81,False,1,car,0 days 01:01:57.411000,0 days 02:00:12.923000
2024-07-07 15:05:10.192,10688,160,4,83,False,1,car,0 days 01:01:57.651000,0 days 02:00:13.163000
2024-07-07 15:05:10.432,11523,170,4,97,False,1,car,0 days 01:01:57.891000,0 days 02:00:13.403000
2024-07-07 15:05:10.832,11496,183,4,98,False,1,car,0 days 01:01:58.291000,0 days 02:00:13.803000
2024-07-07 15:05:11.192,10581,199,5,100,False,1,car,0 days 01:01:58.651000,0 days 02:00:14.163000
2024-07-07 15:05:11.392,11020,204,5,100,False,1,car,0 days 01:01:58.851000,0 days 02:00:14.363000
2024-07-07 15:05:11.552,11275,207,5,100,False,1,car,0 days 01:01:59.011000,0 days 02:00:14.523000
2024-07-07 15:05:11.792,11495,216,5,100,False,1,car,0 days 01:01:59.251000,0 days 02:00:14.763000
2024-07-07 15:05:11.992,11759,220,5,100,False,1,car,0 days 01:01:59.451000,0 days 02:00:14.963000
2024-07-07 15:05:12.192,10562,227,5,100,False,1,car,0 days 01:01:59.651000,0 days 02:00:15.163000
2024-07-07 15:05:12.472,10689,231,6,100,False,1,car,0 days 01:01:59.931000,0 days 02:00:15.443000
2024-07-07 15:05:12.632,10863,234,6,100,False,1,car,0 days 01:02:00.091000,0 days 02:00:15.603000
2024-07-07 15:05:12.912,11027,241,6,100,False,1,car,0 days 01:02:00.371000,0 days 02:00:15.883000
2024-07-07 15:05:13.272,11331,248,6,100,False,1,car,0 days 01:02:00.731000,0 days 02:00:16.243000
2024-07-07 15:05:13.432,11443,250,6,100,False,1,car,0 days 01:02:00.891000,0 days 02:00:16.403000
2024-07-07 15:05:13.712,11607,254,6,100,False,1,car,0 days 01:02:01.171000,0 days 02:00:16.683000
2024-07-07 15:05:13.993,11697,258,6,100,False,1,car,0 days 01:02:01.452000,0 days 02:00:16.964000
2024-07-07 15:05:14.233,10476,260,7,100,False,1,car,0 days 01:02:01.692000,0 days 02:00:17.204000
2024-07-07 15:05:14.393,10638,263,7,100,False,1,car,0 days 01:02:01.852000,0 days 02:00:17.364000
2024-07-07 15:05:14.633,10663,265,7,100,False,1,car,0 days 01:02:02.092000,0 days 02:00:17.604000
2024-07-07 15:05:14.833,10811,269,7,100,False,1,car,0 days 01:02:02.292000,0 days 02:00:17.804000
2024-07-07 15:05:15.153,10898,272,7,100,False,1,car,0 days 01:02:02.612000,0 days 02:00:18.124000
2024-07-07 15:05:15.513,10990,276,7,100,False,1,car,0 days 01:02:02.972000,0 days 02:00:18.484000
2024-07-07 15:05:15.712,11070,278,7,100,False,1,car,0 days 01:02:03.171000,0 days 02:00:18.683000
2024-07-07 15:05:15.872,11098,280,7,100,False,1,car,0 days 01:02:03.331000,0 days 02:00:18.843000
2024-07-07 15:05:16.192,11216,281,7,100,False,1,car,0 days 01:02:03.651000,0 days 02:00:19.163000
2024-07-07 15:05:16.392,11264,283,7,100,False,1,car,0 days 01:02:03.851000,0 days 02:00:19.363000
2024-07-07 15:05:16.592,11338,285,7,100,False,1,car,0 days 01:02:04.051000,0 days 02:00:19.563000
2024-07-07 15:05:17.032,11399,287,7,100,False,1,car,0 days 01:02:04.491000,0 days 02:00:20.003000
2024-07-07 15:05:17.432,11463,288,7,100,False,1,car,0 days 01:02:04.891000,0 days 02:00:20.403000
2024-07-07 15:05:17.632,11465,289,7,100,False,1,car,0 days 01:02:05.091000,0 days 02:00:20.603000
2024-07-07 15:05:17.912,11462,290,7,100,False,1,car,0 days 01:02:05.371000,0 days 02:00:20.883000
2024-07-07 15:05:18.232,11449,290,7,100,False,1,car,0 days 01:02:05.691000,0 days 02:00:21.203000
2024-07-07 15:05:18.472,11427,289,7,100,False,1,car,0 days 01:02:05.931000,0 days 02:00:21.443000
2024-07-07 15:05:18.872,11353,287,7,100,False,1,car,0 days 01:02:06.331000,0 days 02:00:21.843000
2024-07-07 15:05:19.072,11338,287,7,100,False,1,car,0 days 01:02:06.531000,0 days 02:00:22.043000
2024-07-07 15:05:19.392,10691,282,7,39,True,1,car,0 days 01:02:06.851000,0 days 02:00:22.363000
2024-07-07 15:05:19.592,10345,266,7,0,True,1,car,0 days 01:02:07.051000,0 days 02:00:22.563000
2024-07-07 15:05:19.792,10567,251,7,0,True,1,car,0 days 01:02:07.251000,0 days 02:00:22.763000
2024-07-07 15:05:20.152,10407,235,6,0,True,1,car,0 days 01:02:07.611000,0 days 02:00:23.123000
2024-07-07 15:05:20.432,9939,223,6,2,True,1,car,0 days 01:02:07.891000,0 days 02:00:23.403000
2024-07-07 15:05:20.633,9593,219,6,26,False,1,car,0 days 01:02:08.092000,0 days 02:00:23.604000
2024-07-07 15:05:20.873,9606,213,6,46,False,1,car,0 days 01:02:08.332000,0 days 02:00:23.844000
2024-07-07 15:05:21.193,9612,212,6,52,False,1,car,0 days 01:02:08.652000,0 days 02:00:24.164000
2024-07-07 15:05:21.473,9772,212,6,74,False,1,car,0 days 01:02:08.932000,0 days 02:00:24.444000
2024-07-07 15:05:21.633,9779,213,6,73,False,1,car,0 days 01:02:09.092000,0 days 02:00:24.604000
2024-07-07 15:05:21.833,9932,213,6,82,False,1,car,0 days 01:02:09.292000,0 days 02:00:24.804000
2024-07-07 15:05:22.233,10178,218,6,95,False,1,car,0 days 01:02:09.692000,0 days 02:00:25.204000
2024-07-07 15:05:22.392,10306,222,6,100,False,1,car,0 days 01:02:09.851000,0 days 02:00:25.363000
2024-07-07 15:05:22.552,10444,223,6,100,False,1,car,0 days 01:02:10.011000,0 days 02:00:25.523000
2024-07-07 15:05:22.792,10646,228,6,100,False,1,car,0 days 01:02:10.251000,0 days 02:00:25.763000
2024-07-07 15:05:22.952,10727,232,6,100,False,1,car,0 days 01:02:10.411000,0 days 02:00:25.923000
2024-07-07 15:05:23.192,10853,239,6,100,False,1,car,0 days 01:02:10.651000,0 days 02:00:26.163000
2024-07-07 15:05:23.432,11206,243,6,100,False,1,car,0 days 01:02:10.891000,0 days 02:00:26.403000
2024-07-07 15:05:23.632,11247,245,6,100,False,1,car,0 days 01:02:11.091000,0 days 02:00:26.603000
2024-07-07 15:05:24.032,11524,252,6,100,False,1,car,0 days 01:02:11.491000,0 days 02:00:27.003000
2024-07-07 15:05:24.352,11714,256,6,100,False,1,car,0 days 01:02:11.811000,0 days 02:00:27.323000
2024-07-07 15:05:24.712,10501,261,6,100,False,1,car,0 days 01:02:12.171000,0 days 02:00:27.683000
2024-07-07 15:05:25.032,10644,266,7,100,False,1,car,0 days 01:02:12.491000,0 days 02:00:28.003000
2024-07-07 15:05:25.232,10744,268,7,100,False,1,car,0 days 01:02:12.691000,0 days 02:00:28.203000
2024-07-07 15:05:25.472,10819,271,7,100,False,1,car,0 days 01:02:12.931000,0 days 02:00:28.443000
2024-07-07 15:05:25.672,10902,275,7,100,False,1,car,0 days 01:02:13.131000,0 days 02:00:28.643000
2024-07-07 15:05:25.992,11015,277,7,100,False,1,car,0 days 01:02:13.451000,0 days 02:00:28.963000
2024-07-07 15:05:26.352,11126,279,7,100,False,1,car,0 days 01:02:13.811000,0 days 02:00:29.323000
2024-07-07 15:05:26.512,11151,281,7,100,False,1,car,0 days 01:02:13.971000,0 days 02:00:29.483000
2024-07-07 15:05:26.712,11210,283,7,100,False,1,car,0 days 01:02:14.171000,0 days 02:00:29.683000
2024-07-07 15:05:27.072,11314,285,7,100,False,1,car,0 days 01:02:14.531000,0 days 02:00:30.043000
2024-07-07 15:05:27.273,11367,286,7,100,False,1,car,0 days 01:02:14.732000,0 days 02:00:30.244000
2024-07-07 15:05:27.433,11431,286,7,100,False,1,car,0 days 01:02:14.892000,0 days 02:00:30.404000
2024-07-07 15:05:27.793,11436,289,7,100,False,1,car,0 days 01:02:15.252000,0 days 02:00:30.764000
2024-07-07 15:05:27.993,11494,289,7,100,False,1,car,0 days 01:02:15.452000,0 days 02:00:30.964000
2024-07-07 15:05:28.153,11533,290,7,100,False,1,car,0 days 01:02:15.612000,0 days 02:00:31.124000
2024-07-07 15:05:28.353,11538,291,7,100,False,1,car,0 days 01:02:15.812000,0 days 02:00:31.324000
2024-07-07 15:05:28.513,11544,290,7,100,False,1,car,0 days 01:02:15.972000,0 days 02:00:31.484000
2024-07-07 15:05:28.673,11553,291,7,93,False,1,car,0 days 01:02:16.132000,0 days 02:00:31.644000
2024-07-07 15:05:28.913,11015,283,7,0,True,1,car,0 days 01:02:16.372000,0 days 02:00:31.884000
2024-07-07 15:05:29.112,10140,266,7,0,True,1,car,0 days 01:02:16.571000,0 days 02:00:32.083000
2024-07-07 15:05:29.392,10612,242,7,0,True,1,car,0 days 01:02:16.851000,0 days 02:00:32.363000
2024-07-07 15:05:29.632,10225,233,6,0,True,1,car,0 days 01:02:17.091000,0 days 02:00:32.603000
2024-07-07 15:05:29.832,10051,227,6,4,False,1,car,0 days 01:02:17.291000,0 days 02:00:32.803000
2024-07-07 15:05:29.992,9937,220,6,16,False,1,car,0 days 01:02:17.451000,0 days 02:00:32.963000
2024-07-07 15:05:30.232,9803,217,6,51,False,1,car,0 days 01:02:17.691000,0 days 02:00:33.203000
2024-07-07 15:05:30.592,9847,216,6,72,False,1,car,0 days 01:02:18.051000,0 days 02:00:33.563000
2024-07-07 15:05:30.872,10041,219,6,81,False,1,car,0 days 01:02:18.331000,0 days 02:00:33.843000
2024-07-07 15:05:31.032,10170,219,6,82,False,1,car,0 days 01:02:18.491000,0 days 02:00:34.003000
2024-07-07 15:05:31.312,10243,224,6,82,False,1,car,0 days 01:02:18.771000,0 days 02:00:34.283000
2024-07-07 15:05:31.472,10315,228,6,82,True,1,car,0 days 01:02:18.931000,0 days 02:00:34.443000
2024-07-07 15:05:31.792,9332,212,6,0,True,1,car,0 days 01:02:19.251000,0 days 02:00:34.763000
2024-07-07 15:05:32.112,10280,203,6,0,False,1,car,0 days 01:02:19.571000,0 days 02:00:35.083000
2024-07-07 15:05:32.312,10255,198,5,0,False,1,car,0 days 01:02:19.771000,0 days 02:00:35.283000
2024-07-07 15:05:32.472,10188,195,5,29,False,1,car,0 days 01:02:19.931000,0 days 02:00:35.443000
2024-07-07 15:05:32.632,10040,193,5,47,False,1,car,0 days 01:02:20.091000,0 days 02:00:35.603000
2024-07-07 15:05:32.832,10139,192,5,51,False,1,car,0 days 01:02:20.291000,0 days 02:00:35.803000
2024-07-07 15:05:33.152,10205,190,5,57,False,1,car,0 days 01:02:20.611000,0 days 02:00:36.123000
2024-07-07 15:05:33.312,10303,191,5,64,False,1,car,0 days 01:02:20.771000,0 days 02:00:36.283000
2024-07-07 15:05:33.552,10307,192,5,63,False,1,car,0 days 01:02:21.011000,0 days 02:00:36.523000
2024-07-07 15:05:33.713,10294,195,5,63,False,1,car,0 days 01:02:21.172000,0 days 02:00:36.684000
2024-07-07 15:05:34.073,8987,177,5,0,True,1,car,0 days 01:02:21.532000,0 days 02:00:37.044000
2024-07-07 15:05:34.273,10052,171,5,0,True,1,car,0 days 01:02:21.732000,0 days 02:00:37.244000
2024-07-07 15:05:34.433,10101,169,4,0,True,1,car,0 days 01:02:21.892000,0 days 02:00:37.404000
2024-07-07 15:05:34.713,9860,161,4,0,False,1,car,0 days 01:02:22.172000,0 days 02:00:37.684000
2024-07-07 15:05:34.873,9741,158,4,16,False,1,car,0 days 01:02:22.332000,0 days 02:00:37.844000
2024-07-07 15:05:35.193,9573,155,4,28,False,1,car,0 days 01:02:22.652000,0 days 02:00:38.164000
2024-07-07 15:05:35.593,9660,153,4,39,False,1,car,0 days 01:02:23.052000,0 days 02:00:38.564000
2024-07-07 15:05:35.753,9562,152,4,38,False,1,car,0 days 01:02:23.212000,0 days 02:00:38.724000
2024-07-07 15:05:35.912,9627,153,4,46,False,1,car,0 days 01:02:23.371000,0 days 02:00:38.883000
2024-07-07 15:05:36.072,9610,153,4,46,False,1,car,0 days 01:02:23.531000,0 days 02:00:39.043000
2024-07-07 15:05:36.272,9753,155,4,55,False,1,car,0 days 01:02:23.731000,0 days 02:00:39.243000
2024-07-07 15:05:36.512,9940,156,4,57,False,1,car,0 days 01:02:23.971000,0 days 02:00:39.483000
2024-07-07 15:05:36.672,10153,158,4,63,False,1,car,0 days 01:02:24.131000,0 days 02:00:39.643000
2024-07-07 15:05:36.952,10398,161,4,74,False,1,car,0 days 01:02:24.411000,0 days 02:00:39.923000
2024-07-07 15:05:37.232,10800,168,4,79,False,1,car,0 days 01:02:24.691000,0 days 02:00:40.203000
2024-07-07 15:05:37.472,11154,173,4,85,False,1,car,0 days 01:02:24.931000,0 days 02:00:40.443000
2024-07-07 15:05:37.712,11610,182,4,100,False,1,car,0 days 01:02:25.171000,0 days 02:00:40.683000
2024-07-07 15:05:38.032,10558,194,5,100,False,1,car,0 days 01:02:25.491000,0 days 02:00:41.003000
2024-07-07 15:05:38.472,11201,209,5,100,False,1,car,0 days 01:02:25.931000,0 days 02:00:41.443000
2024-07-07 15:05:38.752,11563,214,5,99,False,1,car,0 days 01:02:26.211000,0 days 02:00:41.723000
2024-07-07 15:05:39.112,11125,223,5,100,False,1,car,0 days 01:02:26.571000,0 days 02:00:42.083000
2024-07-07 15:05:39.472,10639,233,6,100,False,1,car,0 days 01:02:26.931000,0 days 02:00:42.443000
2024-07-07 15:05:39.752,10893,237,6,100,False,1,car,0 days 01:02:27.211000,0 days 02:00:42.723000
2024-07-07 15:05:39.992,11071,243,6,100,False,1,car,0 days 01:02:27.451000,0 days 02:00:42.963000
2024-07-07 15:05:40.192,11201,247,6,100,False,1,car,0 days 01:02:27.651000,0 days 02:00:43.163000
2024-07-07 15:05:40.353,11342,249,6,100,False,1,car,0 days 01:02:27.812000,0 days 02:00:43.324000
2024-07-07 15:05:40.553,11507,251,6,100,False,1,car,0 days 01:02:28.012000,0 days 02:00:43.524000
2024-07-07 15:05:40.753,11635,254,6,100,False,1,car,0 days 01:02:28.212000,0 days 02:00:43.724000
2024-07-07 15:05:40.993,11741,259,6,100,False,1,car,0 days 01:02:28.452000,0 days 02:00:43.964000
2024-07-07 15:05:41.153,10940,260,6,100,False,1,car,0 days 01:02:28.612000,0 days 02:00:44.124000
2024-07-07 15:05:41.353,10468,263,6,100,False,1,car,0 days 01:02:28.812000,0 days 02:00:44.324000
2024-07-07 15:05:41.673,10653,267,7,100,False,1,car,0 days 01:02:29.132000,0 days 02:00:44.644000
2024-07-07 15:05:41.913,10708,271,7,100,False,1,car,0 days 01:02:29.372000,0 days 02:00:44.884000
2024-07-07 15:05:42.113,10820,273,7,100,False,1,car,0 days 01:02:29.572000,0 days 02:00:45.084000
2024-07-07 15:05:42.353,10898,275,7,100,False,1,car,0 days 01:02:29.812000,0 days 02:00:45.324000
2024-07-07 15:05:42.552,11078,276,7,100,False,1,car,0 days 01:02:30.011000,0 days 02:00:45.523000
2024-07-07 15:05:42.912,11110,280,7,100,False,1,car,0 days 01:02:30.371000,0 days 02:00:45.883000
2024-07-07 15:05:43.272,11220,284,7,100,False,1,car,0 days 01:02:30.731000,0 days 02:00:46.243000
2024-07-07 15:05:43.432,11295,283,7,100,False,1,car,0 days 01:02:30.891000,0 days 02:00:46.403000
2024-07-07 15:05:43.832,11343,285,7,100,False,1,car,0 days 01:02:31.291000,0 days 02:00:46.803000
2024-07-07 15:05:44.232,11440,288,7,100,False,1,car,0 days 01:02:31.691000,0 days 02:00:47.203000
2024-07-07 15:05:44.472,11486,289,7,100,False,1,car,0 days 01:02:31.931000,0 days 02:00:47.443000
2024-07-07 15:05:44.952,11569,292,7,100,False,1,car,0 days 01:02:32.411000,0 days 02:00:47.923000
2024-07-07 15:05:45.192,11606,292,7,100,False,1,car,0 days 01:02:32.651000,0 days 02:00:48.163000
2024-07-07 15:05:45.392,11595,293,7,100,False,1,car,0 days 01:02:32.851000,0 days 02:00:48.363000
2024-07-07 15:05:45.632,11623,293,7,100,False,1,car,0 days 01:02:33.091000,0 days 02:00:48.603000
2024-07-07 15:05:45.872,11562,293,7,100,False,1,car,0 days 01:02:33.331000,0 days 02:00:48.843000
2024-07-07 15:05:46.072,11567,293,7,100,False,1,car,0 days 01:02:33.531000,0 days 02:00:49.043000
2024-07-07 15:05:46.272,11597,294,7,100,False,1,car,0 days 01:02:33.731000,0 days 02:00:49.243000
2024-07-07 15:05:46.472,11540,292,7,100,False,1,car,0 days 01:02:33.931000,0 days 02:00:49.443000
2024-07-07 15:05:46.792,11464,291,7,100,False,1,car,0 days 01:02:34.251000,0 days 02:00:49.763000
2024-07-07 15:05:47.073,11436,290,7,100,False,1,car,0 days 01:02:34.532000,0 days 02:00:50.044000
2024-07-07 15:05:47.233,11380,290,7,100,False,1,car,0 days 01:02:34.692000,0 days 02:00:50.204000
2024-07-07 15:05:47.513,11356,288,7,100,False,1,car,0 days 01:02:34.972000,0 days 02:00:50.484000
2024-07-07 15:05:47.753,11272,286,7,100,False,1,car,0 days 01:02:35.212000,0 days 02:00:50.724000
2024-07-07 15:05:48.033,11259,285,7,100,False,1,car,0 days 01:02:35.492000,0 days 02:00:51.004000
2024-07-07 15:05:48.193,11008,283,7,47,False,1,car,0 days 01:02:35.652000,0 days 02:00:51.164000
2024-07-07 15:05:48.633,9819,262,7,0,True,1,car,0 days 01:02:36.092000,0 days 02:00:51.604000
2024-07-07 15:05:48.793,10250,234,7,0,True,1,car,0 days 01:02:36.252000,0 days 02:00:51.764000
2024-07-07 15:05:49.193,10231,203,6,0,True,1,car,0 days 01:02:36.652000,0 days 02:00:52.164000
2024-07-07 15:05:49.392,9736,192,5,0,True,1,car,0 days 01:02:36.851000,0 days 02:00:52.363000
2024-07-07 15:05:49.552,9427,188,5,0,True,1,car,0 days 01:02:37.011000,0 days 02:00:52.523000
2024-07-07 15:05:49.832,9043,177,5,0,False,1,car,0 days 01:02:37.291000,0 days 02:00:52.803000
2024-07-07 15:05:50.152,9227,172,5,25,False,1,car,0 days 01:02:37.611000,0 days 02:00:53.123000
2024-07-07 15:05:50.312,8755,168,5,37,False,1,car,0 days 01:02:37.771000,0 days 02:00:53.283000
2024-07-07 15:05:50.632,8812,167,5,41,False,1,car,0 days 01:02:38.091000,0 days 02:00:53.603000
2024-07-07 15:05:50.952,8814,166,5,46,False,1,car,0 days 01:02:38.411000,0 days 02:00:53.923000
2024-07-07 15:05:51.272,8873,166,5,48,False,1,car,0 days 01:02:38.731000,0 days 02:00:54.243000
2024-07-07 15:05:51.512,8944,167,5,54,False,1,car,0 days 01:02:38.971000,0 days 02:00:54.483000
2024-07-07 15:05:51.832,9128,169,5,63,False,1,car,0 days 01:02:39.291000,0 days 02:00:54.803000
2024-07-07 15:05:52.312,9223,172,5,60,False,1,car,0 days 01:02:39.771000,0 days 02:00:55.283000
2024-07-07 15:05:52.592,9356,174,5,64,False,1,car,0 days 01:02:40.051000,0 days 02:00:55.563000
2024-07-07 15:05:52.912,9664,179,5,73,False,1,car,0 days 01:02:40.371000,0 days 02:00:55.883000
2024-07-07 15:05:53.272,10242,189,5,100,False,1,car,0 days 01:02:40.731000,0 days 02:00:56.243000
2024-07-07 15:05:53.513,10495,195,5,100,False,1,car,0 days 01:02:40.972000,0 days 02:00:56.484000
2024-07-07 15:05:53.673,10753,195,5,100,False,1,car,0 days 01:02:41.132000,0 days 02:00:56.644000
2024-07-07 15:05:53.993,11184,210,5,100,False,1,car,0 days 01:02:41.452000,0 days 02:00:56.964000
2024-07-07 15:05:54.153,11361,213,5,100,False,1,car,0 days 01:02:41.612000,0 days 02:00:57.124000
2024-07-07 15:05:54.353,11711,218,5,100,False,1,car,0 days 01:02:41.812000,0 days 02:00:57.324000
2024-07-07 15:05:54.593,11845,223,5,100,False,1,car,0 days 01:02:42.052000,0 days 02:00:57.564000
2024-07-07 15:05:54.913,10615,232,6,100,False,1,car,0 days 01:02:42.372000,0 days 02:00:57.884000
2024-07-07 15:05:55.113,10738,236,6,100,False,1,car,0 days 01:02:42.572000,0 days 02:00:58.084000
2024-07-07 15:05:55.313,10831,238,6,100,False,1,car,0 days 01:02:42.772000,0 days 02:00:58.284000
2024-07-07 15:05:55.633,11001,243,6,100,False,1,car,0 days 01:02:43.092000,0 days 02:00:58.604000
2024-07-07 15:05:55.913,11070,246,6,100,False,1,car,0 days 01:02:43.372000,0 days 02:00:58.884000
2024-07-07 15:05:56.112,11111,246,6,100,False,1,car,0 days 01:02:43.571000,0 days 02:00:59.083000
2024-07-07 15:05:56.392,11201,247,6,100,False,1,car,0 days 01:02:43.851000,0 days 02:00:59.363000
2024-07-07 15:05:56.672,11176,249,6,100,False,1,car,0 days 01:02:44.131000,0 days 02:00:59.643000
2024-07-07 15:05:57.032,11251,250,6,100,False,1,car,0 days 01:02:44.491000,0 days 02:01:00.003000
2024-07-07 15:05:57.272,11060,251,6,31,False,1,car,0 days 01:02:44.731000,0 days 02:01:00.243000
2024-07-07 15:05:57.432,10707,247,6,0,True,1,car,0 days 01:02:44.891000,0 days 02:01:00.403000
2024-07-07 15:05:57.672,10167,236,6,0,True,1,car,0 days 01:02:45.131000,0 days 02:01:00.643000
2024-07-07 15:05:57.912,9622,222,6,0,True,1,car,0 days 01:02:45.371000,0 days 02:01:00.883000
2024-07-07 15:05:58.272,8755,197,6,0,True,1,car,0 days 01:02:45.731000,0 days 02:01:01.243000
2024-07-07 15:05:58.632,8641,178,6,0,True,1,car,0 days 01:02:46.091000,0 days 02:01:01.603000
2024-07-07 15:05:58.912,9141,157,6,0,True,1,car,0 days 01:02:46.371000,0 days 02:01:01.883000
2024-07-07 15:05:59.352,9299,137,4,0,True,1,car,0 days 01:02:46.811000,0 days 02:01:02.323000
2024-07-07 15:05:59.552,8822,126,3,0,True,1,car,0 days 01:02:47.011000,0 days 02:01:02.523000
2024-07-07 15:05:59.912,9076,121,3,0,True,1,car,0 days 01:02:47.371000,0 days 02:01:02.883000
2024-07-07 15:06:00.113,7842,97,2,0,True,1,car,0 days 01:02:47.572000,0 days 02:01:03.084000
2024-07-07 15:06:00.313,7416,87,2,0,True,1,car,0 days 01:02:47.772000,0 days 02:01:03.284000
2024-07-07 15:06:00.473,6436,80,2,1,True,1,car,0 days 01:02:47.932000,0 days 02:01:03.444000
2024-07-07 15:06:00.673,6647,79,2,25,False,1,car,0 days 01:02:48.132000,0 days 02:01:03.644000
2024-07-07 15:06:00.993,6932,79,2,34,False,1,car,0 days 01:02:48.452000,0 days 02:01:03.964000
2024-07-07 15:06:01.353,6883,80,2,39,False,1,car,0 days 01:02:48.812000,0 days 02:01:04.324000
2024-07-07 15:06:01.513,6860,80,2,41,False,1,car,0 days 01:02:48.972000,0 days 02:01:04.484000
2024-07-07 15:06:01.913,6861,80,2,40,False,1,car,0 days 01:02:49.372000,0 days 02:01:04.884000
2024-07-07 15:06:02.113,6856,80,2,41,False,1,car,0 days 01:02:49.572000,0 days 02:01:05.084000
2024-07-07 15:06:02.353,6856,80,2,41,False,1,car,0 days 01:02:49.812000,0 days 02:01:05.324000
2024-07-07 15:06:02.633,6838,80,2,41,False,1,car,0 days 01:02:50.092000,0 days 02:01:05.604000
2024-07-07 15:06:02.832,6865,80,2,40,False,1,car,0 days 01:02:50.291000,0 days 02:01:05.803000
2024-07-07 15:06:03.032,6807,80,2,41,False,1,car,0 days 01:02:50.491000,0 days 02:01:06.003000
2024-07-07 15:06:03.192,6770,80,2,41,False,1,car,0 days 01:02:50.651000,0 days 02:01:06.163000
2024-07-07 15:06:03.432,6832,80,2,41,False,1,car,0 days 01:02:50.891000,0 days 02:01:06.403000
2024-07-07 15:06:03.592,6751,79,2,41,False,1,car,0 days 01:02:51.051000,0 days 02:01:06.563000
2024-07-07 15:06:03.952,6794,79,2,41,False,1,car,0 days 01:02:51.411000,0 days 02:01:06.923000
2024-07-07 15:06:04.232,6858,79,2,40,False,1,car,0 days 01:02:51.691000,0 days 02:01:07.203000
2024-07-07 15:06:04.512,6783,79,2,37,False,1,car,0 days 01:02:51.971000,0 days 02:01:07.483000
2024-07-07 15:06:04.832,6803,80,2,31,False,1,car,0 days 01:02:52.291000,0 days 02:01:07.803000
2024-07-07 15:06:05.272,6980,79,2,17,False,1,car,0 days 01:02:52.731000,0 days 02:01:08.243000
2024-07-07 15:06:05.472,6883,79,2,13,False,1,car,0 days 01:02:52.931000,0 days 02:01:08.443000
2024-07-07 15:06:05.872,6949,79,2,30,False,1,car,0 days 01:02:53.331000,0 days 02:01:08.843000
2024-07-07 15:06:06.072,7075,79,2,29,False,1,car,0 days 01:02:53.531000,0 days 02:01:09.043000
2024-07-07 15:06:06.392,6879,79,2,23,False,1,car,0 days 01:02:53.851000,0 days 02:01:09.363000
2024-07-07 15:06:06.553,7007,80,2,24,False,1,car,0 days 01:02:54.012000,0 days 02:01:09.524000
2024-07-07 15:06:06.833,6970,79,2,24,False,1,car,0 days 01:02:54.292000,0 days 02:01:09.804000
2024-07-07 15:06:07.193,6970,80,2,34,False,1,car,0 days 01:02:54.652000,0 days 02:01:10.164000
2024-07-07 15:06:07.473,6885,80,2,35,False,1,car,0 days 01:02:54.932000,0 days 02:01:10.444000
2024-07-07 15:06:07.713,6898,80,2,38,False,1,car,0 days 01:02:55.172000,0 days 02:01:10.684000
2024-07-07 15:06:07.873,6876,80,2,40,False,1,car,0 days 01:02:55.332000,0 days 02:01:10.844000
2024-07-07 15:06:08.033,6918,80,2,41,False,1,car,0 days 01:02:55.492000,0 days 02:01:11.004000
2024-07-07 15:06:08.193,6921,80,2,41,False,1,car,0 days 01:02:55.652000,0 days 02:01:11.164000
2024-07-07 15:06:08.393,6849,80,2,41,False,1,car,0 days 01:02:55.852000,0 days 02:01:11.364000
2024-07-07 15:06:08.593,6828,80,2,41,False,1,car,0 days 01:02:56.052000,0 days 02:01:11.564000
2024-07-07 15:06:08.913,6874,80,2,42,False,1,car,0 days 01:02:56.372000,0 days 02:01:11.884000
2024-07-07 15:06:09.113,6828,80,2,42,False,1,car,0 days 01:02:56.572000,0 days 02:01:12.084000
2024-07-07 15:06:09.393,6878,80,2,42,False,1,car,0 days 01:02:56.852000,0 days 02:01:12.364000
2024-07-07 15:06:09.752,6765,80,2,42,False,1,car,0 days 01:02:57.211000,0 days 02:01:12.723000
2024-07-07 15:06:10.232,6835,80,2,42,False,1,car,0 days 01:02:57.691000,0 days 02:01:13.203000
2024-07-07 15:06:10.472,6860,80,2,43,False,1,car,0 days 01:02:57.931000,0 days 02:01:13.443000
2024-07-07 15:06:10.752,6852,80,2,42,False,1,car,0 days 01:02:58.211000,0 days 02:01:13.723000
2024-07-07 15:06:10.912,6863,80,2,42,False,1,car,0 days 01:02:58.371000,0 days 02:01:13.883000
2024-07-07 15:06:11.112,6802,79,2,38,False,1,car,0 days 01:02:58.571000,0 days 02:01:14.083000
2024-07-07 15:06:11.472,7236,73,2,0,True,1,car,0 days 01:02:58.931000,0 days 02:01:14.443000
2024-07-07 15:06:11.872,7020,67,1,0,True,1,car,0 days 01:02:59.331000,0 days 02:01:14.843000
2024-07-07 15:06:12.032,6781,64,1,0,True,1,car,0 days 01:02:59.491000,0 days 02:01:15.003000
2024-07-07 15:06:12.272,5240,59,1,0,True,1,car,0 days 01:02:59.731000,0 days 02:01:15.243000
2024-07-07 15:06:12.432,4194,57,1,0,True,1,car,0 days 01:02:59.891000,0 days 02:01:15.403000
2024-07-07 15:06:12.832,3865,48,1,0,True,1,car,0 days 01:03:00.291000,0 days 02:01:15.803000
2024-07-07 15:06:13.193,3781,40,1,0,True,1,car,0 days 01:03:00.652000,0 days 02:01:16.164000
2024-07-07 15:06:13.513,3762,32,1,0,True,1,car,0 days 01:03:00.972000,0 days 02:01:16.484000
2024-07-07 15:06:13.753,3631,29,1,0,True,1,car,0 days 01:03:01.212000,0 days 02:01:16.724000
2024-07-07 15:06:14.073,3616,0,1,0,True,1,car,0 days 01:03:01.532000,0 days 02:01:17.044000
2024-07-07 15:06:14.313,3529,0,1,0,True,1,car,0 days 01:03:01.772000,0 days 02:01:17.284000
2024-07-07 15:06:14.513,3421,0,1,0,False,1,car,0 days 01:03:01.972000,0 days 02:01:17.484000
2024-07-07 15:06:14.753,4444,0,1,5,True,1,car,0 days 01:03:02.212000,0 days 02:01:17.724000
2024-07-07 15:06:14.953,5844,0,1,14,True,1,car,0 days 01:03:02.412000,0 days 02:01:17.924000
2024-07-07 15:06:15.233,7804,0,1,21,True,1,car,0 days 01:03:02.692000,0 days 02:01:18.204000
2024-07-07 15:06:15.553,10044,0,1,24,True,1,car,0 days 01:03:03.012000,0 days 02:01:18.524000
2024-07-07 15:06:15.753,10593,0,1,24,True,1,car,0 days 01:03:03.212000,0 days 02:01:18.724000
2024-07-07 15:06:15.913,10538,0,1,25,True,1,car,0 days 01:03:03.372000,0 days 02:01:18.884000
2024-07-07 15:06:16.192,10510,0,1,24,True,1,car,0 days 01:03:03.651000,0 days 02:01:19.163000
2024-07-07 15:06:16.592,10562,0,1,24,True,1,car,0 days 01:03:04.051000,0 days 02:01:19.563000
2024-07-07 15:06:16.992,10511,0,1,24,True,1,car,0 days 01:03:04.451000,0 days 02:01:19.963000
2024-07-07 15:06:17.432,10456,0,1,22,True,1,car,0 days 01:03:04.891000,0 days 02:01:20.403000
2024-07-07 15:06:17.792,9999,0,1,22,True,1,car,0 days 01:03:05.251000,0 days 02:01:20.763000
2024-07-07 15:06:18.032,10340,0,1,22,True,1,car,0 days 01:03:05.491000,0 days 02:01:21.003000
2024-07-07 15:06:18.352,10415,0,1,22,True,1,car,0 days 01:03:05.811000,0 days 02:01:21.323000
2024-07-07 15:06:18.632,10326,0,1,22,True,1,car,0 days 01:03:06.091000,0 days 02:01:21.603000
2024-07-07 15:06:18.872,10352,0,1,22,True,1,car,0 days 01:03:06.331000,0 days 02:01:21.843000
2024-07-07 15:06:19.032,10424,0,1,22,True,1,car,0 days 01:03:06.491000,0 days 02:01:22.003000
2024-07-07 15:06:19.192,10397,0,1,22,True,1,car,0 days 01:03:06.651000,0 days 02:01:22.163000
2024-07-07 15:06:19.432,10377,0,1,22,True,1,car,0 days 01:03:06.891000,0 days 02:01:22.403000
2024-07-07 15:06:19.833,10389,0,1,20,True,1,car,0 days 01:03:07.292000,0 days 02:01:22.804000
2024-07-07 15:06:20.113,10230,0,1,20,True,1,car,0 days 01:03:07.572000,0 days 02:01:23.084000
2024-07-07 15:06:20.433,10145,0,1,20,True,1,car,0 days 01:03:07.892000,0 days 02:01:23.404000
2024-07-07 15:06:20.753,10234,0,1,20,True,1,car,0 days 01:03:08.212000,0 days 02:01:23.724000
2024-07-07 15:06:20.953,10259,0,1,20,True,1,car,0 days 01:03:08.412000,0 days 02:01:23.924000
2024-07-07 15:06:21.113,10259,0,1,20,True,1,car,0 days 01:03:08.572000,0 days 02:01:24.084000
2024-07-07 15:06:21.273,9279,5,1,22,False,1,car,0 days 01:03:08.732000,0 days 02:01:24.244000
2024-07-07 15:06:21.553,7319,10,1,21,False,1,car,0 days 01:03:09.012000,0 days 02:01:24.524000
2024-07-07 15:06:21.753,6010,15,1,21,False,1,car,0 days 01:03:09.212000,0 days 02:01:24.724000
2024-07-07 15:06:21.993,5548,23,1,21,False,1,car,0 days 01:03:09.452000,0 days 02:01:24.964000
2024-07-07 15:06:22.233,6655,27,1,20,False,1,car,0 days 01:03:09.692000,0 days 02:01:25.204000
2024-07-07 15:06:22.553,6648,32,1,17,False,1,car,0 days 01:03:10.012000,0 days 02:01:25.524000
2024-07-07 15:06:22.753,6412,35,1,21,False,1,car,0 days 01:03:10.212000,0 days 02:01:25.724000
2024-07-07 15:06:23.152,5947,45,1,20,False,1,car,0 days 01:03:10.611000,0 days 02:01:26.123000
2024-07-07 15:06:23.432,5155,51,1,20,False,1,car,0 days 01:03:10.891000,0 days 02:01:26.403000
2024-07-07 15:06:23.592,5047,54,1,19,False,1,car,0 days 01:03:11.051000,0 days 02:01:26.563000
2024-07-07 15:06:23.792,5068,58,2,13,False,1,car,0 days 01:03:11.251000,0 days 02:01:26.763000
2024-07-07 15:06:23.992,5179,61,2,14,False,1,car,0 days 01:03:11.451000,0 days 02:01:26.963000
2024-07-07 15:06:24.152,5556,62,2,19,False,1,car,0 days 01:03:11.611000,0 days 02:01:27.123000
2024-07-07 15:06:24.392,5944,67,2,26,False,1,car,0 days 01:03:11.851000,0 days 02:01:27.363000
2024-07-07 15:06:24.592,6321,70,2,27,False,1,car,0 days 01:03:12.051000,0 days 02:01:27.563000
2024-07-07 15:06:24.792,6403,74,2,29,False,1,car,0 days 01:03:12.251000,0 days 02:01:27.763000
2024-07-07 15:06:25.152,7009,78,2,42,False,1,car,0 days 01:03:12.611000,0 days 02:01:28.123000
2024-07-07 15:06:25.312,6895,79,2,42,False,1,car,0 days 01:03:12.771000,0 days 02:01:28.283000
2024-07-07 15:06:25.632,6896,80,2,44,False,1,car,0 days 01:03:13.091000,0 days 02:01:28.603000
2024-07-07 15:06:25.792,6853,80,2,44,False,1,car,0 days 01:03:13.251000,0 days 02:01:28.763000
2024-07-07 15:06:25.952,6851,80,2,44,False,1,car,0 days 01:03:13.411000,0 days 02:01:28.923000
2024-07-07 15:06:26.152,6991,80,2,46,False,1,car,0 days 01:03:13.611000,0 days 02:01:29.123000
2024-07-07 15:06:26.433,6870,80,2,45,False,1,car,0 days 01:03:13.892000,0 days 02:01:29.404000
2024-07-07 15:06:26.593,6852,80,2,45,False,1,car,0 days 01:03:14.052000,0 days 02:01:29.564000
2024-07-07 15:06:26.873,6925,80,2,45,False,1,car,0 days 01:03:14.332000,0 days 02:01:29.844000
2024-07-07 15:06:27.113,6890,80,2,45,False,1,car,0 days 01:03:14.572000,0 days 02:01:30.084000
2024-07-07 15:06:27.513,6910,80,2,46,False,1,car,0 days 01:03:14.972000,0 days 02:01:30.484000
2024-07-07 15:06:27.793,6949,80,2,46,False,1,car,0 days 01:03:15.252000,0 days 02:01:30.764000
2024-07-07 15:06:28.153,6821,80,2,46,False,1,car,0 days 01:03:15.612000,0 days 02:01:31.124000
2024-07-07 15:06:28.393,6990,79,2,47,False,1,car,0 days 01:03:15.852000,0 days 02:01:31.364000
2024-07-07 15:06:28.673,6817,80,2,47,False,1,car,0 days 01:03:16.132000,0 days 02:01:31.644000
2024-07-07 15:06:28.833,6831,79,2,46,False,1,car,0 days 01:03:16.292000,0 days 02:01:31.804000
2024-07-07 15:06:29.193,6861,79,2,46,False,1,car,0 days 01:03:16.652000,0 days 02:01:32.164000
2024-07-07 15:06:29.393,6843,79,2,46,False,1,car,0 days 01:03:16.852000,0 days 02:01:32.364000
2024-07-07 15:06:29.712,6829,79,2,46,False,1,car,0 days 01:03:17.171000,0 days 02:01:32.683000
2024-07-07 15:06:29.912,6825,79,2,46,False,1,car,0 days 01:03:17.371000,0 days 02:01:32.883000
2024-07-07 15:06:30.232,6968,80,2,46,False,1,car,0 days 01:03:17.691000,0 days 02:01:33.203000
2024-07-07 15:06:30.392,6865,80,2,46,False,1,car,0 days 01:03:17.851000,0 days 02:01:33.363000
2024-07-07 15:06:30.792,6999,80,2,46,False,1,car,0 days 01:03:18.251000,0 days 02:01:33.763000
2024-07-07 15:06:31.112,6879,80,2,46,False,1,car,0 days 01:03:18.571000,0 days 02:01:34.083000
2024-07-07 15:06:31.352,6950,80,2,46,False,1,car,0 days 01:03:18.811000,0 days 02:01:34.323000
2024-07-07 15:06:31.512,6936,80,2,46,False,1,car,0 days 01:03:18.971000,0 days 02:01:34.483000
2024-07-07 15:06:31.712,6930,80,2,46,False,1,car,0 days 01:03:19.171000,0 days 02:01:34.683000
2024-07-07 15:06:32.072,7068,79,2,46,False,1,car,0 days 01:03:19.531000,0 days 02:01:35.043000
2024-07-07 15:06:32.512,6917,80,2,46,False,1,car,0 days 01:03:19.971000,0 days 02:01:35.483000
2024-07-07 15:06:32.913,6856,80,2,46,False,1,car,0 days 01:03:20.372000,0 days 02:01:35.884000
2024-07-07 15:06:33.233,6848,79,2,43,False,1,car,0 days 01:03:20.692000,0 days 02:01:36.204000
2024-07-07 15:06:33.473,6765,79,2,32,False,1,car,0 days 01:03:20.932000,0 days 02:01:36.444000
2024-07-07 15:06:33.753,6942,79,2,23,False,1,car,0 days 01:03:21.212000,0 days 02:01:36.724000
2024-07-07 15:06:34.073,6834,79,2,15,False,1,car,0 days 01:03:21.532000,0 days 02:01:37.044000
2024-07-07 15:06:34.313,6855,79,2,2,False,1,car,0 days 01:03:21.772000,0 days 02:01:37.284000
2024-07-07 15:06:34.553,6964,79,2,12,False,1,car,0 days 01:03:22.012000,0 days 02:01:37.524000
2024-07-07 15:06:34.873,7104,81,2,18,False,1,car,0 days 01:03:22.332000,0 days 02:01:37.844000
2024-07-07 15:06:35.073,7330,82,2,29,False,1,car,0 days 01:03:22.532000,0 days 02:01:38.044000
2024-07-07 15:06:35.313,7944,84,2,28,False,1,car,0 days 01:03:22.772000,0 days 02:01:38.284000
2024-07-07 15:06:35.553,7785,86,2,28,False,1,car,0 days 01:03:23.012000,0 days 02:01:38.524000
2024-07-07 15:06:35.753,7801,88,2,29,False,1,car,0 days 01:03:23.212000,0 days 02:01:38.724000
2024-07-07 15:06:36.033,8093,92,2,40,False,1,car,0 days 01:03:23.492000,0 days 02:01:39.004000
2024-07-07 15:06:36.233,8560,95,2,41,False,1,car,0 days 01:03:23.692000,0 days 02:01:39.204000
2024-07-07 15:06:36.472,8727,99,2,39,False,1,car,0 days 01:03:23.931000,0 days 02:01:39.443000
2024-07-07 15:06:36.792,9234,104,2,42,False,1,car,0 days 01:03:24.251000,0 days 02:01:39.763000
2024-07-07 15:06:36.992,9654,107,2,45,False,1,car,0 days 01:03:24.451000,0 days 02:01:39.963000
2024-07-07 15:06:37.152,9471,109,2,45,False,1,car,0 days 01:03:24.611000,0 days 02:01:40.123000
2024-07-07 15:06:37.312,8778,112,2,44,False,1,car,0 days 01:03:24.771000,0 days 02:01:40.283000
2024-07-07 15:06:37.632,8780,117,3,46,False,1,car,0 days 01:03:25.091000,0 days 02:01:40.603000
2024-07-07 15:06:37.992,9115,124,3,51,False,1,car,0 days 01:03:25.451000,0 days 02:01:40.963000
2024-07-07 15:06:38.312,9716,130,3,57,False,1,car,0 days 01:03:25.771000,0 days 02:01:41.283000
2024-07-07 15:06:38.512,10007,135,3,61,False,1,car,0 days 01:03:25.971000,0 days 02:01:41.483000
2024-07-07 15:06:38.832,10593,142,3,64,False,1,car,0 days 01:03:26.291000,0 days 02:01:41.803000
2024-07-07 15:06:38.992,10891,147,3,64,False,1,car,0 days 01:03:26.451000,0 days 02:01:41.963000
2024-07-07 15:06:39.272,10933,155,3,68,False,1,car,0 days 01:03:26.731000,0 days 02:01:42.243000
2024-07-07 15:06:39.432,9813,156,4,70,False,1,car,0 days 01:03:26.891000,0 days 02:01:42.403000
2024-07-07 15:06:39.593,10218,162,4,71,False,1,car,0 days 01:03:27.052000,0 days 02:01:42.564000
2024-07-07 15:06:39.753,10377,164,4,72,False,1,car,0 days 01:03:27.212000,0 days 02:01:42.724000
2024-07-07 15:06:40.033,10763,172,4,75,False,1,car,0 days 01:03:27.492000,0 days 02:01:43.004000
2024-07-07 15:06:40.313,11197,179,4,72,False,1,car,0 days 01:03:27.772000,0 days 02:01:43.284000
2024-07-07 15:06:40.513,10759,184,4,73,False,1,car,0 days 01:03:27.972000,0 days 02:01:43.484000
2024-07-07 15:06:40.793,9955,190,5,57,False,1,car,0 days 01:03:28.252000,0 days 02:01:43.764000
2024-07-07 15:06:41.153,10197,191,5,64,False,1,car,0 days 01:03:28.612000,0 days 02:01:44.124000
2024-07-07 15:06:41.393,10324,194,5,72,False,1,car,0 days 01:03:28.852000,0 days 02:01:44.364000
2024-07-07 15:06:41.713,10539,199,5,70,False,1,car,0 days 01:03:29.172000,0 days 02:01:44.684000
2024-07-07 15:06:42.073,11036,207,5,91,False,1,car,0 days 01:03:29.532000,0 days 02:01:45.044000
2024-07-07 15:06:42.393,11353,215,5,100,False,1,car,0 days 01:03:29.852000,0 days 02:01:45.364000
2024-07-07 15:06:42.793,11165,222,5,100,False,1,car,0 days 01:03:30.252000,0 days 02:01:45.764000
2024-07-07 15:06:43.192,10110,230,6,52,False,1,car,0 days 01:03:30.651000,0 days 02:01:46.163000
2024-07-07 15:06:43.512,10027,213,6,0,True,1,car,0 days 01:03:30.971000,0 days 02:01:46.483000
2024-07-07 15:06:43.672,9047,197,6,0,True,1,car,0 days 01:03:31.131000,0 days 02:01:46.643000
2024-07-07 15:06:43.992,9231,178,5,0,True,1,car,0 days 01:03:31.451000,0 days 02:01:46.963000
2024-07-07 15:06:44.432,8942,163,5,0,True,1,car,0 days 01:03:31.891000,0 days 02:01:47.403000
2024-07-07 15:06:44.592,9485,157,5,0,True,1,car,0 days 01:03:32.051000,0 days 02:01:47.563000
2024-07-07 15:06:44.992,8464,143,4,0,True,1,car,0 days 01:03:32.451000,0 days 02:01:47.963000
2024-07-07 15:06:45.232,8965,135,4,0,True,1,car,0 days 01:03:32.691000,0 days 02:01:48.203000
2024-07-07 15:06:45.432,9095,126,3,0,True,1,car,0 days 01:03:32.891000,0 days 02:01:48.403000
2024-07-07 15:06:45.592,8764,121,3,0,True,1,car,0 days 01:03:33.051000,0 days 02:01:48.563000
2024-07-07 15:06:45.752,8535,118,3,0,True,1,car,0 days 01:03:33.211000,0 days 02:01:48.723000
2024-07-07 15:06:46.073,8040,115,3,0,True,1,car,0 days 01:03:33.532000,0 days 02:01:49.044000
2024-07-07 15:06:46.513,7643,105,3,0,True,1,car,0 days 01:03:33.972000,0 days 02:01:49.484000
2024-07-07 15:06:46.713,7454,101,3,0,False,1,car,0 days 01:03:34.172000,0 days 02:01:49.684000
2024-07-07 15:06:47.033,7304,99,3,5,False,1,car,0 days 01:03:34.492000,0 days 02:01:50.004000
2024-07-07 15:06:47.193,7229,98,3,7,False,1,car,0 days 01:03:34.652000,0 days 02:01:50.164000
2024-07-07 15:06:47.473,7239,97,3,15,False,1,car,0 days 01:03:34.932000,0 days 02:01:50.444000
2024-07-07 15:06:47.873,7428,99,3,28,False,1,car,0 days 01:03:35.332000,0 days 02:01:50.844000
2024-07-07 15:06:48.113,7609,101,3,34,False,1,car,0 days 01:03:35.572000,0 days 02:01:51.084000
2024-07-07 15:06:48.353,7889,103,3,39,False,1,car,0 days 01:03:35.812000,0 days 02:01:51.324000
2024-07-07 15:06:48.713,8219,111,3,45,False,1,car,0 days 01:03:36.172000,0 days 02:01:51.684000
2024-07-07 15:06:48.873,8501,115,3,46,False,1,car,0 days 01:03:36.332000,0 days 02:01:51.844000
2024-07-07 15:06:49.193,8946,120,3,48,False,1,car,0 days 01:03:36.652000,0 days 02:01:52.164000
2024-07-07 15:06:49.393,8932,122,3,26,False,1,car,0 days 01:03:36.852000,0 days 02:01:52.364000
2024-07-07 15:06:49.593,8853,119,3,0,True,1,car,0 days 01:03:37.052000,0 days 02:01:52.564000
2024-07-07 15:06:49.792,8205,110,3,0,True,1,car,0 days 01:03:37.251000,0 days 02:01:52.763000
2024-07-07 15:06:50.192,7971,95,2,0,True,1,car,0 days 01:03:37.651000,0 days 02:01:53.163000
2024-07-07 15:06:50.552,7115,85,2,0,True,1,car,0 days 01:03:38.011000,0 days 02:01:53.523000
2024-07-07 15:06:50.712,6792,81,2,0,True,1,car,0 days 01:03:38.171000,0 days 02:01:53.683000
2024-07-07 15:06:50.872,6868,75,2,0,True,1,car,0 days 01:03:38.331000,0 days 02:01:53.843000
2024-07-07 15:06:51.072,8010,72,1,0,True,1,car,0 days 01:03:38.531000,0 days 02:01:54.043000
2024-07-07 15:06:51.272,7755,69,1,0,True,1,car,0 days 01:03:38.731000,0 days 02:01:54.243000
2024-07-07 15:06:51.512,7640,67,1,0,True,1,car,0 days 01:03:38.971000,0 days 02:01:54.483000
2024-07-07 15:06:51.792,7325,64,1,0,False,1,car,0 days 01:03:39.251000,0 days 02:01:54.763000
2024-07-07 15:06:52.232,6920,62,1,0,False,1,car,0 days 01:03:39.691000,0 days 02:01:55.203000
2024-07-07 15:06:52.633,7042,60,1,7,False,1,car,0 days 01:03:40.092000,0 days 02:01:55.604000
2024-07-07 15:06:52.913,7289,61,1,12,False,1,car,0 days 01:03:40.372000,0 days 02:01:55.884000
2024-07-07 15:06:53.233,7177,63,1,18,False,1,car,0 days 01:03:40.692000,0 days 02:01:56.204000
2024-07-07 15:06:53.433,7563,65,1,20,False,1,car,0 days 01:03:40.892000,0 days 02:01:56.404000
2024-07-07 15:06:53.633,7774,67,1,22,False,1,car,0 days 01:03:41.092000,0 days 02:01:56.604000
2024-07-07 15:06:53.793,8083,69,1,23,False,1,car,0 days 01:03:41.252000,0 days 02:01:56.764000
2024-07-07 15:06:54.033,6683,72,2,26,False,1,car,0 days 01:03:41.492000,0 days 02:01:57.004000
2024-07-07 15:06:54.273,6896,77,2,35,False,1,car,0 days 01:03:41.732000,0 days 02:01:57.244000
2024-07-07 15:06:54.433,7076,79,2,39,False,1,car,0 days 01:03:41.892000,0 days 02:01:57.404000
2024-07-07 15:06:54.753,7820,84,2,47,False,1,car,0 days 01:03:42.212000,0 days 02:01:57.724000
2024-07-07 15:06:55.033,8451,95,2,53,False,1,car,0 days 01:03:42.492000,0 days 02:01:58.004000
2024-07-07 15:06:55.233,8964,101,2,55,False,1,car,0 days 01:03:42.692000,0 days 02:01:58.204000
2024-07-07 15:06:55.473,9004,110,2,61,False,1,car,0 days 01:03:42.932000,0 days 02:01:58.444000
2024-07-07 15:06:55.633,8595,113,3,60,False,1,car,0 days 01:03:43.092000,0 days 02:01:58.604000
2024-07-07 15:06:55.833,9169,120,3,71,False,1,car,0 days 01:03:43.292000,0 days 02:01:58.804000
2024-07-07 15:06:56.113,9827,131,3,75,False,1,car,0 days 01:03:43.572000,0 days 02:01:59.084000
2024-07-07 15:06:56.353,10705,140,3,78,False,1,car,0 days 01:03:43.812000,0 days 02:01:59.324000
2024-07-07 15:06:56.592,10568,147,3,78,False,1,car,0 days 01:03:44.051000,0 days 02:01:59.563000
2024-07-07 15:06:56.832,9990,159,4,82,False,1,car,0 days 01:03:44.291000,0 days 02:01:59.803000
2024-07-07 15:06:57.152,10847,169,4,82,False,1,car,0 days 01:03:44.611000,0 days 02:02:00.123000
2024-07-07 15:06:57.392,11217,178,4,82,False,1,car,0 days 01:03:44.851000,0 days 02:02:00.363000
2024-07-07 15:06:57.752,10663,187,4,81,False,1,car,0 days 01:03:45.211000,0 days 02:02:00.723000
2024-07-07 15:06:58.192,10557,198,5,77,False,1,car,0 days 01:03:45.651000,0 days 02:02:01.163000
2024-07-07 15:06:58.512,10771,203,5,76,False,1,car,0 days 01:03:45.971000,0 days 02:02:01.483000
2024-07-07 15:06:58.792,10919,206,5,69,False,1,car,0 days 01:03:46.251000,0 days 02:02:01.763000
2024-07-07 15:06:58.992,10699,208,5,71,False,1,car,0 days 01:03:46.451000,0 days 02:02:01.963000
2024-07-07 15:06:59.152,11254,209,5,77,False,1,car,0 days 01:03:46.611000,0 days 02:02:02.123000
2024-07-07 15:06:59.433,11243,213,5,87,False,1,car,0 days 01:03:46.892000,0 days 02:02:02.404000
2024-07-07 15:06:59.873,11684,224,5,100,False,1,car,0 days 01:03:47.332000,0 days 02:02:02.844000
2024-07-07 15:07:00.273,10573,231,6,100,False,1,car,0 days 01:03:47.732000,0 days 02:02:03.244000
2024-07-07 15:07:00.513,10664,237,6,100,False,1,car,0 days 01:03:47.972000,0 days 02:02:03.484000
2024-07-07 15:07:00.873,11170,245,6,100,False,1,car,0 days 01:03:48.332000,0 days 02:02:03.844000
2024-07-07 15:07:01.153,11385,248,6,100,False,1,car,0 days 01:03:48.612000,0 days 02:02:04.124000
2024-07-07 15:07:01.353,11528,251,6,100,False,1,car,0 days 01:03:48.812000,0 days 02:02:04.324000
2024-07-07 15:07:01.633,11663,255,6,100,False,1,car,0 days 01:03:49.092000,0 days 02:02:04.604000
2024-07-07 15:07:01.913,11828,259,6,100,False,1,car,0 days 01:03:49.372000,0 days 02:02:04.884000
2024-07-07 15:07:02.273,10731,264,7,100,False,1,car,0 days 01:03:49.732000,0 days 02:02:05.244000
2024-07-07 15:07:02.553,10837,268,7,100,False,1,car,0 days 01:03:50.012000,0 days 02:02:05.524000
2024-07-07 15:07:02.873,10790,271,7,100,False,1,car,0 days 01:03:50.332000,0 days 02:02:05.844000
2024-07-07 15:07:03.033,10818,273,7,100,False,1,car,0 days 01:03:50.492000,0 days 02:02:06.004000
2024-07-07 15:07:03.192,10931,274,7,100,False,1,car,0 days 01:03:50.651000,0 days 02:02:06.163000
2024-07-07 15:07:03.552,11066,277,7,100,False,1,car,0 days 01:03:51.011000,0 days 02:02:06.523000
2024-07-07 15:07:03.792,11084,279,7,100,False,1,car,0 days 01:03:51.251000,0 days 02:02:06.763000
2024-07-07 15:07:03.992,11154,279,7,100,False,1,car,0 days 01:03:51.451000,0 days 02:02:06.963000
2024-07-07 15:07:04.352,11188,280,7,100,False,1,car,0 days 01:03:51.811000,0 days 02:02:07.323000
2024-07-07 15:07:04.592,11179,281,7,100,False,1,car,0 days 01:03:52.051000,0 days 02:02:07.563000
2024-07-07 15:07:04.792,11256,282,7,100,False,1,car,0 days 01:03:52.251000,0 days 02:02:07.763000
2024-07-07 15:07:04.992,11263,282,7,100,False,1,car,0 days 01:03:52.451000,0 days 02:02:07.963000
2024-07-07 15:07:05.352,11282,283,7,100,False,1,car,0 days 01:03:52.811000,0 days 02:02:08.323000
2024-07-07 15:07:05.753,11355,283,7,100,False,1,car,0 days 01:03:53.212000,0 days 02:02:08.724000
2024-07-07 15:07:06.033,11305,284,7,94,False,1,car,0 days 01:03:53.492000,0 days 02:02:09.004000
2024-07-07 15:07:06.393,11023,267,7,0,True,1,car,0 days 01:03:53.852000,0 days 02:02:09.364000
2024-07-07 15:07:06.713,9782,241,7,0,True,1,car,0 days 01:03:54.172000,0 days 02:02:09.684000
2024-07-07 15:07:06.953,8617,223,7,0,True,1,car,0 days 01:03:54.412000,0 days 02:02:09.924000
2024-07-07 15:07:07.233,8541,201,7,0,True,1,car,0 days 01:03:54.692000,0 days 02:02:10.204000
2024-07-07 15:07:07.553,9641,187,7,0,True,1,car,0 days 01:03:55.012000,0 days 02:02:10.524000
2024-07-07 15:07:07.833,9144,176,5,0,True,1,car,0 days 01:03:55.292000,0 days 02:02:10.804000
2024-07-07 15:07:07.993,8771,168,5,0,True,1,car,0 days 01:03:55.452000,0 days 02:02:10.964000
2024-07-07 15:07:08.393,8217,156,5,0,True,1,car,0 days 01:03:55.852000,0 days 02:02:11.364000
2024-07-07 15:07:08.753,7743,149,5,0,True,1,car,0 days 01:03:56.212000,0 days 02:02:11.724000
2024-07-07 15:07:09.033,7743,143,5,0,True,1,car,0 days 01:03:56.492000,0 days 02:02:12.004000
2024-07-07 15:07:09.393,8634,136,4,0,False,1,car,0 days 01:03:56.852000,0 days 02:02:12.364000
2024-07-07 15:07:09.673,8514,134,4,12,False,1,car,0 days 01:03:57.132000,0 days 02:02:12.644000
2024-07-07 15:07:09.833,8426,133,4,15,False,1,car,0 days 01:03:57.292000,0 days 02:02:12.804000
2024-07-07 15:07:09.992,8280,132,4,15,False,1,car,0 days 01:03:57.451000,0 days 02:02:12.963000
2024-07-07 15:07:10.272,8187,132,4,15,False,1,car,0 days 01:03:57.731000,0 days 02:02:13.243000
2024-07-07 15:07:10.672,8060,129,4,15,False,1,car,0 days 01:03:58.131000,0 days 02:02:13.643000
2024-07-07 15:07:10.872,8063,129,4,18,False,1,car,0 days 01:03:58.331000,0 days 02:02:13.843000
2024-07-07 15:07:11.072,8055,128,4,24,False,1,car,0 days 01:03:58.531000,0 days 02:02:14.043000
2024-07-07 15:07:11.232,8097,128,4,36,False,1,car,0 days 01:03:58.691000,0 days 02:02:14.203000
2024-07-07 15:07:11.552,8331,130,4,40,False,1,car,0 days 01:03:59.011000,0 days 02:02:14.523000
2024-07-07 15:07:11.712,8331,130,4,44,False,1,car,0 days 01:03:59.171000,0 days 02:02:14.683000
2024-07-07 15:07:11.952,8577,135,4,50,False,1,car,0 days 01:03:59.411000,0 days 02:02:14.923000
2024-07-07 15:07:12.393,8964,145,4,62,False,1,car,0 days 01:03:59.852000,0 days 02:02:15.364000
2024-07-07 15:07:12.593,9311,149,4,64,False,1,car,0 days 01:04:00.052000,0 days 02:02:15.564000
2024-07-07 15:07:12.793,9070,153,4,62,True,1,car,0 days 01:04:00.252000,0 days 02:02:15.764000
2024-07-07 15:07:13.033,8680,147,4,0,True,1,car,0 days 01:04:00.492000,0 days 02:02:16.004000
2024-07-07 15:07:13.393,8170,133,4,0,True,1,car,0 days 01:04:00.852000,0 days 02:02:16.364000
2024-07-07 15:07:13.793,7652,124,4,0,True,1,car,0 days 01:04:01.252000,0 days 02:02:16.764000
2024-07-07 15:07:14.073,7503,120,4,0,False,1,car,0 days 01:04:01.532000,0 days 02:02:17.044000
2024-07-07 15:07:14.313,7394,118,4,0,False,1,car,0 days 01:04:01.772000,0 days 02:02:17.284000
2024-07-07 15:07:14.473,7302,117,4,10,False,1,car,0 days 01:04:01.932000,0 days 02:02:17.444000
2024-07-07 15:07:14.873,6901,115,4,8,False,1,car,0 days 01:04:02.332000,0 days 02:02:17.844000
2024-07-07 15:07:15.233,6822,112,4,10,False,1,car,0 days 01:04:02.692000,0 days 02:02:18.204000
2024-07-07 15:07:15.593,7023,111,4,8,False,1,car,0 days 01:04:03.052000,0 days 02:02:18.564000
2024-07-07 15:07:15.833,7073,112,4,21,False,1,car,0 days 01:04:03.292000,0 days 02:02:18.804000
2024-07-07 15:07:15.993,7239,112,4,23,False,1,car,0 days 01:04:03.452000,0 days 02:02:18.964000
2024-07-07 15:07:16.153,7238,113,4,29,False,1,car,0 days 01:04:03.612000,0 days 02:02:19.124000
2024-07-07 15:07:16.353,7303,114,4,34,False,1,car,0 days 01:04:03.812000,0 days 02:02:19.324000
2024-07-07 15:07:16.593,7459,117,4,40,False,1,car,0 days 01:04:04.052000,0 days 02:02:19.564000
2024-07-07 15:07:16.752,7599,118,4,42,False,1,car,0 days 01:04:04.211000,0 days 02:02:19.723000
2024-07-07 15:07:17.072,7917,125,4,53,False,1,car,0 days 01:04:04.531000,0 days 02:02:20.043000
2024-07-07 15:07:17.272,8277,130,4,59,False,1,car,0 days 01:04:04.731000,0 days 02:02:20.243000
2024-07-07 15:07:17.472,8618,134,4,67,False,1,car,0 days 01:04:04.931000,0 days 02:02:20.443000
2024-07-07 15:07:17.632,8618,138,4,67,False,1,car,0 days 01:04:05.091000,0 days 02:02:20.603000
2024-07-07 15:07:17.912,9515,149,4,82,False,1,car,0 days 01:04:05.371000,0 days 02:02:20.883000
2024-07-07 15:07:18.232,10250,156,4,93,False,1,car,0 days 01:04:05.691000,0 days 02:02:21.203000
2024-07-07 15:07:18.512,11079,173,4,100,False,1,car,0 days 01:04:05.971000,0 days 02:02:21.483000
2024-07-07 15:07:18.672,11540,181,4,100,False,1,car,0 days 01:04:06.131000,0 days 02:02:21.643000
2024-07-07 15:07:18.872,11918,189,4,100,False,1,car,0 days 01:04:06.331000,0 days 02:02:21.843000
2024-07-07 15:07:19.153,10801,196,4,100,False,1,car,0 days 01:04:06.612000,0 days 02:02:22.124000
2024-07-07 15:07:19.393,10904,203,5,100,False,1,car,0 days 01:04:06.852000,0 days 02:02:22.364000
2024-07-07 15:07:19.713,11421,216,5,100,False,1,car,0 days 01:04:07.172000,0 days 02:02:22.684000
2024-07-07 15:07:20.033,11872,225,5,100,False,1,car,0 days 01:04:07.492000,0 days 02:02:23.004000
2024-07-07 15:07:20.393,11157,234,5,100,False,1,car,0 days 01:04:07.852000,0 days 02:02:23.364000
2024-07-07 15:07:20.553,10604,236,6,100,False,1,car,0 days 01:04:08.012000,0 days 02:02:23.524000
2024-07-07 15:07:20.713,10972,238,6,100,False,1,car,0 days 01:04:08.172000,0 days 02:02:23.684000
2024-07-07 15:07:20.953,11253,244,6,100,False,1,car,0 days 01:04:08.412000,0 days 02:02:23.924000
2024-07-07 15:07:21.193,11421,249,6,100,False,1,car,0 days 01:04:08.652000,0 days 02:02:24.164000
2024-07-07 15:07:21.433,11564,251,6,100,False,1,car,0 days 01:04:08.892000,0 days 02:02:24.404000
2024-07-07 15:07:21.593,11679,255,6,100,False,1,car,0 days 01:04:09.052000,0 days 02:02:24.564000
2024-07-07 15:07:21.953,10894,257,7,100,False,1,car,0 days 01:04:09.412000,0 days 02:02:24.924000
2024-07-07 15:07:22.233,10622,265,7,100,False,1,car,0 days 01:04:09.692000,0 days 02:02:25.204000
2024-07-07 15:07:22.433,10764,265,7,100,False,1,car,0 days 01:04:09.892000,0 days 02:02:25.404000
2024-07-07 15:07:22.593,10801,270,7,100,False,1,car,0 days 01:04:10.052000,0 days 02:02:25.564000
2024-07-07 15:07:22.793,10860,271,7,100,False,1,car,0 days 01:04:10.252000,0 days 02:02:25.764000
2024-07-07 15:07:23.073,10977,274,7,100,False,1,car,0 days 01:04:10.532000,0 days 02:02:26.044000
2024-07-07 15:07:23.273,11052,276,7,100,False,1,car,0 days 01:04:10.732000,0 days 02:02:26.244000
2024-07-07 15:07:23.512,11116,279,7,100,False,1,car,0 days 01:04:10.971000,0 days 02:02:26.483000
2024-07-07 15:07:23.792,11266,282,7,100,False,1,car,0 days 01:04:11.251000,0 days 02:02:26.763000
2024-07-07 15:07:23.992,11273,284,7,100,False,1,car,0 days 01:04:11.451000,0 days 02:02:26.963000
2024-07-07 15:07:24.272,11418,286,7,100,False,1,car,0 days 01:04:11.731000,0 days 02:02:27.243000
2024-07-07 15:07:24.552,11478,285,7,100,False,1,car,0 days 01:04:12.011000,0 days 02:02:27.523000
2024-07-07 15:07:24.792,11528,289,7,100,False,1,car,0 days 01:04:12.251000,0 days 02:02:27.763000
2024-07-07 15:07:25.152,11568,289,7,100,False,1,car,0 days 01:04:12.611000,0 days 02:02:28.123000
2024-07-07 15:07:25.513,11541,289,7,100,False,1,car,0 days 01:04:12.972000,0 days 02:02:28.484000
2024-07-07 15:07:25.793,11552,289,7,100,False,1,car,0 days 01:04:13.252000,0 days 02:02:28.764000
2024-07-07 15:07:26.193,11575,291,7,100,False,1,car,0 days 01:04:13.652000,0 days 02:02:29.164000
2024-07-07 15:07:26.473,11573,290,7,100,False,1,car,0 days 01:04:13.932000,0 days 02:02:29.444000
2024-07-07 15:07:26.753,11551,290,7,100,False,1,car,0 days 01:04:14.212000,0 days 02:02:29.724000
2024-07-07 15:07:26.953,11626,291,7,100,False,1,car,0 days 01:04:14.412000,0 days 02:02:29.924000
2024-07-07 15:07:27.153,11634,291,7,100,False,1,car,0 days 01:04:14.612000,0 days 02:02:30.124000
2024-07-07 15:07:27.313,11590,291,7,100,False,1,car,0 days 01:04:14.772000,0 days 02:02:30.284000
2024-07-07 15:07:27.713,11087,279,7,0,True,1,car,0 days 01:04:15.172000,0 days 02:02:30.684000
2024-07-07 15:07:27.913,10479,271,7,0,True,1,car,0 days 01:04:15.372000,0 days 02:02:30.884000
2024-07-07 15:07:28.113,10016,248,7,0,True,1,car,0 days 01:04:15.572000,0 days 02:02:31.084000
2024-07-07 15:07:28.313,10683,239,7,0,True,1,car,0 days 01:04:15.772000,0 days 02:02:31.284000
2024-07-07 15:07:28.553,10582,231,6,23,False,1,car,0 days 01:04:16.012000,0 days 02:02:31.524000
2024-07-07 15:07:28.753,10488,228,6,31,False,1,car,0 days 01:04:16.212000,0 days 02:02:31.724000
2024-07-07 15:07:28.953,10372,227,6,57,False,1,car,0 days 01:04:16.412000,0 days 02:02:31.924000
2024-07-07 15:07:29.433,10472,229,6,76,False,1,car,0 days 01:04:16.892000,0 days 02:02:32.404000
2024-07-07 15:07:29.873,10606,232,6,77,False,1,car,0 days 01:04:17.332000,0 days 02:02:32.844000
2024-07-07 15:07:30.272,10743,234,6,75,False,1,car,0 days 01:04:17.731000,0 days 02:02:33.243000
2024-07-07 15:07:30.712,10936,238,6,100,False,1,car,0 days 01:04:18.171000,0 days 02:02:33.683000
2024-07-07 15:07:31.032,11145,244,6,100,False,1,car,0 days 01:04:18.491000,0 days 02:02:34.003000
2024-07-07 15:07:31.272,11368,248,6,100,False,1,car,0 days 01:04:18.731000,0 days 02:02:34.243000
2024-07-07 15:07:31.632,11620,253,6,100,False,1,car,0 days 01:04:19.091000,0 days 02:02:34.603000
2024-07-07 15:07:31.832,11695,256,6,100,False,1,car,0 days 01:04:19.291000,0 days 02:02:34.803000
2024-07-07 15:07:32.073,10809,261,6,100,False,1,car,0 days 01:04:19.532000,0 days 02:02:35.044000
2024-07-07 15:07:32.473,10556,266,7,100,False,1,car,0 days 01:04:19.932000,0 days 02:02:35.444000
2024-07-07 15:07:32.673,10807,269,7,100,False,1,car,0 days 01:04:20.132000,0 days 02:02:35.644000
2024-07-07 15:07:32.873,10842,269,7,100,False,1,car,0 days 01:04:20.332000,0 days 02:02:35.844000
2024-07-07 15:07:33.113,10912,272,7,100,False,1,car,0 days 01:04:20.572000,0 days 02:02:36.084000
2024-07-07 15:07:33.313,10999,274,7,100,False,1,car,0 days 01:04:20.772000,0 days 02:02:36.284000
2024-07-07 15:07:33.473,11083,277,7,100,False,1,car,0 days 01:04:20.932000,0 days 02:02:36.444000
2024-07-07 15:07:33.913,11199,281,7,100,False,1,car,0 days 01:04:21.372000,0 days 02:02:36.884000
2024-07-07 15:07:34.193,11298,282,7,100,False,1,car,0 days 01:04:21.652000,0 days 02:02:37.164000
2024-07-07 15:07:34.553,11382,285,7,100,False,1,car,0 days 01:04:22.012000,0 days 02:02:37.524000
2024-07-07 15:07:34.713,11412,286,7,100,False,1,car,0 days 01:04:22.172000,0 days 02:02:37.684000
2024-07-07 15:07:34.953,11488,288,7,100,False,1,car,0 days 01:04:22.412000,0 days 02:02:37.924000
2024-07-07 15:07:35.113,11506,288,7,100,False,1,car,0 days 01:04:22.572000,0 days 02:02:38.084000
2024-07-07 15:07:35.353,11529,289,7,100,False,1,car,0 days 01:04:22.812000,0 days 02:02:38.324000
2024-07-07 15:07:35.833,11567,290,7,100,False,1,car,0 days 01:04:23.292000,0 days 02:02:38.804000
2024-07-07 15:07:36.193,11569,289,7,100,False,1,car,0 days 01:04:23.652000,0 days 02:02:39.164000
2024-07-07 15:07:36.513,11578,290,7,100,False,1,car,0 days 01:04:23.972000,0 days 02:02:39.484000
2024-07-07 15:07:36.753,11563,289,7,100,False,1,car,0 days 01:04:24.212000,0 days 02:02:39.724000
2024-07-07 15:07:36.952,11472,289,7,71,True,1,car,0 days 01:04:24.411000,0 days 02:02:39.923000
2024-07-07 15:07:37.192,11052,272,7,71,True,1,car,0 days 01:04:24.651000,0 days 02:02:40.163000
2024-07-07 15:07:37.432,10391,262,7,0,True,1,car,0 days 01:04:24.891000,0 days 02:02:40.403000
2024-07-07 15:07:37.752,11367,253,6,12,False,1,car,0 days 01:04:25.211000,0 days 02:02:40.723000
2024-07-07 15:07:37.992,10932,245,6,26,False,1,car,0 days 01:04:25.451000,0 days 02:02:40.963000
2024-07-07 15:07:38.272,11098,243,6,69,False,1,car,0 days 01:04:25.731000,0 days 02:02:41.243000
2024-07-07 15:07:38.632,11307,246,6,84,False,1,car,0 days 01:04:26.091000,0 days 02:02:41.603000
2024-07-07 15:07:38.873,11350,249,6,91,False,1,car,0 days 01:04:26.332000,0 days 02:02:41.844000
2024-07-07 15:07:39.113,11383,250,6,100,False,1,car,0 days 01:04:26.572000,0 days 02:02:42.084000
2024-07-07 15:07:39.313,11755,251,6,100,True,1,car,0 days 01:04:26.772000,0 days 02:02:42.284000
2024-07-07 15:07:39.513,11755,244,6,0,True,1,car,0 days 01:04:26.972000,0 days 02:02:42.484000
2024-07-07 15:07:39.913,10061,223,6,0,True,1,car,0 days 01:04:27.372000,0 days 02:02:42.884000
2024-07-07 15:07:40.113,9827,217,6,0,False,1,car,0 days 01:04:27.572000,0 days 02:02:43.084000
2024-07-07 15:07:40.353,9719,213,6,32,False,1,car,0 days 01:04:27.812000,0 days 02:02:43.324000
2024-07-07 15:07:40.593,9608,210,6,37,False,1,car,0 days 01:04:28.052000,0 days 02:02:43.564000
2024-07-07 15:07:40.953,9583,208,6,60,False,1,car,0 days 01:04:28.412000,0 days 02:02:43.924000
2024-07-07 15:07:41.113,9622,208,6,64,False,1,car,0 days 01:04:28.572000,0 days 02:02:44.084000
2024-07-07 15:07:41.353,9558,210,6,69,False,1,car,0 days 01:04:28.812000,0 days 02:02:44.324000
2024-07-07 15:07:41.673,9215,200,6,0,True,1,car,0 days 01:04:29.132000,0 days 02:02:44.644000
2024-07-07 15:07:41.913,10096,194,6,0,True,1,car,0 days 01:04:29.372000,0 days 02:02:44.884000
2024-07-07 15:07:42.393,10040,185,5,30,False,1,car,0 days 01:04:29.852000,0 days 02:02:45.364000
2024-07-07 15:07:42.553,9735,185,5,41,False,1,car,0 days 01:04:30.012000,0 days 02:02:45.524000
2024-07-07 15:07:42.953,9690,182,5,46,False,1,car,0 days 01:04:30.412000,0 days 02:02:45.924000
2024-07-07 15:07:43.273,9782,184,5,61,False,1,car,0 days 01:04:30.732000,0 days 02:02:46.244000
2024-07-07 15:07:43.552,10015,186,5,72,False,1,car,0 days 01:04:31.011000,0 days 02:02:46.523000
2024-07-07 15:07:43.752,10159,190,5,65,False,1,car,0 days 01:04:31.211000,0 days 02:02:46.723000
2024-07-07 15:07:44.032,10295,193,5,84,False,1,car,0 days 01:04:31.491000,0 days 02:02:47.003000
2024-07-07 15:07:44.352,10904,202,5,100,False,1,car,0 days 01:04:31.811000,0 days 02:02:47.323000
2024-07-07 15:07:44.552,11234,206,5,100,False,1,car,0 days 01:04:32.011000,0 days 02:02:47.523000
2024-07-07 15:07:44.952,11716,218,5,100,False,1,car,0 days 01:04:32.411000,0 days 02:02:47.923000
2024-07-07 15:07:45.233,11302,226,5,100,False,1,car,0 days 01:04:32.692000,0 days 02:02:48.204000
2024-07-07 15:07:45.593,10750,235,6,100,False,1,car,0 days 01:04:33.052000,0 days 02:02:48.564000
2024-07-07 15:07:45.873,10994,240,6,100,False,1,car,0 days 01:04:33.332000,0 days 02:02:48.844000
2024-07-07 15:07:46.153,11196,243,6,100,False,1,car,0 days 01:04:33.612000,0 days 02:02:49.124000
2024-07-07 15:07:46.433,11352,245,6,100,False,1,car,0 days 01:04:33.892000,0 days 02:02:49.404000
2024-07-07 15:07:46.673,11569,253,6,100,False,1,car,0 days 01:04:34.132000,0 days 02:02:49.644000
2024-07-07 15:07:47.033,11728,257,6,100,False,1,car,0 days 01:04:34.492000,0 days 02:02:50.004000
2024-07-07 15:07:47.513,10607,264,7,100,False,1,car,0 days 01:04:34.972000,0 days 02:02:50.484000
2024-07-07 15:07:47.753,10646,266,7,100,False,1,car,0 days 01:04:35.212000,0 days 02:02:50.724000
2024-07-07 15:07:48.073,10841,270,7,100,False,1,car,0 days 01:04:35.532000,0 days 02:02:51.044000
2024-07-07 15:07:48.313,10927,272,7,100,False,1,car,0 days 01:04:35.772000,0 days 02:02:51.284000
2024-07-07 15:07:48.673,11071,276,7,100,False,1,car,0 days 01:04:36.132000,0 days 02:02:51.644000
2024-07-07 15:07:49.153,11197,279,7,100,False,1,car,0 days 01:04:36.612000,0 days 02:02:52.124000
2024-07-07 15:07:49.473,11322,282,7,100,False,1,car,0 days 01:04:36.932000,0 days 02:02:52.444000
2024-07-07 15:07:49.993,11454,286,7,100,False,1,car,0 days 01:04:37.452000,0 days 02:02:52.964000
2024-07-07 15:07:50.352,11554,288,7,100,False,1,car,0 days 01:04:37.811000,0 days 02:02:53.323000
2024-07-07 15:07:50.792,11599,290,7,100,False,1,car,0 days 01:04:38.251000,0 days 02:02:53.763000
2024-07-07 15:07:51.032,11587,290,7,100,False,1,car,0 days 01:04:38.491000,0 days 02:02:54.003000
2024-07-07 15:07:51.232,11616,291,7,100,False,1,car,0 days 01:04:38.691000,0 days 02:02:54.203000
2024-07-07 15:07:51.512,11606,290,7,100,False,1,car,0 days 01:04:38.971000,0 days 02:02:54.483000
2024-07-07 15:07:51.833,11612,291,7,100,False,1,car,0 days 01:04:39.292000,0 days 02:02:54.804000
2024-07-07 15:07:52.033,11556,291,7,100,False,1,car,0 days 01:04:39.492000,0 days 02:02:55.004000
2024-07-07 15:07:52.393,11573,291,7,100,False,1,car,0 days 01:04:39.852000,0 days 02:02:55.364000
2024-07-07 15:07:52.553,11587,290,7,100,False,1,car,0 days 01:04:40.012000,0 days 02:02:55.524000
2024-07-07 15:07:52.753,11559,290,7,100,False,1,car,0 days 01:04:40.212000,0 days 02:02:55.724000
2024-07-07 15:07:52.993,11607,290,7,100,False,1,car,0 days 01:04:40.452000,0 days 02:02:55.964000
2024-07-07 15:07:53.153,11576,289,7,100,False,1,car,0 days 01:04:40.612000,0 days 02:02:56.124000
2024-07-07 15:07:53.473,11544,289,7,100,False,1,car,0 days 01:04:40.932000,0 days 02:02:56.444000
2024-07-07 15:07:53.673,11591,288,7,100,False,1,car,0 days 01:04:41.132000,0 days 02:02:56.644000
2024-07-07 15:07:53.913,11559,289,7,100,False,1,car,0 days 01:04:41.372000,0 days 02:02:56.884000
2024-07-07 15:07:54.233,11562,289,7,100,False,1,car,0 days 01:04:41.692000,0 days 02:02:57.204000
2024-07-07 15:07:54.513,11541,289,7,100,False,1,car,0 days 01:04:41.972000,0 days 02:02:57.484000
2024-07-07 15:07:54.673,11524,288,7,100,False,1,car,0 days 01:04:42.132000,0 days 02:02:57.644000
2024-07-07 15:07:54.913,11459,287,7,100,False,1,car,0 days 01:04:42.372000,0 days 02:02:57.884000
2024-07-07 15:07:55.273,10514,262,7,0,True,1,car,0 days 01:04:42.732000,0 days 02:02:58.244000
2024-07-07 15:07:55.473,10081,244,7,0,True,1,car,0 days 01:04:42.932000,0 days 02:02:58.444000
2024-07-07 15:07:55.713,10061,226,7,0,True,1,car,0 days 01:04:43.172000,0 days 02:02:58.684000
2024-07-07 15:07:55.913,9926,214,6,0,True,1,car,0 days 01:04:43.372000,0 days 02:02:58.884000
2024-07-07 15:07:56.193,10469,201,6,0,True,1,car,0 days 01:04:43.652000,0 days 02:02:59.164000
2024-07-07 15:07:56.473,10126,193,5,3,False,1,car,0 days 01:04:43.932000,0 days 02:02:59.444000
2024-07-07 15:07:56.793,9891,189,5,37,False,1,car,0 days 01:04:44.252000,0 days 02:02:59.764000
2024-07-07 15:07:56.992,9848,187,5,43,False,1,car,0 days 01:04:44.451000,0 days 02:02:59.963000
2024-07-07 15:07:57.272,9957,185,5,48,False,1,car,0 days 01:04:44.731000,0 days 02:03:00.243000
2024-07-07 15:07:57.512,9988,186,5,54,False,1,car,0 days 01:04:44.971000,0 days 02:03:00.483000
2024-07-07 15:07:57.832,9983,187,5,63,False,1,car,0 days 01:04:45.291000,0 days 02:03:00.803000
2024-07-07 15:07:58.112,10165,191,5,70,False,1,car,0 days 01:04:45.571000,0 days 02:03:01.083000
2024-07-07 15:07:58.393,10387,194,5,73,False,1,car,0 days 01:04:45.852000,0 days 02:03:01.364000
2024-07-07 15:07:58.633,10531,198,5,78,False,1,car,0 days 01:04:46.092000,0 days 02:03:01.604000
2024-07-07 15:07:58.833,10850,202,5,100,False,1,car,0 days 01:04:46.292000,0 days 02:03:01.804000
2024-07-07 15:07:59.073,11094,210,5,100,False,1,car,0 days 01:04:46.532000,0 days 02:03:02.044000
2024-07-07 15:07:59.313,11422,214,5,100,False,1,car,0 days 01:04:46.772000,0 days 02:03:02.284000
2024-07-07 15:07:59.673,11690,224,5,100,False,1,car,0 days 01:04:47.132000,0 days 02:03:02.644000
2024-07-07 15:07:59.833,11690,224,6,100,False,1,car,0 days 01:04:47.292000,0 days 02:03:02.804000
2024-07-07 15:08:00.073,10990,233,6,100,False,1,car,0 days 01:04:47.532000,0 days 02:03:03.044000
2024-07-07 15:08:00.473,10955,239,6,100,False,1,car,0 days 01:04:47.932000,0 days 02:03:03.444000
2024-07-07 15:08:00.873,11166,244,6,100,False,1,car,0 days 01:04:48.332000,0 days 02:03:03.844000
2024-07-07 15:08:01.033,11214,246,6,100,False,1,car,0 days 01:04:48.492000,0 days 02:03:04.004000
2024-07-07 15:08:01.233,11329,248,6,100,False,1,car,0 days 01:04:48.692000,0 days 02:03:04.204000
2024-07-07 15:08:01.393,11422,251,6,100,False,1,car,0 days 01:04:48.852000,0 days 02:03:04.364000
2024-07-07 15:08:01.713,11510,253,6,100,False,1,car,0 days 01:04:49.172000,0 days 02:03:04.684000
2024-07-07 15:08:02.113,11664,255,6,100,False,1,car,0 days 01:04:49.572000,0 days 02:03:05.084000
2024-07-07 15:08:02.393,11712,258,6,100,False,1,car,0 days 01:04:49.852000,0 days 02:03:05.364000
2024-07-07 15:08:02.673,11836,259,6,100,False,1,car,0 days 01:04:50.132000,0 days 02:03:05.644000
2024-07-07 15:08:02.913,11629,256,6,100,True,1,car,0 days 01:04:50.372000,0 days 02:03:05.884000
2024-07-07 15:08:03.073,11069,237,6,0,True,1,car,0 days 01:04:50.532000,0 days 02:03:06.044000
2024-07-07 15:08:03.473,9391,198,6,0,True,1,car,0 days 01:04:50.932000,0 days 02:03:06.444000
2024-07-07 15:08:03.712,9328,179,6,0,True,1,car,0 days 01:04:51.171000,0 days 02:03:06.683000
2024-07-07 15:08:03.952,9047,165,5,0,True,1,car,0 days 01:04:51.411000,0 days 02:03:06.923000
2024-07-07 15:08:04.232,9793,144,4,0,True,1,car,0 days 01:04:51.691000,0 days 02:03:07.203000
2024-07-07 15:08:04.552,8974,127,3,0,True,1,car,0 days 01:04:52.011000,0 days 02:03:07.523000
2024-07-07 15:08:04.792,8566,115,3,0,True,1,car,0 days 01:04:52.251000,0 days 02:03:07.763000
2024-07-07 15:08:05.113,7908,108,3,0,True,1,car,0 days 01:04:52.572000,0 days 02:03:08.084000
2024-07-07 15:08:05.313,7749,105,3,0,True,1,car,0 days 01:04:52.772000,0 days 02:03:08.284000
2024-07-07 15:08:05.633,7509,102,3,0,False,1,car,0 days 01:04:53.092000,0 days 02:03:08.604000
2024-07-07 15:08:05.913,7556,99,3,3,False,1,car,0 days 01:04:53.372000,0 days 02:03:08.884000
2024-07-07 15:08:06.113,7477,100,3,9,False,1,car,0 days 01:04:53.572000,0 days 02:03:09.084000
2024-07-07 15:08:06.393,7433,100,3,18,False,1,car,0 days 01:04:53.852000,0 days 02:03:09.364000
2024-07-07 15:08:06.833,7663,103,3,32,False,1,car,0 days 01:04:54.292000,0 days 02:03:09.804000
2024-07-07 15:08:06.993,7774,104,3,32,False,1,car,0 days 01:04:54.452000,0 days 02:03:09.964000
2024-07-07 15:08:07.153,7774,105,3,32,False,1,car,0 days 01:04:54.612000,0 days 02:03:10.124000
2024-07-07 15:08:07.393,7966,107,3,17,False,1,car,0 days 01:04:54.852000,0 days 02:03:10.364000
2024-07-07 15:08:07.713,7922,105,3,5,False,1,car,0 days 01:04:55.172000,0 days 02:03:10.684000
2024-07-07 15:08:08.073,7756,106,3,25,False,1,car,0 days 01:04:55.532000,0 days 02:03:11.044000
2024-07-07 15:08:08.433,8005,107,3,36,False,1,car,0 days 01:04:55.892000,0 days 02:03:11.404000
2024-07-07 15:08:08.833,8656,114,3,49,False,1,car,0 days 01:04:56.292000,0 days 02:03:11.804000
2024-07-07 15:08:08.993,8779,118,3,49,False,1,car,0 days 01:04:56.452000,0 days 02:03:11.964000
2024-07-07 15:08:09.233,9213,120,3,59,False,1,car,0 days 01:04:56.692000,0 days 02:03:12.204000
2024-07-07 15:08:09.473,9613,130,3,61,False,1,car,0 days 01:04:56.932000,0 days 02:03:12.444000
2024-07-07 15:08:09.633,9613,133,3,61,False,1,car,0 days 01:04:57.092000,0 days 02:03:12.604000
2024-07-07 15:08:09.833,9633,139,3,65,False,1,car,0 days 01:04:57.292000,0 days 02:03:12.804000
2024-07-07 15:08:09.993,9199,142,4,70,False,1,car,0 days 01:04:57.452000,0 days 02:03:12.964000
2024-07-07 15:08:10.353,9803,155,4,81,False,1,car,0 days 01:04:57.812000,0 days 02:03:13.324000
2024-07-07 15:08:10.512,10299,162,4,83,False,1,car,0 days 01:04:57.971000,0 days 02:03:13.483000
2024-07-07 15:08:10.672,10690,170,4,88,False,1,car,0 days 01:04:58.131000,0 days 02:03:13.643000
2024-07-07 15:08:10.912,11178,178,4,96,False,1,car,0 days 01:04:58.371000,0 days 02:03:13.883000
2024-07-07 15:08:11.112,10042,184,4,72,False,1,car,0 days 01:04:58.571000,0 days 02:03:14.083000
2024-07-07 15:08:11.352,10211,189,5,100,False,1,car,0 days 01:04:58.811000,0 days 02:03:14.323000
2024-07-07 15:08:11.593,10646,200,5,100,False,1,car,0 days 01:04:59.052000,0 days 02:03:14.564000
2024-07-07 15:08:11.753,10978,203,5,100,False,1,car,0 days 01:04:59.212000,0 days 02:03:14.724000
2024-07-07 15:08:11.993,11338,212,5,100,False,1,car,0 days 01:04:59.452000,0 days 02:03:14.964000
2024-07-07 15:08:12.153,11473,212,5,100,False,1,car,0 days 01:04:59.612000,0 days 02:03:15.124000
2024-07-07 15:08:12.393,11737,221,5,100,False,1,car,0 days 01:04:59.852000,0 days 02:03:15.364000
2024-07-07 15:08:12.673,10505,228,6,100,False,1,car,0 days 01:05:00.132000,0 days 02:03:15.644000
2024-07-07 15:08:12.873,10650,232,6,100,False,1,car,0 days 01:05:00.332000,0 days 02:03:15.844000
2024-07-07 15:08:13.153,10876,235,6,100,False,1,car,0 days 01:05:00.612000,0 days 02:03:16.124000
2024-07-07 15:08:13.393,11027,240,6,100,False,1,car,0 days 01:05:00.852000,0 days 02:03:16.364000
2024-07-07 15:08:13.593,11300,247,6,100,False,1,car,0 days 01:05:01.052000,0 days 02:03:16.564000
2024-07-07 15:08:13.753,11381,248,6,100,False,1,car,0 days 01:05:01.212000,0 days 02:03:16.724000
2024-07-07 15:08:13.993,11606,253,6,100,False,1,car,0 days 01:05:01.452000,0 days 02:03:16.964000
2024-07-07 15:08:14.233,11744,257,6,100,False,1,car,0 days 01:05:01.692000,0 days 02:03:17.204000
2024-07-07 15:08:14.393,11853,259,6,100,False,1,car,0 days 01:05:01.852000,0 days 02:03:17.364000
2024-07-07 15:08:14.673,11013,265,7,100,False,1,car,0 days 01:05:02.132000,0 days 02:03:17.644000
2024-07-07 15:08:15.033,10680,268,7,100,False,1,car,0 days 01:05:02.492000,0 days 02:03:18.004000
2024-07-07 15:08:15.353,10786,273,7,100,False,1,car,0 days 01:05:02.812000,0 days 02:03:18.324000
2024-07-07 15:08:15.553,10991,273,7,100,False,1,car,0 days 01:05:03.012000,0 days 02:03:18.524000
2024-07-07 15:08:15.753,11097,276,7,100,False,1,car,0 days 01:05:03.212000,0 days 02:03:18.724000
2024-07-07 15:08:15.993,11135,280,7,100,False,1,car,0 days 01:05:03.452000,0 days 02:03:18.964000
2024-07-07 15:08:16.313,11295,282,7,100,False,1,car,0 days 01:05:03.772000,0 days 02:03:19.284000
2024-07-07 15:08:16.513,11364,284,7,100,False,1,car,0 days 01:05:03.972000,0 days 02:03:19.484000
2024-07-07 15:08:16.753,11434,286,7,100,False,1,car,0 days 01:05:04.212000,0 days 02:03:19.724000
2024-07-07 15:08:17.033,11511,286,7,100,False,1,car,0 days 01:05:04.492000,0 days 02:03:20.004000
2024-07-07 15:08:17.312,11573,290,7,100,False,1,car,0 days 01:05:04.771000,0 days 02:03:20.283000
2024-07-07 15:08:17.592,11642,291,7,100,False,1,car,0 days 01:05:05.051000,0 days 02:03:20.563000
2024-07-07 15:08:17.952,10102,293,8,100,False,1,car,0 days 01:05:05.411000,0 days 02:03:20.923000
2024-07-07 15:08:18.353,10443,294,8,72,False,1,car,0 days 01:05:05.812000,0 days 02:03:21.324000
2024-07-07 15:08:18.793,10291,290,8,50,False,1,car,0 days 01:05:06.252000,0 days 02:03:21.764000
2024-07-07 15:08:19.193,10034,281,8,75,False,1,car,0 days 01:05:06.652000,0 days 02:03:22.164000
2024-07-07 15:08:19.433,9996,280,8,82,False,1,car,0 days 01:05:06.892000,0 days 02:03:22.404000
2024-07-07 15:08:19.673,10050,280,8,100,False,1,car,0 days 01:05:07.132000,0 days 02:03:22.644000
2024-07-07 15:08:19.953,10045,282,8,100,False,1,car,0 days 01:05:07.412000,0 days 02:03:22.924000
2024-07-07 15:08:20.233,10042,280,8,100,False,1,car,0 days 01:05:07.692000,0 days 02:03:23.204000
2024-07-07 15:08:20.393,10028,281,8,100,False,1,car,0 days 01:05:07.852000,0 days 02:03:23.364000
2024-07-07 15:08:20.593,10064,282,8,100,False,1,car,0 days 01:05:08.052000,0 days 02:03:23.564000
2024-07-07 15:08:20.793,10074,284,8,100,False,1,car,0 days 01:05:08.252000,0 days 02:03:23.764000
2024-07-07 15:08:20.993,10144,287,8,100,False,1,car,0 days 01:05:08.452000,0 days 02:03:23.964000
2024-07-07 15:08:21.193,10195,286,8,100,False,1,car,0 days 01:05:08.652000,0 days 02:03:24.164000
2024-07-07 15:08:21.353,10198,287,8,100,False,1,car,0 days 01:05:08.812000,0 days 02:03:24.324000
2024-07-07 15:08:21.593,10223,287,8,100,False,1,car,0 days 01:05:09.052000,0 days 02:03:24.564000
2024-07-07 15:08:22.113,10182,287,8,100,False,1,car,0 days 01:05:09.572000,0 days 02:03:25.084000
2024-07-07 15:08:22.393,10098,284,8,100,False,1,car,0 days 01:05:09.852000,0 days 02:03:25.364000
2024-07-07 15:08:22.553,10062,284,8,100,False,1,car,0 days 01:05:10.012000,0 days 02:03:25.524000
2024-07-07 15:08:22.913,10017,280,8,100,False,1,car,0 days 01:05:10.372000,0 days 02:03:25.884000
2024-07-07 15:08:23.153,9956,279,8,100,False,1,car,0 days 01:05:10.612000,0 days 02:03:26.124000
2024-07-07 15:08:23.473,9865,278,8,100,False,1,car,0 days 01:05:10.932000,0 days 02:03:26.444000
2024-07-07 15:08:23.912,9150,269,8,0,True,1,car,0 days 01:05:11.371000,0 days 02:03:26.883000
2024-07-07 15:08:24.152,8381,238,8,0,True,1,car,0 days 01:05:11.611000,0 days 02:03:27.123000
2024-07-07 15:08:24.312,8532,217,8,0,True,1,car,0 days 01:05:11.771000,0 days 02:03:27.283000
2024-07-07 15:08:24.713,8668,177,7,0,True,1,car,0 days 01:05:12.172000,0 days 02:03:27.684000
2024-07-07 15:08:24.873,8462,161,6,0,True,1,car,0 days 01:05:12.332000,0 days 02:03:27.844000
2024-07-07 15:08:25.033,8853,154,5,0,True,1,car,0 days 01:05:12.492000,0 days 02:03:28.004000
2024-07-07 15:08:25.233,8697,143,4,0,True,1,car,0 days 01:05:12.692000,0 days 02:03:28.204000
2024-07-07 15:08:25.513,8055,132,4,0,True,1,car,0 days 01:05:12.972000,0 days 02:03:28.484000
2024-07-07 15:08:25.673,7915,126,4,0,True,1,car,0 days 01:05:13.132000,0 days 02:03:28.644000
2024-07-07 15:08:25.913,7426,121,4,0,True,1,car,0 days 01:05:13.372000,0 days 02:03:28.884000
2024-07-07 15:08:26.193,7280,116,4,0,False,1,car,0 days 01:05:13.652000,0 days 02:03:29.164000
2024-07-07 15:08:26.433,7128,114,4,0,False,1,car,0 days 01:05:13.892000,0 days 02:03:29.404000
2024-07-07 15:08:26.633,7062,113,4,0,False,1,car,0 days 01:05:14.092000,0 days 02:03:29.604000
2024-07-07 15:08:26.873,6959,111,4,10,False,1,car,0 days 01:05:14.332000,0 days 02:03:29.844000
2024-07-07 15:08:27.193,7113,111,4,28,False,1,car,0 days 01:05:14.652000,0 days 02:03:30.164000
2024-07-07 15:08:27.353,7122,112,4,36,False,1,car,0 days 01:05:14.812000,0 days 02:03:30.324000
2024-07-07 15:08:27.513,7279,114,4,39,False,1,car,0 days 01:05:14.972000,0 days 02:03:30.484000
2024-07-07 15:08:27.713,7455,116,4,44,False,1,car,0 days 01:05:15.172000,0 days 02:03:30.684000
2024-07-07 15:08:27.913,7635,119,4,46,False,1,car,0 days 01:05:15.372000,0 days 02:03:30.884000
2024-07-07 15:08:28.153,7894,121,4,52,False,1,car,0 days 01:05:15.612000,0 days 02:03:31.124000
2024-07-07 15:08:28.353,8193,127,4,59,False,1,car,0 days 01:05:15.812000,0 days 02:03:31.324000
2024-07-07 15:08:28.633,8671,135,4,67,False,1,car,0 days 01:05:16.092000,0 days 02:03:31.604000
2024-07-07 15:08:28.913,8569,142,4,65,True,1,car,0 days 01:05:16.372000,0 days 02:03:31.884000
2024-07-07 15:08:29.073,8239,133,4,0,True,1,car,0 days 01:05:16.532000,0 days 02:03:32.044000
2024-07-07 15:08:29.393,8942,119,4,0,True,1,car,0 days 01:05:16.852000,0 days 02:03:32.364000
2024-07-07 15:08:29.553,8415,116,3,0,True,1,car,0 days 01:05:17.012000,0 days 02:03:32.524000
2024-07-07 15:08:29.873,7609,105,3,0,True,1,car,0 days 01:05:17.332000,0 days 02:03:32.844000
2024-07-07 15:08:30.233,7242,98,3,0,True,1,car,0 days 01:05:17.692000,0 days 02:03:33.204000
2024-07-07 15:08:30.433,7037,96,3,0,False,1,car,0 days 01:05:17.892000,0 days 02:03:33.404000
2024-07-07 15:08:30.672,6817,93,3,0,False,1,car,0 days 01:05:18.131000,0 days 02:03:33.643000
2024-07-07 15:08:30.872,6657,92,3,0,False,1,car,0 days 01:05:18.331000,0 days 02:03:33.843000
2024-07-07 15:08:31.152,6778,89,3,4,False,1,car,0 days 01:05:18.611000,0 days 02:03:34.123000
2024-07-07 15:08:31.353,6877,89,3,16,False,1,car,0 days 01:05:18.812000,0 days 02:03:34.324000
2024-07-07 15:08:31.593,6919,91,3,27,False,1,car,0 days 01:05:19.052000,0 days 02:03:34.564000
2024-07-07 15:08:31.953,7078,94,3,32,False,1,car,0 days 01:05:19.412000,0 days 02:03:34.924000
2024-07-07 15:08:32.313,8063,104,3,51,False,1,car,0 days 01:05:19.772000,0 days 02:03:35.284000
2024-07-07 15:08:32.593,8063,113,3,54,False,1,car,0 days 01:05:20.052000,0 days 02:03:35.564000
2024-07-07 15:08:32.873,9396,124,3,72,False,1,car,0 days 01:05:20.332000,0 days 02:03:35.844000
2024-07-07 15:08:33.033,9839,129,3,80,False,1,car,0 days 01:05:20.492000,0 days 02:03:36.004000
2024-07-07 15:08:33.393,11277,143,3,100,False,1,car,0 days 01:05:20.852000,0 days 02:03:36.364000
2024-07-07 15:08:33.593,10792,158,3,100,False,1,car,0 days 01:05:21.052000,0 days 02:03:36.564000
2024-07-07 15:08:33.913,10997,172,4,100,False,1,car,0 days 01:05:21.372000,0 days 02:03:36.884000
2024-07-07 15:08:34.233,10935,185,4,100,False,1,car,0 days 01:05:21.692000,0 days 02:03:37.204000
2024-07-07 15:08:34.513,10268,196,5,100,False,1,car,0 days 01:05:21.972000,0 days 02:03:37.484000
2024-07-07 15:08:34.673,10779,203,5,100,False,1,car,0 days 01:05:22.132000,0 days 02:03:37.644000
2024-07-07 15:08:35.033,11277,211,5,100,False,1,car,0 days 01:05:22.492000,0 days 02:03:38.004000
2024-07-07 15:08:35.273,11679,219,5,100,False,1,car,0 days 01:05:22.732000,0 days 02:03:38.244000
2024-07-07 15:08:35.433,11351,221,5,100,False,1,car,0 days 01:05:22.892000,0 days 02:03:38.404000
2024-07-07 15:08:35.633,10463,226,6,100,False,1,car,0 days 01:05:23.092000,0 days 02:03:38.604000
2024-07-07 15:08:35.873,10593,231,6,100,False,1,car,0 days 01:05:23.332000,0 days 02:03:38.844000
2024-07-07 15:08:36.233,10951,236,6,100,False,1,car,0 days 01:05:23.692000,0 days 02:03:39.204000
2024-07-07 15:08:36.553,11032,240,6,100,False,1,car,0 days 01:05:24.012000,0 days 02:03:39.524000
2024-07-07 15:08:36.713,11263,244,6,100,False,1,car,0 days 01:05:24.172000,0 days 02:03:39.684000
2024-07-07 15:08:36.913,11373,248,6,100,False,1,car,0 days 01:05:24.372000,0 days 02:03:39.884000
2024-07-07 15:08:37.113,11459,251,6,100,False,1,car,0 days 01:05:24.572000,0 days 02:03:40.084000
2024-07-07 15:08:37.472,11718,256,6,100,False,1,car,0 days 01:05:24.931000,0 days 02:03:40.443000
2024-07-07 15:08:37.632,11158,259,6,100,False,1,car,0 days 01:05:25.091000,0 days 02:03:40.603000
2024-07-07 15:08:37.832,10313,261,7,100,False,1,car,0 days 01:05:25.291000,0 days 02:03:40.803000
2024-07-07 15:08:38.153,10530,263,7,100,False,1,car,0 days 01:05:25.612000,0 days 02:03:41.124000
2024-07-07 15:08:38.473,10787,269,7,100,False,1,car,0 days 01:05:25.932000,0 days 02:03:41.444000
2024-07-07 15:08:38.753,10877,271,7,100,False,1,car,0 days 01:05:26.212000,0 days 02:03:41.724000
2024-07-07 15:08:39.153,10992,275,7,100,False,1,car,0 days 01:05:26.612000,0 days 02:03:42.124000
2024-07-07 15:08:39.313,11064,277,7,100,False,1,car,0 days 01:05:26.772000,0 days 02:03:42.284000
2024-07-07 15:08:39.553,11127,277,7,100,False,1,car,0 days 01:05:27.012000,0 days 02:03:42.524000
2024-07-07 15:08:39.793,11233,281,7,100,False,0,car,0 days 01:05:27.252000,0 days 02:03:42.764000
2024-07-07 15:08:39.953,11238,280,7,100,False,0,car,0 days 01:05:27.412000,0 days 02:03:42.924000
2024-07-07 15:08:40.313,11347,284,7,100,False,0,car,0 days 01:05:27.772000,0 days 02:03:43.284000
2024-07-07 15:08:40.633,11438,286,7,100,False,0,car,0 days 01:05:28.092000,0 days 02:03:43.604000
2024-07-07 15:08:40.793,11492,288,7,100,False,0,car,0 days 01:05:28.252000,0 days 02:03:43.764000
2024-07-07 15:08:40.993,11543,288,7,100,False,0,car,0 days 01:05:28.452000,0 days 02:03:43.964000
2024-07-07 15:08:41.153,11558,289,7,100,False,0,car,0 days 01:05:28.612000,0 days 02:03:44.124000
2024-07-07 15:08:41.353,11609,290,7,100,False,0,car,0 days 01:05:28.812000,0 days 02:03:44.324000
2024-07-07 15:08:41.593,11637,291,7,100,False,0,car,0 days 01:05:29.052000,0 days 02:03:44.564000
2024-07-07 15:08:41.793,11617,291,7,100,False,0,car,0 days 01:05:29.252000,0 days 02:03:44.764000
2024-07-07 15:08:42.033,11601,291,7,100,False,0,car,0 days 01:05:29.492000,0 days 02:03:45.004000
2024-07-07 15:08:42.313,11589,291,7,100,False,0,car,0 days 01:05:29.772000,0 days 02:03:45.284000
2024-07-07 15:08:42.673,11447,287,7,100,False,0,car,0 days 01:05:30.132000,0 days 02:03:45.644000
2024-07-07 15:08:43.073,11365,285,7,100,False,0,car,0 days 01:05:30.532000,0 days 02:03:46.044000
2024-07-07 15:08:43.433,11303,284,7,100,False,0,car,0 days 01:05:30.892000,0 days 02:03:46.404000
2024-07-07 15:08:43.593,11257,283,7,100,False,0,car,0 days 01:05:31.052000,0 days 02:03:46.564000
2024-07-07 15:08:43.753,11212,282,7,79,True,0,car,0 days 01:05:31.212000,0 days 02:03:46.724000
2024-07-07 15:08:44.072,10048,251,7,0,True,0,car,0 days 01:05:31.531000,0 days 02:03:47.043000
2024-07-07 15:08:44.312,9798,232,7,0,True,0,car,0 days 01:05:31.771000,0 days 02:03:47.283000
2024-07-07 15:08:44.513,9604,215,7,0,True,0,car,0 days 01:05:31.972000,0 days 02:03:47.484000
2024-07-07 15:08:44.753,9956,202,6,0,True,0,car,0 days 01:05:32.212000,0 days 02:03:47.724000
2024-07-07 15:08:44.913,9871,192,6,0,True,0,car,0 days 01:05:32.372000,0 days 02:03:47.884000
2024-07-07 15:08:45.073,9600,188,5,0,True,0,car,0 days 01:05:32.532000,0 days 02:03:48.044000
2024-07-07 15:08:45.353,9119,176,5,0,True,0,car,0 days 01:05:32.812000,0 days 02:03:48.324000
2024-07-07 15:08:45.513,8804,169,5,0,True,0,car,0 days 01:05:32.972000,0 days 02:03:48.484000
2024-07-07 15:08:45.753,8551,162,5,0,False,0,car,0 days 01:05:33.212000,0 days 02:03:48.724000
2024-07-07 15:08:46.033,8302,159,5,0,False,0,car,0 days 01:05:33.492000,0 days 02:03:49.004000
2024-07-07 15:08:46.193,9562,159,5,0,False,0,car,0 days 01:05:33.652000,0 days 02:03:49.164000
2024-07-07 15:08:46.593,9489,151,4,21,False,0,car,0 days 01:05:34.052000,0 days 02:03:49.564000
2024-07-07 15:08:46.753,9505,150,4,37,False,0,car,0 days 01:05:34.212000,0 days 02:03:49.724000
2024-07-07 15:08:46.953,9515,150,4,47,False,0,car,0 days 01:05:34.412000,0 days 02:03:49.924000
2024-07-07 15:08:47.113,9580,150,4,48,False,0,car,0 days 01:05:34.572000,0 days 02:03:50.084000
2024-07-07 15:08:47.313,9646,152,4,55,False,0,car,0 days 01:05:34.772000,0 days 02:03:50.284000
2024-07-07 15:08:47.553,9858,154,4,67,False,0,car,0 days 01:05:35.012000,0 days 02:03:50.524000
2024-07-07 15:08:47.713,10162,159,4,69,False,0,car,0 days 01:05:35.172000,0 days 02:03:50.684000
2024-07-07 15:08:47.913,10463,162,4,74,False,0,car,0 days 01:05:35.372000,0 days 02:03:50.884000
2024-07-07 15:08:48.153,10692,169,4,73,False,0,car,0 days 01:05:35.612000,0 days 02:03:51.124000
2024-07-07 15:08:48.433,10423,176,4,16,True,0,car,0 days 01:05:35.892000,0 days 02:03:51.404000
2024-07-07 15:08:48.633,9834,167,4,0,True,0,car,0 days 01:05:36.092000,0 days 02:03:51.604000
2024-07-07 15:08:48.873,9879,153,4,0,True,0,car,0 days 01:05:36.332000,0 days 02:03:51.844000
2024-07-07 15:08:49.113,8960,149,4,0,True,0,car,0 days 01:05:36.572000,0 days 02:03:52.084000
2024-07-07 15:08:49.433,8499,139,4,0,True,0,car,0 days 01:05:36.892000,0 days 02:03:52.404000
2024-07-07 15:08:49.753,8263,131,4,0,True,0,car,0 days 01:05:37.212000,0 days 02:03:52.724000
2024-07-07 15:08:49.993,7852,125,4,0,True,0,car,0 days 01:05:37.452000,0 days 02:03:52.964000
2024-07-07 15:08:50.273,7544,122,4,0,False,0,car,0 days 01:05:37.732000,0 days 02:03:53.244000
2024-07-07 15:08:50.433,7450,121,4,0,False,0,car,0 days 01:05:37.892000,0 days 02:03:53.404000
2024-07-07 15:08:50.752,7465,117,4,12,False,0,car,0 days 01:05:38.211000,0 days 02:03:53.723000
2024-07-07 15:08:51.033,7385,116,4,20,False,0,car,0 days 01:05:38.492000,0 days 02:03:54.004000
2024-07-07 15:08:51.353,7387,116,4,35,False,0,car,0 days 01:05:38.812000,0 days 02:03:54.324000
2024-07-07 15:08:51.593,7561,118,4,42,False,0,car,0 days 01:05:39.052000,0 days 02:03:54.564000
2024-07-07 15:08:51.753,7659,119,4,47,False,0,car,0 days 01:05:39.212000,0 days 02:03:54.724000
2024-07-07 15:08:52.113,8224,128,4,61,False,0,car,0 days 01:05:39.572000,0 days 02:03:55.084000
2024-07-07 15:08:52.353,8601,134,4,72,False,0,car,0 days 01:05:39.812000,0 days 02:03:55.324000
2024-07-07 15:08:52.673,9347,148,4,85,False,0,car,0 days 01:05:40.132000,0 days 02:03:55.644000
2024-07-07 15:08:52.873,9958,158,4,100,False,0,car,0 days 01:05:40.332000,0 days 02:03:55.844000
2024-07-07 15:08:53.353,11270,175,4,100,False,0,car,0 days 01:05:40.812000,0 days 02:03:56.324000
2024-07-07 15:08:53.553,11628,182,4,100,False,0,car,0 days 01:05:41.012000,0 days 02:03:56.524000
2024-07-07 15:08:53.753,11628,188,4,100,False,0,car,0 days 01:05:41.212000,0 days 02:03:56.724000
2024-07-07 15:08:53.953,10928,196,5,100,False,0,car,0 days 01:05:41.412000,0 days 02:03:56.924000
2024-07-07 15:08:54.113,11012,203,5,100,False,0,car,0 days 01:05:41.572000,0 days 02:03:57.084000
2024-07-07 15:08:54.313,11297,210,5,100,False,0,car,0 days 01:05:41.772000,0 days 02:03:57.284000
2024-07-07 15:08:54.473,11543,215,5,100,False,0,car,0 days 01:05:41.932000,0 days 02:03:57.444000
2024-07-07 15:08:54.633,11653,217,5,100,False,0,car,0 days 01:05:42.092000,0 days 02:03:57.604000
2024-07-07 15:08:54.913,10967,226,5,100,False,0,car,0 days 01:05:42.372000,0 days 02:03:57.884000
2024-07-07 15:08:55.153,10849,230,6,100,False,0,car,0 days 01:05:42.612000,0 days 02:03:58.124000
2024-07-07 15:08:55.433,10944,237,6,100,False,0,car,0 days 01:05:42.892000,0 days 02:03:58.404000
2024-07-07 15:08:55.793,11245,246,6,100,False,0,car,0 days 01:05:43.252000,0 days 02:03:58.764000
2024-07-07 15:08:55.993,11390,248,6,100,False,0,car,0 days 01:05:43.452000,0 days 02:03:58.964000
2024-07-07 15:08:56.473,11651,256,6,100,False,0,car,0 days 01:05:43.932000,0 days 02:03:59.444000
2024-07-07 15:08:56.833,10466,259,7,100,False,0,car,0 days 01:05:44.292000,0 days 02:03:59.804000
2024-07-07 15:08:57.153,10685,264,7,100,False,0,car,0 days 01:05:44.612000,0 days 02:04:00.124000
2024-07-07 15:08:57.353,10647,267,7,100,False,0,car,0 days 01:05:44.812000,0 days 02:04:00.324000
2024-07-07 15:08:57.552,10801,269,7,100,False,0,car,0 days 01:05:45.011000,0 days 02:04:00.523000
2024-07-07 15:08:57.753,10880,272,7,100,False,0,car,0 days 01:05:45.212000,0 days 02:04:00.724000
2024-07-07 15:08:58.113,10987,276,7,100,False,0,car,0 days 01:05:45.572000,0 days 02:04:01.084000
2024-07-07 15:08:58.273,11137,278,7,100,False,0,car,0 days 01:05:45.732000,0 days 02:04:01.244000
2024-07-07 15:08:58.553,11201,279,7,100,False,0,car,0 days 01:05:46.012000,0 days 02:04:01.524000
2024-07-07 15:08:58.753,11287,282,7,100,False,0,car,0 days 01:05:46.212000,0 days 02:04:01.724000
2024-07-07 15:08:59.033,11372,284,7,100,False,0,car,0 days 01:05:46.492000,0 days 02:04:02.004000
2024-07-07 15:08:59.193,11448,286,7,100,False,0,car,0 days 01:05:46.652000,0 days 02:04:02.164000
2024-07-07 15:08:59.433,11523,288,7,100,False,0,car,0 days 01:05:46.892000,0 days 02:04:02.404000
2024-07-07 15:08:59.633,11548,290,7,100,False,0,car,0 days 01:05:47.092000,0 days 02:04:02.604000
2024-07-07 15:08:59.793,11606,290,7,100,False,0,car,0 days 01:05:47.252000,0 days 02:04:02.764000
2024-07-07 15:09:00.113,11674,294,7,100,False,0,car,0 days 01:05:47.572000,0 days 02:04:03.084000
2024-07-07 15:09:00.353,11034,294,7,100,False,0,car,0 days 01:05:47.812000,0 days 02:04:03.324000
2024-07-07 15:09:00.553,10256,295,8,100,False,0,car,0 days 01:05:48.012000,0 days 02:04:03.524000
2024-07-07 15:09:00.753,10597,296,8,100,False,0,car,0 days 01:05:48.212000,0 days 02:04:03.724000
2024-07-07 15:09:00.993,10585,298,8,100,False,0,car,0 days 01:05:48.452000,0 days 02:04:03.964000
2024-07-07 15:09:01.153,10589,297,8,100,False,0,car,0 days 01:05:48.612000,0 days 02:04:04.124000
2024-07-07 15:09:01.353,10590,297,8,100,False,0,car,0 days 01:05:48.812000,0 days 02:04:04.324000
2024-07-07 15:09:01.513,10538,296,8,100,False,0,car,0 days 01:05:48.972000,0 days 02:04:04.484000
2024-07-07 15:09:01.793,10468,296,8,100,False,0,car,0 days 01:05:49.252000,0 days 02:04:04.764000
2024-07-07 15:09:02.033,10453,294,8,100,False,0,car,0 days 01:05:49.492000,0 days 02:04:05.004000
2024-07-07 15:09:02.233,10415,294,8,100,False,0,car,0 days 01:05:49.692000,0 days 02:04:05.204000
2024-07-07 15:09:02.473,10359,292,8,100,False,0,car,0 days 01:05:49.932000,0 days 02:04:05.444000
2024-07-07 15:09:02.833,10311,291,8,72,False,0,car,0 days 01:05:50.292000,0 days 02:04:05.804000
2024-07-07 15:09:03.073,10100,284,8,20,False,0,car,0 days 01:05:50.532000,0 days 02:04:06.044000
2024-07-07 15:09:03.433,9789,280,8,3,False,0,car,0 days 01:05:50.892000,0 days 02:04:06.404000
2024-07-07 15:09:03.673,10582,269,8,0,False,0,car,0 days 01:05:51.132000,0 days 02:04:06.644000
2024-07-07 15:09:03.993,10439,260,7,43,False,0,car,0 days 01:05:51.452000,0 days 02:04:06.964000
2024-07-07 15:09:04.433,10363,257,7,73,False,0,car,0 days 01:05:51.892000,0 days 02:04:07.404000
2024-07-07 15:09:04.833,10492,258,7,100,False,0,car,0 days 01:05:52.292000,0 days 02:04:07.804000
2024-07-07 15:09:04.993,10523,261,7,97,False,0,car,0 days 01:05:52.452000,0 days 02:04:07.964000
2024-07-07 15:09:05.193,10636,262,7,100,False,0,car,0 days 01:05:52.652000,0 days 02:04:08.164000
2024-07-07 15:09:05.433,10628,263,7,100,False,0,car,0 days 01:05:52.892000,0 days 02:04:08.404000
2024-07-07 15:09:05.593,10727,267,7,100,False,0,car,0 days 01:05:53.052000,0 days 02:04:08.564000
2024-07-07 15:09:05.873,10822,270,7,100,False,0,car,0 days 01:05:53.332000,0 days 02:04:08.844000
2024-07-07 15:09:06.153,10913,271,7,100,False,0,car,0 days 01:05:53.612000,0 days 02:04:09.124000
2024-07-07 15:09:06.433,11027,275,7,100,False,0,car,0 days 01:05:53.892000,0 days 02:04:09.404000
2024-07-07 15:09:06.633,11080,276,7,100,False,0,car,0 days 01:05:54.092000,0 days 02:04:09.604000
2024-07-07 15:09:07.033,11210,280,7,100,False,0,car,0 days 01:05:54.492000,0 days 02:04:10.004000
2024-07-07 15:09:07.193,11260,281,7,100,False,0,car,0 days 01:05:54.652000,0 days 02:04:10.164000
2024-07-07 15:09:07.473,11334,285,7,100,False,0,car,0 days 01:05:54.932000,0 days 02:04:10.444000
2024-07-07 15:09:07.713,11427,285,7,100,False,0,car,0 days 01:05:55.172000,0 days 02:04:10.684000
2024-07-07 15:09:07.913,11469,287,7,100,False,0,car,0 days 01:05:55.372000,0 days 02:04:10.884000
2024-07-07 15:09:08.113,11524,287,7,100,False,0,car,0 days 01:05:55.572000,0 days 02:04:11.084000
2024-07-07 15:09:08.513,11581,288,7,100,False,0,car,0 days 01:05:55.972000,0 days 02:04:11.484000
2024-07-07 15:09:08.753,11646,291,7,100,False,0,car,0 days 01:05:56.212000,0 days 02:04:11.724000
2024-07-07 15:09:08.913,11640,291,7,100,False,0,car,0 days 01:05:56.372000,0 days 02:04:11.884000
2024-07-07 15:09:09.113,11693,292,7,100,False,0,car,0 days 01:05:56.572000,0 days 02:04:12.084000
2024-07-07 15:09:09.553,11766,294,7,100,False,0,car,0 days 01:05:57.012000,0 days 02:04:12.524000
2024-07-07 15:09:09.713,11785,296,7,100,False,0,car,0 days 01:05:57.172000,0 days 02:04:12.684000
2024-07-07 15:09:09.913,11854,296,7,100,False,0,car,0 days 01:05:57.372000,0 days 02:04:12.884000
2024-07-07 15:09:10.073,11714,296,7,100,False,0,car,0 days 01:05:57.532000,0 days 02:04:13.044000
2024-07-07 15:09:10.313,10344,297,8,100,False,0,car,0 days 01:05:57.772000,0 days 02:04:13.284000
2024-07-07 15:09:10.553,10467,297,8,100,False,0,car,0 days 01:05:58.012000,0 days 02:04:13.524000
2024-07-07 15:09:10.754,10571,299,8,100,False,0,car,0 days 01:05:58.213000,0 days 02:04:13.725000
2024-07-07 15:09:11.073,10652,299,8,100,False,0,car,0 days 01:05:58.532000,0 days 02:04:14.044000
2024-07-07 15:09:11.353,10632,299,8,89,False,0,car,0 days 01:05:58.812000,0 days 02:04:14.324000
2024-07-07 15:09:11.593,10678,295,8,52,False,0,car,0 days 01:05:59.052000,0 days 02:04:14.564000
2024-07-07 15:09:11.833,10479,289,8,0,False,0,car,0 days 01:05:59.292000,0 days 02:04:14.804000
2024-07-07 15:09:12.273,10997,281,7,39,False,0,car,0 days 01:05:59.732000,0 days 02:04:15.244000
2024-07-07 15:09:12.633,10694,266,7,72,False,0,car,0 days 01:06:00.092000,0 days 02:04:15.604000
2024-07-07 15:09:12.993,10707,266,7,100,False,0,car,0 days 01:06:00.452000,0 days 02:04:15.964000
2024-07-07 15:09:13.313,10650,268,7,100,False,0,car,0 days 01:06:00.772000,0 days 02:04:16.284000
2024-07-07 15:09:13.673,10127,260,7,0,True,0,car,0 days 01:06:01.132000,0 days 02:04:16.644000
2024-07-07 15:09:13.873,10025,251,7,0,True,0,car,0 days 01:06:01.332000,0 days 02:04:16.844000
2024-07-07 15:09:14.073,10621,248,7,0,True,0,car,0 days 01:06:01.532000,0 days 02:04:17.044000
2024-07-07 15:09:14.313,10732,239,6,0,False,0,car,0 days 01:06:01.772000,0 days 02:04:17.284000
2024-07-07 15:09:14.713,10611,228,6,38,False,0,car,0 days 01:06:02.172000,0 days 02:04:17.684000
2024-07-07 15:09:15.113,10356,226,6,64,False,0,car,0 days 01:06:02.572000,0 days 02:04:18.084000
2024-07-07 15:09:15.553,10266,220,6,0,True,0,car,0 days 01:06:03.012000,0 days 02:04:18.524000
2024-07-07 15:09:15.713,9986,211,6,0,True,0,car,0 days 01:06:03.172000,0 days 02:04:18.684000
2024-07-07 15:09:16.153,10559,200,5,19,False,0,car,0 days 01:06:03.612000,0 days 02:04:19.124000
2024-07-07 15:09:16.353,10543,196,5,51,False,0,car,0 days 01:06:03.812000,0 days 02:04:19.324000
2024-07-07 15:09:16.633,10420,196,5,48,False,0,car,0 days 01:06:04.092000,0 days 02:04:19.604000
2024-07-07 15:09:16.793,10444,195,5,46,False,0,car,0 days 01:06:04.252000,0 days 02:04:19.764000
2024-07-07 15:09:17.153,10493,195,5,63,False,0,car,0 days 01:06:04.612000,0 days 02:04:20.124000
2024-07-07 15:09:17.314,10612,197,5,68,False,0,car,0 days 01:06:04.773000,0 days 02:04:20.285000
2024-07-07 15:09:17.753,10851,202,5,79,False,0,car,0 days 01:06:05.212000,0 days 02:04:20.724000
2024-07-07 15:09:18.153,11296,210,5,100,False,0,car,0 days 01:06:05.612000,0 days 02:04:21.124000
2024-07-07 15:09:18.353,11516,216,5,100,False,0,car,0 days 01:06:05.812000,0 days 02:04:21.324000
2024-07-07 15:09:18.673,11516,225,5,100,False,0,car,0 days 01:06:06.132000,0 days 02:04:21.644000
2024-07-07 15:09:18.993,10778,233,6,100,False,0,car,0 days 01:06:06.452000,0 days 02:04:21.964000
2024-07-07 15:09:19.273,10960,237,6,100,False,0,car,0 days 01:06:06.732000,0 days 02:04:22.244000
2024-07-07 15:09:19.593,11183,244,6,100,False,0,car,0 days 01:06:07.052000,0 days 02:04:22.564000
2024-07-07 15:09:19.793,11280,247,6,100,False,0,car,0 days 01:06:07.252000,0 days 02:04:22.764000
2024-07-07 15:09:20.193,11547,252,6,100,False,0,car,0 days 01:06:07.652000,0 days 02:04:23.164000
2024-07-07 15:09:20.353,11547,253,6,100,False,0,car,0 days 01:06:07.812000,0 days 02:04:23.324000
2024-07-07 15:09:20.553,11758,254,6,100,False,0,car,0 days 01:06:08.012000,0 days 02:04:23.524000
2024-07-07 15:09:20.993,10582,263,6,100,False,0,car,0 days 01:06:08.452000,0 days 02:04:23.964000
2024-07-07 15:09:21.153,10846,263,7,100,False,0,car,0 days 01:06:08.612000,0 days 02:04:24.124000
2024-07-07 15:09:21.313,10656,267,7,100,False,0,car,0 days 01:06:08.772000,0 days 02:04:24.284000
2024-07-07 15:09:21.513,10790,270,7,100,False,0,car,0 days 01:06:08.972000,0 days 02:04:24.484000
2024-07-07 15:09:21.833,10937,272,7,100,False,0,car,0 days 01:06:09.292000,0 days 02:04:24.804000
2024-07-07 15:09:22.073,11034,276,7,100,False,0,car,0 days 01:06:09.532000,0 days 02:04:25.044000
2024-07-07 15:09:22.433,11118,279,7,100,False,0,car,0 days 01:06:09.892000,0 days 02:04:25.404000
2024-07-07 15:09:22.673,11240,280,7,100,False,0,car,0 days 01:06:10.132000,0 days 02:04:25.644000
2024-07-07 15:09:22.993,11328,284,7,100,False,0,car,0 days 01:06:10.452000,0 days 02:04:25.964000
2024-07-07 15:09:23.153,11358,284,7,100,False,0,car,0 days 01:06:10.612000,0 days 02:04:26.124000
2024-07-07 15:09:23.393,11438,286,7,100,False,0,car,0 days 01:06:10.852000,0 days 02:04:26.364000
2024-07-07 15:09:23.633,11517,288,7,100,False,0,car,0 days 01:06:11.092000,0 days 02:04:26.604000
2024-07-07 15:09:23.954,11539,288,7,100,False,0,car,0 days 01:06:11.413000,0 days 02:04:26.925000
2024-07-07 15:09:24.154,11596,290,7,100,False,0,car,0 days 01:06:11.613000,0 days 02:04:27.125000
2024-07-07 15:09:24.433,11621,291,7,100,False,0,car,0 days 01:06:11.892000,0 days 02:04:27.404000
2024-07-07 15:09:24.713,11649,291,7,100,False,0,car,0 days 01:06:12.172000,0 days 02:04:27.684000
2024-07-07 15:09:24.993,11681,293,7,100,False,0,car,0 days 01:06:12.452000,0 days 02:04:27.964000
2024-07-07 15:09:25.273,10271,293,7,100,False,0,car,0 days 01:06:12.732000,0 days 02:04:28.244000
2024-07-07 15:09:25.593,10383,294,8,100,False,0,car,0 days 01:06:13.052000,0 days 02:04:28.564000
2024-07-07 15:09:25.993,10537,296,8,100,False,0,car,0 days 01:06:13.452000,0 days 02:04:28.964000
2024-07-07 15:09:26.353,10533,297,8,100,False,0,car,0 days 01:06:13.812000,0 days 02:04:29.324000
2024-07-07 15:09:26.553,10555,296,8,100,False,0,car,0 days 01:06:14.012000,0 days 02:04:29.524000
2024-07-07 15:09:26.713,10540,296,8,100,False,0,car,0 days 01:06:14.172000,0 days 02:04:29.684000
2024-07-07 15:09:27.033,10518,295,8,100,False,0,car,0 days 01:06:14.492000,0 days 02:04:30.004000
2024-07-07 15:09:27.193,10415,293,8,100,False,0,car,0 days 01:06:14.652000,0 days 02:04:30.164000
2024-07-07 15:09:27.353,10349,292,8,100,False,0,car,0 days 01:06:14.812000,0 days 02:04:30.324000
2024-07-07 15:09:27.553,10306,291,8,100,False,0,car,0 days 01:06:15.012000,0 days 02:04:30.524000
2024-07-07 15:09:27.873,10243,288,8,100,False,0,car,0 days 01:06:15.332000,0 days 02:04:30.844000
2024-07-07 15:09:28.113,10200,287,8,100,False,0,car,0 days 01:06:15.572000,0 days 02:04:31.084000
2024-07-07 15:09:28.313,10153,286,8,100,False,0,car,0 days 01:06:15.772000,0 days 02:04:31.284000
2024-07-07 15:09:28.593,10049,285,8,100,False,0,car,0 days 01:06:16.052000,0 days 02:04:31.564000
2024-07-07 15:09:28.833,10047,283,8,100,False,0,car,0 days 01:06:16.292000,0 days 02:04:31.804000
2024-07-07 15:09:29.073,9711,277,8,82,True,0,car,0 days 01:06:16.532000,0 days 02:04:32.044000
2024-07-07 15:09:29.273,9903,262,8,0,True,0,car,0 days 01:06:16.732000,0 days 02:04:32.244000
2024-07-07 15:09:29.473,9788,243,8,0,True,0,car,0 days 01:06:16.932000,0 days 02:04:32.444000
2024-07-07 15:09:29.673,10222,231,7,0,True,0,car,0 days 01:06:17.132000,0 days 02:04:32.644000
2024-07-07 15:09:29.833,10222,226,6,0,True,0,car,0 days 01:06:17.292000,0 days 02:04:32.804000
2024-07-07 15:09:30.153,9674,215,6,0,True,0,car,0 days 01:06:17.612000,0 days 02:04:33.124000
2024-07-07 15:09:30.554,9459,206,6,39,False,0,car,0 days 01:06:18.013000,0 days 02:04:33.525000
2024-07-07 15:09:30.754,9260,204,6,48,False,0,car,0 days 01:06:18.213000,0 days 02:04:33.725000
2024-07-07 15:09:30.954,9204,202,6,51,False,0,car,0 days 01:06:18.413000,0 days 02:04:33.925000
2024-07-07 15:09:31.153,9348,202,6,65,False,0,car,0 days 01:06:18.612000,0 days 02:04:34.124000
2024-07-07 15:09:31.353,9296,203,6,68,False,0,car,0 days 01:06:18.812000,0 days 02:04:34.324000
2024-07-07 15:09:31.513,9430,203,6,69,False,0,car,0 days 01:06:18.972000,0 days 02:04:34.484000
2024-07-07 15:09:31.673,9516,206,6,83,False,0,car,0 days 01:06:19.132000,0 days 02:04:34.644000
2024-07-07 15:09:31.953,9611,211,6,100,False,0,car,0 days 01:06:19.412000,0 days 02:04:34.924000
2024-07-07 15:09:32.193,9961,216,6,100,False,0,car,0 days 01:06:19.652000,0 days 02:04:35.164000
2024-07-07 15:09:32.553,10246,222,6,100,False,0,car,0 days 01:06:20.012000,0 days 02:04:35.524000
2024-07-07 15:09:32.753,10451,227,6,100,False,0,car,0 days 01:06:20.212000,0 days 02:04:35.724000
2024-07-07 15:09:32.953,10574,230,6,100,False,0,car,0 days 01:06:20.412000,0 days 02:04:35.924000
2024-07-07 15:09:33.193,10820,234,6,100,False,0,car,0 days 01:06:20.652000,0 days 02:04:36.164000
2024-07-07 15:09:33.393,10984,240,6,100,False,0,car,0 days 01:06:20.852000,0 days 02:04:36.364000
2024-07-07 15:09:33.593,11154,243,6,100,False,0,car,0 days 01:06:21.052000,0 days 02:04:36.564000
2024-07-07 15:09:33.873,11376,247,6,100,False,0,car,0 days 01:06:21.332000,0 days 02:04:36.844000
2024-07-07 15:09:34.073,11551,252,6,100,False,0,car,0 days 01:06:21.532000,0 days 02:04:37.044000
2024-07-07 15:09:34.393,11667,257,6,100,False,0,car,0 days 01:06:21.852000,0 days 02:04:37.364000
2024-07-07 15:09:34.633,11814,258,6,100,False,0,car,0 days 01:06:22.092000,0 days 02:04:37.604000
2024-07-07 15:09:34.833,10694,260,7,100,False,0,car,0 days 01:06:22.292000,0 days 02:04:37.804000
2024-07-07 15:09:35.113,10169,260,7,100,False,0,car,0 days 01:06:22.572000,0 days 02:04:38.084000
2024-07-07 15:09:35.433,10539,260,7,100,False,0,car,0 days 01:06:22.892000,0 days 02:04:38.404000
2024-07-07 15:09:35.673,10410,259,7,100,False,0,car,0 days 01:06:23.132000,0 days 02:04:38.644000
2024-07-07 15:09:35.913,10399,260,7,100,False,0,car,0 days 01:06:23.372000,0 days 02:04:38.884000
2024-07-07 15:09:36.193,10316,261,7,100,False,0,car,0 days 01:06:23.652000,0 days 02:04:39.164000
2024-07-07 15:09:36.473,9985,246,7,0,True,0,car,0 days 01:06:23.932000,0 days 02:04:39.444000
2024-07-07 15:09:36.793,9074,202,7,0,True,0,car,0 days 01:06:24.252000,0 days 02:04:39.764000
2024-07-07 15:09:36.953,9280,191,6,0,True,0,car,0 days 01:06:24.412000,0 days 02:04:39.924000
2024-07-07 15:09:37.234,9435,165,5,0,True,0,car,0 days 01:06:24.693000,0 days 02:04:40.205000
2024-07-07 15:09:37.594,8512,144,4,0,True,0,car,0 days 01:06:25.053000,0 days 02:04:40.565000
2024-07-07 15:09:37.793,8574,129,4,0,True,0,car,0 days 01:06:25.252000,0 days 02:04:40.764000
2024-07-07 15:09:38.113,8527,118,3,0,True,0,car,0 days 01:06:25.572000,0 days 02:04:41.084000
2024-07-07 15:09:38.313,8232,112,3,0,True,0,car,0 days 01:06:25.772000,0 days 02:04:41.284000
2024-07-07 15:09:38.673,7832,106,3,0,True,0,car,0 days 01:06:26.132000,0 days 02:04:41.644000
2024-07-07 15:09:39.113,7849,104,3,7,False,0,car,0 days 01:06:26.572000,0 days 02:04:42.084000
2024-07-07 15:09:39.273,7683,102,3,20,False,0,car,0 days 01:06:26.732000,0 days 02:04:42.244000
2024-07-07 15:09:39.433,7754,104,3,34,False,0,car,0 days 01:06:26.892000,0 days 02:04:42.404000
2024-07-07 15:09:39.593,8102,105,3,42,False,0,car,0 days 01:06:27.052000,0 days 02:04:42.564000
2024-07-07 15:09:39.833,8230,109,3,48,False,0,car,0 days 01:06:27.292000,0 days 02:04:42.804000
2024-07-07 15:09:39.993,8501,113,3,48,False,0,car,0 days 01:06:27.452000,0 days 02:04:42.964000
2024-07-07 15:09:40.313,8166,117,3,50,False,0,car,0 days 01:06:27.772000,0 days 02:04:43.284000
2024-07-07 15:09:40.553,7609,120,4,24,False,0,car,0 days 01:06:28.012000,0 days 02:04:43.524000
2024-07-07 15:09:40.753,7584,120,4,27,False,0,car,0 days 01:06:28.212000,0 days 02:04:43.724000
2024-07-07 15:09:41.193,7801,120,4,29,False,0,car,0 days 01:06:28.652000,0 days 02:04:44.164000
2024-07-07 15:09:41.593,8067,124,4,48,False,0,car,0 days 01:06:29.052000,0 days 02:04:44.564000
2024-07-07 15:09:41.953,8266,127,4,56,False,0,car,0 days 01:06:29.412000,0 days 02:04:44.924000
2024-07-07 15:09:42.193,8736,136,4,60,False,0,car,0 days 01:06:29.652000,0 days 02:04:45.164000
2024-07-07 15:09:42.393,9177,141,4,69,False,0,car,0 days 01:06:29.852000,0 days 02:04:45.364000
2024-07-07 15:09:42.633,9304,148,4,79,False,0,car,0 days 01:06:30.092000,0 days 02:04:45.604000
2024-07-07 15:09:42.913,10230,160,4,87,False,0,car,0 days 01:06:30.372000,0 days 02:04:45.884000
2024-07-07 15:09:43.233,10796,173,4,100,False,0,car,0 days 01:06:30.692000,0 days 02:04:46.204000
2024-07-07 15:09:43.513,11558,185,4,100,False,0,car,0 days 01:06:30.972000,0 days 02:04:46.484000
2024-07-07 15:09:43.794,10438,195,5,100,False,0,car,0 days 01:06:31.253000,0 days 02:04:46.765000
2024-07-07 15:09:44.034,10882,201,5,100,False,0,car,0 days 01:06:31.493000,0 days 02:04:47.005000
2024-07-07 15:09:44.434,11400,213,5,98,False,0,car,0 days 01:06:31.893000,0 days 02:04:47.405000
2024-07-07 15:09:44.633,10967,215,5,87,False,0,car,0 days 01:06:32.092000,0 days 02:04:47.604000
2024-07-07 15:09:44.953,10233,221,6,72,False,0,car,0 days 01:06:32.412000,0 days 02:04:47.924000
2024-07-07 15:09:45.153,10240,223,6,73,False,0,car,0 days 01:06:32.612000,0 days 02:04:48.124000
2024-07-07 15:09:45.313,10402,225,6,82,False,0,car,0 days 01:06:32.772000,0 days 02:04:48.284000
2024-07-07 15:09:45.513,10410,226,6,83,False,0,car,0 days 01:06:32.972000,0 days 02:04:48.484000
2024-07-07 15:09:45.913,10650,233,6,80,False,0,car,0 days 01:06:33.372000,0 days 02:04:48.884000
2024-07-07 15:09:46.313,10708,235,6,64,False,0,car,0 days 01:06:33.772000,0 days 02:04:49.284000
2024-07-07 15:09:46.713,10721,237,6,61,False,0,car,0 days 01:06:34.172000,0 days 02:04:49.684000
2024-07-07 15:09:47.113,10745,236,6,61,False,0,car,0 days 01:06:34.572000,0 days 02:04:50.084000
2024-07-07 15:09:47.313,10769,236,6,61,False,0,car,0 days 01:06:34.772000,0 days 02:04:50.284000
2024-07-07 15:09:47.473,10769,236,6,62,False,0,car,0 days 01:06:34.932000,0 days 02:04:50.444000
2024-07-07 15:09:47.713,10787,237,6,61,False,0,car,0 days 01:06:35.172000,0 days 02:04:50.684000
2024-07-07 15:09:47.913,10784,237,6,61,False,0,car,0 days 01:06:35.372000,0 days 02:04:50.884000
2024-07-07 15:09:48.073,10801,238,6,59,False,0,car,0 days 01:06:35.532000,0 days 02:04:51.044000
2024-07-07 15:09:48.513,10726,237,6,52,False,0,car,0 days 01:06:35.972000,0 days 02:04:51.484000
2024-07-07 15:09:48.673,10614,234,6,47,False,0,car,0 days 01:06:36.132000,0 days 02:04:51.644000
2024-07-07 15:09:48.913,10547,233,6,46,False,0,car,0 days 01:06:36.372000,0 days 02:04:51.884000
2024-07-07 15:09:49.273,10499,230,6,43,False,0,car,0 days 01:06:36.732000,0 days 02:04:52.244000
2024-07-07 15:09:49.513,10305,228,6,43,False,0,car,0 days 01:06:36.972000,0 days 02:04:52.484000
2024-07-07 15:09:49.713,10253,227,6,46,False,0,car,0 days 01:06:37.172000,0 days 02:04:52.684000
2024-07-07 15:09:49.873,10269,226,6,55,False,0,car,0 days 01:06:37.332000,0 days 02:04:52.844000
2024-07-07 15:09:50.073,10306,226,6,65,False,0,car,0 days 01:06:37.532000,0 days 02:04:53.044000
2024-07-07 15:09:50.394,10525,230,6,98,False,0,car,0 days 01:06:37.853000,0 days 02:04:53.365000
2024-07-07 15:09:50.714,10891,238,6,100,False,0,car,0 days 01:06:38.173000,0 days 02:04:53.685000
2024-07-07 15:09:50.994,11072,244,6,100,False,0,car,0 days 01:06:38.453000,0 days 02:04:53.965000
2024-07-07 15:09:51.193,11360,248,6,100,False,0,car,0 days 01:06:38.652000,0 days 02:04:54.164000
2024-07-07 15:09:51.353,11428,249,6,100,False,0,car,0 days 01:06:38.812000,0 days 02:04:54.324000
2024-07-07 15:09:51.513,11602,254,6,100,False,0,car,0 days 01:06:38.972000,0 days 02:04:54.484000
2024-07-07 15:09:51.793,11785,259,6,100,False,0,car,0 days 01:06:39.252000,0 days 02:04:54.764000
2024-07-07 15:09:51.953,11225,259,6,78,False,0,car,0 days 01:06:39.412000,0 days 02:04:54.924000
2024-07-07 15:09:52.113,10420,262,6,82,False,0,car,0 days 01:06:39.572000,0 days 02:04:55.084000
2024-07-07 15:09:52.313,10536,262,7,82,False,0,car,0 days 01:06:39.772000,0 days 02:04:55.284000
2024-07-07 15:09:52.513,10531,262,7,72,False,0,car,0 days 01:06:39.972000,0 days 02:04:55.484000
2024-07-07 15:09:52.873,10587,263,7,85,False,0,car,0 days 01:06:40.332000,0 days 02:04:55.844000
2024-07-07 15:09:53.233,10654,265,7,100,False,0,car,0 days 01:06:40.692000,0 days 02:04:56.204000
2024-07-07 15:09:53.393,10796,268,7,100,False,0,car,0 days 01:06:40.852000,0 days 02:04:56.364000
2024-07-07 15:09:53.593,10863,268,7,100,False,0,car,0 days 01:06:41.052000,0 days 02:04:56.564000
2024-07-07 15:09:53.833,10920,270,7,100,False,0,car,0 days 01:06:41.292000,0 days 02:04:56.804000
2024-07-07 15:09:53.993,10973,273,7,100,False,0,car,0 days 01:06:41.452000,0 days 02:04:56.964000
2024-07-07 15:09:54.193,11025,274,7,100,False,0,car,0 days 01:06:41.652000,0 days 02:04:57.164000
2024-07-07 15:09:54.353,11055,274,7,100,False,0,car,0 days 01:06:41.812000,0 days 02:04:57.324000
2024-07-07 15:09:54.713,11199,280,7,100,False,0,car,0 days 01:06:42.172000,0 days 02:04:57.684000
2024-07-07 15:09:54.913,11287,281,7,100,False,0,car,0 days 01:06:42.372000,0 days 02:04:57.884000
2024-07-07 15:09:55.313,11346,283,7,100,False,0,car,0 days 01:06:42.772000,0 days 02:04:58.284000
2024-07-07 15:09:55.593,11381,282,7,100,False,0,car,0 days 01:06:43.052000,0 days 02:04:58.564000
2024-07-07 15:09:55.793,11335,282,7,100,False,0,car,0 days 01:06:43.252000,0 days 02:04:58.764000
2024-07-07 15:09:56.033,11334,282,7,100,False,0,car,0 days 01:06:43.492000,0 days 02:04:59.004000
2024-07-07 15:09:56.233,11240,282,7,100,False,0,car,0 days 01:06:43.692000,0 days 02:04:59.204000
2024-07-07 15:09:56.513,11200,279,7,100,False,0,car,0 days 01:06:43.972000,0 days 02:04:59.484000
2024-07-07 15:09:56.673,11200,279,7,100,False,0,car,0 days 01:06:44.132000,0 days 02:04:59.644000
2024-07-07 15:09:56.874,11129,279,7,100,False,0,car,0 days 01:06:44.333000,0 days 02:04:59.845000
2024-07-07 15:09:57.074,11078,278,7,100,False,0,car,0 days 01:06:44.533000,0 days 02:05:00.045000
2024-07-07 15:09:57.234,11061,277,7,100,False,0,car,0 days 01:06:44.693000,0 days 02:05:00.205000
2024-07-07 15:09:57.394,10648,272,7,38,True,0,car,0 days 01:06:44.853000,0 days 02:05:00.365000
2024-07-07 15:09:57.754,10405,242,7,0,True,0,car,0 days 01:06:45.213000,0 days 02:05:00.725000
2024-07-07 15:09:57.913,9775,220,7,0,True,0,car,0 days 01:06:45.372000,0 days 02:05:00.884000
2024-07-07 15:09:58.073,9204,201,6,0,True,0,car,0 days 01:06:45.532000,0 days 02:05:01.044000
2024-07-07 15:09:58.273,9674,184,6,0,True,0,car,0 days 01:06:45.732000,0 days 02:05:01.244000
2024-07-07 15:09:58.473,9077,166,5,0,True,0,car,0 days 01:06:45.932000,0 days 02:05:01.444000
2024-07-07 15:09:58.673,9568,160,5,0,True,0,car,0 days 01:06:46.132000,0 days 02:05:01.644000
2024-07-07 15:09:58.953,8887,143,4,0,True,0,car,0 days 01:06:46.412000,0 days 02:05:01.924000
2024-07-07 15:09:59.153,8151,138,4,0,True,0,car,0 days 01:06:46.612000,0 days 02:05:02.124000
2024-07-07 15:09:59.433,8962,124,3,0,True,0,car,0 days 01:06:46.892000,0 days 02:05:02.404000
2024-07-07 15:09:59.833,8413,114,3,0,False,0,car,0 days 01:06:47.292000,0 days 02:05:02.804000
2024-07-07 15:10:00.113,8210,112,3,0,False,0,car,0 days 01:06:47.572000,0 days 02:05:03.084000
2024-07-07 15:10:00.313,8097,109,3,0,False,0,car,0 days 01:06:47.772000,0 days 02:05:03.284000
2024-07-07 15:10:00.593,8122,108,3,19,False,0,car,0 days 01:06:48.052000,0 days 02:05:03.564000
2024-07-07 15:10:00.833,8076,108,3,37,False,0,car,0 days 01:06:48.292000,0 days 02:05:03.804000
2024-07-07 15:10:01.033,8199,110,3,40,False,0,car,0 days 01:06:48.492000,0 days 02:05:04.004000
2024-07-07 15:10:01.193,8536,113,3,42,False,0,car,0 days 01:06:48.652000,0 days 02:05:04.164000
2024-07-07 15:10:01.433,8842,116,3,50,False,0,car,0 days 01:06:48.892000,0 days 02:05:04.404000
2024-07-07 15:10:01.593,9025,120,3,56,False,0,car,0 days 01:06:49.052000,0 days 02:05:04.564000
2024-07-07 15:10:01.913,9712,126,3,58,False,0,car,0 days 01:06:49.372000,0 days 02:05:04.884000
2024-07-07 15:10:02.113,9995,129,3,62,False,0,car,0 days 01:06:49.572000,0 days 02:05:05.084000
2024-07-07 15:10:02.393,10305,140,3,63,False,0,car,0 days 01:06:49.852000,0 days 02:05:05.364000
2024-07-07 15:10:02.633,10753,140,3,0,True,8,car,0 days 01:06:50.092000,0 days 02:05:05.604000
2024-07-07 15:10:02.873,10014,125,3,0,True,8,car,0 days 01:06:50.332000,0 days 02:05:05.844000
2024-07-07 15:10:03.033,8894,121,3,0,True,8,car,0 days 01:06:50.492000,0 days 02:05:06.004000
2024-07-07 15:10:03.233,8222,114,3,0,True,8,car,0 days 01:06:50.692000,0 days 02:05:06.204000
2024-07-07 15:10:03.434,7787,107,3,0,True,8,car,0 days 01:06:50.893000,0 days 02:05:06.405000
2024-07-07 15:10:03.634,7511,102,3,0,True,8,car,0 days 01:06:51.093000,0 days 02:05:06.605000
2024-07-07 15:10:03.914,7254,98,3,0,True,8,car,0 days 01:06:51.373000,0 days 02:05:06.885000
2024-07-07 15:10:04.154,6952,95,3,0,True,8,car,0 days 01:06:51.613000,0 days 02:05:07.125000
2024-07-07 15:10:04.434,6755,92,3,0,False,8,car,0 days 01:06:51.893000,0 days 02:05:07.405000
2024-07-07 15:10:04.713,6558,89,3,0,False,8,car,0 days 01:06:52.172000,0 days 02:05:07.684000
2024-07-07 15:10:04.953,6475,88,3,0,False,8,car,0 days 01:06:52.412000,0 days 02:05:07.924000
2024-07-07 15:10:05.153,6502,86,3,18,False,8,car,0 days 01:06:52.612000,0 days 02:05:08.124000
2024-07-07 15:10:05.393,6693,88,3,29,False,8,car,0 days 01:06:52.852000,0 days 02:05:08.364000
2024-07-07 15:10:05.753,7155,93,3,44,False,8,car,0 days 01:06:53.212000,0 days 02:05:08.724000
2024-07-07 15:10:06.033,7763,101,3,54,False,8,car,0 days 01:06:53.492000,0 days 02:05:09.004000
2024-07-07 15:10:06.393,8724,110,3,62,False,8,car,0 days 01:06:53.852000,0 days 02:05:09.364000
2024-07-07 15:10:06.553,8992,117,3,68,False,8,car,0 days 01:06:54.012000,0 days 02:05:09.524000
2024-07-07 15:10:06.993,10464,137,3,80,False,8,car,0 days 01:06:54.452000,0 days 02:05:09.964000
2024-07-07 15:10:07.273,10834,151,3,85,False,8,car,0 days 01:06:54.732000,0 days 02:05:10.244000
2024-07-07 15:10:07.633,10621,164,4,100,False,8,car,0 days 01:06:55.092000,0 days 02:05:10.604000
2024-07-07 15:10:08.033,11558,183,4,100,False,8,car,0 days 01:06:55.492000,0 days 02:05:11.004000
2024-07-07 15:10:08.233,10998,190,5,100,False,8,car,0 days 01:06:55.692000,0 days 02:05:11.204000
2024-07-07 15:10:08.473,10257,200,5,100,False,8,car,0 days 01:06:55.932000,0 days 02:05:11.444000
2024-07-07 15:10:08.673,10910,203,5,100,False,8,car,0 days 01:06:56.132000,0 days 02:05:11.644000
2024-07-07 15:10:08.833,11182,209,5,100,False,8,car,0 days 01:06:56.292000,0 days 02:05:11.804000
2024-07-07 15:10:09.073,11375,217,5,100,False,8,car,0 days 01:06:56.532000,0 days 02:05:12.044000
2024-07-07 15:10:09.273,11598,222,5,100,False,8,car,0 days 01:06:56.732000,0 days 02:05:12.244000
2024-07-07 15:10:09.513,10336,227,6,100,False,8,car,0 days 01:06:56.972000,0 days 02:05:12.484000
2024-07-07 15:10:09.873,10787,234,6,100,False,8,car,0 days 01:06:57.332000,0 days 02:05:12.844000
2024-07-07 15:10:10.314,11073,241,6,100,False,8,car,0 days 01:06:57.773000,0 days 02:05:13.285000
2024-07-07 15:10:10.514,11201,242,6,100,False,8,car,0 days 01:06:57.973000,0 days 02:05:13.485000
2024-07-07 15:10:10.714,11403,248,6,100,False,14,car,0 days 01:06:58.173000,0 days 02:05:13.685000
2024-07-07 15:10:10.874,11461,252,6,100,False,12,car,0 days 01:06:58.333000,0 days 02:05:13.845000
2024-07-07 15:10:11.194,10933,257,6,100,False,12,car,0 days 01:06:58.653000,0 days 02:05:14.165000
2024-07-07 15:10:11.433,10472,261,7,100,False,12,car,0 days 01:06:58.892000,0 days 02:05:14.404000
2024-07-07 15:10:11.633,10676,264,7,100,False,12,car,0 days 01:06:59.092000,0 days 02:05:14.604000
2024-07-07 15:10:11.793,10726,269,7,100,False,12,car,0 days 01:06:59.252000,0 days 02:05:14.764000
2024-07-07 15:10:11.993,10883,272,7,100,False,12,car,0 days 01:06:59.452000,0 days 02:05:14.964000
2024-07-07 15:10:12.233,11034,274,7,100,False,12,car,0 days 01:06:59.692000,0 days 02:05:15.204000
2024-07-07 15:10:12.473,11100,278,7,100,False,12,car,0 days 01:06:59.932000,0 days 02:05:15.444000
2024-07-07 15:10:12.793,11311,283,7,100,False,12,car,0 days 01:07:00.252000,0 days 02:05:15.764000
2024-07-07 15:10:13.033,11421,286,7,100,False,12,car,0 days 01:07:00.492000,0 days 02:05:16.004000
2024-07-07 15:10:13.233,11516,288,7,100,False,12,car,0 days 01:07:00.692000,0 days 02:05:16.204000
2024-07-07 15:10:13.553,11651,291,7,100,False,12,car,0 days 01:07:01.012000,0 days 02:05:16.524000
2024-07-07 15:10:13.793,10671,294,7,100,False,12,car,0 days 01:07:01.252000,0 days 02:05:16.764000
2024-07-07 15:10:14.233,10562,299,8,100,False,12,car,0 days 01:07:01.692000,0 days 02:05:17.204000
2024-07-07 15:10:14.473,10620,301,8,100,False,12,car,0 days 01:07:01.932000,0 days 02:05:17.444000
2024-07-07 15:10:14.793,10803,304,8,100,False,12,car,0 days 01:07:02.252000,0 days 02:05:17.764000
2024-07-07 15:10:15.193,10879,307,8,100,False,12,car,0 days 01:07:02.652000,0 days 02:05:18.164000
2024-07-07 15:10:15.553,10888,308,8,100,False,12,car,0 days 01:07:03.012000,0 days 02:05:18.524000
2024-07-07 15:10:15.793,10980,308,8,100,False,12,car,0 days 01:07:03.252000,0 days 02:05:18.764000
2024-07-07 15:10:16.193,10908,308,8,100,False,12,car,0 days 01:07:03.652000,0 days 02:05:19.164000
2024-07-07 15:10:16.514,10841,308,8,100,False,12,car,0 days 01:07:03.973000,0 days 02:05:19.485000
2024-07-07 15:10:16.874,10812,305,8,100,False,12,car,0 days 01:07:04.333000,0 days 02:05:19.845000
2024-07-07 15:10:17.114,10383,290,8,0,True,0,car,0 days 01:07:04.573000,0 days 02:05:20.085000
2024-07-07 15:10:17.274,9700,270,8,0,True,0,car,0 days 01:07:04.733000,0 days 02:05:20.245000
2024-07-07 15:10:17.554,9271,250,8,0,True,0,car,0 days 01:07:05.013000,0 days 02:05:20.525000
2024-07-07 15:10:17.834,8730,223,7,0,True,0,car,0 days 01:07:05.293000,0 days 02:05:20.805000
2024-07-07 15:10:18.073,8943,204,7,0,True,0,car,0 days 01:07:05.532000,0 days 02:05:21.044000
2024-07-07 15:10:18.233,8951,198,6,0,True,0,car,0 days 01:07:05.692000,0 days 02:05:21.204000
2024-07-07 15:10:18.393,8759,193,6,0,True,0,car,0 days 01:07:05.852000,0 days 02:05:21.364000
2024-07-07 15:10:18.793,8994,172,5,0,True,0,car,0 days 01:07:06.252000,0 days 02:05:21.764000
2024-07-07 15:10:19.073,8711,163,5,0,True,0,car,0 days 01:07:06.532000,0 days 02:05:22.044000
2024-07-07 15:10:19.313,8448,162,5,0,False,0,car,0 days 01:07:06.772000,0 days 02:05:22.284000
2024-07-07 15:10:19.553,8268,158,5,0,False,0,car,0 days 01:07:07.012000,0 days 02:05:22.524000
2024-07-07 15:10:19.993,8112,152,5,3,False,0,car,0 days 01:07:07.452000,0 days 02:05:22.964000
2024-07-07 15:10:20.233,8018,148,5,12,False,0,car,0 days 01:07:07.692000,0 days 02:05:23.204000
2024-07-07 15:10:20.433,7792,147,5,31,False,0,car,0 days 01:07:07.892000,0 days 02:05:23.404000
2024-07-07 15:10:20.753,7889,147,5,44,False,0,car,0 days 01:07:08.212000,0 days 02:05:23.724000
2024-07-07 15:10:21.033,8049,149,5,57,False,0,car,0 days 01:07:08.492000,0 days 02:05:24.004000
2024-07-07 15:10:21.193,8158,152,5,57,False,0,car,0 days 01:07:08.652000,0 days 02:05:24.164000
2024-07-07 15:10:21.393,8432,156,5,64,False,0,car,0 days 01:07:08.852000,0 days 02:05:24.364000
2024-07-07 15:10:21.593,8677,161,5,73,False,0,car,0 days 01:07:09.052000,0 days 02:05:24.564000
2024-07-07 15:10:21.873,8926,169,5,76,False,0,car,0 days 01:07:09.332000,0 days 02:05:24.844000
2024-07-07 15:10:22.073,8679,170,5,11,True,0,car,0 days 01:07:09.532000,0 days 02:05:25.044000
2024-07-07 15:10:22.233,8602,165,5,0,True,0,car,0 days 01:07:09.692000,0 days 02:05:25.204000
2024-07-07 15:10:22.433,8814,156,5,0,True,0,car,0 days 01:07:09.892000,0 days 02:05:25.404000
2024-07-07 15:10:22.673,9171,147,4,0,True,0,car,0 days 01:07:10.132000,0 days 02:05:25.644000
2024-07-07 15:10:22.873,9086,140,4,0,True,0,car,0 days 01:07:10.332000,0 days 02:05:25.844000
2024-07-07 15:10:23.073,8744,138,4,0,True,0,car,0 days 01:07:10.532000,0 days 02:05:26.044000
2024-07-07 15:10:23.274,8444,133,4,0,True,0,car,0 days 01:07:10.733000,0 days 02:05:26.245000
2024-07-07 15:10:23.474,8236,132,4,0,True,0,car,0 days 01:07:10.933000,0 days 02:05:26.445000
2024-07-07 15:10:23.634,7962,129,4,0,False,0,car,0 days 01:07:11.093000,0 days 02:05:26.605000
2024-07-07 15:10:23.914,7794,124,4,0,False,0,car,0 days 01:07:11.373000,0 days 02:05:26.885000
2024-07-07 15:10:24.194,7411,119,4,0,False,0,car,0 days 01:07:11.653000,0 days 02:05:27.165000
2024-07-07 15:10:24.434,7419,116,4,6,False,0,car,0 days 01:07:11.893000,0 days 02:05:27.405000
2024-07-07 15:10:24.674,7384,115,4,29,False,0,car,0 days 01:07:12.133000,0 days 02:05:27.645000
2024-07-07 15:10:24.873,7590,117,4,44,False,0,car,0 days 01:07:12.332000,0 days 02:05:27.844000
2024-07-07 15:10:25.033,7676,118,4,50,False,0,car,0 days 01:07:12.492000,0 days 02:05:28.004000
2024-07-07 15:10:25.233,7797,121,4,53,False,0,car,0 days 01:07:12.692000,0 days 02:05:28.204000
2024-07-07 15:10:25.473,8072,127,4,57,False,0,car,0 days 01:07:12.932000,0 days 02:05:28.444000
2024-07-07 15:10:25.673,8450,133,4,65,False,0,car,0 days 01:07:13.132000,0 days 02:05:28.644000
2024-07-07 15:10:26.193,9541,149,4,81,False,0,car,0 days 01:07:13.652000,0 days 02:05:29.164000
2024-07-07 15:10:26.393,10013,156,4,85,False,0,car,0 days 01:07:13.852000,0 days 02:05:29.364000
2024-07-07 15:10:26.633,10659,164,4,98,False,0,car,0 days 01:07:14.092000,0 days 02:05:29.604000
2024-07-07 15:10:26.953,11309,176,4,98,False,0,car,0 days 01:07:14.412000,0 days 02:05:29.924000
2024-07-07 15:10:27.393,10454,193,5,99,False,0,car,0 days 01:07:14.852000,0 days 02:05:30.364000
2024-07-07 15:10:27.593,10575,201,5,100,False,0,car,0 days 01:07:15.052000,0 days 02:05:30.564000
2024-07-07 15:10:27.993,11460,212,5,100,False,0,car,0 days 01:07:15.452000,0 days 02:05:30.964000
2024-07-07 15:10:28.233,11579,215,5,100,False,0,car,0 days 01:07:15.692000,0 days 02:05:31.204000
2024-07-07 15:10:28.513,11487,227,5,100,False,0,car,0 days 01:07:15.972000,0 days 02:05:31.484000
2024-07-07 15:10:28.833,10640,235,6,100,False,0,car,0 days 01:07:16.292000,0 days 02:05:31.804000
2024-07-07 15:10:29.233,11124,242,6,100,False,0,car,0 days 01:07:16.692000,0 days 02:05:32.204000
2024-07-07 15:10:29.593,11390,250,6,100,False,0,car,0 days 01:07:17.052000,0 days 02:05:32.564000
2024-07-07 15:10:29.794,11620,253,6,100,False,0,car,0 days 01:07:17.253000,0 days 02:05:32.765000
2024-07-07 15:10:29.954,11666,254,6,100,False,0,car,0 days 01:07:17.413000,0 days 02:05:32.925000
2024-07-07 15:10:30.114,11471,258,6,100,False,0,car,0 days 01:07:17.573000,0 days 02:05:33.085000
2024-07-07 15:10:30.434,10434,262,7,100,False,0,car,0 days 01:07:17.893000,0 days 02:05:33.405000
2024-07-07 15:10:30.714,10707,265,7,100,False,0,car,0 days 01:07:18.173000,0 days 02:05:33.685000
2024-07-07 15:10:31.074,10804,270,7,100,False,0,car,0 days 01:07:18.533000,0 days 02:05:34.045000
2024-07-07 15:10:31.434,11022,274,7,100,False,0,car,0 days 01:07:18.893000,0 days 02:05:34.405000
2024-07-07 15:10:31.873,11126,278,7,100,False,0,car,0 days 01:07:19.332000,0 days 02:05:34.844000
2024-07-07 15:10:32.193,11309,281,7,100,False,0,car,0 days 01:07:19.652000,0 days 02:05:35.164000
2024-07-07 15:10:32.553,11398,285,7,100,False,0,car,0 days 01:07:20.012000,0 days 02:05:35.524000
2024-07-07 15:10:32.873,11515,288,7,100,False,0,car,0 days 01:07:20.332000,0 days 02:05:35.844000
2024-07-07 15:10:33.113,11631,289,7,100,False,0,car,0 days 01:07:20.572000,0 days 02:05:36.084000
2024-07-07 15:10:33.273,11626,291,7,100,False,0,car,0 days 01:07:20.732000,0 days 02:05:36.244000
2024-07-07 15:10:33.513,11705,292,7,100,False,0,car,0 days 01:07:20.972000,0 days 02:05:36.484000
2024-07-07 15:10:33.713,10725,295,7,100,False,0,car,0 days 01:07:21.172000,0 days 02:05:36.684000
2024-07-07 15:10:33.873,10332,295,7,100,False,0,car,0 days 01:07:21.332000,0 days 02:05:36.844000
2024-07-07 15:10:34.073,10548,297,8,100,False,0,car,0 days 01:07:21.532000,0 days 02:05:37.044000
2024-07-07 15:10:34.273,10552,297,8,100,False,0,car,0 days 01:07:21.732000,0 days 02:05:37.244000
2024-07-07 15:10:34.553,10602,299,8,100,False,0,car,0 days 01:07:22.012000,0 days 02:05:37.524000
2024-07-07 15:10:34.713,10568,299,8,100,False,0,car,0 days 01:07:22.172000,0 days 02:05:37.684000
2024-07-07 15:10:35.113,10596,299,8,100,False,0,car,0 days 01:07:22.572000,0 days 02:05:38.084000
2024-07-07 15:10:35.353,10538,298,8,100,False,0,car,0 days 01:07:22.812000,0 days 02:05:38.324000
2024-07-07 15:10:35.513,10520,299,8,100,False,0,car,0 days 01:07:22.972000,0 days 02:05:38.484000
2024-07-07 15:10:35.873,10481,296,8,100,False,0,car,0 days 01:07:23.332000,0 days 02:05:38.844000
2024-07-07 15:10:36.033,10475,295,8,100,False,0,car,0 days 01:07:23.492000,0 days 02:05:39.004000
2024-07-07 15:10:36.394,10454,292,8,76,True,0,car,0 days 01:07:23.853000,0 days 02:05:39.365000
2024-07-07 15:10:36.554,10107,289,8,0,True,0,car,0 days 01:07:24.013000,0 days 02:05:39.525000
2024-07-07 15:10:36.714,9989,283,8,0,False,0,car,0 days 01:07:24.173000,0 days 02:05:39.685000
2024-07-07 15:10:36.954,11168,280,8,0,False,0,car,0 days 01:07:24.413000,0 days 02:05:39.925000
2024-07-07 15:10:37.154,10972,271,7,47,False,0,car,0 days 01:07:24.613000,0 days 02:05:40.125000
2024-07-07 15:10:37.434,10676,266,7,65,False,0,car,0 days 01:07:24.893000,0 days 02:05:40.405000
2024-07-07 15:10:37.794,10552,263,7,75,False,0,car,0 days 01:07:25.253000,0 days 02:05:40.765000
2024-07-07 15:10:38.034,10591,262,7,88,False,0,car,0 days 01:07:25.493000,0 days 02:05:41.005000
2024-07-07 15:10:38.433,10663,265,7,100,False,0,car,0 days 01:07:25.892000,0 days 02:05:41.404000
2024-07-07 15:10:38.633,10700,266,7,100,False,0,car,0 days 01:07:26.092000,0 days 02:05:41.604000
2024-07-07 15:10:39.033,10871,269,7,100,False,0,car,0 days 01:07:26.492000,0 days 02:05:42.004000
2024-07-07 15:10:39.193,10888,271,7,100,False,0,car,0 days 01:07:26.652000,0 days 02:05:42.164000
2024-07-07 15:10:39.353,10949,272,7,100,False,0,car,0 days 01:07:26.812000,0 days 02:05:42.324000
2024-07-07 15:10:39.513,11029,274,7,100,False,0,car,0 days 01:07:26.972000,0 days 02:05:42.484000
2024-07-07 15:10:39.753,11057,276,7,100,False,0,car,0 days 01:07:27.212000,0 days 02:05:42.724000
2024-07-07 15:10:40.113,11240,281,7,100,False,0,car,0 days 01:07:27.572000,0 days 02:05:43.084000
2024-07-07 15:10:40.313,11305,282,7,100,False,0,car,0 days 01:07:27.772000,0 days 02:05:43.284000
2024-07-07 15:10:40.673,11411,285,7,100,False,0,car,0 days 01:07:28.132000,0 days 02:05:43.644000
2024-07-07 15:10:40.873,11475,286,7,100,False,0,car,0 days 01:07:28.332000,0 days 02:05:43.844000
2024-07-07 15:10:41.073,11523,289,7,100,False,0,car,0 days 01:07:28.532000,0 days 02:05:44.044000
2024-07-07 15:10:41.233,11566,290,7,100,False,0,car,0 days 01:07:28.692000,0 days 02:05:44.204000
2024-07-07 15:10:41.393,11626,290,7,100,False,0,car,0 days 01:07:28.852000,0 days 02:05:44.364000
2024-07-07 15:10:41.753,11677,292,7,100,False,0,car,0 days 01:07:29.212000,0 days 02:05:44.724000
2024-07-07 15:10:42.153,11128,294,7,100,False,0,car,0 days 01:07:29.612000,0 days 02:05:45.124000
2024-07-07 15:10:42.473,10462,295,8,100,False,0,car,0 days 01:07:29.932000,0 days 02:05:45.444000
2024-07-07 15:10:42.793,10592,298,8,100,False,0,car,0 days 01:07:30.252000,0 days 02:05:45.764000
2024-07-07 15:10:43.034,10600,298,8,100,False,0,car,0 days 01:07:30.493000,0 days 02:05:46.005000
2024-07-07 15:10:43.354,10600,300,8,100,False,0,car,0 days 01:07:30.813000,0 days 02:05:46.325000
2024-07-07 15:10:43.754,10640,300,8,100,False,0,car,0 days 01:07:31.213000,0 days 02:05:46.725000
2024-07-07 15:10:44.154,10722,301,8,100,False,0,car,0 days 01:07:31.613000,0 days 02:05:47.125000
2024-07-07 15:10:44.394,10723,300,8,100,False,0,car,0 days 01:07:31.853000,0 days 02:05:47.365000
2024-07-07 15:10:44.794,10815,299,8,98,False,0,car,0 days 01:07:32.253000,0 days 02:05:47.765000
2024-07-07 15:10:45.153,10497,281,8,0,True,0,car,0 days 01:07:32.612000,0 days 02:05:48.124000
2024-07-07 15:10:45.353,10797,276,8,16,False,0,car,0 days 01:07:32.812000,0 days 02:05:48.324000
2024-07-07 15:10:45.593,10547,265,7,56,False,0,car,0 days 01:07:33.052000,0 days 02:05:48.564000
2024-07-07 15:10:45.833,10629,262,7,63,False,0,car,0 days 01:07:33.292000,0 days 02:05:48.804000
2024-07-07 15:10:46.153,10363,261,7,100,False,0,car,0 days 01:07:33.612000,0 days 02:05:49.124000
2024-07-07 15:10:46.313,10652,262,7,100,False,0,car,0 days 01:07:33.772000,0 days 02:05:49.284000
2024-07-07 15:10:46.553,10524,264,7,100,False,0,car,0 days 01:07:34.012000,0 days 02:05:49.524000
2024-07-07 15:10:46.793,10647,265,7,100,False,0,car,0 days 01:07:34.252000,0 days 02:05:49.764000
2024-07-07 15:10:46.953,10637,267,7,100,True,0,car,0 days 01:07:34.412000,0 days 02:05:49.924000
2024-07-07 15:10:47.193,10497,257,7,0,True,0,car,0 days 01:07:34.652000,0 days 02:05:50.164000
2024-07-07 15:10:47.553,10442,245,7,0,True,0,car,0 days 01:07:35.012000,0 days 02:05:50.524000
2024-07-07 15:10:47.833,10873,236,6,0,False,0,car,0 days 01:07:35.292000,0 days 02:05:50.804000
2024-07-07 15:10:48.073,10512,231,6,23,False,0,car,0 days 01:07:35.532000,0 days 02:05:51.044000
2024-07-07 15:10:48.313,10263,227,6,45,False,0,car,0 days 01:07:35.772000,0 days 02:05:51.284000
2024-07-07 15:10:48.673,10237,224,6,64,False,0,car,0 days 01:07:36.132000,0 days 02:05:51.644000
2024-07-07 15:10:48.833,10217,224,6,64,True,0,car,0 days 01:07:36.292000,0 days 02:05:51.804000
2024-07-07 15:10:49.113,9824,217,6,0,True,0,car,0 days 01:07:36.572000,0 days 02:05:52.084000
2024-07-07 15:10:49.434,10001,205,6,0,False,0,car,0 days 01:07:36.893000,0 days 02:05:52.405000
2024-07-07 15:10:49.714,10388,199,5,18,False,0,car,0 days 01:07:37.173000,0 days 02:05:52.685000
2024-07-07 15:10:49.914,10266,195,5,41,False,0,car,0 days 01:07:37.373000,0 days 02:05:52.885000
2024-07-07 15:10:50.154,10310,193,5,54,False,0,car,0 days 01:07:37.613000,0 days 02:05:53.125000
2024-07-07 15:10:50.554,10420,195,5,72,False,0,car,0 days 01:07:38.013000,0 days 02:05:53.525000
2024-07-07 15:10:50.874,10682,201,5,83,False,0,car,0 days 01:07:38.333000,0 days 02:05:53.845000
2024-07-07 15:10:51.194,11129,207,5,100,False,0,car,0 days 01:07:38.653000,0 days 02:05:54.165000
2024-07-07 15:10:51.354,11241,209,5,100,False,0,car,0 days 01:07:38.813000,0 days 02:05:54.325000
2024-07-07 15:10:51.793,11730,221,5,100,False,0,car,0 days 01:07:39.252000,0 days 02:05:54.764000
2024-07-07 15:10:52.033,11527,224,5,100,False,0,car,0 days 01:07:39.492000,0 days 02:05:55.004000
2024-07-07 15:10:52.393,10906,235,6,100,False,0,car,0 days 01:07:39.852000,0 days 02:05:55.364000
2024-07-07 15:10:52.713,11088,240,6,100,False,0,car,0 days 01:07:40.172000,0 days 02:05:55.684000
2024-07-07 15:10:52.913,11266,246,6,100,False,0,car,0 days 01:07:40.372000,0 days 02:05:55.884000
2024-07-07 15:10:53.153,11395,247,6,100,False,0,car,0 days 01:07:40.612000,0 days 02:05:56.124000
2024-07-07 15:10:53.433,11603,253,6,100,False,0,car,0 days 01:07:40.892000,0 days 02:05:56.404000
2024-07-07 15:10:53.593,11706,256,6,100,False,0,car,0 days 01:07:41.052000,0 days 02:05:56.564000
2024-07-07 15:10:53.873,11062,259,6,100,False,0,car,0 days 01:07:41.332000,0 days 02:05:56.844000
2024-07-07 15:10:54.233,10517,265,7,100,False,0,car,0 days 01:07:41.692000,0 days 02:05:57.204000
2024-07-07 15:10:54.433,10715,266,7,100,False,0,car,0 days 01:07:41.892000,0 days 02:05:57.404000
2024-07-07 15:10:54.593,10768,268,7,100,False,0,car,0 days 01:07:42.052000,0 days 02:05:57.564000
2024-07-07 15:10:54.753,10812,270,7,100,False,0,car,0 days 01:07:42.212000,0 days 02:05:57.724000
2024-07-07 15:10:54.953,10909,272,7,100,False,0,car,0 days 01:07:42.412000,0 days 02:05:57.924000
2024-07-07 15:10:55.273,11036,276,7,100,False,0,car,0 days 01:07:42.732000,0 days 02:05:58.244000
2024-07-07 15:10:55.513,11066,278,7,100,False,0,car,0 days 01:07:42.972000,0 days 02:05:58.484000
2024-07-07 15:10:55.953,11251,282,7,100,False,0,car,0 days 01:07:43.412000,0 days 02:05:58.924000
2024-07-07 15:10:56.354,11351,285,7,100,False,0,car,0 days 01:07:43.813000,0 days 02:05:59.325000
2024-07-07 15:10:56.714,11488,287,7,100,False,0,car,0 days 01:07:44.173000,0 days 02:05:59.685000
2024-07-07 15:10:56.994,11572,289,7,100,False,0,car,0 days 01:07:44.453000,0 days 02:05:59.965000
2024-07-07 15:10:57.194,11582,290,7,100,False,0,car,0 days 01:07:44.653000,0 days 02:06:00.165000
2024-07-07 15:10:57.434,11624,291,7,100,False,0,car,0 days 01:07:44.893000,0 days 02:06:00.405000
2024-07-07 15:10:57.674,11682,291,7,100,False,0,car,0 days 01:07:45.133000,0 days 02:06:00.645000
2024-07-07 15:10:57.914,11697,292,7,100,False,0,car,0 days 01:07:45.373000,0 days 02:06:00.885000
2024-07-07 15:10:58.194,11765,294,7,100,False,0,car,0 days 01:07:45.653000,0 days 02:06:01.165000
2024-07-07 15:10:58.553,10874,295,8,100,False,0,car,0 days 01:07:46.012000,0 days 02:06:01.524000
2024-07-07 15:10:58.753,10657,296,8,100,False,0,car,0 days 01:07:46.212000,0 days 02:06:01.724000
2024-07-07 15:10:58.913,10590,296,8,100,False,0,car,0 days 01:07:46.372000,0 days 02:06:01.884000
2024-07-07 15:10:59.193,10603,298,8,100,False,0,car,0 days 01:07:46.652000,0 days 02:06:02.164000
2024-07-07 15:10:59.473,10594,297,8,100,False,0,car,0 days 01:07:46.932000,0 days 02:06:02.444000
2024-07-07 15:10:59.833,10584,299,8,100,False,0,car,0 days 01:07:47.292000,0 days 02:06:02.804000
2024-07-07 15:11:00.233,10610,297,8,100,False,0,car,0 days 01:07:47.692000,0 days 02:06:03.204000
2024-07-07 15:11:00.513,10536,297,8,100,False,0,car,0 days 01:07:47.972000,0 days 02:06:03.484000
2024-07-07 15:11:00.833,10480,295,8,100,False,0,car,0 days 01:07:48.292000,0 days 02:06:03.804000
2024-07-07 15:11:01.033,10411,293,8,100,False,0,car,0 days 01:07:48.492000,0 days 02:06:04.004000
2024-07-07 15:11:01.273,10357,291,8,100,False,0,car,0 days 01:07:48.732000,0 days 02:06:04.244000
2024-07-07 15:11:01.513,10305,290,8,100,False,0,car,0 days 01:07:48.972000,0 days 02:06:04.484000
2024-07-07 15:11:01.713,10265,289,8,100,False,0,car,0 days 01:07:49.172000,0 days 02:06:04.684000
2024-07-07 15:11:02.073,10187,287,8,100,False,0,car,0 days 01:07:49.532000,0 days 02:06:05.044000
2024-07-07 15:11:02.473,9749,286,8,0,True,0,car,0 days 01:07:49.932000,0 days 02:06:05.444000
2024-07-07 15:11:02.674,8971,258,8,0,True,0,car,0 days 01:07:50.133000,0 days 02:06:05.645000
2024-07-07 15:11:02.914,9452,237,7,0,True,0,car,0 days 01:07:50.373000,0 days 02:06:05.885000
2024-07-07 15:11:03.274,10510,223,7,0,False,0,car,0 days 01:07:50.733000,0 days 02:06:06.245000
2024-07-07 15:11:03.674,10145,214,6,45,False,0,car,0 days 01:07:51.133000,0 days 02:06:06.645000
2024-07-07 15:11:03.874,9732,213,6,60,False,0,car,0 days 01:07:51.333000,0 days 02:06:06.845000
2024-07-07 15:11:04.074,9799,213,6,67,False,0,car,0 days 01:07:51.533000,0 days 02:06:07.045000
2024-07-07 15:11:04.234,9846,213,6,70,False,0,car,0 days 01:07:51.693000,0 days 02:06:07.205000
2024-07-07 15:11:04.554,9915,214,6,76,False,0,car,0 days 01:07:52.013000,0 days 02:06:07.525000
2024-07-07 15:11:04.754,9986,216,6,81,False,0,car,0 days 01:07:52.213000,0 days 02:06:07.725000
2024-07-07 15:11:05.074,10094,219,6,92,False,0,car,0 days 01:07:52.533000,0 days 02:06:08.045000
2024-07-07 15:11:05.233,10267,223,6,100,False,0,car,0 days 01:07:52.692000,0 days 02:06:08.204000
2024-07-07 15:11:05.473,10485,228,6,96,False,0,car,0 days 01:07:52.932000,0 days 02:06:08.444000
2024-07-07 15:11:05.753,10610,230,6,100,False,0,car,0 days 01:07:53.212000,0 days 02:06:08.724000
2024-07-07 15:11:06.033,10734,235,6,100,False,0,car,0 days 01:07:53.492000,0 days 02:06:09.004000
2024-07-07 15:11:06.273,11008,240,6,100,False,0,car,0 days 01:07:53.732000,0 days 02:06:09.244000
2024-07-07 15:11:06.513,11226,245,6,100,False,0,car,0 days 01:07:53.972000,0 days 02:06:09.484000
2024-07-07 15:11:06.713,11298,248,6,100,False,0,car,0 days 01:07:54.172000,0 days 02:06:09.684000
2024-07-07 15:11:06.953,11487,249,6,100,False,0,car,0 days 01:07:54.412000,0 days 02:06:09.924000
2024-07-07 15:11:07.153,11618,254,6,100,False,0,car,0 days 01:07:54.612000,0 days 02:06:10.124000
2024-07-07 15:11:07.313,11743,258,6,100,False,0,car,0 days 01:07:54.772000,0 days 02:06:10.284000
2024-07-07 15:11:07.553,11295,260,6,100,False,0,car,0 days 01:07:55.012000,0 days 02:06:10.524000
2024-07-07 15:11:07.833,10575,263,7,100,False,0,car,0 days 01:07:55.292000,0 days 02:06:10.804000
2024-07-07 15:11:07.993,10592,263,7,100,False,0,car,0 days 01:07:55.452000,0 days 02:06:10.964000
2024-07-07 15:11:08.233,10584,266,7,100,False,0,car,0 days 01:07:55.692000,0 days 02:06:11.204000
2024-07-07 15:11:08.393,10629,266,7,100,False,0,car,0 days 01:07:55.852000,0 days 02:06:11.364000
2024-07-07 15:11:08.633,10649,267,7,100,False,0,car,0 days 01:07:56.092000,0 days 02:06:11.604000
2024-07-07 15:11:09.113,10634,266,7,100,False,0,car,0 days 01:07:56.572000,0 days 02:06:12.084000
2024-07-07 15:11:09.434,9960,259,7,0,True,0,car,0 days 01:07:56.893000,0 days 02:06:12.405000
2024-07-07 15:11:09.634,9054,230,7,0,True,0,car,0 days 01:07:57.093000,0 days 02:06:12.605000
2024-07-07 15:11:09.834,8851,209,7,0,True,0,car,0 days 01:07:57.293000,0 days 02:06:12.805000
2024-07-07 15:11:09.994,8890,189,7,0,True,0,car,0 days 01:07:57.453000,0 days 02:06:12.965000
2024-07-07 15:11:10.234,8783,171,6,0,True,0,car,0 days 01:07:57.693000,0 days 02:06:13.205000
2024-07-07 15:11:10.434,9482,155,5,0,True,0,car,0 days 01:07:57.893000,0 days 02:06:13.405000
2024-07-07 15:11:10.594,8776,140,4,0,True,0,car,0 days 01:07:58.053000,0 days 02:06:13.565000
2024-07-07 15:11:10.954,8890,127,3,0,True,0,car,0 days 01:07:58.413000,0 days 02:06:13.925000
2024-07-07 15:11:11.354,8079,110,3,0,True,0,car,0 days 01:07:58.813000,0 days 02:06:14.325000
2024-07-07 15:11:11.634,7730,105,3,0,False,0,car,0 days 01:07:59.093000,0 days 02:06:14.605000
2024-07-07 15:11:11.873,7607,102,3,0,False,0,car,0 days 01:07:59.332000,0 days 02:06:14.844000
2024-07-07 15:11:12.153,7436,100,3,0,False,0,car,0 days 01:07:59.612000,0 days 02:06:15.124000
2024-07-07 15:11:12.353,7370,99,3,12,False,0,car,0 days 01:07:59.812000,0 days 02:06:15.324000
2024-07-07 15:11:12.633,7537,100,3,44,False,0,car,0 days 01:08:00.092000,0 days 02:06:15.604000
2024-07-07 15:11:12.953,7873,105,3,48,False,0,car,0 days 01:08:00.412000,0 days 02:06:15.924000
2024-07-07 15:11:13.353,8452,113,3,47,False,0,car,0 days 01:08:00.812000,0 days 02:06:16.324000
2024-07-07 15:11:13.593,7363,117,4,29,False,0,car,0 days 01:08:01.052000,0 days 02:06:16.564000
2024-07-07 15:11:13.913,7361,116,4,14,False,0,car,0 days 01:08:01.372000,0 days 02:06:16.884000
2024-07-07 15:11:14.113,7217,115,4,16,False,0,car,0 days 01:08:01.572000,0 days 02:06:17.084000
2024-07-07 15:11:14.313,7141,115,4,20,False,0,car,0 days 01:08:01.772000,0 days 02:06:17.284000
2024-07-07 15:11:14.633,7218,116,4,43,False,0,car,0 days 01:08:02.092000,0 days 02:06:17.604000
2024-07-07 15:11:14.793,7628,119,4,49,False,0,car,0 days 01:08:02.252000,0 days 02:06:17.764000
2024-07-07 15:11:14.953,7869,119,4,53,False,0,car,0 days 01:08:02.412000,0 days 02:06:17.924000
2024-07-07 15:11:15.233,8238,127,4,61,False,0,car,0 days 01:08:02.692000,0 days 02:06:18.204000
2024-07-07 15:11:15.433,8669,130,4,74,False,0,car,0 days 01:08:02.892000,0 days 02:06:18.404000
2024-07-07 15:11:15.673,9053,144,4,78,False,0,car,0 days 01:08:03.132000,0 days 02:06:18.644000
2024-07-07 15:11:15.834,9687,148,4,95,False,0,car,0 days 01:08:03.293000,0 days 02:06:18.805000
2024-07-07 15:11:16.034,10268,152,4,97,False,0,car,0 days 01:08:03.493000,0 days 02:06:19.005000
2024-07-07 15:11:16.234,10628,166,4,100,False,0,car,0 days 01:08:03.693000,0 days 02:06:19.205000
2024-07-07 15:11:16.394,11080,174,4,100,False,0,car,0 days 01:08:03.853000,0 days 02:06:19.365000
2024-07-07 15:11:16.674,10548,186,4,100,False,0,car,0 days 01:08:04.133000,0 days 02:06:19.645000
2024-07-07 15:11:16.874,10434,192,5,100,False,0,car,0 days 01:08:04.333000,0 days 02:06:19.845000
2024-07-07 15:11:17.074,10306,196,5,100,False,0,car,0 days 01:08:04.533000,0 days 02:06:20.045000
2024-07-07 15:11:17.274,10891,203,5,100,False,0,car,0 days 01:08:04.733000,0 days 02:06:20.245000
2024-07-07 15:11:17.514,11299,210,5,100,False,0,car,0 days 01:08:04.973000,0 days 02:06:20.485000
2024-07-07 15:11:17.754,11580,217,5,100,False,0,car,0 days 01:08:05.213000,0 days 02:06:20.725000
2024-07-07 15:11:17.954,11822,222,5,100,False,0,car,0 days 01:08:05.413000,0 days 02:06:20.925000
2024-07-07 15:11:18.354,10547,230,6,100,False,0,car,0 days 01:08:05.813000,0 days 02:06:21.325000
2024-07-07 15:11:18.553,10547,234,6,100,False,0,car,0 days 01:08:06.012000,0 days 02:06:21.524000
2024-07-07 15:11:18.913,11140,241,6,100,False,0,car,0 days 01:08:06.372000,0 days 02:06:21.884000
2024-07-07 15:11:19.353,11431,249,6,100,False,0,car,0 days 01:08:06.812000,0 days 02:06:22.324000
2024-07-07 15:11:19.553,11548,254,6,100,False,0,car,0 days 01:08:07.012000,0 days 02:06:22.524000
2024-07-07 15:11:19.873,11029,259,6,100,False,0,car,0 days 01:08:07.332000,0 days 02:06:22.844000
2024-07-07 15:11:20.193,10693,264,7,100,False,0,car,0 days 01:08:07.652000,0 days 02:06:23.164000
2024-07-07 15:11:20.513,10766,267,7,100,False,0,car,0 days 01:08:07.972000,0 days 02:06:23.484000
2024-07-07 15:11:20.753,10820,270,7,100,False,0,car,0 days 01:08:08.212000,0 days 02:06:23.724000
2024-07-07 15:11:20.913,10971,274,7,100,False,0,car,0 days 01:08:08.372000,0 days 02:06:23.884000
2024-07-07 15:11:21.233,11117,276,7,100,False,0,car,0 days 01:08:08.692000,0 days 02:06:24.204000
2024-07-07 15:11:21.433,11207,280,7,100,False,0,car,0 days 01:08:08.892000,0 days 02:06:24.404000
2024-07-07 15:11:21.713,11305,282,7,100,False,0,car,0 days 01:08:09.172000,0 days 02:06:24.684000
2024-07-07 15:11:21.953,11348,284,7,100,False,0,car,0 days 01:08:09.412000,0 days 02:06:24.924000
2024-07-07 15:11:22.233,11473,287,7,100,False,0,car,0 days 01:08:09.692000,0 days 02:06:25.204000
2024-07-07 15:11:22.554,11559,290,7,100,False,0,car,0 days 01:08:10.013000,0 days 02:06:25.525000
2024-07-07 15:11:22.754,11620,290,7,100,False,0,car,0 days 01:08:10.213000,0 days 02:06:25.725000
2024-07-07 15:11:23.074,11671,291,7,100,False,0,car,0 days 01:08:10.533000,0 days 02:06:26.045000
2024-07-07 15:11:23.474,10631,294,8,100,False,0,car,0 days 01:08:10.933000,0 days 02:06:26.445000
2024-07-07 15:11:23.714,10612,296,8,100,False,0,car,0 days 01:08:11.173000,0 days 02:06:26.685000
2024-07-07 15:11:23.954,10598,297,8,100,False,0,car,0 days 01:08:11.413000,0 days 02:06:26.925000
2024-07-07 15:11:24.154,10607,300,8,100,False,0,car,0 days 01:08:11.613000,0 days 02:06:27.125000
2024-07-07 15:11:24.514,10620,296,8,80,False,0,car,0 days 01:08:11.973000,0 days 02:06:27.485000
2024-07-07 15:11:24.754,10545,294,8,80,False,0,car,0 days 01:08:12.213000,0 days 02:06:27.725000
2024-07-07 15:11:25.114,10442,291,8,92,False,0,car,0 days 01:08:12.573000,0 days 02:06:28.085000
2024-07-07 15:11:25.393,10423,290,8,100,False,0,car,0 days 01:08:12.852000,0 days 02:06:28.364000
2024-07-07 15:11:25.553,10403,291,8,100,False,0,car,0 days 01:08:13.012000,0 days 02:06:28.524000
2024-07-07 15:11:25.793,10362,290,8,100,False,0,car,0 days 01:08:13.252000,0 days 02:06:28.764000
2024-07-07 15:11:25.953,10368,289,8,100,False,0,car,0 days 01:08:13.412000,0 days 02:06:28.924000
2024-07-07 15:11:26.233,10357,291,8,100,False,0,car,0 days 01:08:13.692000,0 days 02:06:29.204000
2024-07-07 15:11:26.513,10403,292,8,100,False,0,car,0 days 01:08:13.972000,0 days 02:06:29.484000
2024-07-07 15:11:26.953,10505,295,8,100,False,0,car,0 days 01:08:14.412000,0 days 02:06:29.924000
2024-07-07 15:11:27.193,10524,296,8,100,False,0,car,0 days 01:08:14.652000,0 days 02:06:30.164000
2024-07-07 15:11:27.513,10524,295,8,100,False,0,car,0 days 01:08:14.972000,0 days 02:06:30.484000
2024-07-07 15:11:27.753,10473,294,8,100,False,0,car,0 days 01:08:15.212000,0 days 02:06:30.724000
2024-07-07 15:11:28.073,10428,292,8,100,False,0,car,0 days 01:08:15.532000,0 days 02:06:31.044000
2024-07-07 15:11:28.393,10263,289,8,100,False,0,car,0 days 01:08:15.852000,0 days 02:06:31.364000
2024-07-07 15:11:28.593,10213,288,8,100,False,0,car,0 days 01:08:16.052000,0 days 02:06:31.564000
2024-07-07 15:11:28.833,10162,287,8,100,False,0,car,0 days 01:08:16.292000,0 days 02:06:31.804000
2024-07-07 15:11:29.034,10133,284,8,100,False,0,car,0 days 01:08:16.493000,0 days 02:06:32.005000
2024-07-07 15:11:29.274,10079,284,8,100,False,0,car,0 days 01:08:16.733000,0 days 02:06:32.245000
2024-07-07 15:11:29.594,9411,270,8,0,True,0,car,0 days 01:08:17.053000,0 days 02:06:32.565000
2024-07-07 15:11:29.754,8880,246,8,0,True,0,car,0 days 01:08:17.213000,0 days 02:06:32.725000
2024-07-07 15:11:29.914,8838,223,8,0,True,0,car,0 days 01:08:17.373000,0 days 02:06:32.885000
2024-07-07 15:11:30.154,8902,201,7,0,True,0,car,0 days 01:08:17.613000,0 days 02:06:33.125000
2024-07-07 15:11:30.434,9142,180,6,0,True,0,car,0 days 01:08:17.893000,0 days 02:06:33.405000
2024-07-07 15:11:30.634,9375,157,5,0,True,0,car,0 days 01:08:18.093000,0 days 02:06:33.605000
2024-07-07 15:11:30.794,8912,145,4,0,True,0,car,0 days 01:08:18.253000,0 days 02:06:33.765000
2024-07-07 15:11:30.954,8567,141,4,0,True,0,car,0 days 01:08:18.413000,0 days 02:06:33.925000
2024-07-07 15:11:31.114,8287,134,4,0,True,0,car,0 days 01:08:18.573000,0 days 02:06:34.085000
2024-07-07 15:11:31.434,7464,125,4,0,True,0,car,0 days 01:08:18.893000,0 days 02:06:34.405000
2024-07-07 15:11:31.714,7325,118,4,0,False,0,car,0 days 01:08:19.173000,0 days 02:06:34.685000
2024-07-07 15:11:31.954,7059,114,4,0,False,0,car,0 days 01:08:19.413000,0 days 02:06:34.925000
2024-07-07 15:11:32.153,7062,112,4,0,False,0,car,0 days 01:08:19.612000,0 days 02:06:35.124000
2024-07-07 15:11:32.473,6702,109,4,13,False,0,car,0 days 01:08:19.932000,0 days 02:06:35.444000
2024-07-07 15:11:32.913,7197,112,4,40,False,0,car,0 days 01:08:20.372000,0 days 02:06:35.884000
2024-07-07 15:11:33.153,7401,114,4,46,False,0,car,0 days 01:08:20.612000,0 days 02:06:36.124000
2024-07-07 15:11:33.393,7807,119,4,51,False,0,car,0 days 01:08:20.852000,0 days 02:06:36.364000
2024-07-07 15:11:33.673,8180,127,4,61,False,0,car,0 days 01:08:21.132000,0 days 02:06:36.644000
2024-07-07 15:11:33.953,8610,129,4,69,False,0,car,0 days 01:08:21.412000,0 days 02:06:36.924000
2024-07-07 15:11:34.113,8832,139,4,74,False,0,car,0 days 01:08:21.572000,0 days 02:06:37.084000
2024-07-07 15:11:34.353,9472,147,4,80,True,0,car,0 days 01:08:21.812000,0 days 02:06:37.324000
2024-07-07 15:11:34.553,8912,150,4,0,True,0,car,0 days 01:08:22.012000,0 days 02:06:37.524000
2024-07-07 15:11:34.713,8121,134,4,0,True,0,car,0 days 01:08:22.172000,0 days 02:06:37.684000
2024-07-07 15:11:34.873,8717,123,4,0,True,0,car,0 days 01:08:22.332000,0 days 02:06:37.844000
2024-07-07 15:11:35.113,8371,115,3,0,True,0,car,0 days 01:08:22.572000,0 days 02:06:38.084000
2024-07-07 15:11:35.353,7826,108,3,0,True,0,car,0 days 01:08:22.812000,0 days 02:06:38.324000
2024-07-07 15:11:35.674,7349,98,3,0,True,0,car,0 days 01:08:23.133000,0 days 02:06:38.645000
2024-07-07 15:11:35.994,7094,95,3,0,False,0,car,0 days 01:08:23.453000,0 days 02:06:38.965000
2024-07-07 15:11:36.314,6680,91,3,0,False,0,car,0 days 01:08:23.773000,0 days 02:06:39.285000
2024-07-07 15:11:36.474,6680,90,3,0,False,0,car,0 days 01:08:23.933000,0 days 02:06:39.445000
2024-07-07 15:11:36.754,6698,88,3,13,False,0,car,0 days 01:08:24.213000,0 days 02:06:39.725000
2024-07-07 15:11:36.954,6899,89,3,23,False,0,car,0 days 01:08:24.413000,0 days 02:06:39.925000
2024-07-07 15:11:37.114,6990,90,3,26,False,0,car,0 days 01:08:24.573000,0 days 02:06:40.085000
2024-07-07 15:11:37.354,6990,93,3,30,False,0,car,0 days 01:08:24.813000,0 days 02:06:40.325000
2024-07-07 15:11:37.514,7488,94,3,40,False,0,car,0 days 01:08:24.973000,0 days 02:06:40.485000
2024-07-07 15:11:37.674,7523,100,3,45,False,0,car,0 days 01:08:25.133000,0 days 02:06:40.645000
2024-07-07 15:11:37.914,8129,105,3,51,False,0,car,0 days 01:08:25.373000,0 days 02:06:40.885000
2024-07-07 15:11:38.154,8542,110,3,60,False,0,car,0 days 01:08:25.613000,0 days 02:06:41.125000
2024-07-07 15:11:38.354,9081,117,3,68,False,0,car,0 days 01:08:25.813000,0 days 02:06:41.325000
2024-07-07 15:11:38.514,9637,117,3,72,False,0,car,0 days 01:08:25.973000,0 days 02:06:41.485000
2024-07-07 15:11:38.713,10344,134,3,82,False,0,car,0 days 01:08:26.172000,0 days 02:06:41.684000
2024-07-07 15:11:39.033,9709,147,4,100,False,0,car,0 days 01:08:26.492000,0 days 02:06:42.004000
2024-07-07 15:11:39.473,10594,171,4,100,False,0,car,0 days 01:08:26.932000,0 days 02:06:42.444000
2024-07-07 15:11:39.633,11283,171,4,100,False,0,car,0 days 01:08:27.092000,0 days 02:06:42.604000
2024-07-07 15:11:39.833,10863,184,4,100,False,0,car,0 days 01:08:27.292000,0 days 02:06:42.804000
2024-07-07 15:11:39.993,10023,191,4,100,False,0,car,0 days 01:08:27.452000,0 days 02:06:42.964000
2024-07-07 15:11:40.193,10630,191,5,100,False,0,car,0 days 01:08:27.652000,0 days 02:06:43.164000
2024-07-07 15:11:40.353,10630,201,5,100,False,0,car,0 days 01:08:27.812000,0 days 02:06:43.324000
2024-07-07 15:11:40.673,11283,213,5,100,False,0,car,0 days 01:08:28.132000,0 days 02:06:43.644000
2024-07-07 15:11:40.833,11577,216,5,100,False,0,car,0 days 01:08:28.292000,0 days 02:06:43.804000
2024-07-07 15:11:40.993,11812,221,5,100,False,0,car,0 days 01:08:28.452000,0 days 02:06:43.964000
2024-07-07 15:11:41.313,10970,228,5,100,False,0,car,0 days 01:08:28.772000,0 days 02:06:44.284000
2024-07-07 15:11:41.593,10763,233,6,100,False,0,car,0 days 01:08:29.052000,0 days 02:06:44.564000
2024-07-07 15:11:41.833,10905,236,6,100,False,0,car,0 days 01:08:29.292000,0 days 02:06:44.804000
2024-07-07 15:11:42.034,11050,240,6,100,False,0,car,0 days 01:08:29.493000,0 days 02:06:45.005000
2024-07-07 15:11:42.314,11236,245,6,100,False,0,car,0 days 01:08:29.773000,0 days 02:06:45.285000
2024-07-07 15:11:42.554,11320,248,6,100,False,0,car,0 days 01:08:30.013000,0 days 02:06:45.525000
2024-07-07 15:11:42.754,11500,251,6,100,False,0,car,0 days 01:08:30.213000,0 days 02:06:45.725000
2024-07-07 15:11:42.954,11650,254,6,100,False,0,car,0 days 01:08:30.413000,0 days 02:06:45.925000
2024-07-07 15:11:43.154,11711,257,6,100,False,0,car,0 days 01:08:30.613000,0 days 02:06:46.125000
2024-07-07 15:11:43.314,10731,260,6,100,False,0,car,0 days 01:08:30.773000,0 days 02:06:46.285000
2024-07-07 15:11:43.754,10550,265,7,100,False,0,car,0 days 01:08:31.213000,0 days 02:06:46.725000
2024-07-07 15:11:43.954,10720,267,7,100,False,0,car,0 days 01:08:31.413000,0 days 02:06:46.925000
2024-07-07 15:11:44.274,10887,272,7,100,False,0,car,0 days 01:08:31.733000,0 days 02:06:47.245000
2024-07-07 15:11:44.514,10981,273,7,100,False,0,car,0 days 01:08:31.973000,0 days 02:06:47.485000
2024-07-07 15:11:44.714,11039,275,7,100,False,0,car,0 days 01:08:32.173000,0 days 02:06:47.685000
2024-07-07 15:11:44.914,11039,276,7,100,False,0,car,0 days 01:08:32.373000,0 days 02:06:47.885000
2024-07-07 15:11:45.194,11176,279,7,100,False,0,car,0 days 01:08:32.653000,0 days 02:06:48.165000
2024-07-07 15:11:45.473,11237,282,7,100,False,0,car,0 days 01:08:32.932000,0 days 02:06:48.444000
2024-07-07 15:11:45.793,11359,283,7,100,False,0,car,0 days 01:08:33.252000,0 days 02:06:48.764000
2024-07-07 15:11:46.073,11414,285,7,100,False,0,car,0 days 01:08:33.532000,0 days 02:06:49.044000
2024-07-07 15:11:46.233,11443,287,7,100,False,0,car,0 days 01:08:33.692000,0 days 02:06:49.204000
2024-07-07 15:11:46.433,11503,287,7,100,False,0,car,0 days 01:08:33.892000,0 days 02:06:49.404000
2024-07-07 15:11:46.673,11562,289,7,100,False,0,car,0 days 01:08:34.132000,0 days 02:06:49.644000
2024-07-07 15:11:46.833,11610,290,7,100,False,0,car,0 days 01:08:34.292000,0 days 02:06:49.804000
2024-07-07 15:11:46.993,11630,291,7,100,False,0,car,0 days 01:08:34.452000,0 days 02:06:49.964000
2024-07-07 15:11:47.473,11682,292,7,100,False,0,car,0 days 01:08:34.932000,0 days 02:06:50.444000
2024-07-07 15:11:47.713,11654,292,7,100,False,0,car,0 days 01:08:35.172000,0 days 02:06:50.684000
2024-07-07 15:11:47.993,11600,290,7,100,False,0,car,0 days 01:08:35.452000,0 days 02:06:50.964000
2024-07-07 15:11:48.153,11593,291,7,100,False,0,car,0 days 01:08:35.612000,0 days 02:06:51.124000
2024-07-07 15:11:48.473,11479,286,7,100,False,0,car,0 days 01:08:35.932000,0 days 02:06:51.444000
2024-07-07 15:11:48.874,11409,285,7,100,False,0,car,0 days 01:08:36.333000,0 days 02:06:51.845000
2024-07-07 15:11:49.034,11349,284,7,100,False,0,car,0 days 01:08:36.493000,0 days 02:06:52.005000
2024-07-07 15:11:49.234,11268,282,7,100,False,0,car,0 days 01:08:36.693000,0 days 02:06:52.205000
2024-07-07 15:11:49.514,10669,268,7,0,True,0,car,0 days 01:08:36.973000,0 days 02:06:52.485000
2024-07-07 15:11:49.954,9008,230,7,0,True,0,car,0 days 01:08:37.413000,0 days 02:06:52.925000
2024-07-07 15:11:50.114,8925,230,7,0,True,0,car,0 days 01:08:37.573000,0 days 02:06:53.085000
2024-07-07 15:11:50.434,9026,199,6,0,True,0,car,0 days 01:08:37.893000,0 days 02:06:53.405000
2024-07-07 15:11:50.634,9854,192,5,0,True,0,car,0 days 01:08:38.093000,0 days 02:06:53.605000
2024-07-07 15:11:50.954,9435,179,5,0,True,0,car,0 days 01:08:38.413000,0 days 02:06:53.925000
2024-07-07 15:11:51.194,8866,169,5,0,True,0,car,0 days 01:08:38.653000,0 days 02:06:54.165000
2024-07-07 15:11:51.514,8532,164,5,0,False,0,car,0 days 01:08:38.973000,0 days 02:06:54.485000
2024-07-07 15:11:51.674,8555,160,5,1,False,0,car,0 days 01:08:39.133000,0 days 02:06:54.645000
2024-07-07 15:11:51.914,8430,158,5,14,False,0,car,0 days 01:08:39.373000,0 days 02:06:54.885000
2024-07-07 15:11:52.193,8400,155,5,27,False,0,car,0 days 01:08:39.652000,0 days 02:06:55.164000
2024-07-07 15:11:52.433,8315,155,5,44,False,0,car,0 days 01:08:39.892000,0 days 02:06:55.404000
2024-07-07 15:11:52.753,8343,157,5,50,False,0,car,0 days 01:08:40.212000,0 days 02:06:55.724000
2024-07-07 15:11:53.113,8849,162,5,68,False,0,car,0 days 01:08:40.572000,0 days 02:06:56.084000
2024-07-07 15:11:53.353,9041,167,5,74,False,0,car,0 days 01:08:40.812000,0 days 02:06:56.324000
2024-07-07 15:11:53.593,9364,174,5,77,False,0,car,0 days 01:08:41.052000,0 days 02:06:56.564000
2024-07-07 15:11:53.873,9229,178,5,52,False,0,car,0 days 01:08:41.332000,0 days 02:06:56.844000
2024-07-07 15:11:54.153,8746,173,5,0,True,0,car,0 days 01:08:41.612000,0 days 02:06:57.124000
2024-07-07 15:11:54.433,9252,154,5,0,True,0,car,0 days 01:08:41.892000,0 days 02:06:57.404000
2024-07-07 15:11:54.593,8922,149,4,0,True,0,car,0 days 01:08:42.052000,0 days 02:06:57.564000
2024-07-07 15:11:54.793,8449,141,4,0,True,0,car,0 days 01:08:42.252000,0 days 02:06:57.764000
2024-07-07 15:11:55.113,7992,130,4,0,True,0,car,0 days 01:08:42.572000,0 days 02:06:58.084000
2024-07-07 15:11:55.354,7897,125,4,0,False,0,car,0 days 01:08:42.813000,0 days 02:06:58.325000
2024-07-07 15:11:55.714,7387,120,4,0,False,0,car,0 days 01:08:43.173000,0 days 02:06:58.685000
2024-07-07 15:11:55.874,7361,118,4,0,False,0,car,0 days 01:08:43.333000,0 days 02:06:58.845000
2024-07-07 15:11:56.074,7205,113,4,0,False,0,car,0 days 01:08:43.533000,0 days 02:06:59.045000
2024-07-07 15:11:56.354,7248,113,4,29,False,0,car,0 days 01:08:43.813000,0 days 02:06:59.325000
2024-07-07 15:11:56.634,7393,115,4,44,False,0,car,0 days 01:08:44.093000,0 days 02:06:59.605000
2024-07-07 15:11:56.874,7605,120,4,50,False,0,car,0 days 01:08:44.333000,0 days 02:06:59.845000
2024-07-07 15:11:57.034,7753,121,4,52,False,0,car,0 days 01:08:44.493000,0 days 02:07:00.005000
2024-07-07 15:11:57.314,8267,127,4,59,False,0,car,0 days 01:08:44.773000,0 days 02:07:00.285000
2024-07-07 15:11:57.554,8655,131,4,70,False,0,car,0 days 01:08:45.013000,0 days 02:07:00.525000
2024-07-07 15:11:57.714,8893,134,4,73,False,0,car,0 days 01:08:45.173000,0 days 02:07:00.685000
2024-07-07 15:11:57.954,9345,145,4,84,False,0,car,0 days 01:08:45.413000,0 days 02:07:00.925000
2024-07-07 15:11:58.354,10459,161,4,100,False,0,car,0 days 01:08:45.813000,0 days 02:07:01.325000
2024-07-07 15:11:58.794,11479,178,4,100,False,0,car,0 days 01:08:46.253000,0 days 02:07:01.765000
2024-07-07 15:11:59.153,10611,189,5,100,False,0,car,0 days 01:08:46.612000,0 days 02:07:02.124000
2024-07-07 15:11:59.313,10849,199,5,100,False,0,car,0 days 01:08:46.772000,0 days 02:07:02.284000
2024-07-07 15:11:59.673,11194,208,5,100,False,0,car,0 days 01:08:47.132000,0 days 02:07:02.644000
2024-07-07 15:12:00.113,11977,224,5,100,False,0,car,0 days 01:08:47.572000,0 days 02:07:03.084000
2024-07-07 15:12:00.313,11137,224,5,100,False,0,car,0 days 01:08:47.772000,0 days 02:07:03.284000
2024-07-07 15:12:00.513,10641,233,6,100,False,0,car,0 days 01:08:47.972000,0 days 02:07:03.484000
2024-07-07 15:12:00.913,11074,239,6,100,False,0,car,0 days 01:08:48.372000,0 days 02:07:03.884000
2024-07-07 15:12:01.073,11156,243,6,100,False,0,car,0 days 01:08:48.532000,0 days 02:07:04.044000
2024-07-07 15:12:01.313,11400,247,6,100,False,0,car,0 days 01:08:48.772000,0 days 02:07:04.284000
2024-07-07 15:12:01.513,11572,249,6,100,False,0,car,0 days 01:08:48.972000,0 days 02:07:04.484000
2024-07-07 15:12:01.673,11623,254,6,100,False,0,car,0 days 01:08:49.132000,0 days 02:07:04.644000
2024-07-07 15:12:01.994,11829,258,6,100,False,0,car,0 days 01:08:49.453000,0 days 02:07:04.965000
2024-07-07 15:12:02.274,10862,263,7,100,False,0,car,0 days 01:08:49.733000,0 days 02:07:05.245000
2024-07-07 15:12:02.434,10523,263,7,100,False,0,car,0 days 01:08:49.893000,0 days 02:07:05.405000
2024-07-07 15:12:02.794,10694,268,7,100,False,0,car,0 days 01:08:50.253000,0 days 02:07:05.765000
2024-07-07 15:12:03.154,10987,273,7,100,False,0,car,0 days 01:08:50.613000,0 days 02:07:06.125000
2024-07-07 15:12:03.354,10987,274,7,100,False,0,car,0 days 01:08:50.813000,0 days 02:07:06.325000
2024-07-07 15:12:03.714,11229,279,7,100,False,0,car,0 days 01:08:51.173000,0 days 02:07:06.685000
2024-07-07 15:12:03.954,11288,281,7,100,False,0,car,0 days 01:08:51.413000,0 days 02:07:06.925000
2024-07-07 15:12:04.194,11412,285,7,100,False,0,car,0 days 01:08:51.653000,0 days 02:07:07.165000
2024-07-07 15:12:04.474,11470,287,7,100,False,0,car,0 days 01:08:51.933000,0 days 02:07:07.445000
2024-07-07 15:12:04.834,11572,287,7,100,False,0,car,0 days 01:08:52.293000,0 days 02:07:07.805000
2024-07-07 15:12:05.194,11688,291,7,100,False,0,car,0 days 01:08:52.653000,0 days 02:07:08.165000
2024-07-07 15:12:05.434,11752,293,7,100,False,0,car,0 days 01:08:52.893000,0 days 02:07:08.405000
2024-07-07 15:12:05.793,11069,296,7,100,False,0,car,0 days 01:08:53.252000,0 days 02:07:08.764000
2024-07-07 15:12:06.073,10538,296,8,100,False,0,car,0 days 01:08:53.532000,0 days 02:07:09.044000
2024-07-07 15:12:06.233,10622,296,8,100,False,0,car,0 days 01:08:53.692000,0 days 02:07:09.204000
2024-07-07 15:12:06.473,10617,298,8,100,False,0,car,0 days 01:08:53.932000,0 days 02:07:09.444000
2024-07-07 15:12:06.673,10578,299,8,100,False,0,car,0 days 01:08:54.132000,0 days 02:07:09.644000
2024-07-07 15:12:06.913,10608,298,8,100,False,0,car,0 days 01:08:54.372000,0 days 02:07:09.884000
2024-07-07 15:12:07.073,10576,297,8,100,False,0,car,0 days 01:08:54.532000,0 days 02:07:10.044000
2024-07-07 15:12:07.393,10516,297,8,100,False,0,car,0 days 01:08:54.852000,0 days 02:07:10.364000
2024-07-07 15:12:07.713,10426,296,8,100,False,0,car,0 days 01:08:55.172000,0 days 02:07:10.684000
2024-07-07 15:12:08.073,10419,294,8,98,False,0,car,0 days 01:08:55.532000,0 days 02:07:11.044000
2024-07-07 15:12:08.273,10416,293,8,86,False,0,car,0 days 01:08:55.732000,0 days 02:07:11.244000
2024-07-07 15:12:08.514,10263,291,8,51,False,0,car,0 days 01:08:55.973000,0 days 02:07:11.485000
2024-07-07 15:12:08.754,10105,291,8,44,False,0,car,0 days 01:08:56.213000,0 days 02:07:11.725000
2024-07-07 15:12:09.074,9903,278,8,52,False,0,car,0 days 01:08:56.533000,0 days 02:07:12.045000
2024-07-07 15:12:09.434,9784,273,8,85,False,0,car,0 days 01:08:56.893000,0 days 02:07:12.405000
2024-07-07 15:12:09.674,9824,273,8,100,False,0,car,0 days 01:08:57.133000,0 days 02:07:12.645000
2024-07-07 15:12:09.954,9795,273,8,100,False,0,car,0 days 01:08:57.413000,0 days 02:07:12.925000
2024-07-07 15:12:10.154,9775,274,8,100,False,0,car,0 days 01:08:57.613000,0 days 02:07:13.125000
2024-07-07 15:12:10.314,9816,273,8,100,False,0,car,0 days 01:08:57.773000,0 days 02:07:13.285000
2024-07-07 15:12:10.594,9803,275,8,100,False,0,car,0 days 01:08:58.053000,0 days 02:07:13.565000
2024-07-07 15:12:10.954,9844,275,8,100,False,0,car,0 days 01:08:58.413000,0 days 02:07:13.925000
2024-07-07 15:12:11.114,9880,277,8,100,False,0,car,0 days 01:08:58.573000,0 days 02:07:14.085000
2024-07-07 15:12:11.314,9901,278,8,100,False,0,car,0 days 01:08:58.773000,0 days 02:07:14.285000
2024-07-07 15:12:11.634,10008,280,8,100,False,0,car,0 days 01:08:59.093000,0 days 02:07:14.605000
2024-07-07 15:12:11.874,10030,281,8,100,False,0,car,0 days 01:08:59.333000,0 days 02:07:14.845000
2024-07-07 15:12:12.114,10144,283,8,100,False,0,car,0 days 01:08:59.573000,0 days 02:07:15.085000
2024-07-07 15:12:12.274,10150,286,8,100,False,0,car,0 days 01:08:59.733000,0 days 02:07:15.245000
2024-07-07 15:12:12.553,10221,286,8,100,False,0,car,0 days 01:09:00.012000,0 days 02:07:15.524000
2024-07-07 15:12:12.753,10270,287,8,100,False,0,car,0 days 01:09:00.212000,0 days 02:07:15.724000
2024-07-07 15:12:13.233,10319,290,8,100,False,0,car,0 days 01:09:00.692000,0 days 02:07:16.204000
2024-07-07 15:12:13.433,10378,291,8,100,False,0,car,0 days 01:09:00.892000,0 days 02:07:16.404000
2024-07-07 15:12:13.673,10378,292,8,100,False,0,car,0 days 01:09:01.132000,0 days 02:07:16.644000
2024-07-07 15:12:13.873,10404,294,8,100,False,0,car,0 days 01:09:01.332000,0 days 02:07:16.844000
2024-07-07 15:12:14.153,10482,295,8,100,False,0,car,0 days 01:09:01.612000,0 days 02:07:17.124000
2024-07-07 15:12:14.353,10498,296,8,100,False,0,car,0 days 01:09:01.812000,0 days 02:07:17.324000
2024-07-07 15:12:14.633,10561,297,8,100,False,0,car,0 days 01:09:02.092000,0 days 02:07:17.604000
2024-07-07 15:12:14.873,10582,298,8,100,False,0,car,0 days 01:09:02.332000,0 days 02:07:17.844000
2024-07-07 15:12:15.034,10646,298,8,100,False,0,car,0 days 01:09:02.493000,0 days 02:07:18.005000
2024-07-07 15:12:15.274,10653,299,8,100,False,0,car,0 days 01:09:02.733000,0 days 02:07:18.245000
2024-07-07 15:12:15.514,10666,299,8,100,False,0,car,0 days 01:09:02.973000,0 days 02:07:18.485000
2024-07-07 15:12:15.674,10696,300,8,100,False,0,car,0 days 01:09:03.133000,0 days 02:07:18.645000
2024-07-07 15:12:15.874,10701,300,8,100,False,0,car,0 days 01:09:03.333000,0 days 02:07:18.845000
2024-07-07 15:12:16.074,10713,301,8,100,False,0,car,0 days 01:09:03.533000,0 days 02:07:19.045000
2024-07-07 15:12:16.434,10719,301,8,100,False,0,car,0 days 01:09:03.893000,0 days 02:07:19.405000
2024-07-07 15:12:16.794,10513,300,8,29,False,0,car,0 days 01:09:04.253000,0 days 02:07:19.765000
2024-07-07 15:12:17.114,10299,298,8,20,False,0,car,0 days 01:09:04.573000,0 days 02:07:20.085000
2024-07-07 15:12:17.474,11151,278,7,54,False,0,car,0 days 01:09:04.933000,0 days 02:07:20.445000
2024-07-07 15:12:17.714,10994,274,7,72,False,0,car,0 days 01:09:05.173000,0 days 02:07:20.685000
2024-07-07 15:12:17.874,11110,273,7,100,False,0,car,0 days 01:09:05.333000,0 days 02:07:20.845000
2024-07-07 15:12:18.074,10864,272,7,100,False,0,car,0 days 01:09:05.533000,0 days 02:07:21.045000
2024-07-07 15:12:18.314,10912,273,7,100,False,0,car,0 days 01:09:05.773000,0 days 02:07:21.285000
2024-07-07 15:12:18.594,10946,274,7,100,False,0,car,0 days 01:09:06.053000,0 days 02:07:21.565000
2024-07-07 15:12:18.834,10474,274,7,0,True,0,car,0 days 01:09:06.293000,0 days 02:07:21.805000
2024-07-07 15:12:19.033,10502,267,7,0,True,0,car,0 days 01:09:06.492000,0 days 02:07:22.004000
2024-07-07 15:12:19.233,10158,259,7,0,True,0,car,0 days 01:09:06.692000,0 days 02:07:22.204000
2024-07-07 15:12:19.473,9924,247,7,14,False,0,car,0 days 01:09:06.932000,0 days 02:07:22.444000
2024-07-07 15:12:19.753,9703,245,7,42,False,0,car,0 days 01:09:07.212000,0 days 02:07:22.724000
2024-07-07 15:12:19.953,9532,240,7,53,False,0,car,0 days 01:09:07.412000,0 days 02:07:22.924000
2024-07-07 15:12:20.393,9499,236,7,61,False,0,car,0 days 01:09:07.852000,0 days 02:07:23.364000
2024-07-07 15:12:20.713,9874,226,7,0,True,0,car,0 days 01:09:08.172000,0 days 02:07:23.684000
2024-07-07 15:12:20.913,9740,218,6,0,False,0,car,0 days 01:09:08.372000,0 days 02:07:23.884000
2024-07-07 15:12:21.113,9615,212,6,0,False,0,car,0 days 01:09:08.572000,0 days 02:07:24.084000
2024-07-07 15:12:21.514,9333,206,6,43,False,0,car,0 days 01:09:08.973000,0 days 02:07:24.485000
2024-07-07 15:12:21.794,9480,205,6,64,False,0,car,0 days 01:09:09.253000,0 days 02:07:24.765000
2024-07-07 15:12:22.034,9400,205,6,78,False,0,car,0 days 01:09:09.493000,0 days 02:07:25.005000
2024-07-07 15:12:22.194,9400,206,6,78,False,0,car,0 days 01:09:09.653000,0 days 02:07:25.165000
2024-07-07 15:12:22.434,9717,210,6,84,False,0,car,0 days 01:09:09.893000,0 days 02:07:25.405000
2024-07-07 15:12:22.674,9899,215,6,100,False,0,car,0 days 01:09:10.133000,0 days 02:07:25.645000
2024-07-07 15:12:22.994,10122,217,6,100,False,0,car,0 days 01:09:10.453000,0 days 02:07:25.965000
2024-07-07 15:12:23.354,10540,227,6,100,False,0,car,0 days 01:09:10.813000,0 days 02:07:26.325000
2024-07-07 15:12:23.674,10741,234,6,100,False,0,car,0 days 01:09:11.133000,0 days 02:07:26.645000
2024-07-07 15:12:23.874,10937,238,6,100,False,0,car,0 days 01:09:11.333000,0 days 02:07:26.845000
2024-07-07 15:12:24.074,11098,242,6,100,False,0,car,0 days 01:09:11.533000,0 days 02:07:27.045000
2024-07-07 15:12:24.394,11312,246,6,100,False,0,car,0 days 01:09:11.853000,0 days 02:07:27.365000
2024-07-07 15:12:24.554,11429,248,6,100,False,0,car,0 days 01:09:12.013000,0 days 02:07:27.525000
2024-07-07 15:12:24.834,11606,252,6,100,False,0,car,0 days 01:09:12.293000,0 days 02:07:27.805000
2024-07-07 15:12:25.274,11818,259,6,100,False,0,car,0 days 01:09:12.733000,0 days 02:07:28.245000
2024-07-07 15:12:25.674,10473,264,7,100,False,0,car,0 days 01:09:13.133000,0 days 02:07:28.645000
2024-07-07 15:12:25.833,10776,266,7,100,False,0,car,0 days 01:09:13.292000,0 days 02:07:28.804000
2024-07-07 15:12:26.113,10837,268,7,100,False,0,car,0 days 01:09:13.572000,0 days 02:07:29.084000
2024-07-07 15:12:26.393,10935,272,7,100,False,0,car,0 days 01:09:13.852000,0 days 02:07:29.364000
2024-07-07 15:12:26.673,11035,274,7,100,False,0,car,0 days 01:09:14.132000,0 days 02:07:29.644000
2024-07-07 15:12:26.833,11079,276,7,100,False,0,car,0 days 01:09:14.292000,0 days 02:07:29.804000
2024-07-07 15:12:27.153,11200,280,7,100,False,0,car,0 days 01:09:14.612000,0 days 02:07:30.124000
2024-07-07 15:12:27.313,11300,281,7,100,False,0,car,0 days 01:09:14.772000,0 days 02:07:30.284000
2024-07-07 15:12:27.593,11338,283,7,100,False,0,car,0 days 01:09:15.052000,0 days 02:07:30.564000
2024-07-07 15:12:27.753,11396,283,7,100,False,0,car,0 days 01:09:15.212000,0 days 02:07:30.724000
2024-07-07 15:12:28.074,11467,287,7,100,False,0,car,0 days 01:09:15.533000,0 days 02:07:31.045000
2024-07-07 15:12:28.314,11584,288,7,100,False,0,car,0 days 01:09:15.773000,0 days 02:07:31.285000
2024-07-07 15:12:28.554,11587,289,7,100,False,0,car,0 days 01:09:16.013000,0 days 02:07:31.525000
2024-07-07 15:12:28.714,11652,291,7,100,False,0,car,0 days 01:09:16.173000,0 days 02:07:31.685000
2024-07-07 15:12:28.914,11696,293,7,100,False,0,car,0 days 01:09:16.373000,0 days 02:07:31.885000
2024-07-07 15:12:29.154,11313,293,7,100,False,0,car,0 days 01:09:16.613000,0 days 02:07:32.125000
2024-07-07 15:12:29.354,10640,293,7,100,False,0,car,0 days 01:09:16.813000,0 days 02:07:32.325000
2024-07-07 15:12:29.794,10558,295,8,100,False,0,car,0 days 01:09:17.253000,0 days 02:07:32.765000
2024-07-07 15:12:30.034,10549,296,8,100,False,0,car,0 days 01:09:17.493000,0 days 02:07:33.005000
2024-07-07 15:12:30.194,10585,297,8,100,False,0,car,0 days 01:09:17.653000,0 days 02:07:33.165000
2024-07-07 15:12:30.434,10591,298,8,100,False,0,car,0 days 01:09:17.893000,0 days 02:07:33.405000
2024-07-07 15:12:30.594,10612,299,8,100,False,0,car,0 days 01:09:18.053000,0 days 02:07:33.565000
2024-07-07 15:12:30.834,10649,300,8,100,False,0,car,0 days 01:09:18.293000,0 days 02:07:33.805000
2024-07-07 15:12:31.114,10666,300,8,100,False,0,car,0 days 01:09:18.573000,0 days 02:07:34.085000
2024-07-07 15:12:31.354,10646,299,8,100,False,0,car,0 days 01:09:18.813000,0 days 02:07:34.325000
2024-07-07 15:12:31.554,10587,299,8,100,False,0,car,0 days 01:09:19.013000,0 days 02:07:34.525000
2024-07-07 15:12:31.914,10503,298,8,100,False,0,car,0 days 01:09:19.373000,0 days 02:07:34.885000
2024-07-07 15:12:32.314,10402,295,8,100,False,0,car,0 days 01:09:19.773000,0 days 02:07:35.285000
2024-07-07 15:12:32.633,10303,291,8,100,False,0,car,0 days 01:09:20.092000,0 days 02:07:35.604000
2024-07-07 15:12:32.793,10269,289,8,100,False,0,car,0 days 01:09:20.252000,0 days 02:07:35.764000
2024-07-07 15:12:33.073,10200,288,8,100,False,0,car,0 days 01:09:20.532000,0 days 02:07:36.044000
2024-07-07 15:12:33.273,10165,286,8,100,False,0,car,0 days 01:09:20.732000,0 days 02:07:36.244000
2024-07-07 15:12:33.433,10106,287,8,100,False,0,car,0 days 01:09:20.892000,0 days 02:07:36.404000
2024-07-07 15:12:33.753,9966,283,8,57,False,0,car,0 days 01:09:21.212000,0 days 02:07:36.724000
2024-07-07 15:12:33.993,9392,262,8,0,True,0,car,0 days 01:09:21.452000,0 days 02:07:36.964000
2024-07-07 15:12:34.353,9629,254,8,0,True,0,car,0 days 01:09:21.812000,0 days 02:07:37.324000
2024-07-07 15:12:34.714,9278,234,7,0,True,0,car,0 days 01:09:22.173000,0 days 02:07:37.685000
2024-07-07 15:12:34.914,9976,226,7,0,False,0,car,0 days 01:09:22.373000,0 days 02:07:37.885000
2024-07-07 15:12:35.074,9843,219,6,11,False,0,car,0 days 01:09:22.533000,0 days 02:07:38.045000
2024-07-07 15:12:35.274,9901,215,6,46,False,0,car,0 days 01:09:22.733000,0 days 02:07:38.245000
2024-07-07 15:12:35.474,9760,212,6,55,False,0,car,0 days 01:09:22.933000,0 days 02:07:38.445000
2024-07-07 15:12:35.754,9683,211,6,67,False,0,car,0 days 01:09:23.213000,0 days 02:07:38.725000
2024-07-07 15:12:36.034,9784,211,6,78,False,0,car,0 days 01:09:23.493000,0 days 02:07:39.005000
2024-07-07 15:12:36.234,9890,213,6,82,False,0,car,0 days 01:09:23.693000,0 days 02:07:39.205000
2024-07-07 15:12:36.474,9990,217,6,96,False,0,car,0 days 01:09:23.933000,0 days 02:07:39.445000
2024-07-07 15:12:36.714,10177,221,6,100,False,0,car,0 days 01:09:24.173000,0 days 02:07:39.685000
2024-07-07 15:12:36.914,10360,224,6,100,False,0,car,0 days 01:09:24.373000,0 days 02:07:39.885000
2024-07-07 15:12:37.194,10633,229,6,100,False,0,car,0 days 01:09:24.653000,0 days 02:07:40.165000
2024-07-07 15:12:37.434,10858,234,6,100,False,0,car,0 days 01:09:24.893000,0 days 02:07:40.405000
2024-07-07 15:12:37.794,11093,238,6,100,False,0,car,0 days 01:09:25.253000,0 days 02:07:40.765000
2024-07-07 15:12:38.034,11315,244,6,100,False,0,car,0 days 01:09:25.493000,0 days 02:07:41.005000
2024-07-07 15:12:38.274,11453,247,6,100,False,0,car,0 days 01:09:25.733000,0 days 02:07:41.245000
2024-07-07 15:12:38.554,11662,253,6,100,False,0,car,0 days 01:09:26.013000,0 days 02:07:41.525000
2024-07-07 15:12:38.874,11224,259,6,100,False,0,car,0 days 01:09:26.333000,0 days 02:07:41.845000
2024-07-07 15:12:39.034,10269,260,6,100,False,0,car,0 days 01:09:26.493000,0 days 02:07:42.005000
2024-07-07 15:12:39.233,10703,263,7,100,False,0,car,0 days 01:09:26.692000,0 days 02:07:42.204000
2024-07-07 15:12:39.393,10610,265,7,100,False,0,car,0 days 01:09:26.852000,0 days 02:07:42.364000
2024-07-07 15:12:39.553,10594,265,7,100,False,0,car,0 days 01:09:27.012000,0 days 02:07:42.524000
2024-07-07 15:12:39.833,10647,266,7,100,False,0,car,0 days 01:09:27.292000,0 days 02:07:42.804000
2024-07-07 15:12:40.033,10630,266,7,100,False,0,car,0 days 01:09:27.492000,0 days 02:07:43.004000
2024-07-07 15:12:40.393,10630,266,7,100,False,0,car,0 days 01:09:27.852000,0 days 02:07:43.364000
2024-07-07 15:12:40.673,10644,266,7,100,False,0,car,0 days 01:09:28.132000,0 days 02:07:43.644000
2024-07-07 15:12:41.033,9941,262,7,0,True,0,car,0 days 01:09:28.492000,0 days 02:07:44.004000
2024-07-07 15:12:41.193,9241,252,7,0,True,0,car,0 days 01:09:28.652000,0 days 02:07:44.164000
2024-07-07 15:12:41.394,9405,213,7,0,True,0,car,0 days 01:09:28.853000,0 days 02:07:44.365000
2024-07-07 15:12:41.634,8678,189,7,0,True,0,car,0 days 01:09:29.093000,0 days 02:07:44.605000
2024-07-07 15:12:41.834,9074,171,6,0,True,0,car,0 days 01:09:29.293000,0 days 02:07:44.805000
2024-07-07 15:12:42.194,8527,135,5,0,True,0,car,0 days 01:09:29.653000,0 days 02:07:45.165000
2024-07-07 15:12:42.394,9231,135,4,0,True,0,car,0 days 01:09:29.853000,0 days 02:07:45.365000
2024-07-07 15:12:42.554,8836,126,3,0,True,0,car,0 days 01:09:30.013000,0 days 02:07:45.525000
2024-07-07 15:12:42.914,8293,114,3,0,True,0,car,0 days 01:09:30.373000,0 days 02:07:45.885000
2024-07-07 15:12:43.074,8072,110,3,0,True,0,car,0 days 01:09:30.533000,0 days 02:07:46.045000
2024-07-07 15:12:43.234,7894,109,3,0,False,0,car,0 days 01:09:30.693000,0 days 02:07:46.205000
2024-07-07 15:12:43.474,7757,107,3,4,False,0,car,0 days 01:09:30.933000,0 days 02:07:46.445000
2024-07-07 15:12:43.674,7630,104,3,17,False,0,car,0 days 01:09:31.133000,0 days 02:07:46.645000
2024-07-07 15:12:43.874,7710,103,3,30,False,0,car,0 days 01:09:31.333000,0 days 02:07:46.845000
2024-07-07 15:12:44.154,8156,105,3,43,False,0,car,0 days 01:09:31.613000,0 days 02:07:47.125000
2024-07-07 15:12:44.354,8267,109,3,46,False,0,car,0 days 01:09:31.813000,0 days 02:07:47.325000
2024-07-07 15:12:44.794,7497,117,3,40,False,0,car,0 days 01:09:32.253000,0 days 02:07:47.765000
2024-07-07 15:12:44.954,7453,118,4,19,False,0,car,0 days 01:09:32.413000,0 days 02:07:47.925000
2024-07-07 15:12:45.274,7434,117,4,14,False,0,car,0 days 01:09:32.733000,0 days 02:07:48.245000
2024-07-07 15:12:45.634,7446,116,4,31,False,0,car,0 days 01:09:33.093000,0 days 02:07:48.605000
2024-07-07 15:12:45.874,7501,118,4,41,False,0,car,0 days 01:09:33.333000,0 days 02:07:48.845000
2024-07-07 15:12:46.033,7866,120,4,51,False,0,car,0 days 01:09:33.492000,0 days 02:07:49.004000
2024-07-07 15:12:46.233,8207,122,4,60,False,0,car,0 days 01:09:33.692000,0 days 02:07:49.204000
2024-07-07 15:12:46.393,8388,127,4,64,False,0,car,0 days 01:09:33.852000,0 days 02:07:49.364000
2024-07-07 15:12:46.793,9111,136,4,82,False,0,car,0 days 01:09:34.252000,0 days 02:07:49.764000
2024-07-07 15:12:47.073,9954,153,4,100,False,0,car,0 days 01:09:34.532000,0 days 02:07:50.044000
2024-07-07 15:12:47.233,10353,158,4,100,False,0,car,0 days 01:09:34.692000,0 days 02:07:50.204000
2024-07-07 15:12:47.433,11002,167,4,100,False,0,car,0 days 01:09:34.892000,0 days 02:07:50.404000
2024-07-07 15:12:47.914,11908,186,4,100,False,0,car,0 days 01:09:35.373000,0 days 02:07:50.885000
2024-07-07 15:12:48.194,10598,196,4,100,False,0,car,0 days 01:09:35.653000,0 days 02:07:51.165000
2024-07-07 15:12:48.394,10966,203,5,100,False,0,car,0 days 01:09:35.853000,0 days 02:07:51.365000
2024-07-07 15:12:48.634,11371,209,5,100,False,0,car,0 days 01:09:36.093000,0 days 02:07:51.605000
2024-07-07 15:12:48.874,11505,217,5,100,False,0,car,0 days 01:09:36.333000,0 days 02:07:51.845000
2024-07-07 15:12:49.074,11821,220,5,100,False,0,car,0 days 01:09:36.533000,0 days 02:07:52.045000
2024-07-07 15:12:49.274,10561,225,5,100,False,0,car,0 days 01:09:36.733000,0 days 02:07:52.245000
2024-07-07 15:12:49.434,10600,227,6,100,False,0,car,0 days 01:09:36.893000,0 days 02:07:52.405000
2024-07-07 15:12:49.674,10791,233,6,100,False,0,car,0 days 01:09:37.133000,0 days 02:07:52.645000
2024-07-07 15:12:49.874,10951,237,6,100,False,0,car,0 days 01:09:37.333000,0 days 02:07:52.845000
2024-07-07 15:12:50.194,11180,243,6,100,False,0,car,0 days 01:09:37.653000,0 days 02:07:53.165000
2024-07-07 15:12:50.594,11456,250,6,100,False,0,car,0 days 01:09:38.053000,0 days 02:07:53.565000
2024-07-07 15:12:50.994,11760,257,6,100,False,0,car,0 days 01:09:38.453000,0 days 02:07:53.965000
2024-07-07 15:12:51.354,10277,261,6,100,False,0,car,0 days 01:09:38.813000,0 days 02:07:54.325000
2024-07-07 15:12:51.514,10716,264,7,100,False,0,car,0 days 01:09:38.973000,0 days 02:07:54.485000
2024-07-07 15:12:51.754,10822,266,7,100,False,0,car,0 days 01:09:39.213000,0 days 02:07:54.725000
2024-07-07 15:12:52.154,11013,274,7,100,False,0,car,0 days 01:09:39.613000,0 days 02:07:55.125000
2024-07-07 15:12:52.514,11188,278,7,100,False,0,car,0 days 01:09:39.973000,0 days 02:07:55.485000
2024-07-07 15:12:52.753,11240,280,7,100,False,0,car,0 days 01:09:40.212000,0 days 02:07:55.724000
2024-07-07 15:12:52.993,11302,282,7,100,False,0,car,0 days 01:09:40.452000,0 days 02:07:55.964000
2024-07-07 15:12:53.233,11427,284,7,100,False,0,car,0 days 01:09:40.692000,0 days 02:07:56.204000
2024-07-07 15:12:53.673,11547,288,7,100,False,0,car,0 days 01:09:41.132000,0 days 02:07:56.644000
2024-07-07 15:12:53.833,11585,289,7,100,False,0,car,0 days 01:09:41.292000,0 days 02:07:56.804000
2024-07-07 15:12:54.033,11625,290,7,100,False,0,car,0 days 01:09:41.492000,0 days 02:07:57.004000
2024-07-07 15:12:54.474,11140,292,7,100,False,0,car,0 days 01:09:41.933000,0 days 02:07:57.445000
2024-07-07 15:12:54.914,10626,296,8,100,False,0,car,0 days 01:09:42.373000,0 days 02:07:57.885000
2024-07-07 15:12:55.154,10603,296,8,98,False,0,car,0 days 01:09:42.613000,0 days 02:07:58.125000
2024-07-07 15:12:55.394,10532,297,8,84,False,0,car,0 days 01:09:42.853000,0 days 02:07:58.365000
2024-07-07 15:12:55.634,10511,296,8,71,False,0,car,0 days 01:09:43.093000,0 days 02:07:58.605000
2024-07-07 15:12:55.794,10457,293,8,71,False,0,car,0 days 01:09:43.253000,0 days 02:07:58.765000
2024-07-07 15:12:56.074,10346,289,8,85,False,0,car,0 days 01:09:43.533000,0 days 02:07:59.045000
2024-07-07 15:12:56.274,10307,287,8,92,False,0,car,0 days 01:09:43.733000,0 days 02:07:59.245000
2024-07-07 15:12:56.554,10252,287,8,100,False,0,car,0 days 01:09:44.013000,0 days 02:07:59.525000
2024-07-07 15:12:56.994,10276,288,8,100,False,0,car,0 days 01:09:44.453000,0 days 02:07:59.965000
2024-07-07 15:12:57.194,10272,287,8,100,False,0,car,0 days 01:09:44.653000,0 days 02:08:00.165000
2024-07-07 15:12:57.394,10281,289,8,100,False,0,car,0 days 01:09:44.853000,0 days 02:08:00.365000
2024-07-07 15:12:57.714,10318,290,8,100,False,0,car,0 days 01:09:45.173000,0 days 02:08:00.685000
2024-07-07 15:12:57.874,10353,290,8,100,False,0,car,0 days 01:09:45.333000,0 days 02:08:00.845000
2024-07-07 15:12:58.234,10386,292,8,100,False,0,car,0 days 01:09:45.693000,0 days 02:08:01.205000
2024-07-07 15:12:58.594,10359,290,8,100,False,0,car,0 days 01:09:46.053000,0 days 02:08:01.565000
2024-07-07 15:12:58.834,10332,290,8,100,False,0,car,0 days 01:09:46.293000,0 days 02:08:01.805000
2024-07-07 15:12:59.274,10284,288,8,100,False,0,car,0 days 01:09:46.733000,0 days 02:08:02.245000
2024-07-07 15:12:59.633,10170,287,8,100,False,0,car,0 days 01:09:47.092000,0 days 02:08:02.604000
2024-07-07 15:13:00.113,10143,284,8,100,False,0,car,0 days 01:09:47.572000,0 days 02:08:03.084000
2024-07-07 15:13:00.473,10065,282,8,100,False,0,car,0 days 01:09:47.932000,0 days 02:08:03.444000
2024-07-07 15:13:00.793,9214,266,8,0,True,0,car,0 days 01:09:48.252000,0 days 02:08:03.764000
2024-07-07 15:13:00.994,8928,241,8,0,True,0,car,0 days 01:09:48.453000,0 days 02:08:03.965000
2024-07-07 15:13:01.234,8801,241,8,0,True,0,car,0 days 01:09:48.693000,0 days 02:08:04.205000
2024-07-07 15:13:01.514,8173,194,7,0,True,0,car,0 days 01:09:48.973000,0 days 02:08:04.485000
2024-07-07 15:13:01.714,8425,168,6,0,True,0,car,0 days 01:09:49.173000,0 days 02:08:04.685000
2024-07-07 15:13:01.874,8670,160,5,0,True,0,car,0 days 01:09:49.333000,0 days 02:08:04.845000
2024-07-07 15:13:02.074,8662,143,4,0,True,0,car,0 days 01:09:49.533000,0 days 02:08:05.045000
2024-07-07 15:13:02.274,8187,136,4,0,True,0,car,0 days 01:09:49.733000,0 days 02:08:05.245000
2024-07-07 15:13:02.474,7890,129,4,0,True,0,car,0 days 01:09:49.933000,0 days 02:08:05.445000
2024-07-07 15:13:02.674,7499,124,4,0,True,0,car,0 days 01:09:50.133000,0 days 02:08:05.645000
2024-07-07 15:13:02.914,7157,118,4,0,True,0,car,0 days 01:09:50.373000,0 days 02:08:05.885000
2024-07-07 15:13:03.114,7083,114,4,0,True,0,car,0 days 01:09:50.573000,0 days 02:08:06.085000
2024-07-07 15:13:03.354,6890,112,4,0,False,0,car,0 days 01:09:50.813000,0 days 02:08:06.325000
2024-07-07 15:13:03.634,6908,110,4,15,False,0,car,0 days 01:09:51.093000,0 days 02:08:06.605000
2024-07-07 15:13:03.994,7072,109,4,38,False,0,car,0 days 01:09:51.453000,0 days 02:08:06.965000
2024-07-07 15:13:04.314,7436,113,4,45,False,0,car,0 days 01:09:51.773000,0 days 02:08:07.285000
2024-07-07 15:13:04.594,7687,118,4,52,False,0,car,0 days 01:09:52.053000,0 days 02:08:07.565000
2024-07-07 15:13:05.034,8215,124,4,62,False,0,car,0 days 01:09:52.493000,0 days 02:08:08.005000
2024-07-07 15:13:05.194,8641,129,4,69,False,0,car,0 days 01:09:52.653000,0 days 02:08:08.165000
2024-07-07 15:13:05.354,8930,129,4,72,False,0,car,0 days 01:09:52.813000,0 days 02:08:08.325000
2024-07-07 15:13:05.594,9378,145,4,78,False,0,car,0 days 01:09:53.053000,0 days 02:08:08.565000
2024-07-07 15:13:05.794,8751,144,4,0,True,0,car,0 days 01:09:53.253000,0 days 02:08:08.765000
2024-07-07 15:13:05.994,8773,133,4,0,True,0,car,0 days 01:09:53.453000,0 days 02:08:08.965000
2024-07-07 15:13:06.473,8399,114,3,0,True,0,car,0 days 01:09:53.932000,0 days 02:08:09.444000
2024-07-07 15:13:06.633,7950,110,3,0,True,0,car,0 days 01:09:54.092000,0 days 02:08:09.604000
2024-07-07 15:13:06.793,7874,105,3,0,True,0,car,0 days 01:09:54.252000,0 days 02:08:09.764000
2024-07-07 15:13:06.993,7510,102,3,0,True,0,car,0 days 01:09:54.452000,0 days 02:08:09.964000
2024-07-07 15:13:07.273,7198,97,3,0,True,0,car,0 days 01:09:54.732000,0 days 02:08:10.244000
2024-07-07 15:13:07.473,6981,94,3,0,False,0,car,0 days 01:09:54.932000,0 days 02:08:10.444000
2024-07-07 15:13:07.674,6924,94,3,0,False,0,car,0 days 01:09:55.133000,0 days 02:08:10.645000
2024-07-07 15:13:07.874,6643,91,3,0,False,0,car,0 days 01:09:55.333000,0 days 02:08:10.845000
2024-07-07 15:13:08.114,6693,88,3,3,False,0,car,0 days 01:09:55.573000,0 days 02:08:11.085000
2024-07-07 15:13:08.434,6818,89,3,29,False,0,car,0 days 01:09:55.893000,0 days 02:08:11.405000
2024-07-07 15:13:08.754,7118,92,3,40,False,0,car,0 days 01:09:56.213000,0 days 02:08:11.725000
2024-07-07 15:13:09.034,7728,96,3,48,False,0,car,0 days 01:09:56.493000,0 days 02:08:12.005000
2024-07-07 15:13:09.314,8208,104,3,55,False,0,car,0 days 01:09:56.773000,0 days 02:08:12.285000
2024-07-07 15:13:09.594,8872,113,3,67,False,0,car,0 days 01:09:57.053000,0 days 02:08:12.565000
2024-07-07 15:13:09.914,9820,125,3,80,False,0,car,0 days 01:09:57.373000,0 days 02:08:12.885000
2024-07-07 15:13:10.074,10380,135,3,84,False,0,car,0 days 01:09:57.533000,0 days 02:08:13.045000
2024-07-07 15:13:10.314,10264,143,3,100,False,0,car,0 days 01:09:57.773000,0 days 02:08:13.285000
2024-07-07 15:13:10.674,10646,164,4,100,False,0,car,0 days 01:09:58.133000,0 days 02:08:13.645000
2024-07-07 15:13:10.954,11094,172,4,100,False,0,car,0 days 01:09:58.413000,0 days 02:08:13.925000
2024-07-07 15:13:11.154,11518,180,4,100,False,0,car,0 days 01:09:58.613000,0 days 02:08:14.125000
2024-07-07 15:13:11.434,10398,193,5,100,False,0,car,0 days 01:09:58.893000,0 days 02:08:14.405000
2024-07-07 15:13:11.714,10855,201,5,100,False,0,car,0 days 01:09:59.173000,0 days 02:08:14.685000
2024-07-07 15:13:12.034,11135,212,5,100,False,0,car,0 days 01:09:59.493000,0 days 02:08:15.005000
2024-07-07 15:13:12.194,11579,217,5,100,False,0,car,0 days 01:09:59.653000,0 days 02:08:15.165000
2024-07-07 15:13:12.554,10712,221,5,100,False,0,car,0 days 01:10:00.013000,0 days 02:08:15.525000
2024-07-07 15:13:12.833,10755,230,6,100,False,0,car,0 days 01:10:00.292000,0 days 02:08:15.804000
2024-07-07 15:13:13.073,10934,235,6,100,False,0,car,0 days 01:10:00.532000,0 days 02:08:16.044000
2024-07-07 15:13:13.513,11143,242,6,100,False,0,car,0 days 01:10:00.972000,0 days 02:08:16.484000
2024-07-07 15:13:13.673,11255,244,6,100,False,0,car,0 days 01:10:01.132000,0 days 02:08:16.644000
2024-07-07 15:13:13.873,11383,249,6,100,False,0,car,0 days 01:10:01.332000,0 days 02:08:16.844000
2024-07-07 15:13:14.033,11506,249,6,100,False,0,car,0 days 01:10:01.492000,0 days 02:08:17.004000
2024-07-07 15:13:14.314,11718,252,6,100,False,0,car,0 days 01:10:01.773000,0 days 02:08:17.285000
2024-07-07 15:13:14.554,11359,258,6,100,False,0,car,0 days 01:10:02.013000,0 days 02:08:17.525000
2024-07-07 15:13:14.754,10712,258,7,100,False,0,car,0 days 01:10:02.213000,0 days 02:08:17.725000
2024-07-07 15:13:15.034,10613,262,7,100,False,0,car,0 days 01:10:02.493000,0 days 02:08:18.005000
2024-07-07 15:13:15.234,10723,266,7,100,False,0,car,0 days 01:10:02.693000,0 days 02:08:18.205000
2024-07-07 15:13:15.434,10819,268,7,100,False,0,car,0 days 01:10:02.893000,0 days 02:08:18.405000
2024-07-07 15:13:15.674,10892,273,7,100,False,0,car,0 days 01:10:03.133000,0 days 02:08:18.645000
2024-07-07 15:13:15.994,11012,274,7,100,False,0,car,0 days 01:10:03.453000,0 days 02:08:18.965000
2024-07-07 15:13:16.154,11099,276,7,100,False,0,car,0 days 01:10:03.613000,0 days 02:08:19.125000
2024-07-07 15:13:16.354,11157,277,7,100,False,0,car,0 days 01:10:03.813000,0 days 02:08:19.325000
2024-07-07 15:13:16.674,11240,280,7,100,False,0,car,0 days 01:10:04.133000,0 days 02:08:19.645000
2024-07-07 15:13:17.034,11349,283,7,100,False,0,car,0 days 01:10:04.493000,0 days 02:08:20.005000
2024-07-07 15:13:17.194,11383,285,7,100,False,0,car,0 days 01:10:04.653000,0 days 02:08:20.165000
2024-07-07 15:13:17.434,11488,286,7,100,False,0,car,0 days 01:10:04.893000,0 days 02:08:20.405000
2024-07-07 15:13:17.714,11530,288,7,100,False,0,car,0 days 01:10:05.173000,0 days 02:08:20.685000
2024-07-07 15:13:17.914,11545,289,7,100,False,0,car,0 days 01:10:05.373000,0 days 02:08:20.885000
2024-07-07 15:13:18.234,11603,290,7,100,False,0,car,0 days 01:10:05.693000,0 days 02:08:21.205000
2024-07-07 15:13:18.954,11591,290,7,100,False,0,car,0 days 01:10:06.413000,0 days 02:08:21.925000
2024-07-07 15:13:19.194,11577,289,7,100,False,0,car,0 days 01:10:06.653000,0 days 02:08:22.165000
2024-07-07 15:13:19.434,11542,290,7,100,False,0,car,0 days 01:10:06.893000,0 days 02:08:22.405000
2024-07-07 15:13:19.793,11492,288,7,100,False,0,car,0 days 01:10:07.252000,0 days 02:08:22.764000
2024-07-07 15:13:20.033,11374,285,7,100,False,0,car,0 days 01:10:07.492000,0 days 02:08:23.004000
2024-07-07 15:13:20.193,11393,286,7,100,False,0,car,0 days 01:10:07.652000,0 days 02:08:23.164000
2024-07-07 15:13:20.353,11336,284,7,100,False,0,car,0 days 01:10:07.812000,0 days 02:08:23.324000
2024-07-07 15:13:20.633,11134,284,7,31,False,0,car,0 days 01:10:08.092000,0 days 02:08:23.604000
2024-07-07 15:13:21.034,9986,258,7,0,True,0,car,0 days 01:10:08.493000,0 days 02:08:24.005000
2024-07-07 15:13:21.394,10071,221,7,0,True,0,car,0 days 01:10:08.853000,0 days 02:08:24.365000
2024-07-07 15:13:21.594,9381,209,6,0,True,0,car,0 days 01:10:09.053000,0 days 02:08:24.565000
2024-07-07 15:13:21.794,9914,204,6,0,True,0,car,0 days 01:10:09.253000,0 days 02:08:24.765000
2024-07-07 15:13:22.034,9578,189,5,0,True,0,car,0 days 01:10:09.493000,0 days 02:08:25.005000
2024-07-07 15:13:22.314,9241,179,5,0,True,0,car,0 days 01:10:09.773000,0 days 02:08:25.285000
2024-07-07 15:13:22.474,9014,171,5,0,True,0,car,0 days 01:10:09.933000,0 days 02:08:25.445000
2024-07-07 15:13:22.714,8744,167,5,0,True,0,car,0 days 01:10:10.173000,0 days 02:08:25.685000
2024-07-07 15:13:22.874,8744,163,5,0,False,0,car,0 days 01:10:10.333000,0 days 02:08:25.845000
2024-07-07 15:13:23.194,8356,159,5,28,False,0,car,0 days 01:10:10.653000,0 days 02:08:26.165000
2024-07-07 15:13:23.394,8390,157,5,39,False,0,car,0 days 01:10:10.853000,0 days 02:08:26.365000
2024-07-07 15:13:23.634,8479,157,5,50,False,0,car,0 days 01:10:11.093000,0 days 02:08:26.605000
2024-07-07 15:13:23.914,8527,158,5,52,False,0,car,0 days 01:10:11.373000,0 days 02:08:26.885000
2024-07-07 15:13:24.154,8772,161,5,63,False,0,car,0 days 01:10:11.613000,0 days 02:08:27.125000
2024-07-07 15:13:24.354,8901,162,5,70,False,0,car,0 days 01:10:11.813000,0 days 02:08:27.325000
2024-07-07 15:13:24.634,9273,169,5,77,False,0,car,0 days 01:10:12.093000,0 days 02:08:27.605000
2024-07-07 15:13:24.994,9589,176,5,78,False,0,car,0 days 01:10:12.453000,0 days 02:08:27.965000
2024-07-07 15:13:25.274,8852,173,5,0,True,0,car,0 days 01:10:12.733000,0 days 02:08:28.245000
2024-07-07 15:13:25.594,9365,157,5,0,True,0,car,0 days 01:10:13.053000,0 days 02:08:28.565000
2024-07-07 15:13:25.994,8788,147,4,0,True,0,car,0 days 01:10:13.453000,0 days 02:08:28.965000
2024-07-07 15:13:26.273,8103,131,4,0,True,0,car,0 days 01:10:13.732000,0 days 02:08:29.244000
2024-07-07 15:13:26.593,7751,124,4,0,True,0,car,0 days 01:10:14.052000,0 days 02:08:29.564000
2024-07-07 15:13:26.793,7564,121,4,0,False,0,car,0 days 01:10:14.252000,0 days 02:08:29.764000
2024-07-07 15:13:26.953,7324,120,4,0,False,0,car,0 days 01:10:14.412000,0 days 02:08:29.924000
2024-07-07 15:13:27.233,7164,117,4,21,False,0,car,0 days 01:10:14.692000,0 days 02:08:30.204000
2024-07-07 15:13:27.554,7434,114,4,40,False,0,car,0 days 01:10:15.013000,0 days 02:08:30.525000
2024-07-07 15:13:27.834,7680,116,4,46,False,0,car,0 days 01:10:15.293000,0 days 02:08:30.805000
2024-07-07 15:13:28.194,7918,121,4,54,False,0,car,0 days 01:10:15.653000,0 days 02:08:31.165000
2024-07-07 15:13:28.474,8385,128,4,61,False,0,car,0 days 01:10:15.933000,0 days 02:08:31.445000
2024-07-07 15:13:28.634,8772,130,4,69,False,0,car,0 days 01:10:16.093000,0 days 02:08:31.605000
2024-07-07 15:13:28.914,9176,138,4,74,False,0,car,0 days 01:10:16.373000,0 days 02:08:31.885000
2024-07-07 15:13:29.154,9627,144,4,80,False,0,car,0 days 01:10:16.613000,0 days 02:08:32.125000
2024-07-07 15:13:29.514,10262,155,4,88,False,0,car,0 days 01:10:16.973000,0 days 02:08:32.485000
2024-07-07 15:13:29.714,10515,159,4,86,False,0,car,0 days 01:10:17.173000,0 days 02:08:32.685000
2024-07-07 15:13:29.954,11386,171,4,100,False,0,car,0 days 01:10:17.413000,0 days 02:08:32.925000
2024-07-07 15:13:30.234,11867,181,4,100,False,0,car,0 days 01:10:17.693000,0 days 02:08:33.205000
2024-07-07 15:13:30.474,10607,193,4,100,False,0,car,0 days 01:10:17.933000,0 days 02:08:33.445000
2024-07-07 15:13:30.714,10936,198,5,100,False,0,car,0 days 01:10:18.173000,0 days 02:08:33.685000
2024-07-07 15:13:30.874,11066,205,5,100,False,0,car,0 days 01:10:18.333000,0 days 02:08:33.845000
2024-07-07 15:13:31.154,11549,211,5,100,False,0,car,0 days 01:10:18.613000,0 days 02:08:34.125000
2024-07-07 15:13:31.394,11719,221,5,100,False,0,car,0 days 01:10:18.853000,0 days 02:08:34.365000
2024-07-07 15:13:31.754,10561,228,6,100,False,0,car,0 days 01:10:19.213000,0 days 02:08:34.725000
2024-07-07 15:13:31.954,10647,230,6,100,False,0,car,0 days 01:10:19.413000,0 days 02:08:34.925000
2024-07-07 15:13:32.154,10996,235,6,100,False,0,car,0 days 01:10:19.613000,0 days 02:08:35.125000
2024-07-07 15:13:32.394,11166,243,6,100,False,0,car,0 days 01:10:19.853000,0 days 02:08:35.365000
2024-07-07 15:13:32.634,11416,247,6,100,False,0,car,0 days 01:10:20.093000,0 days 02:08:35.605000
2024-07-07 15:13:32.874,11571,254,6,100,False,0,car,0 days 01:10:20.333000,0 days 02:08:35.845000
2024-07-07 15:13:33.193,11705,257,6,100,False,0,car,0 days 01:10:20.652000,0 days 02:08:36.164000
2024-07-07 15:13:33.433,10613,259,6,100,False,0,car,0 days 01:10:20.892000,0 days 02:08:36.404000
2024-07-07 15:13:33.874,10690,266,7,100,False,0,car,0 days 01:10:21.333000,0 days 02:08:36.845000
2024-07-07 15:13:34.074,10810,269,7,100,False,0,car,0 days 01:10:21.533000,0 days 02:08:37.045000
2024-07-07 15:13:34.274,10928,269,7,100,False,0,car,0 days 01:10:21.733000,0 days 02:08:37.245000
2024-07-07 15:13:34.634,11037,274,7,100,False,0,car,0 days 01:10:22.093000,0 days 02:08:37.605000
2024-07-07 15:13:34.794,11108,275,7,100,False,0,car,0 days 01:10:22.253000,0 days 02:08:37.765000
2024-07-07 15:13:34.954,11167,277,7,100,False,0,car,0 days 01:10:22.413000,0 days 02:08:37.925000
2024-07-07 15:13:35.194,11277,280,7,100,False,0,car,0 days 01:10:22.653000,0 days 02:08:38.165000
2024-07-07 15:13:35.434,11347,281,7,100,False,0,car,0 days 01:10:22.893000,0 days 02:08:38.405000
2024-07-07 15:13:35.634,11406,283,7,100,False,0,car,0 days 01:10:23.093000,0 days 02:08:38.605000
2024-07-07 15:13:35.954,11487,287,7,100,False,0,car,0 days 01:10:23.413000,0 days 02:08:38.925000
2024-07-07 15:13:36.114,11585,287,7,100,False,0,car,0 days 01:10:23.573000,0 days 02:08:39.085000
2024-07-07 15:13:36.314,11612,290,7,100,False,0,car,0 days 01:10:23.773000,0 days 02:08:39.285000
2024-07-07 15:13:36.594,11656,291,7,100,False,0,car,0 days 01:10:24.053000,0 days 02:08:39.565000
2024-07-07 15:13:36.834,11717,292,7,100,False,0,car,0 days 01:10:24.293000,0 days 02:08:39.805000
2024-07-07 15:13:37.034,10737,292,7,100,False,0,car,0 days 01:10:24.493000,0 days 02:08:40.005000
2024-07-07 15:13:37.194,10696,294,8,100,False,0,car,0 days 01:10:24.653000,0 days 02:08:40.165000
2024-07-07 15:13:37.474,10437,295,8,100,False,0,car,0 days 01:10:24.933000,0 days 02:08:40.445000
2024-07-07 15:13:37.914,10452,295,8,100,False,0,car,0 days 01:10:25.373000,0 days 02:08:40.885000
2024-07-07 15:13:38.154,10474,296,8,100,False,0,car,0 days 01:10:25.613000,0 days 02:08:41.125000
2024-07-07 15:13:38.354,10515,295,8,100,False,0,car,0 days 01:10:25.813000,0 days 02:08:41.325000
2024-07-07 15:13:38.594,10451,295,8,100,False,0,car,0 days 01:10:26.053000,0 days 02:08:41.565000
2024-07-07 15:13:38.994,10410,294,8,100,False,0,car,0 days 01:10:26.453000,0 days 02:08:41.965000
2024-07-07 15:13:39.234,10371,292,8,100,False,0,car,0 days 01:10:26.693000,0 days 02:08:42.205000
2024-07-07 15:13:39.594,10343,290,8,84,False,0,car,0 days 01:10:27.053000,0 days 02:08:42.565000
2024-07-07 15:13:39.953,10244,288,8,50,False,0,car,0 days 01:10:27.412000,0 days 02:08:42.924000
2024-07-07 15:13:40.153,9915,284,8,61,False,0,car,0 days 01:10:27.612000,0 days 02:08:43.124000
2024-07-07 15:13:40.514,9893,278,8,67,False,0,car,0 days 01:10:27.973000,0 days 02:08:43.485000
2024-07-07 15:13:40.754,9851,278,8,85,False,0,car,0 days 01:10:28.213000,0 days 02:08:43.725000
2024-07-07 15:13:41.034,9861,274,8,100,False,0,car,0 days 01:10:28.493000,0 days 02:08:44.005000
2024-07-07 15:13:41.314,9946,275,8,100,False,0,car,0 days 01:10:28.773000,0 days 02:08:44.285000
2024-07-07 15:13:41.674,9861,275,8,100,False,0,car,0 days 01:10:29.133000,0 days 02:08:44.645000
2024-07-07 15:13:41.954,9853,276,8,100,False,0,car,0 days 01:10:29.413000,0 days 02:08:44.925000
2024-07-07 15:13:42.114,9881,275,8,100,False,0,car,0 days 01:10:29.573000,0 days 02:08:45.085000
2024-07-07 15:13:42.434,9921,277,8,100,False,0,car,0 days 01:10:29.893000,0 days 02:08:45.405000
2024-07-07 15:13:42.754,9943,278,8,100,False,0,car,0 days 01:10:30.213000,0 days 02:08:45.725000
2024-07-07 15:13:42.954,9976,279,8,100,False,0,car,0 days 01:10:30.413000,0 days 02:08:45.925000
2024-07-07 15:13:43.154,10030,281,8,100,False,0,car,0 days 01:10:30.613000,0 days 02:08:46.125000
2024-07-07 15:13:43.394,10067,282,8,100,False,0,car,0 days 01:10:30.853000,0 days 02:08:46.365000
2024-07-07 15:13:43.674,10123,284,8,100,False,0,car,0 days 01:10:31.133000,0 days 02:08:46.645000
2024-07-07 15:13:43.834,10173,285,8,100,False,0,car,0 days 01:10:31.293000,0 days 02:08:46.805000
2024-07-07 15:13:43.994,10194,286,8,100,False,0,car,0 days 01:10:31.453000,0 days 02:08:46.965000
2024-07-07 15:13:44.274,10254,289,8,100,False,0,car,0 days 01:10:31.733000,0 days 02:08:47.245000
2024-07-07 15:13:44.434,10303,288,8,100,False,0,car,0 days 01:10:31.893000,0 days 02:08:47.405000
2024-07-07 15:13:44.714,10354,291,8,100,False,0,car,0 days 01:10:32.173000,0 days 02:08:47.685000
2024-07-07 15:13:44.954,10419,291,8,100,False,0,car,0 days 01:10:32.413000,0 days 02:08:47.925000
2024-07-07 15:13:45.114,10432,293,8,100,False,0,car,0 days 01:10:32.573000,0 days 02:08:48.085000
2024-07-07 15:13:45.274,10465,294,8,100,False,0,car,0 days 01:10:32.733000,0 days 02:08:48.245000
2024-07-07 15:13:45.434,10489,295,8,100,False,0,car,0 days 01:10:32.893000,0 days 02:08:48.405000
2024-07-07 15:13:45.754,10546,297,8,100,False,0,car,0 days 01:10:33.213000,0 days 02:08:48.725000
2024-07-07 15:13:45.914,10568,296,8,100,False,0,car,0 days 01:10:33.373000,0 days 02:08:48.885000
2024-07-07 15:13:46.154,10595,298,8,100,False,0,car,0 days 01:10:33.613000,0 days 02:08:49.125000
2024-07-07 15:13:46.394,10634,298,8,100,False,0,car,0 days 01:10:33.853000,0 days 02:08:49.365000
2024-07-07 15:13:46.633,10645,300,8,100,False,0,car,0 days 01:10:34.092000,0 days 02:08:49.604000
2024-07-07 15:13:46.793,10656,300,8,100,False,0,car,0 days 01:10:34.252000,0 days 02:08:49.764000
2024-07-07 15:13:47.074,10692,300,8,100,False,0,car,0 days 01:10:34.533000,0 days 02:08:50.045000
2024-07-07 15:13:47.234,10664,300,8,100,False,0,car,0 days 01:10:34.693000,0 days 02:08:50.205000
2024-07-07 15:13:47.394,10650,299,8,100,False,0,car,0 days 01:10:34.853000,0 days 02:08:50.365000
2024-07-07 15:13:47.714,10629,299,8,100,False,0,car,0 days 01:10:35.173000,0 days 02:08:50.685000
2024-07-07 15:13:48.074,10481,296,8,55,False,0,car,0 days 01:10:35.533000,0 days 02:08:51.045000
2024-07-07 15:13:48.514,10062,287,8,49,False,0,car,0 days 01:10:35.973000,0 days 02:08:51.485000
2024-07-07 15:13:48.674,9966,282,8,56,False,0,car,0 days 01:10:36.133000,0 days 02:08:51.645000
2024-07-07 15:13:48.834,9906,280,8,67,False,0,car,0 days 01:10:36.293000,0 days 02:08:51.805000
2024-07-07 15:13:49.074,9862,277,8,93,False,0,car,0 days 01:10:36.533000,0 days 02:08:52.045000
2024-07-07 15:13:49.314,9752,275,8,100,False,0,car,0 days 01:10:36.773000,0 days 02:08:52.285000
2024-07-07 15:13:49.674,9771,274,8,100,False,0,car,0 days 01:10:37.133000,0 days 02:08:52.645000
2024-07-07 15:13:49.914,9749,277,8,100,False,0,car,0 days 01:10:37.373000,0 days 02:08:52.885000
2024-07-07 15:13:50.074,9548,275,8,0,True,0,car,0 days 01:10:37.533000,0 days 02:08:53.045000
2024-07-07 15:13:50.274,9415,265,8,0,True,0,car,0 days 01:10:37.733000,0 days 02:08:53.245000
2024-07-07 15:13:50.554,10123,258,8,0,True,0,car,0 days 01:10:38.013000,0 days 02:08:53.525000
2024-07-07 15:13:50.754,9817,250,7,28,False,0,car,0 days 01:10:38.213000,0 days 02:08:53.725000
2024-07-07 15:13:50.914,9615,244,7,35,False,0,car,0 days 01:10:38.373000,0 days 02:08:53.885000
2024-07-07 15:13:51.074,9651,241,7,49,False,0,car,0 days 01:10:38.533000,0 days 02:08:54.045000
2024-07-07 15:13:51.234,9588,240,7,64,False,0,car,0 days 01:10:38.693000,0 days 02:08:54.205000
2024-07-07 15:13:51.594,9643,238,7,69,False,0,car,0 days 01:10:39.053000,0 days 02:08:54.565000
2024-07-07 15:13:51.794,8936,235,7,0,True,0,car,0 days 01:10:39.253000,0 days 02:08:54.765000
2024-07-07 15:13:52.114,9811,220,7,0,True,0,car,0 days 01:10:39.573000,0 days 02:08:55.085000
2024-07-07 15:13:52.474,9703,210,6,39,False,0,car,0 days 01:10:39.933000,0 days 02:08:55.445000
2024-07-07 15:13:52.834,9513,209,6,64,False,0,car,0 days 01:10:40.293000,0 days 02:08:55.805000
2024-07-07 15:13:53.034,9647,208,6,72,False,0,car,0 days 01:10:40.493000,0 days 02:08:56.005000
2024-07-07 15:13:53.353,9752,208,6,83,False,0,car,0 days 01:10:40.812000,0 days 02:08:56.324000
2024-07-07 15:13:53.594,9946,212,6,92,False,0,car,0 days 01:10:41.053000,0 days 02:08:56.565000
2024-07-07 15:13:53.914,10234,219,6,100,False,0,car,0 days 01:10:41.373000,0 days 02:08:56.885000
2024-07-07 15:13:54.274,10462,226,6,100,False,0,car,0 days 01:10:41.733000,0 days 02:08:57.245000
2024-07-07 15:13:54.434,10496,229,6,100,False,0,car,0 days 01:10:41.893000,0 days 02:08:57.405000
2024-07-07 15:13:54.714,10887,233,6,100,False,0,car,0 days 01:10:42.173000,0 days 02:08:57.685000
2024-07-07 15:13:55.034,11151,238,6,100,False,0,car,0 days 01:10:42.493000,0 days 02:08:58.005000
2024-07-07 15:13:55.354,11262,246,6,100,False,0,car,0 days 01:10:42.813000,0 days 02:08:58.325000
2024-07-07 15:13:55.754,11607,252,6,100,False,0,car,0 days 01:10:43.213000,0 days 02:08:58.725000
2024-07-07 15:13:56.194,11020,256,6,100,False,0,car,0 days 01:10:43.653000,0 days 02:08:59.165000
2024-07-07 15:13:56.354,10299,259,6,100,False,0,car,0 days 01:10:43.813000,0 days 02:08:59.325000
2024-07-07 15:13:56.554,10584,262,7,100,False,0,car,0 days 01:10:44.013000,0 days 02:08:59.525000
2024-07-07 15:13:56.714,10681,265,7,100,False,0,car,0 days 01:10:44.173000,0 days 02:08:59.685000
2024-07-07 15:13:56.954,10771,266,7,100,False,0,car,0 days 01:10:44.413000,0 days 02:08:59.925000
2024-07-07 15:13:57.434,10994,271,7,100,False,0,car,0 days 01:10:44.893000,0 days 02:09:00.405000
2024-07-07 15:13:57.754,11084,276,7,100,False,0,car,0 days 01:10:45.213000,0 days 02:09:00.725000
2024-07-07 15:13:57.994,11157,279,7,100,False,0,car,0 days 01:10:45.453000,0 days 02:09:00.965000
2024-07-07 15:13:58.354,11287,281,7,100,False,0,car,0 days 01:10:45.813000,0 days 02:09:01.325000
2024-07-07 15:13:58.514,11344,281,7,100,False,0,car,0 days 01:10:45.973000,0 days 02:09:01.485000
2024-07-07 15:13:58.794,11414,285,7,100,False,0,car,0 days 01:10:46.253000,0 days 02:09:01.765000
2024-07-07 15:13:59.074,11481,287,7,100,False,0,car,0 days 01:10:46.533000,0 days 02:09:02.045000
2024-07-07 15:13:59.474,11601,289,7,100,False,0,car,0 days 01:10:46.933000,0 days 02:09:02.445000
2024-07-07 15:13:59.634,11606,290,7,100,False,0,car,0 days 01:10:47.093000,0 days 02:09:02.605000
2024-07-07 15:14:00.073,11701,292,7,100,False,0,car,0 days 01:10:47.532000,0 days 02:09:03.044000
2024-07-07 15:14:00.434,11751,294,7,100,False,0,car,0 days 01:10:47.893000,0 days 02:09:03.405000
2024-07-07 15:14:00.594,11783,293,7,100,False,0,car,0 days 01:10:48.053000,0 days 02:09:03.565000
2024-07-07 15:14:00.794,11795,295,7,100,False,0,car,0 days 01:10:48.253000,0 days 02:09:03.765000
2024-07-07 15:14:01.074,11818,296,7,100,False,0,car,0 days 01:10:48.533000,0 days 02:09:04.045000
2024-07-07 15:14:01.234,11678,295,7,100,False,0,car,0 days 01:10:48.693000,0 days 02:09:04.205000
2024-07-07 15:14:01.514,10528,297,8,100,False,0,car,0 days 01:10:48.973000,0 days 02:09:04.485000
2024-07-07 15:14:01.674,10553,296,8,100,False,0,car,0 days 01:10:49.133000,0 days 02:09:04.645000
2024-07-07 15:14:01.834,10535,298,8,100,False,0,car,0 days 01:10:49.293000,0 days 02:09:04.805000
2024-07-07 15:14:01.994,10548,298,8,100,False,0,car,0 days 01:10:49.453000,0 days 02:09:04.965000
2024-07-07 15:14:02.314,10560,298,8,100,False,0,car,0 days 01:10:49.773000,0 days 02:09:05.285000
2024-07-07 15:14:02.634,10530,297,8,100,False,0,car,0 days 01:10:50.093000,0 days 02:09:05.605000
2024-07-07 15:14:02.794,10498,295,8,100,False,0,car,0 days 01:10:50.253000,0 days 02:09:05.765000
2024-07-07 15:14:03.114,10465,296,8,100,False,0,car,0 days 01:10:50.573000,0 days 02:09:06.085000
2024-07-07 15:14:03.274,10446,295,8,100,False,0,car,0 days 01:10:50.733000,0 days 02:09:06.245000
2024-07-07 15:14:03.474,10379,293,8,100,False,0,car,0 days 01:10:50.933000,0 days 02:09:06.445000
2024-07-07 15:14:03.634,10376,292,8,100,False,0,car,0 days 01:10:51.093000,0 days 02:09:06.605000
2024-07-07 15:14:03.834,10304,291,8,100,False,0,car,0 days 01:10:51.293000,0 days 02:09:06.805000
2024-07-07 15:14:04.194,10259,289,8,100,False,0,car,0 days 01:10:51.653000,0 days 02:09:07.165000
2024-07-07 15:14:05.034,9755,282,8,0,True,0,car,0 days 01:10:52.493000,0 days 02:09:08.005000
2024-07-07 15:14:05.234,9493,274,8,0,True,0,car,0 days 01:10:52.693000,0 days 02:09:08.205000
2024-07-07 15:14:05.394,9088,257,8,0,True,0,car,0 days 01:10:52.853000,0 days 02:09:08.365000
2024-07-07 15:14:05.594,9654,245,8,0,True,0,car,0 days 01:10:53.053000,0 days 02:09:08.565000
2024-07-07 15:14:05.794,9162,235,7,0,True,0,car,0 days 01:10:53.253000,0 days 02:09:08.765000
2024-07-07 15:14:06.074,9895,221,6,0,True,0,car,0 days 01:10:53.533000,0 days 02:09:09.045000
2024-07-07 15:14:06.274,9574,215,6,14,False,0,car,0 days 01:10:53.733000,0 days 02:09:09.245000
2024-07-07 15:14:06.514,9593,210,6,51,False,0,car,0 days 01:10:53.973000,0 days 02:09:09.485000
2024-07-07 15:14:06.834,9629,208,6,68,False,0,car,0 days 01:10:54.293000,0 days 02:09:09.805000
2024-07-07 15:14:07.034,9645,209,6,71,False,0,car,0 days 01:10:54.493000,0 days 02:09:10.005000
2024-07-07 15:14:07.194,9763,211,6,80,False,0,car,0 days 01:10:54.653000,0 days 02:09:10.165000
2024-07-07 15:14:07.354,9948,211,6,100,False,0,car,0 days 01:10:54.813000,0 days 02:09:10.325000
2024-07-07 15:14:07.674,10209,219,6,100,False,0,car,0 days 01:10:55.133000,0 days 02:09:10.645000
2024-07-07 15:14:07.994,10425,225,6,100,False,0,car,0 days 01:10:55.453000,0 days 02:09:10.965000
2024-07-07 15:14:08.274,10610,230,6,100,False,0,car,0 days 01:10:55.733000,0 days 02:09:11.245000
2024-07-07 15:14:08.514,10805,234,6,100,False,0,car,0 days 01:10:55.973000,0 days 02:09:11.485000
2024-07-07 15:14:08.714,10993,237,6,100,False,0,car,0 days 01:10:56.173000,0 days 02:09:11.685000
2024-07-07 15:14:09.034,11136,241,6,100,False,0,car,0 days 01:10:56.493000,0 days 02:09:12.005000
2024-07-07 15:14:09.314,11416,248,6,100,False,0,car,0 days 01:10:56.773000,0 days 02:09:12.285000
2024-07-07 15:14:09.474,11542,251,6,100,False,0,car,0 days 01:10:56.933000,0 days 02:09:12.445000
2024-07-07 15:14:09.754,11693,254,6,100,False,0,car,0 days 01:10:57.213000,0 days 02:09:12.725000
2024-07-07 15:14:09.954,11773,257,6,100,False,0,car,0 days 01:10:57.413000,0 days 02:09:12.925000
2024-07-07 15:14:10.234,10513,260,6,100,False,0,car,0 days 01:10:57.693000,0 days 02:09:13.205000
2024-07-07 15:14:10.474,10482,263,7,100,False,0,car,0 days 01:10:57.933000,0 days 02:09:13.445000
2024-07-07 15:14:10.754,10569,264,7,100,False,0,car,0 days 01:10:58.213000,0 days 02:09:13.725000
2024-07-07 15:14:11.114,10596,265,7,100,False,0,car,0 days 01:10:58.573000,0 days 02:09:14.085000
2024-07-07 15:14:11.434,10591,265,7,100,False,0,car,0 days 01:10:58.893000,0 days 02:09:14.405000
2024-07-07 15:14:11.674,10591,265,7,100,False,0,car,0 days 01:10:59.133000,0 days 02:09:14.645000
2024-07-07 15:14:11.914,10581,265,7,100,False,0,car,0 days 01:10:59.373000,0 days 02:09:14.885000
2024-07-07 15:14:12.194,10769,261,7,0,True,0,car,0 days 01:10:59.653000,0 days 02:09:15.165000
2024-07-07 15:14:12.434,9229,229,7,0,True,0,car,0 days 01:10:59.893000,0 days 02:09:15.405000
2024-07-07 15:14:12.794,9625,183,6,0,True,0,car,0 days 01:11:00.253000,0 days 02:09:15.765000
2024-07-07 15:14:13.074,9037,155,6,0,True,0,car,0 days 01:11:00.533000,0 days 02:09:16.045000
2024-07-07 15:14:13.274,9328,141,5,0,True,0,car,0 days 01:11:00.733000,0 days 02:09:16.245000
2024-07-07 15:14:13.554,8969,130,4,0,True,0,car,0 days 01:11:01.013000,0 days 02:09:16.525000
2024-07-07 15:14:13.714,8634,121,3,0,True,0,car,0 days 01:11:01.173000,0 days 02:09:16.685000
2024-07-07 15:14:13.994,8293,113,3,0,True,0,car,0 days 01:11:01.453000,0 days 02:09:16.965000
2024-07-07 15:14:14.234,7934,110,3,0,True,0,car,0 days 01:11:01.693000,0 days 02:09:17.205000
2024-07-07 15:14:14.474,7734,105,3,0,False,0,car,0 days 01:11:01.933000,0 days 02:09:17.445000
2024-07-07 15:14:14.634,7578,104,3,0,False,0,car,0 days 01:11:02.093000,0 days 02:09:17.605000
2024-07-07 15:14:14.954,7588,103,3,31,False,0,car,0 days 01:11:02.413000,0 days 02:09:17.925000
2024-07-07 15:14:15.154,7461,101,3,34,False,0,car,0 days 01:11:02.613000,0 days 02:09:18.125000
2024-07-07 15:14:15.314,7601,105,3,34,False,0,car,0 days 01:11:02.773000,0 days 02:09:18.285000
2024-07-07 15:14:15.594,8368,111,3,50,False,0,car,0 days 01:11:03.053000,0 days 02:09:18.565000
2024-07-07 15:14:15.914,7796,117,3,45,False,0,car,0 days 01:11:03.373000,0 days 02:09:18.885000
2024-07-07 15:14:16.074,7588,119,3,32,False,0,car,0 days 01:11:03.533000,0 days 02:09:19.045000
2024-07-07 15:14:16.234,7619,120,4,21,False,0,car,0 days 01:11:03.693000,0 days 02:09:19.205000
2024-07-07 15:14:16.434,7550,119,4,16,False,0,car,0 days 01:11:03.893000,0 days 02:09:19.405000
2024-07-07 15:14:16.674,7413,118,4,24,False,0,car,0 days 01:11:04.133000,0 days 02:09:19.645000
2024-07-07 15:14:16.954,7754,118,4,46,False,0,car,0 days 01:11:04.413000,0 days 02:09:19.925000
2024-07-07 15:14:17.194,8052,123,4,53,False,0,car,0 days 01:11:04.653000,0 days 02:09:20.165000
2024-07-07 15:14:17.394,8052,126,4,53,False,0,car,0 days 01:11:04.853000,0 days 02:09:20.365000
2024-07-07 15:14:17.634,8840,128,4,73,False,0,car,0 days 01:11:05.093000,0 days 02:09:20.605000
2024-07-07 15:14:17.834,9214,138,4,77,False,0,car,0 days 01:11:05.293000,0 days 02:09:20.805000
2024-07-07 15:14:18.194,10129,153,4,100,False,0,car,0 days 01:11:05.653000,0 days 02:09:21.165000
2024-07-07 15:14:18.354,10622,159,4,100,False,0,car,0 days 01:11:05.813000,0 days 02:09:21.325000
2024-07-07 15:14:18.794,11519,179,4,100,False,0,car,0 days 01:11:06.253000,0 days 02:09:21.765000
2024-07-07 15:14:18.994,11788,187,4,100,False,0,car,0 days 01:11:06.453000,0 days 02:09:21.965000
2024-07-07 15:14:19.354,10825,197,5,100,False,0,car,0 days 01:11:06.813000,0 days 02:09:22.325000
2024-07-07 15:14:19.634,11258,207,5,100,False,0,car,0 days 01:11:07.093000,0 days 02:09:22.605000
2024-07-07 15:14:20.034,11803,217,5,100,False,0,car,0 days 01:11:07.493000,0 days 02:09:23.005000
2024-07-07 15:14:20.274,11432,224,5,100,False,0,car,0 days 01:11:07.733000,0 days 02:09:23.245000
2024-07-07 15:14:20.474,10112,227,6,100,False,0,car,0 days 01:11:07.933000,0 days 02:09:23.445000
2024-07-07 15:14:20.874,10869,233,6,100,False,0,car,0 days 01:11:08.333000,0 days 02:09:23.845000
2024-07-07 15:14:21.314,11262,242,6,100,False,0,car,0 days 01:11:08.773000,0 days 02:09:24.285000
2024-07-07 15:14:21.634,11473,248,6,100,False,0,car,0 days 01:11:09.093000,0 days 02:09:24.605000
2024-07-07 15:14:21.914,11614,253,6,100,False,0,car,0 days 01:11:09.373000,0 days 02:09:24.885000
2024-07-07 15:14:22.234,10838,258,6,100,False,0,car,0 days 01:11:09.693000,0 days 02:09:25.205000
2024-07-07 15:14:22.394,10449,261,7,100,False,0,car,0 days 01:11:09.853000,0 days 02:09:25.365000
2024-07-07 15:14:22.714,10671,267,7,100,False,0,car,0 days 01:11:10.173000,0 days 02:09:25.685000
2024-07-07 15:14:22.954,10801,268,7,100,False,0,car,0 days 01:11:10.413000,0 days 02:09:25.925000
2024-07-07 15:14:23.874,11220,280,7,100,False,0,car,0 days 01:11:11.333000,0 days 02:09:26.845000
2024-07-07 15:14:24.234,11378,283,7,100,False,0,car,0 days 01:11:11.693000,0 days 02:09:27.205000
2024-07-07 15:14:24.514,11449,285,7,100,False,0,car,0 days 01:11:11.973000,0 days 02:09:27.485000
2024-07-07 15:14:24.674,11513,287,7,100,False,0,car,0 days 01:11:12.133000,0 days 02:09:27.645000
2024-07-07 15:14:24.994,11597,290,7,100,False,0,car,0 days 01:11:12.453000,0 days 02:09:27.965000
2024-07-07 15:14:25.234,11597,291,7,100,False,0,car,0 days 01:11:12.693000,0 days 02:09:28.205000
2024-07-07 15:14:25.634,10872,293,7,100,False,0,car,0 days 01:11:13.093000,0 days 02:09:28.605000
2024-07-07 15:14:25.834,10544,295,8,100,False,0,car,0 days 01:11:13.293000,0 days 02:09:28.805000
2024-07-07 15:14:26.274,10599,296,8,92,False,0,car,0 days 01:11:13.733000,0 days 02:09:29.245000
2024-07-07 15:14:26.635,10464,296,8,79,False,0,car,0 days 01:11:14.094000,0 days 02:09:29.606000
2024-07-07 15:14:27.034,10369,292,8,68,False,0,car,0 days 01:11:14.493000,0 days 02:09:30.005000
2024-07-07 15:14:27.434,10331,287,8,100,False,0,car,0 days 01:11:14.893000,0 days 02:09:30.405000
2024-07-07 15:14:27.674,10311,289,8,100,False,0,car,0 days 01:11:15.133000,0 days 02:09:30.645000
2024-07-07 15:14:27.834,10282,287,8,100,False,0,car,0 days 01:11:15.293000,0 days 02:09:30.805000
2024-07-07 15:14:27.994,10282,288,8,100,False,0,car,0 days 01:11:15.453000,0 days 02:09:30.965000
2024-07-07 15:14:28.234,10283,288,8,100,False,0,car,0 days 01:11:15.693000,0 days 02:09:31.205000
2024-07-07 15:14:28.474,10269,288,8,100,False,0,car,0 days 01:11:15.933000,0 days 02:09:31.445000
2024-07-07 15:14:28.714,10316,289,8,100,False,0,car,0 days 01:11:16.173000,0 days 02:09:31.685000
2024-07-07 15:14:28.874,10370,291,8,100,False,0,car,0 days 01:11:16.333000,0 days 02:09:31.845000
2024-07-07 15:14:29.194,10426,293,8,100,False,0,car,0 days 01:11:16.653000,0 days 02:09:32.165000
2024-07-07 15:14:29.394,10445,293,8,100,False,0,car,0 days 01:11:16.853000,0 days 02:09:32.365000
2024-07-07 15:14:29.554,10406,292,8,100,False,0,car,0 days 01:11:17.013000,0 days 02:09:32.525000
2024-07-07 15:14:29.754,10435,292,8,100,False,0,car,0 days 01:11:17.213000,0 days 02:09:32.725000
2024-07-07 15:14:29.954,10401,292,8,100,False,0,car,0 days 01:11:17.413000,0 days 02:09:32.925000
2024-07-07 15:14:30.234,10388,291,8,100,False,0,car,0 days 01:11:17.693000,0 days 02:09:33.205000
2024-07-07 15:14:30.554,10312,289,8,100,False,0,car,0 days 01:11:18.013000,0 days 02:09:33.525000
2024-07-07 15:14:30.794,10245,288,8,100,False,0,car,0 days 01:11:18.253000,0 days 02:09:33.765000
2024-07-07 15:14:30.994,10189,285,8,100,False,0,car,0 days 01:11:18.453000,0 days 02:09:33.965000
2024-07-07 15:14:31.234,10089,284,8,100,False,0,car,0 days 01:11:18.693000,0 days 02:09:34.205000
2024-07-07 15:14:31.514,10060,283,8,100,False,0,car,0 days 01:11:18.973000,0 days 02:09:34.485000
2024-07-07 15:14:31.874,9456,275,8,0,True,0,car,0 days 01:11:19.333000,0 days 02:09:34.845000
2024-07-07 15:14:32.034,8959,263,8,0,True,0,car,0 days 01:11:19.493000,0 days 02:09:35.005000
2024-07-07 15:14:32.234,9008,239,8,0,True,0,car,0 days 01:11:19.693000,0 days 02:09:35.205000
2024-07-07 15:14:32.514,8958,202,7,0,True,0,car,0 days 01:11:19.973000,0 days 02:09:35.485000
2024-07-07 15:14:32.714,8967,180,7,0,True,0,car,0 days 01:11:20.173000,0 days 02:09:35.685000
2024-07-07 15:14:33.914,7245,119,4,0,True,0,car,0 days 01:11:21.373000,0 days 02:09:36.885000
2024-07-07 15:14:34.114,7067,113,4,0,True,0,car,0 days 01:11:21.573000,0 days 02:09:37.085000
2024-07-07 15:14:34.354,6888,110,4,1,False,0,car,0 days 01:11:21.813000,0 days 02:09:37.325000
2024-07-07 15:14:34.594,6843,108,4,15,False,0,car,0 days 01:11:22.053000,0 days 02:09:37.565000
2024-07-07 15:14:34.754,7072,107,4,27,False,0,car,0 days 01:11:22.213000,0 days 02:09:37.725000
2024-07-07 15:14:34.954,7140,109,4,34,False,0,car,0 days 01:11:22.413000,0 days 02:09:37.925000
2024-07-07 15:14:35.154,7292,109,4,45,False,0,car,0 days 01:11:22.613000,0 days 02:09:38.125000
2024-07-07 15:14:35.474,7498,115,4,50,False,0,car,0 days 01:11:22.933000,0 days 02:09:38.445000
2024-07-07 15:14:35.634,7638,115,4,53,False,0,car,0 days 01:11:23.093000,0 days 02:09:38.605000
2024-07-07 15:14:36.074,8398,128,4,65,False,0,car,0 days 01:11:23.533000,0 days 02:09:39.045000
2024-07-07 15:14:36.354,8728,134,4,72,False,0,car,0 days 01:11:23.813000,0 days 02:09:39.325000
2024-07-07 15:14:36.554,9322,137,4,80,False,0,car,0 days 01:11:24.013000,0 days 02:09:39.525000
2024-07-07 15:14:36.874,8536,147,4,0,True,0,car,0 days 01:11:24.333000,0 days 02:09:39.845000
2024-07-07 15:14:37.274,8939,125,4,0,True,0,car,0 days 01:11:24.733000,0 days 02:09:40.245000
2024-07-07 15:14:37.634,7927,114,3,0,True,0,car,0 days 01:11:25.093000,0 days 02:09:40.605000
2024-07-07 15:14:37.914,7486,104,3,0,True,0,car,0 days 01:11:25.373000,0 days 02:09:40.885000
2024-07-07 15:14:38.074,7158,98,3,0,True,0,car,0 days 01:11:25.533000,0 days 02:09:41.045000
2024-07-07 15:14:38.314,7097,95,3,0,True,0,car,0 days 01:11:25.773000,0 days 02:09:41.285000
2024-07-07 15:14:38.674,6589,89,3,0,False,0,car,0 days 01:11:26.133000,0 days 02:09:41.645000
2024-07-07 15:14:38.914,6479,88,3,0,False,0,car,0 days 01:11:26.373000,0 days 02:09:41.885000
2024-07-07 15:14:39.074,6398,86,3,0,False,0,car,0 days 01:11:26.533000,0 days 02:09:42.045000
2024-07-07 15:14:39.354,6487,85,3,18,False,0,car,0 days 01:11:26.813000,0 days 02:09:42.325000
2024-07-07 15:14:39.635,6924,87,3,38,False,0,car,0 days 01:11:27.094000,0 days 02:09:42.606000
2024-07-07 15:14:39.955,7395,93,3,48,False,0,car,0 days 01:11:27.414000,0 days 02:09:42.926000
2024-07-07 15:14:40.115,7586,97,3,51,False,0,car,0 days 01:11:27.574000,0 days 02:09:43.086000
2024-07-07 15:14:40.394,8299,106,3,59,False,0,car,0 days 01:11:27.853000,0 days 02:09:43.365000
2024-07-07 15:14:40.554,8579,109,3,67,False,0,car,0 days 01:11:28.013000,0 days 02:09:43.525000
2024-07-07 15:14:40.834,9520,120,3,78,False,0,car,0 days 01:11:28.293000,0 days 02:09:43.805000
2024-07-07 15:14:40.994,10038,129,3,82,False,0,car,0 days 01:11:28.453000,0 days 02:09:43.965000
2024-07-07 15:14:41.234,11038,138,3,100,False,0,car,0 days 01:11:28.693000,0 days 02:09:44.205000
2024-07-07 15:14:41.434,11426,143,3,100,False,0,car,0 days 01:11:28.893000,0 days 02:09:44.405000
2024-07-07 15:14:41.594,10436,158,3,100,False,0,car,0 days 01:11:29.053000,0 days 02:09:44.565000
2024-07-07 15:14:41.754,10935,163,4,100,False,0,car,0 days 01:11:29.213000,0 days 02:09:44.725000
2024-07-07 15:14:41.954,11370,172,4,100,False,0,car,0 days 01:11:29.413000,0 days 02:09:44.925000
2024-07-07 15:14:42.274,10495,189,4,100,False,0,car,0 days 01:11:29.733000,0 days 02:09:45.245000
2024-07-07 15:14:42.634,10869,195,5,100,False,0,car,0 days 01:11:30.093000,0 days 02:09:45.605000
2024-07-07 15:14:42.794,11048,206,5,100,False,0,car,0 days 01:11:30.253000,0 days 02:09:45.765000
2024-07-07 15:14:43.074,11484,215,5,100,False,0,car,0 days 01:11:30.533000,0 days 02:09:46.045000
2024-07-07 15:14:43.474,11459,223,5,100,False,0,car,0 days 01:11:30.933000,0 days 02:09:46.445000
2024-07-07 15:14:43.914,10772,232,6,100,False,0,car,0 days 01:11:31.373000,0 days 02:09:46.885000
2024-07-07 15:14:44.274,10935,240,6,100,False,0,car,0 days 01:11:31.733000,0 days 02:09:47.245000
2024-07-07 15:14:44.554,11176,243,6,100,False,0,car,0 days 01:11:32.013000,0 days 02:09:47.525000
2024-07-07 15:14:44.954,11467,248,6,100,False,0,car,0 days 01:11:32.413000,0 days 02:09:47.925000
2024-07-07 15:14:45.194,11614,252,6,100,False,0,car,0 days 01:11:32.653000,0 days 02:09:48.165000
2024-07-07 15:14:45.554,11510,257,6,100,False,0,car,0 days 01:11:33.013000,0 days 02:09:48.525000
2024-07-07 15:14:45.754,10598,258,7,100,False,0,car,0 days 01:11:33.213000,0 days 02:09:48.725000
2024-07-07 15:14:45.994,10614,264,7,100,False,0,car,0 days 01:11:33.453000,0 days 02:09:48.965000
2024-07-07 15:14:46.194,10664,266,7,100,False,0,car,0 days 01:11:33.653000,0 days 02:09:49.165000
2024-07-07 15:14:46.355,10755,268,7,100,False,0,car,0 days 01:11:33.814000,0 days 02:09:49.326000
2024-07-07 15:14:46.595,10865,271,7,100,False,0,car,0 days 01:11:34.054000,0 days 02:09:49.566000
2024-07-07 15:14:46.755,10933,272,7,100,False,0,car,0 days 01:11:34.214000,0 days 02:09:49.726000
2024-07-07 15:14:47.034,11069,274,7,100,False,0,car,0 days 01:11:34.493000,0 days 02:09:50.005000
2024-07-07 15:14:47.354,11166,277,7,100,False,0,car,0 days 01:11:34.813000,0 days 02:09:50.325000
2024-07-07 15:14:47.594,11221,281,7,100,False,0,car,0 days 01:11:35.053000,0 days 02:09:50.565000
2024-07-07 15:14:47.834,11324,282,7,100,False,0,car,0 days 01:11:35.293000,0 days 02:09:50.805000
2024-07-07 15:14:47.994,11341,282,7,100,False,0,car,0 days 01:11:35.453000,0 days 02:09:50.965000
2024-07-07 15:14:48.154,11400,284,7,100,False,0,car,0 days 01:11:35.613000,0 days 02:09:51.125000
2024-07-07 15:14:48.434,11474,286,7,100,False,0,car,0 days 01:11:35.893000,0 days 02:09:51.405000
2024-07-07 15:14:48.754,11544,288,7,100,False,0,car,0 days 01:11:36.213000,0 days 02:09:51.725000
2024-07-07 15:14:49.114,11587,290,7,100,False,0,car,0 days 01:11:36.573000,0 days 02:09:52.085000
2024-07-07 15:14:49.314,11607,291,7,100,False,0,car,0 days 01:11:36.773000,0 days 02:09:52.285000
2024-07-07 15:14:49.514,11623,290,7,100,False,0,car,0 days 01:11:36.973000,0 days 02:09:52.485000
2024-07-07 15:14:49.754,11584,290,7,100,False,0,car,0 days 01:11:37.213000,0 days 02:09:52.725000
2024-07-07 15:14:49.994,11607,291,7,100,False,0,car,0 days 01:11:37.453000,0 days 02:09:52.965000
2024-07-07 15:14:50.314,11580,290,7,100,False,0,car,0 days 01:11:37.773000,0 days 02:09:53.285000
2024-07-07 15:14:50.554,11546,289,7,100,False,0,car,0 days 01:11:38.013000,0 days 02:09:53.525000
2024-07-07 15:14:50.714,11493,288,7,100,False,0,car,0 days 01:11:38.173000,0 days 02:09:53.685000
2024-07-07 15:14:51.194,11430,286,7,100,False,0,car,0 days 01:11:38.653000,0 days 02:09:54.165000
2024-07-07 15:14:51.514,11344,284,7,100,False,0,car,0 days 01:11:38.973000,0 days 02:09:54.485000
2024-07-07 15:14:51.914,11225,274,7,0,True,0,car,0 days 01:11:39.373000,0 days 02:09:54.885000
2024-07-07 15:14:52.154,9545,252,7,0,True,0,car,0 days 01:11:39.613000,0 days 02:09:55.125000
2024-07-07 15:14:52.354,10015,235,7,0,True,0,car,0 days 01:11:39.813000,0 days 02:09:55.325000
2024-07-07 15:14:52.554,9480,220,6,0,True,0,car,0 days 01:11:40.013000,0 days 02:09:55.525000
2024-07-07 15:14:52.995,9953,192,5,0,True,0,car,0 days 01:11:40.454000,0 days 02:09:55.966000
2024-07-07 15:14:53.235,9455,185,5,0,True,0,car,0 days 01:11:40.694000,0 days 02:09:56.206000
2024-07-07 15:14:53.595,9284,174,5,0,False,0,car,0 days 01:11:41.054000,0 days 02:09:56.566000
2024-07-07 15:14:53.754,8886,173,5,0,False,0,car,0 days 01:11:41.213000,0 days 02:09:56.725000
2024-07-07 15:14:53.954,8720,169,5,0,False,0,car,0 days 01:11:41.413000,0 days 02:09:56.925000
2024-07-07 15:14:54.194,8736,165,5,18,False,0,car,0 days 01:11:41.653000,0 days 02:09:57.165000
2024-07-07 15:14:54.354,8600,162,5,23,False,0,car,0 days 01:11:41.813000,0 days 02:09:57.325000
2024-07-07 15:14:54.714,8541,159,5,45,False,0,car,0 days 01:11:42.173000,0 days 02:09:57.685000
2024-07-07 15:14:54.994,8687,160,5,60,False,0,car,0 days 01:11:42.453000,0 days 02:09:57.965000
2024-07-07 15:14:55.274,9008,165,5,75,False,0,car,0 days 01:11:42.733000,0 days 02:09:58.245000
2024-07-07 15:14:55.554,9375,169,5,85,False,0,car,0 days 01:11:43.013000,0 days 02:09:58.525000
2024-07-07 15:14:55.954,10027,182,5,88,False,0,car,0 days 01:11:43.413000,0 days 02:09:58.925000
2024-07-07 15:14:56.274,9188,174,5,0,True,0,car,0 days 01:11:43.733000,0 days 02:09:59.245000
2024-07-07 15:14:56.474,9128,163,5,0,True,0,car,0 days 01:11:43.933000,0 days 02:09:59.445000
2024-07-07 15:14:56.754,8926,151,4,0,True,0,car,0 days 01:11:44.213000,0 days 02:09:59.725000
2024-07-07 15:14:57.074,8426,141,4,0,True,0,car,0 days 01:11:44.533000,0 days 02:10:00.045000
2024-07-07 15:14:57.394,7828,125,4,0,True,0,car,0 days 01:11:44.853000,0 days 02:10:00.365000
2024-07-07 15:14:57.674,7489,120,4,0,True,0,car,0 days 01:11:45.133000,0 days 02:10:00.645000
2024-07-07 15:14:57.914,7229,117,4,0,True,0,car,0 days 01:11:45.373000,0 days 02:10:00.885000
2024-07-07 15:14:58.154,6940,114,4,0,False,0,car,0 days 01:11:45.613000,0 days 02:10:01.125000
2024-07-07 15:14:58.354,6940,111,4,0,False,0,car,0 days 01:11:45.813000,0 days 02:10:01.325000
2024-07-07 15:14:58.514,7012,109,4,23,False,0,car,0 days 01:11:45.973000,0 days 02:10:01.485000
2024-07-07 15:14:58.794,7314,111,4,44,False,0,car,0 days 01:11:46.253000,0 days 02:10:01.765000
2024-07-07 15:14:58.954,7575,113,4,51,False,0,car,0 days 01:11:46.413000,0 days 02:10:01.925000
2024-07-07 15:14:59.194,7786,116,4,53,False,0,car,0 days 01:11:46.653000,0 days 02:10:02.165000
2024-07-07 15:14:59.395,8019,119,4,56,False,0,car,0 days 01:11:46.854000,0 days 02:10:02.366000
2024-07-07 15:14:59.635,8376,125,4,65,False,0,car,0 days 01:11:47.094000,0 days 02:10:02.606000
2024-07-07 15:14:59.795,8568,130,4,68,False,0,car,0 days 01:11:47.254000,0 days 02:10:02.766000
2024-07-07 15:14:59.995,8989,136,4,74,False,0,car,0 days 01:11:47.454000,0 days 02:10:02.966000
2024-07-07 15:15:00.155,9499,136,4,84,False,0,car,0 days 01:11:47.614000,0 days 02:10:03.126000
2024-07-07 15:15:00.514,10153,151,4,94,False,0,car,0 days 01:11:47.973000,0 days 02:10:03.485000
2024-07-07 15:15:00.794,11039,169,4,100,False,0,car,0 days 01:11:48.253000,0 days 02:10:03.765000
2024-07-07 15:15:01.074,11787,177,4,95,False,0,car,0 days 01:11:48.533000,0 days 02:10:04.045000
2024-07-07 15:15:01.274,10667,187,4,100,False,0,car,0 days 01:11:48.733000,0 days 02:10:04.245000
2024-07-07 15:15:01.594,10741,196,5,100,False,0,car,0 days 01:11:49.053000,0 days 02:10:04.565000
2024-07-07 15:15:01.874,11098,207,5,100,False,0,car,0 days 01:11:49.333000,0 days 02:10:04.845000
2024-07-07 15:15:02.034,11238,210,5,100,False,0,car,0 days 01:11:49.493000,0 days 02:10:05.005000
2024-07-07 15:15:02.354,11789,218,5,100,False,0,car,0 days 01:11:49.813000,0 days 02:10:05.325000
2024-07-07 15:15:02.594,10730,226,5,100,False,0,car,0 days 01:11:50.053000,0 days 02:10:05.565000
2024-07-07 15:15:02.794,10747,230,6,100,False,0,car,0 days 01:11:50.253000,0 days 02:10:05.765000
2024-07-07 15:15:02.994,10813,235,6,100,False,0,car,0 days 01:11:50.453000,0 days 02:10:05.965000
2024-07-07 15:15:03.154,11025,237,6,100,False,0,car,0 days 01:11:50.613000,0 days 02:10:06.125000
2024-07-07 15:15:03.474,11262,246,6,100,False,0,car,0 days 01:11:50.933000,0 days 02:10:06.445000
2024-07-07 15:15:03.794,11535,251,6,100,False,0,car,0 days 01:11:51.253000,0 days 02:10:06.765000
2024-07-07 15:15:04.114,11754,255,6,100,False,0,car,0 days 01:11:51.573000,0 days 02:10:07.085000
2024-07-07 15:15:04.354,10816,257,6,100,False,0,car,0 days 01:11:51.813000,0 days 02:10:07.325000
2024-07-07 15:15:04.594,10619,259,7,100,False,0,car,0 days 01:11:52.053000,0 days 02:10:07.565000
2024-07-07 15:15:04.954,10807,267,7,100,False,0,car,0 days 01:11:52.413000,0 days 02:10:07.925000
2024-07-07 15:15:05.154,10880,267,7,100,False,0,car,0 days 01:11:52.613000,0 days 02:10:08.125000
2024-07-07 15:15:05.434,10982,272,7,100,False,0,car,0 days 01:11:52.893000,0 days 02:10:08.405000
2024-07-07 15:15:06.515,11361,283,7,100,False,0,car,0 days 01:11:53.974000,0 days 02:10:09.486000
2024-07-07 15:15:06.795,11458,285,7,100,False,0,car,0 days 01:11:54.254000,0 days 02:10:09.766000
2024-07-07 15:15:07.034,11547,286,7,100,False,0,car,0 days 01:11:54.493000,0 days 02:10:10.005000
2024-07-07 15:15:07.354,11588,291,7,100,False,0,car,0 days 01:11:54.813000,0 days 02:10:10.325000
2024-07-07 15:15:07.514,11656,291,7,100,False,0,car,0 days 01:11:54.973000,0 days 02:10:10.485000
2024-07-07 15:15:07.754,11705,291,7,100,False,0,car,0 days 01:11:55.213000,0 days 02:10:10.725000
2024-07-07 15:15:08.034,11760,294,7,100,False,0,car,0 days 01:11:55.493000,0 days 02:10:11.005000
2024-07-07 15:15:08.234,11763,294,7,100,False,0,car,0 days 01:11:55.693000,0 days 02:10:11.205000
2024-07-07 15:15:08.514,11776,295,7,100,False,0,car,0 days 01:11:55.973000,0 days 02:10:11.485000
2024-07-07 15:15:08.794,10522,294,7,100,False,0,car,0 days 01:11:56.253000,0 days 02:10:11.765000
2024-07-07 15:15:09.114,10433,294,8,100,False,0,car,0 days 01:11:56.573000,0 days 02:10:12.085000
2024-07-07 15:15:09.314,10501,294,8,100,False,0,car,0 days 01:11:56.773000,0 days 02:10:12.285000
2024-07-07 15:15:09.594,10444,296,8,100,False,0,car,0 days 01:11:57.053000,0 days 02:10:12.565000
2024-07-07 15:15:09.754,10403,295,8,100,False,0,car,0 days 01:11:57.213000,0 days 02:10:12.725000
2024-07-07 15:15:09.914,10384,292,8,100,False,0,car,0 days 01:11:57.373000,0 days 02:10:12.885000
2024-07-07 15:15:10.074,10374,292,8,100,False,0,car,0 days 01:11:57.533000,0 days 02:10:13.045000
2024-07-07 15:15:10.394,10327,292,8,96,False,0,car,0 days 01:11:57.853000,0 days 02:10:13.365000
2024-07-07 15:15:10.794,10267,289,8,67,False,0,car,0 days 01:11:58.253000,0 days 02:10:13.765000
2024-07-07 15:15:10.954,10148,289,8,62,False,0,car,0 days 01:11:58.413000,0 days 02:10:13.925000
2024-07-07 15:15:11.234,10097,285,8,68,False,0,car,0 days 01:11:58.693000,0 days 02:10:14.205000
2024-07-07 15:15:11.514,10035,280,8,70,False,0,car,0 days 01:11:58.973000,0 days 02:10:14.485000
2024-07-07 15:15:11.674,9923,277,8,75,False,0,car,0 days 01:11:59.133000,0 days 02:10:14.645000
2024-07-07 15:15:11.834,9835,276,8,85,False,0,car,0 days 01:11:59.293000,0 days 02:10:14.805000
2024-07-07 15:15:12.074,9759,273,8,100,False,0,car,0 days 01:11:59.533000,0 days 02:10:15.045000
2024-07-07 15:15:12.314,9694,271,8,100,False,0,car,0 days 01:11:59.773000,0 days 02:10:15.285000
2024-07-07 15:15:12.595,9605,269,8,100,False,0,car,0 days 01:12:00.054000,0 days 02:10:15.566000
2024-07-07 15:15:12.955,9516,268,8,100,False,0,car,0 days 01:12:00.414000,0 days 02:10:15.926000
2024-07-07 15:15:13.355,9570,269,8,100,False,0,car,0 days 01:12:00.814000,0 days 02:10:16.326000
2024-07-07 15:15:13.515,9585,269,8,100,False,0,car,0 days 01:12:00.974000,0 days 02:10:16.486000
2024-07-07 15:15:13.715,9618,270,8,100,False,0,car,0 days 01:12:01.174000,0 days 02:10:16.686000
2024-07-07 15:15:13.874,9661,271,8,100,False,0,car,0 days 01:12:01.333000,0 days 02:10:16.845000
2024-07-07 15:15:14.114,9684,272,8,100,False,0,car,0 days 01:12:01.573000,0 days 02:10:17.085000
2024-07-07 15:15:14.554,9816,275,8,100,False,0,car,0 days 01:12:02.013000,0 days 02:10:17.525000
2024-07-07 15:15:14.714,9931,276,8,100,False,0,car,0 days 01:12:02.173000,0 days 02:10:17.685000
2024-07-07 15:15:14.874,9896,277,8,100,False,0,car,0 days 01:12:02.333000,0 days 02:10:17.845000
2024-07-07 15:15:15.074,9957,278,8,100,False,0,car,0 days 01:12:02.533000,0 days 02:10:18.045000
2024-07-07 15:15:15.314,9964,280,8,100,False,0,car,0 days 01:12:02.773000,0 days 02:10:18.285000
2024-07-07 15:15:15.594,10046,282,8,100,False,0,car,0 days 01:12:03.053000,0 days 02:10:18.565000
2024-07-07 15:15:15.754,10099,283,8,100,False,0,car,0 days 01:12:03.213000,0 days 02:10:18.725000
2024-07-07 15:15:16.194,10194,286,8,100,False,0,car,0 days 01:12:03.653000,0 days 02:10:19.165000
2024-07-07 15:15:16.394,10241,287,8,100,False,0,car,0 days 01:12:03.853000,0 days 02:10:19.365000
2024-07-07 15:15:16.714,10286,290,8,100,False,0,car,0 days 01:12:04.173000,0 days 02:10:19.685000
2024-07-07 15:15:16.914,10343,291,8,100,False,0,car,0 days 01:12:04.373000,0 days 02:10:19.885000
2024-07-07 15:15:17.234,10390,292,8,100,False,0,car,0 days 01:12:04.693000,0 days 02:10:20.205000
2024-07-07 15:15:17.514,10451,293,8,100,False,0,car,0 days 01:12:04.973000,0 days 02:10:20.485000
2024-07-07 15:15:17.754,10520,295,8,100,False,0,car,0 days 01:12:05.213000,0 days 02:10:20.725000
2024-07-07 15:15:18.034,10521,296,8,100,False,0,car,0 days 01:12:05.493000,0 days 02:10:21.005000
2024-07-07 15:15:18.434,10542,296,8,100,False,0,car,0 days 01:12:05.893000,0 days 02:10:21.405000
2024-07-07 15:15:18.674,10587,296,8,100,False,0,car,0 days 01:12:06.133000,0 days 02:10:21.645000
2024-07-07 15:15:18.874,10551,295,8,100,False,0,car,0 days 01:12:06.333000,0 days 02:10:21.845000
2024-07-07 15:15:19.235,10467,295,8,68,False,0,car,0 days 01:12:06.694000,0 days 02:10:22.206000
2024-07-07 15:15:19.515,10244,291,8,54,False,0,car,0 days 01:12:06.974000,0 days 02:10:22.486000
2024-07-07 15:15:19.875,10044,284,8,69,False,0,car,0 days 01:12:07.334000,0 days 02:10:22.846000
2024-07-07 15:15:20.355,9796,278,8,100,False,0,car,0 days 01:12:07.814000,0 days 02:10:23.326000
2024-07-07 15:15:20.514,9933,277,8,100,False,0,car,0 days 01:12:07.973000,0 days 02:10:23.485000
2024-07-07 15:15:20.874,9896,277,8,100,False,0,car,0 days 01:12:08.333000,0 days 02:10:23.845000
2024-07-07 15:15:21.034,9899,277,8,100,False,0,car,0 days 01:12:08.493000,0 days 02:10:24.005000
2024-07-07 15:15:21.354,9314,274,8,0,True,0,car,0 days 01:12:08.813000,0 days 02:10:24.325000
2024-07-07 15:15:21.554,9822,266,8,0,True,0,car,0 days 01:12:09.013000,0 days 02:10:24.525000
2024-07-07 15:15:21.794,10159,255,8,0,False,0,car,0 days 01:12:09.253000,0 days 02:10:24.765000
2024-07-07 15:15:22.034,10051,250,7,50,False,0,car,0 days 01:12:09.493000,0 days 02:10:25.005000
2024-07-07 15:15:22.234,9874,247,7,61,False,0,car,0 days 01:12:09.693000,0 days 02:10:25.205000
2024-07-07 15:15:22.394,9838,245,7,65,False,0,car,0 days 01:12:09.853000,0 days 02:10:25.365000
2024-07-07 15:15:22.554,9746,243,7,68,False,0,car,0 days 01:12:10.013000,0 days 02:10:25.525000
2024-07-07 15:15:22.794,9733,242,7,62,False,0,car,0 days 01:12:10.253000,0 days 02:10:25.765000
2024-07-07 15:15:23.234,9153,226,7,0,True,0,car,0 days 01:12:10.693000,0 days 02:10:26.205000
2024-07-07 15:15:23.514,9954,217,6,12,False,0,car,0 days 01:12:10.973000,0 days 02:10:26.485000
2024-07-07 15:15:23.754,9755,214,6,44,False,0,car,0 days 01:12:11.213000,0 days 02:10:26.725000
2024-07-07 15:15:23.954,9714,210,6,60,False,0,car,0 days 01:12:11.413000,0 days 02:10:26.925000
2024-07-07 15:15:24.274,9675,210,6,68,False,0,car,0 days 01:12:11.733000,0 days 02:10:27.245000
2024-07-07 15:15:24.594,9781,209,6,82,False,0,car,0 days 01:12:12.053000,0 days 02:10:27.565000
2024-07-07 15:15:24.794,9845,213,6,100,False,0,car,0 days 01:12:12.253000,0 days 02:10:27.765000
2024-07-07 15:15:25.074,10164,218,6,100,False,0,car,0 days 01:12:12.533000,0 days 02:10:28.045000
2024-07-07 15:15:25.274,10324,223,6,100,False,0,car,0 days 01:12:12.733000,0 days 02:10:28.245000
2024-07-07 15:15:25.594,10616,229,6,100,False,0,car,0 days 01:12:13.053000,0 days 02:10:28.565000
2024-07-07 15:15:25.795,10736,233,6,100,False,0,car,0 days 01:12:13.254000,0 days 02:10:28.766000
2024-07-07 15:15:26.075,11034,240,6,100,False,0,car,0 days 01:12:13.534000,0 days 02:10:29.046000
2024-07-07 15:15:26.235,11070,242,6,100,False,0,car,0 days 01:12:13.694000,0 days 02:10:29.206000
2024-07-07 15:15:26.435,11363,244,6,100,False,0,car,0 days 01:12:13.894000,0 days 02:10:29.406000
2024-07-07 15:15:26.715,11503,249,6,100,False,0,car,0 days 01:12:14.174000,0 days 02:10:29.686000
2024-07-07 15:15:26.915,11603,252,6,100,False,0,car,0 days 01:12:14.374000,0 days 02:10:29.886000
2024-07-07 15:15:27.115,11630,254,6,100,False,0,car,0 days 01:12:14.574000,0 days 02:10:30.086000
2024-07-07 15:15:27.314,11672,256,6,100,False,0,car,0 days 01:12:14.773000,0 days 02:10:30.285000
2024-07-07 15:15:27.594,10291,260,6,100,False,0,car,0 days 01:12:15.053000,0 days 02:10:30.565000
2024-07-07 15:15:27.794,10556,263,7,100,False,0,car,0 days 01:12:15.253000,0 days 02:10:30.765000
2024-07-07 15:15:28.034,10685,265,7,100,False,0,car,0 days 01:12:15.493000,0 days 02:10:31.005000
2024-07-07 15:15:28.194,10786,269,7,100,False,0,car,0 days 01:12:15.653000,0 days 02:10:31.165000
2024-07-07 15:15:28.394,10873,271,7,100,False,0,car,0 days 01:12:15.853000,0 days 02:10:31.365000
2024-07-07 15:15:28.634,10991,273,7,100,False,0,car,0 days 01:12:16.093000,0 days 02:10:31.605000
2024-07-07 15:15:28.794,11038,275,7,100,False,0,car,0 days 01:12:16.253000,0 days 02:10:31.765000
2024-07-07 15:15:29.074,11144,278,7,100,False,0,car,0 days 01:12:16.533000,0 days 02:10:32.045000
2024-07-07 15:15:29.394,11219,280,7,100,False,0,car,0 days 01:12:16.853000,0 days 02:10:32.365000
2024-07-07 15:15:29.634,11311,280,7,100,False,0,car,0 days 01:12:17.093000,0 days 02:10:32.605000
2024-07-07 15:15:29.874,11347,283,7,100,False,0,car,0 days 01:12:17.333000,0 days 02:10:32.845000
2024-07-07 15:15:30.074,11444,285,7,100,False,0,car,0 days 01:12:17.533000,0 days 02:10:33.045000
2024-07-07 15:15:30.554,11563,288,7,100,False,0,car,0 days 01:12:18.013000,0 days 02:10:33.525000
2024-07-07 15:15:30.714,11583,290,7,100,False,0,car,0 days 01:12:18.173000,0 days 02:10:33.685000
2024-07-07 15:15:30.914,11629,290,7,100,False,0,car,0 days 01:12:18.373000,0 days 02:10:33.885000
2024-07-07 15:15:31.314,11695,292,7,100,False,0,car,0 days 01:12:18.773000,0 days 02:10:34.285000
2024-07-07 15:15:31.554,11734,292,7,100,False,0,car,0 days 01:12:19.013000,0 days 02:10:34.525000
2024-07-07 15:15:31.714,11734,294,7,100,False,0,car,0 days 01:12:19.173000,0 days 02:10:34.685000
2024-07-07 15:15:31.914,11790,294,7,100,False,0,car,0 days 01:12:19.373000,0 days 02:10:34.885000
2024-07-07 15:15:32.194,11830,296,7,100,False,0,car,0 days 01:12:19.653000,0 days 02:10:35.165000
2024-07-07 15:15:32.395,10570,297,7,100,False,0,car,0 days 01:12:19.854000,0 days 02:10:35.366000
2024-07-07 15:15:32.755,10529,297,8,100,False,0,car,0 days 01:12:20.214000,0 days 02:10:35.726000
2024-07-07 15:15:32.995,10545,298,8,100,False,0,car,0 days 01:12:20.454000,0 days 02:10:35.966000
2024-07-07 15:15:33.395,10590,297,8,100,False,0,car,0 days 01:12:20.854000,0 days 02:10:36.366000
2024-07-07 15:15:33.595,10604,297,8,100,False,0,car,0 days 01:12:21.054000,0 days 02:10:36.566000
2024-07-07 15:15:33.835,10526,297,8,100,False,0,car,0 days 01:12:21.294000,0 days 02:10:36.806000
2024-07-07 15:15:34.274,10474,296,8,100,False,0,car,0 days 01:12:21.733000,0 days 02:10:37.245000
2024-07-07 15:15:34.434,10514,295,8,100,False,0,car,0 days 01:12:21.893000,0 days 02:10:37.405000
2024-07-07 15:15:34.594,10470,295,8,100,False,0,car,0 days 01:12:22.053000,0 days 02:10:37.565000
2024-07-07 15:15:34.794,10403,293,8,100,False,0,car,0 days 01:12:22.253000,0 days 02:10:37.765000
2024-07-07 15:15:35.114,10342,291,8,100,False,0,car,0 days 01:12:22.573000,0 days 02:10:38.085000
2024-07-07 15:15:35.434,10236,290,8,100,False,0,car,0 days 01:12:22.893000,0 days 02:10:38.405000
2024-07-07 15:15:35.594,10236,287,8,100,False,0,car,0 days 01:12:23.053000,0 days 02:10:38.565000
2024-07-07 15:15:35.874,10178,287,8,100,False,0,car,0 days 01:12:23.333000,0 days 02:10:38.845000
2024-07-07 15:15:36.114,10057,285,8,100,False,0,car,0 days 01:12:23.573000,0 days 02:10:39.085000
2024-07-07 15:15:36.274,9943,276,8,0,True,0,car,0 days 01:12:23.733000,0 days 02:10:39.245000
2024-07-07 15:15:36.474,9685,261,8,0,True,0,car,0 days 01:12:23.933000,0 days 02:10:39.445000
2024-07-07 15:15:36.914,10142,235,7,0,True,0,car,0 days 01:12:24.373000,0 days 02:10:39.885000
2024-07-07 15:15:37.194,10042,224,6,8,False,0,car,0 days 01:12:24.653000,0 days 02:10:40.165000
2024-07-07 15:15:37.434,9991,220,6,55,False,0,car,0 days 01:12:24.893000,0 days 02:10:40.405000
2024-07-07 15:15:37.754,9982,216,6,71,False,0,car,0 days 01:12:25.213000,0 days 02:10:40.725000
2024-07-07 15:15:38.194,10042,218,6,82,False,0,car,0 days 01:12:25.653000,0 days 02:10:41.165000
2024-07-07 15:15:38.354,10256,219,6,100,False,0,car,0 days 01:12:25.813000,0 days 02:10:41.325000
2024-07-07 15:15:38.514,10282,222,6,100,False,0,car,0 days 01:12:25.973000,0 days 02:10:41.485000
2024-07-07 15:15:38.674,10422,225,6,96,False,0,car,0 days 01:12:26.133000,0 days 02:10:41.645000
2024-07-07 15:15:38.875,10584,230,6,100,False,0,car,0 days 01:12:26.334000,0 days 02:10:41.846000
2024-07-07 15:15:39.195,10835,234,6,100,False,0,car,0 days 01:12:26.654000,0 days 02:10:42.166000
2024-07-07 15:15:39.355,10990,236,6,100,False,0,car,0 days 01:12:26.814000,0 days 02:10:42.326000
2024-07-07 15:15:39.595,11085,240,6,100,False,0,car,0 days 01:12:27.054000,0 days 02:10:42.566000
2024-07-07 15:15:39.835,11258,243,6,100,False,0,car,0 days 01:12:27.294000,0 days 02:10:42.806000
2024-07-07 15:15:40.275,11521,251,6,100,False,0,car,0 days 01:12:27.734000,0 days 02:10:43.246000
2024-07-07 15:15:40.635,11809,255,6,100,False,0,car,0 days 01:12:28.094000,0 days 02:10:43.606000
2024-07-07 15:15:40.874,11922,261,6,100,False,0,car,0 days 01:12:28.333000,0 days 02:10:43.845000
2024-07-07 15:15:41.114,10522,263,6,100,False,0,car,0 days 01:12:28.573000,0 days 02:10:44.085000
2024-07-07 15:15:41.394,10547,265,7,100,False,0,car,0 days 01:12:28.853000,0 days 02:10:44.365000
2024-07-07 15:15:41.594,10734,267,7,100,False,0,car,0 days 01:12:29.053000,0 days 02:10:44.565000
2024-07-07 15:15:41.914,10736,267,7,100,False,0,car,0 days 01:12:29.373000,0 days 02:10:44.885000
2024-07-07 15:15:42.114,10692,268,7,100,False,0,car,0 days 01:12:29.573000,0 days 02:10:45.085000
2024-07-07 15:15:42.314,10677,267,7,100,False,0,car,0 days 01:12:29.773000,0 days 02:10:45.285000
2024-07-07 15:15:42.514,10666,267,7,100,False,0,car,0 days 01:12:29.973000,0 days 02:10:45.485000
2024-07-07 15:15:42.834,10689,267,7,100,False,0,car,0 days 01:12:30.293000,0 days 02:10:45.805000
2024-07-07 15:15:43.154,9809,257,7,0,True,0,car,0 days 01:12:30.613000,0 days 02:10:46.125000
2024-07-07 15:15:43.394,9392,224,7,0,True,0,car,0 days 01:12:30.853000,0 days 02:10:46.365000
2024-07-07 15:15:43.634,9195,203,6,0,True,0,car,0 days 01:12:31.093000,0 days 02:10:46.605000
2024-07-07 15:15:43.874,8943,173,6,0,True,0,car,0 days 01:12:31.333000,0 days 02:10:46.845000
2024-07-07 15:15:44.114,9450,156,6,0,True,0,car,0 days 01:12:31.573000,0 days 02:10:47.085000
2024-07-07 15:15:44.434,9520,138,4,0,True,0,car,0 days 01:12:31.893000,0 days 02:10:47.405000
2024-07-07 15:15:44.634,8904,127,3,0,True,0,car,0 days 01:12:32.093000,0 days 02:10:47.605000
2024-07-07 15:15:44.794,8600,120,3,0,True,0,car,0 days 01:12:32.253000,0 days 02:10:47.765000
2024-07-07 15:15:44.994,8210,113,3,0,True,0,car,0 days 01:12:32.453000,0 days 02:10:47.965000
2024-07-07 15:15:45.154,7982,110,3,0,True,0,car,0 days 01:12:32.613000,0 days 02:10:48.125000
2024-07-07 15:15:45.394,7842,106,3,0,False,0,car,0 days 01:12:32.853000,0 days 02:10:48.365000
2024-07-07 15:15:45.635,7665,104,3,14,False,0,car,0 days 01:12:33.094000,0 days 02:10:48.606000
2024-07-07 15:15:45.995,8102,102,3,41,False,0,car,0 days 01:12:33.454000,0 days 02:10:48.966000
2024-07-07 15:15:46.155,8116,103,3,46,False,0,car,0 days 01:12:33.614000,0 days 02:10:49.126000
2024-07-07 15:15:46.395,8402,105,3,48,False,0,car,0 days 01:12:33.854000,0 days 02:10:49.366000
2024-07-07 15:15:46.595,8596,113,3,48,False,0,car,0 days 01:12:34.054000,0 days 02:10:49.566000
2024-07-07 15:15:46.835,7801,117,3,37,False,0,car,0 days 01:12:34.294000,0 days 02:10:49.806000
2024-07-07 15:15:46.995,7683,119,3,30,False,0,car,0 days 01:12:34.454000,0 days 02:10:49.966000
2024-07-07 15:15:47.235,7619,119,4,22,False,0,car,0 days 01:12:34.694000,0 days 02:10:50.206000
2024-07-07 15:15:47.634,7549,119,4,26,False,0,car,0 days 01:12:35.093000,0 days 02:10:50.605000
2024-07-07 15:15:47.834,7491,118,4,28,False,0,car,0 days 01:12:35.293000,0 days 02:10:50.805000
2024-07-07 15:15:48.074,8002,121,4,54,False,0,car,0 days 01:12:35.533000,0 days 02:10:51.045000
2024-07-07 15:15:48.274,8213,125,4,55,False,0,car,0 days 01:12:35.733000,0 days 02:10:51.245000
2024-07-07 15:15:48.514,8516,127,4,60,False,0,car,0 days 01:12:35.973000,0 days 02:10:51.485000
2024-07-07 15:15:48.954,9413,140,4,81,False,0,car,0 days 01:12:36.413000,0 days 02:10:51.925000
2024-07-07 15:15:49.114,9723,147,4,89,False,0,car,0 days 01:12:36.573000,0 days 02:10:52.085000
2024-07-07 15:15:49.474,10841,166,4,100,False,0,car,0 days 01:12:36.933000,0 days 02:10:52.445000
2024-07-07 15:15:49.634,11211,169,4,100,False,0,car,0 days 01:12:37.093000,0 days 02:10:52.605000
2024-07-07 15:15:49.914,11649,183,4,100,False,0,car,0 days 01:12:37.373000,0 days 02:10:52.885000
2024-07-07 15:15:50.234,10609,193,5,100,False,0,car,0 days 01:12:37.693000,0 days 02:10:53.205000
2024-07-07 15:15:50.554,11041,202,5,100,False,0,car,0 days 01:12:38.013000,0 days 02:10:53.525000
2024-07-07 15:15:50.754,11322,209,5,100,False,0,car,0 days 01:12:38.213000,0 days 02:10:53.725000
2024-07-07 15:15:50.954,11594,213,5,100,False,0,car,0 days 01:12:38.413000,0 days 02:10:53.925000
2024-07-07 15:15:51.114,11747,219,5,100,False,0,car,0 days 01:12:38.573000,0 days 02:10:54.085000
2024-07-07 15:15:51.314,10595,221,5,100,False,0,car,0 days 01:12:38.773000,0 days 02:10:54.285000
2024-07-07 15:15:51.554,10604,227,6,100,False,0,car,0 days 01:12:39.013000,0 days 02:10:54.525000
2024-07-07 15:15:51.874,10874,235,6,100,False,0,car,0 days 01:12:39.333000,0 days 02:10:54.845000
2024-07-07 15:15:52.075,11052,239,6,100,False,0,car,0 days 01:12:39.534000,0 days 02:10:55.046000
2024-07-07 15:15:52.395,11247,245,6,100,False,0,car,0 days 01:12:39.854000,0 days 02:10:55.366000
2024-07-07 15:15:52.595,11380,246,6,100,False,0,car,0 days 01:12:40.054000,0 days 02:10:55.566000
2024-07-07 15:15:52.835,11634,251,6,100,False,0,car,0 days 01:12:40.294000,0 days 02:10:55.806000
2024-07-07 15:15:53.115,11718,255,6,100,False,0,car,0 days 01:12:40.574000,0 days 02:10:56.086000
2024-07-07 15:15:53.315,11018,259,6,100,False,0,car,0 days 01:12:40.774000,0 days 02:10:56.286000
2024-07-07 15:15:53.555,10633,263,7,100,False,0,car,0 days 01:12:41.014000,0 days 02:10:56.526000
2024-07-07 15:15:53.955,10784,267,7,100,False,0,car,0 days 01:12:41.414000,0 days 02:10:56.926000
2024-07-07 15:15:54.274,10926,273,7,100,False,0,car,0 days 01:12:41.733000,0 days 02:10:57.245000
2024-07-07 15:15:54.434,11032,273,7,100,False,0,car,0 days 01:12:41.893000,0 days 02:10:57.405000
2024-07-07 15:15:54.634,11089,277,7,100,False,0,car,0 days 01:12:42.093000,0 days 02:10:57.605000
2024-07-07 15:15:55.034,11285,281,7,100,False,0,car,0 days 01:12:42.493000,0 days 02:10:58.005000
2024-07-07 15:15:55.234,11313,282,7,100,False,0,car,0 days 01:12:42.693000,0 days 02:10:58.205000
2024-07-07 15:15:55.474,11413,285,7,100,False,0,car,0 days 01:12:42.933000,0 days 02:10:58.445000
2024-07-07 15:15:55.754,11478,287,7,100,False,0,car,0 days 01:12:43.213000,0 days 02:10:58.725000
2024-07-07 15:15:55.914,11524,287,7,100,False,0,car,0 days 01:12:43.373000,0 days 02:10:58.885000
2024-07-07 15:15:56.114,11602,290,7,100,False,0,car,0 days 01:12:43.573000,0 days 02:10:59.085000
2024-07-07 15:15:56.354,11674,291,7,100,False,0,car,0 days 01:12:43.813000,0 days 02:10:59.325000
2024-07-07 15:15:56.514,11686,292,7,100,False,0,car,0 days 01:12:43.973000,0 days 02:10:59.485000
2024-07-07 15:15:56.874,10685,293,8,100,False,0,car,0 days 01:12:44.333000,0 days 02:10:59.845000
2024-07-07 15:15:57.234,10540,296,8,94,False,0,car,0 days 01:12:44.693000,0 days 02:11:00.205000
2024-07-07 15:15:57.634,10561,297,8,87,False,0,car,0 days 01:12:45.093000,0 days 02:11:00.605000
2024-07-07 15:15:58.034,10450,294,8,82,False,0,car,0 days 01:12:45.493000,0 days 02:11:01.005000
2024-07-07 15:15:58.394,10346,290,8,83,False,0,car,0 days 01:12:45.853000,0 days 02:11:01.365000
2024-07-07 15:15:58.715,10324,289,8,100,False,0,car,0 days 01:12:46.174000,0 days 02:11:01.686000
2024-07-07 15:15:58.915,10311,287,8,100,False,0,car,0 days 01:12:46.374000,0 days 02:11:01.886000
2024-07-07 15:15:59.195,10271,287,8,100,False,0,car,0 days 01:12:46.654000,0 days 02:11:02.166000
2024-07-07 15:15:59.515,10293,288,8,100,False,0,car,0 days 01:12:46.974000,0 days 02:11:02.486000
2024-07-07 15:15:59.755,10342,289,8,100,False,0,car,0 days 01:12:47.214000,0 days 02:11:02.726000
2024-07-07 15:16:00.075,10410,291,8,100,False,0,car,0 days 01:12:47.534000,0 days 02:11:03.046000
2024-07-07 15:16:00.395,10439,293,8,100,False,0,car,0 days 01:12:47.854000,0 days 02:11:03.366000
2024-07-07 15:16:00.675,10424,292,8,100,False,0,car,0 days 01:12:48.134000,0 days 02:11:03.646000
2024-07-07 15:16:00.994,10407,291,8,100,False,0,car,0 days 01:12:48.453000,0 days 02:11:03.965000
2024-07-07 15:16:01.154,10333,292,8,100,False,0,car,0 days 01:12:48.613000,0 days 02:11:04.125000
2024-07-07 15:16:01.314,10344,290,8,100,False,0,car,0 days 01:12:48.773000,0 days 02:11:04.285000
2024-07-07 15:16:01.554,10223,289,8,100,False,0,car,0 days 01:12:49.013000,0 days 02:11:04.525000
2024-07-07 15:16:01.834,10154,287,8,100,False,0,car,0 days 01:12:49.293000,0 days 02:11:04.805000
2024-07-07 15:16:01.994,10135,285,8,100,False,0,car,0 days 01:12:49.453000,0 days 02:11:04.965000
2024-07-07 15:16:02.354,10017,283,8,100,False,0,car,0 days 01:12:49.813000,0 days 02:11:05.325000
2024-07-07 15:16:02.594,9976,282,8,100,False,0,car,0 days 01:12:50.053000,0 days 02:11:05.565000
2024-07-07 15:16:02.874,9709,276,8,0,True,0,car,0 days 01:12:50.333000,0 days 02:11:05.845000
2024-07-07 15:16:03.314,9132,227,8,0,True,0,car,0 days 01:12:50.773000,0 days 02:11:06.285000
2024-07-07 15:16:03.474,8636,203,8,0,True,0,car,0 days 01:12:50.933000,0 days 02:11:06.445000
2024-07-07 15:16:03.874,8383,163,6,0,True,0,car,0 days 01:12:51.333000,0 days 02:11:06.845000
2024-07-07 15:16:04.154,8860,151,5,0,True,0,car,0 days 01:12:51.613000,0 days 02:11:07.125000
2024-07-07 15:16:04.354,8382,141,4,0,True,0,car,0 days 01:12:51.813000,0 days 02:11:07.325000
2024-07-07 15:16:04.554,7969,134,4,0,True,0,car,0 days 01:12:52.013000,0 days 02:11:07.525000
2024-07-07 15:16:04.914,7509,123,4,0,True,0,car,0 days 01:12:52.373000,0 days 02:11:07.885000
2024-07-07 15:16:05.074,7289,119,4,0,False,0,car,0 days 01:12:52.533000,0 days 02:11:08.045000
2024-07-07 15:16:05.235,7149,116,4,0,False,0,car,0 days 01:12:52.694000,0 days 02:11:08.206000
2024-07-07 15:16:05.515,6962,112,4,0,False,0,car,0 days 01:12:52.974000,0 days 02:11:08.486000
2024-07-07 15:16:05.755,7054,110,4,16,False,0,car,0 days 01:12:53.214000,0 days 02:11:08.726000
2024-07-07 15:16:05.955,7033,109,4,32,False,0,car,0 days 01:12:53.414000,0 days 02:11:08.926000
2024-07-07 15:16:06.115,7033,111,4,32,False,0,car,0 days 01:12:53.574000,0 days 02:11:09.086000
2024-07-07 15:16:06.275,7255,111,4,39,False,0,car,0 days 01:12:53.734000,0 days 02:11:09.246000
2024-07-07 15:16:06.595,7401,115,4,45,False,0,car,0 days 01:12:54.054000,0 days 02:11:09.566000
2024-07-07 15:16:06.755,7784,117,4,50,False,0,car,0 days 01:12:54.214000,0 days 02:11:09.726000
2024-07-07 15:16:06.995,7988,122,4,56,False,0,car,0 days 01:12:54.454000,0 days 02:11:09.966000
2024-07-07 15:16:07.195,8293,127,4,64,False,0,car,0 days 01:12:54.654000,0 days 02:11:10.166000
2024-07-07 15:16:07.395,8716,134,4,70,False,0,car,0 days 01:12:54.854000,0 days 02:11:10.366000
2024-07-07 15:16:07.794,9264,145,4,78,True,0,car,0 days 01:12:55.253000,0 days 02:11:10.765000
2024-07-07 15:16:07.994,8165,133,4,0,True,0,car,0 days 01:12:55.453000,0 days 02:11:10.965000
2024-07-07 15:16:08.234,8611,125,4,0,True,0,car,0 days 01:12:55.693000,0 days 02:11:11.205000
2024-07-07 15:16:08.474,8008,116,3,0,True,0,car,0 days 01:12:55.933000,0 days 02:11:11.445000
2024-07-07 15:16:08.834,7368,101,3,0,True,0,car,0 days 01:12:56.293000,0 days 02:11:11.805000
2024-07-07 15:16:09.114,7170,96,3,0,False,0,car,0 days 01:12:56.573000,0 days 02:11:12.085000
2024-07-07 15:16:09.394,6899,93,3,0,False,0,car,0 days 01:12:56.853000,0 days 02:11:12.365000
2024-07-07 15:16:09.754,6578,89,3,0,False,0,car,0 days 01:12:57.213000,0 days 02:11:12.725000
2024-07-07 15:16:09.954,6430,87,3,0,False,0,car,0 days 01:12:57.413000,0 days 02:11:12.925000
2024-07-07 15:16:10.154,6278,85,3,4,False,0,car,0 days 01:12:57.613000,0 days 02:11:13.125000
2024-07-07 15:16:10.554,6729,85,3,35,False,0,car,0 days 01:12:58.013000,0 days 02:11:13.525000
2024-07-07 15:16:10.994,7449,94,3,46,False,0,car,0 days 01:12:58.453000,0 days 02:11:13.965000
2024-07-07 15:16:11.234,7960,99,3,56,False,0,car,0 days 01:12:58.693000,0 days 02:11:14.205000
2024-07-07 15:16:11.434,8347,105,3,61,False,0,car,0 days 01:12:58.893000,0 days 02:11:14.405000
2024-07-07 15:16:11.755,9262,114,3,72,False,0,car,0 days 01:12:59.214000,0 days 02:11:14.726000
2024-07-07 15:16:11.995,9895,127,3,79,False,0,car,0 days 01:12:59.454000,0 days 02:11:14.966000
2024-07-07 15:16:12.235,10305,135,3,81,False,0,car,0 days 01:12:59.694000,0 days 02:11:15.206000
2024-07-07 15:16:12.435,9801,144,3,100,False,0,car,0 days 01:12:59.894000,0 days 02:11:15.406000
2024-07-07 15:16:12.715,10335,158,4,100,False,0,car,0 days 01:13:00.174000,0 days 02:11:15.686000
2024-07-07 15:16:13.075,11360,177,4,100,False,0,car,0 days 01:13:00.534000,0 days 02:11:16.046000
2024-07-07 15:16:13.355,11524,185,4,100,False,0,car,0 days 01:13:00.814000,0 days 02:11:16.326000
2024-07-07 15:16:13.595,10472,195,5,100,False,0,car,0 days 01:13:01.054000,0 days 02:11:16.566000
2024-07-07 15:16:13.795,10771,202,5,100,False,0,car,0 days 01:13:01.254000,0 days 02:11:16.766000
2024-07-07 15:16:13.995,11233,208,5,100,False,0,car,0 days 01:13:01.454000,0 days 02:11:16.966000
2024-07-07 15:16:14.195,11441,213,5,100,False,0,car,0 days 01:13:01.654000,0 days 02:11:17.166000
2024-07-07 15:16:14.554,11533,221,5,100,False,0,car,0 days 01:13:02.013000,0 days 02:11:17.525000
2024-07-07 15:16:14.874,10697,229,6,100,False,0,car,0 days 01:13:02.333000,0 days 02:11:17.845000
2024-07-07 15:16:15.154,10879,234,6,100,False,0,car,0 days 01:13:02.613000,0 days 02:11:18.125000
2024-07-07 15:16:15.434,11013,239,6,100,False,0,car,0 days 01:13:02.893000,0 days 02:11:18.405000
2024-07-07 15:16:15.674,11141,244,6,100,False,0,car,0 days 01:13:03.133000,0 days 02:11:18.645000
2024-07-07 15:16:15.994,11400,248,6,100,False,0,car,0 days 01:13:03.453000,0 days 02:11:18.965000
2024-07-07 15:16:16.154,11498,250,6,100,False,0,car,0 days 01:13:03.613000,0 days 02:11:19.125000
2024-07-07 15:16:16.314,11587,253,6,100,False,0,car,0 days 01:13:03.773000,0 days 02:11:19.285000
2024-07-07 15:16:16.594,11278,257,6,100,False,0,car,0 days 01:13:04.053000,0 days 02:11:19.565000
2024-07-07 15:16:16.794,10771,259,7,100,False,0,car,0 days 01:13:04.253000,0 days 02:11:19.765000
2024-07-07 15:16:17.154,10648,264,7,100,False,0,car,0 days 01:13:04.613000,0 days 02:11:20.125000
2024-07-07 15:16:17.314,10675,266,7,100,False,0,car,0 days 01:13:04.773000,0 days 02:11:20.285000
2024-07-07 15:16:17.634,10817,268,7,100,False,0,car,0 days 01:13:05.093000,0 days 02:11:20.605000
2024-07-07 15:16:17.834,10876,272,7,100,False,0,car,0 days 01:13:05.293000,0 days 02:11:20.805000
2024-07-07 15:16:18.074,11016,273,7,100,False,0,car,0 days 01:13:05.533000,0 days 02:11:21.045000
2024-07-07 15:16:18.355,11130,277,7,100,False,0,car,0 days 01:13:05.814000,0 days 02:11:21.326000
2024-07-07 15:16:18.515,11174,279,7,100,False,0,car,0 days 01:13:05.974000,0 days 02:11:21.486000
2024-07-07 15:16:18.715,11217,280,7,100,False,0,car,0 days 01:13:06.174000,0 days 02:11:21.686000
2024-07-07 15:16:18.995,11322,282,7,100,False,0,car,0 days 01:13:06.454000,0 days 02:11:21.966000
2024-07-07 15:16:19.235,11363,284,7,100,False,0,car,0 days 01:13:06.694000,0 days 02:11:22.206000
2024-07-07 15:16:19.475,11435,286,7,100,False,0,car,0 days 01:13:06.934000,0 days 02:11:22.446000
2024-07-07 15:16:19.795,11488,288,7,100,False,0,car,0 days 01:13:07.254000,0 days 02:11:22.766000
2024-07-07 15:16:20.115,11586,289,7,100,False,0,car,0 days 01:13:07.574000,0 days 02:11:23.086000
2024-07-07 15:16:20.355,11645,290,7,100,False,0,car,0 days 01:13:07.814000,0 days 02:11:23.326000
2024-07-07 15:16:20.635,11635,291,7,100,False,0,car,0 days 01:13:08.094000,0 days 02:11:23.606000
2024-07-07 15:16:20.795,11631,291,7,100,False,0,car,0 days 01:13:08.254000,0 days 02:11:23.766000
2024-07-07 15:16:21.154,11645,291,7,100,False,0,car,0 days 01:13:08.613000,0 days 02:11:24.125000
2024-07-07 15:16:21.514,11583,290,7,100,False,0,car,0 days 01:13:08.973000,0 days 02:11:24.485000
2024-07-07 15:16:21.714,11545,288,7,100,False,0,car,0 days 01:13:09.173000,0 days 02:11:24.685000
2024-07-07 15:16:21.874,11465,288,7,100,False,0,car,0 days 01:13:09.333000,0 days 02:11:24.845000
2024-07-07 15:16:22.114,11462,286,7,100,False,0,car,0 days 01:13:09.573000,0 days 02:11:25.085000
2024-07-07 15:16:22.354,11355,285,7,100,False,0,car,0 days 01:13:09.813000,0 days 02:11:25.325000
2024-07-07 15:16:22.554,11288,284,7,100,False,0,car,0 days 01:13:10.013000,0 days 02:11:25.525000
2024-07-07 15:16:22.714,11314,284,7,100,False,0,car,0 days 01:13:10.173000,0 days 02:11:25.685000
2024-07-07 15:16:22.914,10659,278,7,0,True,0,car,0 days 01:13:10.373000,0 days 02:11:25.885000
2024-07-07 15:16:23.234,9660,248,7,0,True,0,car,0 days 01:13:10.693000,0 days 02:11:26.205000
2024-07-07 15:16:23.394,9760,230,7,0,True,0,car,0 days 01:13:10.853000,0 days 02:11:26.365000
2024-07-07 15:16:23.674,9314,207,6,0,True,0,car,0 days 01:13:11.133000,0 days 02:11:26.645000
2024-07-07 15:16:24.074,9703,188,5,0,True,0,car,0 days 01:13:11.533000,0 days 02:11:27.045000
2024-07-07 15:16:24.274,9327,180,5,0,True,0,car,0 days 01:13:11.733000,0 days 02:11:27.245000
2024-07-07 15:16:24.554,9047,178,5,0,True,0,car,0 days 01:13:12.013000,0 days 02:11:27.525000
2024-07-07 15:16:24.794,8689,164,5,0,False,0,car,0 days 01:13:12.253000,0 days 02:11:27.765000
2024-07-07 15:16:24.995,8442,162,5,3,False,0,car,0 days 01:13:12.454000,0 days 02:11:27.966000
2024-07-07 15:16:25.875,8421,155,5,57,False,0,car,0 days 01:13:13.334000,0 days 02:11:28.846000
2024-07-07 15:16:26.155,8663,158,5,79,False,0,car,0 days 01:13:13.614000,0 days 02:11:29.126000
2024-07-07 15:16:26.435,9162,165,5,81,False,0,car,0 days 01:13:13.894000,0 days 02:11:29.406000
2024-07-07 15:16:26.595,9301,168,5,84,False,0,car,0 days 01:13:14.054000,0 days 02:11:29.566000
2024-07-07 15:16:26.835,9571,175,5,100,False,0,car,0 days 01:13:14.294000,0 days 02:11:29.806000
2024-07-07 15:16:26.995,9837,182,5,100,False,0,car,0 days 01:13:14.454000,0 days 02:11:29.966000
2024-07-07 15:16:27.155,9796,184,5,0,True,0,car,0 days 01:13:14.614000,0 days 02:11:30.126000
2024-07-07 15:16:27.395,8889,170,5,0,True,0,car,0 days 01:13:14.854000,0 days 02:11:30.366000
2024-07-07 15:16:27.675,9266,153,5,0,True,0,car,0 days 01:13:15.134000,0 days 02:11:30.646000
2024-07-07 15:16:27.994,8542,140,4,0,True,0,car,0 days 01:13:15.453000,0 days 02:11:30.965000
2024-07-07 15:16:28.314,8181,131,4,0,True,0,car,0 days 01:13:15.773000,0 days 02:11:31.285000
2024-07-07 15:16:28.634,7812,125,4,0,False,0,car,0 days 01:13:16.093000,0 days 02:11:31.605000
2024-07-07 15:16:28.794,7546,121,4,0,False,0,car,0 days 01:13:16.253000,0 days 02:11:31.765000
2024-07-07 15:16:29.034,7477,119,4,0,False,0,car,0 days 01:13:16.493000,0 days 02:11:32.005000
2024-07-07 15:16:29.274,7259,115,4,0,False,0,car,0 days 01:13:16.733000,0 days 02:11:32.245000
2024-07-07 15:16:29.754,7103,111,4,26,False,0,car,0 days 01:13:17.213000,0 days 02:11:32.725000
2024-07-07 15:16:30.034,7297,111,4,42,False,0,car,0 days 01:13:17.493000,0 days 02:11:33.005000
2024-07-07 15:16:30.234,7371,113,4,48,False,0,car,0 days 01:13:17.693000,0 days 02:11:33.205000
2024-07-07 15:16:30.434,7599,116,4,51,False,0,car,0 days 01:13:17.893000,0 days 02:11:33.405000
2024-07-07 15:16:30.794,8063,123,4,60,False,0,car,0 days 01:13:18.253000,0 days 02:11:33.765000
2024-07-07 15:16:30.954,8465,125,4,68,False,0,car,0 days 01:13:18.413000,0 days 02:11:33.925000
2024-07-07 15:16:31.194,8944,133,4,79,False,0,car,0 days 01:13:18.653000,0 days 02:11:34.165000
2024-07-07 15:16:31.475,9495,145,4,83,False,0,car,0 days 01:13:18.934000,0 days 02:11:34.446000
2024-07-07 15:16:31.795,10116,154,4,84,False,0,car,0 days 01:13:19.254000,0 days 02:11:34.766000
2024-07-07 15:16:31.955,10415,157,4,89,False,0,car,0 days 01:13:19.414000,0 days 02:11:34.926000
2024-07-07 15:16:32.315,11276,174,4,100,False,0,car,0 days 01:13:19.774000,0 days 02:11:35.286000
2024-07-07 15:16:32.515,11811,183,4,100,False,0,car,0 days 01:13:19.974000,0 days 02:11:35.486000
2024-07-07 15:16:32.755,10551,189,4,100,False,0,car,0 days 01:13:20.214000,0 days 02:11:35.726000
2024-07-07 15:16:32.915,10661,195,5,100,False,0,car,0 days 01:13:20.374000,0 days 02:11:35.886000
2024-07-07 15:16:33.075,10963,204,5,100,False,0,car,0 days 01:13:20.534000,0 days 02:11:36.046000
2024-07-07 15:16:33.315,11435,210,5,100,False,0,car,0 days 01:13:20.774000,0 days 02:11:36.286000
2024-07-07 15:16:33.555,11666,215,5,100,False,0,car,0 days 01:13:21.014000,0 days 02:11:36.526000
2024-07-07 15:16:33.755,11613,221,5,100,False,0,car,0 days 01:13:21.214000,0 days 02:11:36.726000
2024-07-07 15:16:33.915,10687,224,5,100,False,0,car,0 days 01:13:21.374000,0 days 02:11:36.886000
2024-07-07 15:16:34.275,10789,235,6,100,False,0,car,0 days 01:13:21.734000,0 days 02:11:37.246000
2024-07-07 15:16:34.594,11090,242,6,100,False,0,car,0 days 01:13:22.053000,0 days 02:11:37.565000
2024-07-07 15:16:35.074,11494,250,6,100,False,0,car,0 days 01:13:22.533000,0 days 02:11:38.045000
2024-07-07 15:16:35.234,11570,250,6,100,False,0,car,0 days 01:13:22.693000,0 days 02:11:38.205000
2024-07-07 15:16:35.554,10862,256,6,100,False,0,car,0 days 01:13:23.013000,0 days 02:11:38.525000
2024-07-07 15:16:35.914,10532,263,7,100,False,0,car,0 days 01:13:23.373000,0 days 02:11:38.885000
2024-07-07 15:16:36.354,10808,266,7,100,False,0,car,0 days 01:13:23.813000,0 days 02:11:39.325000
2024-07-07 15:16:36.554,10912,269,7,100,False,0,car,0 days 01:13:24.013000,0 days 02:11:39.525000
2024-07-07 15:16:36.714,10953,272,7,100,False,0,car,0 days 01:13:24.173000,0 days 02:11:39.685000
2024-07-07 15:16:37.114,11114,276,7,100,False,0,car,0 days 01:13:24.573000,0 days 02:11:40.085000
2024-07-07 15:16:37.354,11210,279,7,100,False,0,car,0 days 01:13:24.813000,0 days 02:11:40.325000
2024-07-07 15:16:37.714,11330,281,7,100,False,0,car,0 days 01:13:25.173000,0 days 02:11:40.685000
2024-07-07 15:16:37.914,11378,284,7,100,False,0,car,0 days 01:13:25.373000,0 days 02:11:40.885000
2024-07-07 15:16:38.235,11460,286,7,100,False,0,car,0 days 01:13:25.694000,0 days 02:11:41.206000
2024-07-07 15:16:38.475,11581,288,7,100,False,0,car,0 days 01:13:25.934000,0 days 02:11:41.446000
2024-07-07 15:16:38.795,11639,290,7,100,False,0,car,0 days 01:13:26.254000,0 days 02:11:41.766000
2024-07-07 15:16:39.035,11541,291,7,100,False,0,car,0 days 01:13:26.494000,0 days 02:11:42.006000
2024-07-07 15:16:39.475,10425,294,8,100,False,0,car,0 days 01:13:26.934000,0 days 02:11:42.446000
2024-07-07 15:16:39.635,10453,294,8,100,False,0,car,0 days 01:13:27.094000,0 days 02:11:42.606000
2024-07-07 15:16:39.955,10478,296,8,100,False,0,car,0 days 01:13:27.414000,0 days 02:11:42.926000
2024-07-07 15:16:40.275,10505,296,8,100,False,0,car,0 days 01:13:27.734000,0 days 02:11:43.246000
2024-07-07 15:16:40.635,10499,296,8,100,False,0,car,0 days 01:13:28.094000,0 days 02:11:43.606000
2024-07-07 15:16:40.875,10444,293,8,100,False,0,car,0 days 01:13:28.334000,0 days 02:11:43.846000
2024-07-07 15:16:41.035,10408,293,8,100,False,0,car,0 days 01:13:28.494000,0 days 02:11:44.006000
2024-07-07 15:16:41.194,10361,293,8,100,False,0,car,0 days 01:13:28.653000,0 days 02:11:44.165000
2024-07-07 15:16:41.474,10347,292,8,97,False,0,car,0 days 01:13:28.933000,0 days 02:11:44.445000
2024-07-07 15:16:41.714,10286,290,8,96,False,0,car,0 days 01:13:29.173000,0 days 02:11:44.685000
2024-07-07 15:16:41.994,10200,287,8,44,False,0,car,0 days 01:13:29.453000,0 days 02:11:44.965000
2024-07-07 15:16:42.314,9991,282,8,37,False,0,car,0 days 01:13:29.773000,0 days 02:11:45.285000
2024-07-07 15:16:42.754,10808,272,7,47,False,0,car,0 days 01:13:30.213000,0 days 02:11:45.725000
2024-07-07 15:16:43.354,10636,264,7,87,False,0,car,0 days 01:13:30.813000,0 days 02:11:46.325000
2024-07-07 15:16:43.674,10802,266,7,100,False,0,car,0 days 01:13:31.133000,0 days 02:11:46.645000
2024-07-07 15:16:44.034,10807,268,7,100,False,0,car,0 days 01:13:31.493000,0 days 02:11:47.005000
2024-07-07 15:16:44.194,10881,270,7,100,False,0,car,0 days 01:13:31.653000,0 days 02:11:47.165000
2024-07-07 15:16:44.474,10952,272,7,100,False,0,car,0 days 01:13:31.933000,0 days 02:11:47.445000
2024-07-07 15:16:44.635,11005,273,7,100,False,0,car,0 days 01:13:32.094000,0 days 02:11:47.606000
2024-07-07 15:16:44.955,11136,276,7,100,False,0,car,0 days 01:13:32.414000,0 days 02:11:47.926000
2024-07-07 15:16:45.155,11157,277,7,100,False,0,car,0 days 01:13:32.614000,0 days 02:11:48.126000
2024-07-07 15:16:45.555,11299,280,7,100,False,0,car,0 days 01:13:33.014000,0 days 02:11:48.526000
2024-07-07 15:16:45.755,11360,282,7,100,False,0,car,0 days 01:13:33.214000,0 days 02:11:48.726000
2024-07-07 15:16:45.955,11404,284,7,100,False,0,car,0 days 01:13:33.414000,0 days 02:11:48.926000
2024-07-07 15:16:46.315,11451,286,7,100,False,0,car,0 days 01:13:33.774000,0 days 02:11:49.286000
2024-07-07 15:16:46.595,11537,288,7,100,False,0,car,0 days 01:13:34.054000,0 days 02:11:49.566000
2024-07-07 15:16:46.755,11575,288,7,100,False,0,car,0 days 01:13:34.214000,0 days 02:11:49.726000
2024-07-07 15:16:46.995,11622,290,7,100,False,0,car,0 days 01:13:34.454000,0 days 02:11:49.966000
2024-07-07 15:16:47.315,11668,290,7,100,False,0,car,0 days 01:13:34.774000,0 days 02:11:50.286000
2024-07-07 15:16:47.555,11727,292,7,100,False,0,car,0 days 01:13:35.014000,0 days 02:11:50.526000
2024-07-07 15:16:47.755,11749,293,7,100,False,0,car,0 days 01:13:35.214000,0 days 02:11:50.726000
2024-07-07 15:16:48.114,11831,294,7,100,False,0,car,0 days 01:13:35.573000,0 days 02:11:51.085000
2024-07-07 15:16:48.434,11845,296,7,100,False,0,car,0 days 01:13:35.893000,0 days 02:11:51.405000
2024-07-07 15:16:48.714,11905,297,7,100,False,0,car,0 days 01:13:36.173000,0 days 02:11:51.685000
2024-07-07 15:16:48.994,11942,297,7,100,False,0,car,0 days 01:13:36.453000,0 days 02:11:51.965000
2024-07-07 15:16:49.354,11925,297,7,100,False,0,car,0 days 01:13:36.813000,0 days 02:11:52.325000
2024-07-07 15:16:49.514,11943,298,7,100,False,0,car,0 days 01:13:36.973000,0 days 02:11:52.485000
2024-07-07 15:16:49.794,11923,297,7,100,False,0,car,0 days 01:13:37.253000,0 days 02:11:52.765000
2024-07-07 15:16:50.034,11888,298,7,95,False,0,car,0 days 01:13:37.493000,0 days 02:11:53.005000
2024-07-07 15:16:50.234,11876,297,7,67,False,0,car,0 days 01:13:37.693000,0 days 02:11:53.205000
2024-07-07 15:16:50.594,11692,291,7,74,False,0,car,0 days 01:13:38.053000,0 days 02:11:53.565000
2024-07-07 15:16:50.794,11486,288,7,67,False,0,car,0 days 01:13:38.253000,0 days 02:11:53.765000
2024-07-07 15:16:50.994,11505,285,7,75,False,0,car,0 days 01:13:38.453000,0 days 02:11:53.965000
2024-07-07 15:16:51.315,11299,281,7,81,False,0,car,0 days 01:13:38.774000,0 days 02:11:54.286000
2024-07-07 15:16:51.515,11378,280,7,100,False,0,car,0 days 01:13:38.974000,0 days 02:11:54.486000
2024-07-07 15:16:51.755,11172,278,7,100,False,0,car,0 days 01:13:39.214000,0 days 02:11:54.726000
2024-07-07 15:16:51.915,11154,278,7,100,False,0,car,0 days 01:13:39.374000,0 days 02:11:54.886000
2024-07-07 15:16:52.155,11154,278,7,100,False,0,car,0 days 01:13:39.614000,0 days 02:11:55.126000
2024-07-07 15:16:52.355,11294,279,7,0,True,0,car,0 days 01:13:39.814000,0 days 02:11:55.326000
2024-07-07 15:16:52.595,10502,264,7,0,True,0,car,0 days 01:13:40.054000,0 days 02:11:55.566000
2024-07-07 15:16:52.795,10230,257,7,1,False,0,car,0 days 01:13:40.254000,0 days 02:11:55.766000
2024-07-07 15:16:53.155,9816,251,7,45,False,0,car,0 days 01:13:40.614000,0 days 02:11:56.126000
2024-07-07 15:16:53.315,9793,245,7,49,False,0,car,0 days 01:13:40.774000,0 days 02:11:56.286000
2024-07-07 15:16:53.755,9614,241,7,60,False,0,car,0 days 01:13:41.214000,0 days 02:11:56.726000
2024-07-07 15:16:54.035,9159,239,7,0,True,0,car,0 days 01:13:41.494000,0 days 02:11:57.006000
2024-07-07 15:16:54.235,9792,229,7,0,True,0,car,0 days 01:13:41.694000,0 days 02:11:57.206000
2024-07-07 15:16:54.515,9714,215,6,0,True,0,car,0 days 01:13:41.974000,0 days 02:11:57.486000
2024-07-07 15:16:54.674,9743,209,6,39,False,0,car,0 days 01:13:42.133000,0 days 02:11:57.645000
2024-07-07 15:16:54.874,9546,207,6,48,False,0,car,0 days 01:13:42.333000,0 days 02:11:57.845000
2024-07-07 15:16:55.194,9362,203,6,56,False,0,car,0 days 01:13:42.653000,0 days 02:11:58.165000
2024-07-07 15:16:55.434,9438,204,6,67,False,0,car,0 days 01:13:42.893000,0 days 02:11:58.405000
2024-07-07 15:16:55.674,9546,206,6,72,False,0,car,0 days 01:13:43.133000,0 days 02:11:58.645000
2024-07-07 15:16:55.914,9628,208,6,81,False,0,car,0 days 01:13:43.373000,0 days 02:11:58.885000
2024-07-07 15:16:56.994,10522,229,6,100,False,0,car,0 days 01:13:44.453000,0 days 02:11:59.965000
2024-07-07 15:16:57.154,10729,231,6,100,False,0,car,0 days 01:13:44.613000,0 days 02:12:00.125000
2024-07-07 15:16:57.554,11102,241,6,100,False,0,car,0 days 01:13:45.013000,0 days 02:12:00.525000
2024-07-07 15:16:57.754,11286,243,6,100,False,0,car,0 days 01:13:45.213000,0 days 02:12:00.725000
2024-07-07 15:16:57.995,11386,248,6,100,False,0,car,0 days 01:13:45.454000,0 days 02:12:00.966000
2024-07-07 15:16:58.195,11556,252,6,100,False,0,car,0 days 01:13:45.654000,0 days 02:12:01.166000
2024-07-07 15:16:58.395,11630,254,6,100,False,0,car,0 days 01:13:45.854000,0 days 02:12:01.366000
2024-07-07 15:16:58.635,11758,257,6,100,False,0,car,0 days 01:13:46.094000,0 days 02:12:01.606000
2024-07-07 15:16:58.875,10756,260,6,100,False,0,car,0 days 01:13:46.334000,0 days 02:12:01.846000
2024-07-07 15:16:59.075,10681,262,7,100,False,0,car,0 days 01:13:46.534000,0 days 02:12:02.046000
2024-07-07 15:16:59.275,10668,266,7,100,False,0,car,0 days 01:13:46.734000,0 days 02:12:02.246000
2024-07-07 15:16:59.555,10792,267,7,100,False,0,car,0 days 01:13:47.014000,0 days 02:12:02.526000
2024-07-07 15:16:59.915,10888,272,7,100,False,0,car,0 days 01:13:47.374000,0 days 02:12:02.886000
2024-07-07 15:17:00.155,11023,274,7,100,False,0,car,0 days 01:13:47.614000,0 days 02:12:03.126000
2024-07-07 15:17:00.355,11107,276,7,100,False,0,car,0 days 01:13:47.814000,0 days 02:12:03.326000
2024-07-07 15:17:00.635,11163,280,7,100,False,0,car,0 days 01:13:48.094000,0 days 02:12:03.606000
2024-07-07 15:17:00.835,11207,281,7,100,False,0,car,0 days 01:13:48.294000,0 days 02:12:03.806000
2024-07-07 15:17:01.035,11311,282,7,100,False,0,car,0 days 01:13:48.494000,0 days 02:12:04.006000
2024-07-07 15:17:01.314,11396,284,7,100,False,0,car,0 days 01:13:48.773000,0 days 02:12:04.285000
2024-07-07 15:17:01.594,11429,286,7,100,False,0,car,0 days 01:13:49.053000,0 days 02:12:04.565000
2024-07-07 15:17:01.794,11515,288,7,100,False,0,car,0 days 01:13:49.253000,0 days 02:12:04.765000
2024-07-07 15:17:02.154,11596,289,7,100,False,0,car,0 days 01:13:49.613000,0 days 02:12:05.125000
2024-07-07 15:17:02.354,11623,290,7,100,False,0,car,0 days 01:13:49.813000,0 days 02:12:05.325000
2024-07-07 15:17:02.594,11666,291,7,100,False,0,car,0 days 01:13:50.053000,0 days 02:12:05.565000
2024-07-07 15:17:02.834,11709,292,7,100,False,0,car,0 days 01:13:50.293000,0 days 02:12:05.805000
2024-07-07 15:17:03.074,10745,294,7,100,False,0,car,0 days 01:13:50.533000,0 days 02:12:06.045000
2024-07-07 15:17:03.354,10553,294,8,100,False,0,car,0 days 01:13:50.813000,0 days 02:12:06.325000
2024-07-07 15:17:03.634,10508,296,8,100,False,0,car,0 days 01:13:51.093000,0 days 02:12:06.605000
2024-07-07 15:17:03.794,10527,296,8,100,False,0,car,0 days 01:13:51.253000,0 days 02:12:06.765000
2024-07-07 15:17:03.954,10565,297,8,100,False,0,car,0 days 01:13:51.413000,0 days 02:12:06.925000
2024-07-07 15:17:04.435,10596,298,8,100,False,0,car,0 days 01:13:51.894000,0 days 02:12:07.406000
2024-07-07 15:17:04.675,10617,299,8,100,False,0,car,0 days 01:13:52.134000,0 days 02:12:07.646000
2024-07-07 15:17:04.995,10561,298,8,100,False,0,car,0 days 01:13:52.454000,0 days 02:12:07.966000
2024-07-07 15:17:05.195,10543,298,8,100,False,0,car,0 days 01:13:52.654000,0 days 02:12:08.166000
2024-07-07 15:17:05.355,10517,298,8,100,False,0,car,0 days 01:13:52.814000,0 days 02:12:08.326000
2024-07-07 15:17:05.835,10452,295,8,100,False,0,car,0 days 01:13:53.294000,0 days 02:12:08.806000
2024-07-07 15:17:06.115,10433,294,8,100,False,0,car,0 days 01:13:53.574000,0 days 02:12:09.086000
2024-07-07 15:17:06.435,10274,291,8,100,False,0,car,0 days 01:13:53.894000,0 days 02:12:09.406000
2024-07-07 15:17:06.595,10226,290,8,100,False,0,car,0 days 01:13:54.054000,0 days 02:12:09.566000
2024-07-07 15:17:06.755,10207,288,8,100,False,0,car,0 days 01:13:54.214000,0 days 02:12:09.726000
2024-07-07 15:17:06.955,10153,287,8,100,False,0,car,0 days 01:13:54.414000,0 days 02:12:09.926000
2024-07-07 15:17:07.235,10049,285,8,100,False,0,car,0 days 01:13:54.694000,0 days 02:12:10.206000
2024-07-07 15:17:07.435,10208,282,8,0,True,0,car,0 days 01:13:54.894000,0 days 02:12:10.406000
2024-07-07 15:17:07.595,9346,264,8,0,True,0,car,0 days 01:13:55.054000,0 days 02:12:10.566000
2024-07-07 15:17:07.915,9926,242,8,0,True,0,car,0 days 01:13:55.374000,0 days 02:12:10.886000
2024-07-07 15:17:08.074,9542,233,8,0,True,0,car,0 days 01:13:55.533000,0 days 02:12:11.045000
2024-07-07 15:17:08.234,10113,228,7,0,True,0,car,0 days 01:13:55.693000,0 days 02:12:11.205000
2024-07-07 15:17:08.474,10145,219,6,36,False,0,car,0 days 01:13:55.933000,0 days 02:12:11.445000
2024-07-07 15:17:08.634,9765,214,6,50,False,0,car,0 days 01:13:56.093000,0 days 02:12:11.605000
2024-07-07 15:17:08.874,9879,214,6,71,False,0,car,0 days 01:13:56.333000,0 days 02:12:11.845000
2024-07-07 15:17:09.114,9894,215,6,74,False,0,car,0 days 01:13:56.573000,0 days 02:12:12.085000
2024-07-07 15:17:09.274,10104,217,6,74,False,0,car,0 days 01:13:56.733000,0 days 02:12:12.245000
2024-07-07 15:17:09.514,10181,219,6,94,False,0,car,0 days 01:13:56.973000,0 days 02:12:12.485000
2024-07-07 15:17:09.754,10342,220,6,100,False,0,car,0 days 01:13:57.213000,0 days 02:12:12.725000
2024-07-07 15:17:10.114,10628,228,6,100,False,0,car,0 days 01:13:57.573000,0 days 02:12:13.085000
2024-07-07 15:17:10.314,10737,231,6,100,False,0,car,0 days 01:13:57.773000,0 days 02:12:13.285000
2024-07-07 15:17:10.514,10885,233,6,100,False,0,car,0 days 01:13:57.973000,0 days 02:12:13.485000
2024-07-07 15:17:10.754,11026,238,6,100,False,0,car,0 days 01:13:58.213000,0 days 02:12:13.725000
2024-07-07 15:17:11.155,11311,243,6,100,False,0,car,0 days 01:13:58.614000,0 days 02:12:14.126000
2024-07-07 15:17:11.435,11431,249,6,100,False,0,car,0 days 01:13:58.894000,0 days 02:12:14.406000
2024-07-07 15:17:11.755,11657,253,6,100,False,0,car,0 days 01:13:59.214000,0 days 02:12:14.726000
2024-07-07 15:17:12.035,10957,258,6,100,False,0,car,0 days 01:13:59.494000,0 days 02:12:15.006000
2024-07-07 15:17:12.315,10682,261,7,100,False,0,car,0 days 01:13:59.774000,0 days 02:12:15.286000
2024-07-07 15:17:12.555,10633,264,7,100,False,0,car,0 days 01:14:00.014000,0 days 02:12:15.526000
2024-07-07 15:17:13.035,10751,268,7,100,False,0,car,0 days 01:14:00.494000,0 days 02:12:16.006000
2024-07-07 15:17:13.195,10735,269,7,100,False,0,car,0 days 01:14:00.654000,0 days 02:12:16.166000
2024-07-07 15:17:13.435,10736,269,7,100,False,0,car,0 days 01:14:00.894000,0 days 02:12:16.406000
2024-07-07 15:17:13.835,10692,268,7,100,False,0,car,0 days 01:14:01.294000,0 days 02:12:16.806000
2024-07-07 15:17:14.275,10385,267,7,34,False,0,car,0 days 01:14:01.734000,0 days 02:12:17.246000
2024-07-07 15:17:14.435,9984,260,7,0,True,0,car,0 days 01:14:01.894000,0 days 02:12:17.406000
2024-07-07 15:17:14.595,9333,235,7,0,True,0,car,0 days 01:14:02.054000,0 days 02:12:17.566000
2024-07-07 15:17:14.914,8920,199,7,0,True,0,car,0 days 01:14:02.373000,0 days 02:12:17.885000
2024-07-07 15:17:15.154,9114,189,6,0,True,0,car,0 days 01:14:02.613000,0 days 02:12:18.125000
2024-07-07 15:17:15.514,8674,144,5,0,True,0,car,0 days 01:14:02.973000,0 days 02:12:18.485000
2024-07-07 15:17:15.754,9060,131,4,0,True,0,car,0 days 01:14:03.213000,0 days 02:12:18.725000
2024-07-07 15:17:15.914,8913,122,3,0,True,0,car,0 days 01:14:03.373000,0 days 02:12:18.885000
2024-07-07 15:17:16.074,8913,116,3,0,True,0,car,0 days 01:14:03.533000,0 days 02:12:19.045000
2024-07-07 15:17:16.234,8213,113,3,0,True,0,car,0 days 01:14:03.693000,0 days 02:12:19.205000
2024-07-07 15:17:16.394,7835,108,3,0,True,0,car,0 days 01:14:03.853000,0 days 02:12:19.365000
2024-07-07 15:17:16.714,7540,103,3,0,False,0,car,0 days 01:14:04.173000,0 days 02:12:19.685000
2024-07-07 15:17:17.034,7500,99,3,15,False,0,car,0 days 01:14:04.493000,0 days 02:12:20.005000
2024-07-07 15:17:17.274,7773,100,3,34,False,0,car,0 days 01:14:04.733000,0 days 02:12:20.245000
2024-07-07 15:17:17.595,7754,102,3,48,False,0,car,0 days 01:14:05.054000,0 days 02:12:20.566000
2024-07-07 15:17:17.995,8396,111,3,50,False,0,car,0 days 01:14:05.454000,0 days 02:12:20.966000
2024-07-07 15:17:18.155,8297,113,3,37,False,0,car,0 days 01:14:05.614000,0 days 02:12:21.126000
2024-07-07 15:17:18.315,7520,116,3,29,False,0,car,0 days 01:14:05.774000,0 days 02:12:21.286000
2024-07-07 15:17:18.635,7401,116,4,27,False,0,car,0 days 01:14:06.094000,0 days 02:12:21.606000
2024-07-07 15:17:18.795,7513,116,4,27,False,0,car,0 days 01:14:06.254000,0 days 02:12:21.766000
2024-07-07 15:17:19.035,7479,117,4,29,False,0,car,0 days 01:14:06.494000,0 days 02:12:22.006000
2024-07-07 15:17:19.235,7766,117,4,40,False,0,car,0 days 01:14:06.694000,0 days 02:12:22.206000
2024-07-07 15:17:19.595,8091,123,4,64,False,0,car,0 days 01:14:07.054000,0 days 02:12:22.566000
2024-07-07 15:17:19.755,8231,123,4,64,False,0,car,0 days 01:14:07.214000,0 days 02:12:22.726000
2024-07-07 15:17:19.955,8727,131,4,71,False,0,car,0 days 01:14:07.414000,0 days 02:12:22.926000
2024-07-07 15:17:20.155,9186,137,4,82,False,0,car,0 days 01:14:07.614000,0 days 02:12:23.126000
2024-07-07 15:17:20.515,9919,152,4,87,False,0,car,0 days 01:14:07.974000,0 days 02:12:23.486000
2024-07-07 15:17:20.715,10404,161,4,100,False,0,car,0 days 01:14:08.174000,0 days 02:12:23.686000
2024-07-07 15:17:20.995,11278,174,4,100,False,0,car,0 days 01:14:08.454000,0 days 02:12:23.966000
2024-07-07 15:17:21.235,11688,182,4,100,False,0,car,0 days 01:14:08.694000,0 days 02:12:24.206000
2024-07-07 15:17:21.435,10401,186,5,100,False,0,car,0 days 01:14:08.894000,0 days 02:12:24.406000
2024-07-07 15:17:21.674,10773,195,5,100,False,0,car,0 days 01:14:09.133000,0 days 02:12:24.645000
2024-07-07 15:17:21.914,10916,205,5,100,False,0,car,0 days 01:14:09.373000,0 days 02:12:24.885000
2024-07-07 15:17:22.234,11491,214,5,100,False,0,car,0 days 01:14:09.693000,0 days 02:12:25.205000
2024-07-07 15:17:22.474,11305,221,5,100,False,0,car,0 days 01:14:09.933000,0 days 02:12:25.445000
2024-07-07 15:17:22.954,10647,227,6,100,False,0,car,0 days 01:14:10.413000,0 days 02:12:25.925000
2024-07-07 15:17:23.114,10647,234,6,100,False,0,car,0 days 01:14:10.573000,0 days 02:12:26.085000
2024-07-07 15:17:23.354,10994,237,6,100,False,0,car,0 days 01:14:10.813000,0 days 02:12:26.325000
2024-07-07 15:17:23.754,11284,244,6,100,False,0,car,0 days 01:14:11.213000,0 days 02:12:26.725000
2024-07-07 15:17:23.994,11458,249,6,100,False,0,car,0 days 01:14:11.453000,0 days 02:12:26.965000
2024-07-07 15:17:24.155,11517,252,6,100,False,0,car,0 days 01:14:11.614000,0 days 02:12:27.126000
2024-07-07 15:17:24.635,10287,260,6,100,False,0,car,0 days 01:14:12.094000,0 days 02:12:27.606000
2024-07-07 15:17:24.835,10287,262,7,100,False,0,car,0 days 01:14:12.294000,0 days 02:12:27.806000
2024-07-07 15:17:24.995,10663,266,7,100,False,0,car,0 days 01:14:12.454000,0 days 02:12:27.966000
2024-07-07 15:17:25.195,10766,268,7,100,False,0,car,0 days 01:14:12.654000,0 days 02:12:28.166000
2024-07-07 15:17:25.355,10854,269,7,100,False,0,car,0 days 01:14:12.814000,0 days 02:12:28.326000
2024-07-07 15:17:25.675,11032,274,7,100,False,0,car,0 days 01:14:13.134000,0 days 02:12:28.646000
2024-07-07 15:17:25.875,11101,277,7,100,False,0,car,0 days 01:14:13.334000,0 days 02:12:28.846000
2024-07-07 15:17:26.075,11101,278,7,100,False,0,car,0 days 01:14:13.534000,0 days 02:12:29.046000
2024-07-07 15:17:26.235,11219,278,7,100,False,0,car,0 days 01:14:13.694000,0 days 02:12:29.206000
2024-07-07 15:17:26.435,11219,280,7,100,False,0,car,0 days 01:14:13.894000,0 days 02:12:29.406000
2024-07-07 15:17:26.715,11421,284,7,100,False,0,car,0 days 01:14:14.174000,0 days 02:12:29.686000
2024-07-07 15:17:26.915,11472,287,7,100,False,0,car,0 days 01:14:14.374000,0 days 02:12:29.886000
2024-07-07 15:17:27.115,11540,287,7,100,False,0,car,0 days 01:14:14.574000,0 days 02:12:30.086000
2024-07-07 15:17:27.355,11644,290,7,100,False,0,car,0 days 01:14:14.814000,0 days 02:12:30.326000
2024-07-07 15:17:27.595,11674,290,7,100,False,0,car,0 days 01:14:15.054000,0 days 02:12:30.566000
2024-07-07 15:17:27.795,11268,293,7,100,False,0,car,0 days 01:14:15.254000,0 days 02:12:30.766000
2024-07-07 15:17:28.035,10589,294,8,100,False,0,car,0 days 01:14:15.494000,0 days 02:12:31.006000
2024-07-07 15:17:28.314,10556,296,8,100,False,0,car,0 days 01:14:15.773000,0 days 02:12:31.285000
2024-07-07 15:17:28.714,10625,297,8,99,False,0,car,0 days 01:14:16.173000,0 days 02:12:31.685000
2024-07-07 15:17:28.914,10610,300,8,90,False,0,car,0 days 01:14:16.373000,0 days 02:12:31.885000
2024-07-07 15:17:29.394,10493,295,8,80,False,0,car,0 days 01:14:16.853000,0 days 02:12:32.365000
2024-07-07 15:17:29.554,10437,295,8,96,False,0,car,0 days 01:14:17.013000,0 days 02:12:32.525000
2024-07-07 15:17:29.754,10386,290,8,100,False,0,car,0 days 01:14:17.213000,0 days 02:12:32.725000
2024-07-07 15:17:30.034,10395,290,8,100,False,0,car,0 days 01:14:17.493000,0 days 02:12:33.005000
2024-07-07 15:17:30.434,10369,290,8,100,False,0,car,0 days 01:14:17.893000,0 days 02:12:33.405000
2024-07-07 15:17:30.594,10404,290,8,100,False,0,car,0 days 01:14:18.053000,0 days 02:12:33.565000
2024-07-07 15:17:31.075,10398,291,8,100,False,0,car,0 days 01:14:18.534000,0 days 02:12:34.046000
2024-07-07 15:17:31.435,10471,294,8,100,False,0,car,0 days 01:14:18.894000,0 days 02:12:34.406000
2024-07-07 15:17:31.675,10502,293,8,100,False,0,car,0 days 01:14:19.134000,0 days 02:12:34.646000
2024-07-07 15:17:32.035,10457,293,8,100,False,0,car,0 days 01:14:19.494000,0 days 02:12:35.006000
2024-07-07 15:17:32.235,10469,292,8,100,False,0,car,0 days 01:14:19.694000,0 days 02:12:35.206000
2024-07-07 15:17:32.515,10346,290,8,100,False,0,car,0 days 01:14:19.974000,0 days 02:12:35.486000
2024-07-07 15:17:32.715,10314,289,8,100,False,0,car,0 days 01:14:20.174000,0 days 02:12:35.686000
2024-07-07 15:17:32.875,10282,288,8,100,False,0,car,0 days 01:14:20.334000,0 days 02:12:35.846000
2024-07-07 15:17:33.355,10135,286,8,100,False,0,car,0 days 01:14:20.814000,0 days 02:12:36.326000
2024-07-07 15:17:33.515,10116,284,8,100,False,0,car,0 days 01:14:20.974000,0 days 02:12:36.486000
2024-07-07 15:17:33.755,10046,283,8,100,False,0,car,0 days 01:14:21.214000,0 days 02:12:36.726000
2024-07-07 15:17:34.115,9977,281,8,100,False,0,car,0 days 01:14:21.574000,0 days 02:12:37.086000
2024-07-07 15:17:34.355,9533,277,8,0,True,0,car,0 days 01:14:21.814000,0 days 02:12:37.326000
2024-07-07 15:17:34.595,9220,230,8,0,True,0,car,0 days 01:14:22.054000,0 days 02:12:37.566000
2024-07-07 15:17:34.835,9067,207,7,0,True,0,car,0 days 01:14:22.294000,0 days 02:12:37.806000
2024-07-07 15:17:35.074,9004,176,6,0,True,0,car,0 days 01:14:22.533000,0 days 02:12:38.045000
2024-07-07 15:17:35.394,9177,154,5,0,True,0,car,0 days 01:14:22.853000,0 days 02:12:38.365000
2024-07-07 15:17:35.674,8468,139,4,0,True,0,car,0 days 01:14:23.133000,0 days 02:12:38.645000
2024-07-07 15:17:35.914,8084,133,4,0,True,0,car,0 days 01:14:23.373000,0 days 02:12:38.885000
2024-07-07 15:17:36.234,7643,123,4,0,True,0,car,0 days 01:14:23.693000,0 days 02:12:39.205000
2024-07-07 15:17:36.434,7407,121,4,0,False,0,car,0 days 01:14:23.893000,0 days 02:12:39.405000
2024-07-07 15:17:36.594,7155,116,4,0,False,0,car,0 days 01:14:24.053000,0 days 02:12:39.565000
2024-07-07 15:17:36.834,7089,114,4,0,False,0,car,0 days 01:14:24.293000,0 days 02:12:39.805000
2024-07-07 15:17:37.034,7021,111,4,7,False,0,car,0 days 01:14:24.493000,0 days 02:12:40.005000
2024-07-07 15:17:37.194,7092,110,4,21,False,0,car,0 days 01:14:24.653000,0 days 02:12:40.165000
2024-07-07 15:17:37.435,7117,111,4,30,False,0,car,0 days 01:14:24.894000,0 days 02:12:40.406000
2024-07-07 15:17:37.675,7242,112,4,38,False,0,car,0 days 01:14:25.134000,0 days 02:12:40.646000
2024-07-07 15:17:37.835,7498,114,4,46,False,0,car,0 days 01:14:25.294000,0 days 02:12:40.806000
2024-07-07 15:17:38.075,7696,118,4,49,False,0,car,0 days 01:14:25.534000,0 days 02:12:41.046000
2024-07-07 15:17:38.275,7951,122,4,51,False,0,car,0 days 01:14:25.734000,0 days 02:12:41.246000
2024-07-07 15:17:38.595,8446,129,4,64,False,0,car,0 days 01:14:26.054000,0 days 02:12:41.566000
2024-07-07 15:17:38.875,8957,138,4,69,False,0,car,0 days 01:14:26.334000,0 days 02:12:41.846000
2024-07-07 15:17:39.075,8864,145,4,74,False,0,car,0 days 01:14:26.534000,0 days 02:12:42.046000
2024-07-07 15:17:39.315,8146,136,4,0,True,0,car,0 days 01:14:26.774000,0 days 02:12:42.286000
2024-07-07 15:17:39.675,8235,116,3,0,True,0,car,0 days 01:14:27.134000,0 days 02:12:42.646000
2024-07-07 15:17:39.955,7695,108,3,0,True,0,car,0 days 01:14:27.414000,0 days 02:12:42.926000
2024-07-07 15:17:40.155,7434,103,3,0,True,0,car,0 days 01:14:27.614000,0 days 02:12:43.126000
2024-07-07 15:17:40.355,7193,98,3,0,True,0,car,0 days 01:14:27.814000,0 days 02:12:43.326000
2024-07-07 15:17:40.555,6986,95,3,0,False,0,car,0 days 01:14:28.014000,0 days 02:12:43.526000
2024-07-07 15:17:40.715,6986,92,3,0,True,0,car,0 days 01:14:28.174000,0 days 02:12:43.686000
2024-07-07 15:17:40.875,6520,89,3,0,True,0,car,0 days 01:14:28.334000,0 days 02:12:43.846000
2024-07-07 15:17:41.115,6417,86,3,0,True,0,car,0 days 01:14:28.574000,0 days 02:12:44.086000
2024-07-07 15:17:41.395,6282,84,3,0,False,0,car,0 days 01:14:28.854000,0 days 02:12:44.366000
2024-07-07 15:17:41.634,6393,83,3,16,False,0,car,0 days 01:14:29.093000,0 days 02:12:44.605000
2024-07-07 15:17:41.914,6680,84,3,24,False,0,car,0 days 01:14:29.373000,0 days 02:12:44.885000
2024-07-07 15:17:42.074,6733,87,3,32,False,0,car,0 days 01:14:29.533000,0 days 02:12:45.045000
2024-07-07 15:17:42.474,7372,92,3,45,False,0,car,0 days 01:14:29.933000,0 days 02:12:45.445000
2024-07-07 15:17:42.714,7746,99,3,49,False,0,car,0 days 01:14:30.173000,0 days 02:12:45.685000
2024-07-07 15:17:43.034,8489,108,3,60,False,0,car,0 days 01:14:30.493000,0 days 02:12:46.005000
2024-07-07 15:17:43.234,8951,115,3,64,False,0,car,0 days 01:14:30.693000,0 days 02:12:46.205000
2024-07-07 15:17:43.474,9231,122,3,64,False,0,car,0 days 01:14:30.933000,0 days 02:12:46.445000
2024-07-07 15:17:43.915,10380,144,3,100,False,0,car,0 days 01:14:31.374000,0 days 02:12:46.886000
2024-07-07 15:17:44.315,10611,164,4,100,False,0,car,0 days 01:14:31.774000,0 days 02:12:47.286000
2024-07-07 15:17:44.715,11612,181,4,100,False,0,car,0 days 01:14:32.174000,0 days 02:12:47.686000
2024-07-07 15:17:44.995,10221,192,4,100,False,0,car,0 days 01:14:32.454000,0 days 02:12:47.966000
2024-07-07 15:17:45.235,10721,199,5,100,False,0,car,0 days 01:14:32.694000,0 days 02:12:48.206000
2024-07-07 15:17:45.515,11184,208,5,100,False,0,car,0 days 01:14:32.974000,0 days 02:12:48.486000
2024-07-07 15:17:45.795,11632,216,5,100,False,0,car,0 days 01:14:33.254000,0 days 02:12:48.766000
2024-07-07 15:17:46.075,10765,224,5,100,False,0,car,0 days 01:14:33.534000,0 days 02:12:49.046000
2024-07-07 15:17:46.395,10589,229,6,100,False,0,car,0 days 01:14:33.854000,0 days 02:12:49.366000
2024-07-07 15:17:46.755,10891,235,6,100,False,0,car,0 days 01:14:34.214000,0 days 02:12:49.726000
2024-07-07 15:17:46.915,11041,239,6,100,False,0,car,0 days 01:14:34.374000,0 days 02:12:49.886000
2024-07-07 15:17:47.155,11235,242,6,100,False,0,car,0 days 01:14:34.614000,0 days 02:12:50.126000
2024-07-07 15:17:47.395,11375,247,6,100,False,0,car,0 days 01:14:34.854000,0 days 02:12:50.366000
2024-07-07 15:17:47.755,11559,250,6,100,False,0,car,0 days 01:14:35.214000,0 days 02:12:50.726000
2024-07-07 15:17:48.235,11883,258,6,100,False,0,car,0 days 01:14:35.694000,0 days 02:12:51.206000
2024-07-07 15:17:48.474,10920,262,6,100,False,0,car,0 days 01:14:35.933000,0 days 02:12:51.445000
2024-07-07 15:17:48.754,10762,264,7,100,False,0,car,0 days 01:14:36.213000,0 days 02:12:51.725000
2024-07-07 15:17:48.914,10813,267,7,100,False,0,car,0 days 01:14:36.373000,0 days 02:12:51.885000
2024-07-07 15:17:49.274,10897,271,7,100,False,0,car,0 days 01:14:36.733000,0 days 02:12:52.245000
2024-07-07 15:17:49.714,10992,275,7,100,False,0,car,0 days 01:14:37.173000,0 days 02:12:52.685000
2024-07-07 15:17:50.034,11132,278,7,100,False,0,car,0 days 01:14:37.493000,0 days 02:12:53.005000
2024-07-07 15:17:50.274,11236,280,7,100,False,0,car,0 days 01:14:37.733000,0 days 02:12:53.245000
2024-07-07 15:17:50.555,11343,282,7,100,False,0,car,0 days 01:14:38.014000,0 days 02:12:53.526000
2024-07-07 15:17:50.915,11427,285,7,100,False,0,car,0 days 01:14:38.374000,0 days 02:12:53.886000
2024-07-07 15:17:51.115,11490,286,7,100,False,0,car,0 days 01:14:38.574000,0 days 02:12:54.086000
2024-07-07 15:17:51.515,11545,289,7,100,False,0,car,0 days 01:14:38.974000,0 days 02:12:54.486000
2024-07-07 15:17:51.915,11606,289,7,100,False,0,car,0 days 01:14:39.374000,0 days 02:12:54.886000
2024-07-07 15:17:52.115,11576,290,7,100,False,0,car,0 days 01:14:39.574000,0 days 02:12:55.086000
2024-07-07 15:17:52.275,11551,289,7,100,False,0,car,0 days 01:14:39.734000,0 days 02:12:55.246000
2024-07-07 15:17:52.475,11624,290,7,100,False,0,car,0 days 01:14:39.934000,0 days 02:12:55.446000
2024-07-07 15:17:52.755,11588,291,7,100,False,0,car,0 days 01:14:40.214000,0 days 02:12:55.726000
2024-07-07 15:17:52.915,11588,289,7,100,False,0,car,0 days 01:14:40.374000,0 days 02:12:55.886000
2024-07-07 15:17:53.075,11501,289,7,100,False,0,car,0 days 01:14:40.534000,0 days 02:12:56.046000
2024-07-07 15:17:53.315,11529,288,7,100,False,0,car,0 days 01:14:40.774000,0 days 02:12:56.286000
2024-07-07 15:17:53.715,11354,285,7,100,False,0,car,0 days 01:14:41.174000,0 days 02:12:56.686000
2024-07-07 15:17:53.995,11310,283,7,100,False,0,car,0 days 01:14:41.454000,0 days 02:12:56.966000
2024-07-07 15:17:54.275,11324,280,7,100,False,0,car,0 days 01:14:41.734000,0 days 02:12:57.246000
2024-07-07 15:17:54.555,10624,262,7,0,True,0,car,0 days 01:14:42.014000,0 days 02:12:57.526000
2024-07-07 15:17:54.755,9590,243,7,0,True,0,car,0 days 01:14:42.214000,0 days 02:12:57.726000
2024-07-07 15:17:54.995,9752,226,7,0,True,0,car,0 days 01:14:42.454000,0 days 02:12:57.966000
2024-07-07 15:17:55.154,9385,211,6,0,True,0,car,0 days 01:14:42.613000,0 days 02:12:58.125000
2024-07-07 15:17:55.314,10380,200,6,0,True,0,car,0 days 01:14:42.773000,0 days 02:12:58.285000
2024-07-07 15:17:55.514,9943,193,5,0,True,0,car,0 days 01:14:42.973000,0 days 02:12:58.485000
2024-07-07 15:17:55.874,9274,178,5,0,True,0,car,0 days 01:14:43.333000,0 days 02:12:58.845000
2024-07-07 15:17:56.034,9274,176,5,0,True,0,car,0 days 01:14:43.493000,0 days 02:12:59.005000
2024-07-07 15:17:56.394,8670,166,5,0,False,0,car,0 days 01:14:43.853000,0 days 02:12:59.365000
2024-07-07 15:17:56.634,8482,163,5,2,False,0,car,0 days 01:14:44.093000,0 days 02:12:59.605000
2024-07-07 15:17:56.914,8536,158,5,17,False,0,car,0 days 01:14:44.373000,0 days 02:12:59.885000
2024-07-07 15:17:57.275,8369,156,5,39,False,0,car,0 days 01:14:44.734000,0 days 02:13:00.246000
2024-07-07 15:17:57.595,8369,156,5,48,False,0,car,0 days 01:14:45.054000,0 days 02:13:00.566000
2024-07-07 15:17:57.955,8653,159,5,57,False,0,car,0 days 01:14:45.414000,0 days 02:13:00.926000
2024-07-07 15:17:58.195,8845,164,5,57,False,0,car,0 days 01:14:45.654000,0 days 02:13:01.166000
2024-07-07 15:17:58.475,9064,169,5,67,False,0,car,0 days 01:14:45.934000,0 days 02:13:01.446000
2024-07-07 15:17:58.755,8940,171,5,0,True,0,car,0 days 01:14:46.214000,0 days 02:13:01.726000
2024-07-07 15:17:58.995,9476,158,5,0,True,0,car,0 days 01:14:46.454000,0 days 02:13:01.966000
2024-07-07 15:17:59.235,9232,152,4,0,True,0,car,0 days 01:14:46.694000,0 days 02:13:02.206000
2024-07-07 15:17:59.435,8825,145,4,0,True,0,car,0 days 01:14:46.894000,0 days 02:13:02.406000
2024-07-07 15:17:59.715,8664,136,4,0,True,0,car,0 days 01:14:47.174000,0 days 02:13:02.686000
2024-07-07 15:18:00.115,7924,127,4,0,True,0,car,0 days 01:14:47.574000,0 days 02:13:03.086000
2024-07-07 15:18:00.275,7771,124,4,0,False,0,car,0 days 01:14:47.734000,0 days 02:13:03.246000
2024-07-07 15:18:00.595,7467,121,4,0,False,0,car,0 days 01:14:48.054000,0 days 02:13:03.566000
2024-07-07 15:18:00.835,7626,117,4,12,False,0,car,0 days 01:14:48.294000,0 days 02:13:03.806000
2024-07-07 15:18:01.035,7297,116,4,21,False,0,car,0 days 01:14:48.494000,0 days 02:13:04.006000
2024-07-07 15:18:01.195,7433,116,4,28,False,0,car,0 days 01:14:48.654000,0 days 02:13:04.166000
2024-07-07 15:18:01.355,7468,116,4,31,False,0,car,0 days 01:14:48.814000,0 days 02:13:04.326000
2024-07-07 15:18:01.595,7581,117,4,35,False,0,car,0 days 01:14:49.054000,0 days 02:13:04.566000
2024-07-07 15:18:01.954,7796,119,4,43,False,0,car,0 days 01:14:49.413000,0 days 02:13:04.925000
2024-07-07 15:18:02.154,7953,121,4,47,False,0,car,0 days 01:14:49.613000,0 days 02:13:05.125000
2024-07-07 15:18:02.394,8150,126,4,53,False,0,car,0 days 01:14:49.853000,0 days 02:13:05.365000
2024-07-07 15:18:02.554,8403,128,4,57,False,0,car,0 days 01:14:50.013000,0 days 02:13:05.525000
2024-07-07 15:18:02.754,8747,131,4,61,False,0,car,0 days 01:14:50.213000,0 days 02:13:05.725000
2024-07-07 15:18:03.034,9208,139,4,71,False,0,car,0 days 01:14:50.493000,0 days 02:13:06.005000
2024-07-07 15:18:03.194,9565,145,4,70,False,0,car,0 days 01:14:50.653000,0 days 02:13:06.165000
2024-07-07 15:18:03.354,9844,149,4,80,False,0,car,0 days 01:14:50.813000,0 days 02:13:06.325000
2024-07-07 15:18:03.715,10350,163,4,85,False,0,car,0 days 01:14:51.174000,0 days 02:13:06.686000
2024-07-07 15:18:04.035,11356,174,4,94,False,0,car,0 days 01:14:51.494000,0 days 02:13:07.006000
2024-07-07 15:18:04.315,11985,186,4,100,False,0,car,0 days 01:14:51.774000,0 days 02:13:07.286000
2024-07-07 15:18:04.515,10725,190,4,100,False,0,car,0 days 01:14:51.974000,0 days 02:13:07.486000
2024-07-07 15:18:04.715,10804,200,5,100,False,0,car,0 days 01:14:52.174000,0 days 02:13:07.686000
2024-07-07 15:18:05.155,11487,213,5,100,False,0,car,0 days 01:14:52.614000,0 days 02:13:08.126000
2024-07-07 15:18:05.315,11580,219,5,100,False,0,car,0 days 01:14:52.774000,0 days 02:13:08.286000
2024-07-07 15:18:05.515,11983,223,5,100,False,0,car,0 days 01:14:52.974000,0 days 02:13:08.486000
2024-07-07 15:18:05.755,12010,228,5,100,False,0,car,0 days 01:14:53.214000,0 days 02:13:08.726000
2024-07-07 15:18:06.075,10852,237,6,100,False,0,car,0 days 01:14:53.534000,0 days 02:13:09.046000
2024-07-07 15:18:06.355,11185,242,6,100,False,0,car,0 days 01:14:53.814000,0 days 02:13:09.326000
2024-07-07 15:18:06.635,11358,246,6,100,False,0,car,0 days 01:14:54.094000,0 days 02:13:09.606000
2024-07-07 15:18:06.875,11570,252,6,100,False,0,car,0 days 01:14:54.334000,0 days 02:13:09.846000
2024-07-07 15:18:07.035,11641,254,6,100,False,0,car,0 days 01:14:54.494000,0 days 02:13:10.006000
2024-07-07 15:18:07.315,11223,258,6,100,False,0,car,0 days 01:14:54.774000,0 days 02:13:10.286000
2024-07-07 15:18:07.635,10375,262,7,100,False,0,car,0 days 01:14:55.094000,0 days 02:13:10.606000
2024-07-07 15:18:07.955,10710,265,7,100,False,0,car,0 days 01:14:55.414000,0 days 02:13:10.926000
2024-07-07 15:18:08.115,10794,268,7,100,False,0,car,0 days 01:14:55.574000,0 days 02:13:11.086000
2024-07-07 15:18:08.435,10901,272,7,100,False,0,car,0 days 01:14:55.894000,0 days 02:13:11.406000
2024-07-07 15:18:08.834,11026,276,7,100,False,0,car,0 days 01:14:56.293000,0 days 02:13:11.805000
2024-07-07 15:18:09.154,11253,278,7,100,False,0,car,0 days 01:14:56.613000,0 days 02:13:12.125000
2024-07-07 15:18:09.394,11300,281,7,100,False,0,car,0 days 01:14:56.853000,0 days 02:13:12.365000
2024-07-07 15:18:09.594,11373,283,7,100,False,0,car,0 days 01:14:57.053000,0 days 02:13:12.565000
2024-07-07 15:18:10.074,11476,286,7,100,False,0,car,0 days 01:14:57.533000,0 days 02:13:13.045000
2024-07-07 15:18:10.315,11566,289,7,100,False,0,car,0 days 01:14:57.774000,0 days 02:13:13.286000
2024-07-07 15:18:10.635,11629,291,7,100,False,0,car,0 days 01:14:58.094000,0 days 02:13:13.606000
2024-07-07 15:18:10.915,11663,291,7,100,False,0,car,0 days 01:14:58.374000,0 days 02:13:13.886000
2024-07-07 15:18:11.115,11716,293,7,100,False,0,car,0 days 01:14:58.574000,0 days 02:13:14.086000
2024-07-07 15:18:11.515,11707,293,7,100,False,0,car,0 days 01:14:58.974000,0 days 02:13:14.486000
2024-07-07 15:18:11.915,11745,294,7,100,False,0,car,0 days 01:14:59.374000,0 days 02:13:14.886000
2024-07-07 15:18:12.155,11715,293,7,100,False,0,car,0 days 01:14:59.614000,0 days 02:13:15.126000
2024-07-07 15:18:12.395,11646,292,7,100,False,0,car,0 days 01:14:59.854000,0 days 02:13:15.366000
2024-07-07 15:18:12.715,11630,291,7,100,False,0,car,0 days 01:15:00.174000,0 days 02:13:15.686000
2024-07-07 15:18:12.915,11570,289,7,100,False,0,car,0 days 01:15:00.374000,0 days 02:13:15.886000
2024-07-07 15:18:13.155,11556,289,7,100,False,0,car,0 days 01:15:00.614000,0 days 02:13:16.126000
2024-07-07 15:18:13.555,11527,287,7,78,False,0,car,0 days 01:15:01.014000,0 days 02:13:16.526000
2024-07-07 15:18:13.755,11340,286,7,50,False,0,car,0 days 01:15:01.214000,0 days 02:13:16.726000
2024-07-07 15:18:13.995,10817,280,7,55,False,0,car,0 days 01:15:01.454000,0 days 02:13:16.966000
2024-07-07 15:18:14.355,11356,279,7,74,False,0,car,0 days 01:15:01.814000,0 days 02:13:17.326000
2024-07-07 15:18:14.715,11046,274,7,78,False,0,car,0 days 01:15:02.174000,0 days 02:13:17.686000
2024-07-07 15:18:14.915,11057,274,7,87,False,0,car,0 days 01:15:02.374000,0 days 02:13:17.886000
2024-07-07 15:18:15.075,11064,274,7,100,False,0,car,0 days 01:15:02.534000,0 days 02:13:18.046000
2024-07-07 15:18:15.434,11116,275,7,100,False,0,car,0 days 01:15:02.893000,0 days 02:13:18.405000
2024-07-07 15:18:15.754,11196,276,7,100,False,0,car,0 days 01:15:03.213000,0 days 02:13:18.725000
2024-07-07 15:18:16.034,11144,278,7,100,False,0,car,0 days 01:15:03.493000,0 days 02:13:19.005000
2024-07-07 15:18:16.474,11262,281,7,100,False,0,car,0 days 01:15:03.933000,0 days 02:13:19.445000
2024-07-07 15:18:16.835,11322,282,7,100,False,0,car,0 days 01:15:04.294000,0 days 02:13:19.806000
2024-07-07 15:18:16.995,11373,284,7,100,False,0,car,0 days 01:15:04.454000,0 days 02:13:19.966000
2024-07-07 15:18:17.195,11461,285,7,100,False,0,car,0 days 01:15:04.654000,0 days 02:13:20.166000
2024-07-07 15:18:17.355,11459,286,7,100,False,0,car,0 days 01:15:04.814000,0 days 02:13:20.326000
2024-07-07 15:18:17.715,11545,287,7,100,False,0,car,0 days 01:15:05.174000,0 days 02:13:20.686000
2024-07-07 15:18:18.035,11575,288,7,100,False,0,car,0 days 01:15:05.494000,0 days 02:13:21.006000
2024-07-07 15:18:18.275,11659,291,7,100,False,0,car,0 days 01:15:05.734000,0 days 02:13:21.246000
2024-07-07 15:18:18.555,11710,291,7,100,False,0,car,0 days 01:15:06.014000,0 days 02:13:21.526000
2024-07-07 15:18:18.715,11743,293,7,100,False,0,car,0 days 01:15:06.174000,0 days 02:13:21.686000
2024-07-07 15:18:19.155,11819,295,7,100,False,0,car,0 days 01:15:06.614000,0 days 02:13:22.126000
2024-07-07 15:18:19.315,11812,295,7,100,False,0,car,0 days 01:15:06.774000,0 days 02:13:22.286000
2024-07-07 15:18:19.475,11879,296,7,100,False,0,car,0 days 01:15:06.934000,0 days 02:13:22.446000
2024-07-07 15:18:19.715,11877,296,7,100,False,0,car,0 days 01:15:07.174000,0 days 02:13:22.686000
2024-07-07 15:18:19.875,11895,296,7,100,False,0,car,0 days 01:15:07.334000,0 days 02:13:22.846000
2024-07-07 15:18:20.195,11899,298,7,100,False,0,car,0 days 01:15:07.654000,0 days 02:13:23.166000
2024-07-07 15:18:20.395,11906,297,7,100,False,0,car,0 days 01:15:07.854000,0 days 02:13:23.366000
2024-07-07 15:18:20.555,11956,298,7,100,False,0,car,0 days 01:15:08.014000,0 days 02:13:23.526000
2024-07-07 15:18:20.915,11990,298,7,100,False,0,car,0 days 01:15:08.374000,0 days 02:13:23.886000
2024-07-07 15:18:21.235,11989,299,7,100,False,0,car,0 days 01:15:08.694000,0 days 02:13:24.206000
2024-07-07 15:18:21.675,11913,297,7,100,False,0,car,0 days 01:15:09.134000,0 days 02:13:24.646000
2024-07-07 15:18:22.074,11790,295,7,74,False,0,car,0 days 01:15:09.533000,0 days 02:13:25.045000
2024-07-07 15:18:22.274,11646,291,7,65,False,0,car,0 days 01:15:09.733000,0 days 02:13:25.245000
2024-07-07 15:18:22.554,11489,287,7,59,False,0,car,0 days 01:15:10.013000,0 days 02:13:25.525000
2024-07-07 15:18:22.794,11489,284,7,70,False,0,car,0 days 01:15:10.253000,0 days 02:13:25.765000
2024-07-07 15:18:23.034,11419,282,7,83,False,0,car,0 days 01:15:10.493000,0 days 02:13:26.005000
2024-07-07 15:18:23.315,11261,281,7,100,False,0,car,0 days 01:15:10.774000,0 days 02:13:26.286000
2024-07-07 15:18:23.675,11227,281,7,100,False,0,car,0 days 01:15:11.134000,0 days 02:13:26.646000
2024-07-07 15:18:24.075,10720,276,7,0,True,0,car,0 days 01:15:11.534000,0 days 02:13:27.046000
2024-07-07 15:18:24.275,10652,268,7,0,True,0,car,0 days 01:15:11.734000,0 days 02:13:27.246000
2024-07-07 15:18:24.515,10434,261,7,0,False,0,car,0 days 01:15:11.974000,0 days 02:13:27.486000
2024-07-07 15:18:24.835,10016,252,7,41,False,0,car,0 days 01:15:12.294000,0 days 02:13:27.806000
2024-07-07 15:18:25.035,9954,248,7,48,False,0,car,0 days 01:15:12.494000,0 days 02:13:28.006000
2024-07-07 15:18:25.235,9778,245,7,53,False,0,car,0 days 01:15:12.694000,0 days 02:13:28.206000
2024-07-07 15:18:25.515,9377,241,7,53,False,0,car,0 days 01:15:12.974000,0 days 02:13:28.486000
2024-07-07 15:18:25.675,9068,232,7,0,True,0,car,0 days 01:15:13.134000,0 days 02:13:28.646000
2024-07-07 15:18:25.955,9889,220,6,0,True,0,car,0 days 01:15:13.414000,0 days 02:13:28.926000
2024-07-07 15:18:26.195,9603,210,6,0,False,0,car,0 days 01:15:13.654000,0 days 02:13:29.166000
2024-07-07 15:18:26.355,9622,210,6,40,False,0,car,0 days 01:15:13.814000,0 days 02:13:29.326000
2024-07-07 15:18:26.555,9496,207,6,52,False,0,car,0 days 01:15:14.014000,0 days 02:13:29.526000
2024-07-07 15:18:26.755,9514,205,6,61,False,0,car,0 days 01:15:14.214000,0 days 02:13:29.726000
2024-07-07 15:18:27.475,9867,213,6,100,False,0,car,0 days 01:15:14.934000,0 days 02:13:30.446000
2024-07-07 15:18:27.715,10102,216,6,100,False,0,car,0 days 01:15:15.174000,0 days 02:13:30.686000
2024-07-07 15:18:27.955,10129,220,6,100,False,0,car,0 days 01:15:15.414000,0 days 02:13:30.926000
2024-07-07 15:18:28.235,10525,227,6,100,False,0,car,0 days 01:15:15.694000,0 days 02:13:31.206000
2024-07-07 15:18:28.395,10634,229,6,100,False,0,car,0 days 01:15:15.854000,0 days 02:13:31.366000
2024-07-07 15:18:28.674,10917,236,6,100,False,0,car,0 days 01:15:16.133000,0 days 02:13:31.645000
2024-07-07 15:18:28.954,11079,241,6,100,False,0,car,0 days 01:15:16.413000,0 days 02:13:31.925000
2024-07-07 15:18:29.114,11255,244,6,100,False,0,car,0 days 01:15:16.573000,0 days 02:13:32.085000
2024-07-07 15:18:29.274,11397,249,6,100,False,0,car,0 days 01:15:16.733000,0 days 02:13:32.245000
2024-07-07 15:18:29.514,11484,250,6,100,False,0,car,0 days 01:15:16.973000,0 days 02:13:32.485000
2024-07-07 15:18:29.995,11783,256,6,100,False,0,car,0 days 01:15:17.454000,0 days 02:13:32.966000
2024-07-07 15:18:30.395,10297,262,7,100,False,0,car,0 days 01:15:17.854000,0 days 02:13:33.366000
2024-07-07 15:18:30.555,10297,263,7,100,False,0,car,0 days 01:15:18.014000,0 days 02:13:33.526000
2024-07-07 15:18:30.955,10712,267,7,100,False,0,car,0 days 01:15:18.414000,0 days 02:13:33.926000
2024-07-07 15:18:31.155,10804,269,7,100,False,0,car,0 days 01:15:18.614000,0 days 02:13:34.126000
2024-07-07 15:18:31.395,10917,272,7,100,False,0,car,0 days 01:15:18.854000,0 days 02:13:34.366000
2024-07-07 15:18:31.555,11009,274,7,100,False,0,car,0 days 01:15:19.014000,0 days 02:13:34.526000
2024-07-07 15:18:31.795,11073,277,7,100,False,0,car,0 days 01:15:19.254000,0 days 02:13:34.766000
2024-07-07 15:18:31.995,11141,278,7,100,False,0,car,0 days 01:15:19.454000,0 days 02:13:34.966000
2024-07-07 15:18:32.275,11247,281,7,100,False,0,car,0 days 01:15:19.734000,0 days 02:13:35.246000
2024-07-07 15:18:32.635,11340,282,7,100,False,0,car,0 days 01:15:20.094000,0 days 02:13:35.606000
2024-07-07 15:18:32.875,11444,286,7,100,False,0,car,0 days 01:15:20.334000,0 days 02:13:35.846000
2024-07-07 15:18:33.035,11444,286,7,100,False,0,car,0 days 01:15:20.494000,0 days 02:13:36.006000
2024-07-07 15:18:33.235,11522,287,7,100,False,0,car,0 days 01:15:20.694000,0 days 02:13:36.206000
2024-07-07 15:18:33.595,11590,290,7,100,False,0,car,0 days 01:15:21.054000,0 days 02:13:36.566000
2024-07-07 15:18:33.875,11660,291,7,100,False,0,car,0 days 01:15:21.334000,0 days 02:13:36.846000
2024-07-07 15:18:34.115,11695,292,7,100,False,0,car,0 days 01:15:21.574000,0 days 02:13:37.086000
2024-07-07 15:18:34.395,11747,293,7,100,False,0,car,0 days 01:15:21.854000,0 days 02:13:37.366000
2024-07-07 15:18:34.675,11771,294,7,100,False,0,car,0 days 01:15:22.134000,0 days 02:13:37.646000
2024-07-07 15:18:34.995,11788,295,7,100,False,0,car,0 days 01:15:22.454000,0 days 02:13:37.966000
2024-07-07 15:18:35.275,11804,294,7,100,False,0,car,0 days 01:15:22.734000,0 days 02:13:38.246000
2024-07-07 15:18:35.434,11805,296,7,100,False,0,car,0 days 01:15:22.893000,0 days 02:13:38.405000
2024-07-07 15:18:35.754,11820,296,7,100,False,0,car,0 days 01:15:23.213000,0 days 02:13:38.725000
2024-07-07 15:18:35.914,10921,297,7,100,False,0,car,0 days 01:15:23.373000,0 days 02:13:38.885000
2024-07-07 15:18:36.074,10529,296,8,100,False,0,car,0 days 01:15:23.533000,0 days 02:13:39.045000
2024-07-07 15:18:36.475,10441,295,8,100,False,0,car,0 days 01:15:23.934000,0 days 02:13:39.446000
2024-07-07 15:18:36.635,10441,295,8,100,False,0,car,0 days 01:15:24.094000,0 days 02:13:39.606000
2024-07-07 15:18:36.835,10433,295,8,100,False,0,car,0 days 01:15:24.294000,0 days 02:13:39.806000
2024-07-07 15:18:37.155,10428,293,8,100,False,0,car,0 days 01:15:24.614000,0 days 02:13:40.126000
2024-07-07 15:18:37.355,10381,294,8,100,False,0,car,0 days 01:15:24.814000,0 days 02:13:40.326000
2024-07-07 15:18:37.515,10348,291,8,100,False,0,car,0 days 01:15:24.974000,0 days 02:13:40.486000
2024-07-07 15:18:37.795,10217,288,8,100,False,0,car,0 days 01:15:25.254000,0 days 02:13:40.766000
2024-07-07 15:18:38.195,10127,286,8,100,False,0,car,0 days 01:15:25.654000,0 days 02:13:41.166000
2024-07-07 15:18:38.475,10086,284,8,100,False,0,car,0 days 01:15:25.934000,0 days 02:13:41.446000
2024-07-07 15:18:38.675,9991,283,8,100,False,0,car,0 days 01:15:26.134000,0 days 02:13:41.646000
2024-07-07 15:18:38.915,9476,276,8,38,True,0,car,0 days 01:15:26.374000,0 days 02:13:41.886000
2024-07-07 15:18:39.195,9055,254,8,0,True,0,car,0 days 01:15:26.654000,0 days 02:13:42.166000
2024-07-07 15:18:39.435,9448,242,8,0,True,0,car,0 days 01:15:26.894000,0 days 02:13:42.406000
2024-07-07 15:18:39.755,9925,230,7,0,True,0,car,0 days 01:15:27.214000,0 days 02:13:42.726000
2024-07-07 15:18:40.115,9936,217,6,0,False,0,car,0 days 01:15:27.574000,0 days 02:13:43.086000
2024-07-07 15:18:40.395,9876,214,6,55,False,0,car,0 days 01:15:27.854000,0 days 02:13:43.366000
2024-07-07 15:18:40.555,9921,213,6,77,False,0,car,0 days 01:15:28.014000,0 days 02:13:43.526000
2024-07-07 15:18:40.835,10015,216,6,81,False,0,car,0 days 01:15:28.294000,0 days 02:13:43.806000
2024-07-07 15:18:41.195,10209,220,6,100,False,0,car,0 days 01:15:28.654000,0 days 02:13:44.166000
2024-07-07 15:18:41.675,10614,230,6,100,False,0,car,0 days 01:15:29.134000,0 days 02:13:44.646000
2024-07-07 15:18:41.915,10760,233,6,100,False,0,car,0 days 01:15:29.374000,0 days 02:13:44.886000
2024-07-07 15:18:42.075,10900,237,6,100,False,0,car,0 days 01:15:29.534000,0 days 02:13:45.046000
2024-07-07 15:18:42.314,11026,240,6,100,False,0,car,0 days 01:15:29.773000,0 days 02:13:45.285000
2024-07-07 15:18:42.674,11323,246,6,100,False,0,car,0 days 01:15:30.133000,0 days 02:13:45.645000
2024-07-07 15:18:42.834,11411,247,6,100,False,0,car,0 days 01:15:30.293000,0 days 02:13:45.805000
2024-07-07 15:18:43.115,11572,251,6,100,False,0,car,0 days 01:15:30.574000,0 days 02:13:46.086000
2024-07-07 15:18:43.275,11687,254,6,100,False,0,car,0 days 01:15:30.734000,0 days 02:13:46.246000
2024-07-07 15:18:43.675,10998,259,6,100,False,0,car,0 days 01:15:31.134000,0 days 02:13:46.646000
2024-07-07 15:18:44.075,10506,264,7,100,False,0,car,0 days 01:15:31.534000,0 days 02:13:47.046000
2024-07-07 15:18:44.395,10695,267,7,100,False,0,car,0 days 01:15:31.854000,0 days 02:13:47.366000
2024-07-07 15:18:44.755,10716,269,7,100,False,0,car,0 days 01:15:32.214000,0 days 02:13:47.726000
2024-07-07 15:18:45.155,10700,267,7,100,False,0,car,0 days 01:15:32.614000,0 days 02:13:48.126000
2024-07-07 15:18:45.315,10662,268,7,100,False,0,car,0 days 01:15:32.774000,0 days 02:13:48.286000
2024-07-07 15:18:45.635,10666,267,7,100,False,0,car,0 days 01:15:33.094000,0 days 02:13:48.606000
2024-07-07 15:18:45.995,10381,255,7,100,True,0,car,0 days 01:15:33.454000,0 days 02:13:48.966000
2024-07-07 15:18:46.395,9412,207,7,0,True,0,car,0 days 01:15:33.854000,0 days 02:13:49.366000
2024-07-07 15:18:46.715,8930,174,7,0,True,0,car,0 days 01:15:34.174000,0 days 02:13:49.686000
2024-07-07 15:18:46.915,9560,158,5,0,True,0,car,0 days 01:15:34.374000,0 days 02:13:49.886000
2024-07-07 15:18:47.235,8571,137,4,0,True,0,car,0 days 01:15:34.694000,0 days 02:13:50.206000
2024-07-07 15:18:47.555,8827,123,3,0,True,0,car,0 days 01:15:35.014000,0 days 02:13:50.526000
2024-07-07 15:18:47.795,8416,116,3,0,True,0,car,0 days 01:15:35.254000,0 days 02:13:50.766000
2024-07-07 15:18:47.995,8050,108,3,0,False,0,car,0 days 01:15:35.454000,0 days 02:13:50.966000
2024-07-07 15:18:48.235,7796,106,3,1,False,0,car,0 days 01:15:35.694000,0 days 02:13:51.206000
2024-07-07 15:18:48.395,7704,104,3,3,False,0,car,0 days 01:15:35.854000,0 days 02:13:51.366000
2024-07-07 15:18:48.914,8072,104,3,30,False,0,car,0 days 01:15:36.373000,0 days 02:13:51.885000
2024-07-07 15:18:49.074,8271,107,3,42,False,0,car,0 days 01:15:36.533000,0 days 02:13:52.045000
2024-07-07 15:18:49.314,8389,110,3,44,False,0,car,0 days 01:15:36.773000,0 days 02:13:52.285000
2024-07-07 15:18:49.474,8320,114,3,45,False,0,car,0 days 01:15:36.933000,0 days 02:13:52.445000
2024-07-07 15:18:49.755,8286,117,3,44,False,0,car,0 days 01:15:37.214000,0 days 02:13:52.726000
2024-07-07 15:18:50.075,7447,116,4,24,False,0,car,0 days 01:15:37.534000,0 days 02:13:53.046000
2024-07-07 15:18:50.235,7418,116,4,26,False,0,car,0 days 01:15:37.694000,0 days 02:13:53.206000
2024-07-07 15:18:50.555,7607,117,4,41,False,0,car,0 days 01:15:38.014000,0 days 02:13:53.526000
2024-07-07 15:18:50.915,8067,123,4,52,False,0,car,0 days 01:15:38.374000,0 days 02:13:53.886000
2024-07-07 15:18:51.195,8432,127,4,61,False,0,car,0 days 01:15:38.654000,0 days 02:13:54.166000
2024-07-07 15:18:51.395,9048,135,4,73,False,0,car,0 days 01:15:38.854000,0 days 02:13:54.366000
2024-07-07 15:18:51.555,9368,139,4,78,False,0,car,0 days 01:15:39.014000,0 days 02:13:54.526000
2024-07-07 15:18:51.795,9759,150,4,78,False,0,car,0 days 01:15:39.254000,0 days 02:13:54.766000
2024-07-07 15:18:51.995,10548,150,4,100,False,0,car,0 days 01:15:39.454000,0 days 02:13:54.966000
2024-07-07 15:18:52.155,10756,162,4,100,False,0,car,0 days 01:15:39.614000,0 days 02:13:55.126000
2024-07-07 15:18:52.355,11093,171,4,100,False,0,car,0 days 01:15:39.814000,0 days 02:13:55.326000
2024-07-07 15:18:52.675,10367,186,4,100,False,0,car,0 days 01:15:40.134000,0 days 02:13:55.646000
2024-07-07 15:18:53.035,10682,197,5,100,False,0,car,0 days 01:15:40.494000,0 days 02:13:56.006000
2024-07-07 15:18:53.195,10962,203,5,100,False,0,car,0 days 01:15:40.654000,0 days 02:13:56.166000
2024-07-07 15:18:53.515,11353,211,5,100,False,0,car,0 days 01:15:40.974000,0 days 02:13:56.486000
2024-07-07 15:18:53.675,11498,217,5,100,False,0,car,0 days 01:15:41.134000,0 days 02:13:56.646000
2024-07-07 15:18:54.035,10600,224,5,100,False,0,car,0 days 01:15:41.494000,0 days 02:13:57.006000
2024-07-07 15:18:54.195,10498,229,5,100,False,0,car,0 days 01:15:41.654000,0 days 02:13:57.166000
2024-07-07 15:18:54.515,10838,234,6,100,False,0,car,0 days 01:15:41.974000,0 days 02:13:57.486000
2024-07-07 15:18:54.715,10871,237,6,100,False,0,car,0 days 01:15:42.174000,0 days 02:13:57.686000
2024-07-07 15:18:54.875,11070,241,6,100,False,0,car,0 days 01:15:42.334000,0 days 02:13:57.846000
2024-07-07 15:18:55.035,11160,242,6,100,False,0,car,0 days 01:15:42.494000,0 days 02:13:58.006000
2024-07-07 15:18:55.235,11283,245,6,100,False,0,car,0 days 01:15:42.694000,0 days 02:13:58.206000
2024-07-07 15:18:55.515,11498,250,6,100,False,0,car,0 days 01:15:42.974000,0 days 02:13:58.486000
2024-07-07 15:18:56.034,10722,259,7,100,False,0,car,0 days 01:15:43.493000,0 days 02:13:59.005000
2024-07-07 15:18:56.315,10545,264,7,100,False,0,car,0 days 01:15:43.774000,0 days 02:13:59.286000
2024-07-07 15:18:56.555,10701,266,7,100,False,0,car,0 days 01:15:44.014000,0 days 02:13:59.526000
2024-07-07 15:18:56.875,10934,273,7,100,False,0,car,0 days 01:15:44.334000,0 days 02:13:59.846000
2024-07-07 15:18:57.115,11010,274,7,100,False,0,car,0 days 01:15:44.574000,0 days 02:14:00.086000
2024-07-07 15:18:57.475,11175,279,7,100,False,0,car,0 days 01:15:44.934000,0 days 02:14:00.446000
2024-07-07 15:18:57.715,11242,281,7,100,False,0,car,0 days 01:15:45.174000,0 days 02:14:00.686000
2024-07-07 15:18:57.915,11327,283,7,100,False,0,car,0 days 01:15:45.374000,0 days 02:14:00.886000
2024-07-07 15:18:58.195,11433,285,7,100,False,0,car,0 days 01:15:45.654000,0 days 02:14:01.166000
2024-07-07 15:18:58.355,11451,286,7,100,False,0,car,0 days 01:15:45.814000,0 days 02:14:01.326000
2024-07-07 15:18:58.595,11548,289,7,100,False,0,car,0 days 01:15:46.054000,0 days 02:14:01.566000
2024-07-07 15:18:58.755,11568,289,7,100,False,0,car,0 days 01:15:46.214000,0 days 02:14:01.726000
2024-07-07 15:18:59.035,11657,291,7,100,False,0,car,0 days 01:15:46.494000,0 days 02:14:02.006000
2024-07-07 15:18:59.315,11749,293,7,100,False,0,car,0 days 01:15:46.774000,0 days 02:14:02.286000
2024-07-07 15:18:59.555,10456,294,8,100,False,0,car,0 days 01:15:47.014000,0 days 02:14:02.526000
2024-07-07 15:18:59.835,10542,296,8,100,False,0,car,0 days 01:15:47.294000,0 days 02:14:02.806000
2024-07-07 15:19:00.035,10592,297,8,100,False,0,car,0 days 01:15:47.494000,0 days 02:14:03.006000
2024-07-07 15:19:00.315,10643,299,8,100,False,0,car,0 days 01:15:47.774000,0 days 02:14:03.286000
2024-07-07 15:19:00.555,10614,297,8,99,False,0,car,0 days 01:15:48.014000,0 days 02:14:03.526000
2024-07-07 15:19:00.715,10591,297,8,100,False,0,car,0 days 01:15:48.174000,0 days 02:14:03.686000
2024-07-07 15:19:00.955,10615,297,8,100,False,0,car,0 days 01:15:48.414000,0 days 02:14:03.926000
2024-07-07 15:19:01.155,10588,297,8,100,False,0,car,0 days 01:15:48.614000,0 days 02:14:04.126000
2024-07-07 15:19:01.435,10558,293,8,100,False,0,car,0 days 01:15:48.894000,0 days 02:14:04.406000
2024-07-07 15:19:01.875,10561,293,8,100,False,0,car,0 days 01:15:49.334000,0 days 02:14:04.846000
2024-07-07 15:19:02.075,10487,293,8,100,False,0,car,0 days 01:15:49.534000,0 days 02:14:05.046000
2024-07-07 15:19:02.394,10490,294,8,100,False,0,car,0 days 01:15:49.853000,0 days 02:14:05.365000
2024-07-07 15:19:02.714,10538,294,8,100,False,0,car,0 days 01:15:50.173000,0 days 02:14:05.685000
2024-07-07 15:19:02.995,10591,297,8,100,False,0,car,0 days 01:15:50.454000,0 days 02:14:05.966000
2024-07-07 15:19:03.155,10591,298,8,100,False,0,car,0 days 01:15:50.614000,0 days 02:14:06.126000
2024-07-07 15:19:03.475,10550,296,8,100,False,0,car,0 days 01:15:50.934000,0 days 02:14:06.446000
2024-07-07 15:19:03.715,10449,294,8,100,False,0,car,0 days 01:15:51.174000,0 days 02:14:06.686000
2024-07-07 15:19:03.915,10407,292,8,100,False,0,car,0 days 01:15:51.374000,0 days 02:14:06.886000
2024-07-07 15:19:04.075,10407,291,8,100,False,0,car,0 days 01:15:51.534000,0 days 02:14:07.046000
2024-07-07 15:19:04.355,10277,289,8,100,False,0,car,0 days 01:15:51.814000,0 days 02:14:07.326000
2024-07-07 15:19:04.515,10265,287,8,100,False,0,car,0 days 01:15:51.974000,0 days 02:14:07.486000
2024-07-07 15:19:04.835,10122,285,8,100,False,0,car,0 days 01:15:52.294000,0 days 02:14:07.806000
2024-07-07 15:19:05.195,10007,282,8,100,False,0,car,0 days 01:15:52.654000,0 days 02:14:08.166000
2024-07-07 15:19:05.355,9989,282,8,100,False,0,car,0 days 01:15:52.814000,0 days 02:14:08.326000
2024-07-07 15:19:05.675,9857,257,8,0,True,0,car,0 days 01:15:53.134000,0 days 02:14:08.646000
2024-07-07 15:19:05.915,9117,231,8,0,True,0,car,0 days 01:15:53.374000,0 days 02:14:08.886000
2024-07-07 15:19:06.195,8557,194,8,0,True,0,car,0 days 01:15:53.654000,0 days 02:14:09.166000
2024-07-07 15:19:06.355,9257,184,6,0,True,0,car,0 days 01:15:53.814000,0 days 02:14:09.326000
2024-07-07 15:19:06.635,8501,159,6,0,True,0,car,0 days 01:15:54.094000,0 days 02:14:09.606000
2024-07-07 15:19:06.795,8888,148,5,0,True,0,car,0 days 01:15:54.254000,0 days 02:14:09.766000
2024-07-07 15:19:07.275,7948,129,4,0,True,0,car,0 days 01:15:54.734000,0 days 02:14:10.246000
2024-07-07 15:19:07.635,7432,123,4,0,True,0,car,0 days 01:15:55.094000,0 days 02:14:10.606000
2024-07-07 15:19:07.795,7333,117,4,0,True,0,car,0 days 01:15:55.254000,0 days 02:14:10.766000
2024-07-07 15:19:08.075,7006,112,4,0,False,0,car,0 days 01:15:55.534000,0 days 02:14:11.046000
2024-07-07 15:19:08.475,6937,108,4,10,False,0,car,0 days 01:15:55.934000,0 days 02:14:11.446000
2024-07-07 15:19:08.715,7165,110,4,30,False,0,car,0 days 01:15:56.174000,0 days 02:14:11.686000
2024-07-07 15:19:08.955,7284,111,4,41,False,0,car,0 days 01:15:56.414000,0 days 02:14:11.926000
2024-07-07 15:19:09.355,7557,116,4,47,False,0,car,0 days 01:15:56.814000,0 days 02:14:12.326000
2024-07-07 15:19:09.555,7892,118,4,55,False,0,car,0 days 01:15:57.014000,0 days 02:14:12.526000
2024-07-07 15:19:09.755,8149,124,4,60,False,0,car,0 days 01:15:57.214000,0 days 02:14:12.726000
2024-07-07 15:19:10.235,8949,139,4,74,False,0,car,0 days 01:15:57.694000,0 days 02:14:13.206000
2024-07-07 15:19:10.475,9247,144,4,77,True,0,car,0 days 01:15:57.934000,0 days 02:14:13.446000
2024-07-07 15:19:10.755,8547,133,4,0,True,0,car,0 days 01:15:58.214000,0 days 02:14:13.726000
2024-07-07 15:19:10.915,8632,128,4,0,True,0,car,0 days 01:15:58.374000,0 days 02:14:13.886000
2024-07-07 15:19:11.195,8096,112,3,0,True,0,car,0 days 01:15:58.654000,0 days 02:14:14.166000
2024-07-07 15:19:11.635,7381,100,3,0,True,0,car,0 days 01:15:59.094000,0 days 02:14:14.606000
2024-07-07 15:19:11.875,6898,93,3,0,True,0,car,0 days 01:15:59.334000,0 days 02:14:14.846000
2024-07-07 15:19:12.155,6757,90,3,0,True,0,car,0 days 01:15:59.614000,0 days 02:14:15.126000
2024-07-07 15:19:12.515,6383,85,3,0,False,0,car,0 days 01:15:59.974000,0 days 02:14:15.486000
2024-07-07 15:19:12.675,6130,83,3,0,False,0,car,0 days 01:16:00.134000,0 days 02:14:15.646000
2024-07-07 15:19:13.075,6438,84,3,19,False,0,car,0 days 01:16:00.534000,0 days 02:14:16.046000
2024-07-07 15:19:13.475,6952,89,3,35,False,0,car,0 days 01:16:00.934000,0 days 02:14:16.446000
2024-07-07 15:19:13.715,7104,92,3,41,False,0,car,0 days 01:16:01.174000,0 days 02:14:16.686000
2024-07-07 15:19:13.955,7601,97,3,48,False,0,car,0 days 01:16:01.414000,0 days 02:14:16.926000
2024-07-07 15:19:14.115,8051,100,3,52,False,0,car,0 days 01:16:01.574000,0 days 02:14:17.086000
2024-07-07 15:19:14.515,9038,115,3,63,False,0,car,0 days 01:16:01.974000,0 days 02:14:17.486000
2024-07-07 15:19:14.715,9614,122,3,71,False,0,car,0 days 01:16:02.174000,0 days 02:14:17.686000
2024-07-07 15:19:14.995,9605,135,3,82,False,0,car,0 days 01:16:02.454000,0 days 02:14:17.966000
2024-07-07 15:19:15.195,9042,144,4,85,False,0,car,0 days 01:16:02.654000,0 days 02:14:18.166000
2024-07-07 15:19:15.595,10716,159,4,100,False,0,car,0 days 01:16:03.054000,0 days 02:14:18.566000
2024-07-07 15:19:16.035,10875,177,4,100,False,0,car,0 days 01:16:03.494000,0 days 02:14:19.006000
2024-07-07 15:19:16.235,10038,189,5,100,False,0,car,0 days 01:16:03.694000,0 days 02:14:19.206000
2024-07-07 15:19:16.515,10534,196,5,100,False,0,car,0 days 01:16:03.974000,0 days 02:14:19.486000
2024-07-07 15:19:16.875,11355,211,5,100,False,0,car,0 days 01:16:04.334000,0 days 02:14:19.846000
2024-07-07 15:19:17.235,11765,219,5,100,False,0,car,0 days 01:16:04.694000,0 days 02:14:20.206000
2024-07-07 15:19:17.435,11852,223,5,100,False,0,car,0 days 01:16:04.894000,0 days 02:14:20.406000
2024-07-07 15:19:17.715,10580,230,6,100,False,0,car,0 days 01:16:05.174000,0 days 02:14:20.686000
2024-07-07 15:19:17.915,10715,234,6,100,False,0,car,0 days 01:16:05.374000,0 days 02:14:20.886000
2024-07-07 15:19:18.115,10949,239,6,100,False,0,car,0 days 01:16:05.574000,0 days 02:14:21.086000
2024-07-07 15:19:18.475,11202,243,6,100,False,0,car,0 days 01:16:05.934000,0 days 02:14:21.446000
2024-07-07 15:19:18.835,11415,245,6,100,False,0,car,0 days 01:16:06.294000,0 days 02:14:21.806000
2024-07-07 15:19:19.155,11592,252,6,100,False,0,car,0 days 01:16:06.614000,0 days 02:14:22.126000
2024-07-07 15:19:19.475,11649,259,6,100,False,0,car,0 days 01:16:06.934000,0 days 02:14:22.446000
2024-07-07 15:19:19.835,10461,263,7,100,False,0,car,0 days 01:16:07.294000,0 days 02:14:22.806000
2024-07-07 15:19:20.035,10679,264,7,100,False,0,car,0 days 01:16:07.494000,0 days 02:14:23.006000
2024-07-07 15:19:20.275,10742,268,7,100,False,0,car,0 days 01:16:07.734000,0 days 02:14:23.246000
2024-07-07 15:19:20.795,10930,273,7,100,False,0,car,0 days 01:16:08.254000,0 days 02:14:23.766000
2024-07-07 15:19:21.075,11081,275,7,100,False,0,car,0 days 01:16:08.534000,0 days 02:14:24.046000
2024-07-07 15:19:21.315,11142,277,7,100,False,0,car,0 days 01:16:08.774000,0 days 02:14:24.286000
2024-07-07 15:19:21.635,11241,280,7,100,False,0,car,0 days 01:16:09.094000,0 days 02:14:24.606000
2024-07-07 15:19:21.915,11311,282,7,100,False,0,car,0 days 01:16:09.374000,0 days 02:14:24.886000
2024-07-07 15:19:22.115,11367,284,7,100,False,0,car,0 days 01:16:09.574000,0 days 02:14:25.086000
2024-07-07 15:19:22.434,11466,287,7,100,False,0,car,0 days 01:16:09.893000,0 days 02:14:25.405000
2024-07-07 15:19:22.795,11558,289,7,100,False,0,car,0 days 01:16:10.254000,0 days 02:14:25.766000
2024-07-07 15:19:23.075,11631,290,7,100,False,0,car,0 days 01:16:10.534000,0 days 02:14:26.046000
2024-07-07 15:19:23.355,11610,291,7,100,False,0,car,0 days 01:16:10.814000,0 days 02:14:26.326000
2024-07-07 15:19:23.675,11650,291,7,100,False,0,car,0 days 01:16:11.134000,0 days 02:14:26.646000
2024-07-07 15:19:23.875,11614,291,7,100,False,0,car,0 days 01:16:11.334000,0 days 02:14:26.846000
2024-07-07 15:19:24.155,11542,290,7,100,False,0,car,0 days 01:16:11.614000,0 days 02:14:27.126000
2024-07-07 15:19:24.435,11486,287,7,100,False,0,car,0 days 01:16:11.894000,0 days 02:14:27.406000
2024-07-07 15:19:24.835,11386,285,7,100,False,0,car,0 days 01:16:12.294000,0 days 02:14:27.806000
2024-07-07 15:19:25.115,11322,285,7,100,False,0,car,0 days 01:16:12.574000,0 days 02:14:28.086000
2024-07-07 15:19:25.395,11286,283,7,100,False,0,car,0 days 01:16:12.854000,0 days 02:14:28.366000
2024-07-07 15:19:25.555,11284,283,7,100,True,0,car,0 days 01:16:13.014000,0 days 02:14:28.526000
2024-07-07 15:19:25.795,10683,261,7,0,True,0,car,0 days 01:16:13.254000,0 days 02:14:28.766000
2024-07-07 15:19:25.955,10200,249,7,0,True,0,car,0 days 01:16:13.414000,0 days 02:14:28.926000
2024-07-07 15:19:26.155,9500,228,7,0,True,0,car,0 days 01:16:13.614000,0 days 02:14:29.126000
2024-07-07 15:19:26.395,9219,207,6,0,True,0,car,0 days 01:16:13.854000,0 days 02:14:29.366000
2024-07-07 15:19:26.635,9420,195,6,0,True,0,car,0 days 01:16:14.094000,0 days 02:14:29.606000
2024-07-07 15:19:26.955,9382,182,5,0,True,0,car,0 days 01:16:14.414000,0 days 02:14:29.926000
2024-07-07 15:19:27.115,9069,175,5,0,True,0,car,0 days 01:16:14.574000,0 days 02:14:30.086000
2024-07-07 15:19:27.275,8972,169,5,0,True,0,car,0 days 01:16:14.734000,0 days 02:14:30.246000
2024-07-07 15:19:27.555,8645,164,5,0,False,0,car,0 days 01:16:15.014000,0 days 02:14:30.526000
2024-07-07 15:19:27.955,8283,158,5,3,False,0,car,0 days 01:16:15.414000,0 days 02:14:30.926000
2024-07-07 15:19:28.155,8192,155,5,8,False,0,car,0 days 01:16:15.614000,0 days 02:14:31.126000
2024-07-07 15:19:28.395,7973,152,5,15,False,0,car,0 days 01:16:15.854000,0 days 02:14:31.366000
2024-07-07 15:19:28.555,8011,151,5,29,False,0,car,0 days 01:16:16.014000,0 days 02:14:31.526000
2024-07-07 15:19:28.875,8214,151,5,50,False,0,car,0 days 01:16:16.334000,0 days 02:14:31.846000
2024-07-07 15:19:29.035,8249,152,5,59,False,0,car,0 days 01:16:16.494000,0 days 02:14:32.006000
2024-07-07 15:19:29.395,8858,161,5,74,False,0,car,0 days 01:16:16.854000,0 days 02:14:32.366000
2024-07-07 15:19:29.555,8888,164,5,83,False,0,car,0 days 01:16:17.014000,0 days 02:14:32.526000
2024-07-07 15:19:29.755,9317,170,5,97,False,0,car,0 days 01:16:17.214000,0 days 02:14:32.726000
2024-07-07 15:19:29.915,9528,176,5,100,False,0,car,0 days 01:16:17.374000,0 days 02:14:32.886000
2024-07-07 15:19:30.155,9275,178,5,0,True,0,car,0 days 01:16:17.614000,0 days 02:14:33.126000
2024-07-07 15:19:30.435,9135,162,5,0,True,0,car,0 days 01:16:17.894000,0 days 02:14:33.406000
2024-07-07 15:19:30.675,9301,148,4,0,True,0,car,0 days 01:16:18.134000,0 days 02:14:33.646000
2024-07-07 15:19:30.875,8708,142,4,0,True,0,car,0 days 01:16:18.334000,0 days 02:14:33.846000
2024-07-07 15:19:31.275,8172,130,4,0,True,0,car,0 days 01:16:18.734000,0 days 02:14:34.246000
2024-07-07 15:19:31.475,7927,127,4,0,False,0,car,0 days 01:16:18.934000,0 days 02:14:34.446000
2024-07-07 15:19:31.675,7847,124,4,0,False,0,car,0 days 01:16:19.134000,0 days 02:14:34.646000
2024-07-07 15:19:31.995,7541,120,4,0,False,0,car,0 days 01:16:19.454000,0 days 02:14:34.966000
2024-07-07 15:19:32.155,7378,119,4,0,False,0,car,0 days 01:16:19.614000,0 days 02:14:35.126000
2024-07-07 15:19:32.475,7132,112,4,0,False,0,car,0 days 01:16:19.934000,0 days 02:14:35.446000
2024-07-07 15:19:32.675,7222,111,4,11,False,0,car,0 days 01:16:20.134000,0 days 02:14:35.646000
2024-07-07 15:19:32.875,7198,111,4,34,False,0,car,0 days 01:16:20.334000,0 days 02:14:35.846000
2024-07-07 15:19:33.115,7555,113,4,48,False,0,car,0 days 01:16:20.574000,0 days 02:14:36.086000
2024-07-07 15:19:33.475,8006,121,4,53,False,0,car,0 days 01:16:20.934000,0 days 02:14:36.446000
2024-07-07 15:19:33.715,8234,124,4,59,False,0,car,0 days 01:16:21.174000,0 days 02:14:36.686000
2024-07-07 15:19:33.875,8516,129,4,63,False,0,car,0 days 01:16:21.334000,0 days 02:14:36.846000
2024-07-07 15:19:34.155,8848,135,4,70,False,0,car,0 days 01:16:21.614000,0 days 02:14:37.126000
2024-07-07 15:19:34.355,9328,139,4,64,False,0,car,0 days 01:16:21.814000,0 days 02:14:37.326000
2024-07-07 15:19:34.595,9723,145,4,73,False,0,car,0 days 01:16:22.054000,0 days 02:14:37.566000
2024-07-07 15:19:34.755,9911,149,4,77,False,0,car,0 days 01:16:22.214000,0 days 02:14:37.726000
2024-07-07 15:19:34.995,10308,158,4,83,False,0,car,0 days 01:16:22.454000,0 days 02:14:37.966000
2024-07-07 15:19:35.155,10582,161,4,85,False,0,car,0 days 01:16:22.614000,0 days 02:14:38.126000
2024-07-07 15:19:35.355,11170,169,4,100,False,0,car,0 days 01:16:22.814000,0 days 02:14:38.326000
2024-07-07 15:19:35.756,11158,185,4,100,False,0,car,0 days 01:16:23.215000,0 days 02:14:38.727000
2024-07-07 15:19:36.075,10788,199,5,100,False,0,car,0 days 01:16:23.534000,0 days 02:14:39.046000
2024-07-07 15:19:36.315,11126,206,5,100,False,0,car,0 days 01:16:23.774000,0 days 02:14:39.286000
2024-07-07 15:19:36.595,11396,214,5,100,False,0,car,0 days 01:16:24.054000,0 days 02:14:39.566000
2024-07-07 15:19:36.755,11543,218,5,100,False,0,car,0 days 01:16:24.214000,0 days 02:14:39.726000
2024-07-07 15:19:37.035,10635,226,6,100,False,0,car,0 days 01:16:24.494000,0 days 02:14:40.006000
2024-07-07 15:19:37.195,10554,231,6,100,False,0,car,0 days 01:16:24.654000,0 days 02:14:40.166000
2024-07-07 15:19:37.395,10813,235,6,100,False,0,car,0 days 01:16:24.854000,0 days 02:14:40.366000
2024-07-07 15:19:37.755,11013,241,6,100,False,0,car,0 days 01:16:25.214000,0 days 02:14:40.726000
2024-07-07 15:19:37.915,11251,246,6,100,False,0,car,0 days 01:16:25.374000,0 days 02:14:40.886000
2024-07-07 15:19:38.275,11545,252,6,100,False,0,car,0 days 01:16:25.734000,0 days 02:14:41.246000
2024-07-07 15:19:38.715,10553,255,6,100,False,0,car,0 days 01:16:26.174000,0 days 02:14:41.686000
2024-07-07 15:19:38.875,10624,260,7,100,False,0,car,0 days 01:16:26.334000,0 days 02:14:41.846000
2024-07-07 15:19:39.035,10523,262,7,100,False,0,car,0 days 01:16:26.494000,0 days 02:14:42.006000
2024-07-07 15:19:39.395,10689,267,7,100,False,0,car,0 days 01:16:26.854000,0 days 02:14:42.366000
2024-07-07 15:19:39.595,10770,270,7,100,False,0,car,0 days 01:16:27.054000,0 days 02:14:42.566000
2024-07-07 15:19:39.875,10956,273,7,100,False,0,car,0 days 01:16:27.334000,0 days 02:14:42.846000
2024-07-07 15:19:40.155,11011,274,7,100,False,0,car,0 days 01:16:27.614000,0 days 02:14:43.126000
2024-07-07 15:19:40.315,11060,276,7,100,False,0,car,0 days 01:16:27.774000,0 days 02:14:43.286000
2024-07-07 15:19:40.835,11267,281,7,100,False,0,car,0 days 01:16:28.294000,0 days 02:14:43.806000
2024-07-07 15:19:41.155,11377,284,7,100,False,0,car,0 days 01:16:28.614000,0 days 02:14:44.126000
2024-07-07 15:19:41.435,11459,286,7,100,False,0,car,0 days 01:16:28.894000,0 days 02:14:44.406000
2024-07-07 15:19:41.635,11550,288,7,100,False,0,car,0 days 01:16:29.094000,0 days 02:14:44.606000
2024-07-07 15:19:41.995,11654,290,7,100,False,0,car,0 days 01:16:29.454000,0 days 02:14:44.966000
2024-07-07 15:19:42.356,11036,292,7,100,False,0,car,0 days 01:16:29.815000,0 days 02:14:45.327000
2024-07-07 15:19:42.715,10457,295,8,100,False,0,car,0 days 01:16:30.174000,0 days 02:14:45.686000
2024-07-07 15:19:42.955,10471,296,8,100,False,0,car,0 days 01:16:30.414000,0 days 02:14:45.926000
2024-07-07 15:19:43.115,10507,296,8,100,False,0,car,0 days 01:16:30.574000,0 days 02:14:46.086000
2024-07-07 15:19:43.275,10505,296,8,100,False,0,car,0 days 01:16:30.734000,0 days 02:14:46.246000
2024-07-07 15:19:43.675,10429,295,8,100,False,0,car,0 days 01:16:31.134000,0 days 02:14:46.646000
2024-07-07 15:19:43.955,10375,293,8,100,False,0,car,0 days 01:16:31.414000,0 days 02:14:46.926000
2024-07-07 15:19:44.235,10371,292,8,100,False,0,car,0 days 01:16:31.694000,0 days 02:14:47.206000
2024-07-07 15:19:44.715,10265,290,8,100,False,0,car,0 days 01:16:32.174000,0 days 02:14:47.686000
2024-07-07 15:19:44.915,10157,289,8,89,False,0,car,0 days 01:16:32.374000,0 days 02:14:47.886000
2024-07-07 15:19:45.115,10275,287,8,60,False,0,car,0 days 01:16:32.574000,0 days 02:14:48.086000
2024-07-07 15:19:45.355,10046,281,8,42,False,0,car,0 days 01:16:32.814000,0 days 02:14:48.326000
2024-07-07 15:19:45.515,9606,279,8,44,False,0,car,0 days 01:16:32.974000,0 days 02:14:48.486000
2024-07-07 15:19:45.715,9750,275,8,55,False,0,car,0 days 01:16:33.174000,0 days 02:14:48.686000
2024-07-07 15:19:45.955,9741,271,8,80,False,0,car,0 days 01:16:33.414000,0 days 02:14:48.926000
2024-07-07 15:19:46.155,9676,271,8,85,False,0,car,0 days 01:16:33.614000,0 days 02:14:49.126000
2024-07-07 15:19:46.355,9680,270,8,100,False,0,car,0 days 01:16:33.814000,0 days 02:14:49.326000
2024-07-07 15:19:46.555,9695,271,8,100,False,0,car,0 days 01:16:34.014000,0 days 02:14:49.526000
2024-07-07 15:19:46.715,9703,270,8,100,False,0,car,0 days 01:16:34.174000,0 days 02:14:49.686000
2024-07-07 15:19:47.235,9764,271,8,100,False,0,car,0 days 01:16:34.694000,0 days 02:14:50.206000
2024-07-07 15:19:47.475,9775,274,8,100,False,0,car,0 days 01:16:34.934000,0 days 02:14:50.446000
2024-07-07 15:19:47.755,9799,275,8,100,False,0,car,0 days 01:16:35.214000,0 days 02:14:50.726000
2024-07-07 15:19:47.995,9851,276,8,100,False,0,car,0 days 01:16:35.454000,0 days 02:14:50.966000
2024-07-07 15:19:48.475,9984,279,8,100,False,0,car,0 days 01:16:35.934000,0 days 02:14:51.446000
2024-07-07 15:19:48.876,10058,282,8,100,False,0,car,0 days 01:16:36.335000,0 days 02:14:51.847000
2024-07-07 15:19:49.116,10115,284,8,100,False,0,car,0 days 01:16:36.575000,0 days 02:14:52.087000
2024-07-07 15:19:49.315,10187,285,8,100,False,0,car,0 days 01:16:36.774000,0 days 02:14:52.286000
2024-07-07 15:19:49.555,10216,286,8,100,False,0,car,0 days 01:16:37.014000,0 days 02:14:52.526000
2024-07-07 15:19:49.915,10248,289,8,100,False,0,car,0 days 01:16:37.374000,0 days 02:14:52.886000
2024-07-07 15:19:50.075,10325,289,8,100,False,0,car,0 days 01:16:37.534000,0 days 02:14:53.046000
2024-07-07 15:19:50.395,10400,292,8,100,False,0,car,0 days 01:16:37.854000,0 days 02:14:53.366000
2024-07-07 15:19:50.675,10443,292,8,100,False,0,car,0 days 01:16:38.134000,0 days 02:14:53.646000
2024-07-07 15:19:50.875,10444,293,8,100,False,0,car,0 days 01:16:38.334000,0 days 02:14:53.846000
2024-07-07 15:19:51.195,10473,295,8,100,False,0,car,0 days 01:16:38.654000,0 days 02:14:54.166000
2024-07-07 15:19:51.355,10518,294,8,100,False,0,car,0 days 01:16:38.814000,0 days 02:14:54.326000
2024-07-07 15:19:51.555,10511,296,8,100,False,0,car,0 days 01:16:39.014000,0 days 02:14:54.526000
2024-07-07 15:19:51.795,10553,296,8,100,False,0,car,0 days 01:16:39.254000,0 days 02:14:54.766000
2024-07-07 15:19:51.995,10587,297,8,100,False,0,car,0 days 01:16:39.454000,0 days 02:14:54.966000
2024-07-07 15:19:52.195,10586,298,8,100,False,0,car,0 days 01:16:39.654000,0 days 02:14:55.166000
2024-07-07 15:19:52.355,10587,298,8,100,False,0,car,0 days 01:16:39.814000,0 days 02:14:55.326000
2024-07-07 15:19:52.835,10598,299,8,100,False,0,car,0 days 01:16:40.294000,0 days 02:14:55.806000
2024-07-07 15:19:53.035,10602,298,8,100,False,0,car,0 days 01:16:40.494000,0 days 02:14:56.006000
2024-07-07 15:19:53.195,10581,298,8,97,False,0,car,0 days 01:16:40.654000,0 days 02:14:56.166000
2024-07-07 15:19:53.355,10682,299,8,71,False,0,car,0 days 01:16:40.814000,0 days 02:14:56.326000
2024-07-07 15:19:53.675,10338,292,8,57,False,0,car,0 days 01:16:41.134000,0 days 02:14:56.646000
2024-07-07 15:19:53.915,10213,289,8,56,False,0,car,0 days 01:16:41.374000,0 days 02:14:56.886000
2024-07-07 15:19:54.235,10199,282,8,73,False,0,car,0 days 01:16:41.694000,0 days 02:14:57.206000
2024-07-07 15:19:54.635,10028,280,8,100,False,0,car,0 days 01:16:42.094000,0 days 02:14:57.606000
2024-07-07 15:19:54.795,9995,279,8,100,False,0,car,0 days 01:16:42.254000,0 days 02:14:57.766000
2024-07-07 15:19:55.075,9905,279,8,100,False,0,car,0 days 01:16:42.534000,0 days 02:14:58.046000
2024-07-07 15:19:55.355,9886,280,8,68,True,0,car,0 days 01:16:42.814000,0 days 02:14:58.326000
2024-07-07 15:19:55.716,9274,264,8,0,True,0,car,0 days 01:16:43.175000,0 days 02:14:58.687000
2024-07-07 15:19:56.115,10136,254,7,0,False,0,car,0 days 01:16:43.574000,0 days 02:14:59.086000
2024-07-07 15:19:56.395,9620,243,7,7,False,0,car,0 days 01:16:43.854000,0 days 02:14:59.366000
2024-07-07 15:19:56.635,9699,240,7,41,False,0,car,0 days 01:16:44.094000,0 days 02:14:59.606000
2024-07-07 15:19:56.875,9463,237,7,55,False,0,car,0 days 01:16:44.334000,0 days 02:14:59.846000
2024-07-07 15:19:57.075,9300,235,7,55,True,0,car,0 days 01:16:44.534000,0 days 02:15:00.046000
2024-07-07 15:19:57.275,9126,227,7,0,True,0,car,0 days 01:16:44.734000,0 days 02:15:00.246000
2024-07-07 15:19:58.355,9689,209,6,73,False,0,car,0 days 01:16:45.814000,0 days 02:15:01.326000
2024-07-07 15:19:58.595,9703,210,6,74,False,0,car,0 days 01:16:46.054000,0 days 02:15:01.566000
2024-07-07 15:19:58.875,9900,213,6,78,False,0,car,0 days 01:16:46.334000,0 days 02:15:01.846000
2024-07-07 15:19:59.355,10207,220,6,100,False,0,car,0 days 01:16:46.814000,0 days 02:15:02.326000
2024-07-07 15:19:59.515,10384,224,6,100,False,0,car,0 days 01:16:46.974000,0 days 02:15:02.486000
2024-07-07 15:19:59.795,10722,230,6,100,False,0,car,0 days 01:16:47.254000,0 days 02:15:02.766000
2024-07-07 15:20:00.115,10882,238,6,100,False,0,car,0 days 01:16:47.574000,0 days 02:15:03.086000
2024-07-07 15:20:00.355,11080,240,6,100,False,0,car,0 days 01:16:47.814000,0 days 02:15:03.326000
2024-07-07 15:20:00.515,11244,243,6,100,False,0,car,0 days 01:16:47.974000,0 days 02:15:03.486000
2024-07-07 15:20:00.755,11269,247,6,100,False,0,car,0 days 01:16:48.214000,0 days 02:15:03.726000
2024-07-07 15:20:00.995,11557,252,6,100,False,0,car,0 days 01:16:48.454000,0 days 02:15:03.966000
2024-07-07 15:20:01.395,10814,257,6,100,False,0,car,0 days 01:16:48.854000,0 days 02:15:04.366000
2024-07-07 15:20:01.555,10604,257,7,100,False,0,car,0 days 01:16:49.014000,0 days 02:15:04.526000
2024-07-07 15:20:01.715,10402,261,7,100,False,0,car,0 days 01:16:49.174000,0 days 02:15:04.686000
2024-07-07 15:20:01.996,10586,263,7,100,False,0,car,0 days 01:16:49.455000,0 days 02:15:04.967000
2024-07-07 15:20:02.236,10712,265,7,100,False,0,car,0 days 01:16:49.695000,0 days 02:15:05.207000
2024-07-07 15:20:02.476,10821,270,7,100,False,0,car,0 days 01:16:49.935000,0 days 02:15:05.447000
2024-07-07 15:20:02.676,10883,271,7,100,False,0,car,0 days 01:16:50.135000,0 days 02:15:05.647000
2024-07-07 15:20:03.035,11001,274,7,100,False,0,car,0 days 01:16:50.494000,0 days 02:15:06.006000
2024-07-07 15:20:03.275,11095,277,7,100,False,0,car,0 days 01:16:50.734000,0 days 02:15:06.246000
2024-07-07 15:20:03.595,11236,280,7,100,False,0,car,0 days 01:16:51.054000,0 days 02:15:06.566000
2024-07-07 15:20:03.755,11255,280,7,100,False,0,car,0 days 01:16:51.214000,0 days 02:15:06.726000
2024-07-07 15:20:03.915,11262,282,7,100,False,0,car,0 days 01:16:51.374000,0 days 02:15:06.886000
2024-07-07 15:20:04.235,11364,284,7,100,False,0,car,0 days 01:16:51.694000,0 days 02:15:07.206000
2024-07-07 15:20:04.395,11424,285,7,100,False,0,car,0 days 01:16:51.854000,0 days 02:15:07.366000
2024-07-07 15:20:04.675,11491,286,7,100,False,0,car,0 days 01:16:52.134000,0 days 02:15:07.646000
2024-07-07 15:20:04.875,11528,289,7,100,False,0,car,0 days 01:16:52.334000,0 days 02:15:07.846000
2024-07-07 15:20:05.155,11593,289,7,100,False,0,car,0 days 01:16:52.614000,0 days 02:15:08.126000
2024-07-07 15:20:05.395,11665,291,7,100,False,0,car,0 days 01:16:52.854000,0 days 02:15:08.366000
2024-07-07 15:20:05.555,11652,291,7,100,False,0,car,0 days 01:16:53.014000,0 days 02:15:08.526000
2024-07-07 15:20:05.795,11702,292,7,100,False,0,car,0 days 01:16:53.254000,0 days 02:15:08.766000
2024-07-07 15:20:06.035,11163,294,7,100,False,0,car,0 days 01:16:53.494000,0 days 02:15:09.006000
2024-07-07 15:20:06.475,10612,295,8,100,False,0,car,0 days 01:16:53.934000,0 days 02:15:09.446000
2024-07-07 15:20:06.755,10531,296,8,100,False,0,car,0 days 01:16:54.214000,0 days 02:15:09.726000
2024-07-07 15:20:06.995,10546,297,8,100,False,0,car,0 days 01:16:54.454000,0 days 02:15:09.966000
2024-07-07 15:20:07.235,10581,298,8,100,False,0,car,0 days 01:16:54.694000,0 days 02:15:10.206000
2024-07-07 15:20:07.555,10603,298,8,100,False,0,car,0 days 01:16:55.014000,0 days 02:15:10.526000
2024-07-07 15:20:07.915,10608,299,8,100,False,0,car,0 days 01:16:55.374000,0 days 02:15:10.886000
2024-07-07 15:20:08.115,10521,297,8,100,False,0,car,0 days 01:16:55.574000,0 days 02:15:11.086000
2024-07-07 15:20:08.355,10506,297,8,100,False,0,car,0 days 01:16:55.814000,0 days 02:15:11.326000
2024-07-07 15:20:08.836,10356,292,8,100,False,0,car,0 days 01:16:56.295000,0 days 02:15:11.807000
2024-07-07 15:20:09.116,10332,290,8,100,False,0,car,0 days 01:16:56.575000,0 days 02:15:12.087000
2024-07-07 15:20:09.356,10222,288,8,100,False,0,car,0 days 01:16:56.815000,0 days 02:15:12.327000
2024-07-07 15:20:09.595,10176,287,8,100,False,0,car,0 days 01:16:57.054000,0 days 02:15:12.566000
2024-07-07 15:20:09.755,10124,286,8,100,False,0,car,0 days 01:16:57.214000,0 days 02:15:12.726000
2024-07-07 15:20:09.915,10098,284,8,100,False,0,car,0 days 01:16:57.374000,0 days 02:15:12.886000
2024-07-07 15:20:10.235,10032,282,8,100,False,0,car,0 days 01:16:57.694000,0 days 02:15:13.206000
2024-07-07 15:20:10.635,9332,264,8,0,True,0,car,0 days 01:16:58.094000,0 days 02:15:13.606000
2024-07-07 15:20:10.795,9752,249,8,0,True,0,car,0 days 01:16:58.254000,0 days 02:15:13.766000
2024-07-07 15:20:10.995,9507,241,8,0,True,0,car,0 days 01:16:58.454000,0 days 02:15:13.966000
2024-07-07 15:20:11.315,10557,230,8,0,True,0,car,0 days 01:16:58.774000,0 days 02:15:14.286000
2024-07-07 15:20:11.475,10152,224,6,0,False,0,car,0 days 01:16:58.934000,0 days 02:15:14.446000
2024-07-07 15:20:11.715,10030,218,6,45,False,0,car,0 days 01:16:59.174000,0 days 02:15:14.686000
2024-07-07 15:20:12.035,9861,217,6,57,False,0,car,0 days 01:16:59.494000,0 days 02:15:15.006000
2024-07-07 15:20:12.235,9994,215,6,75,False,0,car,0 days 01:16:59.694000,0 days 02:15:15.206000
2024-07-07 15:20:12.475,9946,216,6,80,False,0,car,0 days 01:16:59.934000,0 days 02:15:15.446000
2024-07-07 15:20:12.835,10295,222,6,100,False,0,car,0 days 01:17:00.294000,0 days 02:15:15.806000
2024-07-07 15:20:13.075,10520,224,6,100,False,0,car,0 days 01:17:00.534000,0 days 02:15:16.046000
2024-07-07 15:20:13.435,10664,230,6,100,False,0,car,0 days 01:17:00.894000,0 days 02:15:16.406000
2024-07-07 15:20:13.715,10923,237,6,100,False,0,car,0 days 01:17:01.174000,0 days 02:15:16.686000
2024-07-07 15:20:13.915,11075,240,6,100,False,0,car,0 days 01:17:01.374000,0 days 02:15:16.886000
2024-07-07 15:20:14.315,11363,246,6,100,False,0,car,0 days 01:17:01.774000,0 days 02:15:17.286000
2024-07-07 15:20:14.675,11539,252,6,100,False,0,car,0 days 01:17:02.134000,0 days 02:15:17.646000
2024-07-07 15:20:14.955,11614,255,6,100,False,0,car,0 days 01:17:02.414000,0 days 02:15:17.926000
2024-07-07 15:20:15.276,11107,261,6,100,False,0,car,0 days 01:17:02.735000,0 days 02:15:18.247000
2024-07-07 15:20:15.476,10576,263,7,100,False,0,car,0 days 01:17:02.935000,0 days 02:15:18.447000
2024-07-07 15:20:15.796,10635,266,7,100,False,0,car,0 days 01:17:03.255000,0 days 02:15:18.767000
2024-07-07 15:20:16.116,10646,266,7,100,False,0,car,0 days 01:17:03.575000,0 days 02:15:19.087000
2024-07-07 15:20:16.275,10654,267,7,100,False,0,car,0 days 01:17:03.734000,0 days 02:15:19.246000
2024-07-07 15:20:16.555,10644,266,7,100,False,0,car,0 days 01:17:04.014000,0 days 02:15:19.526000
2024-07-07 15:20:16.755,10640,266,7,100,False,0,car,0 days 01:17:04.214000,0 days 02:15:19.726000
2024-07-07 15:20:17.195,10631,267,7,100,False,0,car,0 days 01:17:04.654000,0 days 02:15:20.166000
2024-07-07 15:20:17.635,9438,238,7,0,True,0,car,0 days 01:17:05.094000,0 days 02:15:20.606000
2024-07-07 15:20:17.955,8679,212,6,0,True,0,car,0 days 01:17:05.414000,0 days 02:15:20.926000
2024-07-07 15:20:18.195,9314,167,6,0,True,0,car,0 days 01:17:05.654000,0 days 02:15:21.166000
2024-07-07 15:20:18.515,8761,144,5,0,True,0,car,0 days 01:17:05.974000,0 days 02:15:21.486000
2024-07-07 15:20:18.835,9174,127,3,0,True,0,car,0 days 01:17:06.294000,0 days 02:15:21.806000
2024-07-07 15:20:19.155,8415,117,3,0,True,0,car,0 days 01:17:06.614000,0 days 02:15:22.126000
2024-07-07 15:20:19.355,8100,111,3,0,False,0,car,0 days 01:17:06.814000,0 days 02:15:22.326000
2024-07-07 15:20:19.635,7875,107,3,3,False,0,car,0 days 01:17:07.094000,0 days 02:15:22.606000
2024-07-07 15:20:20.075,7991,104,3,21,False,0,car,0 days 01:17:07.534000,0 days 02:15:23.046000
2024-07-07 15:20:20.275,7851,104,3,32,False,0,car,0 days 01:17:07.734000,0 days 02:15:23.246000
2024-07-07 15:20:20.435,8100,106,3,53,False,0,car,0 days 01:17:07.894000,0 days 02:15:23.406000
2024-07-07 15:20:20.635,8422,109,3,52,False,0,car,0 days 01:17:08.094000,0 days 02:15:23.606000
2024-07-07 15:20:20.875,8683,116,3,52,False,0,car,0 days 01:17:08.334000,0 days 02:15:23.846000
2024-07-07 15:20:21.275,7723,121,4,28,False,0,car,0 days 01:17:08.734000,0 days 02:15:24.246000
2024-07-07 15:20:21.716,7585,119,4,24,False,0,car,0 days 01:17:09.175000,0 days 02:15:24.687000
2024-07-07 15:20:21.996,7637,119,4,37,False,0,car,0 days 01:17:09.455000,0 days 02:15:24.967000
2024-07-07 15:20:22.316,8011,123,4,49,False,0,car,0 days 01:17:09.775000,0 days 02:15:25.287000
2024-07-07 15:20:22.516,8209,126,4,55,False,0,car,0 days 01:17:09.975000,0 days 02:15:25.487000
2024-07-07 15:20:22.716,8554,131,4,62,False,0,car,0 days 01:17:10.175000,0 days 02:15:25.687000
2024-07-07 15:20:22.876,8678,137,4,74,False,0,car,0 days 01:17:10.335000,0 days 02:15:25.847000
2024-07-07 15:20:23.115,9216,145,4,78,False,0,car,0 days 01:17:10.574000,0 days 02:15:26.086000
2024-07-07 15:20:23.515,10462,163,4,100,False,0,car,0 days 01:17:10.974000,0 days 02:15:26.486000
2024-07-07 15:20:23.715,10902,173,4,100,False,0,car,0 days 01:17:11.174000,0 days 02:15:26.686000
2024-07-07 15:20:23.995,11630,184,4,100,False,0,car,0 days 01:17:11.454000,0 days 02:15:26.966000
2024-07-07 15:20:24.355,10584,194,5,100,False,0,car,0 days 01:17:11.814000,0 days 02:15:27.326000
2024-07-07 15:20:24.515,10808,197,5,100,False,0,car,0 days 01:17:11.974000,0 days 02:15:27.486000
2024-07-07 15:20:24.715,11117,207,5,100,False,0,car,0 days 01:17:12.174000,0 days 02:15:27.686000
2024-07-07 15:20:25.035,11536,214,5,100,False,0,car,0 days 01:17:12.494000,0 days 02:15:28.006000
2024-07-07 15:20:25.235,11741,220,5,100,False,0,car,0 days 01:17:12.694000,0 days 02:15:28.206000
2024-07-07 15:20:25.515,10519,226,6,100,False,0,car,0 days 01:17:12.974000,0 days 02:15:28.486000
2024-07-07 15:20:25.675,10722,230,6,100,False,0,car,0 days 01:17:13.134000,0 days 02:15:28.646000
2024-07-07 15:20:25.915,10764,233,6,100,False,0,car,0 days 01:17:13.374000,0 days 02:15:28.886000
2024-07-07 15:20:26.115,10912,237,6,100,False,0,car,0 days 01:17:13.574000,0 days 02:15:29.086000
2024-07-07 15:20:26.475,11156,245,6,100,False,0,car,0 days 01:17:13.934000,0 days 02:15:29.446000
2024-07-07 15:20:26.715,11386,248,6,100,False,0,car,0 days 01:17:14.174000,0 days 02:15:29.686000
2024-07-07 15:20:27.075,11589,254,6,100,False,0,car,0 days 01:17:14.534000,0 days 02:15:30.046000
2024-07-07 15:20:27.315,11815,257,6,100,False,0,car,0 days 01:17:14.774000,0 days 02:15:30.286000
2024-07-07 15:20:27.595,10512,263,6,100,False,0,car,0 days 01:17:15.054000,0 days 02:15:30.566000
2024-07-07 15:20:27.875,10675,267,7,100,False,0,car,0 days 01:17:15.334000,0 days 02:15:30.846000
2024-07-07 15:20:28.155,10758,269,7,100,False,0,car,0 days 01:17:15.614000,0 days 02:15:31.126000
2024-07-07 15:20:28.476,10993,275,7,100,False,0,car,0 days 01:17:15.935000,0 days 02:15:31.447000
2024-07-07 15:20:28.716,10993,275,7,100,False,0,car,0 days 01:17:16.175000,0 days 02:15:31.687000
2024-07-07 15:20:28.916,11169,277,7,100,False,0,car,0 days 01:17:16.375000,0 days 02:15:31.887000
2024-07-07 15:20:29.116,11273,281,7,100,False,0,car,0 days 01:17:16.575000,0 days 02:15:32.087000
2024-07-07 15:20:29.356,11338,282,7,100,False,0,car,0 days 01:17:16.815000,0 days 02:15:32.327000
2024-07-07 15:20:29.715,11474,286,7,100,False,0,car,0 days 01:17:17.174000,0 days 02:15:32.686000
2024-07-07 15:20:29.875,11493,288,7,100,False,0,car,0 days 01:17:17.334000,0 days 02:15:32.846000
2024-07-07 15:20:30.035,11545,288,7,100,False,0,car,0 days 01:17:17.494000,0 days 02:15:33.006000
2024-07-07 15:20:30.315,11613,290,7,100,False,0,car,0 days 01:17:17.774000,0 days 02:15:33.286000
2024-07-07 15:20:30.555,11687,292,7,100,False,0,car,0 days 01:17:18.014000,0 days 02:15:33.526000
2024-07-07 15:20:30.995,11756,293,7,100,False,0,car,0 days 01:17:18.454000,0 days 02:15:33.966000
2024-07-07 15:20:31.155,11787,294,7,100,False,0,car,0 days 01:17:18.614000,0 days 02:15:34.126000
2024-07-07 15:20:31.395,11680,296,7,100,False,0,car,0 days 01:17:18.854000,0 days 02:15:34.366000
2024-07-07 15:20:31.715,10567,297,8,100,False,0,car,0 days 01:17:19.174000,0 days 02:15:34.686000
2024-07-07 15:20:32.075,10582,296,8,96,False,0,car,0 days 01:17:19.534000,0 days 02:15:35.046000
2024-07-07 15:20:32.235,10593,297,8,91,False,0,car,0 days 01:17:19.694000,0 days 02:15:35.206000
2024-07-07 15:20:32.515,10550,295,8,94,False,0,car,0 days 01:17:19.974000,0 days 02:15:35.486000
2024-07-07 15:20:32.835,10543,295,8,100,False,0,car,0 days 01:17:20.294000,0 days 02:15:35.806000
2024-07-07 15:20:32.995,10515,295,8,100,False,0,car,0 days 01:17:20.454000,0 days 02:15:35.966000
2024-07-07 15:20:33.155,10493,295,8,100,False,0,car,0 days 01:17:20.614000,0 days 02:15:36.126000
2024-07-07 15:20:33.475,10461,292,8,100,False,0,car,0 days 01:17:20.934000,0 days 02:15:36.446000
2024-07-07 15:20:33.795,10442,293,8,100,False,0,car,0 days 01:17:21.254000,0 days 02:15:36.766000
2024-07-07 15:20:34.035,10452,294,8,100,False,0,car,0 days 01:17:21.494000,0 days 02:15:37.006000
2024-07-07 15:20:35.036,10361,291,8,100,False,0,car,0 days 01:17:22.495000,0 days 02:15:38.007000
2024-07-07 15:20:35.236,10349,290,8,100,False,0,car,0 days 01:17:22.695000,0 days 02:15:38.207000
2024-07-07 15:20:35.636,10249,287,8,100,False,0,car,0 days 01:17:23.095000,0 days 02:15:38.607000
2024-07-07 15:20:35.876,10195,287,8,100,False,0,car,0 days 01:17:23.335000,0 days 02:15:38.847000
2024-07-07 15:20:36.116,10155,285,8,100,False,0,car,0 days 01:17:23.575000,0 days 02:15:39.087000
2024-07-07 15:20:36.395,10110,283,8,100,False,0,car,0 days 01:17:23.854000,0 days 02:15:39.366000
2024-07-07 15:20:36.635,10043,282,8,100,False,0,car,0 days 01:17:24.094000,0 days 02:15:39.606000
2024-07-07 15:20:36.795,9990,281,8,100,False,0,car,0 days 01:17:24.254000,0 days 02:15:39.766000
2024-07-07 15:20:37.035,9373,271,8,0,True,0,car,0 days 01:17:24.494000,0 days 02:15:40.006000
2024-07-07 15:20:37.315,9003,232,8,0,True,0,car,0 days 01:17:24.774000,0 days 02:15:40.286000
2024-07-07 15:20:37.675,8666,187,7,0,True,0,car,0 days 01:17:25.134000,0 days 02:15:40.646000
2024-07-07 15:20:37.955,8655,168,6,0,True,0,car,0 days 01:17:25.414000,0 days 02:15:40.926000
2024-07-07 15:20:38.355,8673,144,4,0,True,0,car,0 days 01:17:25.814000,0 days 02:15:41.326000
2024-07-07 15:20:38.515,8409,135,4,0,True,0,car,0 days 01:17:25.974000,0 days 02:15:41.486000
2024-07-07 15:20:38.675,8054,129,4,0,True,0,car,0 days 01:17:26.134000,0 days 02:15:41.646000
2024-07-07 15:20:38.835,7674,126,4,0,True,0,car,0 days 01:17:26.294000,0 days 02:15:41.806000
2024-07-07 15:20:39.075,7385,118,4,0,True,0,car,0 days 01:17:26.534000,0 days 02:15:42.046000
2024-07-07 15:20:39.235,7234,115,4,0,True,0,car,0 days 01:17:26.694000,0 days 02:15:42.206000
2024-07-07 15:20:39.435,6911,112,4,0,False,0,car,0 days 01:17:26.894000,0 days 02:15:42.406000
2024-07-07 15:20:39.635,6943,109,4,0,False,0,car,0 days 01:17:27.094000,0 days 02:15:42.606000
2024-07-07 15:20:39.835,6754,108,4,18,False,0,car,0 days 01:17:27.294000,0 days 02:15:42.806000
2024-07-07 15:20:40.115,6875,108,4,20,False,0,car,0 days 01:17:27.574000,0 days 02:15:43.086000
2024-07-07 15:20:40.355,7058,110,4,36,False,0,car,0 days 01:17:27.814000,0 days 02:15:43.326000
2024-07-07 15:20:40.715,7515,115,4,45,False,0,car,0 days 01:17:28.174000,0 days 02:15:43.686000
2024-07-07 15:20:41.115,8022,123,4,57,False,0,car,0 days 01:17:28.574000,0 days 02:15:44.086000
2024-07-07 15:20:41.315,8425,128,4,62,False,0,car,0 days 01:17:28.774000,0 days 02:15:44.286000
2024-07-07 15:20:41.516,8862,128,4,71,False,0,car,0 days 01:17:28.975000,0 days 02:15:44.487000
2024-07-07 15:20:41.756,9179,141,4,76,False,0,car,0 days 01:17:29.215000,0 days 02:15:44.727000
2024-07-07 15:20:42.036,8635,140,4,0,True,0,car,0 days 01:17:29.495000,0 days 02:15:45.007000
2024-07-07 15:20:42.436,8555,122,3,0,True,0,car,0 days 01:17:29.895000,0 days 02:15:45.407000
2024-07-07 15:20:42.676,8168,111,3,0,True,0,car,0 days 01:17:30.135000,0 days 02:15:45.647000
2024-07-07 15:20:42.876,7951,108,3,0,True,0,car,0 days 01:17:30.335000,0 days 02:15:45.847000
2024-07-07 15:20:43.036,7471,102,3,0,True,0,car,0 days 01:17:30.495000,0 days 02:15:46.007000
2024-07-07 15:20:43.195,7199,98,3,0,True,0,car,0 days 01:17:30.654000,0 days 02:15:46.166000
2024-07-07 15:20:43.475,6968,92,3,0,True,0,car,0 days 01:17:30.934000,0 days 02:15:46.446000
2024-07-07 15:20:43.875,6528,87,3,0,False,0,car,0 days 01:17:31.334000,0 days 02:15:46.846000
2024-07-07 15:20:44.075,6497,85,3,0,False,0,car,0 days 01:17:31.534000,0 days 02:15:47.046000
2024-07-07 15:20:44.315,6183,84,3,0,False,0,car,0 days 01:17:31.774000,0 days 02:15:47.286000
2024-07-07 15:20:44.555,6459,83,3,20,False,0,car,0 days 01:17:32.014000,0 days 02:15:47.526000
2024-07-07 15:20:44.915,6930,88,3,30,False,0,car,0 days 01:17:32.374000,0 days 02:15:47.886000
2024-07-07 15:20:45.275,7368,96,3,46,False,0,car,0 days 01:17:32.734000,0 days 02:15:48.246000
2024-07-07 15:20:45.715,8439,107,3,58,False,0,car,0 days 01:17:33.174000,0 days 02:15:48.686000
2024-07-07 15:20:45.875,8893,114,3,61,False,0,car,0 days 01:17:33.334000,0 days 02:15:48.846000
2024-07-07 15:20:46.315,9854,129,3,74,False,0,car,0 days 01:17:33.774000,0 days 02:15:49.286000
2024-07-07 15:20:46.635,9605,142,4,91,False,0,car,0 days 01:17:34.094000,0 days 02:15:49.606000
2024-07-07 15:20:46.955,10276,156,4,100,False,0,car,0 days 01:17:34.414000,0 days 02:15:49.926000
2024-07-07 15:20:47.235,11096,171,4,100,False,0,car,0 days 01:17:34.694000,0 days 02:15:50.206000
2024-07-07 15:20:47.395,11236,180,4,100,False,0,car,0 days 01:17:34.854000,0 days 02:15:50.366000
2024-07-07 15:20:47.595,10463,187,4,100,False,0,car,0 days 01:17:35.054000,0 days 02:15:50.566000
2024-07-07 15:20:47.875,10434,198,5,100,False,0,car,0 days 01:17:35.334000,0 days 02:15:50.846000
2024-07-07 15:20:48.076,10434,201,5,100,False,0,car,0 days 01:17:35.535000,0 days 02:15:51.047000
2024-07-07 15:20:48.236,11141,207,5,100,False,0,car,0 days 01:17:35.695000,0 days 02:15:51.207000
2024-07-07 15:20:48.556,11543,215,5,100,False,0,car,0 days 01:17:36.015000,0 days 02:15:51.527000
2024-07-07 15:20:48.916,10334,224,6,100,False,0,car,0 days 01:17:36.375000,0 days 02:15:51.887000
2024-07-07 15:20:49.076,10334,228,6,100,False,0,car,0 days 01:17:36.535000,0 days 02:15:52.047000
2024-07-07 15:20:49.276,10651,232,6,100,False,0,car,0 days 01:17:36.735000,0 days 02:15:52.247000
2024-07-07 15:20:49.556,10933,237,6,100,False,0,car,0 days 01:17:37.015000,0 days 02:15:52.527000
2024-07-07 15:20:49.835,11101,241,6,100,False,0,car,0 days 01:17:37.294000,0 days 02:15:52.806000
2024-07-07 15:20:50.115,11315,246,6,100,False,0,car,0 days 01:17:37.574000,0 days 02:15:53.086000
2024-07-07 15:20:50.355,11452,249,6,100,False,0,car,0 days 01:17:37.814000,0 days 02:15:53.326000
2024-07-07 15:20:50.635,11649,255,6,100,False,0,car,0 days 01:17:38.094000,0 days 02:15:53.606000
2024-07-07 15:20:50.955,10610,258,7,100,False,0,car,0 days 01:17:38.414000,0 days 02:15:53.926000
2024-07-07 15:20:51.195,10495,263,7,100,False,0,car,0 days 01:17:38.654000,0 days 02:15:54.166000
2024-07-07 15:20:51.595,10713,266,7,100,False,0,car,0 days 01:17:39.054000,0 days 02:15:54.566000
2024-07-07 15:20:51.755,10755,269,7,100,False,0,car,0 days 01:17:39.214000,0 days 02:15:54.726000
2024-07-07 15:20:52.075,10895,272,7,100,False,0,car,0 days 01:17:39.534000,0 days 02:15:55.046000
2024-07-07 15:20:52.435,11009,275,7,100,False,0,car,0 days 01:17:39.894000,0 days 02:15:55.406000
2024-07-07 15:20:52.635,11083,277,7,100,False,0,car,0 days 01:17:40.094000,0 days 02:15:55.606000
2024-07-07 15:20:52.915,11193,279,7,100,False,0,car,0 days 01:17:40.374000,0 days 02:15:55.886000
2024-07-07 15:20:53.315,11322,282,7,100,False,0,car,0 days 01:17:40.774000,0 days 02:15:56.286000
2024-07-07 15:20:53.755,11428,285,7,100,False,0,car,0 days 01:17:41.214000,0 days 02:15:56.726000
2024-07-07 15:20:53.955,11481,286,7,100,False,0,car,0 days 01:17:41.414000,0 days 02:15:56.926000
2024-07-07 15:20:54.195,11513,287,7,100,False,0,car,0 days 01:17:41.654000,0 days 02:15:57.166000
2024-07-07 15:20:54.555,11495,288,7,100,False,0,car,0 days 01:17:42.014000,0 days 02:15:57.526000
2024-07-07 15:20:54.836,11518,289,7,100,False,0,car,0 days 01:17:42.295000,0 days 02:15:57.807000
2024-07-07 15:20:55.076,11553,289,7,100,False,0,car,0 days 01:17:42.535000,0 days 02:15:58.047000
2024-07-07 15:20:55.316,11519,288,7,100,False,0,car,0 days 01:17:42.775000,0 days 02:15:58.287000
2024-07-07 15:20:55.596,11529,289,7,100,False,0,car,0 days 01:17:43.055000,0 days 02:15:58.567000
2024-07-07 15:20:55.836,11508,288,7,100,False,0,car,0 days 01:17:43.295000,0 days 02:15:58.807000
2024-07-07 15:20:56.116,11462,288,7,100,False,0,car,0 days 01:17:43.575000,0 days 02:15:59.087000
2024-07-07 15:20:56.316,11451,286,7,100,False,0,car,0 days 01:17:43.775000,0 days 02:15:59.287000
2024-07-07 15:20:56.635,11378,285,7,100,False,0,car,0 days 01:17:44.094000,0 days 02:15:59.606000
2024-07-07 15:20:56.795,11318,284,7,100,False,0,car,0 days 01:17:44.254000,0 days 02:15:59.766000
2024-07-07 15:20:56.995,11161,283,7,100,False,0,car,0 days 01:17:44.454000,0 days 02:15:59.966000
2024-07-07 15:20:57.355,10339,261,7,0,True,0,car,0 days 01:17:44.814000,0 days 02:16:00.326000
2024-07-07 15:20:57.555,9412,241,7,0,True,0,car,0 days 01:17:45.014000,0 days 02:16:00.526000
2024-07-07 15:20:57.995,9679,205,6,0,True,0,car,0 days 01:17:45.454000,0 days 02:16:00.966000
2024-07-07 15:20:58.395,9500,183,5,0,True,0,car,0 days 01:17:45.854000,0 days 02:16:01.366000
2024-07-07 15:20:58.635,9204,174,5,0,True,0,car,0 days 01:17:46.094000,0 days 02:16:01.606000
2024-07-07 15:20:58.915,8814,169,5,0,True,0,car,0 days 01:17:46.374000,0 days 02:16:01.886000
2024-07-07 15:20:59.235,8544,161,5,1,False,0,car,0 days 01:17:46.694000,0 days 02:16:02.206000
2024-07-07 15:20:59.515,8393,157,5,4,False,0,car,0 days 01:17:46.974000,0 days 02:16:02.486000
2024-07-07 15:20:59.715,7975,154,5,11,False,0,car,0 days 01:17:47.174000,0 days 02:16:02.686000
2024-07-07 15:20:59.995,8129,151,5,30,False,0,car,0 days 01:17:47.454000,0 days 02:16:02.966000
2024-07-07 15:21:00.395,8401,155,5,59,False,0,car,0 days 01:17:47.854000,0 days 02:16:03.366000
2024-07-07 15:21:00.675,8744,161,5,76,False,0,car,0 days 01:17:48.134000,0 days 02:16:03.646000
2024-07-07 15:21:00.915,9123,168,5,80,False,0,car,0 days 01:17:48.374000,0 days 02:16:03.886000
2024-07-07 15:21:01.316,9599,179,5,100,False,0,car,0 days 01:17:48.775000,0 days 02:16:04.287000
2024-07-07 15:21:01.636,8850,169,5,0,True,0,car,0 days 01:17:49.095000,0 days 02:16:04.607000
2024-07-07 15:21:01.876,9008,156,5,0,True,0,car,0 days 01:17:49.335000,0 days 02:16:04.847000
2024-07-07 15:21:02.316,8712,141,4,0,True,0,car,0 days 01:17:49.775000,0 days 02:16:05.287000
2024-07-07 15:21:02.476,8521,137,4,0,True,0,car,0 days 01:17:49.935000,0 days 02:16:05.447000
2024-07-07 15:21:02.756,8221,130,4,0,False,0,car,0 days 01:17:50.215000,0 days 02:16:05.727000
2024-07-07 15:21:02.916,7911,127,4,0,False,0,car,0 days 01:17:50.375000,0 days 02:16:05.887000
2024-07-07 15:21:03.076,7911,124,4,0,False,0,car,0 days 01:17:50.535000,0 days 02:16:06.047000
2024-07-07 15:21:03.475,7439,118,4,0,False,0,car,0 days 01:17:50.934000,0 days 02:16:06.446000
2024-07-07 15:21:03.715,7201,115,4,0,True,0,car,0 days 01:17:51.174000,0 days 02:16:06.686000
2024-07-07 15:21:03.995,6903,109,4,0,False,0,car,0 days 01:17:51.454000,0 days 02:16:06.966000
2024-07-07 15:21:04.395,7194,111,4,43,False,0,car,0 days 01:17:51.854000,0 days 02:16:07.366000
2024-07-07 15:21:04.555,7332,113,4,46,False,0,car,0 days 01:17:52.014000,0 days 02:16:07.526000
2024-07-07 15:21:04.755,7536,115,4,49,False,0,car,0 days 01:17:52.214000,0 days 02:16:07.726000
2024-07-07 15:21:04.955,7785,117,4,52,False,0,car,0 days 01:17:52.414000,0 days 02:16:07.926000
2024-07-07 15:21:05.115,8052,121,4,56,False,0,car,0 days 01:17:52.574000,0 days 02:16:08.086000
2024-07-07 15:21:05.555,8701,130,4,67,False,0,car,0 days 01:17:53.014000,0 days 02:16:08.526000
2024-07-07 15:21:05.795,9270,139,4,73,False,0,car,0 days 01:17:53.254000,0 days 02:16:08.766000
2024-07-07 15:21:06.035,9608,145,4,83,False,0,car,0 days 01:17:53.494000,0 days 02:16:09.006000
2024-07-07 15:21:06.235,10053,152,4,86,False,0,car,0 days 01:17:53.694000,0 days 02:16:09.206000
2024-07-07 15:21:06.595,11036,169,4,100,False,0,car,0 days 01:17:54.054000,0 days 02:16:09.566000
2024-07-07 15:21:07.035,10561,182,4,100,False,0,car,0 days 01:17:54.494000,0 days 02:16:10.006000
2024-07-07 15:21:07.475,10781,203,5,100,False,0,car,0 days 01:17:54.934000,0 days 02:16:10.446000
2024-07-07 15:21:07.756,11403,209,5,100,False,0,car,0 days 01:17:55.215000,0 days 02:16:10.727000
2024-07-07 15:21:08.036,11507,214,5,100,False,0,car,0 days 01:17:55.495000,0 days 02:16:11.007000
2024-07-07 15:21:08.236,11933,223,5,100,False,0,car,0 days 01:17:55.695000,0 days 02:16:11.207000
2024-07-07 15:21:08.476,10767,231,6,100,False,0,car,0 days 01:17:55.935000,0 days 02:16:11.447000
2024-07-07 15:21:08.716,10860,235,6,100,False,0,car,0 days 01:17:56.175000,0 days 02:16:11.687000
2024-07-07 15:21:09.076,11090,244,6,100,False,0,car,0 days 01:17:56.535000,0 days 02:16:12.047000
2024-07-07 15:21:09.316,11369,247,6,100,False,0,car,0 days 01:17:56.775000,0 days 02:16:12.287000
2024-07-07 15:21:09.476,11422,251,6,100,False,0,car,0 days 01:17:56.935000,0 days 02:16:12.447000
2024-07-07 15:21:09.716,11637,254,6,100,False,0,car,0 days 01:17:57.175000,0 days 02:16:12.687000
2024-07-07 15:21:09.876,11715,256,6,100,False,0,car,0 days 01:17:57.335000,0 days 02:16:12.847000
2024-07-07 15:21:10.035,10834,258,6,100,False,0,car,0 days 01:17:57.494000,0 days 02:16:13.006000
2024-07-07 15:21:10.315,10482,260,7,100,False,0,car,0 days 01:17:57.774000,0 days 02:16:13.286000
2024-07-07 15:21:10.515,10565,263,7,100,False,0,car,0 days 01:17:57.974000,0 days 02:16:13.486000
2024-07-07 15:21:10.875,10786,270,7,100,False,0,car,0 days 01:17:58.334000,0 days 02:16:13.846000
2024-07-07 15:21:11.115,10941,272,7,100,False,0,car,0 days 01:17:58.574000,0 days 02:16:14.086000
2024-07-07 15:21:11.315,11028,274,7,100,False,0,car,0 days 01:17:58.774000,0 days 02:16:14.286000
2024-07-07 15:21:11.675,11108,277,7,100,False,0,car,0 days 01:17:59.134000,0 days 02:16:14.646000
2024-07-07 15:21:11.875,11183,280,7,100,False,0,car,0 days 01:17:59.334000,0 days 02:16:14.846000
2024-07-07 15:21:12.195,11327,282,7,100,False,0,car,0 days 01:17:59.654000,0 days 02:16:15.166000
2024-07-07 15:21:12.355,11339,284,7,100,False,0,car,0 days 01:17:59.814000,0 days 02:16:15.326000
2024-07-07 15:21:12.515,11414,285,7,100,False,0,car,0 days 01:17:59.974000,0 days 02:16:15.486000
2024-07-07 15:21:12.795,11514,286,7,100,False,0,car,0 days 01:18:00.254000,0 days 02:16:15.766000
2024-07-07 15:21:13.235,11577,289,7,100,False,0,car,0 days 01:18:00.694000,0 days 02:16:16.206000
2024-07-07 15:21:13.395,11600,289,7,100,False,0,car,0 days 01:18:00.854000,0 days 02:16:16.366000
2024-07-07 15:21:13.795,11598,292,7,100,False,0,car,0 days 01:18:01.254000,0 days 02:16:16.766000
2024-07-07 15:21:13.955,11670,292,7,100,False,0,car,0 days 01:18:01.414000,0 days 02:16:16.926000
2024-07-07 15:21:14.195,11686,291,7,100,False,0,car,0 days 01:18:01.654000,0 days 02:16:17.166000
2024-07-07 15:21:14.356,11670,292,7,100,False,0,car,0 days 01:18:01.815000,0 days 02:16:17.327000
2024-07-07 15:21:14.596,11699,292,7,100,False,0,car,0 days 01:18:02.055000,0 days 02:16:17.567000
2024-07-07 15:21:14.756,11695,292,7,100,False,0,car,0 days 01:18:02.215000,0 days 02:16:17.727000
2024-07-07 15:21:14.956,11683,292,7,100,False,0,car,0 days 01:18:02.415000,0 days 02:16:17.927000
2024-07-07 15:21:15.156,11700,293,7,100,False,0,car,0 days 01:18:02.615000,0 days 02:16:18.127000
2024-07-07 15:21:15.436,11651,292,7,100,False,0,car,0 days 01:18:02.895000,0 days 02:16:18.407000
2024-07-07 15:21:15.676,11622,291,7,100,False,0,car,0 days 01:18:03.135000,0 days 02:16:18.647000
2024-07-07 15:21:15.876,11576,290,7,100,False,0,car,0 days 01:18:03.335000,0 days 02:16:18.847000
2024-07-07 15:21:16.036,11547,289,7,100,False,0,car,0 days 01:18:03.495000,0 days 02:16:19.007000
2024-07-07 15:21:16.276,11513,288,7,100,False,0,car,0 days 01:18:03.735000,0 days 02:16:19.247000
2024-07-07 15:21:16.516,11488,286,7,84,False,0,car,0 days 01:18:03.975000,0 days 02:16:19.487000
2024-07-07 15:21:16.755,11401,283,7,77,False,0,car,0 days 01:18:04.214000,0 days 02:16:19.726000
2024-07-07 15:21:17.075,11249,279,7,78,False,0,car,0 days 01:18:04.534000,0 days 02:16:20.046000
2024-07-07 15:21:17.395,11167,277,7,86,False,0,car,0 days 01:18:04.854000,0 days 02:16:20.366000
2024-07-07 15:21:17.555,11082,277,7,92,False,0,car,0 days 01:18:05.014000,0 days 02:16:20.526000
2024-07-07 15:21:18.035,10954,272,7,100,False,0,car,0 days 01:18:05.494000,0 days 02:16:21.006000
2024-07-07 15:21:18.235,10954,270,7,100,False,0,car,0 days 01:18:05.694000,0 days 02:16:21.206000
2024-07-07 15:21:18.515,10831,270,7,100,False,0,car,0 days 01:18:05.974000,0 days 02:16:21.486000
2024-07-07 15:21:18.715,10854,270,7,100,False,0,car,0 days 01:18:06.174000,0 days 02:16:21.686000
2024-07-07 15:21:19.035,10857,271,7,100,False,0,car,0 days 01:18:06.494000,0 days 02:16:22.006000
2024-07-07 15:21:19.395,10991,272,7,100,False,0,car,0 days 01:18:06.854000,0 days 02:16:22.366000
2024-07-07 15:21:19.675,11009,274,7,100,False,0,car,0 days 01:18:07.134000,0 days 02:16:22.646000
2024-07-07 15:21:19.835,11037,274,7,100,False,0,car,0 days 01:18:07.294000,0 days 02:16:22.806000
2024-07-07 15:21:20.035,11122,277,7,100,False,0,car,0 days 01:18:07.494000,0 days 02:16:23.006000
2024-07-07 15:21:20.195,11161,278,7,100,False,0,car,0 days 01:18:07.654000,0 days 02:16:23.166000
2024-07-07 15:21:20.435,11222,280,7,100,False,0,car,0 days 01:18:07.894000,0 days 02:16:23.406000
2024-07-07 15:21:20.755,11270,282,7,100,False,0,car,0 days 01:18:08.214000,0 days 02:16:23.726000
2024-07-07 15:21:21.076,11413,285,7,100,False,0,car,0 days 01:18:08.535000,0 days 02:16:24.047000
2024-07-07 15:21:21.276,11445,286,7,100,False,0,car,0 days 01:18:08.735000,0 days 02:16:24.247000
2024-07-07 15:21:21.596,11542,288,7,100,False,0,car,0 days 01:18:09.055000,0 days 02:16:24.567000
2024-07-07 15:21:21.836,11580,289,7,100,False,0,car,0 days 01:18:09.295000,0 days 02:16:24.807000
2024-07-07 15:21:22.196,11662,291,7,100,False,0,car,0 days 01:18:09.655000,0 days 02:16:25.167000
2024-07-07 15:21:22.436,11712,292,7,100,False,0,car,0 days 01:18:09.895000,0 days 02:16:25.407000
2024-07-07 15:21:22.596,11739,294,7,100,False,0,car,0 days 01:18:10.055000,0 days 02:16:25.567000
2024-07-07 15:21:22.836,11809,295,7,100,False,0,car,0 days 01:18:10.295000,0 days 02:16:25.807000
2024-07-07 15:21:23.036,11822,295,7,100,False,0,car,0 days 01:18:10.495000,0 days 02:16:26.007000
2024-07-07 15:21:23.236,11825,296,7,100,False,0,car,0 days 01:18:10.695000,0 days 02:16:26.207000
2024-07-07 15:21:23.475,11856,296,7,100,False,0,car,0 days 01:18:10.934000,0 days 02:16:26.446000
2024-07-07 15:21:23.835,11833,296,7,100,False,0,car,0 days 01:18:11.294000,0 days 02:16:26.806000
2024-07-07 15:21:24.155,11821,296,7,100,False,0,car,0 days 01:18:11.614000,0 days 02:16:27.126000
2024-07-07 15:21:24.555,11829,294,7,99,False,0,car,0 days 01:18:12.014000,0 days 02:16:27.526000
2024-07-07 15:21:24.795,11792,294,7,81,False,0,car,0 days 01:18:12.254000,0 days 02:16:27.766000
2024-07-07 15:21:24.955,11699,295,7,76,False,0,car,0 days 01:18:12.414000,0 days 02:16:27.926000
2024-07-07 15:21:25.195,11648,290,7,70,False,0,car,0 days 01:18:12.654000,0 days 02:16:28.166000
2024-07-07 15:21:25.395,11483,285,7,72,False,0,car,0 days 01:18:12.854000,0 days 02:16:28.366000
2024-07-07 15:21:25.715,11443,283,7,80,False,0,car,0 days 01:18:13.174000,0 days 02:16:28.686000
2024-07-07 15:21:25.995,11284,281,7,100,False,0,car,0 days 01:18:13.454000,0 days 02:16:28.966000
2024-07-07 15:21:26.235,11253,280,7,100,False,0,car,0 days 01:18:13.694000,0 days 02:16:29.206000
2024-07-07 15:21:26.475,11198,281,7,100,False,0,car,0 days 01:18:13.934000,0 days 02:16:29.446000
2024-07-07 15:21:26.755,11268,281,7,100,False,0,car,0 days 01:18:14.214000,0 days 02:16:29.726000
2024-07-07 15:21:26.995,10924,276,7,19,True,0,car,0 days 01:18:14.454000,0 days 02:16:29.966000
2024-07-07 15:21:27.195,10573,266,7,0,True,0,car,0 days 01:18:14.654000,0 days 02:16:30.166000
2024-07-07 15:21:27.476,10232,255,7,16,False,0,car,0 days 01:18:14.935000,0 days 02:16:30.447000
2024-07-07 15:21:27.876,10056,247,7,55,False,0,car,0 days 01:18:15.335000,0 days 02:16:30.847000
2024-07-07 15:21:28.036,9937,246,7,58,False,0,car,0 days 01:18:15.495000,0 days 02:16:31.007000
2024-07-07 15:21:28.276,9790,243,7,58,False,0,car,0 days 01:18:15.735000,0 days 02:16:31.247000
2024-07-07 15:21:28.596,9431,227,7,0,True,0,car,0 days 01:18:16.055000,0 days 02:16:31.567000
2024-07-07 15:21:28.796,9980,221,7,0,False,0,car,0 days 01:18:16.255000,0 days 02:16:31.767000
2024-07-07 15:21:29.036,10249,215,6,50,False,0,car,0 days 01:18:16.495000,0 days 02:16:32.007000
2024-07-07 15:21:29.196,9779,213,6,47,False,0,car,0 days 01:18:16.655000,0 days 02:16:32.167000
2024-07-07 15:21:29.396,9688,212,6,51,False,0,car,0 days 01:18:16.855000,0 days 02:16:32.367000
2024-07-07 15:21:29.636,9733,212,6,74,False,0,car,0 days 01:18:17.095000,0 days 02:16:32.607000
2024-07-07 15:21:29.956,9875,211,6,83,False,0,car,0 days 01:18:17.415000,0 days 02:16:32.927000
2024-07-07 15:21:30.155,9846,213,6,92,False,0,car,0 days 01:18:17.614000,0 days 02:16:33.126000
2024-07-07 15:21:30.315,10040,215,6,92,False,0,car,0 days 01:18:17.774000,0 days 02:16:33.286000
2024-07-07 15:21:30.515,10247,219,6,100,False,0,car,0 days 01:18:17.974000,0 days 02:16:33.486000
2024-07-07 15:21:30.675,10302,223,6,100,False,0,car,0 days 01:18:18.134000,0 days 02:16:33.646000
2024-07-07 15:21:30.875,10433,228,6,100,False,0,car,0 days 01:18:18.334000,0 days 02:16:33.846000
2024-07-07 15:21:31.155,10740,231,6,100,False,0,car,0 days 01:18:18.614000,0 days 02:16:34.126000
2024-07-07 15:21:31.595,11021,242,6,100,False,0,car,0 days 01:18:19.054000,0 days 02:16:34.566000
2024-07-07 15:21:31.835,11292,244,6,100,False,0,car,0 days 01:18:19.294000,0 days 02:16:34.806000
2024-07-07 15:21:32.195,11507,251,6,100,False,0,car,0 days 01:18:19.654000,0 days 02:16:35.166000
2024-07-07 15:21:32.475,11617,253,6,100,False,0,car,0 days 01:18:19.934000,0 days 02:16:35.446000
2024-07-07 15:21:32.675,11742,256,6,100,False,0,car,0 days 01:18:20.134000,0 days 02:16:35.646000
2024-07-07 15:21:33.035,10596,261,7,100,False,0,car,0 days 01:18:20.494000,0 days 02:16:36.006000
2024-07-07 15:21:33.435,10641,263,7,100,False,0,car,0 days 01:18:20.894000,0 days 02:16:36.406000
2024-07-07 15:21:33.675,10748,269,7,100,False,0,car,0 days 01:18:21.134000,0 days 02:16:36.646000
2024-07-07 15:21:34.076,10920,273,7,100,False,0,car,0 days 01:18:21.535000,0 days 02:16:37.047000
2024-07-07 15:21:34.316,11005,275,7,100,False,0,car,0 days 01:18:21.775000,0 days 02:16:37.287000
2024-07-07 15:21:34.636,11136,277,7,100,False,0,car,0 days 01:18:22.095000,0 days 02:16:37.607000
2024-07-07 15:21:34.796,11207,280,7,100,False,0,car,0 days 01:18:22.255000,0 days 02:16:37.767000
2024-07-07 15:21:35.076,11292,282,7,100,False,0,car,0 days 01:18:22.535000,0 days 02:16:38.047000
2024-07-07 15:21:35.276,11327,283,7,100,False,0,car,0 days 01:18:22.735000,0 days 02:16:38.247000
2024-07-07 15:21:35.556,11429,286,7,100,False,0,car,0 days 01:18:23.015000,0 days 02:16:38.527000
2024-07-07 15:21:35.796,11480,287,7,100,False,0,car,0 days 01:18:23.255000,0 days 02:16:38.767000
2024-07-07 15:21:36.076,11511,289,7,100,False,0,car,0 days 01:18:23.535000,0 days 02:16:39.047000
2024-07-07 15:21:36.236,11591,289,7,100,False,0,car,0 days 01:18:23.695000,0 days 02:16:39.207000
2024-07-07 15:21:36.636,11630,292,7,100,False,0,car,0 days 01:18:24.095000,0 days 02:16:39.607000
2024-07-07 15:21:36.796,11687,292,7,100,False,0,car,0 days 01:18:24.255000,0 days 02:16:39.767000
2024-07-07 15:21:36.955,11730,293,7,100,False,0,car,0 days 01:18:24.414000,0 days 02:16:39.926000
2024-07-07 15:21:37.195,11751,293,7,100,False,0,car,0 days 01:18:24.654000,0 days 02:16:40.166000
2024-07-07 15:21:37.475,11756,294,7,100,False,0,car,0 days 01:18:24.934000,0 days 02:16:40.446000
2024-07-07 15:21:37.875,10362,295,8,100,False,0,car,0 days 01:18:25.334000,0 days 02:16:40.846000
2024-07-07 15:21:38.315,10475,296,8,100,False,0,car,0 days 01:18:25.774000,0 days 02:16:41.286000
2024-07-07 15:21:38.675,10506,296,8,100,False,0,car,0 days 01:18:26.134000,0 days 02:16:41.646000
2024-07-07 15:21:39.075,10494,295,8,100,False,0,car,0 days 01:18:26.534000,0 days 02:16:42.046000
2024-07-07 15:21:39.395,10486,295,8,100,False,0,car,0 days 01:18:26.854000,0 days 02:16:42.366000
2024-07-07 15:21:39.635,10417,295,8,100,False,0,car,0 days 01:18:27.094000,0 days 02:16:42.606000
2024-07-07 15:21:39.835,10430,293,8,100,False,0,car,0 days 01:18:27.294000,0 days 02:16:42.806000
2024-07-07 15:21:40.235,10383,291,8,100,False,0,car,0 days 01:18:27.694000,0 days 02:16:43.206000
2024-07-07 15:21:40.555,10318,291,8,100,False,0,car,0 days 01:18:28.014000,0 days 02:16:43.526000
2024-07-07 15:21:40.756,10220,289,8,100,False,0,car,0 days 01:18:28.215000,0 days 02:16:43.727000
2024-07-07 15:21:41.156,10121,287,8,100,False,0,car,0 days 01:18:28.615000,0 days 02:16:44.127000
2024-07-07 15:21:41.396,10109,285,8,100,False,0,car,0 days 01:18:28.855000,0 days 02:16:44.367000
2024-07-07 15:21:41.596,10027,284,8,100,False,0,car,0 days 01:18:29.055000,0 days 02:16:44.567000
2024-07-07 15:21:41.876,10104,273,8,0,True,0,car,0 days 01:18:29.335000,0 days 02:16:44.847000
2024-07-07 15:21:42.276,9718,252,8,0,True,0,car,0 days 01:18:29.735000,0 days 02:16:45.247000
2024-07-07 15:21:42.436,9544,244,7,0,True,0,car,0 days 01:18:29.895000,0 days 02:16:45.407000
2024-07-07 15:21:42.596,9612,235,7,0,True,0,car,0 days 01:18:30.055000,0 days 02:16:45.567000
2024-07-07 15:21:42.876,10463,225,6,4,False,0,car,0 days 01:18:30.335000,0 days 02:16:45.847000
2024-07-07 15:21:43.116,10159,221,6,41,False,0,car,0 days 01:18:30.575000,0 days 02:16:46.087000
2024-07-07 15:21:43.516,10061,218,6,69,False,0,car,0 days 01:18:30.975000,0 days 02:16:46.487000
2024-07-07 15:21:43.755,10254,219,6,89,False,0,car,0 days 01:18:31.214000,0 days 02:16:46.726000
2024-07-07 15:21:44.035,10410,224,6,100,False,0,car,0 days 01:18:31.494000,0 days 02:16:47.006000
2024-07-07 15:21:44.235,10562,227,6,100,False,0,car,0 days 01:18:31.694000,0 days 02:16:47.206000
2024-07-07 15:21:44.675,10783,236,6,100,False,0,car,0 days 01:18:32.134000,0 days 02:16:47.646000
2024-07-07 15:21:44.835,10930,237,6,100,False,0,car,0 days 01:18:32.294000,0 days 02:16:47.806000
2024-07-07 15:21:45.075,11086,242,6,100,False,0,car,0 days 01:18:32.534000,0 days 02:16:48.046000
2024-07-07 15:21:45.315,11263,244,6,100,False,0,car,0 days 01:18:32.774000,0 days 02:16:48.286000
2024-07-07 15:21:45.555,11340,248,6,100,False,0,car,0 days 01:18:33.014000,0 days 02:16:48.526000
2024-07-07 15:21:45.915,11662,255,6,100,False,0,car,0 days 01:18:33.374000,0 days 02:16:48.886000
2024-07-07 15:21:46.075,11708,256,6,100,False,0,car,0 days 01:18:33.534000,0 days 02:16:49.046000
2024-07-07 15:21:46.395,10868,261,7,100,False,0,car,0 days 01:18:33.854000,0 days 02:16:49.366000
2024-07-07 15:21:46.555,10584,262,7,100,False,0,car,0 days 01:18:34.014000,0 days 02:16:49.526000
2024-07-07 15:21:46.835,10576,265,7,100,False,0,car,0 days 01:18:34.294000,0 days 02:16:49.806000
2024-07-07 15:21:47.075,10637,266,7,100,False,0,car,0 days 01:18:34.534000,0 days 02:16:50.046000
2024-07-07 15:21:47.316,10689,267,7,100,False,0,car,0 days 01:18:34.775000,0 days 02:16:50.287000
2024-07-07 15:21:47.556,10751,268,7,100,False,0,car,0 days 01:18:35.015000,0 days 02:16:50.527000
2024-07-07 15:21:47.836,10743,268,7,100,False,0,car,0 days 01:18:35.295000,0 days 02:16:50.807000
2024-07-07 15:21:48.196,10711,267,7,100,False,0,car,0 days 01:18:35.655000,0 days 02:16:51.167000
2024-07-07 15:21:48.476,10696,268,7,100,False,0,car,0 days 01:18:35.935000,0 days 02:16:51.447000
2024-07-07 15:21:48.796,9840,243,7,0,True,0,car,0 days 01:18:36.255000,0 days 02:16:51.767000
2024-07-07 15:21:49.036,8712,219,7,0,True,0,car,0 days 01:18:36.495000,0 days 02:16:52.007000
2024-07-07 15:21:49.196,8917,195,7,0,True,0,car,0 days 01:18:36.655000,0 days 02:16:52.167000
2024-07-07 15:21:49.476,8903,165,6,0,True,0,car,0 days 01:18:36.935000,0 days 02:16:52.447000
2024-07-07 15:21:49.796,8942,144,4,0,True,0,car,0 days 01:18:37.255000,0 days 02:16:52.767000
2024-07-07 15:21:49.956,8331,139,4,0,True,0,car,0 days 01:18:37.415000,0 days 02:16:52.927000
2024-07-07 15:21:50.196,9238,125,3,0,True,0,car,0 days 01:18:37.655000,0 days 02:16:53.167000
2024-07-07 15:21:50.475,8462,115,3,0,True,0,car,0 days 01:18:37.934000,0 days 02:16:53.446000
2024-07-07 15:21:50.875,7833,104,3,0,False,0,car,0 days 01:18:38.334000,0 days 02:16:53.846000
2024-07-07 15:21:51.035,7660,104,3,2,False,0,car,0 days 01:18:38.494000,0 days 02:16:54.006000
2024-07-07 15:21:51.195,7720,101,3,6,False,0,car,0 days 01:18:38.654000,0 days 02:16:54.166000
2024-07-07 15:21:51.435,7609,101,3,29,False,0,car,0 days 01:18:38.894000,0 days 02:16:54.406000
2024-07-07 15:21:51.595,7860,102,3,37,False,0,car,0 days 01:18:39.054000,0 days 02:16:54.566000
2024-07-07 15:21:51.915,8143,107,3,44,False,0,car,0 days 01:18:39.374000,0 days 02:16:54.886000
2024-07-07 15:21:52.315,8098,114,3,41,False,0,car,0 days 01:18:39.774000,0 days 02:16:55.286000
2024-07-07 15:21:52.595,7329,112,4,7,False,0,car,0 days 01:18:40.054000,0 days 02:16:55.566000
2024-07-07 15:21:52.835,7144,111,4,16,False,0,car,0 days 01:18:40.294000,0 days 02:16:55.806000
2024-07-07 15:21:52.995,7302,112,4,35,False,0,car,0 days 01:18:40.454000,0 days 02:16:55.966000
2024-07-07 15:21:53.235,7525,112,4,44,False,0,car,0 days 01:18:40.694000,0 days 02:16:56.206000
2024-07-07 15:21:53.555,7747,119,4,64,False,0,car,0 days 01:18:41.014000,0 days 02:16:56.526000
2024-07-07 15:21:53.916,8565,130,4,65,False,0,car,0 days 01:18:41.375000,0 days 02:16:56.887000
2024-07-07 15:21:54.116,9162,137,4,72,False,0,car,0 days 01:18:41.575000,0 days 02:16:57.087000
2024-07-07 15:21:54.356,9547,143,4,79,False,0,car,0 days 01:18:41.815000,0 days 02:16:57.327000
2024-07-07 15:21:54.516,9666,151,4,83,False,0,car,0 days 01:18:41.975000,0 days 02:16:57.487000
2024-07-07 15:21:54.756,10391,159,4,93,False,0,car,0 days 01:18:42.215000,0 days 02:16:57.727000
2024-07-07 15:21:55.116,11170,176,4,100,False,0,car,0 days 01:18:42.575000,0 days 02:16:58.087000
2024-07-07 15:21:55.436,11340,187,4,100,False,0,car,0 days 01:18:42.895000,0 days 02:16:58.407000
2024-07-07 15:21:55.636,10600,194,5,100,False,0,car,0 days 01:18:43.095000,0 days 02:16:58.607000
2024-07-07 15:21:55.836,10875,200,5,100,False,0,car,0 days 01:18:43.295000,0 days 02:16:58.807000
2024-07-07 15:21:55.996,11154,200,5,100,False,0,car,0 days 01:18:43.455000,0 days 02:16:58.967000
2024-07-07 15:21:56.396,11677,217,5,100,False,0,car,0 days 01:18:43.855000,0 days 02:16:59.367000
2024-07-07 15:21:56.676,11083,224,5,100,False,0,car,0 days 01:18:44.135000,0 days 02:16:59.647000
2024-07-07 15:21:57.035,10629,231,6,100,False,0,car,0 days 01:18:44.494000,0 days 02:17:00.006000
2024-07-07 15:21:57.235,10862,233,6,100,False,0,car,0 days 01:18:44.694000,0 days 02:17:00.206000
2024-07-07 15:21:57.435,10956,237,6,100,False,0,car,0 days 01:18:44.894000,0 days 02:17:00.406000
2024-07-07 15:21:57.635,11077,240,6,100,False,0,car,0 days 01:18:45.094000,0 days 02:17:00.606000
2024-07-07 15:21:58.035,11378,247,6,100,False,0,car,0 days 01:18:45.494000,0 days 02:17:01.006000
2024-07-07 15:21:58.355,11617,252,6,100,False,0,car,0 days 01:18:45.814000,0 days 02:17:01.326000
2024-07-07 15:21:58.555,11745,256,6,100,False,0,car,0 days 01:18:46.014000,0 days 02:17:01.526000
2024-07-07 15:21:58.875,10345,262,6,100,False,0,car,0 days 01:18:46.334000,0 days 02:17:01.846000
2024-07-07 15:21:59.035,10677,263,6,100,False,0,car,0 days 01:18:46.494000,0 days 02:17:02.006000
2024-07-07 15:21:59.235,10732,266,7,100,False,0,car,0 days 01:18:46.694000,0 days 02:17:02.206000
2024-07-07 15:21:59.475,10790,270,7,100,False,0,car,0 days 01:18:46.934000,0 days 02:17:02.446000
2024-07-07 15:21:59.675,10891,273,7,100,False,0,car,0 days 01:18:47.134000,0 days 02:17:02.646000
2024-07-07 15:21:59.915,10998,275,7,100,False,0,car,0 days 01:18:47.374000,0 days 02:17:02.886000
2024-07-07 15:22:00.115,11108,276,7,100,False,0,car,0 days 01:18:47.574000,0 days 02:17:03.086000
2024-07-07 15:22:00.356,11191,278,7,100,False,0,car,0 days 01:18:47.815000,0 days 02:17:03.327000
2024-07-07 15:22:00.556,11267,281,7,100,False,0,car,0 days 01:18:48.015000,0 days 02:17:03.527000
2024-07-07 15:22:00.716,11337,283,7,100,False,0,car,0 days 01:18:48.175000,0 days 02:17:03.687000
2024-07-07 15:22:00.916,11382,284,7,100,False,0,car,0 days 01:18:48.375000,0 days 02:17:03.887000
2024-07-07 15:22:01.156,11470,286,7,100,False,0,car,0 days 01:18:48.615000,0 days 02:17:04.127000
2024-07-07 15:22:01.436,11550,288,7,100,False,0,car,0 days 01:18:48.895000,0 days 02:17:04.407000
2024-07-07 15:22:01.756,11653,290,7,100,False,0,car,0 days 01:18:49.215000,0 days 02:17:04.727000
2024-07-07 15:22:02.116,10699,294,7,100,False,0,car,0 days 01:18:49.575000,0 days 02:17:05.087000
2024-07-07 15:22:02.516,10535,296,8,100,False,0,car,0 days 01:18:49.975000,0 days 02:17:05.487000
2024-07-07 15:22:02.716,10576,297,8,100,False,0,car,0 days 01:18:50.175000,0 days 02:17:05.687000
2024-07-07 15:22:02.996,10592,297,8,100,False,0,car,0 days 01:18:50.455000,0 days 02:17:05.967000
2024-07-07 15:22:03.156,10592,297,8,100,False,0,car,0 days 01:18:50.615000,0 days 02:17:06.127000
2024-07-07 15:22:03.396,10607,296,8,100,False,0,car,0 days 01:18:50.855000,0 days 02:17:06.367000
2024-07-07 15:22:03.835,10581,295,8,100,False,0,car,0 days 01:18:51.294000,0 days 02:17:06.806000
2024-07-07 15:22:04.075,10582,295,8,100,False,0,car,0 days 01:18:51.534000,0 days 02:17:07.046000
2024-07-07 15:22:04.395,10518,294,8,100,False,0,car,0 days 01:18:51.854000,0 days 02:17:07.366000
2024-07-07 15:22:04.675,10509,293,8,100,False,0,car,0 days 01:18:52.134000,0 days 02:17:07.646000
2024-07-07 15:22:04.955,10520,293,8,100,False,0,car,0 days 01:18:52.414000,0 days 02:17:07.926000
2024-07-07 15:22:05.155,10501,294,8,100,False,0,car,0 days 01:18:52.614000,0 days 02:17:08.126000
2024-07-07 15:22:05.315,10529,295,8,100,False,0,car,0 days 01:18:52.774000,0 days 02:17:08.286000
2024-07-07 15:22:05.515,10518,296,8,100,False,0,car,0 days 01:18:52.974000,0 days 02:17:08.486000
2024-07-07 15:22:05.755,10555,296,8,100,False,0,car,0 days 01:18:53.214000,0 days 02:17:08.726000
2024-07-07 15:22:06.075,10471,294,8,100,False,0,car,0 days 01:18:53.534000,0 days 02:17:09.046000
2024-07-07 15:22:06.275,10460,292,8,100,False,0,car,0 days 01:18:53.734000,0 days 02:17:09.246000
2024-07-07 15:22:06.435,10399,291,8,100,False,0,car,0 days 01:18:53.894000,0 days 02:17:09.406000
2024-07-07 15:22:06.715,10343,290,8,100,False,0,car,0 days 01:18:54.174000,0 days 02:17:09.686000
2024-07-07 15:22:07.076,10304,288,8,100,False,0,car,0 days 01:18:54.535000,0 days 02:17:10.047000
2024-07-07 15:22:07.276,10216,287,8,100,False,0,car,0 days 01:18:54.735000,0 days 02:17:10.247000
2024-07-07 15:22:07.516,10160,286,8,100,False,0,car,0 days 01:18:54.975000,0 days 02:17:10.487000
2024-07-07 15:22:07.716,10128,285,8,100,False,0,car,0 days 01:18:55.175000,0 days 02:17:10.687000
2024-07-07 15:22:07.916,10061,284,8,100,False,0,car,0 days 01:18:55.375000,0 days 02:17:10.887000
2024-07-07 15:22:08.116,9758,282,8,100,True,0,car,0 days 01:18:55.575000,0 days 02:17:11.087000
2024-07-07 15:22:08.316,9374,264,8,3,True,0,car,0 days 01:18:55.775000,0 days 02:17:11.287000
2024-07-07 15:22:08.516,8926,241,8,0,True,0,car,0 days 01:18:55.975000,0 days 02:17:11.487000
2024-07-07 15:22:08.916,8796,192,8,0,True,0,car,0 days 01:18:56.375000,0 days 02:17:11.887000
2024-07-07 15:22:09.116,8983,174,6,0,True,0,car,0 days 01:18:56.575000,0 days 02:17:12.087000
2024-07-07 15:22:09.356,8792,166,5,0,True,0,car,0 days 01:18:56.815000,0 days 02:17:12.327000
2024-07-07 15:22:09.556,8862,148,4,0,True,0,car,0 days 01:18:57.015000,0 days 02:17:12.527000
2024-07-07 15:22:09.716,8244,142,4,0,True,0,car,0 days 01:18:57.175000,0 days 02:17:12.687000
2024-07-07 15:22:09.916,7956,130,4,0,True,0,car,0 days 01:18:57.375000,0 days 02:17:12.887000
2024-07-07 15:22:10.076,7715,125,4,0,True,0,car,0 days 01:18:57.535000,0 days 02:17:13.047000
2024-07-07 15:22:10.396,7269,119,4,0,True,0,car,0 days 01:18:57.855000,0 days 02:17:13.367000
2024-07-07 15:22:10.755,6906,112,4,0,False,0,car,0 days 01:18:58.214000,0 days 02:17:13.726000
2024-07-07 15:22:10.995,6968,108,4,0,False,0,car,0 days 01:18:58.454000,0 days 02:17:13.966000
2024-07-07 15:22:11.355,7033,109,4,35,False,0,car,0 days 01:18:58.814000,0 days 02:17:14.326000
2024-07-07 15:22:11.515,7095,111,4,37,False,0,car,0 days 01:18:58.974000,0 days 02:17:14.486000
2024-07-07 15:22:11.795,7411,114,4,42,False,0,car,0 days 01:18:59.254000,0 days 02:17:14.766000
2024-07-07 15:22:12.155,7760,119,4,51,False,0,car,0 days 01:18:59.614000,0 days 02:17:15.126000
2024-07-07 15:22:12.395,8216,123,4,58,False,0,car,0 days 01:18:59.854000,0 days 02:17:15.366000
2024-07-07 15:22:12.555,8400,128,4,63,False,0,car,0 days 01:19:00.014000,0 days 02:17:15.526000
2024-07-07 15:22:12.715,8792,133,4,69,False,0,car,0 days 01:19:00.174000,0 days 02:17:15.686000
2024-07-07 15:22:13.035,9104,144,4,77,False,0,car,0 days 01:19:00.494000,0 days 02:17:16.006000
2024-07-07 15:22:13.395,8167,135,4,0,True,0,car,0 days 01:19:00.854000,0 days 02:17:16.366000
2024-07-07 15:22:13.636,8919,124,3,0,True,0,car,0 days 01:19:01.095000,0 days 02:17:16.607000
2024-07-07 15:22:13.876,8390,114,3,0,True,0,car,0 days 01:19:01.335000,0 days 02:17:16.847000
2024-07-07 15:22:14.036,8110,111,3,0,True,0,car,0 days 01:19:01.495000,0 days 02:17:17.007000
2024-07-07 15:22:14.196,7669,104,3,0,True,0,car,0 days 01:19:01.655000,0 days 02:17:17.167000
2024-07-07 15:22:14.476,7424,98,3,0,True,0,car,0 days 01:19:01.935000,0 days 02:17:17.447000
2024-07-07 15:22:14.636,7126,97,3,0,False,0,car,0 days 01:19:02.095000,0 days 02:17:17.607000
2024-07-07 15:22:14.796,6982,94,3,0,False,0,car,0 days 01:19:02.255000,0 days 02:17:17.767000
2024-07-07 15:22:15.076,6897,91,3,0,False,0,car,0 days 01:19:02.535000,0 days 02:17:18.047000
2024-07-07 15:22:15.356,6577,88,3,0,False,0,car,0 days 01:19:02.815000,0 days 02:17:18.327000
2024-07-07 15:22:15.516,6571,86,3,0,False,0,car,0 days 01:19:02.975000,0 days 02:17:18.487000
2024-07-07 15:22:15.796,6518,85,3,9,False,0,car,0 days 01:19:03.255000,0 days 02:17:18.767000
2024-07-07 15:22:15.996,6659,85,3,24,False,0,car,0 days 01:19:03.455000,0 days 02:17:18.967000
2024-07-07 15:22:16.196,6905,89,3,31,False,0,car,0 days 01:19:03.655000,0 days 02:17:19.167000
2024-07-07 15:22:16.596,7650,95,3,42,False,0,car,0 days 01:19:04.055000,0 days 02:17:19.567000
2024-07-07 15:22:16.796,7823,99,3,45,False,0,car,0 days 01:19:04.255000,0 days 02:17:19.767000
2024-07-07 15:22:17.195,8435,106,3,57,False,0,car,0 days 01:19:04.654000,0 days 02:17:20.166000
2024-07-07 15:22:17.355,9041,114,3,65,False,0,car,0 days 01:19:04.814000,0 days 02:17:20.326000
2024-07-07 15:22:17.635,8562,125,3,73,False,0,car,0 days 01:19:05.094000,0 days 02:17:20.606000
2024-07-07 15:22:17.995,9335,137,4,87,False,0,car,0 days 01:19:05.454000,0 days 02:17:20.966000
2024-07-07 15:22:18.235,10139,152,4,100,False,0,car,0 days 01:19:05.694000,0 days 02:17:21.206000
2024-07-07 15:22:18.555,10896,166,4,100,False,0,car,0 days 01:19:06.014000,0 days 02:17:21.526000
2024-07-07 15:22:18.755,11352,170,4,100,False,0,car,0 days 01:19:06.214000,0 days 02:17:21.726000
2024-07-07 15:22:19.235,10466,191,5,100,False,0,car,0 days 01:19:06.694000,0 days 02:17:22.206000
2024-07-07 15:22:19.675,11124,207,5,100,False,0,car,0 days 01:19:07.134000,0 days 02:17:22.646000
2024-07-07 15:22:19.835,11418,210,5,100,False,0,car,0 days 01:19:07.294000,0 days 02:17:22.806000
2024-07-07 15:22:20.116,11774,217,5,100,False,0,car,0 days 01:19:07.575000,0 days 02:17:23.087000
2024-07-07 15:22:20.356,10514,225,5,100,False,0,car,0 days 01:19:07.815000,0 days 02:17:23.327000
2024-07-07 15:22:20.516,10478,228,6,100,False,0,car,0 days 01:19:07.975000,0 days 02:17:23.487000
2024-07-07 15:22:20.756,10710,232,6,100,False,0,car,0 days 01:19:08.215000,0 days 02:17:23.727000
2024-07-07 15:22:21.036,10969,238,6,100,False,0,car,0 days 01:19:08.495000,0 days 02:17:24.007000
2024-07-07 15:22:21.236,11090,241,6,100,False,0,car,0 days 01:19:08.695000,0 days 02:17:24.207000
2024-07-07 15:22:21.396,11090,244,6,100,False,0,car,0 days 01:19:08.855000,0 days 02:17:24.367000
2024-07-07 15:22:21.556,11342,247,6,100,False,0,car,0 days 01:19:09.015000,0 days 02:17:24.527000
2024-07-07 15:22:21.916,11614,253,6,100,False,0,car,0 days 01:19:09.375000,0 days 02:17:24.887000
2024-07-07 15:22:22.116,11729,256,6,100,False,0,car,0 days 01:19:09.575000,0 days 02:17:25.087000
2024-07-07 15:22:22.516,10250,260,6,100,False,0,car,0 days 01:19:09.975000,0 days 02:17:25.487000
2024-07-07 15:22:22.956,10711,268,7,100,False,0,car,0 days 01:19:10.415000,0 days 02:17:25.927000
2024-07-07 15:22:23.236,10807,270,7,100,False,0,car,0 days 01:19:10.695000,0 days 02:17:26.207000
2024-07-07 15:22:23.476,10877,273,7,100,False,0,car,0 days 01:19:10.935000,0 days 02:17:26.447000
2024-07-07 15:22:23.756,10992,273,7,100,False,0,car,0 days 01:19:11.215000,0 days 02:17:26.727000
2024-07-07 15:22:23.915,11087,276,7,100,False,0,car,0 days 01:19:11.374000,0 days 02:17:26.886000
2024-07-07 15:22:24.195,11168,280,7,100,False,0,car,0 days 01:19:11.654000,0 days 02:17:27.166000
2024-07-07 15:22:24.435,11248,281,7,100,False,0,car,0 days 01:19:11.894000,0 days 02:17:27.406000
2024-07-07 15:22:24.755,11323,283,7,100,False,0,car,0 days 01:19:12.214000,0 days 02:17:27.726000
2024-07-07 15:22:25.155,11434,286,7,100,False,0,car,0 days 01:19:12.614000,0 days 02:17:28.126000
2024-07-07 15:22:25.475,11481,287,7,100,False,0,car,0 days 01:19:12.934000,0 days 02:17:28.446000
2024-07-07 15:22:25.715,11525,288,7,100,False,0,car,0 days 01:19:13.174000,0 days 02:17:28.686000
2024-07-07 15:22:25.995,11518,288,7,100,False,0,car,0 days 01:19:13.454000,0 days 02:17:28.966000
2024-07-07 15:22:26.195,11554,288,7,100,False,0,car,0 days 01:19:13.654000,0 days 02:17:29.166000
2024-07-07 15:22:26.355,11543,289,7,100,False,0,car,0 days 01:19:13.814000,0 days 02:17:29.326000
2024-07-07 15:22:26.555,11564,288,7,100,False,0,car,0 days 01:19:14.014000,0 days 02:17:29.526000
2024-07-07 15:22:26.756,11558,289,7,100,False,0,car,0 days 01:19:14.215000,0 days 02:17:29.727000
2024-07-07 15:22:26.956,11540,289,7,100,False,0,car,0 days 01:19:14.415000,0 days 02:17:29.927000
2024-07-07 15:22:27.236,11537,288,7,100,False,0,car,0 days 01:19:14.695000,0 days 02:17:30.207000
2024-07-07 15:22:27.636,11447,286,7,100,False,0,car,0 days 01:19:15.095000,0 days 02:17:30.607000
2024-07-07 15:22:27.996,11368,284,7,100,False,0,car,0 days 01:19:15.455000,0 days 02:17:30.967000
2024-07-07 15:22:28.276,11336,283,7,100,False,0,car,0 days 01:19:15.735000,0 days 02:17:31.247000
2024-07-07 15:22:28.436,11286,282,7,89,True,0,car,0 days 01:19:15.895000,0 days 02:17:31.407000
2024-07-07 15:22:28.716,10150,254,7,0,True,0,car,0 days 01:19:16.175000,0 days 02:17:31.687000
2024-07-07 15:22:29.436,9406,204,6,0,True,0,car,0 days 01:19:16.895000,0 days 02:17:32.407000
2024-07-07 15:22:29.716,9477,183,5,0,True,0,car,0 days 01:19:17.175000,0 days 02:17:32.687000
2024-07-07 15:22:29.876,9244,178,5,0,True,0,car,0 days 01:19:17.335000,0 days 02:17:32.847000
2024-07-07 15:22:30.076,9023,172,5,0,True,0,car,0 days 01:19:17.535000,0 days 02:17:33.047000
2024-07-07 15:22:30.236,8631,164,5,0,True,0,car,0 days 01:19:17.695000,0 days 02:17:33.207000
2024-07-07 15:22:30.436,8389,161,5,0,False,0,car,0 days 01:19:17.895000,0 days 02:17:33.407000
2024-07-07 15:22:30.596,8297,157,5,0,False,0,car,0 days 01:19:18.055000,0 days 02:17:33.567000
2024-07-07 15:22:30.835,8166,156,5,11,False,0,car,0 days 01:19:18.294000,0 days 02:17:33.806000
2024-07-07 15:22:31.035,8019,152,5,20,False,0,car,0 days 01:19:18.494000,0 days 02:17:34.006000
2024-07-07 15:22:31.355,8301,151,5,44,False,0,car,0 days 01:19:18.814000,0 days 02:17:34.326000
2024-07-07 15:22:31.595,8168,150,5,50,False,0,car,0 days 01:19:19.054000,0 days 02:17:34.566000
2024-07-07 15:22:31.915,8362,155,5,64,False,0,car,0 days 01:19:19.374000,0 days 02:17:34.886000
2024-07-07 15:22:32.195,8778,161,5,70,False,0,car,0 days 01:19:19.654000,0 days 02:17:35.166000
2024-07-07 15:22:32.395,8950,167,5,71,False,0,car,0 days 01:19:19.854000,0 days 02:17:35.366000
2024-07-07 15:22:32.755,9364,174,5,76,False,0,car,0 days 01:19:20.214000,0 days 02:17:35.726000
2024-07-07 15:22:32.915,9307,177,5,73,True,0,car,0 days 01:19:20.374000,0 days 02:17:35.886000
2024-07-07 15:22:33.155,8687,173,5,0,True,0,car,0 days 01:19:20.614000,0 days 02:17:36.126000
2024-07-07 15:22:33.436,9573,156,5,0,True,0,car,0 days 01:19:20.895000,0 days 02:17:36.407000
2024-07-07 15:22:33.596,9573,150,4,0,True,0,car,0 days 01:19:21.055000,0 days 02:17:36.567000
2024-07-07 15:22:33.996,8355,138,4,0,True,0,car,0 days 01:19:21.455000,0 days 02:17:36.967000
2024-07-07 15:22:34.356,8106,131,4,0,True,0,car,0 days 01:19:21.815000,0 days 02:17:37.327000
2024-07-07 15:22:34.596,7802,125,4,0,False,0,car,0 days 01:19:22.055000,0 days 02:17:37.567000
2024-07-07 15:22:34.796,7594,120,4,0,False,0,car,0 days 01:19:22.255000,0 days 02:17:37.767000
2024-07-07 15:22:35.276,7039,113,4,0,False,0,car,0 days 01:19:22.735000,0 days 02:17:38.247000
2024-07-07 15:22:35.596,6933,108,4,0,False,0,car,0 days 01:19:23.055000,0 days 02:17:38.567000
2024-07-07 15:22:35.836,6890,107,4,28,False,0,car,0 days 01:19:23.295000,0 days 02:17:38.807000
2024-07-07 15:22:35.996,6929,108,4,37,False,0,car,0 days 01:19:23.455000,0 days 02:17:38.967000
2024-07-07 15:22:36.316,7366,110,4,45,False,0,car,0 days 01:19:23.775000,0 days 02:17:39.287000
2024-07-07 15:22:36.636,7468,118,4,50,False,0,car,0 days 01:19:24.095000,0 days 02:17:39.607000
2024-07-07 15:22:36.916,8148,122,4,58,False,0,car,0 days 01:19:24.375000,0 days 02:17:39.887000
2024-07-07 15:22:37.116,8417,129,4,65,False,0,car,0 days 01:19:24.575000,0 days 02:17:40.087000
2024-07-07 15:22:37.315,8897,135,4,69,False,0,car,0 days 01:19:24.774000,0 days 02:17:40.286000
2024-07-07 15:22:37.475,9094,139,4,76,False,0,car,0 days 01:19:24.934000,0 days 02:17:40.446000
2024-07-07 15:22:37.755,9791,146,4,85,False,0,car,0 days 01:19:25.214000,0 days 02:17:40.726000
2024-07-07 15:22:37.955,10330,154,4,91,False,0,car,0 days 01:19:25.414000,0 days 02:17:40.926000
2024-07-07 15:22:38.355,10944,175,4,100,False,0,car,0 days 01:19:25.814000,0 days 02:17:41.326000
2024-07-07 15:22:38.675,10977,186,4,100,False,0,car,0 days 01:19:26.134000,0 days 02:17:41.646000
2024-07-07 15:22:38.875,10057,194,5,100,False,0,car,0 days 01:19:26.334000,0 days 02:17:41.846000
2024-07-07 15:22:39.075,11063,201,5,100,False,0,car,0 days 01:19:26.534000,0 days 02:17:42.046000
2024-07-07 15:22:39.355,11126,207,5,100,False,0,car,0 days 01:19:26.814000,0 days 02:17:42.326000
2024-07-07 15:22:39.715,11748,219,5,100,False,0,car,0 days 01:19:27.174000,0 days 02:17:42.686000
2024-07-07 15:22:39.956,10628,227,5,100,False,0,car,0 days 01:19:27.415000,0 days 02:17:42.927000
2024-07-07 15:22:40.156,10704,232,6,100,False,0,car,0 days 01:19:27.615000,0 days 02:17:43.127000
2024-07-07 15:22:40.356,10865,234,6,100,False,0,car,0 days 01:19:27.815000,0 days 02:17:43.327000
2024-07-07 15:22:40.516,11044,239,6,100,False,0,car,0 days 01:19:27.975000,0 days 02:17:43.487000
2024-07-07 15:22:40.796,11301,245,6,100,False,0,car,0 days 01:19:28.255000,0 days 02:17:43.767000
2024-07-07 15:22:40.996,11399,245,6,100,False,0,car,0 days 01:19:28.455000,0 days 02:17:43.967000
2024-07-07 15:22:41.356,11591,253,6,100,False,0,car,0 days 01:19:28.815000,0 days 02:17:44.327000
2024-07-07 15:22:41.636,10632,258,7,100,False,0,car,0 days 01:19:29.095000,0 days 02:17:44.607000
2024-07-07 15:22:42.076,10645,263,7,100,False,0,car,0 days 01:19:29.535000,0 days 02:17:45.047000
2024-07-07 15:22:42.436,10805,268,7,100,False,0,car,0 days 01:19:29.895000,0 days 02:17:45.407000
2024-07-07 15:22:42.636,10867,270,7,100,False,0,car,0 days 01:19:30.095000,0 days 02:17:45.607000
2024-07-07 15:22:43.076,11037,275,7,100,False,0,car,0 days 01:19:30.535000,0 days 02:17:46.047000
2024-07-07 15:22:43.276,11146,277,7,100,False,0,car,0 days 01:19:30.735000,0 days 02:17:46.247000
2024-07-07 15:22:43.436,11208,278,7,100,False,0,car,0 days 01:19:30.895000,0 days 02:17:46.407000
2024-07-07 15:22:43.676,11267,282,7,100,False,0,car,0 days 01:19:31.135000,0 days 02:17:46.647000
2024-07-07 15:22:43.836,11353,282,7,100,False,0,car,0 days 01:19:31.295000,0 days 02:17:46.807000
2024-07-07 15:22:44.115,11417,284,7,100,False,0,car,0 days 01:19:31.574000,0 days 02:17:47.086000
2024-07-07 15:22:44.515,11546,288,7,100,False,0,car,0 days 01:19:31.974000,0 days 02:17:47.486000
2024-07-07 15:22:44.755,11550,288,7,100,False,0,car,0 days 01:19:32.214000,0 days 02:17:47.726000
2024-07-07 15:22:45.115,11630,290,7,100,False,0,car,0 days 01:19:32.574000,0 days 02:17:48.086000
2024-07-07 15:22:45.315,11646,291,7,100,False,0,car,0 days 01:19:32.774000,0 days 02:17:48.286000
2024-07-07 15:22:45.595,11623,290,7,100,False,0,car,0 days 01:19:33.054000,0 days 02:17:48.566000
2024-07-07 15:22:45.755,11658,291,7,100,False,0,car,0 days 01:19:33.214000,0 days 02:17:48.726000
2024-07-07 15:22:45.955,11652,292,7,100,False,0,car,0 days 01:19:33.414000,0 days 02:17:48.926000
2024-07-07 15:22:46.195,11655,292,7,100,False,0,car,0 days 01:19:33.654000,0 days 02:17:49.166000
2024-07-07 15:22:46.395,11653,292,7,100,False,0,car,0 days 01:19:33.854000,0 days 02:17:49.366000
2024-07-07 15:22:46.596,11659,292,7,100,False,0,car,0 days 01:19:34.055000,0 days 02:17:49.567000
2024-07-07 15:22:46.836,11630,293,7,100,False,0,car,0 days 01:19:34.295000,0 days 02:17:49.807000
2024-07-07 15:22:46.996,11613,291,7,100,False,0,car,0 days 01:19:34.455000,0 days 02:17:49.967000
2024-07-07 15:22:47.156,11604,291,7,100,False,0,car,0 days 01:19:34.615000,0 days 02:17:50.127000
2024-07-07 15:22:47.476,11559,289,7,100,False,0,car,0 days 01:19:34.935000,0 days 02:17:50.447000
2024-07-07 15:22:47.756,11489,289,7,98,False,0,car,0 days 01:19:35.215000,0 days 02:17:50.727000
2024-07-07 15:22:47.956,11448,288,7,89,False,0,car,0 days 01:19:35.415000,0 days 02:17:50.927000
2024-07-07 15:22:48.156,11505,287,7,85,False,0,car,0 days 01:19:35.615000,0 days 02:17:51.127000
2024-07-07 15:22:48.476,11393,281,7,97,False,0,car,0 days 01:19:35.935000,0 days 02:17:51.447000
2024-07-07 15:22:48.636,11245,281,7,73,False,0,car,0 days 01:19:36.095000,0 days 02:17:51.607000
2024-07-07 15:22:48.996,11131,277,7,81,False,0,car,0 days 01:19:36.455000,0 days 02:17:51.967000
2024-07-07 15:22:49.316,10970,273,7,100,False,0,car,0 days 01:19:36.775000,0 days 02:17:52.287000
2024-07-07 15:22:49.636,10906,272,7,100,False,0,car,0 days 01:19:37.095000,0 days 02:17:52.607000
2024-07-07 15:22:50.036,10832,269,7,100,False,0,car,0 days 01:19:37.495000,0 days 02:17:53.007000
2024-07-07 15:22:50.316,10815,270,7,100,False,0,car,0 days 01:19:37.775000,0 days 02:17:53.287000
2024-07-07 15:22:50.516,10887,271,7,100,False,0,car,0 days 01:19:37.975000,0 days 02:17:53.487000
2024-07-07 15:22:50.995,10973,275,7,100,False,0,car,0 days 01:19:38.454000,0 days 02:17:53.966000
2024-07-07 15:22:51.395,11046,276,7,100,False,0,car,0 days 01:19:38.854000,0 days 02:17:54.366000
2024-07-07 15:22:51.635,11148,277,7,100,False,0,car,0 days 01:19:39.094000,0 days 02:17:54.606000
2024-07-07 15:22:51.995,11232,280,7,100,False,0,car,0 days 01:19:39.454000,0 days 02:17:54.966000
2024-07-07 15:22:52.275,11199,281,7,100,False,0,car,0 days 01:19:39.734000,0 days 02:17:55.246000
2024-07-07 15:22:52.635,11401,284,7,100,False,0,car,0 days 01:19:40.094000,0 days 02:17:55.606000
2024-07-07 15:22:52.955,11497,286,7,100,False,0,car,0 days 01:19:40.414000,0 days 02:17:55.926000
2024-07-07 15:22:53.196,11538,288,7,100,False,0,car,0 days 01:19:40.655000,0 days 02:17:56.167000
2024-07-07 15:22:53.356,11581,288,7,100,False,0,car,0 days 01:19:40.815000,0 days 02:17:56.327000
2024-07-07 15:22:53.556,11629,290,7,100,False,0,car,0 days 01:19:41.015000,0 days 02:17:56.527000
2024-07-07 15:22:53.876,11698,292,7,100,False,0,car,0 days 01:19:41.335000,0 days 02:17:56.847000
2024-07-07 15:22:54.116,11734,293,7,100,False,0,car,0 days 01:19:41.575000,0 days 02:17:57.087000
2024-07-07 15:22:54.316,11759,293,7,100,False,0,car,0 days 01:19:41.775000,0 days 02:17:57.287000
2024-07-07 15:22:54.516,11774,294,7,100,False,0,car,0 days 01:19:41.975000,0 days 02:17:57.487000
2024-07-07 15:22:54.676,11798,294,7,100,False,0,car,0 days 01:19:42.135000,0 days 02:17:57.647000
2024-07-07 15:22:55.036,11848,296,7,100,False,0,car,0 days 01:19:42.495000,0 days 02:17:58.007000
2024-07-07 15:22:55.196,11848,296,7,100,False,0,car,0 days 01:19:42.655000,0 days 02:17:58.167000
2024-07-07 15:22:55.476,11889,296,7,100,False,0,car,0 days 01:19:42.935000,0 days 02:17:58.447000
2024-07-07 15:22:55.676,11862,296,7,100,False,0,car,0 days 01:19:43.135000,0 days 02:17:58.647000
2024-07-07 15:22:55.836,11873,296,7,100,False,0,car,0 days 01:19:43.295000,0 days 02:17:58.807000
2024-07-07 15:22:56.156,11806,294,7,100,False,0,car,0 days 01:19:43.615000,0 days 02:17:59.127000
2024-07-07 15:22:56.476,11736,295,7,83,False,0,car,0 days 01:19:43.935000,0 days 02:17:59.447000
2024-07-07 15:22:56.636,11713,294,7,79,False,0,car,0 days 01:19:44.095000,0 days 02:17:59.607000
2024-07-07 15:22:56.916,11593,290,7,79,False,0,car,0 days 01:19:44.375000,0 days 02:17:59.887000
2024-07-07 15:22:57.356,11375,285,7,100,False,0,car,0 days 01:19:44.815000,0 days 02:18:00.327000
2024-07-07 15:22:57.516,11334,282,7,100,False,0,car,0 days 01:19:44.975000,0 days 02:18:00.487000
2024-07-07 15:22:57.675,11253,280,7,100,False,0,car,0 days 01:19:45.134000,0 days 02:18:00.646000
2024-07-07 15:22:58.035,11092,278,7,100,False,0,car,0 days 01:19:45.494000,0 days 02:18:01.006000
2024-07-07 15:22:58.355,10807,281,7,20,False,0,car,0 days 01:19:45.814000,0 days 02:18:01.326000
2024-07-07 15:22:58.635,10796,271,7,0,True,0,car,0 days 01:19:46.094000,0 days 02:18:01.606000
2024-07-07 15:22:58.795,10796,265,7,0,True,0,car,0 days 01:19:46.254000,0 days 02:18:01.766000
2024-07-07 15:22:59.075,10158,252,7,12,False,0,car,0 days 01:19:46.534000,0 days 02:18:02.046000
2024-07-07 15:22:59.515,9688,243,7,52,False,0,car,0 days 01:19:46.974000,0 days 02:18:02.486000
2024-07-07 15:22:59.796,9610,239,7,57,False,0,car,0 days 01:19:47.255000,0 days 02:18:02.767000
2024-07-07 15:22:59.956,9130,240,7,0,True,0,car,0 days 01:19:47.415000,0 days 02:18:02.927000
2024-07-07 15:23:00.196,9928,221,7,0,True,0,car,0 days 01:19:47.655000,0 days 02:18:03.167000
2024-07-07 15:23:00.396,9975,218,7,0,False,0,car,0 days 01:19:47.855000,0 days 02:18:03.367000
2024-07-07 15:23:00.716,9590,210,6,40,False,0,car,0 days 01:19:48.175000,0 days 02:18:03.687000
2024-07-07 15:23:01.036,9574,207,6,65,False,0,car,0 days 01:19:48.495000,0 days 02:18:04.007000
2024-07-07 15:23:01.276,9717,210,6,90,False,0,car,0 days 01:19:48.735000,0 days 02:18:04.247000
2024-07-07 15:23:01.476,9700,210,6,80,False,0,car,0 days 01:19:48.935000,0 days 02:18:04.447000
2024-07-07 15:23:01.676,9855,213,6,100,False,0,car,0 days 01:19:49.135000,0 days 02:18:04.647000
2024-07-07 15:23:01.956,10015,216,6,95,False,0,car,0 days 01:19:49.415000,0 days 02:18:04.927000
2024-07-07 15:23:02.116,10180,220,6,100,False,0,car,0 days 01:19:49.575000,0 days 02:18:05.087000
2024-07-07 15:23:02.316,10404,222,6,100,False,0,car,0 days 01:19:49.775000,0 days 02:18:05.287000
2024-07-07 15:23:02.676,10627,231,6,100,False,0,car,0 days 01:19:50.135000,0 days 02:18:05.647000
2024-07-07 15:23:02.916,10892,234,6,100,False,0,car,0 days 01:19:50.375000,0 days 02:18:05.887000
2024-07-07 15:23:03.196,10982,241,6,100,False,0,car,0 days 01:19:50.655000,0 days 02:18:06.167000
2024-07-07 15:23:03.556,11358,246,6,100,False,0,car,0 days 01:19:51.015000,0 days 02:18:06.527000
2024-07-07 15:23:03.716,11486,249,6,100,False,0,car,0 days 01:19:51.175000,0 days 02:18:06.687000
2024-07-07 15:23:04.036,11667,253,6,100,False,0,car,0 days 01:19:51.495000,0 days 02:18:07.007000
2024-07-07 15:23:04.395,10744,258,6,100,False,0,car,0 days 01:19:51.854000,0 days 02:18:07.366000
2024-07-07 15:23:04.555,10369,260,7,100,False,0,car,0 days 01:19:52.014000,0 days 02:18:07.526000
2024-07-07 15:23:04.875,10579,261,7,100,False,0,car,0 days 01:19:52.334000,0 days 02:18:07.846000
2024-07-07 15:23:05.115,10705,265,7,100,False,0,car,0 days 01:19:52.574000,0 days 02:18:08.086000
2024-07-07 15:23:05.435,10824,269,7,100,False,0,car,0 days 01:19:52.894000,0 days 02:18:08.406000
2024-07-07 15:23:05.835,10963,273,7,100,False,0,car,0 days 01:19:53.294000,0 days 02:18:08.806000
2024-07-07 15:23:06.075,11047,276,7,100,False,0,car,0 days 01:19:53.534000,0 days 02:18:09.046000
2024-07-07 15:23:06.316,11176,278,7,100,False,0,car,0 days 01:19:53.775000,0 days 02:18:09.287000
2024-07-07 15:23:06.516,11230,279,7,100,False,0,car,0 days 01:19:53.975000,0 days 02:18:09.487000
2024-07-07 15:23:06.876,11289,283,7,100,False,0,car,0 days 01:19:54.335000,0 days 02:18:09.847000
2024-07-07 15:23:07.036,11373,283,7,100,False,0,car,0 days 01:19:54.495000,0 days 02:18:10.007000
2024-07-07 15:23:07.276,11419,285,7,100,False,0,car,0 days 01:19:54.735000,0 days 02:18:10.247000
2024-07-07 15:23:07.436,11472,286,7,100,False,0,car,0 days 01:19:54.895000,0 days 02:18:10.407000
2024-07-07 15:23:07.596,11472,287,7,100,False,0,car,0 days 01:19:55.055000,0 days 02:18:10.567000
2024-07-07 15:23:07.916,11552,287,7,100,False,0,car,0 days 01:19:55.375000,0 days 02:18:10.887000
2024-07-07 15:23:08.196,11624,290,7,100,False,0,car,0 days 01:19:55.655000,0 days 02:18:11.167000
2024-07-07 15:23:08.516,11649,292,7,100,False,0,car,0 days 01:19:55.975000,0 days 02:18:11.487000
2024-07-07 15:23:08.676,11701,293,7,100,False,0,car,0 days 01:19:56.135000,0 days 02:18:11.647000
2024-07-07 15:23:08.876,11719,293,7,100,False,0,car,0 days 01:19:56.335000,0 days 02:18:11.847000
2024-07-07 15:23:09.036,11775,293,7,100,False,0,car,0 days 01:19:56.495000,0 days 02:18:12.007000
2024-07-07 15:23:09.196,11781,295,7,100,False,0,car,0 days 01:19:56.655000,0 days 02:18:12.167000
2024-07-07 15:23:09.516,11848,295,7,100,False,0,car,0 days 01:19:56.975000,0 days 02:18:12.487000
2024-07-07 15:23:09.676,11818,296,7,100,False,0,car,0 days 01:19:57.135000,0 days 02:18:12.647000
2024-07-07 15:23:09.836,10838,295,7,100,False,0,car,0 days 01:19:57.295000,0 days 02:18:12.807000
2024-07-07 15:23:10.036,10687,296,7,100,False,0,car,0 days 01:19:57.495000,0 days 02:18:13.007000
2024-07-07 15:23:10.356,10583,296,8,100,False,0,car,0 days 01:19:57.815000,0 days 02:18:13.327000
2024-07-07 15:23:10.596,10583,297,8,100,False,0,car,0 days 01:19:58.055000,0 days 02:18:13.567000
2024-07-07 15:23:10.876,10476,295,8,100,False,0,car,0 days 01:19:58.335000,0 days 02:18:13.847000
2024-07-07 15:23:11.075,10424,294,8,100,False,0,car,0 days 01:19:58.534000,0 days 02:18:14.046000
2024-07-07 15:23:11.395,10413,293,8,100,False,0,car,0 days 01:19:58.854000,0 days 02:18:14.366000
2024-07-07 15:23:11.835,10362,293,8,100,False,0,car,0 days 01:19:59.294000,0 days 02:18:14.806000
2024-07-07 15:23:12.235,10279,291,8,100,False,0,car,0 days 01:19:59.694000,0 days 02:18:15.206000
2024-07-07 15:23:12.435,10229,289,8,100,False,0,car,0 days 01:19:59.894000,0 days 02:18:15.406000
2024-07-07 15:23:12.635,10190,287,8,100,False,0,car,0 days 01:20:00.094000,0 days 02:18:15.606000
2024-07-07 15:23:12.996,10090,285,8,100,False,0,car,0 days 01:20:00.455000,0 days 02:18:15.967000
2024-07-07 15:23:13.436,9763,282,8,0,True,0,car,0 days 01:20:00.895000,0 days 02:18:16.407000
2024-07-07 15:23:13.676,9263,267,8,0,True,0,car,0 days 01:20:01.135000,0 days 02:18:16.647000
2024-07-07 15:23:13.916,9861,253,8,0,True,0,car,0 days 01:20:01.375000,0 days 02:18:16.887000
2024-07-07 15:23:14.276,10627,237,7,0,False,0,car,0 days 01:20:01.735000,0 days 02:18:17.247000
2024-07-07 15:23:14.476,10404,232,6,2,False,0,car,0 days 01:20:01.935000,0 days 02:18:17.447000
2024-07-07 15:23:14.916,10118,222,6,40,False,0,car,0 days 01:20:02.375000,0 days 02:18:17.887000
2024-07-07 15:23:15.076,10084,220,6,65,False,0,car,0 days 01:20:02.535000,0 days 02:18:18.047000
2024-07-07 15:23:15.516,10402,222,6,100,False,0,car,0 days 01:20:02.975000,0 days 02:18:18.487000
2024-07-07 15:23:15.676,10487,226,6,99,False,0,car,0 days 01:20:03.135000,0 days 02:18:18.647000
2024-07-07 15:23:15.916,10730,229,6,100,False,0,car,0 days 01:20:03.375000,0 days 02:18:18.887000
2024-07-07 15:23:16.116,10820,233,6,100,False,0,car,0 days 01:20:03.575000,0 days 02:18:19.087000
2024-07-07 15:23:16.316,10940,235,6,100,False,0,car,0 days 01:20:03.775000,0 days 02:18:19.287000
2024-07-07 15:23:16.556,11060,238,6,100,False,0,car,0 days 01:20:04.015000,0 days 02:18:19.527000
2024-07-07 15:23:16.876,11194,245,6,100,False,0,car,0 days 01:20:04.335000,0 days 02:18:19.847000
2024-07-07 15:23:17.236,11544,249,6,100,False,0,car,0 days 01:20:04.695000,0 days 02:18:20.207000
2024-07-07 15:23:17.436,11653,253,6,100,False,0,car,0 days 01:20:04.895000,0 days 02:18:20.407000
2024-07-07 15:23:17.716,11629,257,6,100,False,0,car,0 days 01:20:05.175000,0 days 02:18:20.687000
2024-07-07 15:23:17.915,10693,259,6,100,False,0,car,0 days 01:20:05.374000,0 days 02:18:20.886000
2024-07-07 15:23:18.235,10562,263,7,100,False,0,car,0 days 01:20:05.694000,0 days 02:18:21.206000
2024-07-07 15:23:18.435,10618,265,7,100,False,0,car,0 days 01:20:05.894000,0 days 02:18:21.406000
2024-07-07 15:23:18.595,10618,266,7,100,False,0,car,0 days 01:20:06.054000,0 days 02:18:21.566000
2024-07-07 15:23:18.835,10694,268,7,100,False,0,car,0 days 01:20:06.294000,0 days 02:18:21.806000
2024-07-07 15:23:19.035,10756,268,7,100,False,0,car,0 days 01:20:06.494000,0 days 02:18:22.006000
2024-07-07 15:23:19.396,10727,269,7,100,False,0,car,0 days 01:20:06.855000,0 days 02:18:22.367000
2024-07-07 15:23:19.636,10725,268,7,100,False,0,car,0 days 01:20:07.095000,0 days 02:18:22.607000
2024-07-07 15:23:19.796,10715,268,7,100,False,0,car,0 days 01:20:07.255000,0 days 02:18:22.767000
2024-07-07 15:23:20.116,10755,264,7,0,False,0,car,0 days 01:20:07.575000,0 days 02:18:23.087000
2024-07-07 15:23:20.356,9593,252,7,0,True,0,car,0 days 01:20:07.815000,0 days 02:18:23.327000
2024-07-07 15:23:20.676,9388,206,7,0,True,0,car,0 days 01:20:08.135000,0 days 02:18:23.647000
2024-07-07 15:23:20.916,9349,185,7,0,True,0,car,0 days 01:20:08.375000,0 days 02:18:23.887000
2024-07-07 15:23:21.196,9515,164,5,0,True,0,car,0 days 01:20:08.655000,0 days 02:18:24.167000
2024-07-07 15:23:21.396,9681,142,4,0,True,0,car,0 days 01:20:08.855000,0 days 02:18:24.367000
2024-07-07 15:23:21.716,8970,130,4,0,True,0,car,0 days 01:20:09.175000,0 days 02:18:24.687000
2024-07-07 15:23:21.996,8735,116,3,0,True,0,car,0 days 01:20:09.455000,0 days 02:18:24.967000
2024-07-07 15:23:22.356,7960,111,3,0,False,0,car,0 days 01:20:09.815000,0 days 02:18:25.327000
2024-07-07 15:23:22.516,7921,108,3,2,False,0,car,0 days 01:20:09.975000,0 days 02:18:25.487000
2024-07-07 15:23:22.796,7875,105,3,17,False,0,car,0 days 01:20:10.255000,0 days 02:18:25.767000
2024-07-07 15:23:23.156,8201,105,3,44,False,0,car,0 days 01:20:10.615000,0 days 02:18:26.127000
2024-07-07 15:23:23.476,8609,112,3,49,False,0,car,0 days 01:20:10.935000,0 days 02:18:26.447000
2024-07-07 15:23:23.876,8078,119,3,35,False,0,car,0 days 01:20:11.335000,0 days 02:18:26.847000
2024-07-07 15:23:24.156,7568,121,4,25,False,0,car,0 days 01:20:11.615000,0 days 02:18:27.127000
2024-07-07 15:23:24.356,7599,119,4,26,False,0,car,0 days 01:20:11.815000,0 days 02:18:27.327000
2024-07-07 15:23:24.515,7648,119,4,28,False,0,car,0 days 01:20:11.974000,0 days 02:18:27.486000
2024-07-07 15:23:24.795,7799,119,4,39,False,0,car,0 days 01:20:12.254000,0 days 02:18:27.766000
2024-07-07 15:23:25.035,7851,121,4,58,False,0,car,0 days 01:20:12.494000,0 days 02:18:28.006000
2024-07-07 15:23:25.235,8346,125,4,61,False,0,car,0 days 01:20:12.694000,0 days 02:18:28.206000
2024-07-07 15:23:25.475,8723,132,4,67,False,0,car,0 days 01:20:12.934000,0 days 02:18:28.446000
2024-07-07 15:23:25.876,9298,137,4,72,False,0,car,0 days 01:20:13.335000,0 days 02:18:28.847000
2024-07-07 15:23:26.036,9747,137,4,86,False,0,car,0 days 01:20:13.495000,0 days 02:18:29.007000
2024-07-07 15:23:26.276,10371,157,4,94,False,0,car,0 days 01:20:13.735000,0 days 02:18:29.247000
2024-07-07 15:23:26.516,10885,161,4,87,False,0,car,0 days 01:20:13.975000,0 days 02:18:29.487000
2024-07-07 15:23:26.756,11435,173,4,96,False,0,car,0 days 01:20:14.215000,0 days 02:18:29.727000
2024-07-07 15:23:27.036,10640,183,4,100,False,0,car,0 days 01:20:14.495000,0 days 02:18:30.007000
2024-07-07 15:23:27.276,10490,190,5,100,False,0,car,0 days 01:20:14.735000,0 days 02:18:30.247000
2024-07-07 15:23:27.436,10826,197,5,100,False,0,car,0 days 01:20:14.895000,0 days 02:18:30.407000
2024-07-07 15:23:27.676,11176,207,5,100,False,0,car,0 days 01:20:15.135000,0 days 02:18:30.647000
2024-07-07 15:23:27.996,11555,214,5,100,False,0,car,0 days 01:20:15.455000,0 days 02:18:30.967000
2024-07-07 15:23:28.156,11796,218,5,100,False,0,car,0 days 01:20:15.615000,0 days 02:18:31.127000
2024-07-07 15:23:28.516,10277,227,6,100,False,0,car,0 days 01:20:15.975000,0 days 02:18:31.487000
2024-07-07 15:23:28.876,10821,234,6,100,False,0,car,0 days 01:20:16.335000,0 days 02:18:31.847000
2024-07-07 15:23:29.236,11127,239,6,100,False,0,car,0 days 01:20:16.695000,0 days 02:18:32.207000
2024-07-07 15:23:29.596,11375,247,6,100,False,0,car,0 days 01:20:17.055000,0 days 02:18:32.567000
2024-07-07 15:23:29.796,11511,250,6,100,False,0,car,0 days 01:20:17.255000,0 days 02:18:32.767000
2024-07-07 15:23:30.156,11654,255,6,100,False,0,car,0 days 01:20:17.615000,0 days 02:18:33.127000
2024-07-07 15:23:30.516,10436,261,7,100,False,0,car,0 days 01:20:17.975000,0 days 02:18:33.487000
2024-07-07 15:23:30.836,10743,266,7,100,False,0,car,0 days 01:20:18.295000,0 days 02:18:33.807000
2024-07-07 15:23:31.156,10881,269,7,100,False,0,car,0 days 01:20:18.615000,0 days 02:18:34.127000
2024-07-07 15:23:31.515,11036,275,7,100,False,0,car,0 days 01:20:18.974000,0 days 02:18:34.486000
2024-07-07 15:23:31.675,11077,277,7,100,False,0,car,0 days 01:20:19.134000,0 days 02:18:34.646000
2024-07-07 15:23:31.875,11168,279,7,100,False,0,car,0 days 01:20:19.334000,0 days 02:18:34.846000
2024-07-07 15:23:32.115,11272,281,7,100,False,0,car,0 days 01:20:19.574000,0 days 02:18:35.086000
2024-07-07 15:23:32.355,11344,282,7,100,False,0,car,0 days 01:20:19.814000,0 days 02:18:35.326000
2024-07-07 15:23:32.596,11402,285,7,100,False,0,car,0 days 01:20:20.055000,0 days 02:18:35.567000
2024-07-07 15:23:32.916,11542,288,7,100,False,0,car,0 days 01:20:20.375000,0 days 02:18:35.887000
2024-07-07 15:23:33.156,11584,289,7,100,False,0,car,0 days 01:20:20.615000,0 days 02:18:36.127000
2024-07-07 15:23:33.356,11666,290,7,100,False,0,car,0 days 01:20:20.815000,0 days 02:18:36.327000
2024-07-07 15:23:33.756,10257,292,8,100,False,0,car,0 days 01:20:21.215000,0 days 02:18:36.727000
2024-07-07 15:23:33.996,10428,294,8,100,False,0,car,0 days 01:20:21.455000,0 days 02:18:36.967000
2024-07-07 15:23:34.396,10556,298,8,100,False,0,car,0 days 01:20:21.855000,0 days 02:18:37.367000
2024-07-07 15:23:34.556,10556,297,8,100,False,0,car,0 days 01:20:22.015000,0 days 02:18:37.527000
2024-07-07 15:23:34.796,10561,296,8,100,False,0,car,0 days 01:20:22.255000,0 days 02:18:37.767000
2024-07-07 15:23:34.956,10595,295,8,100,False,0,car,0 days 01:20:22.415000,0 days 02:18:37.927000
2024-07-07 15:23:35.356,10547,295,8,100,False,0,car,0 days 01:20:22.815000,0 days 02:18:38.327000
2024-07-07 15:23:35.756,10548,293,8,100,False,0,car,0 days 01:20:23.215000,0 days 02:18:38.727000
2024-07-07 15:23:35.996,10515,293,8,100,False,0,car,0 days 01:20:23.455000,0 days 02:18:38.967000
2024-07-07 15:23:36.236,10502,293,8,100,False,0,car,0 days 01:20:23.695000,0 days 02:18:39.207000
2024-07-07 15:23:36.436,10450,293,8,100,False,0,car,0 days 01:20:23.895000,0 days 02:18:39.407000
2024-07-07 15:23:36.676,10487,294,8,100,False,0,car,0 days 01:20:24.135000,0 days 02:18:39.647000
2024-07-07 15:23:36.916,10488,294,8,100,False,0,car,0 days 01:20:24.375000,0 days 02:18:39.887000
2024-07-07 15:23:37.236,10516,296,8,100,False,0,car,0 days 01:20:24.695000,0 days 02:18:40.207000
2024-07-07 15:23:37.396,10528,295,8,100,False,0,car,0 days 01:20:24.855000,0 days 02:18:40.367000
2024-07-07 15:23:37.676,10453,295,8,100,False,0,car,0 days 01:20:25.135000,0 days 02:18:40.647000
2024-07-07 15:23:37.876,10468,295,8,100,False,0,car,0 days 01:20:25.335000,0 days 02:18:40.847000
2024-07-07 15:23:38.075,10395,293,8,100,False,0,car,0 days 01:20:25.534000,0 days 02:18:41.046000
2024-07-07 15:23:38.275,10372,290,8,100,False,0,car,0 days 01:20:25.734000,0 days 02:18:41.246000
2024-07-07 15:23:38.475,10347,290,8,100,False,0,car,0 days 01:20:25.934000,0 days 02:18:41.446000
2024-07-07 15:23:38.675,10307,289,8,100,False,0,car,0 days 01:20:26.134000,0 days 02:18:41.646000
2024-07-07 15:23:38.835,10235,288,8,100,False,0,car,0 days 01:20:26.294000,0 days 02:18:41.806000
2024-07-07 15:23:39.116,10155,286,8,100,False,0,car,0 days 01:20:26.575000,0 days 02:18:42.087000
2024-07-07 15:23:39.276,10155,285,8,100,False,0,car,0 days 01:20:26.735000,0 days 02:18:42.247000
2024-07-07 15:23:39.596,10046,284,8,100,False,0,car,0 days 01:20:27.055000,0 days 02:18:42.567000
2024-07-07 15:23:39.876,9703,270,8,0,True,0,car,0 days 01:20:27.335000,0 days 02:18:42.847000
2024-07-07 15:23:40.116,8622,245,8,0,True,0,car,0 days 01:20:27.575000,0 days 02:18:43.087000
2024-07-07 15:23:40.396,9322,207,7,0,True,0,car,0 days 01:20:27.855000,0 days 02:18:43.367000
2024-07-07 15:23:40.676,8982,176,7,0,True,0,car,0 days 01:20:28.135000,0 days 02:18:43.647000
2024-07-07 15:23:40.956,9280,159,5,0,True,0,car,0 days 01:20:28.415000,0 days 02:18:43.927000
2024-07-07 15:23:41.316,8014,136,4,0,True,0,car,0 days 01:20:28.775000,0 days 02:18:44.287000
2024-07-07 15:23:41.556,7616,128,4,0,True,0,car,0 days 01:20:29.015000,0 days 02:18:44.527000
2024-07-07 15:23:41.836,7127,117,4,0,True,0,car,0 days 01:20:29.295000,0 days 02:18:44.807000
2024-07-07 15:23:42.076,6994,111,4,0,True,0,car,0 days 01:20:29.535000,0 days 02:18:45.047000
2024-07-07 15:23:42.276,6665,107,4,0,True,0,car,0 days 01:20:29.735000,0 days 02:18:45.247000
2024-07-07 15:23:42.436,6580,106,4,0,True,0,car,0 days 01:20:29.895000,0 days 02:18:45.407000
2024-07-07 15:23:42.596,6370,102,4,0,True,0,car,0 days 01:20:30.055000,0 days 02:18:45.567000
2024-07-07 15:23:42.956,6455,101,4,20,False,0,car,0 days 01:20:30.415000,0 days 02:18:45.927000
2024-07-07 15:23:43.196,6530,100,4,32,False,0,car,0 days 01:20:30.655000,0 days 02:18:46.167000
2024-07-07 15:23:43.396,6700,103,4,41,False,0,car,0 days 01:20:30.855000,0 days 02:18:46.367000
2024-07-07 15:23:43.556,6998,104,4,44,False,0,car,0 days 01:20:31.015000,0 days 02:18:46.527000
2024-07-07 15:23:43.716,7199,107,4,46,False,0,car,0 days 01:20:31.175000,0 days 02:18:46.687000
2024-07-07 15:23:44.036,7602,114,4,56,False,0,car,0 days 01:20:31.495000,0 days 02:18:47.007000
2024-07-07 15:23:44.356,8110,121,4,64,False,0,car,0 days 01:20:31.815000,0 days 02:18:47.327000
2024-07-07 15:23:44.516,8330,128,4,67,False,0,car,0 days 01:20:31.975000,0 days 02:18:47.487000
2024-07-07 15:23:44.835,9073,138,4,72,False,0,car,0 days 01:20:32.294000,0 days 02:18:47.806000
2024-07-07 15:23:45.115,8865,141,4,0,True,0,car,0 days 01:20:32.574000,0 days 02:18:48.086000
2024-07-07 15:23:45.315,7749,129,4,0,True,0,car,0 days 01:20:32.774000,0 days 02:18:48.286000
2024-07-07 15:23:45.636,7975,116,3,0,True,0,car,0 days 01:20:33.095000,0 days 02:18:48.607000
2024-07-07 15:23:45.836,7689,109,3,0,True,0,car,0 days 01:20:33.295000,0 days 02:18:48.807000
2024-07-07 15:23:46.116,7177,100,3,0,True,0,car,0 days 01:20:33.575000,0 days 02:18:49.087000
2024-07-07 15:23:46.476,6727,91,3,0,True,0,car,0 days 01:20:33.935000,0 days 02:18:49.447000
2024-07-07 15:23:46.716,6605,89,3,0,False,0,car,0 days 01:20:34.175000,0 days 02:18:49.687000
2024-07-07 15:23:47.076,6487,86,3,0,False,0,car,0 days 01:20:34.535000,0 days 02:18:50.047000
2024-07-07 15:23:47.276,6220,84,3,0,False,0,car,0 days 01:20:34.735000,0 days 02:18:50.247000
2024-07-07 15:23:47.516,6295,83,3,4,False,0,car,0 days 01:20:34.975000,0 days 02:18:50.487000
2024-07-07 15:23:47.716,6380,83,3,16,False,0,car,0 days 01:20:35.175000,0 days 02:18:50.687000
2024-07-07 15:23:47.956,6826,85,3,37,False,0,car,0 days 01:20:35.415000,0 days 02:18:50.927000
2024-07-07 15:23:48.276,7019,91,3,44,False,0,car,0 days 01:20:35.735000,0 days 02:18:51.247000
2024-07-07 15:23:48.556,7293,96,3,46,False,0,car,0 days 01:20:36.015000,0 days 02:18:51.527000
2024-07-07 15:23:48.716,8105,101,3,52,False,0,car,0 days 01:20:36.175000,0 days 02:18:51.687000
2024-07-07 15:23:49.116,9092,114,3,67,False,0,car,0 days 01:20:36.575000,0 days 02:18:52.087000
2024-07-07 15:23:49.356,9664,121,3,74,False,0,car,0 days 01:20:36.815000,0 days 02:18:52.327000
2024-07-07 15:23:49.556,8792,129,3,79,False,0,car,0 days 01:20:37.015000,0 days 02:18:52.527000
2024-07-07 15:23:49.756,9486,137,4,100,False,0,car,0 days 01:20:37.215000,0 days 02:18:52.727000
2024-07-07 15:23:50.076,10457,157,4,100,False,0,car,0 days 01:20:37.535000,0 days 02:18:53.047000
2024-07-07 15:23:50.236,10829,162,4,100,False,0,car,0 days 01:20:37.695000,0 days 02:18:53.207000
2024-07-07 15:23:50.556,11476,175,4,100,False,0,car,0 days 01:20:38.015000,0 days 02:18:53.527000
2024-07-07 15:23:50.796,11774,187,4,100,False,0,car,0 days 01:20:38.255000,0 days 02:18:53.767000
2024-07-07 15:23:51.076,10607,198,5,100,False,0,car,0 days 01:20:38.535000,0 days 02:18:54.047000
2024-07-07 15:23:51.276,11015,205,5,100,False,0,car,0 days 01:20:38.735000,0 days 02:18:54.247000
2024-07-07 15:23:51.635,11583,213,5,100,False,0,car,0 days 01:20:39.094000,0 days 02:18:54.606000
2024-07-07 15:23:51.795,11583,219,5,100,False,0,car,0 days 01:20:39.254000,0 days 02:18:54.766000
2024-07-07 15:23:52.075,10657,225,5,100,False,0,car,0 days 01:20:39.534000,0 days 02:18:55.046000
2024-07-07 15:23:52.276,10711,227,6,100,False,0,car,0 days 01:20:39.735000,0 days 02:18:55.247000
2024-07-07 15:23:52.476,10738,227,6,100,False,0,car,0 days 01:20:39.935000,0 days 02:18:55.447000
2024-07-07 15:23:52.836,11084,238,6,100,False,0,car,0 days 01:20:40.295000,0 days 02:18:55.807000
2024-07-07 15:23:52.996,11084,242,6,100,False,0,car,0 days 01:20:40.455000,0 days 02:18:55.967000
2024-07-07 15:23:53.316,11398,247,6,100,False,0,car,0 days 01:20:40.775000,0 days 02:18:56.287000
2024-07-07 15:23:53.476,11464,250,6,100,False,0,car,0 days 01:20:40.935000,0 days 02:18:56.447000
2024-07-07 15:23:53.836,11646,254,6,100,False,0,car,0 days 01:20:41.295000,0 days 02:18:56.807000
2024-07-07 15:23:54.036,11491,255,6,100,False,0,car,0 days 01:20:41.495000,0 days 02:18:57.007000
2024-07-07 15:23:54.196,10828,261,6,100,False,0,car,0 days 01:20:41.655000,0 days 02:18:57.167000
2024-07-07 15:23:54.396,10485,263,7,100,False,0,car,0 days 01:20:41.855000,0 days 02:18:57.367000
2024-07-07 15:23:54.636,10617,265,7,100,False,0,car,0 days 01:20:42.095000,0 days 02:18:57.607000
2024-07-07 15:23:54.916,10814,268,7,100,False,0,car,0 days 01:20:42.375000,0 days 02:18:57.887000
2024-07-07 15:23:55.276,10955,273,7,100,False,0,car,0 days 01:20:42.735000,0 days 02:18:58.247000
2024-07-07 15:23:55.436,11053,275,7,100,False,0,car,0 days 01:20:42.895000,0 days 02:18:58.407000
2024-07-07 15:23:55.716,11131,277,7,100,False,0,car,0 days 01:20:43.175000,0 days 02:18:58.687000
2024-07-07 15:23:55.956,11192,279,7,100,False,0,car,0 days 01:20:43.415000,0 days 02:18:58.927000
2024-07-07 15:23:56.356,11327,283,7,100,False,0,car,0 days 01:20:43.815000,0 days 02:18:59.327000
2024-07-07 15:23:56.636,11406,283,7,100,False,0,car,0 days 01:20:44.095000,0 days 02:18:59.607000
2024-07-07 15:23:56.836,11432,285,7,100,False,0,car,0 days 01:20:44.295000,0 days 02:18:59.807000
2024-07-07 15:23:57.036,11496,287,7,100,False,0,car,0 days 01:20:44.495000,0 days 02:19:00.007000
2024-07-07 15:23:57.276,11549,289,7,100,False,0,car,0 days 01:20:44.735000,0 days 02:19:00.247000
2024-07-07 15:23:57.516,11589,289,7,100,False,0,car,0 days 01:20:44.975000,0 days 02:19:00.487000
2024-07-07 15:23:57.676,11614,290,7,100,False,0,car,0 days 01:20:45.135000,0 days 02:19:00.647000
2024-07-07 15:23:58.036,11558,291,7,100,False,0,car,0 days 01:20:45.495000,0 days 02:19:01.007000
2024-07-07 15:23:58.195,11629,291,7,100,False,0,car,0 days 01:20:45.654000,0 days 02:19:01.166000
2024-07-07 15:23:58.355,11619,291,7,100,False,0,car,0 days 01:20:45.814000,0 days 02:19:01.326000
2024-07-07 15:23:58.515,11580,290,7,100,False,0,car,0 days 01:20:45.974000,0 days 02:19:01.486000
2024-07-07 15:23:58.715,11579,291,7,100,False,0,car,0 days 01:20:46.174000,0 days 02:19:01.686000
2024-07-07 15:23:58.956,11595,290,7,100,False,0,car,0 days 01:20:46.415000,0 days 02:19:01.927000
2024-07-07 15:23:59.276,11507,289,7,100,False,0,car,0 days 01:20:46.735000,0 days 02:19:02.247000
2024-07-07 15:23:59.556,11481,287,7,100,False,0,car,0 days 01:20:47.015000,0 days 02:19:02.527000
2024-07-07 15:23:59.756,11377,286,7,100,False,0,car,0 days 01:20:47.215000,0 days 02:19:02.727000
2024-07-07 15:24:00.076,11295,284,7,100,False,0,car,0 days 01:20:47.535000,0 days 02:19:03.047000
2024-07-07 15:24:00.236,11386,281,7,0,True,0,car,0 days 01:20:47.695000,0 days 02:19:03.207000
2024-07-07 15:24:00.516,9829,254,7,0,True,0,car,0 days 01:20:47.975000,0 days 02:19:03.487000
2024-07-07 15:24:00.716,9097,236,7,0,True,0,car,0 days 01:20:48.175000,0 days 02:19:03.687000
2024-07-07 15:24:00.956,8686,229,7,0,True,0,car,0 days 01:20:48.415000,0 days 02:19:03.927000
2024-07-07 15:24:01.236,9480,204,6,0,True,0,car,0 days 01:20:48.695000,0 days 02:19:04.207000
2024-07-07 15:24:01.476,9677,187,6,0,True,0,car,0 days 01:20:48.935000,0 days 02:19:04.447000
2024-07-07 15:24:01.676,9293,179,5,0,True,0,car,0 days 01:20:49.135000,0 days 02:19:04.647000
2024-07-07 15:24:02.036,8665,175,5,0,True,0,car,0 days 01:20:49.495000,0 days 02:19:05.007000
2024-07-07 15:24:02.316,8433,164,5,0,False,0,car,0 days 01:20:49.775000,0 days 02:19:05.287000
2024-07-07 15:24:02.516,8273,160,5,0,False,0,car,0 days 01:20:49.975000,0 days 02:19:05.487000
2024-07-07 15:24:02.756,8465,156,5,12,False,0,car,0 days 01:20:50.215000,0 days 02:19:05.727000
2024-07-07 15:24:02.916,8325,153,5,12,False,0,car,0 days 01:20:50.375000,0 days 02:19:05.887000
2024-07-07 15:24:03.156,8340,153,5,46,False,0,car,0 days 01:20:50.615000,0 days 02:19:06.127000
2024-07-07 15:24:03.956,8664,161,5,62,False,0,car,0 days 01:20:51.415000,0 days 02:19:06.927000
2024-07-07 15:24:04.116,8804,164,5,62,False,0,car,0 days 01:20:51.575000,0 days 02:19:07.087000
2024-07-07 15:24:04.276,9088,168,5,73,False,0,car,0 days 01:20:51.735000,0 days 02:19:07.247000
2024-07-07 15:24:04.476,9289,173,5,72,False,0,car,0 days 01:20:51.935000,0 days 02:19:07.447000
2024-07-07 15:24:04.836,8584,169,5,0,True,0,car,0 days 01:20:52.295000,0 days 02:19:07.807000
2024-07-07 15:24:05.075,9124,156,5,0,True,0,car,0 days 01:20:52.534000,0 days 02:19:08.046000
2024-07-07 15:24:05.275,9176,150,5,0,True,0,car,0 days 01:20:52.734000,0 days 02:19:08.246000
2024-07-07 15:24:05.516,8837,144,4,0,True,0,car,0 days 01:20:52.975000,0 days 02:19:08.487000
2024-07-07 15:24:05.876,8110,133,4,0,True,0,car,0 days 01:20:53.335000,0 days 02:19:08.847000
2024-07-07 15:24:06.116,7897,126,4,0,True,0,car,0 days 01:20:53.575000,0 days 02:19:09.087000
2024-07-07 15:24:06.396,7516,122,4,0,True,0,car,0 days 01:20:53.855000,0 days 02:19:09.367000
2024-07-07 15:24:06.636,7065,118,4,0,True,0,car,0 days 01:20:54.095000,0 days 02:19:09.607000
2024-07-07 15:24:06.796,6753,111,4,0,True,0,car,0 days 01:20:54.255000,0 days 02:19:09.767000
2024-07-07 15:24:06.956,6772,109,4,0,True,0,car,0 days 01:20:54.415000,0 days 02:19:09.927000
2024-07-07 15:24:07.316,6644,103,4,0,False,0,car,0 days 01:20:54.775000,0 days 02:19:10.287000
2024-07-07 15:24:07.476,6679,103,4,32,False,0,car,0 days 01:20:54.935000,0 days 02:19:10.447000
2024-07-07 15:24:07.756,6981,105,4,43,False,0,car,0 days 01:20:55.215000,0 days 02:19:10.727000
2024-07-07 15:24:07.916,7251,106,4,46,False,0,car,0 days 01:20:55.375000,0 days 02:19:10.887000
2024-07-07 15:24:08.156,7442,111,4,49,False,0,car,0 days 01:20:55.615000,0 days 02:19:11.127000
2024-07-07 15:24:08.476,7782,117,4,56,False,0,car,0 days 01:20:55.935000,0 days 02:19:11.447000
2024-07-07 15:24:08.716,8146,122,4,62,False,0,car,0 days 01:20:56.175000,0 days 02:19:11.687000
2024-07-07 15:24:08.956,8831,128,4,72,False,0,car,0 days 01:20:56.415000,0 days 02:19:11.927000
2024-07-07 15:24:09.116,8834,133,4,72,False,0,car,0 days 01:20:56.575000,0 days 02:19:12.087000
2024-07-07 15:24:09.276,8904,138,4,65,False,0,car,0 days 01:20:56.735000,0 days 02:19:12.247000
2024-07-07 15:24:09.516,9661,145,4,74,False,0,car,0 days 01:20:56.975000,0 days 02:19:12.487000
2024-07-07 15:24:09.796,10226,151,4,96,False,0,car,0 days 01:20:57.255000,0 days 02:19:12.767000
2024-07-07 15:24:10.196,11013,160,4,100,False,0,car,0 days 01:20:57.655000,0 days 02:19:13.167000
2024-07-07 15:24:10.476,11893,179,4,100,False,0,car,0 days 01:20:57.935000,0 days 02:19:13.447000
2024-07-07 15:24:10.636,10913,179,4,100,False,0,car,0 days 01:20:58.095000,0 days 02:19:13.607000
2024-07-07 15:24:10.996,10791,199,5,100,False,0,car,0 days 01:20:58.455000,0 days 02:19:13.967000
2024-07-07 15:24:11.356,11500,211,5,100,False,0,car,0 days 01:20:58.815000,0 days 02:19:14.327000
2024-07-07 15:24:11.755,10802,221,5,100,False,0,car,0 days 01:20:59.214000,0 days 02:19:14.726000
2024-07-07 15:24:11.956,10646,226,6,100,False,0,car,0 days 01:20:59.415000,0 days 02:19:14.927000
2024-07-07 15:24:12.156,10754,232,6,100,False,0,car,0 days 01:20:59.615000,0 days 02:19:15.127000
2024-07-07 15:24:12.476,11019,240,6,100,False,0,car,0 days 01:20:59.935000,0 days 02:19:15.447000
2024-07-07 15:24:12.876,11379,248,6,100,False,0,car,0 days 01:21:00.335000,0 days 02:19:15.847000
2024-07-07 15:24:13.276,11677,253,6,100,False,0,car,0 days 01:21:00.735000,0 days 02:19:16.247000
2024-07-07 15:24:13.476,11782,257,6,100,False,0,car,0 days 01:21:00.935000,0 days 02:19:16.447000
2024-07-07 15:24:13.676,10522,260,6,100,False,0,car,0 days 01:21:01.135000,0 days 02:19:16.647000
2024-07-07 15:24:13.836,10693,262,7,100,False,0,car,0 days 01:21:01.295000,0 days 02:19:16.807000
2024-07-07 15:24:14.036,10722,262,7,100,False,0,car,0 days 01:21:01.495000,0 days 02:19:17.007000
2024-07-07 15:24:14.396,10868,269,7,100,False,0,car,0 days 01:21:01.855000,0 days 02:19:17.367000
2024-07-07 15:24:14.556,10963,270,7,100,False,0,car,0 days 01:21:02.015000,0 days 02:19:17.527000
2024-07-07 15:24:14.836,11045,274,7,100,False,0,car,0 days 01:21:02.295000,0 days 02:19:17.807000
2024-07-07 15:24:15.036,11138,276,7,100,False,0,car,0 days 01:21:02.495000,0 days 02:19:18.007000
2024-07-07 15:24:15.196,11167,278,7,100,False,0,car,0 days 01:21:02.655000,0 days 02:19:18.167000
2024-07-07 15:24:15.356,11218,278,7,100,False,0,car,0 days 01:21:02.815000,0 days 02:19:18.327000
2024-07-07 15:24:15.596,11309,282,7,100,False,0,car,0 days 01:21:03.055000,0 days 02:19:18.567000
2024-07-07 15:24:15.796,11368,283,7,100,False,0,car,0 days 01:21:03.255000,0 days 02:19:18.767000
2024-07-07 15:24:16.076,11502,286,7,100,False,0,car,0 days 01:21:03.535000,0 days 02:19:19.047000
2024-07-07 15:24:16.276,11566,287,7,100,False,0,car,0 days 01:21:03.735000,0 days 02:19:19.247000
2024-07-07 15:24:16.556,11570,288,7,100,False,0,car,0 days 01:21:04.015000,0 days 02:19:19.527000
2024-07-07 15:24:16.756,11677,291,7,100,False,0,car,0 days 01:21:04.215000,0 days 02:19:19.727000
2024-07-07 15:24:16.916,11717,292,7,100,False,0,car,0 days 01:21:04.375000,0 days 02:19:19.887000
2024-07-07 15:24:17.156,11711,293,7,100,False,0,car,0 days 01:21:04.615000,0 days 02:19:20.127000
2024-07-07 15:24:17.556,10254,293,8,100,False,0,car,0 days 01:21:05.015000,0 days 02:19:20.527000
2024-07-07 15:24:17.756,10463,294,8,100,False,0,car,0 days 01:21:05.215000,0 days 02:19:20.727000
2024-07-07 15:24:17.956,10444,295,8,100,False,0,car,0 days 01:21:05.415000,0 days 02:19:20.927000
2024-07-07 15:24:18.276,10454,295,8,100,False,0,car,0 days 01:21:05.735000,0 days 02:19:21.247000
2024-07-07 15:24:18.596,10468,295,8,100,False,0,car,0 days 01:21:06.055000,0 days 02:19:21.567000
2024-07-07 15:24:18.916,10376,293,8,100,False,0,car,0 days 01:21:06.375000,0 days 02:19:21.887000
2024-07-07 15:24:19.076,10368,292,8,100,False,0,car,0 days 01:21:06.535000,0 days 02:19:22.047000
2024-07-07 15:24:19.436,10310,291,8,99,False,0,car,0 days 01:21:06.895000,0 days 02:19:22.407000
2024-07-07 15:24:19.756,10295,290,8,76,False,0,car,0 days 01:21:07.215000,0 days 02:19:22.727000
2024-07-07 15:24:19.956,10178,289,8,67,False,0,car,0 days 01:21:07.415000,0 days 02:19:22.927000
2024-07-07 15:24:20.156,9938,287,8,50,False,0,car,0 days 01:21:07.615000,0 days 02:19:23.127000
2024-07-07 15:24:20.396,9857,280,8,44,False,0,car,0 days 01:21:07.855000,0 days 02:19:23.367000
2024-07-07 15:24:20.636,10405,274,8,39,False,0,car,0 days 01:21:08.095000,0 days 02:19:23.607000
2024-07-07 15:24:20.836,10601,272,7,68,False,0,car,0 days 01:21:08.295000,0 days 02:19:23.807000
2024-07-07 15:24:20.996,10656,265,7,74,False,0,car,0 days 01:21:08.455000,0 days 02:19:23.967000
2024-07-07 15:24:21.316,10728,265,7,87,False,0,car,0 days 01:21:08.775000,0 days 02:19:24.287000
2024-07-07 15:24:21.596,10748,265,7,100,False,0,car,0 days 01:21:09.055000,0 days 02:19:24.567000
2024-07-07 15:24:21.836,10813,266,7,100,False,0,car,0 days 01:21:09.295000,0 days 02:19:24.807000
2024-07-07 15:24:22.116,10869,270,7,100,False,0,car,0 days 01:21:09.575000,0 days 02:19:25.087000
2024-07-07 15:24:22.516,10960,272,7,100,False,0,car,0 days 01:21:09.975000,0 days 02:19:25.487000
2024-07-07 15:24:22.756,11004,273,7,100,False,0,car,0 days 01:21:10.215000,0 days 02:19:25.727000
2024-07-07 15:24:22.956,11083,275,7,100,False,0,car,0 days 01:21:10.415000,0 days 02:19:25.927000
2024-07-07 15:24:23.116,11106,277,7,100,False,0,car,0 days 01:21:10.575000,0 days 02:19:26.087000
2024-07-07 15:24:23.356,11258,280,7,100,False,0,car,0 days 01:21:10.815000,0 days 02:19:26.327000
2024-07-07 15:24:23.596,11266,280,7,100,False,0,car,0 days 01:21:11.055000,0 days 02:19:26.567000
2024-07-07 15:24:23.796,11328,282,7,100,False,0,car,0 days 01:21:11.255000,0 days 02:19:26.767000
2024-07-07 15:24:23.996,11387,283,7,100,False,0,car,0 days 01:21:11.455000,0 days 02:19:26.967000
2024-07-07 15:24:24.276,11475,287,7,100,False,0,car,0 days 01:21:11.735000,0 days 02:19:27.247000
2024-07-07 15:24:24.636,11572,287,7,100,False,0,car,0 days 01:21:12.095000,0 days 02:19:27.607000
2024-07-07 15:24:24.956,11607,289,7,100,False,0,car,0 days 01:21:12.415000,0 days 02:19:27.927000
2024-07-07 15:24:25.356,11698,292,7,100,False,0,car,0 days 01:21:12.815000,0 days 02:19:28.327000
2024-07-07 15:24:25.556,11733,293,7,100,False,0,car,0 days 01:21:13.015000,0 days 02:19:28.527000
2024-07-07 15:24:25.756,11745,293,7,100,False,0,car,0 days 01:21:13.215000,0 days 02:19:28.727000
2024-07-07 15:24:25.956,11773,294,7,100,False,0,car,0 days 01:21:13.415000,0 days 02:19:28.927000
2024-07-07 15:24:26.196,11848,295,7,100,False,0,car,0 days 01:21:13.655000,0 days 02:19:29.167000
2024-07-07 15:24:26.476,11851,296,7,100,False,0,car,0 days 01:21:13.935000,0 days 02:19:29.447000
2024-07-07 15:24:26.676,11869,298,7,100,False,0,car,0 days 01:21:14.135000,0 days 02:19:29.647000
2024-07-07 15:24:26.876,11891,297,7,100,False,0,car,0 days 01:21:14.335000,0 days 02:19:29.847000
2024-07-07 15:24:27.116,11955,298,7,100,False,0,car,0 days 01:21:14.575000,0 days 02:19:30.087000
2024-07-07 15:24:27.276,11931,298,7,100,False,0,car,0 days 01:21:14.735000,0 days 02:19:30.247000
2024-07-07 15:24:27.556,11876,297,7,100,False,0,car,0 days 01:21:15.015000,0 days 02:19:30.527000
2024-07-07 15:24:27.796,11903,296,7,100,False,0,car,0 days 01:21:15.255000,0 days 02:19:30.767000
2024-07-07 15:24:27.996,11807,295,7,98,False,0,car,0 days 01:21:15.455000,0 days 02:19:30.967000
2024-07-07 15:24:28.276,11734,294,7,51,False,0,car,0 days 01:21:15.735000,0 days 02:19:31.247000
2024-07-07 15:24:28.436,11454,292,7,49,False,0,car,0 days 01:21:15.895000,0 days 02:19:31.407000
2024-07-07 15:24:28.596,11208,285,7,51,False,0,car,0 days 01:21:16.055000,0 days 02:19:31.567000
2024-07-07 15:24:28.836,11225,282,7,70,False,0,car,0 days 01:21:16.295000,0 days 02:19:31.807000
2024-07-07 15:24:29.036,11121,278,7,75,False,0,car,0 days 01:21:16.495000,0 days 02:19:32.007000
2024-07-07 15:24:29.236,11225,275,7,100,False,0,car,0 days 01:21:16.695000,0 days 02:19:32.207000
2024-07-07 15:24:29.516,11048,276,7,100,False,0,car,0 days 01:21:16.975000,0 days 02:19:32.487000
2024-07-07 15:24:29.916,11037,275,7,100,False,0,car,0 days 01:21:17.375000,0 days 02:19:32.887000
2024-07-07 15:24:30.076,11373,276,7,0,True,0,car,0 days 01:21:17.535000,0 days 02:19:33.047000
2024-07-07 15:24:30.396,10303,260,7,0,True,0,car,0 days 01:21:17.855000,0 days 02:19:33.367000
2024-07-07 15:24:30.636,11122,252,7,0,False,0,car,0 days 01:21:18.095000,0 days 02:19:33.607000
2024-07-07 15:24:30.836,11044,245,6,22,False,0,car,0 days 01:21:18.295000,0 days 02:19:33.807000
2024-07-07 15:24:31.076,10841,237,6,32,False,0,car,0 days 01:21:18.535000,0 days 02:19:34.047000
2024-07-07 15:24:31.396,10779,232,6,48,False,0,car,0 days 01:21:18.855000,0 days 02:19:34.367000
2024-07-07 15:24:31.556,10590,231,6,58,False,0,car,0 days 01:21:19.015000,0 days 02:19:34.527000
2024-07-07 15:24:31.837,10490,230,6,59,False,0,car,0 days 01:21:19.296000,0 days 02:19:34.808000
2024-07-07 15:24:31.996,9790,228,6,0,True,0,car,0 days 01:21:19.455000,0 days 02:19:34.967000
2024-07-07 15:24:32.196,9664,219,6,0,True,0,car,0 days 01:21:19.655000,0 days 02:19:35.167000
2024-07-07 15:24:32.436,10893,211,6,0,False,0,car,0 days 01:21:19.895000,0 days 02:19:35.407000
2024-07-07 15:24:32.876,10510,199,5,43,False,0,car,0 days 01:21:20.335000,0 days 02:19:35.847000
2024-07-07 15:24:33.036,10662,200,5,72,False,0,car,0 days 01:21:20.495000,0 days 02:19:36.007000
2024-07-07 15:24:33.476,10895,203,5,80,False,0,car,0 days 01:21:20.935000,0 days 02:19:36.447000
2024-07-07 15:24:33.636,11026,203,5,82,False,0,car,0 days 01:21:21.095000,0 days 02:19:36.607000
2024-07-07 15:24:34.036,11409,209,5,100,False,0,car,0 days 01:21:21.495000,0 days 02:19:37.007000
2024-07-07 15:24:34.236,11678,216,5,100,False,0,car,0 days 01:21:21.695000,0 days 02:19:37.207000
2024-07-07 15:24:34.636,10900,223,5,100,False,0,car,0 days 01:21:22.095000,0 days 02:19:37.607000
2024-07-07 15:24:34.876,10319,230,6,100,False,0,car,0 days 01:21:22.335000,0 days 02:19:37.847000
2024-07-07 15:24:35.116,10727,233,6,100,False,0,car,0 days 01:21:22.575000,0 days 02:19:38.087000
2024-07-07 15:24:35.276,10907,239,6,100,False,0,car,0 days 01:21:22.735000,0 days 02:19:38.247000
2024-07-07 15:24:35.476,11169,242,6,100,False,0,car,0 days 01:21:22.935000,0 days 02:19:38.447000
2024-07-07 15:24:35.716,11249,246,6,100,False,0,car,0 days 01:21:23.175000,0 days 02:19:38.687000
2024-07-07 15:24:36.116,11579,250,6,100,False,0,car,0 days 01:21:23.575000,0 days 02:19:39.087000
2024-07-07 15:24:36.476,11758,255,6,100,False,0,car,0 days 01:21:23.935000,0 days 02:19:39.447000
2024-07-07 15:24:36.756,10835,257,6,100,False,0,car,0 days 01:21:24.215000,0 days 02:19:39.727000
2024-07-07 15:24:37.076,10551,263,7,100,False,0,car,0 days 01:21:24.535000,0 days 02:19:40.047000
2024-07-07 15:24:37.396,10776,267,7,100,False,0,car,0 days 01:21:24.855000,0 days 02:19:40.367000
2024-07-07 15:24:37.836,10941,272,7,100,False,0,car,0 days 01:21:25.295000,0 days 02:19:40.807000
2024-07-07 15:24:38.156,11089,275,7,100,False,0,car,0 days 01:21:25.615000,0 days 02:19:41.127000
2024-07-07 15:24:38.437,11164,278,7,100,False,0,car,0 days 01:21:25.896000,0 days 02:19:41.408000
2024-07-07 15:24:38.636,11228,280,7,100,False,0,car,0 days 01:21:26.095000,0 days 02:19:41.607000
2024-07-07 15:24:39.076,11376,282,7,100,False,0,car,0 days 01:21:26.535000,0 days 02:19:42.047000
2024-07-07 15:24:39.356,11447,285,7,100,False,0,car,0 days 01:21:26.815000,0 days 02:19:42.327000
2024-07-07 15:24:39.676,11510,287,7,100,False,0,car,0 days 01:21:27.135000,0 days 02:19:42.647000
2024-07-07 15:24:39.836,11577,289,7,100,False,0,car,0 days 01:21:27.295000,0 days 02:19:42.807000
2024-07-07 15:24:40.236,11646,291,7,100,False,0,car,0 days 01:21:27.695000,0 days 02:19:43.207000
2024-07-07 15:24:40.436,11708,291,7,100,False,0,car,0 days 01:21:27.895000,0 days 02:19:43.407000
2024-07-07 15:24:40.676,11428,295,7,100,False,0,car,0 days 01:21:28.135000,0 days 02:19:43.647000
2024-07-07 15:24:41.076,10422,295,8,100,False,0,car,0 days 01:21:28.535000,0 days 02:19:44.047000
2024-07-07 15:24:41.476,10569,297,8,100,False,0,car,0 days 01:21:28.935000,0 days 02:19:44.447000
2024-07-07 15:24:41.676,10563,297,8,100,False,0,car,0 days 01:21:29.135000,0 days 02:19:44.647000
2024-07-07 15:24:41.956,10585,298,8,100,False,0,car,0 days 01:21:29.415000,0 days 02:19:44.927000
2024-07-07 15:24:42.156,10600,299,8,100,False,0,car,0 days 01:21:29.615000,0 days 02:19:45.127000
2024-07-07 15:24:42.476,10606,298,8,100,False,0,car,0 days 01:21:29.935000,0 days 02:19:45.447000
2024-07-07 15:24:42.636,10633,299,8,100,False,0,car,0 days 01:21:30.095000,0 days 02:19:45.607000
2024-07-07 15:24:42.876,10585,298,8,100,False,0,car,0 days 01:21:30.335000,0 days 02:19:45.847000
2024-07-07 15:24:43.116,10554,297,8,100,False,0,car,0 days 01:21:30.575000,0 days 02:19:46.087000
2024-07-07 15:24:43.396,10528,297,8,100,False,0,car,0 days 01:21:30.855000,0 days 02:19:46.367000
2024-07-07 15:24:43.636,10517,296,8,100,False,0,car,0 days 01:21:31.095000,0 days 02:19:46.607000
2024-07-07 15:24:43.916,10470,295,8,100,False,0,car,0 days 01:21:31.375000,0 days 02:19:46.887000
2024-07-07 15:24:44.156,10342,293,8,100,False,0,car,0 days 01:21:31.615000,0 days 02:19:47.127000
2024-07-07 15:24:44.396,10318,293,8,100,False,0,car,0 days 01:21:31.855000,0 days 02:19:47.367000
2024-07-07 15:24:44.556,10277,290,8,100,False,0,car,0 days 01:21:32.015000,0 days 02:19:47.527000
2024-07-07 15:24:44.877,10164,287,8,100,False,0,car,0 days 01:21:32.336000,0 days 02:19:47.848000
2024-07-07 15:24:45.197,10125,284,8,100,False,0,car,0 days 01:21:32.656000,0 days 02:19:48.168000
2024-07-07 15:24:45.356,9895,282,8,0,True,0,car,0 days 01:21:32.815000,0 days 02:19:48.327000
2024-07-07 15:24:45.556,9091,267,8,0,True,0,car,0 days 01:21:33.015000,0 days 02:19:48.527000
2024-07-07 15:24:45.716,9691,249,8,0,True,0,car,0 days 01:21:33.175000,0 days 02:19:48.687000
2024-07-07 15:24:45.956,9048,235,7,0,True,0,car,0 days 01:21:33.415000,0 days 02:19:48.927000
2024-07-07 15:24:46.196,9828,221,7,0,True,0,car,0 days 01:21:33.655000,0 days 02:19:49.167000
2024-07-07 15:24:46.436,9702,216,6,26,False,0,car,0 days 01:21:33.895000,0 days 02:19:49.407000
2024-07-07 15:24:46.756,9577,208,6,57,False,0,car,0 days 01:21:34.215000,0 days 02:19:49.727000
2024-07-07 15:24:47.196,9609,208,6,74,False,0,car,0 days 01:21:34.655000,0 days 02:19:50.167000
2024-07-07 15:24:47.396,9660,209,6,82,False,0,car,0 days 01:21:34.855000,0 days 02:19:50.367000
2024-07-07 15:24:47.556,9928,211,6,100,False,0,car,0 days 01:21:35.015000,0 days 02:19:50.527000
2024-07-07 15:24:47.716,9911,215,6,100,False,0,car,0 days 01:21:35.175000,0 days 02:19:50.687000
2024-07-07 15:24:48.076,10285,223,6,88,False,0,car,0 days 01:21:35.535000,0 days 02:19:51.047000
2024-07-07 15:24:48.276,10459,226,6,100,False,0,car,0 days 01:21:35.735000,0 days 02:19:51.247000
2024-07-07 15:24:48.636,10822,231,6,100,False,0,car,0 days 01:21:36.095000,0 days 02:19:51.607000
2024-07-07 15:24:48.796,10845,235,6,100,False,0,car,0 days 01:21:36.255000,0 days 02:19:51.767000
2024-07-07 15:24:49.036,11065,238,6,100,False,0,car,0 days 01:21:36.495000,0 days 02:19:52.007000
2024-07-07 15:24:49.236,11251,242,6,100,False,0,car,0 days 01:21:36.695000,0 days 02:19:52.207000
2024-07-07 15:24:49.556,11465,247,6,100,False,0,car,0 days 01:21:37.015000,0 days 02:19:52.527000
2024-07-07 15:24:49.836,11562,252,6,100,False,0,car,0 days 01:21:37.295000,0 days 02:19:52.807000
2024-07-07 15:24:50.116,11773,257,6,100,False,0,car,0 days 01:21:37.575000,0 days 02:19:53.087000
2024-07-07 15:24:50.356,10647,261,7,100,False,0,car,0 days 01:21:37.815000,0 days 02:19:53.327000
2024-07-07 15:24:50.716,10588,265,7,100,False,0,car,0 days 01:21:38.175000,0 days 02:19:53.687000
2024-07-07 15:24:50.876,10658,266,7,100,False,0,car,0 days 01:21:38.335000,0 days 02:19:53.847000
2024-07-07 15:24:51.116,10684,268,7,100,False,0,car,0 days 01:21:38.575000,0 days 02:19:54.087000
2024-07-07 15:24:51.316,10639,268,7,100,False,0,car,0 days 01:21:38.775000,0 days 02:19:54.287000
2024-07-07 15:24:51.517,10730,269,7,100,False,0,car,0 days 01:21:38.976000,0 days 02:19:54.488000
2024-07-07 15:24:51.717,10704,267,7,100,False,0,car,0 days 01:21:39.176000,0 days 02:19:54.688000
2024-07-07 15:24:51.957,10695,268,7,100,False,0,car,0 days 01:21:39.416000,0 days 02:19:54.928000
2024-07-07 15:24:52.156,10387,267,7,2,False,0,car,0 days 01:21:39.615000,0 days 02:19:55.127000
2024-07-07 15:24:52.316,10087,262,7,2,True,0,car,0 days 01:21:39.775000,0 days 02:19:55.287000
2024-07-07 15:24:52.636,9215,236,7,0,True,0,car,0 days 01:21:40.095000,0 days 02:19:55.607000
2024-07-07 15:24:52.956,8685,205,7,0,True,0,car,0 days 01:21:40.415000,0 days 02:19:55.927000
2024-07-07 15:24:53.156,9051,183,6,0,True,0,car,0 days 01:21:40.615000,0 days 02:19:56.127000
2024-07-07 15:24:53.476,8874,147,6,0,True,0,car,0 days 01:21:40.935000,0 days 02:19:56.447000
2024-07-07 15:24:53.876,8768,123,3,0,True,0,car,0 days 01:21:41.335000,0 days 02:19:56.847000
2024-07-07 15:24:54.076,8446,115,3,0,True,0,car,0 days 01:21:41.535000,0 days 02:19:57.047000
2024-07-07 15:24:54.316,7942,108,3,0,True,0,car,0 days 01:21:41.775000,0 days 02:19:57.287000
2024-07-07 15:24:54.556,7573,106,3,0,True,0,car,0 days 01:21:42.015000,0 days 02:19:57.527000
2024-07-07 15:24:54.876,7275,100,3,0,False,0,car,0 days 01:21:42.335000,0 days 02:19:57.847000
2024-07-07 15:24:55.116,7296,98,3,7,False,0,car,0 days 01:21:42.575000,0 days 02:19:58.087000
2024-07-07 15:24:55.396,7606,98,3,32,False,0,car,0 days 01:21:42.855000,0 days 02:19:58.367000
2024-07-07 15:24:55.596,7655,99,3,42,False,0,car,0 days 01:21:43.055000,0 days 02:19:58.567000
2024-07-07 15:24:55.876,7999,105,3,46,False,0,car,0 days 01:21:43.335000,0 days 02:19:58.847000
2024-07-07 15:24:56.236,7386,112,3,42,False,0,car,0 days 01:21:43.695000,0 days 02:19:59.207000
2024-07-07 15:24:56.516,7338,115,4,32,False,0,car,0 days 01:21:43.975000,0 days 02:19:59.487000
2024-07-07 15:24:56.916,7386,116,4,26,False,0,car,0 days 01:21:44.375000,0 days 02:19:59.887000
2024-07-07 15:24:57.076,7485,117,4,26,False,0,car,0 days 01:21:44.535000,0 days 02:20:00.047000
2024-07-07 15:24:57.356,7509,117,4,41,False,0,car,0 days 01:21:44.815000,0 days 02:20:00.327000
2024-07-07 15:24:57.556,7778,119,4,55,False,0,car,0 days 01:21:45.015000,0 days 02:20:00.527000
2024-07-07 15:24:57.836,8328,126,4,56,False,0,car,0 days 01:21:45.295000,0 days 02:20:00.807000
2024-07-07 15:24:58.037,8611,130,4,60,False,0,car,0 days 01:21:45.496000,0 days 02:20:01.008000
2024-07-07 15:24:58.237,8912,135,4,69,False,0,car,0 days 01:21:45.696000,0 days 02:20:01.208000
2024-07-07 15:24:58.437,9260,140,4,74,False,0,car,0 days 01:21:45.896000,0 days 02:20:01.408000
2024-07-07 15:24:58.757,9904,150,4,85,False,0,car,0 days 01:21:46.216000,0 days 02:20:01.728000
2024-07-07 15:24:58.956,10466,158,4,100,False,0,car,0 days 01:21:46.415000,0 days 02:20:01.927000
2024-07-07 15:24:59.196,11005,170,4,100,False,0,car,0 days 01:21:46.655000,0 days 02:20:02.167000
2024-07-07 15:24:59.436,11325,179,4,100,False,0,car,0 days 01:21:46.895000,0 days 02:20:02.407000
2024-07-07 15:24:59.636,9950,179,4,100,False,0,car,0 days 01:21:47.095000,0 days 02:20:02.607000
2024-07-07 15:24:59.836,10592,193,5,100,False,0,car,0 days 01:21:47.295000,0 days 02:20:02.807000
2024-07-07 15:25:00.116,10997,203,5,100,False,0,car,0 days 01:21:47.575000,0 days 02:20:03.087000
2024-07-07 15:25:00.396,11391,210,5,100,False,0,car,0 days 01:21:47.855000,0 days 02:20:03.367000
2024-07-07 15:25:00.676,11785,214,5,100,False,0,car,0 days 01:21:48.135000,0 days 02:20:03.647000
2024-07-07 15:25:00.916,10385,223,5,100,False,0,car,0 days 01:21:48.375000,0 days 02:20:03.887000
2024-07-07 15:25:01.156,10648,228,6,100,False,0,car,0 days 01:21:48.615000,0 days 02:20:04.127000
2024-07-07 15:25:01.516,10887,236,6,100,False,0,car,0 days 01:21:48.975000,0 days 02:20:04.487000
2024-07-07 15:25:01.716,11078,239,6,100,False,0,car,0 days 01:21:49.175000,0 days 02:20:04.687000
2024-07-07 15:25:01.956,11318,243,6,100,False,0,car,0 days 01:21:49.415000,0 days 02:20:04.927000
2024-07-07 15:25:02.196,11468,250,6,100,False,0,car,0 days 01:21:49.655000,0 days 02:20:05.167000
2024-07-07 15:25:02.516,11646,254,6,100,False,0,car,0 days 01:21:49.975000,0 days 02:20:05.487000
2024-07-07 15:25:02.836,10831,260,6,100,False,0,car,0 days 01:21:50.295000,0 days 02:20:05.807000
2024-07-07 15:25:03.196,10651,265,7,100,False,0,car,0 days 01:21:50.655000,0 days 02:20:06.167000
2024-07-07 15:25:03.516,10841,269,7,100,False,0,car,0 days 01:21:50.975000,0 days 02:20:06.487000
2024-07-07 15:25:03.756,10964,273,7,100,False,0,car,0 days 01:21:51.215000,0 days 02:20:06.727000
2024-07-07 15:25:03.996,11031,276,7,100,False,0,car,0 days 01:21:51.455000,0 days 02:20:06.967000
2024-07-07 15:25:04.156,11123,277,7,100,False,0,car,0 days 01:21:51.615000,0 days 02:20:07.127000
2024-07-07 15:25:04.396,11206,280,7,100,False,0,car,0 days 01:21:51.855000,0 days 02:20:07.367000
2024-07-07 15:25:04.717,11350,282,7,100,False,0,car,0 days 01:21:52.176000,0 days 02:20:07.688000
2024-07-07 15:25:04.917,11368,284,7,100,False,0,car,0 days 01:21:52.376000,0 days 02:20:07.888000
2024-07-07 15:25:05.197,11486,288,7,100,False,0,car,0 days 01:21:52.656000,0 days 02:20:08.168000
2024-07-07 15:25:05.556,11599,288,7,100,False,0,car,0 days 01:21:53.015000,0 days 02:20:08.527000
2024-07-07 15:25:05.796,11618,291,7,100,False,0,car,0 days 01:21:53.255000,0 days 02:20:08.767000
2024-07-07 15:25:06.116,11687,293,7,100,False,0,car,0 days 01:21:53.575000,0 days 02:20:09.087000
2024-07-07 15:25:06.356,10656,294,8,100,False,0,car,0 days 01:21:53.815000,0 days 02:20:09.327000
2024-07-07 15:25:06.676,10627,297,8,100,False,0,car,0 days 01:21:54.135000,0 days 02:20:09.647000
2024-07-07 15:25:06.956,10579,298,8,92,False,0,car,0 days 01:21:54.415000,0 days 02:20:09.927000
2024-07-07 15:25:07.236,10611,298,8,87,False,0,car,0 days 01:21:54.695000,0 days 02:20:10.207000
2024-07-07 15:25:07.436,10483,296,8,79,False,0,car,0 days 01:21:54.895000,0 days 02:20:10.407000
2024-07-07 15:25:07.636,10506,295,8,80,False,0,car,0 days 01:21:55.095000,0 days 02:20:10.607000
2024-07-07 15:25:07.836,10480,293,8,94,False,0,car,0 days 01:21:55.295000,0 days 02:20:10.807000
2024-07-07 15:25:08.076,10491,293,8,100,False,0,car,0 days 01:21:55.535000,0 days 02:20:11.047000
2024-07-07 15:25:08.436,10418,291,8,100,False,0,car,0 days 01:21:55.895000,0 days 02:20:11.407000
2024-07-07 15:25:08.636,10421,290,8,100,False,0,car,0 days 01:21:56.095000,0 days 02:20:11.607000
2024-07-07 15:25:08.796,10377,291,8,100,False,0,car,0 days 01:21:56.255000,0 days 02:20:11.767000
2024-07-07 15:25:09.116,10383,292,8,100,False,0,car,0 days 01:21:56.575000,0 days 02:20:12.087000
2024-07-07 15:25:09.436,10428,293,8,100,False,0,car,0 days 01:21:56.895000,0 days 02:20:12.407000
2024-07-07 15:25:09.636,10481,294,8,100,False,0,car,0 days 01:21:57.095000,0 days 02:20:12.607000
2024-07-07 15:25:09.916,10493,295,8,100,False,0,car,0 days 01:21:57.375000,0 days 02:20:12.887000
2024-07-07 15:25:10.276,10523,295,8,100,False,0,car,0 days 01:21:57.735000,0 days 02:20:13.247000
2024-07-07 15:25:10.556,10521,295,8,100,False,0,car,0 days 01:21:58.015000,0 days 02:20:13.527000
2024-07-07 15:25:10.796,10469,293,8,100,False,0,car,0 days 01:21:58.255000,0 days 02:20:13.767000
2024-07-07 15:25:10.996,10397,293,8,100,False,0,car,0 days 01:21:58.455000,0 days 02:20:13.967000
2024-07-07 15:25:11.437,10224,289,8,100,False,0,car,0 days 01:21:58.896000,0 days 02:20:14.408000
2024-07-07 15:25:11.637,10171,286,8,100,False,0,car,0 days 01:21:59.096000,0 days 02:20:14.608000
2024-07-07 15:25:11.837,10134,285,8,100,False,0,car,0 days 01:21:59.296000,0 days 02:20:14.808000
2024-07-07 15:25:12.117,10104,284,8,100,False,0,car,0 days 01:21:59.576000,0 days 02:20:15.088000
2024-07-07 15:25:12.476,9580,255,8,0,True,0,car,0 days 01:21:59.935000,0 days 02:20:15.447000
2024-07-07 15:25:12.676,8963,228,8,0,True,0,car,0 days 01:22:00.135000,0 days 02:20:15.647000
2024-07-07 15:25:12.956,9404,205,7,0,True,0,car,0 days 01:22:00.415000,0 days 02:20:15.927000
2024-07-07 15:25:13.236,9061,175,6,0,True,0,car,0 days 01:22:00.695000,0 days 02:20:16.207000
2024-07-07 15:25:13.636,8806,153,4,0,True,0,car,0 days 01:22:01.095000,0 days 02:20:16.607000
2024-07-07 15:25:13.836,8238,138,4,0,True,0,car,0 days 01:22:01.295000,0 days 02:20:16.807000
2024-07-07 15:25:13.996,7954,130,4,0,True,0,car,0 days 01:22:01.455000,0 days 02:20:16.967000
2024-07-07 15:25:14.276,7461,125,4,0,True,0,car,0 days 01:22:01.735000,0 days 02:20:17.247000
2024-07-07 15:25:14.516,7201,125,4,0,True,0,car,0 days 01:22:01.975000,0 days 02:20:17.487000
2024-07-07 15:25:14.676,7059,113,4,0,True,0,car,0 days 01:22:02.135000,0 days 02:20:17.647000
2024-07-07 15:25:15.116,6693,107,4,0,False,0,car,0 days 01:22:02.575000,0 days 02:20:18.087000
2024-07-07 15:25:15.276,6569,105,4,16,False,0,car,0 days 01:22:02.735000,0 days 02:20:18.247000
2024-07-07 15:25:15.556,6880,106,4,31,False,0,car,0 days 01:22:03.015000,0 days 02:20:18.527000
2024-07-07 15:25:15.956,7151,108,4,43,False,0,car,0 days 01:22:03.415000,0 days 02:20:18.927000
2024-07-07 15:25:16.116,7262,108,4,43,False,0,car,0 days 01:22:03.575000,0 days 02:20:19.087000
2024-07-07 15:25:16.276,7486,114,4,45,False,0,car,0 days 01:22:03.735000,0 days 02:20:19.247000
2024-07-07 15:25:16.516,7675,117,4,51,False,0,car,0 days 01:22:03.975000,0 days 02:20:19.487000
2024-07-07 15:25:16.676,7935,119,4,56,False,0,car,0 days 01:22:04.135000,0 days 02:20:19.647000
2024-07-07 15:25:16.836,8289,124,4,63,False,0,car,0 days 01:22:04.295000,0 days 02:20:19.807000
2024-07-07 15:25:17.076,8603,132,4,68,False,0,car,0 days 01:22:04.535000,0 days 02:20:20.047000
2024-07-07 15:25:17.436,8997,142,4,0,True,0,car,0 days 01:22:04.895000,0 days 02:20:20.407000
2024-07-07 15:25:17.596,8550,139,4,0,True,0,car,0 days 01:22:05.055000,0 days 02:20:20.567000
2024-07-07 15:25:17.957,8588,124,3,0,True,0,car,0 days 01:22:05.416000,0 days 02:20:20.928000
2024-07-07 15:25:18.197,8022,120,3,0,True,0,car,0 days 01:22:05.656000,0 days 02:20:21.168000
2024-07-07 15:25:18.357,7478,109,3,0,True,0,car,0 days 01:22:05.816000,0 days 02:20:21.328000
2024-07-07 15:25:18.837,7014,98,3,0,True,0,car,0 days 01:22:06.296000,0 days 02:20:21.808000
2024-07-07 15:25:18.997,6663,90,3,0,True,0,car,0 days 01:22:06.456000,0 days 02:20:21.968000
2024-07-07 15:25:19.196,6483,86,3,0,True,0,car,0 days 01:22:06.655000,0 days 02:20:22.167000
2024-07-07 15:25:19.596,6235,83,3,0,False,0,car,0 days 01:22:07.055000,0 days 02:20:22.567000
2024-07-07 15:25:19.756,6027,82,3,0,False,0,car,0 days 01:22:07.215000,0 days 02:20:22.727000
2024-07-07 15:25:19.956,6120,81,3,10,False,0,car,0 days 01:22:07.415000,0 days 02:20:22.927000
2024-07-07 15:25:20.116,6216,81,3,17,False,0,car,0 days 01:22:07.575000,0 days 02:20:23.087000
2024-07-07 15:25:20.356,6569,83,3,32,False,0,car,0 days 01:22:07.815000,0 days 02:20:23.327000
2024-07-07 15:25:20.516,6695,86,3,37,False,0,car,0 days 01:22:07.975000,0 days 02:20:23.487000
2024-07-07 15:25:20.796,7139,91,3,43,False,0,car,0 days 01:22:08.255000,0 days 02:20:23.767000
2024-07-07 15:25:20.996,7605,96,3,50,False,0,car,0 days 01:22:08.455000,0 days 02:20:23.967000
2024-07-07 15:25:21.316,8240,105,3,58,False,0,car,0 days 01:22:08.775000,0 days 02:20:24.287000
2024-07-07 15:25:21.556,9074,111,3,68,False,0,car,0 days 01:22:09.015000,0 days 02:20:24.527000
2024-07-07 15:25:21.956,8696,122,4,87,False,0,car,0 days 01:22:09.415000,0 days 02:20:24.927000
2024-07-07 15:25:22.276,9754,145,4,100,False,0,car,0 days 01:22:09.735000,0 days 02:20:25.247000
2024-07-07 15:25:22.476,10062,156,4,100,False,0,car,0 days 01:22:09.935000,0 days 02:20:25.447000
2024-07-07 15:25:22.956,11463,175,4,100,False,0,car,0 days 01:22:10.415000,0 days 02:20:25.927000
2024-07-07 15:25:23.156,11910,178,4,100,False,0,car,0 days 01:22:10.615000,0 days 02:20:26.127000
2024-07-07 15:25:23.476,10681,198,5,100,False,0,car,0 days 01:22:10.935000,0 days 02:20:26.447000
2024-07-07 15:25:23.756,11145,204,5,100,False,0,car,0 days 01:22:11.215000,0 days 02:20:26.727000
2024-07-07 15:25:24.076,11595,215,5,100,False,0,car,0 days 01:22:11.535000,0 days 02:20:27.047000
2024-07-07 15:25:24.357,11901,217,5,100,False,0,car,0 days 01:22:11.816000,0 days 02:20:27.328000
2024-07-07 15:25:24.597,10501,226,5,100,False,0,car,0 days 01:22:12.056000,0 days 02:20:27.568000
2024-07-07 15:25:24.797,10652,231,6,100,False,0,car,0 days 01:22:12.256000,0 days 02:20:27.768000
2024-07-07 15:25:25.077,10907,236,6,100,False,0,car,0 days 01:22:12.536000,0 days 02:20:28.048000
2024-07-07 15:25:25.317,11033,240,6,100,False,0,car,0 days 01:22:12.776000,0 days 02:20:28.288000
2024-07-07 15:25:25.517,11125,244,6,100,False,0,car,0 days 01:22:12.976000,0 days 02:20:28.488000
2024-07-07 15:25:25.796,11379,249,6,100,False,0,car,0 days 01:22:13.255000,0 days 02:20:28.767000
2024-07-07 15:25:26.116,11598,253,6,100,False,0,car,0 days 01:22:13.575000,0 days 02:20:29.087000
2024-07-07 15:25:26.276,11710,255,6,100,False,0,car,0 days 01:22:13.735000,0 days 02:20:29.247000
2024-07-07 15:25:26.636,10680,259,7,100,False,0,car,0 days 01:22:14.095000,0 days 02:20:29.607000
2024-07-07 15:25:26.956,10519,263,7,100,False,0,car,0 days 01:22:14.415000,0 days 02:20:29.927000
2024-07-07 15:25:27.116,10641,265,7,100,False,0,car,0 days 01:22:14.575000,0 days 02:20:30.087000
2024-07-07 15:25:27.476,10838,270,7,100,False,0,car,0 days 01:22:14.935000,0 days 02:20:30.447000
2024-07-07 15:25:27.716,10908,272,7,100,False,0,car,0 days 01:22:15.175000,0 days 02:20:30.687000
2024-07-07 15:25:28.036,11041,274,7,100,False,0,car,0 days 01:22:15.495000,0 days 02:20:31.007000
2024-07-07 15:25:28.196,11068,277,7,100,False,0,car,0 days 01:22:15.655000,0 days 02:20:31.167000
2024-07-07 15:25:28.516,11174,279,7,100,False,0,car,0 days 01:22:15.975000,0 days 02:20:31.487000
2024-07-07 15:25:28.676,11237,280,7,100,False,0,car,0 days 01:22:16.135000,0 days 02:20:31.647000
2024-07-07 15:25:29.076,11353,283,7,100,False,0,car,0 days 01:22:16.535000,0 days 02:20:32.047000
2024-07-07 15:25:29.556,11450,286,7,100,False,0,car,0 days 01:22:17.015000,0 days 02:20:32.527000
2024-07-07 15:25:29.916,11504,289,7,100,False,0,car,0 days 01:22:17.375000,0 days 02:20:32.887000
2024-07-07 15:25:30.076,11579,289,7,100,False,0,car,0 days 01:22:17.535000,0 days 02:20:33.047000
2024-07-07 15:25:30.276,11622,290,7,100,False,0,car,0 days 01:22:17.735000,0 days 02:20:33.247000
2024-07-07 15:25:30.476,11651,291,7,100,False,0,car,0 days 01:22:17.935000,0 days 02:20:33.447000
2024-07-07 15:25:30.716,11681,292,7,100,False,0,car,0 days 01:22:18.175000,0 days 02:20:33.687000
2024-07-07 15:25:30.917,11708,293,7,100,False,0,car,0 days 01:22:18.376000,0 days 02:20:33.888000
2024-07-07 15:25:31.077,11712,293,7,100,False,0,car,0 days 01:22:18.536000,0 days 02:20:34.048000
2024-07-07 15:25:31.317,11653,293,7,100,False,0,car,0 days 01:22:18.776000,0 days 02:20:34.288000
2024-07-07 15:25:31.557,11600,292,7,100,False,0,car,0 days 01:22:19.016000,0 days 02:20:34.528000
2024-07-07 15:25:31.757,11516,291,7,100,False,0,car,0 days 01:22:19.216000,0 days 02:20:34.728000
2024-07-07 15:25:32.077,11439,286,7,100,False,0,car,0 days 01:22:19.536000,0 days 02:20:35.048000
2024-07-07 15:25:32.357,11387,286,7,100,False,0,car,0 days 01:22:19.816000,0 days 02:20:35.328000
2024-07-07 15:25:32.556,11099,286,7,0,True,0,car,0 days 01:22:20.015000,0 days 02:20:35.527000
2024-07-07 15:25:32.796,10686,268,7,0,True,0,car,0 days 01:22:20.255000,0 days 02:20:35.767000
2024-07-07 15:25:32.956,9775,259,7,0,True,0,car,0 days 01:22:20.415000,0 days 02:20:35.927000
2024-07-07 15:25:33.396,9679,216,7,0,True,0,car,0 days 01:22:20.855000,0 days 02:20:36.367000
2024-07-07 15:25:33.756,9509,199,6,0,True,0,car,0 days 01:22:21.215000,0 days 02:20:36.727000
2024-07-07 15:25:34.076,9425,181,5,0,True,0,car,0 days 01:22:21.535000,0 days 02:20:37.047000
2024-07-07 15:25:34.356,9024,174,5,0,True,0,car,0 days 01:22:21.815000,0 days 02:20:37.327000
2024-07-07 15:25:34.516,8837,169,5,0,True,0,car,0 days 01:22:21.975000,0 days 02:20:37.487000
2024-07-07 15:25:34.796,8544,163,5,0,True,0,car,0 days 01:22:22.255000,0 days 02:20:37.767000
2024-07-07 15:25:34.956,8433,161,5,0,True,0,car,0 days 01:22:22.415000,0 days 02:20:37.927000
2024-07-07 15:25:35.276,8344,154,5,18,False,0,car,0 days 01:22:22.735000,0 days 02:20:38.247000
2024-07-07 15:25:35.476,8013,152,5,31,False,0,car,0 days 01:22:22.935000,0 days 02:20:38.447000
2024-07-07 15:25:35.636,8196,151,5,47,False,0,car,0 days 01:22:23.095000,0 days 02:20:38.607000
2024-07-07 15:25:36.076,8404,155,5,61,False,0,car,0 days 01:22:23.535000,0 days 02:20:39.047000
2024-07-07 15:25:36.316,8714,157,5,71,False,0,car,0 days 01:22:23.775000,0 days 02:20:39.287000
2024-07-07 15:25:36.756,9290,169,5,100,False,0,car,0 days 01:22:24.215000,0 days 02:20:39.727000
2024-07-07 15:25:36.956,9552,175,5,100,False,0,car,0 days 01:22:24.415000,0 days 02:20:39.927000
2024-07-07 15:25:37.276,9309,169,5,0,True,0,car,0 days 01:22:24.735000,0 days 02:20:40.247000
2024-07-07 15:25:37.477,8329,160,5,0,True,0,car,0 days 01:22:24.936000,0 days 02:20:40.448000
2024-07-07 15:25:37.717,9249,151,5,0,True,0,car,0 days 01:22:25.176000,0 days 02:20:40.688000
2024-07-07 15:25:37.917,8880,147,4,0,True,0,car,0 days 01:22:25.376000,0 days 02:20:40.888000
2024-07-07 15:25:38.157,8505,138,4,0,True,0,car,0 days 01:22:25.616000,0 days 02:20:41.128000
2024-07-07 15:25:38.437,8091,129,4,0,True,0,car,0 days 01:22:25.896000,0 days 02:20:41.408000
2024-07-07 15:25:38.797,7395,119,4,0,True,0,car,0 days 01:22:26.256000,0 days 02:20:41.768000
2024-07-07 15:25:39.197,6752,108,4,0,True,0,car,0 days 01:22:26.656000,0 days 02:20:42.168000
2024-07-07 15:25:39.476,6524,103,4,0,False,0,car,0 days 01:22:26.935000,0 days 02:20:42.447000
2024-07-07 15:25:39.836,6424,101,4,26,False,0,car,0 days 01:22:27.295000,0 days 02:20:42.807000
2024-07-07 15:25:40.196,6761,104,4,42,False,0,car,0 days 01:22:27.655000,0 days 02:20:43.167000
2024-07-07 15:25:40.636,7323,110,4,46,False,0,car,0 days 01:22:28.095000,0 days 02:20:43.607000
2024-07-07 15:25:40.876,7587,116,4,52,False,0,car,0 days 01:22:28.335000,0 days 02:20:43.847000
2024-07-07 15:25:41.156,7954,120,4,59,False,0,car,0 days 01:22:28.615000,0 days 02:20:44.127000
2024-07-07 15:25:41.396,8411,128,4,69,False,0,car,0 days 01:22:28.855000,0 days 02:20:44.367000
2024-07-07 15:25:41.556,8864,131,4,74,False,0,car,0 days 01:22:29.015000,0 days 02:20:44.527000
2024-07-07 15:25:41.876,9522,141,4,83,False,0,car,0 days 01:22:29.335000,0 days 02:20:44.847000
2024-07-07 15:25:42.236,10380,157,4,100,False,0,car,0 days 01:22:29.695000,0 days 02:20:45.207000
2024-07-07 15:25:42.516,11171,165,4,98,False,0,car,0 days 01:22:29.975000,0 days 02:20:45.487000
2024-07-07 15:25:42.916,10761,185,4,100,False,0,car,0 days 01:22:30.375000,0 days 02:20:45.887000
2024-07-07 15:25:43.236,10840,197,5,100,False,0,car,0 days 01:22:30.695000,0 days 02:20:46.207000
2024-07-07 15:25:43.436,11008,204,5,98,False,0,car,0 days 01:22:30.895000,0 days 02:20:46.407000
2024-07-07 15:25:43.756,11694,214,5,100,False,0,car,0 days 01:22:31.215000,0 days 02:20:46.727000
2024-07-07 15:25:44.037,11266,220,5,100,False,0,car,0 days 01:22:31.496000,0 days 02:20:47.008000
2024-07-07 15:25:44.357,10587,229,6,100,False,0,car,0 days 01:22:31.816000,0 days 02:20:47.328000
2024-07-07 15:25:44.517,10904,232,6,100,False,0,car,0 days 01:22:31.976000,0 days 02:20:47.488000
2024-07-07 15:25:44.797,11074,241,6,100,False,0,car,0 days 01:22:32.256000,0 days 02:20:47.768000
2024-07-07 15:25:45.037,11336,245,6,100,False,0,car,0 days 01:22:32.496000,0 days 02:20:48.008000
2024-07-07 15:25:45.277,11480,250,6,100,False,0,car,0 days 01:22:32.736000,0 days 02:20:48.248000
2024-07-07 15:25:45.477,11640,253,6,100,False,0,car,0 days 01:22:32.936000,0 days 02:20:48.448000
2024-07-07 15:25:45.757,10764,257,6,100,False,0,car,0 days 01:22:33.216000,0 days 02:20:48.728000
2024-07-07 15:25:46.196,10592,265,7,100,False,0,car,0 days 01:22:33.655000,0 days 02:20:49.167000
2024-07-07 15:25:46.596,10801,267,7,100,False,0,car,0 days 01:22:34.055000,0 days 02:20:49.567000
2024-07-07 15:25:46.756,10877,270,7,100,False,0,car,0 days 01:22:34.215000,0 days 02:20:49.727000
2024-07-07 15:25:47.036,10962,273,7,100,False,0,car,0 days 01:22:34.495000,0 days 02:20:50.007000
2024-07-07 15:25:47.276,11097,277,7,100,False,0,car,0 days 01:22:34.735000,0 days 02:20:50.247000
2024-07-07 15:25:47.636,11249,279,7,100,False,0,car,0 days 01:22:35.095000,0 days 02:20:50.607000
2024-07-07 15:25:48.036,11384,283,7,100,False,0,car,0 days 01:22:35.495000,0 days 02:20:51.007000
2024-07-07 15:25:48.196,11384,284,7,100,False,0,car,0 days 01:22:35.655000,0 days 02:20:51.167000
2024-07-07 15:25:48.476,11478,287,7,100,False,0,car,0 days 01:22:35.935000,0 days 02:20:51.447000
2024-07-07 15:25:48.756,11580,289,7,100,False,0,car,0 days 01:22:36.215000,0 days 02:20:51.727000
2024-07-07 15:25:49.076,11661,291,7,100,False,0,car,0 days 01:22:36.535000,0 days 02:20:52.047000
2024-07-07 15:25:49.236,11701,291,7,100,False,0,car,0 days 01:22:36.695000,0 days 02:20:52.207000
2024-07-07 15:25:49.436,11704,293,7,100,False,0,car,0 days 01:22:36.895000,0 days 02:20:52.407000
2024-07-07 15:25:49.676,10584,295,7,100,False,0,car,0 days 01:22:37.135000,0 days 02:20:52.647000
2024-07-07 15:25:49.876,10483,295,8,100,False,0,car,0 days 01:22:37.335000,0 days 02:20:52.847000
2024-07-07 15:25:50.236,10570,296,8,100,False,0,car,0 days 01:22:37.695000,0 days 02:20:53.207000
2024-07-07 15:25:50.476,10590,298,8,100,False,0,car,0 days 01:22:37.935000,0 days 02:20:53.447000
2024-07-07 15:25:50.677,10569,299,8,100,False,0,car,0 days 01:22:38.136000,0 days 02:20:53.648000
2024-07-07 15:25:50.837,10565,298,8,100,False,0,car,0 days 01:22:38.296000,0 days 02:20:53.808000
2024-07-07 15:25:51.117,10520,296,8,100,False,0,car,0 days 01:22:38.576000,0 days 02:20:54.088000
2024-07-07 15:25:51.317,10498,296,8,100,False,0,car,0 days 01:22:38.776000,0 days 02:20:54.288000
2024-07-07 15:25:51.517,10438,294,8,100,False,0,car,0 days 01:22:38.976000,0 days 02:20:54.488000
2024-07-07 15:25:51.797,10406,293,8,100,False,0,car,0 days 01:22:39.256000,0 days 02:20:54.768000
2024-07-07 15:25:52.117,10310,291,8,72,False,0,car,0 days 01:22:39.576000,0 days 02:20:55.088000
2024-07-07 15:25:52.437,10139,287,8,58,False,0,car,0 days 01:22:39.896000,0 days 02:20:55.408000
2024-07-07 15:25:52.597,10141,286,8,72,False,0,car,0 days 01:22:40.056000,0 days 02:20:55.568000
2024-07-07 15:25:52.956,9864,280,8,57,False,0,car,0 days 01:22:40.415000,0 days 02:20:55.927000
2024-07-07 15:25:53.236,9697,274,8,72,False,0,car,0 days 01:22:40.695000,0 days 02:20:56.207000
2024-07-07 15:25:53.676,9758,272,8,92,False,0,car,0 days 01:22:41.135000,0 days 02:20:56.647000
2024-07-07 15:25:53.876,9784,272,8,93,False,0,car,0 days 01:22:41.335000,0 days 02:20:56.847000
2024-07-07 15:25:54.196,9760,274,8,100,False,0,car,0 days 01:22:41.655000,0 days 02:20:57.167000
2024-07-07 15:25:54.516,9818,274,8,100,False,0,car,0 days 01:22:41.975000,0 days 02:20:57.487000
2024-07-07 15:25:54.756,9844,275,8,100,False,0,car,0 days 01:22:42.215000,0 days 02:20:57.727000
2024-07-07 15:25:55.036,9897,276,8,100,False,0,car,0 days 01:22:42.495000,0 days 02:20:58.007000
2024-07-07 15:25:55.276,9846,277,8,100,False,0,car,0 days 01:22:42.735000,0 days 02:20:58.247000
2024-07-07 15:25:55.516,9956,279,8,100,False,0,car,0 days 01:22:42.975000,0 days 02:20:58.487000
2024-07-07 15:25:55.716,10004,280,8,100,False,0,car,0 days 01:22:43.175000,0 days 02:20:58.687000
2024-07-07 15:25:55.956,10010,281,8,100,False,0,car,0 days 01:22:43.415000,0 days 02:20:58.927000
2024-07-07 15:25:56.276,10110,284,8,100,False,0,car,0 days 01:22:43.735000,0 days 02:20:59.247000
2024-07-07 15:25:56.476,10157,286,8,100,False,0,car,0 days 01:22:43.935000,0 days 02:20:59.447000
2024-07-07 15:25:56.636,10199,285,8,100,False,0,car,0 days 01:22:44.095000,0 days 02:20:59.607000
2024-07-07 15:25:56.996,10282,288,8,100,False,0,car,0 days 01:22:44.455000,0 days 02:20:59.967000
2024-07-07 15:25:57.877,10418,292,8,100,False,0,car,0 days 01:22:45.336000,0 days 02:21:00.848000
2024-07-07 15:25:58.117,10448,294,8,100,False,0,car,0 days 01:22:45.576000,0 days 02:21:01.088000
2024-07-07 15:25:58.397,10507,296,8,100,False,0,car,0 days 01:22:45.856000,0 days 02:21:01.368000
2024-07-07 15:25:58.597,10545,296,8,100,False,0,car,0 days 01:22:46.056000,0 days 02:21:01.568000
2024-07-07 15:25:59.037,10600,298,8,100,False,0,car,0 days 01:22:46.496000,0 days 02:21:02.008000
2024-07-07 15:25:59.197,10602,298,8,100,False,0,car,0 days 01:22:46.656000,0 days 02:21:02.168000
2024-07-07 15:25:59.437,10648,299,8,100,False,0,car,0 days 01:22:46.896000,0 days 02:21:02.408000
2024-07-07 15:25:59.636,10665,298,8,100,False,0,car,0 days 01:22:47.095000,0 days 02:21:02.607000
2024-07-07 15:25:59.996,10678,299,8,100,False,0,car,0 days 01:22:47.455000,0 days 02:21:02.967000
2024-07-07 15:26:00.156,10628,300,8,91,False,0,car,0 days 01:22:47.615000,0 days 02:21:03.127000
2024-07-07 15:26:00.396,10694,300,8,78,False,0,car,0 days 01:22:47.855000,0 days 02:21:03.367000
2024-07-07 15:26:00.676,10346,296,8,50,False,0,car,0 days 01:22:48.135000,0 days 02:21:03.647000
2024-07-07 15:26:00.996,10889,293,8,34,False,0,car,0 days 01:22:48.455000,0 days 02:21:03.967000
2024-07-07 15:26:01.196,11311,279,8,71,False,0,car,0 days 01:22:48.655000,0 days 02:21:04.167000
2024-07-07 15:26:01.436,11074,277,7,77,False,0,car,0 days 01:22:48.895000,0 days 02:21:04.407000
2024-07-07 15:26:01.716,11129,275,7,94,False,0,car,0 days 01:22:49.175000,0 days 02:21:04.687000
2024-07-07 15:26:01.956,10939,274,7,100,False,0,car,0 days 01:22:49.415000,0 days 02:21:04.927000
2024-07-07 15:26:02.276,10995,273,7,100,False,0,car,0 days 01:22:49.735000,0 days 02:21:05.247000
2024-07-07 15:26:02.556,10632,276,7,0,True,0,car,0 days 01:22:50.015000,0 days 02:21:05.527000
2024-07-07 15:26:02.756,10316,265,7,0,True,0,car,0 days 01:22:50.215000,0 days 02:21:05.727000
2024-07-07 15:26:03.116,10151,251,7,41,False,0,car,0 days 01:22:50.575000,0 days 02:21:06.087000
2024-07-07 15:26:03.356,9959,248,7,48,False,0,car,0 days 01:22:50.815000,0 days 02:21:06.327000
2024-07-07 15:26:03.556,9763,244,7,60,False,0,car,0 days 01:22:51.015000,0 days 02:21:06.527000
2024-07-07 15:26:03.716,9760,243,7,62,False,0,car,0 days 01:22:51.175000,0 days 02:21:06.687000
2024-07-07 15:26:03.917,9726,241,7,62,False,0,car,0 days 01:22:51.376000,0 days 02:21:06.888000
2024-07-07 15:26:04.197,9287,240,7,17,False,0,car,0 days 01:22:51.656000,0 days 02:21:07.168000
2024-07-07 15:26:04.397,8931,232,7,0,True,0,car,0 days 01:22:51.856000,0 days 02:21:07.368000
2024-07-07 15:26:04.557,9911,227,7,0,True,0,car,0 days 01:22:52.016000,0 days 02:21:07.528000
2024-07-07 15:26:04.797,9947,218,6,22,False,0,car,0 days 01:22:52.256000,0 days 02:21:07.768000
2024-07-07 15:26:05.197,9558,211,6,40,False,0,car,0 days 01:22:52.656000,0 days 02:21:08.168000
2024-07-07 15:26:05.597,9664,208,6,63,False,0,car,0 days 01:22:53.056000,0 days 02:21:08.568000
2024-07-07 15:26:05.837,9622,207,6,100,False,0,car,0 days 01:22:53.296000,0 days 02:21:08.808000
2024-07-07 15:26:06.117,9863,213,6,100,False,0,car,0 days 01:22:53.576000,0 days 02:21:09.088000
2024-07-07 15:26:06.436,10269,215,6,100,False,0,car,0 days 01:22:53.895000,0 days 02:21:09.407000
2024-07-07 15:26:06.636,10404,222,6,100,False,0,car,0 days 01:22:54.095000,0 days 02:21:09.607000
2024-07-07 15:26:06.836,10583,226,6,100,False,0,car,0 days 01:22:54.295000,0 days 02:21:09.807000
2024-07-07 15:26:07.236,10929,229,6,100,False,0,car,0 days 01:22:54.695000,0 days 02:21:10.207000
2024-07-07 15:26:07.476,11069,238,6,100,False,0,car,0 days 01:22:54.935000,0 days 02:21:10.447000
2024-07-07 15:26:07.676,11246,244,6,100,False,0,car,0 days 01:22:55.135000,0 days 02:21:10.647000
2024-07-07 15:26:07.876,11378,248,6,100,False,0,car,0 days 01:22:55.335000,0 days 02:21:10.847000
2024-07-07 15:26:08.116,11491,251,6,100,False,0,car,0 days 01:22:55.575000,0 days 02:21:11.087000
2024-07-07 15:26:08.316,11617,251,6,100,False,0,car,0 days 01:22:55.775000,0 days 02:21:11.287000
2024-07-07 15:26:08.716,11008,258,6,100,False,0,car,0 days 01:22:56.175000,0 days 02:21:11.687000
2024-07-07 15:26:08.876,10557,260,6,100,False,0,car,0 days 01:22:56.335000,0 days 02:21:11.847000
2024-07-07 15:26:09.116,10606,262,7,100,False,0,car,0 days 01:22:56.575000,0 days 02:21:12.087000
2024-07-07 15:26:09.556,10807,267,7,100,False,0,car,0 days 01:22:57.015000,0 days 02:21:12.527000
2024-07-07 15:26:09.756,10895,269,7,100,False,0,car,0 days 01:22:57.215000,0 days 02:21:12.727000
2024-07-07 15:26:09.956,10976,273,7,100,False,0,car,0 days 01:22:57.415000,0 days 02:21:12.927000
2024-07-07 15:26:10.196,11064,275,7,100,False,0,car,0 days 01:22:57.655000,0 days 02:21:13.167000
2024-07-07 15:26:10.557,11199,278,7,100,False,0,car,0 days 01:22:58.016000,0 days 02:21:13.528000
2024-07-07 15:26:10.797,11260,281,7,100,False,0,car,0 days 01:22:58.256000,0 days 02:21:13.768000
2024-07-07 15:26:11.077,11338,283,7,100,False,0,car,0 days 01:22:58.536000,0 days 02:21:14.048000
2024-07-07 15:26:11.317,11409,285,7,100,False,0,car,0 days 01:22:58.776000,0 days 02:21:14.288000
2024-07-07 15:26:11.597,11458,287,7,100,False,0,car,0 days 01:22:59.056000,0 days 02:21:14.568000
2024-07-07 15:26:11.917,11533,288,7,100,False,0,car,0 days 01:22:59.376000,0 days 02:21:14.888000
2024-07-07 15:26:12.197,11594,288,7,100,False,0,car,0 days 01:22:59.656000,0 days 02:21:15.168000
2024-07-07 15:26:12.397,11673,292,7,100,False,0,car,0 days 01:22:59.856000,0 days 02:21:15.368000
2024-07-07 15:26:12.557,11701,291,7,100,False,0,car,0 days 01:23:00.016000,0 days 02:21:15.528000
2024-07-07 15:26:12.797,11713,293,7,100,False,0,car,0 days 01:23:00.256000,0 days 02:21:15.768000
2024-07-07 15:26:13.036,10986,294,7,100,False,0,car,0 days 01:23:00.495000,0 days 02:21:16.007000
2024-07-07 15:26:13.316,10671,295,8,100,False,0,car,0 days 01:23:00.775000,0 days 02:21:16.287000
2024-07-07 15:26:13.596,10557,296,8,100,False,0,car,0 days 01:23:01.055000,0 days 02:21:16.567000
2024-07-07 15:26:13.836,10569,297,8,100,False,0,car,0 days 01:23:01.295000,0 days 02:21:16.807000
2024-07-07 15:26:13.996,10548,297,8,100,False,0,car,0 days 01:23:01.455000,0 days 02:21:16.967000
2024-07-07 15:26:14.236,10623,299,8,100,False,0,car,0 days 01:23:01.695000,0 days 02:21:17.207000
2024-07-07 15:26:14.596,10644,299,8,100,False,0,car,0 days 01:23:02.055000,0 days 02:21:17.567000
2024-07-07 15:26:14.916,10639,299,8,100,False,0,car,0 days 01:23:02.375000,0 days 02:21:17.887000
2024-07-07 15:26:15.316,10692,300,8,100,False,0,car,0 days 01:23:02.775000,0 days 02:21:18.287000
2024-07-07 15:26:15.476,10601,300,8,100,False,0,car,0 days 01:23:02.935000,0 days 02:21:18.447000
2024-07-07 15:26:15.676,10540,298,8,100,False,0,car,0 days 01:23:03.135000,0 days 02:21:18.647000
2024-07-07 15:26:16.036,10427,295,8,100,False,0,car,0 days 01:23:03.495000,0 days 02:21:19.007000
2024-07-07 15:26:16.196,10444,294,8,100,False,0,car,0 days 01:23:03.655000,0 days 02:21:19.167000
2024-07-07 15:26:16.556,10310,292,8,100,False,0,car,0 days 01:23:04.015000,0 days 02:21:19.527000
2024-07-07 15:26:16.716,10293,291,8,100,False,0,car,0 days 01:23:04.175000,0 days 02:21:19.687000
2024-07-07 15:26:17.077,10185,288,8,100,False,0,car,0 days 01:23:04.536000,0 days 02:21:20.048000
2024-07-07 15:26:17.357,10095,286,8,100,False,0,car,0 days 01:23:04.816000,0 days 02:21:20.328000
2024-07-07 15:26:17.757,9676,269,8,0,True,0,car,0 days 01:23:05.216000,0 days 02:21:20.728000
2024-07-07 15:26:17.917,10375,256,8,0,True,0,car,0 days 01:23:05.376000,0 days 02:21:20.888000
2024-07-07 15:26:18.077,9836,250,8,0,True,0,car,0 days 01:23:05.536000,0 days 02:21:21.048000
2024-07-07 15:26:18.357,10878,243,8,0,False,0,car,0 days 01:23:05.816000,0 days 02:21:21.328000
2024-07-07 15:26:18.557,10761,237,6,39,False,0,car,0 days 01:23:06.016000,0 days 02:21:21.528000
2024-07-07 15:26:18.797,10609,228,6,47,False,0,car,0 days 01:23:06.256000,0 days 02:21:21.768000
2024-07-07 15:26:18.997,10278,224,6,48,False,0,car,0 days 01:23:06.456000,0 days 02:21:21.968000
2024-07-07 15:26:19.157,10271,224,6,65,False,0,car,0 days 01:23:06.616000,0 days 02:21:22.128000
2024-07-07 15:26:19.317,10299,223,6,70,False,0,car,0 days 01:23:06.776000,0 days 02:21:22.288000
2024-07-07 15:26:19.597,10395,223,6,85,False,0,car,0 days 01:23:07.056000,0 days 02:21:22.568000
2024-07-07 15:26:19.956,10631,225,6,100,False,0,car,0 days 01:23:07.415000,0 days 02:21:22.927000
2024-07-07 15:26:20.116,10655,231,6,100,False,0,car,0 days 01:23:07.575000,0 days 02:21:23.087000
2024-07-07 15:26:20.396,10921,234,6,100,False,0,car,0 days 01:23:07.855000,0 days 02:21:23.367000
2024-07-07 15:26:20.596,11031,237,6,100,False,0,car,0 days 01:23:08.055000,0 days 02:21:23.567000
2024-07-07 15:26:20.756,11017,238,6,100,False,0,car,0 days 01:23:08.215000,0 days 02:21:23.727000
2024-07-07 15:26:20.956,11224,242,6,100,False,0,car,0 days 01:23:08.415000,0 days 02:21:23.927000
2024-07-07 15:26:21.236,11386,244,6,100,False,0,car,0 days 01:23:08.695000,0 days 02:21:24.207000
2024-07-07 15:26:21.516,11589,251,6,100,False,0,car,0 days 01:23:08.975000,0 days 02:21:24.487000
2024-07-07 15:26:21.676,11611,254,6,100,False,0,car,0 days 01:23:09.135000,0 days 02:21:24.647000
2024-07-07 15:26:22.036,10948,259,6,100,False,0,car,0 days 01:23:09.495000,0 days 02:21:25.007000
2024-07-07 15:26:22.316,10595,263,7,100,False,0,car,0 days 01:23:09.775000,0 days 02:21:25.287000
2024-07-07 15:26:22.476,10663,265,7,100,False,0,car,0 days 01:23:09.935000,0 days 02:21:25.447000
2024-07-07 15:26:22.876,10792,271,7,100,False,0,car,0 days 01:23:10.335000,0 days 02:21:25.847000
2024-07-07 15:26:23.997,10756,269,7,100,False,0,car,0 days 01:23:11.456000,0 days 02:21:26.968000
2024-07-07 15:26:24.197,10754,269,7,100,False,0,car,0 days 01:23:11.656000,0 days 02:21:27.168000
2024-07-07 15:26:24.357,10562,268,7,0,True,0,car,0 days 01:23:11.816000,0 days 02:21:27.328000
2024-07-07 15:26:24.517,10193,248,7,0,True,0,car,0 days 01:23:11.976000,0 days 02:21:27.488000
2024-07-07 15:26:24.757,9555,224,7,0,True,0,car,0 days 01:23:12.216000,0 days 02:21:27.728000
2024-07-07 15:26:24.917,8719,198,7,0,True,0,car,0 days 01:23:12.376000,0 days 02:21:27.888000
2024-07-07 15:26:25.157,9026,176,6,0,True,0,car,0 days 01:23:12.616000,0 days 02:21:28.128000
2024-07-07 15:26:25.477,8489,149,4,0,True,0,car,0 days 01:23:12.936000,0 days 02:21:28.448000
2024-07-07 15:26:25.637,9317,136,4,0,True,0,car,0 days 01:23:13.096000,0 days 02:21:28.608000
2024-07-07 15:26:25.797,9110,127,4,0,True,0,car,0 days 01:23:13.256000,0 days 02:21:28.768000
2024-07-07 15:26:25.997,8642,120,4,0,True,0,car,0 days 01:23:13.456000,0 days 02:21:28.968000
2024-07-07 15:26:26.237,8156,113,3,0,True,0,car,0 days 01:23:13.696000,0 days 02:21:29.208000
2024-07-07 15:26:26.397,7951,108,3,0,True,0,car,0 days 01:23:13.856000,0 days 02:21:29.368000
2024-07-07 15:26:26.596,7790,105,3,0,False,0,car,0 days 01:23:14.055000,0 days 02:21:29.567000
2024-07-07 15:26:26.796,7867,104,3,11,False,0,car,0 days 01:23:14.255000,0 days 02:21:29.767000
2024-07-07 15:26:27.036,8015,103,3,32,False,0,car,0 days 01:23:14.495000,0 days 02:21:30.007000
2024-07-07 15:26:27.196,7973,102,3,34,False,0,car,0 days 01:23:14.655000,0 days 02:21:30.167000
2024-07-07 15:26:27.516,8384,107,3,50,False,0,car,0 days 01:23:14.975000,0 days 02:21:30.487000
2024-07-07 15:26:27.876,8324,117,3,42,False,0,car,0 days 01:23:15.335000,0 days 02:21:30.847000
2024-07-07 15:26:28.076,7438,119,3,26,False,0,car,0 days 01:23:15.535000,0 days 02:21:31.047000
2024-07-07 15:26:28.396,7515,118,4,23,False,0,car,0 days 01:23:15.855000,0 days 02:21:31.367000
2024-07-07 15:26:28.636,7529,118,4,23,False,0,car,0 days 01:23:16.095000,0 days 02:21:31.607000
2024-07-07 15:26:28.956,7468,117,4,26,False,0,car,0 days 01:23:16.415000,0 days 02:21:31.927000
2024-07-07 15:26:29.196,7988,121,4,51,False,0,car,0 days 01:23:16.655000,0 days 02:21:32.167000
2024-07-07 15:26:29.556,8247,126,4,57,False,0,car,0 days 01:23:17.015000,0 days 02:21:32.527000
2024-07-07 15:26:29.996,8956,136,4,63,False,0,car,0 days 01:23:17.455000,0 days 02:21:32.967000
2024-07-07 15:26:30.197,9272,141,4,72,False,0,car,0 days 01:23:17.656000,0 days 02:21:33.168000
2024-07-07 15:26:30.357,9412,145,4,77,False,0,car,0 days 01:23:17.816000,0 days 02:21:33.328000
2024-07-07 15:26:30.677,10182,158,4,81,False,0,car,0 days 01:23:18.136000,0 days 02:21:33.648000
2024-07-07 15:26:30.877,10788,164,4,98,False,0,car,0 days 01:23:18.336000,0 days 02:21:33.848000
2024-07-07 15:26:31.197,11365,177,4,100,False,0,car,0 days 01:23:18.656000,0 days 02:21:34.168000
2024-07-07 15:26:31.597,10945,192,4,100,False,0,car,0 days 01:23:19.056000,0 days 02:21:34.568000
2024-07-07 15:26:31.837,10589,199,4,100,False,0,car,0 days 01:23:19.296000,0 days 02:21:34.808000
2024-07-07 15:26:32.037,11074,205,4,100,False,0,car,0 days 01:23:19.496000,0 days 02:21:35.008000
2024-07-07 15:26:32.237,11368,210,5,100,False,0,car,0 days 01:23:19.696000,0 days 02:21:35.208000
2024-07-07 15:26:32.517,11786,219,5,100,False,0,car,0 days 01:23:19.976000,0 days 02:21:35.488000
2024-07-07 15:26:32.917,10557,223,5,100,False,0,car,0 days 01:23:20.376000,0 days 02:21:35.888000
2024-07-07 15:26:33.077,10759,232,5,100,False,0,car,0 days 01:23:20.536000,0 days 02:21:36.048000
2024-07-07 15:26:33.236,10834,234,6,100,False,0,car,0 days 01:23:20.695000,0 days 02:21:36.207000
2024-07-07 15:26:33.596,11145,242,6,100,False,0,car,0 days 01:23:21.055000,0 days 02:21:36.567000
2024-07-07 15:26:33.916,11286,247,6,100,False,0,car,0 days 01:23:21.375000,0 days 02:21:36.887000
2024-07-07 15:26:34.276,11638,254,6,100,False,0,car,0 days 01:23:21.735000,0 days 02:21:37.247000
Pos_data
Date,Status,X,Y,Z,Source,Time,SessionTime
2024-07-07 14:03:12.831,OnTrack,-1668,1325,1964,pos,0 days 00:00:00.290000,0 days 00:58:15.802000
2024-07-07 14:03:12.931,OnTrack,-1668,1325,1964,pos,0 days 00:00:00.390000,0 days 00:58:15.902000
2024-07-07 14:03:13.211,OnTrack,-1665,1330,1964,pos,0 days 00:00:00.670000,0 days 00:58:16.182000
2024-07-07 14:03:13.591,OnTrack,-1657,1339,1964,pos,0 days 00:00:01.050000,0 days 00:58:16.562000
2024-07-07 14:03:13.851,OnTrack,-1646,1354,1964,pos,0 days 00:00:01.310000,0 days 00:58:16.822000
2024-07-07 14:03:13.972,OnTrack,-1640,1362,1964,pos,0 days 00:00:01.431000,0 days 00:58:16.943000
2024-07-07 14:03:14.252,OnTrack,-1615,1393,1964,pos,0 days 00:00:01.711000,0 days 00:58:17.223000
2024-07-07 14:03:14.572,OnTrack,-1594,1420,1965,pos,0 days 00:00:02.031000,0 days 00:58:17.543000
2024-07-07 14:03:14.832,OnTrack,-1566,1455,1965,pos,0 days 00:00:02.291000,0 days 00:58:17.803000
2024-07-07 14:03:15.032,OnTrack,-1542,1485,1965,pos,0 days 00:00:02.491000,0 days 00:58:18.003000
2024-07-07 14:03:15.211,OnTrack,-1517,1516,1965,pos,0 days 00:00:02.670000,0 days 00:58:18.182000
2024-07-07 14:03:15.392,OnTrack,-1490,1550,1966,pos,0 days 00:00:02.851000,0 days 00:58:18.363000
2024-07-07 14:03:15.671,OnTrack,-1444,1609,1966,pos,0 days 00:00:03.130000,0 days 00:58:18.642000
2024-07-07 14:03:15.830,OnTrack,-1415,1645,1966,pos,0 days 00:00:03.289000,0 days 00:58:18.801000
2024-07-07 14:03:16.011,OnTrack,-1382,1689,1967,pos,0 days 00:00:03.470000,0 days 00:58:18.982000
2024-07-07 14:03:16.271,OnTrack,-1331,1757,1968,pos,0 days 00:00:03.730000,0 days 00:58:19.242000
2024-07-07 14:03:16.551,OnTrack,-1241,1880,1969,pos,0 days 00:00:04.010000,0 days 00:58:19.522000
2024-07-07 14:03:16.851,OnTrack,-1194,1944,1970,pos,0 days 00:00:04.310000,0 days 00:58:19.822000
2024-07-07 14:03:17.190,OnTrack,-1076,2107,1972,pos,0 days 00:00:04.649000,0 days 00:58:20.161000
2024-07-07 14:03:17.451,OnTrack,-1029,2171,1973,pos,0 days 00:00:04.910000,0 days 00:58:20.422000
2024-07-07 14:03:17.731,OnTrack,-944,2288,1975,pos,0 days 00:00:05.190000,0 days 00:58:20.702000
2024-07-07 14:03:17.951,OnTrack,-875,2383,1977,pos,0 days 00:00:05.410000,0 days 00:58:20.922000
2024-07-07 14:03:18.111,OnTrack,-823,2455,1978,pos,0 days 00:00:05.570000,0 days 00:58:21.082000
2024-07-07 14:03:18.371,OnTrack,-734,2577,1980,pos,0 days 00:00:05.830000,0 days 00:58:21.342000
2024-07-07 14:03:18.592,OnTrack,-657,2684,1981,pos,0 days 00:00:06.051000,0 days 00:58:21.563000
2024-07-07 14:03:18.751,OnTrack,-605,2758,1983,pos,0 days 00:00:06.210000,0 days 00:58:21.722000
2024-07-07 14:03:19.031,OnTrack,-452,2983,1987,pos,0 days 00:00:06.490000,0 days 00:58:22.002000
2024-07-07 14:03:19.311,OnTrack,-401,3059,1988,pos,0 days 00:00:06.770000,0 days 00:58:22.282000
2024-07-07 14:03:19.551,OnTrack,-317,3187,1990,pos,0 days 00:00:07.010000,0 days 00:58:22.522000
2024-07-07 14:03:19.791,OnTrack,-222,3328,1993,pos,0 days 00:00:07.250000,0 days 00:58:22.762000
2024-07-07 14:03:19.932,OnTrack,-171,3403,1994,pos,0 days 00:00:07.391000,0 days 00:58:22.903000
2024-07-07 14:03:20.111,OnTrack,-95,3511,1996,pos,0 days 00:00:07.570000,0 days 00:58:23.082000
2024-07-07 14:03:20.351,OnTrack,1,3644,1997,pos,0 days 00:00:07.810000,0 days 00:58:23.322000
2024-07-07 14:03:20.651,OnTrack,124,3804,2001,pos,0 days 00:00:08.110000,0 days 00:58:23.622000
2024-07-07 14:03:20.891,OnTrack,221,3923,2004,pos,0 days 00:00:08.350000,0 days 00:58:23.862000
2024-07-07 14:03:21.032,OnTrack,322,4036,2008,pos,0 days 00:00:08.491000,0 days 00:58:24.003000
2024-07-07 14:03:21.372,OnTrack,442,4156,2010,pos,0 days 00:00:08.831000,0 days 00:58:24.343000
2024-07-07 14:03:21.552,OnTrack,513,4218,2011,pos,0 days 00:00:09.011000,0 days 00:58:24.523000
2024-07-07 14:03:21.952,OnTrack,696,4346,2012,pos,0 days 00:00:09.411000,0 days 00:58:24.923000
2024-07-07 14:03:22.051,OnTrack,745,4372,2013,pos,0 days 00:00:09.510000,0 days 00:58:25.022000
2024-07-07 14:03:22.211,OnTrack,824,4408,2013,pos,0 days 00:00:09.670000,0 days 00:58:25.182000
2024-07-07 14:03:22.531,OnTrack,992,4465,2015,pos,0 days 00:00:09.990000,0 days 00:58:25.502000
2024-07-07 14:03:22.751,OnTrack,1154,4499,2016,pos,0 days 00:00:10.210000,0 days 00:58:25.722000
2024-07-07 14:03:23.051,OnTrack,1271,4512,2016,pos,0 days 00:00:10.510000,0 days 00:58:26.022000
2024-07-07 14:03:23.271,OnTrack,1402,4519,2018,pos,0 days 00:00:10.730000,0 days 00:58:26.242000
2024-07-07 14:03:23.491,OnTrack,1529,4519,2019,pos,0 days 00:00:10.950000,0 days 00:58:26.462000
2024-07-07 14:03:23.731,OnTrack,1671,4513,2022,pos,0 days 00:00:11.190000,0 days 00:58:26.702000
2024-07-07 14:03:23.911,OnTrack,1780,4503,2023,pos,0 days 00:00:11.370000,0 days 00:58:26.882000
2024-07-07 14:03:24.191,OnTrack,2030,4470,2026,pos,0 days 00:00:11.650000,0 days 00:58:27.162000
2024-07-07 14:03:24.531,OnTrack,2171,4453,2027,pos,0 days 00:00:11.990000,0 days 00:58:27.502000
2024-07-07 14:03:24.852,OnTrack,2447,4440,2030,pos,0 days 00:00:12.311000,0 days 00:58:27.823000
2024-07-07 14:03:25.112,OnTrack,2555,4441,2031,pos,0 days 00:00:12.571000,0 days 00:58:28.083000
2024-07-07 14:03:25.412,OnTrack,2755,4460,2034,pos,0 days 00:00:12.871000,0 days 00:58:28.383000
2024-07-07 14:03:25.652,OnTrack,2937,4501,2037,pos,0 days 00:00:13.111000,0 days 00:58:28.623000
2024-07-07 14:03:25.912,OnTrack,3110,4560,2040,pos,0 days 00:00:13.371000,0 days 00:58:28.883000
2024-07-07 14:03:25.952,OnTrack,3136,4571,2040,pos,0 days 00:00:13.411000,0 days 00:58:28.923000
2024-07-07 14:03:26.311,OnTrack,3382,4703,2044,pos,0 days 00:00:13.770000,0 days 00:58:29.282000
2024-07-07 14:03:26.691,OnTrack,3653,4913,2048,pos,0 days 00:00:14.150000,0 days 00:58:29.662000
2024-07-07 14:03:27.052,OnTrack,3781,5035,2049,pos,0 days 00:00:14.511000,0 days 00:58:30.023000
2024-07-07 14:03:27.211,OnTrack,3864,5119,2050,pos,0 days 00:00:14.670000,0 days 00:58:30.182000
2024-07-07 14:03:27.471,OnTrack,4051,5306,2051,pos,0 days 00:00:14.930000,0 days 00:58:30.442000
2024-07-07 14:03:27.912,OnTrack,4196,5442,2052,pos,0 days 00:00:15.371000,0 days 00:58:30.883000
2024-07-07 14:03:28.031,OnTrack,4248,5490,2053,pos,0 days 00:00:15.490000,0 days 00:58:31.002000
2024-07-07 14:03:28.252,OnTrack,4338,5569,2053,pos,0 days 00:00:15.711000,0 days 00:58:31.223000
2024-07-07 14:03:28.412,OnTrack,4401,5623,2054,pos,0 days 00:00:15.871000,0 days 00:58:31.383000
2024-07-07 14:03:28.751,OnTrack,4562,5756,2055,pos,0 days 00:00:16.210000,0 days 00:58:31.722000
2024-07-07 14:03:29.110,OnTrack,4645,5817,2055,pos,0 days 00:00:16.569000,0 days 00:58:32.081000
2024-07-07 14:03:29.371,OnTrack,4728,5863,2054,pos,0 days 00:00:16.830000,0 days 00:58:32.342000
2024-07-07 14:03:29.551,OnTrack,4786,5884,2054,pos,0 days 00:00:17.010000,0 days 00:58:32.522000
2024-07-07 14:03:29.811,OnTrack,4870,5899,2053,pos,0 days 00:00:17.270000,0 days 00:58:32.782000
2024-07-07 14:03:30.011,OnTrack,4933,5900,2053,pos,0 days 00:00:17.470000,0 days 00:58:32.982000
2024-07-07 14:03:30.191,OnTrack,4987,5895,2053,pos,0 days 00:00:17.650000,0 days 00:58:33.162000
2024-07-07 14:03:30.391,OnTrack,5063,5877,2054,pos,0 days 00:00:17.850000,0 days 00:58:33.362000
2024-07-07 14:03:30.791,OnTrack,5168,5823,2055,pos,0 days 00:00:18.250000,0 days 00:58:33.762000
2024-07-07 14:03:31.171,OnTrack,5236,5766,2057,pos,0 days 00:00:18.630000,0 days 00:58:34.142000
2024-07-07 14:03:31.691,OnTrack,5312,5656,2059,pos,0 days 00:00:19.150000,0 days 00:58:34.662000
2024-07-07 14:03:31.991,OnTrack,5330,5616,2059,pos,0 days 00:00:19.450000,0 days 00:58:34.962000
2024-07-07 14:03:32.172,OnTrack,5347,5568,2059,pos,0 days 00:00:19.631000,0 days 00:58:35.143000
2024-07-07 14:03:32.431,OnTrack,5374,5451,2060,pos,0 days 00:00:19.890000,0 days 00:58:35.402000
2024-07-07 14:03:32.851,OnTrack,5385,5357,2061,pos,0 days 00:00:20.310000,0 days 00:58:35.822000
2024-07-07 14:03:33.091,OnTrack,5392,5284,2062,pos,0 days 00:00:20.550000,0 days 00:58:36.062000
2024-07-07 14:03:33.252,OnTrack,5401,5194,2064,pos,0 days 00:00:20.711000,0 days 00:58:36.223000
2024-07-07 14:03:33.711,OnTrack,5414,5122,2065,pos,0 days 00:00:21.170000,0 days 00:58:36.682000
2024-07-07 14:03:34.072,OnTrack,5431,5060,2066,pos,0 days 00:00:21.531000,0 days 00:58:37.043000
2024-07-07 14:03:34.291,OnTrack,5462,4984,2066,pos,0 days 00:00:21.750000,0 days 00:58:37.262000
2024-07-07 14:03:34.752,OnTrack,5529,4880,2066,pos,0 days 00:00:22.211000,0 days 00:58:37.723000
2024-07-07 14:03:35.052,OnTrack,5559,4848,2065,pos,0 days 00:00:22.511000,0 days 00:58:38.023000
2024-07-07 14:03:35.272,OnTrack,5596,4813,2065,pos,0 days 00:00:22.731000,0 days 00:58:38.243000
2024-07-07 14:03:35.431,OnTrack,5624,4791,2064,pos,0 days 00:00:22.890000,0 days 00:58:38.402000
2024-07-07 14:03:35.631,OnTrack,5660,4767,2064,pos,0 days 00:00:23.090000,0 days 00:58:38.602000
2024-07-07 14:03:35.911,OnTrack,5713,4742,2065,pos,0 days 00:00:23.370000,0 days 00:58:38.882000
2024-07-07 14:03:36.131,OnTrack,5756,4732,2064,pos,0 days 00:00:23.590000,0 days 00:58:39.102000
2024-07-07 14:03:36.371,OnTrack,5804,4733,2064,pos,0 days 00:00:23.830000,0 days 00:58:39.342000
2024-07-07 14:03:36.571,OnTrack,5843,4746,2064,pos,0 days 00:00:24.030000,0 days 00:58:39.542000
2024-07-07 14:03:36.731,OnTrack,5873,4761,2063,pos,0 days 00:00:24.190000,0 days 00:58:39.702000
2024-07-07 14:03:36.931,OnTrack,5910,4786,2063,pos,0 days 00:00:24.390000,0 days 00:58:39.902000
2024-07-07 14:03:37.091,OnTrack,5938,4809,2064,pos,0 days 00:00:24.550000,0 days 00:58:40.062000
2024-07-07 14:03:37.251,OnTrack,5965,4836,2064,pos,0 days 00:00:24.710000,0 days 00:58:40.222000
2024-07-07 14:03:37.511,OnTrack,6007,4882,2064,pos,0 days 00:00:24.970000,0 days 00:58:40.482000
2024-07-07 14:03:37.691,OnTrack,6036,4918,2064,pos,0 days 00:00:25.150000,0 days 00:58:40.662000
2024-07-07 14:03:37.892,OnTrack,6066,4961,2065,pos,0 days 00:00:25.351000,0 days 00:58:40.863000
2024-07-07 14:03:38.211,OnTrack,6113,5038,2065,pos,0 days 00:00:25.670000,0 days 00:58:41.182000
2024-07-07 14:03:38.472,OnTrack,6156,5127,2065,pos,0 days 00:00:25.931000,0 days 00:58:41.443000
2024-07-07 14:03:38.791,OnTrack,6205,5251,2065,pos,0 days 00:00:26.250000,0 days 00:58:41.762000
2024-07-07 14:03:39.191,OnTrack,6238,5354,2065,pos,0 days 00:00:26.650000,0 days 00:58:42.162000
2024-07-07 14:03:39.411,OnTrack,6278,5504,2065,pos,0 days 00:00:26.870000,0 days 00:58:42.382000
2024-07-07 14:03:39.771,OnTrack,6300,5604,2064,pos,0 days 00:00:27.230000,0 days 00:58:42.742000
2024-07-07 14:03:40.011,OnTrack,6319,5721,2065,pos,0 days 00:00:27.470000,0 days 00:58:42.982000
2024-07-07 14:03:40.211,OnTrack,6327,5802,2064,pos,0 days 00:00:27.670000,0 days 00:58:43.182000
2024-07-07 14:03:40.491,OnTrack,6331,5950,2064,pos,0 days 00:00:27.950000,0 days 00:58:43.462000
2024-07-07 14:03:40.692,OnTrack,6325,6058,2064,pos,0 days 00:00:28.151000,0 days 00:58:43.663000
2024-07-07 14:03:40.912,OnTrack,6300,6237,2063,pos,0 days 00:00:28.371000,0 days 00:58:43.883000
2024-07-07 14:03:41.312,OnTrack,6254,6410,2063,pos,0 days 00:00:28.771000,0 days 00:58:44.283000
2024-07-07 14:03:41.492,OnTrack,6214,6514,2063,pos,0 days 00:00:28.951000,0 days 00:58:44.463000
2024-07-07 14:03:41.671,OnTrack,6166,6616,2063,pos,0 days 00:00:29.130000,0 days 00:58:44.642000
2024-07-07 14:03:41.930,OnTrack,6083,6759,2063,pos,0 days 00:00:29.389000,0 days 00:58:44.901000
2024-07-07 14:03:42.190,OnTrack,5985,6897,2064,pos,0 days 00:00:29.649000,0 days 00:58:45.161000
2024-07-07 14:03:42.431,OnTrack,5844,7055,2064,pos,0 days 00:00:29.890000,0 days 00:58:45.402000
2024-07-07 14:03:42.791,OnTrack,5704,7182,2064,pos,0 days 00:00:30.250000,0 days 00:58:45.762000
2024-07-07 14:03:42.991,OnTrack,5598,7269,2064,pos,0 days 00:00:30.450000,0 days 00:58:45.962000
2024-07-07 14:03:43.191,OnTrack,5409,7414,2064,pos,0 days 00:00:30.650000,0 days 00:58:46.162000
2024-07-07 14:03:43.671,OnTrack,5224,7559,2064,pos,0 days 00:00:31.130000,0 days 00:58:46.642000
2024-07-07 14:03:43.872,OnTrack,5106,7655,2064,pos,0 days 00:00:31.331000,0 days 00:58:46.843000
2024-07-07 14:03:44.071,OnTrack,4991,7750,2064,pos,0 days 00:00:31.530000,0 days 00:58:47.042000
2024-07-07 14:03:44.231,OnTrack,4828,7888,2064,pos,0 days 00:00:31.690000,0 days 00:58:47.202000
2024-07-07 14:03:44.591,OnTrack,4692,8005,2065,pos,0 days 00:00:32.050000,0 days 00:58:47.562000
2024-07-07 14:03:44.771,OnTrack,4589,8094,2065,pos,0 days 00:00:32.230000,0 days 00:58:47.742000
2024-07-07 14:03:44.951,OnTrack,4484,8183,2064,pos,0 days 00:00:32.410000,0 days 00:58:47.922000
2024-07-07 14:03:45.272,OnTrack,4214,8415,2064,pos,0 days 00:00:32.731000,0 days 00:58:48.243000
2024-07-07 14:03:45.572,OnTrack,4119,8496,2064,pos,0 days 00:00:33.031000,0 days 00:58:48.543000
2024-07-07 14:03:45.911,OnTrack,3916,8671,2063,pos,0 days 00:00:33.370000,0 days 00:58:48.882000
2024-07-07 14:03:46.092,OnTrack,3807,8765,2063,pos,0 days 00:00:33.551000,0 days 00:58:49.063000
2024-07-07 14:03:46.352,OnTrack,3651,8903,2063,pos,0 days 00:00:33.811000,0 days 00:58:49.323000
2024-07-07 14:03:46.551,OnTrack,3458,9073,2063,pos,0 days 00:00:34.010000,0 days 00:58:49.522000
2024-07-07 14:03:46.952,OnTrack,3294,9216,2064,pos,0 days 00:00:34.411000,0 days 00:58:49.923000
2024-07-07 14:03:47.051,OnTrack,3227,9275,2064,pos,0 days 00:00:34.510000,0 days 00:58:50.022000
2024-07-07 14:03:47.351,OnTrack,3045,9435,2063,pos,0 days 00:00:34.810000,0 days 00:58:50.322000
2024-07-07 14:03:47.512,OnTrack,2948,9520,2062,pos,0 days 00:00:34.971000,0 days 00:58:50.483000
2024-07-07 14:03:47.712,OnTrack,2825,9627,2061,pos,0 days 00:00:35.171000,0 days 00:58:50.683000
2024-07-07 14:03:47.952,OnTrack,2677,9754,2060,pos,0 days 00:00:35.411000,0 days 00:58:50.923000
2024-07-07 14:03:48.131,OnTrack,2567,9851,2058,pos,0 days 00:00:35.590000,0 days 00:58:51.102000
2024-07-07 14:03:48.431,OnTrack,2324,10064,2055,pos,0 days 00:00:35.890000,0 days 00:58:51.402000
2024-07-07 14:03:48.831,OnTrack,2090,10275,2051,pos,0 days 00:00:36.290000,0 days 00:58:51.802000
2024-07-07 14:03:49.211,OnTrack,1898,10447,2048,pos,0 days 00:00:36.670000,0 days 00:58:52.182000
2024-07-07 14:03:49.451,OnTrack,1765,10560,2046,pos,0 days 00:00:36.910000,0 days 00:58:52.422000
2024-07-07 14:03:49.631,OnTrack,1669,10638,2045,pos,0 days 00:00:37.090000,0 days 00:58:52.602000
2024-07-07 14:03:49.850,OnTrack,1526,10743,2042,pos,0 days 00:00:37.309000,0 days 00:58:52.821000
2024-07-07 14:03:50.251,OnTrack,1303,10865,2039,pos,0 days 00:00:37.710000,0 days 00:58:53.222000
2024-07-07 14:03:50.591,OnTrack,1188,10907,2037,pos,0 days 00:00:38.050000,0 days 00:58:53.562000
2024-07-07 14:03:50.791,OnTrack,1094,10933,2036,pos,0 days 00:00:38.250000,0 days 00:58:53.762000
2024-07-07 14:03:51.071,OnTrack,900,10949,2035,pos,0 days 00:00:38.530000,0 days 00:58:54.042000
2024-07-07 14:03:51.471,OnTrack,778,10945,2034,pos,0 days 00:00:38.930000,0 days 00:58:54.442000
2024-07-07 14:03:51.651,OnTrack,705,10935,2033,pos,0 days 00:00:39.110000,0 days 00:58:54.622000
2024-07-07 14:03:51.812,OnTrack,644,10918,2032,pos,0 days 00:00:39.271000,0 days 00:58:54.783000
2024-07-07 14:03:52.151,OnTrack,472,10835,2032,pos,0 days 00:00:39.610000,0 days 00:58:55.122000
2024-07-07 14:03:52.571,OnTrack,381,10752,2032,pos,0 days 00:00:40.030000,0 days 00:58:55.542000
2024-07-07 14:03:52.971,OnTrack,282,10598,2033,pos,0 days 00:00:40.430000,0 days 00:58:55.942000
2024-07-07 14:03:53.311,OnTrack,246,10521,2033,pos,0 days 00:00:40.770000,0 days 00:58:56.282000
2024-07-07 14:03:53.492,OnTrack,211,10405,2033,pos,0 days 00:00:40.951000,0 days 00:58:56.463000
2024-07-07 14:03:53.831,OnTrack,200,10332,2033,pos,0 days 00:00:41.290000,0 days 00:58:56.802000
2024-07-07 14:03:54.012,OnTrack,194,10258,2033,pos,0 days 00:00:41.471000,0 days 00:58:56.983000
2024-07-07 14:03:54.411,OnTrack,186,10101,2034,pos,0 days 00:00:41.870000,0 days 00:58:57.382000
2024-07-07 14:03:54.431,OnTrack,185,10089,2034,pos,0 days 00:00:41.890000,0 days 00:58:57.402000
2024-07-07 14:03:54.671,OnTrack,179,9991,2035,pos,0 days 00:00:42.130000,0 days 00:58:57.642000
2024-07-07 14:03:54.991,OnTrack,160,9863,2036,pos,0 days 00:00:42.450000,0 days 00:58:57.962000
2024-07-07 14:03:55.191,OnTrack,137,9787,2037,pos,0 days 00:00:42.650000,0 days 00:58:58.162000
2024-07-07 14:03:55.451,OnTrack,122,9757,2037,pos,0 days 00:00:42.910000,0 days 00:58:58.422000
2024-07-07 14:03:55.631,OnTrack,87,9690,2038,pos,0 days 00:00:43.090000,0 days 00:58:58.602000
2024-07-07 14:03:56.031,OnTrack,14,9598,2039,pos,0 days 00:00:43.490000,0 days 00:58:59.002000
2024-07-07 14:03:56.251,OnTrack,-67,9530,2040,pos,0 days 00:00:43.710000,0 days 00:58:59.222000
2024-07-07 14:03:56.691,OnTrack,-150,9482,2040,pos,0 days 00:00:44.150000,0 days 00:58:59.662000
2024-07-07 14:03:56.911,OnTrack,-240,9451,2041,pos,0 days 00:00:44.370000,0 days 00:58:59.882000
2024-07-07 14:03:57.311,OnTrack,-327,9441,2041,pos,0 days 00:00:44.770000,0 days 00:59:00.282000
2024-07-07 14:03:57.351,OnTrack,-342,9441,2040,pos,0 days 00:00:44.810000,0 days 00:59:00.322000
2024-07-07 14:03:57.531,OnTrack,-395,9448,2041,pos,0 days 00:00:44.990000,0 days 00:59:00.502000
2024-07-07 14:03:57.811,OnTrack,-475,9477,2039,pos,0 days 00:00:45.270000,0 days 00:59:00.782000
2024-07-07 14:03:58.131,OnTrack,-580,9550,2038,pos,0 days 00:00:45.590000,0 days 00:59:01.102000
2024-07-07 14:03:58.352,OnTrack,-606,9576,2037,pos,0 days 00:00:45.811000,0 days 00:59:01.323000
2024-07-07 14:03:58.691,OnTrack,-669,9659,2036,pos,0 days 00:00:46.150000,0 days 00:59:01.662000
2024-07-07 14:03:58.892,OnTrack,-699,9714,2035,pos,0 days 00:00:46.351000,0 days 00:59:01.863000
2024-07-07 14:03:59.051,OnTrack,-721,9761,2034,pos,0 days 00:00:46.510000,0 days 00:59:02.022000
2024-07-07 14:03:59.371,OnTrack,-753,9861,2033,pos,0 days 00:00:46.830000,0 days 00:59:02.342000
2024-07-07 14:03:59.511,OnTrack,-770,9950,2032,pos,0 days 00:00:46.970000,0 days 00:59:02.482000
2024-07-07 14:03:59.811,OnTrack,-775,10014,2032,pos,0 days 00:00:47.270000,0 days 00:59:02.782000
2024-07-07 14:04:00.071,OnTrack,-775,10114,2031,pos,0 days 00:00:47.530000,0 days 00:59:03.042000
2024-07-07 14:04:00.351,OnTrack,-764,10226,2031,pos,0 days 00:00:47.810000,0 days 00:59:03.322000
2024-07-07 14:04:00.512,OnTrack,-741,10354,2030,pos,0 days 00:00:47.971000,0 days 00:59:03.483000
2024-07-07 14:04:00.872,OnTrack,-699,10502,2028,pos,0 days 00:00:48.331000,0 days 00:59:03.843000
2024-07-07 14:04:01.191,OnTrack,-645,10649,2026,pos,0 days 00:00:48.650000,0 days 00:59:04.162000
2024-07-07 14:04:01.392,OnTrack,-604,10742,2025,pos,0 days 00:00:48.851000,0 days 00:59:04.363000
2024-07-07 14:04:01.511,OnTrack,-577,10801,2024,pos,0 days 00:00:48.970000,0 days 00:59:04.482000
2024-07-07 14:04:01.810,OnTrack,-502,10950,2022,pos,0 days 00:00:49.269000,0 days 00:59:04.781000
2024-07-07 14:04:02.031,OnTrack,-442,11063,2021,pos,0 days 00:00:49.490000,0 days 00:59:05.002000
2024-07-07 14:04:02.251,OnTrack,-379,11179,2021,pos,0 days 00:00:49.710000,0 days 00:59:05.222000
2024-07-07 14:04:02.491,OnTrack,-303,11305,2021,pos,0 days 00:00:49.950000,0 days 00:59:05.462000
2024-07-07 14:04:02.591,OnTrack,-219,11431,2021,pos,0 days 00:00:50.050000,0 days 00:59:05.562000
2024-07-07 14:04:03.091,OnTrack,-77,11618,2021,pos,0 days 00:00:50.550000,0 days 00:59:06.062000
2024-07-07 14:04:03.311,OnTrack,81,11799,2022,pos,0 days 00:00:50.770000,0 days 00:59:06.282000
2024-07-07 14:04:03.651,OnTrack,227,11945,2023,pos,0 days 00:00:51.110000,0 days 00:59:06.622000
2024-07-07 14:04:04.111,OnTrack,460,12149,2024,pos,0 days 00:00:51.570000,0 days 00:59:07.082000
2024-07-07 14:04:04.411,OnTrack,587,12244,2024,pos,0 days 00:00:51.870000,0 days 00:59:07.382000
2024-07-07 14:04:04.691,OnTrack,749,12352,2024,pos,0 days 00:00:52.150000,0 days 00:59:07.662000
2024-07-07 14:04:04.872,OnTrack,966,12464,2025,pos,0 days 00:00:52.331000,0 days 00:59:07.843000
2024-07-07 14:04:05.372,OnTrack,1216,12567,2025,pos,0 days 00:00:52.831000,0 days 00:59:08.343000
2024-07-07 14:04:05.412,OnTrack,1244,12577,2025,pos,0 days 00:00:52.871000,0 days 00:59:08.383000
2024-07-07 14:04:05.712,OnTrack,1461,12646,2025,pos,0 days 00:00:53.171000,0 days 00:59:08.683000
2024-07-07 14:04:05.952,OnTrack,1639,12692,2026,pos,0 days 00:00:53.411000,0 days 00:59:08.923000
2024-07-07 14:04:06.192,OnTrack,1821,12731,2026,pos,0 days 00:00:53.651000,0 days 00:59:09.163000
2024-07-07 14:04:06.411,OnTrack,2017,12764,2028,pos,0 days 00:00:53.870000,0 days 00:59:09.382000
2024-07-07 14:04:06.552,OnTrack,2250,12795,2029,pos,0 days 00:00:54.011000,0 days 00:59:09.523000
2024-07-07 14:04:06.911,OnTrack,2422,12814,2031,pos,0 days 00:00:54.370000,0 days 00:59:09.882000
2024-07-07 14:04:07.171,OnTrack,2619,12835,2032,pos,0 days 00:00:54.630000,0 days 00:59:10.142000
2024-07-07 14:04:07.451,OnTrack,2847,12858,2035,pos,0 days 00:00:54.910000,0 days 00:59:10.422000
2024-07-07 14:04:07.552,OnTrack,2926,12865,2035,pos,0 days 00:00:55.011000,0 days 00:59:10.523000
2024-07-07 14:04:07.751,OnTrack,3085,12881,2037,pos,0 days 00:00:55.210000,0 days 00:59:10.722000
2024-07-07 14:04:08.051,OnTrack,3433,12919,2039,pos,0 days 00:00:55.510000,0 days 00:59:11.022000
2024-07-07 14:04:08.310,OnTrack,3529,12930,2040,pos,0 days 00:00:55.769000,0 days 00:59:11.281000
2024-07-07 14:04:08.570,OnTrack,3735,12952,2039,pos,0 days 00:00:56.029000,0 days 00:59:11.541000
2024-07-07 14:04:08.890,OnTrack,4038,12987,2043,pos,0 days 00:00:56.349000,0 days 00:59:11.861000
2024-07-07 14:04:09.150,OnTrack,4198,13008,2044,pos,0 days 00:00:56.609000,0 days 00:59:12.121000
2024-07-07 14:04:09.451,OnTrack,4438,13039,2046,pos,0 days 00:00:56.910000,0 days 00:59:12.422000
2024-07-07 14:04:09.611,OnTrack,4566,13057,2046,pos,0 days 00:00:57.070000,0 days 00:59:12.582000
2024-07-07 14:04:09.931,OnTrack,4816,13087,2048,pos,0 days 00:00:57.390000,0 days 00:59:12.902000
2024-07-07 14:04:10.111,OnTrack,4948,13100,2048,pos,0 days 00:00:57.570000,0 days 00:59:13.082000
2024-07-07 14:04:10.291,OnTrack,5153,13114,2049,pos,0 days 00:00:57.750000,0 days 00:59:13.262000
2024-07-07 14:04:10.611,OnTrack,5271,13114,2049,pos,0 days 00:00:58.070000,0 days 00:59:13.582000
2024-07-07 14:04:10.851,OnTrack,5419,13099,2050,pos,0 days 00:00:58.310000,0 days 00:59:13.822000
2024-07-07 14:04:11.011,OnTrack,5516,13080,2051,pos,0 days 00:00:58.470000,0 days 00:59:13.982000
2024-07-07 14:04:11.231,OnTrack,5644,13047,2051,pos,0 days 00:00:58.690000,0 days 00:59:14.202000
2024-07-07 14:04:11.431,OnTrack,5754,13007,2052,pos,0 days 00:00:58.890000,0 days 00:59:14.402000
2024-07-07 14:04:11.692,OnTrack,5890,12942,2053,pos,0 days 00:00:59.151000,0 days 00:59:14.663000
2024-07-07 14:04:12.031,OnTrack,6100,12801,2054,pos,0 days 00:00:59.490000,0 days 00:59:15.002000
2024-07-07 14:04:12.311,OnTrack,6193,12722,2055,pos,0 days 00:00:59.770000,0 days 00:59:15.282000
2024-07-07 14:04:12.631,OnTrack,6325,12578,2056,pos,0 days 00:01:00.090000,0 days 00:59:15.602000
2024-07-07 14:04:12.812,OnTrack,6410,12451,2056,pos,0 days 00:01:00.271000,0 days 00:59:15.783000
2024-07-07 14:04:13.272,OnTrack,6548,12167,2058,pos,0 days 00:01:00.731000,0 days 00:59:16.243000
2024-07-07 14:04:13.552,OnTrack,6596,12041,2059,pos,0 days 00:01:01.011000,0 days 00:59:16.523000
2024-07-07 14:04:13.812,OnTrack,6650,11872,2060,pos,0 days 00:01:01.271000,0 days 00:59:16.783000
2024-07-07 14:04:13.991,OnTrack,6684,11753,2061,pos,0 days 00:01:01.450000,0 days 00:59:16.962000
2024-07-07 14:04:14.251,OnTrack,6743,11521,2063,pos,0 days 00:01:01.710000,0 days 00:59:17.222000
2024-07-07 14:04:14.551,OnTrack,6779,11368,2064,pos,0 days 00:01:02.010000,0 days 00:59:17.522000
2024-07-07 14:04:14.732,OnTrack,6806,11241,2065,pos,0 days 00:01:02.191000,0 days 00:59:17.703000
2024-07-07 14:04:15.110,OnTrack,6860,10953,2067,pos,0 days 00:01:02.569000,0 days 00:59:18.081000
2024-07-07 14:04:15.311,OnTrack,6889,10762,2069,pos,0 days 00:01:02.770000,0 days 00:59:18.282000
2024-07-07 14:04:15.711,OnTrack,6926,10463,2071,pos,0 days 00:01:03.170000,0 days 00:59:18.682000
2024-07-07 14:04:16.071,OnTrack,6955,10157,2073,pos,0 days 00:01:03.530000,0 days 00:59:19.042000
2024-07-07 14:04:16.391,OnTrack,6966,9985,2074,pos,0 days 00:01:03.850000,0 days 00:59:19.362000
2024-07-07 14:04:16.671,OnTrack,6977,9765,2075,pos,0 days 00:01:04.130000,0 days 00:59:19.642000
2024-07-07 14:04:16.951,OnTrack,6984,9430,2075,pos,0 days 00:01:04.410000,0 days 00:59:19.922000
2024-07-07 14:04:17.311,OnTrack,6989,9252,2074,pos,0 days 00:01:04.770000,0 days 00:59:20.282000
2024-07-07 14:04:17.491,OnTrack,6996,9106,2073,pos,0 days 00:01:04.950000,0 days 00:59:20.462000
2024-07-07 14:04:17.632,OnTrack,7002,9003,2073,pos,0 days 00:01:05.091000,0 days 00:59:20.603000
2024-07-07 14:04:17.851,OnTrack,7019,8825,2072,pos,0 days 00:01:05.310000,0 days 00:59:20.822000
2024-07-07 14:04:18.071,OnTrack,7045,8645,2071,pos,0 days 00:01:05.530000,0 days 00:59:21.042000
2024-07-07 14:04:18.351,OnTrack,7091,8418,2070,pos,0 days 00:01:05.810000,0 days 00:59:21.322000
2024-07-07 14:04:18.591,OnTrack,7139,8224,2068,pos,0 days 00:01:06.050000,0 days 00:59:21.562000
2024-07-07 14:04:18.631,OnTrack,7148,8192,2068,pos,0 days 00:01:06.090000,0 days 00:59:21.602000
2024-07-07 14:04:18.891,OnTrack,7211,7984,2065,pos,0 days 00:01:06.350000,0 days 00:59:21.862000
2024-07-07 14:04:19.151,OnTrack,7283,7780,2063,pos,0 days 00:01:06.610000,0 days 00:59:22.122000
2024-07-07 14:04:19.332,OnTrack,7338,7642,2061,pos,0 days 00:01:06.791000,0 days 00:59:22.303000
2024-07-07 14:04:19.491,OnTrack,7386,7524,2060,pos,0 days 00:01:06.950000,0 days 00:59:22.462000
2024-07-07 14:04:19.711,OnTrack,7444,7372,2059,pos,0 days 00:01:07.170000,0 days 00:59:22.682000
2024-07-07 14:04:19.991,OnTrack,7502,7186,2058,pos,0 days 00:01:07.450000,0 days 00:59:22.962000
2024-07-07 14:04:20.192,OnTrack,7526,7072,2058,pos,0 days 00:01:07.651000,0 days 00:59:23.163000
2024-07-07 14:04:20.372,OnTrack,7538,6956,2058,pos,0 days 00:01:07.831000,0 days 00:59:23.343000
2024-07-07 14:04:20.652,OnTrack,7530,6761,2058,pos,0 days 00:01:08.111000,0 days 00:59:23.623000
2024-07-07 14:04:20.692,OnTrack,7526,6734,2058,pos,0 days 00:01:08.151000,0 days 00:59:23.663000
2024-07-07 14:04:21.091,OnTrack,7476,6464,2060,pos,0 days 00:01:08.550000,0 days 00:59:24.062000
2024-07-07 14:04:21.272,OnTrack,7447,6344,2060,pos,0 days 00:01:08.731000,0 days 00:59:24.243000
2024-07-07 14:04:21.451,OnTrack,7416,6223,2061,pos,0 days 00:01:08.910000,0 days 00:59:24.422000
2024-07-07 14:04:21.670,OnTrack,7380,6075,2062,pos,0 days 00:01:09.129000,0 days 00:59:24.641000
2024-07-07 14:04:21.851,OnTrack,7343,5888,2063,pos,0 days 00:01:09.310000,0 days 00:59:24.822000
2024-07-07 14:04:22.230,OnTrack,7317,5631,2063,pos,0 days 00:01:09.689000,0 days 00:59:25.201000
2024-07-07 14:04:22.651,OnTrack,7328,5457,2062,pos,0 days 00:01:10.110000,0 days 00:59:25.622000
2024-07-07 14:04:22.891,OnTrack,7381,5255,2061,pos,0 days 00:01:10.350000,0 days 00:59:25.862000
2024-07-07 14:04:23.191,OnTrack,7428,5145,2059,pos,0 days 00:01:10.650000,0 days 00:59:26.162000
2024-07-07 14:04:23.531,OnTrack,7527,4967,2057,pos,0 days 00:01:10.990000,0 days 00:59:26.502000
2024-07-07 14:04:23.691,OnTrack,7576,4886,2056,pos,0 days 00:01:11.150000,0 days 00:59:26.662000
2024-07-07 14:04:23.911,OnTrack,7651,4759,2054,pos,0 days 00:01:11.370000,0 days 00:59:26.882000
2024-07-07 14:04:24.271,OnTrack,7726,4604,2052,pos,0 days 00:01:11.730000,0 days 00:59:27.242000
2024-07-07 14:04:24.432,OnTrack,7754,4524,2051,pos,0 days 00:01:11.891000,0 days 00:59:27.403000
2024-07-07 14:04:24.631,OnTrack,7778,4422,2049,pos,0 days 00:01:12.090000,0 days 00:59:27.602000
2024-07-07 14:04:24.911,OnTrack,7785,4211,2046,pos,0 days 00:01:12.370000,0 days 00:59:27.882000
2024-07-07 14:04:25.272,OnTrack,7761,4082,2044,pos,0 days 00:01:12.731000,0 days 00:59:28.243000
2024-07-07 14:04:25.532,OnTrack,7702,3916,2041,pos,0 days 00:01:12.991000,0 days 00:59:28.503000
2024-07-07 14:04:25.911,OnTrack,7617,3757,2039,pos,0 days 00:01:13.370000,0 days 00:59:28.882000
2024-07-07 14:04:26.132,OnTrack,7542,3653,2038,pos,0 days 00:01:13.591000,0 days 00:59:29.103000
2024-07-07 14:04:26.311,OnTrack,7471,3576,2037,pos,0 days 00:01:13.770000,0 days 00:59:29.282000
2024-07-07 14:04:26.491,OnTrack,7388,3506,2036,pos,0 days 00:01:13.950000,0 days 00:59:29.462000
2024-07-07 14:04:26.771,OnTrack,7247,3416,2033,pos,0 days 00:01:14.230000,0 days 00:59:29.742000
2024-07-07 14:04:26.972,OnTrack,7047,3311,2031,pos,0 days 00:01:14.431000,0 days 00:59:29.943000
2024-07-07 14:04:27.252,OnTrack,6968,3267,2030,pos,0 days 00:01:14.711000,0 days 00:59:30.223000
2024-07-07 14:04:27.512,OnTrack,6836,3174,2029,pos,0 days 00:01:14.971000,0 days 00:59:30.483000
2024-07-07 14:04:27.812,OnTrack,6682,3031,2028,pos,0 days 00:01:15.271000,0 days 00:59:30.783000
2024-07-07 14:04:27.972,OnTrack,6547,2885,2027,pos,0 days 00:01:15.431000,0 days 00:59:30.943000
2024-07-07 14:04:28.331,OnTrack,6444,2762,2027,pos,0 days 00:01:15.790000,0 days 00:59:31.302000
2024-07-07 14:04:28.611,OnTrack,6292,2545,2026,pos,0 days 00:01:16.070000,0 days 00:59:31.582000
2024-07-07 14:04:28.931,OnTrack,6206,2400,2026,pos,0 days 00:01:16.390000,0 days 00:59:31.902000
2024-07-07 14:04:29.231,OnTrack,6101,2205,2025,pos,0 days 00:01:16.690000,0 days 00:59:32.202000
2024-07-07 14:04:29.431,OnTrack,5991,1984,2025,pos,0 days 00:01:16.890000,0 days 00:59:32.402000
2024-07-07 14:04:29.711,OnTrack,5941,1882,2024,pos,0 days 00:01:17.170000,0 days 00:59:32.682000
2024-07-07 14:04:29.991,OnTrack,5847,1690,2023,pos,0 days 00:01:17.450000,0 days 00:59:32.962000
2024-07-07 14:04:30.171,OnTrack,5787,1565,2023,pos,0 days 00:01:17.630000,0 days 00:59:33.142000
2024-07-07 14:04:30.471,OnTrack,5686,1354,2022,pos,0 days 00:01:17.930000,0 days 00:59:33.442000
2024-07-07 14:04:30.651,OnTrack,5624,1226,2021,pos,0 days 00:01:18.110000,0 days 00:59:33.622000
2024-07-07 14:04:30.751,OnTrack,5590,1154,2020,pos,0 days 00:01:18.210000,0 days 00:59:33.722000
2024-07-07 14:04:30.911,OnTrack,5537,1042,2020,pos,0 days 00:01:18.370000,0 days 00:59:33.882000
2024-07-07 14:04:31.272,OnTrack,5367,686,2017,pos,0 days 00:01:18.731000,0 days 00:59:34.243000
2024-07-07 14:04:31.691,OnTrack,5267,480,2016,pos,0 days 00:01:19.150000,0 days 00:59:34.662000
2024-07-07 14:04:31.731,OnTrack,5253,451,2016,pos,0 days 00:01:19.190000,0 days 00:59:34.702000
2024-07-07 14:04:32.011,OnTrack,5153,243,2014,pos,0 days 00:01:19.470000,0 days 00:59:34.982000
2024-07-07 14:04:32.171,OnTrack,5098,132,2013,pos,0 days 00:01:19.630000,0 days 00:59:35.142000
2024-07-07 14:04:32.392,OnTrack,5015,-40,2012,pos,0 days 00:01:19.851000,0 days 00:59:35.363000
2024-07-07 14:04:32.571,OnTrack,4950,-176,2011,pos,0 days 00:01:20.030000,0 days 00:59:35.542000
2024-07-07 14:04:32.892,OnTrack,4804,-480,2009,pos,0 days 00:01:20.351000,0 days 00:59:35.863000
2024-07-07 14:04:33.291,OnTrack,4653,-791,2007,pos,0 days 00:01:20.750000,0 days 00:59:36.262000
2024-07-07 14:04:33.611,OnTrack,4564,-976,2006,pos,0 days 00:01:21.070000,0 days 00:59:36.582000
2024-07-07 14:04:33.871,OnTrack,4466,-1178,2004,pos,0 days 00:01:21.330000,0 days 00:59:36.842000
2024-07-07 14:04:34.052,OnTrack,4398,-1318,2003,pos,0 days 00:01:21.511000,0 days 00:59:37.023000
2024-07-07 14:04:34.292,OnTrack,4306,-1504,2000,pos,0 days 00:01:21.751000,0 days 00:59:37.263000
2024-07-07 14:04:34.451,OnTrack,4244,-1628,1999,pos,0 days 00:01:21.910000,0 days 00:59:37.422000
2024-07-07 14:04:34.690,OnTrack,4152,-1814,1996,pos,0 days 00:01:22.149000,0 days 00:59:37.661000
2024-07-07 14:04:34.891,OnTrack,4074,-1968,1995,pos,0 days 00:01:22.350000,0 days 00:59:37.862000
2024-07-07 14:04:35.191,OnTrack,3909,-2290,1994,pos,0 days 00:01:22.650000,0 days 00:59:38.162000
2024-07-07 14:04:35.591,OnTrack,3778,-2542,1995,pos,0 days 00:01:23.050000,0 days 00:59:38.562000
2024-07-07 14:04:35.891,OnTrack,3677,-2733,1996,pos,0 days 00:01:23.350000,0 days 00:59:38.862000
2024-07-07 14:04:36.131,OnTrack,3578,-2915,1999,pos,0 days 00:01:23.590000,0 days 00:59:39.102000
2024-07-07 14:04:36.351,OnTrack,3484,-3080,2002,pos,0 days 00:01:23.810000,0 days 00:59:39.322000
2024-07-07 14:04:36.591,OnTrack,3353,-3302,2007,pos,0 days 00:01:24.050000,0 days 00:59:39.562000
2024-07-07 14:04:36.971,OnTrack,3201,-3528,2012,pos,0 days 00:01:24.430000,0 days 00:59:39.942000
2024-07-07 14:04:37.111,OnTrack,3131,-3619,2015,pos,0 days 00:01:24.570000,0 days 00:59:40.082000
2024-07-07 14:04:37.411,OnTrack,2981,-3786,2018,pos,0 days 00:01:24.870000,0 days 00:59:40.382000
2024-07-07 14:04:37.611,OnTrack,2863,-3890,2021,pos,0 days 00:01:25.070000,0 days 00:59:40.582000
2024-07-07 14:04:38.011,OnTrack,2671,-4009,2025,pos,0 days 00:01:25.470000,0 days 00:59:40.982000
2024-07-07 14:04:38.111,OnTrack,2616,-4035,2026,pos,0 days 00:01:25.570000,0 days 00:59:41.082000
2024-07-07 14:04:38.411,OnTrack,2478,-4084,2028,pos,0 days 00:01:25.870000,0 days 00:59:41.382000
2024-07-07 14:04:38.572,OnTrack,2388,-4104,2029,pos,0 days 00:01:26.031000,0 days 00:59:41.543000
2024-07-07 14:04:38.811,OnTrack,2263,-4117,2031,pos,0 days 00:01:26.270000,0 days 00:59:41.782000
2024-07-07 14:04:38.971,OnTrack,2175,-4114,2032,pos,0 days 00:01:26.430000,0 days 00:59:41.942000
2024-07-07 14:04:39.212,OnTrack,1969,-4074,2033,pos,0 days 00:01:26.671000,0 days 00:59:42.183000
2024-07-07 14:04:39.591,OnTrack,1850,-4029,2033,pos,0 days 00:01:27.050000,0 days 00:59:42.562000
2024-07-07 14:04:39.851,OnTrack,1724,-3961,2033,pos,0 days 00:01:27.310000,0 days 00:59:42.822000
2024-07-07 14:04:40.012,OnTrack,1656,-3913,2032,pos,0 days 00:01:27.471000,0 days 00:59:42.983000
2024-07-07 14:04:40.252,OnTrack,1546,-3821,2031,pos,0 days 00:01:27.711000,0 days 00:59:43.223000
2024-07-07 14:04:40.471,OnTrack,1426,-3691,2030,pos,0 days 00:01:27.930000,0 days 00:59:43.442000
2024-07-07 14:04:40.872,OnTrack,1273,-3470,2026,pos,0 days 00:01:28.331000,0 days 00:59:43.843000
2024-07-07 14:04:41.291,OnTrack,1181,-3303,2021,pos,0 days 00:01:28.750000,0 days 00:59:44.262000
2024-07-07 14:04:41.550,OnTrack,1081,-3113,2015,pos,0 days 00:01:29.009000,0 days 00:59:44.521000
2024-07-07 14:04:41.951,OnTrack,919,-2843,2003,pos,0 days 00:01:29.410000,0 days 00:59:44.922000
2024-07-07 14:04:42.251,OnTrack,857,-2753,1998,pos,0 days 00:01:29.710000,0 days 00:59:45.222000
2024-07-07 14:04:42.491,OnTrack,761,-2620,1993,pos,0 days 00:01:29.950000,0 days 00:59:45.462000
2024-07-07 14:04:42.651,OnTrack,694,-2530,1989,pos,0 days 00:01:30.110000,0 days 00:59:45.622000
2024-07-07 14:04:42.831,OnTrack,619,-2428,1986,pos,0 days 00:01:30.290000,0 days 00:59:45.802000
2024-07-07 14:04:43.031,OnTrack,535,-2315,1984,pos,0 days 00:01:30.490000,0 days 00:59:46.002000
2024-07-07 14:04:43.212,OnTrack,459,-2212,1984,pos,0 days 00:01:30.671000,0 days 00:59:46.183000
2024-07-07 14:04:43.451,OnTrack,369,-2093,1985,pos,0 days 00:01:30.910000,0 days 00:59:46.422000
2024-07-07 14:04:43.691,OnTrack,259,-1951,1986,pos,0 days 00:01:31.150000,0 days 00:59:46.662000
2024-07-07 14:04:44.191,OnTrack,28,-1674,1986,pos,0 days 00:01:31.650000,0 days 00:59:47.162000
2024-07-07 14:04:44.351,OnTrack,-103,-1523,1985,pos,0 days 00:01:31.810000,0 days 00:59:47.322000
2024-07-07 14:04:44.811,OnTrack,-286,-1317,1982,pos,0 days 00:01:32.270000,0 days 00:59:47.782000
2024-07-07 14:04:45.152,OnTrack,-371,-1222,1980,pos,0 days 00:01:32.611000,0 days 00:59:48.123000
2024-07-07 14:04:45.392,OnTrack,-447,-1140,1979,pos,0 days 00:01:32.851000,0 days 00:59:48.363000
2024-07-07 14:04:45.591,OnTrack,-506,-1081,1977,pos,0 days 00:01:33.050000,0 days 00:59:48.562000
2024-07-07 14:04:45.791,OnTrack,-593,-1011,1976,pos,0 days 00:01:33.250000,0 days 00:59:48.762000
2024-07-07 14:04:46.151,OnTrack,-669,-966,1975,pos,0 days 00:01:33.610000,0 days 00:59:49.122000
2024-07-07 14:04:46.312,OnTrack,-715,-945,1975,pos,0 days 00:01:33.771000,0 days 00:59:49.283000
2024-07-07 14:04:46.592,OnTrack,-827,-916,1976,pos,0 days 00:01:34.051000,0 days 00:59:49.563000
2024-07-07 14:04:46.971,OnTrack,-901,-913,1976,pos,0 days 00:01:34.430000,0 days 00:59:49.942000
2024-07-07 14:04:47.231,OnTrack,-970,-918,1977,pos,0 days 00:01:34.690000,0 days 00:59:50.202000
2024-07-07 14:04:47.412,OnTrack,-1016,-929,1978,pos,0 days 00:01:34.871000,0 days 00:59:50.383000
2024-07-07 14:04:47.712,OnTrack,-1099,-968,1979,pos,0 days 00:01:35.171000,0 days 00:59:50.683000
2024-07-07 14:04:47.971,OnTrack,-1150,-1003,1979,pos,0 days 00:01:35.430000,0 days 00:59:50.942000
2024-07-07 14:04:48.291,OnTrack,-1222,-1059,1980,pos,0 days 00:01:35.750000,0 days 00:59:51.262000
2024-07-07 14:04:48.411,OnTrack,-1254,-1083,1981,pos,0 days 00:01:35.870000,0 days 00:59:51.382000
2024-07-07 14:04:48.731,OnTrack,-1358,-1145,1981,pos,0 days 00:01:36.190000,0 days 00:59:51.702000
2024-07-07 14:04:49.131,OnTrack,-1453,-1171,1981,pos,0 days 00:01:36.590000,0 days 00:59:52.102000
2024-07-07 14:04:49.411,OnTrack,-1533,-1169,1981,pos,0 days 00:01:36.870000,0 days 00:59:52.382000
2024-07-07 14:04:49.631,OnTrack,-1600,-1155,1980,pos,0 days 00:01:37.090000,0 days 00:59:52.602000
2024-07-07 14:04:49.891,OnTrack,-1711,-1117,1978,pos,0 days 00:01:37.350000,0 days 00:59:52.862000
2024-07-07 14:04:50.311,OnTrack,-1798,-1072,1978,pos,0 days 00:01:37.770000,0 days 00:59:53.282000
2024-07-07 14:04:50.592,OnTrack,-1875,-1017,1977,pos,0 days 00:01:38.051000,0 days 00:59:53.563000
2024-07-07 14:04:50.811,OnTrack,-1934,-961,1976,pos,0 days 00:01:38.270000,0 days 00:59:53.782000
2024-07-07 14:04:50.991,OnTrack,-2011,-868,1975,pos,0 days 00:01:38.450000,0 days 00:59:53.962000
2024-07-07 14:04:51.251,OnTrack,-2049,-821,1975,pos,0 days 00:01:38.710000,0 days 00:59:54.222000
2024-07-07 14:04:51.551,OnTrack,-2128,-714,1974,pos,0 days 00:01:39.010000,0 days 00:59:54.522000
2024-07-07 14:04:51.851,OnTrack,-2234,-493,1973,pos,0 days 00:01:39.310000,0 days 00:59:54.822000
2024-07-07 14:04:52.111,OnTrack,-2256,-429,1973,pos,0 days 00:01:39.570000,0 days 00:59:55.082000
2024-07-07 14:04:52.331,OnTrack,-2285,-315,1971,pos,0 days 00:01:39.790000,0 days 00:59:55.302000
2024-07-07 14:04:52.591,OnTrack,-2307,-171,1969,pos,0 days 00:01:40.050000,0 days 00:59:55.562000
2024-07-07 14:04:52.891,OnTrack,-2312,72,1967,pos,0 days 00:01:40.350000,0 days 00:59:55.862000
2024-07-07 14:04:53.191,OnTrack,-2300,180,1966,pos,0 days 00:01:40.650000,0 days 00:59:56.162000
2024-07-07 14:04:53.412,OnTrack,-2256,384,1964,pos,0 days 00:01:40.871000,0 days 00:59:56.383000
2024-07-07 14:04:53.771,OnTrack,-2202,528,1963,pos,0 days 00:01:41.230000,0 days 00:59:56.742000
2024-07-07 14:04:54.071,OnTrack,-2071,770,1962,pos,0 days 00:01:41.530000,0 days 00:59:57.042000
2024-07-07 14:04:54.391,OnTrack,-1996,881,1962,pos,0 days 00:01:41.850000,0 days 00:59:57.362000
2024-07-07 14:04:55.031,OnTrack,-1687,1302,1964,pos,0 days 00:01:42.490000,0 days 00:59:58.002000
2024-07-07 14:04:55.430,OnTrack,-1508,1527,1965,pos,0 days 00:01:42.889000,0 days 00:59:58.401000
2024-07-07 14:04:55.871,OnTrack,-1364,1712,1967,pos,0 days 00:01:43.330000,0 days 00:59:58.842000
2024-07-07 14:04:56.091,OnTrack,-1213,1917,1970,pos,0 days 00:01:43.550000,0 days 00:59:59.062000
2024-07-07 14:04:56.411,OnTrack,-1124,2040,1971,pos,0 days 00:01:43.870000,0 days 00:59:59.382000
2024-07-07 14:04:56.691,OnTrack,-998,2213,1974,pos,0 days 00:01:44.150000,0 days 00:59:59.662000
2024-07-07 14:04:56.891,OnTrack,-861,2401,1977,pos,0 days 00:01:44.350000,0 days 00:59:59.862000
2024-07-07 14:04:57.171,OnTrack,-783,2509,1979,pos,0 days 00:01:44.630000,0 days 01:00:00.142000
2024-07-07 14:04:57.451,OnTrack,-649,2695,1982,pos,0 days 00:01:44.910000,0 days 01:00:00.422000
2024-07-07 14:04:57.771,OnTrack,-478,2945,1986,pos,0 days 00:01:45.230000,0 days 01:00:00.742000
2024-07-07 14:04:58.151,OnTrack,-308,3200,1991,pos,0 days 00:01:45.610000,0 days 01:00:01.122000
2024-07-07 14:04:58.591,OnTrack,-95,3511,1996,pos,0 days 00:01:46.050000,0 days 01:00:01.562000
2024-07-07 14:04:58.851,OnTrack,-8,3631,1997,pos,0 days 00:01:46.310000,0 days 01:00:01.822000
2024-07-07 14:04:59.092,OnTrack,111,3788,2001,pos,0 days 00:01:46.551000,0 days 01:00:02.063000
2024-07-07 14:04:59.332,OnTrack,238,3942,2005,pos,0 days 00:01:46.791000,0 days 01:00:02.303000
2024-07-07 14:04:59.532,OnTrack,349,4065,2009,pos,0 days 00:01:46.991000,0 days 01:00:02.503000
2024-07-07 14:04:59.691,OnTrack,442,4157,2010,pos,0 days 00:01:47.150000,0 days 01:00:02.662000
2024-07-07 14:04:59.952,OnTrack,604,4289,2011,pos,0 days 00:01:47.411000,0 days 01:00:02.923000
2024-07-07 14:05:00.172,OnTrack,754,4378,2013,pos,0 days 00:01:47.631000,0 days 01:00:03.143000
2024-07-07 14:05:00.331,OnTrack,870,4428,2014,pos,0 days 00:01:47.790000,0 days 01:00:03.302000
2024-07-07 14:05:00.591,OnTrack,1068,4485,2015,pos,0 days 00:01:48.050000,0 days 01:00:03.562000
2024-07-07 14:05:00.772,OnTrack,1209,4508,2016,pos,0 days 00:01:48.231000,0 days 01:00:03.743000
2024-07-07 14:05:01.051,OnTrack,1433,4520,2018,pos,0 days 00:01:48.510000,0 days 01:00:04.022000
2024-07-07 14:05:01.211,OnTrack,1560,4519,2020,pos,0 days 00:01:48.670000,0 days 01:00:04.182000
2024-07-07 14:05:01.371,OnTrack,1686,4513,2022,pos,0 days 00:01:48.830000,0 days 01:00:04.342000
2024-07-07 14:05:01.631,OnTrack,1891,4490,2025,pos,0 days 00:01:49.090000,0 days 01:00:04.602000
2024-07-07 14:05:01.791,OnTrack,2017,4472,2026,pos,0 days 00:01:49.250000,0 days 01:00:04.762000
2024-07-07 14:05:02.031,OnTrack,2205,4450,2027,pos,0 days 00:01:49.490000,0 days 01:00:05.002000
2024-07-07 14:05:02.251,OnTrack,2442,4439,2030,pos,0 days 00:01:49.710000,0 days 01:00:05.222000
2024-07-07 14:05:02.631,OnTrack,2678,4449,2033,pos,0 days 00:01:50.090000,0 days 01:00:05.602000
2024-07-07 14:05:02.851,OnTrack,2855,4479,2036,pos,0 days 00:01:50.310000,0 days 01:00:05.822000
2024-07-07 14:05:03.072,OnTrack,3022,4527,2038,pos,0 days 00:01:50.531000,0 days 01:00:06.043000
2024-07-07 14:05:03.251,OnTrack,3153,4578,2040,pos,0 days 00:01:50.710000,0 days 01:00:06.222000
2024-07-07 14:05:03.471,OnTrack,3307,4657,2043,pos,0 days 00:01:50.930000,0 days 01:00:06.442000
2024-07-07 14:05:03.551,OnTrack,3361,4689,2044,pos,0 days 00:01:51.010000,0 days 01:00:06.522000
2024-07-07 14:05:03.811,OnTrack,3528,4807,2047,pos,0 days 00:01:51.270000,0 days 01:00:06.782000
2024-07-07 14:05:03.991,OnTrack,3630,4893,2048,pos,0 days 00:01:51.450000,0 days 01:00:06.962000
2024-07-07 14:05:04.291,OnTrack,3805,5059,2049,pos,0 days 00:01:51.750000,0 days 01:00:07.262000
2024-07-07 14:05:04.511,OnTrack,3925,5181,2050,pos,0 days 00:01:51.970000,0 days 01:00:07.482000
2024-07-07 14:05:04.691,OnTrack,4022,5277,2051,pos,0 days 00:01:52.150000,0 days 01:00:07.662000
2024-07-07 14:05:04.891,OnTrack,4181,5428,2052,pos,0 days 00:01:52.350000,0 days 01:00:07.862000
2024-07-07 14:05:05.211,OnTrack,4270,5510,2053,pos,0 days 00:01:52.670000,0 days 01:00:08.182000
2024-07-07 14:05:05.471,OnTrack,4378,5603,2054,pos,0 days 00:01:52.930000,0 days 01:00:08.442000
2024-07-07 14:05:05.771,OnTrack,4491,5698,2054,pos,0 days 00:01:53.230000,0 days 01:00:08.742000
2024-07-07 14:05:05.971,OnTrack,4583,5772,2055,pos,0 days 00:01:53.430000,0 days 01:00:08.942000
2024-07-07 14:05:06.332,OnTrack,4684,5841,2055,pos,0 days 00:01:53.791000,0 days 01:00:09.303000
2024-07-07 14:05:06.591,OnTrack,4767,5878,2054,pos,0 days 00:01:54.050000,0 days 01:00:09.562000
2024-07-07 14:05:06.831,OnTrack,4883,5900,2054,pos,0 days 00:01:54.290000,0 days 01:00:09.802000
2024-07-07 14:05:07.071,OnTrack,4922,5901,2053,pos,0 days 00:01:54.530000,0 days 01:00:10.042000
2024-07-07 14:05:07.371,OnTrack,5012,5891,2053,pos,0 days 00:01:54.830000,0 days 01:00:10.342000
2024-07-07 14:05:07.492,OnTrack,5046,5883,2053,pos,0 days 00:01:54.951000,0 days 01:00:10.463000
2024-07-07 14:05:07.771,OnTrack,5119,5854,2054,pos,0 days 00:01:55.230000,0 days 01:00:10.742000
2024-07-07 14:05:07.991,OnTrack,5171,5821,2055,pos,0 days 00:01:55.450000,0 days 01:00:10.962000
2024-07-07 14:05:08.171,OnTrack,5211,5790,2056,pos,0 days 00:01:55.630000,0 days 01:00:11.142000
2024-07-07 14:05:08.451,OnTrack,5266,5733,2058,pos,0 days 00:01:55.910000,0 days 01:00:11.422000
2024-07-07 14:05:08.551,OnTrack,5283,5710,2058,pos,0 days 00:01:56.010000,0 days 01:00:11.522000
2024-07-07 14:05:08.851,OnTrack,5325,5630,2059,pos,0 days 00:01:56.310000,0 days 01:00:11.822000
2024-07-07 14:05:09.031,OnTrack,5354,5544,2059,pos,0 days 00:01:56.490000,0 days 01:00:12.002000
2024-07-07 14:05:09.351,OnTrack,5371,5470,2060,pos,0 days 00:01:56.810000,0 days 01:00:12.322000
2024-07-07 14:05:09.691,OnTrack,5387,5345,2061,pos,0 days 00:01:57.150000,0 days 01:00:12.662000
2024-07-07 14:05:09.851,OnTrack,5392,5286,2062,pos,0 days 00:01:57.310000,0 days 01:00:12.822000
2024-07-07 14:05:10.091,OnTrack,5408,5148,2065,pos,0 days 00:01:57.550000,0 days 01:00:13.062000
2024-07-07 14:05:10.511,OnTrack,5434,5047,2066,pos,0 days 00:01:57.970000,0 days 01:00:13.482000
2024-07-07 14:05:10.671,OnTrack,5453,5001,2066,pos,0 days 00:01:58.130000,0 days 01:00:13.642000
2024-07-07 14:05:10.851,OnTrack,5477,4954,2066,pos,0 days 00:01:58.310000,0 days 01:00:13.822000
2024-07-07 14:05:11.171,OnTrack,5527,4883,2066,pos,0 days 00:01:58.630000,0 days 01:00:14.142000
2024-07-07 14:05:11.391,OnTrack,5564,4842,2065,pos,0 days 00:01:58.850000,0 days 01:00:14.362000
2024-07-07 14:05:11.552,OnTrack,5592,4816,2065,pos,0 days 00:01:59.011000,0 days 01:00:14.523000
2024-07-07 14:05:11.731,OnTrack,5643,4778,2064,pos,0 days 00:01:59.190000,0 days 01:00:14.702000
2024-07-07 14:05:12.092,OnTrack,5693,4750,2064,pos,0 days 00:01:59.551000,0 days 01:00:15.063000
2024-07-07 14:05:12.291,OnTrack,5734,4736,2065,pos,0 days 00:01:59.750000,0 days 01:00:15.262000
2024-07-07 14:05:12.511,OnTrack,5779,4731,2064,pos,0 days 00:01:59.970000,0 days 01:00:15.482000
2024-07-07 14:05:12.712,OnTrack,5820,4737,2064,pos,0 days 00:02:00.171000,0 days 01:00:15.683000
2024-07-07 14:05:12.872,OnTrack,5853,4749,2064,pos,0 days 00:02:00.331000,0 days 01:00:15.843000
2024-07-07 14:05:13.031,OnTrack,5884,4767,2063,pos,0 days 00:02:00.490000,0 days 01:00:16.002000
2024-07-07 14:05:13.311,OnTrack,5936,4808,2064,pos,0 days 00:02:00.770000,0 days 01:00:16.282000
2024-07-07 14:05:13.611,OnTrack,5989,4861,2064,pos,0 days 00:02:01.070000,0 days 01:00:16.582000
2024-07-07 14:05:13.792,OnTrack,6019,4897,2064,pos,0 days 00:02:01.251000,0 days 01:00:16.763000
2024-07-07 14:05:13.992,OnTrack,6052,4941,2065,pos,0 days 00:02:01.451000,0 days 01:00:16.963000
2024-07-07 14:05:14.231,OnTrack,6102,5020,2065,pos,0 days 00:02:01.690000,0 days 01:00:17.202000
2024-07-07 14:05:14.611,OnTrack,6147,5106,2065,pos,0 days 00:02:02.070000,0 days 01:00:17.582000
2024-07-07 14:05:14.691,OnTrack,6158,5131,2065,pos,0 days 00:02:02.150000,0 days 01:00:17.662000
2024-07-07 14:05:14.951,OnTrack,6194,5219,2065,pos,0 days 00:02:02.410000,0 days 01:00:17.922000
2024-07-07 14:05:15.271,OnTrack,6234,5341,2065,pos,0 days 00:02:02.730000,0 days 01:00:18.242000
2024-07-07 14:05:15.491,OnTrack,6264,5449,2065,pos,0 days 00:02:02.950000,0 days 01:00:18.462000
2024-07-07 14:05:15.911,OnTrack,6312,5672,2065,pos,0 days 00:02:03.370000,0 days 01:00:18.882000
2024-07-07 14:05:16.311,OnTrack,6332,5906,2064,pos,0 days 00:02:03.770000,0 days 01:00:19.282000
2024-07-07 14:05:16.651,OnTrack,6326,6055,2064,pos,0 days 00:02:04.110000,0 days 01:00:19.622000
2024-07-07 14:05:16.891,OnTrack,6307,6196,2063,pos,0 days 00:02:04.350000,0 days 01:00:19.862000
2024-07-07 14:05:17.131,OnTrack,6258,6398,2062,pos,0 days 00:02:04.590000,0 days 01:00:20.102000
2024-07-07 14:05:17.552,OnTrack,6158,6632,2063,pos,0 days 00:02:05.011000,0 days 01:00:20.523000
2024-07-07 14:05:17.971,OnTrack,6052,6806,2063,pos,0 days 00:02:05.430000,0 days 01:00:20.942000
2024-07-07 14:05:18.171,OnTrack,5974,6911,2064,pos,0 days 00:02:05.630000,0 days 01:00:21.142000
2024-07-07 14:05:18.352,OnTrack,5896,7001,2064,pos,0 days 00:02:05.811000,0 days 01:00:21.323000
2024-07-07 14:05:18.531,OnTrack,5812,7086,2064,pos,0 days 00:02:05.990000,0 days 01:00:21.502000
2024-07-07 14:05:18.692,OnTrack,5731,7159,2064,pos,0 days 00:02:06.151000,0 days 01:00:21.663000
2024-07-07 14:05:18.912,OnTrack,5615,7256,2064,pos,0 days 00:02:06.371000,0 days 01:00:21.883000
2024-07-07 14:05:19.271,OnTrack,5370,7445,2064,pos,0 days 00:02:06.730000,0 days 01:00:22.242000
2024-07-07 14:05:19.532,OnTrack,5268,7523,2064,pos,0 days 00:02:06.991000,0 days 01:00:22.503000
2024-07-07 14:05:19.712,OnTrack,5166,7606,2064,pos,0 days 00:02:07.171000,0 days 01:00:22.683000
2024-07-07 14:05:19.952,OnTrack,5029,7719,2064,pos,0 days 00:02:07.411000,0 days 01:00:22.923000
2024-07-07 14:05:20.292,OnTrack,4738,7965,2064,pos,0 days 00:02:07.751000,0 days 01:00:23.263000
2024-07-07 14:05:20.592,OnTrack,4645,8046,2065,pos,0 days 00:02:08.051000,0 days 01:00:23.563000
2024-07-07 14:05:20.771,OnTrack,4538,8138,2065,pos,0 days 00:02:08.230000,0 days 01:00:23.742000
2024-07-07 14:05:21.051,OnTrack,4370,8281,2064,pos,0 days 00:02:08.510000,0 days 01:00:24.022000
2024-07-07 14:05:21.290,OnTrack,4224,8406,2064,pos,0 days 00:02:08.749000,0 days 01:00:24.261000
2024-07-07 14:05:21.451,OnTrack,4126,8490,2064,pos,0 days 00:02:08.910000,0 days 01:00:24.422000
2024-07-07 14:05:21.731,OnTrack,3953,8639,2063,pos,0 days 00:02:09.190000,0 days 01:00:24.702000
2024-07-07 14:05:21.851,OnTrack,3791,8780,2063,pos,0 days 00:02:09.310000,0 days 01:00:24.822000
2024-07-07 14:05:22.191,OnTrack,3666,8890,2063,pos,0 days 00:02:09.650000,0 days 01:00:25.162000
2024-07-07 14:05:22.471,OnTrack,3490,9045,2063,pos,0 days 00:02:09.930000,0 days 01:00:25.442000
2024-07-07 14:05:22.591,OnTrack,3414,9111,2063,pos,0 days 00:02:10.050000,0 days 01:00:25.562000
2024-07-07 14:05:22.791,OnTrack,3287,9223,2064,pos,0 days 00:02:10.250000,0 days 01:00:25.762000
2024-07-07 14:05:23.011,OnTrack,3147,9346,2063,pos,0 days 00:02:10.470000,0 days 01:00:25.982000
2024-07-07 14:05:23.212,OnTrack,3018,9458,2062,pos,0 days 00:02:10.671000,0 days 01:00:26.183000
2024-07-07 14:05:23.451,OnTrack,2864,9593,2061,pos,0 days 00:02:10.910000,0 days 01:00:26.422000
2024-07-07 14:05:23.671,OnTrack,2728,9711,2060,pos,0 days 00:02:11.130000,0 days 01:00:26.642000
2024-07-07 14:05:23.951,OnTrack,2448,9955,2057,pos,0 days 00:02:11.410000,0 days 01:00:26.922000
2024-07-07 14:05:24.391,OnTrack,2241,10139,2053,pos,0 days 00:02:11.850000,0 days 01:00:27.362000
2024-07-07 14:05:24.711,OnTrack,2046,10313,2050,pos,0 days 00:02:12.170000,0 days 01:00:27.682000
2024-07-07 14:05:25.011,OnTrack,1843,10495,2047,pos,0 days 00:02:12.470000,0 days 01:00:27.982000
2024-07-07 14:05:25.311,OnTrack,1673,10636,2045,pos,0 days 00:02:12.770000,0 days 01:00:28.282000
2024-07-07 14:05:25.551,OnTrack,1523,10746,2042,pos,0 days 00:02:13.010000,0 days 01:00:28.522000
2024-07-07 14:05:25.752,OnTrack,1416,10809,2041,pos,0 days 00:02:13.211000,0 days 01:00:28.723000
2024-07-07 14:05:26.012,OnTrack,1236,10892,2038,pos,0 days 00:02:13.471000,0 days 01:00:28.983000
2024-07-07 14:05:26.272,OnTrack,1134,10924,2036,pos,0 days 00:02:13.731000,0 days 01:00:29.243000
2024-07-07 14:05:26.612,OnTrack,963,10948,2035,pos,0 days 00:02:14.071000,0 days 01:00:29.583000
2024-07-07 14:05:26.792,OnTrack,865,10949,2034,pos,0 days 00:02:14.251000,0 days 01:00:29.763000
2024-07-07 14:05:27.011,OnTrack,709,10936,2033,pos,0 days 00:02:14.470000,0 days 01:00:29.982000
2024-07-07 14:05:27.451,OnTrack,542,10876,2032,pos,0 days 00:02:14.910000,0 days 01:00:30.422000
2024-07-07 14:05:27.771,OnTrack,459,10827,2032,pos,0 days 00:02:15.230000,0 days 01:00:30.742000
2024-07-07 14:05:27.991,OnTrack,359,10725,2032,pos,0 days 00:02:15.450000,0 days 01:00:30.962000
2024-07-07 14:05:28.491,OnTrack,283,10601,2033,pos,0 days 00:02:15.950000,0 days 01:00:31.462000
2024-07-07 14:05:28.651,OnTrack,256,10543,2033,pos,0 days 00:02:16.110000,0 days 01:00:31.622000
2024-07-07 14:05:28.731,OnTrack,243,10514,2033,pos,0 days 00:02:16.190000,0 days 01:00:31.702000
2024-07-07 14:05:28.951,OnTrack,217,10433,2033,pos,0 days 00:02:16.410000,0 days 01:00:31.922000
2024-07-07 14:05:29.271,OnTrack,197,10304,2033,pos,0 days 00:02:16.730000,0 days 01:00:32.242000
2024-07-07 14:05:29.472,OnTrack,191,10220,2034,pos,0 days 00:02:16.931000,0 days 01:00:32.443000
2024-07-07 14:05:29.731,OnTrack,186,10108,2034,pos,0 days 00:02:17.190000,0 days 01:00:32.702000
2024-07-07 14:05:29.911,OnTrack,181,10029,2035,pos,0 days 00:02:17.370000,0 days 01:00:32.882000
2024-07-07 14:05:30.071,OnTrack,175,9958,2035,pos,0 days 00:02:17.530000,0 days 01:00:33.042000
2024-07-07 14:05:30.951,OnTrack,41,9627,2039,pos,0 days 00:02:18.410000,0 days 01:00:33.922000
2024-07-07 14:05:31.152,OnTrack,-8,9576,2039,pos,0 days 00:02:18.611000,0 days 01:00:34.123000
2024-07-07 14:05:31.311,OnTrack,-51,9540,2040,pos,0 days 00:02:18.770000,0 days 01:00:34.282000
2024-07-07 14:05:31.551,OnTrack,-120,9497,2040,pos,0 days 00:02:19.010000,0 days 01:00:34.522000
2024-07-07 14:05:31.911,OnTrack,-239,9451,2041,pos,0 days 00:02:19.370000,0 days 01:00:34.882000
2024-07-07 14:05:32.292,OnTrack,-344,9441,2040,pos,0 days 00:02:19.751000,0 days 01:00:35.263000
2024-07-07 14:05:32.492,OnTrack,-402,9449,2040,pos,0 days 00:02:19.951000,0 days 01:00:35.463000
2024-07-07 14:05:32.732,OnTrack,-469,9474,2040,pos,0 days 00:02:20.191000,0 days 01:00:35.703000
2024-07-07 14:05:32.911,OnTrack,-535,9513,2039,pos,0 days 00:02:20.370000,0 days 01:00:35.882000
2024-07-07 14:05:33.191,OnTrack,-580,9551,2038,pos,0 days 00:02:20.650000,0 days 01:00:36.162000
2024-07-07 14:05:33.412,OnTrack,-625,9598,2037,pos,0 days 00:02:20.871000,0 days 01:00:36.383000
2024-07-07 14:05:33.692,OnTrack,-675,9669,2036,pos,0 days 00:02:21.151000,0 days 01:00:36.663000
2024-07-07 14:05:33.931,OnTrack,-710,9737,2034,pos,0 days 00:02:21.390000,0 days 01:00:36.902000
2024-07-07 14:05:34.111,OnTrack,-743,9825,2033,pos,0 days 00:02:21.570000,0 days 01:00:37.082000
2024-07-07 14:05:34.451,OnTrack,-763,9907,2033,pos,0 days 00:02:21.910000,0 days 01:00:37.422000
2024-07-07 14:05:34.791,OnTrack,-776,10031,2032,pos,0 days 00:02:22.250000,0 days 01:00:37.762000
2024-07-07 14:05:34.851,OnTrack,-776,10055,2032,pos,0 days 00:02:22.310000,0 days 01:00:37.822000
2024-07-07 14:05:35.111,OnTrack,-772,10159,2031,pos,0 days 00:02:22.570000,0 days 01:00:38.082000
2024-07-07 14:05:35.371,OnTrack,-747,10324,2030,pos,0 days 00:02:22.830000,0 days 01:00:38.342000
2024-07-07 14:05:35.791,OnTrack,-700,10499,2028,pos,0 days 00:02:23.250000,0 days 01:00:38.762000
2024-07-07 14:05:36.012,OnTrack,-663,10604,2027,pos,0 days 00:02:23.471000,0 days 01:00:38.983000
2024-07-07 14:05:36.272,OnTrack,-605,10741,2025,pos,0 days 00:02:23.731000,0 days 01:00:39.243000
2024-07-07 14:05:36.591,OnTrack,-533,10891,2023,pos,0 days 00:02:24.050000,0 days 01:00:39.562000
2024-07-07 14:05:36.791,OnTrack,-479,10994,2022,pos,0 days 00:02:24.250000,0 days 01:00:39.762000
2024-07-07 14:05:36.991,OnTrack,-423,11099,2021,pos,0 days 00:02:24.450000,0 days 01:00:39.962000
2024-07-07 14:05:37.191,OnTrack,-363,11205,2021,pos,0 days 00:02:24.650000,0 days 01:00:40.162000
2024-07-07 14:05:37.351,OnTrack,-316,11285,2021,pos,0 days 00:02:24.810000,0 days 01:00:40.322000
2024-07-07 14:05:37.672,OnTrack,-202,11454,2021,pos,0 days 00:02:25.131000,0 days 01:00:40.643000
2024-07-07 14:05:37.912,OnTrack,-79,11617,2021,pos,0 days 00:02:25.371000,0 days 01:00:40.883000
2024-07-07 14:05:38.311,OnTrack,109,11828,2022,pos,0 days 00:02:25.770000,0 days 01:00:41.282000
2024-07-07 14:05:38.691,OnTrack,258,11974,2024,pos,0 days 00:02:26.150000,0 days 01:00:41.662000
2024-07-07 14:05:38.911,OnTrack,373,12077,2024,pos,0 days 00:02:26.370000,0 days 01:00:41.882000
2024-07-07 14:05:39.151,OnTrack,507,12185,2024,pos,0 days 00:02:26.610000,0 days 01:00:42.122000
2024-07-07 14:05:39.372,OnTrack,630,12274,2024,pos,0 days 00:02:26.831000,0 days 01:00:42.343000
2024-07-07 14:05:39.572,OnTrack,758,12357,2024,pos,0 days 00:02:27.031000,0 days 01:00:42.543000
2024-07-07 14:05:39.751,OnTrack,875,12420,2025,pos,0 days 00:02:27.210000,0 days 01:00:42.722000
2024-07-07 14:05:39.812,OnTrack,915,12440,2025,pos,0 days 00:02:27.271000,0 days 01:00:42.783000
2024-07-07 14:05:40.132,OnTrack,1129,12534,2025,pos,0 days 00:02:27.591000,0 days 01:00:43.103000
2024-07-07 14:05:40.372,OnTrack,1367,12617,2025,pos,0 days 00:02:27.831000,0 days 01:00:43.343000
2024-07-07 14:05:40.831,OnTrack,1650,12694,2025,pos,0 days 00:02:28.290000,0 days 01:00:43.802000
2024-07-07 14:05:40.870,OnTrack,1672,12700,2026,pos,0 days 00:02:28.329000,0 days 01:00:43.841000
2024-07-07 14:05:41.111,OnTrack,1864,12739,2027,pos,0 days 00:02:28.570000,0 days 01:00:44.082000
2024-07-07 14:05:41.311,OnTrack,2024,12765,2028,pos,0 days 00:02:28.770000,0 days 01:00:44.282000
2024-07-07 14:05:41.511,OnTrack,2186,12786,2029,pos,0 days 00:02:28.970000,0 days 01:00:44.482000
2024-07-07 14:05:41.791,OnTrack,2407,12812,2030,pos,0 days 00:02:29.250000,0 days 01:00:44.762000
2024-07-07 14:05:42.031,OnTrack,2703,12843,2033,pos,0 days 00:02:29.490000,0 days 01:00:45.002000
2024-07-07 14:05:42.351,OnTrack,2855,12859,2035,pos,0 days 00:02:29.810000,0 days 01:00:45.322000
2024-07-07 14:05:42.691,OnTrack,3241,12898,2038,pos,0 days 00:02:30.150000,0 days 01:00:45.662000
2024-07-07 14:05:42.931,OnTrack,3321,12907,2039,pos,0 days 00:02:30.390000,0 days 01:00:45.902000
2024-07-07 14:05:43.151,OnTrack,3499,12926,2040,pos,0 days 00:02:30.610000,0 days 01:00:46.122000
2024-07-07 14:05:43.431,OnTrack,3725,12951,2038,pos,0 days 00:02:30.890000,0 days 01:00:46.402000
2024-07-07 14:05:43.672,OnTrack,3993,12982,2043,pos,0 days 00:02:31.131000,0 days 01:00:46.643000
2024-07-07 14:05:44.071,OnTrack,4245,13014,2044,pos,0 days 00:02:31.530000,0 days 01:00:47.042000
2024-07-07 14:05:44.232,OnTrack,4375,13031,2045,pos,0 days 00:02:31.691000,0 days 01:00:47.203000
2024-07-07 14:05:44.472,OnTrack,4570,13057,2046,pos,0 days 00:02:31.931000,0 days 01:00:47.443000
2024-07-07 14:05:44.671,OnTrack,4732,13078,2047,pos,0 days 00:02:32.130000,0 days 01:00:47.642000
2024-07-07 14:05:44.911,OnTrack,4926,13098,2048,pos,0 days 00:02:32.370000,0 days 01:00:47.882000
2024-07-07 14:05:45.171,OnTrack,5133,13113,2049,pos,0 days 00:02:32.630000,0 days 01:00:48.142000
2024-07-07 14:05:45.372,OnTrack,5353,13108,2050,pos,0 days 00:02:32.831000,0 days 01:00:48.343000
2024-07-07 14:05:45.632,OnTrack,5469,13091,2050,pos,0 days 00:02:33.091000,0 days 01:00:48.603000
2024-07-07 14:05:45.971,OnTrack,5800,12988,2052,pos,0 days 00:02:33.430000,0 days 01:00:48.942000
2024-07-07 14:05:46.432,OnTrack,6048,12841,2054,pos,0 days 00:02:33.891000,0 days 01:00:49.403000
2024-07-07 14:05:46.831,OnTrack,6225,12692,2055,pos,0 days 00:02:34.290000,0 days 01:00:49.802000
2024-07-07 14:05:47.032,OnTrack,6316,12591,2056,pos,0 days 00:02:34.491000,0 days 01:00:50.003000
2024-07-07 14:05:47.251,OnTrack,6461,12360,2057,pos,0 days 00:02:34.710000,0 days 01:00:50.222000
2024-07-07 14:05:47.591,OnTrack,6524,12225,2058,pos,0 days 00:02:35.050000,0 days 01:00:50.562000
2024-07-07 14:05:47.871,OnTrack,6600,12030,2059,pos,0 days 00:02:35.330000,0 days 01:00:50.842000
2024-07-07 14:05:48.091,OnTrack,6658,11845,2061,pos,0 days 00:02:35.550000,0 days 01:00:51.062000
2024-07-07 14:05:48.331,OnTrack,6698,11699,2061,pos,0 days 00:02:35.790000,0 days 01:00:51.302000
2024-07-07 14:05:48.711,OnTrack,6784,11343,2065,pos,0 days 00:02:36.170000,0 days 01:00:51.682000
2024-07-07 14:05:49.131,OnTrack,6854,10985,2067,pos,0 days 00:02:36.590000,0 days 01:00:52.102000
2024-07-07 14:05:49.371,OnTrack,6867,10908,2068,pos,0 days 00:02:36.830000,0 days 01:00:52.342000
2024-07-07 14:05:49.691,OnTrack,6903,10658,2070,pos,0 days 00:02:37.150000,0 days 01:00:52.662000
2024-07-07 14:05:49.871,OnTrack,6920,10517,2071,pos,0 days 00:02:37.330000,0 days 01:00:52.842000
2024-07-07 14:05:50.031,OnTrack,6934,10390,2072,pos,0 days 00:02:37.490000,0 days 01:00:53.002000
2024-07-07 14:05:50.251,OnTrack,6950,10214,2073,pos,0 days 00:02:37.710000,0 days 01:00:53.222000
2024-07-07 14:05:50.531,OnTrack,6972,9875,2074,pos,0 days 00:02:37.990000,0 days 01:00:53.502000
2024-07-07 14:05:50.931,OnTrack,6979,9664,2075,pos,0 days 00:02:38.390000,0 days 01:00:53.902000
2024-07-07 14:05:51.091,OnTrack,6982,9532,2075,pos,0 days 00:02:38.550000,0 days 01:00:54.062000
2024-07-07 14:05:51.391,OnTrack,6988,9293,2074,pos,0 days 00:02:38.850000,0 days 01:00:54.362000
2024-07-07 14:05:51.552,OnTrack,6993,9152,2074,pos,0 days 00:02:39.011000,0 days 01:00:54.523000
2024-07-07 14:05:51.711,OnTrack,6999,9037,2073,pos,0 days 00:02:39.170000,0 days 01:00:54.682000
2024-07-07 14:05:51.951,OnTrack,7017,8844,2072,pos,0 days 00:02:39.410000,0 days 01:00:54.922000
2024-07-07 14:05:52.192,OnTrack,7044,8653,2071,pos,0 days 00:02:39.651000,0 days 01:00:55.163000
2024-07-07 14:05:52.452,OnTrack,7086,8439,2070,pos,0 days 00:02:39.911000,0 days 01:00:55.423000
2024-07-07 14:05:52.612,OnTrack,7119,8299,2069,pos,0 days 00:02:40.071000,0 days 01:00:55.583000
2024-07-07 14:05:52.791,OnTrack,7159,8153,2067,pos,0 days 00:02:40.250000,0 days 01:00:55.762000
2024-07-07 14:05:52.972,OnTrack,7203,8008,2066,pos,0 days 00:02:40.431000,0 days 01:00:55.943000
2024-07-07 14:05:53.272,OnTrack,7287,7771,2063,pos,0 days 00:02:40.731000,0 days 01:00:56.243000
2024-07-07 14:05:53.452,OnTrack,7362,7584,2060,pos,0 days 00:02:40.911000,0 days 01:00:56.423000
2024-07-07 14:05:53.811,OnTrack,7447,7364,2059,pos,0 days 00:02:41.270000,0 days 01:00:56.782000
2024-07-07 14:05:53.930,OnTrack,7479,7269,2058,pos,0 days 00:02:41.389000,0 days 01:00:56.901000
2024-07-07 14:05:54.151,OnTrack,7515,7128,2058,pos,0 days 00:02:41.610000,0 days 01:00:57.122000
2024-07-07 14:05:54.490,OnTrack,7539,6876,2058,pos,0 days 00:02:41.949000,0 days 01:00:57.461000
2024-07-07 14:05:54.651,OnTrack,7521,6695,2058,pos,0 days 00:02:42.110000,0 days 01:00:57.622000
2024-07-07 14:05:54.971,OnTrack,7489,6519,2059,pos,0 days 00:02:42.430000,0 days 01:00:57.942000
2024-07-07 14:05:55.191,OnTrack,7451,6360,2060,pos,0 days 00:02:42.650000,0 days 01:00:58.162000
2024-07-07 14:05:55.371,OnTrack,7418,6230,2061,pos,0 days 00:02:42.830000,0 days 01:00:58.342000
2024-07-07 14:05:55.751,OnTrack,7355,5958,2062,pos,0 days 00:02:43.210000,0 days 01:00:58.722000
2024-07-07 14:05:55.951,OnTrack,7333,5819,2063,pos,0 days 00:02:43.410000,0 days 01:00:58.922000
2024-07-07 14:05:56.152,OnTrack,7319,5685,2063,pos,0 days 00:02:43.611000,0 days 01:00:59.123000
2024-07-07 14:05:56.251,OnTrack,7317,5620,2063,pos,0 days 00:02:43.710000,0 days 01:00:59.222000
2024-07-07 14:05:56.551,OnTrack,7348,5358,2062,pos,0 days 00:02:44.010000,0 days 01:00:59.522000
2024-07-07 14:05:56.891,OnTrack,7391,5229,2061,pos,0 days 00:02:44.350000,0 days 01:00:59.862000
2024-07-07 14:05:57.012,OnTrack,7421,5160,2060,pos,0 days 00:02:44.471000,0 days 01:00:59.983000
2024-07-07 14:05:57.272,OnTrack,7496,5019,2058,pos,0 days 00:02:44.731000,0 days 01:01:00.243000
2024-07-07 14:05:57.572,OnTrack,7591,4862,2055,pos,0 days 00:02:45.031000,0 days 01:01:00.543000
2024-07-07 14:05:57.792,OnTrack,7656,4750,2054,pos,0 days 00:02:45.251000,0 days 01:01:00.763000
2024-07-07 14:05:57.991,OnTrack,7706,4650,2052,pos,0 days 00:02:45.450000,0 days 01:01:00.962000
2024-07-07 14:05:58.092,OnTrack,7727,4600,2052,pos,0 days 00:02:45.551000,0 days 01:01:01.063000
2024-07-07 14:05:58.312,OnTrack,7764,4488,2050,pos,0 days 00:02:45.771000,0 days 01:01:01.283000
2024-07-07 14:05:58.491,OnTrack,7782,4397,2049,pos,0 days 00:02:45.950000,0 days 01:01:01.462000
2024-07-07 14:05:58.652,OnTrack,7790,4316,2048,pos,0 days 00:02:46.111000,0 days 01:01:01.623000
2024-07-07 14:05:58.892,OnTrack,7782,4193,2045,pos,0 days 00:02:46.351000,0 days 01:01:01.863000
2024-07-07 14:05:59.111,OnTrack,7760,4080,2044,pos,0 days 00:02:46.570000,0 days 01:01:02.082000
2024-07-07 14:05:59.292,OnTrack,7732,3990,2042,pos,0 days 00:02:46.751000,0 days 01:01:02.263000
2024-07-07 14:05:59.552,OnTrack,7676,3861,2040,pos,0 days 00:02:47.011000,0 days 01:01:02.523000
2024-07-07 14:05:59.752,OnTrack,7578,3699,2039,pos,0 days 00:02:47.211000,0 days 01:01:02.723000
2024-07-07 14:06:00.171,OnTrack,7473,3578,2037,pos,0 days 00:02:47.630000,0 days 01:01:03.142000
2024-07-07 14:06:00.351,OnTrack,7392,3509,2036,pos,0 days 00:02:47.810000,0 days 01:01:03.322000
2024-07-07 14:06:00.631,OnTrack,7192,3386,2033,pos,0 days 00:02:48.090000,0 days 01:01:03.602000
2024-07-07 14:06:00.931,OnTrack,7079,3328,2031,pos,0 days 00:02:48.390000,0 days 01:01:03.902000
2024-07-07 14:06:01.131,OnTrack,6968,3267,2030,pos,0 days 00:02:48.590000,0 days 01:01:04.102000
2024-07-07 14:06:01.391,OnTrack,6831,3171,2029,pos,0 days 00:02:48.850000,0 days 01:01:04.362000
2024-07-07 14:06:01.691,OnTrack,6684,3033,2028,pos,0 days 00:02:49.150000,0 days 01:01:04.662000
2024-07-07 14:06:01.852,OnTrack,6609,2954,2028,pos,0 days 00:02:49.311000,0 days 01:01:04.823000
2024-07-07 14:06:02.051,OnTrack,6517,2852,2028,pos,0 days 00:02:49.510000,0 days 01:01:05.022000
2024-07-07 14:06:02.311,OnTrack,6358,2645,2027,pos,0 days 00:02:49.770000,0 days 01:01:05.282000
2024-07-07 14:06:02.651,OnTrack,6220,2424,2026,pos,0 days 00:02:50.110000,0 days 01:01:05.622000
2024-07-07 14:06:02.931,OnTrack,6156,2308,2026,pos,0 days 00:02:50.390000,0 days 01:01:05.902000
2024-07-07 14:06:03.252,OnTrack,6045,2095,2025,pos,0 days 00:02:50.711000,0 days 01:01:06.223000
2024-07-07 14:06:03.431,OnTrack,5984,1972,2025,pos,0 days 00:02:50.890000,0 days 01:01:06.402000
2024-07-07 14:06:03.691,OnTrack,5896,1791,2024,pos,0 days 00:02:51.150000,0 days 01:01:06.662000
2024-07-07 14:06:03.911,OnTrack,5821,1636,2023,pos,0 days 00:02:51.370000,0 days 01:01:06.882000
2024-07-07 14:06:04.072,OnTrack,5732,1450,2022,pos,0 days 00:02:51.531000,0 days 01:01:07.043000
2024-07-07 14:06:04.411,OnTrack,5648,1277,2021,pos,0 days 00:02:51.870000,0 days 01:01:07.382000
2024-07-07 14:06:04.612,OnTrack,5578,1130,2020,pos,0 days 00:02:52.071000,0 days 01:01:07.583000
2024-07-07 14:06:04.971,OnTrack,5444,849,2019,pos,0 days 00:02:52.430000,0 days 01:01:07.942000
2024-07-07 14:06:05.291,OnTrack,5332,614,2017,pos,0 days 00:02:52.750000,0 days 01:01:08.262000
2024-07-07 14:06:05.492,OnTrack,5262,470,2016,pos,0 days 00:02:52.951000,0 days 01:01:08.463000
2024-07-07 14:06:05.651,OnTrack,5199,340,2015,pos,0 days 00:02:53.110000,0 days 01:01:08.622000
2024-07-07 14:06:05.911,OnTrack,5101,138,2013,pos,0 days 00:02:53.370000,0 days 01:01:08.882000
2024-07-07 14:06:06.151,OnTrack,5011,-48,2012,pos,0 days 00:02:53.610000,0 days 01:01:09.122000
2024-07-07 14:06:06.352,OnTrack,4939,-197,2011,pos,0 days 00:02:53.811000,0 days 01:01:09.323000
2024-07-07 14:06:06.552,OnTrack,4832,-420,2009,pos,0 days 00:02:54.011000,0 days 01:01:09.523000
2024-07-07 14:06:06.931,OnTrack,4713,-667,2008,pos,0 days 00:02:54.390000,0 days 01:01:09.902000
2024-07-07 14:06:07.111,OnTrack,4645,-809,2007,pos,0 days 00:02:54.570000,0 days 01:01:10.082000
2024-07-07 14:06:07.411,OnTrack,4481,-1147,2005,pos,0 days 00:02:54.870000,0 days 01:01:10.382000
2024-07-07 14:06:07.751,OnTrack,4394,-1325,2002,pos,0 days 00:02:55.210000,0 days 01:01:10.722000
2024-07-07 14:06:07.911,OnTrack,4330,-1454,2001,pos,0 days 00:02:55.370000,0 days 01:01:10.882000
2024-07-07 14:06:08.071,OnTrack,4266,-1584,1999,pos,0 days 00:02:55.530000,0 days 01:01:11.042000
2024-07-07 14:06:08.351,OnTrack,4153,-1811,1996,pos,0 days 00:02:55.810000,0 days 01:01:11.322000
2024-07-07 14:06:08.531,OnTrack,4080,-1957,1995,pos,0 days 00:02:55.990000,0 days 01:01:11.502000
2024-07-07 14:06:08.811,OnTrack,3963,-2185,1994,pos,0 days 00:02:56.270000,0 days 01:01:11.782000
2024-07-07 14:06:08.991,OnTrack,3890,-2327,1994,pos,0 days 00:02:56.450000,0 days 01:01:11.962000
2024-07-07 14:06:09.271,OnTrack,3738,-2617,1995,pos,0 days 00:02:56.730000,0 days 01:01:12.242000
2024-07-07 14:06:09.571,OnTrack,3644,-2794,1997,pos,0 days 00:02:57.030000,0 days 01:01:12.542000
2024-07-07 14:06:09.792,OnTrack,3546,-2971,2000,pos,0 days 00:02:57.251000,0 days 01:01:12.763000
2024-07-07 14:06:09.971,OnTrack,3466,-3113,2003,pos,0 days 00:02:57.430000,0 days 01:01:12.942000
2024-07-07 14:06:10.292,OnTrack,3270,-3431,2010,pos,0 days 00:02:57.751000,0 days 01:01:13.263000
2024-07-07 14:06:10.731,OnTrack,3126,-3624,2015,pos,0 days 00:02:58.190000,0 days 01:01:13.702000
2024-07-07 14:06:10.932,OnTrack,2998,-3769,2018,pos,0 days 00:02:58.391000,0 days 01:01:13.903000
2024-07-07 14:06:11.291,OnTrack,2866,-3887,2021,pos,0 days 00:02:58.750000,0 days 01:01:14.262000
2024-07-07 14:06:11.492,OnTrack,2703,-3992,2024,pos,0 days 00:02:58.951000,0 days 01:01:14.463000
2024-07-07 14:06:11.911,OnTrack,2544,-4063,2026,pos,0 days 00:02:59.370000,0 days 01:01:14.882000
2024-07-07 14:06:12.151,OnTrack,2434,-4095,2029,pos,0 days 00:02:59.610000,0 days 01:01:15.122000
2024-07-07 14:06:12.252,OnTrack,2380,-4105,2029,pos,0 days 00:02:59.711000,0 days 01:01:15.223000
2024-07-07 14:06:12.411,OnTrack,2295,-4115,2030,pos,0 days 00:02:59.870000,0 days 01:01:15.382000
2024-07-07 14:06:12.752,OnTrack,2072,-4100,2032,pos,0 days 00:03:00.211000,0 days 01:01:15.723000
2024-07-07 14:06:13.152,OnTrack,1907,-4053,2033,pos,0 days 00:03:00.611000,0 days 01:01:16.123000
2024-07-07 14:06:13.312,OnTrack,1826,-4018,2033,pos,0 days 00:03:00.771000,0 days 01:01:16.283000
2024-07-07 14:06:13.452,OnTrack,1758,-3982,2033,pos,0 days 00:03:00.911000,0 days 01:01:16.423000
2024-07-07 14:06:13.810,OnTrack,1590,-3861,2032,pos,0 days 00:03:01.269000,0 days 01:01:16.781000
2024-07-07 14:06:14.031,OnTrack,1463,-3734,2030,pos,0 days 00:03:01.490000,0 days 01:01:17.002000
2024-07-07 14:06:14.291,OnTrack,1393,-3649,2029,pos,0 days 00:03:01.750000,0 days 01:01:17.262000
2024-07-07 14:06:14.630,OnTrack,1237,-3407,2024,pos,0 days 00:03:02.089000,0 days 01:01:17.601000
2024-07-07 14:06:14.871,OnTrack,1200,-3339,2023,pos,0 days 00:03:02.330000,0 days 01:01:17.842000
2024-07-07 14:06:15.211,OnTrack,1058,-3072,2013,pos,0 days 00:03:02.670000,0 days 01:01:18.182000
2024-07-07 14:06:15.511,OnTrack,997,-2966,2009,pos,0 days 00:03:02.970000,0 days 01:01:18.482000
2024-07-07 14:06:15.791,OnTrack,893,-2804,2001,pos,0 days 00:03:03.250000,0 days 01:01:18.762000
2024-07-07 14:06:15.991,OnTrack,812,-2690,1996,pos,0 days 00:03:03.450000,0 days 01:01:18.962000
2024-07-07 14:06:16.171,OnTrack,677,-2506,1988,pos,0 days 00:03:03.630000,0 days 01:01:19.142000
2024-07-07 14:06:16.612,OnTrack,549,-2334,1985,pos,0 days 00:03:04.071000,0 days 01:01:19.583000
2024-07-07 14:06:16.892,OnTrack,402,-2137,1984,pos,0 days 00:03:04.351000,0 days 01:01:19.863000
2024-07-07 14:06:17.071,OnTrack,323,-2032,1985,pos,0 days 00:03:04.530000,0 days 01:01:20.042000
2024-07-07 14:06:17.291,OnTrack,223,-1905,1986,pos,0 days 00:03:04.750000,0 days 01:01:20.262000
2024-07-07 14:06:17.452,OnTrack,154,-1820,1986,pos,0 days 00:03:04.911000,0 days 01:01:20.423000
2024-07-07 14:06:17.692,OnTrack,-7,-1632,1986,pos,0 days 00:03:05.151000,0 days 01:01:20.663000
2024-07-07 14:06:17.972,OnTrack,-86,-1542,1986,pos,0 days 00:03:05.431000,0 days 01:01:20.943000
2024-07-07 14:06:18.212,OnTrack,-176,-1441,1984,pos,0 days 00:03:05.671000,0 days 01:01:21.183000
2024-07-07 14:06:18.452,OnTrack,-271,-1335,1982,pos,0 days 00:03:05.911000,0 days 01:01:21.423000
2024-07-07 14:06:18.671,OnTrack,-379,-1213,1980,pos,0 days 00:03:06.130000,0 days 01:01:21.642000
2024-07-07 14:06:19.072,OnTrack,-500,-1087,1978,pos,0 days 00:03:06.531000,0 days 01:01:22.043000
2024-07-07 14:06:19.552,OnTrack,-633,-986,1976,pos,0 days 00:03:07.011000,0 days 01:01:22.523000
2024-07-07 14:06:19.852,OnTrack,-673,-965,1975,pos,0 days 00:03:07.311000,0 days 01:01:22.823000
2024-07-07 14:06:20.070,OnTrack,-734,-938,1975,pos,0 days 00:03:07.529000,0 days 01:01:23.041000
2024-07-07 14:06:20.330,OnTrack,-801,-920,1976,pos,0 days 00:03:07.789000,0 days 01:01:23.301000
2024-07-07 14:06:20.511,OnTrack,-848,-915,1976,pos,0 days 00:03:07.970000,0 days 01:01:23.482000
2024-07-07 14:06:20.791,OnTrack,-944,-915,1976,pos,0 days 00:03:08.250000,0 days 01:01:23.762000
2024-07-07 14:06:21.051,OnTrack,-988,-922,1977,pos,0 days 00:03:08.510000,0 days 01:01:24.022000
2024-07-07 14:06:21.371,OnTrack,-1064,-949,1978,pos,0 days 00:03:08.830000,0 days 01:01:24.342000
2024-07-07 14:06:21.611,OnTrack,-1120,-981,1979,pos,0 days 00:03:09.070000,0 days 01:01:24.582000
2024-07-07 14:06:21.771,OnTrack,-1179,-1025,1980,pos,0 days 00:03:09.230000,0 days 01:01:24.742000
2024-07-07 14:06:22.191,OnTrack,-1256,-1084,1981,pos,0 days 00:03:09.650000,0 days 01:01:25.162000
2024-07-07 14:06:22.351,OnTrack,-1296,-1112,1981,pos,0 days 00:03:09.810000,0 days 01:01:25.322000
2024-07-07 14:06:22.552,OnTrack,-1351,-1142,1981,pos,0 days 00:03:10.011000,0 days 01:01:25.523000
2024-07-07 14:06:22.711,OnTrack,-1397,-1159,1981,pos,0 days 00:03:10.170000,0 days 01:01:25.682000
2024-07-07 14:06:22.951,OnTrack,-1469,-1172,1981,pos,0 days 00:03:10.410000,0 days 01:01:25.922000
2024-07-07 14:06:23.151,OnTrack,-1528,-1170,1981,pos,0 days 00:03:10.610000,0 days 01:01:26.122000
2024-07-07 14:06:23.412,OnTrack,-1614,-1151,1980,pos,0 days 00:03:10.871000,0 days 01:01:26.383000
2024-07-07 14:06:23.672,OnTrack,-1696,-1123,1979,pos,0 days 00:03:11.131000,0 days 01:01:26.643000
2024-07-07 14:06:23.851,OnTrack,-1794,-1075,1978,pos,0 days 00:03:11.310000,0 days 01:01:26.822000
2024-07-07 14:06:24.192,OnTrack,-1854,-1034,1977,pos,0 days 00:03:11.651000,0 days 01:01:27.163000
2024-07-07 14:06:24.411,OnTrack,-1917,-978,1976,pos,0 days 00:03:11.870000,0 days 01:01:27.382000
2024-07-07 14:06:24.631,OnTrack,-2016,-862,1975,pos,0 days 00:03:12.090000,0 days 01:01:27.602000
2024-07-07 14:06:24.992,OnTrack,-2079,-783,1975,pos,0 days 00:03:12.451000,0 days 01:01:27.963000
2024-07-07 14:06:25.191,OnTrack,-2133,-706,1974,pos,0 days 00:03:12.650000,0 days 01:01:28.162000
2024-07-07 14:06:25.392,OnTrack,-2203,-575,1974,pos,0 days 00:03:12.851000,0 days 01:01:28.363000
2024-07-07 14:06:25.751,OnTrack,-2265,-398,1972,pos,0 days 00:03:13.210000,0 days 01:01:28.722000
2024-07-07 14:06:25.952,OnTrack,-2302,-214,1970,pos,0 days 00:03:13.411000,0 days 01:01:28.923000
2024-07-07 14:06:26.372,OnTrack,-2315,-5,1967,pos,0 days 00:03:13.831000,0 days 01:01:29.343000
2024-07-07 14:06:26.611,OnTrack,-2310,89,1966,pos,0 days 00:03:14.070000,0 days 01:01:29.582000
2024-07-07 14:06:26.891,OnTrack,-2287,259,1965,pos,0 days 00:03:14.350000,0 days 01:01:29.862000
2024-07-07 14:06:27.071,OnTrack,-2261,366,1964,pos,0 days 00:03:14.530000,0 days 01:01:30.042000
2024-07-07 14:06:27.351,OnTrack,-2170,593,1962,pos,0 days 00:03:14.810000,0 days 01:01:30.322000
2024-07-07 14:06:27.811,OnTrack,-2019,847,1962,pos,0 days 00:03:15.270000,0 days 01:01:30.782000
2024-07-07 14:06:28.131,OnTrack,-1924,980,1962,pos,0 days 00:03:15.590000,0 days 01:01:31.102000
2024-07-07 14:06:28.391,OnTrack,-1825,1116,1963,pos,0 days 00:03:15.850000,0 days 01:01:31.362000
2024-07-07 14:06:28.571,OnTrack,-1751,1218,1963,pos,0 days 00:03:16.030000,0 days 01:01:31.542000
2024-07-07 14:06:28.851,OnTrack,-1576,1443,1965,pos,0 days 00:03:16.310000,0 days 01:01:31.822000
2024-07-07 14:06:29.291,OnTrack,-1431,1625,1966,pos,0 days 00:03:16.750000,0 days 01:01:32.262000
2024-07-07 14:06:29.451,OnTrack,-1306,1790,1968,pos,0 days 00:03:16.910000,0 days 01:01:32.422000
2024-07-07 14:06:29.831,OnTrack,-1191,1948,1970,pos,0 days 00:03:17.290000,0 days 01:01:32.802000
2024-07-07 14:06:29.991,OnTrack,-1120,2046,1971,pos,0 days 00:03:17.450000,0 days 01:01:32.962000
2024-07-07 14:06:30.251,OnTrack,-1004,2206,1974,pos,0 days 00:03:17.710000,0 days 01:01:33.222000
2024-07-07 14:06:30.452,OnTrack,-914,2329,1976,pos,0 days 00:03:17.911000,0 days 01:01:33.423000
2024-07-07 14:06:30.712,OnTrack,-777,2517,1979,pos,0 days 00:03:18.171000,0 days 01:01:33.683000
2024-07-07 14:06:30.951,OnTrack,-686,2644,1981,pos,0 days 00:03:18.410000,0 days 01:01:33.922000
2024-07-07 14:06:31.292,OnTrack,-469,2958,1986,pos,0 days 00:03:18.751000,0 days 01:01:34.263000
2024-07-07 14:06:31.691,OnTrack,-353,3132,1989,pos,0 days 00:03:19.150000,0 days 01:01:34.662000
2024-07-07 14:06:31.932,OnTrack,-245,3294,1992,pos,0 days 00:03:19.391000,0 days 01:01:34.903000
2024-07-07 14:06:32.132,OnTrack,-111,3489,1995,pos,0 days 00:03:19.591000,0 days 01:01:35.103000
2024-07-07 14:06:32.551,OnTrack,68,3733,2000,pos,0 days 00:03:20.010000,0 days 01:01:35.522000
2024-07-07 14:06:32.831,OnTrack,192,3888,2004,pos,0 days 00:03:20.290000,0 days 01:01:35.802000
2024-07-07 14:06:33.152,OnTrack,384,4102,2009,pos,0 days 00:03:20.611000,0 days 01:01:36.123000
2024-07-07 14:06:33.311,OnTrack,479,4190,2011,pos,0 days 00:03:20.770000,0 days 01:01:36.282000
2024-07-07 14:06:33.471,OnTrack,579,4271,2011,pos,0 days 00:03:20.930000,0 days 01:01:36.442000
2024-07-07 14:06:33.711,OnTrack,741,4371,2013,pos,0 days 00:03:21.170000,0 days 01:01:36.682000
2024-07-07 14:06:33.891,OnTrack,870,4429,2014,pos,0 days 00:03:21.350000,0 days 01:01:36.862000
2024-07-07 14:06:34.111,OnTrack,1038,4479,2015,pos,0 days 00:03:21.570000,0 days 01:01:37.082000
2024-07-07 14:06:34.411,OnTrack,1369,4519,2018,pos,0 days 00:03:21.870000,0 days 01:01:37.382000
2024-07-07 14:06:34.791,OnTrack,1576,4519,2020,pos,0 days 00:03:22.250000,0 days 01:01:37.762000
2024-07-07 14:06:34.911,OnTrack,1670,4514,2022,pos,0 days 00:03:22.370000,0 days 01:01:37.882000
2024-07-07 14:06:35.111,OnTrack,1827,4499,2024,pos,0 days 00:03:22.570000,0 days 01:01:38.082000
2024-07-07 14:06:35.411,OnTrack,2061,4466,2026,pos,0 days 00:03:22.870000,0 days 01:01:38.382000
2024-07-07 14:06:35.591,OnTrack,2201,4450,2027,pos,0 days 00:03:23.050000,0 days 01:01:38.562000
2024-07-07 14:06:35.811,OnTrack,2374,4440,2029,pos,0 days 00:03:23.270000,0 days 01:01:38.782000
2024-07-07 14:06:36.011,OnTrack,2532,4440,2031,pos,0 days 00:03:23.470000,0 days 01:01:38.982000
2024-07-07 14:06:36.251,OnTrack,2796,4466,2035,pos,0 days 00:03:23.710000,0 days 01:01:39.222000
2024-07-07 14:06:36.631,OnTrack,3007,4522,2038,pos,0 days 00:03:24.090000,0 days 01:01:39.602000
2024-07-07 14:06:36.791,OnTrack,3124,4565,2040,pos,0 days 00:03:24.250000,0 days 01:01:39.762000
2024-07-07 14:06:37.071,OnTrack,3320,4664,2043,pos,0 days 00:03:24.530000,0 days 01:01:40.042000
2024-07-07 14:06:37.312,OnTrack,3552,4827,2047,pos,0 days 00:03:24.771000,0 days 01:01:40.283000
2024-07-07 14:06:37.631,OnTrack,3671,4929,2049,pos,0 days 00:03:25.090000,0 days 01:01:40.602000
2024-07-07 14:06:37.911,OnTrack,3894,5150,2050,pos,0 days 00:03:25.370000,0 days 01:01:40.882000
2024-07-07 14:06:38.152,OnTrack,3958,5215,2050,pos,0 days 00:03:25.611000,0 days 01:01:41.123000
2024-07-07 14:06:38.471,OnTrack,4159,5408,2052,pos,0 days 00:03:25.930000,0 days 01:01:41.442000
2024-07-07 14:06:38.791,OnTrack,4271,5510,2053,pos,0 days 00:03:26.250000,0 days 01:01:41.762000
2024-07-07 14:06:39.091,OnTrack,4436,5653,2054,pos,0 days 00:03:26.550000,0 days 01:01:42.062000
2024-07-07 14:06:39.472,OnTrack,4577,5767,2055,pos,0 days 00:03:26.931000,0 days 01:01:42.443000
2024-07-07 14:06:39.792,OnTrack,4653,5822,2055,pos,0 days 00:03:27.251000,0 days 01:01:42.763000
2024-07-07 14:06:40.051,OnTrack,4739,5868,2055,pos,0 days 00:03:27.510000,0 days 01:01:43.022000
2024-07-07 14:06:40.371,OnTrack,4891,5901,2054,pos,0 days 00:03:27.830000,0 days 01:01:43.342000
2024-07-07 14:06:40.691,OnTrack,4959,5899,2053,pos,0 days 00:03:28.150000,0 days 01:01:43.662000
2024-07-07 14:06:40.891,OnTrack,5023,5889,2053,pos,0 days 00:03:28.350000,0 days 01:01:43.862000
2024-07-07 14:06:41.171,OnTrack,5129,5848,2055,pos,0 days 00:03:28.630000,0 days 01:01:44.142000
2024-07-07 14:06:41.491,OnTrack,5214,5787,2056,pos,0 days 00:03:28.950000,0 days 01:01:44.462000
2024-07-07 14:06:41.951,OnTrack,5275,5721,2058,pos,0 days 00:03:29.410000,0 days 01:01:44.922000
2024-07-07 14:06:42.031,OnTrack,5287,5703,2058,pos,0 days 00:03:29.490000,0 days 01:01:45.002000
2024-07-07 14:06:42.391,OnTrack,5333,5610,2059,pos,0 days 00:03:29.850000,0 days 01:01:45.362000
2024-07-07 14:06:42.611,OnTrack,5362,5512,2060,pos,0 days 00:03:30.070000,0 days 01:01:45.582000
2024-07-07 14:06:42.931,OnTrack,5374,5451,2060,pos,0 days 00:03:30.390000,0 days 01:01:45.902000
2024-07-07 14:06:43.191,OnTrack,5384,5371,2061,pos,0 days 00:03:30.650000,0 days 01:01:46.162000
2024-07-07 14:06:43.371,OnTrack,5394,5260,2063,pos,0 days 00:03:30.830000,0 days 01:01:46.342000
2024-07-07 14:06:43.671,OnTrack,5399,5207,2064,pos,0 days 00:03:31.130000,0 days 01:01:46.642000
2024-07-07 14:06:43.931,OnTrack,5412,5127,2065,pos,0 days 00:03:31.390000,0 days 01:01:46.902000
2024-07-07 14:06:44.072,OnTrack,5424,5080,2065,pos,0 days 00:03:31.531000,0 days 01:01:47.043000
2024-07-07 14:06:44.432,OnTrack,5475,4956,2066,pos,0 days 00:03:31.891000,0 days 01:01:47.403000
2024-07-07 14:06:44.712,OnTrack,5511,4902,2066,pos,0 days 00:03:32.171000,0 days 01:01:47.683000
2024-07-07 14:06:45.031,OnTrack,5570,4835,2065,pos,0 days 00:03:32.490000,0 days 01:01:48.002000
2024-07-07 14:06:45.111,OnTrack,5586,4821,2065,pos,0 days 00:03:32.570000,0 days 01:01:48.082000
2024-07-07 14:06:45.472,OnTrack,5662,4765,2064,pos,0 days 00:03:32.931000,0 days 01:01:48.443000
2024-07-07 14:06:45.732,OnTrack,5726,4737,2065,pos,0 days 00:03:33.191000,0 days 01:01:48.703000
2024-07-07 14:06:45.992,OnTrack,5777,4730,2065,pos,0 days 00:03:33.451000,0 days 01:01:48.963000
2024-07-07 14:06:46.212,OnTrack,5824,4737,2064,pos,0 days 00:03:33.671000,0 days 01:01:49.183000
2024-07-07 14:06:46.531,OnTrack,5907,4783,2063,pos,0 days 00:03:33.990000,0 days 01:01:49.502000
2024-07-07 14:06:46.851,OnTrack,5976,4846,2064,pos,0 days 00:03:34.310000,0 days 01:01:49.822000
2024-07-07 14:06:47.251,OnTrack,6019,4897,2064,pos,0 days 00:03:34.710000,0 days 01:01:50.222000
2024-07-07 14:06:47.550,OnTrack,6066,4961,2065,pos,0 days 00:03:35.009000,0 days 01:01:50.521000
2024-07-07 14:06:47.751,OnTrack,6112,5037,2065,pos,0 days 00:03:35.210000,0 days 01:01:50.722000
2024-07-07 14:06:48.011,OnTrack,6137,5085,2065,pos,0 days 00:03:35.470000,0 days 01:01:50.982000
2024-07-07 14:06:48.191,OnTrack,6161,5138,2065,pos,0 days 00:03:35.650000,0 days 01:01:51.162000
2024-07-07 14:06:48.531,OnTrack,6206,5253,2065,pos,0 days 00:03:35.990000,0 days 01:01:51.502000
2024-07-07 14:06:48.731,OnTrack,6243,5372,2065,pos,0 days 00:03:36.190000,0 days 01:01:51.702000
2024-07-07 14:06:49.212,OnTrack,6285,5533,2065,pos,0 days 00:03:36.671000,0 days 01:01:52.183000
2024-07-07 14:06:49.271,OnTrack,6291,5561,2065,pos,0 days 00:03:36.730000,0 days 01:01:52.242000
2024-07-07 14:06:49.611,OnTrack,6329,5809,2064,pos,0 days 00:03:37.070000,0 days 01:01:52.582000
2024-07-07 14:06:49.851,OnTrack,6332,5900,2064,pos,0 days 00:03:37.310000,0 days 01:01:52.822000
2024-07-07 14:06:50.131,OnTrack,6326,6049,2064,pos,0 days 00:03:37.590000,0 days 01:01:53.102000
2024-07-07 14:06:50.411,OnTrack,6306,6202,2063,pos,0 days 00:03:37.870000,0 days 01:01:53.382000
2024-07-07 14:06:50.572,OnTrack,6286,6299,2063,pos,0 days 00:03:38.031000,0 days 01:01:53.543000
2024-07-07 14:06:50.771,OnTrack,6253,6413,2063,pos,0 days 00:03:38.230000,0 days 01:01:53.742000
2024-07-07 14:06:50.991,OnTrack,6204,6538,2062,pos,0 days 00:03:38.450000,0 days 01:01:53.962000
2024-07-07 14:06:51.192,OnTrack,6148,6650,2063,pos,0 days 00:03:38.651000,0 days 01:01:54.163000
2024-07-07 14:06:51.311,OnTrack,6110,6716,2063,pos,0 days 00:03:38.770000,0 days 01:01:54.282000
2024-07-07 14:06:51.512,OnTrack,6040,6823,2064,pos,0 days 00:03:38.971000,0 days 01:01:54.483000
2024-07-07 14:06:51.851,OnTrack,5846,7053,2064,pos,0 days 00:03:39.310000,0 days 01:01:54.822000
2024-07-07 14:06:52.151,OnTrack,5758,7135,2064,pos,0 days 00:03:39.610000,0 days 01:01:55.122000
2024-07-07 14:06:52.312,OnTrack,5675,7206,2064,pos,0 days 00:03:39.771000,0 days 01:01:55.283000
2024-07-07 14:06:52.592,OnTrack,5523,7328,2064,pos,0 days 00:03:40.051000,0 days 01:01:55.563000
2024-07-07 14:06:52.872,OnTrack,5287,7509,2064,pos,0 days 00:03:40.331000,0 days 01:01:55.843000
2024-07-07 14:06:53.250,OnTrack,5083,7674,2064,pos,0 days 00:03:40.709000,0 days 01:01:56.221000
2024-07-07 14:06:53.671,OnTrack,4906,7822,2064,pos,0 days 00:03:41.130000,0 days 01:01:56.642000
2024-07-07 14:06:53.871,OnTrack,4791,7920,2064,pos,0 days 00:03:41.330000,0 days 01:01:56.842000
2024-07-07 14:06:54.071,OnTrack,4675,8020,2065,pos,0 days 00:03:41.530000,0 days 01:01:57.042000
2024-07-07 14:06:54.271,OnTrack,4557,8121,2065,pos,0 days 00:03:41.730000,0 days 01:01:57.242000
2024-07-07 14:06:54.471,OnTrack,4445,8217,2064,pos,0 days 00:03:41.930000,0 days 01:01:57.442000
2024-07-07 14:06:54.731,OnTrack,4210,8418,2064,pos,0 days 00:03:42.190000,0 days 01:01:57.702000
2024-07-07 14:06:55.091,OnTrack,4064,8543,2064,pos,0 days 00:03:42.550000,0 days 01:01:58.062000
2024-07-07 14:06:55.251,OnTrack,3966,8628,2063,pos,0 days 00:03:42.710000,0 days 01:01:58.222000
2024-07-07 14:06:55.411,OnTrack,3868,8712,2063,pos,0 days 00:03:42.870000,0 days 01:01:58.382000
2024-07-07 14:06:55.591,OnTrack,3758,8809,2063,pos,0 days 00:03:43.050000,0 days 01:01:58.562000
2024-07-07 14:06:55.831,OnTrack,3609,8940,2063,pos,0 days 00:03:43.290000,0 days 01:01:58.802000
2024-07-07 14:06:56.131,OnTrack,3386,9137,2063,pos,0 days 00:03:43.590000,0 days 01:01:59.102000
2024-07-07 14:06:56.511,OnTrack,3185,9312,2063,pos,0 days 00:03:43.970000,0 days 01:01:59.482000
2024-07-07 14:06:56.671,OnTrack,3084,9401,2063,pos,0 days 00:03:44.130000,0 days 01:01:59.642000
2024-07-07 14:06:56.971,OnTrack,2843,9611,2061,pos,0 days 00:03:44.430000,0 days 01:01:59.942000
2024-07-07 14:06:57.351,OnTrack,2652,9777,2059,pos,0 days 00:03:44.810000,0 days 01:02:00.322000
2024-07-07 14:06:57.511,OnTrack,2550,9866,2058,pos,0 days 00:03:44.970000,0 days 01:02:00.482000
2024-07-07 14:06:57.712,OnTrack,2422,9978,2056,pos,0 days 00:03:45.171000,0 days 01:02:00.683000
2024-07-07 14:06:57.891,OnTrack,2292,10094,2054,pos,0 days 00:03:45.350000,0 days 01:02:00.862000
2024-07-07 14:06:58.171,OnTrack,2118,10250,2051,pos,0 days 00:03:45.630000,0 days 01:02:01.142000
2024-07-07 14:06:58.371,OnTrack,1998,10357,2050,pos,0 days 00:03:45.830000,0 days 01:02:01.342000
2024-07-07 14:06:58.431,OnTrack,1954,10396,2049,pos,0 days 00:03:45.890000,0 days 01:02:01.402000
2024-07-07 14:06:58.651,OnTrack,1825,10511,2047,pos,0 days 00:03:46.110000,0 days 01:02:01.622000
2024-07-07 14:06:59.012,OnTrack,1611,10684,2044,pos,0 days 00:03:46.471000,0 days 01:02:01.983000
2024-07-07 14:06:59.192,OnTrack,1520,10748,2042,pos,0 days 00:03:46.651000,0 days 01:02:02.163000
2024-07-07 14:06:59.392,OnTrack,1350,10844,2039,pos,0 days 00:03:46.851000,0 days 01:02:02.363000
2024-07-07 14:06:59.691,OnTrack,1247,10887,2038,pos,0 days 00:03:47.150000,0 days 01:02:02.662000
2024-07-07 14:06:59.971,OnTrack,1103,10931,2036,pos,0 days 00:03:47.430000,0 days 01:02:02.942000
2024-07-07 14:07:00.251,OnTrack,965,10948,2035,pos,0 days 00:03:47.710000,0 days 01:02:03.222000
2024-07-07 14:07:00.451,OnTrack,863,10949,2034,pos,0 days 00:03:47.910000,0 days 01:02:03.422000
2024-07-07 14:07:00.610,OnTrack,787,10946,2034,pos,0 days 00:03:48.069000,0 days 01:02:03.581000
2024-07-07 14:07:00.851,OnTrack,635,10916,2032,pos,0 days 00:03:48.310000,0 days 01:02:03.822000
2024-07-07 14:07:01.251,OnTrack,524,10867,2032,pos,0 days 00:03:48.710000,0 days 01:02:04.222000
2024-07-07 14:07:01.371,OnTrack,481,10842,2032,pos,0 days 00:03:48.830000,0 days 01:02:04.342000
2024-07-07 14:07:01.551,OnTrack,424,10798,2032,pos,0 days 00:03:49.010000,0 days 01:02:04.522000
2024-07-07 14:07:01.871,OnTrack,344,10704,2032,pos,0 days 00:03:49.330000,0 days 01:02:04.842000
2024-07-07 14:07:02.131,OnTrack,279,10593,2033,pos,0 days 00:03:49.590000,0 days 01:02:05.102000
2024-07-07 14:07:02.371,OnTrack,245,10519,2033,pos,0 days 00:03:49.830000,0 days 01:02:05.342000
2024-07-07 14:07:02.711,OnTrack,207,10386,2033,pos,0 days 00:03:50.170000,0 days 01:02:05.682000
2024-07-07 14:07:02.971,OnTrack,194,10273,2033,pos,0 days 00:03:50.430000,0 days 01:02:05.942000
2024-07-07 14:07:03.132,OnTrack,189,10175,2034,pos,0 days 00:03:50.591000,0 days 01:02:06.103000
2024-07-07 14:07:03.571,OnTrack,179,10000,2035,pos,0 days 00:03:51.030000,0 days 01:02:06.542000
2024-07-07 14:07:03.751,OnTrack,170,9917,2035,pos,0 days 00:03:51.210000,0 days 01:02:06.722000
2024-07-07 14:07:03.952,OnTrack,142,9798,2037,pos,0 days 00:03:51.411000,0 days 01:02:06.923000
2024-07-07 14:07:04.212,OnTrack,108,9724,2038,pos,0 days 00:03:51.671000,0 days 01:02:07.183000
2024-07-07 14:07:04.611,OnTrack,-13,9571,2039,pos,0 days 00:03:52.070000,0 days 01:02:07.582000
2024-07-07 14:07:05.012,OnTrack,-92,9513,2040,pos,0 days 00:03:52.471000,0 days 01:02:07.983000
2024-07-07 14:07:05.211,OnTrack,-194,9463,2041,pos,0 days 00:03:52.670000,0 days 01:02:08.182000
2024-07-07 14:07:05.552,OnTrack,-255,9447,2041,pos,0 days 00:03:53.011000,0 days 01:02:08.523000
2024-07-07 14:07:05.712,OnTrack,-304,9441,2041,pos,0 days 00:03:53.171000,0 days 01:02:08.683000
2024-07-07 14:07:06.011,OnTrack,-391,9447,2041,pos,0 days 00:03:53.470000,0 days 01:02:08.982000
2024-07-07 14:07:06.192,OnTrack,-440,9461,2040,pos,0 days 00:03:53.651000,0 days 01:02:09.163000
2024-07-07 14:07:06.431,OnTrack,-501,9491,2039,pos,0 days 00:03:53.890000,0 days 01:02:09.402000
2024-07-07 14:07:06.491,OnTrack,-515,9500,2039,pos,0 days 00:03:53.950000,0 days 01:02:09.462000
2024-07-07 14:07:06.771,OnTrack,-576,9547,2038,pos,0 days 00:03:54.230000,0 days 01:02:09.742000
2024-07-07 14:07:06.951,OnTrack,-611,9583,2037,pos,0 days 00:03:54.410000,0 days 01:02:09.922000
2024-07-07 14:07:07.251,OnTrack,-667,9656,2036,pos,0 days 00:03:54.710000,0 days 01:02:10.222000
2024-07-07 14:07:07.671,OnTrack,-731,9790,2033,pos,0 days 00:03:55.130000,0 days 01:02:10.642000
2024-07-07 14:07:08.071,OnTrack,-761,9896,2033,pos,0 days 00:03:55.530000,0 days 01:02:11.042000
2024-07-07 14:07:08.291,OnTrack,-776,10030,2032,pos,0 days 00:03:55.750000,0 days 01:02:11.262000
2024-07-07 14:07:08.711,OnTrack,-773,10145,2031,pos,0 days 00:03:56.170000,0 days 01:02:11.682000
2024-07-07 14:07:08.871,OnTrack,-761,10250,2031,pos,0 days 00:03:56.330000,0 days 01:02:11.842000
2024-07-07 14:07:09.151,OnTrack,-744,10340,2030,pos,0 days 00:03:56.610000,0 days 01:02:12.122000
2024-07-07 14:07:09.431,OnTrack,-707,10477,2028,pos,0 days 00:03:56.890000,0 days 01:02:12.402000
2024-07-07 14:07:09.611,OnTrack,-677,10564,2027,pos,0 days 00:03:57.070000,0 days 01:02:12.582000
2024-07-07 14:07:09.831,OnTrack,-635,10673,2026,pos,0 days 00:03:57.290000,0 days 01:02:12.802000
2024-07-07 14:07:10.131,OnTrack,-566,10824,2023,pos,0 days 00:03:57.590000,0 days 01:02:13.102000
2024-07-07 14:07:10.331,OnTrack,-515,10927,2023,pos,0 days 00:03:57.790000,0 days 01:02:13.302000
2024-07-07 14:07:10.532,OnTrack,-460,11031,2022,pos,0 days 00:03:57.991000,0 days 01:02:13.503000
2024-07-07 14:07:10.812,OnTrack,-381,11175,2021,pos,0 days 00:03:58.271000,0 days 01:02:13.783000
2024-07-07 14:07:10.992,OnTrack,-287,11330,2021,pos,0 days 00:03:58.451000,0 days 01:02:13.963000
2024-07-07 14:07:11.272,OnTrack,-222,11425,2021,pos,0 days 00:03:58.731000,0 days 01:02:14.243000
2024-07-07 14:07:11.652,OnTrack,-67,11630,2021,pos,0 days 00:03:59.111000,0 days 01:02:14.623000
2024-07-07 14:07:11.991,OnTrack,79,11798,2022,pos,0 days 00:03:59.450000,0 days 01:02:14.962000
2024-07-07 14:07:12.271,OnTrack,217,11935,2023,pos,0 days 00:03:59.730000,0 days 01:02:15.242000
2024-07-07 14:07:12.432,OnTrack,299,12012,2024,pos,0 days 00:03:59.891000,0 days 01:02:15.403000
2024-07-07 14:07:12.652,OnTrack,496,12177,2024,pos,0 days 00:04:00.111000,0 days 01:02:15.623000
2024-07-07 14:07:13.031,OnTrack,636,12279,2024,pos,0 days 00:04:00.490000,0 days 01:02:16.002000
2024-07-07 14:07:13.331,OnTrack,902,12434,2025,pos,0 days 00:04:00.790000,0 days 01:02:16.302000
2024-07-07 14:07:13.611,OnTrack,1011,12484,2025,pos,0 days 00:04:01.070000,0 days 01:02:16.582000
2024-07-07 14:07:13.771,OnTrack,1115,12528,2025,pos,0 days 00:04:01.230000,0 days 01:02:16.742000
2024-07-07 14:07:14.011,OnTrack,1293,12594,2025,pos,0 days 00:04:01.470000,0 days 01:02:16.982000
2024-07-07 14:07:14.191,OnTrack,1425,12635,2025,pos,0 days 00:04:01.650000,0 days 01:02:17.162000
2024-07-07 14:07:14.571,OnTrack,1710,12708,2026,pos,0 days 00:04:02.030000,0 days 01:02:17.542000
2024-07-07 14:07:14.711,OnTrack,1817,12730,2026,pos,0 days 00:04:02.170000,0 days 01:02:17.682000
2024-07-07 14:07:14.991,OnTrack,2042,12767,2028,pos,0 days 00:04:02.450000,0 days 01:02:17.962000
2024-07-07 14:07:15.171,OnTrack,2280,12798,2030,pos,0 days 00:04:02.630000,0 days 01:02:18.142000
2024-07-07 14:07:15.451,OnTrack,2407,12812,2030,pos,0 days 00:04:02.910000,0 days 01:02:18.422000
2024-07-07 14:07:15.731,OnTrack,2630,12836,2033,pos,0 days 00:04:03.190000,0 days 01:02:18.702000
2024-07-07 14:07:15.912,OnTrack,2868,12860,2035,pos,0 days 00:04:03.371000,0 days 01:02:18.883000
2024-07-07 14:07:16.311,OnTrack,3092,12882,2037,pos,0 days 00:04:03.770000,0 days 01:02:19.282000
2024-07-07 14:07:16.571,OnTrack,3292,12904,2038,pos,0 days 00:04:04.030000,0 days 01:02:19.542000
2024-07-07 14:07:16.772,OnTrack,3460,12922,2039,pos,0 days 00:04:04.231000,0 days 01:02:19.743000
2024-07-07 14:07:16.992,OnTrack,3732,12952,2039,pos,0 days 00:04:04.451000,0 days 01:02:19.963000
2024-07-07 14:07:17.431,OnTrack,4103,12995,2043,pos,0 days 00:04:04.890000,0 days 01:02:20.402000
2024-07-07 14:07:17.832,OnTrack,4312,13023,2045,pos,0 days 00:04:05.291000,0 days 01:02:20.803000
2024-07-07 14:07:18.072,OnTrack,4569,13057,2046,pos,0 days 00:04:05.531000,0 days 01:02:21.043000
2024-07-07 14:07:18.472,OnTrack,4906,13096,2048,pos,0 days 00:04:05.931000,0 days 01:02:21.443000
2024-07-07 14:07:18.851,OnTrack,5192,13115,2049,pos,0 days 00:04:06.310000,0 days 01:02:21.822000
2024-07-07 14:07:19.312,OnTrack,5535,13077,2051,pos,0 days 00:04:06.771000,0 days 01:02:22.283000
2024-07-07 14:07:19.571,OnTrack,5658,13043,2051,pos,0 days 00:04:07.030000,0 days 01:02:22.542000
2024-07-07 14:07:19.930,OnTrack,5904,12935,2053,pos,0 days 00:04:07.389000,0 days 01:02:22.901000
2024-07-07 14:07:20.091,OnTrack,6004,12873,2054,pos,0 days 00:04:07.550000,0 days 01:02:23.062000
2024-07-07 14:07:20.331,OnTrack,6186,12729,2055,pos,0 days 00:04:07.790000,0 days 01:02:23.302000
2024-07-07 14:07:20.651,OnTrack,6304,12606,2056,pos,0 days 00:04:08.110000,0 days 01:02:23.622000
2024-07-07 14:07:20.891,OnTrack,6403,12464,2056,pos,0 days 00:04:08.350000,0 days 01:02:23.862000
2024-07-07 14:07:21.111,OnTrack,6480,12321,2057,pos,0 days 00:04:08.570000,0 days 01:02:24.082000
2024-07-07 14:07:21.371,OnTrack,6555,12151,2058,pos,0 days 00:04:08.830000,0 days 01:02:24.342000
2024-07-07 14:07:21.571,OnTrack,6608,12005,2059,pos,0 days 00:04:09.030000,0 days 01:02:24.542000
2024-07-07 14:07:21.731,OnTrack,6644,11892,2060,pos,0 days 00:04:09.190000,0 days 01:02:24.702000
2024-07-07 14:07:21.951,OnTrack,6689,11733,2061,pos,0 days 00:04:09.410000,0 days 01:02:24.922000
2024-07-07 14:07:22.111,OnTrack,6720,11617,2062,pos,0 days 00:04:09.570000,0 days 01:02:25.082000
2024-07-07 14:07:22.412,OnTrack,6771,11404,2064,pos,0 days 00:04:09.871000,0 days 01:02:25.383000
2024-07-07 14:07:22.611,OnTrack,6805,11248,2065,pos,0 days 00:04:10.070000,0 days 01:02:25.582000
2024-07-07 14:07:22.811,OnTrack,6834,11097,2066,pos,0 days 00:04:10.270000,0 days 01:02:25.782000
2024-07-07 14:07:22.972,OnTrack,6858,10963,2067,pos,0 days 00:04:10.431000,0 days 01:02:25.943000
2024-07-07 14:07:23.211,OnTrack,6886,10779,2069,pos,0 days 00:04:10.670000,0 days 01:02:26.182000
2024-07-07 14:07:23.431,OnTrack,6909,10608,2070,pos,0 days 00:04:10.890000,0 days 01:02:26.402000
2024-07-07 14:07:23.691,OnTrack,6932,10405,2071,pos,0 days 00:04:11.150000,0 days 01:02:26.662000
2024-07-07 14:07:23.812,OnTrack,6941,10311,2072,pos,0 days 00:04:11.271000,0 days 01:02:26.783000
2024-07-07 14:07:24.031,OnTrack,6957,10137,2073,pos,0 days 00:04:11.490000,0 days 01:02:27.002000
2024-07-07 14:07:24.311,OnTrack,6970,9914,2074,pos,0 days 00:04:11.770000,0 days 01:02:27.282000
2024-07-07 14:07:24.471,OnTrack,6979,9689,2075,pos,0 days 00:04:11.930000,0 days 01:02:27.442000
2024-07-07 14:07:24.892,OnTrack,6984,9447,2075,pos,0 days 00:04:12.351000,0 days 01:02:27.863000
2024-07-07 14:07:25.051,OnTrack,6987,9318,2074,pos,0 days 00:04:12.510000,0 days 01:02:28.022000
2024-07-07 14:07:25.252,OnTrack,6993,9156,2074,pos,0 days 00:04:12.711000,0 days 01:02:28.223000
2024-07-07 14:07:25.432,OnTrack,7009,8914,2072,pos,0 days 00:04:12.891000,0 days 01:02:28.403000
2024-07-07 14:07:25.931,OnTrack,7064,8542,2070,pos,0 days 00:04:13.390000,0 days 01:02:28.902000
2024-07-07 14:07:26.351,OnTrack,7135,8237,2068,pos,0 days 00:04:13.810000,0 days 01:02:29.322000
2024-07-07 14:07:26.730,OnTrack,7210,7985,2065,pos,0 days 00:04:14.189000,0 days 01:02:29.701000
2024-07-07 14:07:26.951,OnTrack,7270,7815,2063,pos,0 days 00:04:14.410000,0 days 01:02:29.922000
2024-07-07 14:07:27.191,OnTrack,7355,7601,2060,pos,0 days 00:04:14.650000,0 days 01:02:30.162000
2024-07-07 14:07:27.471,OnTrack,7427,7418,2059,pos,0 days 00:04:14.930000,0 days 01:02:30.442000
2024-07-07 14:07:27.691,OnTrack,7484,7251,2058,pos,0 days 00:04:15.150000,0 days 01:02:30.662000
2024-07-07 14:07:27.872,OnTrack,7517,7120,2058,pos,0 days 00:04:15.331000,0 days 01:02:30.843000
2024-07-07 14:07:28.211,OnTrack,7537,6828,2058,pos,0 days 00:04:15.670000,0 days 01:02:31.182000
2024-07-07 14:07:28.531,OnTrack,7509,6619,2058,pos,0 days 00:04:15.990000,0 days 01:02:31.502000
2024-07-07 14:07:28.712,OnTrack,7481,6484,2059,pos,0 days 00:04:16.171000,0 days 01:02:31.683000
2024-07-07 14:07:28.992,OnTrack,7430,6278,2061,pos,0 days 00:04:16.451000,0 days 01:02:31.963000
2024-07-07 14:07:29.292,OnTrack,7367,6015,2062,pos,0 days 00:04:16.751000,0 days 01:02:32.263000
2024-07-07 14:07:29.671,OnTrack,7328,5782,2063,pos,0 days 00:04:17.130000,0 days 01:02:32.642000
2024-07-07 14:07:29.772,OnTrack,7321,5712,2063,pos,0 days 00:04:17.231000,0 days 01:02:32.743000
2024-07-07 14:07:30.011,OnTrack,7318,5548,2062,pos,0 days 00:04:17.470000,0 days 01:02:32.982000
2024-07-07 14:07:30.291,OnTrack,7360,5316,2061,pos,0 days 00:04:17.750000,0 days 01:02:33.262000
2024-07-07 14:07:30.571,OnTrack,7405,5195,2060,pos,0 days 00:04:18.030000,0 days 01:02:33.542000
2024-07-07 14:07:30.872,OnTrack,7493,5024,2058,pos,0 days 00:04:18.331000,0 days 01:02:33.843000
2024-07-07 14:07:31.071,OnTrack,7604,4839,2055,pos,0 days 00:04:18.530000,0 days 01:02:34.042000
2024-07-07 14:07:31.492,OnTrack,7687,4690,2053,pos,0 days 00:04:18.951000,0 days 01:02:34.463000
2024-07-07 14:07:31.732,OnTrack,7742,4562,2051,pos,0 days 00:04:19.191000,0 days 01:02:34.703000
2024-07-07 14:07:31.972,OnTrack,7785,4378,2049,pos,0 days 00:04:19.431000,0 days 01:02:34.943000
2024-07-07 14:07:32.312,OnTrack,7788,4247,2046,pos,0 days 00:04:19.771000,0 days 01:02:35.283000
2024-07-07 14:07:32.552,OnTrack,7769,4115,2044,pos,0 days 00:04:20.011000,0 days 01:02:35.523000
2024-07-07 14:07:32.771,OnTrack,7710,3932,2041,pos,0 days 00:04:20.230000,0 days 01:02:35.742000
2024-07-07 14:07:33.111,OnTrack,7655,3819,2040,pos,0 days 00:04:20.570000,0 days 01:02:36.082000
2024-07-07 14:07:33.471,OnTrack,7537,3646,2038,pos,0 days 00:04:20.930000,0 days 01:02:36.442000
2024-07-07 14:07:33.651,OnTrack,7468,3573,2037,pos,0 days 00:04:21.110000,0 days 01:02:36.622000
2024-07-07 14:07:33.811,OnTrack,7390,3507,2036,pos,0 days 00:04:21.270000,0 days 01:02:36.782000
2024-07-07 14:07:34.031,OnTrack,7204,3392,2033,pos,0 days 00:04:21.490000,0 days 01:02:37.002000
2024-07-07 14:07:34.331,OnTrack,7107,3342,2032,pos,0 days 00:04:21.790000,0 days 01:02:37.302000
2024-07-07 14:07:34.591,OnTrack,6959,3262,2030,pos,0 days 00:04:22.050000,0 days 01:02:37.562000
2024-07-07 14:07:34.811,OnTrack,6843,3180,2029,pos,0 days 00:04:22.270000,0 days 01:02:37.782000
2024-07-07 14:07:35.131,OnTrack,6619,2964,2028,pos,0 days 00:04:22.590000,0 days 01:02:38.102000
2024-07-07 14:07:35.391,OnTrack,6563,2903,2027,pos,0 days 00:04:22.850000,0 days 01:02:38.362000
2024-07-07 14:07:35.691,OnTrack,6430,2744,2027,pos,0 days 00:04:23.150000,0 days 01:02:38.662000
2024-07-07 14:07:35.891,OnTrack,6304,2563,2027,pos,0 days 00:04:23.350000,0 days 01:02:38.862000
2024-07-07 14:07:36.231,OnTrack,6221,2425,2026,pos,0 days 00:04:23.690000,0 days 01:02:39.202000
2024-07-07 14:07:36.471,OnTrack,6135,2270,2026,pos,0 days 00:04:23.930000,0 days 01:02:39.442000
2024-07-07 14:07:36.731,OnTrack,6046,2097,2025,pos,0 days 00:04:24.190000,0 days 01:02:39.702000
2024-07-07 14:07:36.791,OnTrack,6026,2057,2025,pos,0 days 00:04:24.250000,0 days 01:02:39.762000
2024-07-07 14:07:37.112,OnTrack,5919,1838,2024,pos,0 days 00:04:24.571000,0 days 01:02:40.083000
2024-07-07 14:07:37.351,OnTrack,5838,1671,2023,pos,0 days 00:04:24.810000,0 days 01:02:40.322000
2024-07-07 14:07:37.571,OnTrack,5728,1444,2022,pos,0 days 00:04:25.030000,0 days 01:02:40.542000
2024-07-07 14:07:38.012,OnTrack,5604,1184,2021,pos,0 days 00:04:25.471000,0 days 01:02:40.983000
2024-07-07 14:07:38.232,OnTrack,5538,1044,2020,pos,0 days 00:04:25.691000,0 days 01:02:41.203000
2024-07-07 14:07:38.612,OnTrack,5399,753,2018,pos,0 days 00:04:26.071000,0 days 01:02:41.583000
2024-07-07 14:07:38.792,OnTrack,5291,528,2016,pos,0 days 00:04:26.251000,0 days 01:02:41.763000
2024-07-07 14:07:39.230,OnTrack,5173,285,2014,pos,0 days 00:04:26.689000,0 days 01:02:42.201000
2024-07-07 14:07:39.411,OnTrack,5084,102,2013,pos,0 days 00:04:26.870000,0 days 01:02:42.382000
2024-07-07 14:07:39.790,OnTrack,4965,-145,2011,pos,0 days 00:04:27.249000,0 days 01:02:42.761000
2024-07-07 14:07:40.031,OnTrack,4875,-331,2010,pos,0 days 00:04:27.490000,0 days 01:02:43.002000
2024-07-07 14:07:40.211,OnTrack,4755,-582,2008,pos,0 days 00:04:27.670000,0 days 01:02:43.182000
2024-07-07 14:07:40.671,OnTrack,4602,-897,2007,pos,0 days 00:04:28.130000,0 days 01:02:43.642000
2024-07-07 14:07:41.071,OnTrack,4479,-1151,2004,pos,0 days 00:04:28.530000,0 days 01:02:44.042000
2024-07-07 14:07:41.231,OnTrack,4417,-1278,2003,pos,0 days 00:04:28.690000,0 days 01:02:44.202000
2024-07-07 14:07:41.472,OnTrack,4323,-1469,2001,pos,0 days 00:04:28.931000,0 days 01:02:44.443000
2024-07-07 14:07:41.691,OnTrack,4189,-1739,1997,pos,0 days 00:04:29.150000,0 days 01:02:44.662000
2024-07-07 14:07:42.032,OnTrack,4101,-1913,1995,pos,0 days 00:04:29.491000,0 days 01:02:45.003000
2024-07-07 14:07:42.332,OnTrack,3940,-2231,1994,pos,0 days 00:04:29.791000,0 days 01:02:45.303000
2024-07-07 14:07:42.651,OnTrack,3795,-2509,1994,pos,0 days 00:04:30.110000,0 days 01:02:45.622000
2024-07-07 14:07:43.091,OnTrack,3621,-2836,1998,pos,0 days 00:04:30.550000,0 days 01:02:46.062000
2024-07-07 14:07:43.392,OnTrack,3544,-2976,2000,pos,0 days 00:04:30.851000,0 days 01:02:46.363000
2024-07-07 14:07:43.571,OnTrack,3464,-3115,2003,pos,0 days 00:04:31.030000,0 days 01:02:46.542000
2024-07-07 14:07:43.912,OnTrack,3312,-3367,2008,pos,0 days 00:04:31.371000,0 days 01:02:46.883000
2024-07-07 14:07:44.151,OnTrack,3150,-3595,2014,pos,0 days 00:04:31.610000,0 days 01:02:47.122000
2024-07-07 14:07:44.532,OnTrack,2956,-3810,2019,pos,0 days 00:04:31.991000,0 days 01:02:47.503000
2024-07-07 14:07:44.892,OnTrack,2850,-3899,2021,pos,0 days 00:04:32.351000,0 days 01:02:47.863000
2024-07-07 14:07:45.191,OnTrack,2699,-3994,2024,pos,0 days 00:04:32.650000,0 days 01:02:48.162000
2024-07-07 14:07:45.312,OnTrack,2630,-4028,2025,pos,0 days 00:04:32.771000,0 days 01:02:48.283000
2024-07-07 14:07:45.572,OnTrack,2468,-4086,2028,pos,0 days 00:04:33.031000,0 days 01:02:48.543000
2024-07-07 14:07:46.011,OnTrack,2264,-4116,2031,pos,0 days 00:04:33.470000,0 days 01:02:48.982000
2024-07-07 14:07:46.091,OnTrack,2221,-4116,2031,pos,0 days 00:04:33.550000,0 days 01:02:49.062000
2024-07-07 14:07:46.251,OnTrack,2135,-4110,2032,pos,0 days 00:04:33.710000,0 days 01:02:49.222000
2024-07-07 14:07:46.511,OnTrack,1997,-4082,2033,pos,0 days 00:04:33.970000,0 days 01:02:49.482000
2024-07-07 14:07:46.831,OnTrack,1787,-3998,2033,pos,0 days 00:04:34.290000,0 days 01:02:49.802000
2024-07-07 14:07:47.170,OnTrack,1628,-3892,2032,pos,0 days 00:04:34.629000,0 days 01:02:50.141000
2024-07-07 14:07:47.631,OnTrack,1444,-3712,2030,pos,0 days 00:04:35.090000,0 days 01:02:50.602000
2024-07-07 14:07:48.071,OnTrack,1319,-3544,2027,pos,0 days 00:04:35.530000,0 days 01:02:51.042000
2024-07-07 14:07:48.171,OnTrack,1246,-3422,2025,pos,0 days 00:04:35.630000,0 days 01:02:51.142000
2024-07-07 14:07:48.691,OnTrack,1108,-3163,2016,pos,0 days 00:04:36.150000,0 days 01:02:51.662000
2024-07-07 14:07:49.092,OnTrack,998,-2968,2009,pos,0 days 00:04:36.551000,0 days 01:02:52.063000
2024-07-07 14:07:49.251,OnTrack,945,-2884,2005,pos,0 days 00:04:36.710000,0 days 01:02:52.222000
2024-07-07 14:07:49.511,OnTrack,790,-2661,1994,pos,0 days 00:04:36.970000,0 days 01:02:52.482000
2024-07-07 14:07:49.831,OnTrack,713,-2555,1990,pos,0 days 00:04:37.290000,0 days 01:02:52.802000
2024-07-07 14:07:50.131,OnTrack,588,-2387,1986,pos,0 days 00:04:37.590000,0 days 01:02:53.102000
2024-07-07 14:07:50.172,OnTrack,571,-2364,1985,pos,0 days 00:04:37.631000,0 days 01:02:53.143000
2024-07-07 14:07:50.512,OnTrack,377,-2103,1985,pos,0 days 00:04:37.971000,0 days 01:02:53.483000
2024-07-07 14:07:50.852,OnTrack,281,-1978,1985,pos,0 days 00:04:38.311000,0 days 01:02:53.823000
2024-07-07 14:07:51.012,OnTrack,209,-1888,1986,pos,0 days 00:04:38.471000,0 days 01:02:53.983000
2024-07-07 14:07:51.292,OnTrack,80,-1734,1987,pos,0 days 00:04:38.751000,0 days 01:02:54.263000
2024-07-07 14:07:51.491,OnTrack,-12,-1626,1986,pos,0 days 00:04:38.950000,0 days 01:02:54.462000
2024-07-07 14:07:51.791,OnTrack,-187,-1430,1984,pos,0 days 00:04:39.250000,0 days 01:02:54.762000
2024-07-07 14:07:52.192,OnTrack,-318,-1282,1981,pos,0 days 00:04:39.651000,0 days 01:02:55.163000
2024-07-07 14:07:52.391,OnTrack,-383,-1209,1980,pos,0 days 00:04:39.850000,0 days 01:02:55.362000
2024-07-07 14:07:52.570,OnTrack,-437,-1150,1979,pos,0 days 00:04:40.029000,0 days 01:02:55.541000
2024-07-07 14:07:52.751,OnTrack,-527,-1062,1977,pos,0 days 00:04:40.210000,0 days 01:02:55.722000
2024-07-07 14:07:53.971,OnTrack,-823,-917,1976,pos,0 days 00:04:41.430000,0 days 01:02:56.942000
2024-07-07 14:07:54.151,OnTrack,-877,-913,1976,pos,0 days 00:04:41.610000,0 days 01:02:57.122000
2024-07-07 14:07:54.431,OnTrack,-954,-916,1977,pos,0 days 00:04:41.890000,0 days 01:02:57.402000
2024-07-07 14:07:54.651,OnTrack,-1008,-927,1978,pos,0 days 00:04:42.110000,0 days 01:02:57.622000
2024-07-07 14:07:54.812,OnTrack,-1050,-942,1978,pos,0 days 00:04:42.271000,0 days 01:02:57.783000
2024-07-07 14:07:55.011,OnTrack,-1099,-967,1979,pos,0 days 00:04:42.470000,0 days 01:02:57.982000
2024-07-07 14:07:55.271,OnTrack,-1160,-1009,1979,pos,0 days 00:04:42.730000,0 days 01:02:58.242000
2024-07-07 14:07:55.412,OnTrack,-1193,-1035,1980,pos,0 days 00:04:42.871000,0 days 01:02:58.383000
2024-07-07 14:07:55.632,OnTrack,-1282,-1103,1981,pos,0 days 00:04:43.091000,0 days 01:02:58.603000
2024-07-07 14:07:56.091,OnTrack,-1369,-1150,1981,pos,0 days 00:04:43.550000,0 days 01:02:59.062000
2024-07-07 14:07:56.212,OnTrack,-1404,-1161,1981,pos,0 days 00:04:43.671000,0 days 01:02:59.183000
2024-07-07 14:07:56.551,OnTrack,-1508,-1172,1981,pos,0 days 00:04:44.010000,0 days 01:02:59.522000
2024-07-07 14:07:56.772,OnTrack,-1597,-1156,1980,pos,0 days 00:04:44.231000,0 days 01:02:59.743000
2024-07-07 14:07:57.191,OnTrack,-1712,-1117,1978,pos,0 days 00:04:44.650000,0 days 01:03:00.162000
2024-07-07 14:07:57.312,OnTrack,-1750,-1099,1978,pos,0 days 00:04:44.771000,0 days 01:03:00.283000
2024-07-07 14:07:57.572,OnTrack,-1831,-1051,1977,pos,0 days 00:04:45.031000,0 days 01:03:00.543000
2024-07-07 14:07:57.731,OnTrack,-1879,-1014,1977,pos,0 days 00:04:45.190000,0 days 01:03:00.702000
2024-07-07 14:07:57.932,OnTrack,-1973,-916,1976,pos,0 days 00:04:45.391000,0 days 01:03:00.903000
2024-07-07 14:07:58.352,OnTrack,-2050,-820,1975,pos,0 days 00:04:45.811000,0 days 01:03:01.323000
2024-07-07 14:07:58.551,OnTrack,-2105,-748,1974,pos,0 days 00:04:46.010000,0 days 01:03:01.522000
2024-07-07 14:07:58.772,OnTrack,-2172,-639,1974,pos,0 days 00:04:46.231000,0 days 01:03:01.743000
2024-07-07 14:07:58.931,OnTrack,-2213,-551,1974,pos,0 days 00:04:46.390000,0 days 01:03:01.902000
2024-07-07 14:07:59.171,OnTrack,-2254,-434,1973,pos,0 days 00:04:46.630000,0 days 01:03:02.142000
2024-07-07 14:07:59.331,OnTrack,-2277,-351,1971,pos,0 days 00:04:46.790000,0 days 01:03:02.302000
2024-07-07 14:07:59.571,OnTrack,-2302,-215,1970,pos,0 days 00:04:47.030000,0 days 01:03:02.542000
2024-07-07 14:07:59.751,OnTrack,-2311,-112,1968,pos,0 days 00:04:47.210000,0 days 01:03:02.722000
2024-07-07 14:08:00.031,OnTrack,-2313,50,1967,pos,0 days 00:04:47.490000,0 days 01:03:03.002000
2024-07-07 14:08:00.251,OnTrack,-2299,182,1966,pos,0 days 00:04:47.710000,0 days 01:03:03.222000
2024-07-07 14:08:00.471,OnTrack,-2275,315,1964,pos,0 days 00:04:47.930000,0 days 01:03:03.442000
2024-07-07 14:08:00.731,OnTrack,-2201,531,1963,pos,0 days 00:04:48.190000,0 days 01:03:03.702000
2024-07-07 14:08:00.991,OnTrack,-2154,625,1962,pos,0 days 00:04:48.450000,0 days 01:03:03.962000
2024-07-07 14:08:01.251,OnTrack,-2068,774,1962,pos,0 days 00:04:48.710000,0 days 01:03:04.222000
2024-07-07 14:08:01.491,OnTrack,-1979,904,1962,pos,0 days 00:04:48.950000,0 days 01:03:04.462000
2024-07-07 14:08:01.671,OnTrack,-1911,998,1963,pos,0 days 00:04:49.130000,0 days 01:03:04.642000
2024-07-07 14:08:01.831,OnTrack,-1842,1093,1963,pos,0 days 00:04:49.290000,0 days 01:03:04.802000
2024-07-07 14:08:02.071,OnTrack,-1692,1296,1964,pos,0 days 00:04:49.530000,0 days 01:03:05.042000
2024-07-07 14:08:02.452,OnTrack,-1578,1441,1965,pos,0 days 00:04:49.911000,0 days 01:03:05.423000
2024-07-07 14:08:02.772,OnTrack,-1387,1682,1967,pos,0 days 00:04:50.231000,0 days 01:03:05.743000
2024-07-07 14:08:03.091,OnTrack,-1289,1813,1969,pos,0 days 00:04:50.550000,0 days 01:03:06.062000
2024-07-07 14:08:03.312,OnTrack,-1196,1941,1970,pos,0 days 00:04:50.771000,0 days 01:03:06.283000
2024-07-07 14:08:03.552,OnTrack,-1084,2095,1972,pos,0 days 00:04:51.011000,0 days 01:03:06.523000
2024-07-07 14:08:03.711,OnTrack,-1012,2194,1973,pos,0 days 00:04:51.170000,0 days 01:03:06.682000
2024-07-07 14:08:03.912,OnTrack,-921,2319,1975,pos,0 days 00:04:51.371000,0 days 01:03:06.883000
2024-07-07 14:08:04.092,OnTrack,-839,2432,1977,pos,0 days 00:04:51.551000,0 days 01:03:07.063000
2024-07-07 14:08:04.291,OnTrack,-747,2558,1979,pos,0 days 00:04:51.750000,0 days 01:03:07.262000
2024-07-07 14:08:04.591,OnTrack,-610,2752,1983,pos,0 days 00:04:52.050000,0 days 01:03:07.562000
2024-07-07 14:08:04.811,OnTrack,-483,2936,1986,pos,0 days 00:04:52.270000,0 days 01:03:07.782000
2024-07-07 14:08:05.071,OnTrack,-394,3070,1988,pos,0 days 00:04:52.530000,0 days 01:03:08.042000
2024-07-07 14:08:05.371,OnTrack,-260,3272,1992,pos,0 days 00:04:52.830000,0 days 01:03:08.342000
2024-07-07 14:08:05.492,OnTrack,-206,3353,1993,pos,0 days 00:04:52.951000,0 days 01:03:08.463000
2024-07-07 14:08:05.670,OnTrack,-122,3473,1995,pos,0 days 00:04:53.129000,0 days 01:03:08.641000
2024-07-07 14:08:05.930,OnTrack,2,3646,1998,pos,0 days 00:04:53.389000,0 days 01:03:08.901000
2024-07-07 14:08:06.191,OnTrack,205,3904,2004,pos,0 days 00:04:53.650000,0 days 01:03:09.162000
2024-07-07 14:08:06.611,OnTrack,360,4076,2009,pos,0 days 00:04:54.070000,0 days 01:03:09.582000
2024-07-07 14:08:06.772,OnTrack,448,4162,2010,pos,0 days 00:04:54.231000,0 days 01:03:09.743000
2024-07-07 14:08:07.031,OnTrack,618,4299,2012,pos,0 days 00:04:54.490000,0 days 01:03:10.002000
2024-07-07 14:08:07.211,OnTrack,742,4372,2013,pos,0 days 00:04:54.670000,0 days 01:03:10.182000
2024-07-07 14:08:08.051,OnTrack,1455,4521,2019,pos,0 days 00:04:55.510000,0 days 01:03:11.022000
2024-07-07 14:08:08.432,OnTrack,1713,4511,2022,pos,0 days 00:04:55.891000,0 days 01:03:11.403000
2024-07-07 14:08:08.531,OnTrack,1792,4503,2023,pos,0 days 00:04:55.990000,0 days 01:03:11.502000
2024-07-07 14:08:08.871,OnTrack,2064,4466,2026,pos,0 days 00:04:56.330000,0 days 01:03:11.842000
2024-07-07 14:08:09.051,OnTrack,2200,4450,2027,pos,0 days 00:04:56.510000,0 days 01:03:12.022000
2024-07-07 14:08:09.331,OnTrack,2432,4439,2029,pos,0 days 00:04:56.790000,0 days 01:03:12.302000
2024-07-07 14:08:09.532,OnTrack,2585,4442,2031,pos,0 days 00:04:56.991000,0 days 01:03:12.503000
2024-07-07 14:08:09.572,OnTrack,2624,4444,2032,pos,0 days 00:04:57.031000,0 days 01:03:12.543000
2024-07-07 14:08:09.931,OnTrack,2930,4498,2037,pos,0 days 00:04:57.390000,0 days 01:03:12.902000
2024-07-07 14:08:10.112,OnTrack,3171,4585,2041,pos,0 days 00:04:57.571000,0 days 01:03:13.083000
2024-07-07 14:08:10.571,OnTrack,3393,4710,2045,pos,0 days 00:04:58.030000,0 days 01:03:13.542000
2024-07-07 14:08:10.692,OnTrack,3466,4760,2046,pos,0 days 00:04:58.151000,0 days 01:03:13.663000
2024-07-07 14:08:10.992,OnTrack,3715,4971,2049,pos,0 days 00:04:58.451000,0 days 01:03:13.963000
2024-07-07 14:08:11.292,OnTrack,3828,5083,2050,pos,0 days 00:04:58.751000,0 days 01:03:14.263000
2024-07-07 14:08:11.512,OnTrack,3948,5205,2050,pos,0 days 00:04:58.971000,0 days 01:03:14.483000
2024-07-07 14:08:11.752,OnTrack,4078,5331,2051,pos,0 days 00:04:59.211000,0 days 01:03:14.723000
2024-07-07 14:08:11.972,OnTrack,4191,5437,2052,pos,0 days 00:04:59.431000,0 days 01:03:14.943000
2024-07-07 14:08:12.210,OnTrack,4305,5540,2053,pos,0 days 00:04:59.669000,0 days 01:03:15.181000
2024-07-07 14:08:12.371,OnTrack,4376,5602,2054,pos,0 days 00:04:59.830000,0 days 01:03:15.342000
2024-07-07 14:08:12.631,OnTrack,4482,5691,2054,pos,0 days 00:05:00.090000,0 days 01:03:15.602000
2024-07-07 14:08:12.811,OnTrack,4547,5744,2055,pos,0 days 00:05:00.270000,0 days 01:03:15.782000
2024-07-07 14:08:13.031,OnTrack,4653,5822,2055,pos,0 days 00:05:00.490000,0 days 01:03:16.002000
2024-07-07 14:08:13.371,OnTrack,4744,5870,2054,pos,0 days 00:05:00.830000,0 days 01:03:16.342000
2024-07-07 14:08:13.611,OnTrack,4822,5893,2054,pos,0 days 00:05:01.070000,0 days 01:03:16.582000
2024-07-07 14:08:13.751,OnTrack,4869,5899,2053,pos,0 days 00:05:01.210000,0 days 01:03:16.722000
2024-07-07 14:08:13.951,OnTrack,4940,5900,2053,pos,0 days 00:05:01.410000,0 days 01:03:16.922000
2024-07-07 14:08:14.211,OnTrack,5018,5890,2053,pos,0 days 00:05:01.670000,0 days 01:03:17.182000
2024-07-07 14:08:14.371,OnTrack,5067,5876,2054,pos,0 days 00:05:01.830000,0 days 01:03:17.342000
2024-07-07 14:08:14.672,OnTrack,5171,5822,2055,pos,0 days 00:05:02.131000,0 days 01:03:17.643000
2024-07-07 14:08:14.952,OnTrack,5205,5795,2056,pos,0 days 00:05:02.411000,0 days 01:03:17.923000
2024-07-07 14:08:15.131,OnTrack,5240,5762,2057,pos,0 days 00:05:02.590000,0 days 01:03:18.102000
2024-07-07 14:08:15.471,OnTrack,5294,5691,2058,pos,0 days 00:05:02.930000,0 days 01:03:18.442000
2024-07-07 14:08:15.591,OnTrack,5310,5662,2059,pos,0 days 00:05:03.050000,0 days 01:03:18.562000
2024-07-07 14:08:15.931,OnTrack,5352,5549,2059,pos,0 days 00:05:03.390000,0 days 01:03:18.902000
2024-07-07 14:08:16.271,OnTrack,5370,5472,2060,pos,0 days 00:05:03.730000,0 days 01:03:19.242000
2024-07-07 14:08:16.511,OnTrack,5381,5397,2061,pos,0 days 00:05:03.970000,0 days 01:03:19.482000
2024-07-07 14:08:16.612,OnTrack,5385,5364,2061,pos,0 days 00:05:04.071000,0 days 01:03:19.583000
2024-07-07 14:08:16.852,OnTrack,5391,5287,2062,pos,0 days 00:05:04.311000,0 days 01:03:19.823000
2024-07-07 14:08:17.031,OnTrack,5398,5220,2064,pos,0 days 00:05:04.490000,0 days 01:03:20.002000
2024-07-07 14:08:17.232,OnTrack,5408,5149,2065,pos,0 days 00:05:04.691000,0 days 01:03:20.203000
2024-07-07 14:08:17.472,OnTrack,5427,5068,2066,pos,0 days 00:05:04.931000,0 days 01:03:20.443000
2024-07-07 14:08:17.631,OnTrack,5445,5019,2066,pos,0 days 00:05:05.090000,0 days 01:03:20.602000
2024-07-07 14:08:17.812,OnTrack,5469,4968,2066,pos,0 days 00:05:05.271000,0 days 01:03:20.783000
2024-07-07 14:08:18.072,OnTrack,5509,4905,2066,pos,0 days 00:05:05.531000,0 days 01:03:21.043000
2024-07-07 14:08:18.292,OnTrack,5550,4856,2065,pos,0 days 00:05:05.751000,0 days 01:03:21.263000
2024-07-07 14:08:18.471,OnTrack,5585,4822,2065,pos,0 days 00:05:05.930000,0 days 01:03:21.442000
2024-07-07 14:08:18.831,OnTrack,5656,4769,2064,pos,0 days 00:05:06.290000,0 days 01:03:21.802000
2024-07-07 14:08:19.031,OnTrack,5701,4746,2064,pos,0 days 00:05:06.490000,0 days 01:03:22.002000
2024-07-07 14:08:19.251,OnTrack,5753,4732,2064,pos,0 days 00:05:06.710000,0 days 01:03:22.222000
2024-07-07 14:08:19.471,OnTrack,5794,4731,2064,pos,0 days 00:05:06.930000,0 days 01:03:22.442000
2024-07-07 14:08:19.731,OnTrack,5852,4749,2064,pos,0 days 00:05:07.190000,0 days 01:03:22.702000
2024-07-07 14:08:19.951,OnTrack,5896,4775,2063,pos,0 days 00:05:07.410000,0 days 01:03:22.922000
2024-07-07 14:08:20.271,OnTrack,5973,4843,2064,pos,0 days 00:05:07.730000,0 days 01:03:23.242000
2024-07-07 14:08:20.611,OnTrack,6014,4890,2064,pos,0 days 00:05:08.070000,0 days 01:03:23.582000
2024-07-07 14:08:20.851,OnTrack,6063,4956,2065,pos,0 days 00:05:08.310000,0 days 01:03:23.822000
2024-07-07 14:08:21.212,OnTrack,6110,5033,2065,pos,0 days 00:05:08.671000,0 days 01:03:24.183000
2024-07-07 14:08:21.451,OnTrack,6157,5128,2065,pos,0 days 00:05:08.910000,0 days 01:03:24.422000
2024-07-07 14:08:21.812,OnTrack,6195,5221,2065,pos,0 days 00:05:09.271000,0 days 01:03:24.783000
2024-07-07 14:08:21.971,OnTrack,6215,5280,2065,pos,0 days 00:05:09.430000,0 days 01:03:24.942000
2024-07-07 14:08:22.292,OnTrack,6265,5451,2065,pos,0 days 00:05:09.751000,0 days 01:03:25.263000
2024-07-07 14:08:22.751,OnTrack,6313,5682,2065,pos,0 days 00:05:10.210000,0 days 01:03:25.722000
2024-07-07 14:08:22.991,OnTrack,6320,5732,2065,pos,0 days 00:05:10.450000,0 days 01:03:25.962000
2024-07-07 14:08:23.291,OnTrack,6332,5890,2064,pos,0 days 00:05:10.750000,0 days 01:03:26.262000
2024-07-07 14:08:23.571,OnTrack,6327,6045,2064,pos,0 days 00:05:11.030000,0 days 01:03:26.542000
2024-07-07 14:08:23.792,OnTrack,6304,6217,2063,pos,0 days 00:05:11.251000,0 days 01:03:26.763000
2024-07-07 14:08:24.032,OnTrack,6284,6309,2063,pos,0 days 00:05:11.491000,0 days 01:03:27.003000
2024-07-07 14:08:24.232,OnTrack,6249,6425,2062,pos,0 days 00:05:11.691000,0 days 01:03:27.203000
2024-07-07 14:08:24.552,OnTrack,6173,6602,2063,pos,0 days 00:05:12.011000,0 days 01:03:27.523000
2024-07-07 14:08:25.571,OnTrack,5761,7133,2064,pos,0 days 00:05:13.030000,0 days 01:03:28.542000
2024-07-07 14:08:25.771,OnTrack,5591,7275,2064,pos,0 days 00:05:13.230000,0 days 01:03:28.742000
2024-07-07 14:08:26.131,OnTrack,5456,7379,2064,pos,0 days 00:05:13.590000,0 days 01:03:29.102000
2024-07-07 14:08:26.331,OnTrack,5279,7515,2064,pos,0 days 00:05:13.790000,0 days 01:03:29.302000
2024-07-07 14:08:26.671,OnTrack,5153,7616,2064,pos,0 days 00:05:14.130000,0 days 01:03:29.642000
2024-07-07 14:08:26.991,OnTrack,4881,7844,2064,pos,0 days 00:05:14.450000,0 days 01:03:29.962000
2024-07-07 14:08:27.291,OnTrack,4754,7952,2064,pos,0 days 00:05:14.750000,0 days 01:03:30.262000
2024-07-07 14:08:27.591,OnTrack,4580,8102,2065,pos,0 days 00:05:15.050000,0 days 01:03:30.562000
2024-07-07 14:08:27.831,OnTrack,4414,8244,2064,pos,0 days 00:05:15.290000,0 days 01:03:30.802000
2024-07-07 14:08:28.171,OnTrack,4233,8398,2064,pos,0 days 00:05:15.630000,0 days 01:03:31.142000
2024-07-07 14:08:28.332,OnTrack,4136,8482,2064,pos,0 days 00:05:15.791000,0 days 01:03:31.303000
2024-07-07 14:08:28.491,OnTrack,4039,8565,2064,pos,0 days 00:05:15.950000,0 days 01:03:31.462000
2024-07-07 14:08:28.711,OnTrack,3903,8682,2063,pos,0 days 00:05:16.170000,0 days 01:03:31.682000
2024-07-07 14:08:29.092,OnTrack,3626,8925,2063,pos,0 days 00:05:16.551000,0 days 01:03:32.063000
2024-07-07 14:08:29.472,OnTrack,3433,9095,2063,pos,0 days 00:05:16.931000,0 days 01:03:32.443000
2024-07-07 14:08:29.692,OnTrack,3295,9216,2064,pos,0 days 00:05:17.151000,0 days 01:03:32.663000
2024-07-07 14:08:29.791,OnTrack,3238,9266,2064,pos,0 days 00:05:17.250000,0 days 01:03:32.762000
2024-07-07 14:08:30.032,OnTrack,3079,9405,2063,pos,0 days 00:05:17.491000,0 days 01:03:33.003000
2024-07-07 14:08:30.212,OnTrack,2965,9505,2062,pos,0 days 00:05:17.671000,0 days 01:03:33.183000
2024-07-07 14:08:30.371,OnTrack,2863,9594,2061,pos,0 days 00:05:17.830000,0 days 01:03:33.342000
2024-07-07 14:08:30.691,OnTrack,2657,9772,2059,pos,0 days 00:05:18.150000,0 days 01:03:33.662000
2024-07-07 14:08:30.812,OnTrack,2587,9834,2059,pos,0 days 00:05:18.271000,0 days 01:03:33.783000
2024-07-07 14:08:31.012,OnTrack,2452,9952,2057,pos,0 days 00:05:18.471000,0 days 01:03:33.983000
2024-07-07 14:08:31.372,OnTrack,2121,10247,2051,pos,0 days 00:05:18.831000,0 days 01:03:34.343000
2024-07-07 14:08:31.632,OnTrack,2030,10328,2050,pos,0 days 00:05:19.091000,0 days 01:03:34.603000
2024-07-07 14:08:31.911,OnTrack,1851,10488,2047,pos,0 days 00:05:19.370000,0 days 01:03:34.882000
2024-07-07 14:08:32.070,OnTrack,1749,10574,2046,pos,0 days 00:05:19.529000,0 days 01:03:35.041000
2024-07-07 14:08:32.330,OnTrack,1592,10698,2043,pos,0 days 00:05:19.789000,0 days 01:03:35.301000
2024-07-07 14:08:32.591,OnTrack,1443,10794,2041,pos,0 days 00:05:20.050000,0 days 01:03:35.562000
2024-07-07 14:08:32.631,OnTrack,1420,10807,2041,pos,0 days 00:05:20.090000,0 days 01:03:35.602000
2024-07-07 14:08:32.931,OnTrack,1247,10888,2038,pos,0 days 00:05:20.390000,0 days 01:03:35.902000
2024-07-07 14:08:33.211,OnTrack,1096,10933,2036,pos,0 days 00:05:20.670000,0 days 01:03:36.182000
2024-07-07 14:08:33.411,OnTrack,977,10948,2035,pos,0 days 00:05:20.870000,0 days 01:03:36.382000
2024-07-07 14:08:33.691,OnTrack,842,10949,2034,pos,0 days 00:05:21.150000,0 days 01:03:36.662000
2024-07-07 14:08:33.992,OnTrack,645,10919,2032,pos,0 days 00:05:21.451000,0 days 01:03:36.963000
2024-07-07 14:08:34.411,OnTrack,530,10870,2032,pos,0 days 00:05:21.870000,0 days 01:03:37.382000
2024-07-07 14:08:34.611,OnTrack,426,10801,2032,pos,0 days 00:05:22.070000,0 days 01:03:37.582000
2024-07-07 14:08:34.911,OnTrack,371,10741,2032,pos,0 days 00:05:22.370000,0 days 01:03:37.882000
2024-07-07 14:08:35.311,OnTrack,260,10553,2033,pos,0 days 00:05:22.770000,0 days 01:03:38.282000
2024-07-07 14:08:35.672,OnTrack,219,10442,2033,pos,0 days 00:05:23.131000,0 days 01:03:38.643000
2024-07-07 14:08:36.111,OnTrack,192,10236,2033,pos,0 days 00:05:23.570000,0 days 01:03:39.082000
2024-07-07 14:08:36.512,OnTrack,186,10118,2034,pos,0 days 00:05:23.971000,0 days 01:03:39.483000
2024-07-07 14:08:36.752,OnTrack,180,10010,2035,pos,0 days 00:05:24.211000,0 days 01:03:39.723000
2024-07-07 14:08:36.931,OnTrack,172,9926,2035,pos,0 days 00:05:24.390000,0 days 01:03:39.902000
2024-07-07 14:08:37.012,OnTrack,166,9890,2036,pos,0 days 00:05:24.471000,0 days 01:03:39.983000
2024-07-07 14:08:37.231,OnTrack,141,9797,2037,pos,0 days 00:05:24.690000,0 days 01:03:40.202000
2024-07-07 14:08:37.572,OnTrack,64,9655,2039,pos,0 days 00:05:25.031000,0 days 01:03:40.543000
2024-07-07 14:08:37.892,OnTrack,0,9584,2039,pos,0 days 00:05:25.351000,0 days 01:03:40.863000
2024-07-07 14:08:38.051,OnTrack,-43,9547,2040,pos,0 days 00:05:25.510000,0 days 01:03:41.022000
2024-07-07 14:08:38.291,OnTrack,-111,9501,2040,pos,0 days 00:05:25.750000,0 days 01:03:41.262000
2024-07-07 14:08:38.631,OnTrack,-248,9449,2041,pos,0 days 00:05:26.090000,0 days 01:03:41.602000
2024-07-07 14:08:39.011,OnTrack,-325,9441,2041,pos,0 days 00:05:26.470000,0 days 01:03:41.982000
2024-07-07 14:08:39.171,OnTrack,-372,9444,2040,pos,0 days 00:05:26.630000,0 days 01:03:42.142000
2024-07-07 14:08:39.451,OnTrack,-446,9464,2040,pos,0 days 00:05:26.910000,0 days 01:03:42.422000
2024-07-07 14:08:39.671,OnTrack,-511,9497,2039,pos,0 days 00:05:27.130000,0 days 01:03:42.642000
2024-07-07 14:08:40.091,OnTrack,-622,9595,2037,pos,0 days 00:05:27.550000,0 days 01:03:43.062000
2024-07-07 14:08:40.511,OnTrack,-672,9664,2036,pos,0 days 00:05:27.970000,0 days 01:03:43.482000
2024-07-07 14:08:41.551,OnTrack,-775,10001,2032,pos,0 days 00:05:29.010000,0 days 01:03:44.522000
2024-07-07 14:08:41.751,OnTrack,-774,10129,2031,pos,0 days 00:05:29.210000,0 days 01:03:44.722000
2024-07-07 14:08:41.991,OnTrack,-770,10179,2031,pos,0 days 00:05:29.450000,0 days 01:03:44.962000
2024-07-07 14:08:42.271,OnTrack,-752,10301,2030,pos,0 days 00:05:29.730000,0 days 01:03:45.242000
2024-07-07 14:08:42.472,OnTrack,-732,10390,2030,pos,0 days 00:05:29.931000,0 days 01:03:45.443000
2024-07-07 14:08:42.732,OnTrack,-701,10496,2028,pos,0 days 00:05:30.191000,0 days 01:03:45.703000
2024-07-07 14:08:43.012,OnTrack,-652,10630,2026,pos,0 days 00:05:30.471000,0 days 01:03:45.983000
2024-07-07 14:08:43.111,OnTrack,-632,10679,2025,pos,0 days 00:05:30.570000,0 days 01:03:46.082000
2024-07-07 14:08:43.372,OnTrack,-574,10808,2024,pos,0 days 00:05:30.831000,0 days 01:03:46.343000
2024-07-07 14:08:43.532,OnTrack,-534,10889,2023,pos,0 days 00:05:30.991000,0 days 01:03:46.503000
2024-07-07 14:08:43.771,OnTrack,-469,11013,2022,pos,0 days 00:05:31.230000,0 days 01:03:46.742000
2024-07-07 14:08:43.932,OnTrack,-424,11097,2021,pos,0 days 00:05:31.391000,0 days 01:03:46.903000
2024-07-07 14:08:44.212,OnTrack,-320,11278,2021,pos,0 days 00:05:31.671000,0 days 01:03:47.183000
2024-07-07 14:08:44.571,OnTrack,-215,11436,2021,pos,0 days 00:05:32.030000,0 days 01:03:47.542000
2024-07-07 14:08:44.831,OnTrack,-113,11573,2021,pos,0 days 00:05:32.290000,0 days 01:03:47.802000
2024-07-07 14:08:45.071,OnTrack,-12,11696,2021,pos,0 days 00:05:32.530000,0 days 01:03:48.042000
2024-07-07 14:08:45.271,OnTrack,79,11797,2022,pos,0 days 00:05:32.730000,0 days 01:03:48.242000
2024-07-07 14:08:45.431,OnTrack,156,11875,2023,pos,0 days 00:05:32.890000,0 days 01:03:48.402000
2024-07-07 14:08:45.611,OnTrack,246,11963,2024,pos,0 days 00:05:33.070000,0 days 01:03:48.582000
2024-07-07 14:08:45.791,OnTrack,339,12047,2024,pos,0 days 00:05:33.250000,0 days 01:03:48.762000
2024-07-07 14:08:46.031,OnTrack,470,12156,2024,pos,0 days 00:05:33.490000,0 days 01:03:49.002000
2024-07-07 14:08:46.191,OnTrack,561,12226,2024,pos,0 days 00:05:33.650000,0 days 01:03:49.162000
2024-07-07 14:08:46.391,OnTrack,681,12308,2024,pos,0 days 00:05:33.850000,0 days 01:03:49.362000
2024-07-07 14:08:46.551,OnTrack,779,12369,2024,pos,0 days 00:05:34.010000,0 days 01:03:49.522000
2024-07-07 14:08:46.851,OnTrack,979,12470,2025,pos,0 days 00:05:34.310000,0 days 01:03:49.822000
2024-07-07 14:08:47.011,OnTrack,1089,12518,2025,pos,0 days 00:05:34.470000,0 days 01:03:49.982000
2024-07-07 14:08:47.211,OnTrack,1229,12572,2025,pos,0 days 00:05:34.670000,0 days 01:03:50.182000
2024-07-07 14:08:47.531,OnTrack,1543,12668,2025,pos,0 days 00:05:34.990000,0 days 01:03:50.502000
2024-07-07 14:08:47.791,OnTrack,1654,12696,2025,pos,0 days 00:05:35.250000,0 days 01:03:50.762000
2024-07-07 14:08:48.031,OnTrack,1836,12733,2027,pos,0 days 00:05:35.490000,0 days 01:03:51.002000
2024-07-07 14:08:48.291,OnTrack,2040,12767,2028,pos,0 days 00:05:35.750000,0 days 01:03:51.262000
2024-07-07 14:08:48.551,OnTrack,2350,12805,2030,pos,0 days 00:05:36.010000,0 days 01:03:51.522000
2024-07-07 14:08:48.831,OnTrack,2476,12819,2031,pos,0 days 00:05:36.290000,0 days 01:03:51.802000
2024-07-07 14:08:49.052,OnTrack,2652,12838,2033,pos,0 days 00:05:36.511000,0 days 01:03:52.023000
2024-07-07 14:08:49.232,OnTrack,2795,12853,2034,pos,0 days 00:05:36.691000,0 days 01:03:52.203000
2024-07-07 14:08:49.431,OnTrack,2955,12868,2036,pos,0 days 00:05:36.890000,0 days 01:03:52.402000
2024-07-07 14:08:49.691,OnTrack,3163,12890,2037,pos,0 days 00:05:37.150000,0 days 01:03:52.662000
2024-07-07 14:08:49.931,OnTrack,3356,12910,2039,pos,0 days 00:05:37.390000,0 days 01:03:52.902000
2024-07-07 14:08:50.211,OnTrack,3662,12944,2040,pos,0 days 00:05:37.670000,0 days 01:03:53.182000
2024-07-07 14:08:50.531,OnTrack,3840,12964,2042,pos,0 days 00:05:37.990000,0 days 01:03:53.502000
2024-07-07 14:08:50.851,OnTrack,4131,12999,2044,pos,0 days 00:05:38.310000,0 days 01:03:53.822000
2024-07-07 14:08:51.252,OnTrack,4535,13052,2046,pos,0 days 00:05:38.711000,0 days 01:03:54.223000
2024-07-07 14:08:51.592,OnTrack,4792,13085,2048,pos,0 days 00:05:39.051000,0 days 01:03:54.563000
2024-07-07 14:08:51.910,OnTrack,4954,13101,2048,pos,0 days 00:05:39.369000,0 days 01:03:54.881000
2024-07-07 14:08:52.111,OnTrack,5114,13112,2049,pos,0 days 00:05:39.570000,0 days 01:03:55.082000
2024-07-07 14:08:52.451,OnTrack,5485,13088,2050,pos,0 days 00:05:39.910000,0 days 01:03:55.422000
2024-07-07 14:08:52.891,OnTrack,5733,13017,2052,pos,0 days 00:05:40.350000,0 days 01:03:55.862000
2024-07-07 14:08:53.111,OnTrack,5854,12962,2053,pos,0 days 00:05:40.570000,0 days 01:03:56.082000
2024-07-07 14:08:53.351,OnTrack,6006,12872,2054,pos,0 days 00:05:40.810000,0 days 01:03:56.322000
2024-07-07 14:08:53.671,OnTrack,6261,12655,2055,pos,0 days 00:05:41.130000,0 days 01:03:56.642000
2024-07-07 14:08:53.971,OnTrack,6334,12567,2056,pos,0 days 00:05:41.430000,0 days 01:03:56.942000
2024-07-07 14:08:54.271,OnTrack,6485,12312,2057,pos,0 days 00:05:41.730000,0 days 01:03:57.242000
2024-07-07 14:08:54.611,OnTrack,6556,12147,2058,pos,0 days 00:05:42.070000,0 days 01:03:57.582000
2024-07-07 14:08:54.871,OnTrack,6652,11864,2061,pos,0 days 00:05:42.330000,0 days 01:03:57.842000
2024-07-07 14:08:55.232,OnTrack,6697,11704,2062,pos,0 days 00:05:42.691000,0 days 01:03:58.203000
2024-07-07 14:08:55.592,OnTrack,6786,11334,2065,pos,0 days 00:05:43.051000,0 days 01:03:58.563000
2024-07-07 14:08:55.971,OnTrack,6835,11093,2066,pos,0 days 00:05:43.430000,0 days 01:03:58.942000
2024-07-07 14:08:56.251,OnTrack,6864,10924,2068,pos,0 days 00:05:43.710000,0 days 01:03:59.222000
2024-07-07 14:08:56.432,OnTrack,6885,10785,2069,pos,0 days 00:05:43.891000,0 days 01:03:59.403000
2024-07-07 14:08:56.791,OnTrack,6927,10456,2071,pos,0 days 00:05:44.250000,0 days 01:03:59.762000
2024-07-07 14:08:57.071,OnTrack,6944,10282,2073,pos,0 days 00:05:44.530000,0 days 01:04:00.042000
2024-07-07 14:08:57.351,OnTrack,6962,10059,2074,pos,0 days 00:05:44.810000,0 days 01:04:00.322000
2024-07-07 14:08:57.532,OnTrack,6970,9914,2074,pos,0 days 00:05:44.991000,0 days 01:04:00.503000
2024-07-07 14:08:57.792,OnTrack,6980,9608,2075,pos,0 days 00:05:45.251000,0 days 01:04:00.763000
2024-07-07 14:08:58.151,OnTrack,6984,9413,2075,pos,0 days 00:05:45.610000,0 days 01:04:01.122000
2024-07-07 14:08:58.450,OnTrack,6994,9135,2074,pos,0 days 00:05:45.909000,0 days 01:04:01.421000
2024-07-07 14:08:58.811,OnTrack,7013,8873,2072,pos,0 days 00:05:46.270000,0 days 01:04:01.782000
2024-07-07 14:08:59.051,OnTrack,7040,8677,2071,pos,0 days 00:05:46.510000,0 days 01:04:02.022000
2024-07-07 14:08:59.271,OnTrack,7091,8417,2070,pos,0 days 00:05:46.730000,0 days 01:04:02.242000
2024-07-07 14:08:59.671,OnTrack,7150,8184,2068,pos,0 days 00:05:47.130000,0 days 01:04:02.642000
2024-07-07 14:08:59.852,OnTrack,7195,8033,2066,pos,0 days 00:05:47.311000,0 days 01:04:02.823000
2024-07-07 14:09:00.011,OnTrack,7236,7908,2064,pos,0 days 00:05:47.470000,0 days 01:04:02.982000
2024-07-07 14:09:00.271,OnTrack,7337,7645,2061,pos,0 days 00:05:47.730000,0 days 01:04:03.242000
2024-07-07 14:09:00.591,OnTrack,7411,7461,2060,pos,0 days 00:05:48.050000,0 days 01:04:03.562000
2024-07-07 14:09:00.851,OnTrack,7481,7261,2058,pos,0 days 00:05:48.310000,0 days 01:04:03.822000
2024-07-07 14:09:01.131,OnTrack,7527,7063,2058,pos,0 days 00:05:48.590000,0 days 01:04:04.102000
2024-07-07 14:09:01.252,OnTrack,7538,6974,2058,pos,0 days 00:05:48.711000,0 days 01:04:04.223000
2024-07-07 14:09:01.552,OnTrack,7528,6745,2058,pos,0 days 00:05:49.011000,0 days 01:04:04.523000
2024-07-07 14:09:01.772,OnTrack,7501,6577,2059,pos,0 days 00:05:49.231000,0 days 01:04:04.743000
2024-07-07 14:09:01.991,OnTrack,7464,6413,2060,pos,0 days 00:05:49.450000,0 days 01:04:04.962000
2024-07-07 14:09:02.151,OnTrack,7435,6295,2061,pos,0 days 00:05:49.610000,0 days 01:04:05.122000
2024-07-07 14:09:02.392,OnTrack,7374,6046,2062,pos,0 days 00:05:49.851000,0 days 01:04:05.363000
2024-07-07 14:09:02.771,OnTrack,7336,5843,2063,pos,0 days 00:05:50.230000,0 days 01:04:05.742000
2024-07-07 14:09:02.972,OnTrack,7321,5710,2063,pos,0 days 00:05:50.431000,0 days 01:04:05.943000
2024-07-07 14:09:03.232,OnTrack,7319,5530,2062,pos,0 days 00:05:50.691000,0 days 01:04:06.203000
2024-07-07 14:09:03.392,OnTrack,7353,5340,2061,pos,0 days 00:05:50.851000,0 days 01:04:06.363000
2024-07-07 14:09:03.752,OnTrack,7401,5205,2060,pos,0 days 00:05:51.211000,0 days 01:04:06.723000
2024-07-07 14:09:04.012,OnTrack,7515,4986,2057,pos,0 days 00:05:51.471000,0 days 01:04:06.983000
2024-07-07 14:09:04.431,OnTrack,7614,4823,2055,pos,0 days 00:05:51.890000,0 days 01:04:07.402000
2024-07-07 14:09:04.632,OnTrack,7702,4658,2052,pos,0 days 00:05:52.091000,0 days 01:04:07.603000
2024-07-07 14:09:05.010,OnTrack,7755,4521,2051,pos,0 days 00:05:52.469000,0 days 01:04:07.981000
2024-07-07 14:09:05.211,OnTrack,7780,4414,2049,pos,0 days 00:05:52.670000,0 days 01:04:08.182000
2024-07-07 14:09:05.471,OnTrack,7790,4281,2047,pos,0 days 00:05:52.930000,0 days 01:04:08.442000
2024-07-07 14:09:05.691,OnTrack,7777,4160,2045,pos,0 days 00:05:53.150000,0 days 01:04:08.662000
2024-07-07 14:09:05.851,OnTrack,7741,4016,2042,pos,0 days 00:05:53.310000,0 days 01:04:08.822000
2024-07-07 14:09:06.331,OnTrack,7665,3839,2040,pos,0 days 00:05:53.790000,0 days 01:04:09.302000
2024-07-07 14:09:06.471,OnTrack,7603,3736,2039,pos,0 days 00:05:53.930000,0 days 01:04:09.442000
2024-07-07 14:09:06.851,OnTrack,7450,3557,2036,pos,0 days 00:05:54.310000,0 days 01:04:09.822000
2024-07-07 14:09:07.291,OnTrack,7296,3445,2034,pos,0 days 00:05:54.750000,0 days 01:04:10.262000
2024-07-07 14:09:07.531,OnTrack,7166,3373,2032,pos,0 days 00:05:54.990000,0 days 01:04:10.502000
2024-07-07 14:09:07.691,OnTrack,7077,3327,2031,pos,0 days 00:05:55.150000,0 days 01:04:10.662000
2024-07-07 14:09:07.951,OnTrack,6881,3210,2029,pos,0 days 00:05:55.410000,0 days 01:04:10.922000
2024-07-07 14:09:08.312,OnTrack,6752,3100,2028,pos,0 days 00:05:55.771000,0 days 01:04:11.283000
2024-07-07 14:09:08.471,OnTrack,6675,3023,2028,pos,0 days 00:05:55.930000,0 days 01:04:11.442000
2024-07-07 14:09:08.652,OnTrack,6590,2934,2028,pos,0 days 00:05:56.111000,0 days 01:04:11.623000
2024-07-07 14:09:08.872,OnTrack,6490,2820,2027,pos,0 days 00:05:56.331000,0 days 01:04:11.843000
2024-07-07 14:09:09.192,OnTrack,6349,2632,2027,pos,0 days 00:05:56.651000,0 days 01:04:12.163000
2024-07-07 14:09:09.271,OnTrack,6317,2584,2027,pos,0 days 00:05:56.730000,0 days 01:04:12.242000
2024-07-07 14:09:09.492,OnTrack,6233,2447,2026,pos,0 days 00:05:56.951000,0 days 01:04:12.463000
2024-07-07 14:09:09.772,OnTrack,6132,2264,2026,pos,0 days 00:05:57.231000,0 days 01:04:12.743000
2024-07-07 14:09:09.972,OnTrack,6037,2078,2025,pos,0 days 00:05:57.431000,0 days 01:04:12.943000
2024-07-07 14:09:10.411,OnTrack,5916,1832,2024,pos,0 days 00:05:57.870000,0 days 01:04:13.382000
2024-07-07 14:09:10.492,OnTrack,5889,1777,2024,pos,0 days 00:05:57.951000,0 days 01:04:13.463000
2024-07-07 14:09:10.671,OnTrack,5829,1653,2023,pos,0 days 00:05:58.130000,0 days 01:04:13.642000
2024-07-07 14:09:10.931,OnTrack,5742,1472,2022,pos,0 days 00:05:58.390000,0 days 01:04:13.902000
2024-07-07 14:09:11.172,OnTrack,5660,1300,2021,pos,0 days 00:05:58.631000,0 days 01:04:14.143000
2024-07-07 14:09:11.352,OnTrack,5597,1170,2021,pos,0 days 00:05:58.811000,0 days 01:04:14.323000
2024-07-07 14:09:11.631,OnTrack,5498,961,2019,pos,0 days 00:05:59.090000,0 days 01:04:14.602000
2024-07-07 14:09:11.831,OnTrack,5427,813,2019,pos,0 days 00:05:59.290000,0 days 01:04:14.802000
2024-07-07 14:09:12.070,OnTrack,5341,634,2017,pos,0 days 00:05:59.529000,0 days 01:04:15.041000
2024-07-07 14:09:12.111,OnTrack,5327,603,2017,pos,0 days 00:05:59.570000,0 days 01:04:15.082000
2024-07-07 14:09:12.471,OnTrack,5195,332,2014,pos,0 days 00:05:59.930000,0 days 01:04:15.442000
2024-07-07 14:09:12.691,OnTrack,5091,118,2013,pos,0 days 00:06:00.150000,0 days 01:04:15.662000
2024-07-07 14:09:13.051,OnTrack,4983,-105,2011,pos,0 days 00:06:00.510000,0 days 01:04:16.022000
2024-07-07 14:09:13.251,OnTrack,4905,-269,2010,pos,0 days 00:06:00.710000,0 days 01:04:16.222000
2024-07-07 14:09:13.411,OnTrack,4845,-394,2009,pos,0 days 00:06:00.870000,0 days 01:04:16.382000
2024-07-07 14:09:13.591,OnTrack,4777,-536,2009,pos,0 days 00:06:01.050000,0 days 01:04:16.562000
2024-07-07 14:09:13.851,OnTrack,4677,-742,2008,pos,0 days 00:06:01.310000,0 days 01:04:16.822000
2024-07-07 14:09:14.071,OnTrack,4538,-1029,2006,pos,0 days 00:06:01.530000,0 days 01:04:17.042000
2024-07-07 14:09:14.451,OnTrack,4449,-1213,2004,pos,0 days 00:06:01.910000,0 days 01:04:17.422000
2024-07-07 14:09:14.731,OnTrack,4304,-1508,2000,pos,0 days 00:06:02.190000,0 days 01:04:17.702000
2024-07-07 14:09:15.172,OnTrack,4161,-1795,1996,pos,0 days 00:06:02.631000,0 days 01:04:18.143000
2024-07-07 14:09:15.351,OnTrack,4065,-1986,1995,pos,0 days 00:06:02.810000,0 days 01:04:18.322000
2024-07-07 14:09:15.652,OnTrack,3967,-2177,1994,pos,0 days 00:06:03.111000,0 days 01:04:18.623000
2024-07-07 14:09:15.851,OnTrack,3886,-2335,1994,pos,0 days 00:06:03.310000,0 days 01:04:18.822000
2024-07-07 14:09:16.151,OnTrack,3705,-2679,1996,pos,0 days 00:06:03.610000,0 days 01:04:19.122000
2024-07-07 14:09:16.592,OnTrack,3516,-3024,2001,pos,0 days 00:06:04.051000,0 days 01:04:19.563000
2024-07-07 14:09:16.891,OnTrack,3445,-3147,2004,pos,0 days 00:06:04.350000,0 days 01:04:19.862000
2024-07-07 14:09:17.112,OnTrack,3346,-3313,2007,pos,0 days 00:06:04.571000,0 days 01:04:20.083000
2024-07-07 14:09:17.292,OnTrack,3265,-3439,2010,pos,0 days 00:06:04.751000,0 days 01:04:20.263000
2024-07-07 14:09:17.491,OnTrack,3173,-3565,2013,pos,0 days 00:06:04.950000,0 days 01:04:20.462000
2024-07-07 14:09:17.712,OnTrack,3070,-3691,2016,pos,0 days 00:06:05.171000,0 days 01:04:20.683000
2024-07-07 14:09:18.030,OnTrack,2922,-3842,2020,pos,0 days 00:06:05.489000,0 days 01:04:21.001000
2024-07-07 14:09:18.191,OnTrack,2845,-3903,2021,pos,0 days 00:06:05.650000,0 days 01:04:21.162000
2024-07-07 14:09:18.371,OnTrack,2755,-3963,2023,pos,0 days 00:06:05.830000,0 days 01:04:21.342000
2024-07-07 14:09:18.571,OnTrack,2651,-4018,2025,pos,0 days 00:06:06.030000,0 days 01:04:21.542000
2024-07-07 14:09:18.890,OnTrack,2434,-4095,2028,pos,0 days 00:06:06.349000,0 days 01:04:21.861000
2024-07-07 14:09:19.251,OnTrack,2233,-4116,2031,pos,0 days 00:06:06.710000,0 days 01:04:22.222000
2024-07-07 14:09:19.651,OnTrack,2024,-4089,2033,pos,0 days 00:06:07.110000,0 days 01:04:22.622000
2024-07-07 14:09:20.091,OnTrack,1875,-4040,2033,pos,0 days 00:06:07.550000,0 days 01:04:23.062000
2024-07-07 14:09:20.272,OnTrack,1790,-3999,2033,pos,0 days 00:06:07.731000,0 days 01:04:23.243000
2024-07-07 14:09:20.451,OnTrack,1707,-3949,2033,pos,0 days 00:06:07.910000,0 days 01:04:23.422000
2024-07-07 14:09:20.651,OnTrack,1618,-3884,2032,pos,0 days 00:06:08.110000,0 days 01:04:23.622000
2024-07-07 14:09:20.971,OnTrack,1431,-3696,2030,pos,0 days 00:06:08.430000,0 days 01:04:23.942000
2024-07-07 14:09:21.271,OnTrack,1372,-3621,2029,pos,0 days 00:06:08.730000,0 days 01:04:24.242000
2024-07-07 14:09:21.451,OnTrack,1310,-3531,2027,pos,0 days 00:06:08.910000,0 days 01:04:24.422000
2024-07-07 14:09:21.712,OnTrack,1228,-3391,2024,pos,0 days 00:06:09.171000,0 days 01:04:24.683000
2024-07-07 14:09:21.992,OnTrack,1145,-3233,2019,pos,0 days 00:06:09.451000,0 days 01:04:24.963000
2024-07-07 14:09:22.212,OnTrack,1077,-3107,2014,pos,0 days 00:06:09.671000,0 days 01:04:25.183000
2024-07-07 14:09:22.371,OnTrack,1026,-3015,2011,pos,0 days 00:06:09.830000,0 days 01:04:25.342000
2024-07-07 14:09:22.571,OnTrack,956,-2900,2006,pos,0 days 00:06:10.030000,0 days 01:04:25.542000
2024-07-07 14:09:22.832,OnTrack,857,-2754,1998,pos,0 days 00:06:10.291000,0 days 01:04:25.803000
2024-07-07 14:09:23.032,OnTrack,777,-2642,1993,pos,0 days 00:06:10.491000,0 days 01:04:26.003000
2024-07-07 14:09:23.272,OnTrack,677,-2507,1988,pos,0 days 00:06:10.731000,0 days 01:04:26.243000
2024-07-07 14:09:23.532,OnTrack,543,-2325,1985,pos,0 days 00:06:10.991000,0 days 01:04:26.503000
2024-07-07 14:09:23.852,OnTrack,342,-2057,1985,pos,0 days 00:06:11.311000,0 days 01:04:26.823000
2024-07-07 14:09:24.291,OnTrack,162,-1830,1986,pos,0 days 00:06:11.750000,0 days 01:04:27.262000
2024-07-07 14:09:24.731,OnTrack,2,-1643,1986,pos,0 days 00:06:12.190000,0 days 01:04:27.702000
2024-07-07 14:09:24.891,OnTrack,-72,-1558,1986,pos,0 days 00:06:12.350000,0 days 01:04:27.862000
2024-07-07 14:09:25.091,OnTrack,-168,-1450,1984,pos,0 days 00:06:12.550000,0 days 01:04:28.062000
2024-07-07 14:09:25.331,OnTrack,-268,-1338,1983,pos,0 days 00:06:12.790000,0 days 01:04:28.302000
2024-07-07 14:09:25.551,OnTrack,-385,-1207,1980,pos,0 days 00:06:13.010000,0 days 01:04:28.522000
2024-07-07 14:09:25.951,OnTrack,-481,-1105,1978,pos,0 days 00:06:13.410000,0 days 01:04:28.922000
2024-07-07 14:09:26.131,OnTrack,-531,-1059,1977,pos,0 days 00:06:13.590000,0 days 01:04:29.102000
2024-07-07 14:09:26.391,OnTrack,-611,-999,1976,pos,0 days 00:06:13.850000,0 days 01:04:29.362000
2024-07-07 14:09:26.571,OnTrack,-689,-956,1975,pos,0 days 00:06:14.030000,0 days 01:04:29.542000
2024-07-07 14:09:27.031,OnTrack,-801,-920,1976,pos,0 days 00:06:14.490000,0 days 01:04:30.002000
2024-07-07 14:09:27.191,OnTrack,-848,-914,1976,pos,0 days 00:06:14.650000,0 days 01:04:30.162000
2024-07-07 14:09:27.411,OnTrack,-913,-913,1976,pos,0 days 00:06:14.870000,0 days 01:04:30.382000
2024-07-07 14:09:27.571,OnTrack,-956,-916,1977,pos,0 days 00:06:15.030000,0 days 01:04:30.542000
2024-07-07 14:09:27.691,OnTrack,-987,-921,1977,pos,0 days 00:06:15.150000,0 days 01:04:30.662000
2024-07-07 14:09:27.991,OnTrack,-1096,-966,1979,pos,0 days 00:06:15.450000,0 days 01:04:30.962000
2024-07-07 14:09:28.371,OnTrack,-1152,-1004,1980,pos,0 days 00:06:15.830000,0 days 01:04:31.342000
2024-07-07 14:09:28.532,OnTrack,-1189,-1032,1980,pos,0 days 00:06:15.991000,0 days 01:04:31.503000
2024-07-07 14:09:28.812,OnTrack,-1291,-1108,1981,pos,0 days 00:06:16.271000,0 days 01:04:31.783000
2024-07-07 14:09:29.211,OnTrack,-1362,-1147,1981,pos,0 days 00:06:16.670000,0 days 01:04:32.182000
2024-07-07 14:09:29.471,OnTrack,-1440,-1169,1981,pos,0 days 00:06:16.930000,0 days 01:04:32.442000
2024-07-07 14:09:29.691,OnTrack,-1507,-1172,1981,pos,0 days 00:06:17.150000,0 days 01:04:32.662000
2024-07-07 14:09:29.812,OnTrack,-1545,-1168,1980,pos,0 days 00:06:17.271000,0 days 01:04:32.783000
2024-07-07 14:09:30.072,OnTrack,-1626,-1148,1979,pos,0 days 00:06:17.531000,0 days 01:04:33.043000
2024-07-07 14:09:30.271,OnTrack,-1688,-1126,1979,pos,0 days 00:06:17.730000,0 days 01:04:33.242000
2024-07-07 14:09:30.432,OnTrack,-1737,-1105,1978,pos,0 days 00:06:17.891000,0 days 01:04:33.403000
2024-07-07 14:09:30.752,OnTrack,-1830,-1051,1977,pos,0 days 00:06:18.211000,0 days 01:04:33.723000
2024-07-07 14:09:31.451,OnTrack,-2024,-853,1975,pos,0 days 00:06:18.910000,0 days 01:04:34.422000
2024-07-07 14:09:31.631,OnTrack,-2073,-790,1975,pos,0 days 00:06:19.090000,0 days 01:04:34.602000
2024-07-07 14:09:31.950,OnTrack,-2154,-670,1974,pos,0 days 00:06:19.409000,0 days 01:04:34.921000
2024-07-07 14:09:32.131,OnTrack,-2194,-591,1974,pos,0 days 00:06:19.590000,0 days 01:04:35.102000
2024-07-07 14:09:32.351,OnTrack,-2236,-486,1973,pos,0 days 00:06:19.810000,0 days 01:04:35.322000
2024-07-07 14:09:32.551,OnTrack,-2279,-342,1971,pos,0 days 00:06:20.010000,0 days 01:04:35.522000
2024-07-07 14:09:32.991,OnTrack,-2312,-107,1968,pos,0 days 00:06:20.450000,0 days 01:04:35.962000
2024-07-07 14:09:33.332,OnTrack,-2313,55,1967,pos,0 days 00:06:20.791000,0 days 01:04:36.303000
2024-07-07 14:09:33.571,OnTrack,-2297,200,1966,pos,0 days 00:06:21.030000,0 days 01:04:36.542000
2024-07-07 14:09:33.831,OnTrack,-2264,356,1964,pos,0 days 00:06:21.290000,0 days 01:04:36.802000
2024-07-07 14:09:33.851,OnTrack,-2261,368,1964,pos,0 days 00:06:21.310000,0 days 01:04:36.822000
2024-07-07 14:09:34.152,OnTrack,-2193,548,1963,pos,0 days 00:06:21.611000,0 days 01:04:37.123000
2024-07-07 14:09:34.391,OnTrack,-2120,688,1962,pos,0 days 00:06:21.850000,0 days 01:04:37.362000
2024-07-07 14:09:34.591,OnTrack,-2051,801,1962,pos,0 days 00:06:22.050000,0 days 01:04:37.562000
2024-07-07 14:09:34.851,OnTrack,-1950,944,1962,pos,0 days 00:06:22.310000,0 days 01:04:37.822000
2024-07-07 14:09:34.972,OnTrack,-1817,1127,1963,pos,0 days 00:06:22.431000,0 days 01:04:37.943000
2024-07-07 14:09:35.351,OnTrack,-1722,1256,1964,pos,0 days 00:06:22.810000,0 days 01:04:38.322000
2024-07-07 14:09:35.631,OnTrack,-1595,1419,1965,pos,0 days 00:06:23.090000,0 days 01:04:38.602000
2024-07-07 14:09:35.832,OnTrack,-1505,1531,1966,pos,0 days 00:06:23.291000,0 days 01:04:38.803000
2024-07-07 14:09:35.971,OnTrack,-1446,1605,1966,pos,0 days 00:06:23.430000,0 days 01:04:38.942000
2024-07-07 14:09:36.152,OnTrack,-1361,1715,1967,pos,0 days 00:06:23.611000,0 days 01:04:39.123000
2024-07-07 14:09:36.412,OnTrack,-1246,1871,1969,pos,0 days 00:06:23.871000,0 days 01:04:39.383000
2024-07-07 14:09:36.571,OnTrack,-1176,1969,1970,pos,0 days 00:06:24.030000,0 days 01:04:39.542000
2024-07-07 14:09:36.752,OnTrack,-1095,2079,1972,pos,0 days 00:06:24.211000,0 days 01:04:39.723000
2024-07-07 14:09:37.091,OnTrack,-888,2365,1976,pos,0 days 00:06:24.550000,0 days 01:04:40.062000
2024-07-07 14:09:37.472,OnTrack,-769,2528,1979,pos,0 days 00:06:24.931000,0 days 01:04:40.443000
2024-07-07 14:09:37.732,OnTrack,-587,2784,1983,pos,0 days 00:06:25.191000,0 days 01:04:40.703000
2024-07-07 14:09:37.971,OnTrack,-542,2850,1984,pos,0 days 00:06:25.430000,0 days 01:04:40.942000
2024-07-07 14:09:38.271,OnTrack,-408,3048,1988,pos,0 days 00:06:25.730000,0 days 01:04:41.242000
2024-07-07 14:09:38.451,OnTrack,-328,3169,1990,pos,0 days 00:06:25.910000,0 days 01:04:41.422000
2024-07-07 14:09:38.711,OnTrack,-212,3344,1993,pos,0 days 00:06:26.170000,0 days 01:04:41.682000
2024-07-07 14:09:38.971,OnTrack,-72,3543,1996,pos,0 days 00:06:26.430000,0 days 01:04:41.942000
2024-07-07 14:09:39.371,OnTrack,166,3856,2002,pos,0 days 00:06:26.830000,0 days 01:04:42.342000
2024-07-07 14:09:39.631,OnTrack,240,3944,2005,pos,0 days 00:06:27.090000,0 days 01:04:42.602000
2024-07-07 14:09:39.892,OnTrack,378,4094,2009,pos,0 days 00:06:27.351000,0 days 01:04:42.863000
2024-07-07 14:09:40.051,OnTrack,471,4183,2011,pos,0 days 00:06:27.510000,0 days 01:04:43.022000
2024-07-07 14:09:40.231,OnTrack,584,4275,2011,pos,0 days 00:06:27.690000,0 days 01:04:43.202000
2024-07-07 14:09:40.571,OnTrack,820,4408,2013,pos,0 days 00:06:28.030000,0 days 01:04:43.542000
2024-07-07 14:09:40.791,OnTrack,980,4464,2015,pos,0 days 00:06:28.250000,0 days 01:04:43.762000
2024-07-07 14:09:40.911,OnTrack,1083,4488,2015,pos,0 days 00:06:28.370000,0 days 01:04:43.882000
2024-07-07 14:09:41.091,OnTrack,1227,4510,2016,pos,0 days 00:06:28.550000,0 days 01:04:44.062000
2024-07-07 14:09:41.411,OnTrack,1479,4520,2019,pos,0 days 00:06:28.870000,0 days 01:04:44.382000
2024-07-07 14:09:41.651,OnTrack,1680,4513,2022,pos,0 days 00:06:29.110000,0 days 01:04:44.622000
2024-07-07 14:09:41.772,OnTrack,1775,4504,2023,pos,0 days 00:06:29.231000,0 days 01:04:44.743000
2024-07-07 14:09:42.011,OnTrack,2079,4464,2026,pos,0 days 00:06:29.470000,0 days 01:04:44.982000
2024-07-07 14:09:42.352,OnTrack,2239,4447,2027,pos,0 days 00:06:29.811000,0 days 01:04:45.323000
2024-07-07 14:09:42.652,OnTrack,2592,4442,2032,pos,0 days 00:06:30.111000,0 days 01:04:45.623000
2024-07-07 14:09:42.972,OnTrack,2734,4456,2034,pos,0 days 00:06:30.431000,0 days 01:04:45.943000
2024-07-07 14:09:43.232,OnTrack,3053,4537,2039,pos,0 days 00:06:30.691000,0 days 01:04:46.203000
2024-07-07 14:09:43.732,OnTrack,3354,4685,2044,pos,0 days 00:06:31.191000,0 days 01:04:46.703000
2024-07-07 14:09:44.112,OnTrack,3574,4845,2048,pos,0 days 00:06:31.571000,0 days 01:04:47.083000
2024-07-07 14:09:44.352,OnTrack,3716,4972,2049,pos,0 days 00:06:31.811000,0 days 01:04:47.323000
2024-07-07 14:09:44.511,OnTrack,3807,5061,2049,pos,0 days 00:06:31.970000,0 days 01:04:47.482000
2024-07-07 14:09:44.771,OnTrack,3945,5202,2050,pos,0 days 00:06:32.230000,0 days 01:04:47.742000
2024-07-07 14:09:44.931,OnTrack,4039,5294,2051,pos,0 days 00:06:32.390000,0 days 01:04:47.902000
2024-07-07 14:09:45.211,OnTrack,4192,5438,2052,pos,0 days 00:06:32.670000,0 days 01:04:48.182000
2024-07-07 14:09:45.411,OnTrack,4347,5577,2054,pos,0 days 00:06:32.870000,0 days 01:04:48.382000
2024-07-07 14:09:45.691,OnTrack,4413,5633,2054,pos,0 days 00:06:33.150000,0 days 01:04:48.662000
2024-07-07 14:09:46.011,OnTrack,4541,5738,2055,pos,0 days 00:06:33.470000,0 days 01:04:48.982000
2024-07-07 14:09:46.132,OnTrack,4587,5775,2055,pos,0 days 00:06:33.591000,0 days 01:04:49.103000
2024-07-07 14:09:46.412,OnTrack,4682,5840,2055,pos,0 days 00:06:33.871000,0 days 01:04:49.383000
2024-07-07 14:09:46.631,OnTrack,4793,5886,2054,pos,0 days 00:06:34.090000,0 days 01:04:49.602000
2024-07-07 14:09:46.891,OnTrack,4850,5897,2054,pos,0 days 00:06:34.350000,0 days 01:04:49.862000
2024-07-07 14:09:47.252,OnTrack,5007,5892,2053,pos,0 days 00:06:34.711000,0 days 01:04:50.223000
2024-07-07 14:09:47.631,OnTrack,5089,5868,2054,pos,0 days 00:06:35.090000,0 days 01:04:50.602000
2024-07-07 14:09:47.851,OnTrack,5146,5838,2055,pos,0 days 00:06:35.310000,0 days 01:04:50.822000
2024-07-07 14:09:47.931,OnTrack,5165,5826,2055,pos,0 days 00:06:35.390000,0 days 01:04:50.902000
2024-07-07 14:09:48.151,OnTrack,5213,5788,2056,pos,0 days 00:06:35.610000,0 days 01:04:51.122000
2024-07-07 14:09:48.431,OnTrack,5264,5734,2058,pos,0 days 00:06:35.890000,0 days 01:04:51.402000
2024-07-07 14:09:48.672,OnTrack,5313,5657,2059,pos,0 days 00:06:36.131000,0 days 01:04:51.643000
2024-07-07 14:09:49.011,OnTrack,5338,5595,2059,pos,0 days 00:06:36.470000,0 days 01:04:51.982000
2024-07-07 14:09:49.232,OnTrack,5356,5534,2059,pos,0 days 00:06:36.691000,0 days 01:04:52.203000
2024-07-07 14:09:49.472,OnTrack,5372,5465,2060,pos,0 days 00:06:36.931000,0 days 01:04:52.443000
2024-07-07 14:09:49.692,OnTrack,5384,5366,2061,pos,0 days 00:06:37.151000,0 days 01:04:52.663000
2024-07-07 14:09:50.032,OnTrack,5391,5287,2062,pos,0 days 00:06:37.491000,0 days 01:04:53.003000
2024-07-07 14:09:50.352,OnTrack,5403,5179,2064,pos,0 days 00:06:37.811000,0 days 01:04:53.323000
2024-07-07 14:09:50.691,OnTrack,5423,5082,2065,pos,0 days 00:06:38.150000,0 days 01:04:53.662000
2024-07-07 14:09:50.970,OnTrack,5455,4995,2066,pos,0 days 00:06:38.429000,0 days 01:04:53.941000
2024-07-07 14:09:51.091,OnTrack,5472,4961,2066,pos,0 days 00:06:38.550000,0 days 01:04:54.062000
2024-07-07 14:09:51.371,OnTrack,5537,4870,2066,pos,0 days 00:06:38.830000,0 days 01:04:54.342000
2024-07-07 14:09:51.691,OnTrack,5579,4827,2065,pos,0 days 00:06:39.150000,0 days 01:04:54.662000
2024-07-07 14:09:51.931,OnTrack,5625,4789,2064,pos,0 days 00:06:39.390000,0 days 01:04:54.902000
2024-07-07 14:09:52.131,OnTrack,5669,4762,2064,pos,0 days 00:06:39.590000,0 days 01:04:55.102000
2024-07-07 14:09:52.351,OnTrack,5716,4740,2065,pos,0 days 00:06:39.810000,0 days 01:04:55.322000
2024-07-07 14:09:52.611,OnTrack,5800,4732,2064,pos,0 days 00:06:40.070000,0 days 01:04:55.582000
2024-07-07 14:09:53.472,OnTrack,5950,4820,2064,pos,0 days 00:06:40.931000,0 days 01:04:56.443000
2024-07-07 14:09:53.651,OnTrack,5981,4852,2064,pos,0 days 00:06:41.110000,0 days 01:04:56.622000
2024-07-07 14:09:53.871,OnTrack,6015,4892,2064,pos,0 days 00:06:41.330000,0 days 01:04:56.842000
2024-07-07 14:09:54.191,OnTrack,6067,4962,2065,pos,0 days 00:06:41.650000,0 days 01:04:57.162000
2024-07-07 14:09:54.352,OnTrack,6089,4997,2065,pos,0 days 00:06:41.811000,0 days 01:04:57.323000
2024-07-07 14:09:54.552,OnTrack,6120,5051,2065,pos,0 days 00:06:42.011000,0 days 01:04:57.523000
2024-07-07 14:09:54.771,OnTrack,6150,5114,2065,pos,0 days 00:06:42.230000,0 days 01:04:57.742000
2024-07-07 14:09:54.932,OnTrack,6172,5163,2065,pos,0 days 00:06:42.391000,0 days 01:04:57.903000
2024-07-07 14:09:55.212,OnTrack,6211,5268,2065,pos,0 days 00:06:42.671000,0 days 01:04:58.183000
2024-07-07 14:09:55.591,OnTrack,6265,5453,2065,pos,0 days 00:06:43.050000,0 days 01:04:58.562000
2024-07-07 14:09:55.912,OnTrack,6284,5532,2065,pos,0 days 00:06:43.371000,0 days 01:04:58.883000
2024-07-07 14:09:56.292,OnTrack,6328,5798,2064,pos,0 days 00:06:43.751000,0 days 01:04:59.263000
2024-07-07 14:09:56.612,OnTrack,6332,5916,2064,pos,0 days 00:06:44.071000,0 days 01:04:59.583000
2024-07-07 14:09:56.872,OnTrack,6318,6123,2064,pos,0 days 00:06:44.331000,0 days 01:04:59.843000
2024-07-07 14:09:57.272,OnTrack,6272,6351,2063,pos,0 days 00:06:44.731000,0 days 01:05:00.243000
2024-07-07 14:09:57.691,OnTrack,6211,6523,2062,pos,0 days 00:06:45.150000,0 days 01:05:00.662000
2024-07-07 14:09:57.951,OnTrack,6100,6733,2063,pos,0 days 00:06:45.410000,0 days 01:05:00.922000
2024-07-07 14:09:58.291,OnTrack,6021,6850,2064,pos,0 days 00:06:45.750000,0 days 01:05:01.262000
2024-07-07 14:09:58.571,OnTrack,5841,7058,2064,pos,0 days 00:06:46.030000,0 days 01:05:01.542000
2024-07-07 14:09:58.891,OnTrack,5753,7140,2064,pos,0 days 00:06:46.350000,0 days 01:05:01.862000
2024-07-07 14:09:59.071,OnTrack,5658,7220,2064,pos,0 days 00:06:46.530000,0 days 01:05:02.042000
2024-07-07 14:09:59.291,OnTrack,5460,7376,2064,pos,0 days 00:06:46.750000,0 days 01:05:02.262000
2024-07-07 14:09:59.771,OnTrack,5268,7524,2064,pos,0 days 00:06:47.230000,0 days 01:05:02.742000
2024-07-07 14:09:59.951,OnTrack,5166,7606,2064,pos,0 days 00:06:47.410000,0 days 01:05:02.922000
2024-07-07 14:10:00.171,OnTrack,4963,7774,2064,pos,0 days 00:06:47.630000,0 days 01:05:03.142000
2024-07-07 14:10:00.531,OnTrack,4729,7973,2064,pos,0 days 00:06:47.990000,0 days 01:05:03.502000
2024-07-07 14:10:01.051,OnTrack,4507,8164,2065,pos,0 days 00:06:48.510000,0 days 01:05:04.022000
2024-07-07 14:10:01.251,OnTrack,4364,8287,2064,pos,0 days 00:06:48.710000,0 days 01:05:04.222000
2024-07-07 14:10:01.491,OnTrack,4244,8390,2064,pos,0 days 00:06:48.950000,0 days 01:05:04.462000
2024-07-07 14:10:01.771,OnTrack,4000,8599,2063,pos,0 days 00:06:49.230000,0 days 01:05:04.742000
2024-07-07 14:10:02.172,OnTrack,3741,8825,2063,pos,0 days 00:06:49.631000,0 days 01:05:05.143000
2024-07-07 14:10:02.532,OnTrack,3604,8945,2063,pos,0 days 00:06:49.991000,0 days 01:05:05.503000
2024-07-07 14:10:02.891,OnTrack,3315,9198,2063,pos,0 days 00:06:50.350000,0 days 01:05:05.862000
2024-07-07 14:10:03.171,OnTrack,3201,9298,2064,pos,0 days 00:06:50.630000,0 days 01:05:06.142000
2024-07-07 14:10:03.392,OnTrack,3061,9421,2063,pos,0 days 00:06:50.851000,0 days 01:05:06.363000
2024-07-07 14:10:03.732,OnTrack,2843,9612,2061,pos,0 days 00:06:51.191000,0 days 01:05:06.703000
2024-07-07 14:10:03.952,OnTrack,2636,9791,2059,pos,0 days 00:06:51.411000,0 days 01:05:06.923000
2024-07-07 14:10:04.251,OnTrack,2513,9898,2058,pos,0 days 00:06:51.710000,0 days 01:05:07.222000
2024-07-07 14:10:04.590,OnTrack,2259,10123,2054,pos,0 days 00:06:52.049000,0 days 01:05:07.561000
2024-07-07 14:10:04.891,OnTrack,2081,10283,2051,pos,0 days 00:06:52.350000,0 days 01:05:07.862000
2024-07-07 14:10:05.191,OnTrack,1799,10532,2046,pos,0 days 00:06:52.650000,0 days 01:05:08.162000
2024-07-07 14:10:05.611,OnTrack,1627,10672,2044,pos,0 days 00:06:53.070000,0 days 01:05:08.582000
2024-07-07 14:10:05.831,OnTrack,1467,10780,2041,pos,0 days 00:06:53.290000,0 days 01:05:08.802000
2024-07-07 14:10:06.131,OnTrack,1319,10859,2039,pos,0 days 00:06:53.590000,0 days 01:05:09.102000
2024-07-07 14:10:06.331,OnTrack,1206,10902,2037,pos,0 days 00:06:53.790000,0 days 01:05:09.302000
2024-07-07 14:10:06.532,OnTrack,1099,10933,2036,pos,0 days 00:06:53.991000,0 days 01:05:09.503000
2024-07-07 14:10:06.711,OnTrack,1006,10946,2035,pos,0 days 00:06:54.170000,0 days 01:05:09.682000
2024-07-07 14:10:07.092,OnTrack,810,10947,2034,pos,0 days 00:06:54.551000,0 days 01:05:10.063000
2024-07-07 14:10:07.251,OnTrack,736,10941,2033,pos,0 days 00:06:54.710000,0 days 01:05:10.222000
2024-07-07 14:10:07.352,OnTrack,693,10933,2033,pos,0 days 00:06:54.811000,0 days 01:05:10.323000
2024-07-07 14:10:07.652,OnTrack,528,10869,2032,pos,0 days 00:06:55.111000,0 days 01:05:10.623000
2024-07-07 14:10:07.972,OnTrack,451,10821,2032,pos,0 days 00:06:55.431000,0 days 01:05:10.943000
2024-07-07 14:10:08.232,OnTrack,378,10749,2032,pos,0 days 00:06:55.691000,0 days 01:05:11.203000
2024-07-07 14:10:08.532,OnTrack,297,10628,2033,pos,0 days 00:06:55.991000,0 days 01:05:11.503000
2024-07-07 14:10:08.972,OnTrack,234,10489,2033,pos,0 days 00:06:56.431000,0 days 01:05:11.943000
2024-07-07 14:10:09.151,OnTrack,214,10421,2033,pos,0 days 00:06:56.610000,0 days 01:05:12.122000
2024-07-07 14:10:09.252,OnTrack,206,10381,2033,pos,0 days 00:06:56.711000,0 days 01:05:12.223000
2024-07-07 14:10:09.552,OnTrack,193,10252,2033,pos,0 days 00:06:57.011000,0 days 01:05:12.523000
2024-07-07 14:10:09.731,OnTrack,189,10172,2034,pos,0 days 00:06:57.190000,0 days 01:05:12.702000
2024-07-07 14:10:09.952,OnTrack,180,10008,2035,pos,0 days 00:06:57.411000,0 days 01:05:12.923000
2024-07-07 14:10:10.252,OnTrack,172,9933,2035,pos,0 days 00:06:57.711000,0 days 01:05:13.223000
2024-07-07 14:10:10.452,OnTrack,154,9836,2036,pos,0 days 00:06:57.911000,0 days 01:05:13.423000
2024-07-07 14:10:10.751,OnTrack,104,9716,2038,pos,0 days 00:06:58.210000,0 days 01:05:13.722000
2024-07-07 14:10:10.971,OnTrack,33,9618,2039,pos,0 days 00:06:58.430000,0 days 01:05:13.942000
2024-07-07 14:10:11.311,OnTrack,-27,9560,2039,pos,0 days 00:06:58.770000,0 days 01:05:14.282000
2024-07-07 14:10:11.531,OnTrack,-87,9516,2040,pos,0 days 00:06:58.990000,0 days 01:05:14.502000
2024-07-07 14:10:11.731,OnTrack,-144,9485,2041,pos,0 days 00:06:59.190000,0 days 01:05:14.702000
2024-07-07 14:10:11.951,OnTrack,-249,9449,2041,pos,0 days 00:06:59.410000,0 days 01:05:14.922000
2024-07-07 14:10:12.451,OnTrack,-377,9445,2041,pos,0 days 00:06:59.910000,0 days 01:05:15.422000
2024-07-07 14:10:12.792,OnTrack,-439,9461,2040,pos,0 days 00:07:00.251000,0 days 01:05:15.763000
2024-07-07 14:10:13.051,OnTrack,-514,9500,2039,pos,0 days 00:07:00.510000,0 days 01:05:16.022000
2024-07-07 14:10:13.311,OnTrack,-557,9531,2038,pos,0 days 00:07:00.770000,0 days 01:05:16.282000
2024-07-07 14:10:13.632,OnTrack,-620,9593,2037,pos,0 days 00:07:01.091000,0 days 01:05:16.603000
2024-07-07 14:10:13.872,OnTrack,-662,9649,2036,pos,0 days 00:07:01.331000,0 days 01:05:16.843000
2024-07-07 14:10:14.091,OnTrack,-702,9719,2035,pos,0 days 00:07:01.550000,0 days 01:05:17.062000
2024-07-07 14:10:14.452,OnTrack,-741,9817,2033,pos,0 days 00:07:01.911000,0 days 01:05:17.423000
2024-07-07 14:10:14.611,OnTrack,-755,9870,2033,pos,0 days 00:07:02.070000,0 days 01:05:17.582000
2024-07-07 14:10:14.831,OnTrack,-774,9998,2032,pos,0 days 00:07:02.290000,0 days 01:05:17.802000
2024-07-07 14:10:15.211,OnTrack,-776,10088,2031,pos,0 days 00:07:02.670000,0 days 01:05:18.182000
2024-07-07 14:10:15.471,OnTrack,-767,10200,2031,pos,0 days 00:07:02.930000,0 days 01:05:18.442000
2024-07-07 14:10:15.771,OnTrack,-746,10327,2030,pos,0 days 00:07:03.230000,0 days 01:05:18.742000
2024-07-07 14:10:15.932,OnTrack,-714,10454,2029,pos,0 days 00:07:03.391000,0 days 01:05:18.903000
2024-07-07 14:10:16.392,OnTrack,-633,10676,2026,pos,0 days 00:07:03.851000,0 days 01:05:19.363000
2024-07-07 14:10:16.752,OnTrack,-555,10847,2023,pos,0 days 00:07:04.211000,0 days 01:05:19.723000
2024-07-07 14:10:17.172,OnTrack,-470,11012,2022,pos,0 days 00:07:04.631000,0 days 01:05:20.143000
2024-07-07 14:10:17.411,OnTrack,-402,11138,2021,pos,0 days 00:07:04.870000,0 days 01:05:20.382000
2024-07-07 14:10:17.611,OnTrack,-301,11309,2021,pos,0 days 00:07:05.070000,0 days 01:05:20.582000
2024-07-07 14:10:18.011,OnTrack,-204,11451,2021,pos,0 days 00:07:05.470000,0 days 01:05:20.982000
2024-07-07 14:10:18.171,OnTrack,-138,11541,2021,pos,0 days 00:07:05.630000,0 days 01:05:21.142000
2024-07-07 14:10:18.431,OnTrack,23,11736,2021,pos,0 days 00:07:05.890000,0 days 01:05:21.402000
2024-07-07 14:10:18.731,OnTrack,106,11825,2022,pos,0 days 00:07:06.190000,0 days 01:05:21.702000
2024-07-07 14:10:19.011,OnTrack,240,11957,2024,pos,0 days 00:07:06.470000,0 days 01:05:21.982000
2024-07-07 14:10:19.951,OnTrack,773,12366,2024,pos,0 days 00:07:07.410000,0 days 01:05:22.922000
2024-07-07 14:10:20.251,OnTrack,978,12470,2025,pos,0 days 00:07:07.710000,0 days 01:05:23.222000
2024-07-07 14:10:20.432,OnTrack,1102,12523,2025,pos,0 days 00:07:07.891000,0 days 01:05:23.403000
2024-07-07 14:10:20.692,OnTrack,1287,12592,2025,pos,0 days 00:07:08.151000,0 days 01:05:23.663000
2024-07-07 14:10:20.851,OnTrack,1404,12629,2025,pos,0 days 00:07:08.310000,0 days 01:05:23.822000
2024-07-07 14:10:21.071,OnTrack,1566,12674,2025,pos,0 days 00:07:08.530000,0 days 01:05:24.042000
2024-07-07 14:10:21.252,OnTrack,1702,12706,2026,pos,0 days 00:07:08.711000,0 days 01:05:24.223000
2024-07-07 14:10:21.532,OnTrack,2057,12769,2028,pos,0 days 00:07:08.991000,0 days 01:05:24.503000
2024-07-07 14:10:21.792,OnTrack,2166,12784,2029,pos,0 days 00:07:09.251000,0 days 01:05:24.763000
2024-07-07 14:10:22.011,OnTrack,2340,12804,2030,pos,0 days 00:07:09.470000,0 days 01:05:24.982000
2024-07-07 14:10:22.191,OnTrack,2483,12820,2031,pos,0 days 00:07:09.650000,0 days 01:05:25.162000
2024-07-07 14:10:22.491,OnTrack,2834,12857,2034,pos,0 days 00:07:09.950000,0 days 01:05:25.462000
2024-07-07 14:10:22.791,OnTrack,2963,12869,2036,pos,0 days 00:07:10.250000,0 days 01:05:25.762000
2024-07-07 14:10:23.132,OnTrack,3334,12908,2039,pos,0 days 00:07:10.591000,0 days 01:05:26.103000
2024-07-07 14:10:23.572,OnTrack,3657,12944,2040,pos,0 days 00:07:11.031000,0 days 01:05:26.543000
2024-07-07 14:10:23.971,OnTrack,3916,12973,2042,pos,0 days 00:07:11.430000,0 days 01:05:26.942000
2024-07-07 14:10:24.151,OnTrack,4061,12990,2043,pos,0 days 00:07:11.610000,0 days 01:05:27.122000
2024-07-07 14:10:24.351,OnTrack,4223,13011,2044,pos,0 days 00:07:11.810000,0 days 01:05:27.322000
2024-07-07 14:10:24.470,OnTrack,4321,13024,2045,pos,0 days 00:07:11.929000,0 days 01:05:27.441000
2024-07-07 14:10:24.631,OnTrack,4451,13041,2046,pos,0 days 00:07:12.090000,0 days 01:05:27.602000
2024-07-07 14:10:24.971,OnTrack,4839,13089,2048,pos,0 days 00:07:12.430000,0 days 01:05:27.942000
2024-07-07 14:10:25.351,OnTrack,5032,13107,2048,pos,0 days 00:07:12.810000,0 days 01:05:28.322000
2024-07-07 14:10:25.611,OnTrack,5312,13112,2050,pos,0 days 00:07:13.070000,0 days 01:05:28.582000
2024-07-07 14:10:25.931,OnTrack,5479,13089,2050,pos,0 days 00:07:13.390000,0 days 01:05:28.902000
2024-07-07 14:10:26.171,OnTrack,5657,13044,2051,pos,0 days 00:07:13.630000,0 days 01:05:29.142000
2024-07-07 14:10:26.392,OnTrack,5809,12984,2052,pos,0 days 00:07:13.851000,0 days 01:05:29.363000
2024-07-07 14:10:26.491,OnTrack,5875,12951,2053,pos,0 days 00:07:13.950000,0 days 01:05:29.462000
2024-07-07 14:10:26.732,OnTrack,6026,12858,2054,pos,0 days 00:07:14.191000,0 days 01:05:29.703000
2024-07-07 14:10:26.972,OnTrack,6159,12753,2055,pos,0 days 00:07:14.431000,0 days 01:05:29.943000
2024-07-07 14:10:27.151,OnTrack,6259,12657,2055,pos,0 days 00:07:14.610000,0 days 01:05:30.122000
2024-07-07 14:10:27.371,OnTrack,6359,12533,2056,pos,0 days 00:07:14.830000,0 days 01:05:30.342000
2024-07-07 14:10:27.671,OnTrack,6504,12270,2057,pos,0 days 00:07:15.130000,0 days 01:05:30.642000
2024-07-07 14:10:27.951,OnTrack,6557,12146,2058,pos,0 days 00:07:15.410000,0 days 01:05:30.922000
2024-07-07 14:10:28.152,OnTrack,6608,12005,2059,pos,0 days 00:07:15.611000,0 days 01:05:31.123000
2024-07-07 14:10:28.372,OnTrack,6658,11847,2061,pos,0 days 00:07:15.831000,0 days 01:05:31.343000
2024-07-07 14:10:28.632,OnTrack,6709,11657,2062,pos,0 days 00:07:16.091000,0 days 01:05:31.603000
2024-07-07 14:10:28.932,OnTrack,6763,11435,2064,pos,0 days 00:07:16.391000,0 days 01:05:31.903000
2024-07-07 14:10:29.972,OnTrack,6920,10513,2071,pos,0 days 00:07:17.431000,0 days 01:05:32.943000
2024-07-07 14:10:30.352,OnTrack,6941,10316,2072,pos,0 days 00:07:17.811000,0 days 01:05:33.323000
2024-07-07 14:10:30.611,OnTrack,6959,10109,2073,pos,0 days 00:07:18.070000,0 days 01:05:33.582000
2024-07-07 14:10:30.911,OnTrack,6975,9805,2074,pos,0 days 00:07:18.370000,0 days 01:05:33.882000
2024-07-07 14:10:31.270,OnTrack,6981,9587,2075,pos,0 days 00:07:18.729000,0 days 01:05:34.241000
2024-07-07 14:10:31.491,OnTrack,6985,9400,2075,pos,0 days 00:07:18.950000,0 days 01:05:34.462000
2024-07-07 14:10:31.551,OnTrack,6986,9351,2074,pos,0 days 00:07:19.010000,0 days 01:05:34.522000
2024-07-07 14:10:31.871,OnTrack,6996,9098,2073,pos,0 days 00:07:19.330000,0 days 01:05:34.842000
2024-07-07 14:10:32.091,OnTrack,7008,8921,2072,pos,0 days 00:07:19.550000,0 days 01:05:35.062000
2024-07-07 14:10:32.331,OnTrack,7040,8676,2071,pos,0 days 00:07:19.790000,0 days 01:05:35.302000
2024-07-07 14:10:32.672,OnTrack,7084,8447,2070,pos,0 days 00:07:20.131000,0 days 01:05:35.643000
2024-07-07 14:10:32.932,OnTrack,7136,8236,2068,pos,0 days 00:07:20.391000,0 days 01:05:35.903000
2024-07-07 14:10:33.091,OnTrack,7169,8116,2067,pos,0 days 00:07:20.550000,0 days 01:05:36.062000
2024-07-07 14:10:33.271,OnTrack,7217,7966,2065,pos,0 days 00:07:20.730000,0 days 01:05:36.242000
2024-07-07 14:10:33.611,OnTrack,7314,7701,2061,pos,0 days 00:07:21.070000,0 days 01:05:36.582000
2024-07-07 14:10:33.651,OnTrack,7324,7678,2061,pos,0 days 00:07:21.110000,0 days 01:05:36.622000
2024-07-07 14:10:33.851,OnTrack,7389,7516,2060,pos,0 days 00:07:21.310000,0 days 01:05:36.822000
2024-07-07 14:10:34.052,OnTrack,7445,7370,2059,pos,0 days 00:07:21.511000,0 days 01:05:37.023000
2024-07-07 14:10:34.372,OnTrack,7516,7127,2058,pos,0 days 00:07:21.831000,0 days 01:05:37.343000
2024-07-07 14:10:34.572,OnTrack,7537,6979,2058,pos,0 days 00:07:22.031000,0 days 01:05:37.543000
2024-07-07 14:10:34.672,OnTrack,7540,6914,2058,pos,0 days 00:07:22.131000,0 days 01:05:37.643000
2024-07-07 14:10:35.031,OnTrack,7497,6559,2059,pos,0 days 00:07:22.490000,0 days 01:05:38.002000
2024-07-07 14:10:35.392,OnTrack,7453,6368,2060,pos,0 days 00:07:22.851000,0 days 01:05:38.363000
2024-07-07 14:10:35.652,OnTrack,7381,6079,2062,pos,0 days 00:07:23.111000,0 days 01:05:38.623000
2024-07-07 14:10:35.932,OnTrack,7359,5977,2062,pos,0 days 00:07:23.391000,0 days 01:05:38.903000
2024-07-07 14:10:36.252,OnTrack,7319,5674,2063,pos,0 days 00:07:23.711000,0 days 01:05:39.223000
2024-07-07 14:10:36.711,OnTrack,7332,5428,2062,pos,0 days 00:07:24.170000,0 days 01:05:39.682000
2024-07-07 14:10:36.932,OnTrack,7387,5237,2061,pos,0 days 00:07:24.391000,0 days 01:05:39.903000
2024-07-07 14:10:37.191,OnTrack,7436,5129,2059,pos,0 days 00:07:24.650000,0 days 01:05:40.162000
2024-07-07 14:10:37.491,OnTrack,7532,4957,2056,pos,0 days 00:07:24.950000,0 days 01:05:40.462000
2024-07-07 14:10:37.571,OnTrack,7559,4913,2056,pos,0 days 00:07:25.030000,0 days 01:05:40.542000
2024-07-07 14:10:37.891,OnTrack,7658,4745,2053,pos,0 days 00:07:25.350000,0 days 01:05:40.862000
2024-07-07 14:10:38.151,OnTrack,7733,4586,2051,pos,0 days 00:07:25.610000,0 days 01:05:41.122000
2024-07-07 14:10:38.571,OnTrack,7784,4384,2049,pos,0 days 00:07:26.030000,0 days 01:05:41.542000
2024-07-07 14:10:38.591,OnTrack,7786,4373,2049,pos,0 days 00:07:26.050000,0 days 01:05:41.562000
2024-07-07 14:10:38.831,OnTrack,7788,4247,2046,pos,0 days 00:07:26.290000,0 days 01:05:41.802000
2024-07-07 14:10:39.151,OnTrack,7760,4081,2044,pos,0 days 00:07:26.610000,0 days 01:05:42.122000
2024-07-07 14:10:39.351,OnTrack,7728,3980,2042,pos,0 days 00:07:26.810000,0 days 01:05:42.322000
2024-07-07 14:10:39.571,OnTrack,7682,3873,2040,pos,0 days 00:07:27.030000,0 days 01:05:42.542000
2024-07-07 14:10:39.611,OnTrack,7672,3853,2040,pos,0 days 00:07:27.070000,0 days 01:05:42.582000
2024-07-07 14:10:39.911,OnTrack,7546,3658,2038,pos,0 days 00:07:27.370000,0 days 01:05:42.882000
2024-07-07 14:10:40.312,OnTrack,7436,3544,2036,pos,0 days 00:07:27.771000,0 days 01:05:43.283000
2024-07-07 14:10:40.612,OnTrack,7289,3440,2034,pos,0 days 00:07:28.071000,0 days 01:05:43.583000
2024-07-07 14:10:40.771,OnTrack,7202,3392,2033,pos,0 days 00:07:28.230000,0 days 01:05:43.742000
2024-07-07 14:10:40.971,OnTrack,7090,3334,2031,pos,0 days 00:07:28.430000,0 days 01:05:43.942000
2024-07-07 14:10:41.132,OnTrack,7001,3286,2031,pos,0 days 00:07:28.591000,0 days 01:05:44.103000
2024-07-07 14:10:41.311,OnTrack,6904,3226,2030,pos,0 days 00:07:28.770000,0 days 01:05:44.282000
2024-07-07 14:10:41.551,OnTrack,6788,3133,2028,pos,0 days 00:07:29.010000,0 days 01:05:44.522000
2024-07-07 14:10:41.851,OnTrack,6639,2985,2028,pos,0 days 00:07:29.310000,0 days 01:05:44.822000
2024-07-07 14:10:42.012,OnTrack,6510,2843,2028,pos,0 days 00:07:29.471000,0 days 01:05:44.983000
2024-07-07 14:10:42.391,OnTrack,6389,2689,2027,pos,0 days 00:07:29.850000,0 days 01:05:45.362000
2024-07-07 14:10:42.671,OnTrack,6231,2444,2026,pos,0 days 00:07:30.130000,0 days 01:05:45.642000
2024-07-07 14:10:42.931,OnTrack,6181,2354,2026,pos,0 days 00:07:30.390000,0 days 01:05:45.902000
2024-07-07 14:10:43.152,OnTrack,6107,2217,2025,pos,0 days 00:07:30.611000,0 days 01:05:46.123000
2024-07-07 14:10:43.452,OnTrack,6006,2016,2025,pos,0 days 00:07:30.911000,0 days 01:05:46.423000
2024-07-07 14:10:43.711,OnTrack,5916,1831,2024,pos,0 days 00:07:31.170000,0 days 01:05:46.682000
2024-07-07 14:10:43.871,OnTrack,5862,1720,2023,pos,0 days 00:07:31.330000,0 days 01:05:46.842000
2024-07-07 14:10:44.050,OnTrack,5753,1494,2023,pos,0 days 00:07:31.509000,0 days 01:05:47.021000
2024-07-07 14:10:44.571,OnTrack,5622,1222,2021,pos,0 days 00:07:32.030000,0 days 01:05:47.542000
2024-07-07 14:10:44.731,OnTrack,5567,1105,2020,pos,0 days 00:07:32.190000,0 days 01:05:47.702000
2024-07-07 14:10:45.011,OnTrack,5466,894,2019,pos,0 days 00:07:32.470000,0 days 01:05:47.982000
2024-07-07 14:10:45.231,OnTrack,5345,641,2017,pos,0 days 00:07:32.690000,0 days 01:05:48.202000
2024-07-07 14:10:45.551,OnTrack,5221,384,2015,pos,0 days 00:07:33.010000,0 days 01:05:48.522000
2024-07-07 14:10:45.951,OnTrack,5124,186,2013,pos,0 days 00:07:33.410000,0 days 01:05:48.922000
2024-07-07 14:10:46.211,OnTrack,5028,-13,2012,pos,0 days 00:07:33.670000,0 days 01:05:49.182000
2024-07-07 14:10:46.431,OnTrack,4945,-184,2011,pos,0 days 00:07:33.890000,0 days 01:05:49.402000
2024-07-07 14:10:46.592,OnTrack,4885,-309,2010,pos,0 days 00:07:34.051000,0 days 01:05:49.563000
2024-07-07 14:10:46.892,OnTrack,4772,-545,2009,pos,0 days 00:07:34.351000,0 days 01:05:49.863000
2024-07-07 14:10:47.092,OnTrack,4674,-749,2008,pos,0 days 00:07:34.551000,0 days 01:05:50.063000
2024-07-07 14:10:47.392,OnTrack,4583,-936,2006,pos,0 days 00:07:34.851000,0 days 01:05:50.363000
2024-07-07 14:10:47.672,OnTrack,4420,-1271,2003,pos,0 days 00:07:35.131000,0 days 01:05:50.643000
2024-07-07 14:10:47.972,OnTrack,4358,-1399,2002,pos,0 days 00:07:35.431000,0 days 01:05:50.943000
2024-07-07 14:10:48.192,OnTrack,4271,-1574,1999,pos,0 days 00:07:35.651000,0 days 01:05:51.163000
2024-07-07 14:10:48.371,OnTrack,4199,-1718,1998,pos,0 days 00:07:35.830000,0 days 01:05:51.342000
2024-07-07 14:10:48.631,OnTrack,4095,-1926,1995,pos,0 days 00:07:36.090000,0 days 01:05:51.602000
2024-07-07 14:10:48.792,OnTrack,4030,-2054,1994,pos,0 days 00:07:36.251000,0 days 01:05:51.763000
2024-07-07 14:10:49.052,OnTrack,3924,-2262,1994,pos,0 days 00:07:36.511000,0 days 01:05:52.023000
2024-07-07 14:10:49.272,OnTrack,3832,-2438,1994,pos,0 days 00:07:36.731000,0 days 01:05:52.243000
2024-07-07 14:10:49.432,OnTrack,3764,-2568,1995,pos,0 days 00:07:36.891000,0 days 01:05:52.403000
2024-07-07 14:10:49.632,OnTrack,3680,-2727,1996,pos,0 days 00:07:37.091000,0 days 01:05:52.603000
2024-07-07 14:10:49.912,OnTrack,3559,-2948,2000,pos,0 days 00:07:37.371000,0 days 01:05:52.883000
2024-07-07 14:10:50.192,OnTrack,3374,-3268,2006,pos,0 days 00:07:37.651000,0 days 01:05:53.163000
2024-07-07 14:10:50.590,OnTrack,3213,-3512,2012,pos,0 days 00:07:38.049000,0 days 01:05:53.561000
2024-07-07 14:10:50.931,OnTrack,3040,-3724,2017,pos,0 days 00:07:38.390000,0 days 01:05:53.902000
2024-07-07 14:10:51.451,OnTrack,2807,-3929,2022,pos,0 days 00:07:38.910000,0 days 01:05:54.422000
2024-07-07 14:10:51.712,OnTrack,2724,-3980,2024,pos,0 days 00:07:39.171000,0 days 01:05:54.683000
2024-07-07 14:10:51.951,OnTrack,2597,-4042,2026,pos,0 days 00:07:39.410000,0 days 01:05:54.922000
2024-07-07 14:10:52.231,OnTrack,2426,-4096,2029,pos,0 days 00:07:39.690000,0 days 01:05:55.202000
2024-07-07 14:10:52.532,OnTrack,2308,-4114,2030,pos,0 days 00:07:39.991000,0 days 01:05:55.503000
2024-07-07 14:10:52.871,OnTrack,2124,-4108,2032,pos,0 days 00:07:40.330000,0 days 01:05:55.842000
2024-07-07 14:10:52.971,OnTrack,2070,-4099,2032,pos,0 days 00:07:40.430000,0 days 01:05:55.942000
2024-07-07 14:10:53.151,OnTrack,1975,-4076,2033,pos,0 days 00:07:40.610000,0 days 01:05:56.122000
2024-07-07 14:10:53.511,OnTrack,1734,-3967,2033,pos,0 days 00:07:40.970000,0 days 01:05:56.482000
2024-07-07 14:10:53.811,OnTrack,1650,-3909,2032,pos,0 days 00:07:41.270000,0 days 01:05:56.782000
2024-07-07 14:10:54.031,OnTrack,1554,-3827,2031,pos,0 days 00:07:41.490000,0 days 01:05:57.002000
2024-07-07 14:10:54.331,OnTrack,1435,-3701,2030,pos,0 days 00:07:41.790000,0 days 01:05:57.302000
2024-07-07 14:10:54.492,OnTrack,1377,-3627,2029,pos,0 days 00:07:41.951000,0 days 01:05:57.463000
2024-07-07 14:10:54.671,OnTrack,1316,-3539,2027,pos,0 days 00:07:42.130000,0 days 01:05:57.642000
2024-07-07 14:10:54.951,OnTrack,1228,-3391,2024,pos,0 days 00:07:42.410000,0 days 01:05:57.922000
2024-07-07 14:10:55.052,OnTrack,1158,-3257,2020,pos,0 days 00:07:42.511000,0 days 01:05:58.023000
2024-07-07 14:10:55.532,OnTrack,1054,-3065,2013,pos,0 days 00:07:42.991000,0 days 01:05:58.503000
2024-07-07 14:10:55.731,OnTrack,988,-2951,2008,pos,0 days 00:07:43.190000,0 days 01:05:58.702000
2024-07-07 14:10:55.892,OnTrack,931,-2861,2004,pos,0 days 00:07:43.351000,0 days 01:05:58.863000
2024-07-07 14:10:56.192,OnTrack,765,-2626,1993,pos,0 days 00:07:43.651000,0 days 01:05:59.163000
2024-07-07 14:10:56.432,OnTrack,716,-2559,1990,pos,0 days 00:07:43.891000,0 days 01:05:59.403000
2024-07-07 14:10:56.792,OnTrack,565,-2356,1985,pos,0 days 00:07:44.251000,0 days 01:05:59.763000
2024-07-07 14:10:57.031,OnTrack,461,-2215,1984,pos,0 days 00:07:44.490000,0 days 01:06:00.002000
2024-07-07 14:10:57.251,OnTrack,346,-2063,1985,pos,0 days 00:07:44.710000,0 days 01:06:00.222000
2024-07-07 14:10:57.410,OnTrack,213,-1893,1986,pos,0 days 00:07:44.869000,0 days 01:06:00.381000
2024-07-07 14:10:57.691,OnTrack,149,-1815,1986,pos,0 days 00:07:45.150000,0 days 01:06:00.662000
2024-07-07 14:10:58.031,OnTrack,-10,-1628,1986,pos,0 days 00:07:45.490000,0 days 01:06:01.002000
2024-07-07 14:10:58.191,OnTrack,-86,-1542,1986,pos,0 days 00:07:45.650000,0 days 01:06:01.162000
2024-07-07 14:10:58.391,OnTrack,-173,-1445,1984,pos,0 days 00:07:45.850000,0 days 01:06:01.362000
2024-07-07 14:10:58.651,OnTrack,-324,-1274,1981,pos,0 days 00:07:46.110000,0 days 01:06:01.622000
2024-07-07 14:10:58.951,OnTrack,-386,-1205,1980,pos,0 days 00:07:46.410000,0 days 01:06:01.922000
2024-07-07 14:10:59.251,OnTrack,-517,-1071,1977,pos,0 days 00:07:46.710000,0 days 01:06:02.222000
2024-07-07 14:10:59.591,OnTrack,-577,-1022,1976,pos,0 days 00:07:47.050000,0 days 01:06:02.562000
2024-07-07 14:10:59.912,OnTrack,-670,-966,1975,pos,0 days 00:07:47.371000,0 days 01:06:02.883000
2024-07-07 14:11:00.031,OnTrack,-705,-949,1975,pos,0 days 00:07:47.490000,0 days 01:06:03.002000
2024-07-07 14:11:00.192,OnTrack,-747,-933,1976,pos,0 days 00:07:47.651000,0 days 01:06:03.163000
2024-07-07 14:11:00.452,OnTrack,-822,-917,1976,pos,0 days 00:07:47.911000,0 days 01:06:03.423000
2024-07-07 14:11:00.732,OnTrack,-928,-913,1976,pos,0 days 00:07:48.191000,0 days 01:06:03.703000
2024-07-07 14:11:01.091,OnTrack,-995,-923,1977,pos,0 days 00:07:48.550000,0 days 01:06:04.062000
2024-07-07 14:11:01.312,OnTrack,-1049,-942,1978,pos,0 days 00:07:48.771000,0 days 01:06:04.283000
2024-07-07 14:11:01.512,OnTrack,-1094,-965,1979,pos,0 days 00:07:48.971000,0 days 01:06:04.483000
2024-07-07 14:11:01.772,OnTrack,-1158,-1008,1979,pos,0 days 00:07:49.231000,0 days 01:06:04.743000
2024-07-07 14:11:01.932,OnTrack,-1195,-1037,1980,pos,0 days 00:07:49.391000,0 days 01:06:04.903000
2024-07-07 14:11:02.172,OnTrack,-1255,-1084,1981,pos,0 days 00:07:49.631000,0 days 01:06:05.143000
2024-07-07 14:11:02.392,OnTrack,-1314,-1123,1981,pos,0 days 00:07:49.851000,0 days 01:06:05.363000
2024-07-07 14:11:02.612,OnTrack,-1389,-1157,1981,pos,0 days 00:07:50.071000,0 days 01:06:05.583000
2024-07-07 14:11:02.972,OnTrack,-1486,-1173,1981,pos,0 days 00:07:50.431000,0 days 01:06:05.943000
2024-07-07 14:11:03.232,OnTrack,-1569,-1163,1980,pos,0 days 00:07:50.691000,0 days 01:06:06.203000
2024-07-07 14:11:03.432,OnTrack,-1632,-1146,1979,pos,0 days 00:07:50.891000,0 days 01:06:06.403000
2024-07-07 14:11:03.670,OnTrack,-1745,-1101,1978,pos,0 days 00:07:51.129000,0 days 01:06:06.641000
2024-07-07 14:11:03.911,OnTrack,-1782,-1082,1978,pos,0 days 00:07:51.370000,0 days 01:06:06.882000
2024-07-07 14:11:04.191,OnTrack,-1863,-1027,1977,pos,0 days 00:07:51.650000,0 days 01:06:07.162000
2024-07-07 14:11:04.371,OnTrack,-1917,-978,1976,pos,0 days 00:07:51.830000,0 days 01:06:07.342000
2024-07-07 14:11:04.711,OnTrack,-2014,-865,1975,pos,0 days 00:07:52.170000,0 days 01:06:07.682000
2024-07-07 14:11:05.091,OnTrack,-2114,-735,1974,pos,0 days 00:07:52.550000,0 days 01:06:08.062000
2024-07-07 14:11:05.171,OnTrack,-2134,-704,1974,pos,0 days 00:07:52.630000,0 days 01:06:08.142000
2024-07-07 14:11:05.451,OnTrack,-2242,-471,1973,pos,0 days 00:07:52.910000,0 days 01:06:08.422000
2024-07-07 14:11:05.852,OnTrack,-2280,-337,1971,pos,0 days 00:07:53.311000,0 days 01:06:08.823000
2024-07-07 14:11:06.132,OnTrack,-2309,-139,1969,pos,0 days 00:07:53.591000,0 days 01:06:09.103000
2024-07-07 14:11:06.491,OnTrack,-2309,107,1966,pos,0 days 00:07:53.950000,0 days 01:06:09.462000
2024-07-07 14:11:06.911,OnTrack,-2284,270,1965,pos,0 days 00:07:54.370000,0 days 01:06:09.882000
2024-07-07 14:11:07.191,OnTrack,-2236,444,1963,pos,0 days 00:07:54.650000,0 days 01:06:10.162000
2024-07-07 14:11:07.351,OnTrack,-2197,539,1963,pos,0 days 00:07:54.810000,0 days 01:06:10.322000
2024-07-07 14:11:07.512,OnTrack,-2112,702,1962,pos,0 days 00:07:54.971000,0 days 01:06:10.483000
2024-07-07 14:11:07.872,OnTrack,-2023,841,1962,pos,0 days 00:07:55.331000,0 days 01:06:10.843000
2024-07-07 14:11:08.032,OnTrack,-1961,930,1962,pos,0 days 00:07:55.491000,0 days 01:06:11.003000
2024-07-07 14:11:08.372,OnTrack,-1822,1121,1963,pos,0 days 00:07:55.831000,0 days 01:06:11.343000
2024-07-07 14:11:08.531,OnTrack,-1756,1211,1963,pos,0 days 00:07:55.990000,0 days 01:06:11.502000
2024-07-07 14:11:08.751,OnTrack,-1600,1413,1965,pos,0 days 00:07:56.210000,0 days 01:06:11.722000
2024-07-07 14:11:09.111,OnTrack,-1437,1616,1966,pos,0 days 00:07:56.570000,0 days 01:06:12.082000
2024-07-07 14:11:09.592,OnTrack,-1224,1902,1970,pos,0 days 00:07:57.051000,0 days 01:06:12.563000
2024-07-07 14:11:09.972,OnTrack,-1117,2049,1971,pos,0 days 00:07:57.431000,0 days 01:06:12.943000
2024-07-07 14:11:10.211,OnTrack,-965,2259,1974,pos,0 days 00:07:57.670000,0 days 01:06:13.182000
2024-07-07 14:11:10.591,OnTrack,-837,2434,1977,pos,0 days 00:07:58.050000,0 days 01:06:13.562000
2024-07-07 14:11:10.771,OnTrack,-759,2541,1979,pos,0 days 00:07:58.230000,0 days 01:06:13.742000
2024-07-07 14:11:10.931,OnTrack,-681,2650,1981,pos,0 days 00:07:58.390000,0 days 01:06:13.902000
2024-07-07 14:11:11.291,OnTrack,-492,2923,1986,pos,0 days 00:07:58.750000,0 days 01:06:14.262000
2024-07-07 14:11:11.592,OnTrack,-323,3176,1990,pos,0 days 00:07:59.051000,0 days 01:06:14.563000
2024-07-07 14:11:11.931,OnTrack,-234,3311,1993,pos,0 days 00:07:59.390000,0 days 01:06:14.902000
2024-07-07 14:11:12.211,OnTrack,-105,3498,1995,pos,0 days 00:07:59.670000,0 days 01:06:15.182000
2024-07-07 14:11:12.371,OnTrack,-28,3603,1997,pos,0 days 00:07:59.830000,0 days 01:06:15.342000
2024-07-07 14:11:12.672,OnTrack,181,3875,2003,pos,0 days 00:08:00.131000,0 days 01:06:15.643000
2024-07-07 14:11:13.131,OnTrack,372,4089,2009,pos,0 days 00:08:00.590000,0 days 01:06:16.102000
2024-07-07 14:11:13.191,OnTrack,409,4125,2010,pos,0 days 00:08:00.650000,0 days 01:06:16.162000
2024-07-07 14:11:13.471,OnTrack,674,4334,2012,pos,0 days 00:08:00.930000,0 days 01:06:16.442000
2024-07-07 14:11:13.852,OnTrack,848,4420,2014,pos,0 days 00:08:01.311000,0 days 01:06:16.823000
2024-07-07 14:11:13.971,OnTrack,940,4452,2014,pos,0 days 00:08:01.430000,0 days 01:06:16.942000
2024-07-07 14:11:14.312,OnTrack,1205,4507,2016,pos,0 days 00:08:01.771000,0 days 01:06:17.283000
2024-07-07 14:11:14.511,OnTrack,1492,4520,2019,pos,0 days 00:08:01.970000,0 days 01:06:17.482000
2024-07-07 14:11:14.932,OnTrack,1718,4510,2022,pos,0 days 00:08:02.391000,0 days 01:06:17.903000
2024-07-07 14:11:15.071,OnTrack,1831,4498,2024,pos,0 days 00:08:02.530000,0 days 01:06:18.042000
2024-07-07 14:11:15.252,OnTrack,1968,4479,2025,pos,0 days 00:08:02.711000,0 days 01:06:18.223000
2024-07-07 14:11:15.492,OnTrack,2168,4453,2027,pos,0 days 00:08:02.951000,0 days 01:06:18.463000
2024-07-07 14:11:15.672,OnTrack,2305,4442,2028,pos,0 days 00:08:03.131000,0 days 01:06:18.643000
2024-07-07 14:11:15.992,OnTrack,2685,4450,2033,pos,0 days 00:08:03.451000,0 days 01:06:18.963000
2024-07-07 14:11:16.292,OnTrack,2817,4470,2035,pos,0 days 00:08:03.751000,0 days 01:06:19.263000
2024-07-07 14:11:16.572,OnTrack,3129,4567,2040,pos,0 days 00:08:04.031000,0 days 01:06:19.543000
2024-07-07 14:11:16.931,OnTrack,3300,4652,2043,pos,0 days 00:08:04.390000,0 days 01:06:19.902000
2024-07-07 14:11:17.191,OnTrack,3474,4766,2046,pos,0 days 00:08:04.650000,0 days 01:06:20.162000
2024-07-07 14:11:17.311,OnTrack,3634,4896,2048,pos,0 days 00:08:04.770000,0 days 01:06:20.282000
2024-07-07 14:11:17.832,OnTrack,3873,5128,2050,pos,0 days 00:08:05.291000,0 days 01:06:20.803000
2024-07-07 14:11:18.071,OnTrack,3982,5238,2050,pos,0 days 00:08:05.530000,0 days 01:06:21.042000
2024-07-07 14:11:18.392,OnTrack,4147,5397,2052,pos,0 days 00:08:05.851000,0 days 01:06:21.363000
2024-07-07 14:11:18.631,OnTrack,4285,5522,2053,pos,0 days 00:08:06.090000,0 days 01:06:21.602000
2024-07-07 14:11:19.031,OnTrack,4480,5689,2054,pos,0 days 00:08:06.490000,0 days 01:06:22.002000
2024-07-07 14:11:19.411,OnTrack,4619,5799,2055,pos,0 days 00:08:06.870000,0 days 01:06:22.382000
2024-07-07 14:11:19.851,OnTrack,4753,5874,2054,pos,0 days 00:08:07.310000,0 days 01:06:22.822000
2024-07-07 14:11:20.171,OnTrack,4829,5894,2054,pos,0 days 00:08:07.630000,0 days 01:06:23.142000
2024-07-07 14:11:20.431,OnTrack,4919,5901,2053,pos,0 days 00:08:07.890000,0 days 01:06:23.402000
2024-07-07 14:11:20.652,OnTrack,4992,5895,2053,pos,0 days 00:08:08.111000,0 days 01:06:23.623000
2024-07-07 14:11:20.852,OnTrack,5088,5868,2054,pos,0 days 00:08:08.311000,0 days 01:06:23.823000
2024-07-07 14:11:21.251,OnTrack,5157,5831,2055,pos,0 days 00:08:08.710000,0 days 01:06:24.222000
2024-07-07 14:11:21.531,OnTrack,5247,5755,2057,pos,0 days 00:08:08.990000,0 days 01:06:24.502000
2024-07-07 14:11:21.972,OnTrack,5304,5674,2059,pos,0 days 00:08:09.431000,0 days 01:06:24.943000
2024-07-07 14:11:22.391,OnTrack,5343,5579,2059,pos,0 days 00:08:09.850000,0 days 01:06:25.362000
2024-07-07 14:11:22.552,OnTrack,5362,5510,2060,pos,0 days 00:08:10.011000,0 days 01:06:25.523000
2024-07-07 14:11:22.932,OnTrack,5383,5380,2061,pos,0 days 00:08:10.391000,0 days 01:06:25.903000
2024-07-07 14:11:23.271,OnTrack,5390,5306,2062,pos,0 days 00:08:10.730000,0 days 01:06:26.242000
2024-07-07 14:11:23.491,OnTrack,5397,5228,2063,pos,0 days 00:08:10.950000,0 days 01:06:26.462000
2024-07-07 14:11:23.851,OnTrack,5419,5098,2065,pos,0 days 00:08:11.310000,0 days 01:06:26.822000
2024-07-07 14:11:24.011,OnTrack,5434,5046,2066,pos,0 days 00:08:11.470000,0 days 01:06:26.982000
2024-07-07 14:11:24.231,OnTrack,5462,4980,2066,pos,0 days 00:08:11.690000,0 days 01:06:27.202000
2024-07-07 14:11:24.491,OnTrack,5521,4889,2066,pos,0 days 00:08:11.950000,0 days 01:06:27.462000
2024-07-07 14:11:24.791,OnTrack,5559,4847,2065,pos,0 days 00:08:12.250000,0 days 01:06:27.762000
2024-07-07 14:11:24.991,OnTrack,5598,4810,2064,pos,0 days 00:08:12.450000,0 days 01:06:27.962000
2024-07-07 14:11:25.271,OnTrack,5656,4769,2064,pos,0 days 00:08:12.730000,0 days 01:06:28.242000
2024-07-07 14:11:25.452,OnTrack,5722,4738,2065,pos,0 days 00:08:12.911000,0 days 01:06:28.423000
2024-07-07 14:11:25.752,OnTrack,5762,4730,2065,pos,0 days 00:08:13.211000,0 days 01:06:28.723000
2024-07-07 14:11:25.992,OnTrack,5815,4735,2064,pos,0 days 00:08:13.451000,0 days 01:06:28.963000
2024-07-07 14:11:26.231,OnTrack,5866,4756,2064,pos,0 days 00:08:13.690000,0 days 01:06:29.202000
2024-07-07 14:11:26.471,OnTrack,5935,4806,2064,pos,0 days 00:08:13.930000,0 days 01:06:29.442000
2024-07-07 14:11:26.852,OnTrack,6001,4874,2064,pos,0 days 00:08:14.311000,0 days 01:06:29.823000
2024-07-07 14:11:27.211,OnTrack,6040,4924,2065,pos,0 days 00:08:14.670000,0 days 01:06:30.182000
2024-07-07 14:11:27.551,OnTrack,6102,5019,2065,pos,0 days 00:08:15.010000,0 days 01:06:30.522000
2024-07-07 14:11:27.831,OnTrack,6134,5078,2065,pos,0 days 00:08:15.290000,0 days 01:06:30.802000
2024-07-07 14:11:28.012,OnTrack,6158,5131,2065,pos,0 days 00:08:15.471000,0 days 01:06:30.983000
2024-07-07 14:11:28.252,OnTrack,6189,5208,2065,pos,0 days 00:08:15.711000,0 days 01:06:31.223000
2024-07-07 14:11:28.452,OnTrack,6214,5278,2065,pos,0 days 00:08:15.911000,0 days 01:06:31.423000
2024-07-07 14:11:28.711,OnTrack,6245,5378,2065,pos,0 days 00:08:16.170000,0 days 01:06:31.682000
2024-07-07 14:11:28.892,OnTrack,6265,5452,2065,pos,0 days 00:08:16.351000,0 days 01:06:31.863000
2024-07-07 14:11:29.152,OnTrack,6300,5604,2064,pos,0 days 00:08:16.611000,0 days 01:06:32.123000
2024-07-07 14:11:29.432,OnTrack,6318,5715,2065,pos,0 days 00:08:16.891000,0 days 01:06:32.403000
2024-07-07 14:11:29.812,OnTrack,6331,5983,2064,pos,0 days 00:08:17.271000,0 days 01:06:32.783000
2024-07-07 14:11:30.171,OnTrack,6315,6148,2063,pos,0 days 00:08:17.630000,0 days 01:06:33.142000
2024-07-07 14:11:30.411,OnTrack,6272,6353,2063,pos,0 days 00:08:17.870000,0 days 01:06:33.382000
2024-07-07 14:11:30.831,OnTrack,6210,6523,2062,pos,0 days 00:08:18.290000,0 days 01:06:33.802000
2024-07-07 14:11:31.011,OnTrack,6132,6679,2063,pos,0 days 00:08:18.470000,0 days 01:06:33.982000
2024-07-07 14:11:31.311,OnTrack,6064,6788,2063,pos,0 days 00:08:18.770000,0 days 01:06:34.282000
2024-07-07 14:11:31.651,OnTrack,5886,7012,2064,pos,0 days 00:08:19.110000,0 days 01:06:34.622000
2024-07-07 14:11:31.992,OnTrack,5699,7186,2064,pos,0 days 00:08:19.451000,0 days 01:06:34.963000
2024-07-07 14:11:32.351,OnTrack,5581,7282,2064,pos,0 days 00:08:19.810000,0 days 01:06:35.322000
2024-07-07 14:11:32.511,OnTrack,5493,7351,2064,pos,0 days 00:08:19.970000,0 days 01:06:35.482000
2024-07-07 14:11:32.812,OnTrack,5324,7480,2064,pos,0 days 00:08:20.271000,0 days 01:06:35.783000
2024-07-07 14:11:33.051,OnTrack,5188,7588,2064,pos,0 days 00:08:20.510000,0 days 01:06:36.022000
2024-07-07 14:11:33.231,OnTrack,5086,7672,2064,pos,0 days 00:08:20.690000,0 days 01:06:36.202000
2024-07-07 14:11:33.352,OnTrack,5018,7728,2064,pos,0 days 00:08:20.811000,0 days 01:06:36.323000
2024-07-07 14:11:33.531,OnTrack,4912,7817,2064,pos,0 days 00:08:20.990000,0 days 01:06:36.502000
2024-07-07 14:11:33.771,OnTrack,4781,7929,2064,pos,0 days 00:08:21.230000,0 days 01:06:36.742000
2024-07-07 14:11:33.952,OnTrack,4671,8023,2065,pos,0 days 00:08:21.411000,0 days 01:06:36.923000
2024-07-07 14:11:34.212,OnTrack,4442,8220,2064,pos,0 days 00:08:21.671000,0 days 01:06:37.183000
2024-07-07 14:11:34.671,OnTrack,4171,8452,2064,pos,0 days 00:08:22.130000,0 days 01:06:37.642000
2024-07-07 14:11:35.052,OnTrack,4013,8587,2064,pos,0 days 00:08:22.511000,0 days 01:06:38.023000
2024-07-07 14:11:35.332,OnTrack,3841,8736,2063,pos,0 days 00:08:22.791000,0 days 01:06:38.303000
2024-07-07 14:11:35.451,OnTrack,3768,8801,2063,pos,0 days 00:08:22.910000,0 days 01:06:38.422000
2024-07-07 14:11:35.712,OnTrack,3607,8942,2063,pos,0 days 00:08:23.171000,0 days 01:06:38.683000
2024-07-07 14:11:35.992,OnTrack,3420,9106,2063,pos,0 days 00:08:23.451000,0 days 01:06:38.963000
2024-07-07 14:11:36.252,OnTrack,3270,9238,2064,pos,0 days 00:08:23.711000,0 days 01:06:39.223000
2024-07-07 14:11:36.551,OnTrack,3080,9404,2063,pos,0 days 00:08:24.010000,0 days 01:06:39.522000
2024-07-07 14:11:36.791,OnTrack,2929,9537,2062,pos,0 days 00:08:24.250000,0 days 01:06:39.762000
2024-07-07 14:11:36.951,OnTrack,2827,9626,2061,pos,0 days 00:08:24.410000,0 days 01:06:39.922000
2024-07-07 14:11:37.211,OnTrack,2667,9764,2060,pos,0 days 00:08:24.670000,0 days 01:06:40.182000
2024-07-07 14:11:37.371,OnTrack,2558,9859,2058,pos,0 days 00:08:24.830000,0 days 01:06:40.342000
2024-07-07 14:11:37.571,OnTrack,2430,9971,2057,pos,0 days 00:08:25.030000,0 days 01:06:40.542000
2024-07-07 14:11:37.811,OnTrack,2273,10111,2054,pos,0 days 00:08:25.270000,0 days 01:06:40.782000
2024-07-07 14:11:38.071,OnTrack,2102,10264,2051,pos,0 days 00:08:25.530000,0 days 01:06:41.042000
2024-07-07 14:11:38.272,OnTrack,1975,10378,2049,pos,0 days 00:08:25.731000,0 days 01:06:41.243000
2024-07-07 14:11:38.391,OnTrack,1899,10446,2048,pos,0 days 00:08:25.850000,0 days 01:06:41.362000
2024-07-07 14:11:38.671,OnTrack,1637,10664,2044,pos,0 days 00:08:26.130000,0 days 01:06:41.642000
2024-07-07 14:11:38.991,OnTrack,1452,10789,2041,pos,0 days 00:08:26.450000,0 days 01:06:41.962000
2024-07-07 14:11:39.451,OnTrack,1278,10876,2038,pos,0 days 00:08:26.910000,0 days 01:06:42.422000
2024-07-07 14:11:39.632,OnTrack,1179,10911,2037,pos,0 days 00:08:27.091000,0 days 01:06:42.603000
2024-07-07 14:11:39.811,OnTrack,1087,10935,2036,pos,0 days 00:08:27.270000,0 days 01:06:42.782000
2024-07-07 14:11:40.011,OnTrack,987,10947,2035,pos,0 days 00:08:27.470000,0 days 01:06:42.982000
2024-07-07 14:11:40.311,OnTrack,833,10948,2034,pos,0 days 00:08:27.770000,0 days 01:06:43.282000
2024-07-07 14:11:40.551,OnTrack,723,10939,2033,pos,0 days 00:08:28.010000,0 days 01:06:43.522000
2024-07-07 14:11:40.591,OnTrack,706,10936,2033,pos,0 days 00:08:28.050000,0 days 01:06:43.562000
2024-07-07 14:11:40.772,OnTrack,635,10916,2032,pos,0 days 00:08:28.231000,0 days 01:06:43.743000
2024-07-07 14:11:40.992,OnTrack,541,10876,2032,pos,0 days 00:08:28.451000,0 days 01:06:43.963000
2024-07-07 14:11:41.352,OnTrack,381,10754,2032,pos,0 days 00:08:28.811000,0 days 01:06:44.323000
2024-07-07 14:11:41.632,OnTrack,346,10708,2032,pos,0 days 00:08:29.091000,0 days 01:06:44.603000
2024-07-07 14:11:41.952,OnTrack,280,10594,2033,pos,0 days 00:08:29.411000,0 days 01:06:44.923000
2024-07-07 14:11:42.192,OnTrack,240,10505,2033,pos,0 days 00:08:29.651000,0 days 01:06:45.163000
2024-07-07 14:11:42.372,OnTrack,217,10437,2033,pos,0 days 00:08:29.831000,0 days 01:06:45.343000
2024-07-07 14:11:42.551,OnTrack,204,10364,2033,pos,0 days 00:08:30.010000,0 days 01:06:45.522000
2024-07-07 14:11:42.712,OnTrack,196,10296,2033,pos,0 days 00:08:30.171000,0 days 01:06:45.683000
2024-07-07 14:11:42.952,OnTrack,190,10191,2034,pos,0 days 00:08:30.411000,0 days 01:06:45.923000
2024-07-07 14:11:43.171,OnTrack,185,10093,2034,pos,0 days 00:08:30.630000,0 days 01:06:46.142000
2024-07-07 14:11:43.351,OnTrack,180,10010,2035,pos,0 days 00:08:30.810000,0 days 01:06:46.322000
2024-07-07 14:11:43.551,OnTrack,170,9919,2035,pos,0 days 00:08:31.010000,0 days 01:06:46.522000
2024-07-07 14:11:43.691,OnTrack,160,9860,2036,pos,0 days 00:08:31.150000,0 days 01:06:46.662000
2024-07-07 14:11:44.031,OnTrack,106,9721,2038,pos,0 days 00:08:31.490000,0 days 01:06:47.002000
2024-07-07 14:11:44.251,OnTrack,66,9658,2039,pos,0 days 00:08:31.710000,0 days 01:06:47.222000
2024-07-07 14:11:44.631,OnTrack,-24,9563,2040,pos,0 days 00:08:32.090000,0 days 01:06:47.602000
2024-07-07 14:11:44.772,OnTrack,-84,9518,2040,pos,0 days 00:08:32.231000,0 days 01:06:47.743000
2024-07-07 14:11:45.171,OnTrack,-168,9474,2041,pos,0 days 00:08:32.630000,0 days 01:06:48.142000
2024-07-07 14:11:45.352,OnTrack,-254,9448,2041,pos,0 days 00:08:32.811000,0 days 01:06:48.323000
2024-07-07 14:11:45.811,OnTrack,-341,9442,2040,pos,0 days 00:08:33.270000,0 days 01:06:48.782000
2024-07-07 14:11:46.071,OnTrack,-408,9452,2040,pos,0 days 00:08:33.530000,0 days 01:06:49.042000
2024-07-07 14:11:46.251,OnTrack,-487,9484,2040,pos,0 days 00:08:33.710000,0 days 01:06:49.222000
2024-07-07 14:11:46.531,OnTrack,-520,9504,2039,pos,0 days 00:08:33.990000,0 days 01:06:49.502000
2024-07-07 14:11:46.772,OnTrack,-574,9545,2038,pos,0 days 00:08:34.231000,0 days 01:06:49.743000
2024-07-07 14:11:47.032,OnTrack,-628,9602,2036,pos,0 days 00:08:34.491000,0 days 01:06:50.003000
2024-07-07 14:11:47.272,OnTrack,-672,9664,2036,pos,0 days 00:08:34.731000,0 days 01:06:50.243000
2024-07-07 14:11:47.532,OnTrack,-711,9739,2034,pos,0 days 00:08:34.991000,0 days 01:06:50.503000
2024-07-07 14:11:47.691,OnTrack,-732,9789,2033,pos,0 days 00:08:35.150000,0 days 01:06:50.662000
2024-07-07 14:11:47.812,OnTrack,-744,9829,2033,pos,0 days 00:08:35.271000,0 days 01:06:50.783000
2024-07-07 14:11:48.132,OnTrack,-772,9964,2032,pos,0 days 00:08:35.591000,0 days 01:06:51.103000
2024-07-07 14:11:48.392,OnTrack,-776,10040,2032,pos,0 days 00:08:35.851000,0 days 01:06:51.363000
2024-07-07 14:11:48.791,OnTrack,-761,10249,2031,pos,0 days 00:08:36.250000,0 days 01:06:51.762000
2024-07-07 14:11:49.071,OnTrack,-746,10329,2030,pos,0 days 00:08:36.530000,0 days 01:06:52.042000
2024-07-07 14:11:49.292,OnTrack,-709,10469,2029,pos,0 days 00:08:36.751000,0 days 01:06:52.263000
2024-07-07 14:11:49.452,OnTrack,-686,10540,2028,pos,0 days 00:08:36.911000,0 days 01:06:52.423000
2024-07-07 14:11:49.831,OnTrack,-601,10748,2024,pos,0 days 00:08:37.290000,0 days 01:06:52.802000
2024-07-07 14:11:50.091,OnTrack,-550,10858,2023,pos,0 days 00:08:37.550000,0 days 01:06:53.062000
2024-07-07 14:11:50.411,OnTrack,-448,11053,2022,pos,0 days 00:08:37.870000,0 days 01:06:53.382000
2024-07-07 14:11:50.811,OnTrack,-347,11233,2021,pos,0 days 00:08:38.270000,0 days 01:06:53.782000
2024-07-07 14:11:51.032,OnTrack,-274,11349,2021,pos,0 days 00:08:38.491000,0 days 01:06:54.003000
2024-07-07 14:11:51.191,OnTrack,-171,11496,2021,pos,0 days 00:08:38.650000,0 days 01:06:54.162000
2024-07-07 14:11:51.711,OnTrack,-7,11702,2021,pos,0 days 00:08:39.170000,0 days 01:06:54.682000
2024-07-07 14:11:51.872,OnTrack,65,11782,2022,pos,0 days 00:08:39.331000,0 days 01:06:54.843000
2024-07-07 14:11:52.031,OnTrack,210,11928,2023,pos,0 days 00:08:39.490000,0 days 01:06:55.002000
2024-07-07 14:11:52.491,OnTrack,371,12075,2024,pos,0 days 00:08:39.950000,0 days 01:06:55.462000
2024-07-07 14:11:52.651,OnTrack,464,12152,2024,pos,0 days 00:08:40.110000,0 days 01:06:55.622000
2024-07-07 14:11:52.891,OnTrack,686,12312,2024,pos,0 days 00:08:40.350000,0 days 01:06:55.862000
2024-07-07 14:11:53.331,OnTrack,970,12466,2025,pos,0 days 00:08:40.790000,0 days 01:06:56.302000
2024-07-07 14:11:53.671,OnTrack,1107,12525,2025,pos,0 days 00:08:41.130000,0 days 01:06:56.642000
2024-07-07 14:11:53.792,OnTrack,1192,12558,2025,pos,0 days 00:08:41.251000,0 days 01:06:56.763000
2024-07-07 14:11:54.132,OnTrack,1525,12663,2025,pos,0 days 00:08:41.591000,0 days 01:06:57.103000
2024-07-07 14:11:54.452,OnTrack,1674,12700,2026,pos,0 days 00:08:41.911000,0 days 01:06:57.423000
2024-07-07 14:11:54.652,OnTrack,1817,12730,2026,pos,0 days 00:08:42.111000,0 days 01:06:57.623000
2024-07-07 14:11:54.872,OnTrack,2004,12761,2028,pos,0 days 00:08:42.331000,0 days 01:06:57.843000
2024-07-07 14:11:55.132,OnTrack,2316,12802,2030,pos,0 days 00:08:42.591000,0 days 01:06:58.103000
2024-07-07 14:11:55.611,OnTrack,2601,12832,2032,pos,0 days 00:08:43.070000,0 days 01:06:58.582000
2024-07-07 14:11:55.712,OnTrack,2680,12841,2033,pos,0 days 00:08:43.171000,0 days 01:06:58.683000
2024-07-07 14:11:55.911,OnTrack,2840,12857,2035,pos,0 days 00:08:43.370000,0 days 01:06:58.882000
2024-07-07 14:11:56.271,OnTrack,3177,12891,2038,pos,0 days 00:08:43.730000,0 days 01:06:59.242000
2024-07-07 14:11:56.591,OnTrack,3387,12914,2039,pos,0 days 00:08:44.050000,0 days 01:06:59.562000
2024-07-07 14:11:56.730,OnTrack,3501,12926,2040,pos,0 days 00:08:44.189000,0 days 01:06:59.701000
2024-07-07 14:11:57.031,OnTrack,3745,12953,2040,pos,0 days 00:08:44.490000,0 days 01:07:00.002000
2024-07-07 14:11:57.292,OnTrack,3990,12982,2043,pos,0 days 00:08:44.751000,0 days 01:07:00.263000
2024-07-07 14:11:57.572,OnTrack,4187,13006,2044,pos,0 days 00:08:45.031000,0 days 01:07:00.543000
2024-07-07 14:11:57.831,OnTrack,4393,13033,2045,pos,0 days 00:08:45.290000,0 days 01:07:00.802000
2024-07-07 14:11:57.991,OnTrack,4534,13052,2046,pos,0 days 00:08:45.450000,0 days 01:07:00.962000
2024-07-07 14:11:58.291,OnTrack,4900,13096,2048,pos,0 days 00:08:45.750000,0 days 01:07:01.262000
2024-07-07 14:11:58.771,OnTrack,5186,13115,2049,pos,0 days 00:08:46.230000,0 days 01:07:01.742000
2024-07-07 14:11:58.851,OnTrack,5258,13115,2049,pos,0 days 00:08:46.310000,0 days 01:07:01.822000
2024-07-07 14:11:59.191,OnTrack,5531,13078,2051,pos,0 days 00:08:46.650000,0 days 01:07:02.162000
2024-07-07 14:11:59.391,OnTrack,5787,12995,2052,pos,0 days 00:08:46.850000,0 days 01:07:02.362000
2024-07-07 14:11:59.792,OnTrack,5962,12901,2053,pos,0 days 00:08:47.251000,0 days 01:07:02.763000
2024-07-07 14:11:59.931,OnTrack,6108,12795,2054,pos,0 days 00:08:47.390000,0 days 01:07:02.902000
2024-07-07 14:12:00.412,OnTrack,6305,12604,2056,pos,0 days 00:08:47.871000,0 days 01:07:03.383000
2024-07-07 14:12:00.632,OnTrack,6397,12474,2056,pos,0 days 00:08:48.091000,0 days 01:07:03.603000
2024-07-07 14:12:00.832,OnTrack,6469,12344,2057,pos,0 days 00:08:48.291000,0 days 01:07:03.803000
2024-07-07 14:12:01.051,OnTrack,6537,12195,2058,pos,0 days 00:08:48.510000,0 days 01:07:04.022000
2024-07-07 14:12:01.232,OnTrack,6585,12071,2059,pos,0 days 00:08:48.691000,0 days 01:07:04.203000
2024-07-07 14:12:01.432,OnTrack,6646,11886,2060,pos,0 days 00:08:48.891000,0 days 01:07:04.403000
2024-07-07 14:12:01.851,OnTrack,6732,11566,2062,pos,0 days 00:08:49.310000,0 days 01:07:04.822000
2024-07-07 14:12:02.151,OnTrack,6771,11404,2064,pos,0 days 00:08:49.610000,0 days 01:07:05.122000
2024-07-07 14:12:02.312,OnTrack,6797,11285,2065,pos,0 days 00:08:49.771000,0 days 01:07:05.283000
2024-07-07 14:12:02.691,OnTrack,6859,10954,2067,pos,0 days 00:08:50.150000,0 days 01:07:05.662000
2024-07-07 14:12:03.011,OnTrack,6890,10755,2069,pos,0 days 00:08:50.470000,0 days 01:07:05.982000
2024-07-07 14:12:03.251,OnTrack,6926,10459,2071,pos,0 days 00:08:50.710000,0 days 01:07:06.222000
2024-07-07 14:12:03.671,OnTrack,6948,10239,2073,pos,0 days 00:08:51.130000,0 days 01:07:06.642000
2024-07-07 14:12:03.891,OnTrack,6962,10065,2074,pos,0 days 00:08:51.350000,0 days 01:07:06.862000
2024-07-07 14:12:04.131,OnTrack,6976,9793,2074,pos,0 days 00:08:51.590000,0 days 01:07:07.102000
2024-07-07 14:12:04.531,OnTrack,6981,9551,2075,pos,0 days 00:08:51.990000,0 days 01:07:07.502000
2024-07-07 14:12:04.791,OnTrack,6986,9340,2074,pos,0 days 00:08:52.250000,0 days 01:07:07.762000
2024-07-07 14:12:04.971,OnTrack,6992,9193,2074,pos,0 days 00:08:52.430000,0 days 01:07:07.942000
2024-07-07 14:12:05.151,OnTrack,6999,9047,2073,pos,0 days 00:08:52.610000,0 days 01:07:08.122000
2024-07-07 14:12:05.431,OnTrack,7024,8787,2071,pos,0 days 00:08:52.890000,0 days 01:07:08.402000
2024-07-07 14:12:05.752,OnTrack,7061,8559,2070,pos,0 days 00:08:53.211000,0 days 01:07:08.723000
2024-07-07 14:12:05.991,OnTrack,7103,8365,2069,pos,0 days 00:08:53.450000,0 days 01:07:08.962000
2024-07-07 14:12:06.191,OnTrack,7167,8125,2067,pos,0 days 00:08:53.650000,0 days 01:07:09.162000
2024-07-07 14:12:06.671,OnTrack,7263,7834,2063,pos,0 days 00:08:54.130000,0 days 01:07:09.642000
2024-07-07 14:12:06.751,OnTrack,7289,7765,2063,pos,0 days 00:08:54.210000,0 days 01:07:09.722000
2024-07-07 14:12:07.011,OnTrack,7370,7564,2060,pos,0 days 00:08:54.470000,0 days 01:07:09.982000
2024-07-07 14:12:07.291,OnTrack,7480,7265,2058,pos,0 days 00:08:54.750000,0 days 01:07:10.262000
2024-07-07 14:12:07.692,OnTrack,7538,6968,2058,pos,0 days 00:08:55.151000,0 days 01:07:10.663000
2024-07-07 14:12:07.992,OnTrack,7537,6831,2058,pos,0 days 00:08:55.451000,0 days 01:07:10.963000
2024-07-07 14:12:08.232,OnTrack,7513,6645,2058,pos,0 days 00:08:55.691000,0 days 01:07:11.203000
2024-07-07 14:12:08.391,OnTrack,7490,6523,2059,pos,0 days 00:08:55.850000,0 days 01:07:11.362000
2024-07-07 14:12:08.711,OnTrack,7432,6285,2061,pos,0 days 00:08:56.170000,0 days 01:07:11.682000
2024-07-07 14:12:08.912,OnTrack,7395,6139,2061,pos,0 days 00:08:56.371000,0 days 01:07:11.883000
2024-07-07 14:12:09.112,OnTrack,7362,5991,2062,pos,0 days 00:08:56.571000,0 days 01:07:12.083000
2024-07-07 14:12:09.332,OnTrack,7328,5784,2063,pos,0 days 00:08:56.791000,0 days 01:07:12.303000
2024-07-07 14:12:09.631,OnTrack,7317,5612,2063,pos,0 days 00:08:57.090000,0 days 01:07:12.602000
2024-07-07 14:12:09.931,OnTrack,7336,5409,2062,pos,0 days 00:08:57.390000,0 days 01:07:12.902000
2024-07-07 14:12:10.091,OnTrack,7363,5305,2061,pos,0 days 00:08:57.550000,0 days 01:07:13.062000
2024-07-07 14:12:10.350,OnTrack,7459,5084,2059,pos,0 days 00:08:57.809000,0 days 01:07:13.321000
2024-07-07 14:12:10.651,OnTrack,7526,4968,2057,pos,0 days 00:08:58.110000,0 days 01:07:13.622000
2024-07-07 14:12:10.912,OnTrack,7615,4820,2055,pos,0 days 00:08:58.371000,0 days 01:07:13.883000
2024-07-07 14:12:11.091,OnTrack,7704,4655,2052,pos,0 days 00:08:58.550000,0 days 01:07:14.062000
2024-07-07 14:12:11.492,OnTrack,7760,4504,2050,pos,0 days 00:08:58.951000,0 days 01:07:14.463000
2024-07-07 14:12:11.651,OnTrack,7779,4417,2049,pos,0 days 00:08:59.110000,0 days 01:07:14.622000
2024-07-07 14:12:11.951,OnTrack,7787,4235,2046,pos,0 days 00:08:59.410000,0 days 01:07:14.922000
2024-07-07 14:12:12.371,OnTrack,7748,4038,2043,pos,0 days 00:08:59.830000,0 days 01:07:15.342000
2024-07-07 14:12:12.592,OnTrack,7677,3863,2040,pos,0 days 00:09:00.051000,0 days 01:07:15.563000
2024-07-07 14:12:12.912,OnTrack,7630,3778,2040,pos,0 days 00:09:00.371000,0 days 01:07:15.883000
2024-07-07 14:12:13.172,OnTrack,7527,3635,2038,pos,0 days 00:09:00.631000,0 days 01:07:16.143000
2024-07-07 14:12:13.472,OnTrack,7430,3540,2036,pos,0 days 00:09:00.931000,0 days 01:07:16.443000
2024-07-07 14:12:13.712,OnTrack,7315,3457,2034,pos,0 days 00:09:01.171000,0 days 01:07:16.683000
2024-07-07 14:12:13.992,OnTrack,7165,3372,2032,pos,0 days 00:09:01.451000,0 days 01:07:16.963000
2024-07-07 14:12:14.172,OnTrack,6999,3285,2031,pos,0 days 00:09:01.631000,0 days 01:07:17.143000
2024-07-07 14:12:14.512,OnTrack,6888,3214,2029,pos,0 days 00:09:01.971000,0 days 01:07:17.483000
2024-07-07 14:12:14.852,OnTrack,6688,3037,2028,pos,0 days 00:09:02.311000,0 days 01:07:17.823000
2024-07-07 14:12:15.172,OnTrack,6568,2909,2028,pos,0 days 00:09:02.631000,0 days 01:07:18.143000
2024-07-07 14:12:15.372,OnTrack,6479,2807,2027,pos,0 days 00:09:02.831000,0 days 01:07:18.343000
2024-07-07 14:12:15.532,OnTrack,6412,2720,2028,pos,0 days 00:09:02.991000,0 days 01:07:18.503000
2024-07-07 14:12:15.771,OnTrack,6316,2582,2027,pos,0 days 00:09:03.230000,0 days 01:07:18.742000
2024-07-07 14:12:15.932,OnTrack,6256,2486,2026,pos,0 days 00:09:03.391000,0 days 01:07:18.903000
2024-07-07 14:12:16.191,OnTrack,6165,2325,2026,pos,0 days 00:09:03.650000,0 days 01:07:19.162000
2024-07-07 14:12:16.391,OnTrack,6097,2197,2025,pos,0 days 00:09:03.850000,0 days 01:07:19.362000
2024-07-07 14:12:16.651,OnTrack,6011,2026,2025,pos,0 days 00:09:04.110000,0 days 01:07:19.622000
2024-07-07 14:12:16.871,OnTrack,5943,1886,2024,pos,0 days 00:09:04.330000,0 days 01:07:19.842000
2024-07-07 14:12:17.011,OnTrack,5893,1785,2024,pos,0 days 00:09:04.470000,0 days 01:07:19.982000
2024-07-07 14:12:17.331,OnTrack,5788,1568,2023,pos,0 days 00:09:04.790000,0 days 01:07:20.302000
2024-07-07 14:12:17.511,OnTrack,5695,1375,2022,pos,0 days 00:09:04.970000,0 days 01:07:20.482000
2024-07-07 14:12:17.971,OnTrack,5576,1124,2020,pos,0 days 00:09:05.430000,0 days 01:07:20.942000
2024-07-07 14:12:18.171,OnTrack,5510,985,2020,pos,0 days 00:09:05.630000,0 days 01:07:21.142000
2024-07-07 14:12:18.331,OnTrack,5404,765,2018,pos,0 days 00:09:05.790000,0 days 01:07:21.302000
2024-07-07 14:12:18.671,OnTrack,5336,622,2017,pos,0 days 00:09:06.130000,0 days 01:07:21.642000
2024-07-07 14:12:18.911,OnTrack,5253,450,2016,pos,0 days 00:09:06.370000,0 days 01:07:21.882000
2024-07-07 14:12:19.251,OnTrack,5084,102,2013,pos,0 days 00:09:06.710000,0 days 01:07:22.222000
2024-07-07 14:12:19.491,OnTrack,5048,29,2012,pos,0 days 00:09:06.950000,0 days 01:07:22.462000
2024-07-07 14:12:19.851,OnTrack,4899,-280,2010,pos,0 days 00:09:07.310000,0 days 01:07:22.822000
2024-07-07 14:12:20.192,OnTrack,4800,-488,2009,pos,0 days 00:09:07.651000,0 days 01:07:23.163000
2024-07-07 14:12:20.472,OnTrack,4666,-765,2007,pos,0 days 00:09:07.931000,0 days 01:07:23.443000
2024-07-07 14:12:20.792,OnTrack,4591,-919,2007,pos,0 days 00:09:08.251000,0 days 01:07:23.763000
2024-07-07 14:12:21.092,OnTrack,4482,-1144,2005,pos,0 days 00:09:08.551000,0 days 01:07:24.063000
2024-07-07 14:12:21.252,OnTrack,4427,-1256,2003,pos,0 days 00:09:08.711000,0 days 01:07:24.223000
2024-07-07 14:12:21.431,OnTrack,4358,-1399,2002,pos,0 days 00:09:08.890000,0 days 01:07:24.402000
2024-07-07 14:12:21.632,OnTrack,4283,-1549,2000,pos,0 days 00:09:09.091000,0 days 01:07:24.603000
2024-07-07 14:12:21.852,OnTrack,4201,-1713,1998,pos,0 days 00:09:09.311000,0 days 01:07:24.823000
2024-07-07 14:12:22.011,OnTrack,4142,-1833,1996,pos,0 days 00:09:09.470000,0 days 01:07:24.982000
2024-07-07 14:12:22.192,OnTrack,4074,-1967,1995,pos,0 days 00:09:09.651000,0 days 01:07:25.163000
2024-07-07 14:12:22.570,OnTrack,3923,-2264,1994,pos,0 days 00:09:10.029000,0 days 01:07:25.541000
2024-07-07 14:12:22.811,OnTrack,3838,-2426,1994,pos,0 days 00:09:10.270000,0 days 01:07:25.782000
2024-07-07 14:12:23.011,OnTrack,3761,-2574,1995,pos,0 days 00:09:10.470000,0 days 01:07:25.982000
2024-07-07 14:12:23.251,OnTrack,3667,-2750,1997,pos,0 days 00:09:10.710000,0 days 01:07:26.222000
2024-07-07 14:12:23.491,OnTrack,3572,-2924,1999,pos,0 days 00:09:10.950000,0 days 01:07:26.462000
2024-07-07 14:12:23.711,OnTrack,3483,-3082,2002,pos,0 days 00:09:11.170000,0 days 01:07:26.682000
2024-07-07 14:12:24.031,OnTrack,3298,-3389,2009,pos,0 days 00:09:11.490000,0 days 01:07:27.002000
2024-07-07 14:12:24.431,OnTrack,3136,-3612,2014,pos,0 days 00:09:11.890000,0 days 01:07:27.402000
2024-07-07 14:12:24.812,OnTrack,2999,-3768,2018,pos,0 days 00:09:12.271000,0 days 01:07:27.783000
2024-07-07 14:12:25.072,OnTrack,2809,-3928,2022,pos,0 days 00:09:12.531000,0 days 01:07:28.043000
2024-07-07 14:12:25.332,OnTrack,2748,-3967,2023,pos,0 days 00:09:12.791000,0 days 01:07:28.303000
2024-07-07 14:12:25.672,OnTrack,2569,-4054,2026,pos,0 days 00:09:13.131000,0 days 01:07:28.643000
2024-07-07 14:12:25.872,OnTrack,2419,-4098,2029,pos,0 days 00:09:13.331000,0 days 01:07:28.843000
2024-07-07 14:12:26.291,OnTrack,2247,-4117,2031,pos,0 days 00:09:13.750000,0 days 01:07:29.262000
2024-07-07 14:12:26.412,OnTrack,2183,-4114,2032,pos,0 days 00:09:13.871000,0 days 01:07:29.383000
2024-07-07 14:12:26.571,OnTrack,2097,-4104,2032,pos,0 days 00:09:14.030000,0 days 01:07:29.542000
2024-07-07 14:12:26.792,OnTrack,1981,-4078,2033,pos,0 days 00:09:14.251000,0 days 01:07:29.763000
2024-07-07 14:12:27.111,OnTrack,1822,-4016,2033,pos,0 days 00:09:14.570000,0 days 01:07:30.082000
2024-07-07 14:12:27.292,OnTrack,1736,-3968,2033,pos,0 days 00:09:14.751000,0 days 01:07:30.263000
2024-07-07 14:12:27.471,OnTrack,1654,-3912,2032,pos,0 days 00:09:14.930000,0 days 01:07:30.442000
2024-07-07 14:12:27.652,OnTrack,1576,-3848,2032,pos,0 days 00:09:15.111000,0 days 01:07:30.623000
2024-07-07 14:12:27.812,OnTrack,1514,-3789,2031,pos,0 days 00:09:15.271000,0 days 01:07:30.783000
2024-07-07 14:12:28.072,OnTrack,1366,-3612,2029,pos,0 days 00:09:15.531000,0 days 01:07:31.043000
2024-07-07 14:12:28.412,OnTrack,1292,-3500,2027,pos,0 days 00:09:15.871000,0 days 01:07:31.383000
2024-07-07 14:12:28.652,OnTrack,1220,-3375,2023,pos,0 days 00:09:16.111000,0 days 01:07:31.623000
2024-07-07 14:12:28.952,OnTrack,1109,-3166,2016,pos,0 days 00:09:16.411000,0 days 01:07:31.923000
2024-07-07 14:12:29.291,OnTrack,1023,-3011,2011,pos,0 days 00:09:16.750000,0 days 01:07:32.262000
2024-07-07 14:12:29.411,OnTrack,979,-2937,2007,pos,0 days 00:09:16.870000,0 days 01:07:32.382000
2024-07-07 14:12:29.670,OnTrack,883,-2790,2000,pos,0 days 00:09:17.129000,0 days 01:07:32.641000
2024-07-07 14:12:29.831,OnTrack,820,-2700,1996,pos,0 days 00:09:17.290000,0 days 01:07:32.802000
2024-07-07 14:12:29.991,OnTrack,754,-2611,1992,pos,0 days 00:09:17.450000,0 days 01:07:32.962000
2024-07-07 14:12:30.371,OnTrack,596,-2397,1986,pos,0 days 00:09:17.830000,0 days 01:07:33.342000
2024-07-07 14:12:30.491,OnTrack,546,-2329,1985,pos,0 days 00:09:17.950000,0 days 01:07:33.462000
2024-07-07 14:12:30.711,OnTrack,440,-2188,1984,pos,0 days 00:09:18.170000,0 days 01:07:33.682000
2024-07-07 14:12:30.931,OnTrack,333,-2046,1985,pos,0 days 00:09:18.390000,0 days 01:07:33.902000
2024-07-07 14:12:31.111,OnTrack,254,-1944,1986,pos,0 days 00:09:18.570000,0 days 01:07:34.082000
2024-07-07 14:12:31.352,OnTrack,145,-1810,1986,pos,0 days 00:09:18.811000,0 days 01:07:34.323000
2024-07-07 14:12:31.491,OnTrack,80,-1733,1987,pos,0 days 00:09:18.950000,0 days 01:07:34.462000
2024-07-07 14:12:31.771,OnTrack,-51,-1581,1986,pos,0 days 00:09:19.230000,0 days 01:07:34.742000
2024-07-07 14:12:31.991,OnTrack,-146,-1475,1985,pos,0 days 00:09:19.450000,0 days 01:07:34.962000
2024-07-07 14:12:32.152,OnTrack,-214,-1399,1984,pos,0 days 00:09:19.611000,0 days 01:07:35.123000
2024-07-07 14:12:32.432,OnTrack,-319,-1280,1981,pos,0 days 00:09:19.891000,0 days 01:07:35.403000
2024-07-07 14:12:32.651,OnTrack,-433,-1154,1979,pos,0 days 00:09:20.110000,0 days 01:07:35.622000
2024-07-07 14:12:32.952,OnTrack,-479,-1107,1978,pos,0 days 00:09:20.411000,0 days 01:07:35.923000
2024-07-07 14:12:33.151,OnTrack,-533,-1057,1977,pos,0 days 00:09:20.610000,0 days 01:07:36.122000
2024-07-07 14:12:33.391,OnTrack,-599,-1007,1976,pos,0 days 00:09:20.850000,0 days 01:07:36.362000
2024-07-07 14:12:33.572,OnTrack,-645,-979,1976,pos,0 days 00:09:21.031000,0 days 01:07:36.543000
2024-07-07 14:12:33.912,OnTrack,-738,-937,1975,pos,0 days 00:09:21.371000,0 days 01:07:36.883000
2024-07-07 14:12:34.112,OnTrack,-815,-918,1976,pos,0 days 00:09:21.571000,0 days 01:07:37.083000
2024-07-07 14:12:34.511,OnTrack,-935,-914,1976,pos,0 days 00:09:21.970000,0 days 01:07:37.482000
2024-07-07 14:12:34.811,OnTrack,-981,-920,1977,pos,0 days 00:09:22.270000,0 days 01:07:37.782000
2024-07-07 14:12:35.152,OnTrack,-1065,-949,1978,pos,0 days 00:09:22.611000,0 days 01:07:38.123000
2024-07-07 14:12:35.371,OnTrack,-1118,-980,1979,pos,0 days 00:09:22.830000,0 days 01:07:38.342000
2024-07-07 14:12:35.532,OnTrack,-1156,-1007,1979,pos,0 days 00:09:22.991000,0 days 01:07:38.503000
2024-07-07 14:12:35.731,OnTrack,-1204,-1044,1980,pos,0 days 00:09:23.190000,0 days 01:07:38.702000
2024-07-07 14:12:35.991,OnTrack,-1296,-1112,1981,pos,0 days 00:09:23.450000,0 days 01:07:38.962000
2024-07-07 14:12:36.251,OnTrack,-1340,-1136,1981,pos,0 days 00:09:23.710000,0 days 01:07:39.222000
2024-07-07 14:12:36.431,OnTrack,-1392,-1158,1981,pos,0 days 00:09:23.890000,0 days 01:07:39.402000
2024-07-07 14:12:36.751,OnTrack,-1491,-1173,1981,pos,0 days 00:09:24.210000,0 days 01:07:39.722000
2024-07-07 14:12:36.931,OnTrack,-1547,-1167,1980,pos,0 days 00:09:24.390000,0 days 01:07:39.902000
2024-07-07 14:12:37.111,OnTrack,-1602,-1155,1980,pos,0 days 00:09:24.570000,0 days 01:07:40.082000
2024-07-07 14:12:37.411,OnTrack,-1700,-1122,1978,pos,0 days 00:09:24.870000,0 days 01:07:40.382000
2024-07-07 14:12:37.572,OnTrack,-1750,-1099,1978,pos,0 days 00:09:25.031000,0 days 01:07:40.543000
2024-07-07 14:12:37.831,OnTrack,-1848,-1039,1977,pos,0 days 00:09:25.290000,0 days 01:07:40.802000
2024-07-07 14:12:38.152,OnTrack,-1959,-932,1976,pos,0 days 00:09:25.611000,0 days 01:07:41.123000
2024-07-07 14:12:38.591,OnTrack,-2039,-834,1975,pos,0 days 00:09:26.050000,0 days 01:07:41.562000
2024-07-07 14:12:38.811,OnTrack,-2098,-757,1974,pos,0 days 00:09:26.270000,0 days 01:07:41.782000
2024-07-07 14:12:38.972,OnTrack,-2193,-597,1974,pos,0 days 00:09:26.431000,0 days 01:07:41.943000
2024-07-07 14:12:39.451,OnTrack,-2253,-436,1973,pos,0 days 00:09:26.910000,0 days 01:07:42.422000
2024-07-07 14:12:39.552,OnTrack,-2268,-386,1972,pos,0 days 00:09:27.011000,0 days 01:07:42.523000
2024-07-07 14:12:39.872,OnTrack,-2301,-221,1970,pos,0 days 00:09:27.331000,0 days 01:07:42.843000
2024-07-07 14:12:40.072,OnTrack,-2312,-103,1968,pos,0 days 00:09:27.531000,0 days 01:07:43.043000
2024-07-07 14:12:40.271,OnTrack,-2314,12,1967,pos,0 days 00:09:27.730000,0 days 01:07:43.242000
2024-07-07 14:12:40.372,OnTrack,-2312,71,1967,pos,0 days 00:09:27.831000,0 days 01:07:43.343000
2024-07-07 14:12:40.692,OnTrack,-2286,263,1965,pos,0 days 00:09:28.151000,0 days 01:07:43.663000
2024-07-07 14:12:40.852,OnTrack,-2245,418,1963,pos,0 days 00:09:28.311000,0 days 01:07:43.823000
2024-07-07 14:12:41.311,OnTrack,-2106,711,1962,pos,0 days 00:09:28.770000,0 days 01:07:44.282000
2024-07-07 14:12:41.532,OnTrack,-2079,756,1962,pos,0 days 00:09:28.991000,0 days 01:07:44.503000
2024-07-07 14:12:41.752,OnTrack,-1996,880,1962,pos,0 days 00:09:29.211000,0 days 01:07:44.723000
2024-07-07 14:12:42.132,OnTrack,-1806,1143,1963,pos,0 days 00:09:29.591000,0 days 01:07:45.103000
2024-07-07 14:12:42.371,OnTrack,-1739,1233,1963,pos,0 days 00:09:29.830000,0 days 01:07:45.342000
2024-07-07 14:12:42.591,OnTrack,-1644,1357,1964,pos,0 days 00:09:30.050000,0 days 01:07:45.562000
2024-07-07 14:12:42.811,OnTrack,-1546,1480,1965,pos,0 days 00:09:30.270000,0 days 01:07:45.782000
2024-07-07 14:12:43.171,OnTrack,-1383,1686,1967,pos,0 days 00:09:30.630000,0 days 01:07:46.142000
2024-07-07 14:12:43.391,OnTrack,-1286,1817,1969,pos,0 days 00:09:30.850000,0 days 01:07:46.362000
2024-07-07 14:12:43.591,OnTrack,-1180,1963,1970,pos,0 days 00:09:31.050000,0 days 01:07:46.562000
2024-07-07 14:12:43.951,OnTrack,-1037,2160,1973,pos,0 days 00:09:31.410000,0 days 01:07:46.922000
2024-07-07 14:12:44.151,OnTrack,-951,2278,1975,pos,0 days 00:09:31.610000,0 days 01:07:47.122000
2024-07-07 14:12:44.331,OnTrack,-865,2396,1977,pos,0 days 00:09:31.790000,0 days 01:07:47.302000
2024-07-07 14:12:44.491,OnTrack,-796,2491,1978,pos,0 days 00:09:31.950000,0 days 01:07:47.462000
2024-07-07 14:12:44.791,OnTrack,-627,2727,1982,pos,0 days 00:09:32.250000,0 days 01:07:47.762000
2024-07-07 14:12:45.071,OnTrack,-528,2870,1985,pos,0 days 00:09:32.530000,0 days 01:07:48.042000
2024-07-07 14:12:45.291,OnTrack,-430,3016,1987,pos,0 days 00:09:32.750000,0 days 01:07:48.262000
2024-07-07 14:12:45.651,OnTrack,-243,3297,1992,pos,0 days 00:09:33.110000,0 days 01:07:48.622000
2024-07-07 14:12:46.012,OnTrack,-105,3496,1995,pos,0 days 00:09:33.471000,0 days 01:07:48.983000
2024-07-07 14:12:46.271,OnTrack,58,3720,1999,pos,0 days 00:09:33.730000,0 days 01:07:49.242000
2024-07-07 14:12:46.652,OnTrack,212,3912,2004,pos,0 days 00:09:34.111000,0 days 01:07:49.623000
2024-07-07 14:12:46.892,OnTrack,412,4129,2010,pos,0 days 00:09:34.351000,0 days 01:07:49.863000
2024-07-07 14:12:47.271,OnTrack,565,4260,2011,pos,0 days 00:09:34.730000,0 days 01:07:50.242000
2024-07-07 14:12:47.492,OnTrack,718,4359,2013,pos,0 days 00:09:34.951000,0 days 01:07:50.463000
2024-07-07 14:12:47.611,OnTrack,804,4401,2013,pos,0 days 00:09:35.070000,0 days 01:07:50.582000
2024-07-07 14:12:47.772,OnTrack,923,4447,2014,pos,0 days 00:09:35.231000,0 days 01:07:50.743000
2024-07-07 14:12:48.012,OnTrack,1109,4493,2015,pos,0 days 00:09:35.471000,0 days 01:07:50.983000
2024-07-07 14:12:48.212,OnTrack,1268,4513,2016,pos,0 days 00:09:35.671000,0 days 01:07:51.183000
2024-07-07 14:12:48.492,OnTrack,1572,4519,2020,pos,0 days 00:09:35.951000,0 days 01:07:51.463000
2024-07-07 14:12:48.872,OnTrack,1793,4502,2023,pos,0 days 00:09:36.331000,0 days 01:07:51.843000
2024-07-07 14:12:49.151,OnTrack,2013,4472,2026,pos,0 days 00:09:36.610000,0 days 01:07:52.122000
2024-07-07 14:12:49.351,OnTrack,2170,4453,2027,pos,0 days 00:09:36.810000,0 days 01:07:52.322000
2024-07-07 14:12:49.551,OnTrack,2327,4441,2028,pos,0 days 00:09:37.010000,0 days 01:07:52.522000
2024-07-07 14:12:49.671,OnTrack,2422,4439,2029,pos,0 days 00:09:37.130000,0 days 01:07:52.642000
2024-07-07 14:12:49.831,OnTrack,2548,4441,2031,pos,0 days 00:09:37.290000,0 days 01:07:52.802000
2024-07-07 14:12:50.051,OnTrack,2719,4454,2034,pos,0 days 00:09:37.510000,0 days 01:07:53.022000
2024-07-07 14:12:50.411,OnTrack,2993,4517,2038,pos,0 days 00:09:37.870000,0 days 01:07:53.382000
2024-07-07 14:12:50.591,OnTrack,3126,4566,2040,pos,0 days 00:09:38.050000,0 days 01:07:53.562000
2024-07-07 14:12:50.771,OnTrack,3252,4626,2042,pos,0 days 00:09:38.230000,0 days 01:07:53.742000
2024-07-07 14:12:51.031,OnTrack,3426,4732,2045,pos,0 days 00:09:38.490000,0 days 01:07:54.002000
2024-07-07 14:12:51.232,OnTrack,3587,4855,2048,pos,0 days 00:09:38.691000,0 days 01:07:54.203000
2024-07-07 14:12:51.512,OnTrack,3714,4970,2049,pos,0 days 00:09:38.971000,0 days 01:07:54.483000
2024-07-07 14:12:51.752,OnTrack,3847,5102,2050,pos,0 days 00:09:39.211000,0 days 01:07:54.723000
2024-07-07 14:12:52.072,OnTrack,4043,5298,2051,pos,0 days 00:09:39.531000,0 days 01:07:55.043000
2024-07-07 14:12:52.332,OnTrack,4161,5409,2052,pos,0 days 00:09:39.791000,0 days 01:07:55.303000
2024-07-07 14:12:52.632,OnTrack,4308,5543,2053,pos,0 days 00:09:40.091000,0 days 01:07:55.603000
2024-07-07 14:12:52.791,OnTrack,4379,5604,2054,pos,0 days 00:09:40.250000,0 days 01:07:55.762000
2024-07-07 14:12:53.071,OnTrack,4492,5698,2054,pos,0 days 00:09:40.530000,0 days 01:07:56.042000
2024-07-07 14:12:53.291,OnTrack,4635,5810,2055,pos,0 days 00:09:40.750000,0 days 01:07:56.262000
2024-07-07 14:12:53.712,OnTrack,4730,5864,2054,pos,0 days 00:09:41.171000,0 days 01:07:56.683000
2024-07-07 14:12:53.871,OnTrack,4812,5891,2054,pos,0 days 00:09:41.330000,0 days 01:07:56.842000
2024-07-07 14:12:54.292,OnTrack,4929,5901,2053,pos,0 days 00:09:41.751000,0 days 01:07:57.263000
2024-07-07 14:12:54.472,OnTrack,4987,5895,2053,pos,0 days 00:09:41.931000,0 days 01:07:57.443000
2024-07-07 14:12:54.752,OnTrack,5086,5869,2054,pos,0 days 00:09:42.211000,0 days 01:07:57.723000
2024-07-07 14:12:55.132,OnTrack,5165,5826,2055,pos,0 days 00:09:42.591000,0 days 01:07:58.103000
2024-07-07 14:12:55.292,OnTrack,5199,5800,2056,pos,0 days 00:09:42.751000,0 days 01:07:58.263000
2024-07-07 14:12:55.510,OnTrack,5242,5760,2057,pos,0 days 00:09:42.969000,0 days 01:07:58.481000
2024-07-07 14:12:55.731,OnTrack,5278,5716,2058,pos,0 days 00:09:43.190000,0 days 01:07:58.702000
2024-07-07 14:12:55.911,OnTrack,5302,5677,2059,pos,0 days 00:09:43.370000,0 days 01:07:58.882000
2024-07-07 14:12:56.171,OnTrack,5343,5580,2059,pos,0 days 00:09:43.630000,0 days 01:07:59.142000
2024-07-07 14:12:56.451,OnTrack,5356,5537,2059,pos,0 days 00:09:43.910000,0 days 01:07:59.422000
2024-07-07 14:12:56.771,OnTrack,5375,5447,2060,pos,0 days 00:09:44.230000,0 days 01:07:59.742000
2024-07-07 14:12:56.931,OnTrack,5382,5393,2061,pos,0 days 00:09:44.390000,0 days 01:07:59.902000
2024-07-07 14:12:57.091,OnTrack,5387,5341,2061,pos,0 days 00:09:44.550000,0 days 01:08:00.062000
2024-07-07 14:12:57.431,OnTrack,5398,5221,2064,pos,0 days 00:09:44.890000,0 days 01:08:00.402000
2024-07-07 14:12:57.611,OnTrack,5403,5180,2065,pos,0 days 00:09:45.070000,0 days 01:08:00.582000
2024-07-07 14:12:57.712,OnTrack,5408,5147,2065,pos,0 days 00:09:45.171000,0 days 01:08:00.683000
2024-07-07 14:12:58.012,OnTrack,5436,5041,2066,pos,0 days 00:09:45.471000,0 days 01:08:00.983000
2024-07-07 14:12:58.171,OnTrack,5456,4993,2066,pos,0 days 00:09:45.630000,0 days 01:08:01.142000
2024-07-07 14:12:58.371,OnTrack,5485,4939,2066,pos,0 days 00:09:45.830000,0 days 01:08:01.342000
2024-07-07 14:12:58.572,OnTrack,5519,4891,2066,pos,0 days 00:09:46.031000,0 days 01:08:01.543000
2024-07-07 14:12:58.832,OnTrack,5567,4838,2065,pos,0 days 00:09:46.291000,0 days 01:08:01.803000
2024-07-07 14:12:58.991,OnTrack,5598,4810,2064,pos,0 days 00:09:46.450000,0 days 01:08:01.962000
2024-07-07 14:12:59.211,OnTrack,5642,4777,2064,pos,0 days 00:09:46.670000,0 days 01:08:02.182000
2024-07-07 14:12:59.452,OnTrack,5693,4749,2064,pos,0 days 00:09:46.911000,0 days 01:08:02.423000
2024-07-07 14:12:59.672,OnTrack,5740,4734,2064,pos,0 days 00:09:47.131000,0 days 01:08:02.643000
2024-07-07 14:12:59.851,OnTrack,5778,4730,2064,pos,0 days 00:09:47.310000,0 days 01:08:02.822000
2024-07-07 14:13:00.012,OnTrack,5813,4735,2064,pos,0 days 00:09:47.471000,0 days 01:08:02.983000
2024-07-07 14:13:00.331,OnTrack,5877,4763,2063,pos,0 days 00:09:47.790000,0 days 01:08:03.302000
2024-07-07 14:13:00.532,OnTrack,5931,4803,2064,pos,0 days 00:09:47.991000,0 days 01:08:03.503000
2024-07-07 14:13:00.812,OnTrack,5963,4833,2064,pos,0 days 00:09:48.271000,0 days 01:08:03.783000
2024-07-07 14:13:01.012,OnTrack,5996,4869,2064,pos,0 days 00:09:48.471000,0 days 01:08:03.983000
2024-07-07 14:13:01.352,OnTrack,6066,4961,2065,pos,0 days 00:09:48.811000,0 days 01:08:04.323000
2024-07-07 14:13:01.712,OnTrack,6122,5056,2065,pos,0 days 00:09:49.171000,0 days 01:08:04.683000
2024-07-07 14:13:02.111,OnTrack,6178,5177,2065,pos,0 days 00:09:49.570000,0 days 01:08:05.082000
2024-07-07 14:13:02.531,OnTrack,6231,5329,2065,pos,0 days 00:09:49.990000,0 days 01:08:05.502000
2024-07-07 14:13:02.951,OnTrack,6263,5443,2065,pos,0 days 00:09:50.410000,0 days 01:08:05.922000
2024-07-07 14:13:03.131,OnTrack,6281,5516,2064,pos,0 days 00:09:50.590000,0 days 01:08:06.102000
2024-07-07 14:13:03.371,OnTrack,6305,5632,2065,pos,0 days 00:09:50.830000,0 days 01:08:06.342000
2024-07-07 14:13:03.571,OnTrack,6327,5785,2064,pos,0 days 00:09:51.030000,0 days 01:08:06.542000
2024-07-07 14:13:03.732,OnTrack,6332,5866,2064,pos,0 days 00:09:51.191000,0 days 01:08:06.703000
2024-07-07 14:13:03.931,OnTrack,6331,5972,2064,pos,0 days 00:09:51.390000,0 days 01:08:06.902000
2024-07-07 14:13:04.091,OnTrack,6326,6060,2064,pos,0 days 00:09:51.550000,0 days 01:08:07.062000
2024-07-07 14:13:04.451,OnTrack,6295,6261,2063,pos,0 days 00:09:51.910000,0 days 01:08:07.422000
2024-07-07 14:13:04.671,OnTrack,6258,6397,2062,pos,0 days 00:09:52.130000,0 days 01:08:07.642000
2024-07-07 14:13:05.092,OnTrack,6157,6633,2063,pos,0 days 00:09:52.551000,0 days 01:08:08.063000
2024-07-07 14:13:05.311,OnTrack,6094,6743,2063,pos,0 days 00:09:52.770000,0 days 01:08:08.282000
2024-07-07 14:13:05.591,OnTrack,5990,6891,2064,pos,0 days 00:09:53.050000,0 days 01:08:08.562000
2024-07-07 14:13:05.791,OnTrack,5906,6991,2064,pos,0 days 00:09:53.250000,0 days 01:08:08.762000
2024-07-07 14:13:06.091,OnTrack,5763,7131,2064,pos,0 days 00:09:53.550000,0 days 01:08:09.062000
2024-07-07 14:13:06.311,OnTrack,5654,7224,2064,pos,0 days 00:09:53.770000,0 days 01:08:09.282000
2024-07-07 14:13:06.532,OnTrack,5518,7332,2064,pos,0 days 00:09:53.991000,0 days 01:08:09.503000
2024-07-07 14:13:06.792,OnTrack,5384,7434,2064,pos,0 days 00:09:54.251000,0 days 01:08:09.763000
2024-07-07 14:13:07.072,OnTrack,5227,7556,2064,pos,0 days 00:09:54.531000,0 days 01:08:10.043000
2024-07-07 14:13:07.332,OnTrack,5060,7693,2064,pos,0 days 00:09:54.791000,0 days 01:08:10.303000
2024-07-07 14:13:07.572,OnTrack,4956,7780,2064,pos,0 days 00:09:55.031000,0 days 01:08:10.543000
2024-07-07 14:13:07.872,OnTrack,4789,7922,2064,pos,0 days 00:09:55.331000,0 days 01:08:10.843000
2024-07-07 14:13:08.132,OnTrack,4596,8088,2065,pos,0 days 00:09:55.591000,0 days 01:08:11.103000
2024-07-07 14:13:08.512,OnTrack,4343,8305,2064,pos,0 days 00:09:55.971000,0 days 01:08:11.483000
2024-07-07 14:13:08.891,OnTrack,4203,8425,2064,pos,0 days 00:09:56.350000,0 days 01:08:11.862000
2024-07-07 14:13:09.031,OnTrack,4121,8495,2064,pos,0 days 00:09:56.490000,0 days 01:08:12.002000
2024-07-07 14:13:09.351,OnTrack,3933,8657,2063,pos,0 days 00:09:56.810000,0 days 01:08:12.322000
2024-07-07 14:13:09.551,OnTrack,3821,8754,2063,pos,0 days 00:09:57.010000,0 days 01:08:12.522000
2024-07-07 14:13:09.711,OnTrack,3721,8842,2063,pos,0 days 00:09:57.170000,0 days 01:08:12.682000
2024-07-07 14:13:09.931,OnTrack,3591,8956,2063,pos,0 days 00:09:57.390000,0 days 01:08:12.902000
2024-07-07 14:13:10.091,OnTrack,3502,9034,2063,pos,0 days 00:09:57.550000,0 days 01:08:13.062000
2024-07-07 14:13:10.371,OnTrack,3270,9238,2064,pos,0 days 00:09:57.830000,0 days 01:08:13.342000
2024-07-07 14:13:10.671,OnTrack,3151,9342,2063,pos,0 days 00:09:58.130000,0 days 01:08:13.642000
2024-07-07 14:13:11.011,OnTrack,2954,9515,2062,pos,0 days 00:09:58.470000,0 days 01:08:13.982000
2024-07-07 14:13:11.092,OnTrack,2901,9562,2062,pos,0 days 00:09:58.551000,0 days 01:08:14.063000
2024-07-07 14:13:11.311,OnTrack,2768,9676,2061,pos,0 days 00:09:58.770000,0 days 01:08:14.282000
2024-07-07 14:13:11.632,OnTrack,2529,9885,2058,pos,0 days 00:09:59.091000,0 days 01:08:14.603000
2024-07-07 14:13:11.912,OnTrack,2409,9989,2056,pos,0 days 00:09:59.371000,0 days 01:08:14.883000
2024-07-07 14:13:12.172,OnTrack,2232,10148,2053,pos,0 days 00:09:59.631000,0 days 01:08:15.143000
2024-07-07 14:13:12.492,OnTrack,2001,10354,2050,pos,0 days 00:09:59.951000,0 days 01:08:15.463000
2024-07-07 14:13:12.772,OnTrack,1886,10458,2048,pos,0 days 00:10:00.231000,0 days 01:08:15.743000
2024-07-07 14:13:13.032,OnTrack,1738,10583,2046,pos,0 days 00:10:00.491000,0 days 01:08:16.003000
2024-07-07 14:13:13.191,OnTrack,1651,10653,2044,pos,0 days 00:10:00.650000,0 days 01:08:16.162000
2024-07-07 14:13:13.372,OnTrack,1551,10727,2043,pos,0 days 00:10:00.831000,0 days 01:08:16.343000
2024-07-07 14:13:13.711,OnTrack,1328,10854,2039,pos,0 days 00:10:01.170000,0 days 01:08:16.682000
2024-07-07 14:13:14.132,OnTrack,1141,10922,2036,pos,0 days 00:10:01.591000,0 days 01:08:17.103000
2024-07-07 14:13:14.512,OnTrack,929,10948,2035,pos,0 days 00:10:01.971000,0 days 01:08:17.483000
2024-07-07 14:13:14.992,OnTrack,773,10945,2034,pos,0 days 00:10:02.451000,0 days 01:08:17.963000
2024-07-07 14:13:15.192,OnTrack,695,10933,2033,pos,0 days 00:10:02.651000,0 days 01:08:18.163000
2024-07-07 14:13:15.351,OnTrack,592,10899,2032,pos,0 days 00:10:02.810000,0 days 01:08:18.322000
2024-07-07 14:13:15.671,OnTrack,516,10862,2032,pos,0 days 00:10:03.130000,0 days 01:08:18.642000
2024-07-07 14:13:15.911,OnTrack,440,10811,2032,pos,0 days 00:10:03.370000,0 days 01:08:18.882000
2024-07-07 14:13:16.131,OnTrack,382,10754,2032,pos,0 days 00:10:03.590000,0 days 01:08:19.102000
2024-07-07 14:13:16.891,OnTrack,237,10497,2033,pos,0 days 00:10:04.350000,0 days 01:08:19.862000
2024-07-07 14:13:17.072,OnTrack,216,10431,2033,pos,0 days 00:10:04.531000,0 days 01:08:20.043000
2024-07-07 14:13:17.312,OnTrack,200,10333,2033,pos,0 days 00:10:04.771000,0 days 01:08:20.283000
2024-07-07 14:13:17.551,OnTrack,192,10231,2033,pos,0 days 00:10:05.010000,0 days 01:08:20.522000
2024-07-07 14:13:17.791,OnTrack,187,10127,2034,pos,0 days 00:10:05.250000,0 days 01:08:20.762000
2024-07-07 14:13:18.071,OnTrack,179,10003,2035,pos,0 days 00:10:05.530000,0 days 01:08:21.042000
2024-07-07 14:13:18.111,OnTrack,178,9986,2035,pos,0 days 00:10:05.570000,0 days 01:08:21.082000
2024-07-07 14:13:18.511,OnTrack,139,9790,2037,pos,0 days 00:10:05.970000,0 days 01:08:21.482000
2024-07-07 14:13:18.811,OnTrack,98,9707,2038,pos,0 days 00:10:06.270000,0 days 01:08:21.782000
2024-07-07 14:13:18.992,OnTrack,59,9649,2039,pos,0 days 00:10:06.451000,0 days 01:08:21.963000
2024-07-07 14:13:19.232,OnTrack,-32,9556,2040,pos,0 days 00:10:06.691000,0 days 01:08:22.203000
2024-07-07 14:13:19.651,OnTrack,-109,9503,2040,pos,0 days 00:10:07.110000,0 days 01:08:22.622000
2024-07-07 14:13:19.872,OnTrack,-171,9472,2041,pos,0 days 00:10:07.331000,0 days 01:08:22.843000
2024-07-07 14:13:20.152,OnTrack,-251,9448,2041,pos,0 days 00:10:07.611000,0 days 01:08:23.123000
2024-07-07 14:13:20.192,OnTrack,-262,9446,2041,pos,0 days 00:10:07.651000,0 days 01:08:23.163000
2024-07-07 14:13:20.392,OnTrack,-319,9441,2041,pos,0 days 00:10:07.851000,0 days 01:08:23.363000
2024-07-07 14:13:20.712,OnTrack,-406,9451,2040,pos,0 days 00:10:08.171000,0 days 01:08:23.683000
2024-07-07 14:13:20.972,OnTrack,-471,9475,2040,pos,0 days 00:10:08.431000,0 days 01:08:23.943000
2024-07-07 14:13:21.172,OnTrack,-522,9505,2039,pos,0 days 00:10:08.631000,0 days 01:08:24.143000
2024-07-07 14:13:21.252,OnTrack,-540,9518,2038,pos,0 days 00:10:08.711000,0 days 01:08:24.223000
2024-07-07 14:13:21.412,OnTrack,-575,9547,2038,pos,0 days 00:10:08.871000,0 days 01:08:24.383000
2024-07-07 14:13:21.712,OnTrack,-633,9609,2036,pos,0 days 00:10:09.171000,0 days 01:08:24.683000
2024-07-07 14:13:21.871,OnTrack,-660,9646,2036,pos,0 days 00:10:09.330000,0 days 01:08:24.842000
2024-07-07 14:13:22.051,OnTrack,-687,9691,2035,pos,0 days 00:10:09.510000,0 days 01:08:25.022000
2024-07-07 14:13:22.291,OnTrack,-717,9754,2034,pos,0 days 00:10:09.750000,0 days 01:08:25.262000
2024-07-07 14:13:22.551,OnTrack,-746,9836,2033,pos,0 days 00:10:10.010000,0 days 01:08:25.522000
2024-07-07 14:13:22.771,OnTrack,-768,9936,2032,pos,0 days 00:10:10.230000,0 days 01:08:25.742000
2024-07-07 14:13:23.111,OnTrack,-776,10031,2032,pos,0 days 00:10:10.570000,0 days 01:08:26.082000
2024-07-07 14:13:23.371,OnTrack,-770,10174,2031,pos,0 days 00:10:10.830000,0 days 01:08:26.342000
2024-07-07 14:13:23.771,OnTrack,-751,10301,2030,pos,0 days 00:10:11.230000,0 days 01:08:26.742000
2024-07-07 14:13:23.951,OnTrack,-734,10381,2030,pos,0 days 00:10:11.410000,0 days 01:08:26.922000
2024-07-07 14:13:24.152,OnTrack,-698,10506,2028,pos,0 days 00:10:11.611000,0 days 01:08:27.123000
2024-07-07 14:13:24.331,OnTrack,-668,10590,2027,pos,0 days 00:10:11.790000,0 days 01:08:27.302000
2024-07-07 14:13:24.611,OnTrack,-612,10724,2025,pos,0 days 00:10:12.070000,0 days 01:08:27.582000
2024-07-07 14:13:24.811,OnTrack,-553,10852,2023,pos,0 days 00:10:12.270000,0 days 01:08:27.782000
2024-07-07 14:13:25.091,OnTrack,-496,10962,2022,pos,0 days 00:10:12.550000,0 days 01:08:28.062000
2024-07-07 14:13:25.451,OnTrack,-378,11180,2021,pos,0 days 00:10:12.910000,0 days 01:08:28.422000
2024-07-07 14:13:25.711,OnTrack,-316,11285,2021,pos,0 days 00:10:13.170000,0 days 01:08:28.682000
2024-07-07 14:13:26.032,OnTrack,-203,11452,2021,pos,0 days 00:10:13.491000,0 days 01:08:29.003000
2024-07-07 14:13:26.211,OnTrack,-77,11618,2021,pos,0 days 00:10:13.670000,0 days 01:08:29.182000
2024-07-07 14:13:26.632,OnTrack,45,11760,2021,pos,0 days 00:10:14.091000,0 days 01:08:29.603000
2024-07-07 14:13:26.892,OnTrack,199,11917,2023,pos,0 days 00:10:14.351000,0 days 01:08:29.863000
2024-07-07 14:13:27.132,OnTrack,290,12003,2024,pos,0 days 00:10:14.591000,0 days 01:08:30.103000
2024-07-07 14:13:27.492,OnTrack,484,12168,2024,pos,0 days 00:10:14.951000,0 days 01:08:30.463000
2024-07-07 14:13:27.732,OnTrack,666,12298,2024,pos,0 days 00:10:15.191000,0 days 01:08:30.703000
2024-07-07 14:13:28.092,OnTrack,847,12406,2025,pos,0 days 00:10:15.551000,0 days 01:08:31.063000
2024-07-07 14:13:28.212,OnTrack,927,12445,2025,pos,0 days 00:10:15.671000,0 days 01:08:31.183000
2024-07-07 14:13:28.392,OnTrack,1049,12501,2025,pos,0 days 00:10:15.851000,0 days 01:08:31.363000
2024-07-07 14:13:28.591,OnTrack,1188,12557,2025,pos,0 days 00:10:16.050000,0 days 01:08:31.562000
2024-07-07 14:13:28.811,OnTrack,1338,12608,2025,pos,0 days 00:10:16.270000,0 days 01:08:31.782000
2024-07-07 14:13:29.071,OnTrack,1529,12664,2025,pos,0 days 00:10:16.530000,0 days 01:08:32.042000
2024-07-07 14:13:29.271,OnTrack,1686,12703,2026,pos,0 days 00:10:16.730000,0 days 01:08:32.242000
2024-07-07 14:13:29.511,OnTrack,1869,12739,2027,pos,0 days 00:10:16.970000,0 days 01:08:32.482000
2024-07-07 14:13:29.671,OnTrack,1997,12760,2028,pos,0 days 00:10:17.130000,0 days 01:08:32.642000
2024-07-07 14:13:29.852,OnTrack,2152,12782,2029,pos,0 days 00:10:17.311000,0 days 01:08:32.823000
2024-07-07 14:13:30.211,OnTrack,2436,12815,2031,pos,0 days 00:10:17.670000,0 days 01:08:33.182000
2024-07-07 14:13:30.271,OnTrack,2483,12820,2031,pos,0 days 00:10:17.730000,0 days 01:08:33.242000
2024-07-07 14:13:30.571,OnTrack,2721,12845,2033,pos,0 days 00:10:18.030000,0 days 01:08:33.542000
2024-07-07 14:13:30.771,OnTrack,2992,12872,2036,pos,0 days 00:10:18.230000,0 days 01:08:33.742000
2024-07-07 14:13:31.171,OnTrack,3200,12894,2038,pos,0 days 00:10:18.630000,0 days 01:08:34.142000
2024-07-07 14:13:31.451,OnTrack,3456,12922,2039,pos,0 days 00:10:18.910000,0 days 01:08:34.422000
2024-07-07 14:13:31.772,OnTrack,3681,12946,2039,pos,0 days 00:10:19.231000,0 days 01:08:34.743000
2024-07-07 14:13:32.032,OnTrack,3890,12970,2042,pos,0 days 00:10:19.491000,0 days 01:08:35.003000
2024-07-07 14:13:32.271,OnTrack,4083,12993,2043,pos,0 days 00:10:19.730000,0 days 01:08:35.242000
2024-07-07 14:13:32.392,OnTrack,4277,13018,2044,pos,0 days 00:10:19.851000,0 days 01:08:35.363000
2024-07-07 14:13:32.791,OnTrack,4502,13048,2046,pos,0 days 00:10:20.250000,0 days 01:08:35.762000
2024-07-07 14:13:33.112,OnTrack,4760,13081,2047,pos,0 days 00:10:20.571000,0 days 01:08:36.083000
2024-07-07 14:13:33.412,OnTrack,5001,13105,2048,pos,0 days 00:10:20.871000,0 days 01:08:36.383000
2024-07-07 14:13:33.591,OnTrack,5146,13114,2049,pos,0 days 00:10:21.050000,0 days 01:08:36.562000
2024-07-07 14:13:33.912,OnTrack,5467,13091,2050,pos,0 days 00:10:21.371000,0 days 01:08:36.883000
2024-07-07 14:13:34.192,OnTrack,5602,13060,2051,pos,0 days 00:10:21.651000,0 days 01:08:37.163000
2024-07-07 14:13:34.372,OnTrack,5729,13018,2052,pos,0 days 00:10:21.831000,0 days 01:08:37.343000
2024-07-07 14:13:34.572,OnTrack,5856,12961,2053,pos,0 days 00:10:22.031000,0 days 01:08:37.543000
2024-07-07 14:13:34.852,OnTrack,6031,12854,2054,pos,0 days 00:10:22.311000,0 days 01:08:37.823000
2024-07-07 14:13:35.151,OnTrack,6249,12667,2055,pos,0 days 00:10:22.610000,0 days 01:08:38.122000
2024-07-07 14:13:35.511,OnTrack,6376,12507,2056,pos,0 days 00:10:22.970000,0 days 01:08:38.482000
2024-07-07 14:13:35.731,OnTrack,6505,12268,2057,pos,0 days 00:10:23.190000,0 days 01:08:38.702000
2024-07-07 14:13:36.171,OnTrack,6619,11972,2060,pos,0 days 00:10:23.630000,0 days 01:08:39.142000
2024-07-07 14:13:36.491,OnTrack,6663,11827,2061,pos,0 days 00:10:23.950000,0 days 01:08:39.462000
2024-07-07 14:13:36.831,OnTrack,6740,11532,2063,pos,0 days 00:10:24.290000,0 days 01:08:39.802000
2024-07-07 14:13:37.091,OnTrack,6775,11383,2064,pos,0 days 00:10:24.550000,0 days 01:08:40.062000
2024-07-07 14:13:37.351,OnTrack,6815,11194,2066,pos,0 days 00:10:24.810000,0 days 01:08:40.322000
2024-07-07 14:13:37.571,OnTrack,6851,11001,2067,pos,0 days 00:10:25.030000,0 days 01:08:40.542000
2024-07-07 14:13:37.792,OnTrack,6878,10832,2068,pos,0 days 00:10:25.251000,0 days 01:08:40.763000
2024-07-07 14:13:37.951,OnTrack,6896,10708,2069,pos,0 days 00:10:25.410000,0 days 01:08:40.922000
2024-07-07 14:13:38.131,OnTrack,6914,10567,2070,pos,0 days 00:10:25.590000,0 days 01:08:41.102000
2024-07-07 14:13:38.451,OnTrack,6951,10204,2073,pos,0 days 00:10:25.910000,0 days 01:08:41.422000
2024-07-07 14:13:38.872,OnTrack,6967,9980,2074,pos,0 days 00:10:26.331000,0 days 01:08:41.843000
2024-07-07 14:13:39.071,OnTrack,6976,9771,2075,pos,0 days 00:10:26.530000,0 days 01:08:42.042000
2024-07-07 14:13:39.432,OnTrack,6982,9528,2075,pos,0 days 00:10:26.891000,0 days 01:08:42.403000
2024-07-07 14:13:39.591,OnTrack,6985,9398,2075,pos,0 days 00:10:27.050000,0 days 01:08:42.562000
2024-07-07 14:13:39.952,OnTrack,6995,9105,2073,pos,0 days 00:10:27.411000,0 days 01:08:42.923000
2024-07-07 14:13:40.131,OnTrack,7011,8890,2072,pos,0 days 00:10:27.590000,0 days 01:08:43.102000
2024-07-07 14:13:40.411,OnTrack,7030,8745,2071,pos,0 days 00:10:27.870000,0 days 01:08:43.382000
2024-07-07 14:13:40.651,OnTrack,7062,8551,2070,pos,0 days 00:10:28.110000,0 days 01:08:43.622000
2024-07-07 14:13:40.992,OnTrack,7128,8263,2069,pos,0 days 00:10:28.451000,0 days 01:08:43.963000
2024-07-07 14:13:41.312,OnTrack,7197,8027,2066,pos,0 days 00:10:28.771000,0 days 01:08:44.283000
2024-07-07 14:13:41.592,OnTrack,7294,7751,2063,pos,0 days 00:10:29.051000,0 days 01:08:44.563000
2024-07-07 14:13:41.851,OnTrack,7349,7614,2060,pos,0 days 00:10:29.310000,0 days 01:08:44.822000
2024-07-07 14:13:42.111,OnTrack,7428,7417,2059,pos,0 days 00:10:29.570000,0 days 01:08:45.082000
2024-07-07 14:13:42.451,OnTrack,7506,7169,2058,pos,0 days 00:10:29.910000,0 days 01:08:45.422000
2024-07-07 14:13:42.471,OnTrack,7511,7148,2058,pos,0 days 00:10:29.930000,0 days 01:08:45.442000
2024-07-07 14:13:42.791,OnTrack,7540,6912,2058,pos,0 days 00:10:30.250000,0 days 01:08:45.762000
2024-07-07 14:13:42.951,OnTrack,7522,6697,2058,pos,0 days 00:10:30.410000,0 days 01:08:45.922000
2024-07-07 14:13:43.291,OnTrack,7491,6531,2059,pos,0 days 00:10:30.750000,0 days 01:08:46.262000
2024-07-07 14:13:43.631,OnTrack,7416,6224,2061,pos,0 days 00:10:31.090000,0 days 01:08:46.602000
2024-07-07 14:13:43.931,OnTrack,7377,6064,2062,pos,0 days 00:10:31.390000,0 days 01:08:46.902000
2024-07-07 14:13:44.272,OnTrack,7332,5817,2063,pos,0 days 00:10:31.731000,0 days 01:08:47.243000
2024-07-07 14:13:44.451,OnTrack,7319,5689,2063,pos,0 days 00:10:31.910000,0 days 01:08:47.422000
2024-07-07 14:13:44.572,OnTrack,7317,5605,2063,pos,0 days 00:10:32.031000,0 days 01:08:47.543000
2024-07-07 14:13:44.852,OnTrack,7348,5355,2062,pos,0 days 00:10:32.311000,0 days 01:08:47.823000
2024-07-07 14:13:45.311,OnTrack,7435,5131,2059,pos,0 days 00:10:32.770000,0 days 01:08:48.282000
2024-07-07 14:13:45.452,OnTrack,7475,5054,2058,pos,0 days 00:10:32.911000,0 days 01:08:48.423000
2024-07-07 14:13:45.712,OnTrack,7567,4900,2056,pos,0 days 00:10:33.171000,0 days 01:08:48.683000
2024-07-07 14:13:45.892,OnTrack,7628,4799,2054,pos,0 days 00:10:33.351000,0 days 01:08:48.863000
2024-07-07 14:13:46.091,OnTrack,7723,4612,2052,pos,0 days 00:10:33.550000,0 days 01:08:49.062000
2024-07-07 14:13:46.391,OnTrack,7754,4525,2051,pos,0 days 00:10:33.850000,0 days 01:08:49.362000
2024-07-07 14:13:46.671,OnTrack,7785,4378,2049,pos,0 days 00:10:34.130000,0 days 01:08:49.642000
2024-07-07 14:13:46.992,OnTrack,7784,4201,2045,pos,0 days 00:10:34.451000,0 days 01:08:49.963000
2024-07-07 14:13:47.171,OnTrack,7753,4057,2043,pos,0 days 00:10:34.630000,0 days 01:08:50.142000
2024-07-07 14:13:47.552,OnTrack,7704,3920,2041,pos,0 days 00:10:35.011000,0 days 01:08:50.523000
2024-07-07 14:13:47.751,OnTrack,7657,3825,2040,pos,0 days 00:10:35.210000,0 days 01:08:50.722000
2024-07-07 14:13:47.912,OnTrack,7613,3750,2039,pos,0 days 00:10:35.371000,0 days 01:08:50.883000
2024-07-07 14:13:48.192,OnTrack,7489,3594,2037,pos,0 days 00:10:35.651000,0 days 01:08:51.163000
2024-07-07 14:13:48.571,OnTrack,7356,3484,2035,pos,0 days 00:10:36.030000,0 days 01:08:51.542000
2024-07-07 14:13:48.751,OnTrack,7264,3426,2033,pos,0 days 00:10:36.210000,0 days 01:08:51.722000
2024-07-07 14:13:48.971,OnTrack,7144,3361,2032,pos,0 days 00:10:36.430000,0 days 01:08:51.942000
2024-07-07 14:13:49.152,OnTrack,7044,3310,2031,pos,0 days 00:10:36.611000,0 days 01:08:52.123000
2024-07-07 14:13:49.451,OnTrack,6884,3212,2029,pos,0 days 00:10:36.910000,0 days 01:08:52.422000
2024-07-07 14:13:49.551,OnTrack,6834,3173,2029,pos,0 days 00:10:37.010000,0 days 01:08:52.522000
2024-07-07 14:13:49.891,OnTrack,6669,3018,2028,pos,0 days 00:10:37.350000,0 days 01:08:52.862000
2024-07-07 14:13:50.071,OnTrack,6531,2868,2027,pos,0 days 00:10:37.530000,0 days 01:08:53.042000
2024-07-07 14:13:50.512,OnTrack,6388,2687,2027,pos,0 days 00:10:37.971000,0 days 01:08:53.483000
2024-07-07 14:13:50.591,OnTrack,6353,2638,2027,pos,0 days 00:10:38.050000,0 days 01:08:53.562000
2024-07-07 14:13:50.911,OnTrack,6232,2446,2026,pos,0 days 00:10:38.370000,0 days 01:08:53.882000
2024-07-07 14:13:51.112,OnTrack,6163,2322,2026,pos,0 days 00:10:38.571000,0 days 01:08:54.083000
2024-07-07 14:13:51.291,OnTrack,6067,2139,2025,pos,0 days 00:10:38.750000,0 days 01:08:54.262000
2024-07-07 14:13:51.612,OnTrack,5997,1997,2025,pos,0 days 00:10:39.071000,0 days 01:08:54.583000
2024-07-07 14:13:51.972,OnTrack,5873,1744,2024,pos,0 days 00:10:39.431000,0 days 01:08:54.943000
2024-07-07 14:13:52.172,OnTrack,5789,1569,2023,pos,0 days 00:10:39.631000,0 days 01:08:55.143000
2024-07-07 14:13:52.432,OnTrack,5717,1421,2022,pos,0 days 00:10:39.891000,0 days 01:08:55.403000
2024-07-07 14:13:52.792,OnTrack,5545,1061,2020,pos,0 days 00:10:40.251000,0 days 01:08:55.763000
2024-07-07 14:13:53.072,OnTrack,5495,955,2019,pos,0 days 00:10:40.531000,0 days 01:08:56.043000
2024-07-07 14:13:53.252,OnTrack,5432,823,2019,pos,0 days 00:10:40.711000,0 days 01:08:56.223000
2024-07-07 14:13:53.612,OnTrack,5304,556,2016,pos,0 days 00:10:41.071000,0 days 01:08:56.583000
2024-07-07 14:13:53.652,OnTrack,5289,526,2016,pos,0 days 00:10:41.111000,0 days 01:08:56.623000
2024-07-07 14:13:53.912,OnTrack,5195,331,2014,pos,0 days 00:10:41.371000,0 days 01:08:56.883000
2024-07-07 14:13:54.092,OnTrack,5129,196,2013,pos,0 days 00:10:41.551000,0 days 01:08:57.063000
2024-07-07 14:13:54.352,OnTrack,5037,6,2012,pos,0 days 00:10:41.811000,0 days 01:08:57.323000
2024-07-07 14:13:54.672,OnTrack,4886,-307,2010,pos,0 days 00:10:42.131000,0 days 01:08:57.643000
2024-07-07 14:13:55.091,OnTrack,4760,-570,2008,pos,0 days 00:10:42.550000,0 days 01:08:58.062000
2024-07-07 14:13:55.291,OnTrack,4646,-807,2007,pos,0 days 00:10:42.750000,0 days 01:08:58.262000
2024-07-07 14:13:55.671,OnTrack,4540,-1026,2006,pos,0 days 00:10:43.130000,0 days 01:08:58.642000
2024-07-07 14:13:55.771,OnTrack,4501,-1104,2005,pos,0 days 00:10:43.230000,0 days 01:08:58.742000
2024-07-07 14:13:56.031,OnTrack,4402,-1309,2003,pos,0 days 00:10:43.490000,0 days 01:08:59.002000
2024-07-07 14:13:56.271,OnTrack,4278,-1560,2000,pos,0 days 00:10:43.730000,0 days 01:08:59.242000
2024-07-07 14:13:56.731,OnTrack,4129,-1859,1996,pos,0 days 00:10:44.190000,0 days 01:08:59.702000
2024-07-07 14:13:56.792,OnTrack,4105,-1906,1995,pos,0 days 00:10:44.251000,0 days 01:08:59.763000
2024-07-07 14:13:57.151,OnTrack,3962,-2188,1994,pos,0 days 00:10:44.610000,0 days 01:09:00.122000
2024-07-07 14:13:57.332,OnTrack,3890,-2326,1994,pos,0 days 00:10:44.791000,0 days 01:09:00.303000
2024-07-07 14:13:57.491,OnTrack,3825,-2451,1994,pos,0 days 00:10:44.950000,0 days 01:09:00.462000
2024-07-07 14:13:57.711,OnTrack,3735,-2622,1995,pos,0 days 00:10:45.170000,0 days 01:09:00.682000
2024-07-07 14:13:57.932,OnTrack,3644,-2793,1997,pos,0 days 00:10:45.391000,0 days 01:09:00.903000
2024-07-07 14:13:58.172,OnTrack,3490,-3070,2002,pos,0 days 00:10:45.631000,0 days 01:09:01.143000
2024-07-07 14:13:58.492,OnTrack,3402,-3221,2005,pos,0 days 00:10:45.951000,0 days 01:09:01.463000
2024-07-07 14:13:58.772,OnTrack,3217,-3507,2012,pos,0 days 00:10:46.231000,0 days 01:09:01.743000
2024-07-07 14:13:59.032,OnTrack,3151,-3593,2014,pos,0 days 00:10:46.491000,0 days 01:09:02.003000
2024-07-07 14:13:59.352,OnTrack,3002,-3765,2018,pos,0 days 00:10:46.811000,0 days 01:09:02.323000
2024-07-07 14:13:59.572,OnTrack,2897,-3862,2020,pos,0 days 00:10:47.031000,0 days 01:09:02.543000
2024-07-07 14:13:59.731,OnTrack,2818,-3922,2022,pos,0 days 00:10:47.190000,0 days 01:09:02.702000
2024-07-07 14:13:59.892,OnTrack,2734,-3975,2023,pos,0 days 00:10:47.351000,0 days 01:09:02.863000
2024-07-07 14:14:00.092,OnTrack,2626,-4030,2025,pos,0 days 00:10:47.551000,0 days 01:09:03.063000
2024-07-07 14:14:00.291,OnTrack,2529,-4068,2027,pos,0 days 00:10:47.750000,0 days 01:09:03.262000
2024-07-07 14:14:00.511,OnTrack,2416,-4099,2029,pos,0 days 00:10:47.970000,0 days 01:09:03.482000
2024-07-07 14:14:00.672,OnTrack,2330,-4112,2030,pos,0 days 00:10:48.131000,0 days 01:09:03.643000
2024-07-07 14:14:00.972,OnTrack,2126,-4108,2032,pos,0 days 00:10:48.431000,0 days 01:09:03.943000
2024-07-07 14:14:01.312,OnTrack,1992,-4081,2033,pos,0 days 00:10:48.771000,0 days 01:09:04.283000
2024-07-07 14:14:01.491,OnTrack,1902,-4051,2033,pos,0 days 00:10:48.950000,0 days 01:09:04.462000
2024-07-07 14:14:01.811,OnTrack,1748,-3975,2033,pos,0 days 00:10:49.270000,0 days 01:09:04.782000
2024-07-07 14:14:01.951,OnTrack,1683,-3933,2033,pos,0 days 00:10:49.410000,0 days 01:09:04.922000
2024-07-07 14:14:02.131,OnTrack,1602,-3870,2032,pos,0 days 00:10:49.590000,0 days 01:09:05.102000
2024-07-07 14:14:02.431,OnTrack,1477,-3750,2031,pos,0 days 00:10:49.890000,0 days 01:09:05.402000
2024-07-07 14:14:02.591,OnTrack,1416,-3678,2030,pos,0 days 00:10:50.050000,0 days 01:09:05.562000
2024-07-07 14:14:02.751,OnTrack,1357,-3601,2029,pos,0 days 00:10:50.210000,0 days 01:09:05.722000
2024-07-07 14:14:02.891,OnTrack,1310,-3529,2027,pos,0 days 00:10:50.350000,0 days 01:09:05.862000
2024-07-07 14:14:03.291,OnTrack,1143,-3230,2019,pos,0 days 00:10:50.750000,0 days 01:09:06.262000
2024-07-07 14:14:03.651,OnTrack,1076,-3105,2014,pos,0 days 00:10:51.110000,0 days 01:09:06.622000
2024-07-07 14:14:03.872,OnTrack,1004,-2979,2009,pos,0 days 00:10:51.331000,0 days 01:09:06.843000
2024-07-07 14:14:03.951,OnTrack,977,-2933,2007,pos,0 days 00:10:51.410000,0 days 01:09:06.922000
2024-07-07 14:14:04.192,OnTrack,887,-2796,2000,pos,0 days 00:10:51.651000,0 days 01:09:07.163000
2024-07-07 14:14:04.371,OnTrack,815,-2694,1996,pos,0 days 00:10:51.830000,0 days 01:09:07.342000
2024-07-07 14:14:04.692,OnTrack,682,-2513,1989,pos,0 days 00:10:52.151000,0 days 01:09:07.663000
2024-07-07 14:14:04.851,OnTrack,619,-2428,1986,pos,0 days 00:10:52.310000,0 days 01:09:07.822000
2024-07-07 14:14:05.032,OnTrack,538,-2319,1985,pos,0 days 00:10:52.491000,0 days 01:09:08.003000
2024-07-07 14:14:05.332,OnTrack,350,-2067,1985,pos,0 days 00:10:52.791000,0 days 01:09:08.303000
2024-07-07 14:14:05.592,OnTrack,270,-1964,1986,pos,0 days 00:10:53.051000,0 days 01:09:08.563000
2024-07-07 14:14:05.852,OnTrack,151,-1817,1986,pos,0 days 00:10:53.311000,0 days 01:09:08.823000
2024-07-07 14:14:06.092,OnTrack,38,-1684,1986,pos,0 days 00:10:53.551000,0 days 01:09:09.063000
2024-07-07 14:14:06.291,OnTrack,-57,-1575,1986,pos,0 days 00:10:53.750000,0 days 01:09:09.262000
2024-07-07 14:14:07.532,OnTrack,-536,-1054,1977,pos,0 days 00:10:54.991000,0 days 01:09:10.503000
2024-07-07 14:14:07.932,OnTrack,-662,-970,1975,pos,0 days 00:10:55.391000,0 days 01:09:10.903000
2024-07-07 14:14:08.351,OnTrack,-776,-925,1976,pos,0 days 00:10:55.810000,0 days 01:09:11.322000
2024-07-07 14:14:08.671,OnTrack,-841,-915,1976,pos,0 days 00:10:56.130000,0 days 01:09:11.642000
2024-07-07 14:14:08.991,OnTrack,-971,-918,1977,pos,0 days 00:10:56.450000,0 days 01:09:11.962000
2024-07-07 14:14:09.251,OnTrack,-1002,-925,1978,pos,0 days 00:10:56.710000,0 days 01:09:12.222000
2024-07-07 14:14:09.551,OnTrack,-1076,-955,1978,pos,0 days 00:10:57.010000,0 days 01:09:12.522000
2024-07-07 14:14:09.791,OnTrack,-1133,-990,1979,pos,0 days 00:10:57.250000,0 days 01:09:12.762000
2024-07-07 14:14:09.911,OnTrack,-1195,-1037,1980,pos,0 days 00:10:57.370000,0 days 01:09:12.882000
2024-07-07 14:14:10.311,OnTrack,-1260,-1087,1981,pos,0 days 00:10:57.770000,0 days 01:09:13.282000
2024-07-07 14:14:10.551,OnTrack,-1322,-1127,1981,pos,0 days 00:10:58.010000,0 days 01:09:13.522000
2024-07-07 14:14:10.811,OnTrack,-1401,-1161,1981,pos,0 days 00:10:58.270000,0 days 01:09:13.782000
2024-07-07 14:14:10.952,OnTrack,-1444,-1170,1981,pos,0 days 00:10:58.411000,0 days 01:09:13.923000
2024-07-07 14:14:11.131,OnTrack,-1499,-1172,1981,pos,0 days 00:10:58.590000,0 days 01:09:14.102000
2024-07-07 14:14:11.451,OnTrack,-1599,-1155,1980,pos,0 days 00:10:58.910000,0 days 01:09:14.422000
2024-07-07 14:14:11.611,OnTrack,-1649,-1141,1979,pos,0 days 00:10:59.070000,0 days 01:09:14.582000
2024-07-07 14:14:11.772,OnTrack,-1698,-1122,1978,pos,0 days 00:10:59.231000,0 days 01:09:14.743000
2024-07-07 14:14:11.931,OnTrack,-1746,-1101,1978,pos,0 days 00:10:59.390000,0 days 01:09:14.902000
2024-07-07 14:14:12.171,OnTrack,-1817,-1060,1978,pos,0 days 00:10:59.630000,0 days 01:09:15.142000
2024-07-07 14:14:12.471,OnTrack,-1900,-995,1977,pos,0 days 00:10:59.930000,0 days 01:09:15.442000
2024-07-07 14:14:12.632,OnTrack,-1942,-952,1976,pos,0 days 00:11:00.091000,0 days 01:09:15.603000
2024-07-07 14:14:12.771,OnTrack,-1977,-910,1976,pos,0 days 00:11:00.230000,0 days 01:09:15.742000
2024-07-07 14:14:13.031,OnTrack,-2044,-826,1975,pos,0 days 00:11:00.490000,0 days 01:09:16.002000
2024-07-07 14:14:13.272,OnTrack,-2137,-700,1974,pos,0 days 00:11:00.731000,0 days 01:09:16.243000
2024-07-07 14:14:13.652,OnTrack,-2207,-563,1974,pos,0 days 00:11:01.111000,0 days 01:09:16.623000
2024-07-07 14:14:13.832,OnTrack,-2239,-479,1973,pos,0 days 00:11:01.291000,0 days 01:09:16.803000
2024-07-07 14:14:14.092,OnTrack,-2277,-350,1971,pos,0 days 00:11:01.551000,0 days 01:09:17.063000
2024-07-07 14:14:14.352,OnTrack,-2306,-179,1969,pos,0 days 00:11:01.811000,0 days 01:09:17.323000
2024-07-07 14:14:14.631,OnTrack,-2314,-55,1968,pos,0 days 00:11:02.090000,0 days 01:09:17.602000
2024-07-07 14:14:14.811,OnTrack,-2313,48,1967,pos,0 days 00:11:02.270000,0 days 01:09:17.782000
2024-07-07 14:14:15.191,OnTrack,-2278,298,1965,pos,0 days 00:11:02.650000,0 days 01:09:18.162000
2024-07-07 14:14:15.411,OnTrack,-2249,404,1963,pos,0 days 00:11:02.870000,0 days 01:09:18.382000
2024-07-07 14:14:15.631,OnTrack,-2199,535,1963,pos,0 days 00:11:03.090000,0 days 01:09:18.602000
2024-07-07 14:14:15.911,OnTrack,-2115,697,1962,pos,0 days 00:11:03.370000,0 days 01:09:18.882000
2024-07-07 14:14:16.171,OnTrack,-1981,902,1962,pos,0 days 00:11:03.630000,0 days 01:09:19.142000
2024-07-07 14:14:16.491,OnTrack,-1893,1023,1963,pos,0 days 00:11:03.950000,0 days 01:09:19.462000
2024-07-07 14:14:16.771,OnTrack,-1783,1173,1963,pos,0 days 00:11:04.230000,0 days 01:09:19.742000
2024-07-07 14:14:16.952,OnTrack,-1661,1336,1964,pos,0 days 00:11:04.411000,0 days 01:09:19.923000
2024-07-07 14:14:17.331,OnTrack,-1536,1493,1965,pos,0 days 00:11:04.790000,0 days 01:09:20.302000
2024-07-07 14:14:17.532,OnTrack,-1445,1606,1966,pos,0 days 00:11:04.991000,0 days 01:09:20.503000
2024-07-07 14:14:17.832,OnTrack,-1251,1865,1969,pos,0 days 00:11:05.291000,0 days 01:09:20.803000
2024-07-07 14:14:18.131,OnTrack,-1181,1962,1970,pos,0 days 00:11:05.590000,0 days 01:09:21.102000
2024-07-07 14:14:18.312,OnTrack,-1101,2071,1972,pos,0 days 00:11:05.771000,0 days 01:09:21.283000
2024-07-07 14:14:18.491,OnTrack,-1022,2180,1973,pos,0 days 00:11:05.950000,0 days 01:09:21.462000
2024-07-07 14:14:18.691,OnTrack,-933,2303,1975,pos,0 days 00:11:06.150000,0 days 01:09:21.662000
2024-07-07 14:14:19.011,OnTrack,-787,2503,1979,pos,0 days 00:11:06.470000,0 days 01:09:21.982000
2024-07-07 14:14:19.172,OnTrack,-714,2604,1980,pos,0 days 00:11:06.631000,0 days 01:09:22.143000
2024-07-07 14:14:19.392,OnTrack,-614,2745,1983,pos,0 days 00:11:06.851000,0 days 01:09:22.363000
2024-07-07 14:14:19.571,OnTrack,-533,2863,1985,pos,0 days 00:11:07.030000,0 days 01:09:22.542000
2024-07-07 14:14:19.792,OnTrack,-435,3008,1987,pos,0 days 00:11:07.251000,0 days 01:09:22.763000
2024-07-07 14:14:20.052,OnTrack,-320,3181,1990,pos,0 days 00:11:07.511000,0 days 01:09:23.023000
2024-07-07 14:14:20.352,OnTrack,-185,3383,1994,pos,0 days 00:11:07.811000,0 days 01:09:23.323000
2024-07-07 14:14:20.532,OnTrack,-92,3515,1996,pos,0 days 00:11:07.991000,0 days 01:09:23.503000
2024-07-07 14:14:20.832,OnTrack,42,3699,1999,pos,0 days 00:11:08.291000,0 days 01:09:23.803000
2024-07-07 14:14:21.032,OnTrack,143,3828,2002,pos,0 days 00:11:08.491000,0 days 01:09:24.003000
2024-07-07 14:14:21.191,OnTrack,227,3929,2005,pos,0 days 00:11:08.650000,0 days 01:09:24.162000
2024-07-07 14:14:21.491,OnTrack,407,4125,2010,pos,0 days 00:11:08.950000,0 days 01:09:24.462000
2024-07-07 14:14:21.731,OnTrack,553,4251,2011,pos,0 days 00:11:09.190000,0 days 01:09:24.702000
2024-07-07 14:14:21.951,OnTrack,698,4348,2013,pos,0 days 00:11:09.410000,0 days 01:09:24.922000
2024-07-07 14:14:22.151,OnTrack,901,4439,2014,pos,0 days 00:11:09.610000,0 days 01:09:25.122000
2024-07-07 14:14:22.591,OnTrack,1182,4504,2016,pos,0 days 00:11:10.050000,0 days 01:09:25.562000
2024-07-07 14:14:22.811,OnTrack,1407,4520,2018,pos,0 days 00:11:10.270000,0 days 01:09:25.782000
2024-07-07 14:14:23.131,OnTrack,1616,4517,2021,pos,0 days 00:11:10.590000,0 days 01:09:26.102000
2024-07-07 14:14:23.431,OnTrack,1934,4484,2025,pos,0 days 00:11:10.890000,0 days 01:09:26.402000
2024-07-07 14:14:23.831,OnTrack,2173,4453,2027,pos,0 days 00:11:11.290000,0 days 01:09:26.802000
2024-07-07 14:14:23.931,OnTrack,2252,4446,2027,pos,0 days 00:11:11.390000,0 days 01:09:26.902000
2024-07-07 14:14:24.151,OnTrack,2420,4439,2029,pos,0 days 00:11:11.610000,0 days 01:09:27.122000
2024-07-07 14:14:24.431,OnTrack,2654,4447,2033,pos,0 days 00:11:11.890000,0 days 01:09:27.402000
2024-07-07 14:14:24.651,OnTrack,2822,4471,2035,pos,0 days 00:11:12.110000,0 days 01:09:27.622000
2024-07-07 14:14:24.872,OnTrack,3065,4542,2039,pos,0 days 00:11:12.331000,0 days 01:09:27.843000
2024-07-07 14:14:25.172,OnTrack,3227,4612,2041,pos,0 days 00:11:12.631000,0 days 01:09:28.143000
2024-07-07 14:14:25.412,OnTrack,3395,4711,2045,pos,0 days 00:11:12.871000,0 days 01:09:28.383000
2024-07-07 14:14:25.712,OnTrack,3626,4888,2048,pos,0 days 00:11:13.171000,0 days 01:09:28.683000
2024-07-07 14:14:26.151,OnTrack,3845,5100,2050,pos,0 days 00:11:13.610000,0 days 01:09:29.122000
2024-07-07 14:14:26.292,OnTrack,3923,5180,2050,pos,0 days 00:11:13.751000,0 days 01:09:29.263000
2024-07-07 14:14:26.552,OnTrack,4069,5322,2051,pos,0 days 00:11:14.011000,0 days 01:09:29.523000
2024-07-07 14:14:26.772,OnTrack,4188,5434,2052,pos,0 days 00:11:14.231000,0 days 01:09:29.743000
2024-07-07 14:14:26.931,OnTrack,4266,5506,2053,pos,0 days 00:11:14.390000,0 days 01:09:29.902000
2024-07-07 14:14:27.052,OnTrack,4322,5555,2053,pos,0 days 00:11:14.511000,0 days 01:09:30.023000
2024-07-07 14:14:27.312,OnTrack,4438,5654,2054,pos,0 days 00:11:14.771000,0 days 01:09:30.283000
2024-07-07 14:14:27.491,OnTrack,4509,5713,2055,pos,0 days 00:11:14.950000,0 days 01:09:30.462000
2024-07-07 14:14:27.732,OnTrack,4598,5783,2055,pos,0 days 00:11:15.191000,0 days 01:09:30.703000
2024-07-07 14:14:27.911,OnTrack,4662,5827,2055,pos,0 days 00:11:15.370000,0 days 01:09:30.882000
2024-07-07 14:14:28.050,OnTrack,4709,5854,2055,pos,0 days 00:11:15.509000,0 days 01:09:31.021000
2024-07-07 14:14:28.271,OnTrack,4785,5884,2054,pos,0 days 00:11:15.730000,0 days 01:09:31.242000
2024-07-07 14:14:28.591,OnTrack,4897,5901,2054,pos,0 days 00:11:16.050000,0 days 01:09:31.562000
2024-07-07 14:14:28.871,OnTrack,4990,5895,2053,pos,0 days 00:11:16.330000,0 days 01:09:31.842000
2024-07-07 14:14:29.091,OnTrack,5056,5880,2054,pos,0 days 00:11:16.550000,0 days 01:09:32.062000
2024-07-07 14:14:29.271,OnTrack,5125,5851,2054,pos,0 days 00:11:16.730000,0 days 01:09:32.242000
2024-07-07 14:14:29.611,OnTrack,5209,5792,2056,pos,0 days 00:11:17.070000,0 days 01:09:32.582000
2024-07-07 14:14:30.051,OnTrack,5269,5728,2058,pos,0 days 00:11:17.510000,0 days 01:09:33.022000
2024-07-07 14:14:30.191,OnTrack,5291,5697,2058,pos,0 days 00:11:17.650000,0 days 01:09:33.162000
2024-07-07 14:14:30.431,OnTrack,5321,5638,2059,pos,0 days 00:11:17.890000,0 days 01:09:33.402000
2024-07-07 14:14:30.691,OnTrack,5346,5569,2059,pos,0 days 00:11:18.150000,0 days 01:09:33.662000
2024-07-07 14:14:30.892,OnTrack,5362,5511,2060,pos,0 days 00:11:18.351000,0 days 01:09:33.863000
2024-07-07 14:14:31.072,OnTrack,5373,5457,2060,pos,0 days 00:11:18.531000,0 days 01:09:34.043000
2024-07-07 14:14:31.251,OnTrack,5381,5401,2061,pos,0 days 00:11:18.710000,0 days 01:09:34.222000
2024-07-07 14:14:31.551,OnTrack,5390,5302,2062,pos,0 days 00:11:19.010000,0 days 01:09:34.522000
2024-07-07 14:14:31.732,OnTrack,5396,5239,2063,pos,0 days 00:11:19.191000,0 days 01:09:34.703000
2024-07-07 14:14:31.892,OnTrack,5399,5204,2064,pos,0 days 00:11:19.351000,0 days 01:09:34.863000
2024-07-07 14:14:32.091,OnTrack,5411,5133,2065,pos,0 days 00:11:19.550000,0 days 01:09:35.062000
2024-07-07 14:14:32.311,OnTrack,5429,5061,2066,pos,0 days 00:11:19.770000,0 days 01:09:35.282000
2024-07-07 14:14:32.552,OnTrack,5458,4988,2066,pos,0 days 00:11:20.011000,0 days 01:09:35.523000
2024-07-07 14:14:32.752,OnTrack,5490,4932,2066,pos,0 days 00:11:20.211000,0 days 01:09:35.723000
2024-07-07 14:14:32.992,OnTrack,5532,4877,2066,pos,0 days 00:11:20.451000,0 days 01:09:35.963000
2024-07-07 14:14:33.211,OnTrack,5573,4833,2065,pos,0 days 00:11:20.670000,0 days 01:09:36.182000
2024-07-07 14:14:33.451,OnTrack,5619,4794,2064,pos,0 days 00:11:20.910000,0 days 01:09:36.422000
2024-07-07 14:14:33.612,OnTrack,5672,4760,2064,pos,0 days 00:11:21.071000,0 days 01:09:36.583000
2024-07-07 14:14:33.992,OnTrack,5731,4736,2065,pos,0 days 00:11:21.451000,0 days 01:09:36.963000
2024-07-07 14:14:34.232,OnTrack,5782,4730,2064,pos,0 days 00:11:21.691000,0 days 01:09:37.203000
2024-07-07 14:14:34.391,OnTrack,5816,4735,2064,pos,0 days 00:11:21.850000,0 days 01:09:37.362000
2024-07-07 14:14:34.590,OnTrack,5856,4751,2064,pos,0 days 00:11:22.049000,0 days 01:09:37.561000
2024-07-07 14:14:34.872,OnTrack,5925,4798,2064,pos,0 days 00:11:22.331000,0 days 01:09:37.843000
2024-07-07 14:14:35.171,OnTrack,5963,4833,2064,pos,0 days 00:11:22.630000,0 days 01:09:38.142000
2024-07-07 14:14:35.411,OnTrack,6002,4876,2064,pos,0 days 00:11:22.870000,0 days 01:09:38.382000
2024-07-07 14:14:35.591,OnTrack,6030,4911,2065,pos,0 days 00:11:23.050000,0 days 01:09:38.562000
2024-07-07 14:14:35.811,OnTrack,6064,4958,2065,pos,0 days 00:11:23.270000,0 days 01:09:38.782000
2024-07-07 14:14:36.051,OnTrack,6098,5013,2064,pos,0 days 00:11:23.510000,0 days 01:09:39.022000
2024-07-07 14:14:36.311,OnTrack,6145,5102,2065,pos,0 days 00:11:23.770000,0 days 01:09:39.282000
2024-07-07 14:14:36.651,OnTrack,6177,5177,2065,pos,0 days 00:11:24.110000,0 days 01:09:39.622000
2024-07-07 14:14:36.891,OnTrack,6225,5309,2065,pos,0 days 00:11:24.350000,0 days 01:09:39.862000
2024-07-07 14:14:37.392,OnTrack,6269,5466,2065,pos,0 days 00:11:24.851000,0 days 01:09:40.363000
2024-07-07 14:14:37.692,OnTrack,6295,5580,2065,pos,0 days 00:11:25.151000,0 days 01:09:40.663000
2024-07-07 14:14:37.972,OnTrack,6318,5712,2065,pos,0 days 00:11:25.431000,0 days 01:09:40.943000
2024-07-07 14:14:38.172,OnTrack,6330,5839,2064,pos,0 days 00:11:25.631000,0 days 01:09:41.143000
2024-07-07 14:14:38.331,OnTrack,6332,5923,2064,pos,0 days 00:11:25.790000,0 days 01:09:41.302000
2024-07-07 14:14:38.611,OnTrack,6324,6075,2064,pos,0 days 00:11:26.070000,0 days 01:09:41.582000
2024-07-07 14:14:38.871,OnTrack,6288,6290,2063,pos,0 days 00:11:26.330000,0 days 01:09:41.842000
2024-07-07 14:14:39.112,OnTrack,6271,6358,2062,pos,0 days 00:11:26.571000,0 days 01:09:42.083000
2024-07-07 14:14:39.352,OnTrack,6223,6494,2062,pos,0 days 00:11:26.811000,0 days 01:09:42.323000
2024-07-07 14:14:39.512,OnTrack,6183,6583,2063,pos,0 days 00:11:26.971000,0 days 01:09:42.483000
2024-07-07 14:14:39.751,OnTrack,6111,6715,2063,pos,0 days 00:11:27.210000,0 days 01:09:42.722000
2024-07-07 14:14:40.011,OnTrack,6019,6853,2064,pos,0 days 00:11:27.470000,0 days 01:09:42.982000
2024-07-07 14:14:40.172,OnTrack,5955,6934,2064,pos,0 days 00:11:27.631000,0 days 01:09:43.143000
2024-07-07 14:14:40.332,OnTrack,5885,7013,2064,pos,0 days 00:11:27.791000,0 days 01:09:43.303000
2024-07-07 14:14:40.592,OnTrack,5760,7134,2064,pos,0 days 00:11:28.051000,0 days 01:09:43.563000
2024-07-07 14:14:40.892,OnTrack,5603,7265,2064,pos,0 days 00:11:28.351000,0 days 01:09:43.863000
2024-07-07 14:14:41.151,OnTrack,5466,7372,2064,pos,0 days 00:11:28.610000,0 days 01:09:44.122000
2024-07-07 14:14:41.231,OnTrack,5416,7410,2064,pos,0 days 00:11:28.690000,0 days 01:09:44.202000
2024-07-07 14:14:41.511,OnTrack,5259,7531,2064,pos,0 days 00:11:28.970000,0 days 01:09:44.482000
2024-07-07 14:14:41.731,OnTrack,5136,7630,2064,pos,0 days 00:11:29.190000,0 days 01:09:44.702000
2024-07-07 14:14:41.891,OnTrack,5047,7704,2064,pos,0 days 00:11:29.350000,0 days 01:09:44.862000
2024-07-07 14:14:42.171,OnTrack,4850,7870,2064,pos,0 days 00:11:29.630000,0 days 01:09:45.142000
2024-07-07 14:14:42.611,OnTrack,4658,8035,2065,pos,0 days 00:11:30.070000,0 days 01:09:45.582000
2024-07-07 14:14:42.772,OnTrack,4566,8114,2065,pos,0 days 00:11:30.231000,0 days 01:09:45.743000
2024-07-07 14:14:43.052,OnTrack,4404,8252,2064,pos,0 days 00:11:30.511000,0 days 01:09:46.023000
2024-07-07 14:14:43.211,OnTrack,4311,8332,2064,pos,0 days 00:11:30.670000,0 days 01:09:46.182000
2024-07-07 14:14:43.291,OnTrack,4265,8372,2064,pos,0 days 00:11:30.750000,0 days 01:09:46.262000
2024-07-07 14:14:43.571,OnTrack,4100,8513,2064,pos,0 days 00:11:31.030000,0 days 01:09:46.542000
2024-07-07 14:14:43.852,OnTrack,3935,8655,2063,pos,0 days 00:11:31.311000,0 days 01:09:46.823000
2024-07-07 14:14:44.031,OnTrack,3769,8799,2063,pos,0 days 00:11:31.490000,0 days 01:09:47.002000
2024-07-07 14:14:44.432,OnTrack,3532,9008,2063,pos,0 days 00:11:31.891000,0 days 01:09:47.403000
2024-07-07 14:14:44.871,OnTrack,3258,9249,2064,pos,0 days 00:11:32.330000,0 days 01:09:47.842000
2024-07-07 14:14:45.211,OnTrack,3126,9364,2063,pos,0 days 00:11:32.670000,0 days 01:09:48.182000
2024-07-07 14:14:45.352,OnTrack,3042,9438,2063,pos,0 days 00:11:32.811000,0 days 01:09:48.323000
2024-07-07 14:14:45.552,OnTrack,2923,9543,2062,pos,0 days 00:11:33.011000,0 days 01:09:48.523000
2024-07-07 14:14:45.932,OnTrack,2645,9783,2059,pos,0 days 00:11:33.391000,0 days 01:09:48.903000
2024-07-07 14:14:46.332,OnTrack,2452,9951,2057,pos,0 days 00:11:33.791000,0 days 01:09:49.303000
2024-07-07 14:14:46.492,OnTrack,2266,10117,2054,pos,0 days 00:11:33.951000,0 days 01:09:49.463000
2024-07-07 14:14:46.932,OnTrack,2073,10290,2051,pos,0 days 00:11:34.391000,0 days 01:09:49.903000
2024-07-07 14:14:47.132,OnTrack,1954,10397,2049,pos,0 days 00:11:34.591000,0 days 01:09:50.103000
2024-07-07 14:14:47.352,OnTrack,1823,10513,2047,pos,0 days 00:11:34.811000,0 days 01:09:50.323000
2024-07-07 14:14:47.452,OnTrack,1763,10563,2046,pos,0 days 00:11:34.911000,0 days 01:09:50.423000
2024-07-07 14:14:47.650,OnTrack,1648,10656,2044,pos,0 days 00:11:35.109000,0 days 01:09:50.621000
2024-07-07 14:14:47.891,OnTrack,1519,10748,2042,pos,0 days 00:11:35.350000,0 days 01:09:50.862000
2024-07-07 14:14:48.111,OnTrack,1334,10852,2039,pos,0 days 00:11:35.570000,0 days 01:09:51.082000
2024-07-07 14:14:48.471,OnTrack,1225,10895,2038,pos,0 days 00:11:35.930000,0 days 01:09:51.442000
2024-07-07 14:14:48.772,OnTrack,1037,10942,2035,pos,0 days 00:11:36.231000,0 days 01:09:51.743000
2024-07-07 14:14:49.111,OnTrack,872,10948,2034,pos,0 days 00:11:36.570000,0 days 01:09:52.082000
2024-07-07 14:14:49.511,OnTrack,756,10943,2033,pos,0 days 00:11:36.970000,0 days 01:09:52.482000
2024-07-07 14:14:49.771,OnTrack,657,10923,2033,pos,0 days 00:11:37.230000,0 days 01:09:52.742000
2024-07-07 14:14:49.971,OnTrack,582,10894,2032,pos,0 days 00:11:37.430000,0 days 01:09:52.942000
2024-07-07 14:14:50.132,OnTrack,526,10867,2032,pos,0 days 00:11:37.591000,0 days 01:09:53.103000
2024-07-07 14:14:50.351,OnTrack,454,10823,2032,pos,0 days 00:11:37.810000,0 days 01:09:53.322000
2024-07-07 14:14:50.611,OnTrack,384,10756,2032,pos,0 days 00:11:38.070000,0 days 01:09:53.582000
2024-07-07 14:14:50.851,OnTrack,328,10680,2032,pos,0 days 00:11:38.310000,0 days 01:09:53.822000
2024-07-07 14:14:51.051,OnTrack,275,10584,2033,pos,0 days 00:11:38.510000,0 days 01:09:54.022000
2024-07-07 14:14:51.431,OnTrack,229,10476,2033,pos,0 days 00:11:38.890000,0 days 01:09:54.402000
2024-07-07 14:14:51.651,OnTrack,204,10368,2033,pos,0 days 00:11:39.110000,0 days 01:09:54.622000
2024-07-07 14:14:52.052,OnTrack,190,10192,2034,pos,0 days 00:11:39.511000,0 days 01:09:55.023000
2024-07-07 14:14:52.332,OnTrack,186,10105,2034,pos,0 days 00:11:39.791000,0 days 01:09:55.303000
2024-07-07 14:14:52.531,OnTrack,180,10017,2035,pos,0 days 00:11:39.990000,0 days 01:09:55.502000
2024-07-07 14:14:52.791,OnTrack,168,9902,2036,pos,0 days 00:11:40.250000,0 days 01:09:55.762000
2024-07-07 14:14:53.071,OnTrack,133,9776,2037,pos,0 days 00:11:40.530000,0 days 01:09:56.042000
2024-07-07 14:14:53.331,OnTrack,86,9687,2038,pos,0 days 00:11:40.790000,0 days 01:09:56.302000
2024-07-07 14:14:53.432,OnTrack,67,9659,2039,pos,0 days 00:11:40.891000,0 days 01:09:56.403000
2024-07-07 14:14:53.732,OnTrack,-6,9578,2039,pos,0 days 00:11:41.191000,0 days 01:09:56.703000
2024-07-07 14:14:53.952,OnTrack,-90,9514,2040,pos,0 days 00:11:41.411000,0 days 01:09:56.923000
2024-07-07 14:14:54.271,OnTrack,-150,9482,2040,pos,0 days 00:11:41.730000,0 days 01:09:57.242000
2024-07-07 14:14:54.511,OnTrack,-215,9457,2041,pos,0 days 00:11:41.970000,0 days 01:09:57.482000
2024-07-07 14:14:54.671,OnTrack,-258,9447,2041,pos,0 days 00:11:42.130000,0 days 01:09:57.642000
2024-07-07 14:14:54.851,OnTrack,-307,9442,2041,pos,0 days 00:11:42.310000,0 days 01:09:57.822000
2024-07-07 14:14:55.091,OnTrack,-373,9444,2040,pos,0 days 00:11:42.550000,0 days 01:09:58.062000
2024-07-07 14:14:55.371,OnTrack,-446,9464,2040,pos,0 days 00:11:42.830000,0 days 01:09:58.342000
2024-07-07 14:14:55.592,OnTrack,-502,9492,2039,pos,0 days 00:11:43.051000,0 days 01:09:58.563000
2024-07-07 14:14:55.811,OnTrack,-554,9528,2038,pos,0 days 00:11:43.270000,0 days 01:09:58.782000
2024-07-07 14:14:56.011,OnTrack,-624,9598,2037,pos,0 days 00:11:43.470000,0 days 01:09:58.982000
2024-07-07 14:14:56.412,OnTrack,-670,9661,2036,pos,0 days 00:11:43.871000,0 days 01:09:59.383000
2024-07-07 14:14:56.591,OnTrack,-708,9733,2034,pos,0 days 00:11:44.050000,0 days 01:09:59.562000
2024-07-07 14:14:56.992,OnTrack,-754,9864,2033,pos,0 days 00:11:44.451000,0 days 01:09:59.963000
2024-07-07 14:14:57.331,OnTrack,-769,9946,2032,pos,0 days 00:11:44.790000,0 days 01:10:00.302000
2024-07-07 14:14:57.472,OnTrack,-774,9997,2032,pos,0 days 00:11:44.931000,0 days 01:10:00.443000
2024-07-07 14:14:57.832,OnTrack,-773,10136,2031,pos,0 days 00:11:45.291000,0 days 01:10:00.803000
2024-07-07 14:14:58.012,OnTrack,-758,10267,2031,pos,0 days 00:11:45.471000,0 days 01:10:00.983000
2024-07-07 14:14:58.451,OnTrack,-730,10395,2029,pos,0 days 00:11:45.910000,0 days 01:10:01.422000
2024-07-07 14:14:58.511,OnTrack,-723,10422,2029,pos,0 days 00:11:45.970000,0 days 01:10:01.482000
2024-07-07 14:14:58.811,OnTrack,-679,10558,2027,pos,0 days 00:11:46.270000,0 days 01:10:01.782000
2024-07-07 14:14:58.992,OnTrack,-649,10638,2026,pos,0 days 00:11:46.451000,0 days 01:10:01.963000
2024-07-07 14:14:59.192,OnTrack,-605,10739,2025,pos,0 days 00:11:46.651000,0 days 01:10:02.163000
2024-07-07 14:14:59.372,OnTrack,-565,10827,2023,pos,0 days 00:11:46.831000,0 days 01:10:02.343000
2024-07-07 14:14:59.672,OnTrack,-491,10972,2022,pos,0 days 00:11:47.131000,0 days 01:10:02.643000
2024-07-07 14:14:59.891,OnTrack,-431,11084,2021,pos,0 days 00:11:47.350000,0 days 01:10:02.862000
2024-07-07 14:15:00.131,OnTrack,-357,11215,2021,pos,0 days 00:11:47.590000,0 days 01:10:03.102000
2024-07-07 14:15:00.292,OnTrack,-266,11362,2021,pos,0 days 00:11:47.751000,0 days 01:10:03.263000
2024-07-07 14:15:00.751,OnTrack,-139,11539,2021,pos,0 days 00:11:48.210000,0 days 01:10:03.722000
2024-07-07 14:15:00.990,OnTrack,-32,11672,2021,pos,0 days 00:11:48.449000,0 days 01:10:03.961000
2024-07-07 14:15:01.251,OnTrack,74,11792,2022,pos,0 days 00:11:48.710000,0 days 01:10:04.222000
2024-07-07 14:15:01.511,OnTrack,200,11918,2023,pos,0 days 00:11:48.970000,0 days 01:10:04.482000
2024-07-07 14:15:01.771,OnTrack,375,12078,2024,pos,0 days 00:11:49.230000,0 days 01:10:04.742000
2024-07-07 14:15:02.191,OnTrack,564,12228,2024,pos,0 days 00:11:49.650000,0 days 01:10:05.162000
2024-07-07 14:15:02.411,OnTrack,695,12318,2024,pos,0 days 00:11:49.870000,0 days 01:10:05.382000
2024-07-07 14:15:02.451,OnTrack,720,12334,2024,pos,0 days 00:11:49.910000,0 days 01:10:05.422000
2024-07-07 14:15:02.652,OnTrack,846,12405,2025,pos,0 days 00:11:50.111000,0 days 01:10:05.623000
2024-07-07 14:15:02.972,OnTrack,1061,12506,2025,pos,0 days 00:11:50.431000,0 days 01:10:05.943000
2024-07-07 14:15:03.131,OnTrack,1172,12551,2025,pos,0 days 00:11:50.590000,0 days 01:10:06.102000
2024-07-07 14:15:03.431,OnTrack,1431,12637,2025,pos,0 days 00:11:50.890000,0 days 01:10:06.402000
2024-07-07 14:15:03.752,OnTrack,1624,12688,2025,pos,0 days 00:11:51.211000,0 days 01:10:06.723000
2024-07-07 14:15:04.052,OnTrack,1851,12736,2027,pos,0 days 00:11:51.511000,0 days 01:10:07.023000
2024-07-07 14:15:04.231,OnTrack,2098,12775,2029,pos,0 days 00:11:51.690000,0 days 01:10:07.202000
2024-07-07 14:15:04.632,OnTrack,2381,12809,2030,pos,0 days 00:11:52.091000,0 days 01:10:07.603000
2024-07-07 14:15:04.932,OnTrack,2539,12826,2031,pos,0 days 00:11:52.391000,0 days 01:10:07.903000
2024-07-07 14:15:05.291,OnTrack,2922,12865,2035,pos,0 days 00:11:52.750000,0 days 01:10:08.262000
2024-07-07 14:15:05.611,OnTrack,3083,12881,2037,pos,0 days 00:11:53.070000,0 days 01:10:08.582000
2024-07-07 14:15:05.772,OnTrack,3212,12895,2038,pos,0 days 00:11:53.231000,0 days 01:10:08.743000
2024-07-07 14:15:06.032,OnTrack,3423,12918,2039,pos,0 days 00:11:53.491000,0 days 01:10:09.003000
2024-07-07 14:15:06.292,OnTrack,3635,12941,2040,pos,0 days 00:11:53.751000,0 days 01:10:09.263000
2024-07-07 14:15:06.472,OnTrack,3782,12958,2041,pos,0 days 00:11:53.931000,0 days 01:10:09.443000
2024-07-07 14:15:06.711,OnTrack,4077,12992,2043,pos,0 days 00:11:54.170000,0 days 01:10:09.682000
2024-07-07 14:15:07.132,OnTrack,4405,13035,2045,pos,0 days 00:11:54.591000,0 days 01:10:10.103000
2024-07-07 14:15:07.571,OnTrack,4685,13072,2047,pos,0 days 00:11:55.030000,0 days 01:10:10.542000
2024-07-07 14:15:07.651,OnTrack,4750,13080,2047,pos,0 days 00:11:55.110000,0 days 01:10:10.622000
2024-07-07 14:15:07.831,OnTrack,4890,13095,2048,pos,0 days 00:11:55.290000,0 days 01:10:10.802000
2024-07-07 14:15:08.111,OnTrack,5085,13111,2049,pos,0 days 00:11:55.570000,0 days 01:10:11.082000
2024-07-07 14:15:08.291,OnTrack,5213,13115,2049,pos,0 days 00:11:55.750000,0 days 01:10:11.262000
2024-07-07 14:15:08.551,OnTrack,5344,13108,2050,pos,0 days 00:11:56.010000,0 days 01:10:11.522000
2024-07-07 14:15:08.711,OnTrack,5444,13095,2050,pos,0 days 00:11:56.170000,0 days 01:10:11.682000
2024-07-07 14:15:08.871,OnTrack,5543,13074,2051,pos,0 days 00:11:56.330000,0 days 01:10:11.842000
2024-07-07 14:15:09.151,OnTrack,5710,13024,2052,pos,0 days 00:11:56.610000,0 days 01:10:12.122000
2024-07-07 14:15:09.311,OnTrack,5802,12987,2052,pos,0 days 00:11:56.770000,0 days 01:10:12.282000
2024-07-07 14:15:09.651,OnTrack,5989,12882,2053,pos,0 days 00:11:57.110000,0 days 01:10:12.622000
2024-07-07 14:15:09.851,OnTrack,6094,12806,2054,pos,0 days 00:11:57.310000,0 days 01:10:12.822000
2024-07-07 14:15:10.052,OnTrack,6257,12658,2055,pos,0 days 00:11:57.511000,0 days 01:10:13.023000
2024-07-07 14:15:10.431,OnTrack,6355,12537,2056,pos,0 days 00:11:57.890000,0 days 01:10:13.402000
2024-07-07 14:15:10.651,OnTrack,6430,12417,2056,pos,0 days 00:11:58.110000,0 days 01:10:13.622000
2024-07-07 14:15:10.731,OnTrack,6459,12363,2057,pos,0 days 00:11:58.190000,0 days 01:10:13.702000
2024-07-07 14:15:10.951,OnTrack,6523,12226,2058,pos,0 days 00:11:58.410000,0 days 01:10:13.922000
2024-07-07 14:15:11.271,OnTrack,6634,11925,2060,pos,0 days 00:11:58.730000,0 days 01:10:14.242000
2024-07-07 14:15:11.612,OnTrack,6673,11790,2061,pos,0 days 00:11:59.071000,0 days 01:10:14.583000
2024-07-07 14:15:11.851,OnTrack,6717,11624,2062,pos,0 days 00:11:59.310000,0 days 01:10:14.822000
2024-07-07 14:15:12.012,OnTrack,6745,11514,2063,pos,0 days 00:11:59.471000,0 days 01:10:14.983000
2024-07-07 14:15:12.212,OnTrack,6778,11372,2064,pos,0 days 00:11:59.671000,0 days 01:10:15.183000
2024-07-07 14:15:12.432,OnTrack,6811,11215,2065,pos,0 days 00:11:59.891000,0 days 01:10:15.403000
2024-07-07 14:15:12.612,OnTrack,6838,11078,2066,pos,0 days 00:12:00.071000,0 days 01:10:15.583000
2024-07-07 14:15:12.951,OnTrack,6881,10810,2068,pos,0 days 00:12:00.410000,0 days 01:10:15.922000
2024-07-07 14:15:13.112,OnTrack,6898,10690,2069,pos,0 days 00:12:00.571000,0 days 01:10:16.083000
2024-07-07 14:15:13.292,OnTrack,6915,10555,2071,pos,0 days 00:12:00.751000,0 days 01:10:16.263000
2024-07-07 14:15:13.511,OnTrack,6934,10387,2072,pos,0 days 00:12:00.970000,0 days 01:10:16.482000
2024-07-07 14:15:13.752,OnTrack,6951,10202,2073,pos,0 days 00:12:01.211000,0 days 01:10:16.723000
2024-07-07 14:15:13.891,OnTrack,6960,10093,2074,pos,0 days 00:12:01.350000,0 days 01:10:16.862000
2024-07-07 14:15:14.191,OnTrack,6975,9819,2074,pos,0 days 00:12:01.650000,0 days 01:10:17.162000
2024-07-07 14:15:14.551,OnTrack,6981,9573,2075,pos,0 days 00:12:02.010000,0 days 01:10:17.522000
2024-07-07 14:15:14.711,OnTrack,6983,9446,2075,pos,0 days 00:12:02.170000,0 days 01:10:17.682000
2024-07-07 14:15:14.892,OnTrack,6988,9302,2074,pos,0 days 00:12:02.351000,0 days 01:10:17.863000
2024-07-07 14:15:15.231,OnTrack,7007,8931,2073,pos,0 days 00:12:02.690000,0 days 01:10:18.202000
2024-07-07 14:15:15.571,OnTrack,7026,8770,2071,pos,0 days 00:12:03.030000,0 days 01:10:18.542000
2024-07-07 14:15:15.732,OnTrack,7046,8641,2071,pos,0 days 00:12:03.191000,0 days 01:10:18.703000
2024-07-07 14:15:15.891,OnTrack,7070,8513,2070,pos,0 days 00:12:03.350000,0 days 01:10:18.862000
2024-07-07 14:15:16.191,OnTrack,7125,8275,2069,pos,0 days 00:12:03.650000,0 days 01:10:19.162000
2024-07-07 14:15:16.371,OnTrack,7164,8133,2067,pos,0 days 00:12:03.830000,0 days 01:10:19.342000
2024-07-07 14:15:16.552,OnTrack,7208,7992,2065,pos,0 days 00:12:04.011000,0 days 01:10:19.523000
2024-07-07 14:15:16.771,OnTrack,7267,7823,2063,pos,0 days 00:12:04.230000,0 days 01:10:19.742000
2024-07-07 14:15:16.911,OnTrack,7308,7715,2061,pos,0 days 00:12:04.370000,0 days 01:10:19.882000
2024-07-07 14:15:17.132,OnTrack,7376,7548,2060,pos,0 days 00:12:04.591000,0 days 01:10:20.103000
2024-07-07 14:15:17.392,OnTrack,7484,7250,2058,pos,0 days 00:12:04.851000,0 days 01:10:20.363000
2024-07-07 14:15:17.831,OnTrack,7532,7033,2058,pos,0 days 00:12:05.290000,0 days 01:10:20.802000
2024-07-07 14:15:17.952,OnTrack,7539,6948,2058,pos,0 days 00:12:05.411000,0 days 01:10:20.923000
2024-07-07 14:15:18.131,OnTrack,7535,6817,2058,pos,0 days 00:12:05.590000,0 days 01:10:21.102000
2024-07-07 14:15:18.331,OnTrack,7517,6666,2058,pos,0 days 00:12:05.790000,0 days 01:10:21.302000
2024-07-07 14:15:18.591,OnTrack,7479,6476,2060,pos,0 days 00:12:06.050000,0 days 01:10:21.562000
2024-07-07 14:15:18.772,OnTrack,7448,6346,2060,pos,0 days 00:12:06.231000,0 days 01:10:21.743000
2024-07-07 14:15:19.092,OnTrack,7370,6031,2062,pos,0 days 00:12:06.551000,0 days 01:10:22.063000
2024-07-07 14:15:19.491,OnTrack,7334,5833,2063,pos,0 days 00:12:06.950000,0 days 01:10:22.462000
2024-07-07 14:15:19.692,OnTrack,7320,5696,2063,pos,0 days 00:12:07.151000,0 days 01:10:22.663000
2024-07-07 14:15:19.872,OnTrack,7321,5514,2062,pos,0 days 00:12:07.331000,0 days 01:10:22.843000
2024-07-07 14:15:20.311,OnTrack,7390,5231,2061,pos,0 days 00:12:07.770000,0 days 01:10:23.282000
2024-07-07 14:15:20.631,OnTrack,7442,5116,2059,pos,0 days 00:12:08.090000,0 days 01:10:23.602000
2024-07-07 14:15:20.811,OnTrack,7497,5016,2058,pos,0 days 00:12:08.270000,0 days 01:10:23.782000
2024-07-07 14:15:21.011,OnTrack,7563,4907,2056,pos,0 days 00:12:08.470000,0 days 01:10:23.982000
2024-07-07 14:15:21.251,OnTrack,7641,4777,2054,pos,0 days 00:12:08.710000,0 days 01:10:24.222000
2024-07-07 14:15:21.451,OnTrack,7697,4670,2053,pos,0 days 00:12:08.910000,0 days 01:10:24.422000
2024-07-07 14:15:21.651,OnTrack,7740,4567,2051,pos,0 days 00:12:09.110000,0 days 01:10:24.622000
2024-07-07 14:15:21.911,OnTrack,7786,4369,2049,pos,0 days 00:12:09.370000,0 days 01:10:24.882000
2024-07-07 14:15:22.331,OnTrack,7780,4176,2045,pos,0 days 00:12:09.790000,0 days 01:10:25.302000
2024-07-07 14:15:22.691,OnTrack,7749,4044,2043,pos,0 days 00:12:10.150000,0 days 01:10:25.662000
2024-07-07 14:15:22.891,OnTrack,7714,3946,2041,pos,0 days 00:12:10.350000,0 days 01:10:25.862000
2024-07-07 14:15:23.191,OnTrack,7618,3758,2039,pos,0 days 00:12:10.650000,0 days 01:10:26.162000
2024-07-07 14:15:23.612,OnTrack,7481,3586,2037,pos,0 days 00:12:11.071000,0 days 01:10:26.583000
2024-07-07 14:15:23.851,OnTrack,7433,3542,2036,pos,0 days 00:12:11.310000,0 days 01:10:26.822000
2024-07-07 14:15:24.232,OnTrack,7191,3386,2033,pos,0 days 00:12:11.691000,0 days 01:10:27.203000
2024-07-07 14:15:24.571,OnTrack,7073,3325,2031,pos,0 days 00:12:12.030000,0 days 01:10:27.542000
2024-07-07 14:15:24.772,OnTrack,6967,3266,2030,pos,0 days 00:12:12.231000,0 days 01:10:27.743000
2024-07-07 14:15:24.952,OnTrack,6875,3205,2029,pos,0 days 00:12:12.411000,0 days 01:10:27.923000
2024-07-07 14:15:25.191,OnTrack,6759,3107,2028,pos,0 days 00:12:12.650000,0 days 01:10:28.162000
2024-07-07 14:15:25.352,OnTrack,6684,3033,2028,pos,0 days 00:12:12.811000,0 days 01:10:28.323000
2024-07-07 14:15:25.532,OnTrack,6601,2946,2027,pos,0 days 00:12:12.991000,0 days 01:10:28.503000
2024-07-07 14:15:25.892,OnTrack,6408,2715,2027,pos,0 days 00:12:13.351000,0 days 01:10:28.863000
2024-07-07 14:15:26.291,OnTrack,6241,2460,2026,pos,0 days 00:12:13.750000,0 days 01:10:29.262000
2024-07-07 14:15:26.592,OnTrack,6174,2343,2026,pos,0 days 00:12:14.051000,0 days 01:10:29.563000
2024-07-07 14:15:26.752,OnTrack,6116,2234,2025,pos,0 days 00:12:14.211000,0 days 01:10:29.723000
2024-07-07 14:15:26.992,OnTrack,6036,2076,2025,pos,0 days 00:12:14.451000,0 days 01:10:29.963000
2024-07-07 14:15:27.331,OnTrack,5923,1846,2024,pos,0 days 00:12:14.790000,0 days 01:10:30.302000
2024-07-07 14:15:27.511,OnTrack,5863,1723,2023,pos,0 days 00:12:14.970000,0 days 01:10:30.482000
2024-07-07 14:15:27.672,OnTrack,5809,1612,2023,pos,0 days 00:12:15.131000,0 days 01:10:30.643000
2024-07-07 14:15:27.871,OnTrack,5742,1472,2022,pos,0 days 00:12:15.330000,0 days 01:10:30.842000
2024-07-07 14:15:28.131,OnTrack,5653,1287,2021,pos,0 days 00:12:15.590000,0 days 01:10:31.102000
2024-07-07 14:15:28.331,OnTrack,5585,1143,2020,pos,0 days 00:12:15.790000,0 days 01:10:31.302000
2024-07-07 14:15:28.512,OnTrack,5523,1013,2020,pos,0 days 00:12:15.971000,0 days 01:10:31.483000
2024-07-07 14:15:28.711,OnTrack,5453,868,2019,pos,0 days 00:12:16.170000,0 days 01:10:31.682000
2024-07-07 14:15:28.931,OnTrack,5376,707,2018,pos,0 days 00:12:16.390000,0 days 01:10:31.902000
2024-07-07 14:15:29.171,OnTrack,5262,470,2016,pos,0 days 00:12:16.630000,0 days 01:10:32.142000
2024-07-07 14:15:29.451,OnTrack,5190,321,2014,pos,0 days 00:12:16.910000,0 days 01:10:32.422000
2024-07-07 14:15:29.671,OnTrack,5110,156,2013,pos,0 days 00:12:17.130000,0 days 01:10:32.642000
2024-07-07 14:15:29.892,OnTrack,5030,-9,2012,pos,0 days 00:12:17.351000,0 days 01:10:32.863000
2024-07-07 14:15:30.192,OnTrack,4920,-238,2010,pos,0 days 00:12:17.651000,0 days 01:10:33.163000
2024-07-07 14:15:30.371,OnTrack,4853,-376,2009,pos,0 days 00:12:17.830000,0 days 01:10:33.342000
2024-07-07 14:15:30.571,OnTrack,4779,-530,2009,pos,0 days 00:12:18.030000,0 days 01:10:33.542000
2024-07-07 14:15:30.732,OnTrack,4720,-653,2008,pos,0 days 00:12:18.191000,0 days 01:10:33.703000
2024-07-07 14:15:30.972,OnTrack,4630,-838,2007,pos,0 days 00:12:18.431000,0 days 01:10:33.943000
2024-07-07 14:15:31.191,OnTrack,4533,-1040,2006,pos,0 days 00:12:18.650000,0 days 01:10:34.162000
2024-07-07 14:15:31.492,OnTrack,4434,-1242,2003,pos,0 days 00:12:18.951000,0 days 01:10:34.463000
2024-07-07 14:15:31.691,OnTrack,4358,-1398,2002,pos,0 days 00:12:19.150000,0 days 01:10:34.662000
2024-07-07 14:15:31.912,OnTrack,4273,-1570,2000,pos,0 days 00:12:19.371000,0 days 01:10:34.883000
2024-07-07 14:15:32.152,OnTrack,4141,-1835,1996,pos,0 days 00:12:19.611000,0 days 01:10:35.123000
2024-07-07 14:15:32.452,OnTrack,4062,-1991,1995,pos,0 days 00:12:19.911000,0 days 01:10:35.423000
2024-07-07 14:15:32.672,OnTrack,3974,-2163,1994,pos,0 days 00:12:20.131000,0 days 01:10:35.643000
2024-07-07 14:15:33.052,OnTrack,3818,-2464,1994,pos,0 days 00:12:20.511000,0 days 01:10:36.023000
2024-07-07 14:15:33.132,OnTrack,3728,-2637,1995,pos,0 days 00:12:20.591000,0 days 01:10:36.103000
2024-07-07 14:15:33.472,OnTrack,3646,-2790,1997,pos,0 days 00:12:20.931000,0 days 01:10:36.443000
2024-07-07 14:15:33.731,OnTrack,3537,-2988,2000,pos,0 days 00:12:21.190000,0 days 01:10:36.702000
2024-07-07 14:15:34.031,OnTrack,3407,-3212,2005,pos,0 days 00:12:21.490000,0 days 01:10:37.002000
2024-07-07 14:15:34.291,OnTrack,3282,-3413,2009,pos,0 days 00:12:21.750000,0 days 01:10:37.262000
2024-07-07 14:15:34.571,OnTrack,3170,-3569,2013,pos,0 days 00:12:22.030000,0 days 01:10:37.542000
2024-07-07 14:15:34.731,OnTrack,3095,-3661,2015,pos,0 days 00:12:22.190000,0 days 01:10:37.702000
2024-07-07 14:15:35.011,OnTrack,2974,-3793,2018,pos,0 days 00:12:22.470000,0 days 01:10:37.982000
2024-07-07 14:15:35.151,OnTrack,2913,-3849,2020,pos,0 days 00:12:22.610000,0 days 01:10:38.122000
2024-07-07 14:15:35.471,OnTrack,2707,-3989,2024,pos,0 days 00:12:22.930000,0 days 01:10:38.442000
2024-07-07 14:15:35.831,OnTrack,2541,-4063,2027,pos,0 days 00:12:23.290000,0 days 01:10:38.802000
2024-07-07 14:15:36.211,OnTrack,2402,-4101,2029,pos,0 days 00:12:23.670000,0 days 01:10:39.182000
2024-07-07 14:15:36.491,OnTrack,2224,-4116,2031,pos,0 days 00:12:23.950000,0 days 01:10:39.462000
2024-07-07 14:15:36.811,OnTrack,2109,-4105,2032,pos,0 days 00:12:24.270000,0 days 01:10:39.782000
2024-07-07 14:15:37.151,OnTrack,1954,-4069,2033,pos,0 days 00:12:24.610000,0 days 01:10:40.122000
2024-07-07 14:15:37.191,OnTrack,1937,-4063,2033,pos,0 days 00:12:24.650000,0 days 01:10:40.162000
2024-07-07 14:15:37.411,OnTrack,1843,-4025,2033,pos,0 days 00:12:24.870000,0 days 01:10:40.382000
2024-07-07 14:15:37.631,OnTrack,1751,-3976,2033,pos,0 days 00:12:25.090000,0 days 01:10:40.602000
2024-07-07 14:15:37.852,OnTrack,1663,-3918,2032,pos,0 days 00:12:25.311000,0 days 01:10:40.823000
2024-07-07 14:15:38.132,OnTrack,1554,-3826,2031,pos,0 days 00:12:25.591000,0 days 01:10:41.103000
2024-07-07 14:15:38.392,OnTrack,1457,-3727,2030,pos,0 days 00:12:25.851000,0 days 01:10:41.363000
2024-07-07 14:15:38.592,OnTrack,1388,-3642,2029,pos,0 days 00:12:26.051000,0 days 01:10:41.563000
2024-07-07 14:15:38.791,OnTrack,1313,-3534,2027,pos,0 days 00:12:26.250000,0 days 01:10:41.762000
2024-07-07 14:15:39.132,OnTrack,1221,-3377,2023,pos,0 days 00:12:26.591000,0 days 01:10:42.103000
2024-07-07 14:15:39.331,OnTrack,1127,-3199,2018,pos,0 days 00:12:26.790000,0 days 01:10:42.302000
2024-07-07 14:15:39.752,OnTrack,1001,-2972,2009,pos,0 days 00:12:27.211000,0 days 01:10:42.723000
2024-07-07 14:15:40.052,OnTrack,939,-2873,2004,pos,0 days 00:12:27.511000,0 days 01:10:43.023000
2024-07-07 14:15:40.951,OnTrack,583,-2380,1986,pos,0 days 00:12:28.410000,0 days 01:10:43.922000
2024-07-07 14:15:41.211,OnTrack,407,-2143,1985,pos,0 days 00:12:28.670000,0 days 01:10:44.182000
2024-07-07 14:15:41.651,OnTrack,235,-1920,1986,pos,0 days 00:12:29.110000,0 days 01:10:44.622000
2024-07-07 14:15:42.091,OnTrack,63,-1713,1986,pos,0 days 00:12:29.550000,0 days 01:10:45.062000
2024-07-07 14:15:42.171,OnTrack,26,-1671,1986,pos,0 days 00:12:29.630000,0 days 01:10:45.142000
2024-07-07 14:15:42.351,OnTrack,-54,-1578,1986,pos,0 days 00:12:29.810000,0 days 01:10:45.322000
2024-07-07 14:15:42.591,OnTrack,-156,-1464,1984,pos,0 days 00:12:30.050000,0 days 01:10:45.562000
2024-07-07 14:15:42.791,OnTrack,-233,-1377,1983,pos,0 days 00:12:30.250000,0 days 01:10:45.762000
2024-07-07 14:15:43.051,OnTrack,-322,-1276,1981,pos,0 days 00:12:30.510000,0 days 01:10:46.022000
2024-07-07 14:15:43.272,OnTrack,-391,-1200,1980,pos,0 days 00:12:30.731000,0 days 01:10:46.243000
2024-07-07 14:15:43.411,OnTrack,-432,-1155,1979,pos,0 days 00:12:30.870000,0 days 01:10:46.382000
2024-07-07 14:15:43.732,OnTrack,-546,-1047,1977,pos,0 days 00:12:31.191000,0 days 01:10:46.703000
2024-07-07 14:15:43.971,OnTrack,-583,-1018,1976,pos,0 days 00:12:31.430000,0 days 01:10:46.942000
2024-07-07 14:15:44.231,OnTrack,-655,-974,1975,pos,0 days 00:12:31.690000,0 days 01:10:47.202000
2024-07-07 14:15:44.372,OnTrack,-694,-954,1975,pos,0 days 00:12:31.831000,0 days 01:10:47.343000
2024-07-07 14:15:44.711,OnTrack,-822,-917,1976,pos,0 days 00:12:32.170000,0 days 01:10:47.682000
2024-07-07 14:15:45.011,OnTrack,-873,-913,1976,pos,0 days 00:12:32.470000,0 days 01:10:47.982000
2024-07-07 14:15:45.291,OnTrack,-951,-915,1977,pos,0 days 00:12:32.750000,0 days 01:10:48.262000
2024-07-07 14:15:45.591,OnTrack,-1027,-933,1978,pos,0 days 00:12:33.050000,0 days 01:10:48.562000
2024-07-07 14:15:45.812,OnTrack,-1085,-960,1978,pos,0 days 00:12:33.271000,0 days 01:10:48.783000
2024-07-07 14:15:46.032,OnTrack,-1132,-990,1979,pos,0 days 00:12:33.491000,0 days 01:10:49.003000
2024-07-07 14:15:46.332,OnTrack,-1203,-1043,1980,pos,0 days 00:12:33.791000,0 days 01:10:49.303000
2024-07-07 14:15:46.552,OnTrack,-1254,-1083,1981,pos,0 days 00:12:34.011000,0 days 01:10:49.523000
2024-07-07 14:15:46.791,OnTrack,-1353,-1143,1981,pos,0 days 00:12:34.250000,0 days 01:10:49.762000
2024-07-07 14:15:47.091,OnTrack,-1404,-1161,1981,pos,0 days 00:12:34.550000,0 days 01:10:50.062000
2024-07-07 14:15:47.351,OnTrack,-1480,-1172,1981,pos,0 days 00:12:34.810000,0 days 01:10:50.322000
2024-07-07 14:15:47.511,OnTrack,-1528,-1170,1981,pos,0 days 00:12:34.970000,0 days 01:10:50.482000
2024-07-07 14:15:47.871,OnTrack,-1648,-1141,1979,pos,0 days 00:12:35.330000,0 days 01:10:50.842000
2024-07-07 14:15:48.291,OnTrack,-1759,-1094,1978,pos,0 days 00:12:35.750000,0 days 01:10:51.262000
2024-07-07 14:15:48.431,OnTrack,-1822,-1057,1978,pos,0 days 00:12:35.890000,0 days 01:10:51.402000
2024-07-07 14:15:48.831,OnTrack,-1909,-986,1976,pos,0 days 00:12:36.290000,0 days 01:10:51.802000
2024-07-07 14:15:48.991,OnTrack,-1950,-942,1976,pos,0 days 00:12:36.450000,0 days 01:10:51.962000
2024-07-07 14:15:49.311,OnTrack,-2029,-845,1975,pos,0 days 00:12:36.770000,0 days 01:10:52.282000
2024-07-07 14:15:49.431,OnTrack,-2101,-753,1974,pos,0 days 00:12:36.890000,0 days 01:10:52.402000
2024-07-07 14:15:49.911,OnTrack,-2211,-553,1974,pos,0 days 00:12:37.370000,0 days 01:10:52.882000
2024-07-07 14:15:50.292,OnTrack,-2262,-409,1972,pos,0 days 00:12:37.751000,0 days 01:10:53.263000
2024-07-07 14:15:50.552,OnTrack,-2292,-279,1971,pos,0 days 00:12:38.011000,0 days 01:10:53.523000
2024-07-07 14:15:50.791,OnTrack,-2312,-107,1968,pos,0 days 00:12:38.250000,0 days 01:10:53.762000
2024-07-07 14:15:51.031,OnTrack,-2315,-4,1967,pos,0 days 00:12:38.490000,0 days 01:10:54.002000
2024-07-07 14:15:51.291,OnTrack,-2304,148,1966,pos,0 days 00:12:38.750000,0 days 01:10:54.262000
2024-07-07 14:15:51.571,OnTrack,-2274,315,1964,pos,0 days 00:12:39.030000,0 days 01:10:54.542000
2024-07-07 14:15:51.831,OnTrack,-2212,506,1963,pos,0 days 00:12:39.290000,0 days 01:10:54.802000
2024-07-07 14:15:52.131,OnTrack,-2143,645,1962,pos,0 days 00:12:39.590000,0 days 01:10:55.102000
2024-07-07 14:15:52.312,OnTrack,-2085,747,1962,pos,0 days 00:12:39.771000,0 days 01:10:55.283000
2024-07-07 14:15:52.492,OnTrack,-2019,847,1962,pos,0 days 00:12:39.951000,0 days 01:10:55.463000
2024-07-07 14:15:52.812,OnTrack,-1861,1066,1963,pos,0 days 00:12:40.271000,0 days 01:10:55.783000
2024-07-07 14:15:53.132,OnTrack,-1764,1199,1963,pos,0 days 00:12:40.591000,0 days 01:10:56.103000
2024-07-07 14:15:53.451,OnTrack,-1627,1378,1964,pos,0 days 00:12:40.910000,0 days 01:10:56.422000
2024-07-07 14:15:53.491,OnTrack,-1610,1401,1965,pos,0 days 00:12:40.950000,0 days 01:10:56.462000
2024-07-07 14:15:53.751,OnTrack,-1493,1547,1966,pos,0 days 00:12:41.210000,0 days 01:10:56.722000
2024-07-07 14:15:54.072,OnTrack,-1349,1731,1968,pos,0 days 00:12:41.531000,0 days 01:10:57.043000
2024-07-07 14:15:54.231,OnTrack,-1227,1898,1970,pos,0 days 00:12:41.690000,0 days 01:10:57.202000
2024-07-07 14:15:54.611,OnTrack,-1112,2057,1971,pos,0 days 00:12:42.070000,0 days 01:10:57.582000
2024-07-07 14:15:54.791,OnTrack,-1031,2167,1973,pos,0 days 00:12:42.250000,0 days 01:10:57.762000
2024-07-07 14:15:54.991,OnTrack,-941,2291,1975,pos,0 days 00:12:42.450000,0 days 01:10:57.962000
2024-07-07 14:15:55.192,OnTrack,-850,2416,1977,pos,0 days 00:12:42.651000,0 days 01:10:58.163000
2024-07-07 14:15:55.391,OnTrack,-759,2542,1979,pos,0 days 00:12:42.850000,0 days 01:10:58.362000
2024-07-07 14:15:55.651,OnTrack,-640,2708,1982,pos,0 days 00:12:43.110000,0 days 01:10:58.622000
2024-07-07 14:15:55.871,OnTrack,-506,2903,1985,pos,0 days 00:12:43.330000,0 days 01:10:58.842000
2024-07-07 14:15:56.252,OnTrack,-372,3102,1988,pos,0 days 00:12:43.711000,0 days 01:10:59.223000
2024-07-07 14:15:56.491,OnTrack,-266,3263,1992,pos,0 days 00:12:43.950000,0 days 01:10:59.462000
2024-07-07 14:15:56.632,OnTrack,-203,3357,1993,pos,0 days 00:12:44.091000,0 days 01:10:59.603000
2024-07-07 14:15:56.872,OnTrack,-96,3510,1996,pos,0 days 00:12:44.331000,0 days 01:10:59.843000
2024-07-07 14:15:57.051,OnTrack,-5,3635,1997,pos,0 days 00:12:44.510000,0 days 01:11:00.022000
2024-07-07 14:15:57.311,OnTrack,119,3798,2001,pos,0 days 00:12:44.770000,0 days 01:11:00.282000
2024-07-07 14:15:57.472,OnTrack,207,3906,2004,pos,0 days 00:12:44.931000,0 days 01:11:00.443000
2024-07-07 14:15:57.672,OnTrack,316,4029,2007,pos,0 days 00:12:45.131000,0 days 01:11:00.643000
2024-07-07 14:15:57.871,OnTrack,438,4153,2010,pos,0 days 00:12:45.330000,0 days 01:11:00.842000
2024-07-07 14:15:58.111,OnTrack,676,4336,2012,pos,0 days 00:12:45.570000,0 days 01:11:01.082000
2024-07-07 14:15:58.592,OnTrack,918,4445,2014,pos,0 days 00:12:46.051000,0 days 01:11:01.563000
2024-07-07 14:15:58.691,OnTrack,993,4467,2015,pos,0 days 00:12:46.150000,0 days 01:11:01.662000
2024-07-07 14:15:58.972,OnTrack,1209,4507,2016,pos,0 days 00:12:46.431000,0 days 01:11:01.943000
2024-07-07 14:15:59.172,OnTrack,1477,4520,2019,pos,0 days 00:12:46.631000,0 days 01:11:02.143000
2024-07-07 14:15:59.552,OnTrack,1657,4514,2021,pos,0 days 00:12:47.011000,0 days 01:11:02.523000
2024-07-07 14:15:59.732,OnTrack,1805,4501,2023,pos,0 days 00:12:47.191000,0 days 01:11:02.703000
2024-07-07 14:16:00.011,OnTrack,2023,4471,2026,pos,0 days 00:12:47.470000,0 days 01:11:02.982000
2024-07-07 14:16:00.231,OnTrack,2193,4451,2027,pos,0 days 00:12:47.690000,0 days 01:11:03.202000
2024-07-07 14:16:00.411,OnTrack,2333,4441,2028,pos,0 days 00:12:47.870000,0 days 01:11:03.382000
2024-07-07 14:16:00.612,OnTrack,2489,4439,2030,pos,0 days 00:12:48.071000,0 days 01:11:03.583000
2024-07-07 14:16:00.791,OnTrack,2629,4445,2032,pos,0 days 00:12:48.250000,0 days 01:11:03.762000
2024-07-07 14:16:01.071,OnTrack,2854,4478,2036,pos,0 days 00:12:48.530000,0 days 01:11:04.042000
2024-07-07 14:16:01.311,OnTrack,3093,4552,2039,pos,0 days 00:12:48.770000,0 days 01:11:04.282000
2024-07-07 14:16:01.571,OnTrack,3220,4609,2041,pos,0 days 00:12:49.030000,0 days 01:11:04.542000
2024-07-07 14:16:01.911,OnTrack,3447,4747,2046,pos,0 days 00:12:49.370000,0 days 01:11:04.882000
2024-07-07 14:16:02.071,OnTrack,3547,4822,2047,pos,0 days 00:12:49.530000,0 days 01:11:05.042000
2024-07-07 14:16:02.252,OnTrack,3654,4913,2048,pos,0 days 00:12:49.711000,0 days 01:11:05.223000
2024-07-07 14:16:02.552,OnTrack,3821,5076,2049,pos,0 days 00:12:50.011000,0 days 01:11:05.523000
2024-07-07 14:16:02.611,OnTrack,3854,5109,2050,pos,0 days 00:12:50.070000,0 days 01:11:05.582000
2024-07-07 14:16:02.911,OnTrack,4016,5271,2051,pos,0 days 00:12:50.370000,0 days 01:11:05.882000
2024-07-07 14:16:03.112,OnTrack,4121,5372,2051,pos,0 days 00:12:50.571000,0 days 01:11:06.083000
2024-07-07 14:16:03.392,OnTrack,4274,5513,2053,pos,0 days 00:12:50.851000,0 days 01:11:06.363000
2024-07-07 14:16:03.632,OnTrack,4362,5590,2054,pos,0 days 00:12:51.091000,0 days 01:11:06.603000
2024-07-07 14:16:03.872,OnTrack,4459,5672,2054,pos,0 days 00:12:51.331000,0 days 01:11:06.843000
2024-07-07 14:16:04.212,OnTrack,4604,5787,2055,pos,0 days 00:12:51.671000,0 days 01:11:07.183000
2024-07-07 14:16:04.572,OnTrack,4699,5849,2055,pos,0 days 00:12:52.031000,0 days 01:11:07.543000
2024-07-07 14:16:04.692,OnTrack,4738,5867,2055,pos,0 days 00:12:52.151000,0 days 01:11:07.663000
2024-07-07 14:16:04.951,OnTrack,4869,5899,2053,pos,0 days 00:12:52.410000,0 days 01:11:07.922000
2024-07-07 14:16:05.272,OnTrack,4928,5900,2053,pos,0 days 00:12:52.731000,0 days 01:11:08.243000
2024-07-07 14:16:05.612,OnTrack,5031,5887,2053,pos,0 days 00:12:53.071000,0 days 01:11:08.583000
2024-07-07 14:16:05.692,OnTrack,5053,5881,2053,pos,0 days 00:12:53.151000,0 days 01:11:08.663000
2024-07-07 14:16:05.992,OnTrack,5129,5848,2055,pos,0 days 00:12:53.451000,0 days 01:11:08.963000
2024-07-07 14:16:06.212,OnTrack,5178,5816,2056,pos,0 days 00:12:53.671000,0 days 01:11:09.183000
2024-07-07 14:16:06.432,OnTrack,5237,5765,2057,pos,0 days 00:12:53.891000,0 days 01:11:09.403000
2024-07-07 14:16:06.791,OnTrack,5300,5681,2059,pos,0 days 00:12:54.250000,0 days 01:11:09.762000
2024-07-07 14:16:07.111,OnTrack,5323,5632,2059,pos,0 days 00:12:54.570000,0 days 01:11:10.082000
2024-07-07 14:16:07.412,OnTrack,5352,5552,2059,pos,0 days 00:12:54.871000,0 days 01:11:10.383000
2024-07-07 14:16:07.571,OnTrack,5363,5505,2060,pos,0 days 00:12:55.030000,0 days 01:11:10.542000
2024-07-07 14:16:07.891,OnTrack,5385,5361,2061,pos,0 days 00:12:55.350000,0 days 01:11:10.862000
2024-07-07 14:16:08.232,OnTrack,5391,5292,2062,pos,0 days 00:12:55.691000,0 days 01:11:11.203000
2024-07-07 14:16:08.451,OnTrack,5398,5217,2063,pos,0 days 00:12:55.910000,0 days 01:11:11.422000
2024-07-07 14:16:08.631,OnTrack,5406,5161,2065,pos,0 days 00:12:56.090000,0 days 01:11:11.602000
2024-07-07 14:16:08.871,OnTrack,5424,5079,2065,pos,0 days 00:12:56.330000,0 days 01:11:11.842000
2024-07-07 14:16:09.052,OnTrack,5443,5022,2066,pos,0 days 00:12:56.511000,0 days 01:11:12.023000
2024-07-07 14:16:09.271,OnTrack,5475,4957,2066,pos,0 days 00:12:56.730000,0 days 01:11:12.242000
2024-07-07 14:16:09.511,OnTrack,5514,4898,2066,pos,0 days 00:12:56.970000,0 days 01:11:12.482000
2024-07-07 14:16:09.692,OnTrack,5547,4859,2066,pos,0 days 00:12:57.151000,0 days 01:11:12.663000
2024-07-07 14:16:09.771,OnTrack,5563,4842,2065,pos,0 days 00:12:57.230000,0 days 01:11:12.742000
2024-07-07 14:16:10.011,OnTrack,5610,4801,2065,pos,0 days 00:12:57.470000,0 days 01:11:12.982000
2024-07-07 14:16:10.351,OnTrack,5683,4754,2064,pos,0 days 00:12:57.810000,0 days 01:11:13.322000
2024-07-07 14:16:10.571,OnTrack,5722,4739,2065,pos,0 days 00:12:58.030000,0 days 01:11:13.542000
2024-07-07 14:16:10.792,OnTrack,5769,4730,2064,pos,0 days 00:12:58.251000,0 days 01:11:13.763000
2024-07-07 14:16:11.052,OnTrack,5823,4738,2064,pos,0 days 00:12:58.511000,0 days 01:11:14.023000
2024-07-07 14:16:11.252,OnTrack,5862,4754,2064,pos,0 days 00:12:58.711000,0 days 01:11:14.223000
2024-07-07 14:16:11.471,OnTrack,5904,4781,2063,pos,0 days 00:12:58.930000,0 days 01:11:14.442000
2024-07-07 14:16:11.751,OnTrack,5953,4823,2064,pos,0 days 00:12:59.210000,0 days 01:11:14.722000
2024-07-07 14:16:11.852,OnTrack,5970,4840,2064,pos,0 days 00:12:59.311000,0 days 01:11:14.823000
2024-07-07 14:16:12.072,OnTrack,6006,4880,2064,pos,0 days 00:12:59.531000,0 days 01:11:15.043000
2024-07-07 14:16:12.332,OnTrack,6048,4935,2064,pos,0 days 00:12:59.791000,0 days 01:11:15.303000
2024-07-07 14:16:12.512,OnTrack,6076,4976,2065,pos,0 days 00:12:59.971000,0 days 01:11:15.483000
2024-07-07 14:16:12.732,OnTrack,6109,5031,2064,pos,0 days 00:13:00.191000,0 days 01:11:15.703000
2024-07-07 14:16:12.972,OnTrack,6152,5116,2065,pos,0 days 00:13:00.431000,0 days 01:11:15.943000
2024-07-07 14:16:13.271,OnTrack,6184,5194,2065,pos,0 days 00:13:00.730000,0 days 01:11:16.242000
2024-07-07 14:16:13.511,OnTrack,6215,5279,2065,pos,0 days 00:13:00.970000,0 days 01:11:16.482000
2024-07-07 14:16:13.771,OnTrack,6246,5381,2065,pos,0 days 00:13:01.230000,0 days 01:11:16.742000
2024-07-07 14:16:13.991,OnTrack,6281,5518,2065,pos,0 days 00:13:01.450000,0 days 01:11:16.962000
2024-07-07 14:16:14.271,OnTrack,6299,5602,2065,pos,0 days 00:13:01.730000,0 days 01:11:17.242000
2024-07-07 14:16:14.651,OnTrack,6332,5930,2064,pos,0 days 00:13:02.110000,0 days 01:11:17.622000
2024-07-07 14:16:15.032,OnTrack,6325,6061,2064,pos,0 days 00:13:02.491000,0 days 01:11:18.003000
2024-07-07 14:16:15.271,OnTrack,6294,6264,2063,pos,0 days 00:13:02.730000,0 days 01:11:18.242000
2024-07-07 14:16:15.531,OnTrack,6274,6344,2063,pos,0 days 00:13:02.990000,0 days 01:11:18.502000
2024-07-07 14:16:15.751,OnTrack,6233,6469,2062,pos,0 days 00:13:03.210000,0 days 01:11:18.722000
2024-07-07 14:16:15.971,OnTrack,6178,6593,2063,pos,0 days 00:13:03.430000,0 days 01:11:18.942000
2024-07-07 14:16:16.231,OnTrack,6097,6737,2063,pos,0 days 00:13:03.690000,0 days 01:11:19.202000
2024-07-07 14:16:16.511,OnTrack,5979,6905,2064,pos,0 days 00:13:03.970000,0 days 01:11:19.482000
2024-07-07 14:16:16.891,OnTrack,5828,7071,2064,pos,0 days 00:13:04.350000,0 days 01:11:19.862000
2024-07-07 14:16:16.972,OnTrack,5789,7107,2064,pos,0 days 00:13:04.431000,0 days 01:11:19.943000
2024-07-07 14:16:17.232,OnTrack,5656,7223,2064,pos,0 days 00:13:04.691000,0 days 01:11:20.203000
2024-07-07 14:16:17.552,OnTrack,5482,7360,2064,pos,0 days 00:13:05.011000,0 days 01:11:20.523000
2024-07-07 14:16:17.731,OnTrack,5348,7462,2064,pos,0 days 00:13:05.190000,0 days 01:11:20.702000
2024-07-07 14:16:17.991,OnTrack,5241,7545,2064,pos,0 days 00:13:05.450000,0 days 01:11:20.962000
2024-07-07 14:16:18.251,OnTrack,5091,7668,2064,pos,0 days 00:13:05.710000,0 days 01:11:21.222000
2024-07-07 14:16:18.452,OnTrack,4979,7761,2064,pos,0 days 00:13:05.911000,0 days 01:11:21.423000
2024-07-07 14:16:18.712,OnTrack,4855,7865,2064,pos,0 days 00:13:06.171000,0 days 01:11:21.683000
2024-07-07 14:16:18.852,OnTrack,4776,7933,2064,pos,0 days 00:13:06.311000,0 days 01:11:21.823000
2024-07-07 14:16:19.152,OnTrack,4612,8074,2065,pos,0 days 00:13:06.611000,0 days 01:11:22.123000
2024-07-07 14:16:19.312,OnTrack,4515,8157,2065,pos,0 days 00:13:06.771000,0 days 01:11:22.283000
2024-07-07 14:16:19.572,OnTrack,4365,8286,2064,pos,0 days 00:13:07.031000,0 days 01:11:22.543000
2024-07-07 14:16:19.771,OnTrack,4202,8426,2064,pos,0 days 00:13:07.230000,0 days 01:11:22.742000
2024-07-07 14:16:20.031,OnTrack,4096,8516,2064,pos,0 days 00:13:07.490000,0 days 01:11:23.002000
2024-07-07 14:16:20.291,OnTrack,3943,8648,2063,pos,0 days 00:13:07.750000,0 days 01:11:23.262000
2024-07-07 14:16:20.451,OnTrack,3854,8725,2063,pos,0 days 00:13:07.910000,0 days 01:11:23.422000
2024-07-07 14:16:20.691,OnTrack,3707,8854,2063,pos,0 days 00:13:08.150000,0 days 01:11:23.662000
2024-07-07 14:16:20.931,OnTrack,3482,9052,2063,pos,0 days 00:13:08.390000,0 days 01:11:23.902000
2024-07-07 14:16:21.391,OnTrack,3209,9292,2064,pos,0 days 00:13:08.850000,0 days 01:11:24.362000
2024-07-07 14:16:21.811,OnTrack,3042,9438,2063,pos,0 days 00:13:09.270000,0 days 01:11:24.782000
2024-07-07 14:16:21.931,OnTrack,2970,9501,2062,pos,0 days 00:13:09.390000,0 days 01:11:24.902000
2024-07-07 14:16:22.132,OnTrack,2850,9605,2061,pos,0 days 00:13:09.591000,0 days 01:11:25.103000
2024-07-07 14:16:22.291,OnTrack,2754,9688,2060,pos,0 days 00:13:09.750000,0 days 01:11:25.262000
2024-07-07 14:16:22.652,OnTrack,2465,9940,2057,pos,0 days 00:13:10.111000,0 days 01:11:25.623000
2024-07-07 14:16:23.051,OnTrack,2260,10123,2054,pos,0 days 00:13:10.510000,0 days 01:11:26.022000
2024-07-07 14:16:23.492,OnTrack,1962,10390,2049,pos,0 days 00:13:10.951000,0 days 01:11:26.463000
2024-07-07 14:16:23.812,OnTrack,1844,10495,2047,pos,0 days 00:13:11.271000,0 days 01:11:26.783000
2024-07-07 14:16:23.911,OnTrack,1784,10545,2046,pos,0 days 00:13:11.370000,0 days 01:11:26.882000
2024-07-07 14:16:24.191,OnTrack,1615,10681,2044,pos,0 days 00:13:11.650000,0 days 01:11:27.162000
2024-07-07 14:16:24.412,OnTrack,1495,10764,2042,pos,0 days 00:13:11.871000,0 days 01:11:27.383000
2024-07-07 14:16:24.712,OnTrack,1312,10862,2039,pos,0 days 00:13:12.171000,0 days 01:11:27.683000
2024-07-07 14:16:25.012,OnTrack,1105,10931,2036,pos,0 days 00:13:12.471000,0 days 01:11:27.983000
2024-07-07 14:16:25.372,OnTrack,998,10946,2035,pos,0 days 00:13:12.831000,0 days 01:11:28.343000
2024-07-07 14:16:25.652,OnTrack,859,10949,2034,pos,0 days 00:13:13.111000,0 days 01:11:28.623000
2024-07-07 14:16:25.912,OnTrack,740,10941,2033,pos,0 days 00:13:13.371000,0 days 01:11:28.883000
2024-07-07 14:16:26.052,OnTrack,683,10930,2033,pos,0 days 00:13:13.511000,0 days 01:11:29.023000
2024-07-07 14:16:26.272,OnTrack,593,10900,2032,pos,0 days 00:13:13.731000,0 days 01:11:29.243000
2024-07-07 14:16:26.531,OnTrack,498,10852,2032,pos,0 days 00:13:13.990000,0 days 01:11:29.502000
2024-07-07 14:16:26.691,OnTrack,442,10814,2032,pos,0 days 00:13:14.150000,0 days 01:11:29.662000
2024-07-07 14:16:26.871,OnTrack,394,10768,2032,pos,0 days 00:13:14.330000,0 days 01:11:29.842000
2024-07-07 14:16:27.051,OnTrack,346,10707,2032,pos,0 days 00:13:14.510000,0 days 01:11:30.022000
2024-07-07 14:16:27.331,OnTrack,270,10574,2033,pos,0 days 00:13:14.790000,0 days 01:11:30.302000
2024-07-07 14:16:27.731,OnTrack,213,10418,2033,pos,0 days 00:13:15.190000,0 days 01:11:30.702000
2024-07-07 14:16:28.051,OnTrack,200,10335,2033,pos,0 days 00:13:15.510000,0 days 01:11:31.022000
2024-07-07 14:16:28.392,OnTrack,187,10143,2034,pos,0 days 00:13:15.851000,0 days 01:11:31.363000
2024-07-07 14:16:28.831,OnTrack,173,9935,2035,pos,0 days 00:13:16.290000,0 days 01:11:31.802000
2024-07-07 14:16:29.232,OnTrack,149,9822,2036,pos,0 days 00:13:16.691000,0 days 01:11:32.203000
2024-07-07 14:16:29.431,OnTrack,96,9704,2038,pos,0 days 00:13:16.890000,0 days 01:11:32.402000
2024-07-07 14:16:29.812,OnTrack,47,9634,2039,pos,0 days 00:13:17.271000,0 days 01:11:32.783000
2024-07-07 14:16:30.052,OnTrack,-10,9575,2039,pos,0 days 00:13:17.511000,0 days 01:11:33.023000
2024-07-07 14:16:30.272,OnTrack,-89,9515,2040,pos,0 days 00:13:17.731000,0 days 01:11:33.243000
2024-07-07 14:16:30.692,OnTrack,-206,9460,2041,pos,0 days 00:13:18.151000,0 days 01:11:33.663000
2024-07-07 14:16:30.952,OnTrack,-257,9448,2041,pos,0 days 00:13:18.411000,0 days 01:11:33.923000
2024-07-07 14:16:31.271,OnTrack,-343,9442,2040,pos,0 days 00:13:18.730000,0 days 01:11:34.242000
2024-07-07 14:16:31.492,OnTrack,-424,9457,2040,pos,0 days 00:13:18.951000,0 days 01:11:34.463000
2024-07-07 14:16:31.792,OnTrack,-472,9476,2039,pos,0 days 00:13:19.251000,0 days 01:11:34.763000
2024-07-07 14:16:32.112,OnTrack,-541,9519,2038,pos,0 days 00:13:19.571000,0 days 01:11:35.083000
2024-07-07 14:16:32.332,OnTrack,-584,9556,2038,pos,0 days 00:13:19.791000,0 days 01:11:35.303000
2024-07-07 14:16:32.552,OnTrack,-634,9610,2036,pos,0 days 00:13:20.011000,0 days 01:11:35.523000
2024-07-07 14:16:32.970,OnTrack,-689,9694,2035,pos,0 days 00:13:20.429000,0 days 01:11:35.941000
2024-07-07 14:16:33.131,OnTrack,-710,9736,2034,pos,0 days 00:13:20.590000,0 days 01:11:36.102000
2024-07-07 14:16:33.250,OnTrack,-724,9770,2034,pos,0 days 00:13:20.709000,0 days 01:11:36.221000
2024-07-07 14:16:33.411,OnTrack,-741,9818,2033,pos,0 days 00:13:20.870000,0 days 01:11:36.382000
2024-07-07 14:16:33.631,OnTrack,-759,9888,2033,pos,0 days 00:13:21.090000,0 days 01:11:36.602000
2024-07-07 14:16:33.971,OnTrack,-775,10006,2032,pos,0 days 00:13:21.430000,0 days 01:11:36.942000
2024-07-07 14:16:34.171,OnTrack,-776,10084,2031,pos,0 days 00:13:21.630000,0 days 01:11:37.142000
2024-07-07 14:16:34.352,OnTrack,-771,10157,2031,pos,0 days 00:13:21.811000,0 days 01:11:37.323000
2024-07-07 14:16:34.611,OnTrack,-757,10268,2031,pos,0 days 00:13:22.070000,0 days 01:11:37.582000
2024-07-07 14:16:34.771,OnTrack,-730,10395,2029,pos,0 days 00:13:22.230000,0 days 01:11:37.742000
2024-07-07 14:16:35.151,OnTrack,-684,10548,2028,pos,0 days 00:13:22.610000,0 days 01:11:38.122000
2024-07-07 14:16:35.311,OnTrack,-654,10625,2026,pos,0 days 00:13:22.770000,0 days 01:11:38.282000
2024-07-07 14:16:35.531,OnTrack,-610,10729,2025,pos,0 days 00:13:22.990000,0 days 01:11:38.502000
2024-07-07 14:16:35.712,OnTrack,-566,10823,2023,pos,0 days 00:13:23.171000,0 days 01:11:38.683000
2024-07-07 14:16:35.891,OnTrack,-523,10909,2023,pos,0 days 00:13:23.350000,0 days 01:11:38.862000
2024-07-07 14:16:36.092,OnTrack,-467,11017,2022,pos,0 days 00:13:23.551000,0 days 01:11:39.063000
2024-07-07 14:16:36.332,OnTrack,-398,11144,2021,pos,0 days 00:13:23.791000,0 days 01:11:39.303000
2024-07-07 14:16:36.632,OnTrack,-304,11304,2021,pos,0 days 00:13:24.091000,0 days 01:11:39.603000
2024-07-07 14:16:36.791,OnTrack,-248,11388,2021,pos,0 days 00:13:24.250000,0 days 01:11:39.762000
2024-07-07 14:16:36.991,OnTrack,-173,11494,2021,pos,0 days 00:13:24.450000,0 days 01:11:39.962000
2024-07-07 14:16:37.112,OnTrack,-126,11556,2021,pos,0 days 00:13:24.571000,0 days 01:11:40.083000
2024-07-07 14:16:37.311,OnTrack,-43,11660,2021,pos,0 days 00:13:24.770000,0 days 01:11:40.282000
2024-07-07 14:16:37.652,OnTrack,112,11831,2022,pos,0 days 00:13:25.111000,0 days 01:11:40.623000
2024-07-07 14:16:37.811,OnTrack,190,11909,2023,pos,0 days 00:13:25.270000,0 days 01:11:40.782000
2024-07-07 14:16:38.012,OnTrack,292,12005,2024,pos,0 days 00:13:25.471000,0 days 01:11:40.983000
2024-07-07 14:16:38.312,OnTrack,532,12204,2024,pos,0 days 00:13:25.771000,0 days 01:11:41.283000
2024-07-07 14:16:38.712,OnTrack,722,12335,2024,pos,0 days 00:13:26.171000,0 days 01:11:41.683000
2024-07-07 14:16:38.992,OnTrack,863,12414,2025,pos,0 days 00:13:26.451000,0 days 01:11:41.963000
2024-07-07 14:16:39.231,OnTrack,1025,12490,2025,pos,0 days 00:13:26.690000,0 days 01:11:42.202000
2024-07-07 14:16:39.510,OnTrack,1276,12588,2025,pos,0 days 00:13:26.969000,0 days 01:11:42.481000
2024-07-07 14:16:39.931,OnTrack,1569,12674,2025,pos,0 days 00:13:27.390000,0 days 01:11:42.902000
2024-07-07 14:16:40.211,OnTrack,1734,12713,2026,pos,0 days 00:13:27.670000,0 days 01:11:43.182000
2024-07-07 14:16:40.531,OnTrack,2048,12768,2028,pos,0 days 00:13:27.990000,0 days 01:11:43.502000
2024-07-07 14:16:40.811,OnTrack,2222,12791,2029,pos,0 days 00:13:28.270000,0 days 01:11:43.782000
2024-07-07 14:16:41.011,OnTrack,2379,12809,2030,pos,0 days 00:13:28.470000,0 days 01:11:43.982000
2024-07-07 14:16:41.371,OnTrack,2711,12844,2033,pos,0 days 00:13:28.830000,0 days 01:11:44.342000
2024-07-07 14:16:41.712,OnTrack,3029,12875,2036,pos,0 days 00:13:29.171000,0 days 01:11:44.683000
2024-07-07 14:16:42.071,OnTrack,3221,12896,2038,pos,0 days 00:13:29.530000,0 days 01:11:45.042000
2024-07-07 14:16:42.391,OnTrack,3476,12924,2039,pos,0 days 00:13:29.850000,0 days 01:11:45.362000
2024-07-07 14:16:42.631,OnTrack,3692,12947,2036,pos,0 days 00:13:30.090000,0 days 01:11:45.602000
2024-07-07 14:16:42.872,OnTrack,3860,12966,2042,pos,0 days 00:13:30.331000,0 days 01:11:45.843000
2024-07-07 14:16:43.251,OnTrack,4278,13018,2044,pos,0 days 00:13:30.710000,0 days 01:11:46.222000
2024-07-07 14:16:43.491,OnTrack,4358,13029,2045,pos,0 days 00:13:30.950000,0 days 01:11:46.462000
2024-07-07 14:16:43.871,OnTrack,4751,13080,2047,pos,0 days 00:13:31.330000,0 days 01:11:46.842000
2024-07-07 14:16:44.212,OnTrack,4935,13099,2048,pos,0 days 00:13:31.671000,0 days 01:11:47.183000
2024-07-07 14:16:44.472,OnTrack,5205,13115,2049,pos,0 days 00:13:31.931000,0 days 01:11:47.443000
2024-07-07 14:16:44.852,OnTrack,5424,13099,2050,pos,0 days 00:13:32.311000,0 days 01:11:47.823000
2024-07-07 14:16:45.092,OnTrack,5609,13058,2051,pos,0 days 00:13:32.551000,0 days 01:11:48.063000
2024-07-07 14:16:45.252,OnTrack,5720,13022,2052,pos,0 days 00:13:32.711000,0 days 01:11:48.223000
2024-07-07 14:16:45.372,OnTrack,5798,12989,2052,pos,0 days 00:13:32.831000,0 days 01:11:48.343000
2024-07-07 14:16:45.712,OnTrack,6086,12812,2054,pos,0 days 00:13:33.171000,0 days 01:11:48.683000
2024-07-07 14:16:45.972,OnTrack,6152,12759,2055,pos,0 days 00:13:33.431000,0 days 01:11:48.943000
2024-07-07 14:16:46.251,OnTrack,6286,12627,2055,pos,0 days 00:13:33.710000,0 days 01:11:49.222000
2024-07-07 14:16:46.471,OnTrack,6412,12448,2056,pos,0 days 00:13:33.930000,0 days 01:11:49.442000
2024-07-07 14:16:46.771,OnTrack,6484,12313,2057,pos,0 days 00:13:34.230000,0 days 01:11:49.742000
2024-07-07 14:16:47.152,OnTrack,6625,11954,2060,pos,0 days 00:13:34.611000,0 days 01:11:50.123000
2024-07-07 14:16:47.491,OnTrack,6667,11813,2061,pos,0 days 00:13:34.950000,0 days 01:11:50.462000
2024-07-07 14:16:47.751,OnTrack,6728,11583,2062,pos,0 days 00:13:35.210000,0 days 01:11:50.722000
2024-07-07 14:16:48.091,OnTrack,6796,11290,2065,pos,0 days 00:13:35.550000,0 days 01:11:51.062000
2024-07-07 14:16:48.451,OnTrack,6831,11112,2066,pos,0 days 00:13:35.910000,0 days 01:11:51.422000
2024-07-07 14:16:48.792,OnTrack,6888,10765,2069,pos,0 days 00:13:36.251000,0 days 01:11:51.763000
2024-07-07 14:16:49.052,OnTrack,6902,10658,2070,pos,0 days 00:13:36.511000,0 days 01:11:52.023000
2024-07-07 14:16:49.291,OnTrack,6925,10474,2071,pos,0 days 00:13:36.750000,0 days 01:11:52.262000
2024-07-07 14:16:49.471,OnTrack,6939,10334,2072,pos,0 days 00:13:36.930000,0 days 01:11:52.442000
2024-07-07 14:16:49.672,OnTrack,6953,10178,2073,pos,0 days 00:13:37.131000,0 days 01:11:52.643000
2024-07-07 14:16:50.031,OnTrack,6975,9815,2074,pos,0 days 00:13:37.490000,0 days 01:11:53.002000
2024-07-07 14:16:50.371,OnTrack,6980,9625,2075,pos,0 days 00:13:37.830000,0 days 01:11:53.342000
2024-07-07 14:16:50.532,OnTrack,6982,9497,2075,pos,0 days 00:13:37.991000,0 days 01:11:53.503000
2024-07-07 14:16:50.712,OnTrack,6986,9353,2074,pos,0 days 00:13:38.171000,0 days 01:11:53.683000
2024-07-07 14:16:50.931,OnTrack,6992,9177,2074,pos,0 days 00:13:38.390000,0 days 01:11:53.902000
2024-07-07 14:16:51.232,OnTrack,7007,8941,2073,pos,0 days 00:13:38.691000,0 days 01:11:54.203000
2024-07-07 14:16:51.332,OnTrack,7015,8861,2072,pos,0 days 00:13:38.791000,0 days 01:11:54.303000
2024-07-07 14:16:51.592,OnTrack,7044,8653,2071,pos,0 days 00:13:39.051000,0 days 01:11:54.563000
2024-07-07 14:16:51.852,OnTrack,7084,8446,2070,pos,0 days 00:13:39.311000,0 days 01:11:54.823000
2024-07-07 14:16:52.072,OnTrack,7126,8273,2069,pos,0 days 00:13:39.531000,0 days 01:11:55.043000
2024-07-07 14:16:52.312,OnTrack,7176,8094,2067,pos,0 days 00:13:39.771000,0 days 01:11:55.283000
2024-07-07 14:16:52.512,OnTrack,7228,7932,2065,pos,0 days 00:13:39.971000,0 days 01:11:55.483000
2024-07-07 14:16:52.592,OnTrack,7249,7871,2064,pos,0 days 00:13:40.051000,0 days 01:11:55.563000
2024-07-07 14:16:52.771,OnTrack,7301,7735,2062,pos,0 days 00:13:40.230000,0 days 01:11:55.742000
2024-07-07 14:16:53.111,OnTrack,7404,7479,2060,pos,0 days 00:13:40.570000,0 days 01:11:56.082000
2024-07-07 14:16:53.291,OnTrack,7454,7344,2059,pos,0 days 00:13:40.750000,0 days 01:11:56.262000
2024-07-07 14:16:53.531,OnTrack,7512,7143,2058,pos,0 days 00:13:40.990000,0 days 01:11:56.502000
2024-07-07 14:16:53.871,OnTrack,7540,6914,2058,pos,0 days 00:13:41.330000,0 days 01:11:56.842000
2024-07-07 14:16:54.131,OnTrack,7524,6715,2058,pos,0 days 00:13:41.590000,0 days 01:11:57.102000
2024-07-07 14:16:54.351,OnTrack,7495,6550,2059,pos,0 days 00:13:41.810000,0 days 01:11:57.322000
2024-07-07 14:16:54.391,OnTrack,7489,6521,2059,pos,0 days 00:13:41.850000,0 days 01:11:57.362000
2024-07-07 14:16:54.631,OnTrack,7448,6346,2060,pos,0 days 00:13:42.090000,0 days 01:11:57.602000
2024-07-07 14:16:54.911,OnTrack,7381,6080,2062,pos,0 days 00:13:42.370000,0 days 01:11:57.882000
2024-07-07 14:16:55.352,OnTrack,7334,5829,2063,pos,0 days 00:13:42.811000,0 days 01:11:58.323000
2024-07-07 14:16:55.592,OnTrack,7317,5573,2062,pos,0 days 00:13:43.051000,0 days 01:11:58.563000
2024-07-07 14:16:55.971,OnTrack,7336,5409,2062,pos,0 days 00:13:43.430000,0 days 01:11:58.942000
2024-07-07 14:16:56.152,OnTrack,7366,5294,2061,pos,0 days 00:13:43.611000,0 days 01:11:59.123000
2024-07-07 14:16:56.412,OnTrack,7432,5135,2059,pos,0 days 00:13:43.871000,0 days 01:11:59.383000
2024-07-07 14:16:56.551,OnTrack,7476,5053,2058,pos,0 days 00:13:44.010000,0 days 01:11:59.522000
2024-07-07 14:16:56.792,OnTrack,7557,4915,2056,pos,0 days 00:13:44.251000,0 days 01:11:59.763000
2024-07-07 14:16:56.992,OnTrack,7661,4739,2053,pos,0 days 00:13:44.451000,0 days 01:11:59.963000
2024-07-07 14:16:57.352,OnTrack,7723,4611,2052,pos,0 days 00:13:44.811000,0 days 01:12:00.323000
2024-07-07 14:16:57.652,OnTrack,7781,4407,2049,pos,0 days 00:13:45.111000,0 days 01:12:00.623000
2024-07-07 14:16:57.932,OnTrack,7790,4302,2047,pos,0 days 00:13:45.391000,0 days 01:12:00.903000
2024-07-07 14:16:58.251,OnTrack,7773,4139,2044,pos,0 days 00:13:45.710000,0 days 01:12:01.222000
2024-07-07 14:16:58.412,OnTrack,7754,4059,2043,pos,0 days 00:13:45.871000,0 days 01:12:01.383000
2024-07-07 14:16:58.732,OnTrack,7696,3903,2041,pos,0 days 00:13:46.191000,0 days 01:12:01.703000
2024-07-07 14:16:58.892,OnTrack,7658,3827,2040,pos,0 days 00:13:46.351000,0 days 01:12:01.863000
2024-07-07 14:16:59.052,OnTrack,7614,3752,2039,pos,0 days 00:13:46.511000,0 days 01:12:02.023000
2024-07-07 14:16:59.291,OnTrack,7482,3587,2037,pos,0 days 00:13:46.750000,0 days 01:12:02.262000
2024-07-07 14:16:59.731,OnTrack,7327,3464,2034,pos,0 days 00:13:47.190000,0 days 01:12:02.702000
2024-07-07 14:17:00.091,OnTrack,7100,3339,2031,pos,0 days 00:13:47.550000,0 days 01:12:03.062000
2024-07-07 14:17:00.512,OnTrack,6884,3212,2029,pos,0 days 00:13:47.971000,0 days 01:12:03.483000
2024-07-07 14:17:00.991,OnTrack,6688,3037,2028,pos,0 days 00:13:48.450000,0 days 01:12:03.962000
2024-07-07 14:17:01.191,OnTrack,6595,2939,2028,pos,0 days 00:13:48.650000,0 days 01:12:04.162000
2024-07-07 14:17:01.371,OnTrack,6518,2853,2028,pos,0 days 00:13:48.830000,0 days 01:12:04.342000
2024-07-07 14:17:01.592,OnTrack,6419,2730,2028,pos,0 days 00:13:49.051000,0 days 01:12:04.563000
2024-07-07 14:17:01.731,OnTrack,6361,2649,2027,pos,0 days 00:13:49.190000,0 days 01:12:04.702000
2024-07-07 14:17:01.991,OnTrack,6261,2495,2026,pos,0 days 00:13:49.450000,0 days 01:12:04.962000
2024-07-07 14:17:02.212,OnTrack,6147,2293,2026,pos,0 days 00:13:49.671000,0 days 01:12:05.183000
2024-07-07 14:17:02.651,OnTrack,6001,2006,2025,pos,0 days 00:13:50.110000,0 days 01:12:05.622000
2024-07-07 14:17:02.972,OnTrack,5929,1859,2024,pos,0 days 00:13:50.431000,0 days 01:12:05.943000
2024-07-07 14:17:03.212,OnTrack,5850,1697,2024,pos,0 days 00:13:50.671000,0 days 01:12:06.183000
2024-07-07 14:17:03.391,OnTrack,5791,1575,2023,pos,0 days 00:13:50.850000,0 days 01:12:06.362000
2024-07-07 14:17:03.651,OnTrack,5706,1396,2022,pos,0 days 00:13:51.110000,0 days 01:12:06.622000
2024-07-07 14:17:03.812,OnTrack,5653,1286,2021,pos,0 days 00:13:51.271000,0 days 01:12:06.783000
2024-07-07 14:17:04.092,OnTrack,5559,1090,2020,pos,0 days 00:13:51.551000,0 days 01:12:07.063000
2024-07-07 14:17:04.251,OnTrack,5506,978,2020,pos,0 days 00:13:51.710000,0 days 01:12:07.222000
2024-07-07 14:17:04.472,OnTrack,5432,823,2019,pos,0 days 00:13:51.931000,0 days 01:12:07.443000
2024-07-07 14:17:04.732,OnTrack,5343,638,2017,pos,0 days 00:13:52.191000,0 days 01:12:07.703000
2024-07-07 14:17:04.852,OnTrack,5305,559,2016,pos,0 days 00:13:52.311000,0 days 01:12:07.823000
2024-07-07 14:17:05.132,OnTrack,5177,294,2014,pos,0 days 00:13:52.591000,0 days 01:12:08.103000
2024-07-07 14:17:05.532,OnTrack,5061,55,2012,pos,0 days 00:13:52.991000,0 days 01:12:08.503000
2024-07-07 14:17:05.771,OnTrack,4980,-111,2011,pos,0 days 00:13:53.230000,0 days 01:12:08.742000
2024-07-07 14:17:06.031,OnTrack,4893,-294,2010,pos,0 days 00:13:53.490000,0 days 01:12:09.002000
2024-07-07 14:17:06.192,OnTrack,4833,-419,2009,pos,0 days 00:13:53.651000,0 days 01:12:09.163000
2024-07-07 14:17:06.411,OnTrack,4755,-580,2008,pos,0 days 00:13:53.870000,0 days 01:12:09.382000
2024-07-07 14:17:06.691,OnTrack,4657,-783,2007,pos,0 days 00:13:54.150000,0 days 01:12:09.662000
2024-07-07 14:17:06.871,OnTrack,4597,-907,2007,pos,0 days 00:13:54.330000,0 days 01:12:09.842000
2024-07-07 14:17:07.131,OnTrack,4451,-1207,2004,pos,0 days 00:13:54.590000,0 days 01:12:10.102000
2024-07-07 14:17:07.491,OnTrack,4373,-1368,2002,pos,0 days 00:13:54.950000,0 days 01:12:10.462000
2024-07-07 14:17:07.791,OnTrack,4265,-1586,1999,pos,0 days 00:13:55.250000,0 days 01:12:10.762000
2024-07-07 14:17:07.931,OnTrack,4170,-1776,1997,pos,0 days 00:13:55.390000,0 days 01:12:10.902000
2024-07-07 14:17:08.351,OnTrack,4061,-1994,1995,pos,0 days 00:13:55.810000,0 days 01:12:11.322000
2024-07-07 14:17:08.531,OnTrack,3994,-2124,1994,pos,0 days 00:13:55.990000,0 days 01:12:11.502000
2024-07-07 14:17:08.751,OnTrack,3912,-2283,1994,pos,0 days 00:13:56.210000,0 days 01:12:11.722000
2024-07-07 14:17:08.992,OnTrack,3771,-2554,1995,pos,0 days 00:13:56.451000,0 days 01:12:11.963000
2024-07-07 14:17:09.272,OnTrack,3719,-2652,1995,pos,0 days 00:13:56.731000,0 days 01:12:12.243000
2024-07-07 14:17:09.651,OnTrack,3573,-2923,1999,pos,0 days 00:13:57.110000,0 days 01:12:12.622000
2024-07-07 14:17:09.711,OnTrack,3549,-2965,2000,pos,0 days 00:13:57.170000,0 days 01:12:12.682000
2024-07-07 14:17:09.951,OnTrack,3454,-3132,2003,pos,0 days 00:13:57.410000,0 days 01:12:12.922000
2024-07-07 14:17:10.171,OnTrack,3364,-3284,2006,pos,0 days 00:13:57.630000,0 days 01:12:13.142000
2024-07-07 14:17:10.392,OnTrack,3270,-3430,2010,pos,0 days 00:13:57.851000,0 days 01:12:13.363000
2024-07-07 14:17:10.612,OnTrack,3171,-3567,2013,pos,0 days 00:13:58.071000,0 days 01:12:13.583000
2024-07-07 14:17:10.852,OnTrack,3002,-3765,2018,pos,0 days 00:13:58.311000,0 days 01:12:13.823000
2024-07-07 14:17:11.232,OnTrack,2879,-3877,2021,pos,0 days 00:13:58.691000,0 days 01:12:14.203000
2024-07-07 14:17:11.452,OnTrack,2706,-3990,2024,pos,0 days 00:13:58.911000,0 days 01:12:14.423000
2024-07-07 14:17:11.812,OnTrack,2523,-4070,2027,pos,0 days 00:13:59.271000,0 days 01:12:14.783000
2024-07-07 14:17:12.252,OnTrack,2364,-4108,2030,pos,0 days 00:13:59.711000,0 days 01:12:15.223000
2024-07-07 14:17:12.491,OnTrack,2169,-4113,2032,pos,0 days 00:13:59.950000,0 days 01:12:15.462000
2024-07-07 14:17:12.771,OnTrack,2082,-4101,2032,pos,0 days 00:14:00.230000,0 days 01:12:15.742000
2024-07-07 14:17:13.071,OnTrack,1923,-4059,2033,pos,0 days 00:14:00.530000,0 days 01:12:16.042000
2024-07-07 14:17:13.351,OnTrack,1754,-3979,2033,pos,0 days 00:14:00.810000,0 days 01:12:16.322000
2024-07-07 14:17:13.611,OnTrack,1660,-3916,2032,pos,0 days 00:14:01.070000,0 days 01:12:16.582000
2024-07-07 14:17:13.931,OnTrack,1524,-3799,2031,pos,0 days 00:14:01.390000,0 days 01:12:16.902000
2024-07-07 14:17:14.092,OnTrack,1417,-3680,2030,pos,0 days 00:14:01.551000,0 days 01:12:17.063000
2024-07-07 14:17:14.431,OnTrack,1331,-3563,2028,pos,0 days 00:14:01.890000,0 days 01:12:17.402000
2024-07-07 14:17:14.632,OnTrack,1266,-3457,2025,pos,0 days 00:14:02.091000,0 days 01:12:17.603000
2024-07-07 14:17:14.831,OnTrack,1204,-3346,2023,pos,0 days 00:14:02.290000,0 days 01:12:17.802000
2024-07-07 14:17:15.171,OnTrack,1102,-3152,2016,pos,0 days 00:14:02.630000,0 days 01:12:18.142000
2024-07-07 14:17:15.351,OnTrack,998,-2969,2009,pos,0 days 00:14:02.810000,0 days 01:12:18.322000
2024-07-07 14:17:15.671,OnTrack,934,-2866,2004,pos,0 days 00:14:03.130000,0 days 01:12:18.642000
2024-07-07 14:17:16.012,OnTrack,769,-2631,1993,pos,0 days 00:14:03.471000,0 days 01:12:18.983000
2024-07-07 14:17:16.251,OnTrack,703,-2542,1990,pos,0 days 00:14:03.710000,0 days 01:12:19.222000
2024-07-07 14:17:16.592,OnTrack,562,-2351,1985,pos,0 days 00:14:04.051000,0 days 01:12:19.563000
2024-07-07 14:17:16.771,OnTrack,486,-2249,1984,pos,0 days 00:14:04.230000,0 days 01:12:19.742000
2024-07-07 14:17:16.872,OnTrack,431,-2175,1984,pos,0 days 00:14:04.331000,0 days 01:12:19.843000
2024-07-07 14:17:17.152,OnTrack,303,-2007,1985,pos,0 days 00:14:04.611000,0 days 01:12:20.123000
2024-07-07 14:17:17.412,OnTrack,188,-1862,1986,pos,0 days 00:14:04.871000,0 days 01:12:20.383000
2024-07-07 14:17:17.652,OnTrack,17,-1660,1986,pos,0 days 00:14:05.111000,0 days 01:12:20.623000
2024-07-07 14:17:18.032,OnTrack,-100,-1527,1985,pos,0 days 00:14:05.491000,0 days 01:12:21.003000
2024-07-07 14:17:18.192,OnTrack,-223,-1388,1983,pos,0 days 00:14:05.651000,0 days 01:12:21.163000
2024-07-07 14:17:18.672,OnTrack,-360,-1234,1981,pos,0 days 00:14:06.131000,0 days 01:12:21.643000
2024-07-07 14:17:18.772,OnTrack,-393,-1198,1980,pos,0 days 00:14:06.231000,0 days 01:12:21.743000
2024-07-07 14:17:19.051,OnTrack,-481,-1105,1978,pos,0 days 00:14:06.510000,0 days 01:12:22.022000
2024-07-07 14:17:19.231,OnTrack,-565,-1032,1977,pos,0 days 00:14:06.690000,0 days 01:12:22.202000
2024-07-07 14:17:19.731,OnTrack,-676,-962,1975,pos,0 days 00:14:07.190000,0 days 01:12:22.702000
2024-07-07 14:17:19.911,OnTrack,-728,-940,1975,pos,0 days 00:14:07.370000,0 days 01:12:22.882000
2024-07-07 14:17:20.072,OnTrack,-813,-918,1976,pos,0 days 00:14:07.531000,0 days 01:12:23.043000
2024-07-07 14:17:20.451,OnTrack,-883,-913,1976,pos,0 days 00:14:07.910000,0 days 01:12:23.422000
2024-07-07 14:17:20.671,OnTrack,-945,-914,1976,pos,0 days 00:14:08.130000,0 days 01:12:23.642000
2024-07-07 14:17:20.771,OnTrack,-971,-918,1977,pos,0 days 00:14:08.230000,0 days 01:12:23.742000
2024-07-07 14:17:20.991,OnTrack,-1029,-933,1978,pos,0 days 00:14:08.450000,0 days 01:12:23.962000
2024-07-07 14:17:21.232,OnTrack,-1089,-961,1978,pos,0 days 00:14:08.691000,0 days 01:12:24.203000
2024-07-07 14:17:21.472,OnTrack,-1147,-1000,1979,pos,0 days 00:14:08.931000,0 days 01:12:24.443000
2024-07-07 14:17:21.691,OnTrack,-1200,-1041,1980,pos,0 days 00:14:09.150000,0 days 01:12:24.662000
2024-07-07 14:17:21.811,OnTrack,-1228,-1062,1981,pos,0 days 00:14:09.270000,0 days 01:12:24.782000
2024-07-07 14:17:22.072,OnTrack,-1298,-1113,1981,pos,0 days 00:14:09.531000,0 days 01:12:25.043000
2024-07-07 14:17:22.391,OnTrack,-1402,-1161,1981,pos,0 days 00:14:09.850000,0 days 01:12:25.362000
2024-07-07 14:17:22.711,OnTrack,-1489,-1173,1981,pos,0 days 00:14:10.170000,0 days 01:12:25.682000
2024-07-07 14:17:22.971,OnTrack,-1614,-1151,1980,pos,0 days 00:14:10.430000,0 days 01:12:25.942000
2024-07-07 14:17:23.271,OnTrack,-1663,-1136,1979,pos,0 days 00:14:10.730000,0 days 01:12:26.242000
2024-07-07 14:17:23.612,OnTrack,-1764,-1091,1978,pos,0 days 00:14:11.071000,0 days 01:12:26.583000
2024-07-07 14:17:23.811,OnTrack,-1821,-1057,1978,pos,0 days 00:14:11.270000,0 days 01:12:26.782000
2024-07-07 14:17:24.012,OnTrack,-1877,-1015,1977,pos,0 days 00:14:11.471000,0 days 01:12:26.983000
2024-07-07 14:17:24.212,OnTrack,-1941,-952,1976,pos,0 days 00:14:11.671000,0 days 01:12:27.183000
2024-07-07 14:17:24.612,OnTrack,-2065,-800,1975,pos,0 days 00:14:12.071000,0 days 01:12:27.583000
2024-07-07 14:17:25.052,OnTrack,-2154,-671,1974,pos,0 days 00:14:12.511000,0 days 01:12:28.023000
2024-07-07 14:17:25.332,OnTrack,-2212,-551,1974,pos,0 days 00:14:12.791000,0 days 01:12:28.303000
2024-07-07 14:17:25.611,OnTrack,-2259,-418,1972,pos,0 days 00:14:13.070000,0 days 01:12:28.582000
2024-07-07 14:17:25.851,OnTrack,-2289,-296,1971,pos,0 days 00:14:13.310000,0 days 01:12:28.822000
2024-07-07 14:17:26.011,OnTrack,-2302,-210,1970,pos,0 days 00:14:13.470000,0 days 01:12:28.982000
2024-07-07 14:17:26.211,OnTrack,-2314,-29,1967,pos,0 days 00:14:13.670000,0 days 01:12:29.182000
2024-07-07 14:17:26.571,OnTrack,-2308,109,1966,pos,0 days 00:14:14.030000,0 days 01:12:29.542000
2024-07-07 14:17:26.791,OnTrack,-2290,239,1965,pos,0 days 00:14:14.250000,0 days 01:12:29.762000
2024-07-07 14:17:27.011,OnTrack,-2260,369,1964,pos,0 days 00:14:14.470000,0 days 01:12:29.982000
2024-07-07 14:17:27.251,OnTrack,-2176,581,1963,pos,0 days 00:14:14.710000,0 days 01:12:30.222000
2024-07-07 14:17:27.591,OnTrack,-2109,707,1962,pos,0 days 00:14:15.050000,0 days 01:12:30.562000
2024-07-07 14:17:27.891,OnTrack,-2000,874,1962,pos,0 days 00:14:15.350000,0 days 01:12:30.862000
2024-07-07 14:17:28.111,OnTrack,-1905,1006,1963,pos,0 days 00:14:15.570000,0 days 01:12:31.082000
2024-07-07 14:17:28.371,OnTrack,-1806,1143,1963,pos,0 days 00:14:15.830000,0 days 01:12:31.342000
2024-07-07 14:17:28.711,OnTrack,-1664,1331,1964,pos,0 days 00:14:16.170000,0 days 01:12:31.682000
2024-07-07 14:17:28.892,OnTrack,-1585,1432,1965,pos,0 days 00:14:16.351000,0 days 01:12:31.863000
2024-07-07 14:17:29.011,OnTrack,-1531,1499,1965,pos,0 days 00:14:16.470000,0 days 01:12:31.982000
2024-07-07 14:17:29.271,OnTrack,-1414,1646,1966,pos,0 days 00:14:16.730000,0 days 01:12:32.242000
2024-07-07 14:17:29.491,OnTrack,-1316,1775,1968,pos,0 days 00:14:16.950000,0 days 01:12:32.462000
2024-07-07 14:17:29.751,OnTrack,-1167,1980,1971,pos,0 days 00:14:17.210000,0 days 01:12:32.722000
2024-07-07 14:17:30.152,OnTrack,-989,2225,1974,pos,0 days 00:14:17.611000,0 days 01:12:33.123000
2024-07-07 14:17:30.552,OnTrack,-803,2481,1978,pos,0 days 00:14:18.011000,0 days 01:12:33.523000
2024-07-07 14:17:30.931,OnTrack,-671,2664,1981,pos,0 days 00:14:18.390000,0 days 01:12:33.902000
2024-07-07 14:17:31.171,OnTrack,-563,2819,1984,pos,0 days 00:14:18.630000,0 days 01:12:34.142000
2024-07-07 14:17:31.412,OnTrack,-394,3069,1988,pos,0 days 00:14:18.871000,0 days 01:12:34.383000
2024-07-07 14:17:31.792,OnTrack,-288,3229,1991,pos,0 days 00:14:19.251000,0 days 01:12:34.763000
2024-07-07 14:17:31.952,OnTrack,-171,3403,1994,pos,0 days 00:14:19.411000,0 days 01:12:34.923000
2024-07-07 14:17:32.291,OnTrack,-64,3554,1996,pos,0 days 00:14:19.750000,0 days 01:12:35.262000
2024-07-07 14:17:32.631,OnTrack,178,3871,2003,pos,0 days 00:14:20.090000,0 days 01:12:35.602000
2024-07-07 14:17:32.971,OnTrack,285,3996,2006,pos,0 days 00:14:20.430000,0 days 01:12:35.942000
2024-07-07 14:17:33.091,OnTrack,351,4067,2009,pos,0 days 00:14:20.550000,0 days 01:12:36.062000
2024-07-07 14:17:33.291,OnTrack,467,4179,2011,pos,0 days 00:14:20.750000,0 days 01:12:36.262000
2024-07-07 14:17:33.511,OnTrack,603,4288,2011,pos,0 days 00:14:20.970000,0 days 01:12:36.482000
2024-07-07 14:17:33.851,OnTrack,837,4415,2014,pos,0 days 00:14:21.310000,0 days 01:12:36.822000
2024-07-07 14:17:34.031,OnTrack,972,4462,2014,pos,0 days 00:14:21.490000,0 days 01:12:37.002000
2024-07-07 14:17:34.091,OnTrack,1018,4474,2015,pos,0 days 00:14:21.550000,0 days 01:12:37.062000
2024-07-07 14:17:34.411,OnTrack,1269,4513,2016,pos,0 days 00:14:21.870000,0 days 01:12:37.382000
2024-07-07 14:17:34.671,OnTrack,1476,4520,2019,pos,0 days 00:14:22.130000,0 days 01:12:37.642000
2024-07-07 14:17:34.852,OnTrack,1618,4517,2021,pos,0 days 00:14:22.311000,0 days 01:12:37.823000
2024-07-07 14:17:35.011,OnTrack,1742,4508,2023,pos,0 days 00:14:22.470000,0 days 01:12:37.982000
2024-07-07 14:17:35.291,OnTrack,1991,4476,2025,pos,0 days 00:14:22.750000,0 days 01:12:38.262000
2024-07-07 14:17:35.551,OnTrack,2161,4454,2027,pos,0 days 00:14:23.010000,0 days 01:12:38.522000
2024-07-07 14:17:35.751,OnTrack,2316,4442,2028,pos,0 days 00:14:23.210000,0 days 01:12:38.722000
2024-07-07 14:17:36.111,OnTrack,2597,4443,2032,pos,0 days 00:14:23.570000,0 days 01:12:39.082000
2024-07-07 14:17:36.152,OnTrack,2628,4445,2032,pos,0 days 00:14:23.611000,0 days 01:12:39.123000
2024-07-07 14:17:36.351,OnTrack,2780,4463,2035,pos,0 days 00:14:23.810000,0 days 01:12:39.322000
2024-07-07 14:17:36.732,OnTrack,3099,4555,2039,pos,0 days 00:14:24.191000,0 days 01:12:39.703000
2024-07-07 14:17:37.092,OnTrack,3321,4665,2043,pos,0 days 00:14:24.551000,0 days 01:12:40.063000
2024-07-07 14:17:37.232,OnTrack,3420,4728,2045,pos,0 days 00:14:24.691000,0 days 01:12:40.203000
2024-07-07 14:17:37.392,OnTrack,3520,4801,2047,pos,0 days 00:14:24.851000,0 days 01:12:40.363000
2024-07-07 14:17:37.592,OnTrack,3640,4901,2048,pos,0 days 00:14:25.051000,0 days 01:12:40.563000
2024-07-07 14:17:37.772,OnTrack,3736,4991,2049,pos,0 days 00:14:25.231000,0 days 01:12:40.743000
2024-07-07 14:17:38.072,OnTrack,3906,5162,2050,pos,0 days 00:14:25.531000,0 days 01:12:41.043000
2024-07-07 14:17:38.232,OnTrack,3992,5248,2050,pos,0 days 00:14:25.691000,0 days 01:12:41.203000
2024-07-07 14:17:38.472,OnTrack,4122,5373,2051,pos,0 days 00:14:25.931000,0 days 01:12:41.443000
2024-07-07 14:17:38.652,OnTrack,4213,5457,2052,pos,0 days 00:14:26.111000,0 days 01:12:41.623000
2024-07-07 14:17:38.891,OnTrack,4324,5556,2053,pos,0 days 00:14:26.350000,0 days 01:12:41.862000
2024-07-07 14:17:39.071,OnTrack,4400,5622,2054,pos,0 days 00:14:26.530000,0 days 01:12:42.042000
2024-07-07 14:17:39.231,OnTrack,4462,5674,2054,pos,0 days 00:14:26.690000,0 days 01:12:42.202000
2024-07-07 14:17:39.551,OnTrack,4575,5766,2055,pos,0 days 00:14:27.010000,0 days 01:12:42.522000
2024-07-07 14:17:39.751,OnTrack,4648,5818,2055,pos,0 days 00:14:27.210000,0 days 01:12:42.722000
2024-07-07 14:17:39.991,OnTrack,4724,5861,2054,pos,0 days 00:14:27.450000,0 days 01:12:42.962000
2024-07-07 14:17:40.171,OnTrack,4781,5883,2054,pos,0 days 00:14:27.630000,0 days 01:12:43.142000
2024-07-07 14:17:40.232,OnTrack,4801,5888,2054,pos,0 days 00:14:27.691000,0 days 01:12:43.203000
2024-07-07 14:17:40.411,OnTrack,4860,5898,2054,pos,0 days 00:14:27.870000,0 days 01:12:43.382000
2024-07-07 14:17:40.671,OnTrack,4944,5900,2053,pos,0 days 00:14:28.130000,0 days 01:12:43.642000
2024-07-07 14:17:40.851,OnTrack,4999,5893,2053,pos,0 days 00:14:28.310000,0 days 01:12:43.822000
2024-07-07 14:17:41.072,OnTrack,5060,5878,2054,pos,0 days 00:14:28.531000,0 days 01:12:44.043000
2024-07-07 14:17:41.312,OnTrack,5121,5852,2054,pos,0 days 00:14:28.771000,0 days 01:12:44.283000
2024-07-07 14:17:41.612,OnTrack,5213,5787,2056,pos,0 days 00:14:29.071000,0 days 01:12:44.583000
2024-07-07 14:17:41.852,OnTrack,5234,5768,2057,pos,0 days 00:14:29.311000,0 days 01:12:44.823000
2024-07-07 14:17:42.232,OnTrack,5297,5686,2059,pos,0 days 00:14:29.691000,0 days 01:12:45.203000
2024-07-07 14:17:42.392,OnTrack,5317,5647,2059,pos,0 days 00:14:29.851000,0 days 01:12:45.363000
2024-07-07 14:17:42.551,OnTrack,5334,5605,2059,pos,0 days 00:14:30.010000,0 days 01:12:45.522000
2024-07-07 14:17:42.772,OnTrack,5364,5503,2060,pos,0 days 00:14:30.231000,0 days 01:12:45.743000
2024-07-07 14:17:43.072,OnTrack,5373,5458,2060,pos,0 days 00:14:30.531000,0 days 01:12:46.043000
2024-07-07 14:17:43.471,OnTrack,5390,5301,2062,pos,0 days 00:14:30.930000,0 days 01:12:46.442000
2024-07-07 14:17:43.812,OnTrack,5398,5214,2064,pos,0 days 00:14:31.271000,0 days 01:12:46.783000
2024-07-07 14:17:43.991,OnTrack,5408,5147,2065,pos,0 days 00:14:31.450000,0 days 01:12:46.962000
2024-07-07 14:17:44.172,OnTrack,5423,5083,2065,pos,0 days 00:14:31.631000,0 days 01:12:47.143000
2024-07-07 14:17:44.352,OnTrack,5442,5026,2066,pos,0 days 00:14:31.811000,0 days 01:12:47.323000
2024-07-07 14:17:44.511,OnTrack,5462,4980,2066,pos,0 days 00:14:31.970000,0 days 01:12:47.482000
2024-07-07 14:17:44.772,OnTrack,5503,4913,2066,pos,0 days 00:14:32.231000,0 days 01:12:47.743000
2024-07-07 14:17:44.932,OnTrack,5531,4877,2066,pos,0 days 00:14:32.391000,0 days 01:12:47.903000
2024-07-07 14:17:45.271,OnTrack,5596,4813,2065,pos,0 days 00:14:32.730000,0 days 01:12:48.242000
2024-07-07 14:17:45.331,OnTrack,5607,4803,2065,pos,0 days 00:14:32.790000,0 days 01:12:48.302000
2024-07-07 14:17:45.591,OnTrack,5660,4766,2064,pos,0 days 00:14:33.050000,0 days 01:12:48.562000
2024-07-07 14:17:45.851,OnTrack,5714,4741,2065,pos,0 days 00:14:33.310000,0 days 01:12:48.822000
2024-07-07 14:17:46.071,OnTrack,5763,4730,2065,pos,0 days 00:14:33.530000,0 days 01:12:49.042000
2024-07-07 14:17:46.251,OnTrack,5834,4741,2064,pos,0 days 00:14:33.710000,0 days 01:12:49.222000
2024-07-07 14:17:46.591,OnTrack,5877,4762,2063,pos,0 days 00:14:34.050000,0 days 01:12:49.562000
2024-07-07 14:17:46.752,OnTrack,5910,4785,2063,pos,0 days 00:14:34.211000,0 days 01:12:49.723000
2024-07-07 14:17:47.052,OnTrack,5966,4836,2064,pos,0 days 00:14:34.511000,0 days 01:12:50.023000
2024-07-07 14:17:47.251,OnTrack,6001,4874,2064,pos,0 days 00:14:34.710000,0 days 01:12:50.222000
2024-07-07 14:17:47.431,OnTrack,6031,4911,2065,pos,0 days 00:14:34.890000,0 days 01:12:50.402000
2024-07-07 14:17:47.612,OnTrack,6060,4952,2065,pos,0 days 00:14:35.071000,0 days 01:12:50.583000
2024-07-07 14:17:47.771,OnTrack,6084,4989,2065,pos,0 days 00:14:35.230000,0 days 01:12:50.742000
2024-07-07 14:17:48.091,OnTrack,6130,5071,2065,pos,0 days 00:14:35.550000,0 days 01:12:51.062000
2024-07-07 14:17:48.351,OnTrack,6166,5148,2065,pos,0 days 00:14:35.810000,0 days 01:12:51.322000
2024-07-07 14:17:48.511,OnTrack,6186,5199,2065,pos,0 days 00:14:35.970000,0 days 01:12:51.482000
2024-07-07 14:17:48.752,OnTrack,6228,5319,2065,pos,0 days 00:14:36.211000,0 days 01:12:51.723000
2024-07-07 14:17:49.131,OnTrack,6274,5488,2065,pos,0 days 00:14:36.590000,0 days 01:12:52.102000
2024-07-07 14:17:49.592,OnTrack,6305,5632,2065,pos,0 days 00:14:37.051000,0 days 01:12:52.563000
2024-07-07 14:17:49.792,OnTrack,6330,5819,2064,pos,0 days 00:14:37.251000,0 days 01:12:52.763000
2024-07-07 14:17:50.052,OnTrack,6332,5916,2064,pos,0 days 00:14:37.511000,0 days 01:12:53.023000
2024-07-07 14:17:50.271,OnTrack,6328,6034,2064,pos,0 days 00:14:37.730000,0 days 01:12:53.242000
2024-07-07 14:17:50.511,OnTrack,6312,6168,2063,pos,0 days 00:14:37.970000,0 days 01:12:53.482000
2024-07-07 14:17:50.852,OnTrack,6270,6360,2062,pos,0 days 00:14:38.311000,0 days 01:12:53.823000
2024-07-07 14:17:51.012,OnTrack,6222,6496,2062,pos,0 days 00:14:38.471000,0 days 01:12:53.983000
2024-07-07 14:17:51.452,OnTrack,6076,6771,2063,pos,0 days 00:14:38.911000,0 days 01:12:54.423000
2024-07-07 14:17:51.871,OnTrack,5970,6916,2064,pos,0 days 00:14:39.330000,0 days 01:12:54.842000
2024-07-07 14:17:52.071,OnTrack,5883,7015,2064,pos,0 days 00:14:39.530000,0 days 01:12:55.042000
2024-07-07 14:17:52.151,OnTrack,5846,7053,2064,pos,0 days 00:14:39.610000,0 days 01:12:55.122000
2024-07-07 14:17:53.012,OnTrack,5393,7427,2064,pos,0 days 00:14:40.471000,0 days 01:12:55.983000
2024-07-07 14:17:53.271,OnTrack,5248,7540,2064,pos,0 days 00:14:40.730000,0 days 01:12:56.242000
2024-07-07 14:17:53.371,OnTrack,5192,7585,2064,pos,0 days 00:14:40.830000,0 days 01:12:56.342000
2024-07-07 14:17:53.552,OnTrack,5092,7666,2064,pos,0 days 00:14:41.011000,0 days 01:12:56.523000
2024-07-07 14:17:53.731,OnTrack,4992,7750,2064,pos,0 days 00:14:41.190000,0 days 01:12:56.702000
2024-07-07 14:17:53.931,OnTrack,4891,7835,2064,pos,0 days 00:14:41.390000,0 days 01:12:56.902000
2024-07-07 14:17:54.291,OnTrack,4689,8008,2065,pos,0 days 00:14:41.750000,0 days 01:12:57.262000
2024-07-07 14:17:54.412,OnTrack,4621,8067,2065,pos,0 days 00:14:41.871000,0 days 01:12:57.383000
2024-07-07 14:17:54.692,OnTrack,4467,8199,2064,pos,0 days 00:14:42.151000,0 days 01:12:57.663000
2024-07-07 14:17:54.912,OnTrack,4299,8342,2064,pos,0 days 00:14:42.371000,0 days 01:12:57.883000
2024-07-07 14:17:55.292,OnTrack,4112,8502,2064,pos,0 days 00:14:42.751000,0 days 01:12:58.263000
2024-07-07 14:17:55.532,OnTrack,3977,8618,2063,pos,0 days 00:14:42.991000,0 days 01:12:58.503000
2024-07-07 14:17:55.691,OnTrack,3877,8705,2063,pos,0 days 00:14:43.150000,0 days 01:12:58.662000
2024-07-07 14:17:55.871,OnTrack,3772,8797,2063,pos,0 days 00:14:43.330000,0 days 01:12:58.842000
2024-07-07 14:17:56.072,OnTrack,3654,8901,2063,pos,0 days 00:14:43.531000,0 days 01:12:59.043000
2024-07-07 14:17:56.292,OnTrack,3524,9015,2063,pos,0 days 00:14:43.751000,0 days 01:12:59.263000
2024-07-07 14:17:56.511,OnTrack,3395,9129,2063,pos,0 days 00:14:43.970000,0 days 01:12:59.482000
2024-07-07 14:17:56.712,OnTrack,3276,9233,2064,pos,0 days 00:14:44.171000,0 days 01:12:59.683000
2024-07-07 14:17:57.051,OnTrack,3050,9431,2063,pos,0 days 00:14:44.510000,0 days 01:13:00.022000
2024-07-07 14:17:57.432,OnTrack,2848,9608,2061,pos,0 days 00:14:44.891000,0 days 01:13:00.403000
2024-07-07 14:17:57.632,OnTrack,2679,9753,2060,pos,0 days 00:14:45.091000,0 days 01:13:00.603000
2024-07-07 14:17:58.052,OnTrack,2392,10005,2056,pos,0 days 00:14:45.511000,0 days 01:13:01.023000
2024-07-07 14:17:58.491,OnTrack,2207,10170,2053,pos,0 days 00:14:45.950000,0 days 01:13:01.462000
2024-07-07 14:17:58.691,OnTrack,2053,10308,2050,pos,0 days 00:14:46.150000,0 days 01:13:01.662000
2024-07-07 14:17:59.071,OnTrack,1864,10477,2047,pos,0 days 00:14:46.530000,0 days 01:13:02.042000
2024-07-07 14:17:59.131,OnTrack,1829,10507,2047,pos,0 days 00:14:46.590000,0 days 01:13:02.102000
2024-07-07 14:17:59.391,OnTrack,1674,10634,2045,pos,0 days 00:14:46.850000,0 days 01:13:02.362000
2024-07-07 14:17:59.711,OnTrack,1473,10777,2041,pos,0 days 00:14:47.170000,0 days 01:13:02.682000
2024-07-07 14:18:00.092,OnTrack,1293,10870,2039,pos,0 days 00:14:47.551000,0 days 01:13:03.063000
2024-07-07 14:18:00.331,OnTrack,1166,10915,2037,pos,0 days 00:14:47.790000,0 days 01:13:03.302000
2024-07-07 14:18:00.531,OnTrack,1037,10943,2035,pos,0 days 00:14:47.990000,0 days 01:13:03.502000
2024-07-07 14:18:00.851,OnTrack,905,10949,2035,pos,0 days 00:14:48.310000,0 days 01:13:03.822000
2024-07-07 14:18:01.071,OnTrack,803,10947,2034,pos,0 days 00:14:48.530000,0 days 01:13:04.042000
2024-07-07 14:18:01.311,OnTrack,692,10933,2033,pos,0 days 00:14:48.770000,0 days 01:13:04.282000
2024-07-07 14:18:01.492,OnTrack,616,10909,2032,pos,0 days 00:14:48.951000,0 days 01:13:04.463000
2024-07-07 14:18:01.671,OnTrack,542,10877,2032,pos,0 days 00:14:49.130000,0 days 01:13:04.642000
2024-07-07 14:18:01.891,OnTrack,462,10829,2032,pos,0 days 00:14:49.350000,0 days 01:13:04.862000
2024-07-07 14:18:02.052,OnTrack,412,10788,2032,pos,0 days 00:14:49.511000,0 days 01:13:05.023000
2024-07-07 14:18:02.211,OnTrack,368,10738,2032,pos,0 days 00:14:49.670000,0 days 01:13:05.182000
2024-07-07 14:18:02.491,OnTrack,304,10640,2032,pos,0 days 00:14:49.950000,0 days 01:13:05.462000
2024-07-07 14:18:02.731,OnTrack,259,10552,2033,pos,0 days 00:14:50.190000,0 days 01:13:05.702000
2024-07-07 14:18:02.952,OnTrack,227,10470,2033,pos,0 days 00:14:50.411000,0 days 01:13:05.923000
2024-07-07 14:18:03.192,OnTrack,205,10376,2033,pos,0 days 00:14:50.651000,0 days 01:13:06.163000
2024-07-07 14:18:03.352,OnTrack,197,10309,2033,pos,0 days 00:14:50.811000,0 days 01:13:06.323000
2024-07-07 14:18:03.551,OnTrack,191,10223,2034,pos,0 days 00:14:51.010000,0 days 01:13:06.522000
2024-07-07 14:18:03.772,OnTrack,187,10127,2034,pos,0 days 00:14:51.231000,0 days 01:13:06.743000
2024-07-07 14:18:03.972,OnTrack,182,10037,2035,pos,0 days 00:14:51.431000,0 days 01:13:06.943000
2024-07-07 14:18:04.131,OnTrack,176,9965,2035,pos,0 days 00:14:51.590000,0 days 01:13:07.102000
2024-07-07 14:18:04.312,OnTrack,165,9885,2036,pos,0 days 00:14:51.771000,0 days 01:13:07.283000
2024-07-07 14:18:04.532,OnTrack,140,9795,2037,pos,0 days 00:14:51.991000,0 days 01:13:07.503000
2024-07-07 14:18:04.691,OnTrack,115,9738,2037,pos,0 days 00:14:52.150000,0 days 01:13:07.662000
2024-07-07 14:18:04.971,OnTrack,59,9650,2039,pos,0 days 00:14:52.430000,0 days 01:13:07.942000
2024-07-07 14:18:05.131,OnTrack,23,9607,2039,pos,0 days 00:14:52.590000,0 days 01:13:08.102000
2024-07-07 14:18:05.391,OnTrack,-41,9549,2040,pos,0 days 00:14:52.850000,0 days 01:13:08.362000
2024-07-07 14:18:05.631,OnTrack,-105,9506,2040,pos,0 days 00:14:53.090000,0 days 01:13:08.602000
2024-07-07 14:18:05.911,OnTrack,-208,9459,2041,pos,0 days 00:14:53.370000,0 days 01:13:08.882000
2024-07-07 14:18:06.231,OnTrack,-269,9446,2041,pos,0 days 00:14:53.690000,0 days 01:13:09.202000
2024-07-07 14:18:06.471,OnTrack,-336,9442,2040,pos,0 days 00:14:53.930000,0 days 01:13:09.442000
2024-07-07 14:18:06.691,OnTrack,-395,9448,2040,pos,0 days 00:14:54.150000,0 days 01:13:09.662000
2024-07-07 14:18:06.912,OnTrack,-451,9466,2040,pos,0 days 00:14:54.371000,0 days 01:13:09.883000
2024-07-07 14:18:07.131,OnTrack,-505,9494,2039,pos,0 days 00:14:54.590000,0 days 01:13:10.102000
2024-07-07 14:18:07.291,OnTrack,-542,9519,2038,pos,0 days 00:14:54.750000,0 days 01:13:10.262000
2024-07-07 14:18:07.472,OnTrack,-582,9553,2038,pos,0 days 00:14:54.931000,0 days 01:13:10.443000
2024-07-07 14:18:07.712,OnTrack,-649,9629,2036,pos,0 days 00:14:55.171000,0 days 01:13:10.683000
2024-07-07 14:18:08.111,OnTrack,-697,9710,2035,pos,0 days 00:14:55.570000,0 days 01:13:11.082000
2024-07-07 14:18:08.371,OnTrack,-740,9813,2033,pos,0 days 00:14:55.830000,0 days 01:13:11.342000
2024-07-07 14:18:09.531,OnTrack,-764,10225,2031,pos,0 days 00:14:56.990000,0 days 01:13:12.502000
2024-07-07 14:18:09.732,OnTrack,-749,10313,2030,pos,0 days 00:14:57.191000,0 days 01:13:12.703000
2024-07-07 14:18:09.952,OnTrack,-706,10479,2028,pos,0 days 00:14:57.411000,0 days 01:13:12.923000
2024-07-07 14:18:10.212,OnTrack,-688,10536,2028,pos,0 days 00:14:57.671000,0 days 01:13:13.183000
2024-07-07 14:18:10.452,OnTrack,-643,10652,2026,pos,0 days 00:14:57.911000,0 days 01:13:13.423000
2024-07-07 14:18:10.752,OnTrack,-577,10801,2024,pos,0 days 00:14:58.211000,0 days 01:13:13.723000
2024-07-07 14:18:10.972,OnTrack,-484,10984,2022,pos,0 days 00:14:58.431000,0 days 01:13:13.943000
2024-07-07 14:18:11.292,OnTrack,-393,11153,2021,pos,0 days 00:14:58.751000,0 days 01:13:14.263000
2024-07-07 14:18:11.651,OnTrack,-325,11270,2021,pos,0 days 00:14:59.110000,0 days 01:13:14.622000
2024-07-07 14:18:11.831,OnTrack,-264,11364,2021,pos,0 days 00:14:59.290000,0 days 01:13:14.802000
2024-07-07 14:18:12.071,OnTrack,-175,11491,2021,pos,0 days 00:14:59.530000,0 days 01:13:15.042000
2024-07-07 14:18:12.391,OnTrack,-45,11657,2021,pos,0 days 00:14:59.850000,0 days 01:13:15.362000
2024-07-07 14:18:12.511,OnTrack,7,11718,2021,pos,0 days 00:14:59.970000,0 days 01:13:15.482000
2024-07-07 14:18:12.791,OnTrack,137,11856,2022,pos,0 days 00:15:00.250000,0 days 01:13:15.762000
2024-07-07 14:18:13.051,OnTrack,297,12010,2024,pos,0 days 00:15:00.510000,0 days 01:13:16.022000
2024-07-07 14:18:13.432,OnTrack,470,12157,2024,pos,0 days 00:15:00.891000,0 days 01:13:16.403000
2024-07-07 14:18:13.591,OnTrack,644,12284,2024,pos,0 days 00:15:01.050000,0 days 01:13:16.562000
2024-07-07 14:18:14.032,OnTrack,923,12443,2025,pos,0 days 00:15:01.491000,0 days 01:13:17.003000
2024-07-07 14:18:14.411,OnTrack,1086,12516,2025,pos,0 days 00:15:01.870000,0 days 01:13:17.382000
2024-07-07 14:18:14.671,OnTrack,1268,12585,2025,pos,0 days 00:15:02.130000,0 days 01:13:17.642000
2024-07-07 14:18:14.792,OnTrack,1354,12613,2025,pos,0 days 00:15:02.251000,0 days 01:13:17.763000
2024-07-07 14:18:15.092,OnTrack,1634,12690,2025,pos,0 days 00:15:02.551000,0 days 01:13:18.063000
2024-07-07 14:18:15.432,OnTrack,1829,12732,2027,pos,0 days 00:15:02.891000,0 days 01:13:18.403000
2024-07-07 14:18:15.571,OnTrack,1935,12751,2027,pos,0 days 00:15:03.030000,0 days 01:13:18.542000
2024-07-07 14:18:15.892,OnTrack,2328,12803,2030,pos,0 days 00:15:03.351000,0 days 01:13:18.863000
2024-07-07 14:18:16.311,OnTrack,2592,12831,2032,pos,0 days 00:15:03.770000,0 days 01:13:19.282000
2024-07-07 14:18:16.732,OnTrack,2873,12860,2035,pos,0 days 00:15:04.191000,0 days 01:13:19.703000
2024-07-07 14:18:16.752,OnTrack,2889,12862,2035,pos,0 days 00:15:04.211000,0 days 01:13:19.723000
2024-07-07 14:18:17.112,OnTrack,3258,12900,2038,pos,0 days 00:15:04.571000,0 days 01:13:20.083000
2024-07-07 14:18:17.392,OnTrack,3392,12914,2039,pos,0 days 00:15:04.851000,0 days 01:13:20.363000
2024-07-07 14:18:17.692,OnTrack,3628,12941,2040,pos,0 days 00:15:05.151000,0 days 01:13:20.663000
2024-07-07 14:18:17.912,OnTrack,3896,12971,2042,pos,0 days 00:15:05.371000,0 days 01:13:20.883000
2024-07-07 14:18:18.211,OnTrack,4039,12987,2043,pos,0 days 00:15:05.670000,0 days 01:13:21.182000
2024-07-07 14:18:18.511,OnTrack,4275,13017,2044,pos,0 days 00:15:05.970000,0 days 01:13:21.482000
2024-07-07 14:18:18.751,OnTrack,4465,13043,2046,pos,0 days 00:15:06.210000,0 days 01:13:21.722000
2024-07-07 14:18:18.951,OnTrack,4624,13064,2047,pos,0 days 00:15:06.410000,0 days 01:13:21.922000
2024-07-07 14:18:19.191,OnTrack,4812,13087,2048,pos,0 days 00:15:06.650000,0 days 01:13:22.162000
2024-07-07 14:18:19.351,OnTrack,5002,13105,2048,pos,0 days 00:15:06.810000,0 days 01:13:22.322000
2024-07-07 14:18:19.791,OnTrack,5372,13106,2050,pos,0 days 00:15:07.250000,0 days 01:13:22.762000
2024-07-07 14:18:20.111,OnTrack,5506,13083,2051,pos,0 days 00:15:07.570000,0 days 01:13:23.082000
2024-07-07 14:18:20.411,OnTrack,5722,13021,2052,pos,0 days 00:15:07.870000,0 days 01:13:23.382000
2024-07-07 14:18:20.572,OnTrack,5830,12974,2052,pos,0 days 00:15:08.031000,0 days 01:13:23.543000
2024-07-07 14:18:20.711,OnTrack,5921,12925,2053,pos,0 days 00:15:08.170000,0 days 01:13:23.682000
2024-07-07 14:18:20.951,OnTrack,6061,12832,2054,pos,0 days 00:15:08.410000,0 days 01:13:23.922000
2024-07-07 14:18:21.231,OnTrack,6220,12697,2055,pos,0 days 00:15:08.690000,0 days 01:13:24.202000
2024-07-07 14:18:21.392,OnTrack,6297,12614,2056,pos,0 days 00:15:08.851000,0 days 01:13:24.363000
2024-07-07 14:18:21.672,OnTrack,6413,12448,2056,pos,0 days 00:15:09.131000,0 days 01:13:24.643000
2024-07-07 14:18:21.771,OnTrack,6448,12383,2057,pos,0 days 00:15:09.230000,0 days 01:13:24.742000
2024-07-07 14:18:21.972,OnTrack,6513,12250,2058,pos,0 days 00:15:09.431000,0 days 01:13:24.943000
2024-07-07 14:18:22.152,OnTrack,6564,12128,2058,pos,0 days 00:15:09.611000,0 days 01:13:25.123000
2024-07-07 14:18:22.492,OnTrack,6657,11847,2061,pos,0 days 00:15:09.951000,0 days 01:13:25.463000
2024-07-07 14:18:22.812,OnTrack,6709,11659,2062,pos,0 days 00:15:10.271000,0 days 01:13:25.783000
2024-07-07 14:18:22.992,OnTrack,6742,11527,2063,pos,0 days 00:15:10.451000,0 days 01:13:25.963000
2024-07-07 14:18:23.312,OnTrack,6808,11231,2065,pos,0 days 00:15:10.771000,0 days 01:13:26.283000
2024-07-07 14:18:23.672,OnTrack,6848,11020,2067,pos,0 days 00:15:11.131000,0 days 01:13:26.643000
2024-07-07 14:18:23.852,OnTrack,6870,10883,2068,pos,0 days 00:15:11.311000,0 days 01:13:26.823000
2024-07-07 14:18:24.152,OnTrack,6913,10576,2070,pos,0 days 00:15:11.611000,0 days 01:13:27.123000
2024-07-07 14:18:24.551,OnTrack,6937,10350,2072,pos,0 days 00:15:12.010000,0 days 01:13:27.522000
2024-07-07 14:18:24.771,OnTrack,6954,10170,2073,pos,0 days 00:15:12.230000,0 days 01:13:27.742000
2024-07-07 14:18:24.931,OnTrack,6967,9980,2074,pos,0 days 00:15:12.390000,0 days 01:13:27.902000
2024-07-07 14:18:25.351,OnTrack,6978,9709,2075,pos,0 days 00:15:12.810000,0 days 01:13:28.322000
2024-07-07 14:18:25.551,OnTrack,6984,9436,2075,pos,0 days 00:15:13.010000,0 days 01:13:28.522000
2024-07-07 14:18:25.891,OnTrack,6993,9163,2074,pos,0 days 00:15:13.350000,0 days 01:13:28.862000
2024-07-07 14:18:26.252,OnTrack,7003,8988,2073,pos,0 days 00:15:13.711000,0 days 01:13:29.223000
2024-07-07 14:18:26.512,OnTrack,7025,8780,2071,pos,0 days 00:15:13.971000,0 days 01:13:29.483000
2024-07-07 14:18:26.752,OnTrack,7077,8477,2070,pos,0 days 00:15:14.211000,0 days 01:13:29.723000
2024-07-07 14:18:27.171,OnTrack,7147,8194,2068,pos,0 days 00:15:14.630000,0 days 01:13:30.142000
2024-07-07 14:18:27.592,OnTrack,7228,7933,2065,pos,0 days 00:15:15.051000,0 days 01:13:30.563000
2024-07-07 14:18:27.791,OnTrack,7282,7782,2063,pos,0 days 00:15:15.250000,0 days 01:13:30.762000
2024-07-07 14:18:27.952,OnTrack,7330,7662,2061,pos,0 days 00:15:15.411000,0 days 01:13:30.923000
2024-07-07 14:18:28.172,OnTrack,7397,7497,2060,pos,0 days 00:15:15.631000,0 days 01:13:31.143000
2024-07-07 14:18:28.331,OnTrack,7442,7377,2059,pos,0 days 00:15:15.790000,0 days 01:13:31.302000
2024-07-07 14:18:28.551,OnTrack,7520,7107,2058,pos,0 days 00:15:16.010000,0 days 01:13:31.522000
2024-07-07 14:18:29.012,OnTrack,7539,6869,2058,pos,0 days 00:15:16.471000,0 days 01:13:31.983000
2024-07-07 14:18:29.272,OnTrack,7510,6626,2058,pos,0 days 00:15:16.731000,0 days 01:13:32.243000
2024-07-07 14:18:29.532,OnTrack,7477,6466,2060,pos,0 days 00:15:16.991000,0 days 01:13:32.503000
2024-07-07 14:18:29.852,OnTrack,7418,6229,2061,pos,0 days 00:15:17.311000,0 days 01:13:32.823000
2024-07-07 14:18:30.032,OnTrack,7386,6103,2062,pos,0 days 00:15:17.491000,0 days 01:13:33.003000
2024-07-07 14:18:30.292,OnTrack,7337,5851,2063,pos,0 days 00:15:17.751000,0 days 01:13:33.263000
2024-07-07 14:18:30.511,OnTrack,7323,5742,2063,pos,0 days 00:15:17.970000,0 days 01:13:33.482000
2024-07-07 14:18:30.852,OnTrack,7335,5412,2062,pos,0 days 00:15:18.311000,0 days 01:13:33.823000
2024-07-07 14:18:31.292,OnTrack,7433,5133,2059,pos,0 days 00:15:18.751000,0 days 01:13:34.263000
2024-07-07 14:18:31.551,OnTrack,7468,5067,2058,pos,0 days 00:15:19.010000,0 days 01:13:34.522000
2024-07-07 14:18:31.891,OnTrack,7588,4865,2055,pos,0 days 00:15:19.350000,0 days 01:13:34.862000
2024-07-07 14:18:31.971,OnTrack,7615,4821,2055,pos,0 days 00:15:19.430000,0 days 01:13:34.942000
2024-07-07 14:18:32.291,OnTrack,7709,4644,2052,pos,0 days 00:15:19.750000,0 days 01:13:35.262000
2024-07-07 14:18:32.451,OnTrack,7743,4558,2051,pos,0 days 00:15:19.910000,0 days 01:13:35.422000
2024-07-07 14:18:32.711,OnTrack,7779,4418,2049,pos,0 days 00:15:20.170000,0 days 01:13:35.682000
2024-07-07 14:18:32.811,OnTrack,7786,4364,2048,pos,0 days 00:15:20.270000,0 days 01:13:35.782000
2024-07-07 14:18:33.012,OnTrack,7789,4258,2046,pos,0 days 00:15:20.471000,0 days 01:13:35.983000
2024-07-07 14:18:33.251,OnTrack,7772,4132,2044,pos,0 days 00:15:20.710000,0 days 01:13:36.222000
2024-07-07 14:18:33.511,OnTrack,7735,3999,2042,pos,0 days 00:15:20.970000,0 days 01:13:36.482000
2024-07-07 14:18:33.751,OnTrack,7667,3844,2040,pos,0 days 00:15:21.210000,0 days 01:13:36.722000
2024-07-07 14:18:34.011,OnTrack,7619,3760,2039,pos,0 days 00:15:21.470000,0 days 01:13:36.982000
2024-07-07 14:18:34.331,OnTrack,7514,3621,2037,pos,0 days 00:15:21.790000,0 days 01:13:37.302000
2024-07-07 14:18:34.571,OnTrack,7359,3485,2035,pos,0 days 00:15:22.030000,0 days 01:13:37.542000
2024-07-07 14:18:34.932,OnTrack,7235,3410,2033,pos,0 days 00:15:22.391000,0 days 01:13:37.903000
2024-07-07 14:18:35.151,OnTrack,7114,3346,2032,pos,0 days 00:15:22.610000,0 days 01:13:38.122000
2024-07-07 14:18:35.431,OnTrack,6887,3214,2029,pos,0 days 00:15:22.890000,0 days 01:13:38.402000
2024-07-07 14:18:35.691,OnTrack,6827,3167,2029,pos,0 days 00:15:23.150000,0 days 01:13:38.662000
2024-07-07 14:18:36.052,OnTrack,6636,2983,2028,pos,0 days 00:15:23.511000,0 days 01:13:39.023000
2024-07-07 14:18:36.312,OnTrack,6536,2873,2028,pos,0 days 00:15:23.771000,0 days 01:13:39.283000
2024-07-07 14:18:36.652,OnTrack,6337,2614,2027,pos,0 days 00:15:24.111000,0 days 01:13:39.623000
2024-07-07 14:18:36.992,OnTrack,6261,2494,2026,pos,0 days 00:15:24.451000,0 days 01:13:39.963000
2024-07-07 14:18:37.152,OnTrack,6206,2400,2026,pos,0 days 00:15:24.611000,0 days 01:13:40.123000
2024-07-07 14:18:37.412,OnTrack,6114,2229,2025,pos,0 days 00:15:24.871000,0 days 01:13:40.383000
2024-07-07 14:18:37.611,OnTrack,6048,2100,2025,pos,0 days 00:15:25.070000,0 days 01:13:40.582000
2024-07-07 14:18:37.912,OnTrack,5951,1903,2024,pos,0 days 00:15:25.371000,0 days 01:13:40.883000
2024-07-07 14:18:38.111,OnTrack,5886,1770,2024,pos,0 days 00:15:25.570000,0 days 01:13:41.082000
2024-07-07 14:18:38.291,OnTrack,5781,1554,2023,pos,0 days 00:15:25.750000,0 days 01:13:41.262000
2024-07-07 14:18:38.631,OnTrack,5716,1418,2022,pos,0 days 00:15:26.090000,0 days 01:13:41.602000
2024-07-07 14:18:38.871,OnTrack,5637,1253,2021,pos,0 days 00:15:26.330000,0 days 01:13:41.842000
2024-07-07 14:18:39.111,OnTrack,5510,986,2020,pos,0 days 00:15:26.570000,0 days 01:13:42.082000
2024-07-07 14:18:39.511,OnTrack,5423,804,2018,pos,0 days 00:15:26.970000,0 days 01:13:42.482000
2024-07-07 14:18:39.811,OnTrack,5321,592,2016,pos,0 days 00:15:27.270000,0 days 01:13:42.782000
2024-07-07 14:18:40.011,OnTrack,5256,458,2016,pos,0 days 00:15:27.470000,0 days 01:13:42.982000
2024-07-07 14:18:40.092,OnTrack,5225,394,2015,pos,0 days 00:15:27.551000,0 days 01:13:43.063000
2024-07-07 14:18:40.251,OnTrack,5170,280,2014,pos,0 days 00:15:27.710000,0 days 01:13:43.222000
2024-07-07 14:18:40.571,OnTrack,5059,51,2012,pos,0 days 00:15:28.030000,0 days 01:13:43.542000
2024-07-07 14:18:40.851,OnTrack,4949,-178,2011,pos,0 days 00:15:28.310000,0 days 01:13:43.822000
2024-07-07 14:18:41.252,OnTrack,4782,-524,2009,pos,0 days 00:15:28.711000,0 days 01:13:44.223000
2024-07-07 14:18:41.492,OnTrack,4740,-611,2008,pos,0 days 00:15:28.951000,0 days 01:13:44.463000
2024-07-07 14:18:41.772,OnTrack,4643,-811,2007,pos,0 days 00:15:29.231000,0 days 01:13:44.743000
2024-07-07 14:18:41.931,OnTrack,4588,-926,2006,pos,0 days 00:15:29.390000,0 days 01:13:44.902000
2024-07-07 14:18:42.191,OnTrack,4501,-1105,2005,pos,0 days 00:15:29.650000,0 days 01:13:45.162000
2024-07-07 14:18:42.451,OnTrack,4411,-1290,2003,pos,0 days 00:15:29.910000,0 days 01:13:45.422000
2024-07-07 14:18:42.612,OnTrack,4352,-1410,2001,pos,0 days 00:15:30.071000,0 days 01:13:45.583000
2024-07-07 14:18:42.852,OnTrack,4268,-1579,1999,pos,0 days 00:15:30.311000,0 days 01:13:45.823000
2024-07-07 14:18:43.031,OnTrack,4206,-1704,1998,pos,0 days 00:15:30.490000,0 days 01:13:46.002000
2024-07-07 14:18:43.272,OnTrack,4122,-1871,1996,pos,0 days 00:15:30.731000,0 days 01:13:46.243000
2024-07-07 14:18:43.432,OnTrack,4070,-1975,1995,pos,0 days 00:15:30.891000,0 days 01:13:46.403000
2024-07-07 14:18:43.752,OnTrack,3953,-2204,1994,pos,0 days 00:15:31.211000,0 days 01:13:46.723000
2024-07-07 14:18:43.932,OnTrack,3893,-2321,1994,pos,0 days 00:15:31.391000,0 days 01:13:46.903000
2024-07-07 14:18:44.052,OnTrack,3850,-2404,1994,pos,0 days 00:15:31.511000,0 days 01:13:47.023000
2024-07-07 14:18:44.252,OnTrack,3775,-2548,1995,pos,0 days 00:15:31.711000,0 days 01:13:47.223000
2024-07-07 14:18:44.531,OnTrack,3618,-2840,1998,pos,0 days 00:15:31.990000,0 days 01:13:47.502000
2024-07-07 14:18:44.931,OnTrack,3473,-3099,2003,pos,0 days 00:15:32.390000,0 days 01:13:47.902000
2024-07-07 14:18:45.451,OnTrack,3264,-3440,2010,pos,0 days 00:15:32.910000,0 days 01:13:48.422000
2024-07-07 14:18:45.791,OnTrack,3171,-3567,2013,pos,0 days 00:15:33.250000,0 days 01:13:48.762000
2024-07-07 14:18:46.031,OnTrack,3068,-3693,2016,pos,0 days 00:15:33.490000,0 days 01:13:49.002000
2024-07-07 14:18:46.191,OnTrack,2999,-3768,2018,pos,0 days 00:15:33.650000,0 days 01:13:49.162000
2024-07-07 14:18:46.352,OnTrack,2929,-3835,2020,pos,0 days 00:15:33.811000,0 days 01:13:49.323000
2024-07-07 14:18:46.692,OnTrack,2769,-3954,2023,pos,0 days 00:15:34.151000,0 days 01:13:49.663000
2024-07-07 14:18:46.892,OnTrack,2670,-4009,2025,pos,0 days 00:15:34.351000,0 days 01:13:49.863000
2024-07-07 14:18:47.071,OnTrack,2578,-4050,2026,pos,0 days 00:15:34.530000,0 days 01:13:50.042000
2024-07-07 14:18:47.212,OnTrack,2524,-4069,2027,pos,0 days 00:15:34.671000,0 days 01:13:50.183000
2024-07-07 14:18:47.512,OnTrack,2299,-4114,2030,pos,0 days 00:15:34.971000,0 days 01:13:50.483000
2024-07-07 14:18:47.851,OnTrack,2195,-4115,2031,pos,0 days 00:15:35.310000,0 days 01:13:50.822000
2024-07-07 14:18:48.092,OnTrack,2073,-4099,2032,pos,0 days 00:15:35.551000,0 days 01:13:51.063000
2024-07-07 14:18:48.272,OnTrack,1986,-4079,2033,pos,0 days 00:15:35.731000,0 days 01:13:51.243000
2024-07-07 14:18:48.532,OnTrack,1868,-4036,2033,pos,0 days 00:15:35.991000,0 days 01:13:51.503000
2024-07-07 14:18:48.711,OnTrack,1738,-3969,2033,pos,0 days 00:15:36.170000,0 days 01:13:51.682000
2024-07-07 14:18:49.112,OnTrack,1623,-3887,2032,pos,0 days 00:15:36.571000,0 days 01:13:52.083000
2024-07-07 14:18:49.372,OnTrack,1500,-3773,2031,pos,0 days 00:15:36.831000,0 days 01:13:52.343000
2024-07-07 14:18:49.732,OnTrack,1393,-3648,2029,pos,0 days 00:15:37.191000,0 days 01:13:52.703000
2024-07-07 14:18:49.932,OnTrack,1327,-3555,2028,pos,0 days 00:15:37.391000,0 days 01:13:52.903000
2024-07-07 14:18:50.052,OnTrack,1290,-3497,2027,pos,0 days 00:15:37.511000,0 days 01:13:53.023000
2024-07-07 14:18:50.332,OnTrack,1170,-3281,2021,pos,0 days 00:15:37.791000,0 days 01:13:53.303000
2024-07-07 14:18:50.752,OnTrack,1058,-3072,2013,pos,0 days 00:15:38.211000,0 days 01:13:53.723000
2024-07-07 14:18:51.230,OnTrack,929,-2859,2004,pos,0 days 00:15:38.689000,0 days 01:13:54.201000
2024-07-07 14:18:51.391,OnTrack,870,-2772,1999,pos,0 days 00:15:38.850000,0 days 01:13:54.362000
2024-07-07 14:18:51.591,OnTrack,793,-2664,1994,pos,0 days 00:15:39.050000,0 days 01:13:54.562000
2024-07-07 14:18:51.811,OnTrack,660,-2484,1988,pos,0 days 00:15:39.270000,0 days 01:13:54.782000
2024-07-07 14:18:52.131,OnTrack,575,-2369,1985,pos,0 days 00:15:39.590000,0 days 01:13:55.102000
2024-07-07 14:18:52.451,OnTrack,381,-2109,1985,pos,0 days 00:15:39.910000,0 days 01:13:55.422000
2024-07-07 14:18:52.731,OnTrack,305,-2009,1985,pos,0 days 00:15:40.190000,0 days 01:13:55.702000
2024-07-07 14:18:53.011,OnTrack,183,-1856,1986,pos,0 days 00:15:40.470000,0 days 01:13:55.982000
2024-07-07 14:18:53.231,OnTrack,37,-1683,1986,pos,0 days 00:15:40.690000,0 days 01:13:56.202000
2024-07-07 14:18:53.671,OnTrack,-118,-1506,1985,pos,0 days 00:15:41.130000,0 days 01:13:56.642000
2024-07-07 14:18:53.831,OnTrack,-188,-1428,1984,pos,0 days 00:15:41.290000,0 days 01:13:56.802000
2024-07-07 14:18:54.931,OnTrack,-537,-1054,1977,pos,0 days 00:15:42.390000,0 days 01:13:57.902000
2024-07-07 14:18:55.251,OnTrack,-621,-993,1976,pos,0 days 00:15:42.710000,0 days 01:13:58.222000
2024-07-07 14:18:55.392,OnTrack,-659,-972,1975,pos,0 days 00:15:42.851000,0 days 01:13:58.363000
2024-07-07 14:18:55.591,OnTrack,-712,-946,1975,pos,0 days 00:15:43.050000,0 days 01:13:58.562000
2024-07-07 14:18:55.811,OnTrack,-771,-926,1976,pos,0 days 00:15:43.270000,0 days 01:13:58.782000
2024-07-07 14:18:55.972,OnTrack,-813,-918,1976,pos,0 days 00:15:43.431000,0 days 01:13:58.943000
2024-07-07 14:18:56.152,OnTrack,-862,-914,1976,pos,0 days 00:15:43.611000,0 days 01:13:59.123000
2024-07-07 14:18:56.351,OnTrack,-917,-913,1976,pos,0 days 00:15:43.810000,0 days 01:13:59.322000
2024-07-07 14:18:56.612,OnTrack,-983,-921,1977,pos,0 days 00:15:44.071000,0 days 01:13:59.583000
2024-07-07 14:18:56.852,OnTrack,-1075,-954,1978,pos,0 days 00:15:44.311000,0 days 01:13:59.823000
2024-07-07 14:18:57.252,OnTrack,-1135,-992,1979,pos,0 days 00:15:44.711000,0 days 01:14:00.223000
2024-07-07 14:18:57.452,OnTrack,-1182,-1026,1980,pos,0 days 00:15:44.911000,0 days 01:14:00.423000
2024-07-07 14:18:57.770,OnTrack,-1291,-1109,1981,pos,0 days 00:15:45.229000,0 days 01:14:00.741000
2024-07-07 14:18:58.071,OnTrack,-1340,-1137,1981,pos,0 days 00:15:45.530000,0 days 01:14:01.042000
2024-07-07 14:18:58.231,OnTrack,-1385,-1156,1981,pos,0 days 00:15:45.690000,0 days 01:14:01.202000
2024-07-07 14:18:58.491,OnTrack,-1461,-1172,1981,pos,0 days 00:15:45.950000,0 days 01:14:01.462000
2024-07-07 14:18:58.711,OnTrack,-1527,-1170,1981,pos,0 days 00:15:46.170000,0 days 01:14:01.682000
2024-07-07 14:18:58.892,OnTrack,-1578,-1161,1980,pos,0 days 00:15:46.351000,0 days 01:14:01.863000
2024-07-07 14:18:59.051,OnTrack,-1629,-1147,1979,pos,0 days 00:15:46.510000,0 days 01:14:02.022000
2024-07-07 14:18:59.271,OnTrack,-1691,-1125,1979,pos,0 days 00:15:46.730000,0 days 01:14:02.242000
2024-07-07 14:18:59.651,OnTrack,-1805,-1067,1978,pos,0 days 00:15:47.110000,0 days 01:14:02.622000
2024-07-07 14:18:59.871,OnTrack,-1905,-990,1977,pos,0 days 00:15:47.330000,0 days 01:14:02.842000
2024-07-07 14:19:00.252,OnTrack,-1966,-923,1976,pos,0 days 00:15:47.711000,0 days 01:14:03.223000
2024-07-07 14:19:00.312,OnTrack,-1982,-905,1976,pos,0 days 00:15:47.771000,0 days 01:14:03.283000
2024-07-07 14:19:00.532,OnTrack,-2038,-834,1975,pos,0 days 00:15:47.991000,0 days 01:14:03.503000
2024-07-07 14:19:00.891,OnTrack,-2130,-711,1974,pos,0 days 00:15:48.350000,0 days 01:14:03.862000
2024-07-07 14:19:01.052,OnTrack,-2193,-598,1974,pos,0 days 00:15:48.511000,0 days 01:14:04.023000
2024-07-07 14:19:01.251,OnTrack,-2229,-507,1973,pos,0 days 00:15:48.710000,0 days 01:14:04.222000
2024-07-07 14:19:01.511,OnTrack,-2278,-348,1971,pos,0 days 00:15:48.970000,0 days 01:14:04.482000
2024-07-07 14:19:01.791,OnTrack,-2299,-231,1970,pos,0 days 00:15:49.250000,0 days 01:14:04.762000
2024-07-07 14:19:02.091,OnTrack,-2314,-62,1968,pos,0 days 00:15:49.550000,0 days 01:14:05.062000
2024-07-07 14:19:02.292,OnTrack,-2313,53,1967,pos,0 days 00:15:49.751000,0 days 01:14:05.263000
2024-07-07 14:19:02.472,OnTrack,-2303,154,1966,pos,0 days 00:15:49.931000,0 days 01:14:05.443000
2024-07-07 14:19:02.631,OnTrack,-2287,256,1965,pos,0 days 00:15:50.090000,0 days 01:14:05.602000
2024-07-07 14:19:02.992,OnTrack,-2211,507,1963,pos,0 days 00:15:50.451000,0 days 01:14:05.963000
2024-07-07 14:19:03.352,OnTrack,-2126,676,1962,pos,0 days 00:15:50.811000,0 days 01:14:06.323000
2024-07-07 14:19:03.512,OnTrack,-2070,771,1962,pos,0 days 00:15:50.971000,0 days 01:14:06.483000
2024-07-07 14:19:03.812,OnTrack,-1931,970,1962,pos,0 days 00:15:51.271000,0 days 01:14:06.783000
2024-07-07 14:19:04.152,OnTrack,-1777,1182,1963,pos,0 days 00:15:51.611000,0 days 01:14:07.123000
2024-07-07 14:19:04.570,OnTrack,-1649,1350,1964,pos,0 days 00:15:52.029000,0 days 01:14:07.541000
2024-07-07 14:19:04.771,OnTrack,-1561,1462,1965,pos,0 days 00:15:52.230000,0 days 01:14:07.742000
2024-07-07 14:19:04.991,OnTrack,-1439,1614,1966,pos,0 days 00:15:52.450000,0 days 01:14:07.962000
2024-07-07 14:19:05.371,OnTrack,-1292,1808,1969,pos,0 days 00:15:52.830000,0 days 01:14:08.342000
2024-07-07 14:19:05.551,OnTrack,-1213,1917,1970,pos,0 days 00:15:53.010000,0 days 01:14:08.522000
2024-07-07 14:19:05.712,OnTrack,-1142,2015,1971,pos,0 days 00:15:53.171000,0 days 01:14:08.683000
2024-07-07 14:19:06.071,OnTrack,-981,2237,1974,pos,0 days 00:15:53.530000,0 days 01:14:09.042000
2024-07-07 14:19:06.252,OnTrack,-876,2380,1977,pos,0 days 00:15:53.711000,0 days 01:14:09.223000
2024-07-07 14:19:06.651,OnTrack,-652,2691,1981,pos,0 days 00:15:54.110000,0 days 01:14:09.622000
2024-07-07 14:19:06.991,OnTrack,-562,2820,1984,pos,0 days 00:15:54.450000,0 days 01:14:09.962000
2024-07-07 14:19:07.151,OnTrack,-491,2925,1986,pos,0 days 00:15:54.610000,0 days 01:14:10.122000
2024-07-07 14:19:07.451,OnTrack,-362,3117,1989,pos,0 days 00:15:54.910000,0 days 01:14:10.422000
2024-07-07 14:19:07.551,OnTrack,-313,3191,1990,pos,0 days 00:15:55.010000,0 days 01:14:10.522000
2024-07-07 14:19:07.892,OnTrack,-160,3419,1994,pos,0 days 00:15:55.351000,0 days 01:14:10.863000
2024-07-07 14:19:08.111,OnTrack,-56,3565,1996,pos,0 days 00:15:55.570000,0 days 01:14:11.082000
2024-07-07 14:19:08.252,OnTrack,5,3650,1998,pos,0 days 00:15:55.711000,0 days 01:14:11.223000
2024-07-07 14:19:08.512,OnTrack,193,3889,2004,pos,0 days 00:15:55.971000,0 days 01:14:11.483000
2024-07-07 14:19:08.792,OnTrack,284,3995,2006,pos,0 days 00:15:56.251000,0 days 01:14:11.763000
2024-07-07 14:19:09.092,OnTrack,458,4172,2011,pos,0 days 00:15:56.551000,0 days 01:14:12.063000
2024-07-07 14:19:09.332,OnTrack,608,4292,2011,pos,0 days 00:15:56.791000,0 days 01:14:12.303000
2024-07-07 14:19:09.532,OnTrack,743,4372,2013,pos,0 days 00:15:56.991000,0 days 01:14:12.503000
2024-07-07 14:19:09.691,OnTrack,857,4423,2014,pos,0 days 00:15:57.150000,0 days 01:14:12.662000
2024-07-07 14:19:09.932,OnTrack,1040,4479,2015,pos,0 days 00:15:57.391000,0 days 01:14:12.903000
2024-07-07 14:19:10.112,OnTrack,1181,4504,2016,pos,0 days 00:15:57.571000,0 days 01:14:13.083000
2024-07-07 14:19:10.312,OnTrack,1339,4518,2017,pos,0 days 00:15:57.771000,0 days 01:14:13.283000
2024-07-07 14:19:10.472,OnTrack,1467,4520,2019,pos,0 days 00:15:57.931000,0 days 01:14:13.443000
2024-07-07 14:19:10.672,OnTrack,1625,4516,2021,pos,0 days 00:15:58.131000,0 days 01:14:13.643000
2024-07-07 14:19:10.851,OnTrack,1759,4506,2023,pos,0 days 00:15:58.310000,0 days 01:14:13.822000
2024-07-07 14:19:11.211,OnTrack,2143,4456,2026,pos,0 days 00:15:58.670000,0 days 01:14:14.182000
2024-07-07 14:19:11.491,OnTrack,2268,4445,2028,pos,0 days 00:15:58.950000,0 days 01:14:14.462000
2024-07-07 14:19:11.771,OnTrack,2489,4439,2030,pos,0 days 00:15:59.230000,0 days 01:14:14.742000
2024-07-07 14:19:12.031,OnTrack,2692,4451,2033,pos,0 days 00:15:59.490000,0 days 01:14:15.002000
2024-07-07 14:19:12.232,OnTrack,2868,4481,2036,pos,0 days 00:15:59.691000,0 days 01:14:15.203000
2024-07-07 14:19:12.411,OnTrack,3109,4559,2040,pos,0 days 00:15:59.870000,0 days 01:14:15.382000
2024-07-07 14:19:12.812,OnTrack,3291,4647,2043,pos,0 days 00:16:00.271000,0 days 01:14:15.783000
2024-07-07 14:19:12.971,OnTrack,3398,4713,2045,pos,0 days 00:16:00.430000,0 days 01:14:15.942000
2024-07-07 14:19:13.151,OnTrack,3507,4791,2047,pos,0 days 00:16:00.610000,0 days 01:14:16.122000
2024-07-07 14:19:13.312,OnTrack,3610,4875,2048,pos,0 days 00:16:00.771000,0 days 01:14:16.283000
2024-07-07 14:19:13.652,OnTrack,3825,5079,2049,pos,0 days 00:16:01.111000,0 days 01:14:16.623000
2024-07-07 14:19:13.971,OnTrack,3977,5233,2050,pos,0 days 00:16:01.430000,0 days 01:14:16.942000
2024-07-07 14:19:14.212,OnTrack,4104,5356,2051,pos,0 days 00:16:01.671000,0 days 01:14:17.183000
2024-07-07 14:19:14.371,OnTrack,4183,5430,2052,pos,0 days 00:16:01.830000,0 days 01:14:17.342000
2024-07-07 14:19:14.591,OnTrack,4284,5521,2053,pos,0 days 00:16:02.050000,0 days 01:14:17.562000
2024-07-07 14:19:14.891,OnTrack,4441,5656,2054,pos,0 days 00:16:02.350000,0 days 01:14:17.862000
2024-07-07 14:19:15.232,OnTrack,4588,5776,2055,pos,0 days 00:16:02.691000,0 days 01:14:18.203000
2024-07-07 14:19:15.592,OnTrack,4669,5832,2055,pos,0 days 00:16:03.051000,0 days 01:14:18.563000
2024-07-07 14:19:15.792,OnTrack,4734,5866,2055,pos,0 days 00:16:03.251000,0 days 01:14:18.763000
2024-07-07 14:19:16.092,OnTrack,4835,5895,2054,pos,0 days 00:16:03.551000,0 days 01:14:19.063000
2024-07-07 14:19:16.271,OnTrack,4899,5901,2054,pos,0 days 00:16:03.730000,0 days 01:14:19.242000
2024-07-07 14:19:16.472,OnTrack,4965,5898,2053,pos,0 days 00:16:03.931000,0 days 01:14:19.443000
2024-07-07 14:19:16.692,OnTrack,5033,5886,2053,pos,0 days 00:16:04.151000,0 days 01:14:19.663000
2024-07-07 14:19:16.952,OnTrack,5105,5861,2054,pos,0 days 00:16:04.411000,0 days 01:14:19.923000
2024-07-07 14:19:17.152,OnTrack,5177,5817,2055,pos,0 days 00:16:04.611000,0 days 01:14:20.123000
2024-07-07 14:19:17.511,OnTrack,5230,5772,2057,pos,0 days 00:16:04.970000,0 days 01:14:20.482000
2024-07-07 14:19:17.691,OnTrack,5262,5737,2058,pos,0 days 00:16:05.150000,0 days 01:14:20.662000
2024-07-07 14:19:18.011,OnTrack,5324,5630,2059,pos,0 days 00:16:05.470000,0 days 01:14:20.982000
2024-07-07 14:19:18.271,OnTrack,5336,5599,2059,pos,0 days 00:16:05.730000,0 days 01:14:21.242000
2024-07-07 14:19:18.531,OnTrack,5358,5527,2059,pos,0 days 00:16:05.990000,0 days 01:14:21.502000
2024-07-07 14:19:18.651,OnTrack,5366,5493,2060,pos,0 days 00:16:06.110000,0 days 01:14:21.622000
2024-07-07 14:19:18.871,OnTrack,5378,5426,2060,pos,0 days 00:16:06.330000,0 days 01:14:21.842000
2024-07-07 14:19:19.251,OnTrack,5391,5293,2062,pos,0 days 00:16:06.710000,0 days 01:14:22.222000
2024-07-07 14:19:19.671,OnTrack,5410,5138,2065,pos,0 days 00:16:07.130000,0 days 01:14:22.642000
2024-07-07 14:19:19.911,OnTrack,5423,5082,2065,pos,0 days 00:16:07.370000,0 days 01:14:22.882000
2024-07-07 14:19:20.112,OnTrack,5445,5017,2066,pos,0 days 00:16:07.571000,0 days 01:14:23.083000
2024-07-07 14:19:20.452,OnTrack,5520,4890,2066,pos,0 days 00:16:07.911000,0 days 01:14:23.423000
2024-07-07 14:19:20.732,OnTrack,5547,4859,2066,pos,0 days 00:16:08.191000,0 days 01:14:23.703000
2024-07-07 14:19:21.111,OnTrack,5638,4781,2064,pos,0 days 00:16:08.570000,0 days 01:14:24.082000
2024-07-07 14:19:21.492,OnTrack,5700,4747,2064,pos,0 days 00:16:08.951000,0 days 01:14:24.463000
2024-07-07 14:19:21.631,OnTrack,5729,4736,2065,pos,0 days 00:16:09.090000,0 days 01:14:24.602000
2024-07-07 14:19:21.832,OnTrack,5771,4730,2065,pos,0 days 00:16:09.291000,0 days 01:14:24.803000
2024-07-07 14:19:22.132,OnTrack,5855,4750,2064,pos,0 days 00:16:09.591000,0 days 01:14:25.103000
2024-07-07 14:19:22.372,OnTrack,5882,4766,2064,pos,0 days 00:16:09.831000,0 days 01:14:25.343000
2024-07-07 14:19:22.652,OnTrack,5932,4804,2064,pos,0 days 00:16:10.111000,0 days 01:14:25.623000
2024-07-07 14:19:22.912,OnTrack,5997,4870,2064,pos,0 days 00:16:10.371000,0 days 01:14:25.883000
2024-07-07 14:19:23.272,OnTrack,6035,4918,2064,pos,0 days 00:16:10.731000,0 days 01:14:26.243000
2024-07-07 14:19:23.572,OnTrack,6082,4985,2065,pos,0 days 00:16:11.031000,0 days 01:14:26.543000
2024-07-07 14:19:23.772,OnTrack,6111,5035,2065,pos,0 days 00:16:11.231000,0 days 01:14:26.743000
2024-07-07 14:19:23.972,OnTrack,6140,5090,2065,pos,0 days 00:16:11.431000,0 days 01:14:26.943000
2024-07-07 14:19:24.151,OnTrack,6180,5183,2065,pos,0 days 00:16:11.610000,0 days 01:14:27.122000
2024-07-07 14:19:24.551,OnTrack,6215,5280,2065,pos,0 days 00:16:12.010000,0 days 01:14:27.522000
2024-07-07 14:19:24.791,OnTrack,6243,5372,2065,pos,0 days 00:16:12.250000,0 days 01:14:27.762000
2024-07-07 14:19:24.851,OnTrack,6250,5396,2064,pos,0 days 00:16:12.310000,0 days 01:14:27.822000
2024-07-07 14:19:25.031,OnTrack,6270,5471,2065,pos,0 days 00:16:12.490000,0 days 01:14:28.002000
2024-07-07 14:19:25.351,OnTrack,6301,5612,2064,pos,0 days 00:16:12.810000,0 days 01:14:28.322000
2024-07-07 14:19:25.611,OnTrack,6322,5743,2064,pos,0 days 00:16:13.070000,0 days 01:14:28.582000
2024-07-07 14:19:25.751,OnTrack,6328,5815,2064,pos,0 days 00:16:13.210000,0 days 01:14:28.722000
2024-07-07 14:19:25.951,OnTrack,6332,5922,2064,pos,0 days 00:16:13.410000,0 days 01:14:28.922000
2024-07-07 14:19:26.132,OnTrack,6329,6021,2064,pos,0 days 00:16:13.591000,0 days 01:14:29.103000
2024-07-07 14:19:26.351,OnTrack,6316,6145,2063,pos,0 days 00:16:13.810000,0 days 01:14:29.322000
2024-07-07 14:19:26.511,OnTrack,6300,6236,2063,pos,0 days 00:16:13.970000,0 days 01:14:29.482000
2024-07-07 14:19:26.712,OnTrack,6272,6352,2063,pos,0 days 00:16:14.171000,0 days 01:14:29.683000
2024-07-07 14:19:26.932,OnTrack,6229,6478,2062,pos,0 days 00:16:14.391000,0 days 01:14:29.903000
2024-07-07 14:19:27.172,OnTrack,6167,6614,2063,pos,0 days 00:16:14.631000,0 days 01:14:30.143000
2024-07-07 14:19:27.391,OnTrack,6098,6736,2063,pos,0 days 00:16:14.850000,0 days 01:14:30.362000
2024-07-07 14:19:27.691,OnTrack,5987,6894,2064,pos,0 days 00:16:15.150000,0 days 01:14:30.662000
2024-07-07 14:19:27.732,OnTrack,5971,6915,2064,pos,0 days 00:16:15.191000,0 days 01:14:30.703000
2024-07-07 14:19:28.032,OnTrack,5838,7061,2064,pos,0 days 00:16:15.491000,0 days 01:14:31.003000
2024-07-07 14:19:28.251,OnTrack,5727,7162,2064,pos,0 days 00:16:15.710000,0 days 01:14:31.222000
2024-07-07 14:19:28.532,OnTrack,5578,7285,2064,pos,0 days 00:16:15.991000,0 days 01:14:31.503000
2024-07-07 14:19:28.711,OnTrack,5479,7362,2064,pos,0 days 00:16:16.170000,0 days 01:14:31.682000
2024-07-07 14:19:28.751,OnTrack,5456,7379,2064,pos,0 days 00:16:16.210000,0 days 01:14:31.722000
2024-07-07 14:19:28.972,OnTrack,5332,7474,2064,pos,0 days 00:16:16.431000,0 days 01:14:31.943000
2024-07-07 14:19:29.352,OnTrack,5119,7644,2064,pos,0 days 00:16:16.811000,0 days 01:14:32.323000
2024-07-07 14:19:29.571,OnTrack,4986,7755,2064,pos,0 days 00:16:17.030000,0 days 01:14:32.542000
2024-07-07 14:19:29.752,OnTrack,4875,7848,2064,pos,0 days 00:16:17.211000,0 days 01:14:32.723000
2024-07-07 14:19:29.972,OnTrack,4751,7955,2064,pos,0 days 00:16:17.431000,0 days 01:14:32.943000
2024-07-07 14:19:30.172,OnTrack,4557,8121,2065,pos,0 days 00:16:17.631000,0 days 01:14:33.143000
2024-07-07 14:19:30.492,OnTrack,4453,8210,2064,pos,0 days 00:16:17.951000,0 days 01:14:33.463000
2024-07-07 14:19:30.690,OnTrack,4337,8310,2064,pos,0 days 00:16:18.149000,0 days 01:14:33.661000
2024-07-07 14:19:30.991,OnTrack,4138,8480,2064,pos,0 days 00:16:18.450000,0 days 01:14:33.962000
2024-07-07 14:19:31.411,OnTrack,3877,8705,2063,pos,0 days 00:16:18.870000,0 days 01:14:34.382000
2024-07-07 14:19:31.651,OnTrack,3771,8798,2063,pos,0 days 00:16:19.110000,0 days 01:14:34.622000
2024-07-07 14:19:31.991,OnTrack,3569,8976,2063,pos,0 days 00:16:19.450000,0 days 01:14:34.962000
2024-07-07 14:19:32.171,OnTrack,3461,9071,2063,pos,0 days 00:16:19.630000,0 days 01:14:35.142000
2024-07-07 14:19:32.411,OnTrack,3244,9260,2064,pos,0 days 00:16:19.870000,0 days 01:14:35.382000
2024-07-07 14:19:32.811,OnTrack,3076,9408,2063,pos,0 days 00:16:20.270000,0 days 01:14:35.782000
2024-07-07 14:19:33.051,OnTrack,2883,9577,2061,pos,0 days 00:16:20.510000,0 days 01:14:36.022000
2024-07-07 14:19:33.391,OnTrack,2724,9714,2060,pos,0 days 00:16:20.850000,0 days 01:14:36.362000
2024-07-07 14:19:33.651,OnTrack,2566,9851,2058,pos,0 days 00:16:21.110000,0 days 01:14:36.622000
2024-07-07 14:19:33.831,OnTrack,2372,10023,2056,pos,0 days 00:16:21.290000,0 days 01:14:36.802000
2024-07-07 14:19:34.151,OnTrack,2259,10123,2054,pos,0 days 00:16:21.610000,0 days 01:14:37.122000
2024-07-07 14:19:34.411,OnTrack,2103,10263,2051,pos,0 days 00:16:21.870000,0 days 01:14:37.382000
2024-07-07 14:19:34.691,OnTrack,1936,10413,2049,pos,0 days 00:16:22.150000,0 days 01:14:37.662000
2024-07-07 14:19:34.731,OnTrack,1912,10434,2048,pos,0 days 00:16:22.190000,0 days 01:14:37.702000
2024-07-07 14:19:35.011,OnTrack,1746,10577,2046,pos,0 days 00:16:22.470000,0 days 01:14:37.982000
2024-07-07 14:19:35.232,OnTrack,1545,10732,2043,pos,0 days 00:16:22.691000,0 days 01:14:38.203000
2024-07-07 14:19:35.732,OnTrack,1354,10842,2040,pos,0 days 00:16:23.191000,0 days 01:14:38.703000
2024-07-07 14:19:35.932,OnTrack,1223,10896,2038,pos,0 days 00:16:23.391000,0 days 01:14:38.903000
2024-07-07 14:19:36.312,OnTrack,996,10946,2035,pos,0 days 00:16:23.771000,0 days 01:14:39.283000
2024-07-07 14:19:36.652,OnTrack,897,10949,2035,pos,0 days 00:16:24.111000,0 days 01:14:39.623000
2024-07-07 14:19:36.852,OnTrack,806,10947,2034,pos,0 days 00:16:24.311000,0 days 01:14:39.823000
2024-07-07 14:19:37.132,OnTrack,681,10930,2033,pos,0 days 00:16:24.591000,0 days 01:14:40.103000
2024-07-07 14:19:37.391,OnTrack,574,10891,2032,pos,0 days 00:16:24.850000,0 days 01:14:40.362000
2024-07-07 14:19:37.591,OnTrack,477,10839,2032,pos,0 days 00:16:25.050000,0 days 01:14:40.562000
2024-07-07 14:19:37.991,OnTrack,359,10725,2032,pos,0 days 00:16:25.450000,0 days 01:14:40.962000
2024-07-07 14:19:38.352,OnTrack,296,10625,2033,pos,0 days 00:16:25.811000,0 days 01:14:41.323000
2024-07-07 14:19:38.612,OnTrack,250,10531,2033,pos,0 days 00:16:26.071000,0 days 01:14:41.583000
2024-07-07 14:19:38.791,OnTrack,225,10464,2033,pos,0 days 00:16:26.250000,0 days 01:14:41.762000
2024-07-07 14:19:38.871,OnTrack,217,10435,2033,pos,0 days 00:16:26.330000,0 days 01:14:41.842000
2024-07-07 14:19:39.111,OnTrack,200,10338,2033,pos,0 days 00:16:26.570000,0 days 01:14:42.082000
2024-07-07 14:19:39.411,OnTrack,188,10159,2034,pos,0 days 00:16:26.870000,0 days 01:14:42.382000
2024-07-07 14:19:39.712,OnTrack,184,10080,2034,pos,0 days 00:16:27.171000,0 days 01:14:42.683000
2024-07-07 14:19:40.012,OnTrack,166,9889,2036,pos,0 days 00:16:27.471000,0 days 01:14:42.983000
2024-07-07 14:19:40.332,OnTrack,147,9815,2036,pos,0 days 00:16:27.791000,0 days 01:14:43.303000
2024-07-07 14:19:40.572,OnTrack,112,9732,2038,pos,0 days 00:16:28.031000,0 days 01:14:43.543000
2024-07-07 14:19:40.751,OnTrack,78,9675,2038,pos,0 days 00:16:28.210000,0 days 01:14:43.722000
2024-07-07 14:19:40.971,OnTrack,31,9616,2039,pos,0 days 00:16:28.430000,0 days 01:14:43.942000
2024-07-07 14:19:41.211,OnTrack,-25,9562,2040,pos,0 days 00:16:28.670000,0 days 01:14:44.182000
2024-07-07 14:19:41.452,OnTrack,-84,9519,2040,pos,0 days 00:16:28.911000,0 days 01:14:44.423000
2024-07-07 14:19:41.672,OnTrack,-146,9484,2040,pos,0 days 00:16:29.131000,0 days 01:14:44.643000
2024-07-07 14:19:41.851,OnTrack,-195,9464,2040,pos,0 days 00:16:29.310000,0 days 01:14:44.822000
2024-07-07 14:19:42.111,OnTrack,-267,9446,2041,pos,0 days 00:16:29.570000,0 days 01:14:45.082000
2024-07-07 14:19:42.312,OnTrack,-360,9443,2040,pos,0 days 00:16:29.771000,0 days 01:14:45.283000
2024-07-07 14:19:42.692,OnTrack,-446,9465,2040,pos,0 days 00:16:30.151000,0 days 01:14:45.663000
2024-07-07 14:19:43.032,OnTrack,-502,9493,2039,pos,0 days 00:16:30.491000,0 days 01:14:46.003000
2024-07-07 14:19:43.292,OnTrack,-582,9554,2038,pos,0 days 00:16:30.751000,0 days 01:14:46.263000
2024-07-07 14:19:43.771,OnTrack,-671,9664,2036,pos,0 days 00:16:31.230000,0 days 01:14:46.742000
2024-07-07 14:19:44.191,OnTrack,-724,9770,2034,pos,0 days 00:16:31.650000,0 days 01:14:47.162000
2024-07-07 14:19:44.551,OnTrack,-759,9886,2033,pos,0 days 00:16:32.010000,0 days 01:14:47.522000
2024-07-07 14:19:44.971,OnTrack,-775,10002,2032,pos,0 days 00:16:32.430000,0 days 01:14:47.942000
2024-07-07 14:19:45.191,OnTrack,-774,10129,2031,pos,0 days 00:16:32.650000,0 days 01:14:48.162000
2024-07-07 14:19:45.591,OnTrack,-748,10319,2030,pos,0 days 00:16:33.050000,0 days 01:14:48.562000
2024-07-07 14:19:45.931,OnTrack,-726,10411,2029,pos,0 days 00:16:33.390000,0 days 01:14:48.902000
2024-07-07 14:19:46.111,OnTrack,-701,10496,2028,pos,0 days 00:16:33.570000,0 days 01:14:49.082000
2024-07-07 14:19:46.351,OnTrack,-659,10612,2026,pos,0 days 00:16:33.810000,0 days 01:14:49.322000
2024-07-07 14:19:46.532,OnTrack,-622,10701,2025,pos,0 days 00:16:33.991000,0 days 01:14:49.503000
2024-07-07 14:19:46.872,OnTrack,-522,10913,2023,pos,0 days 00:16:34.331000,0 days 01:14:49.843000
2024-07-07 14:19:47.171,OnTrack,-462,11027,2022,pos,0 days 00:16:34.630000,0 days 01:14:50.142000
2024-07-07 14:19:47.432,OnTrack,-343,11239,2021,pos,0 days 00:16:34.891000,0 days 01:14:50.403000
2024-07-07 14:19:47.791,OnTrack,-270,11356,2021,pos,0 days 00:16:35.250000,0 days 01:14:50.762000
2024-07-07 14:19:48.012,OnTrack,-192,11467,2021,pos,0 days 00:16:35.471000,0 days 01:14:50.983000
2024-07-07 14:19:48.232,OnTrack,-52,11649,2021,pos,0 days 00:16:35.691000,0 days 01:14:51.203000
2024-07-07 14:19:48.532,OnTrack,26,11740,2021,pos,0 days 00:16:35.991000,0 days 01:14:51.503000
2024-07-07 14:19:48.891,OnTrack,199,11917,2023,pos,0 days 00:16:36.350000,0 days 01:14:51.862000
2024-07-07 14:19:49.032,OnTrack,270,11985,2024,pos,0 days 00:16:36.491000,0 days 01:14:52.003000
2024-07-07 14:19:49.332,OnTrack,474,12159,2024,pos,0 days 00:16:36.791000,0 days 01:14:52.303000
2024-07-07 14:19:49.731,OnTrack,742,12348,2024,pos,0 days 00:16:37.190000,0 days 01:14:52.702000
2024-07-07 14:19:49.992,OnTrack,818,12390,2024,pos,0 days 00:16:37.451000,0 days 01:14:52.963000
2024-07-07 14:19:50.371,OnTrack,1068,12509,2025,pos,0 days 00:16:37.830000,0 days 01:14:53.342000
2024-07-07 14:19:50.551,OnTrack,1194,12559,2025,pos,0 days 00:16:38.010000,0 days 01:14:53.522000
2024-07-07 14:19:50.791,OnTrack,1373,12619,2025,pos,0 days 00:16:38.250000,0 days 01:14:53.762000
2024-07-07 14:19:51.011,OnTrack,1624,12688,2025,pos,0 days 00:16:38.470000,0 days 01:14:53.982000
2024-07-07 14:19:51.271,OnTrack,1730,12712,2026,pos,0 days 00:16:38.730000,0 days 01:14:54.242000
2024-07-07 14:19:51.511,OnTrack,1912,12747,2027,pos,0 days 00:16:38.970000,0 days 01:14:54.482000
2024-07-07 14:19:51.692,OnTrack,2051,12768,2028,pos,0 days 00:16:39.151000,0 days 01:14:54.663000
2024-07-07 14:19:51.992,OnTrack,2284,12798,2030,pos,0 days 00:16:39.451000,0 days 01:14:54.963000
2024-07-07 14:19:52.131,OnTrack,2395,12810,2030,pos,0 days 00:16:39.590000,0 days 01:14:55.102000
2024-07-07 14:19:52.431,OnTrack,2631,12836,2033,pos,0 days 00:16:39.890000,0 days 01:14:55.402000
2024-07-07 14:19:52.591,OnTrack,2837,12857,2035,pos,0 days 00:16:40.050000,0 days 01:14:55.562000
2024-07-07 14:19:52.971,OnTrack,3060,12879,2036,pos,0 days 00:16:40.430000,0 days 01:14:55.942000
2024-07-07 14:19:53.231,OnTrack,3347,12909,2039,pos,0 days 00:16:40.690000,0 days 01:14:56.202000
2024-07-07 14:19:53.531,OnTrack,3506,12927,2040,pos,0 days 00:16:40.990000,0 days 01:14:56.502000
2024-07-07 14:19:53.831,OnTrack,3746,12953,2040,pos,0 days 00:16:41.290000,0 days 01:14:56.802000
2024-07-07 14:19:54.091,OnTrack,4065,12990,2043,pos,0 days 00:16:41.550000,0 days 01:14:57.062000
2024-07-07 14:19:54.331,OnTrack,4145,13001,2044,pos,0 days 00:16:41.790000,0 days 01:14:57.302000
2024-07-07 14:19:54.551,OnTrack,4321,13024,2045,pos,0 days 00:16:42.010000,0 days 01:14:57.522000
2024-07-07 14:19:54.752,OnTrack,4481,13045,2046,pos,0 days 00:16:42.211000,0 days 01:14:57.723000
2024-07-07 14:19:55.052,OnTrack,4721,13076,2047,pos,0 days 00:16:42.511000,0 days 01:14:58.023000
2024-07-07 14:19:55.232,OnTrack,4864,13092,2048,pos,0 days 00:16:42.691000,0 days 01:14:58.203000
2024-07-07 14:19:55.492,OnTrack,5206,13116,2049,pos,0 days 00:16:42.951000,0 days 01:14:58.463000
2024-07-07 14:19:55.852,OnTrack,5394,13103,2050,pos,0 days 00:16:43.311000,0 days 01:14:58.823000
2024-07-07 14:19:56.132,OnTrack,5598,13061,2051,pos,0 days 00:16:43.591000,0 days 01:14:59.103000
2024-07-07 14:19:56.192,OnTrack,5640,13048,2051,pos,0 days 00:16:43.651000,0 days 01:14:59.163000
2024-07-07 14:19:56.412,OnTrack,5787,12994,2052,pos,0 days 00:16:43.871000,0 days 01:14:59.383000
2024-07-07 14:19:56.692,OnTrack,5964,12899,2053,pos,0 days 00:16:44.151000,0 days 01:14:59.663000
2024-07-07 14:19:56.931,OnTrack,6104,12799,2054,pos,0 days 00:16:44.390000,0 days 01:14:59.902000
2024-07-07 14:19:57.151,OnTrack,6222,12695,2055,pos,0 days 00:16:44.610000,0 days 01:15:00.122000
2024-07-07 14:19:57.331,OnTrack,6308,12601,2056,pos,0 days 00:16:44.790000,0 days 01:15:00.302000
2024-07-07 14:19:57.531,OnTrack,6391,12484,2056,pos,0 days 00:16:44.990000,0 days 01:15:00.502000
2024-07-07 14:19:57.791,OnTrack,6508,12262,2058,pos,0 days 00:16:45.250000,0 days 01:15:00.762000
2024-07-07 14:19:58.212,OnTrack,6600,12028,2059,pos,0 days 00:16:45.671000,0 days 01:15:01.183000
2024-07-07 14:19:58.391,OnTrack,6663,11828,2061,pos,0 days 00:16:45.850000,0 days 01:15:01.362000
2024-07-07 14:19:58.792,OnTrack,6746,11508,2063,pos,0 days 00:16:46.251000,0 days 01:15:01.763000
2024-07-07 14:19:59.191,OnTrack,6790,11315,2065,pos,0 days 00:16:46.650000,0 days 01:15:02.162000
2024-07-07 14:19:59.372,OnTrack,6830,11120,2066,pos,0 days 00:16:46.831000,0 days 01:15:02.343000
2024-07-07 14:19:59.731,OnTrack,6870,10887,2068,pos,0 days 00:16:47.190000,0 days 01:15:02.702000
2024-07-07 14:19:59.971,OnTrack,6896,10710,2069,pos,0 days 00:16:47.430000,0 days 01:15:02.942000
2024-07-07 14:20:00.172,OnTrack,6928,10438,2071,pos,0 days 00:16:47.631000,0 days 01:15:03.143000
2024-07-07 14:20:00.551,OnTrack,6947,10250,2073,pos,0 days 00:16:48.010000,0 days 01:15:03.522000
2024-07-07 14:20:00.811,OnTrack,6963,10044,2074,pos,0 days 00:16:48.270000,0 days 01:15:03.782000
2024-07-07 14:20:01.032,OnTrack,6972,9868,2074,pos,0 days 00:16:48.491000,0 days 01:15:04.003000
2024-07-07 14:20:01.212,OnTrack,6978,9724,2075,pos,0 days 00:16:48.671000,0 days 01:15:04.183000
2024-07-07 14:20:01.391,OnTrack,6981,9580,2075,pos,0 days 00:16:48.850000,0 days 01:15:04.362000
2024-07-07 14:20:01.651,OnTrack,6985,9370,2074,pos,0 days 00:16:49.110000,0 days 01:15:04.622000
2024-07-07 14:20:01.951,OnTrack,6998,9062,2073,pos,0 days 00:16:49.410000,0 days 01:15:04.922000
2024-07-07 14:20:02.332,OnTrack,7019,8820,2072,pos,0 days 00:16:49.791000,0 days 01:15:05.303000
2024-07-07 14:20:02.412,OnTrack,7028,8754,2071,pos,0 days 00:16:49.871000,0 days 01:15:05.383000
2024-07-07 14:20:03.571,OnTrack,7280,7789,2063,pos,0 days 00:16:51.030000,0 days 01:15:06.542000
2024-07-07 14:20:03.991,OnTrack,7390,7514,2060,pos,0 days 00:16:51.450000,0 days 01:15:06.962000
2024-07-07 14:20:04.151,OnTrack,7437,7392,2059,pos,0 days 00:16:51.610000,0 days 01:15:07.122000
2024-07-07 14:20:04.411,OnTrack,7517,7121,2058,pos,0 days 00:16:51.870000,0 days 01:15:07.382000
2024-07-07 14:20:04.791,OnTrack,7540,6911,2058,pos,0 days 00:16:52.250000,0 days 01:15:07.762000
2024-07-07 14:20:05.012,OnTrack,7518,6674,2058,pos,0 days 00:16:52.471000,0 days 01:15:07.983000
2024-07-07 14:20:05.391,OnTrack,7475,6458,2060,pos,0 days 00:16:52.850000,0 days 01:15:08.362000
2024-07-07 14:20:05.572,OnTrack,7421,6240,2061,pos,0 days 00:16:53.031000,0 days 01:15:08.543000
2024-07-07 14:20:05.931,OnTrack,7378,6067,2062,pos,0 days 00:16:53.390000,0 days 01:15:08.902000
2024-07-07 14:20:06.251,OnTrack,7329,5791,2063,pos,0 days 00:16:53.710000,0 days 01:15:09.222000
2024-07-07 14:20:06.551,OnTrack,7317,5619,2063,pos,0 days 00:16:54.010000,0 days 01:15:09.522000
2024-07-07 14:20:06.831,OnTrack,7332,5429,2062,pos,0 days 00:16:54.290000,0 days 01:15:09.802000
2024-07-07 14:20:07.032,OnTrack,7393,5221,2060,pos,0 days 00:16:54.491000,0 days 01:15:10.003000
2024-07-07 14:20:07.371,OnTrack,7457,5086,2059,pos,0 days 00:16:54.830000,0 days 01:15:10.342000
2024-07-07 14:20:07.592,OnTrack,7531,4959,2056,pos,0 days 00:16:55.051000,0 days 01:15:10.563000
2024-07-07 14:20:07.911,OnTrack,7664,4733,2053,pos,0 days 00:16:55.370000,0 days 01:15:10.882000
2024-07-07 14:20:08.312,OnTrack,7736,4578,2051,pos,0 days 00:16:55.771000,0 days 01:15:11.283000
2024-07-07 14:20:08.491,OnTrack,7766,4480,2050,pos,0 days 00:16:55.950000,0 days 01:15:11.462000
2024-07-07 14:20:08.692,OnTrack,7790,4312,2048,pos,0 days 00:16:56.151000,0 days 01:15:11.663000
2024-07-07 14:20:09.092,OnTrack,7764,4097,2044,pos,0 days 00:16:56.551000,0 days 01:15:12.063000
2024-07-07 14:20:09.492,OnTrack,7723,3968,2042,pos,0 days 00:16:56.951000,0 days 01:15:12.463000
2024-07-07 14:20:09.652,OnTrack,7691,3893,2041,pos,0 days 00:16:57.111000,0 days 01:15:12.623000
2024-07-07 14:20:09.852,OnTrack,7643,3801,2040,pos,0 days 00:16:57.311000,0 days 01:15:12.823000
2024-07-07 14:20:10.091,OnTrack,7574,3694,2038,pos,0 days 00:16:57.550000,0 days 01:15:13.062000
2024-07-07 14:20:10.371,OnTrack,7473,3579,2037,pos,0 days 00:16:57.830000,0 days 01:15:13.342000
2024-07-07 14:20:10.431,OnTrack,7448,3556,2036,pos,0 days 00:16:57.890000,0 days 01:15:13.402000
2024-07-07 14:20:10.691,OnTrack,7333,3469,2034,pos,0 days 00:16:58.150000,0 days 01:15:13.662000
2024-07-07 14:20:10.911,OnTrack,7214,3398,2033,pos,0 days 00:16:58.370000,0 days 01:15:13.882000
2024-07-07 14:20:11.071,OnTrack,7132,3355,2032,pos,0 days 00:16:58.530000,0 days 01:15:14.042000
2024-07-07 14:20:11.231,OnTrack,7038,3307,2031,pos,0 days 00:16:58.690000,0 days 01:15:14.202000
2024-07-07 14:20:11.572,OnTrack,6860,3193,2029,pos,0 days 00:16:59.031000,0 days 01:15:14.543000
2024-07-07 14:20:11.711,OnTrack,6790,3136,2029,pos,0 days 00:16:59.170000,0 days 01:15:14.682000
2024-07-07 14:20:11.991,OnTrack,6620,2966,2028,pos,0 days 00:16:59.450000,0 days 01:15:14.962000
2024-07-07 14:20:12.432,OnTrack,6460,2783,2027,pos,0 days 00:16:59.891000,0 days 01:15:15.403000
2024-07-07 14:20:12.611,OnTrack,6385,2683,2027,pos,0 days 00:17:00.070000,0 days 01:15:15.582000
2024-07-07 14:20:12.851,OnTrack,6262,2496,2026,pos,0 days 00:17:00.310000,0 days 01:15:15.822000
2024-07-07 14:20:13.212,OnTrack,6158,2314,2026,pos,0 days 00:17:00.671000,0 days 01:15:16.183000
2024-07-07 14:20:13.351,OnTrack,6111,2224,2025,pos,0 days 00:17:00.810000,0 days 01:15:16.322000
2024-07-07 14:20:13.651,OnTrack,6013,2030,2025,pos,0 days 00:17:01.110000,0 days 01:15:16.622000
2024-07-07 14:20:13.911,OnTrack,5929,1858,2024,pos,0 days 00:17:01.370000,0 days 01:15:16.882000
2024-07-07 14:20:14.112,OnTrack,5864,1724,2024,pos,0 days 00:17:01.571000,0 days 01:15:17.083000
2024-07-07 14:20:14.332,OnTrack,5792,1576,2023,pos,0 days 00:17:01.791000,0 days 01:15:17.303000
2024-07-07 14:20:14.532,OnTrack,5730,1447,2022,pos,0 days 00:17:01.991000,0 days 01:15:17.503000
2024-07-07 14:20:14.632,OnTrack,5694,1372,2022,pos,0 days 00:17:02.091000,0 days 01:15:17.603000
2024-07-07 14:20:14.832,OnTrack,5628,1234,2021,pos,0 days 00:17:02.291000,0 days 01:15:17.803000
2024-07-07 14:20:15.051,OnTrack,5555,1081,2020,pos,0 days 00:17:02.510000,0 days 01:15:18.022000
2024-07-07 14:20:15.372,OnTrack,5456,872,2019,pos,0 days 00:17:02.831000,0 days 01:15:18.343000
2024-07-07 14:20:15.571,OnTrack,5385,725,2018,pos,0 days 00:17:03.030000,0 days 01:15:18.542000
2024-07-07 14:20:15.732,OnTrack,5330,611,2017,pos,0 days 00:17:03.191000,0 days 01:15:18.703000
2024-07-07 14:20:15.932,OnTrack,5262,469,2016,pos,0 days 00:17:03.391000,0 days 01:15:18.903000
2024-07-07 14:20:16.131,OnTrack,5192,326,2014,pos,0 days 00:17:03.590000,0 days 01:15:19.102000
2024-07-07 14:20:16.352,OnTrack,5116,168,2013,pos,0 days 00:17:03.811000,0 days 01:15:19.323000
2024-07-07 14:20:16.612,OnTrack,5025,-19,2012,pos,0 days 00:17:04.071000,0 days 01:15:19.583000
2024-07-07 14:20:16.751,OnTrack,4976,-120,2011,pos,0 days 00:17:04.210000,0 days 01:15:19.722000
2024-07-07 14:20:17.031,OnTrack,4878,-324,2010,pos,0 days 00:17:04.490000,0 days 01:15:20.002000
2024-07-07 14:20:17.191,OnTrack,4822,-441,2009,pos,0 days 00:17:04.650000,0 days 01:15:20.162000
2024-07-07 14:20:17.431,OnTrack,4737,-617,2008,pos,0 days 00:17:04.890000,0 days 01:15:20.402000
2024-07-07 14:20:17.591,OnTrack,4684,-727,2008,pos,0 days 00:17:05.050000,0 days 01:15:20.562000
2024-07-07 14:20:17.812,OnTrack,4604,-893,2007,pos,0 days 00:17:05.271000,0 days 01:15:20.783000
2024-07-07 14:20:17.991,OnTrack,4540,-1025,2006,pos,0 days 00:17:05.450000,0 days 01:15:20.962000
2024-07-07 14:20:18.271,OnTrack,4404,-1304,2003,pos,0 days 00:17:05.730000,0 days 01:15:21.242000
2024-07-07 14:20:18.672,OnTrack,4259,-1598,1999,pos,0 days 00:17:06.131000,0 days 01:15:21.643000
2024-07-07 14:20:18.952,OnTrack,4193,-1730,1998,pos,0 days 00:17:06.411000,0 days 01:15:21.923000
2024-07-07 14:20:19.131,OnTrack,4127,-1861,1996,pos,0 days 00:17:06.590000,0 days 01:15:22.102000
2024-07-07 14:20:19.432,OnTrack,4017,-2080,1994,pos,0 days 00:17:06.891000,0 days 01:15:22.403000
2024-07-07 14:20:19.631,OnTrack,3943,-2225,1994,pos,0 days 00:17:07.090000,0 days 01:15:22.602000
2024-07-07 14:20:19.851,OnTrack,3862,-2380,1994,pos,0 days 00:17:07.310000,0 days 01:15:22.822000
2024-07-07 14:20:20.072,OnTrack,3778,-2542,1995,pos,0 days 00:17:07.531000,0 days 01:15:23.043000
2024-07-07 14:20:20.252,OnTrack,3708,-2674,1996,pos,0 days 00:17:07.711000,0 days 01:15:23.223000
2024-07-07 14:20:20.431,OnTrack,3639,-2802,1997,pos,0 days 00:17:07.890000,0 days 01:15:23.402000
2024-07-07 14:20:20.731,OnTrack,3522,-3015,2001,pos,0 days 00:17:08.190000,0 days 01:15:23.702000
2024-07-07 14:20:20.932,OnTrack,3441,-3154,2004,pos,0 days 00:17:08.391000,0 days 01:15:23.903000
2024-07-07 14:20:21.092,OnTrack,3325,-3346,2008,pos,0 days 00:17:08.551000,0 days 01:15:24.063000
2024-07-07 14:20:21.472,OnTrack,3210,-3515,2012,pos,0 days 00:17:08.931000,0 days 01:15:24.443000
2024-07-07 14:20:21.811,OnTrack,3048,-3715,2017,pos,0 days 00:17:09.270000,0 days 01:15:24.782000
2024-07-07 14:20:22.012,OnTrack,2953,-3813,2019,pos,0 days 00:17:09.471000,0 days 01:15:24.983000
2024-07-07 14:20:22.192,OnTrack,2803,-3932,2022,pos,0 days 00:17:09.651000,0 days 01:15:25.163000
2024-07-07 14:20:22.572,OnTrack,2662,-4013,2025,pos,0 days 00:17:10.031000,0 days 01:15:25.543000
2024-07-07 14:20:22.732,OnTrack,2574,-4052,2026,pos,0 days 00:17:10.191000,0 days 01:15:25.703000
2024-07-07 14:20:23.012,OnTrack,2381,-4105,2029,pos,0 days 00:17:10.471000,0 days 01:15:25.983000
2024-07-07 14:20:23.331,OnTrack,2259,-4117,2031,pos,0 days 00:17:10.790000,0 days 01:15:26.302000
2024-07-07 14:20:23.671,OnTrack,2071,-4100,2032,pos,0 days 00:17:11.130000,0 days 01:15:26.642000
2024-07-07 14:20:23.691,OnTrack,2061,-4097,2032,pos,0 days 00:17:11.150000,0 days 01:15:26.662000
2024-07-07 14:20:24.031,OnTrack,1819,-4014,2033,pos,0 days 00:17:11.490000,0 days 01:15:27.002000
2024-07-07 14:20:24.311,OnTrack,1740,-3971,2033,pos,0 days 00:17:11.770000,0 days 01:15:27.282000
2024-07-07 14:20:24.571,OnTrack,1618,-3884,2032,pos,0 days 00:17:12.030000,0 days 01:15:27.542000
2024-07-07 14:20:24.731,OnTrack,1547,-3822,2031,pos,0 days 00:17:12.190000,0 days 01:15:27.702000
2024-07-07 14:20:24.931,OnTrack,1465,-3736,2030,pos,0 days 00:17:12.390000,0 days 01:15:27.902000
2024-07-07 14:20:25.271,OnTrack,1312,-3533,2027,pos,0 days 00:17:12.730000,0 days 01:15:28.242000
2024-07-07 14:20:25.531,OnTrack,1254,-3436,2025,pos,0 days 00:17:12.990000,0 days 01:15:28.502000
2024-07-07 14:20:25.811,OnTrack,1169,-3279,2021,pos,0 days 00:17:13.270000,0 days 01:15:28.782000
2024-07-07 14:20:25.972,OnTrack,1121,-3188,2017,pos,0 days 00:17:13.431000,0 days 01:15:28.943000
2024-07-07 14:20:26.292,OnTrack,977,-2934,2007,pos,0 days 00:17:13.751000,0 days 01:15:29.263000
2024-07-07 14:20:26.651,OnTrack,892,-2803,2001,pos,0 days 00:17:14.110000,0 days 01:15:29.622000
2024-07-07 14:20:26.931,OnTrack,759,-2617,1992,pos,0 days 00:17:14.390000,0 days 01:15:29.902000
2024-07-07 14:20:27.291,OnTrack,570,-2362,1985,pos,0 days 00:17:14.750000,0 days 01:15:30.262000
2024-07-07 14:20:27.732,OnTrack,429,-2172,1984,pos,0 days 00:17:15.191000,0 days 01:15:30.703000
2024-07-07 14:20:27.932,OnTrack,337,-2050,1985,pos,0 days 00:17:15.391000,0 days 01:15:30.903000
2024-07-07 14:20:28.091,OnTrack,266,-1959,1986,pos,0 days 00:17:15.550000,0 days 01:15:31.062000
2024-07-07 14:20:28.391,OnTrack,112,-1770,1986,pos,0 days 00:17:15.850000,0 days 01:15:31.362000
2024-07-07 14:20:28.752,OnTrack,-38,-1596,1986,pos,0 days 00:17:16.211000,0 days 01:15:31.723000
2024-07-07 14:20:28.972,OnTrack,-141,-1480,1985,pos,0 days 00:17:16.431000,0 days 01:15:31.943000
2024-07-07 14:20:29.132,OnTrack,-257,-1350,1983,pos,0 days 00:17:16.591000,0 days 01:15:32.103000
2024-07-07 14:20:29.552,OnTrack,-365,-1228,1980,pos,0 days 00:17:17.011000,0 days 01:15:32.523000
2024-07-07 14:20:29.792,OnTrack,-443,-1144,1979,pos,0 days 00:17:17.251000,0 days 01:15:32.763000
2024-07-07 14:20:30.011,OnTrack,-523,-1065,1977,pos,0 days 00:17:17.470000,0 days 01:15:32.982000
2024-07-07 14:20:30.431,OnTrack,-625,-991,1976,pos,0 days 00:17:17.890000,0 days 01:15:33.402000
2024-07-07 14:20:30.611,OnTrack,-676,-962,1975,pos,0 days 00:17:18.070000,0 days 01:15:33.582000
2024-07-07 14:20:30.851,OnTrack,-744,-934,1975,pos,0 days 00:17:18.310000,0 days 01:15:33.822000
2024-07-07 14:20:31.031,OnTrack,-794,-921,1976,pos,0 days 00:17:18.490000,0 days 01:15:34.002000
2024-07-07 14:20:31.191,OnTrack,-873,-913,1976,pos,0 days 00:17:18.650000,0 days 01:15:34.162000
2024-07-07 14:20:31.692,OnTrack,-978,-919,1977,pos,0 days 00:17:19.151000,0 days 01:15:34.663000
2024-07-07 14:20:31.871,OnTrack,-1024,-932,1978,pos,0 days 00:17:19.330000,0 days 01:15:34.842000
2024-07-07 14:20:31.992,OnTrack,-1083,-959,1978,pos,0 days 00:17:19.451000,0 days 01:15:34.963000
2024-07-07 14:20:32.471,OnTrack,-1170,-1017,1980,pos,0 days 00:17:19.930000,0 days 01:15:35.442000
2024-07-07 14:20:32.631,OnTrack,-1234,-1068,1981,pos,0 days 00:17:20.090000,0 days 01:15:35.602000
2024-07-07 14:20:32.971,OnTrack,-1296,-1112,1981,pos,0 days 00:17:20.430000,0 days 01:15:35.942000
2024-07-07 14:20:33.191,OnTrack,-1356,-1144,1981,pos,0 days 00:17:20.650000,0 days 01:15:36.162000
2024-07-07 14:20:33.511,OnTrack,-1488,-1172,1981,pos,0 days 00:17:20.970000,0 days 01:15:36.482000
2024-07-07 14:20:33.952,OnTrack,-1583,-1159,1980,pos,0 days 00:17:21.411000,0 days 01:15:36.923000
2024-07-07 14:20:34.311,OnTrack,-1724,-1111,1978,pos,0 days 00:17:21.770000,0 days 01:15:37.282000
2024-07-07 14:20:34.651,OnTrack,-1786,-1079,1978,pos,0 days 00:17:22.110000,0 days 01:15:37.622000
2024-07-07 14:20:34.972,OnTrack,-1876,-1016,1977,pos,0 days 00:17:22.431000,0 days 01:15:37.943000
2024-07-07 14:20:35.151,OnTrack,-1949,-943,1976,pos,0 days 00:17:22.610000,0 days 01:15:38.122000
2024-07-07 14:20:35.431,OnTrack,-2001,-880,1975,pos,0 days 00:17:22.890000,0 days 01:15:38.402000
2024-07-07 14:20:35.812,OnTrack,-2100,-754,1974,pos,0 days 00:17:23.271000,0 days 01:15:38.783000
2024-07-07 14:20:35.892,OnTrack,-2123,-721,1974,pos,0 days 00:17:23.351000,0 days 01:15:38.863000
2024-07-07 14:20:36.052,OnTrack,-2172,-637,1974,pos,0 days 00:17:23.511000,0 days 01:15:39.023000
2024-07-07 14:20:36.451,OnTrack,-2261,-410,1972,pos,0 days 00:17:23.910000,0 days 01:15:39.422000
2024-07-07 14:20:36.852,OnTrack,-2301,-219,1970,pos,0 days 00:17:24.311000,0 days 01:15:39.823000
2024-07-07 14:20:36.951,OnTrack,-2307,-163,1969,pos,0 days 00:17:24.410000,0 days 01:15:39.922000
2024-07-07 14:20:37.111,OnTrack,-2313,-72,1968,pos,0 days 00:17:24.570000,0 days 01:15:40.082000
2024-07-07 14:20:37.371,OnTrack,-2311,79,1967,pos,0 days 00:17:24.830000,0 days 01:15:40.342000
2024-07-07 14:20:37.611,OnTrack,-2282,284,1964,pos,0 days 00:17:25.070000,0 days 01:15:40.582000
2024-07-07 14:20:38.011,OnTrack,-2229,464,1963,pos,0 days 00:17:25.470000,0 days 01:15:40.982000
2024-07-07 14:20:38.212,OnTrack,-2133,663,1962,pos,0 days 00:17:25.671000,0 days 01:15:41.183000
2024-07-07 14:20:38.671,OnTrack,-2023,842,1962,pos,0 days 00:17:26.130000,0 days 01:15:41.642000
2024-07-07 14:20:38.772,OnTrack,-1984,897,1962,pos,0 days 00:17:26.231000,0 days 01:15:41.743000
2024-07-07 14:20:38.971,OnTrack,-1904,1008,1963,pos,0 days 00:17:26.430000,0 days 01:15:41.942000
2024-07-07 14:20:39.312,OnTrack,-1768,1194,1963,pos,0 days 00:17:26.771000,0 days 01:15:42.283000
2024-07-07 14:20:39.491,OnTrack,-1657,1341,1964,pos,0 days 00:17:26.950000,0 days 01:15:42.462000
2024-07-07 14:20:39.932,OnTrack,-1495,1543,1966,pos,0 days 00:17:27.391000,0 days 01:15:42.903000
2024-07-07 14:20:40.051,OnTrack,-1441,1611,1966,pos,0 days 00:17:27.510000,0 days 01:15:43.022000
2024-07-07 14:20:40.351,OnTrack,-1312,1781,1968,pos,0 days 00:17:27.810000,0 days 01:15:43.322000
2024-07-07 14:20:40.591,OnTrack,-1193,1945,1970,pos,0 days 00:17:28.050000,0 days 01:15:43.562000
2024-07-07 14:20:40.992,OnTrack,-1024,2178,1973,pos,0 days 00:17:28.451000,0 days 01:15:43.963000
2024-07-07 14:20:41.052,OnTrack,-997,2215,1974,pos,0 days 00:17:28.511000,0 days 01:15:44.023000
2024-07-07 14:20:41.332,OnTrack,-870,2389,1977,pos,0 days 00:17:28.791000,0 days 01:15:44.303000
2024-07-07 14:20:41.492,OnTrack,-797,2490,1978,pos,0 days 00:17:28.951000,0 days 01:15:44.463000
2024-07-07 14:20:41.792,OnTrack,-659,2680,1981,pos,0 days 00:17:29.251000,0 days 01:15:44.763000
2024-07-07 14:20:41.971,OnTrack,-578,2797,1984,pos,0 days 00:17:29.430000,0 days 01:15:44.942000
2024-07-07 14:20:42.212,OnTrack,-471,2954,1986,pos,0 days 00:17:29.671000,0 days 01:15:45.183000
2024-07-07 14:20:42.412,OnTrack,-373,3100,1988,pos,0 days 00:17:29.871000,0 days 01:15:45.383000
2024-07-07 14:20:42.672,OnTrack,-267,3262,1992,pos,0 days 00:17:30.131000,0 days 01:15:45.643000
2024-07-07 14:20:42.892,OnTrack,-167,3409,1994,pos,0 days 00:17:30.351000,0 days 01:15:45.863000
2024-07-07 14:20:43.171,OnTrack,-35,3594,1997,pos,0 days 00:17:30.630000,0 days 01:15:46.142000
2024-07-07 14:20:43.331,OnTrack,112,3790,2001,pos,0 days 00:17:30.790000,0 days 01:15:46.302000
2024-07-07 14:20:43.671,OnTrack,217,3917,2004,pos,0 days 00:17:31.130000,0 days 01:15:46.642000
2024-07-07 14:20:43.891,OnTrack,337,4052,2008,pos,0 days 00:17:31.350000,0 days 01:15:46.862000
2024-07-07 14:20:44.232,OnTrack,538,4239,2011,pos,0 days 00:17:31.691000,0 days 01:15:47.203000
2024-07-07 14:20:44.391,OnTrack,640,4313,2012,pos,0 days 00:17:31.850000,0 days 01:15:47.362000
2024-07-07 14:20:44.571,OnTrack,850,4420,2014,pos,0 days 00:17:32.030000,0 days 01:15:47.542000
2024-07-07 14:20:45.072,OnTrack,1141,4498,2016,pos,0 days 00:17:32.531000,0 days 01:15:48.043000
2024-07-07 14:20:45.292,OnTrack,1410,4520,2018,pos,0 days 00:17:32.751000,0 days 01:15:48.263000
2024-07-07 14:20:45.632,OnTrack,1584,4518,2020,pos,0 days 00:17:33.091000,0 days 01:15:48.603000
2024-07-07 14:20:45.872,OnTrack,1772,4505,2023,pos,0 days 00:17:33.331000,0 days 01:15:48.843000
2024-07-07 14:20:46.132,OnTrack,2021,4471,2026,pos,0 days 00:17:33.591000,0 days 01:15:49.103000
2024-07-07 14:20:46.452,OnTrack,2215,4449,2027,pos,0 days 00:17:33.911000,0 days 01:15:49.423000
2024-07-07 14:20:46.732,OnTrack,2441,4439,2030,pos,0 days 00:17:34.191000,0 days 01:15:49.703000
2024-07-07 14:20:46.952,OnTrack,2612,4444,2032,pos,0 days 00:17:34.411000,0 days 01:15:49.923000
2024-07-07 14:20:47.111,OnTrack,2734,4456,2034,pos,0 days 00:17:34.570000,0 days 01:15:50.082000
2024-07-07 14:20:47.312,OnTrack,2898,4489,2036,pos,0 days 00:17:34.771000,0 days 01:15:50.283000
2024-07-07 14:20:47.492,OnTrack,3128,4566,2040,pos,0 days 00:17:34.951000,0 days 01:15:50.463000
2024-07-07 14:20:47.931,OnTrack,3341,4676,2043,pos,0 days 00:17:35.390000,0 days 01:15:50.902000
2024-07-07 14:20:48.211,OnTrack,3520,4801,2047,pos,0 days 00:17:35.670000,0 days 01:15:51.182000
2024-07-07 14:20:48.392,OnTrack,3697,4953,2049,pos,0 days 00:17:35.851000,0 days 01:15:51.363000
2024-07-07 14:20:48.672,OnTrack,3786,5040,2049,pos,0 days 00:17:36.131000,0 days 01:15:51.643000
2024-07-07 14:20:48.952,OnTrack,3938,5194,2050,pos,0 days 00:17:36.411000,0 days 01:15:51.923000
2024-07-07 14:20:49.152,OnTrack,4047,5301,2051,pos,0 days 00:17:36.611000,0 days 01:15:52.123000
2024-07-07 14:20:49.432,OnTrack,4232,5475,2052,pos,0 days 00:17:36.891000,0 days 01:15:52.403000
2024-07-07 14:20:49.811,OnTrack,4369,5596,2054,pos,0 days 00:17:37.270000,0 days 01:15:52.782000
2024-07-07 14:20:50.031,OnTrack,4460,5672,2054,pos,0 days 00:17:37.490000,0 days 01:15:53.002000
2024-07-07 14:20:50.192,OnTrack,4520,5722,2055,pos,0 days 00:17:37.651000,0 days 01:15:53.163000
2024-07-07 14:20:50.391,OnTrack,4594,5780,2055,pos,0 days 00:17:37.850000,0 days 01:15:53.362000
2024-07-07 14:20:50.631,OnTrack,4678,5837,2055,pos,0 days 00:17:38.090000,0 days 01:15:53.602000
2024-07-07 14:20:50.891,OnTrack,4763,5877,2055,pos,0 days 00:17:38.350000,0 days 01:15:53.862000
2024-07-07 14:20:51.091,OnTrack,4829,5894,2054,pos,0 days 00:17:38.550000,0 days 01:15:54.062000
2024-07-07 14:20:51.351,OnTrack,4916,5901,2053,pos,0 days 00:17:38.810000,0 days 01:15:54.322000
2024-07-07 14:20:51.531,OnTrack,4973,5897,2053,pos,0 days 00:17:38.990000,0 days 01:15:54.502000
2024-07-07 14:20:51.711,OnTrack,5028,5887,2053,pos,0 days 00:17:39.170000,0 days 01:15:54.682000
2024-07-07 14:20:51.971,OnTrack,5098,5864,2054,pos,0 days 00:17:39.430000,0 days 01:15:54.942000
2024-07-07 14:20:52.172,OnTrack,5144,5839,2055,pos,0 days 00:17:39.631000,0 days 01:15:55.143000
2024-07-07 14:20:52.211,OnTrack,5155,5832,2055,pos,0 days 00:17:39.670000,0 days 01:15:55.182000
2024-07-07 14:20:52.591,OnTrack,5258,5742,2057,pos,0 days 00:17:40.050000,0 days 01:15:55.562000
2024-07-07 14:20:52.871,OnTrack,5278,5715,2058,pos,0 days 00:17:40.330000,0 days 01:15:55.842000
2024-07-07 14:20:53.212,OnTrack,5323,5632,2059,pos,0 days 00:17:40.671000,0 days 01:15:56.183000
2024-07-07 14:20:53.371,OnTrack,5340,5590,2059,pos,0 days 00:17:40.830000,0 days 01:15:56.342000
2024-07-07 14:20:53.572,OnTrack,5357,5534,2059,pos,0 days 00:17:41.031000,0 days 01:15:56.543000
2024-07-07 14:20:53.732,OnTrack,5367,5487,2060,pos,0 days 00:17:41.191000,0 days 01:15:56.703000
2024-07-07 14:20:53.931,OnTrack,5378,5425,2060,pos,0 days 00:17:41.390000,0 days 01:15:56.902000
2024-07-07 14:20:54.272,OnTrack,5389,5311,2062,pos,0 days 00:17:41.731000,0 days 01:15:57.243000
2024-07-07 14:20:54.471,OnTrack,5396,5240,2063,pos,0 days 00:17:41.930000,0 days 01:15:57.442000
2024-07-07 14:20:54.652,OnTrack,5408,5146,2065,pos,0 days 00:17:42.111000,0 days 01:15:57.623000
2024-07-07 14:20:55.012,OnTrack,5430,5058,2066,pos,0 days 00:17:42.471000,0 days 01:15:57.983000
2024-07-07 14:20:55.172,OnTrack,5449,5009,2066,pos,0 days 00:17:42.631000,0 days 01:15:58.143000
2024-07-07 14:20:55.432,OnTrack,5506,4908,2066,pos,0 days 00:17:42.891000,0 days 01:15:58.403000
2024-07-07 14:20:55.772,OnTrack,5546,4860,2066,pos,0 days 00:17:43.231000,0 days 01:15:58.743000
2024-07-07 14:20:56.012,OnTrack,5593,4814,2065,pos,0 days 00:17:43.471000,0 days 01:15:58.983000
2024-07-07 14:20:56.291,OnTrack,5669,4761,2064,pos,0 days 00:17:43.750000,0 days 01:15:59.262000
2024-07-07 14:20:56.651,OnTrack,5731,4736,2065,pos,0 days 00:17:44.110000,0 days 01:15:59.622000
2024-07-07 14:20:56.851,OnTrack,5796,4731,2064,pos,0 days 00:17:44.310000,0 days 01:15:59.822000
2024-07-07 14:20:57.292,OnTrack,5894,4773,2063,pos,0 days 00:17:44.751000,0 days 01:16:00.263000
2024-07-07 14:20:57.611,OnTrack,5934,4805,2064,pos,0 days 00:17:45.070000,0 days 01:16:00.582000
2024-07-07 14:20:57.911,OnTrack,5985,4856,2064,pos,0 days 00:17:45.370000,0 days 01:16:00.882000
2024-07-07 14:20:58.151,OnTrack,6027,4906,2064,pos,0 days 00:17:45.610000,0 days 01:16:01.122000
2024-07-07 14:20:58.352,OnTrack,6058,4950,2065,pos,0 days 00:17:45.811000,0 days 01:16:01.323000
2024-07-07 14:20:58.531,OnTrack,6086,4992,2065,pos,0 days 00:17:45.990000,0 days 01:16:01.502000
2024-07-07 14:20:58.771,OnTrack,6120,5052,2065,pos,0 days 00:17:46.230000,0 days 01:16:01.742000
2024-07-07 14:20:58.932,OnTrack,6158,5130,2065,pos,0 days 00:17:46.391000,0 days 01:16:01.903000
2024-07-07 14:20:59.311,OnTrack,6209,5262,2065,pos,0 days 00:17:46.770000,0 days 01:16:02.282000
2024-07-07 14:20:59.772,OnTrack,6249,5391,2064,pos,0 days 00:17:47.231000,0 days 01:16:02.743000
2024-07-07 14:20:59.911,OnTrack,6264,5449,2065,pos,0 days 00:17:47.370000,0 days 01:16:02.882000
2024-07-07 14:21:00.092,OnTrack,6284,5527,2065,pos,0 days 00:17:47.551000,0 days 01:16:03.063000
2024-07-07 14:21:00.332,OnTrack,6306,5638,2065,pos,0 days 00:17:47.791000,0 days 01:16:03.303000
2024-07-07 14:21:00.572,OnTrack,6330,5817,2064,pos,0 days 00:17:48.031000,0 days 01:16:03.543000
2024-07-07 14:21:00.852,OnTrack,6329,6016,2064,pos,0 days 00:17:48.311000,0 days 01:16:03.823000
2024-07-07 14:21:01.112,OnTrack,6321,6105,2064,pos,0 days 00:17:48.571000,0 days 01:16:04.083000
2024-07-07 14:21:01.472,OnTrack,6284,6308,2063,pos,0 days 00:17:48.931000,0 days 01:16:04.443000
2024-07-07 14:21:02.512,OnTrack,5940,6952,2064,pos,0 days 00:17:49.971000,0 days 01:16:05.483000
2024-07-07 14:21:02.851,OnTrack,5850,7049,2064,pos,0 days 00:17:50.310000,0 days 01:16:05.822000
2024-07-07 14:21:03.031,OnTrack,5763,7131,2064,pos,0 days 00:17:50.490000,0 days 01:16:06.002000
2024-07-07 14:21:03.271,OnTrack,5637,7238,2064,pos,0 days 00:17:50.730000,0 days 01:16:06.242000
2024-07-07 14:21:03.451,OnTrack,5540,7315,2064,pos,0 days 00:17:50.910000,0 days 01:16:06.422000
2024-07-07 14:21:03.751,OnTrack,5373,7442,2064,pos,0 days 00:17:51.210000,0 days 01:16:06.722000
2024-07-07 14:21:03.931,OnTrack,5216,7565,2064,pos,0 days 00:17:51.390000,0 days 01:16:06.902000
2024-07-07 14:21:04.271,OnTrack,5083,7674,2064,pos,0 days 00:17:51.730000,0 days 01:16:07.242000
2024-07-07 14:21:04.652,OnTrack,4874,7850,2064,pos,0 days 00:17:52.111000,0 days 01:16:07.623000
2024-07-07 14:21:04.912,OnTrack,4727,7975,2064,pos,0 days 00:17:52.371000,0 days 01:16:07.883000
2024-07-07 14:21:05.131,OnTrack,4602,8083,2065,pos,0 days 00:17:52.590000,0 days 01:16:08.102000
2024-07-07 14:21:05.472,OnTrack,4407,8250,2064,pos,0 days 00:17:52.931000,0 days 01:16:08.443000
2024-07-07 14:21:05.651,OnTrack,4244,8390,2064,pos,0 days 00:17:53.110000,0 days 01:16:08.622000
2024-07-07 14:21:05.992,OnTrack,4103,8510,2064,pos,0 days 00:17:53.451000,0 days 01:16:08.963000
2024-07-07 14:21:06.191,OnTrack,3986,8611,2063,pos,0 days 00:17:53.650000,0 days 01:16:09.162000
2024-07-07 14:21:06.352,OnTrack,3891,8693,2063,pos,0 days 00:17:53.811000,0 days 01:16:09.323000
2024-07-07 14:21:06.671,OnTrack,3668,8889,2064,pos,0 days 00:17:54.130000,0 days 01:16:09.642000
2024-07-07 14:21:07.072,OnTrack,3431,9097,2063,pos,0 days 00:17:54.531000,0 days 01:16:10.043000
2024-07-07 14:21:07.352,OnTrack,3301,9211,2064,pos,0 days 00:17:54.811000,0 days 01:16:10.323000
2024-07-07 14:21:07.732,OnTrack,3063,9420,2063,pos,0 days 00:17:55.191000,0 days 01:16:10.703000
2024-07-07 14:21:08.111,OnTrack,2848,9607,2061,pos,0 days 00:17:55.570000,0 days 01:16:11.082000
2024-07-07 14:21:08.352,OnTrack,2704,9732,2060,pos,0 days 00:17:55.811000,0 days 01:16:11.323000
2024-07-07 14:21:08.452,OnTrack,2644,9784,2059,pos,0 days 00:17:55.911000,0 days 01:16:11.423000
2024-07-07 14:21:08.651,OnTrack,2525,9888,2058,pos,0 days 00:17:56.110000,0 days 01:16:11.622000
2024-07-07 14:21:08.832,OnTrack,2418,9982,2056,pos,0 days 00:17:56.291000,0 days 01:16:11.803000
2024-07-07 14:21:09.012,OnTrack,2297,10090,2054,pos,0 days 00:17:56.471000,0 days 01:16:11.983000
2024-07-07 14:21:09.332,OnTrack,2107,10259,2051,pos,0 days 00:17:56.791000,0 days 01:16:12.303000
2024-07-07 14:21:09.431,OnTrack,2048,10312,2050,pos,0 days 00:17:56.890000,0 days 01:16:12.402000
2024-07-07 14:21:09.751,OnTrack,1800,10532,2046,pos,0 days 00:17:57.210000,0 days 01:16:12.722000
2024-07-07 14:21:10.031,OnTrack,1697,10617,2045,pos,0 days 00:17:57.490000,0 days 01:16:13.002000
2024-07-07 14:21:10.231,OnTrack,1573,10712,2043,pos,0 days 00:17:57.690000,0 days 01:16:13.202000
2024-07-07 14:21:10.431,OnTrack,1458,10786,2041,pos,0 days 00:17:57.890000,0 days 01:16:13.402000
2024-07-07 14:21:10.612,OnTrack,1353,10843,2039,pos,0 days 00:17:58.071000,0 days 01:16:13.583000
2024-07-07 14:21:10.892,OnTrack,1121,10927,2036,pos,0 days 00:17:58.351000,0 days 01:16:13.863000
2024-07-07 14:21:11.371,OnTrack,946,10949,2035,pos,0 days 00:17:58.830000,0 days 01:16:14.342000
2024-07-07 14:21:11.611,OnTrack,822,10948,2034,pos,0 days 00:17:59.070000,0 days 01:16:14.582000
2024-07-07 14:21:11.791,OnTrack,695,10934,2033,pos,0 days 00:17:59.250000,0 days 01:16:14.762000
2024-07-07 14:21:12.191,OnTrack,521,10866,2032,pos,0 days 00:17:59.650000,0 days 01:16:15.162000
2024-07-07 14:21:12.592,OnTrack,424,10799,2032,pos,0 days 00:18:00.051000,0 days 01:16:15.563000
2024-07-07 14:21:12.772,OnTrack,350,10713,2032,pos,0 days 00:18:00.231000,0 days 01:16:15.743000
2024-07-07 14:21:13.092,OnTrack,298,10630,2033,pos,0 days 00:18:00.551000,0 days 01:16:16.063000
2024-07-07 14:21:13.452,OnTrack,235,10493,2033,pos,0 days 00:18:00.911000,0 days 01:16:16.423000
2024-07-07 14:21:13.551,OnTrack,222,10454,2033,pos,0 days 00:18:01.010000,0 days 01:16:16.522000
2024-07-07 14:21:13.831,OnTrack,200,10336,2033,pos,0 days 00:18:01.290000,0 days 01:16:16.802000
2024-07-07 14:21:14.032,OnTrack,192,10247,2033,pos,0 days 00:18:01.491000,0 days 01:16:17.003000
2024-07-07 14:21:14.232,OnTrack,186,10109,2034,pos,0 days 00:18:01.691000,0 days 01:16:17.203000
2024-07-07 14:21:14.631,OnTrack,176,9966,2035,pos,0 days 00:18:02.090000,0 days 01:16:17.602000
2024-07-07 14:21:14.832,OnTrack,163,9872,2036,pos,0 days 00:18:02.291000,0 days 01:16:17.803000
2024-07-07 14:21:15.032,OnTrack,140,9794,2037,pos,0 days 00:18:02.491000,0 days 01:16:18.003000
2024-07-07 14:21:15.211,OnTrack,109,9726,2038,pos,0 days 00:18:02.670000,0 days 01:16:18.182000
2024-07-07 14:21:15.432,OnTrack,63,9654,2039,pos,0 days 00:18:02.891000,0 days 01:16:18.403000
2024-07-07 14:21:15.672,OnTrack,5,9588,2040,pos,0 days 00:18:03.131000,0 days 01:16:18.643000
2024-07-07 14:21:15.872,OnTrack,-74,9525,2040,pos,0 days 00:18:03.331000,0 days 01:16:18.843000
2024-07-07 14:21:16.211,OnTrack,-140,9487,2040,pos,0 days 00:18:03.670000,0 days 01:16:19.182000
2024-07-07 14:21:16.471,OnTrack,-212,9458,2041,pos,0 days 00:18:03.930000,0 days 01:16:19.442000
2024-07-07 14:21:16.571,OnTrack,-239,9451,2041,pos,0 days 00:18:04.030000,0 days 01:16:19.542000
2024-07-07 14:21:16.931,OnTrack,-354,9443,2040,pos,0 days 00:18:04.390000,0 days 01:16:19.902000
2024-07-07 14:21:17.271,OnTrack,-424,9457,2040,pos,0 days 00:18:04.730000,0 days 01:16:20.242000
2024-07-07 14:21:17.531,OnTrack,-487,9484,2040,pos,0 days 00:18:04.990000,0 days 01:16:20.502000
2024-07-07 14:21:17.751,OnTrack,-534,9514,2039,pos,0 days 00:18:05.210000,0 days 01:16:20.722000
2024-07-07 14:21:18.451,OnTrack,-688,9693,2035,pos,0 days 00:18:05.910000,0 days 01:16:21.422000
2024-07-07 14:21:18.832,OnTrack,-725,9771,2034,pos,0 days 00:18:06.291000,0 days 01:16:21.803000
2024-07-07 14:21:18.991,OnTrack,-742,9822,2033,pos,0 days 00:18:06.450000,0 days 01:16:21.962000
2024-07-07 14:21:19.352,OnTrack,-769,9946,2032,pos,0 days 00:18:06.811000,0 days 01:16:22.323000
2024-07-07 14:21:19.531,OnTrack,-776,10042,2032,pos,0 days 00:18:06.990000,0 days 01:16:22.502000
2024-07-07 14:21:19.811,OnTrack,-774,10123,2031,pos,0 days 00:18:07.270000,0 days 01:16:22.782000
2024-07-07 14:21:20.031,OnTrack,-765,10215,2031,pos,0 days 00:18:07.490000,0 days 01:16:23.002000
2024-07-07 14:21:20.432,OnTrack,-731,10392,2030,pos,0 days 00:18:07.891000,0 days 01:16:23.403000
2024-07-07 14:21:20.651,OnTrack,-705,10485,2028,pos,0 days 00:18:08.110000,0 days 01:16:23.622000
2024-07-07 14:21:20.732,OnTrack,-667,10590,2027,pos,0 days 00:18:08.191000,0 days 01:16:23.703000
2024-07-07 14:21:21.112,OnTrack,-619,10709,2025,pos,0 days 00:18:08.571000,0 days 01:16:24.083000
2024-07-07 14:21:21.451,OnTrack,-540,10876,2023,pos,0 days 00:18:08.910000,0 days 01:16:24.422000
2024-07-07 14:21:21.512,OnTrack,-522,10912,2023,pos,0 days 00:18:08.971000,0 days 01:16:24.483000
2024-07-07 14:21:21.852,OnTrack,-431,11083,2021,pos,0 days 00:18:09.311000,0 days 01:16:24.823000
2024-07-07 14:21:22.032,OnTrack,-375,11185,2021,pos,0 days 00:18:09.491000,0 days 01:16:25.003000
2024-07-07 14:21:22.252,OnTrack,-305,11302,2021,pos,0 days 00:18:09.711000,0 days 01:16:25.223000
2024-07-07 14:21:22.432,OnTrack,-212,11440,2021,pos,0 days 00:18:09.891000,0 days 01:16:25.403000
2024-07-07 14:21:22.811,OnTrack,-51,11649,2021,pos,0 days 00:18:10.270000,0 days 01:16:25.782000
2024-07-07 14:21:23.151,OnTrack,55,11771,2021,pos,0 days 00:18:10.610000,0 days 01:16:26.122000
2024-07-07 14:21:23.412,OnTrack,176,11894,2023,pos,0 days 00:18:10.871000,0 days 01:16:26.383000
2024-07-07 14:21:23.571,OnTrack,261,11977,2024,pos,0 days 00:18:11.030000,0 days 01:16:26.542000
2024-07-07 14:21:23.911,OnTrack,510,12187,2024,pos,0 days 00:18:11.370000,0 days 01:16:26.882000
2024-07-07 14:21:24.212,OnTrack,615,12264,2024,pos,0 days 00:18:11.671000,0 days 01:16:27.183000
2024-07-07 14:21:24.411,OnTrack,735,12343,2024,pos,0 days 00:18:11.870000,0 days 01:16:27.382000
2024-07-07 14:21:24.631,OnTrack,877,12421,2025,pos,0 days 00:18:12.090000,0 days 01:16:27.602000
2024-07-07 14:21:24.871,OnTrack,1039,12496,2025,pos,0 days 00:18:12.330000,0 days 01:16:27.842000
2024-07-07 14:21:25.092,OnTrack,1192,12558,2025,pos,0 days 00:18:12.551000,0 days 01:16:28.063000
2024-07-07 14:21:25.251,OnTrack,1401,12628,2025,pos,0 days 00:18:12.710000,0 days 01:16:28.222000
2024-07-07 14:21:25.652,OnTrack,1705,12707,2026,pos,0 days 00:18:13.111000,0 days 01:16:28.623000
2024-07-07 14:21:26.011,OnTrack,1871,12740,2027,pos,0 days 00:18:13.470000,0 days 01:16:28.982000
2024-07-07 14:21:26.371,OnTrack,2229,12792,2029,pos,0 days 00:18:13.830000,0 days 01:16:29.342000
2024-07-07 14:21:26.672,OnTrack,2400,12811,2030,pos,0 days 00:18:14.131000,0 days 01:16:29.643000
2024-07-07 14:21:26.851,OnTrack,2541,12826,2031,pos,0 days 00:18:14.310000,0 days 01:16:29.822000
2024-07-07 14:21:27.072,OnTrack,2713,12844,2033,pos,0 days 00:18:14.531000,0 days 01:16:30.043000
2024-07-07 14:21:27.272,OnTrack,2870,12860,2035,pos,0 days 00:18:14.731000,0 days 01:16:30.243000
2024-07-07 14:21:27.552,OnTrack,3091,12882,2037,pos,0 days 00:18:15.011000,0 days 01:16:30.523000
2024-07-07 14:21:27.671,OnTrack,3185,12892,2038,pos,0 days 00:18:15.130000,0 days 01:16:30.642000
2024-07-07 14:21:28.032,OnTrack,3581,12935,2040,pos,0 days 00:18:15.491000,0 days 01:16:31.003000
2024-07-07 14:21:28.251,OnTrack,3644,12942,2040,pos,0 days 00:18:15.710000,0 days 01:16:31.222000
2024-07-07 14:21:28.572,OnTrack,3899,12971,2042,pos,0 days 00:18:16.031000,0 days 01:16:31.543000
2024-07-07 14:21:28.792,OnTrack,4073,12991,2043,pos,0 days 00:18:16.251000,0 days 01:16:31.763000
2024-07-07 14:21:28.952,OnTrack,4200,13008,2044,pos,0 days 00:18:16.411000,0 days 01:16:31.923000
2024-07-07 14:21:29.151,OnTrack,4359,13029,2045,pos,0 days 00:18:16.610000,0 days 01:16:32.122000
2024-07-07 14:21:29.431,OnTrack,4645,13067,2047,pos,0 days 00:18:16.890000,0 days 01:16:32.402000
2024-07-07 14:21:29.831,OnTrack,4899,13095,2048,pos,0 days 00:18:17.290000,0 days 01:16:32.802000
2024-07-07 14:21:29.971,OnTrack,5010,13105,2048,pos,0 days 00:18:17.430000,0 days 01:16:32.942000
2024-07-07 14:21:30.251,OnTrack,5321,13111,2050,pos,0 days 00:18:17.710000,0 days 01:16:33.222000
2024-07-07 14:21:30.691,OnTrack,5619,13055,2051,pos,0 days 00:18:18.150000,0 days 01:16:33.662000
2024-07-07 14:21:31.111,OnTrack,5851,12964,2053,pos,0 days 00:18:18.570000,0 days 01:16:34.082000
2024-07-07 14:21:31.332,OnTrack,5991,12882,2053,pos,0 days 00:18:18.791000,0 days 01:16:34.303000
2024-07-07 14:21:31.491,OnTrack,6165,12747,2055,pos,0 days 00:18:18.950000,0 days 01:16:34.462000
2024-07-07 14:21:31.892,OnTrack,6296,12615,2056,pos,0 days 00:18:19.351000,0 days 01:16:34.863000
2024-07-07 14:21:32.132,OnTrack,6396,12475,2056,pos,0 days 00:18:19.591000,0 days 01:16:35.103000
2024-07-07 14:21:32.331,OnTrack,6509,12259,2058,pos,0 days 00:18:19.790000,0 days 01:16:35.302000
2024-07-07 14:21:32.591,OnTrack,6547,12171,2058,pos,0 days 00:18:20.050000,0 days 01:16:35.562000
2024-07-07 14:21:32.831,OnTrack,6608,12004,2059,pos,0 days 00:18:20.290000,0 days 01:16:35.802000
2024-07-07 14:21:33.171,OnTrack,6697,11702,2062,pos,0 days 00:18:20.630000,0 days 01:16:36.142000
2024-07-07 14:21:33.572,OnTrack,6756,11467,2063,pos,0 days 00:18:21.031000,0 days 01:16:36.543000
2024-07-07 14:21:33.752,OnTrack,6798,11280,2065,pos,0 days 00:18:21.211000,0 days 01:16:36.723000
2024-07-07 14:21:34.152,OnTrack,6846,11031,2067,pos,0 days 00:18:21.611000,0 days 01:16:37.123000
2024-07-07 14:21:34.352,OnTrack,6871,10878,2068,pos,0 days 00:18:21.811000,0 days 01:16:37.323000
2024-07-07 14:21:34.612,OnTrack,6900,10678,2070,pos,0 days 00:18:22.071000,0 days 01:16:37.583000
2024-07-07 14:21:34.672,OnTrack,6906,10631,2070,pos,0 days 00:18:22.131000,0 days 01:16:37.643000
2024-07-07 14:21:35.012,OnTrack,6936,10366,2072,pos,0 days 00:18:22.471000,0 days 01:16:37.983000
2024-07-07 14:21:35.252,OnTrack,6954,10162,2073,pos,0 days 00:18:22.711000,0 days 01:16:38.223000
2024-07-07 14:21:35.592,OnTrack,6970,9908,2074,pos,0 days 00:18:23.051000,0 days 01:16:38.563000
2024-07-07 14:21:35.851,OnTrack,6978,9700,2075,pos,0 days 00:18:23.310000,0 days 01:16:38.822000
2024-07-07 14:21:36.551,OnTrack,6998,9049,2073,pos,0 days 00:18:24.010000,0 days 01:16:39.522000
2024-07-07 14:21:36.871,OnTrack,7010,8907,2072,pos,0 days 00:18:24.330000,0 days 01:16:39.842000
2024-07-07 14:21:37.051,OnTrack,7028,8754,2071,pos,0 days 00:18:24.510000,0 days 01:16:40.022000
2024-07-07 14:21:37.211,OnTrack,7048,8626,2071,pos,0 days 00:18:24.670000,0 days 01:16:40.182000
2024-07-07 14:21:37.471,OnTrack,7090,8419,2069,pos,0 days 00:18:24.930000,0 days 01:16:40.442000
2024-07-07 14:21:37.711,OnTrack,7137,8230,2068,pos,0 days 00:18:25.170000,0 days 01:16:40.682000
2024-07-07 14:21:38.011,OnTrack,7206,7997,2066,pos,0 days 00:18:25.470000,0 days 01:16:40.982000
2024-07-07 14:21:38.191,OnTrack,7253,7860,2064,pos,0 days 00:18:25.650000,0 days 01:16:41.162000
2024-07-07 14:21:38.412,OnTrack,7329,7664,2061,pos,0 days 00:18:25.871000,0 days 01:16:41.383000
2024-07-07 14:21:38.712,OnTrack,7408,7469,2060,pos,0 days 00:18:26.171000,0 days 01:16:41.683000
2024-07-07 14:21:38.992,OnTrack,7482,7258,2058,pos,0 days 00:18:26.451000,0 days 01:16:41.963000
2024-07-07 14:21:39.091,OnTrack,7501,7190,2058,pos,0 days 00:18:26.550000,0 days 01:16:42.062000
2024-07-07 14:21:39.311,OnTrack,7533,7023,2058,pos,0 days 00:18:26.770000,0 days 01:16:42.282000
2024-07-07 14:21:39.631,OnTrack,7520,6689,2058,pos,0 days 00:18:27.090000,0 days 01:16:42.602000
2024-07-07 14:21:39.931,OnTrack,7496,6552,2059,pos,0 days 00:18:27.390000,0 days 01:16:42.902000
2024-07-07 14:21:40.112,OnTrack,7467,6426,2060,pos,0 days 00:18:27.571000,0 days 01:16:43.083000
2024-07-07 14:21:40.352,OnTrack,7423,6251,2061,pos,0 days 00:18:27.811000,0 days 01:16:43.323000
2024-07-07 14:21:40.572,OnTrack,7383,6090,2062,pos,0 days 00:18:28.031000,0 days 01:16:43.543000
2024-07-07 14:21:40.852,OnTrack,7341,5879,2063,pos,0 days 00:18:28.311000,0 days 01:16:43.823000
2024-07-07 14:21:41.092,OnTrack,7321,5710,2063,pos,0 days 00:18:28.551000,0 days 01:16:44.063000
2024-07-07 14:21:41.152,OnTrack,7318,5669,2063,pos,0 days 00:18:28.611000,0 days 01:16:44.123000
2024-07-07 14:21:41.452,OnTrack,7326,5468,2062,pos,0 days 00:18:28.911000,0 days 01:16:44.423000
2024-07-07 14:21:41.732,OnTrack,7377,5264,2061,pos,0 days 00:18:29.191000,0 days 01:16:44.703000
2024-07-07 14:21:41.952,OnTrack,7424,5153,2059,pos,0 days 00:18:29.411000,0 days 01:16:44.923000
2024-07-07 14:21:42.232,OnTrack,7514,4988,2057,pos,0 days 00:18:29.691000,0 days 01:16:45.203000
2024-07-07 14:21:42.411,OnTrack,7576,4885,2056,pos,0 days 00:18:29.870000,0 days 01:16:45.382000
2024-07-07 14:21:42.731,OnTrack,7678,4708,2053,pos,0 days 00:18:30.190000,0 days 01:16:45.702000
2024-07-07 14:21:42.891,OnTrack,7718,4622,2052,pos,0 days 00:18:30.350000,0 days 01:16:45.862000
2024-07-07 14:21:43.091,OnTrack,7757,4514,2050,pos,0 days 00:18:30.550000,0 days 01:16:46.062000
2024-07-07 14:21:43.211,OnTrack,7773,4449,2050,pos,0 days 00:18:30.670000,0 days 01:16:46.182000
2024-07-07 14:21:43.471,OnTrack,7790,4310,2048,pos,0 days 00:18:30.930000,0 days 01:16:46.442000
2024-07-07 14:21:43.771,OnTrack,7770,4121,2044,pos,0 days 00:18:31.230000,0 days 01:16:46.742000
2024-07-07 14:21:44.211,OnTrack,7682,3873,2040,pos,0 days 00:18:31.670000,0 days 01:16:47.182000
2024-07-07 14:21:44.471,OnTrack,7647,3806,2040,pos,0 days 00:18:31.930000,0 days 01:16:47.442000
2024-07-07 14:21:44.672,OnTrack,7588,3714,2039,pos,0 days 00:18:32.131000,0 days 01:16:47.643000
2024-07-07 14:21:45.011,OnTrack,7429,3539,2036,pos,0 days 00:18:32.470000,0 days 01:16:47.982000
2024-07-07 14:21:45.311,OnTrack,7324,3462,2034,pos,0 days 00:18:32.770000,0 days 01:16:48.282000
2024-07-07 14:21:45.552,OnTrack,7196,3388,2033,pos,0 days 00:18:33.011000,0 days 01:16:48.523000
2024-07-07 14:21:45.871,OnTrack,6974,3270,2030,pos,0 days 00:18:33.330000,0 days 01:16:48.842000
2024-07-07 14:21:46.171,OnTrack,6789,3134,2028,pos,0 days 00:18:33.630000,0 days 01:16:49.142000
2024-07-07 14:21:46.572,OnTrack,6663,3012,2028,pos,0 days 00:18:34.031000,0 days 01:16:49.543000
2024-07-07 14:21:46.771,OnTrack,6570,2912,2028,pos,0 days 00:18:34.230000,0 days 01:16:49.742000
2024-07-07 14:21:47.051,OnTrack,6447,2766,2027,pos,0 days 00:18:34.510000,0 days 01:16:50.022000
2024-07-07 14:21:47.232,OnTrack,6365,2656,2027,pos,0 days 00:18:34.691000,0 days 01:16:50.203000
2024-07-07 14:21:47.472,OnTrack,6273,2514,2026,pos,0 days 00:18:34.931000,0 days 01:16:50.443000
2024-07-07 14:21:47.692,OnTrack,6196,2381,2026,pos,0 days 00:18:35.151000,0 days 01:16:50.663000
2024-07-07 14:21:47.892,OnTrack,6127,2254,2025,pos,0 days 00:18:35.351000,0 days 01:16:50.863000
2024-07-07 14:21:48.052,OnTrack,6073,2151,2025,pos,0 days 00:18:35.511000,0 days 01:16:51.023000
2024-07-07 14:21:48.292,OnTrack,5949,1900,2024,pos,0 days 00:18:35.751000,0 days 01:16:51.263000
2024-07-07 14:21:48.691,OnTrack,5864,1726,2024,pos,0 days 00:18:36.150000,0 days 01:16:51.662000
2024-07-07 14:21:48.891,OnTrack,5766,1523,2023,pos,0 days 00:18:36.350000,0 days 01:16:51.862000
2024-07-07 14:21:49.191,OnTrack,5700,1386,2022,pos,0 days 00:18:36.650000,0 days 01:16:52.162000
2024-07-07 14:21:49.491,OnTrack,5602,1179,2021,pos,0 days 00:18:36.950000,0 days 01:16:52.462000
2024-07-07 14:21:49.731,OnTrack,5523,1013,2020,pos,0 days 00:18:37.190000,0 days 01:16:52.702000
2024-07-07 14:21:49.951,OnTrack,5453,866,2019,pos,0 days 00:18:37.410000,0 days 01:16:52.922000
2024-07-07 14:21:50.131,OnTrack,5389,732,2018,pos,0 days 00:18:37.590000,0 days 01:16:53.102000
2024-07-07 14:21:50.332,OnTrack,5321,591,2016,pos,0 days 00:18:37.791000,0 days 01:16:53.303000
2024-07-07 14:21:50.491,OnTrack,5269,485,2016,pos,0 days 00:18:37.950000,0 days 01:16:53.462000
2024-07-07 14:21:50.652,OnTrack,5211,364,2015,pos,0 days 00:18:38.111000,0 days 01:16:53.623000
2024-07-07 14:21:50.932,OnTrack,5113,164,2013,pos,0 days 00:18:38.391000,0 days 01:16:53.903000
2024-07-07 14:21:51.152,OnTrack,5037,5,2012,pos,0 days 00:18:38.611000,0 days 01:16:54.123000
2024-07-07 14:21:51.391,OnTrack,4954,-167,2011,pos,0 days 00:18:38.850000,0 days 01:16:54.362000
2024-07-07 14:21:51.651,OnTrack,4863,-355,2010,pos,0 days 00:18:39.110000,0 days 01:16:54.622000
2024-07-07 14:21:51.831,OnTrack,4800,-486,2009,pos,0 days 00:18:39.290000,0 days 01:16:54.802000
2024-07-07 14:21:52.012,OnTrack,4688,-719,2008,pos,0 days 00:18:39.471000,0 days 01:16:54.983000
2024-07-07 14:21:52.512,OnTrack,4526,-1053,2006,pos,0 days 00:18:39.971000,0 days 01:16:55.483000
2024-07-07 14:21:52.771,OnTrack,4473,-1162,2004,pos,0 days 00:18:40.230000,0 days 01:16:55.742000
2024-07-07 14:21:53.112,OnTrack,4302,-1510,2000,pos,0 days 00:18:40.571000,0 days 01:16:56.083000
2024-07-07 14:21:53.452,OnTrack,4227,-1662,1998,pos,0 days 00:18:40.911000,0 days 01:16:56.423000
2024-07-07 14:21:53.632,OnTrack,4162,-1792,1997,pos,0 days 00:18:41.091000,0 days 01:16:56.603000
2024-07-07 14:21:53.932,OnTrack,4024,-2067,1994,pos,0 days 00:18:41.391000,0 days 01:16:56.903000
2024-07-07 14:21:54.212,OnTrack,3950,-2210,1994,pos,0 days 00:18:41.671000,0 days 01:16:57.183000
2024-07-07 14:21:54.552,OnTrack,3824,-2454,1994,pos,0 days 00:18:42.011000,0 days 01:16:57.523000
2024-07-07 14:21:54.732,OnTrack,3716,-2659,1996,pos,0 days 00:18:42.191000,0 days 01:16:57.703000
2024-07-07 14:21:55.112,OnTrack,3616,-2844,1998,pos,0 days 00:18:42.571000,0 days 01:16:58.083000
2024-07-07 14:21:55.412,OnTrack,3499,-3054,2001,pos,0 days 00:18:42.871000,0 days 01:16:58.383000
2024-07-07 14:21:55.551,OnTrack,3443,-3151,2004,pos,0 days 00:18:43.010000,0 days 01:16:58.522000
2024-07-07 14:21:55.751,OnTrack,3303,-3381,2009,pos,0 days 00:18:43.210000,0 days 01:16:58.722000
2024-07-07 14:21:56.151,OnTrack,3186,-3548,2013,pos,0 days 00:18:43.610000,0 days 01:16:59.122000
2024-07-07 14:21:56.391,OnTrack,3073,-3687,2016,pos,0 days 00:18:43.850000,0 days 01:16:59.362000
2024-07-07 14:21:56.592,OnTrack,2978,-3789,2018,pos,0 days 00:18:44.051000,0 days 01:16:59.563000
2024-07-07 14:21:56.872,OnTrack,2800,-3934,2022,pos,0 days 00:18:44.331000,0 days 01:16:59.843000
2024-07-07 14:21:57.192,OnTrack,2672,-4008,2025,pos,0 days 00:18:44.651000,0 days 01:17:00.163000
2024-07-07 14:21:57.412,OnTrack,2551,-4060,2026,pos,0 days 00:18:44.871000,0 days 01:17:00.383000
2024-07-07 14:21:57.631,OnTrack,2442,-4093,2028,pos,0 days 00:18:45.090000,0 days 01:17:00.602000
2024-07-07 14:21:57.871,OnTrack,2265,-4116,2031,pos,0 days 00:18:45.330000,0 days 01:17:00.842000
2024-07-07 14:21:58.252,OnTrack,2101,-4105,2032,pos,0 days 00:18:45.711000,0 days 01:17:01.223000
2024-07-07 14:21:58.391,OnTrack,2026,-4090,2033,pos,0 days 00:18:45.850000,0 days 01:17:01.362000
2024-07-07 14:21:58.671,OnTrack,1823,-4016,2033,pos,0 days 00:18:46.130000,0 days 01:17:01.642000
2024-07-07 14:21:59.072,OnTrack,1691,-3938,2033,pos,0 days 00:18:46.531000,0 days 01:17:02.043000
2024-07-07 14:21:59.251,OnTrack,1611,-3878,2032,pos,0 days 00:18:46.710000,0 days 01:17:02.222000
2024-07-07 14:21:59.432,OnTrack,1535,-3810,2031,pos,0 days 00:18:46.891000,0 days 01:17:02.403000
2024-07-07 14:21:59.712,OnTrack,1429,-3694,2030,pos,0 days 00:18:47.171000,0 days 01:17:02.683000
2024-07-07 14:21:59.872,OnTrack,1368,-3615,2029,pos,0 days 00:18:47.331000,0 days 01:17:02.843000
2024-07-07 14:22:00.031,OnTrack,1313,-3535,2027,pos,0 days 00:18:47.490000,0 days 01:17:03.002000
2024-07-07 14:22:00.212,OnTrack,1256,-3440,2025,pos,0 days 00:18:47.671000,0 days 01:17:03.183000
2024-07-07 14:22:00.472,OnTrack,1181,-3302,2021,pos,0 days 00:18:47.931000,0 days 01:17:03.443000
2024-07-07 14:22:00.651,OnTrack,1125,-3195,2018,pos,0 days 00:18:48.110000,0 days 01:17:03.622000
2024-07-07 14:22:00.911,OnTrack,1045,-3048,2012,pos,0 days 00:18:48.370000,0 days 01:17:03.882000
2024-07-07 14:22:01.092,OnTrack,985,-2946,2008,pos,0 days 00:18:48.551000,0 days 01:17:04.063000
2024-07-07 14:22:01.352,OnTrack,890,-2801,2001,pos,0 days 00:18:48.811000,0 days 01:17:04.323000
2024-07-07 14:22:01.471,OnTrack,844,-2734,1997,pos,0 days 00:18:48.930000,0 days 01:17:04.442000
2024-07-07 14:22:01.792,OnTrack,714,-2557,1990,pos,0 days 00:18:49.251000,0 days 01:17:04.763000
2024-07-07 14:22:01.992,OnTrack,582,-2378,1985,pos,0 days 00:18:49.451000,0 days 01:17:04.963000
2024-07-07 14:22:02.431,OnTrack,447,-2196,1984,pos,0 days 00:18:49.890000,0 days 01:17:05.402000
2024-07-07 14:22:02.571,OnTrack,380,-2107,1985,pos,0 days 00:18:50.030000,0 days 01:17:05.542000
2024-07-07 14:22:02.731,OnTrack,311,-2016,1985,pos,0 days 00:18:50.190000,0 days 01:17:05.702000
2024-07-07 14:22:02.911,OnTrack,232,-1916,1986,pos,0 days 00:18:50.370000,0 days 01:17:05.882000
2024-07-07 14:22:03.231,OnTrack,420,-1968,1986,pos,0 days 00:18:50.690000,0 days 01:17:06.202000
2024-07-07 14:22:03.571,OnTrack,343,-1853,1986,pos,0 days 00:18:51.030000,0 days 01:17:06.542000
2024-07-07 14:22:03.791,OnTrack,256,-1723,1986,pos,0 days 00:18:51.250000,0 days 01:17:06.762000
2024-07-07 14:22:04.111,OnTrack,98,-1487,1986,pos,0 days 00:18:51.570000,0 days 01:17:07.082000
2024-07-07 14:22:04.391,OnTrack,23,-1375,1986,pos,0 days 00:18:51.850000,0 days 01:17:07.362000
2024-07-07 14:22:04.591,OnTrack,-47,-1269,1986,pos,0 days 00:18:52.050000,0 days 01:17:07.562000
2024-07-07 14:22:04.852,OnTrack,-132,-1149,1986,pos,0 days 00:18:52.311000,0 days 01:17:07.823000
2024-07-07 14:22:05.092,OnTrack,-231,-1016,1986,pos,0 days 00:18:52.551000,0 days 01:17:08.063000
2024-07-07 14:22:05.511,OnTrack,-319,-913,1986,pos,0 days 00:18:52.970000,0 days 01:17:08.482000
2024-07-07 14:22:05.632,OnTrack,-350,-877,1986,pos,0 days 00:18:53.091000,0 days 01:17:08.603000
2024-07-07 14:22:05.912,OnTrack,-417,-803,1986,pos,0 days 00:18:53.371000,0 days 01:17:08.883000
2024-07-07 14:22:06.091,OnTrack,-456,-760,1986,pos,0 days 00:18:53.550000,0 days 01:17:09.062000
2024-07-07 14:22:06.252,OnTrack,-489,-724,1986,pos,0 days 00:18:53.711000,0 days 01:17:09.223000
2024-07-07 14:22:06.432,OnTrack,-523,-687,1986,pos,0 days 00:18:53.891000,0 days 01:17:09.403000
2024-07-07 14:22:06.651,OnTrack,-561,-646,1986,pos,0 days 00:18:54.110000,0 days 01:17:09.622000
2024-07-07 14:22:06.871,OnTrack,-596,-609,1986,pos,0 days 00:18:54.330000,0 days 01:17:09.842000
2024-07-07 14:22:07.191,OnTrack,-676,-524,1986,pos,0 days 00:18:54.650000,0 days 01:17:10.162000
2024-07-07 14:22:07.411,OnTrack,-928,-256,1986,pos,0 days 00:18:54.870000,0 days 01:17:10.382000
2024-07-07 14:22:07.612,OnTrack,-959,-224,1986,pos,0 days 00:18:55.071000,0 days 01:17:10.583000
2024-07-07 14:22:07.731,OnTrack,-977,-205,1986,pos,0 days 00:18:55.190000,0 days 01:17:10.702000
2024-07-07 14:22:08.032,OnTrack,-1032,-147,1986,pos,0 days 00:18:55.491000,0 days 01:17:11.003000
2024-07-07 14:22:08.352,OnTrack,-1071,-105,1986,pos,0 days 00:18:55.811000,0 days 01:17:11.323000
2024-07-07 14:22:08.572,OnTrack,-1104,-70,1986,pos,0 days 00:18:56.031000,0 days 01:17:11.543000
2024-07-07 14:22:08.811,OnTrack,-1141,-31,1986,pos,0 days 00:18:56.270000,0 days 01:17:11.782000
2024-07-07 14:22:09.031,OnTrack,-1195,26,1986,pos,0 days 00:18:56.490000,0 days 01:17:12.002000
2024-07-07 14:22:09.411,OnTrack,-1252,85,1986,pos,0 days 00:18:56.870000,0 days 01:17:12.382000
2024-07-07 14:22:09.791,OnTrack,-1290,125,1986,pos,0 days 00:18:57.250000,0 days 01:17:12.762000
2024-07-07 14:22:10.011,OnTrack,-1322,159,1986,pos,0 days 00:18:57.470000,0 days 01:17:12.982000
2024-07-07 14:22:10.171,OnTrack,-1345,184,1986,pos,0 days 00:18:57.630000,0 days 01:17:13.142000
2024-07-07 14:22:10.411,OnTrack,-1381,222,1986,pos,0 days 00:18:57.870000,0 days 01:17:13.382000
2024-07-07 14:22:10.651,OnTrack,-1418,261,1986,pos,0 days 00:18:58.110000,0 days 01:17:13.622000
2024-07-07 14:22:10.812,OnTrack,-1442,286,1986,pos,0 days 00:18:58.271000,0 days 01:17:13.783000
2024-07-07 14:22:11.131,OnTrack,-1505,354,1986,pos,0 days 00:18:58.590000,0 days 01:17:14.102000
2024-07-07 14:22:11.511,OnTrack,-1540,393,1986,pos,0 days 00:18:58.970000,0 days 01:17:14.482000
2024-07-07 14:22:11.672,OnTrack,-1560,422,1986,pos,0 days 00:18:59.131000,0 days 01:17:14.643000
2024-07-07 14:22:11.811,OnTrack,-1575,448,1986,pos,0 days 00:18:59.270000,0 days 01:17:14.782000
2024-07-07 14:22:12.051,OnTrack,-1598,495,1986,pos,0 days 00:18:59.510000,0 days 01:17:15.022000
2024-07-07 14:22:12.291,OnTrack,-1614,545,1986,pos,0 days 00:18:59.750000,0 days 01:17:15.262000
2024-07-07 14:22:12.571,OnTrack,-1624,606,1986,pos,0 days 00:19:00.030000,0 days 01:17:15.542000
2024-07-07 14:22:12.831,OnTrack,-1627,663,1986,pos,0 days 00:19:00.290000,0 days 01:17:15.802000
2024-07-07 14:22:12.911,OnTrack,-1626,680,1986,pos,0 days 00:19:00.370000,0 days 01:17:15.882000
2024-07-07 14:22:13.091,OnTrack,-1622,719,1986,pos,0 days 00:19:00.550000,0 days 01:17:16.062000
2024-07-07 14:22:13.272,OnTrack,-1605,791,1986,pos,0 days 00:19:00.731000,0 days 01:17:16.243000
2024-07-07 14:22:13.572,OnTrack,-1575,858,1986,pos,0 days 00:19:01.031000,0 days 01:17:16.543000
2024-07-07 14:22:13.792,OnTrack,-1549,900,1986,pos,0 days 00:19:01.251000,0 days 01:17:16.763000
2024-07-07 14:22:13.991,OnTrack,-1524,937,1986,pos,0 days 00:19:01.450000,0 days 01:17:16.962000
2024-07-07 14:22:14.172,OnTrack,-1503,971,1986,pos,0 days 00:19:01.631000,0 days 01:17:17.143000
2024-07-07 14:22:14.412,OnTrack,-1473,1015,1986,pos,0 days 00:19:01.871000,0 days 01:17:17.383000
2024-07-07 14:22:14.672,OnTrack,-1441,1063,1986,pos,0 days 00:19:02.131000,0 days 01:17:17.643000
2024-07-07 14:22:14.772,OnTrack,-1428,1081,1986,pos,0 days 00:19:02.231000,0 days 01:17:17.743000
2024-07-07 14:22:14.972,OnTrack,-1404,1118,1986,pos,0 days 00:19:02.431000,0 days 01:17:17.943000
2024-07-07 14:22:15.171,OnTrack,-1379,1155,1986,pos,0 days 00:19:02.630000,0 days 01:17:18.142000
2024-07-07 14:22:15.511,OnTrack,-1337,1218,1986,pos,0 days 00:19:02.970000,0 days 01:17:18.482000
2024-07-07 14:22:15.671,OnTrack,-1319,1245,1986,pos,0 days 00:19:03.130000,0 days 01:17:18.642000
2024-07-07 14:22:15.791,OnTrack,-1316,1249,1986,pos,0 days 00:19:03.250000,0 days 01:17:18.762000
2024-07-07 14:22:16.151,OnTrack,-1262,1330,1986,pos,0 days 00:19:03.610000,0 days 01:17:19.122000
2024-07-07 14:22:16.411,OnTrack,-1240,1363,1986,pos,0 days 00:19:03.870000,0 days 01:17:19.382000
2024-07-07 14:22:16.691,OnTrack,-1205,1415,1986,pos,0 days 00:19:04.150000,0 days 01:17:19.662000
2024-07-07 14:22:16.851,OnTrack,-1186,1444,1986,pos,0 days 00:19:04.310000,0 days 01:17:19.822000
2024-07-07 14:22:17.151,OnTrack,-1149,1499,1986,pos,0 days 00:19:04.610000,0 days 01:17:20.122000
2024-07-07 14:22:17.352,OnTrack,-1072,1613,1986,pos,0 days 00:19:04.811000,0 days 01:17:20.323000
2024-07-07 14:22:17.711,OnTrack,-1043,1657,1986,pos,0 days 00:19:05.170000,0 days 01:17:20.682000
2024-07-07 14:22:17.892,OnTrack,-1021,1689,1986,pos,0 days 00:19:05.351000,0 days 01:17:20.863000
2024-07-07 14:22:18.071,OnTrack,-1001,1720,1986,pos,0 days 00:19:05.530000,0 days 01:17:21.042000
2024-07-07 14:22:18.231,OnTrack,-983,1746,1986,pos,0 days 00:19:05.690000,0 days 01:17:21.202000
2024-07-07 14:22:18.511,OnTrack,-954,1790,1986,pos,0 days 00:19:05.970000,0 days 01:17:21.482000
2024-07-07 14:22:18.732,OnTrack,-933,1822,1986,pos,0 days 00:19:06.191000,0 days 01:17:21.703000
2024-07-07 14:22:19.012,OnTrack,-910,1856,1986,pos,0 days 00:19:06.471000,0 days 01:17:21.983000
2024-07-07 14:22:19.212,OnTrack,-886,1891,1986,pos,0 days 00:19:06.671000,0 days 01:17:22.183000
2024-07-07 14:22:19.492,OnTrack,-877,1904,1986,pos,0 days 00:19:06.951000,0 days 01:17:22.463000
2024-07-07 14:22:19.792,OnTrack,-862,1928,1986,pos,0 days 00:19:07.251000,0 days 01:17:22.763000
2024-07-07 14:22:19.971,OnTrack,-854,1940,1986,pos,0 days 00:19:07.430000,0 days 01:17:22.942000
2024-07-07 14:22:20.231,OnTrack,-842,1957,1986,pos,0 days 00:19:07.690000,0 days 01:17:23.202000
2024-07-07 14:22:20.672,OnTrack,-837,1965,1986,pos,0 days 00:19:08.131000,0 days 01:17:23.643000
2024-07-07 14:22:20.992,OnTrack,-836,1966,1986,pos,0 days 00:19:08.451000,0 days 01:17:23.963000
2024-07-07 14:22:21.312,OnTrack,-836,1966,1986,pos,0 days 00:19:08.771000,0 days 01:17:24.283000
2024-07-07 14:22:21.672,OnTrack,-836,1966,1986,pos,0 days 00:19:09.131000,0 days 01:17:24.643000
2024-07-07 14:22:21.851,OnTrack,-836,1966,1986,pos,0 days 00:19:09.310000,0 days 01:17:24.822000
2024-07-07 14:22:22.051,OnTrack,-836,1966,1986,pos,0 days 00:19:09.510000,0 days 01:17:25.022000
2024-07-07 14:22:22.251,OnTrack,-836,1966,1986,pos,0 days 00:19:09.710000,0 days 01:17:25.222000
2024-07-07 14:22:22.471,OnTrack,-836,1966,1986,pos,0 days 00:19:09.930000,0 days 01:17:25.442000
2024-07-07 14:22:22.732,OnTrack,-836,1966,1986,pos,0 days 00:19:10.191000,0 days 01:17:25.703000
2024-07-07 14:22:22.871,OnTrack,-836,1966,1986,pos,0 days 00:19:10.330000,0 days 01:17:25.842000
2024-07-07 14:22:23.032,OnTrack,-836,1966,1986,pos,0 days 00:19:10.491000,0 days 01:17:26.003000
2024-07-07 14:22:23.191,OnTrack,-836,1966,1986,pos,0 days 00:19:10.650000,0 days 01:17:26.162000
2024-07-07 14:22:23.471,OnTrack,-836,1966,1986,pos,0 days 00:19:10.930000,0 days 01:17:26.442000
2024-07-07 14:22:23.651,OnTrack,-836,1966,1986,pos,0 days 00:19:11.110000,0 days 01:17:26.622000
2024-07-07 14:22:23.832,OnTrack,-836,1966,1986,pos,0 days 00:19:11.291000,0 days 01:17:26.803000
2024-07-07 14:22:24.071,OnTrack,-836,1967,1986,pos,0 days 00:19:11.530000,0 days 01:17:27.042000
2024-07-07 14:22:24.372,OnTrack,-832,1973,1986,pos,0 days 00:19:11.831000,0 days 01:17:27.343000
2024-07-07 14:22:24.591,OnTrack,-825,1983,1986,pos,0 days 00:19:12.050000,0 days 01:17:27.562000
2024-07-07 14:22:25.071,OnTrack,-805,2014,1986,pos,0 days 00:19:12.530000,0 days 01:17:28.042000
2024-07-07 14:22:25.311,OnTrack,-797,2025,1986,pos,0 days 00:19:12.770000,0 days 01:17:28.282000
2024-07-07 14:22:25.512,OnTrack,-785,2043,1986,pos,0 days 00:19:12.971000,0 days 01:17:28.483000
2024-07-07 14:22:25.732,OnTrack,-770,2065,1986,pos,0 days 00:19:13.191000,0 days 01:17:28.703000
2024-07-07 14:22:26.032,OnTrack,-747,2100,1986,pos,0 days 00:19:13.491000,0 days 01:17:29.003000
2024-07-07 14:22:26.332,OnTrack,-707,2159,1986,pos,0 days 00:19:13.791000,0 days 01:17:29.303000
2024-07-07 14:22:26.552,OnTrack,-697,2173,1986,pos,0 days 00:19:14.011000,0 days 01:17:29.523000
2024-07-07 14:22:26.932,OnTrack,-654,2238,1986,pos,0 days 00:19:14.391000,0 days 01:17:29.903000
2024-07-07 14:22:27.132,OnTrack,-629,2274,1986,pos,0 days 00:19:14.591000,0 days 01:17:30.103000
2024-07-07 14:22:27.291,OnTrack,-610,2303,1986,pos,0 days 00:19:14.750000,0 days 01:17:30.262000
2024-07-07 14:22:27.532,OnTrack,-576,2354,1986,pos,0 days 00:19:14.991000,0 days 01:17:30.503000
2024-07-07 14:22:27.712,OnTrack,-541,2406,1986,pos,0 days 00:19:15.171000,0 days 01:17:30.683000
2024-07-07 14:22:28.072,OnTrack,-508,2454,1986,pos,0 days 00:19:15.531000,0 days 01:17:31.043000
2024-07-07 14:22:28.371,OnTrack,-471,2509,1986,pos,0 days 00:19:15.830000,0 days 01:17:31.342000
2024-07-07 14:22:28.611,OnTrack,-439,2556,1986,pos,0 days 00:19:16.070000,0 days 01:17:31.582000
2024-07-07 14:22:28.831,OnTrack,-414,2593,1986,pos,0 days 00:19:16.290000,0 days 01:17:31.802000
2024-07-07 14:22:29.051,OnTrack,-387,2634,1986,pos,0 days 00:19:16.510000,0 days 01:17:32.022000
2024-07-07 14:22:29.351,OnTrack,-350,2689,1986,pos,0 days 00:19:16.810000,0 days 01:17:32.322000
2024-07-07 14:22:29.511,OnTrack,-329,2719,1986,pos,0 days 00:19:16.970000,0 days 01:17:32.482000
2024-07-07 14:22:29.812,OnTrack,-291,2777,1986,pos,0 days 00:19:17.271000,0 days 01:17:32.783000
2024-07-07 14:22:29.871,OnTrack,-283,2788,1986,pos,0 days 00:19:17.330000,0 days 01:17:32.842000
2024-07-07 14:22:30.131,OnTrack,-251,2835,1986,pos,0 days 00:19:17.590000,0 days 01:17:33.102000
2024-07-07 14:22:30.372,OnTrack,-222,2879,1986,pos,0 days 00:19:17.831000,0 days 01:17:33.343000
2024-07-07 14:22:30.591,OnTrack,-194,2920,1986,pos,0 days 00:19:18.050000,0 days 01:17:33.562000
2024-07-07 14:22:30.811,OnTrack,-167,2960,1986,pos,0 days 00:19:18.270000,0 days 01:17:33.782000
2024-07-07 14:22:30.991,OnTrack,-145,2993,1986,pos,0 days 00:19:18.450000,0 days 01:17:33.962000
2024-07-07 14:22:31.232,OnTrack,-115,3037,1986,pos,0 days 00:19:18.691000,0 days 01:17:34.203000
2024-07-07 14:22:31.532,OnTrack,-66,3111,1986,pos,0 days 00:19:18.991000,0 days 01:17:34.503000
2024-07-07 14:22:31.831,OnTrack,-46,3140,1986,pos,0 days 00:19:19.290000,0 days 01:17:34.802000
2024-07-07 14:22:32.012,OnTrack,-25,3171,1986,pos,0 days 00:19:19.471000,0 days 01:17:34.983000
2024-07-07 14:22:32.231,OnTrack,3,3213,1986,pos,0 days 00:19:19.690000,0 days 01:17:35.202000
2024-07-07 14:22:32.512,OnTrack,37,3265,1986,pos,0 days 00:19:19.971000,0 days 01:17:35.483000
2024-07-07 14:22:32.691,OnTrack,59,3298,1986,pos,0 days 00:19:20.150000,0 days 01:17:35.662000
2024-07-07 14:22:32.912,OnTrack,85,3336,1986,pos,0 days 00:19:20.371000,0 days 01:17:35.883000
2024-07-07 14:22:33.011,OnTrack,99,3356,1986,pos,0 days 00:19:20.470000,0 days 01:17:35.982000
2024-07-07 14:22:33.212,OnTrack,123,3393,1986,pos,0 days 00:19:20.671000,0 days 01:17:36.183000
2024-07-07 14:22:33.412,OnTrack,148,3429,1986,pos,0 days 00:19:20.871000,0 days 01:17:36.383000
2024-07-07 14:22:33.772,OnTrack,207,3518,1986,pos,0 days 00:19:21.231000,0 days 01:17:36.743000
2024-07-07 14:22:34.092,OnTrack,186,3486,1986,pos,0 days 00:19:21.551000,0 days 01:17:37.063000
2024-07-07 14:22:34.332,OnTrack,230,3552,1986,pos,0 days 00:19:21.791000,0 days 01:17:37.303000
2024-07-07 14:22:34.692,OnTrack,260,3596,1986,pos,0 days 00:19:22.151000,0 days 01:17:37.663000
2024-07-07 14:22:34.872,OnTrack,282,3629,1986,pos,0 days 00:19:22.331000,0 days 01:17:37.843000
2024-07-07 14:22:35.031,OnTrack,302,3658,1986,pos,0 days 00:19:22.490000,0 days 01:17:38.002000
2024-07-07 14:22:35.251,OnTrack,329,3698,1986,pos,0 days 00:19:22.710000,0 days 01:17:38.222000
2024-07-07 14:22:35.571,OnTrack,400,3804,1986,pos,0 days 00:19:23.030000,0 days 01:17:38.542000
2024-07-07 14:22:35.871,OnTrack,443,3868,1986,pos,0 days 00:19:23.330000,0 days 01:17:38.842000
2024-07-07 14:22:36.072,OnTrack,468,3905,1986,pos,0 days 00:19:23.531000,0 days 01:17:39.043000
2024-07-07 14:22:36.451,OnTrack,537,3987,1986,pos,0 days 00:19:23.910000,0 days 01:17:39.422000
2024-07-07 14:22:36.791,OnTrack,606,4040,1986,pos,0 days 00:19:24.250000,0 days 01:17:39.762000
2024-07-07 14:22:37.111,OnTrack,643,4063,1986,pos,0 days 00:19:24.570000,0 days 01:17:40.082000
2024-07-07 14:22:37.452,OnTrack,720,4101,1986,pos,0 days 00:19:24.911000,0 days 01:17:40.423000
2024-07-07 14:22:37.671,OnTrack,811,4134,1986,pos,0 days 00:19:25.130000,0 days 01:17:40.642000
2024-07-07 14:22:38.032,OnTrack,871,4148,1986,pos,0 days 00:19:25.491000,0 days 01:17:41.003000
2024-07-07 14:22:38.292,OnTrack,949,4159,1986,pos,0 days 00:19:25.751000,0 days 01:17:41.263000
2024-07-07 14:22:38.471,OnTrack,1051,4171,1986,pos,0 days 00:19:25.930000,0 days 01:17:41.442000
2024-07-07 14:22:38.832,OnTrack,1124,4181,1986,pos,0 days 00:19:26.291000,0 days 01:17:41.803000
2024-07-07 14:22:38.991,OnTrack,1181,4188,1986,pos,0 days 00:19:26.450000,0 days 01:17:41.962000
2024-07-07 14:22:39.152,OnTrack,1240,4195,1986,pos,0 days 00:19:26.611000,0 days 01:17:42.123000
2024-07-07 14:22:39.412,OnTrack,1341,4208,1986,pos,0 days 00:19:26.871000,0 days 01:17:42.383000
2024-07-07 14:22:39.632,OnTrack,1430,4219,1986,pos,0 days 00:19:27.091000,0 days 01:17:42.603000
2024-07-07 14:22:39.831,OnTrack,1577,4237,1986,pos,0 days 00:19:27.290000,0 days 01:17:42.802000
2024-07-07 14:22:40.292,OnTrack,1729,4256,1986,pos,0 days 00:19:27.751000,0 days 01:17:43.263000
2024-07-07 14:22:40.532,OnTrack,1851,4270,1986,pos,0 days 00:19:27.991000,0 days 01:17:43.503000
2024-07-07 14:22:40.692,OnTrack,1935,4279,1986,pos,0 days 00:19:28.151000,0 days 01:17:43.663000
2024-07-07 14:22:40.931,OnTrack,2098,4297,1986,pos,0 days 00:19:28.390000,0 days 01:17:43.902000
2024-07-07 14:22:41.392,OnTrack,2328,4322,1986,pos,0 days 00:19:28.851000,0 days 01:17:44.363000
2024-07-07 14:22:41.571,OnTrack,2482,4343,1986,pos,0 days 00:19:29.030000,0 days 01:17:44.542000
2024-07-07 14:22:41.991,OnTrack,2685,4393,1986,pos,0 days 00:19:29.450000,0 days 01:17:44.962000
2024-07-07 14:22:42.052,OnTrack,2722,4405,1986,pos,0 days 00:19:29.511000,0 days 01:17:45.023000
2024-07-07 14:22:42.251,OnTrack,2945,4495,2037,pos,0 days 00:19:29.710000,0 days 01:17:45.222000
2024-07-07 14:22:42.612,OnTrack,3165,4586,2040,pos,0 days 00:19:30.071000,0 days 01:17:45.583000
2024-07-07 14:22:42.811,OnTrack,3344,4679,2043,pos,0 days 00:19:30.270000,0 days 01:17:45.782000
2024-07-07 14:22:43.091,OnTrack,3447,4747,2046,pos,0 days 00:19:30.550000,0 days 01:17:46.062000
2024-07-07 14:22:43.311,OnTrack,3568,4840,2048,pos,0 days 00:19:30.770000,0 days 01:17:46.282000
2024-07-07 14:22:43.651,OnTrack,3806,5061,2049,pos,0 days 00:19:31.110000,0 days 01:17:46.622000
2024-07-07 14:22:44.012,OnTrack,3927,5183,2050,pos,0 days 00:19:31.471000,0 days 01:17:46.983000
2024-07-07 14:22:44.232,OnTrack,4038,5293,2051,pos,0 days 00:19:31.691000,0 days 01:17:47.203000
2024-07-07 14:22:44.431,OnTrack,4136,5386,2051,pos,0 days 00:19:31.890000,0 days 01:17:47.402000
2024-07-07 14:22:44.651,OnTrack,4290,5527,2053,pos,0 days 00:19:32.110000,0 days 01:17:47.622000
2024-07-07 14:22:44.951,OnTrack,4365,5592,2054,pos,0 days 00:19:32.410000,0 days 01:17:47.922000
2024-07-07 14:22:45.211,OnTrack,4467,5678,2054,pos,0 days 00:19:32.670000,0 days 01:17:48.182000
2024-07-07 14:22:45.511,OnTrack,4575,5766,2055,pos,0 days 00:19:32.970000,0 days 01:17:48.482000
2024-07-07 14:22:45.712,OnTrack,4678,5837,2055,pos,0 days 00:19:33.171000,0 days 01:17:48.683000
2024-07-07 14:22:45.992,OnTrack,4739,5868,2055,pos,0 days 00:19:33.451000,0 days 01:17:48.963000
2024-07-07 14:22:46.292,OnTrack,4838,5895,2054,pos,0 days 00:19:33.751000,0 days 01:17:49.263000
2024-07-07 14:22:46.472,OnTrack,4902,5901,2054,pos,0 days 00:19:33.931000,0 days 01:17:49.443000
2024-07-07 14:22:46.672,OnTrack,5012,5891,2053,pos,0 days 00:19:34.131000,0 days 01:17:49.643000
2024-07-07 14:22:47.132,OnTrack,5102,5862,2054,pos,0 days 00:19:34.591000,0 days 01:17:50.103000
2024-07-07 14:22:47.232,OnTrack,5128,5849,2055,pos,0 days 00:19:34.691000,0 days 01:17:50.203000
2024-07-07 14:22:47.592,OnTrack,5211,5790,2056,pos,0 days 00:19:35.051000,0 days 01:17:50.563000
2024-07-07 14:22:47.792,OnTrack,5251,5751,2057,pos,0 days 00:19:35.251000,0 days 01:17:50.763000
2024-07-07 14:22:48.011,OnTrack,5287,5703,2058,pos,0 days 00:19:35.470000,0 days 01:17:50.982000
2024-07-07 14:22:48.191,OnTrack,5310,5661,2059,pos,0 days 00:19:35.650000,0 days 01:17:51.162000
2024-07-07 14:22:48.251,OnTrack,5317,5646,2059,pos,0 days 00:19:35.710000,0 days 01:17:51.222000
2024-07-07 14:22:48.572,OnTrack,5348,5562,2059,pos,0 days 00:19:36.031000,0 days 01:17:51.543000
2024-07-07 14:22:48.811,OnTrack,5368,5483,2060,pos,0 days 00:19:36.270000,0 days 01:17:51.782000
2024-07-07 14:22:49.171,OnTrack,5382,5386,2061,pos,0 days 00:19:36.630000,0 days 01:17:52.142000
2024-07-07 14:22:49.412,OnTrack,5390,5307,2062,pos,0 days 00:19:36.871000,0 days 01:17:52.383000
2024-07-07 14:22:49.631,OnTrack,5397,5231,2063,pos,0 days 00:19:37.090000,0 days 01:17:52.602000
2024-07-07 14:22:49.851,OnTrack,5407,5151,2065,pos,0 days 00:19:37.310000,0 days 01:17:52.822000
2024-07-07 14:22:50.031,OnTrack,5404,5164,2064,pos,0 days 00:19:37.490000,0 days 01:17:53.002000
2024-07-07 14:22:50.252,OnTrack,5423,5085,2065,pos,0 days 00:19:37.711000,0 days 01:17:53.223000
2024-07-07 14:22:50.451,OnTrack,5459,4986,2066,pos,0 days 00:19:37.910000,0 days 01:17:53.422000
2024-07-07 14:22:50.772,OnTrack,5490,4932,2066,pos,0 days 00:19:38.231000,0 days 01:17:53.743000
2024-07-07 14:22:50.931,OnTrack,5517,4894,2066,pos,0 days 00:19:38.390000,0 days 01:17:53.902000
2024-07-07 14:22:51.271,OnTrack,5583,4824,2065,pos,0 days 00:19:38.730000,0 days 01:17:54.242000
2024-07-07 14:22:51.451,OnTrack,5651,4772,2064,pos,0 days 00:19:38.910000,0 days 01:17:54.422000
2024-07-07 14:22:51.831,OnTrack,5705,4744,2064,pos,0 days 00:19:39.290000,0 days 01:17:54.802000
2024-07-07 14:22:52.071,OnTrack,5761,4730,2065,pos,0 days 00:19:39.530000,0 days 01:17:55.042000
2024-07-07 14:22:52.192,OnTrack,5790,4730,2064,pos,0 days 00:19:39.651000,0 days 01:17:55.163000
2024-07-07 14:22:52.452,OnTrack,5850,4747,2064,pos,0 days 00:19:39.911000,0 days 01:17:55.423000
2024-07-07 14:22:52.692,OnTrack,5929,4801,2064,pos,0 days 00:19:40.151000,0 days 01:17:55.663000
2024-07-07 14:22:53.012,OnTrack,5963,4832,2064,pos,0 days 00:19:40.471000,0 days 01:17:55.983000
2024-07-07 14:22:53.232,OnTrack,6002,4875,2064,pos,0 days 00:19:40.691000,0 days 01:17:56.203000
2024-07-07 14:22:53.472,OnTrack,6042,4926,2065,pos,0 days 00:19:40.931000,0 days 01:17:56.443000
2024-07-07 14:22:53.772,OnTrack,6087,4994,2065,pos,0 days 00:19:41.231000,0 days 01:17:56.743000
2024-07-07 14:22:53.971,OnTrack,6119,5049,2065,pos,0 days 00:19:41.430000,0 days 01:17:56.942000
2024-07-07 14:22:54.172,OnTrack,6147,5106,2065,pos,0 days 00:19:41.631000,0 days 01:17:57.143000
2024-07-07 14:22:54.332,OnTrack,6169,5155,2065,pos,0 days 00:19:41.791000,0 days 01:17:57.303000
2024-07-07 14:22:54.572,OnTrack,6214,5277,2065,pos,0 days 00:19:42.031000,0 days 01:17:57.543000
2024-07-07 14:22:54.891,OnTrack,6238,5352,2065,pos,0 days 00:19:42.350000,0 days 01:17:57.862000
2024-07-07 14:22:55.211,OnTrack,6273,5483,2065,pos,0 days 00:19:42.670000,0 days 01:17:58.182000
2024-07-07 14:22:55.411,OnTrack,6292,5568,2065,pos,0 days 00:19:42.870000,0 days 01:17:58.382000
2024-07-07 14:22:55.672,OnTrack,6315,5696,2065,pos,0 days 00:19:43.131000,0 days 01:17:58.643000
2024-07-07 14:22:55.871,OnTrack,6330,5833,2064,pos,0 days 00:19:43.330000,0 days 01:17:58.842000
2024-07-07 14:22:56.051,OnTrack,6332,5927,2064,pos,0 days 00:19:43.510000,0 days 01:17:59.022000
2024-07-07 14:22:56.232,OnTrack,6328,6024,2064,pos,0 days 00:19:43.691000,0 days 01:17:59.203000
2024-07-07 14:22:56.331,OnTrack,6324,6079,2064,pos,0 days 00:19:43.790000,0 days 01:17:59.302000
2024-07-07 14:22:56.611,OnTrack,6300,6238,2063,pos,0 days 00:19:44.070000,0 days 01:17:59.582000
2024-07-07 14:22:56.911,OnTrack,6255,6409,2063,pos,0 days 00:19:44.370000,0 days 01:17:59.882000
2024-07-07 14:22:57.072,OnTrack,6220,6500,2062,pos,0 days 00:19:44.531000,0 days 01:18:00.043000
2024-07-07 14:22:57.292,OnTrack,6162,6624,2063,pos,0 days 00:19:44.751000,0 days 01:18:00.263000
2024-07-07 14:22:57.451,OnTrack,6113,6712,2063,pos,0 days 00:19:44.910000,0 days 01:18:00.422000
2024-07-07 14:22:57.731,OnTrack,5989,6892,2064,pos,0 days 00:19:45.190000,0 days 01:18:00.702000
2024-07-07 14:22:58.152,OnTrack,5830,7069,2064,pos,0 days 00:19:45.611000,0 days 01:18:01.123000
2024-07-07 14:22:58.331,OnTrack,5741,7151,2064,pos,0 days 00:19:45.790000,0 days 01:18:01.302000
2024-07-07 14:22:58.492,OnTrack,5657,7221,2064,pos,0 days 00:19:45.951000,0 days 01:18:01.463000
2024-07-07 14:22:58.652,OnTrack,5577,7286,2064,pos,0 days 00:19:46.111000,0 days 01:18:01.623000
2024-07-07 14:22:58.972,OnTrack,5394,7427,2064,pos,0 days 00:19:46.431000,0 days 01:18:01.943000
2024-07-07 14:22:59.192,OnTrack,5231,7553,2064,pos,0 days 00:19:46.651000,0 days 01:18:02.163000
2024-07-07 14:22:59.552,OnTrack,5003,7741,2064,pos,0 days 00:19:47.011000,0 days 01:18:02.523000
2024-07-07 14:23:00.012,OnTrack,4800,7913,2064,pos,0 days 00:19:47.471000,0 days 01:18:02.983000
2024-07-07 14:23:00.352,OnTrack,4635,8054,2065,pos,0 days 00:19:47.811000,0 days 01:18:03.323000
2024-07-07 14:23:00.572,OnTrack,4510,8162,2064,pos,0 days 00:19:48.031000,0 days 01:18:03.543000
2024-07-07 14:23:00.791,OnTrack,4383,8271,2064,pos,0 days 00:19:48.250000,0 days 01:18:03.762000
2024-07-07 14:23:00.972,OnTrack,4220,8410,2064,pos,0 days 00:19:48.431000,0 days 01:18:03.943000
2024-07-07 14:23:01.331,OnTrack,3997,8601,2063,pos,0 days 00:19:48.790000,0 days 01:18:04.302000
2024-07-07 14:23:01.751,OnTrack,3739,8827,2063,pos,0 days 00:19:49.210000,0 days 01:18:04.722000
2024-07-07 14:23:02.271,OnTrack,3515,9023,2063,pos,0 days 00:19:49.730000,0 days 01:18:05.242000
2024-07-07 14:23:02.411,OnTrack,3361,9158,2063,pos,0 days 00:19:49.870000,0 days 01:18:05.382000
2024-07-07 14:23:02.871,OnTrack,3076,9408,2063,pos,0 days 00:19:50.330000,0 days 01:18:05.842000
2024-07-07 14:23:03.111,OnTrack,3016,9461,2062,pos,0 days 00:19:50.570000,0 days 01:18:06.082000
2024-07-07 14:23:03.312,OnTrack,2897,9565,2062,pos,0 days 00:19:50.771000,0 days 01:18:06.283000
2024-07-07 14:23:03.511,OnTrack,2777,9668,2060,pos,0 days 00:19:50.970000,0 days 01:18:06.482000
2024-07-07 14:23:03.872,OnTrack,2568,9850,2058,pos,0 days 00:19:51.331000,0 days 01:18:06.843000
2024-07-07 14:23:04.031,OnTrack,2467,9939,2057,pos,0 days 00:19:51.490000,0 days 01:18:07.002000
2024-07-07 14:23:04.271,OnTrack,2325,10064,2055,pos,0 days 00:19:51.730000,0 days 01:18:07.242000
2024-07-07 14:23:04.412,OnTrack,2243,10138,2053,pos,0 days 00:19:51.871000,0 days 01:18:07.383000
2024-07-07 14:23:04.571,OnTrack,2147,10223,2052,pos,0 days 00:19:52.030000,0 days 01:18:07.542000
2024-07-07 14:23:04.811,OnTrack,1921,10426,2048,pos,0 days 00:19:52.270000,0 days 01:18:07.782000
2024-07-07 14:23:05.252,OnTrack,1750,10574,2046,pos,0 days 00:19:52.711000,0 days 01:18:08.223000
2024-07-07 14:23:05.431,OnTrack,1639,10663,2044,pos,0 days 00:19:52.890000,0 days 01:18:08.402000
2024-07-07 14:23:05.651,OnTrack,1440,10796,2041,pos,0 days 00:19:53.110000,0 days 01:18:08.622000
2024-07-07 14:23:06.112,OnTrack,1220,10897,2038,pos,0 days 00:19:53.571000,0 days 01:18:09.083000
2024-07-07 14:23:06.392,OnTrack,1128,10925,2036,pos,0 days 00:19:53.851000,0 days 01:18:09.363000
2024-07-07 14:23:06.572,OnTrack,1040,10942,2035,pos,0 days 00:19:54.031000,0 days 01:18:09.543000
2024-07-07 14:23:06.912,OnTrack,866,10949,2034,pos,0 days 00:19:54.371000,0 days 01:18:09.883000
2024-07-07 14:23:07.152,OnTrack,753,10943,2033,pos,0 days 00:19:54.611000,0 days 01:18:10.123000
2024-07-07 14:23:07.292,OnTrack,635,10916,2032,pos,0 days 00:19:54.751000,0 days 01:18:10.263000
2024-07-07 14:23:07.772,OnTrack,462,10829,2032,pos,0 days 00:19:55.231000,0 days 01:18:10.743000
2024-07-07 14:23:08.051,OnTrack,406,10782,2032,pos,0 days 00:19:55.510000,0 days 01:18:11.022000
2024-07-07 14:23:08.231,OnTrack,357,10724,2032,pos,0 days 00:19:55.690000,0 days 01:18:11.202000
2024-07-07 14:23:08.491,OnTrack,298,10630,2033,pos,0 days 00:19:55.950000,0 days 01:18:11.462000
2024-07-07 14:23:08.751,OnTrack,251,10533,2033,pos,0 days 00:19:56.210000,0 days 01:18:11.722000
2024-07-07 14:23:08.931,OnTrack,225,10464,2033,pos,0 days 00:19:56.390000,0 days 01:18:11.902000
2024-07-07 14:23:09.151,OnTrack,205,10375,2033,pos,0 days 00:19:56.610000,0 days 01:18:12.122000
2024-07-07 14:23:09.431,OnTrack,193,10253,2033,pos,0 days 00:19:56.890000,0 days 01:18:12.402000
2024-07-07 14:23:09.552,OnTrack,187,10145,2034,pos,0 days 00:19:57.011000,0 days 01:18:12.523000
2024-07-07 14:23:10.031,OnTrack,172,9935,2035,pos,0 days 00:19:57.490000,0 days 01:18:13.002000
2024-07-07 14:23:10.291,OnTrack,161,9867,2036,pos,0 days 00:19:57.750000,0 days 01:18:13.262000
2024-07-07 14:23:10.632,OnTrack,117,9742,2037,pos,0 days 00:19:58.091000,0 days 01:18:13.603000
2024-07-07 14:23:10.791,OnTrack,86,9688,2038,pos,0 days 00:19:58.250000,0 days 01:18:13.762000
2024-07-07 14:23:11.051,OnTrack,8,9592,2039,pos,0 days 00:19:58.510000,0 days 01:18:14.022000
2024-07-07 14:23:11.472,OnTrack,-83,9519,2040,pos,0 days 00:19:58.931000,0 days 01:18:14.443000
2024-07-07 14:23:11.631,OnTrack,-165,9475,2040,pos,0 days 00:19:59.090000,0 days 01:18:14.602000
2024-07-07 14:23:12.032,OnTrack,-296,9442,2041,pos,0 days 00:19:59.491000,0 days 01:18:15.003000
2024-07-07 14:23:12.511,OnTrack,-400,9449,2040,pos,0 days 00:19:59.970000,0 days 01:18:15.482000
2024-07-07 14:23:12.692,OnTrack,-450,9465,2040,pos,0 days 00:20:00.151000,0 days 01:18:15.663000
2024-07-07 14:23:12.912,OnTrack,-549,9523,2039,pos,0 days 00:20:00.371000,0 days 01:18:15.883000
2024-07-07 14:23:13.172,OnTrack,-577,9548,2038,pos,0 days 00:20:00.631000,0 days 01:18:16.143000
2024-07-07 14:23:13.472,OnTrack,-642,9619,2036,pos,0 days 00:20:00.931000,0 days 01:18:16.443000
2024-07-07 14:23:13.692,OnTrack,-682,9680,2035,pos,0 days 00:20:01.151000,0 days 01:18:16.663000
2024-07-07 14:23:13.912,OnTrack,-728,9780,2034,pos,0 days 00:20:01.371000,0 days 01:18:16.883000
2024-07-07 14:23:14.172,OnTrack,-746,9834,2033,pos,0 days 00:20:01.631000,0 days 01:18:17.143000
2024-07-07 14:23:14.410,OnTrack,-766,9920,2033,pos,0 days 00:20:01.869000,0 days 01:18:17.381000
2024-07-07 14:23:14.631,OnTrack,-775,10004,2032,pos,0 days 00:20:02.090000,0 days 01:18:17.602000
2024-07-07 14:23:14.972,OnTrack,-773,10144,2031,pos,0 days 00:20:02.431000,0 days 01:18:17.943000
2024-07-07 14:23:15.131,OnTrack,-759,10260,2031,pos,0 days 00:20:02.590000,0 days 01:18:18.102000
2024-07-07 14:23:15.391,OnTrack,-745,10334,2030,pos,0 days 00:20:02.850000,0 days 01:18:18.362000
2024-07-07 14:23:15.631,OnTrack,-708,10473,2028,pos,0 days 00:20:03.090000,0 days 01:18:18.602000
2024-07-07 14:23:15.891,OnTrack,-664,10601,2027,pos,0 days 00:20:03.350000,0 days 01:18:18.862000
2024-07-07 14:23:16.151,OnTrack,-581,10792,2024,pos,0 days 00:20:03.610000,0 days 01:18:19.122000
2024-07-07 14:23:16.591,OnTrack,-499,10957,2022,pos,0 days 00:20:04.050000,0 days 01:18:19.562000
2024-07-07 14:23:16.672,OnTrack,-476,10999,2022,pos,0 days 00:20:04.131000,0 days 01:18:19.643000
2024-07-07 14:23:16.831,OnTrack,-431,11084,2021,pos,0 days 00:20:04.290000,0 days 01:18:19.802000
2024-07-07 14:23:17.071,OnTrack,-359,11212,2021,pos,0 days 00:20:04.530000,0 days 01:18:20.042000
2024-07-07 14:23:17.271,OnTrack,-293,11320,2021,pos,0 days 00:20:04.730000,0 days 01:18:20.242000
2024-07-07 14:23:17.472,OnTrack,-222,11426,2021,pos,0 days 00:20:04.931000,0 days 01:18:20.443000
2024-07-07 14:23:17.792,OnTrack,-96,11595,2021,pos,0 days 00:20:05.251000,0 days 01:18:20.763000
2024-07-07 14:23:17.992,OnTrack,25,11738,2021,pos,0 days 00:20:05.451000,0 days 01:18:20.963000
2024-07-07 14:23:18.431,OnTrack,198,11916,2023,pos,0 days 00:20:05.890000,0 days 01:18:21.402000
2024-07-07 14:23:18.471,OnTrack,218,11936,2023,pos,0 days 00:20:05.930000,0 days 01:18:21.442000
2024-07-07 14:23:18.731,OnTrack,353,12060,2024,pos,0 days 00:20:06.190000,0 days 01:18:21.702000
2024-07-07 14:23:19.052,OnTrack,578,12237,2024,pos,0 days 00:20:06.511000,0 days 01:18:22.023000
2024-07-07 14:23:19.452,OnTrack,772,12365,2024,pos,0 days 00:20:06.911000,0 days 01:18:22.423000
2024-07-07 14:23:19.652,OnTrack,903,12434,2025,pos,0 days 00:20:07.111000,0 days 01:18:22.623000
2024-07-07 14:23:19.752,OnTrack,970,12466,2025,pos,0 days 00:20:07.211000,0 days 01:18:22.723000
2024-07-07 14:23:19.952,OnTrack,1108,12525,2025,pos,0 days 00:20:07.411000,0 days 01:18:22.923000
2024-07-07 14:23:20.212,OnTrack,1291,12593,2025,pos,0 days 00:20:07.671000,0 days 01:18:23.183000
2024-07-07 14:23:20.371,OnTrack,1407,12630,2025,pos,0 days 00:20:07.830000,0 days 01:18:23.342000
2024-07-07 14:23:20.652,OnTrack,1614,12686,2025,pos,0 days 00:20:08.111000,0 days 01:18:23.623000
2024-07-07 14:23:20.712,OnTrack,1659,12696,2026,pos,0 days 00:20:08.171000,0 days 01:18:23.683000
2024-07-07 14:23:21.071,OnTrack,1924,12749,2027,pos,0 days 00:20:08.530000,0 days 01:18:24.042000
2024-07-07 14:23:21.232,OnTrack,2074,12772,2028,pos,0 days 00:20:08.691000,0 days 01:18:24.203000
2024-07-07 14:23:21.471,OnTrack,2353,12806,2030,pos,0 days 00:20:08.930000,0 days 01:18:24.442000
2024-07-07 14:23:21.851,OnTrack,2636,12836,2033,pos,0 days 00:20:09.310000,0 days 01:18:24.822000
2024-07-07 14:23:22.191,OnTrack,2825,12855,2034,pos,0 days 00:20:09.650000,0 days 01:18:25.162000
2024-07-07 14:23:22.391,OnTrack,2982,12871,2036,pos,0 days 00:20:09.850000,0 days 01:18:25.362000
2024-07-07 14:23:22.612,OnTrack,3156,12889,2037,pos,0 days 00:20:10.071000,0 days 01:18:25.583000
2024-07-07 14:23:22.771,OnTrack,3282,12902,2038,pos,0 days 00:20:10.230000,0 days 01:18:25.742000
2024-07-07 14:23:23.111,OnTrack,3551,12932,2040,pos,0 days 00:20:10.570000,0 days 01:18:26.082000
2024-07-07 14:23:23.152,OnTrack,3583,12936,2040,pos,0 days 00:20:10.611000,0 days 01:18:26.123000
2024-07-07 14:23:23.511,OnTrack,3978,12980,2043,pos,0 days 00:20:10.970000,0 days 01:18:26.482000
2024-07-07 14:23:23.891,OnTrack,4168,13003,2044,pos,0 days 00:20:11.350000,0 days 01:18:26.862000
2024-07-07 14:23:24.091,OnTrack,4325,13024,2045,pos,0 days 00:20:11.550000,0 days 01:18:27.062000
2024-07-07 14:23:24.371,OnTrack,4546,13054,2046,pos,0 days 00:20:11.830000,0 days 01:18:27.342000
2024-07-07 14:23:24.491,OnTrack,4735,13078,2047,pos,0 days 00:20:11.950000,0 days 01:18:27.462000
2024-07-07 14:23:24.852,OnTrack,4923,13098,2048,pos,0 days 00:20:12.311000,0 days 01:18:27.823000
2024-07-07 14:23:25.112,OnTrack,5126,13113,2049,pos,0 days 00:20:12.571000,0 days 01:18:28.083000
2024-07-07 14:23:25.291,OnTrack,5240,13114,2049,pos,0 days 00:20:12.750000,0 days 01:18:28.262000
2024-07-07 14:23:25.592,OnTrack,5458,13093,2050,pos,0 days 00:20:13.051000,0 days 01:18:28.563000
2024-07-07 14:23:25.672,OnTrack,5510,13082,2051,pos,0 days 00:20:13.131000,0 days 01:18:28.643000
2024-07-07 14:23:25.952,OnTrack,5711,13025,2052,pos,0 days 00:20:13.411000,0 days 01:18:28.923000
2024-07-07 14:23:26.232,OnTrack,5889,12943,2053,pos,0 days 00:20:13.691000,0 days 01:18:29.203000
2024-07-07 14:23:26.412,OnTrack,5999,12876,2054,pos,0 days 00:20:13.871000,0 days 01:18:29.383000
2024-07-07 14:23:26.651,OnTrack,6134,12774,2055,pos,0 days 00:20:14.110000,0 days 01:18:29.622000
2024-07-07 14:23:26.812,OnTrack,6218,12699,2055,pos,0 days 00:20:14.271000,0 days 01:18:29.783000
2024-07-07 14:23:26.992,OnTrack,6354,12540,2056,pos,0 days 00:20:14.451000,0 days 01:18:29.963000
2024-07-07 14:23:27.412,OnTrack,6464,12353,2057,pos,0 days 00:20:14.871000,0 days 01:18:30.383000
2024-07-07 14:23:27.671,OnTrack,6543,12180,2058,pos,0 days 00:20:15.130000,0 days 01:18:30.642000
2024-07-07 14:23:27.771,OnTrack,6567,12119,2058,pos,0 days 00:20:15.230000,0 days 01:18:30.742000
2024-07-07 14:23:28.051,OnTrack,6634,11924,2060,pos,0 days 00:20:15.510000,0 days 01:18:31.022000
2024-07-07 14:23:28.291,OnTrack,6685,11746,2061,pos,0 days 00:20:15.750000,0 days 01:18:31.262000
2024-07-07 14:23:28.491,OnTrack,6748,11501,2063,pos,0 days 00:20:15.950000,0 days 01:18:31.462000
2024-07-07 14:23:28.852,OnTrack,6785,11340,2065,pos,0 days 00:20:16.311000,0 days 01:18:31.823000
2024-07-07 14:23:29.031,OnTrack,6829,11124,2066,pos,0 days 00:20:16.490000,0 days 01:18:32.002000
2024-07-07 14:23:29.531,OnTrack,6879,10829,2068,pos,0 days 00:20:16.990000,0 days 01:18:32.502000
2024-07-07 14:23:29.712,OnTrack,6898,10691,2069,pos,0 days 00:20:17.171000,0 days 01:18:32.683000
2024-07-07 14:23:29.911,OnTrack,6916,10545,2071,pos,0 days 00:20:17.370000,0 days 01:18:32.882000
2024-07-07 14:23:30.151,OnTrack,6942,10303,2072,pos,0 days 00:20:17.610000,0 days 01:18:33.122000
2024-07-07 14:23:30.552,OnTrack,6967,9973,2074,pos,0 days 00:20:18.011000,0 days 01:18:33.523000
2024-07-07 14:23:30.832,OnTrack,6974,9823,2074,pos,0 days 00:20:18.291000,0 days 01:18:33.803000
2024-07-07 14:23:31.132,OnTrack,6981,9576,2075,pos,0 days 00:20:18.591000,0 days 01:18:34.103000
2024-07-07 14:23:31.352,OnTrack,6985,9400,2075,pos,0 days 00:20:18.811000,0 days 01:18:34.323000
2024-07-07 14:23:31.511,OnTrack,6988,9271,2074,pos,0 days 00:20:18.970000,0 days 01:18:34.482000
2024-07-07 14:23:31.791,OnTrack,6998,9053,2073,pos,0 days 00:20:19.250000,0 days 01:18:34.762000
2024-07-07 14:23:32.012,OnTrack,7026,8772,2071,pos,0 days 00:20:19.471000,0 days 01:18:34.983000
2024-07-07 14:23:32.272,OnTrack,7040,8676,2071,pos,0 days 00:20:19.731000,0 days 01:18:35.243000
2024-07-07 14:23:32.631,OnTrack,7097,8390,2069,pos,0 days 00:20:20.090000,0 days 01:18:35.602000
2024-07-07 14:23:32.832,OnTrack,7136,8233,2068,pos,0 days 00:20:20.291000,0 days 01:18:35.803000
2024-07-07 14:23:32.911,OnTrack,7153,8171,2068,pos,0 days 00:20:20.370000,0 days 01:18:35.882000
2024-07-07 14:23:33.212,OnTrack,7225,7941,2065,pos,0 days 00:20:20.671000,0 days 01:18:36.183000
2024-07-07 14:23:33.372,OnTrack,7268,7820,2063,pos,0 days 00:20:20.831000,0 days 01:18:36.343000
2024-07-07 14:23:33.672,OnTrack,7381,7536,2060,pos,0 days 00:20:21.131000,0 days 01:18:36.643000
2024-07-07 14:23:33.912,OnTrack,7428,7416,2059,pos,0 days 00:20:21.371000,0 days 01:18:36.883000
2024-07-07 14:23:34.132,OnTrack,7484,7252,2058,pos,0 days 00:20:21.591000,0 days 01:18:37.103000
2024-07-07 14:23:34.451,OnTrack,7538,6963,2058,pos,0 days 00:20:21.910000,0 days 01:18:37.422000
2024-07-07 14:23:34.751,OnTrack,7534,6795,2058,pos,0 days 00:20:22.210000,0 days 01:18:37.722000
2024-07-07 14:23:34.931,OnTrack,7515,6655,2058,pos,0 days 00:20:22.390000,0 days 01:18:37.902000
2024-07-07 14:23:35.132,OnTrack,7485,6503,2059,pos,0 days 00:20:22.591000,0 days 01:18:38.103000
2024-07-07 14:23:35.351,OnTrack,7446,6339,2060,pos,0 days 00:20:22.810000,0 days 01:18:38.322000
2024-07-07 14:23:35.711,OnTrack,7380,6076,2062,pos,0 days 00:20:23.170000,0 days 01:18:38.682000
2024-07-07 14:23:35.831,OnTrack,7361,5988,2062,pos,0 days 00:20:23.290000,0 days 01:18:38.802000
2024-07-07 14:23:36.111,OnTrack,7324,5753,2063,pos,0 days 00:20:23.570000,0 days 01:18:39.082000
2024-07-07 14:23:36.472,OnTrack,7324,5477,2062,pos,0 days 00:20:23.931000,0 days 01:18:39.443000
2024-07-07 14:23:36.891,OnTrack,7380,5255,2061,pos,0 days 00:20:24.350000,0 days 01:18:39.862000
2024-07-07 14:23:37.072,OnTrack,7428,5143,2059,pos,0 days 00:20:24.531000,0 days 01:18:40.043000
2024-07-07 14:23:37.271,OnTrack,7530,4959,2056,pos,0 days 00:20:24.730000,0 days 01:18:40.242000
2024-07-07 14:23:37.592,OnTrack,7604,4840,2055,pos,0 days 00:20:25.051000,0 days 01:18:40.563000
2024-07-07 14:23:37.832,OnTrack,7678,4707,2053,pos,0 days 00:20:25.291000,0 days 01:18:40.803000
2024-07-07 14:23:38.212,OnTrack,7761,4500,2050,pos,0 days 00:20:25.671000,0 days 01:18:41.183000
2024-07-07 14:23:38.392,OnTrack,7782,4402,2049,pos,0 days 00:20:25.851000,0 days 01:18:41.363000
2024-07-07 14:23:38.591,OnTrack,7790,4294,2047,pos,0 days 00:20:26.050000,0 days 01:18:41.562000
2024-07-07 14:23:38.752,OnTrack,7784,4207,2045,pos,0 days 00:20:26.211000,0 days 01:18:41.723000
2024-07-07 14:23:38.871,OnTrack,7774,4143,2044,pos,0 days 00:20:26.330000,0 days 01:18:41.842000
2024-07-07 14:23:39.192,OnTrack,7711,3936,2041,pos,0 days 00:20:26.651000,0 days 01:18:42.163000
2024-07-07 14:23:39.492,OnTrack,7659,3828,2040,pos,0 days 00:20:26.951000,0 days 01:18:42.463000
2024-07-07 14:23:39.731,OnTrack,7588,3714,2039,pos,0 days 00:20:27.190000,0 days 01:18:42.702000
2024-07-07 14:23:39.952,OnTrack,7510,3616,2037,pos,0 days 00:20:27.411000,0 days 01:18:42.923000
2024-07-07 14:23:40.152,OnTrack,7430,3540,2036,pos,0 days 00:20:27.611000,0 days 01:18:43.123000
2024-07-07 14:23:40.352,OnTrack,7328,3465,2034,pos,0 days 00:20:27.811000,0 days 01:18:43.323000
2024-07-07 14:23:40.572,OnTrack,7210,3396,2033,pos,0 days 00:20:28.031000,0 days 01:18:43.543000
2024-07-07 14:23:40.791,OnTrack,7085,3331,2031,pos,0 days 00:20:28.250000,0 days 01:18:43.762000
2024-07-07 14:23:40.951,OnTrack,6995,3283,2031,pos,0 days 00:20:28.410000,0 days 01:18:43.922000
2024-07-07 14:23:41.271,OnTrack,6826,3167,2029,pos,0 days 00:20:28.730000,0 days 01:18:44.242000
2024-07-07 14:23:41.451,OnTrack,6688,3037,2028,pos,0 days 00:20:28.910000,0 days 01:18:44.422000
2024-07-07 14:23:41.891,OnTrack,6533,2871,2028,pos,0 days 00:20:29.350000,0 days 01:18:44.862000
2024-07-07 14:23:41.971,OnTrack,6493,2824,2027,pos,0 days 00:20:29.430000,0 days 01:18:44.942000
2024-07-07 14:23:42.151,OnTrack,6416,2726,2028,pos,0 days 00:20:29.610000,0 days 01:18:45.122000
2024-07-07 14:23:42.451,OnTrack,6301,2558,2026,pos,0 days 00:20:29.910000,0 days 01:18:45.422000
2024-07-07 14:23:42.611,OnTrack,6240,2458,2026,pos,0 days 00:20:30.070000,0 days 01:18:45.582000
2024-07-07 14:23:42.831,OnTrack,6158,2313,2026,pos,0 days 00:20:30.290000,0 days 01:18:45.802000
2024-07-07 14:23:43.052,OnTrack,6057,2119,2025,pos,0 days 00:20:30.511000,0 days 01:18:46.023000
2024-07-07 14:23:43.471,OnTrack,5927,1855,2024,pos,0 days 00:20:30.930000,0 days 01:18:46.442000
2024-07-07 14:23:43.912,OnTrack,5803,1599,2023,pos,0 days 00:20:31.371000,0 days 01:18:46.883000
2024-07-07 14:23:44.112,OnTrack,5698,1380,2022,pos,0 days 00:20:31.571000,0 days 01:18:47.083000
2024-07-07 14:23:44.492,OnTrack,5579,1131,2020,pos,0 days 00:20:31.951000,0 days 01:18:47.463000
2024-07-07 14:23:44.912,OnTrack,5476,915,2019,pos,0 days 00:20:32.371000,0 days 01:18:47.883000
2024-07-07 14:23:45.091,OnTrack,5416,789,2018,pos,0 days 00:20:32.550000,0 days 01:18:48.062000
2024-07-07 14:23:45.371,OnTrack,5280,506,2016,pos,0 days 00:20:32.830000,0 days 01:18:48.342000
2024-07-07 14:23:45.732,OnTrack,5163,265,2014,pos,0 days 00:20:33.191000,0 days 01:18:48.703000
2024-07-07 14:23:46.012,OnTrack,5100,136,2013,pos,0 days 00:20:33.471000,0 days 01:18:48.983000
2024-07-07 14:23:46.312,OnTrack,4996,-78,2011,pos,0 days 00:20:33.771000,0 days 01:18:49.283000
2024-07-07 14:23:46.491,OnTrack,4934,-208,2011,pos,0 days 00:20:33.950000,0 days 01:18:49.462000
2024-07-07 14:23:46.732,OnTrack,4851,-381,2009,pos,0 days 00:20:34.191000,0 days 01:18:49.703000
2024-07-07 14:23:46.932,OnTrack,4781,-525,2009,pos,0 days 00:20:34.391000,0 days 01:18:49.903000
2024-07-07 14:23:47.112,OnTrack,4719,-655,2008,pos,0 days 00:20:34.571000,0 days 01:18:50.083000
2024-07-07 14:23:47.350,OnTrack,4640,-819,2007,pos,0 days 00:20:34.809000,0 days 01:18:50.321000
2024-07-07 14:23:47.591,OnTrack,4520,-1065,2006,pos,0 days 00:20:35.050000,0 days 01:18:50.562000
2024-07-07 14:23:47.912,OnTrack,4443,-1224,2004,pos,0 days 00:20:35.371000,0 days 01:18:50.883000
2024-07-07 14:23:48.172,OnTrack,4351,-1412,2001,pos,0 days 00:20:35.631000,0 days 01:18:51.143000
2024-07-07 14:23:48.411,OnTrack,4265,-1585,1999,pos,0 days 00:20:35.870000,0 days 01:18:51.382000
2024-07-07 14:23:48.631,OnTrack,4186,-1744,1997,pos,0 days 00:20:36.090000,0 days 01:18:51.602000
2024-07-07 14:23:48.811,OnTrack,4085,-1945,1995,pos,0 days 00:20:36.270000,0 days 01:18:51.782000
2024-07-07 14:23:49.151,OnTrack,3998,-2117,1994,pos,0 days 00:20:36.610000,0 days 01:18:52.122000
2024-07-07 14:23:49.332,OnTrack,3932,-2245,1994,pos,0 days 00:20:36.791000,0 days 01:18:52.303000
2024-07-07 14:23:49.511,OnTrack,3870,-2365,1994,pos,0 days 00:20:36.970000,0 days 01:18:52.482000
2024-07-07 14:23:49.711,OnTrack,3796,-2507,1994,pos,0 days 00:20:37.170000,0 days 01:18:52.682000
2024-07-07 14:23:50.011,OnTrack,3684,-2718,1996,pos,0 days 00:20:37.470000,0 days 01:18:52.982000
2024-07-07 14:23:50.132,OnTrack,3639,-2802,1997,pos,0 days 00:20:37.591000,0 days 01:18:53.103000
2024-07-07 14:23:50.372,OnTrack,3548,-2968,2000,pos,0 days 00:20:37.831000,0 days 01:18:53.343000
2024-07-07 14:23:50.652,OnTrack,3438,-3159,2004,pos,0 days 00:20:38.111000,0 days 01:18:53.623000
2024-07-07 14:23:50.831,OnTrack,3365,-3281,2006,pos,0 days 00:20:38.290000,0 days 01:18:53.802000
2024-07-07 14:23:51.051,OnTrack,3273,-3425,2010,pos,0 days 00:20:38.510000,0 days 01:18:54.022000
2024-07-07 14:23:51.312,OnTrack,3155,-3588,2014,pos,0 days 00:20:38.771000,0 days 01:18:54.283000
2024-07-07 14:23:51.472,OnTrack,3078,-3681,2016,pos,0 days 00:20:38.931000,0 days 01:18:54.443000
2024-07-07 14:23:51.651,OnTrack,2989,-3778,2018,pos,0 days 00:20:39.110000,0 days 01:18:54.622000
2024-07-07 14:23:51.931,OnTrack,2847,-3902,2021,pos,0 days 00:20:39.390000,0 days 01:18:54.902000
2024-07-07 14:23:52.032,OnTrack,2793,-3939,2023,pos,0 days 00:20:39.491000,0 days 01:18:55.003000
2024-07-07 14:23:52.332,OnTrack,2568,-4054,2026,pos,0 days 00:20:39.791000,0 days 01:18:55.303000
2024-07-07 14:23:52.712,OnTrack,2346,-4110,2030,pos,0 days 00:20:40.171000,0 days 01:18:55.683000
2024-07-07 14:23:53.112,OnTrack,2197,-4115,2031,pos,0 days 00:20:40.571000,0 days 01:18:56.083000
2024-07-07 14:23:53.272,OnTrack,2106,-4106,2032,pos,0 days 00:20:40.731000,0 days 01:18:56.243000
2024-07-07 14:23:53.452,OnTrack,2007,-4085,2033,pos,0 days 00:20:40.911000,0 days 01:18:56.423000
2024-07-07 14:23:53.772,OnTrack,1786,-3997,2033,pos,0 days 00:20:41.231000,0 days 01:18:56.743000
2024-07-07 14:23:54.111,OnTrack,1667,-3922,2033,pos,0 days 00:20:41.570000,0 days 01:18:57.082000
2024-07-07 14:23:54.371,OnTrack,1504,-3778,2031,pos,0 days 00:20:41.830000,0 days 01:18:57.342000
2024-07-07 14:23:54.712,OnTrack,1406,-3666,2029,pos,0 days 00:20:42.171000,0 days 01:18:57.683000
2024-07-07 14:23:54.891,OnTrack,1339,-3574,2028,pos,0 days 00:20:42.350000,0 days 01:18:57.862000
2024-07-07 14:23:55.091,OnTrack,1270,-3465,2026,pos,0 days 00:20:42.550000,0 days 01:18:58.062000
2024-07-07 14:23:55.252,OnTrack,1219,-3374,2023,pos,0 days 00:20:42.711000,0 days 01:18:58.223000
2024-07-07 14:23:55.552,OnTrack,1127,-3198,2018,pos,0 days 00:20:43.011000,0 days 01:18:58.523000
2024-07-07 14:23:55.751,OnTrack,1063,-3080,2014,pos,0 days 00:20:43.210000,0 days 01:18:58.722000
2024-07-07 14:23:56.011,OnTrack,974,-2928,2006,pos,0 days 00:20:43.470000,0 days 01:18:58.982000
2024-07-07 14:23:56.112,OnTrack,937,-2870,2004,pos,0 days 00:20:43.571000,0 days 01:18:59.083000
2024-07-07 14:23:56.412,OnTrack,818,-2698,1996,pos,0 days 00:20:43.871000,0 days 01:18:59.383000
2024-07-07 14:23:56.612,OnTrack,701,-2539,1990,pos,0 days 00:20:44.071000,0 days 01:18:59.583000
2024-07-07 14:23:57.031,OnTrack,557,-2345,1985,pos,0 days 00:20:44.490000,0 days 01:19:00.002000
2024-07-07 14:23:57.272,OnTrack,441,-2188,1984,pos,0 days 00:20:44.731000,0 days 01:19:00.243000
2024-07-07 14:23:57.571,OnTrack,248,-1936,1986,pos,0 days 00:20:45.030000,0 days 01:19:00.542000
2024-07-07 14:23:58.072,OnTrack,84,-1737,1987,pos,0 days 00:20:45.531000,0 days 01:19:01.043000
2024-07-07 14:23:58.191,OnTrack,28,-1672,1986,pos,0 days 00:20:45.650000,0 days 01:19:01.162000
2024-07-07 14:23:58.491,OnTrack,-110,-1515,1985,pos,0 days 00:20:45.950000,0 days 01:19:01.462000
2024-07-07 14:23:58.652,OnTrack,-181,-1435,1984,pos,0 days 00:20:46.111000,0 days 01:19:01.623000
2024-07-07 14:23:58.892,OnTrack,-280,-1325,1982,pos,0 days 00:20:46.351000,0 days 01:19:01.863000
2024-07-07 14:23:59.011,OnTrack,-374,-1218,1980,pos,0 days 00:20:46.470000,0 days 01:19:01.982000
2024-07-07 14:23:59.432,OnTrack,-466,-1119,1978,pos,0 days 00:20:46.891000,0 days 01:19:02.403000
2024-07-07 14:23:59.712,OnTrack,-560,-1035,1977,pos,0 days 00:20:47.171000,0 days 01:19:02.683000
2024-07-07 14:24:00.032,OnTrack,-642,-980,1976,pos,0 days 00:20:47.491000,0 days 01:19:03.003000
2024-07-07 14:24:00.272,OnTrack,-713,-946,1975,pos,0 days 00:20:47.731000,0 days 01:19:03.243000
2024-07-07 14:24:00.452,OnTrack,-765,-928,1976,pos,0 days 00:20:47.911000,0 days 01:19:03.423000
2024-07-07 14:24:00.731,OnTrack,-845,-914,1976,pos,0 days 00:20:48.190000,0 days 01:19:03.702000
2024-07-07 14:24:00.911,OnTrack,-928,-913,1976,pos,0 days 00:20:48.370000,0 days 01:19:03.882000
2024-07-07 14:24:01.311,OnTrack,-1024,-932,1978,pos,0 days 00:20:48.770000,0 days 01:19:04.282000
2024-07-07 14:24:01.711,OnTrack,-1130,-987,1979,pos,0 days 00:20:49.170000,0 days 01:19:04.682000
2024-07-07 14:24:02.112,OnTrack,-1208,-1047,1980,pos,0 days 00:20:49.571000,0 days 01:19:05.083000
2024-07-07 14:24:02.332,OnTrack,-1265,-1090,1981,pos,0 days 00:20:49.791000,0 days 01:19:05.303000
2024-07-07 14:24:02.491,OnTrack,-1308,-1119,1981,pos,0 days 00:20:49.950000,0 days 01:19:05.462000
2024-07-07 14:24:02.672,OnTrack,-1399,-1160,1981,pos,0 days 00:20:50.131000,0 days 01:19:05.643000
2024-07-07 14:24:03.111,OnTrack,-1491,-1173,1981,pos,0 days 00:20:50.570000,0 days 01:19:06.082000
2024-07-07 14:24:03.351,OnTrack,-1587,-1159,1980,pos,0 days 00:20:50.810000,0 days 01:19:06.322000
2024-07-07 14:24:03.712,OnTrack,-1715,-1115,1978,pos,0 days 00:20:51.171000,0 days 01:19:06.683000
2024-07-07 14:24:04.151,OnTrack,-1859,-1030,1977,pos,0 days 00:20:51.610000,0 days 01:19:07.122000
2024-07-07 14:24:04.471,OnTrack,-1918,-978,1976,pos,0 days 00:20:51.930000,0 days 01:19:07.442000
2024-07-07 14:24:04.812,OnTrack,-2024,-852,1975,pos,0 days 00:20:52.271000,0 days 01:19:07.783000
2024-07-07 14:24:05.132,OnTrack,-2104,-748,1974,pos,0 days 00:20:52.591000,0 days 01:19:08.103000
2024-07-07 14:24:05.352,OnTrack,-2161,-657,1974,pos,0 days 00:20:52.811000,0 days 01:19:08.323000
2024-07-07 14:24:05.632,OnTrack,-2232,-500,1973,pos,0 days 00:20:53.091000,0 days 01:19:08.603000
2024-07-07 14:24:05.851,OnTrack,-2286,-310,1971,pos,0 days 00:20:53.310000,0 days 01:19:08.822000
2024-07-07 14:24:06.111,OnTrack,-2298,-244,1970,pos,0 days 00:20:53.570000,0 days 01:19:09.082000
2024-07-07 14:24:06.472,OnTrack,-2313,49,1967,pos,0 days 00:20:53.931000,0 days 01:19:09.443000
2024-07-07 14:24:06.732,OnTrack,-2307,121,1966,pos,0 days 00:20:54.191000,0 days 01:19:09.703000
2024-07-07 14:24:07.111,OnTrack,-2254,389,1963,pos,0 days 00:20:54.570000,0 days 01:19:10.082000
2024-07-07 14:24:07.531,OnTrack,-2163,606,1962,pos,0 days 00:20:54.990000,0 days 01:19:10.502000
2024-07-07 14:24:07.691,OnTrack,-2113,700,1962,pos,0 days 00:20:55.150000,0 days 01:19:10.662000
2024-07-07 14:24:07.871,OnTrack,-2050,802,1962,pos,0 days 00:20:55.330000,0 days 01:19:10.842000
2024-07-07 14:24:08.031,OnTrack,-1988,891,1962,pos,0 days 00:20:55.490000,0 days 01:19:11.002000
2024-07-07 14:24:08.352,OnTrack,-1862,1065,1963,pos,0 days 00:20:55.811000,0 days 01:19:11.323000
2024-07-07 14:24:08.551,OnTrack,-1741,1230,1963,pos,0 days 00:20:56.010000,0 days 01:19:11.522000
2024-07-07 14:24:08.951,OnTrack,-1610,1400,1965,pos,0 days 00:20:56.410000,0 days 01:19:11.922000
2024-07-07 14:24:09.152,OnTrack,-1483,1558,1966,pos,0 days 00:20:56.611000,0 days 01:19:12.123000
2024-07-07 14:24:09.492,OnTrack,-1303,1793,1968,pos,0 days 00:20:56.951000,0 days 01:19:12.463000
2024-07-07 14:24:09.911,OnTrack,-1135,2024,1971,pos,0 days 00:20:57.370000,0 days 01:19:12.882000
2024-07-07 14:24:10.292,OnTrack,-1010,2196,1973,pos,0 days 00:20:57.751000,0 days 01:19:13.263000
2024-07-07 14:24:10.471,OnTrack,-929,2308,1975,pos,0 days 00:20:57.930000,0 days 01:19:13.442000
2024-07-07 14:24:10.671,OnTrack,-838,2433,1977,pos,0 days 00:20:58.130000,0 days 01:19:13.642000
2024-07-07 14:24:10.892,OnTrack,-737,2572,1980,pos,0 days 00:20:58.351000,0 days 01:19:13.863000
2024-07-07 14:24:11.172,OnTrack,-609,2751,1983,pos,0 days 00:20:58.631000,0 days 01:19:14.143000
2024-07-07 14:24:11.251,OnTrack,-573,2803,1984,pos,0 days 00:20:58.710000,0 days 01:19:14.222000
2024-07-07 14:24:11.551,OnTrack,-395,3067,1988,pos,0 days 00:20:59.010000,0 days 01:19:14.522000
2024-07-07 14:24:11.872,OnTrack,-298,3214,1991,pos,0 days 00:20:59.331000,0 days 01:19:14.843000
2024-07-07 14:24:12.212,OnTrack,-79,3534,1996,pos,0 days 00:20:59.671000,0 days 01:19:15.183000
2024-07-07 14:24:12.651,OnTrack,65,3729,1999,pos,0 days 00:21:00.110000,0 days 01:19:15.622000
2024-07-07 14:24:12.812,OnTrack,146,3832,2002,pos,0 days 00:21:00.271000,0 days 01:19:15.783000
2024-07-07 14:24:13.032,OnTrack,339,4054,2008,pos,0 days 00:21:00.491000,0 days 01:19:16.003000
2024-07-07 14:24:13.312,OnTrack,406,4121,2010,pos,0 days 00:21:00.771000,0 days 01:19:16.283000
2024-07-07 14:24:13.512,OnTrack,525,4229,2011,pos,0 days 00:21:00.971000,0 days 01:19:16.483000
2024-07-07 14:24:13.731,OnTrack,659,4325,2012,pos,0 days 00:21:01.190000,0 days 01:19:16.702000
2024-07-07 14:24:13.951,OnTrack,819,4408,2013,pos,0 days 00:21:01.410000,0 days 01:19:16.922000
2024-07-07 14:24:14.191,OnTrack,999,4469,2015,pos,0 days 00:21:01.650000,0 days 01:19:17.162000
2024-07-07 14:24:14.491,OnTrack,1329,4517,2017,pos,0 days 00:21:01.950000,0 days 01:19:17.462000
2024-07-07 14:24:14.872,OnTrack,1536,4519,2020,pos,0 days 00:21:02.331000,0 days 01:19:17.843000
2024-07-07 14:24:15.031,OnTrack,1662,4514,2022,pos,0 days 00:21:02.490000,0 days 01:19:18.002000
2024-07-07 14:24:15.331,OnTrack,1976,4478,2025,pos,0 days 00:21:02.790000,0 days 01:19:18.302000
2024-07-07 14:24:15.611,OnTrack,2117,4459,2026,pos,0 days 00:21:03.070000,0 days 01:19:18.582000
2024-07-07 14:24:15.871,OnTrack,2321,4442,2028,pos,0 days 00:21:03.330000,0 days 01:19:18.842000
2024-07-07 14:24:16.071,OnTrack,2479,4439,2030,pos,0 days 00:21:03.530000,0 days 01:19:19.042000
2024-07-07 14:24:16.252,OnTrack,2620,4444,2032,pos,0 days 00:21:03.711000,0 days 01:19:19.223000
2024-07-07 14:24:16.411,OnTrack,2743,4457,2034,pos,0 days 00:21:03.870000,0 days 01:19:19.382000
2024-07-07 14:24:16.711,OnTrack,3105,4557,2040,pos,0 days 00:21:04.170000,0 days 01:19:19.682000
2024-07-07 14:24:17.032,OnTrack,3233,4616,2042,pos,0 days 00:21:04.491000,0 days 01:19:20.003000
2024-07-07 14:24:17.251,OnTrack,3381,4702,2044,pos,0 days 00:21:04.710000,0 days 01:19:20.222000
2024-07-07 14:24:17.392,OnTrack,3465,4760,2046,pos,0 days 00:21:04.851000,0 days 01:19:20.363000
2024-07-07 14:24:17.572,OnTrack,3582,4851,2048,pos,0 days 00:21:05.031000,0 days 01:19:20.543000
2024-07-07 14:24:17.952,OnTrack,3876,5131,2050,pos,0 days 00:21:05.411000,0 days 01:19:20.923000
2024-07-07 14:24:18.311,OnTrack,3995,5251,2050,pos,0 days 00:21:05.770000,0 days 01:19:21.282000
2024-07-07 14:24:18.432,OnTrack,4061,5315,2051,pos,0 days 00:21:05.891000,0 days 01:19:21.403000
2024-07-07 14:24:18.651,OnTrack,4180,5427,2052,pos,0 days 00:21:06.110000,0 days 01:19:21.622000
2024-07-07 14:24:18.992,OnTrack,4361,5589,2054,pos,0 days 00:21:06.451000,0 days 01:19:21.963000
2024-07-07 14:24:19.392,OnTrack,4547,5744,2055,pos,0 days 00:21:06.851000,0 days 01:19:22.363000
2024-07-07 14:24:19.672,OnTrack,4614,5795,2055,pos,0 days 00:21:07.131000,0 days 01:19:22.643000
2024-07-07 14:24:20.032,OnTrack,4764,5877,2054,pos,0 days 00:21:07.491000,0 days 01:19:23.003000
2024-07-07 14:24:20.451,OnTrack,4881,5900,2054,pos,0 days 00:21:07.910000,0 days 01:19:23.422000
2024-07-07 14:24:20.671,OnTrack,4989,5895,2053,pos,0 days 00:21:08.130000,0 days 01:19:23.642000
2024-07-07 14:24:20.991,OnTrack,5097,5864,2054,pos,0 days 00:21:08.450000,0 days 01:19:23.962000
2024-07-07 14:24:21.392,OnTrack,5166,5826,2055,pos,0 days 00:21:08.851000,0 days 01:19:24.363000
2024-07-07 14:24:21.571,OnTrack,5209,5792,2056,pos,0 days 00:21:09.030000,0 days 01:19:24.542000
2024-07-07 14:24:21.911,OnTrack,5300,5682,2059,pos,0 days 00:21:09.370000,0 days 01:19:24.882000
2024-07-07 14:24:22.271,OnTrack,5343,5581,2059,pos,0 days 00:21:09.730000,0 days 01:19:25.242000
2024-07-07 14:24:22.591,OnTrack,5361,5516,2060,pos,0 days 00:21:10.050000,0 days 01:19:25.562000
2024-07-07 14:24:22.871,OnTrack,5384,5373,2061,pos,0 days 00:21:10.330000,0 days 01:19:25.842000
2024-07-07 14:24:23.372,OnTrack,5398,5213,2064,pos,0 days 00:21:10.831000,0 days 01:19:26.343000
2024-07-07 14:24:23.592,OnTrack,5408,5145,2065,pos,0 days 00:21:11.051000,0 days 01:19:26.563000
2024-07-07 14:24:23.971,OnTrack,5455,4994,2066,pos,0 days 00:21:11.430000,0 days 01:19:26.942000
2024-07-07 14:24:24.271,OnTrack,5499,4918,2066,pos,0 days 00:21:11.730000,0 days 01:19:27.242000
2024-07-07 14:24:24.571,OnTrack,5561,4844,2065,pos,0 days 00:21:12.030000,0 days 01:19:27.542000
2024-07-07 14:24:24.752,OnTrack,5614,4797,2065,pos,0 days 00:21:12.211000,0 days 01:19:27.723000
2024-07-07 14:24:25.131,OnTrack,5689,4750,2064,pos,0 days 00:21:12.590000,0 days 01:19:28.102000
2024-07-07 14:24:25.292,OnTrack,5728,4736,2065,pos,0 days 00:21:12.751000,0 days 01:19:28.263000
2024-07-07 14:24:25.451,OnTrack,5766,4729,2065,pos,0 days 00:21:12.910000,0 days 01:19:28.422000
2024-07-07 14:24:25.632,OnTrack,5810,4733,2064,pos,0 days 00:21:13.091000,0 days 01:19:28.603000
2024-07-07 14:24:25.971,OnTrack,5888,4768,2063,pos,0 days 00:21:13.430000,0 days 01:19:28.942000
2024-07-07 14:24:26.152,OnTrack,5926,4797,2064,pos,0 days 00:21:13.611000,0 days 01:19:29.123000
2024-07-07 14:24:26.412,OnTrack,5987,4858,2064,pos,0 days 00:21:13.871000,0 days 01:19:29.383000
2024-07-07 14:24:26.672,OnTrack,6023,4900,2064,pos,0 days 00:21:14.131000,0 days 01:19:29.643000
2024-07-07 14:24:27.011,OnTrack,6080,4982,2065,pos,0 days 00:21:14.470000,0 days 01:19:29.982000
2024-07-07 14:24:27.171,OnTrack,6127,5064,2065,pos,0 days 00:21:14.630000,0 days 01:19:30.142000
2024-07-07 14:24:27.652,OnTrack,6187,5200,2065,pos,0 days 00:21:15.111000,0 days 01:19:30.623000
2024-07-07 14:24:28.051,OnTrack,6229,5322,2065,pos,0 days 00:21:15.510000,0 days 01:19:31.022000
2024-07-07 14:24:29.052,OnTrack,6332,5878,2064,pos,0 days 00:21:16.511000,0 days 01:19:32.023000
2024-07-07 14:24:29.471,OnTrack,6328,6035,2064,pos,0 days 00:21:16.930000,0 days 01:19:32.442000
2024-07-07 14:24:29.651,OnTrack,6317,6139,2063,pos,0 days 00:21:17.110000,0 days 01:19:32.622000
2024-07-07 14:24:29.812,OnTrack,6301,6232,2063,pos,0 days 00:21:17.271000,0 days 01:19:32.783000
2024-07-07 14:24:30.112,OnTrack,6225,6489,2062,pos,0 days 00:21:17.571000,0 days 01:19:33.083000
2024-07-07 14:24:30.472,OnTrack,6130,6683,2063,pos,0 days 00:21:17.931000,0 days 01:19:33.443000
2024-07-07 14:24:30.811,OnTrack,6054,6804,2063,pos,0 days 00:21:18.270000,0 days 01:19:33.782000
2024-07-07 14:24:31.172,OnTrack,5897,7001,2064,pos,0 days 00:21:18.631000,0 days 01:19:34.143000
2024-07-07 14:24:31.472,OnTrack,5766,7129,2064,pos,0 days 00:21:18.931000,0 days 01:19:34.443000
2024-07-07 14:24:31.752,OnTrack,5611,7259,2064,pos,0 days 00:21:19.211000,0 days 01:19:34.723000
2024-07-07 14:24:31.992,OnTrack,5445,7388,2064,pos,0 days 00:21:19.451000,0 days 01:19:34.963000
2024-07-07 14:24:32.312,OnTrack,5218,7564,2064,pos,0 days 00:21:19.771000,0 days 01:19:35.283000
2024-07-07 14:24:32.712,OnTrack,5072,7684,2064,pos,0 days 00:21:20.171000,0 days 01:19:35.683000
2024-07-07 14:24:32.972,OnTrack,4866,7856,2064,pos,0 days 00:21:20.431000,0 days 01:19:35.943000
2024-07-07 14:24:33.272,OnTrack,4770,7939,2064,pos,0 days 00:21:20.731000,0 days 01:19:36.243000
2024-07-07 14:24:33.571,OnTrack,4598,8086,2065,pos,0 days 00:21:21.030000,0 days 01:19:36.542000
2024-07-07 14:24:33.811,OnTrack,4459,8205,2064,pos,0 days 00:21:21.270000,0 days 01:19:36.782000
2024-07-07 14:24:34.031,OnTrack,4284,8355,2064,pos,0 days 00:21:21.490000,0 days 01:19:37.002000
2024-07-07 14:24:34.472,OnTrack,4001,8598,2063,pos,0 days 00:21:21.931000,0 days 01:19:37.443000
2024-07-07 14:24:34.732,OnTrack,3918,8669,2063,pos,0 days 00:21:22.191000,0 days 01:19:37.703000
2024-07-07 14:24:35.012,OnTrack,3752,8815,2063,pos,0 days 00:21:22.471000,0 days 01:19:37.983000
2024-07-07 14:24:35.231,OnTrack,3621,8930,2063,pos,0 days 00:21:22.690000,0 days 01:19:38.202000
2024-07-07 14:24:35.431,OnTrack,3503,9034,2063,pos,0 days 00:21:22.890000,0 days 01:19:38.402000
2024-07-07 14:24:35.592,OnTrack,3407,9118,2063,pos,0 days 00:21:23.051000,0 days 01:19:38.563000
2024-07-07 14:24:35.771,OnTrack,3299,9212,2064,pos,0 days 00:21:23.230000,0 days 01:19:38.742000
2024-07-07 14:24:35.951,OnTrack,3197,9302,2064,pos,0 days 00:21:23.410000,0 days 01:19:38.922000
2024-07-07 14:24:36.191,OnTrack,3048,9433,2063,pos,0 days 00:21:23.650000,0 days 01:19:39.162000
2024-07-07 14:24:36.352,OnTrack,2952,9517,2062,pos,0 days 00:21:23.811000,0 days 01:19:39.323000
2024-07-07 14:24:36.652,OnTrack,2771,9674,2061,pos,0 days 00:21:24.111000,0 days 01:19:39.623000
2024-07-07 14:24:36.811,OnTrack,2674,9758,2060,pos,0 days 00:21:24.270000,0 days 01:19:39.782000
2024-07-07 14:24:37.091,OnTrack,2506,9905,2058,pos,0 days 00:21:24.550000,0 days 01:19:40.062000
2024-07-07 14:24:37.312,OnTrack,2290,10095,2054,pos,0 days 00:21:24.771000,0 days 01:19:40.283000
2024-07-07 14:24:37.651,OnTrack,2172,10202,2052,pos,0 days 00:21:25.110000,0 days 01:19:40.622000
2024-07-07 14:24:37.931,OnTrack,1972,10380,2049,pos,0 days 00:21:25.390000,0 days 01:19:40.902000
2024-07-07 14:24:38.191,OnTrack,1855,10485,2047,pos,0 days 00:21:25.650000,0 days 01:19:41.162000
2024-07-07 14:24:38.491,OnTrack,1674,10635,2045,pos,0 days 00:21:25.950000,0 days 01:19:41.462000
2024-07-07 14:24:38.791,OnTrack,1489,10767,2042,pos,0 days 00:21:26.250000,0 days 01:19:41.762000
2024-07-07 14:24:38.972,OnTrack,1334,10852,2039,pos,0 days 00:21:26.431000,0 days 01:19:41.943000
2024-07-07 14:24:39.412,OnTrack,1128,10926,2036,pos,0 days 00:21:26.871000,0 days 01:19:42.383000
2024-07-07 14:24:39.572,OnTrack,968,10949,2035,pos,0 days 00:21:27.031000,0 days 01:19:42.543000
2024-07-07 14:24:39.952,OnTrack,835,10949,2034,pos,0 days 00:21:27.411000,0 days 01:19:42.923000
2024-07-07 14:24:40.231,OnTrack,700,10935,2033,pos,0 days 00:21:27.690000,0 days 01:19:43.202000
2024-07-07 14:24:40.471,OnTrack,598,10902,2032,pos,0 days 00:21:27.930000,0 days 01:19:43.442000
2024-07-07 14:24:40.531,OnTrack,567,10889,2032,pos,0 days 00:21:27.990000,0 days 01:19:43.502000
2024-07-07 14:24:40.891,OnTrack,429,10804,2032,pos,0 days 00:21:28.350000,0 days 01:19:43.862000
2024-07-07 14:24:41.051,OnTrack,348,10712,2032,pos,0 days 00:21:28.510000,0 days 01:19:44.022000
2024-07-07 14:24:41.451,OnTrack,271,10577,2033,pos,0 days 00:21:28.910000,0 days 01:19:44.422000
2024-07-07 14:24:41.852,OnTrack,218,10442,2033,pos,0 days 00:21:29.311000,0 days 01:19:44.823000
2024-07-07 14:24:41.951,OnTrack,208,10395,2033,pos,0 days 00:21:29.410000,0 days 01:19:44.922000
2024-07-07 14:24:42.251,OnTrack,193,10260,2033,pos,0 days 00:21:29.710000,0 days 01:19:45.222000
2024-07-07 14:24:42.511,OnTrack,185,10094,2034,pos,0 days 00:21:29.970000,0 days 01:19:45.482000
2024-07-07 14:24:42.771,OnTrack,180,10018,2035,pos,0 days 00:21:30.230000,0 days 01:19:45.742000
2024-07-07 14:24:43.111,OnTrack,144,9807,2036,pos,0 days 00:21:30.570000,0 days 01:19:46.082000
2024-07-07 14:24:43.591,OnTrack,82,9680,2038,pos,0 days 00:21:31.050000,0 days 01:19:46.562000
2024-07-07 14:24:43.732,OnTrack,22,9606,2039,pos,0 days 00:21:31.191000,0 days 01:19:46.703000
2024-07-07 14:24:44.112,OnTrack,-93,9512,2040,pos,0 days 00:21:31.571000,0 days 01:19:47.083000
2024-07-07 14:24:44.512,OnTrack,-171,9472,2041,pos,0 days 00:21:31.971000,0 days 01:19:47.483000
2024-07-07 14:24:44.792,OnTrack,-283,9443,2041,pos,0 days 00:21:32.251000,0 days 01:19:47.763000
2024-07-07 14:24:45.152,OnTrack,-370,9443,2040,pos,0 days 00:21:32.611000,0 days 01:19:48.123000
2024-07-07 14:24:45.311,OnTrack,-417,9453,2040,pos,0 days 00:21:32.770000,0 days 01:19:48.282000
2024-07-07 14:24:45.591,OnTrack,-533,9512,2039,pos,0 days 00:21:33.050000,0 days 01:19:48.562000
2024-07-07 14:24:45.932,OnTrack,-582,9552,2038,pos,0 days 00:21:33.391000,0 days 01:19:48.903000
2024-07-07 14:24:46.232,OnTrack,-646,9625,2036,pos,0 days 00:21:33.691000,0 days 01:19:49.203000
2024-07-07 14:24:46.452,OnTrack,-686,9687,2035,pos,0 days 00:21:33.911000,0 days 01:19:49.423000
2024-07-07 14:24:46.691,OnTrack,-722,9763,2034,pos,0 days 00:21:34.150000,0 days 01:19:49.662000
2024-07-07 14:24:46.871,OnTrack,-743,9824,2033,pos,0 days 00:21:34.330000,0 days 01:19:49.842000
2024-07-07 14:24:47.131,OnTrack,-766,9921,2033,pos,0 days 00:21:34.590000,0 days 01:19:50.102000
2024-07-07 14:24:47.252,OnTrack,-772,9968,2032,pos,0 days 00:21:34.711000,0 days 01:19:50.223000
2024-07-07 14:24:47.451,OnTrack,-776,10051,2032,pos,0 days 00:21:34.910000,0 days 01:19:50.422000
2024-07-07 14:24:47.671,OnTrack,-773,10149,2031,pos,0 days 00:21:35.130000,0 days 01:19:50.642000
2024-07-07 14:24:47.991,OnTrack,-752,10298,2030,pos,0 days 00:21:35.450000,0 days 01:19:50.962000
2024-07-07 14:24:48.191,OnTrack,-728,10405,2029,pos,0 days 00:21:35.650000,0 days 01:19:51.162000
2024-07-07 14:24:48.551,OnTrack,-676,10567,2027,pos,0 days 00:21:36.010000,0 days 01:19:51.522000
2024-07-07 14:24:48.731,OnTrack,-613,10722,2025,pos,0 days 00:21:36.190000,0 days 01:19:51.702000
2024-07-07 14:24:49.051,OnTrack,-565,10826,2023,pos,0 days 00:21:36.510000,0 days 01:19:52.022000
2024-07-07 14:24:49.311,OnTrack,-495,10963,2022,pos,0 days 00:21:36.770000,0 days 01:19:52.282000
2024-07-07 14:24:49.492,OnTrack,-444,11061,2021,pos,0 days 00:21:36.951000,0 days 01:19:52.463000
2024-07-07 14:24:49.772,OnTrack,-320,11278,2021,pos,0 days 00:21:37.231000,0 days 01:19:52.743000
2024-07-07 14:24:50.131,OnTrack,-234,11408,2021,pos,0 days 00:21:37.590000,0 days 01:19:53.102000
2024-07-07 14:24:50.372,OnTrack,-141,11537,2021,pos,0 days 00:21:37.831000,0 days 01:19:53.343000
2024-07-07 14:24:50.671,OnTrack,32,11746,2021,pos,0 days 00:21:38.130000,0 days 01:19:53.642000
2024-07-07 14:24:51.052,OnTrack,166,11885,2023,pos,0 days 00:21:38.511000,0 days 01:19:54.023000
2024-07-07 14:24:51.192,OnTrack,237,11954,2024,pos,0 days 00:21:38.651000,0 days 01:19:54.163000
2024-07-07 14:24:51.372,OnTrack,331,12040,2024,pos,0 days 00:21:38.831000,0 days 01:19:54.343000
2024-07-07 14:24:51.672,OnTrack,496,12177,2024,pos,0 days 00:21:39.131000,0 days 01:19:54.643000
2024-07-07 14:24:51.872,OnTrack,614,12263,2024,pos,0 days 00:21:39.331000,0 days 01:19:54.843000
2024-07-07 14:24:52.091,OnTrack,748,12351,2024,pos,0 days 00:21:39.550000,0 days 01:19:55.062000
2024-07-07 14:24:52.272,OnTrack,959,12460,2025,pos,0 days 00:21:39.731000,0 days 01:19:55.243000
2024-07-07 14:24:52.692,OnTrack,1209,12564,2025,pos,0 days 00:21:40.151000,0 days 01:19:55.663000
2024-07-07 14:24:53.052,OnTrack,1412,12631,2025,pos,0 days 00:21:40.511000,0 days 01:19:56.023000
2024-07-07 14:24:53.191,OnTrack,1515,12660,2025,pos,0 days 00:21:40.650000,0 days 01:19:56.162000
2024-07-07 14:24:53.451,OnTrack,1710,12708,2026,pos,0 days 00:21:40.910000,0 days 01:19:56.422000
2024-07-07 14:24:53.751,OnTrack,2017,12763,2028,pos,0 days 00:21:41.210000,0 days 01:19:56.722000
2024-07-07 14:24:54.052,OnTrack,2165,12784,2029,pos,0 days 00:21:41.511000,0 days 01:19:57.023000
2024-07-07 14:24:54.211,OnTrack,2299,12800,2030,pos,0 days 00:21:41.670000,0 days 01:19:57.182000
2024-07-07 14:24:54.471,OnTrack,2591,12831,2032,pos,0 days 00:21:41.930000,0 days 01:19:57.442000
2024-07-07 14:24:54.872,OnTrack,2821,12855,2034,pos,0 days 00:21:42.331000,0 days 01:19:57.843000
2024-07-07 14:24:55.172,OnTrack,3059,12878,2036,pos,0 days 00:21:42.631000,0 days 01:19:58.143000
2024-07-07 14:24:55.231,OnTrack,3106,12883,2037,pos,0 days 00:21:42.690000,0 days 01:19:58.202000
2024-07-07 14:24:55.452,OnTrack,3273,12901,2038,pos,0 days 00:21:42.911000,0 days 01:19:58.423000
2024-07-07 14:24:55.712,OnTrack,3488,12925,2040,pos,0 days 00:21:43.171000,0 days 01:19:58.683000
2024-07-07 14:24:55.891,OnTrack,3632,12941,2040,pos,0 days 00:21:43.350000,0 days 01:19:58.862000
2024-07-07 14:24:56.032,OnTrack,3743,12953,2040,pos,0 days 00:21:43.491000,0 days 01:19:59.003000
2024-07-07 14:24:56.391,OnTrack,4030,12986,2043,pos,0 days 00:21:43.850000,0 days 01:19:59.362000
2024-07-07 14:24:56.612,OnTrack,4238,13013,2044,pos,0 days 00:21:44.071000,0 days 01:19:59.583000
2024-07-07 14:24:56.931,OnTrack,4453,13041,2046,pos,0 days 00:21:44.390000,0 days 01:19:59.902000
2024-07-07 14:24:57.211,OnTrack,4675,13070,2047,pos,0 days 00:21:44.670000,0 days 01:20:00.182000
2024-07-07 14:24:57.291,OnTrack,4747,13079,2047,pos,0 days 00:21:44.750000,0 days 01:20:00.262000
2024-07-07 14:24:57.452,OnTrack,4874,13093,2048,pos,0 days 00:21:44.911000,0 days 01:20:00.423000
2024-07-07 14:24:57.791,OnTrack,5142,13113,2049,pos,0 days 00:21:45.250000,0 days 01:20:00.762000
2024-07-07 14:24:57.992,OnTrack,5281,13114,2049,pos,0 days 00:21:45.451000,0 days 01:20:00.963000
2024-07-07 14:24:58.192,OnTrack,5438,13096,2050,pos,0 days 00:21:45.651000,0 days 01:20:01.163000
2024-07-07 14:24:58.272,OnTrack,5497,13085,2051,pos,0 days 00:21:45.731000,0 days 01:20:01.243000
2024-07-07 14:24:58.631,OnTrack,5753,13009,2052,pos,0 days 00:21:46.090000,0 days 01:20:01.602000
2024-07-07 14:24:58.891,OnTrack,5945,12911,2053,pos,0 days 00:21:46.350000,0 days 01:20:01.862000
2024-07-07 14:24:59.132,OnTrack,6057,12834,2054,pos,0 days 00:21:46.591000,0 days 01:20:02.103000
2024-07-07 14:24:59.452,OnTrack,6236,12680,2055,pos,0 days 00:21:46.911000,0 days 01:20:02.423000
2024-07-07 14:24:59.612,OnTrack,6311,12596,2056,pos,0 days 00:21:47.071000,0 days 01:20:02.583000
2024-07-07 14:24:59.911,OnTrack,6439,12401,2057,pos,0 days 00:21:47.370000,0 days 01:20:02.882000
2024-07-07 14:25:00.312,OnTrack,6557,12146,2058,pos,0 days 00:21:47.771000,0 days 01:20:03.283000
2024-07-07 14:25:00.551,OnTrack,6635,11921,2060,pos,0 days 00:21:48.010000,0 days 01:20:03.522000
2024-07-07 14:25:00.831,OnTrack,6677,11778,2061,pos,0 days 00:21:48.290000,0 days 01:20:03.802000
2024-07-07 14:25:01.011,OnTrack,6712,11647,2062,pos,0 days 00:21:48.470000,0 days 01:20:03.982000
2024-07-07 14:25:01.271,OnTrack,6759,11455,2064,pos,0 days 00:21:48.730000,0 days 01:20:04.242000
2024-07-07 14:25:01.432,OnTrack,6785,11337,2065,pos,0 days 00:21:48.891000,0 days 01:20:04.403000
2024-07-07 14:25:01.631,OnTrack,6817,11187,2066,pos,0 days 00:21:49.090000,0 days 01:20:04.602000
2024-07-07 14:25:01.952,OnTrack,6861,10945,2067,pos,0 days 00:21:49.411000,0 days 01:20:04.923000
2024-07-07 14:25:02.151,OnTrack,6884,10792,2069,pos,0 days 00:21:49.610000,0 days 01:20:05.122000
2024-07-07 14:25:02.371,OnTrack,6907,10622,2070,pos,0 days 00:21:49.830000,0 days 01:20:05.342000
2024-07-07 14:25:02.591,OnTrack,6933,10396,2072,pos,0 days 00:21:50.050000,0 days 01:20:05.562000
2024-07-07 14:25:02.911,OnTrack,6951,10199,2073,pos,0 days 00:21:50.370000,0 days 01:20:05.882000
2024-07-07 14:25:03.171,OnTrack,6966,9994,2074,pos,0 days 00:21:50.630000,0 days 01:20:06.142000
2024-07-07 14:25:03.432,OnTrack,6978,9723,2075,pos,0 days 00:21:50.891000,0 days 01:20:06.403000
2024-07-07 14:25:03.712,OnTrack,6981,9563,2075,pos,0 days 00:21:51.171000,0 days 01:20:06.683000
2024-07-07 14:25:03.952,OnTrack,6985,9370,2074,pos,0 days 00:21:51.411000,0 days 01:20:06.923000
2024-07-07 14:25:04.172,OnTrack,6995,9112,2074,pos,0 days 00:21:51.631000,0 days 01:20:07.143000
2024-07-07 14:25:04.611,OnTrack,7026,8771,2071,pos,0 days 00:21:52.070000,0 days 01:20:07.582000
2024-07-07 14:25:04.952,OnTrack,7057,8578,2070,pos,0 days 00:21:52.411000,0 days 01:20:07.923000
2024-07-07 14:25:05.112,OnTrack,7083,8451,2070,pos,0 days 00:21:52.571000,0 days 01:20:08.083000
2024-07-07 14:25:05.352,OnTrack,7129,8261,2069,pos,0 days 00:21:52.811000,0 days 01:20:08.323000
2024-07-07 14:25:05.532,OnTrack,7168,8121,2067,pos,0 days 00:21:52.991000,0 days 01:20:08.503000
2024-07-07 14:25:05.752,OnTrack,7221,7951,2065,pos,0 days 00:21:53.211000,0 days 01:20:08.723000
2024-07-07 14:25:05.952,OnTrack,7276,7799,2063,pos,0 days 00:21:53.411000,0 days 01:20:08.923000
2024-07-07 14:25:06.271,OnTrack,7372,7559,2060,pos,0 days 00:21:53.730000,0 days 01:20:09.242000
2024-07-07 14:25:06.471,OnTrack,7430,7409,2059,pos,0 days 00:21:53.930000,0 days 01:20:09.442000
2024-07-07 14:25:06.751,OnTrack,7498,7200,2058,pos,0 days 00:21:54.210000,0 days 01:20:09.722000
2024-07-07 14:25:06.911,OnTrack,7523,7089,2058,pos,0 days 00:21:54.370000,0 days 01:20:09.882000
2024-07-07 14:25:07.171,OnTrack,7539,6897,2058,pos,0 days 00:21:54.630000,0 days 01:20:10.142000
2024-07-07 14:25:07.372,OnTrack,7529,6750,2058,pos,0 days 00:21:54.831000,0 days 01:20:10.343000
2024-07-07 14:25:07.412,OnTrack,7524,6711,2058,pos,0 days 00:21:54.871000,0 days 01:20:10.383000
2024-07-07 14:25:07.711,OnTrack,7481,6483,2059,pos,0 days 00:21:55.170000,0 days 01:20:10.682000
2024-07-07 14:25:07.871,OnTrack,7452,6364,2060,pos,0 days 00:21:55.330000,0 days 01:20:10.842000
2024-07-07 14:25:08.071,OnTrack,7414,6217,2061,pos,0 days 00:21:55.530000,0 days 01:20:11.042000
2024-07-07 14:25:08.351,OnTrack,7366,6011,2062,pos,0 days 00:21:55.810000,0 days 01:20:11.322000
2024-07-07 14:25:08.512,OnTrack,7343,5892,2063,pos,0 days 00:21:55.971000,0 days 01:20:11.483000
2024-07-07 14:25:08.711,OnTrack,7324,5746,2063,pos,0 days 00:21:56.170000,0 days 01:20:11.682000
2024-07-07 14:25:08.871,OnTrack,7317,5639,2063,pos,0 days 00:21:56.330000,0 days 01:20:11.842000
2024-07-07 14:25:09.112,OnTrack,7326,5467,2062,pos,0 days 00:21:56.571000,0 days 01:20:12.083000
2024-07-07 14:25:09.352,OnTrack,7361,5309,2061,pos,0 days 00:21:56.811000,0 days 01:20:12.323000
2024-07-07 14:25:09.552,OnTrack,7410,5183,2060,pos,0 days 00:21:57.011000,0 days 01:20:12.523000
2024-07-07 14:25:09.711,OnTrack,7458,5086,2059,pos,0 days 00:21:57.170000,0 days 01:20:12.682000
2024-07-07 14:25:09.892,OnTrack,7518,4980,2057,pos,0 days 00:21:57.351000,0 days 01:20:12.863000
2024-07-07 14:25:10.092,OnTrack,7588,4865,2055,pos,0 days 00:21:57.551000,0 days 01:20:13.063000
2024-07-07 14:25:10.372,OnTrack,7675,4713,2053,pos,0 days 00:21:57.831000,0 days 01:20:13.343000
2024-07-07 14:25:10.611,OnTrack,7755,4519,2051,pos,0 days 00:21:58.070000,0 days 01:20:13.582000
2024-07-07 14:25:11.012,OnTrack,7786,4367,2048,pos,0 days 00:21:58.471000,0 days 01:20:13.983000
2024-07-07 14:25:11.192,OnTrack,7783,4200,2045,pos,0 days 00:21:58.651000,0 days 01:20:14.163000
2024-07-07 14:25:11.592,OnTrack,7753,4055,2043,pos,0 days 00:21:59.051000,0 days 01:20:14.563000
2024-07-07 14:25:11.772,OnTrack,7721,3961,2042,pos,0 days 00:21:59.231000,0 days 01:20:14.743000
2024-07-07 14:25:12.052,OnTrack,7655,3820,2040,pos,0 days 00:21:59.511000,0 days 01:20:15.023000
2024-07-07 14:25:12.251,OnTrack,7546,3658,2038,pos,0 days 00:21:59.710000,0 days 01:20:15.222000
2024-07-07 14:25:12.672,OnTrack,7436,3545,2036,pos,0 days 00:22:00.131000,0 days 01:20:15.643000
2024-07-07 14:25:12.892,OnTrack,7280,3435,2034,pos,0 days 00:22:00.351000,0 days 01:20:15.863000
2024-07-07 14:25:13.331,OnTrack,7008,3290,2031,pos,0 days 00:22:00.790000,0 days 01:20:16.302000
2024-07-07 14:25:13.671,OnTrack,6817,3159,2029,pos,0 days 00:22:01.130000,0 days 01:20:16.642000
2024-07-07 14:25:14.171,OnTrack,6622,2968,2028,pos,0 days 00:22:01.630000,0 days 01:20:17.142000
2024-07-07 14:25:14.492,OnTrack,6497,2828,2027,pos,0 days 00:22:01.951000,0 days 01:20:17.463000
2024-07-07 14:25:14.772,OnTrack,6376,2671,2027,pos,0 days 00:22:02.231000,0 days 01:20:17.743000
2024-07-07 14:25:14.931,OnTrack,6313,2577,2027,pos,0 days 00:22:02.390000,0 days 01:20:17.902000
2024-07-07 14:25:15.111,OnTrack,6245,2468,2026,pos,0 days 00:22:02.570000,0 days 01:20:18.082000
2024-07-07 14:25:15.391,OnTrack,6146,2291,2026,pos,0 days 00:22:02.850000,0 days 01:20:18.362000
2024-07-07 14:25:15.471,OnTrack,6119,2240,2025,pos,0 days 00:22:02.930000,0 days 01:20:18.442000
2024-07-07 14:25:15.711,OnTrack,6039,2084,2025,pos,0 days 00:22:03.170000,0 days 01:20:18.682000
2024-07-07 14:25:15.892,OnTrack,5935,1871,2024,pos,0 days 00:22:03.351000,0 days 01:20:18.863000
2024-07-07 14:25:16.372,OnTrack,5824,1642,2023,pos,0 days 00:22:03.831000,0 days 01:20:19.343000
2024-07-07 14:25:16.632,OnTrack,5738,1464,2022,pos,0 days 00:22:04.091000,0 days 01:20:19.603000
2024-07-07 14:25:16.712,OnTrack,5712,1409,2022,pos,0 days 00:22:04.171000,0 days 01:20:19.683000
2024-07-07 14:25:16.992,OnTrack,5619,1216,2021,pos,0 days 00:22:04.451000,0 days 01:20:19.963000
2024-07-07 14:25:17.252,OnTrack,5530,1028,2020,pos,0 days 00:22:04.711000,0 days 01:20:20.223000
2024-07-07 14:25:17.572,OnTrack,5426,810,2019,pos,0 days 00:22:05.031000,0 days 01:20:20.543000
2024-07-07 14:25:17.691,OnTrack,5385,726,2018,pos,0 days 00:22:05.150000,0 days 01:20:20.662000
2024-07-07 14:25:17.872,OnTrack,5324,599,2017,pos,0 days 00:22:05.331000,0 days 01:20:20.843000
2024-07-07 14:25:18.272,OnTrack,5159,258,2014,pos,0 days 00:22:05.731000,0 days 01:20:21.243000
2024-07-07 14:25:18.652,OnTrack,5055,43,2012,pos,0 days 00:22:06.111000,0 days 01:20:21.623000
2024-07-07 14:25:18.771,OnTrack,4965,-143,2011,pos,0 days 00:22:06.230000,0 days 01:20:21.742000
2024-07-07 14:25:19.232,OnTrack,4854,-374,2009,pos,0 days 00:22:06.691000,0 days 01:20:22.203000
2024-07-07 14:25:19.491,OnTrack,4763,-563,2009,pos,0 days 00:22:06.950000,0 days 01:20:22.462000
2024-07-07 14:25:19.731,OnTrack,4679,-737,2008,pos,0 days 00:22:07.190000,0 days 01:20:22.702000
2024-07-07 14:25:20.011,OnTrack,4583,-935,2006,pos,0 days 00:22:07.470000,0 days 01:20:22.982000
2024-07-07 14:25:20.331,OnTrack,4470,-1168,2004,pos,0 days 00:22:07.790000,0 days 01:20:23.302000
2024-07-07 14:25:20.531,OnTrack,4400,-1313,2003,pos,0 days 00:22:07.990000,0 days 01:20:23.502000
2024-07-07 14:25:20.732,OnTrack,4293,-1530,2000,pos,0 days 00:22:08.191000,0 days 01:20:23.703000
2024-07-07 14:25:21.111,OnTrack,4149,-1819,1996,pos,0 days 00:22:08.570000,0 days 01:20:24.082000
2024-07-07 14:25:21.491,OnTrack,4054,-2006,1995,pos,0 days 00:22:08.950000,0 days 01:20:24.462000
2024-07-07 14:25:21.671,OnTrack,3989,-2135,1994,pos,0 days 00:22:09.130000,0 days 01:20:24.642000
2024-07-07 14:25:21.951,OnTrack,3837,-2429,1994,pos,0 days 00:22:09.410000,0 days 01:20:24.922000
2024-07-07 14:25:22.211,OnTrack,3792,-2514,1994,pos,0 days 00:22:09.670000,0 days 01:20:25.182000
2024-07-07 14:25:22.511,OnTrack,3682,-2722,1996,pos,0 days 00:22:09.970000,0 days 01:20:25.482000
2024-07-07 14:25:22.791,OnTrack,3530,-3000,2000,pos,0 days 00:22:10.250000,0 days 01:20:25.762000
2024-07-07 14:25:23.131,OnTrack,3395,-3232,2005,pos,0 days 00:22:10.590000,0 days 01:20:26.102000
2024-07-07 14:25:23.651,OnTrack,3226,-3493,2011,pos,0 days 00:22:11.110000,0 days 01:20:26.622000
2024-07-07 14:25:23.772,OnTrack,3114,-3639,2015,pos,0 days 00:22:11.231000,0 days 01:20:26.743000
2024-07-07 14:25:24.112,OnTrack,3012,-3754,2017,pos,0 days 00:22:11.571000,0 days 01:20:27.083000
2024-07-07 14:25:24.372,OnTrack,2884,-3873,2021,pos,0 days 00:22:11.831000,0 days 01:20:27.343000
2024-07-07 14:25:24.572,OnTrack,2773,-3952,2023,pos,0 days 00:22:12.031000,0 days 01:20:27.543000
2024-07-07 14:25:24.812,OnTrack,2639,-4024,2025,pos,0 days 00:22:12.271000,0 days 01:20:27.783000
2024-07-07 14:25:25.072,OnTrack,2411,-4100,2029,pos,0 days 00:22:12.531000,0 days 01:20:28.043000
2024-07-07 14:25:25.472,OnTrack,2263,-4117,2031,pos,0 days 00:22:12.931000,0 days 01:20:28.443000
2024-07-07 14:25:25.712,OnTrack,2126,-4109,2032,pos,0 days 00:22:13.171000,0 days 01:20:28.683000
2024-07-07 14:25:25.852,OnTrack,2047,-4095,2033,pos,0 days 00:22:13.311000,0 days 01:20:28.823000
2024-07-07 14:25:26.012,OnTrack,1960,-4071,2033,pos,0 days 00:22:13.471000,0 days 01:20:28.983000
2024-07-07 14:25:26.211,OnTrack,1852,-4030,2033,pos,0 days 00:22:13.670000,0 days 01:20:29.182000
2024-07-07 14:25:26.571,OnTrack,1669,-3923,2033,pos,0 days 00:22:14.030000,0 days 01:20:29.542000
2024-07-07 14:25:26.712,OnTrack,1602,-3871,2032,pos,0 days 00:22:14.171000,0 days 01:20:29.683000
2024-07-07 14:25:26.911,OnTrack,1512,-3787,2031,pos,0 days 00:22:14.370000,0 days 01:20:29.882000
2024-07-07 14:25:27.111,OnTrack,1428,-3694,2030,pos,0 days 00:22:14.570000,0 days 01:20:30.082000
2024-07-07 14:25:27.291,OnTrack,1359,-3603,2029,pos,0 days 00:22:14.750000,0 days 01:20:30.262000
2024-07-07 14:25:27.611,OnTrack,1249,-3428,2025,pos,0 days 00:22:15.070000,0 days 01:20:30.582000
2024-07-07 14:25:27.832,OnTrack,1161,-3263,2020,pos,0 days 00:22:15.291000,0 days 01:20:30.803000
2024-07-07 14:25:28.132,OnTrack,1085,-3121,2015,pos,0 days 00:22:15.591000,0 days 01:20:31.103000
2024-07-07 14:25:28.412,OnTrack,940,-2874,2004,pos,0 days 00:22:15.871000,0 days 01:20:31.383000
2024-07-07 14:25:28.791,OnTrack,846,-2737,1997,pos,0 days 00:22:16.250000,0 days 01:20:31.762000
2024-07-07 14:25:29.091,OnTrack,687,-2520,1989,pos,0 days 00:22:16.550000,0 days 01:20:32.062000
2024-07-07 14:25:29.411,OnTrack,589,-2388,1986,pos,0 days 00:22:16.870000,0 days 01:20:32.382000
2024-07-07 14:25:29.591,OnTrack,508,-2277,1984,pos,0 days 00:22:17.050000,0 days 01:20:32.562000
2024-07-07 14:25:29.832,OnTrack,396,-2128,1985,pos,0 days 00:22:17.291000,0 days 01:20:32.803000
2024-07-07 14:25:30.072,OnTrack,246,-1934,1986,pos,0 days 00:22:17.531000,0 days 01:20:33.043000
2024-07-07 14:25:30.532,OnTrack,43,-1690,1986,pos,0 days 00:22:17.991000,0 days 01:20:33.503000
2024-07-07 14:25:30.892,OnTrack,-89,-1539,1985,pos,0 days 00:22:18.351000,0 days 01:20:33.863000
2024-07-07 14:25:31.152,OnTrack,-200,-1414,1984,pos,0 days 00:22:18.611000,0 days 01:20:34.123000
2024-07-07 14:25:31.311,OnTrack,-320,-1279,1981,pos,0 days 00:22:18.770000,0 days 01:20:34.282000
2024-07-07 14:25:31.652,OnTrack,-391,-1200,1980,pos,0 days 00:22:19.111000,0 days 01:20:34.623000
2024-07-07 14:25:31.952,OnTrack,-488,-1097,1978,pos,0 days 00:22:19.411000,0 days 01:20:34.923000
2024-07-07 14:25:32.152,OnTrack,-544,-1047,1977,pos,0 days 00:22:19.611000,0 days 01:20:35.123000
2024-07-07 14:25:32.312,OnTrack,-594,-1010,1976,pos,0 days 00:22:19.771000,0 days 01:20:35.283000
2024-07-07 14:25:32.512,OnTrack,-695,-954,1975,pos,0 days 00:22:19.971000,0 days 01:20:35.483000
2024-07-07 14:25:32.871,OnTrack,-759,-929,1976,pos,0 days 00:22:20.330000,0 days 01:20:35.842000
2024-07-07 14:25:33.071,OnTrack,-816,-917,1976,pos,0 days 00:22:20.530000,0 days 01:20:36.042000
2024-07-07 14:25:33.291,OnTrack,-883,-913,1976,pos,0 days 00:22:20.750000,0 days 01:20:36.262000
2024-07-07 14:25:33.611,OnTrack,-971,-918,1977,pos,0 days 00:22:21.070000,0 days 01:20:36.582000
2024-07-07 14:25:33.831,OnTrack,-1032,-935,1978,pos,0 days 00:22:21.290000,0 days 01:20:36.802000
2024-07-07 14:25:34.052,OnTrack,-1086,-960,1978,pos,0 days 00:22:21.511000,0 days 01:20:37.023000
2024-07-07 14:25:34.211,OnTrack,-1128,-986,1979,pos,0 days 00:22:21.670000,0 days 01:20:37.182000
2024-07-07 14:25:34.491,OnTrack,-1227,-1061,1980,pos,0 days 00:22:21.950000,0 days 01:20:37.462000
2024-07-07 14:25:34.912,OnTrack,-1335,-1134,1981,pos,0 days 00:22:22.371000,0 days 01:20:37.883000
2024-07-07 14:25:35.311,OnTrack,-1451,-1171,1981,pos,0 days 00:22:22.770000,0 days 01:20:38.282000
2024-07-07 14:25:35.611,OnTrack,-1512,-1172,1981,pos,0 days 00:22:23.070000,0 days 01:20:38.582000
2024-07-07 14:25:35.811,OnTrack,-1575,-1161,1980,pos,0 days 00:22:23.270000,0 days 01:20:38.782000
2024-07-07 14:25:36.091,OnTrack,-1660,-1137,1979,pos,0 days 00:22:23.550000,0 days 01:20:39.062000
2024-07-07 14:25:36.332,OnTrack,-1738,-1105,1978,pos,0 days 00:22:23.791000,0 days 01:20:39.303000
2024-07-07 14:25:36.552,OnTrack,-1806,-1067,1978,pos,0 days 00:22:24.011000,0 days 01:20:39.523000
2024-07-07 14:25:36.612,OnTrack,-1824,-1055,1977,pos,0 days 00:22:24.071000,0 days 01:20:39.583000
2024-07-07 14:25:36.971,OnTrack,-1929,-966,1976,pos,0 days 00:22:24.430000,0 days 01:20:39.942000
2024-07-07 14:25:37.212,OnTrack,-2010,-870,1975,pos,0 days 00:22:24.671000,0 days 01:20:40.183000
2024-07-07 14:25:37.472,OnTrack,-2066,-799,1975,pos,0 days 00:22:24.931000,0 days 01:20:40.443000
2024-07-07 14:25:37.811,OnTrack,-2166,-650,1974,pos,0 days 00:22:25.270000,0 days 01:20:40.782000
2024-07-07 14:25:37.932,OnTrack,-2205,-570,1974,pos,0 days 00:22:25.391000,0 days 01:20:40.903000
2024-07-07 14:25:38.091,OnTrack,-2235,-492,1973,pos,0 days 00:22:25.550000,0 days 01:20:41.062000
2024-07-07 14:25:38.391,OnTrack,-2280,-338,1971,pos,0 days 00:22:25.850000,0 days 01:20:41.362000
2024-07-07 14:25:38.632,OnTrack,-2303,-205,1969,pos,0 days 00:22:26.091000,0 days 01:20:41.603000
2024-07-07 14:25:38.812,OnTrack,-2312,-101,1968,pos,0 days 00:22:26.271000,0 days 01:20:41.783000
2024-07-07 14:25:38.931,OnTrack,-2314,-31,1967,pos,0 days 00:22:26.390000,0 days 01:20:41.902000
2024-07-07 14:25:39.311,OnTrack,-2291,233,1965,pos,0 days 00:22:26.770000,0 days 01:20:42.282000
2024-07-07 14:25:39.631,OnTrack,-2229,463,1963,pos,0 days 00:22:27.090000,0 days 01:20:42.602000
2024-07-07 14:25:40.111,OnTrack,-2100,722,1962,pos,0 days 00:22:27.570000,0 days 01:20:43.082000
2024-07-07 14:25:40.431,OnTrack,-2018,848,1962,pos,0 days 00:22:27.890000,0 days 01:20:43.402000
2024-07-07 14:25:40.731,OnTrack,-1896,1019,1963,pos,0 days 00:22:28.190000,0 days 01:20:43.702000
2024-07-07 14:25:40.811,OnTrack,-1860,1068,1963,pos,0 days 00:22:28.270000,0 days 01:20:43.782000
2024-07-07 14:25:41.152,OnTrack,-1717,1261,1964,pos,0 days 00:22:28.611000,0 days 01:20:44.123000
2024-07-07 14:25:41.331,OnTrack,-1586,1430,1965,pos,0 days 00:22:28.790000,0 days 01:20:44.302000
2024-07-07 14:25:41.811,OnTrack,-1423,1634,1966,pos,0 days 00:22:29.270000,0 days 01:20:44.782000
2024-07-07 14:25:41.891,OnTrack,-1330,1758,1968,pos,0 days 00:22:29.350000,0 days 01:20:44.862000
2024-07-07 14:25:42.272,OnTrack,-1219,1908,1970,pos,0 days 00:22:29.731000,0 days 01:20:45.243000
2024-07-07 14:25:42.532,OnTrack,-1104,2067,1972,pos,0 days 00:22:29.991000,0 days 01:20:45.503000
2024-07-07 14:25:42.752,OnTrack,-1006,2202,1974,pos,0 days 00:22:30.211000,0 days 01:20:45.723000
2024-07-07 14:25:43.011,OnTrack,-843,2426,1977,pos,0 days 00:22:30.470000,0 days 01:20:45.982000
2024-07-07 14:25:43.392,OnTrack,-715,2602,1980,pos,0 days 00:22:30.851000,0 days 01:20:46.363000
2024-07-07 14:25:43.551,OnTrack,-643,2704,1982,pos,0 days 00:22:31.010000,0 days 01:20:46.522000
2024-07-07 14:25:43.852,OnTrack,-509,2898,1985,pos,0 days 00:22:31.311000,0 days 01:20:46.823000
2024-07-07 14:25:44.012,OnTrack,-438,3003,1987,pos,0 days 00:22:31.471000,0 days 01:20:46.983000
2024-07-07 14:25:44.172,OnTrack,-367,3109,1989,pos,0 days 00:22:31.631000,0 days 01:20:47.143000
2024-07-07 14:25:44.452,OnTrack,-180,3390,1994,pos,0 days 00:22:31.911000,0 days 01:20:47.423000
2024-07-07 14:25:44.832,OnTrack,-69,3548,1996,pos,0 days 00:22:32.291000,0 days 01:20:47.803000
2024-07-07 14:25:44.992,OnTrack,7,3652,1998,pos,0 days 00:22:32.451000,0 days 01:20:47.963000
2024-07-07 14:25:45.212,OnTrack,116,3794,2001,pos,0 days 00:22:32.671000,0 days 01:20:48.183000
2024-07-07 14:25:45.472,OnTrack,246,3951,2005,pos,0 days 00:22:32.931000,0 days 01:20:48.443000
2024-07-07 14:25:45.652,OnTrack,344,4060,2008,pos,0 days 00:22:33.111000,0 days 01:20:48.623000
2024-07-07 14:25:45.951,OnTrack,512,4218,2011,pos,0 days 00:22:33.410000,0 days 01:20:48.922000
2024-07-07 14:25:45.991,OnTrack,537,4238,2011,pos,0 days 00:22:33.450000,0 days 01:20:48.962000
2024-07-07 14:25:46.231,OnTrack,691,4344,2012,pos,0 days 00:22:33.690000,0 days 01:20:49.202000
2024-07-07 14:25:46.451,OnTrack,846,4419,2014,pos,0 days 00:22:33.910000,0 days 01:20:49.422000
2024-07-07 14:25:46.631,OnTrack,980,4464,2015,pos,0 days 00:22:34.090000,0 days 01:20:49.602000
2024-07-07 14:25:46.891,OnTrack,1180,4504,2016,pos,0 days 00:22:34.350000,0 days 01:20:49.862000
2024-07-07 14:25:47.191,OnTrack,1417,4520,2018,pos,0 days 00:22:34.650000,0 days 01:20:50.162000
2024-07-07 14:25:47.371,OnTrack,1654,4515,2021,pos,0 days 00:22:34.830000,0 days 01:20:50.342000
2024-07-07 14:25:47.652,OnTrack,1779,4504,2023,pos,0 days 00:22:35.111000,0 days 01:20:50.623000
2024-07-07 14:25:47.831,OnTrack,1920,4486,2025,pos,0 days 00:22:35.290000,0 days 01:20:50.802000
2024-07-07 14:25:48.131,OnTrack,2154,4455,2026,pos,0 days 00:22:35.590000,0 days 01:20:51.102000
2024-07-07 14:25:48.411,OnTrack,2420,4439,2029,pos,0 days 00:22:35.870000,0 days 01:20:51.382000
2024-07-07 14:25:48.792,OnTrack,2671,4448,2033,pos,0 days 00:22:36.251000,0 days 01:20:51.763000
2024-07-07 14:25:49.012,OnTrack,2853,4478,2036,pos,0 days 00:22:36.471000,0 days 01:20:51.983000
2024-07-07 14:25:49.151,OnTrack,2967,4508,2037,pos,0 days 00:22:36.610000,0 days 01:20:52.122000
2024-07-07 14:25:49.332,OnTrack,3100,4555,2040,pos,0 days 00:22:36.791000,0 days 01:20:52.303000
2024-07-07 14:25:49.652,OnTrack,3323,4666,2043,pos,0 days 00:22:37.111000,0 days 01:20:52.623000
2024-07-07 14:25:49.832,OnTrack,3492,4780,2046,pos,0 days 00:22:37.291000,0 days 01:20:52.803000
2024-07-07 14:25:50.192,OnTrack,3661,4920,2049,pos,0 days 00:22:37.651000,0 days 01:20:53.163000
2024-07-07 14:25:50.372,OnTrack,3762,5017,2049,pos,0 days 00:22:37.831000,0 days 01:20:53.343000
2024-07-07 14:25:50.631,OnTrack,3905,5161,2050,pos,0 days 00:22:38.090000,0 days 01:20:53.602000
2024-07-07 14:25:50.832,OnTrack,4014,5269,2051,pos,0 days 00:22:38.291000,0 days 01:20:53.803000
2024-07-07 14:25:51.052,OnTrack,4133,5383,2051,pos,0 days 00:22:38.511000,0 days 01:20:54.023000
2024-07-07 14:25:51.252,OnTrack,4284,5521,2053,pos,0 days 00:22:38.711000,0 days 01:20:54.223000
2024-07-07 14:25:51.592,OnTrack,4392,5615,2054,pos,0 days 00:22:39.051000,0 days 01:20:54.563000
2024-07-07 14:25:51.772,OnTrack,4468,5678,2055,pos,0 days 00:22:39.231000,0 days 01:20:54.743000
2024-07-07 14:25:52.112,OnTrack,4594,5780,2055,pos,0 days 00:22:39.571000,0 days 01:20:55.083000
2024-07-07 14:25:52.372,OnTrack,4684,5841,2055,pos,0 days 00:22:39.831000,0 days 01:20:55.343000
2024-07-07 14:25:52.471,OnTrack,4764,5877,2054,pos,0 days 00:22:39.930000,0 days 01:20:55.442000
2024-07-07 14:25:52.971,OnTrack,4888,5900,2054,pos,0 days 00:22:40.430000,0 days 01:20:55.942000
2024-07-07 14:25:53.131,OnTrack,4942,5900,2053,pos,0 days 00:22:40.590000,0 days 01:20:56.102000
2024-07-07 14:25:53.392,OnTrack,5062,5878,2054,pos,0 days 00:22:40.851000,0 days 01:20:56.363000
2024-07-07 14:25:53.751,OnTrack,5129,5849,2055,pos,0 days 00:22:41.210000,0 days 01:20:56.722000
2024-07-07 14:25:53.871,OnTrack,5160,5829,2055,pos,0 days 00:22:41.330000,0 days 01:20:56.842000
2024-07-07 14:25:54.171,OnTrack,5231,5772,2057,pos,0 days 00:22:41.630000,0 days 01:20:57.142000
2024-07-07 14:25:54.351,OnTrack,5267,5732,2058,pos,0 days 00:22:41.810000,0 days 01:20:57.322000
2024-07-07 14:25:54.571,OnTrack,5304,5676,2059,pos,0 days 00:22:42.030000,0 days 01:20:57.542000
2024-07-07 14:25:54.831,OnTrack,5337,5600,2059,pos,0 days 00:22:42.290000,0 days 01:20:57.802000
2024-07-07 14:25:54.991,OnTrack,5353,5549,2059,pos,0 days 00:22:42.450000,0 days 01:20:57.962000
2024-07-07 14:25:55.251,OnTrack,5379,5418,2060,pos,0 days 00:22:42.710000,0 days 01:20:58.222000
2024-07-07 14:25:55.672,OnTrack,5393,5273,2063,pos,0 days 00:22:43.131000,0 days 01:20:58.643000
2024-07-07 14:25:55.952,OnTrack,5399,5209,2064,pos,0 days 00:22:43.411000,0 days 01:20:58.923000
2024-07-07 14:25:56.152,OnTrack,5412,5129,2065,pos,0 days 00:22:43.611000,0 days 01:20:59.123000
2024-07-07 14:25:56.372,OnTrack,5433,5048,2066,pos,0 days 00:22:43.831000,0 days 01:20:59.343000
2024-07-07 14:25:56.712,OnTrack,5483,4942,2066,pos,0 days 00:22:44.171000,0 days 01:20:59.683000
2024-07-07 14:25:56.912,OnTrack,5520,4889,2066,pos,0 days 00:22:44.371000,0 days 01:20:59.883000
2024-07-07 14:25:57.012,OnTrack,5540,4866,2066,pos,0 days 00:22:44.471000,0 days 01:20:59.983000
2024-07-07 14:25:57.252,OnTrack,5590,4817,2065,pos,0 days 00:22:44.711000,0 days 01:21:00.223000
2024-07-07 14:25:57.452,OnTrack,5634,4783,2065,pos,0 days 00:22:44.911000,0 days 01:21:00.423000
2024-07-07 14:25:57.691,OnTrack,5707,4743,2065,pos,0 days 00:22:45.150000,0 days 01:21:00.662000
2024-07-07 14:25:58.132,OnTrack,5792,4730,2064,pos,0 days 00:22:45.591000,0 days 01:21:01.103000
2024-07-07 14:25:58.152,OnTrack,5797,4731,2064,pos,0 days 00:22:45.611000,0 days 01:21:01.123000
2024-07-07 14:25:58.452,OnTrack,5865,4755,2064,pos,0 days 00:22:45.911000,0 days 01:21:01.423000
2024-07-07 14:25:58.672,OnTrack,5911,4786,2063,pos,0 days 00:22:46.131000,0 days 01:21:01.643000
2024-07-07 14:25:58.952,OnTrack,5965,4834,2064,pos,0 days 00:22:46.411000,0 days 01:21:01.923000
2024-07-07 14:25:59.111,OnTrack,5994,4866,2064,pos,0 days 00:22:46.570000,0 days 01:21:02.082000
2024-07-07 14:25:59.391,OnTrack,6065,4959,2065,pos,0 days 00:22:46.850000,0 days 01:21:02.362000
2024-07-07 14:25:59.731,OnTrack,6095,5007,2065,pos,0 days 00:22:47.190000,0 days 01:21:02.702000
2024-07-07 14:25:59.991,OnTrack,6137,5084,2065,pos,0 days 00:22:47.450000,0 days 01:21:02.962000
2024-07-07 14:26:00.051,OnTrack,6146,5103,2065,pos,0 days 00:22:47.510000,0 days 01:21:03.022000
2024-07-07 14:26:00.271,OnTrack,6177,5175,2065,pos,0 days 00:22:47.730000,0 days 01:21:03.242000
2024-07-07 14:26:00.611,OnTrack,6222,5301,2065,pos,0 days 00:22:48.070000,0 days 01:21:03.582000
2024-07-07 14:26:00.791,OnTrack,6244,5374,2065,pos,0 days 00:22:48.250000,0 days 01:21:03.762000
2024-07-07 14:26:00.992,OnTrack,6268,5461,2065,pos,0 days 00:22:48.451000,0 days 01:21:03.963000
2024-07-07 14:26:01.171,OnTrack,6287,5543,2065,pos,0 days 00:22:48.630000,0 days 01:21:04.142000
2024-07-07 14:26:01.292,OnTrack,6299,5601,2065,pos,0 days 00:22:48.751000,0 days 01:21:04.263000
2024-07-07 14:26:01.491,OnTrack,6316,5701,2065,pos,0 days 00:22:48.950000,0 days 01:21:04.462000
2024-07-07 14:26:01.731,OnTrack,6331,5854,2064,pos,0 days 00:22:49.190000,0 days 01:21:04.702000
2024-07-07 14:26:02.051,OnTrack,6328,6031,2064,pos,0 days 00:22:49.510000,0 days 01:21:05.022000
2024-07-07 14:26:02.271,OnTrack,6314,6159,2063,pos,0 days 00:22:49.730000,0 days 01:21:05.242000
2024-07-07 14:26:02.412,OnTrack,6286,6299,2063,pos,0 days 00:22:49.871000,0 days 01:21:05.383000
2024-07-07 14:26:02.811,OnTrack,6197,6554,2062,pos,0 days 00:22:50.270000,0 days 01:21:05.782000
2024-07-07 14:26:03.192,OnTrack,6125,6691,2063,pos,0 days 00:22:50.651000,0 days 01:21:06.163000
2024-07-07 14:26:03.371,OnTrack,6063,6790,2063,pos,0 days 00:22:50.830000,0 days 01:21:06.342000
2024-07-07 14:26:03.671,OnTrack,5943,6948,2064,pos,0 days 00:22:51.130000,0 days 01:21:06.642000
2024-07-07 14:26:03.892,OnTrack,5773,7122,2064,pos,0 days 00:22:51.351000,0 days 01:21:06.863000
2024-07-07 14:26:04.172,OnTrack,5700,7185,2064,pos,0 days 00:22:51.631000,0 days 01:21:07.143000
2024-07-07 14:26:04.452,OnTrack,5470,7368,2064,pos,0 days 00:22:51.911000,0 days 01:21:07.423000
2024-07-07 14:26:04.952,OnTrack,5221,7561,2064,pos,0 days 00:22:52.411000,0 days 01:21:07.923000
2024-07-07 14:26:05.331,OnTrack,4996,7746,2064,pos,0 days 00:22:52.790000,0 days 01:21:08.302000
2024-07-07 14:26:05.751,OnTrack,4821,7895,2064,pos,0 days 00:22:53.210000,0 days 01:21:08.722000
2024-07-07 14:26:05.931,OnTrack,4713,7988,2064,pos,0 days 00:22:53.390000,0 days 01:21:08.902000
2024-07-07 14:26:06.111,OnTrack,4609,8077,2065,pos,0 days 00:22:53.570000,0 days 01:21:09.082000
2024-07-07 14:26:06.351,OnTrack,4476,8191,2064,pos,0 days 00:22:53.810000,0 days 01:21:09.322000
2024-07-07 14:26:06.531,OnTrack,4366,8285,2064,pos,0 days 00:22:53.990000,0 days 01:21:09.502000
2024-07-07 14:26:06.691,OnTrack,4272,8366,2064,pos,0 days 00:22:54.150000,0 days 01:21:09.662000
2024-07-07 14:26:06.931,OnTrack,4131,8487,2064,pos,0 days 00:22:54.390000,0 days 01:21:09.902000
2024-07-07 14:26:07.091,OnTrack,4036,8568,2064,pos,0 days 00:22:54.550000,0 days 01:21:10.062000
2024-07-07 14:26:07.351,OnTrack,3881,8701,2063,pos,0 days 00:22:54.810000,0 days 01:21:10.322000
2024-07-07 14:26:07.611,OnTrack,3644,8910,2063,pos,0 days 00:22:55.070000,0 days 01:21:10.582000
2024-07-07 14:26:07.991,OnTrack,3501,9036,2063,pos,0 days 00:22:55.450000,0 days 01:21:10.962000
2024-07-07 14:26:08.191,OnTrack,3381,9141,2063,pos,0 days 00:22:55.650000,0 days 01:21:11.162000
2024-07-07 14:26:08.392,OnTrack,3261,9246,2064,pos,0 days 00:22:55.851000,0 days 01:21:11.363000
2024-07-07 14:26:08.571,OnTrack,3068,9415,2063,pos,0 days 00:22:56.030000,0 days 01:21:11.542000
2024-07-07 14:26:08.972,OnTrack,2918,9547,2062,pos,0 days 00:22:56.431000,0 days 01:21:11.943000
2024-07-07 14:26:09.192,OnTrack,2778,9668,2060,pos,0 days 00:22:56.651000,0 days 01:21:12.163000
2024-07-07 14:26:09.432,OnTrack,2632,9794,2059,pos,0 days 00:22:56.891000,0 days 01:21:12.403000
2024-07-07 14:26:09.591,OnTrack,2536,9879,2058,pos,0 days 00:22:57.050000,0 days 01:21:12.562000
2024-07-07 14:26:09.832,OnTrack,2391,10005,2056,pos,0 days 00:22:57.291000,0 days 01:21:12.803000
2024-07-07 14:26:10.112,OnTrack,2224,10155,2053,pos,0 days 00:22:57.571000,0 days 01:21:13.083000
2024-07-07 14:26:10.352,OnTrack,2090,10275,2051,pos,0 days 00:22:57.811000,0 days 01:21:13.323000
2024-07-07 14:26:10.432,OnTrack,2042,10317,2050,pos,0 days 00:22:57.891000,0 days 01:21:13.403000
2024-07-07 14:26:10.771,OnTrack,1842,10497,2047,pos,0 days 00:22:58.230000,0 days 01:21:13.742000
2024-07-07 14:26:10.932,OnTrack,1709,10607,2045,pos,0 days 00:22:58.391000,0 days 01:21:13.903000
2024-07-07 14:26:11.272,OnTrack,1548,10730,2043,pos,0 days 00:22:58.731000,0 days 01:21:14.243000
2024-07-07 14:26:11.591,OnTrack,1298,10868,2039,pos,0 days 00:22:59.050000,0 days 01:21:14.562000
2024-07-07 14:26:11.832,OnTrack,1231,10894,2038,pos,0 days 00:22:59.291000,0 days 01:21:14.803000
2024-07-07 14:26:12.211,OnTrack,1013,10945,2035,pos,0 days 00:22:59.670000,0 days 01:21:15.182000
2024-07-07 14:26:12.551,OnTrack,860,10949,2034,pos,0 days 00:23:00.010000,0 days 01:21:15.522000
2024-07-07 14:26:12.831,OnTrack,732,10940,2033,pos,0 days 00:23:00.290000,0 days 01:21:15.802000
2024-07-07 14:26:12.992,OnTrack,666,10926,2033,pos,0 days 00:23:00.451000,0 days 01:21:15.963000
2024-07-07 14:26:13.191,OnTrack,585,10896,2032,pos,0 days 00:23:00.650000,0 days 01:21:16.162000
2024-07-07 14:26:13.331,OnTrack,531,10871,2032,pos,0 days 00:23:00.790000,0 days 01:21:16.302000
2024-07-07 14:26:13.611,OnTrack,396,10770,2032,pos,0 days 00:23:01.070000,0 days 01:21:16.582000
2024-07-07 14:26:14.052,OnTrack,309,10648,2032,pos,0 days 00:23:01.511000,0 days 01:21:17.023000
2024-07-07 14:26:14.412,OnTrack,252,10536,2033,pos,0 days 00:23:01.871000,0 days 01:21:17.383000
2024-07-07 14:26:14.531,OnTrack,233,10488,2033,pos,0 days 00:23:01.990000,0 days 01:21:17.502000
2024-07-07 14:26:14.831,OnTrack,203,10363,2033,pos,0 days 00:23:02.290000,0 days 01:21:17.802000
2024-07-07 14:26:15.091,OnTrack,192,10244,2033,pos,0 days 00:23:02.550000,0 days 01:21:18.062000
2024-07-07 14:26:15.252,OnTrack,188,10168,2034,pos,0 days 00:23:02.711000,0 days 01:21:18.223000
2024-07-07 14:26:15.391,OnTrack,185,10101,2034,pos,0 days 00:23:02.850000,0 days 01:21:18.362000
2024-07-07 14:26:15.651,OnTrack,177,9976,2035,pos,0 days 00:23:03.110000,0 days 01:21:18.622000
2024-07-07 14:26:15.891,OnTrack,155,9840,2036,pos,0 days 00:23:03.350000,0 days 01:21:18.862000
2024-07-07 14:26:16.171,OnTrack,123,9754,2037,pos,0 days 00:23:03.630000,0 days 01:21:19.142000
2024-07-07 14:26:16.552,OnTrack,6,9590,2039,pos,0 days 00:23:04.011000,0 days 01:21:19.523000
2024-07-07 14:26:16.952,OnTrack,-98,9509,2040,pos,0 days 00:23:04.411000,0 days 01:21:19.923000
2024-07-07 14:26:17.291,OnTrack,-211,9458,2041,pos,0 days 00:23:04.750000,0 days 01:21:20.262000
2024-07-07 14:26:17.632,OnTrack,-282,9443,2041,pos,0 days 00:23:05.091000,0 days 01:21:20.603000
2024-07-07 14:26:17.912,OnTrack,-410,9451,2040,pos,0 days 00:23:05.371000,0 days 01:21:20.883000
2024-07-07 14:26:18.212,OnTrack,-463,9471,2040,pos,0 days 00:23:05.671000,0 days 01:21:21.183000
2024-07-07 14:26:18.512,OnTrack,-545,9520,2038,pos,0 days 00:23:05.971000,0 days 01:21:21.483000
2024-07-07 14:26:18.791,OnTrack,-611,9581,2037,pos,0 days 00:23:06.250000,0 days 01:21:21.762000
2024-07-07 14:26:19.011,OnTrack,-680,9678,2035,pos,0 days 00:23:06.470000,0 days 01:21:21.982000
2024-07-07 14:26:19.311,OnTrack,-705,9726,2035,pos,0 days 00:23:06.770000,0 days 01:21:22.282000
2024-07-07 14:26:19.651,OnTrack,-747,9838,2033,pos,0 days 00:23:07.110000,0 days 01:21:22.622000
2024-07-07 14:26:19.871,OnTrack,-770,9950,2032,pos,0 days 00:23:07.330000,0 days 01:21:22.842000
2024-07-07 14:26:20.211,OnTrack,-775,10097,2032,pos,0 days 00:23:07.670000,0 days 01:21:23.182000
2024-07-07 14:26:20.571,OnTrack,-766,10213,2031,pos,0 days 00:23:08.030000,0 days 01:21:23.542000
2024-07-07 14:26:20.912,OnTrack,-736,10374,2030,pos,0 days 00:23:08.371000,0 days 01:21:23.883000
2024-07-07 14:26:21.071,OnTrack,-697,10507,2028,pos,0 days 00:23:08.530000,0 days 01:21:24.042000
2024-07-07 14:26:21.391,OnTrack,-665,10597,2027,pos,0 days 00:23:08.850000,0 days 01:21:24.362000
2024-07-07 14:26:21.651,OnTrack,-610,10730,2025,pos,0 days 00:23:09.110000,0 days 01:21:24.622000
2024-07-07 14:26:21.811,OnTrack,-574,10808,2024,pos,0 days 00:23:09.270000,0 days 01:21:24.782000
2024-07-07 14:26:22.131,OnTrack,-463,11024,2022,pos,0 days 00:23:09.590000,0 days 01:21:25.102000
2024-07-07 14:26:22.471,OnTrack,-386,11166,2021,pos,0 days 00:23:09.930000,0 days 01:21:25.442000
2024-07-07 14:26:22.632,OnTrack,-335,11253,2021,pos,0 days 00:23:10.091000,0 days 01:21:25.603000
2024-07-07 14:26:22.812,OnTrack,-274,11350,2021,pos,0 days 00:23:10.271000,0 days 01:21:25.783000
2024-07-07 14:26:23.032,OnTrack,-192,11468,2021,pos,0 days 00:23:10.491000,0 days 01:21:26.003000
2024-07-07 14:26:23.291,OnTrack,-27,11679,2021,pos,0 days 00:23:10.750000,0 days 01:21:26.262000
2024-07-07 14:26:23.692,OnTrack,92,11811,2022,pos,0 days 00:23:11.151000,0 days 01:21:26.663000
2024-07-07 14:26:23.852,OnTrack,170,11889,2023,pos,0 days 00:23:11.311000,0 days 01:21:26.823000
2024-07-07 14:26:24.111,OnTrack,303,12015,2024,pos,0 days 00:23:11.570000,0 days 01:21:27.082000
2024-07-07 14:26:24.292,OnTrack,400,12099,2024,pos,0 days 00:23:11.751000,0 days 01:21:27.263000
2024-07-07 14:26:24.572,OnTrack,552,12219,2024,pos,0 days 00:23:12.031000,0 days 01:21:27.543000
2024-07-07 14:26:24.732,OnTrack,726,12337,2024,pos,0 days 00:23:12.191000,0 days 01:21:27.703000
2024-07-07 14:26:25.232,OnTrack,975,12468,2025,pos,0 days 00:23:12.691000,0 days 01:21:28.203000
2024-07-07 14:26:25.431,OnTrack,1112,12527,2025,pos,0 days 00:23:12.890000,0 days 01:21:28.402000
2024-07-07 14:26:25.651,OnTrack,1268,12585,2025,pos,0 days 00:23:13.110000,0 days 01:21:28.622000
2024-07-07 14:26:25.711,OnTrack,1311,12600,2025,pos,0 days 00:23:13.170000,0 days 01:21:28.682000
2024-07-07 14:26:25.871,OnTrack,1427,12636,2025,pos,0 days 00:23:13.330000,0 days 01:21:28.842000
2024-07-07 14:26:26.211,OnTrack,1786,12724,2026,pos,0 days 00:23:13.670000,0 days 01:21:29.182000
2024-07-07 14:26:26.491,OnTrack,1894,12744,2027,pos,0 days 00:23:13.950000,0 days 01:21:29.462000
2024-07-07 14:26:26.751,OnTrack,2096,12774,2028,pos,0 days 00:23:14.210000,0 days 01:21:29.722000
2024-07-07 14:26:27.051,OnTrack,2331,12803,2030,pos,0 days 00:23:14.510000,0 days 01:21:30.022000
2024-07-07 14:26:27.271,OnTrack,2537,12826,2031,pos,0 days 00:23:14.730000,0 days 01:21:30.242000
2024-07-07 14:26:27.551,OnTrack,2728,12845,2033,pos,0 days 00:23:15.010000,0 days 01:21:30.522000
2024-07-07 14:26:27.732,OnTrack,2863,12859,2035,pos,0 days 00:23:15.191000,0 days 01:21:30.703000
2024-07-07 14:26:27.992,OnTrack,3079,12880,2037,pos,0 days 00:23:15.451000,0 days 01:21:30.963000
2024-07-07 14:26:28.191,OnTrack,3239,12898,2038,pos,0 days 00:23:15.650000,0 days 01:21:31.162000
2024-07-07 14:26:28.492,OnTrack,3480,12924,2039,pos,0 days 00:23:15.951000,0 days 01:21:31.463000
2024-07-07 14:26:28.691,OnTrack,3640,12942,2040,pos,0 days 00:23:16.150000,0 days 01:21:31.662000
2024-07-07 14:26:28.911,OnTrack,3897,12971,2042,pos,0 days 00:23:16.370000,0 days 01:21:31.882000
2024-07-07 14:26:29.332,OnTrack,4153,13002,2044,pos,0 days 00:23:16.791000,0 days 01:21:32.303000
2024-07-07 14:26:29.531,OnTrack,4314,13023,2045,pos,0 days 00:23:16.990000,0 days 01:21:32.502000
2024-07-07 14:26:29.791,OnTrack,4521,13050,2046,pos,0 days 00:23:17.250000,0 days 01:21:32.762000
2024-07-07 14:26:29.972,OnTrack,4744,13079,2047,pos,0 days 00:23:17.431000,0 days 01:21:32.943000
2024-07-07 14:26:30.331,OnTrack,4951,13100,2048,pos,0 days 00:23:17.790000,0 days 01:21:33.302000
2024-07-07 14:26:30.572,OnTrack,5141,13113,2049,pos,0 days 00:23:18.031000,0 days 01:21:33.543000
2024-07-07 14:26:30.872,OnTrack,5369,13106,2050,pos,0 days 00:23:18.331000,0 days 01:21:33.843000
2024-07-07 14:26:30.952,OnTrack,5429,13098,2050,pos,0 days 00:23:18.411000,0 days 01:21:33.923000
2024-07-07 14:26:31.292,OnTrack,5718,13022,2052,pos,0 days 00:23:18.751000,0 days 01:21:34.263000
2024-07-07 14:26:31.652,OnTrack,5914,12929,2053,pos,0 days 00:23:19.111000,0 days 01:21:34.623000
2024-07-07 14:26:31.832,OnTrack,6025,12858,2054,pos,0 days 00:23:19.291000,0 days 01:21:34.803000
2024-07-07 14:26:32.031,OnTrack,6140,12769,2055,pos,0 days 00:23:19.490000,0 days 01:21:35.002000
2024-07-07 14:26:32.231,OnTrack,6313,12595,2056,pos,0 days 00:23:19.690000,0 days 01:21:35.202000
2024-07-07 14:26:32.711,OnTrack,6475,12331,2057,pos,0 days 00:23:20.170000,0 days 01:21:35.682000
2024-07-07 14:26:33.112,OnTrack,6568,12117,2059,pos,0 days 00:23:20.571000,0 days 01:21:36.083000
2024-07-07 14:26:33.311,OnTrack,6638,11911,2060,pos,0 days 00:23:20.770000,0 days 01:21:36.282000
2024-07-07 14:26:33.652,OnTrack,6690,11729,2061,pos,0 days 00:23:21.111000,0 days 01:21:36.623000
2024-07-07 14:26:33.811,OnTrack,6723,11604,2063,pos,0 days 00:23:21.270000,0 days 01:21:36.782000
2024-07-07 14:26:34.031,OnTrack,6762,11441,2063,pos,0 days 00:23:21.490000,0 days 01:21:37.002000
2024-07-07 14:26:34.272,OnTrack,6802,11260,2065,pos,0 days 00:23:21.731000,0 days 01:21:37.243000
2024-07-07 14:26:34.472,OnTrack,6832,11108,2066,pos,0 days 00:23:21.931000,0 days 01:21:37.443000
2024-07-07 14:26:34.792,OnTrack,6875,10855,2068,pos,0 days 00:23:22.251000,0 days 01:21:37.763000
2024-07-07 14:26:34.931,OnTrack,6891,10746,2069,pos,0 days 00:23:22.390000,0 days 01:21:37.902000
2024-07-07 14:26:35.112,OnTrack,6909,10606,2070,pos,0 days 00:23:22.571000,0 days 01:21:38.083000
2024-07-07 14:26:35.372,OnTrack,6942,10308,2072,pos,0 days 00:23:22.831000,0 days 01:21:38.343000
2024-07-07 14:26:35.791,OnTrack,6961,10070,2074,pos,0 days 00:23:23.250000,0 days 01:21:38.762000
2024-07-07 14:26:35.972,OnTrack,6969,9927,2074,pos,0 days 00:23:23.431000,0 days 01:21:38.943000
2024-07-07 14:26:36.252,OnTrack,6978,9686,2075,pos,0 days 00:23:23.711000,0 days 01:21:39.223000
2024-07-07 14:26:36.512,OnTrack,6982,9492,2075,pos,0 days 00:23:23.971000,0 days 01:21:39.483000
2024-07-07 14:26:36.832,OnTrack,6991,9200,2074,pos,0 days 00:23:24.291000,0 days 01:21:39.803000
2024-07-07 14:26:37.092,OnTrack,6999,9038,2073,pos,0 days 00:23:24.551000,0 days 01:21:40.063000
2024-07-07 14:26:37.292,OnTrack,7012,8881,2072,pos,0 days 00:23:24.751000,0 days 01:21:40.263000
2024-07-07 14:26:37.572,OnTrack,7043,8655,2071,pos,0 days 00:23:25.031000,0 days 01:21:40.543000
2024-07-07 14:26:37.752,OnTrack,7070,8510,2070,pos,0 days 00:23:25.211000,0 days 01:21:40.723000
2024-07-07 14:26:38.112,OnTrack,7148,8191,2068,pos,0 days 00:23:25.571000,0 days 01:21:41.083000
2024-07-07 14:26:38.352,OnTrack,7194,8035,2066,pos,0 days 00:23:25.811000,0 days 01:21:41.323000
2024-07-07 14:26:38.591,OnTrack,7257,7850,2064,pos,0 days 00:23:26.050000,0 days 01:21:41.562000
2024-07-07 14:26:38.832,OnTrack,7328,7667,2061,pos,0 days 00:23:26.291000,0 days 01:21:41.803000
2024-07-07 14:26:39.011,OnTrack,7419,7440,2059,pos,0 days 00:23:26.470000,0 days 01:21:41.982000
2024-07-07 14:26:39.431,OnTrack,7494,7214,2058,pos,0 days 00:23:26.890000,0 days 01:21:42.402000
2024-07-07 14:26:39.691,OnTrack,7534,7017,2058,pos,0 days 00:23:27.150000,0 days 01:21:42.662000
2024-07-07 14:26:39.791,OnTrack,7539,6944,2058,pos,0 days 00:23:27.250000,0 days 01:21:42.762000
2024-07-07 14:26:40.111,OnTrack,7522,6697,2058,pos,0 days 00:23:27.570000,0 days 01:21:43.082000
2024-07-07 14:26:40.271,OnTrack,7500,6574,2059,pos,0 days 00:23:27.730000,0 days 01:21:43.242000
2024-07-07 14:26:40.431,OnTrack,7474,6453,2060,pos,0 days 00:23:27.890000,0 days 01:21:43.402000
2024-07-07 14:26:40.691,OnTrack,7426,6260,2061,pos,0 days 00:23:28.150000,0 days 01:21:43.662000
2024-07-07 14:26:40.951,OnTrack,7378,6068,2062,pos,0 days 00:23:28.410000,0 days 01:21:43.922000
2024-07-07 14:26:41.111,OnTrack,7354,5950,2062,pos,0 days 00:23:28.570000,0 days 01:21:44.082000
2024-07-07 14:26:41.372,OnTrack,7325,5759,2063,pos,0 days 00:23:28.831000,0 days 01:21:44.343000
2024-07-07 14:26:41.572,OnTrack,7318,5551,2062,pos,0 days 00:23:29.031000,0 days 01:21:44.543000
2024-07-07 14:26:41.951,OnTrack,7345,5367,2062,pos,0 days 00:23:29.410000,0 days 01:21:44.922000
2024-07-07 14:26:42.212,OnTrack,7429,5142,2059,pos,0 days 00:23:29.671000,0 days 01:21:45.183000
2024-07-07 14:26:42.551,OnTrack,7502,5007,2057,pos,0 days 00:23:30.010000,0 days 01:21:45.522000
2024-07-07 14:26:42.831,OnTrack,7621,4811,2054,pos,0 days 00:23:30.290000,0 days 01:21:45.802000
2024-07-07 14:26:43.252,OnTrack,7734,4581,2051,pos,0 days 00:23:30.711000,0 days 01:21:46.223000
2024-07-07 14:26:43.671,OnTrack,7786,4367,2048,pos,0 days 00:23:31.130000,0 days 01:21:46.642000
2024-07-07 14:26:44.112,OnTrack,7779,4168,2045,pos,0 days 00:23:31.571000,0 days 01:21:47.083000
2024-07-07 14:26:44.312,OnTrack,7753,4055,2043,pos,0 days 00:23:31.771000,0 days 01:21:47.283000
2024-07-07 14:26:44.472,OnTrack,7725,3971,2042,pos,0 days 00:23:31.931000,0 days 01:21:47.443000
2024-07-07 14:26:44.692,OnTrack,7660,3830,2040,pos,0 days 00:23:32.151000,0 days 01:21:47.663000
2024-07-07 14:26:45.032,OnTrack,7574,3694,2038,pos,0 days 00:23:32.491000,0 days 01:21:48.003000
2024-07-07 14:26:45.352,OnTrack,7411,3524,2036,pos,0 days 00:23:32.811000,0 days 01:21:48.323000
2024-07-07 14:26:45.771,OnTrack,7211,3396,2033,pos,0 days 00:23:33.230000,0 days 01:21:48.742000
2024-07-07 14:26:46.011,OnTrack,7096,3337,2031,pos,0 days 00:23:33.470000,0 days 01:21:48.982000
2024-07-07 14:26:46.271,OnTrack,6949,3256,2030,pos,0 days 00:23:33.730000,0 days 01:21:49.242000
2024-07-07 14:26:46.551,OnTrack,6803,3147,2028,pos,0 days 00:23:34.010000,0 days 01:21:49.522000
2024-07-07 14:26:46.791,OnTrack,6636,2983,2028,pos,0 days 00:23:34.250000,0 days 01:21:49.762000
2024-07-07 14:26:47.211,OnTrack,6453,2774,2027,pos,0 days 00:23:34.670000,0 days 01:21:50.182000
2024-07-07 14:26:47.451,OnTrack,6384,2683,2027,pos,0 days 00:23:34.910000,0 days 01:21:50.422000
2024-07-07 14:26:47.731,OnTrack,6227,2436,2026,pos,0 days 00:23:35.190000,0 days 01:21:50.702000
2024-07-07 14:26:48.132,OnTrack,6126,2253,2026,pos,0 days 00:23:35.591000,0 days 01:21:51.103000
2024-07-07 14:26:48.412,OnTrack,5993,1990,2025,pos,0 days 00:23:35.871000,0 days 01:21:51.383000
2024-07-07 14:26:48.712,OnTrack,5934,1869,2024,pos,0 days 00:23:36.171000,0 days 01:21:51.683000
2024-07-07 14:26:48.992,OnTrack,5842,1679,2023,pos,0 days 00:23:36.451000,0 days 01:21:51.963000
2024-07-07 14:26:49.252,OnTrack,5759,1509,2023,pos,0 days 00:23:36.711000,0 days 01:21:52.223000
2024-07-07 14:26:49.411,OnTrack,5657,1295,2021,pos,0 days 00:23:36.870000,0 days 01:21:52.382000
2024-07-07 14:26:49.812,OnTrack,5533,1034,2020,pos,0 days 00:23:37.271000,0 days 01:21:52.783000
2024-07-07 14:26:50.211,OnTrack,5442,844,2019,pos,0 days 00:23:37.670000,0 days 01:21:53.182000
2024-07-07 14:26:50.412,OnTrack,5333,617,2017,pos,0 days 00:23:37.871000,0 days 01:21:53.383000
2024-07-07 14:26:50.812,OnTrack,5188,317,2014,pos,0 days 00:23:38.271000,0 days 01:21:53.783000
2024-07-07 14:26:51.312,OnTrack,5021,-27,2012,pos,0 days 00:23:38.771000,0 days 01:21:54.283000
2024-07-07 14:26:51.691,OnTrack,4895,-289,2010,pos,0 days 00:23:39.150000,0 days 01:21:54.662000
2024-07-07 14:26:52.071,OnTrack,4797,-493,2009,pos,0 days 00:23:39.530000,0 days 01:21:55.042000
2024-07-07 14:26:52.251,OnTrack,4737,-617,2008,pos,0 days 00:23:39.710000,0 days 01:21:55.222000
2024-07-07 14:26:52.511,OnTrack,4646,-805,2007,pos,0 days 00:23:39.970000,0 days 01:21:55.482000
2024-07-07 14:26:52.732,OnTrack,4568,-966,2006,pos,0 days 00:23:40.191000,0 days 01:21:55.703000
2024-07-07 14:26:52.972,OnTrack,4462,-1186,2004,pos,0 days 00:23:40.431000,0 days 01:21:55.943000
2024-07-07 14:26:53.351,OnTrack,4350,-1413,2001,pos,0 days 00:23:40.810000,0 days 01:21:56.322000
2024-07-07 14:26:53.552,OnTrack,4235,-1646,1999,pos,0 days 00:23:41.011000,0 days 01:21:56.523000
2024-07-07 14:26:53.911,OnTrack,4144,-1828,1996,pos,0 days 00:23:41.370000,0 days 01:21:56.882000
2024-07-07 14:26:54.132,OnTrack,4064,-1987,1995,pos,0 days 00:23:41.591000,0 days 01:21:57.103000
2024-07-07 14:26:54.291,OnTrack,4005,-2103,1994,pos,0 days 00:23:41.750000,0 days 01:21:57.262000
2024-07-07 14:26:54.511,OnTrack,3927,-2254,1994,pos,0 days 00:23:41.970000,0 days 01:21:57.482000
2024-07-07 14:26:54.731,OnTrack,3844,-2416,1994,pos,0 days 00:23:42.190000,0 days 01:21:57.702000
2024-07-07 14:26:54.992,OnTrack,3743,-2608,1995,pos,0 days 00:23:42.451000,0 days 01:21:57.963000
2024-07-07 14:26:55.091,OnTrack,3705,-2679,1996,pos,0 days 00:23:42.550000,0 days 01:21:58.062000
2024-07-07 14:26:55.391,OnTrack,3568,-2932,1999,pos,0 days 00:23:42.850000,0 days 01:21:58.362000
2024-07-07 14:26:55.732,OnTrack,3458,-3125,2003,pos,0 days 00:23:43.191000,0 days 01:21:58.703000
2024-07-07 14:26:55.911,OnTrack,3386,-3247,2006,pos,0 days 00:23:43.370000,0 days 01:21:58.882000
2024-07-07 14:26:56.171,OnTrack,3277,-3420,2010,pos,0 days 00:23:43.630000,0 days 01:21:59.142000
2024-07-07 14:26:56.372,OnTrack,3187,-3546,2013,pos,0 days 00:23:43.831000,0 days 01:21:59.343000
2024-07-07 14:26:56.552,OnTrack,3101,-3655,2015,pos,0 days 00:23:44.011000,0 days 01:21:59.523000
2024-07-07 14:26:56.852,OnTrack,2956,-3811,2019,pos,0 days 00:23:44.311000,0 days 01:21:59.823000
2024-07-07 14:26:57.031,OnTrack,2857,-3894,2021,pos,0 days 00:23:44.490000,0 days 01:22:00.002000
2024-07-07 14:26:57.212,OnTrack,2678,-4005,2025,pos,0 days 00:23:44.671000,0 days 01:22:00.183000
2024-07-07 14:26:57.532,OnTrack,2574,-4052,2026,pos,0 days 00:23:44.991000,0 days 01:22:00.503000
2024-07-07 14:26:57.892,OnTrack,2340,-4111,2030,pos,0 days 00:23:45.351000,0 days 01:22:00.863000
2024-07-07 14:26:58.212,OnTrack,2182,-4115,2032,pos,0 days 00:23:45.671000,0 days 01:22:01.183000
2024-07-07 14:26:58.371,OnTrack,2084,-4102,2032,pos,0 days 00:23:45.830000,0 days 01:22:01.342000
2024-07-07 14:26:58.711,OnTrack,1891,-4047,2033,pos,0 days 00:23:46.170000,0 days 01:22:01.682000
2024-07-07 14:26:58.911,OnTrack,1783,-3996,2033,pos,0 days 00:23:46.370000,0 days 01:22:01.882000
2024-07-07 14:26:59.091,OnTrack,1690,-3938,2033,pos,0 days 00:23:46.550000,0 days 01:22:02.062000
2024-07-07 14:26:59.291,OnTrack,1592,-3862,2032,pos,0 days 00:23:46.750000,0 days 01:22:02.262000
2024-07-07 14:26:59.391,OnTrack,1545,-3820,2031,pos,0 days 00:23:46.850000,0 days 01:22:02.362000
2024-07-07 14:26:59.631,OnTrack,1440,-3708,2030,pos,0 days 00:23:47.090000,0 days 01:22:02.602000
2024-07-07 14:26:59.812,OnTrack,1369,-3617,2029,pos,0 days 00:23:47.271000,0 days 01:22:02.783000
2024-07-07 14:27:00.092,OnTrack,1268,-3462,2026,pos,0 days 00:23:47.551000,0 days 01:22:03.063000
2024-07-07 14:27:00.372,OnTrack,1150,-3242,2020,pos,0 days 00:23:47.831000,0 days 01:22:03.343000
2024-07-07 14:27:00.751,OnTrack,1056,-3068,2013,pos,0 days 00:23:48.210000,0 days 01:22:03.722000
2024-07-07 14:27:00.991,OnTrack,972,-2924,2006,pos,0 days 00:23:48.450000,0 days 01:22:03.962000
2024-07-07 14:27:01.172,OnTrack,903,-2818,2001,pos,0 days 00:23:48.631000,0 days 01:22:04.143000
2024-07-07 14:27:01.412,OnTrack,761,-2620,1993,pos,0 days 00:23:48.871000,0 days 01:22:04.383000
2024-07-07 14:27:01.671,OnTrack,693,-2528,1989,pos,0 days 00:23:49.130000,0 days 01:22:04.642000
2024-07-07 14:27:01.831,OnTrack,624,-2435,1987,pos,0 days 00:23:49.290000,0 days 01:22:04.802000
2024-07-07 14:27:02.072,OnTrack,525,-2300,1984,pos,0 days 00:23:49.531000,0 days 01:22:05.043000
2024-07-07 14:27:02.352,OnTrack,338,-2052,1985,pos,0 days 00:23:49.811000,0 days 01:22:05.323000
2024-07-07 14:27:02.751,OnTrack,211,-1890,1986,pos,0 days 00:23:50.210000,0 days 01:22:05.722000
2024-07-07 14:27:02.952,OnTrack,118,-1778,1986,pos,0 days 00:23:50.411000,0 days 01:22:05.923000
2024-07-07 14:27:03.251,OnTrack,-24,-1612,1986,pos,0 days 00:23:50.710000,0 days 01:22:06.222000
2024-07-07 14:27:03.291,OnTrack,-43,-1591,1986,pos,0 days 00:23:50.750000,0 days 01:22:06.262000
2024-07-07 14:27:03.512,OnTrack,-141,-1480,1985,pos,0 days 00:23:50.971000,0 days 01:22:06.483000
2024-07-07 14:27:03.772,OnTrack,-311,-1290,1981,pos,0 days 00:23:51.231000,0 days 01:22:06.743000
2024-07-07 14:27:04.132,OnTrack,-387,-1204,1980,pos,0 days 00:23:51.591000,0 days 01:22:07.103000
2024-07-07 14:27:04.292,OnTrack,-439,-1148,1979,pos,0 days 00:23:51.751000,0 days 01:22:07.263000
2024-07-07 14:27:04.632,OnTrack,-539,-1052,1977,pos,0 days 00:23:52.091000,0 days 01:22:07.603000
2024-07-07 14:27:04.792,OnTrack,-585,-1016,1976,pos,0 days 00:23:52.251000,0 days 01:22:07.763000
2024-07-07 14:27:05.091,OnTrack,-683,-959,1975,pos,0 days 00:23:52.550000,0 days 01:22:08.062000
2024-07-07 14:27:05.371,OnTrack,-752,-932,1975,pos,0 days 00:23:52.830000,0 days 01:22:08.342000
2024-07-07 14:27:05.591,OnTrack,-814,-918,1976,pos,0 days 00:23:53.050000,0 days 01:22:08.562000
2024-07-07 14:27:05.891,OnTrack,-902,-912,1976,pos,0 days 00:23:53.350000,0 days 01:22:08.862000
2024-07-07 14:27:06.072,OnTrack,-952,-915,1977,pos,0 days 00:23:53.531000,0 days 01:22:09.043000
2024-07-07 14:27:06.291,OnTrack,-1010,-927,1978,pos,0 days 00:23:53.750000,0 days 01:22:09.262000
2024-07-07 14:27:06.491,OnTrack,-1082,-957,1978,pos,0 days 00:23:53.950000,0 days 01:22:09.462000
2024-07-07 14:27:06.852,OnTrack,-1151,-1003,1980,pos,0 days 00:23:54.311000,0 days 01:22:09.823000
2024-07-07 14:27:07.132,OnTrack,-1251,-1080,1981,pos,0 days 00:23:54.591000,0 days 01:22:10.103000
2024-07-07 14:27:07.392,OnTrack,-1289,-1107,1981,pos,0 days 00:23:54.851000,0 days 01:22:10.363000
2024-07-07 14:27:07.732,OnTrack,-1398,-1160,1981,pos,0 days 00:23:55.191000,0 days 01:22:10.703000
2024-07-07 14:27:08.032,OnTrack,-1478,-1173,1981,pos,0 days 00:23:55.491000,0 days 01:22:11.003000
2024-07-07 14:27:08.292,OnTrack,-1595,-1157,1980,pos,0 days 00:23:55.751000,0 days 01:22:11.263000
2024-07-07 14:27:08.632,OnTrack,-1673,-1132,1979,pos,0 days 00:23:56.091000,0 days 01:22:11.603000
2024-07-07 14:27:08.912,OnTrack,-1764,-1092,1978,pos,0 days 00:23:56.371000,0 days 01:22:11.883000
2024-07-07 14:27:09.092,OnTrack,-1821,-1058,1978,pos,0 days 00:23:56.551000,0 days 01:22:12.063000
2024-07-07 14:27:09.271,OnTrack,-1876,-1016,1977,pos,0 days 00:23:56.730000,0 days 01:22:12.242000
2024-07-07 14:27:09.452,OnTrack,-1968,-922,1976,pos,0 days 00:23:56.911000,0 days 01:22:12.423000
2024-07-07 14:27:09.932,OnTrack,-2104,-748,1974,pos,0 days 00:23:57.391000,0 days 01:22:12.903000
2024-07-07 14:27:10.292,OnTrack,-2163,-654,1974,pos,0 days 00:23:57.751000,0 days 01:22:13.263000
2024-07-07 14:27:10.532,OnTrack,-2251,-445,1973,pos,0 days 00:23:57.991000,0 days 01:22:13.503000
2024-07-07 14:27:10.992,OnTrack,-2301,-216,1970,pos,0 days 00:23:58.451000,0 days 01:22:13.963000
2024-07-07 14:27:11.431,OnTrack,-2315,-17,1967,pos,0 days 00:23:58.890000,0 days 01:22:14.402000
2024-07-07 14:27:11.591,OnTrack,-2311,78,1967,pos,0 days 00:23:59.050000,0 days 01:22:14.562000
2024-07-07 14:27:11.831,OnTrack,-2286,261,1965,pos,0 days 00:23:59.290000,0 days 01:22:14.802000
2024-07-07 14:27:12.091,OnTrack,-2256,382,1964,pos,0 days 00:23:59.550000,0 days 01:22:15.062000
2024-07-07 14:27:12.351,OnTrack,-2196,540,1963,pos,0 days 00:23:59.810000,0 days 01:22:15.322000
2024-07-07 14:27:12.671,OnTrack,-2083,750,1962,pos,0 days 00:24:00.130000,0 days 01:22:15.642000
2024-07-07 14:27:13.051,OnTrack,-1926,977,1962,pos,0 days 00:24:00.510000,0 days 01:22:16.022000
2024-07-07 14:27:13.511,OnTrack,-1712,1268,1964,pos,0 days 00:24:00.970000,0 days 01:22:16.482000
2024-07-07 14:27:13.932,OnTrack,-1581,1437,1965,pos,0 days 00:24:01.391000,0 days 01:22:16.903000
2024-07-07 14:27:14.312,OnTrack,-1422,1636,1966,pos,0 days 00:24:01.771000,0 days 01:22:17.283000
2024-07-07 14:27:14.351,OnTrack,-1399,1665,1967,pos,0 days 00:24:01.810000,0 days 01:22:17.322000
2024-07-07 14:27:14.671,OnTrack,-1196,1941,1970,pos,0 days 00:24:02.130000,0 days 01:22:17.642000
2024-07-07 14:27:14.991,OnTrack,-1116,2051,1971,pos,0 days 00:24:02.450000,0 days 01:22:17.962000
2024-07-07 14:27:15.372,OnTrack,-950,2279,1975,pos,0 days 00:24:02.831000,0 days 01:22:18.343000
2024-07-07 14:27:15.551,OnTrack,-864,2398,1977,pos,0 days 00:24:03.010000,0 days 01:22:18.522000
2024-07-07 14:27:15.771,OnTrack,-745,2561,1979,pos,0 days 00:24:03.230000,0 days 01:22:18.742000
2024-07-07 14:27:16.152,OnTrack,-590,2779,1983,pos,0 days 00:24:03.611000,0 days 01:22:19.123000
2024-07-07 14:27:16.392,OnTrack,-484,2936,1986,pos,0 days 00:24:03.851000,0 days 01:22:19.363000
2024-07-07 14:27:16.452,OnTrack,-461,2968,1987,pos,0 days 00:24:03.911000,0 days 01:22:19.423000
2024-07-07 14:27:16.752,OnTrack,-324,3174,1990,pos,0 days 00:24:04.211000,0 days 01:22:19.723000
2024-07-07 14:27:16.992,OnTrack,-218,3334,1993,pos,0 days 00:24:04.451000,0 days 01:22:19.963000
2024-07-07 14:27:17.171,OnTrack,-135,3454,1995,pos,0 days 00:24:04.630000,0 days 01:22:20.142000
2024-07-07 14:27:17.372,OnTrack,-41,3585,1996,pos,0 days 00:24:04.831000,0 days 01:22:20.343000
2024-07-07 14:27:17.552,OnTrack,45,3703,1999,pos,0 days 00:24:05.011000,0 days 01:22:20.523000
2024-07-07 14:27:17.712,OnTrack,125,3805,2001,pos,0 days 00:24:05.171000,0 days 01:22:20.683000
2024-07-07 14:27:17.912,OnTrack,229,3931,2005,pos,0 days 00:24:05.371000,0 days 01:22:20.883000
2024-07-07 14:27:18.151,OnTrack,358,4074,2009,pos,0 days 00:24:05.610000,0 days 01:22:21.122000
2024-07-07 14:27:18.371,OnTrack,480,4191,2011,pos,0 days 00:24:05.830000,0 days 01:22:21.342000
2024-07-07 14:27:18.572,OnTrack,604,4289,2011,pos,0 days 00:24:06.031000,0 days 01:22:21.543000
2024-07-07 14:27:18.852,OnTrack,852,4421,2014,pos,0 days 00:24:06.311000,0 days 01:22:21.823000
2024-07-07 14:27:19.132,OnTrack,1002,4469,2015,pos,0 days 00:24:06.591000,0 days 01:22:22.103000
2024-07-07 14:27:19.451,OnTrack,1249,4511,2016,pos,0 days 00:24:06.910000,0 days 01:22:22.422000
2024-07-07 14:27:19.672,OnTrack,1423,4520,2018,pos,0 days 00:24:07.131000,0 days 01:22:22.643000
2024-07-07 14:27:19.831,OnTrack,1549,4519,2020,pos,0 days 00:24:07.290000,0 days 01:22:22.802000
2024-07-07 14:27:19.992,OnTrack,1675,4513,2022,pos,0 days 00:24:07.451000,0 days 01:22:22.963000
2024-07-07 14:27:20.171,OnTrack,1816,4500,2024,pos,0 days 00:24:07.630000,0 days 01:22:23.142000
2024-07-07 14:27:20.411,OnTrack,2004,4474,2026,pos,0 days 00:24:07.870000,0 days 01:22:23.382000
2024-07-07 14:27:20.631,OnTrack,2270,4444,2028,pos,0 days 00:24:08.090000,0 days 01:22:23.602000
2024-07-07 14:27:21.032,OnTrack,2603,4443,2032,pos,0 days 00:24:08.491000,0 days 01:22:24.003000
2024-07-07 14:27:21.491,OnTrack,2850,4478,2036,pos,0 days 00:24:08.950000,0 days 01:22:24.462000
2024-07-07 14:27:21.731,OnTrack,3033,4530,2038,pos,0 days 00:24:09.190000,0 days 01:22:24.702000
2024-07-07 14:27:21.892,OnTrack,3207,4603,2041,pos,0 days 00:24:09.351000,0 days 01:22:24.863000
2024-07-07 14:27:22.172,OnTrack,3345,4679,2044,pos,0 days 00:24:09.631000,0 days 01:22:25.143000
2024-07-07 14:27:22.472,OnTrack,3533,4811,2047,pos,0 days 00:24:09.931000,0 days 01:22:25.443000
2024-07-07 14:27:22.692,OnTrack,3672,4929,2049,pos,0 days 00:24:10.151000,0 days 01:22:25.663000
2024-07-07 14:27:22.851,OnTrack,3762,5016,2049,pos,0 days 00:24:10.310000,0 days 01:22:25.822000
2024-07-07 14:27:23.032,OnTrack,3862,5117,2050,pos,0 days 00:24:10.491000,0 days 01:22:26.003000
2024-07-07 14:27:23.212,OnTrack,3961,5217,2050,pos,0 days 00:24:10.671000,0 days 01:22:26.183000
2024-07-07 14:27:23.492,OnTrack,4111,5363,2051,pos,0 days 00:24:10.951000,0 days 01:22:26.463000
2024-07-07 14:27:23.792,OnTrack,4255,5496,2053,pos,0 days 00:24:11.251000,0 days 01:22:26.763000
2024-07-07 14:27:23.991,OnTrack,4350,5579,2053,pos,0 days 00:24:11.450000,0 days 01:22:26.962000
2024-07-07 14:27:24.152,OnTrack,4419,5638,2054,pos,0 days 00:24:11.611000,0 days 01:22:27.123000
2024-07-07 14:27:24.372,OnTrack,4532,5731,2055,pos,0 days 00:24:11.831000,0 days 01:22:27.343000
2024-07-07 14:27:24.791,OnTrack,4691,5844,2055,pos,0 days 00:24:12.250000,0 days 01:22:27.762000
2024-07-07 14:27:25.131,OnTrack,4768,5879,2054,pos,0 days 00:24:12.590000,0 days 01:22:28.102000
2024-07-07 14:27:25.372,OnTrack,4848,5897,2054,pos,0 days 00:24:12.831000,0 days 01:22:28.343000
2024-07-07 14:27:25.511,OnTrack,4895,5900,2054,pos,0 days 00:24:12.970000,0 days 01:22:28.482000
2024-07-07 14:27:25.851,OnTrack,5037,5885,2053,pos,0 days 00:24:13.310000,0 days 01:22:28.822000
2024-07-07 14:27:26.172,OnTrack,5100,5863,2054,pos,0 days 00:24:13.631000,0 days 01:22:29.143000
2024-07-07 14:27:26.472,OnTrack,5177,5817,2056,pos,0 days 00:24:13.931000,0 days 01:22:29.443000
2024-07-07 14:27:26.651,OnTrack,5219,5783,2057,pos,0 days 00:24:14.110000,0 days 01:22:29.622000
2024-07-07 14:27:26.851,OnTrack,5259,5741,2058,pos,0 days 00:24:14.310000,0 days 01:22:29.822000
2024-07-07 14:27:27.052,OnTrack,5314,5655,2059,pos,0 days 00:24:14.511000,0 days 01:22:30.023000
2024-07-07 14:27:27.352,OnTrack,5333,5609,2059,pos,0 days 00:24:14.811000,0 days 01:22:30.323000
2024-07-07 14:27:27.671,OnTrack,5363,5508,2060,pos,0 days 00:24:15.130000,0 days 01:22:30.642000
2024-07-07 14:27:27.872,OnTrack,5376,5440,2060,pos,0 days 00:24:15.331000,0 days 01:22:30.843000
2024-07-07 14:27:28.051,OnTrack,5384,5376,2061,pos,0 days 00:24:15.510000,0 days 01:22:31.022000
2024-07-07 14:27:28.231,OnTrack,5390,5308,2062,pos,0 days 00:24:15.690000,0 days 01:22:31.202000
2024-07-07 14:27:28.392,OnTrack,5395,5245,2063,pos,0 days 00:24:15.851000,0 days 01:22:31.363000
2024-07-07 14:27:28.692,OnTrack,5412,5126,2065,pos,0 days 00:24:16.151000,0 days 01:22:31.663000
2024-07-07 14:27:28.752,OnTrack,5417,5104,2065,pos,0 days 00:24:16.211000,0 days 01:22:31.723000
2024-07-07 14:27:28.972,OnTrack,5440,5030,2066,pos,0 days 00:24:16.431000,0 days 01:22:31.943000
2024-07-07 14:27:29.352,OnTrack,5498,4920,2066,pos,0 days 00:24:16.811000,0 days 01:22:32.323000
2024-07-07 14:27:29.572,OnTrack,5539,4867,2066,pos,0 days 00:24:17.031000,0 days 01:22:32.543000
2024-07-07 14:27:29.772,OnTrack,5580,4826,2065,pos,0 days 00:24:17.231000,0 days 01:22:32.743000
2024-07-07 14:27:29.951,OnTrack,5627,4788,2064,pos,0 days 00:24:17.410000,0 days 01:22:32.922000
2024-07-07 14:27:30.211,OnTrack,5676,4757,2064,pos,0 days 00:24:17.670000,0 days 01:22:33.182000
2024-07-07 14:27:30.572,OnTrack,5787,4730,2064,pos,0 days 00:24:18.031000,0 days 01:22:33.543000
2024-07-07 14:27:30.791,OnTrack,5810,4733,2064,pos,0 days 00:24:18.250000,0 days 01:22:33.762000
2024-07-07 14:27:31.073,OnTrack,5872,4759,2063,pos,0 days 00:24:18.532000,0 days 01:22:34.044000
2024-07-07 14:27:31.331,OnTrack,5941,4811,2064,pos,0 days 00:24:18.790000,0 days 01:22:34.302000
2024-07-07 14:27:31.731,OnTrack,5999,4872,2064,pos,0 days 00:24:19.190000,0 days 01:22:34.702000
2024-07-07 14:27:31.971,OnTrack,6056,4946,2065,pos,0 days 00:24:19.430000,0 days 01:22:34.942000
2024-07-07 14:27:32.271,OnTrack,6089,4996,2065,pos,0 days 00:24:19.730000,0 days 01:22:35.242000
2024-07-07 14:27:32.491,OnTrack,6123,5056,2065,pos,0 days 00:24:19.950000,0 days 01:22:35.462000
2024-07-07 14:27:32.671,OnTrack,6149,5110,2065,pos,0 days 00:24:20.130000,0 days 01:22:35.642000
2024-07-07 14:27:33.032,OnTrack,6204,5246,2065,pos,0 days 00:24:20.491000,0 days 01:22:36.003000
2024-07-07 14:27:33.312,OnTrack,6234,5339,2065,pos,0 days 00:24:20.771000,0 days 01:22:36.283000
2024-07-07 14:27:33.532,OnTrack,6260,5431,2064,pos,0 days 00:24:20.991000,0 days 01:22:36.503000
2024-07-07 14:27:33.852,OnTrack,6304,5624,2065,pos,0 days 00:24:21.311000,0 days 01:22:36.823000
2024-07-07 14:27:34.271,OnTrack,6330,5833,2064,pos,0 days 00:24:21.730000,0 days 01:22:37.242000
2024-07-07 14:27:34.491,OnTrack,6332,5952,2064,pos,0 days 00:24:21.950000,0 days 01:22:37.462000
2024-07-07 14:27:34.712,OnTrack,6325,6067,2064,pos,0 days 00:24:22.171000,0 days 01:22:37.683000
2024-07-07 14:27:34.912,OnTrack,6301,6234,2063,pos,0 days 00:24:22.371000,0 days 01:22:37.883000
2024-07-07 14:27:35.172,OnTrack,6276,6337,2063,pos,0 days 00:24:22.631000,0 days 01:22:38.143000
2024-07-07 14:27:35.472,OnTrack,6216,6510,2062,pos,0 days 00:24:22.931000,0 days 01:22:38.443000
2024-07-07 14:27:35.752,OnTrack,6141,6663,2063,pos,0 days 00:24:23.211000,0 days 01:22:38.723000
2024-07-07 14:27:35.872,OnTrack,6099,6734,2063,pos,0 days 00:24:23.331000,0 days 01:22:38.843000
2024-07-07 14:27:36.052,OnTrack,6039,6826,2064,pos,0 days 00:24:23.511000,0 days 01:22:39.023000
2024-07-07 14:27:36.332,OnTrack,5924,6970,2064,pos,0 days 00:24:23.791000,0 days 01:22:39.303000
2024-07-07 14:27:36.511,OnTrack,5837,7063,2064,pos,0 days 00:24:23.970000,0 days 01:22:39.482000
2024-07-07 14:27:36.672,OnTrack,5757,7136,2064,pos,0 days 00:24:24.131000,0 days 01:22:39.643000
2024-07-07 14:27:36.872,OnTrack,5652,7226,2064,pos,0 days 00:24:24.331000,0 days 01:22:39.843000
2024-07-07 14:27:37.112,OnTrack,5521,7330,2064,pos,0 days 00:24:24.571000,0 days 01:22:40.083000
2024-07-07 14:27:37.272,OnTrack,5431,7398,2064,pos,0 days 00:24:24.731000,0 days 01:22:40.243000
2024-07-07 14:27:37.492,OnTrack,5307,7493,2064,pos,0 days 00:24:24.951000,0 days 01:22:40.463000
2024-07-07 14:27:37.692,OnTrack,5195,7583,2064,pos,0 days 00:24:25.151000,0 days 01:22:40.663000
2024-07-07 14:27:38.011,OnTrack,4956,7780,2064,pos,0 days 00:24:25.470000,0 days 01:22:40.982000
2024-07-07 14:27:38.311,OnTrack,4856,7865,2064,pos,0 days 00:24:25.770000,0 days 01:22:41.282000
2024-07-07 14:27:38.591,OnTrack,4698,8000,2065,pos,0 days 00:24:26.050000,0 days 01:22:41.562000
2024-07-07 14:27:38.771,OnTrack,4516,8157,2065,pos,0 days 00:24:26.230000,0 days 01:22:41.742000
2024-07-07 14:27:39.151,OnTrack,4383,8271,2064,pos,0 days 00:24:26.610000,0 days 01:22:42.122000
2024-07-07 14:27:39.311,OnTrack,4284,8355,2064,pos,0 days 00:24:26.770000,0 days 01:22:42.282000
2024-07-07 14:27:39.691,OnTrack,4003,8596,2063,pos,0 days 00:24:27.150000,0 days 01:22:42.662000
2024-07-07 14:27:39.911,OnTrack,3932,8657,2063,pos,0 days 00:24:27.370000,0 days 01:22:42.882000
2024-07-07 14:27:40.211,OnTrack,3756,8811,2063,pos,0 days 00:24:27.670000,0 days 01:22:43.182000
2024-07-07 14:27:40.412,OnTrack,3555,8988,2063,pos,0 days 00:24:27.871000,0 days 01:22:43.383000
2024-07-07 14:27:40.771,OnTrack,3425,9103,2063,pos,0 days 00:24:28.230000,0 days 01:22:43.742000
2024-07-07 14:27:40.952,OnTrack,3317,9197,2064,pos,0 days 00:24:28.411000,0 days 01:22:43.923000
2024-07-07 14:27:41.311,OnTrack,3108,9380,2063,pos,0 days 00:24:28.770000,0 days 01:22:44.282000
2024-07-07 14:27:41.472,OnTrack,2928,9538,2062,pos,0 days 00:24:28.931000,0 days 01:22:44.443000
2024-07-07 14:27:41.911,OnTrack,2680,9752,2060,pos,0 days 00:24:29.370000,0 days 01:22:44.882000
2024-07-07 14:27:42.292,OnTrack,2512,9899,2058,pos,0 days 00:24:29.751000,0 days 01:22:45.263000
2024-07-07 14:27:42.451,OnTrack,2416,9983,2056,pos,0 days 00:24:29.910000,0 days 01:22:45.422000
2024-07-07 14:27:42.632,OnTrack,2314,10075,2055,pos,0 days 00:24:30.091000,0 days 01:22:45.603000
2024-07-07 14:27:42.832,OnTrack,2189,10186,2053,pos,0 days 00:24:30.291000,0 days 01:22:45.803000
2024-07-07 14:27:43.192,OnTrack,1903,10443,2048,pos,0 days 00:24:30.651000,0 days 01:22:46.163000
2024-07-07 14:27:43.412,OnTrack,1856,10484,2047,pos,0 days 00:24:30.871000,0 days 01:22:46.383000
2024-07-07 14:27:43.792,OnTrack,1628,10671,2044,pos,0 days 00:24:31.251000,0 days 01:22:46.763000
2024-07-07 14:27:43.892,OnTrack,1566,10717,2043,pos,0 days 00:24:31.351000,0 days 01:22:46.863000
2024-07-07 14:27:44.152,OnTrack,1414,10811,2040,pos,0 days 00:24:31.611000,0 days 01:22:47.123000
2024-07-07 14:27:44.311,OnTrack,1323,10857,2039,pos,0 days 00:24:31.770000,0 days 01:22:47.282000
2024-07-07 14:27:44.571,OnTrack,1148,10920,2037,pos,0 days 00:24:32.030000,0 days 01:22:47.542000
2024-07-07 14:27:44.972,OnTrack,973,10948,2035,pos,0 days 00:24:32.431000,0 days 01:22:47.943000
2024-07-07 14:27:45.151,OnTrack,879,10949,2034,pos,0 days 00:24:32.610000,0 days 01:22:48.122000
2024-07-07 14:27:45.411,OnTrack,753,10943,2033,pos,0 days 00:24:32.870000,0 days 01:22:48.382000
2024-07-07 14:27:45.591,OnTrack,616,10909,2032,pos,0 days 00:24:33.050000,0 days 01:22:48.562000
2024-07-07 14:27:45.951,OnTrack,475,10838,2032,pos,0 days 00:24:33.410000,0 days 01:22:48.922000
2024-07-07 14:27:46.431,OnTrack,336,10694,2032,pos,0 days 00:24:33.890000,0 days 01:22:49.402000
2024-07-07 14:27:46.771,OnTrack,293,10620,2032,pos,0 days 00:24:34.230000,0 days 01:22:49.742000
2024-07-07 14:27:46.912,OnTrack,266,10567,2033,pos,0 days 00:24:34.371000,0 days 01:22:49.883000
2024-07-07 14:27:47.152,OnTrack,212,10416,2033,pos,0 days 00:24:34.611000,0 days 01:22:50.123000
2024-07-07 14:27:47.611,OnTrack,194,10272,2033,pos,0 days 00:24:35.070000,0 days 01:22:50.582000
2024-07-07 14:27:47.871,OnTrack,184,10081,2034,pos,0 days 00:24:35.330000,0 days 01:22:50.842000
2024-07-07 14:27:48.092,OnTrack,182,10042,2035,pos,0 days 00:24:35.551000,0 days 01:22:51.063000
2024-07-07 14:27:48.332,OnTrack,172,9928,2035,pos,0 days 00:24:35.791000,0 days 01:22:51.303000
2024-07-07 14:27:48.572,OnTrack,148,9815,2036,pos,0 days 00:24:36.031000,0 days 01:22:51.543000
2024-07-07 14:27:48.731,OnTrack,122,9751,2037,pos,0 days 00:24:36.190000,0 days 01:22:51.702000
2024-07-07 14:27:49.032,OnTrack,61,9651,2039,pos,0 days 00:24:36.491000,0 days 01:22:52.003000
2024-07-07 14:27:49.212,OnTrack,-18,9567,2040,pos,0 days 00:24:36.671000,0 days 01:22:52.183000
2024-07-07 14:27:49.531,OnTrack,-68,9529,2040,pos,0 days 00:24:36.990000,0 days 01:22:52.502000
2024-07-07 14:27:49.872,OnTrack,-166,9474,2041,pos,0 days 00:24:37.331000,0 days 01:22:52.843000
2024-07-07 14:27:49.932,OnTrack,-184,9467,2040,pos,0 days 00:24:37.391000,0 days 01:22:52.903000
2024-07-07 14:27:50.172,OnTrack,-257,9447,2041,pos,0 days 00:24:37.631000,0 days 01:22:53.143000
2024-07-07 14:27:50.432,OnTrack,-372,9444,2040,pos,0 days 00:24:37.891000,0 days 01:22:53.403000
2024-07-07 14:27:50.931,OnTrack,-479,9479,2039,pos,0 days 00:24:38.390000,0 days 01:22:53.902000
2024-07-07 14:27:51.111,OnTrack,-542,9518,2038,pos,0 days 00:24:38.570000,0 days 01:22:54.082000
2024-07-07 14:27:51.431,OnTrack,-605,9575,2037,pos,0 days 00:24:38.890000,0 days 01:22:54.402000
2024-07-07 14:27:51.631,OnTrack,-649,9628,2036,pos,0 days 00:24:39.090000,0 days 01:22:54.602000
2024-07-07 14:27:51.811,OnTrack,-683,9681,2035,pos,0 days 00:24:39.270000,0 days 01:22:54.782000
2024-07-07 14:27:51.991,OnTrack,-712,9740,2034,pos,0 days 00:24:39.450000,0 days 01:22:54.962000
2024-07-07 14:27:52.271,OnTrack,-748,9839,2033,pos,0 days 00:24:39.730000,0 days 01:22:55.242000
2024-07-07 14:27:52.551,OnTrack,-774,9981,2032,pos,0 days 00:24:40.010000,0 days 01:22:55.522000
2024-07-07 14:27:52.951,OnTrack,-775,10116,2031,pos,0 days 00:24:40.410000,0 days 01:22:55.922000
2024-07-07 14:27:53.031,OnTrack,-772,10157,2031,pos,0 days 00:24:40.490000,0 days 01:22:56.002000
2024-07-07 14:27:53.271,OnTrack,-758,10269,2031,pos,0 days 00:24:40.730000,0 days 01:22:56.242000
2024-07-07 14:27:53.591,OnTrack,-723,10424,2029,pos,0 days 00:24:41.050000,0 days 01:22:56.562000
2024-07-07 14:27:53.831,OnTrack,-663,10601,2027,pos,0 days 00:24:41.290000,0 days 01:22:56.802000
2024-07-07 14:27:54.252,OnTrack,-598,10755,2024,pos,0 days 00:24:41.711000,0 days 01:22:57.223000
2024-07-07 14:27:54.451,OnTrack,-547,10864,2023,pos,0 days 00:24:41.910000,0 days 01:22:57.422000
2024-07-07 14:27:54.651,OnTrack,-487,10979,2022,pos,0 days 00:24:42.110000,0 days 01:22:57.622000
2024-07-07 14:27:55.011,OnTrack,-388,11162,2021,pos,0 days 00:24:42.470000,0 days 01:22:57.982000
2024-07-07 14:27:55.211,OnTrack,-276,11347,2021,pos,0 days 00:24:42.670000,0 days 01:22:58.182000
2024-07-07 14:27:55.551,OnTrack,-201,11455,2021,pos,0 days 00:24:43.010000,0 days 01:22:58.522000
2024-07-07 14:27:55.771,OnTrack,-114,11572,2021,pos,0 days 00:24:43.230000,0 days 01:22:58.742000
2024-07-07 14:27:55.972,OnTrack,-28,11677,2021,pos,0 days 00:24:43.431000,0 days 01:22:58.943000
2024-07-07 14:27:56.212,OnTrack,81,11799,2022,pos,0 days 00:24:43.671000,0 days 01:22:59.183000
2024-07-07 14:27:56.432,OnTrack,190,11908,2023,pos,0 days 00:24:43.891000,0 days 01:22:59.403000
2024-07-07 14:27:56.651,OnTrack,346,12053,2024,pos,0 days 00:24:44.110000,0 days 01:22:59.622000
2024-07-07 14:27:56.932,OnTrack,455,12145,2024,pos,0 days 00:24:44.391000,0 days 01:22:59.903000
2024-07-07 14:27:57.252,OnTrack,727,12338,2024,pos,0 days 00:24:44.711000,0 days 01:23:00.223000
2024-07-07 14:27:57.591,OnTrack,855,12409,2025,pos,0 days 00:24:45.050000,0 days 01:23:00.562000
2024-07-07 14:27:57.851,OnTrack,1031,12493,2025,pos,0 days 00:24:45.310000,0 days 01:23:00.822000
2024-07-07 14:27:58.111,OnTrack,1213,12566,2025,pos,0 days 00:24:45.570000,0 days 01:23:01.082000
2024-07-07 14:27:58.211,OnTrack,1277,12588,2025,pos,0 days 00:24:45.670000,0 days 01:23:01.182000
2024-07-07 14:27:58.371,OnTrack,1393,12625,2025,pos,0 days 00:24:45.830000,0 days 01:23:01.342000
2024-07-07 14:27:58.592,OnTrack,1555,12671,2025,pos,0 days 00:24:46.051000,0 days 01:23:01.563000
2024-07-07 14:27:58.872,OnTrack,1881,12741,2027,pos,0 days 00:24:46.331000,0 days 01:23:01.843000
2024-07-07 14:27:59.371,OnTrack,2205,12789,2029,pos,0 days 00:24:46.830000,0 days 01:23:02.342000
2024-07-07 14:27:59.571,OnTrack,2362,12807,2030,pos,0 days 00:24:47.030000,0 days 01:23:02.542000
2024-07-07 14:27:59.751,OnTrack,2504,12822,2031,pos,0 days 00:24:47.210000,0 days 01:23:02.722000
2024-07-07 14:27:59.972,OnTrack,2791,12852,2034,pos,0 days 00:24:47.431000,0 days 01:23:02.943000
2024-07-07 14:28:00.292,OnTrack,2935,12866,2035,pos,0 days 00:24:47.751000,0 days 01:23:03.263000
2024-07-07 14:28:00.572,OnTrack,3160,12889,2037,pos,0 days 00:24:48.031000,0 days 01:23:03.543000
2024-07-07 14:28:00.752,OnTrack,3305,12905,2039,pos,0 days 00:24:48.211000,0 days 01:23:03.723000
2024-07-07 14:28:00.991,OnTrack,3490,12925,2040,pos,0 days 00:24:48.450000,0 days 01:23:03.962000
2024-07-07 14:28:01.112,OnTrack,3595,12937,2040,pos,0 days 00:24:48.571000,0 days 01:23:04.083000
2024-07-07 14:28:01.432,OnTrack,3966,12979,2042,pos,0 days 00:24:48.891000,0 days 01:23:04.403000
2024-07-07 14:28:01.771,OnTrack,4127,12998,2044,pos,0 days 00:24:49.230000,0 days 01:23:04.742000
2024-07-07 14:28:02.071,OnTrack,4369,13030,2045,pos,0 days 00:24:49.530000,0 days 01:23:05.042000
2024-07-07 14:28:02.232,OnTrack,4497,13047,2046,pos,0 days 00:24:49.691000,0 days 01:23:05.203000
2024-07-07 14:28:02.512,OnTrack,4801,13085,2048,pos,0 days 00:24:49.971000,0 days 01:23:05.483000
2024-07-07 14:28:02.852,OnTrack,5105,13112,2049,pos,0 days 00:24:50.311000,0 days 01:23:05.823000
2024-07-07 14:28:03.332,OnTrack,5410,13101,2050,pos,0 days 00:24:50.791000,0 days 01:23:06.303000
2024-07-07 14:28:03.612,OnTrack,5575,13067,2051,pos,0 days 00:24:51.071000,0 days 01:23:06.583000
2024-07-07 14:28:03.892,OnTrack,5850,12964,2053,pos,0 days 00:24:51.351000,0 days 01:23:06.863000
2024-07-07 14:28:04.371,OnTrack,6075,12821,2054,pos,0 days 00:24:51.830000,0 days 01:23:07.342000
2024-07-07 14:28:04.552,OnTrack,6231,12686,2055,pos,0 days 00:24:52.011000,0 days 01:23:07.523000
2024-07-07 14:28:04.832,OnTrack,6317,12589,2056,pos,0 days 00:24:52.291000,0 days 01:23:07.803000
2024-07-07 14:28:05.151,OnTrack,6445,12389,2057,pos,0 days 00:24:52.610000,0 days 01:23:08.122000
2024-07-07 14:28:05.291,OnTrack,6493,12294,2057,pos,0 days 00:24:52.750000,0 days 01:23:08.262000
2024-07-07 14:28:05.471,OnTrack,6547,12170,2058,pos,0 days 00:24:52.930000,0 days 01:23:08.442000
2024-07-07 14:28:05.751,OnTrack,6619,11973,2060,pos,0 days 00:24:53.210000,0 days 01:23:08.722000
2024-07-07 14:28:05.932,OnTrack,6659,11842,2061,pos,0 days 00:24:53.391000,0 days 01:23:08.903000
2024-07-07 14:28:06.252,OnTrack,6722,11607,2062,pos,0 days 00:24:53.711000,0 days 01:23:09.223000
2024-07-07 14:28:06.371,OnTrack,6768,11412,2064,pos,0 days 00:24:53.830000,0 days 01:23:09.342000
2024-07-07 14:28:06.772,OnTrack,6832,11108,2066,pos,0 days 00:24:54.231000,0 days 01:23:09.743000
2024-07-07 14:28:07.092,OnTrack,6857,10969,2067,pos,0 days 00:24:54.551000,0 days 01:23:10.063000
2024-07-07 14:28:07.292,OnTrack,6881,10813,2068,pos,0 days 00:24:54.751000,0 days 01:23:10.263000
2024-07-07 14:28:07.511,OnTrack,6905,10641,2070,pos,0 days 00:24:54.970000,0 days 01:23:10.482000
2024-07-07 14:28:07.771,OnTrack,6929,10436,2071,pos,0 days 00:24:55.230000,0 days 01:23:10.742000
2024-07-07 14:28:07.971,OnTrack,6944,10277,2073,pos,0 days 00:24:55.430000,0 days 01:23:10.942000
2024-07-07 14:28:08.311,OnTrack,6965,10005,2074,pos,0 days 00:24:55.770000,0 days 01:23:11.282000
2024-07-07 14:28:08.331,OnTrack,6966,9989,2074,pos,0 days 00:24:55.790000,0 days 01:23:11.302000
2024-07-07 14:28:08.632,OnTrack,6977,9747,2075,pos,0 days 00:24:56.091000,0 days 01:23:11.603000
2024-07-07 14:28:08.831,OnTrack,6983,9470,2075,pos,0 days 00:24:56.290000,0 days 01:23:11.802000
2024-07-07 14:28:09.252,OnTrack,6989,9251,2074,pos,0 days 00:24:56.711000,0 days 01:23:12.223000
2024-07-07 14:28:09.431,OnTrack,6996,9096,2073,pos,0 days 00:24:56.890000,0 days 01:23:12.402000
2024-07-07 14:28:09.732,OnTrack,7021,8803,2072,pos,0 days 00:24:57.191000,0 days 01:23:12.703000
2024-07-07 14:28:10.132,OnTrack,7067,8527,2070,pos,0 days 00:24:57.591000,0 days 01:23:13.103000
2024-07-07 14:28:10.352,OnTrack,7123,8285,2069,pos,0 days 00:24:57.811000,0 days 01:23:13.323000
2024-07-07 14:28:10.771,OnTrack,7237,7906,2064,pos,0 days 00:24:58.230000,0 days 01:23:13.742000
2024-07-07 14:28:11.111,OnTrack,7294,7751,2063,pos,0 days 00:24:58.570000,0 days 01:23:14.082000
2024-07-07 14:28:11.391,OnTrack,7381,7536,2060,pos,0 days 00:24:58.850000,0 days 01:23:14.362000
2024-07-07 14:28:11.431,OnTrack,7393,7506,2060,pos,0 days 00:24:58.890000,0 days 01:23:14.402000
2024-07-07 14:28:11.731,OnTrack,7476,7276,2059,pos,0 days 00:24:59.190000,0 days 01:23:14.702000
2024-07-07 14:28:11.891,OnTrack,7510,7154,2058,pos,0 days 00:24:59.350000,0 days 01:23:14.862000
2024-07-07 14:28:12.071,OnTrack,7533,7025,2058,pos,0 days 00:24:59.530000,0 days 01:23:15.042000
2024-07-07 14:28:12.411,OnTrack,7530,6756,2058,pos,0 days 00:24:59.870000,0 days 01:23:15.382000
2024-07-07 14:28:12.551,OnTrack,7493,6538,2059,pos,0 days 00:25:00.010000,0 days 01:23:15.522000
2024-07-07 14:28:12.891,OnTrack,7458,6386,2060,pos,0 days 00:25:00.350000,0 days 01:23:15.862000
2024-07-07 14:28:13.131,OnTrack,7386,6103,2062,pos,0 days 00:25:00.590000,0 days 01:23:16.102000
2024-07-07 14:28:13.511,OnTrack,7349,5924,2063,pos,0 days 00:25:00.970000,0 days 01:23:16.482000
2024-07-07 14:28:13.791,OnTrack,7317,5633,2063,pos,0 days 00:25:01.250000,0 days 01:23:16.762000
2024-07-07 14:28:14.192,OnTrack,7329,5443,2062,pos,0 days 00:25:01.651000,0 days 01:23:17.163000
2024-07-07 14:28:14.452,OnTrack,7371,5280,2061,pos,0 days 00:25:01.911000,0 days 01:23:17.423000
2024-07-07 14:28:14.632,OnTrack,7443,5114,2059,pos,0 days 00:25:02.091000,0 days 01:23:17.603000
2024-07-07 14:28:14.912,OnTrack,7508,4997,2057,pos,0 days 00:25:02.371000,0 days 01:23:17.883000
2024-07-07 14:28:15.212,OnTrack,7611,4827,2055,pos,0 days 00:25:02.671000,0 days 01:23:18.183000
2024-07-07 14:28:15.411,OnTrack,7674,4716,2053,pos,0 days 00:25:02.870000,0 days 01:23:18.382000
2024-07-07 14:28:15.632,OnTrack,7729,4595,2051,pos,0 days 00:25:03.091000,0 days 01:23:18.603000
2024-07-07 14:28:15.812,OnTrack,7775,4440,2049,pos,0 days 00:25:03.271000,0 days 01:23:18.783000
2024-07-07 14:28:16.152,OnTrack,7790,4308,2047,pos,0 days 00:25:03.611000,0 days 01:23:19.123000
2024-07-07 14:28:16.392,OnTrack,7780,4177,2045,pos,0 days 00:25:03.851000,0 days 01:23:19.363000
2024-07-07 14:28:16.692,OnTrack,7741,4018,2043,pos,0 days 00:25:04.151000,0 days 01:23:19.663000
2024-07-07 14:28:16.892,OnTrack,7702,3916,2041,pos,0 days 00:25:04.351000,0 days 01:23:19.863000
2024-07-07 14:28:17.152,OnTrack,7636,3788,2040,pos,0 days 00:25:04.611000,0 days 01:23:20.123000
2024-07-07 14:28:17.331,OnTrack,7580,3702,2039,pos,0 days 00:25:04.790000,0 days 01:23:20.302000
2024-07-07 14:28:17.471,OnTrack,7530,3639,2038,pos,0 days 00:25:04.930000,0 days 01:23:20.442000
2024-07-07 14:28:17.631,OnTrack,7467,3572,2037,pos,0 days 00:25:05.090000,0 days 01:23:20.602000
2024-07-07 14:28:17.912,OnTrack,7340,3472,2035,pos,0 days 00:25:05.371000,0 days 01:23:20.883000
2024-07-07 14:28:18.071,OnTrack,7249,3417,2033,pos,0 days 00:25:05.530000,0 days 01:23:21.042000
2024-07-07 14:28:18.371,OnTrack,7079,3328,2031,pos,0 days 00:25:05.830000,0 days 01:23:21.342000
2024-07-07 14:28:18.491,OnTrack,7011,3292,2031,pos,0 days 00:25:05.950000,0 days 01:23:21.462000
2024-07-07 14:28:18.771,OnTrack,6790,3136,2028,pos,0 days 00:25:06.230000,0 days 01:23:21.742000
2024-07-07 14:28:19.091,OnTrack,6702,3051,2028,pos,0 days 00:25:06.550000,0 days 01:23:22.062000
2024-07-07 14:28:19.331,OnTrack,6588,2931,2028,pos,0 days 00:25:06.790000,0 days 01:23:22.302000
2024-07-07 14:28:19.651,OnTrack,6402,2708,2027,pos,0 days 00:25:07.110000,0 days 01:23:22.622000
2024-07-07 14:28:20.031,OnTrack,6251,2477,2026,pos,0 days 00:25:07.490000,0 days 01:23:23.002000
2024-07-07 14:28:20.352,OnTrack,6188,2368,2026,pos,0 days 00:25:07.811000,0 days 01:23:23.323000
2024-07-07 14:28:20.551,OnTrack,6119,2239,2025,pos,0 days 00:25:08.010000,0 days 01:23:23.522000
2024-07-07 14:28:20.811,OnTrack,6032,2068,2025,pos,0 days 00:25:08.270000,0 days 01:23:23.782000
2024-07-07 14:28:20.972,OnTrack,5979,1962,2025,pos,0 days 00:25:08.431000,0 days 01:23:23.943000
2024-07-07 14:28:21.131,OnTrack,5927,1854,2024,pos,0 days 00:25:08.590000,0 days 01:23:24.102000
2024-07-07 14:28:21.432,OnTrack,5828,1651,2023,pos,0 days 00:25:08.891000,0 days 01:23:24.403000
2024-07-07 14:28:21.692,OnTrack,5742,1473,2022,pos,0 days 00:25:09.151000,0 days 01:23:24.663000
2024-07-07 14:28:21.891,OnTrack,5676,1335,2022,pos,0 days 00:25:09.350000,0 days 01:23:24.862000
2024-07-07 14:28:22.072,OnTrack,5570,1112,2020,pos,0 days 00:25:09.531000,0 days 01:23:25.043000
2024-07-07 14:28:22.491,OnTrack,5476,915,2019,pos,0 days 00:25:09.950000,0 days 01:23:25.462000
2024-07-07 14:28:22.572,OnTrack,5449,858,2019,pos,0 days 00:25:10.031000,0 days 01:23:25.543000
2024-07-07 14:28:22.932,OnTrack,5278,503,2016,pos,0 days 00:25:10.391000,0 days 01:23:25.903000
2024-07-07 14:28:23.332,OnTrack,5188,316,2014,pos,0 days 00:25:10.791000,0 days 01:23:26.303000
2024-07-07 14:28:23.392,OnTrack,5167,273,2014,pos,0 days 00:25:10.851000,0 days 01:23:26.363000
2024-07-07 14:28:23.772,OnTrack,4985,-101,2011,pos,0 days 00:25:11.231000,0 days 01:23:26.743000
2024-07-07 14:28:24.152,OnTrack,4860,-363,2010,pos,0 days 00:25:11.611000,0 days 01:23:27.123000
2024-07-07 14:28:24.511,OnTrack,4775,-538,2009,pos,0 days 00:25:11.970000,0 days 01:23:27.482000
2024-07-07 14:28:24.731,OnTrack,4698,-699,2008,pos,0 days 00:25:12.190000,0 days 01:23:27.702000
2024-07-07 14:28:24.992,OnTrack,4607,-886,2007,pos,0 days 00:25:12.451000,0 days 01:23:27.963000
2024-07-07 14:28:25.191,OnTrack,4500,-1107,2005,pos,0 days 00:25:12.650000,0 days 01:23:28.162000
2024-07-07 14:28:25.491,OnTrack,4429,-1254,2003,pos,0 days 00:25:12.950000,0 days 01:23:28.462000
2024-07-07 14:28:25.771,OnTrack,4283,-1548,2000,pos,0 days 00:25:13.230000,0 days 01:23:28.742000
2024-07-07 14:28:26.151,OnTrack,4152,-1812,1996,pos,0 days 00:25:13.610000,0 days 01:23:29.122000
2024-07-07 14:28:26.491,OnTrack,4064,-1987,1995,pos,0 days 00:25:13.950000,0 days 01:23:29.462000
2024-07-07 14:28:26.771,OnTrack,3961,-2190,1994,pos,0 days 00:25:14.230000,0 days 01:23:29.742000
2024-07-07 14:28:27.031,OnTrack,3825,-2452,1994,pos,0 days 00:25:14.490000,0 days 01:23:30.002000
2024-07-07 14:28:27.432,OnTrack,3716,-2658,1996,pos,0 days 00:25:14.891000,0 days 01:23:30.403000
2024-07-07 14:28:27.591,OnTrack,3656,-2771,1997,pos,0 days 00:25:15.050000,0 days 01:23:30.562000
2024-07-07 14:28:27.891,OnTrack,3517,-3023,2001,pos,0 days 00:25:15.350000,0 days 01:23:30.862000
2024-07-07 14:28:28.131,OnTrack,3446,-3146,2004,pos,0 days 00:25:15.590000,0 days 01:23:31.102000
2024-07-07 14:28:28.392,OnTrack,3345,-3315,2007,pos,0 days 00:25:15.851000,0 days 01:23:31.363000
2024-07-07 14:28:28.672,OnTrack,3236,-3479,2011,pos,0 days 00:25:16.131000,0 days 01:23:31.643000
2024-07-07 14:28:28.872,OnTrack,3131,-3618,2014,pos,0 days 00:25:16.331000,0 days 01:23:31.843000
2024-07-07 14:28:29.252,OnTrack,2953,-3813,2019,pos,0 days 00:25:16.711000,0 days 01:23:32.223000
2024-07-07 14:28:29.652,OnTrack,2843,-3904,2021,pos,0 days 00:25:17.111000,0 days 01:23:32.623000
2024-07-07 14:28:30.451,OnTrack,2492,-4079,2028,pos,0 days 00:25:17.910000,0 days 01:23:33.422000
2024-07-07 14:28:30.611,OnTrack,2415,-4098,2029,pos,0 days 00:25:18.070000,0 days 01:23:33.582000
2024-07-07 14:28:30.851,OnTrack,2302,-4114,2030,pos,0 days 00:25:18.310000,0 days 01:23:33.822000
2024-07-07 14:28:31.011,OnTrack,2227,-4115,2031,pos,0 days 00:25:18.470000,0 days 01:23:33.982000
2024-07-07 14:28:31.311,OnTrack,2089,-4102,2032,pos,0 days 00:25:18.770000,0 days 01:23:34.282000
2024-07-07 14:28:31.571,OnTrack,1978,-4076,2033,pos,0 days 00:25:19.030000,0 days 01:23:34.542000
2024-07-07 14:28:31.792,OnTrack,1882,-4042,2033,pos,0 days 00:25:19.251000,0 days 01:23:34.763000
2024-07-07 14:28:31.951,OnTrack,1818,-4013,2033,pos,0 days 00:25:19.410000,0 days 01:23:34.922000
2024-07-07 14:28:32.131,OnTrack,1749,-3975,2033,pos,0 days 00:25:19.590000,0 days 01:23:35.102000
2024-07-07 14:28:32.312,OnTrack,1683,-3932,2033,pos,0 days 00:25:19.771000,0 days 01:23:35.283000
2024-07-07 14:28:32.471,OnTrack,1627,-3889,2032,pos,0 days 00:25:19.930000,0 days 01:23:35.442000
2024-07-07 14:28:32.791,OnTrack,1487,-3759,2031,pos,0 days 00:25:20.250000,0 days 01:23:35.762000
2024-07-07 14:28:33.132,OnTrack,1413,-3673,2030,pos,0 days 00:25:20.591000,0 days 01:23:36.103000
2024-07-07 14:28:33.391,OnTrack,1337,-3569,2028,pos,0 days 00:25:20.850000,0 days 01:23:36.362000
2024-07-07 14:28:33.631,OnTrack,1238,-3406,2025,pos,0 days 00:25:21.090000,0 days 01:23:36.602000
2024-07-07 14:28:33.931,OnTrack,1195,-3327,2022,pos,0 days 00:25:21.390000,0 days 01:23:36.902000
2024-07-07 14:28:34.292,OnTrack,1084,-3118,2015,pos,0 days 00:25:21.751000,0 days 01:23:37.263000
2024-07-07 14:28:34.572,OnTrack,1030,-3022,2011,pos,0 days 00:25:22.031000,0 days 01:23:37.543000
2024-07-07 14:28:34.792,OnTrack,965,-2915,2006,pos,0 days 00:25:22.251000,0 days 01:23:37.763000
2024-07-07 14:28:35.052,OnTrack,840,-2728,1997,pos,0 days 00:25:22.511000,0 days 01:23:38.023000
2024-07-07 14:28:35.372,OnTrack,767,-2629,1993,pos,0 days 00:25:22.831000,0 days 01:23:38.343000
2024-07-07 14:28:35.632,OnTrack,671,-2498,1988,pos,0 days 00:25:23.091000,0 days 01:23:38.603000
2024-07-07 14:28:35.791,OnTrack,610,-2416,1986,pos,0 days 00:25:23.250000,0 days 01:23:38.762000
2024-07-07 14:28:36.072,OnTrack,457,-2209,1984,pos,0 days 00:25:23.531000,0 days 01:23:39.043000
2024-07-07 14:28:36.412,OnTrack,374,-2099,1985,pos,0 days 00:25:23.871000,0 days 01:23:39.383000
2024-07-07 14:28:36.712,OnTrack,204,-1881,1986,pos,0 days 00:25:24.171000,0 days 01:23:39.683000
2024-07-07 14:28:37.171,OnTrack,35,-1681,1986,pos,0 days 00:25:24.630000,0 days 01:23:40.142000
2024-07-07 14:28:37.571,OnTrack,-93,-1534,1985,pos,0 days 00:25:25.030000,0 days 01:23:40.542000
2024-07-07 14:28:37.772,OnTrack,-160,-1459,1984,pos,0 days 00:25:25.231000,0 days 01:23:40.743000
2024-07-07 14:28:38.011,OnTrack,-266,-1340,1983,pos,0 days 00:25:25.470000,0 days 01:23:40.982000
2024-07-07 14:28:38.251,OnTrack,-314,-1286,1981,pos,0 days 00:25:25.710000,0 days 01:23:41.222000
2024-07-07 14:28:38.511,OnTrack,-387,-1204,1980,pos,0 days 00:25:25.970000,0 days 01:23:41.482000
2024-07-07 14:28:38.831,OnTrack,-481,-1105,1978,pos,0 days 00:25:26.290000,0 days 01:23:41.802000
2024-07-07 14:28:39.211,OnTrack,-586,-1017,1976,pos,0 days 00:25:26.670000,0 days 01:23:42.182000
2024-07-07 14:28:39.472,OnTrack,-631,-987,1976,pos,0 days 00:25:26.931000,0 days 01:23:42.443000
2024-07-07 14:28:39.712,OnTrack,-693,-955,1975,pos,0 days 00:25:27.171000,0 days 01:23:42.683000
2024-07-07 14:28:39.911,OnTrack,-745,-935,1975,pos,0 days 00:25:27.370000,0 days 01:23:42.882000
2024-07-07 14:28:40.131,OnTrack,-801,-920,1976,pos,0 days 00:25:27.590000,0 days 01:23:43.102000
2024-07-07 14:28:40.431,OnTrack,-882,-913,1976,pos,0 days 00:25:27.890000,0 days 01:23:43.402000
2024-07-07 14:28:40.612,OnTrack,-930,-913,1976,pos,0 days 00:25:28.071000,0 days 01:23:43.583000
2024-07-07 14:28:40.752,OnTrack,-966,-917,1977,pos,0 days 00:25:28.211000,0 days 01:23:43.723000
2024-07-07 14:28:41.011,OnTrack,-1028,-933,1978,pos,0 days 00:25:28.470000,0 days 01:23:43.982000
2024-07-07 14:28:41.191,OnTrack,-1072,-953,1978,pos,0 days 00:25:28.650000,0 days 01:23:44.162000
2024-07-07 14:28:41.491,OnTrack,-1160,-1009,1979,pos,0 days 00:25:28.950000,0 days 01:23:44.462000
2024-07-07 14:28:41.811,OnTrack,-1221,-1057,1980,pos,0 days 00:25:29.270000,0 days 01:23:44.782000
2024-07-07 14:28:42.032,OnTrack,-1307,-1119,1981,pos,0 days 00:25:29.491000,0 days 01:23:45.003000
2024-07-07 14:28:42.412,OnTrack,-1379,-1153,1981,pos,0 days 00:25:29.871000,0 days 01:23:45.383000
2024-07-07 14:28:42.652,OnTrack,-1474,-1172,1981,pos,0 days 00:25:30.111000,0 days 01:23:45.623000
2024-07-07 14:28:43.052,OnTrack,-1609,-1152,1980,pos,0 days 00:25:30.511000,0 days 01:23:46.023000
2024-07-07 14:28:43.392,OnTrack,-1669,-1133,1979,pos,0 days 00:25:30.851000,0 days 01:23:46.363000
2024-07-07 14:28:43.711,OnTrack,-1764,-1091,1978,pos,0 days 00:25:31.170000,0 days 01:23:46.682000
2024-07-07 14:28:43.971,OnTrack,-1856,-1032,1977,pos,0 days 00:25:31.430000,0 days 01:23:46.942000
2024-07-07 14:28:44.371,OnTrack,-1968,-921,1976,pos,0 days 00:25:31.830000,0 days 01:23:47.342000
2024-07-07 14:28:44.811,OnTrack,-2061,-805,1975,pos,0 days 00:25:32.270000,0 days 01:23:47.782000
2024-07-07 14:28:44.931,OnTrack,-2092,-764,1975,pos,0 days 00:25:32.390000,0 days 01:23:47.902000
2024-07-07 14:28:45.091,OnTrack,-2132,-707,1974,pos,0 days 00:25:32.550000,0 days 01:23:48.062000
2024-07-07 14:28:45.331,OnTrack,-2220,-530,1974,pos,0 days 00:25:32.790000,0 days 01:23:48.302000
2024-07-07 14:28:45.732,OnTrack,-2263,-402,1972,pos,0 days 00:25:33.191000,0 days 01:23:48.703000
2024-07-07 14:28:45.891,OnTrack,-2282,-327,1971,pos,0 days 00:25:33.350000,0 days 01:23:48.862000
2024-07-07 14:28:46.171,OnTrack,-2304,-187,1969,pos,0 days 00:25:33.630000,0 days 01:23:49.142000
2024-07-07 14:28:46.351,OnTrack,-2312,-92,1968,pos,0 days 00:25:33.810000,0 days 01:23:49.322000
2024-07-07 14:28:46.512,OnTrack,-2314,-6,1967,pos,0 days 00:25:33.971000,0 days 01:23:49.483000
2024-07-07 14:28:46.752,OnTrack,-2306,125,1966,pos,0 days 00:25:34.211000,0 days 01:23:49.723000
2024-07-07 14:28:46.891,OnTrack,-2296,203,1966,pos,0 days 00:25:34.350000,0 days 01:23:49.862000
2024-07-07 14:28:47.151,OnTrack,-2266,348,1964,pos,0 days 00:25:34.610000,0 days 01:23:50.122000
2024-07-07 14:28:47.312,OnTrack,-2238,436,1963,pos,0 days 00:25:34.771000,0 days 01:23:50.283000
2024-07-07 14:28:47.552,OnTrack,-2182,568,1963,pos,0 days 00:25:35.011000,0 days 01:23:50.523000
2024-07-07 14:28:47.892,OnTrack,-2076,761,1962,pos,0 days 00:25:35.351000,0 days 01:23:50.863000
2024-07-07 14:28:48.132,OnTrack,-1998,877,1962,pos,0 days 00:25:35.591000,0 days 01:23:51.103000
2024-07-07 14:28:48.432,OnTrack,-1885,1034,1963,pos,0 days 00:25:35.891000,0 days 01:23:51.403000
2024-07-07 14:28:48.712,OnTrack,-1776,1183,1963,pos,0 days 00:25:36.171000,0 days 01:23:51.683000
2024-07-07 14:28:48.812,OnTrack,-1679,1312,1964,pos,0 days 00:25:36.271000,0 days 01:23:51.783000
2024-07-07 14:28:49.292,OnTrack,-1533,1496,1965,pos,0 days 00:25:36.751000,0 days 01:23:52.263000
2024-07-07 14:28:49.512,OnTrack,-1402,1662,1967,pos,0 days 00:25:36.971000,0 days 01:23:52.483000
2024-07-07 14:28:49.892,OnTrack,-1273,1835,1969,pos,0 days 00:25:37.351000,0 days 01:23:52.863000
2024-07-07 14:28:50.072,OnTrack,-1200,1935,1970,pos,0 days 00:25:37.531000,0 days 01:23:53.043000
2024-07-07 14:28:50.351,OnTrack,-1074,2108,1972,pos,0 days 00:25:37.810000,0 days 01:23:53.322000
2024-07-07 14:28:50.552,OnTrack,-951,2278,1975,pos,0 days 00:25:38.011000,0 days 01:23:53.523000
2024-07-07 14:28:51.511,OnTrack,-558,2826,1984,pos,0 days 00:25:38.970000,0 days 01:23:54.482000
2024-07-07 14:28:51.751,OnTrack,-453,2981,1987,pos,0 days 00:25:39.210000,0 days 01:23:54.722000
2024-07-07 14:28:51.932,OnTrack,-331,3164,1990,pos,0 days 00:25:39.391000,0 days 01:23:54.903000
2024-07-07 14:28:52.311,OnTrack,-208,3349,1993,pos,0 days 00:25:39.770000,0 days 01:23:55.282000
2024-07-07 14:28:52.532,OnTrack,-42,3584,1996,pos,0 days 00:25:39.991000,0 days 01:23:55.503000
2024-07-07 14:28:52.891,OnTrack,57,3719,1999,pos,0 days 00:25:40.350000,0 days 01:23:55.862000
2024-07-07 14:28:53.112,OnTrack,172,3863,2003,pos,0 days 00:25:40.571000,0 days 01:23:56.083000
2024-07-07 14:28:53.411,OnTrack,327,4042,2008,pos,0 days 00:25:40.870000,0 days 01:23:56.382000
2024-07-07 14:28:53.632,OnTrack,429,4144,2010,pos,0 days 00:25:41.091000,0 days 01:23:56.603000
2024-07-07 14:28:53.791,OnTrack,582,4272,2011,pos,0 days 00:25:41.250000,0 days 01:23:56.762000
2024-07-07 14:28:54.232,OnTrack,845,4418,2014,pos,0 days 00:25:41.691000,0 days 01:23:57.203000
2024-07-07 14:28:54.611,OnTrack,1013,4471,2015,pos,0 days 00:25:42.070000,0 days 01:23:57.582000
2024-07-07 14:28:54.831,OnTrack,1157,4500,2016,pos,0 days 00:25:42.290000,0 days 01:23:57.802000
2024-07-07 14:28:54.912,OnTrack,1209,4506,2016,pos,0 days 00:25:42.371000,0 days 01:23:57.883000
2024-07-07 14:28:55.272,OnTrack,1445,4519,2018,pos,0 days 00:25:42.731000,0 days 01:23:58.243000
2024-07-07 14:28:55.472,OnTrack,1656,4514,2021,pos,0 days 00:25:42.931000,0 days 01:23:58.443000
2024-07-07 14:28:55.792,OnTrack,1789,4502,2023,pos,0 days 00:25:43.251000,0 days 01:23:58.763000
2024-07-07 14:28:56.032,OnTrack,1951,4481,2025,pos,0 days 00:25:43.491000,0 days 01:23:59.003000
2024-07-07 14:28:56.192,OnTrack,2060,4466,2026,pos,0 days 00:25:43.651000,0 days 01:23:59.163000
2024-07-07 14:28:56.352,OnTrack,2163,4454,2027,pos,0 days 00:25:43.811000,0 days 01:23:59.323000
2024-07-07 14:28:56.731,OnTrack,2434,4439,2029,pos,0 days 00:25:44.190000,0 days 01:23:59.702000
2024-07-07 14:28:56.751,OnTrack,2448,4439,2030,pos,0 days 00:25:44.210000,0 days 01:23:59.722000
2024-07-07 14:28:57.051,OnTrack,2655,4447,2033,pos,0 days 00:25:44.510000,0 days 01:24:00.022000
2024-07-07 14:28:57.271,OnTrack,2819,4471,2035,pos,0 days 00:25:44.730000,0 days 01:24:00.242000
2024-07-07 14:28:57.431,OnTrack,2933,4499,2037,pos,0 days 00:25:44.890000,0 days 01:24:00.402000
2024-07-07 14:28:57.771,OnTrack,3144,4574,2040,pos,0 days 00:25:45.230000,0 days 01:24:00.742000
2024-07-07 14:28:57.791,OnTrack,3162,4582,2040,pos,0 days 00:25:45.250000,0 days 01:24:00.762000
2024-07-07 14:28:58.131,OnTrack,3412,4723,2045,pos,0 days 00:25:45.590000,0 days 01:24:01.102000
2024-07-07 14:28:58.511,OnTrack,3578,4848,2048,pos,0 days 00:25:45.970000,0 days 01:24:01.482000
2024-07-07 14:28:58.752,OnTrack,3705,4961,2049,pos,0 days 00:25:46.211000,0 days 01:24:01.723000
2024-07-07 14:28:58.951,OnTrack,3876,5132,2050,pos,0 days 00:25:46.410000,0 days 01:24:01.922000
2024-07-07 14:28:59.391,OnTrack,4022,5277,2051,pos,0 days 00:25:46.850000,0 days 01:24:02.362000
2024-07-07 14:28:59.552,OnTrack,4160,5409,2052,pos,0 days 00:25:47.011000,0 days 01:24:02.523000
2024-07-07 14:28:59.951,OnTrack,4283,5521,2053,pos,0 days 00:25:47.410000,0 days 01:24:02.922000
2024-07-07 14:29:00.152,OnTrack,4423,5641,2054,pos,0 days 00:25:47.611000,0 days 01:24:03.123000
2024-07-07 14:29:00.531,OnTrack,4512,5715,2054,pos,0 days 00:25:47.990000,0 days 01:24:03.502000
2024-07-07 14:29:00.851,OnTrack,4619,5799,2055,pos,0 days 00:25:48.310000,0 days 01:24:03.822000
2024-07-07 14:29:01.012,OnTrack,4672,5833,2055,pos,0 days 00:25:48.471000,0 days 01:24:03.983000
2024-07-07 14:29:01.172,OnTrack,4769,5879,2054,pos,0 days 00:25:48.631000,0 days 01:24:04.143000
2024-07-07 14:29:01.671,OnTrack,4915,5901,2053,pos,0 days 00:25:49.130000,0 days 01:24:04.642000
2024-07-07 14:29:01.992,OnTrack,4990,5895,2053,pos,0 days 00:25:49.451000,0 days 01:24:04.963000
2024-07-07 14:29:02.252,OnTrack,5067,5876,2054,pos,0 days 00:25:49.711000,0 days 01:24:05.223000
2024-07-07 14:29:02.491,OnTrack,5132,5847,2055,pos,0 days 00:25:49.950000,0 days 01:24:05.462000
2024-07-07 14:29:02.672,OnTrack,5200,5800,2056,pos,0 days 00:25:50.131000,0 days 01:24:05.643000
2024-07-07 14:29:03.051,OnTrack,5283,5710,2058,pos,0 days 00:25:50.510000,0 days 01:24:06.022000
2024-07-07 14:29:03.411,OnTrack,5315,5652,2059,pos,0 days 00:25:50.870000,0 days 01:24:06.382000
2024-07-07 14:29:03.711,OnTrack,5349,5563,2059,pos,0 days 00:25:51.170000,0 days 01:24:06.682000
2024-07-07 14:29:03.892,OnTrack,5364,5506,2060,pos,0 days 00:25:51.351000,0 days 01:24:06.863000
2024-07-07 14:29:04.091,OnTrack,5376,5440,2060,pos,0 days 00:25:51.550000,0 days 01:24:07.062000
2024-07-07 14:29:04.411,OnTrack,5391,5289,2062,pos,0 days 00:25:51.870000,0 days 01:24:07.382000
2024-07-07 14:29:04.631,OnTrack,5395,5244,2063,pos,0 days 00:25:52.090000,0 days 01:24:07.602000
2024-07-07 14:29:04.972,OnTrack,5412,5125,2065,pos,0 days 00:25:52.431000,0 days 01:24:07.943000
2024-07-07 14:29:05.131,OnTrack,5426,5070,2066,pos,0 days 00:25:52.590000,0 days 01:24:08.102000
2024-07-07 14:29:05.391,OnTrack,5458,4989,2066,pos,0 days 00:25:52.850000,0 days 01:24:08.362000
2024-07-07 14:29:05.592,OnTrack,5502,4914,2066,pos,0 days 00:25:53.051000,0 days 01:24:08.563000
2024-07-07 14:29:05.951,OnTrack,5555,4850,2065,pos,0 days 00:25:53.410000,0 days 01:24:08.922000
2024-07-07 14:29:06.231,OnTrack,5613,4798,2065,pos,0 days 00:25:53.690000,0 days 01:24:09.202000
2024-07-07 14:29:06.432,OnTrack,5670,4760,2064,pos,0 days 00:25:53.891000,0 days 01:24:09.403000
2024-07-07 14:29:06.872,OnTrack,5758,4730,2065,pos,0 days 00:25:54.331000,0 days 01:24:09.843000
2024-07-07 14:29:07.031,OnTrack,5796,4731,2064,pos,0 days 00:25:54.490000,0 days 01:24:10.002000
2024-07-07 14:29:07.272,OnTrack,5851,4747,2064,pos,0 days 00:25:54.731000,0 days 01:24:10.243000
2024-07-07 14:29:07.512,OnTrack,5926,4798,2064,pos,0 days 00:25:54.971000,0 days 01:24:10.483000
2024-07-07 14:29:07.812,OnTrack,5960,4829,2064,pos,0 days 00:25:55.271000,0 days 01:24:10.783000
2024-07-07 14:29:08.052,OnTrack,6023,4900,2064,pos,0 days 00:25:55.511000,0 days 01:24:11.023000
2024-07-07 14:29:08.532,OnTrack,6080,4983,2065,pos,0 days 00:25:55.991000,0 days 01:24:11.503000
2024-07-07 14:29:08.712,OnTrack,6128,5067,2065,pos,0 days 00:25:56.171000,0 days 01:24:11.683000
2024-07-07 14:29:09.152,OnTrack,6170,5157,2065,pos,0 days 00:25:56.611000,0 days 01:24:12.123000
2024-07-07 14:29:09.392,OnTrack,6206,5252,2065,pos,0 days 00:25:56.851000,0 days 01:24:12.363000
2024-07-07 14:29:09.712,OnTrack,6239,5355,2065,pos,0 days 00:25:57.171000,0 days 01:24:12.683000
2024-07-07 14:29:10.031,OnTrack,6276,5494,2065,pos,0 days 00:25:57.490000,0 days 01:24:13.002000
2024-07-07 14:29:10.171,OnTrack,6304,5625,2065,pos,0 days 00:25:57.630000,0 days 01:24:13.142000
2024-07-07 14:29:10.511,OnTrack,6319,5724,2065,pos,0 days 00:25:57.970000,0 days 01:24:13.482000
2024-07-07 14:29:10.871,OnTrack,6332,5933,2064,pos,0 days 00:25:58.330000,0 days 01:24:13.842000
2024-07-07 14:29:10.931,OnTrack,6331,5972,2064,pos,0 days 00:25:58.390000,0 days 01:24:13.902000
2024-07-07 14:29:11.272,OnTrack,6305,6210,2063,pos,0 days 00:25:58.731000,0 days 01:24:14.243000
2024-07-07 14:29:11.552,OnTrack,6280,6326,2063,pos,0 days 00:25:59.011000,0 days 01:24:14.523000
2024-07-07 14:29:11.852,OnTrack,6221,6499,2062,pos,0 days 00:25:59.311000,0 days 01:24:14.823000
2024-07-07 14:29:11.931,OnTrack,6201,6544,2062,pos,0 days 00:25:59.390000,0 days 01:24:14.902000
2024-07-07 14:29:12.132,OnTrack,6145,6656,2063,pos,0 days 00:25:59.591000,0 days 01:24:15.103000
2024-07-07 14:29:12.372,OnTrack,6068,6783,2063,pos,0 days 00:25:59.831000,0 days 01:24:15.343000
2024-07-07 14:29:12.711,OnTrack,5929,6965,2064,pos,0 days 00:26:00.170000,0 days 01:24:15.682000
2024-07-07 14:29:12.952,OnTrack,5748,7144,2064,pos,0 days 00:26:00.411000,0 days 01:24:15.923000
2024-07-07 14:29:13.212,OnTrack,5686,7197,2064,pos,0 days 00:26:00.671000,0 days 01:24:16.183000
2024-07-07 14:29:13.571,OnTrack,5412,7412,2064,pos,0 days 00:26:01.030000,0 days 01:24:16.542000
2024-07-07 14:29:13.851,OnTrack,5334,7473,2064,pos,0 days 00:26:01.310000,0 days 01:24:16.822000
2024-07-07 14:29:14.092,OnTrack,5206,7574,2064,pos,0 days 00:26:01.551000,0 days 01:24:17.063000
2024-07-07 14:29:14.272,OnTrack,5100,7660,2064,pos,0 days 00:26:01.731000,0 days 01:24:17.243000
2024-07-07 14:29:14.552,OnTrack,4952,7783,2064,pos,0 days 00:26:02.011000,0 days 01:24:17.523000
2024-07-07 14:29:14.731,OnTrack,4852,7869,2064,pos,0 days 00:26:02.190000,0 days 01:24:17.702000
2024-07-07 14:29:14.892,OnTrack,4762,7945,2064,pos,0 days 00:26:02.351000,0 days 01:24:17.863000
2024-07-07 14:29:15.132,OnTrack,4627,8062,2065,pos,0 days 00:26:02.591000,0 days 01:24:18.103000
2024-07-07 14:29:15.312,OnTrack,4525,8149,2065,pos,0 days 00:26:02.771000,0 days 01:24:18.283000
2024-07-07 14:29:15.472,OnTrack,4434,8227,2064,pos,0 days 00:26:02.931000,0 days 01:24:18.443000
2024-07-07 14:29:15.872,OnTrack,4203,8425,2064,pos,0 days 00:26:03.331000,0 days 01:24:18.843000
2024-07-07 14:29:16.052,OnTrack,4098,8514,2064,pos,0 days 00:26:03.511000,0 days 01:24:19.023000
2024-07-07 14:29:16.272,OnTrack,3970,8625,2063,pos,0 days 00:26:03.731000,0 days 01:24:19.243000
2024-07-07 14:29:16.432,OnTrack,3829,8747,2063,pos,0 days 00:26:03.891000,0 days 01:24:19.403000
2024-07-07 14:29:16.831,OnTrack,3642,8911,2063,pos,0 days 00:26:04.290000,0 days 01:24:19.802000
2024-07-07 14:29:17.111,OnTrack,3477,9057,2063,pos,0 days 00:26:04.570000,0 days 01:24:20.082000
2024-07-07 14:29:17.232,OnTrack,3406,9119,2063,pos,0 days 00:26:04.691000,0 days 01:24:20.203000
2024-07-07 14:29:17.431,OnTrack,3204,9297,2064,pos,0 days 00:26:04.890000,0 days 01:24:20.402000
2024-07-07 14:29:17.772,OnTrack,3084,9401,2063,pos,0 days 00:26:05.231000,0 days 01:24:20.743000
2024-07-07 14:29:18.131,OnTrack,2868,9590,2061,pos,0 days 00:26:05.590000,0 days 01:24:21.102000
2024-07-07 14:29:18.291,OnTrack,2771,9674,2061,pos,0 days 00:26:05.750000,0 days 01:24:21.262000
2024-07-07 14:29:18.471,OnTrack,2661,9769,2060,pos,0 days 00:26:05.930000,0 days 01:24:21.442000
2024-07-07 14:29:18.652,OnTrack,2552,9865,2058,pos,0 days 00:26:06.111000,0 days 01:24:21.623000
2024-07-07 14:29:18.951,OnTrack,2366,10027,2056,pos,0 days 00:26:06.410000,0 days 01:24:21.922000
2024-07-07 14:29:19.152,OnTrack,2241,10139,2053,pos,0 days 00:26:06.611000,0 days 01:24:22.123000
2024-07-07 14:29:19.291,OnTrack,2163,10209,2052,pos,0 days 00:26:06.750000,0 days 01:24:22.262000
2024-07-07 14:29:19.452,OnTrack,2066,10296,2051,pos,0 days 00:26:06.911000,0 days 01:24:22.423000
2024-07-07 14:29:19.732,OnTrack,1903,10442,2048,pos,0 days 00:26:07.191000,0 days 01:24:22.703000
2024-07-07 14:29:19.992,OnTrack,1760,10565,2046,pos,0 days 00:26:07.451000,0 days 01:24:22.963000
2024-07-07 14:29:20.151,OnTrack,1677,10632,2045,pos,0 days 00:26:07.610000,0 days 01:24:23.122000
2024-07-07 14:29:20.411,OnTrack,1556,10723,2043,pos,0 days 00:26:07.870000,0 days 01:24:23.382000
2024-07-07 14:29:20.592,OnTrack,1470,10778,2041,pos,0 days 00:26:08.051000,0 days 01:24:23.563000
2024-07-07 14:29:20.752,OnTrack,1400,10818,2040,pos,0 days 00:26:08.211000,0 days 01:24:23.723000
2024-07-07 14:29:21.032,OnTrack,1271,10878,2038,pos,0 days 00:26:08.491000,0 days 01:24:24.003000
2024-07-07 14:29:21.092,OnTrack,1243,10888,2038,pos,0 days 00:26:08.551000,0 days 01:24:24.063000
2024-07-07 14:29:21.392,OnTrack,1108,10930,2036,pos,0 days 00:26:08.851000,0 days 01:24:24.363000
2024-07-07 14:29:21.572,OnTrack,1032,10942,2035,pos,0 days 00:26:09.031000,0 days 01:24:24.543000
2024-07-07 14:29:21.831,OnTrack,924,10948,2035,pos,0 days 00:26:09.290000,0 days 01:24:24.802000
2024-07-07 14:29:22.071,OnTrack,793,10946,2034,pos,0 days 00:26:09.530000,0 days 01:24:25.042000
2024-07-07 14:29:22.452,OnTrack,636,10916,2032,pos,0 days 00:26:09.911000,0 days 01:24:25.423000
2024-07-07 14:29:22.752,OnTrack,562,10886,2032,pos,0 days 00:26:10.211000,0 days 01:24:25.723000
2024-07-07 14:29:22.972,OnTrack,484,10843,2032,pos,0 days 00:26:10.431000,0 days 01:24:25.943000
2024-07-07 14:29:23.351,OnTrack,377,10749,2032,pos,0 days 00:26:10.810000,0 days 01:24:26.322000
2024-07-07 14:29:23.472,OnTrack,351,10714,2032,pos,0 days 00:26:10.931000,0 days 01:24:26.443000
2024-07-07 14:29:23.772,OnTrack,285,10605,2033,pos,0 days 00:26:11.231000,0 days 01:24:26.743000
2024-07-07 14:29:23.971,OnTrack,251,10532,2033,pos,0 days 00:26:11.430000,0 days 01:24:26.942000
2024-07-07 14:29:24.131,OnTrack,227,10471,2033,pos,0 days 00:26:11.590000,0 days 01:24:27.102000
2024-07-07 14:29:24.332,OnTrack,208,10392,2033,pos,0 days 00:26:11.791000,0 days 01:24:27.303000
2024-07-07 14:29:24.551,OnTrack,196,10297,2033,pos,0 days 00:26:12.010000,0 days 01:24:27.522000
2024-07-07 14:29:24.711,OnTrack,191,10226,2034,pos,0 days 00:26:12.170000,0 days 01:24:27.682000
2024-07-07 14:29:24.991,OnTrack,185,10095,2034,pos,0 days 00:26:12.450000,0 days 01:24:27.962000
2024-07-07 14:29:25.172,OnTrack,180,10010,2035,pos,0 days 00:26:12.631000,0 days 01:24:28.143000
2024-07-07 14:29:25.412,OnTrack,168,9904,2036,pos,0 days 00:26:12.871000,0 days 01:24:28.383000
2024-07-07 14:29:25.631,OnTrack,148,9819,2036,pos,0 days 00:26:13.090000,0 days 01:24:28.602000
2024-07-07 14:29:25.851,OnTrack,102,9715,2038,pos,0 days 00:26:13.310000,0 days 01:24:28.822000
2024-07-07 14:29:26.091,OnTrack,70,9664,2038,pos,0 days 00:26:13.550000,0 days 01:24:29.062000
2024-07-07 14:29:26.431,OnTrack,-32,9556,2040,pos,0 days 00:26:13.890000,0 days 01:24:29.402000
2024-07-07 14:29:26.792,OnTrack,-112,9501,2040,pos,0 days 00:26:14.251000,0 days 01:24:29.763000
2024-07-07 14:29:27.052,OnTrack,-189,9465,2040,pos,0 days 00:26:14.511000,0 days 01:24:30.023000
2024-07-07 14:29:27.271,OnTrack,-257,9447,2041,pos,0 days 00:26:14.730000,0 days 01:24:30.242000
2024-07-07 14:29:27.292,OnTrack,-263,9446,2041,pos,0 days 00:26:14.751000,0 days 01:24:30.263000
2024-07-07 14:29:27.672,OnTrack,-398,9448,2040,pos,0 days 00:26:15.131000,0 days 01:24:30.643000
2024-07-07 14:29:27.972,OnTrack,-468,9473,2040,pos,0 days 00:26:15.431000,0 days 01:24:30.943000
2024-07-07 14:29:28.212,OnTrack,-534,9512,2039,pos,0 days 00:26:15.671000,0 days 01:24:31.183000
2024-07-07 14:29:28.472,OnTrack,-613,9584,2037,pos,0 days 00:26:15.931000,0 days 01:24:31.443000
2024-07-07 14:29:28.911,OnTrack,-702,9719,2035,pos,0 days 00:26:16.370000,0 days 01:24:31.882000
2024-07-07 14:29:29.312,OnTrack,-738,9809,2033,pos,0 days 00:26:16.771000,0 days 01:24:32.283000
2024-07-07 14:29:29.512,OnTrack,-757,9877,2033,pos,0 days 00:26:16.971000,0 days 01:24:32.483000
2024-07-07 14:29:29.711,OnTrack,-774,9996,2032,pos,0 days 00:26:17.170000,0 days 01:24:32.682000
2024-07-07 14:29:30.091,OnTrack,-775,10100,2032,pos,0 days 00:26:17.550000,0 days 01:24:33.062000
2024-07-07 14:29:30.292,OnTrack,-769,10187,2031,pos,0 days 00:26:17.751000,0 days 01:24:33.263000
2024-07-07 14:29:30.451,OnTrack,-759,10259,2031,pos,0 days 00:26:17.910000,0 days 01:24:33.422000
2024-07-07 14:29:30.671,OnTrack,-739,10361,2030,pos,0 days 00:26:18.130000,0 days 01:24:33.642000
2024-07-07 14:29:30.951,OnTrack,-700,10498,2028,pos,0 days 00:26:18.410000,0 days 01:24:33.922000
2024-07-07 14:29:31.132,OnTrack,-669,10587,2027,pos,0 days 00:26:18.591000,0 days 01:24:34.103000
2024-07-07 14:29:31.271,OnTrack,-643,10652,2026,pos,0 days 00:26:18.730000,0 days 01:24:34.242000
2024-07-07 14:29:31.591,OnTrack,-568,10820,2023,pos,0 days 00:26:19.050000,0 days 01:24:34.562000
2024-07-07 14:29:31.811,OnTrack,-510,10934,2022,pos,0 days 00:26:19.270000,0 days 01:24:34.782000
2024-07-07 14:29:32.051,OnTrack,-426,11094,2021,pos,0 days 00:26:19.510000,0 days 01:24:35.022000
2024-07-07 14:29:32.331,OnTrack,-359,11212,2021,pos,0 days 00:26:19.790000,0 days 01:24:35.302000
2024-07-07 14:29:32.572,OnTrack,-279,11342,2021,pos,0 days 00:26:20.031000,0 days 01:24:35.543000
2024-07-07 14:29:32.772,OnTrack,-206,11448,2021,pos,0 days 00:26:20.231000,0 days 01:24:35.743000
2024-07-07 14:29:33.052,OnTrack,-95,11596,2021,pos,0 days 00:26:20.511000,0 days 01:24:36.023000
2024-07-07 14:29:33.211,OnTrack,-26,11679,2021,pos,0 days 00:26:20.670000,0 days 01:24:36.182000
2024-07-07 14:29:33.451,OnTrack,83,11801,2022,pos,0 days 00:26:20.910000,0 days 01:24:36.422000
2024-07-07 14:29:33.592,OnTrack,150,11870,2022,pos,0 days 00:26:21.051000,0 days 01:24:36.563000
2024-07-07 14:29:33.832,OnTrack,324,12034,2024,pos,0 days 00:26:21.291000,0 days 01:24:36.803000
2024-07-07 14:29:34.112,OnTrack,416,12112,2024,pos,0 days 00:26:21.571000,0 days 01:24:37.083000
2024-07-07 14:29:34.452,OnTrack,616,12264,2024,pos,0 days 00:26:21.911000,0 days 01:24:37.423000
2024-07-07 14:29:34.672,OnTrack,774,12366,2024,pos,0 days 00:26:22.131000,0 days 01:24:37.643000
2024-07-07 14:29:34.912,OnTrack,905,12435,2025,pos,0 days 00:26:22.371000,0 days 01:24:37.883000
2024-07-07 14:29:35.292,OnTrack,1166,12548,2025,pos,0 days 00:26:22.751000,0 days 01:24:38.263000
2024-07-07 14:29:35.492,OnTrack,1308,12599,2025,pos,0 days 00:26:22.951000,0 days 01:24:38.463000
2024-07-07 14:29:35.572,OnTrack,1367,12617,2025,pos,0 days 00:26:23.031000,0 days 01:24:38.543000
2024-07-07 14:29:35.892,OnTrack,1678,12701,2026,pos,0 days 00:26:23.351000,0 days 01:24:38.863000
2024-07-07 14:29:36.311,OnTrack,1921,12748,2027,pos,0 days 00:26:23.770000,0 days 01:24:39.282000
2024-07-07 14:29:36.471,OnTrack,2066,12771,2028,pos,0 days 00:26:23.930000,0 days 01:24:39.442000
2024-07-07 14:29:36.552,OnTrack,2128,12779,2029,pos,0 days 00:26:24.011000,0 days 01:24:39.523000
2024-07-07 14:29:36.931,OnTrack,2426,12814,2031,pos,0 days 00:26:24.390000,0 days 01:24:39.902000
2024-07-07 14:29:37.112,OnTrack,2568,12829,2032,pos,0 days 00:26:24.571000,0 days 01:24:40.083000
2024-07-07 14:29:37.352,OnTrack,2759,12849,2034,pos,0 days 00:26:24.811000,0 days 01:24:40.323000
2024-07-07 14:29:37.531,OnTrack,2903,12863,2035,pos,0 days 00:26:24.990000,0 days 01:24:40.502000
2024-07-07 14:29:37.652,OnTrack,2999,12872,2036,pos,0 days 00:26:25.111000,0 days 01:24:40.623000
2024-07-07 14:29:37.871,OnTrack,3176,12891,2037,pos,0 days 00:26:25.330000,0 days 01:24:40.842000
2024-07-07 14:29:38.071,OnTrack,3338,12908,2039,pos,0 days 00:26:25.530000,0 days 01:24:41.042000
2024-07-07 14:29:38.271,OnTrack,3492,12925,2040,pos,0 days 00:26:25.730000,0 days 01:24:41.242000
2024-07-07 14:29:38.591,OnTrack,3777,12957,2041,pos,0 days 00:26:26.050000,0 days 01:24:41.562000
2024-07-07 14:29:38.891,OnTrack,4006,12983,2043,pos,0 days 00:26:26.350000,0 days 01:24:41.862000
2024-07-07 14:29:39.131,OnTrack,4203,13008,2044,pos,0 days 00:26:26.590000,0 days 01:24:42.102000
2024-07-07 14:29:39.391,OnTrack,4416,13036,2045,pos,0 days 00:26:26.850000,0 days 01:24:42.362000
2024-07-07 14:29:39.572,OnTrack,4629,13064,2047,pos,0 days 00:26:27.031000,0 days 01:24:42.543000
2024-07-07 14:29:39.892,OnTrack,4825,13088,2048,pos,0 days 00:26:27.351000,0 days 01:24:42.863000
2024-07-07 14:29:40.112,OnTrack,5002,13105,2048,pos,0 days 00:26:27.571000,0 days 01:24:43.083000
2024-07-07 14:29:40.291,OnTrack,5141,13113,2049,pos,0 days 00:26:27.750000,0 days 01:24:43.262000
2024-07-07 14:29:40.652,OnTrack,5400,13102,2050,pos,0 days 00:26:28.111000,0 days 01:24:43.623000
2024-07-07 14:29:40.752,OnTrack,5470,13090,2050,pos,0 days 00:26:28.211000,0 days 01:24:43.723000
2024-07-07 14:29:40.972,OnTrack,5710,13025,2052,pos,0 days 00:26:28.431000,0 days 01:24:43.943000
2024-07-07 14:29:41.372,OnTrack,5865,12955,2053,pos,0 days 00:26:28.831000,0 days 01:24:44.343000
2024-07-07 14:29:41.691,OnTrack,6044,12843,2054,pos,0 days 00:26:29.150000,0 days 01:24:44.662000
2024-07-07 14:29:41.852,OnTrack,6128,12778,2055,pos,0 days 00:26:29.311000,0 days 01:24:44.823000
2024-07-07 14:29:42.052,OnTrack,6226,12690,2055,pos,0 days 00:26:29.511000,0 days 01:24:45.023000
2024-07-07 14:29:42.292,OnTrack,6331,12571,2056,pos,0 days 00:26:29.751000,0 days 01:24:45.263000
2024-07-07 14:29:42.511,OnTrack,6413,12445,2056,pos,0 days 00:26:29.970000,0 days 01:24:45.482000
2024-07-07 14:29:43.391,OnTrack,6648,11878,2060,pos,0 days 00:26:30.850000,0 days 01:24:46.362000
2024-07-07 14:29:43.652,OnTrack,6726,11591,2062,pos,0 days 00:26:31.111000,0 days 01:24:46.623000
2024-07-07 14:29:44.071,OnTrack,6796,11289,2065,pos,0 days 00:26:31.530000,0 days 01:24:47.042000
2024-07-07 14:29:44.591,OnTrack,6850,11008,2067,pos,0 days 00:26:32.050000,0 days 01:24:47.562000
2024-07-07 14:29:44.712,OnTrack,6865,10918,2068,pos,0 days 00:26:32.171000,0 days 01:24:47.683000
2024-07-07 14:29:44.871,OnTrack,6883,10797,2069,pos,0 days 00:26:32.330000,0 days 01:24:47.842000
2024-07-07 14:29:45.131,OnTrack,6910,10599,2070,pos,0 days 00:26:32.590000,0 days 01:24:48.102000
2024-07-07 14:29:45.411,OnTrack,6940,10321,2072,pos,0 days 00:26:32.870000,0 days 01:24:48.382000
2024-07-07 14:29:45.771,OnTrack,6966,9993,2074,pos,0 days 00:26:33.230000,0 days 01:24:48.742000
2024-07-07 14:29:46.172,OnTrack,6976,9787,2075,pos,0 days 00:26:33.631000,0 days 01:24:49.143000
2024-07-07 14:29:46.452,OnTrack,6983,9452,2075,pos,0 days 00:26:33.911000,0 days 01:24:49.423000
2024-07-07 14:29:46.732,OnTrack,6986,9340,2074,pos,0 days 00:26:34.191000,0 days 01:24:49.703000
2024-07-07 14:29:47.032,OnTrack,6996,9099,2073,pos,0 days 00:26:34.491000,0 days 01:24:50.003000
2024-07-07 14:29:47.212,OnTrack,7011,8891,2072,pos,0 days 00:26:34.671000,0 days 01:24:50.183000
2024-07-07 14:29:47.532,OnTrack,7036,8698,2071,pos,0 days 00:26:34.991000,0 days 01:24:50.503000
2024-07-07 14:29:47.852,OnTrack,7085,8441,2070,pos,0 days 00:26:35.311000,0 days 01:24:50.823000
2024-07-07 14:29:48.032,OnTrack,7140,8218,2068,pos,0 days 00:26:35.491000,0 days 01:24:51.003000
2024-07-07 14:29:48.332,OnTrack,7186,8061,2066,pos,0 days 00:26:35.791000,0 days 01:24:51.303000
2024-07-07 14:29:48.572,OnTrack,7248,7874,2064,pos,0 days 00:26:36.031000,0 days 01:24:51.543000
2024-07-07 14:29:48.892,OnTrack,7363,7580,2060,pos,0 days 00:26:36.351000,0 days 01:24:51.863000
2024-07-07 14:29:49.252,OnTrack,7469,7298,2059,pos,0 days 00:26:36.711000,0 days 01:24:52.223000
2024-07-07 14:29:49.612,OnTrack,7515,7127,2058,pos,0 days 00:26:37.071000,0 days 01:24:52.583000
2024-07-07 14:29:49.791,OnTrack,7535,7000,2058,pos,0 days 00:26:37.250000,0 days 01:24:52.762000
2024-07-07 14:29:50.091,OnTrack,7520,6690,2058,pos,0 days 00:26:37.550000,0 days 01:24:53.062000
2024-07-07 14:29:50.471,OnTrack,7473,6452,2060,pos,0 days 00:26:37.930000,0 days 01:24:53.442000
2024-07-07 14:29:50.911,OnTrack,7393,6129,2061,pos,0 days 00:26:38.370000,0 days 01:24:53.882000
2024-07-07 14:29:51.272,OnTrack,7342,5882,2063,pos,0 days 00:26:38.731000,0 days 01:24:54.243000
2024-07-07 14:29:51.611,OnTrack,7325,5755,2063,pos,0 days 00:26:39.070000,0 days 01:24:54.582000
2024-07-07 14:29:51.792,OnTrack,7318,5644,2063,pos,0 days 00:26:39.251000,0 days 01:24:54.763000
2024-07-07 14:29:52.011,OnTrack,7321,5513,2062,pos,0 days 00:26:39.470000,0 days 01:24:54.982000
2024-07-07 14:29:52.372,OnTrack,7363,5307,2061,pos,0 days 00:26:39.831000,0 days 01:24:55.343000
2024-07-07 14:29:52.551,OnTrack,7400,5207,2060,pos,0 days 00:26:40.010000,0 days 01:24:55.522000
2024-07-07 14:29:52.791,OnTrack,7462,5079,2059,pos,0 days 00:26:40.250000,0 days 01:24:55.762000
2024-07-07 14:29:52.892,OnTrack,7533,4956,2056,pos,0 days 00:26:40.351000,0 days 01:24:55.863000
2024-07-07 14:29:53.371,OnTrack,7675,4712,2053,pos,0 days 00:26:40.830000,0 days 01:24:56.342000
2024-07-07 14:29:53.732,OnTrack,7726,4603,2052,pos,0 days 00:26:41.191000,0 days 01:24:56.703000
2024-07-07 14:29:54.432,OnTrack,7780,4177,2045,pos,0 days 00:26:41.891000,0 days 01:24:57.403000
2024-07-07 14:29:54.832,OnTrack,7749,4044,2043,pos,0 days 00:26:42.291000,0 days 01:24:57.803000
2024-07-07 14:29:55.172,OnTrack,7683,3876,2040,pos,0 days 00:26:42.631000,0 days 01:24:58.143000
2024-07-07 14:29:55.372,OnTrack,7596,3726,2039,pos,0 days 00:26:42.831000,0 days 01:24:58.343000
2024-07-07 14:29:55.812,OnTrack,7483,3588,2037,pos,0 days 00:26:43.271000,0 days 01:24:58.783000
2024-07-07 14:29:55.892,OnTrack,7449,3556,2036,pos,0 days 00:26:43.351000,0 days 01:24:58.863000
2024-07-07 14:29:56.151,OnTrack,7326,3464,2034,pos,0 days 00:26:43.610000,0 days 01:24:59.122000
2024-07-07 14:29:56.391,OnTrack,7121,3350,2032,pos,0 days 00:26:43.850000,0 days 01:24:59.362000
2024-07-07 14:29:56.771,OnTrack,6993,3282,2031,pos,0 days 00:26:44.230000,0 days 01:24:59.742000
2024-07-07 14:29:56.871,OnTrack,6934,3246,2030,pos,0 days 00:26:44.330000,0 days 01:24:59.842000
2024-07-07 14:29:57.071,OnTrack,6836,3175,2029,pos,0 days 00:26:44.530000,0 days 01:25:00.042000
2024-07-07 14:29:57.451,OnTrack,6582,2925,2027,pos,0 days 00:26:44.910000,0 days 01:25:00.422000
2024-07-07 14:29:57.731,OnTrack,6523,2859,2028,pos,0 days 00:26:45.190000,0 days 01:25:00.702000
2024-07-07 14:29:57.911,OnTrack,6440,2757,2027,pos,0 days 00:26:45.370000,0 days 01:25:00.882000
2024-07-07 14:29:58.291,OnTrack,6257,2487,2026,pos,0 days 00:26:45.750000,0 days 01:25:01.262000
2024-07-07 14:29:58.692,OnTrack,6143,2286,2026,pos,0 days 00:26:46.151000,0 days 01:25:01.663000
2024-07-07 14:29:58.751,OnTrack,6123,2247,2025,pos,0 days 00:26:46.210000,0 days 01:25:01.722000
2024-07-07 14:29:58.932,OnTrack,6063,2130,2025,pos,0 days 00:26:46.391000,0 days 01:25:01.903000
2024-07-07 14:29:59.152,OnTrack,5991,1985,2025,pos,0 days 00:26:46.611000,0 days 01:25:02.123000
2024-07-07 14:29:59.351,OnTrack,5925,1851,2024,pos,0 days 00:26:46.810000,0 days 01:25:02.322000
2024-07-07 14:29:59.591,OnTrack,5846,1689,2024,pos,0 days 00:26:47.050000,0 days 01:25:02.562000
2024-07-07 14:29:59.952,OnTrack,5728,1443,2022,pos,0 days 00:26:47.411000,0 days 01:25:02.923000
2024-07-07 14:30:00.112,OnTrack,5675,1332,2021,pos,0 days 00:26:47.571000,0 days 01:25:03.083000
2024-07-07 14:30:00.272,OnTrack,5582,1137,2020,pos,0 days 00:26:47.731000,0 days 01:25:03.243000
2024-07-07 14:30:00.652,OnTrack,5494,954,2019,pos,0 days 00:26:48.111000,0 days 01:25:03.623000
2024-07-07 14:30:00.812,OnTrack,5441,841,2019,pos,0 days 00:26:48.271000,0 days 01:25:03.783000
2024-07-07 14:30:01.092,OnTrack,5345,642,2017,pos,0 days 00:26:48.551000,0 days 01:25:04.063000
2024-07-07 14:30:01.332,OnTrack,5263,472,2016,pos,0 days 00:26:48.791000,0 days 01:25:04.303000
2024-07-07 14:30:01.571,OnTrack,5159,257,2014,pos,0 days 00:26:49.030000,0 days 01:25:04.542000
2024-07-07 14:30:01.852,OnTrack,5082,99,2013,pos,0 days 00:26:49.311000,0 days 01:25:04.823000
2024-07-07 14:30:02.132,OnTrack,4985,-102,2011,pos,0 days 00:26:49.591000,0 days 01:25:05.103000
2024-07-07 14:30:02.312,OnTrack,4922,-233,2010,pos,0 days 00:26:49.771000,0 days 01:25:05.283000
2024-07-07 14:30:02.492,OnTrack,4859,-364,2009,pos,0 days 00:26:49.951000,0 days 01:25:05.463000
2024-07-07 14:30:02.711,OnTrack,4782,-524,2009,pos,0 days 00:26:50.170000,0 days 01:25:05.682000
2024-07-07 14:30:02.931,OnTrack,4705,-684,2008,pos,0 days 00:26:50.390000,0 days 01:25:05.902000
2024-07-07 14:30:03.212,OnTrack,4579,-944,2006,pos,0 days 00:26:50.671000,0 days 01:25:06.183000
2024-07-07 14:30:03.591,OnTrack,4458,-1193,2004,pos,0 days 00:26:51.050000,0 days 01:25:06.562000
2024-07-07 14:30:03.891,OnTrack,4365,-1384,2002,pos,0 days 00:26:51.350000,0 days 01:25:06.862000
2024-07-07 14:30:04.052,OnTrack,4306,-1502,2000,pos,0 days 00:26:51.511000,0 days 01:25:07.023000
2024-07-07 14:30:04.391,OnTrack,4182,-1752,1997,pos,0 days 00:26:51.850000,0 days 01:25:07.362000
2024-07-07 14:30:04.612,OnTrack,4048,-2019,1994,pos,0 days 00:26:52.071000,0 days 01:25:07.583000
2024-07-07 14:30:04.872,OnTrack,4003,-2107,1994,pos,0 days 00:26:52.331000,0 days 01:25:07.843000
2024-07-07 14:30:05.271,OnTrack,3799,-2501,1994,pos,0 days 00:26:52.730000,0 days 01:25:08.242000
2024-07-07 14:30:05.611,OnTrack,3675,-2735,1996,pos,0 days 00:26:53.070000,0 days 01:25:08.582000
2024-07-07 14:30:06.012,OnTrack,3564,-2938,1999,pos,0 days 00:26:53.471000,0 days 01:25:08.983000
2024-07-07 14:30:06.212,OnTrack,3484,-3081,2002,pos,0 days 00:26:53.671000,0 days 01:25:09.183000
2024-07-07 14:30:06.492,OnTrack,3368,-3277,2006,pos,0 days 00:26:53.951000,0 days 01:25:09.463000
2024-07-07 14:30:06.711,OnTrack,3258,-3449,2011,pos,0 days 00:26:54.170000,0 days 01:25:09.682000
2024-07-07 14:30:07.092,OnTrack,3112,-3641,2015,pos,0 days 00:26:54.551000,0 days 01:25:10.063000
2024-07-07 14:30:07.312,OnTrack,2969,-3798,2018,pos,0 days 00:26:54.771000,0 days 01:25:10.283000
2024-07-07 14:30:07.632,OnTrack,2883,-3874,2021,pos,0 days 00:26:55.091000,0 days 01:25:10.603000
2024-07-07 14:30:07.892,OnTrack,2764,-3957,2023,pos,0 days 00:26:55.351000,0 days 01:25:10.863000
2024-07-07 14:30:08.071,OnTrack,2678,-4004,2025,pos,0 days 00:26:55.530000,0 days 01:25:11.042000
2024-07-07 14:30:08.351,OnTrack,2473,-4085,2028,pos,0 days 00:26:55.810000,0 days 01:25:11.322000
2024-07-07 14:30:08.732,OnTrack,2352,-4109,2030,pos,0 days 00:26:56.191000,0 days 01:25:11.703000
2024-07-07 14:30:08.911,OnTrack,2187,-4114,2032,pos,0 days 00:26:56.370000,0 days 01:25:11.882000
2024-07-07 14:30:09.271,OnTrack,2075,-4100,2032,pos,0 days 00:26:56.730000,0 days 01:25:12.242000
2024-07-07 14:30:09.451,OnTrack,1985,-4078,2033,pos,0 days 00:26:56.910000,0 days 01:25:12.422000
2024-07-07 14:30:09.772,OnTrack,1800,-4004,2033,pos,0 days 00:26:57.231000,0 days 01:25:12.743000
2024-07-07 14:30:10.071,OnTrack,1699,-3944,2033,pos,0 days 00:26:57.530000,0 days 01:25:13.042000
2024-07-07 14:30:10.292,OnTrack,1608,-3875,2032,pos,0 days 00:26:57.751000,0 days 01:25:13.263000
2024-07-07 14:30:10.612,OnTrack,1486,-3758,2031,pos,0 days 00:26:58.071000,0 days 01:25:13.583000
2024-07-07 14:30:10.811,OnTrack,1368,-3614,2029,pos,0 days 00:26:58.270000,0 days 01:25:13.782000
2024-07-07 14:30:11.191,OnTrack,1292,-3501,2027,pos,0 days 00:26:58.650000,0 days 01:25:14.162000
2024-07-07 14:30:11.472,OnTrack,1201,-3339,2023,pos,0 days 00:26:58.931000,0 days 01:25:14.443000
2024-07-07 14:30:11.771,OnTrack,1128,-3201,2018,pos,0 days 00:26:59.230000,0 days 01:25:14.742000
2024-07-07 14:30:11.992,OnTrack,1064,-3082,2014,pos,0 days 00:26:59.451000,0 days 01:25:14.963000
2024-07-07 14:30:12.292,OnTrack,926,-2854,2003,pos,0 days 00:26:59.751000,0 days 01:25:15.263000
2024-07-07 14:30:12.611,OnTrack,856,-2751,1998,pos,0 days 00:27:00.070000,0 days 01:25:15.582000
2024-07-07 14:30:12.911,OnTrack,738,-2588,1991,pos,0 days 00:27:00.370000,0 days 01:25:15.882000
2024-07-07 14:30:13.052,OnTrack,677,-2506,1988,pos,0 days 00:27:00.511000,0 days 01:25:16.023000
2024-07-07 14:30:13.312,OnTrack,570,-2362,1985,pos,0 days 00:27:00.771000,0 days 01:25:16.283000
2024-07-07 14:30:13.511,OnTrack,446,-2194,1984,pos,0 days 00:27:00.970000,0 days 01:25:16.482000
2024-07-07 14:30:13.852,OnTrack,344,-2059,1985,pos,0 days 00:27:01.311000,0 days 01:25:16.823000
2024-07-07 14:30:14.051,OnTrack,257,-1948,1986,pos,0 days 00:27:01.510000,0 days 01:25:17.022000
2024-07-07 14:30:14.372,OnTrack,87,-1741,1987,pos,0 days 00:27:01.831000,0 days 01:25:17.343000
2024-07-07 14:30:14.712,OnTrack,-92,-1536,1985,pos,0 days 00:27:02.171000,0 days 01:25:17.683000
2024-07-07 14:30:15.092,OnTrack,-173,-1445,1984,pos,0 days 00:27:02.551000,0 days 01:25:18.063000
2024-07-07 14:30:15.352,OnTrack,-262,-1345,1983,pos,0 days 00:27:02.811000,0 days 01:25:18.323000
2024-07-07 14:30:15.572,OnTrack,-327,-1271,1981,pos,0 days 00:27:03.031000,0 days 01:25:18.543000
2024-07-07 14:30:15.851,OnTrack,-411,-1178,1979,pos,0 days 00:27:03.310000,0 days 01:25:18.822000
2024-07-07 14:30:16.151,OnTrack,-527,-1063,1977,pos,0 days 00:27:03.610000,0 days 01:25:19.122000
2024-07-07 14:30:16.611,OnTrack,-610,-1000,1976,pos,0 days 00:27:04.070000,0 days 01:25:19.582000
2024-07-07 14:30:16.771,OnTrack,-653,-975,1976,pos,0 days 00:27:04.230000,0 days 01:25:19.742000
2024-07-07 14:30:17.051,OnTrack,-730,-940,1975,pos,0 days 00:27:04.510000,0 days 01:25:20.022000
2024-07-07 14:30:17.211,OnTrack,-811,-918,1976,pos,0 days 00:27:04.670000,0 days 01:25:20.182000
2024-07-07 14:30:17.611,OnTrack,-882,-913,1976,pos,0 days 00:27:05.070000,0 days 01:25:20.582000
2024-07-07 14:30:17.771,OnTrack,-930,-913,1976,pos,0 days 00:27:05.230000,0 days 01:25:20.742000
2024-07-07 14:30:18.011,OnTrack,-992,-922,1977,pos,0 days 00:27:05.470000,0 days 01:25:20.982000
2024-07-07 14:30:18.232,OnTrack,-1048,-941,1978,pos,0 days 00:27:05.691000,0 days 01:25:21.203000
2024-07-07 14:30:18.411,OnTrack,-1091,-963,1978,pos,0 days 00:27:05.870000,0 days 01:25:21.382000
2024-07-07 14:30:18.631,OnTrack,-1140,-995,1979,pos,0 days 00:27:06.090000,0 days 01:25:21.602000
2024-07-07 14:30:18.812,OnTrack,-1178,-1024,1980,pos,0 days 00:27:06.271000,0 days 01:25:21.783000
2024-07-07 14:30:19.132,OnTrack,-1246,-1077,1981,pos,0 days 00:27:06.591000,0 days 01:25:22.103000
2024-07-07 14:30:19.171,OnTrack,-1255,-1083,1981,pos,0 days 00:27:06.630000,0 days 01:25:22.142000
2024-07-07 14:30:19.451,OnTrack,-1320,-1126,1981,pos,0 days 00:27:06.910000,0 days 01:25:22.422000
2024-07-07 14:30:19.672,OnTrack,-1375,-1151,1981,pos,0 days 00:27:07.131000,0 days 01:25:22.643000
2024-07-07 14:30:19.972,OnTrack,-1454,-1170,1981,pos,0 days 00:27:07.431000,0 days 01:25:22.943000
2024-07-07 14:30:20.031,OnTrack,-1471,-1172,1981,pos,0 days 00:27:07.490000,0 days 01:25:23.002000
2024-07-07 14:30:20.291,OnTrack,-1577,-1160,1980,pos,0 days 00:27:07.750000,0 days 01:25:23.262000
2024-07-07 14:30:20.812,OnTrack,-1696,-1122,1978,pos,0 days 00:27:08.271000,0 days 01:25:23.783000
2024-07-07 14:30:21.112,OnTrack,-1764,-1091,1978,pos,0 days 00:27:08.571000,0 days 01:25:24.083000
2024-07-07 14:30:21.252,OnTrack,-1800,-1070,1978,pos,0 days 00:27:08.711000,0 days 01:25:24.223000
2024-07-07 14:30:21.592,OnTrack,-1885,-1007,1977,pos,0 days 00:27:09.051000,0 days 01:25:24.563000
2024-07-07 14:30:21.752,OnTrack,-1950,-941,1976,pos,0 days 00:27:09.211000,0 days 01:25:24.723000
2024-07-07 14:30:22.152,OnTrack,-2013,-865,1975,pos,0 days 00:27:09.611000,0 days 01:25:25.123000
2024-07-07 14:30:22.351,OnTrack,-2056,-811,1975,pos,0 days 00:27:09.810000,0 days 01:25:25.322000
2024-07-07 14:30:22.651,OnTrack,-2138,-697,1974,pos,0 days 00:27:10.110000,0 days 01:25:25.622000
2024-07-07 14:30:23.092,OnTrack,-2216,-538,1974,pos,0 days 00:27:10.551000,0 days 01:25:26.063000
2024-07-07 14:30:23.151,OnTrack,-2226,-514,1974,pos,0 days 00:27:10.610000,0 days 01:25:26.122000
2024-07-07 14:30:23.471,OnTrack,-2283,-322,1971,pos,0 days 00:27:10.930000,0 days 01:25:26.442000
2024-07-07 14:30:23.771,OnTrack,-2296,-251,1970,pos,0 days 00:27:11.230000,0 days 01:25:26.742000
2024-07-07 14:30:23.991,OnTrack,-2308,-151,1969,pos,0 days 00:27:11.450000,0 days 01:25:26.962000
2024-07-07 14:30:24.311,OnTrack,-2313,23,1967,pos,0 days 00:27:11.770000,0 days 01:25:27.282000
2024-07-07 14:30:24.611,OnTrack,-2304,136,1966,pos,0 days 00:27:12.070000,0 days 01:25:27.582000
2024-07-07 14:30:24.951,OnTrack,-2278,297,1965,pos,0 days 00:27:12.410000,0 days 01:25:27.922000
2024-07-07 14:30:25.111,OnTrack,-2258,372,1964,pos,0 days 00:27:12.570000,0 days 01:25:28.082000
2024-07-07 14:30:25.332,OnTrack,-2223,476,1963,pos,0 days 00:27:12.791000,0 days 01:25:28.303000
2024-07-07 14:30:25.572,OnTrack,-2171,589,1962,pos,0 days 00:27:13.031000,0 days 01:25:28.543000
2024-07-07 14:30:25.771,OnTrack,-2121,683,1962,pos,0 days 00:27:13.230000,0 days 01:25:28.742000
2024-07-07 14:30:25.971,OnTrack,-2033,826,1962,pos,0 days 00:27:13.430000,0 days 01:25:28.942000
2024-07-07 14:30:26.412,OnTrack,-1886,1033,1963,pos,0 days 00:27:13.871000,0 days 01:25:29.383000
2024-07-07 14:30:26.732,OnTrack,-1809,1138,1963,pos,0 days 00:27:14.191000,0 days 01:25:29.703000
2024-07-07 14:30:26.912,OnTrack,-1743,1228,1963,pos,0 days 00:27:14.371000,0 days 01:25:29.883000
2024-07-07 14:30:27.131,OnTrack,-1658,1338,1964,pos,0 days 00:27:14.590000,0 days 01:25:30.102000
2024-07-07 14:30:27.472,OnTrack,-1521,1511,1965,pos,0 days 00:27:14.931000,0 days 01:25:30.443000
2024-07-07 14:30:27.651,OnTrack,-1413,1647,1966,pos,0 days 00:27:15.110000,0 days 01:25:30.622000
2024-07-07 14:30:27.951,OnTrack,-1324,1766,1968,pos,0 days 00:27:15.410000,0 days 01:25:30.922000
2024-07-07 14:30:28.132,OnTrack,-1250,1867,1969,pos,0 days 00:27:15.591000,0 days 01:25:31.103000
2024-07-07 14:30:28.412,OnTrack,-1134,2026,1971,pos,0 days 00:27:15.871000,0 days 01:25:31.383000
2024-07-07 14:30:28.592,OnTrack,-1059,2129,1973,pos,0 days 00:27:16.051000,0 days 01:25:31.563000
2024-07-07 14:30:28.752,OnTrack,-992,2221,1974,pos,0 days 00:27:16.211000,0 days 01:25:31.723000
2024-07-07 14:30:29.091,OnTrack,-786,2504,1979,pos,0 days 00:27:16.550000,0 days 01:25:32.062000
2024-07-07 14:30:29.371,OnTrack,-726,2588,1980,pos,0 days 00:27:16.830000,0 days 01:25:32.342000
2024-07-07 14:30:29.731,OnTrack,-536,2858,1985,pos,0 days 00:27:17.190000,0 days 01:25:32.702000
2024-07-07 14:30:30.131,OnTrack,-400,3060,1988,pos,0 days 00:27:17.590000,0 days 01:25:33.102000
2024-07-07 14:30:30.231,OnTrack,-358,3124,1989,pos,0 days 00:27:17.690000,0 days 01:25:33.202000
2024-07-07 14:30:30.492,OnTrack,-203,3356,1993,pos,0 days 00:27:17.951000,0 days 01:25:33.463000
2024-07-07 14:30:30.951,OnTrack,-42,3584,1996,pos,0 days 00:27:18.410000,0 days 01:25:33.922000
2024-07-07 14:30:31.111,OnTrack,28,3679,1998,pos,0 days 00:27:18.570000,0 days 01:25:34.082000
2024-07-07 14:30:31.351,OnTrack,132,3813,2001,pos,0 days 00:27:18.810000,0 days 01:25:34.322000
2024-07-07 14:30:31.532,OnTrack,239,3943,2005,pos,0 days 00:27:18.991000,0 days 01:25:34.503000
2024-07-07 14:30:31.971,OnTrack,390,4105,2009,pos,0 days 00:27:19.430000,0 days 01:25:34.942000
2024-07-07 14:30:32.132,OnTrack,458,4170,2010,pos,0 days 00:27:19.591000,0 days 01:25:35.103000
2024-07-07 14:30:32.311,OnTrack,538,4238,2011,pos,0 days 00:27:19.770000,0 days 01:25:35.282000
2024-07-07 14:30:32.551,OnTrack,679,4335,2012,pos,0 days 00:27:20.010000,0 days 01:25:35.522000
2024-07-07 14:30:32.992,OnTrack,942,4451,2014,pos,0 days 00:27:20.451000,0 days 01:25:35.963000
2024-07-07 14:30:33.312,OnTrack,1037,4476,2015,pos,0 days 00:27:20.771000,0 days 01:25:36.283000
2024-07-07 14:30:33.532,OnTrack,1153,4498,2016,pos,0 days 00:27:20.991000,0 days 01:25:36.503000
2024-07-07 14:30:33.692,OnTrack,1238,4509,2016,pos,0 days 00:27:21.151000,0 days 01:25:36.663000
2024-07-07 14:30:34.032,OnTrack,1422,4519,2018,pos,0 days 00:27:21.491000,0 days 01:25:37.003000
2024-07-07 14:30:34.231,OnTrack,1599,4517,2020,pos,0 days 00:27:21.690000,0 days 01:25:37.202000
2024-07-07 14:30:34.532,OnTrack,1781,4503,2023,pos,0 days 00:27:21.991000,0 days 01:25:37.503000
2024-07-07 14:30:35.052,OnTrack,2093,4462,2026,pos,0 days 00:27:22.511000,0 days 01:25:38.023000
2024-07-07 14:30:35.332,OnTrack,2180,4452,2027,pos,0 days 00:27:22.791000,0 days 01:25:38.303000
2024-07-07 14:30:35.571,OnTrack,2325,4442,2028,pos,0 days 00:27:23.030000,0 days 01:25:38.542000
2024-07-07 14:30:35.771,OnTrack,2462,4439,2030,pos,0 days 00:27:23.230000,0 days 01:25:38.742000
2024-07-07 14:30:36.111,OnTrack,2680,4450,2033,pos,0 days 00:27:23.570000,0 days 01:25:39.082000
2024-07-07 14:30:36.331,OnTrack,2816,4471,2035,pos,0 days 00:27:23.790000,0 days 01:25:39.302000
2024-07-07 14:30:36.511,OnTrack,2927,4498,2037,pos,0 days 00:27:23.970000,0 days 01:25:39.482000
2024-07-07 14:30:36.732,OnTrack,3123,4566,2040,pos,0 days 00:27:24.191000,0 days 01:25:39.703000
2024-07-07 14:30:36.992,OnTrack,3200,4600,2041,pos,0 days 00:27:24.451000,0 days 01:25:39.963000
2024-07-07 14:30:37.232,OnTrack,3329,4670,2043,pos,0 days 00:27:24.691000,0 days 01:25:40.203000
2024-07-07 14:30:37.431,OnTrack,3431,4737,2045,pos,0 days 00:27:24.890000,0 days 01:25:40.402000
2024-07-07 14:30:37.631,OnTrack,3531,4810,2047,pos,0 days 00:27:25.090000,0 days 01:25:40.602000
2024-07-07 14:30:38.011,OnTrack,3740,4995,2049,pos,0 days 00:27:25.470000,0 days 01:25:40.982000
2024-07-07 14:30:38.251,OnTrack,3822,5078,2049,pos,0 days 00:27:25.710000,0 days 01:25:41.222000
2024-07-07 14:30:38.531,OnTrack,3999,5254,2050,pos,0 days 00:27:25.990000,0 days 01:25:41.502000
2024-07-07 14:30:39.031,OnTrack,4221,5464,2052,pos,0 days 00:27:26.490000,0 days 01:25:42.002000
2024-07-07 14:30:39.412,OnTrack,4331,5562,2053,pos,0 days 00:27:26.871000,0 days 01:25:42.383000
2024-07-07 14:30:39.671,OnTrack,4425,5643,2054,pos,0 days 00:27:27.130000,0 days 01:25:42.642000
2024-07-07 14:30:39.852,OnTrack,4519,5721,2054,pos,0 days 00:27:27.311000,0 days 01:25:42.823000
2024-07-07 14:30:40.092,OnTrack,4564,5757,2055,pos,0 days 00:27:27.551000,0 days 01:25:43.063000
2024-07-07 14:30:40.312,OnTrack,4630,5806,2055,pos,0 days 00:27:27.771000,0 days 01:25:43.283000
2024-07-07 14:30:40.632,OnTrack,4727,5862,2054,pos,0 days 00:27:28.091000,0 days 01:25:43.603000
2024-07-07 14:30:40.832,OnTrack,4789,5884,2054,pos,0 days 00:27:28.291000,0 days 01:25:43.803000
2024-07-07 14:30:41.072,OnTrack,4898,5900,2054,pos,0 days 00:27:28.531000,0 days 01:25:44.043000
2024-07-07 14:30:41.512,OnTrack,5005,5892,2053,pos,0 days 00:27:28.971000,0 days 01:25:44.483000
2024-07-07 14:30:41.692,OnTrack,5058,5879,2054,pos,0 days 00:27:29.151000,0 days 01:25:44.663000
2024-07-07 14:30:41.851,OnTrack,5103,5862,2054,pos,0 days 00:27:29.310000,0 days 01:25:44.822000
2024-07-07 14:30:42.171,OnTrack,5182,5814,2056,pos,0 days 00:27:29.630000,0 days 01:25:45.142000
2024-07-07 14:30:42.331,OnTrack,5221,5781,2057,pos,0 days 00:27:29.790000,0 days 01:25:45.302000
2024-07-07 14:30:42.431,OnTrack,5242,5760,2057,pos,0 days 00:27:29.890000,0 days 01:25:45.402000
2024-07-07 14:30:42.631,OnTrack,5280,5714,2058,pos,0 days 00:27:30.090000,0 days 01:25:45.602000
2024-07-07 14:30:42.911,OnTrack,5336,5602,2059,pos,0 days 00:27:30.370000,0 days 01:25:45.882000
2024-07-07 14:30:43.232,OnTrack,5356,5539,2059,pos,0 days 00:27:30.691000,0 days 01:25:46.203000
2024-07-07 14:30:43.552,OnTrack,5378,5429,2060,pos,0 days 00:27:31.011000,0 days 01:25:46.523000
2024-07-07 14:30:43.751,OnTrack,5390,5310,2062,pos,0 days 00:27:31.210000,0 days 01:25:46.722000
2024-07-07 14:30:44.131,OnTrack,5399,5210,2064,pos,0 days 00:27:31.590000,0 days 01:25:47.102000
2024-07-07 14:30:44.431,OnTrack,5419,5096,2065,pos,0 days 00:27:31.890000,0 days 01:25:47.402000
2024-07-07 14:30:44.511,OnTrack,5427,5068,2066,pos,0 days 00:27:31.970000,0 days 01:25:47.482000
2024-07-07 14:30:44.731,OnTrack,5453,4998,2066,pos,0 days 00:27:32.190000,0 days 01:25:47.702000
2024-07-07 14:30:44.952,OnTrack,5487,4936,2066,pos,0 days 00:27:32.411000,0 days 01:25:47.923000
2024-07-07 14:30:45.271,OnTrack,5547,4859,2066,pos,0 days 00:27:32.730000,0 days 01:25:48.242000
2024-07-07 14:30:45.452,OnTrack,5584,4822,2065,pos,0 days 00:27:32.911000,0 days 01:25:48.423000
2024-07-07 14:30:45.611,OnTrack,5619,4794,2064,pos,0 days 00:27:33.070000,0 days 01:25:48.582000
2024-07-07 14:30:45.871,OnTrack,5711,4741,2065,pos,0 days 00:27:33.330000,0 days 01:25:48.842000
2024-07-07 14:30:46.292,OnTrack,5779,4729,2065,pos,0 days 00:27:33.751000,0 days 01:25:49.263000
2024-07-07 14:30:46.471,OnTrack,5820,4735,2064,pos,0 days 00:27:33.930000,0 days 01:25:49.442000
2024-07-07 14:30:46.691,OnTrack,5873,4759,2063,pos,0 days 00:27:34.150000,0 days 01:25:49.662000
2024-07-07 14:30:46.872,OnTrack,5911,4785,2063,pos,0 days 00:27:34.331000,0 days 01:25:49.843000
2024-07-07 14:30:47.092,OnTrack,5953,4822,2064,pos,0 days 00:27:34.551000,0 days 01:25:50.063000
2024-07-07 14:30:47.332,OnTrack,5995,4867,2064,pos,0 days 00:27:34.791000,0 days 01:25:50.303000
2024-07-07 14:30:47.551,OnTrack,6031,4911,2065,pos,0 days 00:27:35.010000,0 days 01:25:50.522000
2024-07-07 14:30:47.732,OnTrack,6076,4976,2065,pos,0 days 00:27:35.191000,0 days 01:25:50.703000
2024-07-07 14:30:48.052,OnTrack,6105,5024,2065,pos,0 days 00:27:35.511000,0 days 01:25:51.023000
2024-07-07 14:30:48.292,OnTrack,6155,5124,2065,pos,0 days 00:27:35.751000,0 days 01:25:51.263000
2024-07-07 14:30:48.771,OnTrack,6196,5225,2065,pos,0 days 00:27:36.230000,0 days 01:25:51.742000
2024-07-07 14:30:48.932,OnTrack,6223,5304,2065,pos,0 days 00:27:36.391000,0 days 01:25:51.903000
2024-07-07 14:30:49.212,OnTrack,6245,5377,2065,pos,0 days 00:27:36.671000,0 days 01:25:52.183000
2024-07-07 14:30:49.531,OnTrack,6278,5504,2065,pos,0 days 00:27:36.990000,0 days 01:25:52.502000
2024-07-07 14:30:49.792,OnTrack,6307,5645,2065,pos,0 days 00:27:37.251000,0 days 01:25:52.763000
2024-07-07 14:30:50.091,OnTrack,6325,5770,2065,pos,0 days 00:27:37.550000,0 days 01:25:53.062000
2024-07-07 14:30:50.411,OnTrack,6332,5939,2064,pos,0 days 00:27:37.870000,0 days 01:25:53.382000
2024-07-07 14:30:50.652,OnTrack,6324,6074,2064,pos,0 days 00:27:38.111000,0 days 01:25:53.623000
2024-07-07 14:30:51.051,OnTrack,6288,6290,2063,pos,0 days 00:27:38.510000,0 days 01:25:54.022000
2024-07-07 14:30:51.212,OnTrack,6264,6379,2063,pos,0 days 00:27:38.671000,0 days 01:25:54.183000
2024-07-07 14:30:51.432,OnTrack,6220,6500,2062,pos,0 days 00:27:38.891000,0 days 01:25:54.403000
2024-07-07 14:30:51.531,OnTrack,6196,6554,2062,pos,0 days 00:27:38.990000,0 days 01:25:54.502000
2024-07-07 14:30:51.811,OnTrack,6118,6703,2063,pos,0 days 00:27:39.270000,0 days 01:25:54.782000
2024-07-07 14:30:52.032,OnTrack,6046,6815,2063,pos,0 days 00:27:39.491000,0 days 01:25:55.003000
2024-07-07 14:30:52.232,OnTrack,5972,6914,2064,pos,0 days 00:27:39.691000,0 days 01:25:55.203000
2024-07-07 14:30:52.451,OnTrack,5882,7017,2064,pos,0 days 00:27:39.910000,0 days 01:25:55.422000
2024-07-07 14:30:52.651,OnTrack,5724,7165,2064,pos,0 days 00:27:40.110000,0 days 01:25:55.622000
2024-07-07 14:30:53.092,OnTrack,5571,7291,2064,pos,0 days 00:27:40.551000,0 days 01:25:56.063000
2024-07-07 14:30:53.211,OnTrack,5508,7340,2064,pos,0 days 00:27:40.670000,0 days 01:25:56.182000
2024-07-07 14:30:53.472,OnTrack,5324,7480,2064,pos,0 days 00:27:40.931000,0 days 01:25:56.443000
2024-07-07 14:30:53.752,OnTrack,5216,7565,2064,pos,0 days 00:27:41.211000,0 days 01:25:56.723000
2024-07-07 14:30:53.952,OnTrack,5108,7653,2064,pos,0 days 00:27:41.411000,0 days 01:25:56.923000
2024-07-07 14:30:54.332,OnTrack,4859,7862,2064,pos,0 days 00:27:41.791000,0 days 01:25:57.303000
2024-07-07 14:30:54.631,OnTrack,4750,7956,2064,pos,0 days 00:27:42.090000,0 days 01:25:57.602000
2024-07-07 14:30:54.832,OnTrack,4639,8051,2065,pos,0 days 00:27:42.291000,0 days 01:25:57.803000
2024-07-07 14:30:55.112,OnTrack,4404,8252,2064,pos,0 days 00:27:42.571000,0 days 01:25:58.083000
2024-07-07 14:30:55.431,OnTrack,4303,8339,2064,pos,0 days 00:27:42.890000,0 days 01:25:58.402000
2024-07-07 14:30:55.711,OnTrack,4074,8535,2064,pos,0 days 00:27:43.170000,0 days 01:25:58.682000
2024-07-07 14:30:56.111,OnTrack,3912,8675,2063,pos,0 days 00:27:43.570000,0 days 01:25:59.082000
2024-07-07 14:30:56.371,OnTrack,3768,8801,2063,pos,0 days 00:27:43.830000,0 days 01:25:59.342000
2024-07-07 14:30:56.531,OnTrack,3669,8888,2064,pos,0 days 00:27:43.990000,0 days 01:25:59.502000
2024-07-07 14:30:56.691,OnTrack,3577,8969,2063,pos,0 days 00:27:44.150000,0 days 01:25:59.662000
2024-07-07 14:30:57.011,OnTrack,3389,9133,2063,pos,0 days 00:27:44.470000,0 days 01:25:59.982000
2024-07-07 14:30:57.211,OnTrack,3213,9289,2064,pos,0 days 00:27:44.670000,0 days 01:26:00.182000
2024-07-07 14:30:57.511,OnTrack,3094,9392,2063,pos,0 days 00:27:44.970000,0 days 01:26:00.482000
2024-07-07 14:30:57.791,OnTrack,2845,9610,2061,pos,0 days 00:27:45.250000,0 days 01:26:00.762000
2024-07-07 14:30:58.292,OnTrack,2606,9817,2059,pos,0 days 00:27:45.751000,0 days 01:26:01.263000
2024-07-07 14:30:58.631,OnTrack,2434,9968,2056,pos,0 days 00:27:46.090000,0 days 01:26:01.602000
2024-07-07 14:30:58.911,OnTrack,2192,10183,2053,pos,0 days 00:27:46.370000,0 days 01:26:01.882000
2024-07-07 14:30:59.231,OnTrack,2074,10289,2051,pos,0 days 00:27:46.690000,0 days 01:26:02.202000
2024-07-07 14:30:59.432,OnTrack,1959,10392,2049,pos,0 days 00:27:46.891000,0 days 01:26:02.403000
2024-07-07 14:30:59.592,OnTrack,1867,10474,2048,pos,0 days 00:27:47.051000,0 days 01:26:02.563000
2024-07-07 14:30:59.952,OnTrack,1664,10643,2045,pos,0 days 00:27:47.411000,0 days 01:26:02.923000
2024-07-07 14:31:00.152,OnTrack,1497,10762,2042,pos,0 days 00:27:47.611000,0 days 01:26:03.123000
2024-07-07 14:31:00.472,OnTrack,1408,10813,2040,pos,0 days 00:27:47.931000,0 days 01:26:03.443000
2024-07-07 14:31:00.732,OnTrack,1250,10886,2038,pos,0 days 00:27:48.191000,0 days 01:26:03.703000
2024-07-07 14:31:01.112,OnTrack,1114,10928,2036,pos,0 days 00:27:48.571000,0 days 01:26:04.083000
2024-07-07 14:31:01.392,OnTrack,993,10946,2035,pos,0 days 00:27:48.851000,0 days 01:26:04.363000
2024-07-07 14:31:01.612,OnTrack,895,10948,2035,pos,0 days 00:27:49.071000,0 days 01:26:04.583000
2024-07-07 14:31:01.792,OnTrack,818,10947,2034,pos,0 days 00:27:49.251000,0 days 01:26:04.763000
2024-07-07 14:31:01.951,OnTrack,706,10935,2033,pos,0 days 00:27:49.410000,0 days 01:26:04.922000
2024-07-07 14:31:02.351,OnTrack,561,10885,2032,pos,0 days 00:27:49.810000,0 days 01:26:05.322000
2024-07-07 14:31:02.771,OnTrack,451,10820,2032,pos,0 days 00:27:50.230000,0 days 01:26:05.742000
2024-07-07 14:31:03.031,OnTrack,379,10751,2032,pos,0 days 00:27:50.490000,0 days 01:26:06.002000
2024-07-07 14:31:03.211,OnTrack,336,10692,2032,pos,0 days 00:27:50.670000,0 days 01:26:06.182000
2024-07-07 14:31:03.451,OnTrack,269,10572,2033,pos,0 days 00:27:50.910000,0 days 01:26:06.422000
2024-07-07 14:31:03.692,OnTrack,246,10521,2033,pos,0 days 00:27:51.151000,0 days 01:26:06.663000
2024-07-07 14:31:03.972,OnTrack,212,10415,2033,pos,0 days 00:27:51.431000,0 days 01:26:06.943000
2024-07-07 14:31:04.192,OnTrack,199,10323,2033,pos,0 days 00:27:51.651000,0 days 01:26:07.163000
2024-07-07 14:31:04.452,OnTrack,189,10173,2034,pos,0 days 00:27:51.911000,0 days 01:26:07.423000
2024-07-07 14:31:04.891,OnTrack,180,10009,2035,pos,0 days 00:27:52.350000,0 days 01:26:07.862000
2024-07-07 14:31:04.931,OnTrack,178,9990,2035,pos,0 days 00:27:52.390000,0 days 01:26:07.902000
2024-07-07 14:31:05.312,OnTrack,150,9825,2036,pos,0 days 00:27:52.771000,0 days 01:26:08.283000
2024-07-07 14:31:05.652,OnTrack,102,9715,2038,pos,0 days 00:27:53.111000,0 days 01:26:08.623000
2024-07-07 14:31:05.872,OnTrack,57,9647,2039,pos,0 days 00:27:53.331000,0 days 01:26:08.843000
2024-07-07 14:31:06.031,OnTrack,-17,9569,2039,pos,0 days 00:27:53.490000,0 days 01:26:09.002000
2024-07-07 14:31:06.452,OnTrack,-95,9511,2040,pos,0 days 00:27:53.911000,0 days 01:26:09.423000
2024-07-07 14:31:06.772,OnTrack,-192,9464,2040,pos,0 days 00:27:54.231000,0 days 01:26:09.743000
2024-07-07 14:31:06.871,OnTrack,-223,9455,2041,pos,0 days 00:27:54.330000,0 days 01:26:09.842000
2024-07-07 14:31:07.971,OnTrack,-559,9531,2038,pos,0 days 00:27:55.430000,0 days 01:26:10.942000
2024-07-07 14:31:08.152,OnTrack,-603,9573,2037,pos,0 days 00:27:55.611000,0 days 01:26:11.123000
2024-07-07 14:31:08.372,OnTrack,-651,9631,2036,pos,0 days 00:27:55.831000,0 days 01:26:11.343000
2024-07-07 14:31:08.571,OnTrack,-707,9728,2035,pos,0 days 00:27:56.030000,0 days 01:26:11.542000
2024-07-07 14:31:08.991,OnTrack,-745,9830,2033,pos,0 days 00:27:56.450000,0 days 01:26:11.962000
2024-07-07 14:31:09.171,OnTrack,-769,9941,2032,pos,0 days 00:27:56.630000,0 days 01:26:12.142000
2024-07-07 14:31:09.531,OnTrack,-776,10036,2032,pos,0 days 00:27:56.990000,0 days 01:26:12.502000
2024-07-07 14:31:09.851,OnTrack,-771,10167,2031,pos,0 days 00:27:57.310000,0 days 01:26:12.822000
2024-07-07 14:31:10.071,OnTrack,-751,10306,2030,pos,0 days 00:27:57.530000,0 days 01:26:13.042000
2024-07-07 14:31:10.411,OnTrack,-723,10423,2029,pos,0 days 00:27:57.870000,0 days 01:26:13.382000
2024-07-07 14:31:10.571,OnTrack,-700,10499,2028,pos,0 days 00:27:58.030000,0 days 01:26:13.542000
2024-07-07 14:31:10.871,OnTrack,-645,10646,2026,pos,0 days 00:27:58.330000,0 days 01:26:13.842000
2024-07-07 14:31:11.072,OnTrack,-602,10747,2024,pos,0 days 00:27:58.531000,0 days 01:26:14.043000
2024-07-07 14:31:11.332,OnTrack,-539,10879,2023,pos,0 days 00:27:58.791000,0 days 01:26:14.303000
2024-07-07 14:31:11.511,OnTrack,-457,11036,2022,pos,0 days 00:27:58.970000,0 days 01:26:14.482000
2024-07-07 14:31:11.792,OnTrack,-411,11121,2021,pos,0 days 00:27:59.251000,0 days 01:26:14.763000
2024-07-07 14:31:12.172,OnTrack,-269,11357,2021,pos,0 days 00:27:59.631000,0 days 01:26:15.143000
2024-07-07 14:31:12.472,OnTrack,-183,11480,2021,pos,0 days 00:27:59.931000,0 days 01:26:15.443000
2024-07-07 14:31:12.692,OnTrack,-92,11600,2021,pos,0 days 00:28:00.151000,0 days 01:26:15.663000
2024-07-07 14:31:12.851,OnTrack,-23,11683,2021,pos,0 days 00:28:00.310000,0 days 01:26:15.822000
2024-07-07 14:31:13.192,OnTrack,133,11853,2022,pos,0 days 00:28:00.651000,0 days 01:26:16.163000
2024-07-07 14:31:13.411,OnTrack,304,12016,2024,pos,0 days 00:28:00.870000,0 days 01:26:16.382000
2024-07-07 14:31:13.691,OnTrack,389,12090,2024,pos,0 days 00:28:01.150000,0 days 01:26:16.662000
2024-07-07 14:31:14.032,OnTrack,581,12239,2024,pos,0 days 00:28:01.491000,0 days 01:26:17.003000
2024-07-07 14:31:14.192,OnTrack,676,12305,2024,pos,0 days 00:28:01.651000,0 days 01:26:17.163000
2024-07-07 14:31:14.392,OnTrack,797,12379,2024,pos,0 days 00:28:01.851000,0 days 01:26:17.363000
2024-07-07 14:31:14.592,OnTrack,929,12446,2025,pos,0 days 00:28:02.051000,0 days 01:26:17.563000
2024-07-07 14:31:14.832,OnTrack,1093,12519,2025,pos,0 days 00:28:02.291000,0 days 01:26:17.803000
2024-07-07 14:31:15.011,OnTrack,1218,12567,2025,pos,0 days 00:28:02.470000,0 days 01:26:17.982000
2024-07-07 14:31:15.171,OnTrack,1333,12607,2025,pos,0 days 00:28:02.630000,0 days 01:26:18.142000
2024-07-07 14:31:15.451,OnTrack,1537,12666,2025,pos,0 days 00:28:02.910000,0 days 01:26:18.422000
2024-07-07 14:31:15.632,OnTrack,1671,12699,2026,pos,0 days 00:28:03.091000,0 days 01:26:18.603000
2024-07-07 14:31:15.791,OnTrack,1791,12724,2026,pos,0 days 00:28:03.250000,0 days 01:26:18.762000
2024-07-07 14:31:15.971,OnTrack,1928,12749,2027,pos,0 days 00:28:03.430000,0 days 01:26:18.942000
2024-07-07 14:31:16.192,OnTrack,2120,12778,2029,pos,0 days 00:28:03.651000,0 days 01:26:19.163000
2024-07-07 14:31:16.452,OnTrack,2315,12801,2030,pos,0 days 00:28:03.911000,0 days 01:26:19.423000
2024-07-07 14:31:16.651,OnTrack,2480,12819,2031,pos,0 days 00:28:04.110000,0 days 01:26:19.622000
2024-07-07 14:31:16.992,OnTrack,2749,12848,2033,pos,0 days 00:28:04.451000,0 days 01:26:19.963000
2024-07-07 14:31:17.052,OnTrack,2797,12853,2034,pos,0 days 00:28:04.511000,0 days 01:26:20.023000
2024-07-07 14:31:17.231,OnTrack,2940,12867,2036,pos,0 days 00:28:04.690000,0 days 01:26:20.202000
2024-07-07 14:31:17.471,OnTrack,3132,12886,2037,pos,0 days 00:28:04.930000,0 days 01:26:20.442000
2024-07-07 14:31:17.812,OnTrack,3437,12919,2039,pos,0 days 00:28:05.271000,0 days 01:26:20.783000
2024-07-07 14:31:18.092,OnTrack,3631,12941,2040,pos,0 days 00:28:05.551000,0 days 01:26:21.063000
2024-07-07 14:31:18.271,OnTrack,3776,12957,2041,pos,0 days 00:28:05.730000,0 days 01:26:21.242000
2024-07-07 14:31:18.511,OnTrack,3969,12979,2042,pos,0 days 00:28:05.970000,0 days 01:26:21.482000
2024-07-07 14:31:18.692,OnTrack,4114,12997,2043,pos,0 days 00:28:06.151000,0 days 01:26:21.663000
2024-07-07 14:31:18.892,OnTrack,4274,13017,2044,pos,0 days 00:28:06.351000,0 days 01:26:21.863000
2024-07-07 14:31:19.091,OnTrack,4435,13039,2045,pos,0 days 00:28:06.550000,0 days 01:26:22.062000
2024-07-07 14:31:19.472,OnTrack,4834,13089,2048,pos,0 days 00:28:06.931000,0 days 01:26:22.443000
2024-07-07 14:31:19.792,OnTrack,5089,13111,2049,pos,0 days 00:28:07.251000,0 days 01:26:22.763000
2024-07-07 14:31:20.252,OnTrack,5367,13106,2050,pos,0 days 00:28:07.711000,0 days 01:26:23.223000
2024-07-07 14:31:20.612,OnTrack,5668,13039,2051,pos,0 days 00:28:08.071000,0 days 01:26:23.583000
2024-07-07 14:31:21.092,OnTrack,5978,12889,2053,pos,0 days 00:28:08.551000,0 days 01:26:24.063000
2024-07-07 14:31:21.492,OnTrack,6125,12781,2055,pos,0 days 00:28:08.951000,0 days 01:26:24.463000
2024-07-07 14:31:21.751,OnTrack,6268,12647,2055,pos,0 days 00:28:09.210000,0 days 01:26:24.722000
2024-07-07 14:31:22.051,OnTrack,6387,12489,2056,pos,0 days 00:28:09.510000,0 days 01:26:25.022000
2024-07-07 14:31:22.311,OnTrack,6479,12323,2057,pos,0 days 00:28:09.770000,0 days 01:26:25.282000
2024-07-07 14:31:22.511,OnTrack,6561,12135,2058,pos,0 days 00:28:09.970000,0 days 01:26:25.482000
2024-07-07 14:31:22.851,OnTrack,6624,11954,2060,pos,0 days 00:28:10.310000,0 days 01:26:25.822000
2024-07-07 14:31:23.031,OnTrack,6663,11826,2061,pos,0 days 00:28:10.490000,0 days 01:26:26.002000
2024-07-07 14:31:23.211,OnTrack,6699,11696,2061,pos,0 days 00:28:10.670000,0 days 01:26:26.182000
2024-07-07 14:31:23.411,OnTrack,6736,11550,2062,pos,0 days 00:28:10.870000,0 days 01:26:26.382000
2024-07-07 14:31:23.772,OnTrack,6803,11252,2065,pos,0 days 00:28:11.231000,0 days 01:26:26.743000
2024-07-07 14:31:24.152,OnTrack,6854,10985,2067,pos,0 days 00:28:11.611000,0 days 01:26:27.123000
2024-07-07 14:31:24.291,OnTrack,6871,10878,2068,pos,0 days 00:28:11.750000,0 days 01:26:27.262000
2024-07-07 14:31:24.592,OnTrack,6916,10551,2071,pos,0 days 00:28:12.051000,0 days 01:26:27.563000
2024-07-07 14:31:25.011,OnTrack,6941,10316,2072,pos,0 days 00:28:12.470000,0 days 01:26:27.982000
2024-07-07 14:31:25.192,OnTrack,6959,10094,2074,pos,0 days 00:28:12.651000,0 days 01:26:28.163000
2024-07-07 14:31:25.611,OnTrack,6974,9838,2074,pos,0 days 00:28:13.070000,0 days 01:26:28.582000
2024-07-07 14:31:25.772,OnTrack,6980,9612,2075,pos,0 days 00:28:13.231000,0 days 01:26:28.743000
2024-07-07 14:31:26.211,OnTrack,6986,9361,2074,pos,0 days 00:28:13.670000,0 days 01:26:29.182000
2024-07-07 14:31:26.412,OnTrack,6991,9190,2074,pos,0 days 00:28:13.871000,0 days 01:26:29.383000
2024-07-07 14:31:26.672,OnTrack,7014,8865,2072,pos,0 days 00:28:14.131000,0 days 01:26:29.643000
2024-07-07 14:31:27.032,OnTrack,7038,8686,2071,pos,0 days 00:28:14.491000,0 days 01:26:30.003000
2024-07-07 14:31:27.271,OnTrack,7094,8402,2069,pos,0 days 00:28:14.730000,0 days 01:26:30.242000
2024-07-07 14:31:27.571,OnTrack,7132,8250,2068,pos,0 days 00:28:15.030000,0 days 01:26:30.542000
2024-07-07 14:31:27.772,OnTrack,7177,8090,2067,pos,0 days 00:28:15.231000,0 days 01:26:30.743000
2024-07-07 14:31:27.972,OnTrack,7228,7932,2065,pos,0 days 00:28:15.431000,0 days 01:26:30.943000
2024-07-07 14:31:28.271,OnTrack,7315,7699,2061,pos,0 days 00:28:15.730000,0 days 01:26:31.242000
2024-07-07 14:31:28.431,OnTrack,7363,7580,2060,pos,0 days 00:28:15.890000,0 days 01:26:31.402000
2024-07-07 14:31:28.611,OnTrack,7414,7451,2060,pos,0 days 00:28:16.070000,0 days 01:26:31.582000
2024-07-07 14:31:28.831,OnTrack,7468,7301,2059,pos,0 days 00:28:16.290000,0 days 01:26:31.802000
2024-07-07 14:31:29.212,OnTrack,7529,7051,2058,pos,0 days 00:28:16.671000,0 days 01:26:32.183000
2024-07-07 14:31:29.411,OnTrack,7539,6910,2058,pos,0 days 00:28:16.870000,0 days 01:26:32.382000
2024-07-07 14:31:29.691,OnTrack,7526,6738,2058,pos,0 days 00:28:17.150000,0 days 01:26:32.662000
2024-07-07 14:31:29.891,OnTrack,7507,6614,2058,pos,0 days 00:28:17.350000,0 days 01:26:32.862000
2024-07-07 14:31:30.112,OnTrack,7476,6466,2060,pos,0 days 00:28:17.571000,0 days 01:26:33.083000
2024-07-07 14:31:30.312,OnTrack,7445,6339,2060,pos,0 days 00:28:17.771000,0 days 01:26:33.283000
2024-07-07 14:31:30.632,OnTrack,7382,6082,2062,pos,0 days 00:28:18.091000,0 days 01:26:33.603000
2024-07-07 14:31:30.971,OnTrack,7347,5913,2063,pos,0 days 00:28:18.430000,0 days 01:26:33.942000
2024-07-07 14:31:31.132,OnTrack,7331,5809,2063,pos,0 days 00:28:18.591000,0 days 01:26:34.103000
2024-07-07 14:31:31.371,OnTrack,7317,5596,2062,pos,0 days 00:28:18.830000,0 days 01:26:34.342000
2024-07-07 14:31:31.812,OnTrack,7339,5396,2062,pos,0 days 00:28:19.271000,0 days 01:26:34.783000
2024-07-07 14:31:32.072,OnTrack,7383,5250,2061,pos,0 days 00:28:19.531000,0 days 01:26:35.043000
2024-07-07 14:31:32.252,OnTrack,7462,5080,2059,pos,0 days 00:28:19.711000,0 days 01:26:35.223000
2024-07-07 14:31:32.612,OnTrack,7525,4969,2057,pos,0 days 00:28:20.071000,0 days 01:26:35.583000
2024-07-07 14:31:32.812,OnTrack,7584,4872,2055,pos,0 days 00:28:20.271000,0 days 01:26:35.783000
2024-07-07 14:31:33.032,OnTrack,7647,4765,2054,pos,0 days 00:28:20.491000,0 days 01:26:36.003000
2024-07-07 14:31:33.212,OnTrack,7680,4702,2053,pos,0 days 00:28:20.671000,0 days 01:26:36.183000
2024-07-07 14:31:33.512,OnTrack,7741,4563,2051,pos,0 days 00:28:20.971000,0 days 01:26:36.483000
2024-07-07 14:31:33.772,OnTrack,7778,4423,2049,pos,0 days 00:28:21.231000,0 days 01:26:36.743000
2024-07-07 14:31:34.032,OnTrack,7789,4321,2048,pos,0 days 00:28:21.491000,0 days 01:26:37.003000
2024-07-07 14:31:34.332,OnTrack,7780,4182,2045,pos,0 days 00:28:21.791000,0 days 01:26:37.303000
2024-07-07 14:31:34.532,OnTrack,7761,4090,2044,pos,0 days 00:28:21.991000,0 days 01:26:37.503000
2024-07-07 14:31:34.771,OnTrack,7714,3947,2041,pos,0 days 00:28:22.230000,0 days 01:26:37.742000
2024-07-07 14:31:35.051,OnTrack,7675,3861,2040,pos,0 days 00:28:22.510000,0 days 01:26:38.022000
2024-07-07 14:31:35.291,OnTrack,7618,3760,2039,pos,0 days 00:28:22.750000,0 days 01:26:38.262000
2024-07-07 14:31:35.651,OnTrack,7510,3617,2037,pos,0 days 00:28:23.110000,0 days 01:26:38.622000
2024-07-07 14:31:35.871,OnTrack,7421,3533,2036,pos,0 days 00:28:23.330000,0 days 01:26:38.842000
2024-07-07 14:31:36.091,OnTrack,7334,3469,2034,pos,0 days 00:28:23.550000,0 days 01:26:39.062000
2024-07-07 14:31:36.431,OnTrack,7166,3373,2032,pos,0 days 00:28:23.890000,0 days 01:26:39.402000
2024-07-07 14:31:36.651,OnTrack,7051,3313,2031,pos,0 days 00:28:24.110000,0 days 01:26:39.622000
2024-07-07 14:31:36.852,OnTrack,6948,3255,2030,pos,0 days 00:28:24.311000,0 days 01:26:39.823000
2024-07-07 14:31:37.071,OnTrack,6802,3146,2028,pos,0 days 00:28:24.530000,0 days 01:26:40.042000
2024-07-07 14:31:37.371,OnTrack,6700,3049,2028,pos,0 days 00:28:24.830000,0 days 01:26:40.342000
2024-07-07 14:31:37.672,OnTrack,6529,2866,2028,pos,0 days 00:28:25.131000,0 days 01:26:40.643000
2024-07-07 14:31:38.071,OnTrack,6400,2705,2027,pos,0 days 00:28:25.530000,0 days 01:26:41.042000
2024-07-07 14:31:38.292,OnTrack,6311,2575,2027,pos,0 days 00:28:25.751000,0 days 01:26:41.263000
2024-07-07 14:31:38.391,OnTrack,6278,2522,2026,pos,0 days 00:28:25.850000,0 days 01:26:41.362000
2024-07-07 14:31:38.731,OnTrack,6125,2252,2025,pos,0 days 00:28:26.190000,0 days 01:26:41.702000
2024-07-07 14:31:39.132,OnTrack,6021,2046,2025,pos,0 days 00:28:26.591000,0 days 01:26:42.103000
2024-07-07 14:31:39.332,OnTrack,5957,1915,2024,pos,0 days 00:28:26.791000,0 days 01:26:42.303000
2024-07-07 14:31:39.412,OnTrack,5931,1863,2024,pos,0 days 00:28:26.871000,0 days 01:26:42.383000
2024-07-07 14:31:39.652,OnTrack,5853,1703,2024,pos,0 days 00:28:27.111000,0 days 01:26:42.623000
2024-07-07 14:31:39.952,OnTrack,5710,1406,2022,pos,0 days 00:28:27.411000,0 days 01:26:42.923000
2024-07-07 14:31:40.272,OnTrack,5651,1283,2021,pos,0 days 00:28:27.731000,0 days 01:26:43.243000
2024-07-07 14:31:40.452,OnTrack,5592,1159,2021,pos,0 days 00:28:27.911000,0 days 01:26:43.423000
2024-07-07 14:31:40.852,OnTrack,5460,881,2019,pos,0 days 00:28:28.311000,0 days 01:26:43.823000
2024-07-07 14:31:41.032,OnTrack,5352,656,2017,pos,0 days 00:28:28.491000,0 days 01:26:44.003000
2024-07-07 14:31:41.411,OnTrack,5270,486,2016,pos,0 days 00:28:28.870000,0 days 01:26:44.382000
2024-07-07 14:31:41.671,OnTrack,5180,301,2014,pos,0 days 00:28:29.130000,0 days 01:26:44.642000
2024-07-07 14:31:41.891,OnTrack,5104,144,2013,pos,0 days 00:28:29.350000,0 days 01:26:44.862000
2024-07-07 14:31:42.071,OnTrack,5014,-41,2012,pos,0 days 00:28:29.530000,0 days 01:26:45.042000
2024-07-07 14:31:42.491,OnTrack,4854,-375,2009,pos,0 days 00:28:29.950000,0 days 01:26:45.462000
2024-07-07 14:31:42.832,OnTrack,4777,-535,2009,pos,0 days 00:28:30.291000,0 days 01:26:45.803000
2024-07-07 14:31:43.051,OnTrack,4699,-695,2008,pos,0 days 00:28:30.510000,0 days 01:26:46.022000
2024-07-07 14:31:43.211,OnTrack,4643,-812,2007,pos,0 days 00:28:30.670000,0 days 01:26:46.182000
2024-07-07 14:31:43.551,OnTrack,4494,-1120,2005,pos,0 days 00:28:31.010000,0 days 01:26:46.522000
2024-07-07 14:31:43.871,OnTrack,4364,-1385,2002,pos,0 days 00:28:31.330000,0 days 01:26:46.842000
2024-07-07 14:31:44.331,OnTrack,4244,-1628,1999,pos,0 days 00:28:31.790000,0 days 01:26:47.302000
2024-07-07 14:31:44.472,OnTrack,4192,-1731,1998,pos,0 days 00:28:31.931000,0 days 01:26:47.443000
2024-07-07 14:31:44.691,OnTrack,4111,-1893,1996,pos,0 days 00:28:32.150000,0 days 01:26:47.662000
2024-07-07 14:31:44.911,OnTrack,4030,-2054,1994,pos,0 days 00:28:32.370000,0 days 01:26:47.882000
2024-07-07 14:31:45.191,OnTrack,3896,-2316,1994,pos,0 days 00:28:32.650000,0 days 01:26:48.162000
2024-07-07 14:31:45.491,OnTrack,3813,-2474,1994,pos,0 days 00:28:32.950000,0 days 01:26:48.462000
2024-07-07 14:31:45.771,OnTrack,3712,-2666,1996,pos,0 days 00:28:33.230000,0 days 01:26:48.742000
2024-07-07 14:31:45.952,OnTrack,3609,-2857,1998,pos,0 days 00:28:33.411000,0 days 01:26:48.923000
2024-07-07 14:31:46.252,OnTrack,3527,-3004,2001,pos,0 days 00:28:33.711000,0 days 01:26:49.223000
2024-07-07 14:31:46.472,OnTrack,3440,-3156,2004,pos,0 days 00:28:33.931000,0 days 01:26:49.443000
2024-07-07 14:31:46.692,OnTrack,3352,-3303,2007,pos,0 days 00:28:34.151000,0 days 01:26:49.663000
2024-07-07 14:31:46.952,OnTrack,3253,-3455,2011,pos,0 days 00:28:34.411000,0 days 01:26:49.923000
2024-07-07 14:31:47.232,OnTrack,3139,-3608,2014,pos,0 days 00:28:34.691000,0 days 01:26:50.203000
2024-07-07 14:31:47.452,OnTrack,3053,-3710,2017,pos,0 days 00:28:34.911000,0 days 01:26:50.423000
2024-07-07 14:31:47.632,OnTrack,2982,-3785,2018,pos,0 days 00:28:35.091000,0 days 01:26:50.603000
2024-07-07 14:31:47.792,OnTrack,2869,-3884,2021,pos,0 days 00:28:35.251000,0 days 01:26:50.763000
2024-07-07 14:31:48.191,OnTrack,2748,-3966,2023,pos,0 days 00:28:35.650000,0 days 01:26:51.162000
2024-07-07 14:31:48.491,OnTrack,2611,-4036,2026,pos,0 days 00:28:35.950000,0 days 01:26:51.462000
2024-07-07 14:31:48.552,OnTrack,2583,-4047,2026,pos,0 days 00:28:36.011000,0 days 01:26:51.523000
2024-07-07 14:31:48.791,OnTrack,2483,-4081,2028,pos,0 days 00:28:36.250000,0 days 01:26:51.762000
2024-07-07 14:31:48.951,OnTrack,2405,-4100,2029,pos,0 days 00:28:36.410000,0 days 01:26:51.922000
2024-07-07 14:31:49.171,OnTrack,2301,-4114,2030,pos,0 days 00:28:36.630000,0 days 01:26:52.142000
2024-07-07 14:31:49.471,OnTrack,2151,-4111,2032,pos,0 days 00:28:36.930000,0 days 01:26:52.442000
2024-07-07 14:31:49.531,OnTrack,2115,-4106,2032,pos,0 days 00:28:36.990000,0 days 01:26:52.502000
2024-07-07 14:31:49.771,OnTrack,1997,-4082,2033,pos,0 days 00:28:37.230000,0 days 01:26:52.742000
2024-07-07 14:31:50.011,OnTrack,1882,-4042,2033,pos,0 days 00:28:37.470000,0 days 01:26:52.982000
2024-07-07 14:31:50.192,OnTrack,1799,-4003,2033,pos,0 days 00:28:37.651000,0 days 01:26:53.163000
2024-07-07 14:31:50.411,OnTrack,1702,-3945,2033,pos,0 days 00:28:37.870000,0 days 01:26:53.382000
2024-07-07 14:31:50.691,OnTrack,1587,-3857,2032,pos,0 days 00:28:38.150000,0 days 01:26:53.662000
2024-07-07 14:31:50.851,OnTrack,1525,-3799,2031,pos,0 days 00:28:38.310000,0 days 01:26:53.822000
2024-07-07 14:31:51.052,OnTrack,1452,-3721,2030,pos,0 days 00:28:38.511000,0 days 01:26:54.023000
2024-07-07 14:31:51.372,OnTrack,1344,-3581,2028,pos,0 days 00:28:38.831000,0 days 01:26:54.343000
2024-07-07 14:31:51.471,OnTrack,1313,-3534,2027,pos,0 days 00:28:38.930000,0 days 01:26:54.442000
2024-07-07 14:31:51.751,OnTrack,1230,-3393,2024,pos,0 days 00:28:39.210000,0 days 01:26:54.722000
2024-07-07 14:31:51.952,OnTrack,1174,-3287,2021,pos,0 days 00:28:39.411000,0 days 01:26:54.923000
2024-07-07 14:31:52.132,OnTrack,1122,-3190,2018,pos,0 days 00:28:39.591000,0 days 01:26:55.103000
2024-07-07 14:31:52.352,OnTrack,1057,-3069,2013,pos,0 days 00:28:39.811000,0 days 01:26:55.323000
2024-07-07 14:31:52.571,OnTrack,939,-2873,2004,pos,0 days 00:28:40.030000,0 days 01:26:55.542000
2024-07-07 14:31:53.992,OnTrack,421,-2161,1984,pos,0 days 00:28:41.451000,0 days 01:26:56.963000
2024-07-07 14:31:54.212,OnTrack,327,-2037,1985,pos,0 days 00:28:41.671000,0 days 01:26:57.183000
2024-07-07 14:31:54.471,OnTrack,216,-1896,1986,pos,0 days 00:28:41.930000,0 days 01:26:57.442000
2024-07-07 14:31:54.591,OnTrack,163,-1832,1986,pos,0 days 00:28:42.050000,0 days 01:26:57.562000
2024-07-07 14:31:54.871,OnTrack,44,-1691,1986,pos,0 days 00:28:42.330000,0 days 01:26:57.842000
2024-07-07 14:31:55.031,OnTrack,-74,-1555,1986,pos,0 days 00:28:42.490000,0 days 01:26:58.002000
2024-07-07 14:31:55.331,OnTrack,-134,-1488,1985,pos,0 days 00:28:42.790000,0 days 01:26:58.302000
2024-07-07 14:31:55.531,OnTrack,-204,-1410,1984,pos,0 days 00:28:42.990000,0 days 01:26:58.502000
2024-07-07 14:31:55.751,OnTrack,-273,-1333,1983,pos,0 days 00:28:43.210000,0 days 01:26:58.722000
2024-07-07 14:31:56.111,OnTrack,-419,-1169,1979,pos,0 days 00:28:43.570000,0 days 01:26:59.082000
2024-07-07 14:31:56.492,OnTrack,-482,-1104,1978,pos,0 days 00:28:43.951000,0 days 01:26:59.463000
2024-07-07 14:31:56.671,OnTrack,-526,-1063,1977,pos,0 days 00:28:44.130000,0 days 01:26:59.642000
2024-07-07 14:31:56.911,OnTrack,-586,-1016,1976,pos,0 days 00:28:44.370000,0 days 01:26:59.882000
2024-07-07 14:31:57.151,OnTrack,-647,-978,1976,pos,0 days 00:28:44.610000,0 days 01:27:00.122000
2024-07-07 14:31:57.312,OnTrack,-714,-946,1975,pos,0 days 00:28:44.771000,0 days 01:27:00.283000
2024-07-07 14:31:57.691,OnTrack,-783,-924,1976,pos,0 days 00:28:45.150000,0 days 01:27:00.662000
2024-07-07 14:31:57.912,OnTrack,-864,-914,1976,pos,0 days 00:28:45.371000,0 days 01:27:00.883000
2024-07-07 14:31:58.212,OnTrack,-921,-913,1976,pos,0 days 00:28:45.671000,0 days 01:27:01.183000
2024-07-07 14:31:58.432,OnTrack,-979,-920,1977,pos,0 days 00:28:45.891000,0 days 01:27:01.403000
2024-07-07 14:31:58.772,OnTrack,-1071,-952,1978,pos,0 days 00:28:46.231000,0 days 01:27:01.743000
2024-07-07 14:31:59.071,OnTrack,-1132,-990,1979,pos,0 days 00:28:46.530000,0 days 01:27:02.042000
2024-07-07 14:31:59.371,OnTrack,-1211,-1050,1980,pos,0 days 00:28:46.830000,0 days 01:27:02.342000
2024-07-07 14:31:59.651,OnTrack,-1270,-1094,1981,pos,0 days 00:28:47.110000,0 days 01:27:02.622000
2024-07-07 14:31:59.892,OnTrack,-1332,-1133,1981,pos,0 days 00:28:47.351000,0 days 01:27:02.863000
2024-07-07 14:32:00.132,OnTrack,-1398,-1159,1981,pos,0 days 00:28:47.591000,0 days 01:27:03.103000
2024-07-07 14:32:00.392,OnTrack,-1472,-1172,1981,pos,0 days 00:28:47.851000,0 days 01:27:03.363000
2024-07-07 14:32:00.612,OnTrack,-1537,-1168,1980,pos,0 days 00:28:48.071000,0 days 01:27:03.583000
2024-07-07 14:32:00.752,OnTrack,-1579,-1160,1980,pos,0 days 00:28:48.211000,0 days 01:27:03.723000
2024-07-07 14:32:00.952,OnTrack,-1667,-1134,1979,pos,0 days 00:28:48.411000,0 days 01:27:03.923000
2024-07-07 14:32:01.391,OnTrack,-1765,-1091,1978,pos,0 days 00:28:48.850000,0 days 01:27:04.362000
2024-07-07 14:32:01.632,OnTrack,-1834,-1048,1977,pos,0 days 00:28:49.091000,0 days 01:27:04.603000
2024-07-07 14:32:01.791,OnTrack,-1910,-985,1976,pos,0 days 00:28:49.250000,0 days 01:27:04.762000
2024-07-07 14:32:02.211,OnTrack,-2010,-869,1975,pos,0 days 00:28:49.670000,0 days 01:27:05.182000
2024-07-07 14:32:02.692,OnTrack,-2134,-704,1974,pos,0 days 00:28:50.151000,0 days 01:27:05.663000
2024-07-07 14:32:03.012,OnTrack,-2193,-595,1974,pos,0 days 00:28:50.471000,0 days 01:27:05.983000
2024-07-07 14:32:03.252,OnTrack,-2234,-492,1973,pos,0 days 00:28:50.711000,0 days 01:27:06.223000
2024-07-07 14:32:03.351,OnTrack,-2250,-447,1973,pos,0 days 00:28:50.810000,0 days 01:27:06.322000
2024-07-07 14:32:03.532,OnTrack,-2274,-362,1972,pos,0 days 00:28:50.991000,0 days 01:27:06.503000
2024-07-07 14:32:03.911,OnTrack,-2311,-109,1968,pos,0 days 00:28:51.370000,0 days 01:27:06.882000
2024-07-07 14:32:04.231,OnTrack,-2314,-3,1967,pos,0 days 00:28:51.690000,0 days 01:27:07.202000
2024-07-07 14:32:04.471,OnTrack,-2306,126,1966,pos,0 days 00:28:51.930000,0 days 01:27:07.442000
2024-07-07 14:32:04.571,OnTrack,-2299,181,1966,pos,0 days 00:28:52.030000,0 days 01:27:07.542000
2024-07-07 14:32:04.831,OnTrack,-2272,325,1964,pos,0 days 00:28:52.290000,0 days 01:27:07.802000
2024-07-07 14:32:05.152,OnTrack,-2193,545,1963,pos,0 days 00:28:52.611000,0 days 01:27:08.123000
2024-07-07 14:32:05.572,OnTrack,-2096,727,1962,pos,0 days 00:28:53.031000,0 days 01:27:08.543000
2024-07-07 14:32:05.611,OnTrack,-2084,748,1962,pos,0 days 00:28:53.070000,0 days 01:27:08.582000
2024-07-07 14:32:05.852,OnTrack,-2005,867,1962,pos,0 days 00:28:53.311000,0 days 01:27:08.823000
2024-07-07 14:32:06.191,OnTrack,-1878,1043,1963,pos,0 days 00:28:53.650000,0 days 01:27:09.162000
2024-07-07 14:32:06.392,OnTrack,-1802,1149,1963,pos,0 days 00:28:53.851000,0 days 01:27:09.363000
2024-07-07 14:32:06.552,OnTrack,-1738,1233,1963,pos,0 days 00:28:54.011000,0 days 01:27:09.523000
2024-07-07 14:32:06.652,OnTrack,-1698,1287,1964,pos,0 days 00:28:54.111000,0 days 01:27:09.623000
2024-07-07 14:32:06.952,OnTrack,-1572,1448,1965,pos,0 days 00:28:54.411000,0 days 01:27:09.923000
2024-07-07 14:32:07.192,OnTrack,-1433,1622,1966,pos,0 days 00:28:54.651000,0 days 01:27:10.163000
2024-07-07 14:32:07.512,OnTrack,-1330,1757,1968,pos,0 days 00:28:54.971000,0 days 01:27:10.483000
2024-07-07 14:32:07.791,OnTrack,-1212,1919,1970,pos,0 days 00:28:55.250000,0 days 01:27:10.762000
2024-07-07 14:32:07.991,OnTrack,-1127,2036,1971,pos,0 days 00:28:55.450000,0 days 01:27:10.962000
2024-07-07 14:32:08.152,OnTrack,-1058,2131,1973,pos,0 days 00:28:55.611000,0 days 01:27:11.123000
2024-07-07 14:32:08.371,OnTrack,-962,2263,1974,pos,0 days 00:28:55.830000,0 days 01:27:11.342000
2024-07-07 14:32:08.531,OnTrack,-891,2359,1976,pos,0 days 00:28:55.990000,0 days 01:27:11.502000
2024-07-07 14:32:08.771,OnTrack,-785,2506,1979,pos,0 days 00:28:56.230000,0 days 01:27:11.742000
2024-07-07 14:32:09.031,OnTrack,-607,2754,1983,pos,0 days 00:28:56.490000,0 days 01:27:12.002000
2024-07-07 14:32:09.451,OnTrack,-459,2972,1987,pos,0 days 00:28:56.910000,0 days 01:27:12.422000
2024-07-07 14:32:09.812,OnTrack,-329,3167,1990,pos,0 days 00:28:57.271000,0 days 01:27:12.783000
2024-07-07 14:32:09.991,OnTrack,-251,3285,1992,pos,0 days 00:28:57.450000,0 days 01:27:12.962000
2024-07-07 14:32:10.151,OnTrack,-180,3389,1994,pos,0 days 00:28:57.610000,0 days 01:27:13.122000
2024-07-07 14:32:10.451,OnTrack,-45,3580,1996,pos,0 days 00:28:57.910000,0 days 01:27:13.422000
2024-07-07 14:32:10.571,OnTrack,7,3652,1998,pos,0 days 00:28:58.030000,0 days 01:27:13.542000
2024-07-07 14:32:10.791,OnTrack,101,3775,2001,pos,0 days 00:28:58.250000,0 days 01:27:13.762000
2024-07-07 14:32:11.031,OnTrack,201,3898,2004,pos,0 days 00:28:58.490000,0 days 01:27:14.002000
2024-07-07 14:32:11.331,OnTrack,324,4038,2007,pos,0 days 00:28:58.790000,0 days 01:27:14.302000
2024-07-07 14:32:11.512,OnTrack,391,4107,2009,pos,0 days 00:28:58.971000,0 days 01:27:14.483000
2024-07-07 14:32:11.712,OnTrack,478,4188,2011,pos,0 days 00:28:59.171000,0 days 01:27:14.683000
2024-07-07 14:32:11.891,OnTrack,560,4255,2011,pos,0 days 00:28:59.350000,0 days 01:27:14.862000
2024-07-07 14:32:12.151,OnTrack,717,4357,2012,pos,0 days 00:28:59.610000,0 days 01:27:15.122000
2024-07-07 14:32:12.451,OnTrack,845,4417,2014,pos,0 days 00:28:59.910000,0 days 01:27:15.422000
2024-07-07 14:32:12.792,OnTrack,1118,4493,2015,pos,0 days 00:29:00.251000,0 days 01:27:15.763000
2024-07-07 14:32:13.092,OnTrack,1212,4506,2016,pos,0 days 00:29:00.551000,0 days 01:27:16.063000
2024-07-07 14:32:13.392,OnTrack,1444,4519,2018,pos,0 days 00:29:00.851000,0 days 01:27:16.363000
2024-07-07 14:32:13.792,OnTrack,1646,4514,2021,pos,0 days 00:29:01.251000,0 days 01:27:16.763000
2024-07-07 14:32:13.952,OnTrack,1826,4498,2024,pos,0 days 00:29:01.411000,0 days 01:27:16.923000
2024-07-07 14:32:14.291,OnTrack,1971,4478,2025,pos,0 days 00:29:01.750000,0 days 01:27:17.262000
2024-07-07 14:32:14.571,OnTrack,2159,4454,2026,pos,0 days 00:29:02.030000,0 days 01:27:17.542000
2024-07-07 14:32:14.791,OnTrack,2309,4442,2028,pos,0 days 00:29:02.250000,0 days 01:27:17.762000
2024-07-07 14:32:15.011,OnTrack,2461,4439,2030,pos,0 days 00:29:02.470000,0 days 01:27:17.982000
2024-07-07 14:32:15.271,OnTrack,2642,4446,2032,pos,0 days 00:29:02.730000,0 days 01:27:18.242000
2024-07-07 14:32:15.451,OnTrack,2763,4461,2034,pos,0 days 00:29:02.910000,0 days 01:27:18.422000
2024-07-07 14:32:15.631,OnTrack,2914,4494,2037,pos,0 days 00:29:03.090000,0 days 01:27:18.602000
2024-07-07 14:32:15.812,OnTrack,3097,4554,2039,pos,0 days 00:29:03.271000,0 days 01:27:18.783000
2024-07-07 14:32:16.231,OnTrack,3292,4648,2043,pos,0 days 00:29:03.690000,0 days 01:27:19.202000
2024-07-07 14:32:16.431,OnTrack,3407,4720,2045,pos,0 days 00:29:03.890000,0 days 01:27:19.402000
2024-07-07 14:32:16.592,OnTrack,3496,4783,2046,pos,0 days 00:29:04.051000,0 days 01:27:19.563000
2024-07-07 14:32:16.892,OnTrack,3655,4915,2048,pos,0 days 00:29:04.351000,0 days 01:27:19.863000
2024-07-07 14:32:17.091,OnTrack,3785,5040,2049,pos,0 days 00:29:04.550000,0 days 01:27:20.062000
2024-07-07 14:32:17.452,OnTrack,3993,5248,2050,pos,0 days 00:29:04.911000,0 days 01:27:20.423000
2024-07-07 14:32:17.831,OnTrack,4116,5367,2051,pos,0 days 00:29:05.290000,0 days 01:27:20.802000
2024-07-07 14:32:17.992,OnTrack,4186,5433,2052,pos,0 days 00:29:05.451000,0 days 01:27:20.963000
2024-07-07 14:32:18.332,OnTrack,4335,5566,2053,pos,0 days 00:29:05.791000,0 days 01:27:21.303000
2024-07-07 14:32:18.572,OnTrack,4419,5637,2054,pos,0 days 00:29:06.031000,0 days 01:27:21.543000
2024-07-07 14:32:18.852,OnTrack,4519,5721,2055,pos,0 days 00:29:06.311000,0 days 01:27:21.823000
2024-07-07 14:32:19.132,OnTrack,4613,5794,2055,pos,0 days 00:29:06.591000,0 days 01:27:22.103000
2024-07-07 14:32:19.292,OnTrack,4712,5855,2055,pos,0 days 00:29:06.751000,0 days 01:27:22.263000
2024-07-07 14:32:19.592,OnTrack,4764,5877,2054,pos,0 days 00:29:07.051000,0 days 01:27:22.563000
2024-07-07 14:32:19.792,OnTrack,4832,5894,2054,pos,0 days 00:29:07.251000,0 days 01:27:22.763000
2024-07-07 14:32:20.091,OnTrack,4980,5896,2053,pos,0 days 00:29:07.550000,0 days 01:27:23.062000
2024-07-07 14:32:20.432,OnTrack,5040,5884,2053,pos,0 days 00:29:07.891000,0 days 01:27:23.403000
2024-07-07 14:32:20.672,OnTrack,5103,5862,2054,pos,0 days 00:29:08.131000,0 days 01:27:23.643000
2024-07-07 14:32:20.831,OnTrack,5145,5839,2055,pos,0 days 00:29:08.290000,0 days 01:27:23.802000
2024-07-07 14:32:21.091,OnTrack,5199,5800,2056,pos,0 days 00:29:08.550000,0 days 01:27:24.062000
2024-07-07 14:32:21.271,OnTrack,5231,5770,2057,pos,0 days 00:29:08.730000,0 days 01:27:24.242000
2024-07-07 14:32:21.551,OnTrack,5274,5720,2058,pos,0 days 00:29:09.010000,0 days 01:27:24.522000
2024-07-07 14:32:21.791,OnTrack,5303,5673,2059,pos,0 days 00:29:09.250000,0 days 01:27:24.762000
2024-07-07 14:32:21.911,OnTrack,5315,5648,2059,pos,0 days 00:29:09.370000,0 days 01:27:24.882000
2024-07-07 14:32:22.111,OnTrack,5333,5606,2059,pos,0 days 00:29:09.570000,0 days 01:27:25.082000
2024-07-07 14:32:22.371,OnTrack,5359,5521,2059,pos,0 days 00:29:09.830000,0 days 01:27:25.342000
2024-07-07 14:32:22.691,OnTrack,5367,5484,2060,pos,0 days 00:29:10.150000,0 days 01:27:25.662000
2024-07-07 14:32:23.071,OnTrack,5379,5404,2060,pos,0 days 00:29:10.530000,0 days 01:27:26.042000
2024-07-07 14:32:23.231,OnTrack,5383,5372,2061,pos,0 days 00:29:10.690000,0 days 01:27:26.202000
2024-07-07 14:32:23.491,OnTrack,5389,5302,2062,pos,0 days 00:29:10.950000,0 days 01:27:26.462000
2024-07-07 14:32:23.752,OnTrack,5393,5268,2063,pos,0 days 00:29:11.211000,0 days 01:27:26.723000
2024-07-07 14:32:23.972,OnTrack,5398,5221,2063,pos,0 days 00:29:11.431000,0 days 01:27:26.943000
2024-07-07 14:32:24.212,OnTrack,5405,5170,2064,pos,0 days 00:29:11.671000,0 days 01:27:27.183000
2024-07-07 14:32:24.411,OnTrack,5412,5128,2065,pos,0 days 00:29:11.870000,0 days 01:27:27.382000
2024-07-07 14:32:24.752,OnTrack,5432,5055,2066,pos,0 days 00:29:12.211000,0 days 01:27:27.723000
2024-07-07 14:32:24.892,OnTrack,5454,4999,2066,pos,0 days 00:29:12.351000,0 days 01:27:27.863000
2024-07-07 14:32:25.211,OnTrack,5476,4956,2066,pos,0 days 00:29:12.670000,0 days 01:27:28.182000
2024-07-07 14:32:25.552,OnTrack,5524,4886,2066,pos,0 days 00:29:13.011000,0 days 01:27:28.523000
2024-07-07 14:32:25.752,OnTrack,5431,5049,2066,pos,0 days 00:29:13.211000,0 days 01:27:28.723000
2024-07-07 14:32:25.932,OnTrack,5454,5007,2066,pos,0 days 00:29:13.391000,0 days 01:27:28.903000
2024-07-07 14:32:26.192,OnTrack,5492,4932,2066,pos,0 days 00:29:13.651000,0 days 01:27:29.163000
2024-07-07 14:32:26.592,OnTrack,5532,4878,2066,pos,0 days 00:29:14.051000,0 days 01:27:29.563000
2024-07-07 14:32:26.832,OnTrack,5567,4841,2065,pos,0 days 00:29:14.291000,0 days 01:27:29.803000
2024-07-07 14:32:26.992,OnTrack,5591,4818,2065,pos,0 days 00:29:14.451000,0 days 01:27:29.963000
2024-07-07 14:32:27.232,OnTrack,5630,4787,2064,pos,0 days 00:29:14.691000,0 days 01:27:30.203000
2024-07-07 14:32:27.452,OnTrack,5667,4763,2064,pos,0 days 00:29:14.911000,0 days 01:27:30.423000
2024-07-07 14:32:27.691,OnTrack,5710,4743,2064,pos,0 days 00:29:15.150000,0 days 01:27:30.662000
2024-07-07 14:32:28.091,OnTrack,5784,4731,2064,pos,0 days 00:29:15.550000,0 days 01:27:31.062000
2024-07-07 14:32:28.272,OnTrack,5837,4744,2064,pos,0 days 00:29:15.731000,0 days 01:27:31.243000
2024-07-07 14:32:28.651,OnTrack,5882,4767,2063,pos,0 days 00:29:16.110000,0 days 01:27:31.622000
2024-07-07 14:32:28.911,OnTrack,5922,4797,2064,pos,0 days 00:29:16.370000,0 days 01:27:31.882000
2024-07-07 14:32:28.931,OnTrack,5924,4799,2064,pos,0 days 00:29:16.390000,0 days 01:27:31.902000
2024-07-07 14:32:29.291,OnTrack,5973,4845,2064,pos,0 days 00:29:16.750000,0 days 01:27:32.262000
2024-07-07 14:32:29.471,OnTrack,5995,4869,2064,pos,0 days 00:29:16.930000,0 days 01:27:32.442000
2024-07-07 14:32:29.692,OnTrack,6022,4902,2064,pos,0 days 00:29:17.151000,0 days 01:27:32.663000
2024-07-07 14:32:29.891,OnTrack,6046,4934,2065,pos,0 days 00:29:17.350000,0 days 01:27:32.862000
2024-07-07 14:32:30.012,OnTrack,6060,4954,2065,pos,0 days 00:29:17.471000,0 days 01:27:32.983000
2024-07-07 14:32:30.351,OnTrack,6099,5015,2064,pos,0 days 00:29:17.810000,0 days 01:27:33.322000
2024-07-07 14:32:30.532,OnTrack,6118,5050,2065,pos,0 days 00:29:17.991000,0 days 01:27:33.503000
2024-07-07 14:32:30.732,OnTrack,6139,5090,2065,pos,0 days 00:29:18.191000,0 days 01:27:33.703000
2024-07-07 14:32:30.971,OnTrack,6163,5143,2065,pos,0 days 00:29:18.430000,0 days 01:27:33.942000
2024-07-07 14:32:31.112,OnTrack,6176,5175,2065,pos,0 days 00:29:18.571000,0 days 01:27:34.083000
2024-07-07 14:32:31.332,OnTrack,6197,5229,2065,pos,0 days 00:29:18.791000,0 days 01:27:34.303000
2024-07-07 14:32:31.592,OnTrack,6220,5297,2065,pos,0 days 00:29:19.051000,0 days 01:27:34.563000
2024-07-07 14:32:31.812,OnTrack,6239,5358,2065,pos,0 days 00:29:19.271000,0 days 01:27:34.783000
2024-07-07 14:32:31.852,OnTrack,6242,5367,2065,pos,0 days 00:29:19.311000,0 days 01:27:34.823000
2024-07-07 14:32:32.252,OnTrack,6278,5505,2065,pos,0 days 00:29:19.711000,0 days 01:27:35.223000
2024-07-07 14:32:32.652,OnTrack,6304,5628,2065,pos,0 days 00:29:20.111000,0 days 01:27:35.623000
2024-07-07 14:32:32.812,OnTrack,6314,5686,2065,pos,0 days 00:29:20.271000,0 days 01:27:35.783000
2024-07-07 14:32:33.052,OnTrack,6326,5800,2064,pos,0 days 00:29:20.511000,0 days 01:27:36.023000
2024-07-07 14:32:33.372,OnTrack,6330,5864,2064,pos,0 days 00:29:20.831000,0 days 01:27:36.343000
2024-07-07 14:32:34.451,OnTrack,6273,6348,2063,pos,0 days 00:29:21.910000,0 days 01:27:37.422000
2024-07-07 14:32:34.731,OnTrack,6230,6473,2062,pos,0 days 00:29:22.190000,0 days 01:27:37.702000
2024-07-07 14:32:34.891,OnTrack,6171,6605,2063,pos,0 days 00:29:22.350000,0 days 01:27:37.862000
2024-07-07 14:32:35.231,OnTrack,6124,6691,2063,pos,0 days 00:29:22.690000,0 days 01:27:38.202000
2024-07-07 14:32:35.491,OnTrack,6022,6847,2064,pos,0 days 00:29:22.950000,0 days 01:27:38.462000
2024-07-07 14:32:35.991,OnTrack,5901,6994,2064,pos,0 days 00:29:23.450000,0 days 01:27:38.962000
2024-07-07 14:32:36.031,OnTrack,5888,7009,2064,pos,0 days 00:29:23.490000,0 days 01:27:39.002000
2024-07-07 14:32:36.232,OnTrack,5815,7082,2064,pos,0 days 00:29:23.691000,0 days 01:27:39.203000
2024-07-07 14:32:36.452,OnTrack,5728,7161,2064,pos,0 days 00:29:23.911000,0 days 01:27:39.423000
2024-07-07 14:32:36.732,OnTrack,5611,7258,2064,pos,0 days 00:29:24.191000,0 days 01:27:39.703000
2024-07-07 14:32:36.992,OnTrack,5478,7362,2064,pos,0 days 00:29:24.451000,0 days 01:27:39.963000
2024-07-07 14:32:37.411,OnTrack,5274,7519,2064,pos,0 days 00:29:24.870000,0 days 01:27:40.382000
2024-07-07 14:32:37.672,OnTrack,5179,7596,2064,pos,0 days 00:29:25.131000,0 days 01:27:40.643000
2024-07-07 14:32:37.932,OnTrack,5053,7699,2064,pos,0 days 00:29:25.391000,0 days 01:27:40.903000
2024-07-07 14:32:38.092,OnTrack,4977,7763,2064,pos,0 days 00:29:25.551000,0 days 01:27:41.063000
2024-07-07 14:32:38.291,OnTrack,4889,7836,2064,pos,0 days 00:29:25.750000,0 days 01:27:41.262000
2024-07-07 14:32:38.591,OnTrack,4668,8027,2065,pos,0 days 00:29:26.050000,0 days 01:27:41.562000
2024-07-07 14:32:38.932,OnTrack,4564,8115,2065,pos,0 days 00:29:26.391000,0 days 01:27:41.903000
2024-07-07 14:32:39.172,OnTrack,4444,8219,2064,pos,0 days 00:29:26.631000,0 days 01:27:42.143000
2024-07-07 14:32:39.372,OnTrack,4332,8314,2064,pos,0 days 00:29:26.831000,0 days 01:27:42.343000
2024-07-07 14:32:39.592,OnTrack,4214,8416,2064,pos,0 days 00:29:27.051000,0 days 01:27:42.563000
2024-07-07 14:32:39.792,OnTrack,4105,8509,2064,pos,0 days 00:29:27.251000,0 days 01:27:42.763000
2024-07-07 14:32:40.072,OnTrack,3956,8637,2063,pos,0 days 00:29:27.531000,0 days 01:27:43.043000
2024-07-07 14:32:40.232,OnTrack,3862,8718,2063,pos,0 days 00:29:27.691000,0 days 01:27:43.203000
2024-07-07 14:32:40.392,OnTrack,3774,8796,2063,pos,0 days 00:29:27.851000,0 days 01:27:43.363000
2024-07-07 14:32:40.552,OnTrack,3684,8874,2063,pos,0 days 00:29:28.011000,0 days 01:27:43.523000
2024-07-07 14:32:40.891,OnTrack,3493,9042,2063,pos,0 days 00:29:28.350000,0 days 01:27:43.862000
2024-07-07 14:32:40.971,OnTrack,3448,9082,2063,pos,0 days 00:29:28.430000,0 days 01:27:43.942000
2024-07-07 14:32:41.151,OnTrack,3346,9172,2064,pos,0 days 00:29:28.610000,0 days 01:27:44.122000
2024-07-07 14:32:41.332,OnTrack,3243,9262,2064,pos,0 days 00:29:28.791000,0 days 01:27:44.303000
2024-07-07 14:32:41.632,OnTrack,3012,9465,2062,pos,0 days 00:29:29.091000,0 days 01:27:44.603000
2024-07-07 14:32:42.111,OnTrack,2790,9658,2061,pos,0 days 00:29:29.570000,0 days 01:27:45.082000
2024-07-07 14:32:42.192,OnTrack,2743,9698,2060,pos,0 days 00:29:29.651000,0 days 01:27:45.163000
2024-07-07 14:32:42.512,OnTrack,2485,9923,2058,pos,0 days 00:29:29.971000,0 days 01:27:45.483000
2024-07-07 14:32:42.871,OnTrack,2339,10052,2055,pos,0 days 00:29:30.330000,0 days 01:27:45.842000
2024-07-07 14:32:43.091,OnTrack,2217,10161,2053,pos,0 days 00:29:30.550000,0 days 01:27:46.062000
2024-07-07 14:32:43.352,OnTrack,2051,10309,2050,pos,0 days 00:29:30.811000,0 days 01:27:46.323000
2024-07-07 14:32:43.691,OnTrack,1878,10465,2048,pos,0 days 00:29:31.150000,0 days 01:27:46.662000
2024-07-07 14:32:43.971,OnTrack,1678,10632,2045,pos,0 days 00:29:31.430000,0 days 01:27:46.942000
2024-07-07 14:32:44.251,OnTrack,1603,10690,2044,pos,0 days 00:29:31.710000,0 days 01:27:47.222000
2024-07-07 14:32:44.432,OnTrack,1525,10744,2042,pos,0 days 00:29:31.891000,0 days 01:27:47.403000
2024-07-07 14:32:44.672,OnTrack,1412,10811,2041,pos,0 days 00:29:32.131000,0 days 01:27:47.643000
2024-07-07 14:32:44.912,OnTrack,1303,10865,2039,pos,0 days 00:29:32.371000,0 days 01:27:47.883000
2024-07-07 14:32:45.071,OnTrack,1229,10893,2038,pos,0 days 00:29:32.530000,0 days 01:27:48.042000
2024-07-07 14:32:45.391,OnTrack,1089,10934,2036,pos,0 days 00:29:32.850000,0 days 01:27:48.362000
2024-07-07 14:32:45.612,OnTrack,995,10946,2035,pos,0 days 00:29:33.071000,0 days 01:27:48.583000
2024-07-07 14:32:45.792,OnTrack,917,10948,2035,pos,0 days 00:29:33.251000,0 days 01:27:48.763000
2024-07-07 14:32:46.012,OnTrack,824,10947,2034,pos,0 days 00:29:33.471000,0 days 01:27:48.983000
2024-07-07 14:32:46.092,OnTrack,792,10946,2034,pos,0 days 00:29:33.551000,0 days 01:27:49.063000
2024-07-07 14:32:46.412,OnTrack,671,10927,2033,pos,0 days 00:29:33.871000,0 days 01:27:49.383000
2024-07-07 14:32:46.672,OnTrack,576,10892,2032,pos,0 days 00:29:34.131000,0 days 01:27:49.643000
2024-07-07 14:32:46.892,OnTrack,458,10825,2032,pos,0 days 00:29:34.351000,0 days 01:27:49.863000
2024-07-07 14:32:47.192,OnTrack,414,10789,2032,pos,0 days 00:29:34.651000,0 days 01:27:50.163000
2024-07-07 14:32:47.371,OnTrack,370,10739,2032,pos,0 days 00:29:34.830000,0 days 01:27:50.342000
2024-07-07 14:32:47.631,OnTrack,314,10657,2032,pos,0 days 00:29:35.090000,0 days 01:27:50.602000
2024-07-07 14:32:47.851,OnTrack,274,10583,2033,pos,0 days 00:29:35.310000,0 days 01:27:50.822000
2024-07-07 14:32:48.152,OnTrack,230,10477,2033,pos,0 days 00:29:35.611000,0 days 01:27:51.123000
2024-07-07 14:32:48.251,OnTrack,219,10442,2033,pos,0 days 00:29:35.710000,0 days 01:27:51.222000
2024-07-07 14:32:48.432,OnTrack,205,10374,2033,pos,0 days 00:29:35.891000,0 days 01:27:51.403000
2024-07-07 14:32:48.692,OnTrack,195,10271,2033,pos,0 days 00:29:36.151000,0 days 01:27:51.663000
2024-07-07 14:32:48.891,OnTrack,190,10190,2034,pos,0 days 00:29:36.350000,0 days 01:27:51.862000
2024-07-07 14:32:49.091,OnTrack,183,10050,2034,pos,0 days 00:29:36.550000,0 days 01:27:52.062000
2024-07-07 14:32:49.592,OnTrack,168,9902,2036,pos,0 days 00:29:37.051000,0 days 01:27:52.563000
2024-07-07 14:32:49.751,OnTrack,155,9842,2036,pos,0 days 00:29:37.210000,0 days 01:27:52.722000
2024-07-07 14:32:49.911,OnTrack,140,9796,2037,pos,0 days 00:29:37.370000,0 days 01:27:52.882000
2024-07-07 14:32:50.132,OnTrack,105,9721,2038,pos,0 days 00:29:37.591000,0 days 01:27:53.103000
2024-07-07 14:32:50.231,OnTrack,88,9691,2038,pos,0 days 00:29:37.690000,0 days 01:27:53.202000
2024-07-07 14:32:50.452,OnTrack,45,9633,2039,pos,0 days 00:29:37.911000,0 days 01:27:53.423000
2024-07-07 14:32:50.672,OnTrack,-6,9578,2039,pos,0 days 00:29:38.131000,0 days 01:27:53.643000
2024-07-07 14:32:50.912,OnTrack,-67,9530,2040,pos,0 days 00:29:38.371000,0 days 01:27:53.883000
2024-07-07 14:32:51.152,OnTrack,-133,9490,2040,pos,0 days 00:29:38.611000,0 days 01:27:54.123000
2024-07-07 14:32:51.292,OnTrack,-172,9472,2041,pos,0 days 00:29:38.751000,0 days 01:27:54.263000
2024-07-07 14:32:51.472,OnTrack,-226,9454,2041,pos,0 days 00:29:38.931000,0 days 01:27:54.443000
2024-07-07 14:32:51.812,OnTrack,-331,9441,2041,pos,0 days 00:29:39.271000,0 days 01:27:54.783000
2024-07-07 14:32:51.992,OnTrack,-387,9446,2041,pos,0 days 00:29:39.451000,0 days 01:27:54.963000
2024-07-07 14:32:52.252,OnTrack,-464,9471,2040,pos,0 days 00:29:39.711000,0 days 01:27:55.223000
2024-07-07 14:32:52.392,OnTrack,-541,9517,2038,pos,0 days 00:29:39.851000,0 days 01:27:55.363000
2024-07-07 14:32:52.751,OnTrack,-594,9564,2037,pos,0 days 00:29:40.210000,0 days 01:27:55.722000
2024-07-07 14:32:52.932,OnTrack,-633,9607,2036,pos,0 days 00:29:40.391000,0 days 01:27:55.903000
2024-07-07 14:32:53.252,OnTrack,-690,9695,2035,pos,0 days 00:29:40.711000,0 days 01:27:56.223000
2024-07-07 14:32:53.492,OnTrack,-724,9769,2034,pos,0 days 00:29:40.951000,0 days 01:27:56.463000
2024-07-07 14:32:53.652,OnTrack,-742,9820,2033,pos,0 days 00:29:41.111000,0 days 01:27:56.623000
2024-07-07 14:32:53.852,OnTrack,-759,9886,2033,pos,0 days 00:29:41.311000,0 days 01:27:56.823000
2024-07-07 14:32:54.111,OnTrack,-776,10036,2032,pos,0 days 00:29:41.570000,0 days 01:27:57.082000
2024-07-07 14:32:54.432,OnTrack,-775,10108,2031,pos,0 days 00:29:41.891000,0 days 01:27:57.403000
2024-07-07 14:32:54.692,OnTrack,-765,10215,2031,pos,0 days 00:29:42.151000,0 days 01:27:57.663000
2024-07-07 14:32:54.851,OnTrack,-755,10284,2030,pos,0 days 00:29:42.310000,0 days 01:27:57.822000
2024-07-07 14:32:55.031,OnTrack,-721,10429,2029,pos,0 days 00:29:42.490000,0 days 01:27:58.002000
2024-07-07 14:32:55.391,OnTrack,-689,10532,2028,pos,0 days 00:29:42.850000,0 days 01:27:58.362000
2024-07-07 14:32:55.731,OnTrack,-605,10740,2025,pos,0 days 00:29:43.190000,0 days 01:27:58.702000
2024-07-07 14:32:56.171,OnTrack,-486,10981,2022,pos,0 days 00:29:43.630000,0 days 01:27:59.142000
2024-07-07 14:32:56.471,OnTrack,-436,11075,2021,pos,0 days 00:29:43.930000,0 days 01:27:59.442000
2024-07-07 14:32:56.692,OnTrack,-371,11191,2021,pos,0 days 00:29:44.151000,0 days 01:27:59.663000
2024-07-07 14:32:56.972,OnTrack,-238,11402,2020,pos,0 days 00:29:44.431000,0 days 01:27:59.943000
2024-07-07 14:32:57.331,OnTrack,-148,11527,2021,pos,0 days 00:29:44.790000,0 days 01:28:00.302000
2024-07-07 14:32:57.611,OnTrack,-6,11702,2021,pos,0 days 00:29:45.070000,0 days 01:28:00.582000
2024-07-07 14:32:58.032,OnTrack,220,11937,2023,pos,0 days 00:29:45.491000,0 days 01:28:01.003000
2024-07-07 14:32:58.352,OnTrack,316,12027,2024,pos,0 days 00:29:45.811000,0 days 01:28:01.323000
2024-07-07 14:32:58.532,OnTrack,417,12114,2024,pos,0 days 00:29:45.991000,0 days 01:28:01.503000
2024-07-07 14:32:58.731,OnTrack,529,12202,2024,pos,0 days 00:29:46.190000,0 days 01:28:01.702000
2024-07-07 14:32:58.932,OnTrack,646,12285,2024,pos,0 days 00:29:46.391000,0 days 01:28:01.903000
2024-07-07 14:32:59.112,OnTrack,755,12355,2024,pos,0 days 00:29:46.571000,0 days 01:28:02.083000
2024-07-07 14:32:59.332,OnTrack,897,12431,2025,pos,0 days 00:29:46.791000,0 days 01:28:02.303000
2024-07-07 14:32:59.672,OnTrack,1198,12560,2025,pos,0 days 00:29:47.131000,0 days 01:28:02.643000
2024-07-07 14:32:59.972,OnTrack,1339,12609,2025,pos,0 days 00:29:47.431000,0 days 01:28:02.943000
2024-07-07 14:33:00.292,OnTrack,1572,12675,2025,pos,0 days 00:29:47.751000,0 days 01:28:03.263000
2024-07-07 14:33:00.352,OnTrack,1609,12684,2025,pos,0 days 00:29:47.811000,0 days 01:28:03.323000
2024-07-07 14:33:00.711,OnTrack,1888,12743,2027,pos,0 days 00:29:48.170000,0 days 01:28:03.682000
2024-07-07 14:33:00.952,OnTrack,2090,12774,2028,pos,0 days 00:29:48.411000,0 days 01:28:03.923000
2024-07-07 14:33:01.131,OnTrack,2322,12802,2030,pos,0 days 00:29:48.590000,0 days 01:28:04.102000
2024-07-07 14:33:01.532,OnTrack,2604,12833,2032,pos,0 days 00:29:48.991000,0 days 01:28:04.503000
2024-07-07 14:33:01.911,OnTrack,2842,12857,2035,pos,0 days 00:29:49.370000,0 days 01:28:04.882000
2024-07-07 14:33:02.131,OnTrack,3097,12882,2037,pos,0 days 00:29:49.590000,0 days 01:28:05.102000
2024-07-07 14:33:02.592,OnTrack,3386,12913,2039,pos,0 days 00:29:50.051000,0 days 01:28:05.563000
2024-07-07 14:33:02.751,OnTrack,3516,12928,2040,pos,0 days 00:29:50.210000,0 days 01:28:05.722000
2024-07-07 14:33:03.011,OnTrack,3726,12951,2038,pos,0 days 00:29:50.470000,0 days 01:28:05.982000
2024-07-07 14:33:03.232,OnTrack,3896,12970,2042,pos,0 days 00:29:50.691000,0 days 01:28:06.203000
2024-07-07 14:33:03.412,OnTrack,4042,12987,2043,pos,0 days 00:29:50.871000,0 days 01:28:06.383000
2024-07-07 14:33:03.531,OnTrack,4147,13001,2044,pos,0 days 00:29:50.990000,0 days 01:28:06.502000
2024-07-07 14:33:03.792,OnTrack,4356,13028,2045,pos,0 days 00:29:51.251000,0 days 01:28:06.763000
2024-07-07 14:33:03.972,OnTrack,4501,13048,2046,pos,0 days 00:29:51.431000,0 days 01:28:06.943000
2024-07-07 14:33:04.151,OnTrack,4645,13066,2047,pos,0 days 00:29:51.610000,0 days 01:28:07.122000
2024-07-07 14:33:04.492,OnTrack,4915,13097,2048,pos,0 days 00:29:51.951000,0 days 01:28:07.463000
2024-07-07 14:33:04.632,OnTrack,5021,13106,2048,pos,0 days 00:29:52.091000,0 days 01:28:07.603000
2024-07-07 14:33:04.872,OnTrack,5192,13115,2049,pos,0 days 00:29:52.331000,0 days 01:28:07.843000
2024-07-07 14:33:05.092,OnTrack,5313,13111,2050,pos,0 days 00:29:52.551000,0 days 01:28:08.063000
2024-07-07 14:33:05.332,OnTrack,5475,13089,2050,pos,0 days 00:29:52.791000,0 days 01:28:08.303000
2024-07-07 14:33:05.392,OnTrack,5514,13081,2051,pos,0 days 00:29:52.851000,0 days 01:28:08.363000
2024-07-07 14:33:05.672,OnTrack,5689,13032,2052,pos,0 days 00:29:53.131000,0 days 01:28:08.643000
2024-07-07 14:33:05.892,OnTrack,5819,12979,2052,pos,0 days 00:29:53.351000,0 days 01:28:08.863000
2024-07-07 14:33:06.172,OnTrack,6012,12866,2054,pos,0 days 00:29:53.631000,0 days 01:28:09.143000
2024-07-07 14:33:06.512,OnTrack,6159,12752,2055,pos,0 days 00:29:53.971000,0 days 01:28:09.483000
2024-07-07 14:33:06.752,OnTrack,6324,12579,2056,pos,0 days 00:29:54.211000,0 days 01:28:09.723000
2024-07-07 14:33:07.171,OnTrack,6436,12406,2056,pos,0 days 00:29:54.630000,0 days 01:28:10.142000
2024-07-07 14:33:07.411,OnTrack,6511,12254,2058,pos,0 days 00:29:54.870000,0 days 01:28:10.382000
2024-07-07 14:33:07.591,OnTrack,6575,12097,2059,pos,0 days 00:29:55.050000,0 days 01:28:10.562000
2024-07-07 14:33:07.851,OnTrack,6622,11962,2060,pos,0 days 00:29:55.310000,0 days 01:28:10.822000
2024-07-07 14:33:08.071,OnTrack,6668,11810,2061,pos,0 days 00:29:55.530000,0 days 01:28:11.042000
2024-07-07 14:33:08.371,OnTrack,6722,11605,2062,pos,0 days 00:29:55.830000,0 days 01:28:11.342000
2024-07-07 14:33:08.671,OnTrack,6798,11280,2065,pos,0 days 00:29:56.130000,0 days 01:28:11.642000
2024-07-07 14:33:08.951,OnTrack,6819,11177,2066,pos,0 days 00:29:56.410000,0 days 01:28:11.922000
2024-07-07 14:33:09.152,OnTrack,6849,11017,2067,pos,0 days 00:29:56.611000,0 days 01:28:12.123000
2024-07-07 14:33:09.412,OnTrack,6880,10820,2068,pos,0 days 00:29:56.871000,0 days 01:28:12.383000
2024-07-07 14:33:09.631,OnTrack,6915,10553,2071,pos,0 days 00:29:57.090000,0 days 01:28:12.602000
2024-07-07 14:33:09.972,OnTrack,6933,10390,2072,pos,0 days 00:29:57.431000,0 days 01:28:12.943000
2024-07-07 14:33:10.232,OnTrack,6952,10187,2073,pos,0 days 00:29:57.691000,0 days 01:28:13.203000
2024-07-07 14:33:10.411,OnTrack,6963,10046,2074,pos,0 days 00:29:57.870000,0 days 01:28:13.382000
2024-07-07 14:33:10.671,OnTrack,6973,9839,2074,pos,0 days 00:29:58.130000,0 days 01:28:13.642000
2024-07-07 14:33:10.872,OnTrack,6981,9567,2075,pos,0 days 00:29:58.331000,0 days 01:28:13.843000
2024-07-07 14:33:11.231,OnTrack,6985,9390,2075,pos,0 days 00:29:58.690000,0 days 01:28:14.202000
2024-07-07 14:33:11.491,OnTrack,6992,9179,2074,pos,0 days 00:29:58.950000,0 days 01:28:14.462000
2024-07-07 14:33:11.811,OnTrack,7015,8856,2072,pos,0 days 00:29:59.270000,0 days 01:28:14.782000
2024-07-07 14:33:12.212,OnTrack,7066,8532,2070,pos,0 days 00:29:59.671000,0 days 01:28:15.183000
2024-07-07 14:33:12.472,OnTrack,7097,8387,2069,pos,0 days 00:29:59.931000,0 days 01:28:15.443000
2024-07-07 14:33:12.752,OnTrack,7156,8162,2068,pos,0 days 00:30:00.211000,0 days 01:28:15.723000
2024-07-07 14:33:12.952,OnTrack,7241,7895,2064,pos,0 days 00:30:00.411000,0 days 01:28:15.923000
2024-07-07 14:33:13.432,OnTrack,7378,7542,2060,pos,0 days 00:30:00.891000,0 days 01:28:16.403000
2024-07-07 14:33:13.791,OnTrack,7439,7386,2059,pos,0 days 00:30:01.250000,0 days 01:28:16.762000
2024-07-07 14:33:13.971,OnTrack,7478,7269,2058,pos,0 days 00:30:01.430000,0 days 01:28:16.942000
2024-07-07 14:33:14.191,OnTrack,7511,7144,2058,pos,0 days 00:30:01.650000,0 days 01:28:17.162000
2024-07-07 14:33:14.411,OnTrack,7533,7009,2058,pos,0 days 00:30:01.870000,0 days 01:28:17.382000
2024-07-07 14:33:14.592,OnTrack,7538,6897,2058,pos,0 days 00:30:02.051000,0 days 01:28:17.563000
2024-07-07 14:33:14.751,OnTrack,7532,6794,2058,pos,0 days 00:30:02.210000,0 days 01:28:17.722000
2024-07-07 14:33:15.071,OnTrack,7486,6513,2059,pos,0 days 00:30:02.530000,0 days 01:28:18.042000
2024-07-07 14:33:15.471,OnTrack,7452,6364,2060,pos,0 days 00:30:02.930000,0 days 01:28:18.442000
2024-07-07 14:33:15.771,OnTrack,7410,6201,2061,pos,0 days 00:30:03.230000,0 days 01:28:18.742000
2024-07-07 14:33:15.972,OnTrack,7375,6054,2062,pos,0 days 00:30:03.431000,0 days 01:28:18.943000
2024-07-07 14:33:16.371,OnTrack,7346,5905,2063,pos,0 days 00:30:03.830000,0 days 01:28:19.342000
2024-07-07 14:33:16.492,OnTrack,7337,5849,2063,pos,0 days 00:30:03.951000,0 days 01:28:19.463000
2024-07-07 14:33:16.812,OnTrack,7320,5680,2063,pos,0 days 00:30:04.271000,0 days 01:28:19.783000
2024-07-07 14:33:17.092,OnTrack,7318,5585,2062,pos,0 days 00:30:04.551000,0 days 01:28:20.063000
2024-07-07 14:33:17.312,OnTrack,7325,5492,2062,pos,0 days 00:30:04.771000,0 days 01:28:20.283000
2024-07-07 14:33:17.672,OnTrack,7352,5348,2062,pos,0 days 00:30:05.131000,0 days 01:28:20.643000
2024-07-07 14:33:17.892,OnTrack,7389,5238,2061,pos,0 days 00:30:05.351000,0 days 01:28:20.863000
2024-07-07 14:33:18.232,OnTrack,7464,5078,2059,pos,0 days 00:30:05.691000,0 days 01:28:21.203000
2024-07-07 14:33:18.591,OnTrack,7509,4999,2057,pos,0 days 00:30:06.050000,0 days 01:28:21.562000
2024-07-07 14:33:18.871,OnTrack,7569,4898,2056,pos,0 days 00:30:06.330000,0 days 01:28:21.842000
2024-07-07 14:33:19.112,OnTrack,7639,4780,2054,pos,0 days 00:30:06.571000,0 days 01:28:22.083000
2024-07-07 14:33:19.512,OnTrack,7700,4661,2052,pos,0 days 00:30:06.971000,0 days 01:28:22.483000
2024-07-07 14:33:19.752,OnTrack,7738,4568,2051,pos,0 days 00:30:07.211000,0 days 01:28:22.723000
2024-07-07 14:33:19.932,OnTrack,7760,4498,2050,pos,0 days 00:30:07.391000,0 days 01:28:22.903000
2024-07-07 14:33:20.092,OnTrack,7775,4435,2049,pos,0 days 00:30:07.551000,0 days 01:28:23.063000
2024-07-07 14:33:20.291,OnTrack,7786,4356,2048,pos,0 days 00:30:07.750000,0 days 01:28:23.262000
2024-07-07 14:33:20.491,OnTrack,7788,4280,2047,pos,0 days 00:30:07.950000,0 days 01:28:23.462000
2024-07-07 14:33:20.771,OnTrack,7776,4163,2045,pos,0 days 00:30:08.230000,0 days 01:28:23.742000
2024-07-07 14:33:20.951,OnTrack,7752,4060,2043,pos,0 days 00:30:08.410000,0 days 01:28:23.922000
2024-07-07 14:33:21.251,OnTrack,7724,3973,2042,pos,0 days 00:30:08.710000,0 days 01:28:24.222000
2024-07-07 14:33:21.612,OnTrack,7662,3835,2040,pos,0 days 00:30:09.071000,0 days 01:28:24.583000
2024-07-07 14:33:21.731,OnTrack,7636,3790,2040,pos,0 days 00:30:09.190000,0 days 01:28:24.702000
2024-07-07 14:33:21.991,OnTrack,7573,3695,2038,pos,0 days 00:30:09.450000,0 days 01:28:24.962000
2024-07-07 14:33:22.212,OnTrack,7510,3618,2037,pos,0 days 00:30:09.671000,0 days 01:28:25.183000
2024-07-07 14:33:22.391,OnTrack,7451,3559,2037,pos,0 days 00:30:09.850000,0 days 01:28:25.362000
2024-07-07 14:33:22.571,OnTrack,7384,3505,2036,pos,0 days 00:30:10.030000,0 days 01:28:25.542000
2024-07-07 14:33:22.831,OnTrack,7211,3398,2033,pos,0 days 00:30:10.290000,0 days 01:28:25.802000
2024-07-07 14:33:23.151,OnTrack,7131,3355,2032,pos,0 days 00:30:10.610000,0 days 01:28:26.122000
2024-07-07 14:33:23.352,OnTrack,7030,3302,2031,pos,0 days 00:30:10.811000,0 days 01:28:26.323000
2024-07-07 14:33:23.632,OnTrack,6896,3220,2029,pos,0 days 00:30:11.091000,0 days 01:28:26.603000
2024-07-07 14:33:23.731,OnTrack,6850,3186,2029,pos,0 days 00:30:11.190000,0 days 01:28:26.702000
2024-07-07 14:33:23.971,OnTrack,6743,3092,2028,pos,0 days 00:30:11.430000,0 days 01:28:26.942000
2024-07-07 14:33:24.172,OnTrack,6656,3004,2028,pos,0 days 00:30:11.631000,0 days 01:28:27.143000
2024-07-07 14:33:24.452,OnTrack,6542,2880,2027,pos,0 days 00:30:11.911000,0 days 01:28:27.423000
2024-07-07 14:33:24.672,OnTrack,6453,2774,2027,pos,0 days 00:30:12.131000,0 days 01:28:27.643000
2024-07-07 14:33:24.752,OnTrack,6421,2733,2027,pos,0 days 00:30:12.211000,0 days 01:28:27.723000
2024-07-07 14:33:25.072,OnTrack,6255,2484,2026,pos,0 days 00:30:12.531000,0 days 01:28:28.043000
2024-07-07 14:33:25.411,OnTrack,6178,2348,2026,pos,0 days 00:30:12.870000,0 days 01:28:28.382000
2024-07-07 14:33:25.752,OnTrack,6068,2140,2025,pos,0 days 00:30:13.211000,0 days 01:28:28.723000
2024-07-07 14:33:25.852,OnTrack,6036,2078,2025,pos,0 days 00:30:13.311000,0 days 01:28:28.823000
2024-07-07 14:33:26.032,OnTrack,5980,1964,2025,pos,0 days 00:30:13.491000,0 days 01:28:29.003000
2024-07-07 14:33:26.352,OnTrack,5842,1679,2023,pos,0 days 00:30:13.811000,0 days 01:28:29.323000
2024-07-07 14:33:26.652,OnTrack,5784,1561,2023,pos,0 days 00:30:14.111000,0 days 01:28:29.623000
2024-07-07 14:33:26.811,OnTrack,5733,1454,2023,pos,0 days 00:30:14.270000,0 days 01:28:29.782000
2024-07-07 14:33:26.991,OnTrack,5676,1334,2022,pos,0 days 00:30:14.450000,0 days 01:28:29.962000
2024-07-07 14:33:27.231,OnTrack,5598,1172,2021,pos,0 days 00:30:14.690000,0 days 01:28:30.202000
2024-07-07 14:33:27.471,OnTrack,5474,911,2019,pos,0 days 00:30:14.930000,0 days 01:28:30.442000
2024-07-07 14:33:27.971,OnTrack,5358,669,2017,pos,0 days 00:30:15.430000,0 days 01:28:30.942000
2024-07-07 14:33:28.192,OnTrack,5281,509,2016,pos,0 days 00:30:15.651000,0 days 01:28:31.163000
2024-07-07 14:33:28.371,OnTrack,5220,383,2015,pos,0 days 00:30:15.830000,0 days 01:28:31.342000
2024-07-07 14:33:28.531,OnTrack,5117,172,2013,pos,0 days 00:30:15.990000,0 days 01:28:31.502000
2024-07-07 14:33:28.911,OnTrack,5035,1,2012,pos,0 days 00:30:16.370000,0 days 01:28:31.882000
2024-07-07 14:33:29.111,OnTrack,4966,-141,2011,pos,0 days 00:30:16.570000,0 days 01:28:32.082000
2024-07-07 14:33:29.371,OnTrack,4848,-386,2009,pos,0 days 00:30:16.830000,0 days 01:28:32.342000
2024-07-07 14:33:29.751,OnTrack,4748,-595,2008,pos,0 days 00:30:17.210000,0 days 01:28:32.722000
2024-07-07 14:33:29.971,OnTrack,4646,-805,2007,pos,0 days 00:30:17.430000,0 days 01:28:32.942000
2024-07-07 14:33:30.432,OnTrack,4494,-1119,2005,pos,0 days 00:30:17.891000,0 days 01:28:33.403000
2024-07-07 14:33:30.672,OnTrack,4427,-1258,2003,pos,0 days 00:30:18.131000,0 days 01:28:33.643000
2024-07-07 14:33:30.972,OnTrack,4318,-1477,2001,pos,0 days 00:30:18.431000,0 days 01:28:33.943000
2024-07-07 14:33:31.192,OnTrack,4238,-1639,1999,pos,0 days 00:30:18.651000,0 days 01:28:34.163000
2024-07-07 14:33:31.391,OnTrack,4165,-1786,1997,pos,0 days 00:30:18.850000,0 days 01:28:34.362000
2024-07-07 14:33:31.572,OnTrack,4098,-1919,1995,pos,0 days 00:30:19.031000,0 days 01:28:34.543000
2024-07-07 14:33:31.752,OnTrack,4035,-2044,1994,pos,0 days 00:30:19.211000,0 days 01:28:34.723000
2024-07-07 14:33:32.072,OnTrack,3885,-2337,1994,pos,0 days 00:30:19.531000,0 days 01:28:35.043000
2024-07-07 14:33:32.412,OnTrack,3780,-2537,1994,pos,0 days 00:30:19.871000,0 days 01:28:35.383000
2024-07-07 14:33:32.572,OnTrack,3727,-2638,1995,pos,0 days 00:30:20.031000,0 days 01:28:35.543000
2024-07-07 14:33:32.872,OnTrack,3608,-2858,1998,pos,0 days 00:30:20.331000,0 days 01:28:35.843000
2024-07-07 14:33:33.032,OnTrack,3546,-2971,2000,pos,0 days 00:30:20.491000,0 days 01:28:36.003000
2024-07-07 14:33:33.292,OnTrack,3429,-3175,2004,pos,0 days 00:30:20.751000,0 days 01:28:36.263000
2024-07-07 14:33:33.671,OnTrack,3302,-3382,2009,pos,0 days 00:30:21.130000,0 days 01:28:36.642000
2024-07-07 14:33:33.872,OnTrack,3229,-3488,2011,pos,0 days 00:30:21.331000,0 days 01:28:36.843000
2024-07-07 14:33:34.031,OnTrack,3171,-3566,2013,pos,0 days 00:30:21.490000,0 days 01:28:37.002000
2024-07-07 14:33:34.291,OnTrack,3077,-3682,2016,pos,0 days 00:30:21.750000,0 days 01:28:37.262000
2024-07-07 14:33:34.452,OnTrack,2968,-3798,2018,pos,0 days 00:30:21.911000,0 days 01:28:37.423000
2024-07-07 14:33:34.911,OnTrack,2847,-3900,2021,pos,0 days 00:30:22.370000,0 days 01:28:37.882000
2024-07-07 14:33:34.992,OnTrack,2815,-3922,2022,pos,0 days 00:30:22.451000,0 days 01:28:37.963000
2024-07-07 14:33:35.331,OnTrack,2677,-4004,2025,pos,0 days 00:30:22.790000,0 days 01:28:38.302000
2024-07-07 14:33:35.532,OnTrack,2595,-4042,2026,pos,0 days 00:30:22.991000,0 days 01:28:38.503000
2024-07-07 14:33:35.691,OnTrack,2511,-4072,2027,pos,0 days 00:30:23.150000,0 days 01:28:38.662000
2024-07-07 14:33:36.152,OnTrack,2315,-4112,2030,pos,0 days 00:30:23.611000,0 days 01:28:39.123000
2024-07-07 14:33:36.392,OnTrack,2254,-4115,2031,pos,0 days 00:30:23.851000,0 days 01:28:39.363000
2024-07-07 14:33:36.652,OnTrack,2140,-4109,2032,pos,0 days 00:30:24.111000,0 days 01:28:39.623000
2024-07-07 14:33:36.972,OnTrack,2004,-4083,2033,pos,0 days 00:30:24.431000,0 days 01:28:39.943000
2024-07-07 14:33:37.071,OnTrack,1957,-4069,2033,pos,0 days 00:30:24.530000,0 days 01:28:40.042000
2024-07-07 14:33:37.331,OnTrack,1848,-4027,2033,pos,0 days 00:30:24.790000,0 days 01:28:40.302000
2024-07-07 14:33:37.552,OnTrack,1759,-3981,2033,pos,0 days 00:30:25.011000,0 days 01:28:40.523000
2024-07-07 14:33:37.712,OnTrack,1697,-3941,2033,pos,0 days 00:30:25.171000,0 days 01:28:40.683000
2024-07-07 14:33:37.992,OnTrack,1592,-3861,2032,pos,0 days 00:30:25.451000,0 days 01:28:40.963000
2024-07-07 14:33:38.151,OnTrack,1535,-3809,2031,pos,0 days 00:30:25.610000,0 days 01:28:41.122000
2024-07-07 14:33:38.312,OnTrack,1481,-3752,2031,pos,0 days 00:30:25.771000,0 days 01:28:41.283000
2024-07-07 14:33:38.492,OnTrack,1422,-3684,2030,pos,0 days 00:30:25.951000,0 days 01:28:41.463000
2024-07-07 14:33:38.772,OnTrack,1335,-3567,2028,pos,0 days 00:30:26.231000,0 days 01:28:41.743000
2024-07-07 14:33:39.011,OnTrack,1267,-3458,2026,pos,0 days 00:30:26.470000,0 days 01:28:41.982000
2024-07-07 14:33:39.172,OnTrack,1223,-3380,2024,pos,0 days 00:30:26.631000,0 days 01:28:42.143000
2024-07-07 14:33:39.352,OnTrack,1138,-3220,2019,pos,0 days 00:30:26.811000,0 days 01:28:42.323000
2024-07-07 14:33:39.853,OnTrack,1036,-3032,2012,pos,0 days 00:30:27.312000,0 days 01:28:42.824000
2024-07-07 14:33:40.071,OnTrack,966,-2916,2006,pos,0 days 00:30:27.530000,0 days 01:28:43.042000
2024-07-07 14:33:40.151,OnTrack,939,-2873,2004,pos,0 days 00:30:27.610000,0 days 01:28:43.122000
2024-07-07 14:33:40.471,OnTrack,807,-2683,1995,pos,0 days 00:30:27.930000,0 days 01:28:43.442000
2024-07-07 14:33:40.731,OnTrack,721,-2566,1990,pos,0 days 00:30:28.190000,0 days 01:28:43.702000
2024-07-07 14:33:41.071,OnTrack,586,-2384,1986,pos,0 days 00:30:28.530000,0 days 01:28:44.042000
2024-07-07 14:33:41.291,OnTrack,474,-2232,1984,pos,0 days 00:30:28.750000,0 days 01:28:44.262000
2024-07-07 14:33:41.571,OnTrack,374,-2099,1985,pos,0 days 00:30:29.030000,0 days 01:28:44.542000
2024-07-07 14:33:41.812,OnTrack,274,-1969,1986,pos,0 days 00:30:29.271000,0 days 01:28:44.783000
2024-07-07 14:33:41.931,OnTrack,222,-1904,1986,pos,0 days 00:30:29.390000,0 days 01:28:44.902000
2024-07-07 14:33:42.211,OnTrack,352,-1927,1986,pos,0 days 00:30:29.670000,0 days 01:28:45.182000
2024-07-07 14:33:42.652,OnTrack,341,-1850,1986,pos,0 days 00:30:30.111000,0 days 01:28:45.623000
2024-07-07 14:33:42.892,OnTrack,255,-1722,1986,pos,0 days 00:30:30.351000,0 days 01:28:45.863000
2024-07-07 14:33:43.011,OnTrack,214,-1660,1986,pos,0 days 00:30:30.470000,0 days 01:28:45.982000
2024-07-07 14:33:43.252,OnTrack,134,-1541,1986,pos,0 days 00:30:30.711000,0 days 01:28:46.223000
2024-07-07 14:33:43.432,OnTrack,77,-1455,1986,pos,0 days 00:30:30.891000,0 days 01:28:46.403000
2024-07-07 14:33:43.591,OnTrack,28,-1382,1986,pos,0 days 00:30:31.050000,0 days 01:28:46.562000
2024-07-07 14:33:43.851,OnTrack,-47,-1269,1986,pos,0 days 00:30:31.310000,0 days 01:28:46.822000
2024-07-07 14:33:44.052,OnTrack,-104,-1188,1986,pos,0 days 00:30:31.511000,0 days 01:28:47.023000
2024-07-07 14:33:44.252,OnTrack,-160,-1110,1986,pos,0 days 00:30:31.711000,0 days 01:28:47.223000
2024-07-07 14:33:44.532,OnTrack,-233,-1014,1986,pos,0 days 00:30:31.991000,0 days 01:28:47.503000
2024-07-07 14:33:44.792,OnTrack,-330,-900,1986,pos,0 days 00:30:32.251000,0 days 01:28:47.763000
2024-07-07 14:33:45.072,OnTrack,-367,-859,1986,pos,0 days 00:30:32.531000,0 days 01:28:48.043000
2024-07-07 14:33:45.232,OnTrack,-406,-816,1986,pos,0 days 00:30:32.691000,0 days 01:28:48.203000
2024-07-07 14:33:45.572,OnTrack,-478,-737,1986,pos,0 days 00:30:33.031000,0 days 01:28:48.543000
2024-07-07 14:33:45.812,OnTrack,-524,-687,1986,pos,0 days 00:30:33.271000,0 days 01:28:48.783000
2024-07-07 14:33:45.972,OnTrack,-553,-655,1986,pos,0 days 00:30:33.431000,0 days 01:28:48.943000
2024-07-07 14:33:46.212,OnTrack,-593,-612,1986,pos,0 days 00:30:33.671000,0 days 01:28:49.183000
2024-07-07 14:33:46.393,OnTrack,-621,-582,1986,pos,0 days 00:30:33.852000,0 days 01:28:49.364000
2024-07-07 14:33:46.591,OnTrack,-916,-269,1986,pos,0 days 00:30:34.050000,0 days 01:28:49.562000
2024-07-07 14:33:46.751,OnTrack,-940,-244,1986,pos,0 days 00:30:34.210000,0 days 01:28:49.722000
2024-07-07 14:33:46.952,OnTrack,-970,-213,1986,pos,0 days 00:30:34.411000,0 days 01:28:49.923000
2024-07-07 14:33:47.232,OnTrack,-1012,-168,1986,pos,0 days 00:30:34.691000,0 days 01:28:50.203000
2024-07-07 14:33:47.451,OnTrack,-1063,-114,1986,pos,0 days 00:30:34.910000,0 days 01:28:50.422000
2024-07-07 14:33:47.772,OnTrack,-1093,-81,1986,pos,0 days 00:30:35.231000,0 days 01:28:50.743000
2024-07-07 14:33:48.052,OnTrack,-1136,-36,1986,pos,0 days 00:30:35.511000,0 days 01:28:51.023000
2024-07-07 14:33:48.251,OnTrack,-1178,8,1986,pos,0 days 00:30:35.710000,0 days 01:28:51.222000
2024-07-07 14:33:48.671,OnTrack,-1248,81,1986,pos,0 days 00:30:36.130000,0 days 01:28:51.642000
2024-07-07 14:33:48.991,OnTrack,-1321,159,1986,pos,0 days 00:30:36.450000,0 days 01:28:51.962000
2024-07-07 14:33:49.251,OnTrack,-1382,223,1986,pos,0 days 00:30:36.710000,0 days 01:28:52.222000
2024-07-07 14:33:49.631,OnTrack,-1418,261,1986,pos,0 days 00:30:37.090000,0 days 01:28:52.602000
2024-07-07 14:33:49.911,OnTrack,-1461,307,1986,pos,0 days 00:30:37.370000,0 days 01:28:52.882000
2024-07-07 14:33:49.952,OnTrack,-1467,313,1986,pos,0 days 00:30:37.411000,0 days 01:28:52.923000
2024-07-07 14:33:50.252,OnTrack,-1512,361,1986,pos,0 days 00:30:37.711000,0 days 01:28:53.223000
2024-07-07 14:33:50.472,OnTrack,-1543,398,1986,pos,0 days 00:30:37.931000,0 days 01:28:53.443000
2024-07-07 14:33:50.691,OnTrack,-1569,437,1986,pos,0 days 00:30:38.150000,0 days 01:28:53.662000
2024-07-07 14:33:50.872,OnTrack,-1582,462,1986,pos,0 days 00:30:38.331000,0 days 01:28:53.843000
2024-07-07 14:33:51.312,OnTrack,-1615,552,1986,pos,0 days 00:30:38.771000,0 days 01:28:54.283000
2024-07-07 14:33:51.732,OnTrack,-1625,612,1986,pos,0 days 00:30:39.191000,0 days 01:28:54.703000
2024-07-07 14:33:51.892,OnTrack,-1627,669,1986,pos,0 days 00:30:39.351000,0 days 01:28:54.863000
2024-07-07 14:33:52.232,OnTrack,-1622,721,1986,pos,0 days 00:30:39.691000,0 days 01:28:55.203000
2024-07-07 14:33:52.492,OnTrack,-1603,791,1986,pos,0 days 00:30:39.951000,0 days 01:28:55.463000
2024-07-07 14:33:52.692,OnTrack,-1577,853,1986,pos,0 days 00:30:40.151000,0 days 01:28:55.663000
2024-07-07 14:33:52.992,OnTrack,-1543,910,1986,pos,0 days 00:30:40.451000,0 days 01:28:55.963000
2024-07-07 14:33:53.032,OnTrack,-1538,918,1986,pos,0 days 00:30:40.491000,0 days 01:28:56.003000
2024-07-07 14:33:53.391,OnTrack,-1493,984,1986,pos,0 days 00:30:40.850000,0 days 01:28:56.362000
2024-07-07 14:33:53.571,OnTrack,-1472,1016,1986,pos,0 days 00:30:41.030000,0 days 01:28:56.542000
2024-07-07 14:33:53.851,OnTrack,-1426,1084,1986,pos,0 days 00:30:41.310000,0 days 01:28:56.822000
2024-07-07 14:33:54.091,OnTrack,-1407,1114,1986,pos,0 days 00:30:41.550000,0 days 01:28:57.062000
2024-07-07 14:33:54.471,OnTrack,-1360,1184,1986,pos,0 days 00:30:41.930000,0 days 01:28:57.442000
2024-07-07 14:33:54.631,OnTrack,-1316,1250,1986,pos,0 days 00:30:42.090000,0 days 01:28:57.602000
2024-07-07 14:33:54.971,OnTrack,-1284,1298,1986,pos,0 days 00:30:42.430000,0 days 01:28:57.942000
2024-07-07 14:33:55.211,OnTrack,-1254,1342,1986,pos,0 days 00:30:42.670000,0 days 01:28:58.182000
2024-07-07 14:33:55.491,OnTrack,-1207,1412,1986,pos,0 days 00:30:42.950000,0 days 01:28:58.462000
2024-07-07 14:33:55.932,OnTrack,-1165,1474,1986,pos,0 days 00:30:43.391000,0 days 01:28:58.903000
2024-07-07 14:33:56.091,OnTrack,-1147,1502,1986,pos,0 days 00:30:43.550000,0 days 01:28:59.062000
2024-07-07 14:33:56.272,OnTrack,-1123,1537,1986,pos,0 days 00:30:43.731000,0 days 01:28:59.243000
2024-07-07 14:33:56.452,OnTrack,-1101,1570,1986,pos,0 days 00:30:43.911000,0 days 01:28:59.423000
2024-07-07 14:33:56.711,OnTrack,-1066,1622,1986,pos,0 days 00:30:44.170000,0 days 01:28:59.682000
2024-07-07 14:33:56.971,OnTrack,-1035,1669,1986,pos,0 days 00:30:44.430000,0 days 01:28:59.942000
2024-07-07 14:33:57.191,OnTrack,-1009,1707,1986,pos,0 days 00:30:44.650000,0 days 01:29:00.162000
2024-07-07 14:33:57.372,OnTrack,-977,1756,1986,pos,0 days 00:30:44.831000,0 days 01:29:00.343000
2024-07-07 14:33:57.732,OnTrack,-953,1791,1986,pos,0 days 00:30:45.191000,0 days 01:29:00.703000
2024-07-07 14:33:58.012,OnTrack,-920,1841,1986,pos,0 days 00:30:45.471000,0 days 01:29:00.983000
2024-07-07 14:33:58.392,OnTrack,-896,1877,1986,pos,0 days 00:30:45.851000,0 days 01:29:01.363000
2024-07-07 14:33:58.652,OnTrack,-870,1915,1986,pos,0 days 00:30:46.111000,0 days 01:29:01.623000
2024-07-07 14:33:58.972,OnTrack,-858,1934,1986,pos,0 days 00:30:46.431000,0 days 01:29:01.943000
2024-07-07 14:33:59.172,OnTrack,-848,1949,1986,pos,0 days 00:30:46.631000,0 days 01:29:02.143000
2024-07-07 14:33:59.332,OnTrack,-841,1959,1986,pos,0 days 00:30:46.791000,0 days 01:29:02.303000
2024-07-07 14:33:59.512,OnTrack,-835,1967,1986,pos,0 days 00:30:46.971000,0 days 01:29:02.483000
2024-07-07 14:33:59.831,OnTrack,-830,1976,1986,pos,0 days 00:30:47.290000,0 days 01:29:02.802000
2024-07-07 14:33:59.992,OnTrack,-828,1978,1986,pos,0 days 00:30:47.451000,0 days 01:29:02.963000
2024-07-07 14:34:00.151,OnTrack,-828,1979,1986,pos,0 days 00:30:47.610000,0 days 01:29:03.122000
2024-07-07 14:34:00.491,OnTrack,-828,1979,1986,pos,0 days 00:30:47.950000,0 days 01:29:03.462000
2024-07-07 14:34:00.871,OnTrack,-828,1979,1986,pos,0 days 00:30:48.330000,0 days 01:29:03.842000
2024-07-07 14:34:01.132,OnTrack,-828,1979,1986,pos,0 days 00:30:48.591000,0 days 01:29:04.103000
2024-07-07 14:34:01.531,OnTrack,-828,1979,1986,pos,0 days 00:30:48.990000,0 days 01:29:04.502000
2024-07-07 14:34:01.751,OnTrack,-828,1979,1986,pos,0 days 00:30:49.210000,0 days 01:29:04.722000
2024-07-07 14:34:02.051,OnTrack,-828,1979,1986,pos,0 days 00:30:49.510000,0 days 01:29:05.022000
2024-07-07 14:34:02.351,OnTrack,-828,1979,1986,pos,0 days 00:30:49.810000,0 days 01:29:05.322000
2024-07-07 14:34:02.492,OnTrack,-828,1979,1986,pos,0 days 00:30:49.951000,0 days 01:29:05.463000
2024-07-07 14:34:02.712,OnTrack,-828,1979,1986,pos,0 days 00:30:50.171000,0 days 01:29:05.683000
2024-07-07 14:34:02.891,OnTrack,-828,1979,1986,pos,0 days 00:30:50.350000,0 days 01:29:05.862000
2024-07-07 14:34:03.171,OnTrack,-828,1979,1986,pos,0 days 00:30:50.630000,0 days 01:29:06.142000
2024-07-07 14:34:03.352,OnTrack,-828,1979,1986,pos,0 days 00:30:50.811000,0 days 01:29:06.323000
2024-07-07 14:34:03.632,OnTrack,-828,1979,1986,pos,0 days 00:30:51.091000,0 days 01:29:06.603000
2024-07-07 14:34:04.031,OnTrack,-827,1980,1986,pos,0 days 00:30:51.490000,0 days 01:29:07.002000
2024-07-07 14:34:04.352,OnTrack,-823,1985,1986,pos,0 days 00:30:51.811000,0 days 01:29:07.323000
2024-07-07 14:34:04.591,OnTrack,-814,2000,1986,pos,0 days 00:30:52.050000,0 days 01:29:07.562000
2024-07-07 14:34:04.952,OnTrack,-805,2013,1986,pos,0 days 00:30:52.411000,0 days 01:29:07.923000
2024-07-07 14:34:05.172,OnTrack,-795,2027,1986,pos,0 days 00:30:52.631000,0 days 01:29:08.143000
2024-07-07 14:34:05.472,OnTrack,-773,2061,1986,pos,0 days 00:30:52.931000,0 days 01:29:08.443000
2024-07-07 14:34:05.892,OnTrack,-746,2101,1986,pos,0 days 00:30:53.351000,0 days 01:29:08.863000
2024-07-07 14:34:06.132,OnTrack,-727,2130,1986,pos,0 days 00:30:53.591000,0 days 01:29:09.103000
2024-07-07 14:34:06.451,OnTrack,-696,2174,1986,pos,0 days 00:30:53.910000,0 days 01:29:09.422000
2024-07-07 14:34:06.651,OnTrack,-663,2223,1986,pos,0 days 00:30:54.110000,0 days 01:29:09.622000
2024-07-07 14:34:07.011,OnTrack,-633,2269,1986,pos,0 days 00:30:54.470000,0 days 01:29:09.982000
2024-07-07 14:34:07.251,OnTrack,-604,2312,1986,pos,0 days 00:30:54.710000,0 days 01:29:10.222000
2024-07-07 14:34:07.451,OnTrack,-563,2372,1986,pos,0 days 00:30:54.910000,0 days 01:29:10.422000
2024-07-07 14:34:07.811,OnTrack,-536,2412,1986,pos,0 days 00:30:55.270000,0 days 01:29:10.782000
2024-07-07 14:34:08.031,OnTrack,-509,2453,1986,pos,0 days 00:30:55.490000,0 days 01:29:11.002000
2024-07-07 14:34:08.232,OnTrack,-484,2490,1986,pos,0 days 00:30:55.691000,0 days 01:29:11.203000
2024-07-07 14:34:08.371,OnTrack,-467,2516,1986,pos,0 days 00:30:55.830000,0 days 01:29:11.342000
2024-07-07 14:34:08.732,OnTrack,-422,2582,1986,pos,0 days 00:30:56.191000,0 days 01:29:11.703000
2024-07-07 14:34:08.951,OnTrack,-395,2622,1986,pos,0 days 00:30:56.410000,0 days 01:29:11.922000
2024-07-07 14:34:09.191,OnTrack,-350,2688,1986,pos,0 days 00:30:56.650000,0 days 01:29:12.162000
2024-07-07 14:34:09.512,OnTrack,-318,2736,1986,pos,0 days 00:30:56.971000,0 days 01:29:12.483000
2024-07-07 14:34:09.711,OnTrack,-294,2772,1986,pos,0 days 00:30:57.170000,0 days 01:29:12.682000
2024-07-07 14:34:09.892,OnTrack,-271,2805,1986,pos,0 days 00:30:57.351000,0 days 01:29:12.863000
2024-07-07 14:34:10.051,OnTrack,-252,2835,1986,pos,0 days 00:30:57.510000,0 days 01:29:13.022000
2024-07-07 14:34:10.352,OnTrack,-215,2890,1986,pos,0 days 00:30:57.811000,0 days 01:29:13.323000
2024-07-07 14:34:10.612,OnTrack,-170,2955,1986,pos,0 days 00:30:58.071000,0 days 01:29:13.583000
2024-07-07 14:34:10.952,OnTrack,-141,2999,1986,pos,0 days 00:30:58.411000,0 days 01:29:13.923000
2024-07-07 14:34:11.152,OnTrack,-116,3036,1986,pos,0 days 00:30:58.611000,0 days 01:29:14.123000
2024-07-07 14:34:11.472,OnTrack,-77,3094,1986,pos,0 days 00:30:58.931000,0 days 01:29:14.443000
2024-07-07 14:34:11.492,OnTrack,-75,3097,1986,pos,0 days 00:30:58.951000,0 days 01:29:14.463000
2024-07-07 14:34:11.692,OnTrack,-51,3133,1986,pos,0 days 00:30:59.151000,0 days 01:29:14.663000
2024-07-07 14:34:12.032,OnTrack,0,3210,1986,pos,0 days 00:30:59.491000,0 days 01:29:15.003000
2024-07-07 14:34:12.352,OnTrack,30,3254,1986,pos,0 days 00:30:59.811000,0 days 01:29:15.323000
2024-07-07 14:34:12.532,OnTrack,52,3287,1986,pos,0 days 00:30:59.991000,0 days 01:29:15.503000
2024-07-07 14:34:12.812,OnTrack,86,3338,1986,pos,0 days 00:31:00.271000,0 days 01:29:15.783000
2024-07-07 14:34:13.031,OnTrack,114,3378,1986,pos,0 days 00:31:00.490000,0 days 01:29:16.002000
2024-07-07 14:34:13.231,OnTrack,138,3415,1986,pos,0 days 00:31:00.690000,0 days 01:29:16.202000
2024-07-07 14:34:13.411,OnTrack,160,3448,1986,pos,0 days 00:31:00.870000,0 days 01:29:16.382000
2024-07-07 14:34:13.731,OnTrack,200,3507,1986,pos,0 days 00:31:01.190000,0 days 01:29:16.702000
2024-07-07 14:34:13.931,OnTrack,225,3543,1986,pos,0 days 00:31:01.390000,0 days 01:29:16.902000
2024-07-07 14:34:14.091,OnTrack,190,3492,1986,pos,0 days 00:31:01.550000,0 days 01:29:17.062000
2024-07-07 14:34:14.291,OnTrack,215,3528,1986,pos,0 days 00:31:01.750000,0 days 01:29:17.262000
2024-07-07 14:34:14.391,OnTrack,227,3547,1986,pos,0 days 00:31:01.850000,0 days 01:29:17.362000
2024-07-07 14:34:14.671,OnTrack,262,3598,1986,pos,0 days 00:31:02.130000,0 days 01:29:17.642000
2024-07-07 14:34:14.871,OnTrack,286,3635,1986,pos,0 days 00:31:02.330000,0 days 01:29:17.842000
2024-07-07 14:34:15.171,OnTrack,323,3690,1986,pos,0 days 00:31:02.630000,0 days 01:29:18.142000
2024-07-07 14:34:15.332,OnTrack,343,3719,1986,pos,0 days 00:31:02.791000,0 days 01:29:18.303000
2024-07-07 14:34:15.552,OnTrack,370,3759,1986,pos,0 days 00:31:03.011000,0 days 01:29:18.523000
2024-07-07 14:34:15.751,OnTrack,456,3888,1986,pos,0 days 00:31:03.210000,0 days 01:29:18.722000
2024-07-07 14:34:16.172,OnTrack,496,3943,1986,pos,0 days 00:31:03.631000,0 days 01:29:19.143000
2024-07-07 14:34:16.412,OnTrack,533,3983,1986,pos,0 days 00:31:03.871000,0 days 01:29:19.383000
2024-07-07 14:34:16.531,OnTrack,553,4001,1986,pos,0 days 00:31:03.990000,0 days 01:29:19.502000
2024-07-07 14:34:16.791,OnTrack,601,4036,1986,pos,0 days 00:31:04.250000,0 days 01:29:19.762000
2024-07-07 14:34:17.051,OnTrack,677,4081,1986,pos,0 days 00:31:04.510000,0 days 01:29:20.022000
2024-07-07 14:34:17.391,OnTrack,756,4116,1986,pos,0 days 00:31:04.850000,0 days 01:29:20.362000
2024-07-07 14:34:17.732,OnTrack,802,4131,1986,pos,0 days 00:31:05.191000,0 days 01:29:20.703000
2024-07-07 14:34:18.012,OnTrack,870,4147,1986,pos,0 days 00:31:05.471000,0 days 01:29:20.983000
2024-07-07 14:34:18.272,OnTrack,939,4158,1986,pos,0 days 00:31:05.731000,0 days 01:29:21.243000
2024-07-07 14:34:18.471,OnTrack,995,4165,1986,pos,0 days 00:31:05.930000,0 days 01:29:21.442000
2024-07-07 14:34:18.632,OnTrack,1041,4170,1986,pos,0 days 00:31:06.091000,0 days 01:29:21.603000
2024-07-07 14:34:18.792,OnTrack,1125,4181,1986,pos,0 days 00:31:06.251000,0 days 01:29:21.763000
2024-07-07 14:34:19.132,OnTrack,1194,4190,1986,pos,0 days 00:31:06.591000,0 days 01:29:22.103000
2024-07-07 14:34:19.392,OnTrack,1279,4200,1986,pos,0 days 00:31:06.851000,0 days 01:29:22.363000
2024-07-07 14:34:19.691,OnTrack,1402,4215,1986,pos,0 days 00:31:07.150000,0 days 01:29:22.662000
2024-07-07 14:34:20.031,OnTrack,1552,4234,1986,pos,0 days 00:31:07.490000,0 days 01:29:23.002000
2024-07-07 14:34:20.452,OnTrack,1668,4249,1986,pos,0 days 00:31:07.911000,0 days 01:29:23.423000
2024-07-07 14:34:20.672,OnTrack,1764,4260,1986,pos,0 days 00:31:08.131000,0 days 01:29:23.643000
2024-07-07 14:34:20.952,OnTrack,1923,4278,1986,pos,0 days 00:31:08.411000,0 days 01:29:23.923000
2024-07-07 14:34:21.252,OnTrack,2041,4291,1986,pos,0 days 00:31:08.711000,0 days 01:29:24.223000
2024-07-07 14:34:21.411,OnTrack,2123,4299,1986,pos,0 days 00:31:08.870000,0 days 01:29:24.382000
2024-07-07 14:34:21.671,OnTrack,2260,4314,1986,pos,0 days 00:31:09.130000,0 days 01:29:24.642000
2024-07-07 14:34:21.872,OnTrack,2439,4336,1986,pos,0 days 00:31:09.331000,0 days 01:29:24.843000
2024-07-07 14:34:22.191,OnTrack,2553,4357,1986,pos,0 days 00:31:09.650000,0 days 01:29:25.162000
2024-07-07 14:34:22.531,OnTrack,2751,4414,1986,pos,0 days 00:31:09.990000,0 days 01:29:25.502000
2024-07-07 14:34:22.712,OnTrack,2920,4473,1986,pos,0 days 00:31:10.171000,0 days 01:29:25.683000
2024-07-07 14:34:23.172,OnTrack,3174,4578,1986,pos,0 days 00:31:10.631000,0 days 01:29:26.143000
2024-07-07 14:34:23.552,OnTrack,3303,4661,1986,pos,0 days 00:31:11.011000,0 days 01:29:26.523000
2024-07-07 14:34:23.651,OnTrack,3351,4699,1986,pos,0 days 00:31:11.110000,0 days 01:29:26.622000
2024-07-07 14:34:23.952,OnTrack,3492,4819,1986,pos,0 days 00:31:11.411000,0 days 01:29:26.923000
2024-07-07 14:34:24.212,OnTrack,3611,4927,1986,pos,0 days 00:31:11.671000,0 days 01:29:27.183000
2024-07-07 14:34:24.392,OnTrack,3691,5003,1986,pos,0 days 00:31:11.851000,0 days 01:29:27.363000
2024-07-07 14:34:24.572,OnTrack,3770,5075,1986,pos,0 days 00:31:12.031000,0 days 01:29:27.543000
2024-07-07 14:34:24.711,OnTrack,3831,5128,1986,pos,0 days 00:31:12.170000,0 days 01:29:27.682000
2024-07-07 14:34:24.972,OnTrack,3939,5220,1986,pos,0 days 00:31:12.431000,0 days 01:29:27.943000
2024-07-07 14:34:25.152,OnTrack,4010,5280,1986,pos,0 days 00:31:12.611000,0 days 01:29:28.123000
2024-07-07 14:34:25.372,OnTrack,4093,5351,1986,pos,0 days 00:31:12.831000,0 days 01:29:28.343000
2024-07-07 14:34:25.552,OnTrack,4156,5404,1986,pos,0 days 00:31:13.011000,0 days 01:29:28.523000
2024-07-07 14:34:25.732,OnTrack,4217,5456,1986,pos,0 days 00:31:13.191000,0 days 01:29:28.703000
2024-07-07 14:34:25.952,OnTrack,4290,5516,1986,pos,0 days 00:31:13.411000,0 days 01:29:28.923000
2024-07-07 14:34:26.231,OnTrack,4379,5586,1986,pos,0 days 00:31:13.690000,0 days 01:29:29.202000
2024-07-07 14:34:26.511,OnTrack,4466,5652,1986,pos,0 days 00:31:13.970000,0 days 01:29:29.482000
2024-07-07 14:34:26.672,OnTrack,4514,5687,1986,pos,0 days 00:31:14.131000,0 days 01:29:29.643000
2024-07-07 14:34:26.791,OnTrack,4549,5712,1986,pos,0 days 00:31:14.250000,0 days 01:29:29.762000
2024-07-07 14:34:27.171,OnTrack,4670,5830,2055,pos,0 days 00:31:14.630000,0 days 01:29:30.142000
2024-07-07 14:34:27.371,OnTrack,4724,5861,2055,pos,0 days 00:31:14.830000,0 days 01:29:30.342000
2024-07-07 14:34:27.532,OnTrack,4806,5889,2054,pos,0 days 00:31:14.991000,0 days 01:29:30.503000
2024-07-07 14:34:27.971,OnTrack,4888,5899,2053,pos,0 days 00:31:15.430000,0 days 01:29:30.942000
2024-07-07 14:34:28.151,OnTrack,4937,5899,2053,pos,0 days 00:31:15.610000,0 days 01:29:31.122000
2024-07-07 14:34:28.392,OnTrack,5004,5891,2053,pos,0 days 00:31:15.851000,0 days 01:29:31.363000
2024-07-07 14:34:28.751,OnTrack,5087,5868,2054,pos,0 days 00:31:16.210000,0 days 01:29:31.722000
2024-07-07 14:34:28.912,OnTrack,5153,5833,2055,pos,0 days 00:31:16.371000,0 days 01:29:31.883000
2024-07-07 14:34:29.331,OnTrack,5208,5792,2056,pos,0 days 00:31:16.790000,0 days 01:29:32.302000
2024-07-07 14:34:29.571,OnTrack,5261,5738,2058,pos,0 days 00:31:17.030000,0 days 01:29:32.542000
2024-07-07 14:34:29.972,OnTrack,5312,5656,2059,pos,0 days 00:31:17.431000,0 days 01:29:32.943000
2024-07-07 14:34:30.312,OnTrack,5334,5604,2059,pos,0 days 00:31:17.771000,0 days 01:29:33.283000
2024-07-07 14:34:30.512,OnTrack,5349,5559,2059,pos,0 days 00:31:17.971000,0 days 01:29:33.483000
2024-07-07 14:34:30.772,OnTrack,5365,5496,2060,pos,0 days 00:31:18.231000,0 days 01:29:33.743000
2024-07-07 14:34:31.052,OnTrack,5381,5392,2061,pos,0 days 00:31:18.511000,0 days 01:29:34.023000
2024-07-07 14:34:31.332,OnTrack,5386,5349,2061,pos,0 days 00:31:18.791000,0 days 01:29:34.303000
2024-07-07 14:34:31.592,OnTrack,5392,5277,2063,pos,0 days 00:31:19.051000,0 days 01:29:34.563000
2024-07-07 14:34:31.872,OnTrack,5400,5203,2064,pos,0 days 00:31:19.331000,0 days 01:29:34.843000
2024-07-07 14:34:31.952,OnTrack,5403,5182,2064,pos,0 days 00:31:19.411000,0 days 01:29:34.923000
2024-07-07 14:34:32.292,OnTrack,5413,5124,2065,pos,0 days 00:31:19.751000,0 days 01:29:35.263000
2024-07-07 14:34:32.692,OnTrack,5430,5063,2066,pos,0 days 00:31:20.151000,0 days 01:29:35.663000
2024-07-07 14:34:32.851,OnTrack,5440,5033,2066,pos,0 days 00:31:20.310000,0 days 01:29:35.822000
2024-07-07 14:34:33.051,OnTrack,5454,5001,2066,pos,0 days 00:31:20.510000,0 days 01:29:36.022000
2024-07-07 14:34:33.291,OnTrack,5484,4945,2066,pos,0 days 00:31:20.750000,0 days 01:29:36.262000
2024-07-07 14:34:33.651,OnTrack,5510,4906,2066,pos,0 days 00:31:21.110000,0 days 01:29:36.622000
2024-07-07 14:34:33.951,OnTrack,5546,4862,2066,pos,0 days 00:31:21.410000,0 days 01:29:36.922000
2024-07-07 14:34:34.012,OnTrack,5553,4854,2065,pos,0 days 00:31:21.471000,0 days 01:29:36.983000
2024-07-07 14:34:34.332,OnTrack,5603,4808,2064,pos,0 days 00:31:21.791000,0 days 01:29:37.303000
2024-07-07 14:34:34.592,OnTrack,5632,4786,2064,pos,0 days 00:31:22.051000,0 days 01:29:37.563000
2024-07-07 14:34:34.971,OnTrack,5695,4750,2064,pos,0 days 00:31:22.430000,0 days 01:29:37.942000
2024-07-07 14:34:35.231,OnTrack,5729,4737,2065,pos,0 days 00:31:22.690000,0 days 01:29:38.202000
2024-07-07 14:34:35.452,OnTrack,5769,4731,2064,pos,0 days 00:31:22.911000,0 days 01:29:38.423000
2024-07-07 14:34:35.631,OnTrack,5800,4733,2064,pos,0 days 00:31:23.090000,0 days 01:29:38.602000
2024-07-07 14:34:35.912,OnTrack,5850,4749,2064,pos,0 days 00:31:23.371000,0 days 01:29:38.883000
2024-07-07 14:34:36.192,OnTrack,5898,4778,2063,pos,0 days 00:31:23.651000,0 days 01:29:39.163000
2024-07-07 14:34:36.431,OnTrack,5937,4809,2064,pos,0 days 00:31:23.890000,0 days 01:29:39.402000
2024-07-07 14:34:36.592,OnTrack,5962,4833,2064,pos,0 days 00:31:24.051000,0 days 01:29:39.563000
2024-07-07 14:34:36.832,OnTrack,5999,4873,2064,pos,0 days 00:31:24.291000,0 days 01:29:39.803000
2024-07-07 14:34:37.032,OnTrack,6029,4910,2064,pos,0 days 00:31:24.491000,0 days 01:29:40.003000
2024-07-07 14:34:37.192,OnTrack,6053,4942,2065,pos,0 days 00:31:24.651000,0 days 01:29:40.163000
2024-07-07 14:34:37.472,OnTrack,6093,5004,2065,pos,0 days 00:31:24.931000,0 days 01:29:40.443000
2024-07-07 14:34:37.552,OnTrack,6104,5023,2065,pos,0 days 00:31:25.011000,0 days 01:29:40.523000
2024-07-07 14:34:37.712,OnTrack,6126,5064,2065,pos,0 days 00:31:25.171000,0 days 01:29:40.683000
2024-07-07 14:34:38.032,OnTrack,6184,5194,2065,pos,0 days 00:31:25.491000,0 days 01:29:41.003000
2024-07-07 14:34:38.372,OnTrack,6208,5258,2065,pos,0 days 00:31:25.831000,0 days 01:29:41.343000
2024-07-07 14:34:38.552,OnTrack,6229,5322,2065,pos,0 days 00:31:26.011000,0 days 01:29:41.523000
2024-07-07 14:34:38.792,OnTrack,6269,5468,2065,pos,0 days 00:31:26.251000,0 days 01:29:41.763000
2024-07-07 14:34:39.152,OnTrack,6291,5561,2065,pos,0 days 00:31:26.611000,0 days 01:29:42.123000
2024-07-07 14:34:39.431,OnTrack,6329,5793,2064,pos,0 days 00:31:26.890000,0 days 01:29:42.402000
2024-07-07 14:34:39.631,OnTrack,6332,5889,2064,pos,0 days 00:31:27.090000,0 days 01:29:42.602000
2024-07-07 14:34:39.871,OnTrack,6329,6015,2064,pos,0 days 00:31:27.330000,0 days 01:29:42.842000
2024-07-07 14:34:40.051,OnTrack,6320,6113,2064,pos,0 days 00:31:27.510000,0 days 01:29:43.022000
2024-07-07 14:34:40.292,OnTrack,6298,6246,2063,pos,0 days 00:31:27.751000,0 days 01:29:43.263000
2024-07-07 14:34:40.511,OnTrack,6245,6436,2062,pos,0 days 00:31:27.970000,0 days 01:29:43.482000
2024-07-07 14:34:40.971,OnTrack,6165,6619,2063,pos,0 days 00:31:28.430000,0 days 01:29:43.942000
2024-07-07 14:34:41.172,OnTrack,6090,6749,2063,pos,0 days 00:31:28.631000,0 days 01:29:44.143000
2024-07-07 14:34:41.571,OnTrack,5951,6939,2064,pos,0 days 00:31:29.030000,0 days 01:29:44.542000
2024-07-07 14:34:41.791,OnTrack,5854,7045,2064,pos,0 days 00:31:29.250000,0 days 01:29:44.762000
2024-07-07 14:34:41.871,OnTrack,5816,7082,2064,pos,0 days 00:31:29.330000,0 days 01:29:44.842000
2024-07-07 14:34:42.151,OnTrack,5676,7206,2064,pos,0 days 00:31:29.610000,0 days 01:29:45.122000
2024-07-07 14:34:42.371,OnTrack,5559,7300,2064,pos,0 days 00:31:29.830000,0 days 01:29:45.342000
2024-07-07 14:34:42.651,OnTrack,5405,7418,2064,pos,0 days 00:31:30.110000,0 days 01:29:45.622000
2024-07-07 14:34:42.852,OnTrack,5294,7504,2064,pos,0 days 00:31:30.311000,0 days 01:29:45.823000
2024-07-07 14:34:43.072,OnTrack,5095,7665,2064,pos,0 days 00:31:30.531000,0 days 01:29:46.043000
2024-07-07 14:34:43.471,OnTrack,4962,7775,2064,pos,0 days 00:31:30.930000,0 days 01:29:46.442000
2024-07-07 14:34:43.652,OnTrack,4829,7888,2064,pos,0 days 00:31:31.111000,0 days 01:29:46.623000
2024-07-07 14:34:43.952,OnTrack,4706,7994,2065,pos,0 days 00:31:31.411000,0 days 01:29:46.923000
2024-07-07 14:34:44.172,OnTrack,4582,8100,2065,pos,0 days 00:31:31.631000,0 days 01:29:47.143000
2024-07-07 14:34:44.372,OnTrack,4469,8197,2064,pos,0 days 00:31:31.831000,0 days 01:29:47.343000
2024-07-07 14:34:44.652,OnTrack,4308,8335,2064,pos,0 days 00:31:32.111000,0 days 01:29:47.623000
2024-07-07 14:34:44.912,OnTrack,4163,8459,2064,pos,0 days 00:31:32.371000,0 days 01:29:47.883000
2024-07-07 14:34:45.132,OnTrack,4029,8574,2064,pos,0 days 00:31:32.591000,0 days 01:29:48.103000
2024-07-07 14:34:45.372,OnTrack,3889,8695,2063,pos,0 days 00:31:32.831000,0 days 01:29:48.343000
2024-07-07 14:34:45.532,OnTrack,3724,8839,2063,pos,0 days 00:31:32.991000,0 days 01:29:48.503000
2024-07-07 14:34:45.951,OnTrack,3523,9016,2063,pos,0 days 00:31:33.410000,0 days 01:29:48.922000
2024-07-07 14:34:46.292,OnTrack,3260,9247,2064,pos,0 days 00:31:33.751000,0 days 01:29:49.263000
2024-07-07 14:34:46.631,OnTrack,3141,9352,2063,pos,0 days 00:31:34.090000,0 days 01:29:49.602000
2024-07-07 14:34:46.832,OnTrack,3021,9457,2062,pos,0 days 00:31:34.291000,0 days 01:29:49.803000
2024-07-07 14:34:47.112,OnTrack,2853,9603,2061,pos,0 days 00:31:34.571000,0 days 01:29:50.083000
2024-07-07 14:34:47.412,OnTrack,2673,9759,2060,pos,0 days 00:31:34.871000,0 days 01:29:50.383000
2024-07-07 14:34:47.632,OnTrack,2457,9947,2057,pos,0 days 00:31:35.091000,0 days 01:29:50.603000
2024-07-07 14:34:47.851,OnTrack,2410,9989,2056,pos,0 days 00:31:35.310000,0 days 01:29:50.822000
2024-07-07 14:34:48.212,OnTrack,2196,10180,2053,pos,0 days 00:31:35.671000,0 days 01:29:51.183000
2024-07-07 14:34:48.411,OnTrack,2043,10316,2050,pos,0 days 00:31:35.870000,0 days 01:29:51.382000
2024-07-07 14:34:48.732,OnTrack,1913,10434,2048,pos,0 days 00:31:36.191000,0 days 01:29:51.703000
2024-07-07 14:34:48.951,OnTrack,1787,10542,2046,pos,0 days 00:31:36.410000,0 days 01:29:51.922000
2024-07-07 14:34:49.151,OnTrack,1682,10628,2045,pos,0 days 00:31:36.610000,0 days 01:29:52.122000
2024-07-07 14:34:49.392,OnTrack,1565,10718,2043,pos,0 days 00:31:36.851000,0 days 01:29:52.363000
2024-07-07 14:34:49.692,OnTrack,1418,10808,2041,pos,0 days 00:31:37.151000,0 days 01:29:52.663000
2024-07-07 14:34:49.892,OnTrack,1320,10858,2039,pos,0 days 00:31:37.351000,0 days 01:29:52.863000
2024-07-07 14:34:50.132,OnTrack,1200,10904,2037,pos,0 days 00:31:37.591000,0 days 01:29:53.103000
2024-07-07 14:34:50.232,OnTrack,1157,10917,2037,pos,0 days 00:31:37.691000,0 days 01:29:53.203000
2024-07-07 14:34:50.412,OnTrack,1068,10938,2036,pos,0 days 00:31:37.871000,0 days 01:29:53.383000
2024-07-07 14:34:50.571,OnTrack,992,10947,2035,pos,0 days 00:31:38.030000,0 days 01:29:53.542000
2024-07-07 14:34:50.952,OnTrack,776,10945,2034,pos,0 days 00:31:38.411000,0 days 01:29:53.923000
2024-07-07 14:34:51.272,OnTrack,678,10929,2033,pos,0 days 00:31:38.731000,0 days 01:29:54.243000
2024-07-07 14:34:51.452,OnTrack,607,10905,2032,pos,0 days 00:31:38.911000,0 days 01:29:54.423000
2024-07-07 14:34:51.691,OnTrack,519,10864,2032,pos,0 days 00:31:39.150000,0 days 01:29:54.662000
2024-07-07 14:34:51.892,OnTrack,454,10823,2032,pos,0 days 00:31:39.351000,0 days 01:29:54.863000
2024-07-07 14:34:52.072,OnTrack,404,10779,2032,pos,0 days 00:31:39.531000,0 days 01:29:55.043000
2024-07-07 14:34:52.392,OnTrack,329,10681,2032,pos,0 days 00:31:39.851000,0 days 01:29:55.363000
2024-07-07 14:34:52.591,OnTrack,273,10580,2033,pos,0 days 00:31:40.050000,0 days 01:29:55.562000
2024-07-07 14:34:52.911,OnTrack,239,10504,2033,pos,0 days 00:31:40.370000,0 days 01:29:55.882000
2024-07-07 14:34:53.011,OnTrack,226,10468,2033,pos,0 days 00:31:40.470000,0 days 01:29:55.982000
2024-07-07 14:34:53.251,OnTrack,206,10379,2033,pos,0 days 00:31:40.710000,0 days 01:29:56.222000
2024-07-07 14:34:53.531,OnTrack,191,10212,2034,pos,0 days 00:31:40.990000,0 days 01:29:56.502000
2024-07-07 14:34:53.831,OnTrack,187,10140,2034,pos,0 days 00:31:41.290000,0 days 01:29:56.802000
2024-07-07 14:34:54.031,OnTrack,183,10053,2034,pos,0 days 00:31:41.490000,0 days 01:29:57.002000
2024-07-07 14:34:54.251,OnTrack,175,9960,2035,pos,0 days 00:31:41.710000,0 days 01:29:57.222000
2024-07-07 14:34:54.551,OnTrack,154,9838,2036,pos,0 days 00:31:42.010000,0 days 01:29:57.522000
2024-07-07 14:34:54.772,OnTrack,116,9741,2037,pos,0 days 00:31:42.231000,0 days 01:29:57.743000
2024-07-07 14:34:55.072,OnTrack,80,9679,2038,pos,0 days 00:31:42.531000,0 days 01:29:58.043000
2024-07-07 14:34:55.451,OnTrack,-34,9555,2040,pos,0 days 00:31:42.910000,0 days 01:29:58.422000
2024-07-07 14:34:55.812,OnTrack,-118,9498,2040,pos,0 days 00:31:43.271000,0 days 01:29:58.783000
2024-07-07 14:34:56.172,OnTrack,-198,9462,2041,pos,0 days 00:31:43.631000,0 days 01:29:59.143000
2024-07-07 14:34:56.452,OnTrack,-307,9442,2041,pos,0 days 00:31:43.911000,0 days 01:29:59.423000
2024-07-07 14:34:56.872,OnTrack,-431,9458,2040,pos,0 days 00:31:44.331000,0 days 01:29:59.843000
2024-07-07 14:34:57.152,OnTrack,-484,9481,2039,pos,0 days 00:31:44.611000,0 days 01:30:00.123000
2024-07-07 14:34:57.312,OnTrack,-522,9504,2039,pos,0 days 00:31:44.771000,0 days 01:30:00.283000
2024-07-07 14:34:57.612,OnTrack,-592,9563,2038,pos,0 days 00:31:45.071000,0 days 01:30:00.583000
2024-07-07 14:34:57.892,OnTrack,-658,9643,2036,pos,0 days 00:31:45.351000,0 days 01:30:00.863000
2024-07-07 14:34:58.252,OnTrack,-697,9711,2035,pos,0 days 00:31:45.711000,0 days 01:30:01.223000
2024-07-07 14:34:58.432,OnTrack,-719,9758,2034,pos,0 days 00:31:45.891000,0 days 01:30:01.403000
2024-07-07 14:34:58.692,OnTrack,-752,9861,2033,pos,0 days 00:31:46.151000,0 days 01:30:01.663000
2024-07-07 14:34:59.111,OnTrack,-769,9948,2032,pos,0 days 00:31:46.570000,0 days 01:30:02.082000
2024-07-07 14:34:59.231,OnTrack,-775,10028,2032,pos,0 days 00:31:46.690000,0 days 01:30:02.202000
2024-07-07 14:34:59.671,OnTrack,-769,10171,2031,pos,0 days 00:31:47.130000,0 days 01:30:02.642000
2024-07-07 14:35:00.091,OnTrack,-757,10268,2031,pos,0 days 00:31:47.550000,0 days 01:30:03.062000
2024-07-07 14:35:00.371,OnTrack,-729,10397,2029,pos,0 days 00:31:47.830000,0 days 01:30:03.342000
2024-07-07 14:35:00.671,OnTrack,-703,10486,2028,pos,0 days 00:31:48.130000,0 days 01:30:03.642000
2024-07-07 14:35:00.851,OnTrack,-704,10487,2028,pos,0 days 00:31:48.310000,0 days 01:30:03.822000
2024-07-07 14:35:01.091,OnTrack,-668,10587,2027,pos,0 days 00:31:48.550000,0 days 01:30:04.062000
2024-07-07 14:35:01.332,OnTrack,-623,10697,2025,pos,0 days 00:31:48.791000,0 days 01:30:04.303000
2024-07-07 14:35:01.592,OnTrack,-570,10816,2023,pos,0 days 00:31:49.051000,0 days 01:30:04.563000
2024-07-07 14:35:01.812,OnTrack,-482,10988,2022,pos,0 days 00:31:49.271000,0 days 01:30:04.783000
2024-07-07 14:35:02.211,OnTrack,-413,11117,2021,pos,0 days 00:31:49.670000,0 days 01:30:05.182000
2024-07-07 14:35:02.412,OnTrack,-355,11219,2021,pos,0 days 00:31:49.871000,0 days 01:30:05.383000
2024-07-07 14:35:02.672,OnTrack,-230,11413,2021,pos,0 days 00:31:50.131000,0 days 01:30:05.643000
2024-07-07 14:35:02.972,OnTrack,-164,11505,2021,pos,0 days 00:31:50.431000,0 days 01:30:05.943000
2024-07-07 14:35:03.132,OnTrack,-106,11581,2021,pos,0 days 00:31:50.591000,0 days 01:30:06.103000
2024-07-07 14:35:03.371,OnTrack,59,11775,2022,pos,0 days 00:31:50.830000,0 days 01:30:06.342000
2024-07-07 14:35:03.812,OnTrack,201,11919,2023,pos,0 days 00:31:51.271000,0 days 01:30:06.783000
2024-07-07 14:35:04.092,OnTrack,343,12050,2024,pos,0 days 00:31:51.551000,0 days 01:30:07.063000
2024-07-07 14:35:04.312,OnTrack,461,12149,2024,pos,0 days 00:31:51.771000,0 days 01:30:07.283000
2024-07-07 14:35:04.492,OnTrack,562,12226,2024,pos,0 days 00:31:51.951000,0 days 01:30:07.463000
2024-07-07 14:35:04.652,OnTrack,727,12338,2024,pos,0 days 00:31:52.111000,0 days 01:30:07.623000
2024-07-07 14:35:05.052,OnTrack,905,12435,2025,pos,0 days 00:31:52.511000,0 days 01:30:08.023000
2024-07-07 14:35:05.192,OnTrack,998,12478,2025,pos,0 days 00:31:52.651000,0 days 01:30:08.163000
2024-07-07 14:35:05.472,OnTrack,1180,12553,2025,pos,0 days 00:31:52.931000,0 days 01:30:08.443000
2024-07-07 14:35:05.751,OnTrack,1450,12642,2025,pos,0 days 00:31:53.210000,0 days 01:30:08.722000
2024-07-07 14:35:05.991,OnTrack,1548,12669,2025,pos,0 days 00:31:53.450000,0 days 01:30:08.962000
2024-07-07 14:35:06.271,OnTrack,1748,12716,2026,pos,0 days 00:31:53.730000,0 days 01:30:09.242000
2024-07-07 14:35:06.511,OnTrack,2023,12764,2028,pos,0 days 00:31:53.970000,0 days 01:30:09.482000
2024-07-07 14:35:06.931,OnTrack,2231,12792,2029,pos,0 days 00:31:54.390000,0 days 01:30:09.902000
2024-07-07 14:35:07.131,OnTrack,2380,12808,2030,pos,0 days 00:31:54.590000,0 days 01:30:10.102000
2024-07-07 14:35:07.411,OnTrack,2651,12838,2033,pos,0 days 00:31:54.870000,0 days 01:30:10.382000
2024-07-07 14:35:07.711,OnTrack,2819,12855,2034,pos,0 days 00:31:55.170000,0 days 01:30:10.682000
2024-07-07 14:35:08.011,OnTrack,3048,12877,2036,pos,0 days 00:31:55.470000,0 days 01:30:10.982000
2024-07-07 14:35:08.231,OnTrack,3217,12895,2038,pos,0 days 00:31:55.690000,0 days 01:30:11.202000
2024-07-07 14:35:08.451,OnTrack,3494,12926,2040,pos,0 days 00:31:55.910000,0 days 01:30:11.422000
2024-07-07 14:35:08.712,OnTrack,3587,12936,2040,pos,0 days 00:31:56.171000,0 days 01:30:11.683000
2024-07-07 14:35:08.952,OnTrack,3773,12956,2041,pos,0 days 00:31:56.411000,0 days 01:30:11.923000
2024-07-07 14:35:09.172,OnTrack,3943,12976,2042,pos,0 days 00:31:56.631000,0 days 01:30:12.143000
2024-07-07 14:35:09.331,OnTrack,4068,12991,2043,pos,0 days 00:31:56.790000,0 days 01:30:12.302000
2024-07-07 14:35:09.672,OnTrack,4332,13025,2045,pos,0 days 00:31:57.131000,0 days 01:30:12.643000
2024-07-07 14:35:09.891,OnTrack,4546,13054,2046,pos,0 days 00:31:57.350000,0 days 01:30:12.862000
2024-07-07 14:35:10.132,OnTrack,4677,13071,2047,pos,0 days 00:31:57.591000,0 days 01:30:13.103000
2024-07-07 14:35:10.471,OnTrack,4909,13096,2048,pos,0 days 00:31:57.930000,0 days 01:30:13.442000
2024-07-07 14:35:10.652,OnTrack,5026,13106,2048,pos,0 days 00:31:58.111000,0 days 01:30:13.623000
2024-07-07 14:35:10.872,OnTrack,5199,13114,2049,pos,0 days 00:31:58.331000,0 days 01:30:13.843000
2024-07-07 14:35:11.212,OnTrack,5364,13106,2050,pos,0 days 00:31:58.671000,0 days 01:30:14.183000
2024-07-07 14:35:11.392,OnTrack,5468,13090,2050,pos,0 days 00:31:58.851000,0 days 01:30:14.363000
2024-07-07 14:35:11.652,OnTrack,5617,13054,2051,pos,0 days 00:31:59.111000,0 days 01:30:14.623000
2024-07-07 14:35:11.812,OnTrack,5705,13026,2052,pos,0 days 00:31:59.271000,0 days 01:30:14.783000
2024-07-07 14:35:12.072,OnTrack,5840,12968,2053,pos,0 days 00:31:59.531000,0 days 01:30:15.043000
2024-07-07 14:35:12.272,OnTrack,5935,12915,2053,pos,0 days 00:31:59.731000,0 days 01:30:15.243000
2024-07-07 14:35:12.491,OnTrack,6045,12842,2054,pos,0 days 00:31:59.950000,0 days 01:30:15.462000
2024-07-07 14:35:12.751,OnTrack,6162,12748,2055,pos,0 days 00:32:00.210000,0 days 01:30:15.722000
2024-07-07 14:35:12.932,OnTrack,6254,12660,2055,pos,0 days 00:32:00.391000,0 days 01:30:15.903000
2024-07-07 14:35:13.311,OnTrack,6378,12502,2056,pos,0 days 00:32:00.770000,0 days 01:30:16.282000
2024-07-07 14:35:13.492,OnTrack,6435,12406,2056,pos,0 days 00:32:00.951000,0 days 01:30:16.463000
2024-07-07 14:35:13.792,OnTrack,6523,12225,2058,pos,0 days 00:32:01.251000,0 days 01:30:16.763000
2024-07-07 14:35:14.112,OnTrack,6594,12045,2059,pos,0 days 00:32:01.571000,0 days 01:30:17.083000
2024-07-07 14:35:14.332,OnTrack,6639,11906,2060,pos,0 days 00:32:01.791000,0 days 01:30:17.303000
2024-07-07 14:35:14.431,OnTrack,6658,11842,2061,pos,0 days 00:32:01.890000,0 days 01:30:17.402000
2024-07-07 14:35:14.711,OnTrack,6708,11659,2062,pos,0 days 00:32:02.170000,0 days 01:30:17.682000
2024-07-07 14:35:15.011,OnTrack,6767,11417,2064,pos,0 days 00:32:02.470000,0 days 01:30:17.982000
2024-07-07 14:35:15.251,OnTrack,6795,11293,2065,pos,0 days 00:32:02.710000,0 days 01:30:18.222000
2024-07-07 14:35:15.532,OnTrack,6848,11016,2067,pos,0 days 00:32:02.991000,0 days 01:30:18.503000
2024-07-07 14:35:15.871,OnTrack,6872,10872,2068,pos,0 days 00:32:03.330000,0 days 01:30:18.842000
2024-07-07 14:35:16.192,OnTrack,6905,10638,2070,pos,0 days 00:32:03.651000,0 days 01:30:19.163000
2024-07-07 14:35:16.431,OnTrack,6926,10459,2071,pos,0 days 00:32:03.890000,0 days 01:30:19.402000
2024-07-07 14:35:16.612,OnTrack,6950,10217,2073,pos,0 days 00:32:04.071000,0 days 01:30:19.583000
2024-07-07 14:35:16.932,OnTrack,6960,10079,2074,pos,0 days 00:32:04.391000,0 days 01:30:19.903000
2024-07-07 14:35:17.192,OnTrack,6976,9785,2075,pos,0 days 00:32:04.651000,0 days 01:30:20.163000
2024-07-07 14:35:17.692,OnTrack,6982,9487,2075,pos,0 days 00:32:05.151000,0 days 01:30:20.663000
2024-07-07 14:35:17.892,OnTrack,6987,9329,2074,pos,0 days 00:32:05.351000,0 days 01:30:20.863000
2024-07-07 14:35:18.052,OnTrack,6991,9202,2074,pos,0 days 00:32:05.511000,0 days 01:30:21.023000
2024-07-07 14:35:18.272,OnTrack,7003,8987,2073,pos,0 days 00:32:05.731000,0 days 01:30:21.243000
2024-07-07 14:35:18.692,OnTrack,7048,8630,2071,pos,0 days 00:32:06.151000,0 days 01:30:21.663000
2024-07-07 14:35:19.091,OnTrack,7119,8298,2069,pos,0 days 00:32:06.550000,0 days 01:30:22.062000
2024-07-07 14:35:19.391,OnTrack,7153,8173,2068,pos,0 days 00:32:06.850000,0 days 01:30:22.362000
2024-07-07 14:35:19.631,OnTrack,7209,7987,2065,pos,0 days 00:32:07.090000,0 days 01:30:22.602000
2024-07-07 14:35:19.851,OnTrack,7268,7820,2063,pos,0 days 00:32:07.310000,0 days 01:30:22.822000
2024-07-07 14:35:20.131,OnTrack,7368,7568,2060,pos,0 days 00:32:07.590000,0 days 01:30:23.102000
2024-07-07 14:35:20.511,OnTrack,7453,7345,2059,pos,0 days 00:32:07.970000,0 days 01:30:23.482000
2024-07-07 14:35:20.651,OnTrack,7483,7252,2058,pos,0 days 00:32:08.110000,0 days 01:30:23.622000
2024-07-07 14:35:20.991,OnTrack,7529,7045,2058,pos,0 days 00:32:08.450000,0 days 01:30:23.962000
2024-07-07 14:35:21.192,OnTrack,7539,6917,2058,pos,0 days 00:32:08.651000,0 days 01:30:24.163000
2024-07-07 14:35:21.392,OnTrack,7532,6785,2058,pos,0 days 00:32:08.851000,0 days 01:30:24.363000
2024-07-07 14:35:21.611,OnTrack,7509,6626,2058,pos,0 days 00:32:09.070000,0 days 01:30:24.582000
2024-07-07 14:35:21.851,OnTrack,7480,6484,2059,pos,0 days 00:32:09.310000,0 days 01:30:24.822000
2024-07-07 14:35:22.131,OnTrack,7416,6224,2061,pos,0 days 00:32:09.590000,0 days 01:30:25.102000
2024-07-07 14:35:22.532,OnTrack,7372,6041,2062,pos,0 days 00:32:09.991000,0 days 01:30:25.503000
2024-07-07 14:35:22.711,OnTrack,7349,5925,2063,pos,0 days 00:32:10.170000,0 days 01:30:25.682000
2024-07-07 14:35:22.872,OnTrack,7333,5825,2063,pos,0 days 00:32:10.331000,0 days 01:30:25.843000
2024-07-07 14:35:23.172,OnTrack,7318,5569,2062,pos,0 days 00:32:10.631000,0 days 01:30:26.143000
2024-07-07 14:35:23.592,OnTrack,7339,5397,2062,pos,0 days 00:32:11.051000,0 days 01:30:26.563000
2024-07-07 14:35:23.852,OnTrack,7381,5254,2061,pos,0 days 00:32:11.311000,0 days 01:30:26.823000
2024-07-07 14:35:24.092,OnTrack,7475,5055,2058,pos,0 days 00:32:11.551000,0 days 01:30:27.063000
2024-07-07 14:35:24.331,OnTrack,7504,5004,2057,pos,0 days 00:32:11.790000,0 days 01:30:27.302000
2024-07-07 14:35:24.552,OnTrack,7570,4895,2056,pos,0 days 00:32:12.011000,0 days 01:30:27.523000
2024-07-07 14:35:24.732,OnTrack,7623,4806,2054,pos,0 days 00:32:12.191000,0 days 01:30:27.703000
2024-07-07 14:35:25.032,OnTrack,7691,4681,2053,pos,0 days 00:32:12.491000,0 days 01:30:28.003000
2024-07-07 14:35:25.232,OnTrack,7731,4590,2051,pos,0 days 00:32:12.691000,0 days 01:30:28.203000
2024-07-07 14:35:25.492,OnTrack,7780,4406,2049,pos,0 days 00:32:12.951000,0 days 01:30:28.463000
2024-07-07 14:35:25.811,OnTrack,7788,4323,2048,pos,0 days 00:32:13.270000,0 days 01:30:28.782000
2024-07-07 14:35:25.992,OnTrack,7787,4242,2046,pos,0 days 00:32:13.451000,0 days 01:30:28.963000
2024-07-07 14:35:26.211,OnTrack,7773,4143,2044,pos,0 days 00:32:13.670000,0 days 01:30:29.182000
2024-07-07 14:35:26.511,OnTrack,7739,4013,2042,pos,0 days 00:32:13.970000,0 days 01:30:29.482000
2024-07-07 14:35:26.731,OnTrack,7703,3920,2041,pos,0 days 00:32:14.190000,0 days 01:30:29.702000
2024-07-07 14:35:26.892,OnTrack,7641,3797,2040,pos,0 days 00:32:14.351000,0 days 01:30:29.863000
2024-07-07 14:35:27.271,OnTrack,7579,3702,2039,pos,0 days 00:32:14.730000,0 days 01:30:30.242000
2024-07-07 14:35:27.452,OnTrack,7529,3638,2038,pos,0 days 00:32:14.911000,0 days 01:30:30.423000
2024-07-07 14:35:27.732,OnTrack,7426,3538,2036,pos,0 days 00:32:15.191000,0 days 01:30:30.703000
2024-07-07 14:35:28.031,OnTrack,7232,3409,2033,pos,0 days 00:32:15.490000,0 days 01:30:31.002000
2024-07-07 14:35:28.252,OnTrack,7193,3388,2033,pos,0 days 00:32:15.711000,0 days 01:30:31.223000
2024-07-07 14:35:28.492,OnTrack,7072,3325,2031,pos,0 days 00:32:15.951000,0 days 01:30:31.463000
2024-07-07 14:35:28.852,OnTrack,6893,3218,2029,pos,0 days 00:32:16.311000,0 days 01:30:31.823000
2024-07-07 14:35:29.012,OnTrack,6818,3160,2029,pos,0 days 00:32:16.471000,0 days 01:30:31.983000
2024-07-07 14:35:29.171,OnTrack,6750,3098,2028,pos,0 days 00:32:16.630000,0 days 01:30:32.142000
2024-07-07 14:35:29.392,OnTrack,6647,2994,2028,pos,0 days 00:32:16.851000,0 days 01:30:32.363000
2024-07-07 14:35:29.532,OnTrack,6585,2928,2028,pos,0 days 00:32:16.991000,0 days 01:30:32.503000
2024-07-07 14:35:29.872,OnTrack,6442,2760,2027,pos,0 days 00:32:17.331000,0 days 01:30:32.843000
2024-07-07 14:35:30.092,OnTrack,6334,2609,2027,pos,0 days 00:32:17.551000,0 days 01:30:33.063000
2024-07-07 14:35:30.352,OnTrack,6268,2506,2026,pos,0 days 00:32:17.811000,0 days 01:30:33.323000
2024-07-07 14:35:30.632,OnTrack,6127,2254,2025,pos,0 days 00:32:18.091000,0 days 01:30:33.603000
2024-07-07 14:35:31.112,OnTrack,5970,1943,2024,pos,0 days 00:32:18.571000,0 days 01:30:34.083000
2024-07-07 14:35:31.452,OnTrack,5861,1720,2023,pos,0 days 00:32:18.911000,0 days 01:30:34.423000
2024-07-07 14:35:31.952,OnTrack,5706,1398,2022,pos,0 days 00:32:19.411000,0 days 01:30:34.923000
2024-07-07 14:35:32.371,OnTrack,5566,1105,2020,pos,0 days 00:32:19.830000,0 days 01:30:35.342000
2024-07-07 14:35:32.731,OnTrack,5496,958,2019,pos,0 days 00:32:20.190000,0 days 01:30:35.702000
2024-07-07 14:35:32.931,OnTrack,5403,762,2018,pos,0 days 00:32:20.390000,0 days 01:30:35.902000
2024-07-07 14:35:33.311,OnTrack,5301,551,2016,pos,0 days 00:32:20.770000,0 days 01:30:36.282000
2024-07-07 14:35:33.511,OnTrack,5233,410,2015,pos,0 days 00:32:20.970000,0 days 01:30:36.482000
2024-07-07 14:35:33.672,OnTrack,5178,296,2014,pos,0 days 00:32:21.131000,0 days 01:30:36.643000
2024-07-07 14:35:34.031,OnTrack,5053,39,2012,pos,0 days 00:32:21.490000,0 days 01:30:37.002000
2024-07-07 14:35:34.212,OnTrack,4977,-118,2011,pos,0 days 00:32:21.671000,0 days 01:30:37.183000
2024-07-07 14:35:34.631,OnTrack,4846,-392,2009,pos,0 days 00:32:22.090000,0 days 01:30:37.602000
2024-07-07 14:35:34.832,OnTrack,4727,-638,2008,pos,0 days 00:32:22.291000,0 days 01:30:37.803000
2024-07-07 14:35:35.092,OnTrack,4688,-718,2008,pos,0 days 00:32:22.551000,0 days 01:30:38.063000
2024-07-07 14:35:35.352,OnTrack,4597,-906,2007,pos,0 days 00:32:22.811000,0 days 01:30:38.323000
2024-07-07 14:35:35.632,OnTrack,4499,-1108,2005,pos,0 days 00:32:23.091000,0 days 01:30:38.603000
2024-07-07 14:35:35.792,OnTrack,4400,-1311,2003,pos,0 days 00:32:23.251000,0 days 01:30:38.763000
2024-07-07 14:35:36.212,OnTrack,4293,-1528,2000,pos,0 days 00:32:23.671000,0 days 01:30:39.183000
2024-07-07 14:35:36.372,OnTrack,4240,-1636,1999,pos,0 days 00:32:23.831000,0 days 01:30:39.343000
2024-07-07 14:35:36.672,OnTrack,4128,-1859,1996,pos,0 days 00:32:24.131000,0 days 01:30:39.643000
2024-07-07 14:35:36.732,OnTrack,4107,-1902,1995,pos,0 days 00:32:24.191000,0 days 01:30:39.703000
2024-07-07 14:35:36.972,OnTrack,4019,-2075,1994,pos,0 days 00:32:24.431000,0 days 01:30:39.943000
2024-07-07 14:35:37.252,OnTrack,3918,-2273,1994,pos,0 days 00:32:24.711000,0 days 01:30:40.223000
2024-07-07 14:35:37.452,OnTrack,3795,-2508,1994,pos,0 days 00:32:24.911000,0 days 01:30:40.423000
2024-07-07 14:35:37.852,OnTrack,3697,-2694,1996,pos,0 days 00:32:25.311000,0 days 01:30:40.823000
2024-07-07 14:35:38.152,OnTrack,3566,-2935,1999,pos,0 days 00:32:25.611000,0 days 01:30:41.123000
2024-07-07 14:35:38.372,OnTrack,3495,-3061,2002,pos,0 days 00:32:25.831000,0 days 01:30:41.343000
2024-07-07 14:35:38.612,OnTrack,3398,-3227,2005,pos,0 days 00:32:26.071000,0 days 01:30:41.583000
2024-07-07 14:35:38.931,OnTrack,3271,-3429,2010,pos,0 days 00:32:26.390000,0 days 01:30:41.902000
2024-07-07 14:35:39.131,OnTrack,3191,-3540,2012,pos,0 days 00:32:26.590000,0 days 01:30:42.102000
2024-07-07 14:35:39.372,OnTrack,3096,-3660,2015,pos,0 days 00:32:26.831000,0 days 01:30:42.343000
2024-07-07 14:35:39.571,OnTrack,3017,-3749,2017,pos,0 days 00:32:27.030000,0 days 01:30:42.542000
2024-07-07 14:35:39.731,OnTrack,2953,-3813,2019,pos,0 days 00:32:27.190000,0 days 01:30:42.702000
2024-07-07 14:35:39.892,OnTrack,2888,-3870,2021,pos,0 days 00:32:27.351000,0 days 01:30:42.863000
2024-07-07 14:35:40.172,OnTrack,2766,-3955,2023,pos,0 days 00:32:27.631000,0 days 01:30:43.143000
2024-07-07 14:35:40.391,OnTrack,2666,-4010,2025,pos,0 days 00:32:27.850000,0 days 01:30:43.362000
2024-07-07 14:35:40.631,OnTrack,2539,-4064,2027,pos,0 days 00:32:28.090000,0 days 01:30:43.602000
2024-07-07 14:35:41.012,OnTrack,2423,-4096,2029,pos,0 days 00:32:28.471000,0 days 01:30:43.983000
2024-07-07 14:35:41.211,OnTrack,2282,-4115,2030,pos,0 days 00:32:28.670000,0 days 01:30:44.182000
2024-07-07 14:35:41.572,OnTrack,2161,-4111,2032,pos,0 days 00:32:29.031000,0 days 01:30:44.543000
2024-07-07 14:35:41.812,OnTrack,1993,-4080,2033,pos,0 days 00:32:29.271000,0 days 01:30:44.783000
2024-07-07 14:35:42.251,OnTrack,1846,-4027,2033,pos,0 days 00:32:29.710000,0 days 01:30:45.222000
2024-07-07 14:35:42.412,OnTrack,1775,-3991,2033,pos,0 days 00:32:29.871000,0 days 01:30:45.383000
2024-07-07 14:35:42.632,OnTrack,1681,-3931,2033,pos,0 days 00:32:30.091000,0 days 01:30:45.603000
2024-07-07 14:35:42.831,OnTrack,1602,-3869,2032,pos,0 days 00:32:30.290000,0 days 01:30:45.802000
2024-07-07 14:35:42.912,OnTrack,1565,-3838,2031,pos,0 days 00:32:30.371000,0 days 01:30:45.883000
2024-07-07 14:35:43.111,OnTrack,1488,-3761,2031,pos,0 days 00:32:30.570000,0 days 01:30:46.082000
2024-07-07 14:35:43.472,OnTrack,1361,-3604,2029,pos,0 days 00:32:30.931000,0 days 01:30:46.443000
2024-07-07 14:35:43.671,OnTrack,1284,-3487,2026,pos,0 days 00:32:31.130000,0 days 01:30:46.642000
2024-07-07 14:35:43.952,OnTrack,1213,-3361,2023,pos,0 days 00:32:31.411000,0 days 01:30:46.923000
2024-07-07 14:35:44.112,OnTrack,1167,-3274,2020,pos,0 days 00:32:31.571000,0 days 01:30:47.083000
2024-07-07 14:35:44.332,OnTrack,1103,-3153,2016,pos,0 days 00:32:31.791000,0 days 01:30:47.303000
2024-07-07 14:35:44.692,OnTrack,957,-2901,2006,pos,0 days 00:32:32.151000,0 days 01:30:47.663000
2024-07-07 14:35:44.992,OnTrack,885,-2792,2000,pos,0 days 00:32:32.451000,0 days 01:30:47.963000
2024-07-07 14:35:45.252,OnTrack,729,-2576,1991,pos,0 days 00:32:32.711000,0 days 01:30:48.223000
2024-07-07 14:35:45.671,OnTrack,616,-2425,1986,pos,0 days 00:32:33.130000,0 days 01:30:48.642000
2024-07-07 14:35:45.931,OnTrack,449,-2199,1984,pos,0 days 00:32:33.390000,0 days 01:30:48.902000
2024-07-07 14:35:46.331,OnTrack,327,-2037,1985,pos,0 days 00:32:33.790000,0 days 01:30:49.302000
2024-07-07 14:35:46.551,OnTrack,232,-1916,1986,pos,0 days 00:32:34.010000,0 days 01:30:49.522000
2024-07-07 14:35:46.712,OnTrack,162,-1829,1986,pos,0 days 00:32:34.171000,0 days 01:30:49.683000
2024-07-07 14:35:46.891,OnTrack,80,-1732,1987,pos,0 days 00:32:34.350000,0 days 01:30:49.862000
2024-07-07 14:35:47.191,OnTrack,-81,-1547,1986,pos,0 days 00:32:34.650000,0 days 01:30:50.162000
2024-07-07 14:35:47.612,OnTrack,-259,-1348,1983,pos,0 days 00:32:35.071000,0 days 01:30:50.583000
2024-07-07 14:35:47.971,OnTrack,-339,-1258,1981,pos,0 days 00:32:35.430000,0 days 01:30:50.942000
2024-07-07 14:35:48.251,OnTrack,-457,-1129,1978,pos,0 days 00:32:35.710000,0 days 01:30:51.222000
2024-07-07 14:35:48.672,OnTrack,-570,-1028,1977,pos,0 days 00:32:36.131000,0 days 01:30:51.643000
2024-07-07 14:35:48.952,OnTrack,-613,-998,1976,pos,0 days 00:32:36.411000,0 days 01:30:51.923000
2024-07-07 14:35:49.172,OnTrack,-674,-964,1975,pos,0 days 00:32:36.631000,0 days 01:30:52.143000
2024-07-07 14:35:49.532,OnTrack,-774,-925,1976,pos,0 days 00:32:36.991000,0 days 01:30:52.503000
2024-07-07 14:35:49.732,OnTrack,-829,-916,1976,pos,0 days 00:32:37.191000,0 days 01:30:52.703000
2024-07-07 14:35:49.931,OnTrack,-886,-913,1976,pos,0 days 00:32:37.390000,0 days 01:30:52.902000
2024-07-07 14:35:50.112,OnTrack,-934,-914,1976,pos,0 days 00:32:37.571000,0 days 01:30:53.083000
2024-07-07 14:35:50.272,OnTrack,-1005,-926,1978,pos,0 days 00:32:37.731000,0 days 01:30:53.243000
2024-07-07 14:35:50.751,OnTrack,-1089,-962,1978,pos,0 days 00:32:38.210000,0 days 01:30:53.722000
2024-07-07 14:35:50.992,OnTrack,-1159,-1009,1979,pos,0 days 00:32:38.451000,0 days 01:30:53.963000
2024-07-07 14:35:51.392,OnTrack,-1245,-1076,1981,pos,0 days 00:32:38.851000,0 days 01:30:54.363000
2024-07-07 14:35:51.812,OnTrack,-1324,-1128,1981,pos,0 days 00:32:39.271000,0 days 01:30:54.783000
2024-07-07 14:35:52.051,OnTrack,-1398,-1159,1981,pos,0 days 00:32:39.510000,0 days 01:30:55.022000
2024-07-07 14:35:52.491,OnTrack,-1496,-1171,1981,pos,0 days 00:32:39.950000,0 days 01:30:55.462000
2024-07-07 14:35:52.712,OnTrack,-1587,-1157,1980,pos,0 days 00:32:40.171000,0 days 01:30:55.683000
2024-07-07 14:35:52.992,OnTrack,-1630,-1146,1979,pos,0 days 00:32:40.451000,0 days 01:30:55.963000
2024-07-07 14:35:53.252,OnTrack,-1697,-1122,1978,pos,0 days 00:32:40.711000,0 days 01:30:56.223000
2024-07-07 14:35:53.451,OnTrack,-1754,-1096,1978,pos,0 days 00:32:40.910000,0 days 01:30:56.422000
2024-07-07 14:35:53.631,OnTrack,-1802,-1069,1978,pos,0 days 00:32:41.090000,0 days 01:30:56.602000
2024-07-07 14:35:53.871,OnTrack,-1884,-1008,1977,pos,0 days 00:32:41.330000,0 days 01:30:56.842000
2024-07-07 14:35:54.332,OnTrack,-1974,-913,1976,pos,0 days 00:32:41.791000,0 days 01:30:57.303000
2024-07-07 14:35:54.491,OnTrack,-2011,-867,1975,pos,0 days 00:32:41.950000,0 days 01:30:57.462000
2024-07-07 14:35:54.712,OnTrack,-2063,-802,1975,pos,0 days 00:32:42.171000,0 days 01:30:57.683000
2024-07-07 14:35:54.972,OnTrack,-2145,-685,1974,pos,0 days 00:32:42.431000,0 days 01:30:57.943000
2024-07-07 14:35:55.351,OnTrack,-2212,-551,1974,pos,0 days 00:32:42.810000,0 days 01:30:58.322000
2024-07-07 14:35:55.611,OnTrack,-2265,-393,1972,pos,0 days 00:32:43.070000,0 days 01:30:58.582000
2024-07-07 14:35:56.032,OnTrack,-2302,-211,1970,pos,0 days 00:32:43.491000,0 days 01:30:59.003000
2024-07-07 14:35:56.292,OnTrack,-2311,-110,1968,pos,0 days 00:32:43.751000,0 days 01:30:59.263000
2024-07-07 14:35:56.472,OnTrack,-2314,-21,1967,pos,0 days 00:32:43.931000,0 days 01:30:59.443000
2024-07-07 14:35:56.692,OnTrack,-2309,100,1966,pos,0 days 00:32:44.151000,0 days 01:30:59.663000
2024-07-07 14:35:56.892,OnTrack,-2295,210,1966,pos,0 days 00:32:44.351000,0 days 01:30:59.863000
2024-07-07 14:35:57.092,OnTrack,-2273,320,1964,pos,0 days 00:32:44.551000,0 days 01:31:00.063000
2024-07-07 14:35:57.312,OnTrack,-2237,442,1963,pos,0 days 00:32:44.771000,0 days 01:31:00.283000
2024-07-07 14:35:57.572,OnTrack,-2174,584,1963,pos,0 days 00:32:45.031000,0 days 01:31:00.543000
2024-07-07 14:35:57.852,OnTrack,-2053,797,1962,pos,0 days 00:32:45.311000,0 days 01:31:00.823000
2024-07-07 14:35:58.292,OnTrack,-1944,952,1962,pos,0 days 00:32:45.751000,0 days 01:31:01.263000
2024-07-07 14:35:58.452,OnTrack,-1835,1102,1963,pos,0 days 00:32:45.911000,0 days 01:31:01.423000
2024-07-07 14:35:58.891,OnTrack,-1708,1274,1964,pos,0 days 00:32:46.350000,0 days 01:31:01.862000
2024-07-07 14:35:59.011,OnTrack,-1658,1339,1964,pos,0 days 00:32:46.470000,0 days 01:31:01.982000
2024-07-07 14:35:59.192,OnTrack,-1581,1436,1965,pos,0 days 00:32:46.651000,0 days 01:31:02.163000
2024-07-07 14:35:59.532,OnTrack,-1432,1622,1966,pos,0 days 00:32:46.991000,0 days 01:31:02.503000
2024-07-07 14:35:59.711,OnTrack,-1354,1724,1968,pos,0 days 00:32:47.170000,0 days 01:31:02.682000
2024-07-07 14:35:59.871,OnTrack,-1286,1817,1969,pos,0 days 00:32:47.330000,0 days 01:31:02.842000
2024-07-07 14:36:00.032,OnTrack,-1162,1988,1971,pos,0 days 00:32:47.491000,0 days 01:31:03.003000
2024-07-07 14:36:00.552,OnTrack,-930,2306,1975,pos,0 days 00:32:48.011000,0 days 01:31:03.523000
2024-07-07 14:36:00.932,OnTrack,-823,2453,1978,pos,0 days 00:32:48.391000,0 days 01:31:03.903000
2024-07-07 14:36:01.112,OnTrack,-742,2564,1979,pos,0 days 00:32:48.571000,0 days 01:31:04.083000
2024-07-07 14:36:01.271,OnTrack,-671,2664,1981,pos,0 days 00:32:48.730000,0 days 01:31:04.242000
2024-07-07 14:36:01.551,OnTrack,-521,2880,1985,pos,0 days 00:32:49.010000,0 days 01:31:04.522000
2024-07-07 14:36:01.831,OnTrack,-425,3022,1987,pos,0 days 00:32:49.290000,0 days 01:31:04.802000
2024-07-07 14:36:02.092,OnTrack,-317,3186,1990,pos,0 days 00:32:49.551000,0 days 01:31:05.063000
2024-07-07 14:36:02.272,OnTrack,-234,3311,1993,pos,0 days 00:32:49.731000,0 days 01:31:05.243000
2024-07-07 14:36:02.632,OnTrack,-70,3545,1996,pos,0 days 00:32:50.091000,0 days 01:31:05.603000
2024-07-07 14:36:02.812,OnTrack,43,3700,1999,pos,0 days 00:32:50.271000,0 days 01:31:05.783000
2024-07-07 14:36:03.231,OnTrack,214,3913,2004,pos,0 days 00:32:50.690000,0 days 01:31:06.202000
2024-07-07 14:36:03.332,OnTrack,261,3968,2006,pos,0 days 00:32:50.791000,0 days 01:31:06.303000
2024-07-07 14:36:03.531,OnTrack,355,4071,2009,pos,0 days 00:32:50.990000,0 days 01:31:06.502000
2024-07-07 14:36:03.792,OnTrack,551,4249,2011,pos,0 days 00:32:51.251000,0 days 01:31:06.763000
2024-07-07 14:36:04.212,OnTrack,699,4347,2012,pos,0 days 00:32:51.671000,0 days 01:31:07.183000
2024-07-07 14:36:04.412,OnTrack,858,4422,2014,pos,0 days 00:32:51.871000,0 days 01:31:07.383000
2024-07-07 14:36:04.812,OnTrack,1050,4480,2015,pos,0 days 00:32:52.271000,0 days 01:31:07.783000
2024-07-07 14:36:05.012,OnTrack,1175,4502,2016,pos,0 days 00:32:52.471000,0 days 01:31:07.983000
2024-07-07 14:36:05.271,OnTrack,1344,4517,2017,pos,0 days 00:32:52.730000,0 days 01:31:08.242000
2024-07-07 14:36:05.431,OnTrack,1450,4519,2018,pos,0 days 00:32:52.890000,0 days 01:31:08.402000
2024-07-07 14:36:05.611,OnTrack,1663,4514,2022,pos,0 days 00:32:53.070000,0 days 01:31:08.582000
2024-07-07 14:36:06.111,OnTrack,1907,4487,2025,pos,0 days 00:32:53.570000,0 days 01:31:09.082000
2024-07-07 14:36:06.292,OnTrack,2031,4470,2026,pos,0 days 00:32:53.751000,0 days 01:31:09.263000
2024-07-07 14:36:06.511,OnTrack,2241,4447,2027,pos,0 days 00:32:53.970000,0 days 01:31:09.482000
2024-07-07 14:36:06.951,OnTrack,2597,4443,2032,pos,0 days 00:32:54.410000,0 days 01:31:09.922000
2024-07-07 14:36:07.372,OnTrack,2791,4466,2035,pos,0 days 00:32:54.831000,0 days 01:31:10.343000
2024-07-07 14:36:07.412,OnTrack,2818,4471,2035,pos,0 days 00:32:54.871000,0 days 01:31:10.383000
2024-07-07 14:36:07.652,OnTrack,2983,4514,2037,pos,0 days 00:32:55.111000,0 days 01:31:10.623000
2024-07-07 14:36:07.851,OnTrack,3115,4562,2040,pos,0 days 00:32:55.310000,0 days 01:31:10.822000
2024-07-07 14:36:08.171,OnTrack,3317,4663,2043,pos,0 days 00:32:55.630000,0 days 01:31:11.142000
2024-07-07 14:36:08.371,OnTrack,3437,4740,2046,pos,0 days 00:32:55.830000,0 days 01:31:11.342000
2024-07-07 14:36:08.472,OnTrack,3495,4783,2046,pos,0 days 00:32:55.931000,0 days 01:31:11.443000
2024-07-07 14:36:08.872,OnTrack,3715,4970,2049,pos,0 days 00:32:56.331000,0 days 01:31:11.843000
2024-07-07 14:36:10.051,OnTrack,4297,5533,2053,pos,0 days 00:32:57.510000,0 days 01:31:13.022000
2024-07-07 14:36:10.392,OnTrack,4424,5642,2054,pos,0 days 00:32:57.851000,0 days 01:31:13.363000
2024-07-07 14:36:10.532,OnTrack,4474,5684,2054,pos,0 days 00:32:57.991000,0 days 01:31:13.503000
2024-07-07 14:36:10.712,OnTrack,4535,5733,2055,pos,0 days 00:32:58.171000,0 days 01:31:13.683000
2024-07-07 14:36:10.952,OnTrack,4609,5791,2055,pos,0 days 00:32:58.411000,0 days 01:31:13.923000
2024-07-07 14:36:11.212,OnTrack,4686,5841,2055,pos,0 days 00:32:58.671000,0 days 01:31:14.183000
2024-07-07 14:36:11.453,OnTrack,4759,5875,2054,pos,0 days 00:32:58.912000,0 days 01:31:14.424000
2024-07-07 14:36:11.652,OnTrack,4821,5892,2054,pos,0 days 00:32:59.111000,0 days 01:31:14.623000
2024-07-07 14:36:11.831,OnTrack,4876,5899,2053,pos,0 days 00:32:59.290000,0 days 01:31:14.802000
2024-07-07 14:36:11.992,OnTrack,4925,5900,2053,pos,0 days 00:32:59.451000,0 days 01:31:14.963000
2024-07-07 14:36:12.272,OnTrack,5005,5892,2053,pos,0 days 00:32:59.731000,0 days 01:31:15.243000
2024-07-07 14:36:12.552,OnTrack,5107,5859,2054,pos,0 days 00:33:00.011000,0 days 01:31:15.523000
2024-07-07 14:36:12.931,OnTrack,5190,5807,2056,pos,0 days 00:33:00.390000,0 days 01:31:15.902000
2024-07-07 14:36:13.231,OnTrack,5225,5777,2057,pos,0 days 00:33:00.690000,0 days 01:31:16.202000
2024-07-07 14:36:13.491,OnTrack,5269,5728,2058,pos,0 days 00:33:00.950000,0 days 01:31:16.462000
2024-07-07 14:36:13.791,OnTrack,5320,5639,2059,pos,0 days 00:33:01.250000,0 days 01:31:16.762000
2024-07-07 14:36:14.151,OnTrack,5344,5576,2059,pos,0 days 00:33:01.610000,0 days 01:31:17.122000
2024-07-07 14:36:14.311,OnTrack,5357,5532,2059,pos,0 days 00:33:01.770000,0 days 01:31:17.282000
2024-07-07 14:36:14.532,OnTrack,5370,5472,2060,pos,0 days 00:33:01.991000,0 days 01:31:17.503000
2024-07-07 14:36:14.712,OnTrack,5378,5421,2060,pos,0 days 00:33:02.171000,0 days 01:31:17.683000
2024-07-07 14:36:14.992,OnTrack,5391,5293,2062,pos,0 days 00:33:02.451000,0 days 01:31:17.963000
2024-07-07 14:36:15.332,OnTrack,5397,5228,2063,pos,0 days 00:33:02.791000,0 days 01:31:18.303000
2024-07-07 14:36:15.552,OnTrack,5406,5158,2065,pos,0 days 00:33:03.011000,0 days 01:31:18.523000
2024-07-07 14:36:16.051,OnTrack,5437,5039,2066,pos,0 days 00:33:03.510000,0 days 01:31:19.022000
2024-07-07 14:36:16.232,OnTrack,5471,4965,2066,pos,0 days 00:33:03.691000,0 days 01:31:19.203000
2024-07-07 14:36:16.532,OnTrack,5500,4918,2066,pos,0 days 00:33:03.991000,0 days 01:31:19.503000
2024-07-07 14:36:16.732,OnTrack,5531,4877,2066,pos,0 days 00:33:04.191000,0 days 01:31:19.703000
2024-07-07 14:36:16.992,OnTrack,5576,4831,2065,pos,0 days 00:33:04.451000,0 days 01:31:19.963000
2024-07-07 14:36:17.212,OnTrack,5615,4797,2065,pos,0 days 00:33:04.671000,0 days 01:31:20.183000
2024-07-07 14:36:17.433,OnTrack,5654,4770,2064,pos,0 days 00:33:04.892000,0 days 01:31:20.404000
2024-07-07 14:36:17.652,OnTrack,5713,4742,2065,pos,0 days 00:33:05.111000,0 days 01:31:20.623000
2024-07-07 14:36:18.112,OnTrack,5811,4735,2064,pos,0 days 00:33:05.571000,0 days 01:31:21.083000
2024-07-07 14:36:18.451,OnTrack,5850,4749,2064,pos,0 days 00:33:05.910000,0 days 01:31:21.422000
2024-07-07 14:36:18.731,OnTrack,5906,4784,2063,pos,0 days 00:33:06.190000,0 days 01:31:21.702000
2024-07-07 14:36:19.011,OnTrack,5946,4817,2064,pos,0 days 00:33:06.470000,0 days 01:31:21.982000
2024-07-07 14:36:19.291,OnTrack,6007,4883,2064,pos,0 days 00:33:06.750000,0 days 01:31:22.262000
2024-07-07 14:36:19.711,OnTrack,6051,4940,2065,pos,0 days 00:33:07.170000,0 days 01:31:22.682000
2024-07-07 14:36:19.871,OnTrack,6073,4973,2065,pos,0 days 00:33:07.330000,0 days 01:31:22.842000
2024-07-07 14:36:20.131,OnTrack,6108,5031,2065,pos,0 days 00:33:07.590000,0 days 01:31:23.102000
2024-07-07 14:36:20.331,OnTrack,6134,5080,2065,pos,0 days 00:33:07.790000,0 days 01:31:23.302000
2024-07-07 14:36:20.551,OnTrack,6175,5172,2065,pos,0 days 00:33:08.010000,0 days 01:31:23.522000
2024-07-07 14:36:20.891,OnTrack,6200,5238,2065,pos,0 days 00:33:08.350000,0 days 01:31:23.862000
2024-07-07 14:36:21.171,OnTrack,6239,5358,2065,pos,0 days 00:33:08.630000,0 days 01:31:24.142000
2024-07-07 14:36:21.592,OnTrack,6274,5487,2065,pos,0 days 00:33:09.051000,0 days 01:31:24.563000
2024-07-07 14:36:21.832,OnTrack,6301,5612,2064,pos,0 days 00:33:09.291000,0 days 01:31:24.803000
2024-07-07 14:36:22.112,OnTrack,6318,5712,2065,pos,0 days 00:33:09.571000,0 days 01:31:25.083000
2024-07-07 14:36:22.311,OnTrack,6330,5828,2064,pos,0 days 00:33:09.770000,0 days 01:31:25.282000
2024-07-07 14:36:22.612,OnTrack,6331,5981,2064,pos,0 days 00:33:10.071000,0 days 01:31:25.583000
2024-07-07 14:36:22.831,OnTrack,6311,6175,2063,pos,0 days 00:33:10.290000,0 days 01:31:25.802000
2024-07-07 14:36:23.131,OnTrack,6294,6263,2063,pos,0 days 00:33:10.590000,0 days 01:31:26.102000
2024-07-07 14:36:23.292,OnTrack,6272,6352,2063,pos,0 days 00:33:10.751000,0 days 01:31:26.263000
2024-07-07 14:36:23.632,OnTrack,6203,6540,2062,pos,0 days 00:33:11.091000,0 days 01:31:26.603000
2024-07-07 14:36:23.872,OnTrack,6137,6671,2063,pos,0 days 00:33:11.331000,0 days 01:31:26.843000
2024-07-07 14:36:24.052,OnTrack,6079,6766,2063,pos,0 days 00:33:11.511000,0 days 01:31:27.023000
2024-07-07 14:36:24.272,OnTrack,5999,6879,2064,pos,0 days 00:33:11.731000,0 days 01:31:27.243000
2024-07-07 14:36:24.432,OnTrack,5935,6958,2064,pos,0 days 00:33:11.891000,0 days 01:31:27.403000
2024-07-07 14:36:24.692,OnTrack,5760,7134,2064,pos,0 days 00:33:12.151000,0 days 01:31:27.663000
2024-07-07 14:36:25.092,OnTrack,5552,7306,2064,pos,0 days 00:33:12.551000,0 days 01:31:28.063000
2024-07-07 14:36:25.451,OnTrack,5421,7406,2064,pos,0 days 00:33:12.910000,0 days 01:31:28.422000
2024-07-07 14:36:25.691,OnTrack,5289,7508,2064,pos,0 days 00:33:13.150000,0 days 01:31:28.662000
2024-07-07 14:36:25.791,OnTrack,5234,7551,2064,pos,0 days 00:33:13.250000,0 days 01:31:28.762000
2024-07-07 14:36:26.051,OnTrack,5091,7668,2064,pos,0 days 00:33:13.510000,0 days 01:31:29.022000
2024-07-07 14:36:26.331,OnTrack,4956,7781,2064,pos,0 days 00:33:13.790000,0 days 01:31:29.302000
2024-07-07 14:36:26.531,OnTrack,4857,7864,2064,pos,0 days 00:33:13.990000,0 days 01:31:29.502000
2024-07-07 14:36:26.611,OnTrack,4807,7907,2064,pos,0 days 00:33:14.070000,0 days 01:31:29.582000
2024-07-07 14:36:26.911,OnTrack,4639,8051,2065,pos,0 days 00:33:14.370000,0 days 01:31:29.882000
2024-07-07 14:36:27.111,OnTrack,4526,8148,2065,pos,0 days 00:33:14.570000,0 days 01:31:30.082000
2024-07-07 14:36:27.272,OnTrack,4435,8226,2064,pos,0 days 00:33:14.731000,0 days 01:31:30.243000
2024-07-07 14:36:27.552,OnTrack,4275,8364,2064,pos,0 days 00:33:15.011000,0 days 01:31:30.523000
2024-07-07 14:36:27.671,OnTrack,4205,8423,2064,pos,0 days 00:33:15.130000,0 days 01:31:30.642000
2024-07-07 14:36:27.912,OnTrack,4066,8542,2064,pos,0 days 00:33:15.371000,0 days 01:31:30.883000
2024-07-07 14:36:28.192,OnTrack,3821,8754,2063,pos,0 days 00:33:15.651000,0 days 01:31:31.163000
2024-07-07 14:36:28.551,OnTrack,3693,8867,2063,pos,0 days 00:33:16.010000,0 days 01:31:31.522000
2024-07-07 14:36:28.831,OnTrack,3528,9012,2063,pos,0 days 00:33:16.290000,0 days 01:31:31.802000
2024-07-07 14:36:29.032,OnTrack,3410,9116,2063,pos,0 days 00:33:16.491000,0 days 01:31:32.003000
2024-07-07 14:36:29.232,OnTrack,3243,9262,2064,pos,0 days 00:33:16.691000,0 days 01:31:32.203000
2024-07-07 14:36:29.651,OnTrack,3039,9441,2063,pos,0 days 00:33:17.110000,0 days 01:31:32.622000
2024-07-07 14:36:29.872,OnTrack,2846,9609,2061,pos,0 days 00:33:17.331000,0 days 01:31:32.843000
2024-07-07 14:36:30.292,OnTrack,2628,9798,2059,pos,0 days 00:33:17.751000,0 days 01:31:33.263000
2024-07-07 14:36:30.712,OnTrack,2399,9998,2056,pos,0 days 00:33:18.171000,0 days 01:31:33.683000
2024-07-07 14:36:30.773,OnTrack,2364,10029,2056,pos,0 days 00:33:18.232000,0 days 01:31:33.744000
2024-07-07 14:36:31.053,OnTrack,2202,10175,2053,pos,0 days 00:33:18.512000,0 days 01:31:34.024000
2024-07-07 14:36:31.212,OnTrack,2109,10258,2051,pos,0 days 00:33:18.671000,0 days 01:31:34.183000
2024-07-07 14:36:31.392,OnTrack,2003,10353,2050,pos,0 days 00:33:18.851000,0 days 01:31:34.363000
2024-07-07 14:36:31.671,OnTrack,1841,10497,2047,pos,0 days 00:33:19.130000,0 days 01:31:34.642000
2024-07-07 14:36:31.831,OnTrack,1750,10573,2046,pos,0 days 00:33:19.290000,0 days 01:31:34.802000
2024-07-07 14:36:31.991,OnTrack,1664,10643,2045,pos,0 days 00:33:19.450000,0 days 01:31:34.962000
2024-07-07 14:36:32.331,OnTrack,1444,10794,2041,pos,0 days 00:33:19.790000,0 days 01:31:35.302000
2024-07-07 14:36:32.631,OnTrack,1341,10848,2039,pos,0 days 00:33:20.090000,0 days 01:31:35.602000
2024-07-07 14:36:32.911,OnTrack,1206,10902,2037,pos,0 days 00:33:20.370000,0 days 01:31:35.882000
2024-07-07 14:36:33.071,OnTrack,1131,10924,2036,pos,0 days 00:33:20.530000,0 days 01:31:36.042000
2024-07-07 14:36:33.232,OnTrack,1060,10939,2036,pos,0 days 00:33:20.691000,0 days 01:31:36.203000
2024-07-07 14:36:33.572,OnTrack,900,10949,2035,pos,0 days 00:33:21.031000,0 days 01:31:36.543000
2024-07-07 14:36:33.951,OnTrack,729,10939,2033,pos,0 days 00:33:21.410000,0 days 01:31:36.922000
2024-07-07 14:36:34.211,OnTrack,647,10919,2032,pos,0 days 00:33:21.670000,0 days 01:31:37.182000
2024-07-07 14:36:34.491,OnTrack,505,10856,2032,pos,0 days 00:33:21.950000,0 days 01:31:37.462000
2024-07-07 14:36:34.932,OnTrack,378,10749,2032,pos,0 days 00:33:22.391000,0 days 01:31:37.903000
2024-07-07 14:36:35.232,OnTrack,342,10701,2032,pos,0 days 00:33:22.691000,0 days 01:31:38.203000
2024-07-07 14:36:35.452,OnTrack,299,10630,2033,pos,0 days 00:33:22.911000,0 days 01:31:38.423000
2024-07-07 14:36:35.692,OnTrack,259,10550,2033,pos,0 days 00:33:23.151000,0 days 01:31:38.663000
2024-07-07 14:36:35.852,OnTrack,236,10495,2033,pos,0 days 00:33:23.311000,0 days 01:31:38.823000
2024-07-07 14:36:36.232,OnTrack,200,10333,2033,pos,0 days 00:33:23.691000,0 days 01:31:39.203000
2024-07-07 14:36:36.492,OnTrack,193,10254,2033,pos,0 days 00:33:23.951000,0 days 01:31:39.463000
2024-07-07 14:36:36.872,OnTrack,182,10040,2035,pos,0 days 00:33:24.331000,0 days 01:31:39.843000
2024-07-07 14:36:37.152,OnTrack,177,9980,2035,pos,0 days 00:33:24.611000,0 days 01:31:40.123000
2024-07-07 14:36:37.432,OnTrack,161,9867,2036,pos,0 days 00:33:24.891000,0 days 01:31:40.403000
2024-07-07 14:36:37.692,OnTrack,135,9782,2037,pos,0 days 00:33:25.151000,0 days 01:31:40.663000
2024-07-07 14:36:37.712,OnTrack,132,9776,2037,pos,0 days 00:33:25.171000,0 days 01:31:40.683000
2024-07-07 14:36:38.091,OnTrack,53,9642,2039,pos,0 days 00:33:25.550000,0 days 01:31:41.062000
2024-07-07 14:36:38.491,OnTrack,-39,9551,2040,pos,0 days 00:33:25.950000,0 days 01:31:41.462000
2024-07-07 14:36:38.891,OnTrack,-140,9487,2040,pos,0 days 00:33:26.350000,0 days 01:31:41.862000
2024-07-07 14:36:39.311,OnTrack,-236,9452,2041,pos,0 days 00:33:26.770000,0 days 01:31:42.282000
2024-07-07 14:36:39.572,OnTrack,-282,9444,2041,pos,0 days 00:33:27.031000,0 days 01:31:42.543000
2024-07-07 14:36:39.852,OnTrack,-353,9443,2040,pos,0 days 00:33:27.311000,0 days 01:31:42.823000
2024-07-07 14:36:40.072,OnTrack,-429,9459,2040,pos,0 days 00:33:27.531000,0 days 01:31:43.043000
2024-07-07 14:36:40.491,OnTrack,-500,9492,2039,pos,0 days 00:33:27.950000,0 days 01:31:43.462000
2024-07-07 14:36:40.692,OnTrack,-542,9520,2038,pos,0 days 00:33:28.151000,0 days 01:31:43.663000
2024-07-07 14:36:40.872,OnTrack,-577,9549,2038,pos,0 days 00:33:28.331000,0 days 01:31:43.843000
2024-07-07 14:36:41.172,OnTrack,-652,9634,2036,pos,0 days 00:33:28.631000,0 days 01:31:44.143000
2024-07-07 14:36:41.591,OnTrack,-707,9732,2034,pos,0 days 00:33:29.050000,0 days 01:31:44.562000
2024-07-07 14:36:41.911,OnTrack,-728,9782,2034,pos,0 days 00:33:29.370000,0 days 01:31:44.882000
2024-07-07 14:36:42.092,OnTrack,-745,9832,2033,pos,0 days 00:33:29.551000,0 days 01:31:45.063000
2024-07-07 14:36:42.272,OnTrack,-758,9885,2033,pos,0 days 00:33:29.731000,0 days 01:31:45.243000
2024-07-07 14:36:42.472,OnTrack,-769,9947,2032,pos,0 days 00:33:29.931000,0 days 01:31:45.443000
2024-07-07 14:36:42.632,OnTrack,-774,9998,2032,pos,0 days 00:33:30.091000,0 days 01:31:45.603000
2024-07-07 14:36:43.032,OnTrack,-773,10133,2031,pos,0 days 00:33:30.491000,0 days 01:31:46.003000
2024-07-07 14:36:43.252,OnTrack,-760,10249,2031,pos,0 days 00:33:30.711000,0 days 01:31:46.223000
2024-07-07 14:36:43.592,OnTrack,-741,10351,2030,pos,0 days 00:33:31.051000,0 days 01:31:46.563000
2024-07-07 14:36:43.752,OnTrack,-726,10411,2029,pos,0 days 00:33:31.211000,0 days 01:31:46.723000
2024-07-07 14:36:43.912,OnTrack,-705,10481,2028,pos,0 days 00:33:31.371000,0 days 01:31:46.883000
2024-07-07 14:36:44.092,OnTrack,-696,10510,2028,pos,0 days 00:33:31.551000,0 days 01:31:47.063000
2024-07-07 14:36:44.373,OnTrack,-650,10634,2026,pos,0 days 00:33:31.832000,0 days 01:31:47.344000
2024-07-07 14:36:44.552,OnTrack,-615,10716,2025,pos,0 days 00:33:32.011000,0 days 01:31:47.523000
2024-07-07 14:36:44.811,OnTrack,-559,10838,2023,pos,0 days 00:33:32.270000,0 days 01:31:47.782000
2024-07-07 14:36:45.071,OnTrack,-485,10984,2022,pos,0 days 00:33:32.530000,0 days 01:31:48.042000
2024-07-07 14:36:45.351,OnTrack,-420,11104,2021,pos,0 days 00:33:32.810000,0 days 01:31:48.322000
2024-07-07 14:36:45.711,OnTrack,-313,11288,2021,pos,0 days 00:33:33.170000,0 days 01:31:48.682000
2024-07-07 14:36:45.752,OnTrack,-300,11309,2021,pos,0 days 00:33:33.211000,0 days 01:31:48.723000
2024-07-07 14:36:46.072,OnTrack,-189,11472,2021,pos,0 days 00:33:33.531000,0 days 01:31:49.043000
2024-07-07 14:36:46.312,OnTrack,-44,11658,2021,pos,0 days 00:33:33.771000,0 days 01:31:49.283000
2024-07-07 14:36:46.632,OnTrack,37,11752,2021,pos,0 days 00:33:34.091000,0 days 01:31:49.603000
2024-07-07 14:36:46.892,OnTrack,158,11877,2023,pos,0 days 00:33:34.351000,0 days 01:31:49.863000
2024-07-07 14:36:47.112,OnTrack,326,12036,2024,pos,0 days 00:33:34.571000,0 days 01:31:50.083000
2024-07-07 14:36:47.492,OnTrack,464,12151,2024,pos,0 days 00:33:34.951000,0 days 01:31:50.463000
2024-07-07 14:36:47.672,OnTrack,565,12228,2024,pos,0 days 00:33:35.131000,0 days 01:31:50.643000
2024-07-07 14:36:47.952,OnTrack,729,12339,2024,pos,0 days 00:33:35.411000,0 days 01:31:50.923000
2024-07-07 14:36:48.171,OnTrack,867,12416,2025,pos,0 days 00:33:35.630000,0 days 01:31:51.142000
2024-07-07 14:36:48.371,OnTrack,992,12476,2025,pos,0 days 00:33:35.830000,0 days 01:31:51.342000
2024-07-07 14:36:48.592,OnTrack,1148,12541,2025,pos,0 days 00:33:36.051000,0 days 01:31:51.563000
2024-07-07 14:36:48.752,OnTrack,1259,12582,2025,pos,0 days 00:33:36.211000,0 days 01:31:51.723000
2024-07-07 14:36:48.912,OnTrack,1365,12617,2025,pos,0 days 00:33:36.371000,0 days 01:31:51.883000
2024-07-07 14:36:49.172,OnTrack,1633,12690,2025,pos,0 days 00:33:36.631000,0 days 01:31:52.143000
2024-07-07 14:36:49.552,OnTrack,1842,12734,2027,pos,0 days 00:33:37.011000,0 days 01:31:52.523000
2024-07-07 14:36:49.772,OnTrack,2007,12762,2028,pos,0 days 00:33:37.231000,0 days 01:31:52.743000
2024-07-07 14:36:49.872,OnTrack,2083,12773,2028,pos,0 days 00:33:37.331000,0 days 01:31:52.843000
2024-07-07 14:36:50.092,OnTrack,2252,12794,2029,pos,0 days 00:33:37.551000,0 days 01:31:53.063000
2024-07-07 14:36:50.452,OnTrack,2641,12836,2033,pos,0 days 00:33:37.911000,0 days 01:31:53.423000
2024-07-07 14:36:50.872,OnTrack,2861,12859,2035,pos,0 days 00:33:38.331000,0 days 01:31:53.843000
2024-07-07 14:36:51.032,OnTrack,3051,12878,2036,pos,0 days 00:33:38.491000,0 days 01:31:54.003000
2024-07-07 14:36:51.351,OnTrack,3243,12898,2038,pos,0 days 00:33:38.810000,0 days 01:31:54.322000
2024-07-07 14:36:51.531,OnTrack,3387,12914,2039,pos,0 days 00:33:38.990000,0 days 01:31:54.502000
2024-07-07 14:36:51.851,OnTrack,3644,12942,2040,pos,0 days 00:33:39.310000,0 days 01:31:54.822000
2024-07-07 14:36:52.032,OnTrack,3885,12969,2042,pos,0 days 00:33:39.491000,0 days 01:31:55.003000
2024-07-07 14:36:52.912,OnTrack,4490,13046,2046,pos,0 days 00:33:40.371000,0 days 01:31:55.883000
2024-07-07 14:36:53.231,OnTrack,4742,13079,2047,pos,0 days 00:33:40.690000,0 days 01:31:56.202000
2024-07-07 14:36:53.452,OnTrack,4987,13103,2048,pos,0 days 00:33:40.911000,0 days 01:31:56.423000
2024-07-07 14:36:53.851,OnTrack,5168,13114,2049,pos,0 days 00:33:41.310000,0 days 01:31:56.822000
2024-07-07 14:36:54.051,OnTrack,5279,13113,2049,pos,0 days 00:33:41.510000,0 days 01:31:57.022000
2024-07-07 14:36:54.212,OnTrack,5455,13092,2050,pos,0 days 00:33:41.671000,0 days 01:31:57.183000
2024-07-07 14:36:54.732,OnTrack,5730,13016,2052,pos,0 days 00:33:42.191000,0 days 01:31:57.703000
2024-07-07 14:36:55.112,OnTrack,5862,12957,2053,pos,0 days 00:33:42.571000,0 days 01:31:58.083000
2024-07-07 14:36:55.292,OnTrack,5950,12906,2053,pos,0 days 00:33:42.751000,0 days 01:31:58.263000
2024-07-07 14:36:55.532,OnTrack,6063,12829,2054,pos,0 days 00:33:42.991000,0 days 01:31:58.503000
2024-07-07 14:36:55.751,OnTrack,6197,12717,2055,pos,0 days 00:33:43.210000,0 days 01:31:58.722000
2024-07-07 14:36:56.012,OnTrack,6272,12641,2055,pos,0 days 00:33:43.471000,0 days 01:31:58.983000
2024-07-07 14:36:56.392,OnTrack,6451,12377,2057,pos,0 days 00:33:43.851000,0 days 01:31:59.363000
2024-07-07 14:36:56.832,OnTrack,6533,12202,2058,pos,0 days 00:33:44.291000,0 days 01:31:59.803000
2024-07-07 14:36:57.032,OnTrack,6581,12080,2059,pos,0 days 00:33:44.491000,0 days 01:32:00.003000
2024-07-07 14:36:57.232,OnTrack,6648,11878,2060,pos,0 days 00:33:44.691000,0 days 01:32:00.203000
2024-07-07 14:36:57.512,OnTrack,6676,11780,2061,pos,0 days 00:33:44.971000,0 days 01:32:00.483000
2024-07-07 14:36:57.752,OnTrack,6720,11614,2062,pos,0 days 00:33:45.211000,0 days 01:32:00.723000
2024-07-07 14:36:58.071,OnTrack,6772,11396,2064,pos,0 days 00:33:45.530000,0 days 01:32:01.042000
2024-07-07 14:36:58.231,OnTrack,6808,11230,2065,pos,0 days 00:33:45.690000,0 days 01:32:01.202000
2024-07-07 14:36:58.671,OnTrack,6864,10924,2068,pos,0 days 00:33:46.130000,0 days 01:32:01.642000
2024-07-07 14:36:59.031,OnTrack,6896,10706,2069,pos,0 days 00:33:46.490000,0 days 01:32:02.002000
2024-07-07 14:36:59.231,OnTrack,6915,10558,2070,pos,0 days 00:33:46.690000,0 days 01:32:02.202000
2024-07-07 14:36:59.451,OnTrack,6942,10304,2072,pos,0 days 00:33:46.910000,0 days 01:32:02.422000
2024-07-07 14:36:59.831,OnTrack,6959,10106,2074,pos,0 days 00:33:47.290000,0 days 01:32:02.802000
2024-07-07 14:37:00.091,OnTrack,6970,9907,2074,pos,0 days 00:33:47.550000,0 days 01:32:03.062000
2024-07-07 14:37:00.172,OnTrack,6973,9845,2074,pos,0 days 00:33:47.631000,0 days 01:32:03.143000
2024-07-07 14:37:00.371,OnTrack,6978,9690,2075,pos,0 days 00:33:47.830000,0 days 01:32:03.342000
2024-07-07 14:37:00.611,OnTrack,6982,9510,2075,pos,0 days 00:33:48.070000,0 days 01:32:03.582000
2024-07-07 14:37:00.792,OnTrack,6986,9361,2074,pos,0 days 00:33:48.251000,0 days 01:32:03.763000
2024-07-07 14:37:00.992,OnTrack,6991,9203,2074,pos,0 days 00:33:48.451000,0 days 01:32:03.963000
2024-07-07 14:37:01.352,OnTrack,7017,8840,2072,pos,0 days 00:33:48.811000,0 days 01:32:04.323000
2024-07-07 14:37:01.672,OnTrack,7040,8674,2071,pos,0 days 00:33:49.131000,0 days 01:32:04.643000
2024-07-07 14:37:01.912,OnTrack,7077,8476,2070,pos,0 days 00:33:49.371000,0 days 01:32:04.883000
2024-07-07 14:37:02.092,OnTrack,7126,8272,2069,pos,0 days 00:33:49.551000,0 days 01:32:05.063000
2024-07-07 14:37:02.532,OnTrack,7207,7993,2065,pos,0 days 00:33:49.991000,0 days 01:32:05.503000
2024-07-07 14:37:02.772,OnTrack,7292,7757,2063,pos,0 days 00:33:50.231000,0 days 01:32:05.743000
2024-07-07 14:37:03.032,OnTrack,7348,7616,2061,pos,0 days 00:33:50.491000,0 days 01:32:06.003000
2024-07-07 14:37:03.252,OnTrack,7409,7466,2060,pos,0 days 00:33:50.711000,0 days 01:32:06.223000
2024-07-07 14:37:03.592,OnTrack,7485,7247,2058,pos,0 days 00:33:51.051000,0 days 01:32:06.563000
2024-07-07 14:37:03.792,OnTrack,7516,7121,2058,pos,0 days 00:33:51.251000,0 days 01:32:06.763000
2024-07-07 14:37:04.032,OnTrack,7537,6972,2058,pos,0 days 00:33:51.491000,0 days 01:32:07.003000
2024-07-07 14:37:04.112,OnTrack,7539,6923,2058,pos,0 days 00:33:51.571000,0 days 01:32:07.083000
2024-07-07 14:37:04.991,OnTrack,7450,6358,2060,pos,0 days 00:33:52.450000,0 days 01:32:07.962000
2024-07-07 14:37:05.231,OnTrack,7395,6140,2061,pos,0 days 00:33:52.690000,0 days 01:32:08.202000
2024-07-07 14:37:05.672,OnTrack,7344,5897,2063,pos,0 days 00:33:53.131000,0 days 01:32:08.643000
2024-07-07 14:37:05.991,OnTrack,7322,5727,2063,pos,0 days 00:33:53.450000,0 days 01:32:08.962000
2024-07-07 14:37:06.192,OnTrack,7317,5609,2063,pos,0 days 00:33:53.651000,0 days 01:32:09.163000
2024-07-07 14:37:06.472,OnTrack,7329,5453,2062,pos,0 days 00:33:53.931000,0 days 01:32:09.443000
2024-07-07 14:37:06.692,OnTrack,7365,5302,2061,pos,0 days 00:33:54.151000,0 days 01:32:09.663000
2024-07-07 14:37:07.072,OnTrack,7431,5139,2059,pos,0 days 00:33:54.531000,0 days 01:32:10.043000
2024-07-07 14:37:07.372,OnTrack,7510,4994,2057,pos,0 days 00:33:54.831000,0 days 01:32:10.343000
2024-07-07 14:37:07.572,OnTrack,7593,4858,2055,pos,0 days 00:33:55.031000,0 days 01:32:10.543000
2024-07-07 14:37:07.892,OnTrack,7655,4751,2054,pos,0 days 00:33:55.351000,0 days 01:32:10.863000
2024-07-07 14:37:08.092,OnTrack,7682,4699,2053,pos,0 days 00:33:55.551000,0 days 01:32:11.063000
2024-07-07 14:37:08.352,OnTrack,7733,4584,2051,pos,0 days 00:33:55.811000,0 days 01:32:11.323000
2024-07-07 14:37:08.512,OnTrack,7756,4514,2050,pos,0 days 00:33:55.971000,0 days 01:32:11.483000
2024-07-07 14:37:08.831,OnTrack,7788,4322,2048,pos,0 days 00:33:56.290000,0 days 01:32:11.802000
2024-07-07 14:37:09.072,OnTrack,7788,4271,2047,pos,0 days 00:33:56.531000,0 days 01:32:12.043000
2024-07-07 14:37:09.412,OnTrack,7756,4071,2043,pos,0 days 00:33:56.871000,0 days 01:32:12.383000
2024-07-07 14:37:09.692,OnTrack,7739,4014,2042,pos,0 days 00:33:57.151000,0 days 01:32:12.663000
2024-07-07 14:37:09.992,OnTrack,7665,3842,2040,pos,0 days 00:33:57.451000,0 days 01:32:12.963000
2024-07-07 14:37:10.312,OnTrack,7626,3772,2039,pos,0 days 00:33:57.771000,0 days 01:32:13.283000
2024-07-07 14:37:10.612,OnTrack,7515,3623,2037,pos,0 days 00:33:58.071000,0 days 01:32:13.583000
2024-07-07 14:37:10.912,OnTrack,7446,3555,2036,pos,0 days 00:33:58.371000,0 days 01:32:13.883000
2024-07-07 14:37:11.111,OnTrack,7367,3492,2035,pos,0 days 00:33:58.570000,0 days 01:32:14.082000
2024-07-07 14:37:11.511,OnTrack,7132,3356,2032,pos,0 days 00:33:58.970000,0 days 01:32:14.482000
2024-07-07 14:37:11.791,OnTrack,7041,3308,2031,pos,0 days 00:33:59.250000,0 days 01:32:14.762000
2024-07-07 14:37:11.951,OnTrack,6961,3263,2030,pos,0 days 00:33:59.410000,0 days 01:32:14.922000
2024-07-07 14:37:12.251,OnTrack,6818,3160,2029,pos,0 days 00:33:59.710000,0 days 01:32:15.222000
2024-07-07 14:37:12.432,OnTrack,6737,3085,2028,pos,0 days 00:33:59.891000,0 days 01:32:15.403000
2024-07-07 14:37:12.651,OnTrack,6639,2986,2028,pos,0 days 00:34:00.110000,0 days 01:32:15.622000
2024-07-07 14:37:12.851,OnTrack,6501,2833,2027,pos,0 days 00:34:00.310000,0 days 01:32:15.822000
2024-07-07 14:37:13.292,OnTrack,6376,2672,2027,pos,0 days 00:34:00.751000,0 days 01:32:16.263000
2024-07-07 14:37:13.552,OnTrack,6280,2525,2026,pos,0 days 00:34:01.011000,0 days 01:32:16.523000
2024-07-07 14:37:13.711,OnTrack,6219,2422,2026,pos,0 days 00:34:01.170000,0 days 01:32:16.682000
2024-07-07 14:37:13.951,OnTrack,6118,2237,2025,pos,0 days 00:34:01.410000,0 days 01:32:16.922000
2024-07-07 14:37:14.271,OnTrack,6035,2074,2025,pos,0 days 00:34:01.730000,0 days 01:32:17.242000
2024-07-07 14:37:14.472,OnTrack,5972,1946,2025,pos,0 days 00:34:01.931000,0 days 01:32:17.443000
2024-07-07 14:37:14.712,OnTrack,5854,1705,2024,pos,0 days 00:34:02.171000,0 days 01:32:17.683000
2024-07-07 14:37:15.172,OnTrack,5749,1487,2023,pos,0 days 00:34:02.631000,0 days 01:32:18.143000
2024-07-07 14:37:15.252,OnTrack,5727,1440,2022,pos,0 days 00:34:02.711000,0 days 01:32:18.223000
2024-07-07 14:37:15.452,OnTrack,5659,1300,2021,pos,0 days 00:34:02.911000,0 days 01:32:18.423000
2024-07-07 14:37:15.612,OnTrack,5608,1192,2021,pos,0 days 00:34:03.071000,0 days 01:32:18.583000
2024-07-07 14:37:15.832,OnTrack,5537,1043,2020,pos,0 days 00:34:03.291000,0 days 01:32:18.803000
2024-07-07 14:37:16.152,OnTrack,5434,827,2019,pos,0 days 00:34:03.611000,0 days 01:32:19.123000
2024-07-07 14:37:16.372,OnTrack,5317,584,2016,pos,0 days 00:34:03.831000,0 days 01:32:19.343000
2024-07-07 14:37:16.732,OnTrack,5243,430,2016,pos,0 days 00:34:04.191000,0 days 01:32:19.703000
2024-07-07 14:37:16.912,OnTrack,5178,296,2014,pos,0 days 00:34:04.371000,0 days 01:32:19.883000
2024-07-07 14:37:17.092,OnTrack,5116,169,2013,pos,0 days 00:34:04.551000,0 days 01:32:20.063000
2024-07-07 14:37:17.352,OnTrack,5027,-15,2012,pos,0 days 00:34:04.811000,0 days 01:32:20.323000
2024-07-07 14:37:17.552,OnTrack,4958,-158,2011,pos,0 days 00:34:05.011000,0 days 01:32:20.523000
2024-07-07 14:37:17.872,OnTrack,4802,-482,2009,pos,0 days 00:34:05.331000,0 days 01:32:20.843000
2024-07-07 14:37:18.271,OnTrack,4711,-670,2008,pos,0 days 00:34:05.730000,0 days 01:32:21.242000
2024-07-07 14:37:18.491,OnTrack,4601,-899,2007,pos,0 days 00:34:05.950000,0 days 01:32:21.462000
2024-07-07 14:37:18.911,OnTrack,4437,-1236,2003,pos,0 days 00:34:06.370000,0 days 01:32:21.882000
2024-07-07 14:37:19.252,OnTrack,4365,-1382,2002,pos,0 days 00:34:06.711000,0 days 01:32:22.223000
2024-07-07 14:37:19.411,OnTrack,4307,-1500,2000,pos,0 days 00:34:06.870000,0 days 01:32:22.382000
2024-07-07 14:37:19.631,OnTrack,4227,-1661,1998,pos,0 days 00:34:07.090000,0 days 01:32:22.602000
2024-07-07 14:37:19.792,OnTrack,4169,-1779,1997,pos,0 days 00:34:07.251000,0 days 01:32:22.763000
2024-07-07 14:37:20.032,OnTrack,4080,-1955,1995,pos,0 days 00:34:07.491000,0 days 01:32:23.003000
2024-07-07 14:37:20.251,OnTrack,3998,-2116,1994,pos,0 days 00:34:07.710000,0 days 01:32:23.222000
2024-07-07 14:37:20.511,OnTrack,3869,-2366,1994,pos,0 days 00:34:07.970000,0 days 01:32:23.482000
2024-07-07 14:37:20.831,OnTrack,3787,-2525,1994,pos,0 days 00:34:08.290000,0 days 01:32:23.802000
2024-07-07 14:37:21.051,OnTrack,3704,-2681,1996,pos,0 days 00:34:08.510000,0 days 01:32:24.022000
2024-07-07 14:37:21.272,OnTrack,3620,-2837,1998,pos,0 days 00:34:08.731000,0 days 01:32:24.243000
2024-07-07 14:37:21.472,OnTrack,3543,-2976,2000,pos,0 days 00:34:08.931000,0 days 01:32:24.443000
2024-07-07 14:37:21.752,OnTrack,3376,-3264,2006,pos,0 days 00:34:09.211000,0 days 01:32:24.723000
2024-07-07 14:37:22.012,OnTrack,3327,-3342,2008,pos,0 days 00:34:09.471000,0 days 01:32:24.983000
2024-07-07 14:37:22.392,OnTrack,3174,-3563,2013,pos,0 days 00:34:09.851000,0 days 01:32:25.363000
2024-07-07 14:37:22.592,OnTrack,3094,-3662,2015,pos,0 days 00:34:10.051000,0 days 01:32:25.563000
2024-07-07 14:37:22.792,OnTrack,2994,-3772,2018,pos,0 days 00:34:10.251000,0 days 01:32:25.763000
2024-07-07 14:37:23.072,OnTrack,2899,-3860,2020,pos,0 days 00:34:10.531000,0 days 01:32:26.043000
2024-07-07 14:37:23.452,OnTrack,2731,-3976,2023,pos,0 days 00:34:10.911000,0 days 01:32:26.423000
2024-07-07 14:37:23.492,OnTrack,2713,-3986,2024,pos,0 days 00:34:10.951000,0 days 01:32:26.463000
2024-07-07 14:37:23.853,OnTrack,2518,-4071,2027,pos,0 days 00:34:11.312000,0 days 01:32:26.824000
2024-07-07 14:37:24.231,OnTrack,2354,-4108,2030,pos,0 days 00:34:11.690000,0 days 01:32:27.202000
2024-07-07 14:37:24.511,OnTrack,2272,-4115,2030,pos,0 days 00:34:11.970000,0 days 01:32:27.482000
2024-07-07 14:37:24.751,OnTrack,2165,-4112,2032,pos,0 days 00:34:12.210000,0 days 01:32:27.722000
2024-07-07 14:37:25.071,OnTrack,2023,-4088,2033,pos,0 days 00:34:12.530000,0 days 01:32:28.042000
2024-07-07 14:37:25.252,OnTrack,1944,-4065,2033,pos,0 days 00:34:12.711000,0 days 01:32:28.223000
2024-07-07 14:37:25.472,OnTrack,1848,-4027,2033,pos,0 days 00:34:12.931000,0 days 01:32:28.443000
2024-07-07 14:37:25.611,OnTrack,1728,-3962,2033,pos,0 days 00:34:13.070000,0 days 01:32:28.582000
2024-07-07 14:37:25.931,OnTrack,1654,-3911,2032,pos,0 days 00:34:13.390000,0 days 01:32:28.902000
2024-07-07 14:37:26.211,OnTrack,1544,-3818,2031,pos,0 days 00:34:13.670000,0 days 01:32:29.182000
2024-07-07 14:37:26.392,OnTrack,1478,-3750,2030,pos,0 days 00:34:13.851000,0 days 01:32:29.363000
2024-07-07 14:37:26.672,OnTrack,1381,-3632,2029,pos,0 days 00:34:14.131000,0 days 01:32:29.643000
2024-07-07 14:37:26.932,OnTrack,1299,-3511,2027,pos,0 days 00:34:14.391000,0 days 01:32:29.903000
2024-07-07 14:37:27.152,OnTrack,1229,-3390,2024,pos,0 days 00:34:14.611000,0 days 01:32:30.123000
2024-07-07 14:37:27.472,OnTrack,1145,-3233,2019,pos,0 days 00:34:14.931000,0 days 01:32:30.443000
2024-07-07 14:37:27.712,OnTrack,1079,-3109,2015,pos,0 days 00:34:15.171000,0 days 01:32:30.683000
2024-07-07 14:37:27.932,OnTrack,975,-2930,2007,pos,0 days 00:34:15.391000,0 days 01:32:30.903000
2024-07-07 14:37:28.352,OnTrack,860,-2756,1998,pos,0 days 00:34:15.811000,0 days 01:32:31.323000
2024-07-07 14:37:28.572,OnTrack,773,-2637,1993,pos,0 days 00:34:16.031000,0 days 01:32:31.543000
2024-07-07 14:37:28.752,OnTrack,701,-2539,1990,pos,0 days 00:34:16.211000,0 days 01:32:31.723000
2024-07-07 14:37:28.952,OnTrack,591,-2390,1986,pos,0 days 00:34:16.411000,0 days 01:32:31.923000
2024-07-07 14:37:29.372,OnTrack,442,-2189,1984,pos,0 days 00:34:16.831000,0 days 01:32:32.343000
2024-07-07 14:37:29.532,OnTrack,365,-2087,1985,pos,0 days 00:34:16.991000,0 days 01:32:32.503000
2024-07-07 14:37:29.792,OnTrack,239,-1924,1986,pos,0 days 00:34:17.251000,0 days 01:32:32.763000
2024-07-07 14:37:30.052,OnTrack,143,-1807,1986,pos,0 days 00:34:17.511000,0 days 01:32:33.023000
2024-07-07 14:37:30.332,OnTrack,17,-1661,1986,pos,0 days 00:34:17.791000,0 days 01:32:33.303000
2024-07-07 14:37:30.492,OnTrack,-52,-1580,1986,pos,0 days 00:34:17.951000,0 days 01:32:33.463000
2024-07-07 14:37:30.831,OnTrack,-208,-1405,1984,pos,0 days 00:34:18.290000,0 days 01:32:33.802000
2024-07-07 14:37:31.151,OnTrack,-339,-1257,1981,pos,0 days 00:34:18.610000,0 days 01:32:34.122000
2024-07-07 14:37:31.571,OnTrack,-416,-1172,1979,pos,0 days 00:34:19.030000,0 days 01:32:34.542000
2024-07-07 14:37:31.851,OnTrack,-509,-1078,1977,pos,0 days 00:34:19.310000,0 days 01:32:34.822000
2024-07-07 14:37:32.151,OnTrack,-564,-1032,1977,pos,0 days 00:34:19.610000,0 days 01:32:35.122000
2024-07-07 14:37:32.352,OnTrack,-613,-998,1976,pos,0 days 00:34:19.811000,0 days 01:32:35.323000
2024-07-07 14:37:32.612,OnTrack,-684,-959,1975,pos,0 days 00:34:20.071000,0 days 01:32:35.583000
2024-07-07 14:37:32.811,OnTrack,-737,-937,1975,pos,0 days 00:34:20.270000,0 days 01:32:35.782000
2024-07-07 14:37:33.071,OnTrack,-826,-916,1976,pos,0 days 00:34:20.530000,0 days 01:32:36.042000
2024-07-07 14:37:33.392,OnTrack,-891,-913,1976,pos,0 days 00:34:20.851000,0 days 01:32:36.363000
2024-07-07 14:37:33.591,OnTrack,-941,-914,1976,pos,0 days 00:34:21.050000,0 days 01:32:36.562000
2024-07-07 14:37:33.932,OnTrack,-1021,-931,1978,pos,0 days 00:34:21.391000,0 days 01:32:36.903000
2024-07-07 14:37:34.111,OnTrack,-1087,-961,1978,pos,0 days 00:34:21.570000,0 days 01:32:37.082000
2024-07-07 14:37:34.492,OnTrack,-1140,-996,1979,pos,0 days 00:34:21.951000,0 days 01:32:37.463000
2024-07-07 14:37:34.651,OnTrack,-1173,-1020,1980,pos,0 days 00:34:22.110000,0 days 01:32:37.622000
2024-07-07 14:37:34.792,OnTrack,-1201,-1042,1980,pos,0 days 00:34:22.251000,0 days 01:32:37.763000
2024-07-07 14:37:34.971,OnTrack,-1238,-1071,1980,pos,0 days 00:34:22.430000,0 days 01:32:37.942000
2024-07-07 14:37:35.192,OnTrack,-1287,-1106,1981,pos,0 days 00:34:22.651000,0 days 01:32:38.163000
2024-07-07 14:37:35.452,OnTrack,-1346,-1139,1981,pos,0 days 00:34:22.911000,0 days 01:32:38.423000
2024-07-07 14:37:35.652,OnTrack,-1392,-1157,1981,pos,0 days 00:34:23.111000,0 days 01:32:38.623000
2024-07-07 14:37:35.852,OnTrack,-1440,-1168,1981,pos,0 days 00:34:23.311000,0 days 01:32:38.823000
2024-07-07 14:37:36.071,OnTrack,-1526,-1169,1981,pos,0 days 00:34:23.530000,0 days 01:32:39.042000
2024-07-07 14:37:36.532,OnTrack,-1603,-1153,1980,pos,0 days 00:34:23.991000,0 days 01:32:39.503000
2024-07-07 14:37:36.772,OnTrack,-1662,-1135,1979,pos,0 days 00:34:24.231000,0 days 01:32:39.743000
2024-07-07 14:37:36.913,OnTrack,-1696,-1122,1978,pos,0 days 00:34:24.372000,0 days 01:32:39.884000
2024-07-07 14:37:37.072,OnTrack,-1735,-1105,1978,pos,0 days 00:34:24.531000,0 days 01:32:40.043000
2024-07-07 14:37:37.392,OnTrack,-1836,-1046,1977,pos,0 days 00:34:24.851000,0 days 01:32:40.363000
2024-07-07 14:37:37.772,OnTrack,-1886,-1006,1977,pos,0 days 00:34:25.231000,0 days 01:32:40.743000
2024-07-07 14:37:37.831,OnTrack,-1898,-995,1977,pos,0 days 00:34:25.290000,0 days 01:32:40.802000
2024-07-07 14:37:38.151,OnTrack,-1962,-926,1976,pos,0 days 00:34:25.610000,0 days 01:32:41.122000
2024-07-07 14:37:38.312,OnTrack,-1992,-890,1976,pos,0 days 00:34:25.771000,0 days 01:32:41.283000
2024-07-07 14:37:38.491,OnTrack,-2027,-847,1975,pos,0 days 00:34:25.950000,0 days 01:32:41.462000
2024-07-07 14:37:38.751,OnTrack,-2078,-782,1975,pos,0 days 00:34:26.210000,0 days 01:32:41.722000
2024-07-07 14:37:38.951,OnTrack,-2116,-731,1974,pos,0 days 00:34:26.410000,0 days 01:32:41.922000
2024-07-07 14:37:39.271,OnTrack,-2196,-587,1974,pos,0 days 00:34:26.730000,0 days 01:32:42.242000
2024-07-07 14:37:39.611,OnTrack,-2234,-490,1973,pos,0 days 00:34:27.070000,0 days 01:32:42.582000
2024-07-07 14:37:39.831,OnTrack,-2261,-408,1972,pos,0 days 00:34:27.290000,0 days 01:32:42.802000
2024-07-07 14:37:40.051,OnTrack,-2289,-289,1971,pos,0 days 00:34:27.510000,0 days 01:32:43.022000
2024-07-07 14:37:40.331,OnTrack,-2302,-204,1970,pos,0 days 00:34:27.790000,0 days 01:32:43.302000
2024-07-07 14:37:40.631,OnTrack,-2313,-72,1968,pos,0 days 00:34:28.090000,0 days 01:32:43.602000
2024-07-07 14:37:40.911,OnTrack,-2307,110,1966,pos,0 days 00:34:28.370000,0 days 01:32:43.882000
2024-07-07 14:37:41.252,OnTrack,-2293,215,1965,pos,0 days 00:34:28.711000,0 days 01:32:44.223000
2024-07-07 14:37:41.532,OnTrack,-2265,348,1964,pos,0 days 00:34:28.991000,0 days 01:32:44.503000
2024-07-07 14:37:41.712,OnTrack,-2238,436,1963,pos,0 days 00:34:29.171000,0 days 01:32:44.683000
2024-07-07 14:37:41.932,OnTrack,-2165,600,1962,pos,0 days 00:34:29.391000,0 days 01:32:44.903000
2024-07-07 14:37:42.212,OnTrack,-2124,677,1962,pos,0 days 00:34:29.671000,0 days 01:32:45.183000
2024-07-07 14:37:42.392,OnTrack,-2075,763,1962,pos,0 days 00:34:29.851000,0 days 01:32:45.363000
2024-07-07 14:37:42.632,OnTrack,-2010,859,1962,pos,0 days 00:34:30.091000,0 days 01:32:45.603000
2024-07-07 14:37:42.772,OnTrack,-1962,926,1962,pos,0 days 00:34:30.231000,0 days 01:32:45.743000
2024-07-07 14:37:43.112,OnTrack,-1841,1094,1963,pos,0 days 00:34:30.571000,0 days 01:32:46.083000
2024-07-07 14:37:43.372,OnTrack,-1748,1221,1963,pos,0 days 00:34:30.831000,0 days 01:32:46.343000
2024-07-07 14:37:43.532,OnTrack,-1688,1299,1964,pos,0 days 00:34:30.991000,0 days 01:32:46.503000
2024-07-07 14:37:43.733,OnTrack,-1612,1397,1965,pos,0 days 00:34:31.192000,0 days 01:32:46.704000
2024-07-07 14:37:43.892,OnTrack,-1510,1525,1965,pos,0 days 00:34:31.351000,0 days 01:32:46.863000
2024-07-07 14:37:44.391,OnTrack,-1345,1737,1968,pos,0 days 00:34:31.850000,0 days 01:32:47.362000
2024-07-07 14:37:44.812,OnTrack,-1195,1943,1970,pos,0 days 00:34:32.271000,0 days 01:32:47.783000
2024-07-07 14:37:44.971,OnTrack,-1129,2034,1971,pos,0 days 00:34:32.430000,0 days 01:32:47.942000
2024-07-07 14:37:45.231,OnTrack,-1011,2195,1973,pos,0 days 00:34:32.690000,0 days 01:32:48.202000
2024-07-07 14:37:45.551,OnTrack,-900,2347,1976,pos,0 days 00:34:33.010000,0 days 01:32:48.522000
2024-07-07 14:37:45.851,OnTrack,-782,2510,1979,pos,0 days 00:34:33.310000,0 days 01:32:48.822000
2024-07-07 14:37:45.992,OnTrack,-727,2586,1980,pos,0 days 00:34:33.451000,0 days 01:32:48.963000
2024-07-07 14:37:46.252,OnTrack,-582,2791,1983,pos,0 days 00:34:33.711000,0 days 01:32:49.223000
2024-07-07 14:37:46.552,OnTrack,-515,2890,1985,pos,0 days 00:34:34.011000,0 days 01:32:49.523000
2024-07-07 14:37:46.792,OnTrack,-427,3020,1987,pos,0 days 00:34:34.251000,0 days 01:32:49.763000
2024-07-07 14:37:46.931,OnTrack,-376,3096,1988,pos,0 days 00:34:34.390000,0 days 01:32:49.902000
2024-07-07 14:37:47.112,OnTrack,-313,3192,1990,pos,0 days 00:34:34.571000,0 days 01:32:50.083000
2024-07-07 14:37:47.451,OnTrack,-143,3443,1995,pos,0 days 00:34:34.910000,0 days 01:32:50.422000
2024-07-07 14:37:47.892,OnTrack,-33,3597,1997,pos,0 days 00:34:35.351000,0 days 01:32:50.863000
2024-07-07 14:37:48.011,OnTrack,62,3724,1999,pos,0 days 00:34:35.470000,0 days 01:32:50.982000
2024-07-07 14:37:48.372,OnTrack,153,3839,2002,pos,0 days 00:34:35.831000,0 days 01:32:51.343000
2024-07-07 14:37:48.591,OnTrack,244,3948,2005,pos,0 days 00:34:36.050000,0 days 01:32:51.562000
2024-07-07 14:37:48.792,OnTrack,329,4043,2007,pos,0 days 00:34:36.251000,0 days 01:32:51.763000
2024-07-07 14:37:49.112,OnTrack,471,4182,2011,pos,0 days 00:34:36.571000,0 days 01:32:52.083000
2024-07-07 14:37:49.312,OnTrack,564,4259,2011,pos,0 days 00:34:36.771000,0 days 01:32:52.283000
2024-07-07 14:37:49.532,OnTrack,734,4366,2013,pos,0 days 00:34:36.991000,0 days 01:32:52.503000
2024-07-07 14:37:49.892,OnTrack,862,4423,2014,pos,0 days 00:34:37.351000,0 days 01:32:52.863000
2024-07-07 14:37:49.992,OnTrack,918,4443,2014,pos,0 days 00:34:37.451000,0 days 01:32:52.963000
2024-07-07 14:37:50.233,OnTrack,1056,4481,2015,pos,0 days 00:34:37.692000,0 days 01:32:53.204000
2024-07-07 14:37:50.452,OnTrack,1187,4503,2016,pos,0 days 00:34:37.911000,0 days 01:32:53.423000
2024-07-07 14:37:50.691,OnTrack,1334,4516,2017,pos,0 days 00:34:38.150000,0 days 01:32:53.662000
2024-07-07 14:37:50.931,OnTrack,1483,4519,2019,pos,0 days 00:34:38.390000,0 days 01:32:53.902000
2024-07-07 14:37:51.072,OnTrack,1571,4518,2020,pos,0 days 00:34:38.531000,0 days 01:32:54.043000
2024-07-07 14:37:51.251,OnTrack,1685,4512,2022,pos,0 days 00:34:38.710000,0 days 01:32:54.222000
2024-07-07 14:37:51.431,OnTrack,1801,4501,2023,pos,0 days 00:34:38.890000,0 days 01:32:54.402000
2024-07-07 14:37:51.711,OnTrack,1984,4476,2025,pos,0 days 00:34:39.170000,0 days 01:32:54.682000
2024-07-07 14:37:51.892,OnTrack,2104,4460,2026,pos,0 days 00:34:39.351000,0 days 01:32:54.863000
2024-07-07 14:37:52.212,OnTrack,2347,4441,2028,pos,0 days 00:34:39.671000,0 days 01:32:55.183000
2024-07-07 14:37:52.611,OnTrack,2587,4442,2031,pos,0 days 00:34:40.070000,0 days 01:32:55.582000
2024-07-07 14:37:52.831,OnTrack,2727,4455,2034,pos,0 days 00:34:40.290000,0 days 01:32:55.802000
2024-07-07 14:37:52.911,OnTrack,2778,4464,2034,pos,0 days 00:34:40.370000,0 days 01:32:55.882000
2024-07-07 14:37:53.191,OnTrack,2954,4506,2037,pos,0 days 00:34:40.650000,0 days 01:32:56.162000
2024-07-07 14:37:53.411,OnTrack,3163,4583,2040,pos,0 days 00:34:40.870000,0 days 01:32:56.382000
2024-07-07 14:37:53.812,OnTrack,3298,4652,2043,pos,0 days 00:34:41.271000,0 days 01:32:56.783000
2024-07-07 14:37:54.011,OnTrack,3405,4719,2045,pos,0 days 00:34:41.470000,0 days 01:32:56.982000
2024-07-07 14:37:54.212,OnTrack,3504,4790,2046,pos,0 days 00:34:41.671000,0 days 01:32:57.183000
2024-07-07 14:37:54.372,OnTrack,3646,4908,2048,pos,0 days 00:34:41.831000,0 days 01:32:57.343000
2024-07-07 14:37:54.851,OnTrack,3846,5102,2050,pos,0 days 00:34:42.310000,0 days 01:32:57.822000
2024-07-07 14:37:55.272,OnTrack,3987,5243,2050,pos,0 days 00:34:42.731000,0 days 01:32:58.243000
2024-07-07 14:37:55.452,OnTrack,4103,5355,2051,pos,0 days 00:34:42.911000,0 days 01:32:58.423000
2024-07-07 14:37:55.732,OnTrack,4172,5419,2052,pos,0 days 00:34:43.191000,0 days 01:32:58.703000
2024-07-07 14:37:56.072,OnTrack,4295,5531,2053,pos,0 days 00:34:43.531000,0 days 01:32:59.043000
2024-07-07 14:37:56.172,OnTrack,4329,5561,2053,pos,0 days 00:34:43.631000,0 days 01:32:59.143000
2024-07-07 14:37:56.432,OnTrack,4458,5670,2054,pos,0 days 00:34:43.891000,0 days 01:32:59.403000
2024-07-07 14:37:56.852,OnTrack,4543,5740,2055,pos,0 days 00:34:44.311000,0 days 01:32:59.823000
2024-07-07 14:37:57.053,OnTrack,4613,5794,2055,pos,0 days 00:34:44.512000,0 days 01:33:00.024000
2024-07-07 14:37:57.332,OnTrack,4692,5845,2055,pos,0 days 00:34:44.791000,0 days 01:33:00.303000
2024-07-07 14:37:57.531,OnTrack,4792,5885,2054,pos,0 days 00:34:44.990000,0 days 01:33:00.502000
2024-07-07 14:37:57.932,OnTrack,4870,5898,2053,pos,0 days 00:34:45.391000,0 days 01:33:00.903000
2024-07-07 14:37:58.111,OnTrack,4953,5898,2053,pos,0 days 00:34:45.570000,0 days 01:33:01.082000
2024-07-07 14:37:58.432,OnTrack,5014,5890,2053,pos,0 days 00:34:45.891000,0 days 01:33:01.403000
2024-07-07 14:37:58.732,OnTrack,5090,5867,2054,pos,0 days 00:34:46.191000,0 days 01:33:01.703000
2024-07-07 14:37:58.992,OnTrack,5167,5824,2055,pos,0 days 00:34:46.451000,0 days 01:33:01.963000
2024-07-07 14:37:59.252,OnTrack,5203,5796,2056,pos,0 days 00:34:46.711000,0 days 01:33:02.223000
2024-07-07 14:37:59.431,OnTrack,5236,5765,2057,pos,0 days 00:34:46.890000,0 days 01:33:02.402000
2024-07-07 14:37:59.792,OnTrack,5303,5675,2059,pos,0 days 00:34:47.251000,0 days 01:33:02.763000
2024-07-07 14:38:00.092,OnTrack,5327,5623,2059,pos,0 days 00:34:47.551000,0 days 01:33:03.063000
2024-07-07 14:38:00.271,OnTrack,5343,5578,2059,pos,0 days 00:34:47.730000,0 days 01:33:03.242000
2024-07-07 14:38:00.652,OnTrack,5373,5452,2060,pos,0 days 00:34:48.111000,0 days 01:33:03.623000
2024-07-07 14:38:00.932,OnTrack,5380,5400,2060,pos,0 days 00:34:48.391000,0 days 01:33:03.903000
2024-07-07 14:38:01.272,OnTrack,5389,5305,2062,pos,0 days 00:34:48.731000,0 days 01:33:04.243000
2024-07-07 14:38:01.592,OnTrack,5396,5233,2063,pos,0 days 00:34:49.051000,0 days 01:33:04.563000
2024-07-07 14:38:01.752,OnTrack,5400,5199,2064,pos,0 days 00:34:49.211000,0 days 01:33:04.723000
2024-07-07 14:38:01.992,OnTrack,5402,5188,2064,pos,0 days 00:34:49.451000,0 days 01:33:04.963000
2024-07-07 14:38:02.191,OnTrack,5408,5150,2065,pos,0 days 00:34:49.650000,0 days 01:33:05.162000
2024-07-07 14:38:02.492,OnTrack,5425,5078,2065,pos,0 days 00:34:49.951000,0 days 01:33:05.463000
2024-07-07 14:38:02.932,OnTrack,5448,5016,2066,pos,0 days 00:34:50.391000,0 days 01:33:05.903000
2024-07-07 14:38:03.192,OnTrack,5461,4986,2066,pos,0 days 00:34:50.651000,0 days 01:33:06.163000
2024-07-07 14:38:03.573,OnTrack,5514,4901,2066,pos,0 days 00:34:51.032000,0 days 01:33:06.544000
2024-07-07 14:38:03.892,OnTrack,5536,4873,2066,pos,0 days 00:34:51.351000,0 days 01:33:06.863000
2024-07-07 14:38:04.091,OnTrack,5562,4845,2065,pos,0 days 00:34:51.550000,0 days 01:33:07.062000
2024-07-07 14:38:04.231,OnTrack,5581,4827,2065,pos,0 days 00:34:51.690000,0 days 01:33:07.202000
2024-07-07 14:38:04.571,OnTrack,5652,4772,2064,pos,0 days 00:34:52.030000,0 days 01:33:07.542000
2024-07-07 14:38:04.932,OnTrack,5688,4753,2065,pos,0 days 00:34:52.391000,0 days 01:33:07.903000
2024-07-07 14:38:05.051,OnTrack,5708,4744,2064,pos,0 days 00:34:52.510000,0 days 01:33:08.022000
2024-07-07 14:38:05.351,OnTrack,5773,4731,2064,pos,0 days 00:34:52.810000,0 days 01:33:08.322000
2024-07-07 14:38:05.772,OnTrack,5831,4742,2064,pos,0 days 00:34:53.231000,0 days 01:33:08.743000
2024-07-07 14:38:05.991,OnTrack,5888,4772,2063,pos,0 days 00:34:53.450000,0 days 01:33:08.962000
2024-07-07 14:38:06.352,OnTrack,5922,4797,2064,pos,0 days 00:34:53.811000,0 days 01:33:09.323000
2024-07-07 14:38:06.511,OnTrack,5946,4818,2064,pos,0 days 00:34:53.970000,0 days 01:33:09.482000
2024-07-07 14:38:06.751,OnTrack,6000,4875,2064,pos,0 days 00:34:54.210000,0 days 01:33:09.722000
2024-07-07 14:38:07.232,OnTrack,6047,4935,2064,pos,0 days 00:34:54.691000,0 days 01:33:10.203000
2024-07-07 14:38:07.472,OnTrack,6093,5004,2065,pos,0 days 00:34:54.931000,0 days 01:33:10.443000
2024-07-07 14:38:07.871,OnTrack,6148,5109,2065,pos,0 days 00:34:55.330000,0 days 01:33:10.842000
2024-07-07 14:38:08.212,OnTrack,6172,5164,2065,pos,0 days 00:34:55.671000,0 days 01:33:11.183000
2024-07-07 14:38:08.372,OnTrack,6190,5210,2065,pos,0 days 00:34:55.831000,0 days 01:33:11.343000
2024-07-07 14:38:08.592,OnTrack,6215,5279,2065,pos,0 days 00:34:56.051000,0 days 01:33:11.563000
2024-07-07 14:38:08.772,OnTrack,6234,5339,2065,pos,0 days 00:34:56.231000,0 days 01:33:11.743000
2024-07-07 14:38:09.012,OnTrack,6258,5425,2065,pos,0 days 00:34:56.471000,0 days 01:33:11.983000
2024-07-07 14:38:09.192,OnTrack,6276,5494,2065,pos,0 days 00:34:56.651000,0 days 01:33:12.163000
2024-07-07 14:38:09.472,OnTrack,6300,5606,2064,pos,0 days 00:34:56.931000,0 days 01:33:12.443000
2024-07-07 14:38:09.672,OnTrack,6328,5792,2064,pos,0 days 00:34:57.131000,0 days 01:33:12.643000
2024-07-07 14:38:10.012,OnTrack,6332,5919,2064,pos,0 days 00:34:57.471000,0 days 01:33:12.983000
2024-07-07 14:38:10.252,OnTrack,6327,6036,2064,pos,0 days 00:34:57.711000,0 days 01:33:13.223000
2024-07-07 14:38:10.431,OnTrack,6309,6186,2063,pos,0 days 00:34:57.890000,0 days 01:33:13.402000
2024-07-07 14:38:10.771,OnTrack,6288,6292,2063,pos,0 days 00:34:58.230000,0 days 01:33:13.742000
2024-07-07 14:38:11.031,OnTrack,6247,6431,2062,pos,0 days 00:34:58.490000,0 days 01:33:14.002000
2024-07-07 14:38:11.371,OnTrack,6172,6604,2063,pos,0 days 00:34:58.830000,0 days 01:33:14.342000
2024-07-07 14:38:11.472,OnTrack,6145,6654,2063,pos,0 days 00:34:58.931000,0 days 01:33:14.443000
2024-07-07 14:38:11.651,OnTrack,6093,6744,2063,pos,0 days 00:34:59.110000,0 days 01:33:14.622000
2024-07-07 14:38:11.871,OnTrack,6020,6851,2064,pos,0 days 00:34:59.330000,0 days 01:33:14.842000
2024-07-07 14:38:12.112,OnTrack,5929,6964,2064,pos,0 days 00:34:59.571000,0 days 01:33:15.083000
2024-07-07 14:38:12.332,OnTrack,5836,7063,2064,pos,0 days 00:34:59.791000,0 days 01:33:15.303000
2024-07-07 14:38:12.491,OnTrack,5762,7131,2064,pos,0 days 00:34:59.950000,0 days 01:33:15.462000
2024-07-07 14:38:12.771,OnTrack,5553,7305,2064,pos,0 days 00:35:00.230000,0 days 01:33:15.742000
2024-07-07 14:38:13.071,OnTrack,5469,7369,2064,pos,0 days 00:35:00.530000,0 days 01:33:16.042000
2024-07-07 14:38:13.372,OnTrack,5310,7491,2064,pos,0 days 00:35:00.831000,0 days 01:33:16.343000
2024-07-07 14:38:13.512,OnTrack,5235,7551,2064,pos,0 days 00:35:00.971000,0 days 01:33:16.483000
2024-07-07 14:38:13.831,OnTrack,5064,7690,2064,pos,0 days 00:35:01.290000,0 days 01:33:16.802000
2024-07-07 14:38:14.012,OnTrack,4965,7773,2064,pos,0 days 00:35:01.471000,0 days 01:33:16.983000
2024-07-07 14:38:14.171,OnTrack,4878,7846,2064,pos,0 days 00:35:01.630000,0 days 01:33:17.142000
2024-07-07 14:38:14.451,OnTrack,4730,7973,2064,pos,0 days 00:35:01.910000,0 days 01:33:17.422000
2024-07-07 14:38:14.552,OnTrack,4670,8025,2065,pos,0 days 00:35:02.011000,0 days 01:33:17.523000
2024-07-07 14:38:14.711,OnTrack,4581,8101,2065,pos,0 days 00:35:02.170000,0 days 01:33:17.682000
2024-07-07 14:38:15.012,OnTrack,4357,8293,2064,pos,0 days 00:35:02.471000,0 days 01:33:17.983000
2024-07-07 14:38:15.452,OnTrack,4164,8458,2064,pos,0 days 00:35:02.911000,0 days 01:33:18.423000
2024-07-07 14:38:15.612,OnTrack,3991,8606,2063,pos,0 days 00:35:03.071000,0 days 01:33:18.583000
2024-07-07 14:38:16.032,OnTrack,3829,8747,2063,pos,0 days 00:35:03.491000,0 days 01:33:19.003000
2024-07-07 14:38:16.232,OnTrack,3713,8849,2063,pos,0 days 00:35:03.691000,0 days 01:33:19.203000
2024-07-07 14:38:16.432,OnTrack,3597,8951,2063,pos,0 days 00:35:03.891000,0 days 01:33:19.403000
2024-07-07 14:38:16.673,OnTrack,3456,9075,2063,pos,0 days 00:35:04.132000,0 days 01:33:19.644000
2024-07-07 14:38:16.872,OnTrack,3338,9178,2064,pos,0 days 00:35:04.331000,0 days 01:33:19.843000
2024-07-07 14:38:17.131,OnTrack,3137,9355,2063,pos,0 days 00:35:04.590000,0 days 01:33:20.102000
2024-07-07 14:38:17.571,OnTrack,2923,9542,2062,pos,0 days 00:35:05.030000,0 days 01:33:20.542000
2024-07-07 14:38:17.772,OnTrack,2780,9666,2060,pos,0 days 00:35:05.231000,0 days 01:33:20.743000
2024-07-07 14:38:18.072,OnTrack,2624,9801,2059,pos,0 days 00:35:05.531000,0 days 01:33:21.043000
2024-07-07 14:38:18.391,OnTrack,2439,9963,2057,pos,0 days 00:35:05.850000,0 days 01:33:21.362000
2024-07-07 14:38:18.531,OnTrack,2354,10038,2056,pos,0 days 00:35:05.990000,0 days 01:33:21.502000
2024-07-07 14:38:18.731,OnTrack,2242,10139,2053,pos,0 days 00:35:06.190000,0 days 01:33:21.702000
2024-07-07 14:38:18.932,OnTrack,2121,10247,2051,pos,0 days 00:35:06.391000,0 days 01:33:21.903000
2024-07-07 14:38:19.092,OnTrack,2026,10332,2050,pos,0 days 00:35:06.551000,0 days 01:33:22.063000
2024-07-07 14:38:19.271,OnTrack,1921,10426,2048,pos,0 days 00:35:06.730000,0 days 01:33:22.242000
2024-07-07 14:38:19.571,OnTrack,1758,10566,2046,pos,0 days 00:35:07.030000,0 days 01:33:22.542000
2024-07-07 14:38:19.831,OnTrack,1628,10671,2044,pos,0 days 00:35:07.290000,0 days 01:33:22.802000
2024-07-07 14:38:20.032,OnTrack,1534,10738,2043,pos,0 days 00:35:07.491000,0 days 01:33:23.003000
2024-07-07 14:38:20.212,OnTrack,1448,10791,2041,pos,0 days 00:35:07.671000,0 days 01:33:23.183000
2024-07-07 14:38:20.391,OnTrack,1365,10836,2040,pos,0 days 00:35:07.850000,0 days 01:33:23.362000
2024-07-07 14:38:20.512,OnTrack,1316,10860,2039,pos,0 days 00:35:07.971000,0 days 01:33:23.483000
2024-07-07 14:38:20.711,OnTrack,1220,10897,2038,pos,0 days 00:35:08.170000,0 days 01:33:23.682000
2024-07-07 14:38:20.992,OnTrack,1095,10932,2036,pos,0 days 00:35:08.451000,0 days 01:33:23.963000
2024-07-07 14:38:21.172,OnTrack,1019,10944,2035,pos,0 days 00:35:08.631000,0 days 01:33:24.143000
2024-07-07 14:38:21.532,OnTrack,865,10948,2034,pos,0 days 00:35:08.991000,0 days 01:33:24.503000
2024-07-07 14:38:21.752,OnTrack,723,10938,2033,pos,0 days 00:35:09.211000,0 days 01:33:24.723000
2024-07-07 14:38:22.032,OnTrack,672,10927,2033,pos,0 days 00:35:09.491000,0 days 01:33:25.003000
2024-07-07 14:38:22.372,OnTrack,553,10881,2032,pos,0 days 00:35:09.831000,0 days 01:33:25.343000
2024-07-07 14:38:22.512,OnTrack,507,10857,2032,pos,0 days 00:35:09.971000,0 days 01:33:25.483000
2024-07-07 14:38:22.692,OnTrack,454,10822,2032,pos,0 days 00:35:10.151000,0 days 01:33:25.663000
2024-07-07 14:38:22.972,OnTrack,362,10728,2032,pos,0 days 00:35:10.431000,0 days 01:33:25.943000
2024-07-07 14:38:23.312,OnTrack,316,10658,2032,pos,0 days 00:35:10.771000,0 days 01:33:26.283000
2024-07-07 14:38:23.453,OnTrack,292,10616,2032,pos,0 days 00:35:10.912000,0 days 01:33:26.424000
2024-07-07 14:38:23.712,OnTrack,253,10537,2033,pos,0 days 00:35:11.171000,0 days 01:33:26.683000
2024-07-07 14:38:23.911,OnTrack,229,10474,2033,pos,0 days 00:35:11.370000,0 days 01:33:26.882000
2024-07-07 14:38:24.091,OnTrack,214,10417,2033,pos,0 days 00:35:11.550000,0 days 01:33:27.062000
2024-07-07 14:38:24.332,OnTrack,201,10334,2033,pos,0 days 00:35:11.791000,0 days 01:33:27.303000
2024-07-07 14:38:24.552,OnTrack,194,10257,2033,pos,0 days 00:35:12.011000,0 days 01:33:27.523000
2024-07-07 14:38:24.812,OnTrack,189,10163,2034,pos,0 days 00:35:12.271000,0 days 01:33:27.783000
2024-07-07 14:38:25.051,OnTrack,181,10021,2035,pos,0 days 00:35:12.510000,0 days 01:33:28.022000
2024-07-07 14:38:25.392,OnTrack,174,9947,2035,pos,0 days 00:35:12.851000,0 days 01:33:28.363000
2024-07-07 14:38:25.571,OnTrack,157,9850,2036,pos,0 days 00:35:13.030000,0 days 01:33:28.542000
2024-07-07 14:38:26.012,OnTrack,107,9725,2038,pos,0 days 00:35:13.471000,0 days 01:33:28.983000
2024-07-07 14:38:26.331,OnTrack,71,9667,2039,pos,0 days 00:35:13.790000,0 days 01:33:29.302000
2024-07-07 14:38:26.691,OnTrack,-11,9575,2039,pos,0 days 00:35:14.150000,0 days 01:33:29.662000
2024-07-07 14:38:27.012,OnTrack,-69,9530,2040,pos,0 days 00:35:14.471000,0 days 01:33:29.983000
2024-07-07 14:38:27.272,OnTrack,-157,9480,2040,pos,0 days 00:35:14.731000,0 days 01:33:30.243000
2024-07-07 14:38:27.732,OnTrack,-236,9453,2041,pos,0 days 00:35:15.191000,0 days 01:33:30.703000
2024-07-07 14:38:27.952,OnTrack,-312,9443,2041,pos,0 days 00:35:15.411000,0 days 01:33:30.923000
2024-07-07 14:38:28.232,OnTrack,-355,9444,2040,pos,0 days 00:35:15.691000,0 days 01:33:31.203000
2024-07-07 14:38:28.532,OnTrack,-423,9457,2040,pos,0 days 00:35:15.991000,0 days 01:33:31.503000
2024-07-07 14:38:28.672,OnTrack,-454,9469,2040,pos,0 days 00:35:16.131000,0 days 01:33:31.643000
2024-07-07 14:38:28.972,OnTrack,-535,9515,2039,pos,0 days 00:35:16.431000,0 days 01:33:31.943000
2024-07-07 14:38:29.252,OnTrack,-574,9546,2038,pos,0 days 00:35:16.711000,0 days 01:33:32.223000
2024-07-07 14:38:29.492,OnTrack,-617,9590,2037,pos,0 days 00:35:16.951000,0 days 01:33:32.463000
2024-07-07 14:38:29.713,OnTrack,-652,9635,2036,pos,0 days 00:35:17.172000,0 days 01:33:32.684000
2024-07-07 14:38:29.912,OnTrack,-681,9680,2035,pos,0 days 00:35:17.371000,0 days 01:33:32.883000
2024-07-07 14:38:30.112,OnTrack,-706,9729,2035,pos,0 days 00:35:17.571000,0 days 01:33:33.083000
2024-07-07 14:38:30.292,OnTrack,-726,9776,2034,pos,0 days 00:35:17.751000,0 days 01:33:33.263000
2024-07-07 14:38:30.512,OnTrack,-746,9836,2033,pos,0 days 00:35:17.971000,0 days 01:33:33.483000
2024-07-07 14:38:30.711,OnTrack,-766,9930,2032,pos,0 days 00:35:18.170000,0 days 01:33:33.682000
2024-07-07 14:38:31.092,OnTrack,-774,10011,2032,pos,0 days 00:35:18.551000,0 days 01:33:34.063000
2024-07-07 14:38:31.372,OnTrack,-774,10105,2031,pos,0 days 00:35:18.831000,0 days 01:33:34.343000
2024-07-07 14:38:31.551,OnTrack,-770,10167,2031,pos,0 days 00:35:19.010000,0 days 01:33:34.522000
2024-07-07 14:38:31.712,OnTrack,-764,10224,2031,pos,0 days 00:35:19.171000,0 days 01:33:34.683000
2024-07-07 14:38:32.011,OnTrack,-744,10335,2030,pos,0 days 00:35:19.470000,0 days 01:33:34.982000
2024-07-07 14:38:32.291,OnTrack,-712,10460,2029,pos,0 days 00:35:19.750000,0 days 01:33:35.262000
2024-07-07 14:38:32.671,OnTrack,-669,10584,2027,pos,0 days 00:35:20.130000,0 days 01:33:35.642000
2024-07-07 14:38:32.891,OnTrack,-629,10683,2025,pos,0 days 00:35:20.350000,0 days 01:33:35.862000
2024-07-07 14:38:33.292,OnTrack,-555,10846,2023,pos,0 days 00:35:20.751000,0 days 01:33:36.263000
2024-07-07 14:38:33.471,OnTrack,-514,10926,2023,pos,0 days 00:35:20.930000,0 days 01:33:36.442000
2024-07-07 14:38:33.692,OnTrack,-461,11027,2022,pos,0 days 00:35:21.151000,0 days 01:33:36.663000
2024-07-07 14:38:33.792,OnTrack,-436,11074,2021,pos,0 days 00:35:21.251000,0 days 01:33:36.763000
2024-07-07 14:38:33.991,OnTrack,-384,11170,2021,pos,0 days 00:35:21.450000,0 days 01:33:36.962000
2024-07-07 14:38:34.172,OnTrack,-332,11257,2021,pos,0 days 00:35:21.631000,0 days 01:33:37.143000
2024-07-07 14:38:34.412,OnTrack,-258,11374,2021,pos,0 days 00:35:21.871000,0 days 01:33:37.383000
2024-07-07 14:38:34.692,OnTrack,-160,11510,2021,pos,0 days 00:35:22.151000,0 days 01:33:37.663000
2024-07-07 14:38:34.912,OnTrack,-54,11646,2021,pos,0 days 00:35:22.371000,0 days 01:33:37.883000
2024-07-07 14:38:35.212,OnTrack,46,11761,2021,pos,0 days 00:35:22.671000,0 days 01:33:38.183000
2024-07-07 14:38:35.413,OnTrack,135,11855,2022,pos,0 days 00:35:22.872000,0 days 01:33:38.384000
2024-07-07 14:38:35.752,OnTrack,317,12028,2024,pos,0 days 00:35:23.211000,0 days 01:33:38.723000
2024-07-07 14:38:36.032,OnTrack,440,12132,2024,pos,0 days 00:35:23.491000,0 days 01:33:39.003000
2024-07-07 14:38:36.332,OnTrack,661,12295,2024,pos,0 days 00:35:23.791000,0 days 01:33:39.303000
2024-07-07 14:38:36.672,OnTrack,797,12379,2024,pos,0 days 00:35:24.131000,0 days 01:33:39.643000
2024-07-07 14:38:36.871,OnTrack,1022,12489,2025,pos,0 days 00:35:24.330000,0 days 01:33:39.842000
2024-07-07 14:38:37.392,OnTrack,1279,12589,2025,pos,0 days 00:35:24.851000,0 days 01:33:40.363000
2024-07-07 14:38:37.491,OnTrack,1349,12611,2025,pos,0 days 00:35:24.950000,0 days 01:33:40.462000
2024-07-07 14:38:37.691,OnTrack,1490,12653,2025,pos,0 days 00:35:25.150000,0 days 01:33:40.662000
2024-07-07 14:38:37.851,OnTrack,1605,12683,2025,pos,0 days 00:35:25.310000,0 days 01:33:40.822000
2024-07-07 14:38:38.132,OnTrack,1811,12728,2026,pos,0 days 00:35:25.591000,0 days 01:33:41.103000
2024-07-07 14:38:38.351,OnTrack,1975,12757,2028,pos,0 days 00:35:25.810000,0 days 01:33:41.322000
2024-07-07 14:38:38.591,OnTrack,2172,12784,2029,pos,0 days 00:35:26.050000,0 days 01:33:41.562000
2024-07-07 14:38:38.812,OnTrack,2386,12809,2030,pos,0 days 00:35:26.271000,0 days 01:33:41.783000
2024-07-07 14:38:39.111,OnTrack,2571,12829,2032,pos,0 days 00:35:26.570000,0 days 01:33:42.082000
2024-07-07 14:38:39.272,OnTrack,2695,12842,2033,pos,0 days 00:35:26.731000,0 days 01:33:42.243000
2024-07-07 14:38:39.491,OnTrack,2866,12859,2035,pos,0 days 00:35:26.950000,0 days 01:33:42.462000
2024-07-07 14:38:39.792,OnTrack,3196,12893,2038,pos,0 days 00:35:27.251000,0 days 01:33:42.763000
2024-07-07 14:38:40.251,OnTrack,3511,12927,2040,pos,0 days 00:35:27.710000,0 days 01:33:43.222000
2024-07-07 14:38:40.692,OnTrack,3810,12961,2042,pos,0 days 00:35:28.151000,0 days 01:33:43.663000
2024-07-07 14:38:40.872,OnTrack,4047,12988,2043,pos,0 days 00:35:28.331000,0 days 01:33:43.843000
2024-07-07 14:38:41.252,OnTrack,4315,13023,2045,pos,0 days 00:35:28.711000,0 days 01:33:44.223000
2024-07-07 14:38:41.672,OnTrack,4583,13059,2046,pos,0 days 00:35:29.131000,0 days 01:33:44.643000
2024-07-07 14:38:41.812,OnTrack,4690,13072,2047,pos,0 days 00:35:29.271000,0 days 01:33:44.783000
2024-07-07 14:38:41.992,OnTrack,4824,13088,2048,pos,0 days 00:35:29.451000,0 days 01:33:44.963000
2024-07-07 14:38:42.332,OnTrack,5047,13108,2048,pos,0 days 00:35:29.791000,0 days 01:33:45.303000
2024-07-07 14:38:42.532,OnTrack,5186,13114,2049,pos,0 days 00:35:29.991000,0 days 01:33:45.503000
2024-07-07 14:38:42.773,OnTrack,5287,13112,2049,pos,0 days 00:35:30.232000,0 days 01:33:45.744000
2024-07-07 14:38:42.812,OnTrack,5310,13111,2050,pos,0 days 00:35:30.271000,0 days 01:33:45.783000
2024-07-07 14:38:43.092,OnTrack,5470,13089,2050,pos,0 days 00:35:30.551000,0 days 01:33:46.063000
2024-07-07 14:38:43.313,OnTrack,5592,13061,2051,pos,0 days 00:35:30.772000,0 days 01:33:46.284000
2024-07-07 14:38:43.511,OnTrack,5769,13001,2052,pos,0 days 00:35:30.970000,0 days 01:33:46.482000
2024-07-07 14:38:44.011,OnTrack,5940,12912,2053,pos,0 days 00:35:31.470000,0 days 01:33:46.982000
2024-07-07 14:38:44.192,OnTrack,6079,12816,2054,pos,0 days 00:35:31.651000,0 days 01:33:47.163000
2024-07-07 14:38:44.591,OnTrack,6184,12729,2055,pos,0 days 00:35:32.050000,0 days 01:33:47.562000
2024-07-07 14:38:44.732,OnTrack,6237,12678,2055,pos,0 days 00:35:32.191000,0 days 01:33:47.703000
2024-07-07 14:38:44.952,OnTrack,6357,12532,2056,pos,0 days 00:35:32.411000,0 days 01:33:47.923000
2024-07-07 14:38:45.431,OnTrack,6453,12371,2057,pos,0 days 00:35:32.890000,0 days 01:33:48.402000
2024-07-07 14:38:45.651,OnTrack,6536,12194,2058,pos,0 days 00:35:33.110000,0 days 01:33:48.622000
2024-07-07 14:38:45.951,OnTrack,6575,12096,2059,pos,0 days 00:35:33.410000,0 days 01:33:48.922000
2024-07-07 14:38:46.251,OnTrack,6633,11925,2060,pos,0 days 00:35:33.710000,0 days 01:33:49.222000
2024-07-07 14:38:46.432,OnTrack,6682,11758,2061,pos,0 days 00:35:33.891000,0 days 01:33:49.403000
2024-07-07 14:38:46.852,OnTrack,6732,11566,2062,pos,0 days 00:35:34.311000,0 days 01:33:49.823000
2024-07-07 14:38:47.132,OnTrack,6796,11289,2065,pos,0 days 00:35:34.591000,0 days 01:33:50.103000
2024-07-07 14:38:47.492,OnTrack,6842,11054,2066,pos,0 days 00:35:34.951000,0 days 01:33:50.463000
2024-07-07 14:38:47.932,OnTrack,6879,10827,2068,pos,0 days 00:35:35.391000,0 days 01:33:50.903000
2024-07-07 14:38:48.172,OnTrack,6913,10574,2070,pos,0 days 00:35:35.631000,0 days 01:33:51.143000
2024-07-07 14:38:48.572,OnTrack,6945,10271,2073,pos,0 days 00:35:36.031000,0 days 01:33:51.543000
2024-07-07 14:38:48.832,OnTrack,6953,10183,2073,pos,0 days 00:35:36.291000,0 days 01:33:51.803000
2024-07-07 14:38:49.152,OnTrack,6968,9946,2074,pos,0 days 00:35:36.611000,0 days 01:33:52.123000
2024-07-07 14:38:49.313,OnTrack,6974,9826,2074,pos,0 days 00:35:36.772000,0 days 01:33:52.284000
2024-07-07 14:38:49.552,OnTrack,6979,9644,2075,pos,0 days 00:35:37.011000,0 days 01:33:52.523000
2024-07-07 14:38:49.732,OnTrack,6982,9515,2075,pos,0 days 00:35:37.191000,0 days 01:33:52.703000
2024-07-07 14:38:49.912,OnTrack,6985,9369,2074,pos,0 days 00:35:37.371000,0 days 01:33:52.883000
2024-07-07 14:38:50.211,OnTrack,6997,9076,2073,pos,0 days 00:35:37.670000,0 days 01:33:53.182000
2024-07-07 14:38:50.491,OnTrack,7008,8928,2073,pos,0 days 00:35:37.950000,0 days 01:33:53.462000
2024-07-07 14:38:50.771,OnTrack,7034,8711,2071,pos,0 days 00:35:38.230000,0 days 01:33:53.742000
2024-07-07 14:38:50.972,OnTrack,7061,8555,2070,pos,0 days 00:35:38.431000,0 days 01:33:53.943000
2024-07-07 14:38:51.131,OnTrack,7087,8431,2070,pos,0 days 00:35:38.590000,0 days 01:33:54.102000
2024-07-07 14:38:51.391,OnTrack,7137,8229,2068,pos,0 days 00:35:38.850000,0 days 01:33:54.362000
2024-07-07 14:38:51.591,OnTrack,7181,8076,2066,pos,0 days 00:35:39.050000,0 days 01:33:54.562000
2024-07-07 14:38:51.872,OnTrack,7283,7781,2063,pos,0 days 00:35:39.331000,0 days 01:33:54.843000
2024-07-07 14:38:52.132,OnTrack,7321,7685,2061,pos,0 days 00:35:39.591000,0 days 01:33:55.103000
2024-07-07 14:38:52.352,OnTrack,7379,7541,2060,pos,0 days 00:35:39.811000,0 days 01:33:55.323000
2024-07-07 14:38:52.652,OnTrack,7449,7357,2059,pos,0 days 00:35:40.111000,0 days 01:33:55.623000
2024-07-07 14:38:52.872,OnTrack,7490,7227,2058,pos,0 days 00:35:40.331000,0 days 01:33:55.843000
2024-07-07 14:38:53.071,OnTrack,7514,7127,2058,pos,0 days 00:35:40.530000,0 days 01:33:56.042000
2024-07-07 14:38:53.291,OnTrack,7538,6931,2058,pos,0 days 00:35:40.750000,0 days 01:33:56.262000
2024-07-07 14:38:53.552,OnTrack,7536,6849,2058,pos,0 days 00:35:41.011000,0 days 01:33:56.523000
2024-07-07 14:38:53.852,OnTrack,7516,6672,2058,pos,0 days 00:35:41.311000,0 days 01:33:56.823000
2024-07-07 14:38:54.052,OnTrack,7497,6562,2059,pos,0 days 00:35:41.511000,0 days 01:33:57.023000
2024-07-07 14:38:54.292,OnTrack,7465,6418,2060,pos,0 days 00:35:41.751000,0 days 01:33:57.263000
2024-07-07 14:38:54.492,OnTrack,7436,6303,2061,pos,0 days 00:35:41.951000,0 days 01:33:57.463000
2024-07-07 14:38:54.672,OnTrack,7410,6199,2061,pos,0 days 00:35:42.131000,0 days 01:33:57.643000
2024-07-07 14:38:54.892,OnTrack,7380,6076,2062,pos,0 days 00:35:42.351000,0 days 01:33:57.863000
2024-07-07 14:38:55.132,OnTrack,7351,5932,2063,pos,0 days 00:35:42.591000,0 days 01:33:58.103000
2024-07-07 14:38:55.292,OnTrack,7326,5765,2063,pos,0 days 00:35:42.751000,0 days 01:33:58.263000
2024-07-07 14:38:55.772,OnTrack,7320,5532,2062,pos,0 days 00:35:43.231000,0 days 01:33:58.743000
2024-07-07 14:38:56.172,OnTrack,7344,5379,2062,pos,0 days 00:35:43.631000,0 days 01:33:59.143000
2024-07-07 14:38:56.352,OnTrack,7391,5231,2061,pos,0 days 00:35:43.811000,0 days 01:33:59.323000
2024-07-07 14:38:56.811,OnTrack,7497,5017,2058,pos,0 days 00:35:44.270000,0 days 01:33:59.782000
2024-07-07 14:38:57.031,OnTrack,7524,4972,2057,pos,0 days 00:35:44.490000,0 days 01:34:00.002000
2024-07-07 14:38:57.331,OnTrack,7640,4778,2054,pos,0 days 00:35:44.790000,0 days 01:34:00.302000
2024-07-07 14:38:57.772,OnTrack,7705,4652,2052,pos,0 days 00:35:45.231000,0 days 01:34:00.743000
2024-07-07 14:38:58.032,OnTrack,7749,4537,2051,pos,0 days 00:35:45.491000,0 days 01:34:01.003000
2024-07-07 14:38:58.392,OnTrack,7781,4399,2049,pos,0 days 00:35:45.851000,0 days 01:34:01.363000
2024-07-07 14:38:58.632,OnTrack,7787,4262,2047,pos,0 days 00:35:46.091000,0 days 01:34:01.603000
2024-07-07 14:38:59.092,OnTrack,7767,4118,2044,pos,0 days 00:35:46.551000,0 days 01:34:02.063000
2024-07-07 14:38:59.112,OnTrack,7766,4111,2044,pos,0 days 00:35:46.571000,0 days 01:34:02.083000
2024-07-07 14:38:59.311,OnTrack,7744,4032,2043,pos,0 days 00:35:46.770000,0 days 01:34:02.282000
2024-07-07 14:38:59.512,OnTrack,7717,3955,2042,pos,0 days 00:35:46.971000,0 days 01:34:02.483000
2024-07-07 14:38:59.812,OnTrack,7636,3790,2040,pos,0 days 00:35:47.271000,0 days 01:34:02.783000
2024-07-07 14:39:00.212,OnTrack,7574,3695,2038,pos,0 days 00:35:47.671000,0 days 01:34:03.183000
2024-07-07 14:39:00.452,OnTrack,7505,3612,2037,pos,0 days 00:35:47.911000,0 days 01:34:03.423000
2024-07-07 14:39:00.711,OnTrack,7369,3494,2035,pos,0 days 00:35:48.170000,0 days 01:34:03.682000
2024-07-07 14:39:00.971,OnTrack,7315,3458,2034,pos,0 days 00:35:48.430000,0 days 01:34:03.942000
2024-07-07 14:39:01.352,OnTrack,7085,3332,2031,pos,0 days 00:35:48.811000,0 days 01:34:04.323000
2024-07-07 14:39:01.712,OnTrack,6958,3261,2030,pos,0 days 00:35:49.171000,0 days 01:34:04.683000
2024-07-07 14:39:01.872,OnTrack,6883,3211,2029,pos,0 days 00:35:49.331000,0 days 01:34:04.843000
2024-07-07 14:39:02.052,OnTrack,6801,3145,2028,pos,0 days 00:35:49.511000,0 days 01:34:05.023000
2024-07-07 14:39:02.373,OnTrack,6643,2990,2028,pos,0 days 00:35:49.832000,0 days 01:34:05.344000
2024-07-07 14:39:02.752,OnTrack,6503,2835,2027,pos,0 days 00:35:50.211000,0 days 01:34:05.723000
2024-07-07 14:39:02.933,OnTrack,6426,2740,2028,pos,0 days 00:35:50.392000,0 days 01:34:05.904000
2024-07-07 14:39:03.132,OnTrack,6350,2634,2027,pos,0 days 00:35:50.591000,0 days 01:34:06.103000
2024-07-07 14:39:03.311,OnTrack,6285,2533,2026,pos,0 days 00:35:50.770000,0 days 01:34:06.282000
2024-07-07 14:39:03.631,OnTrack,6131,2262,2026,pos,0 days 00:35:51.090000,0 days 01:34:06.602000
2024-07-07 14:39:03.911,OnTrack,6086,2177,2025,pos,0 days 00:35:51.370000,0 days 01:34:06.882000
2024-07-07 14:39:04.131,OnTrack,6018,2040,2025,pos,0 days 00:35:51.590000,0 days 01:34:07.102000
2024-07-07 14:39:04.332,OnTrack,5956,1915,2024,pos,0 days 00:35:51.791000,0 days 01:34:07.303000
2024-07-07 14:39:04.592,OnTrack,5876,1750,2024,pos,0 days 00:35:52.051000,0 days 01:34:07.563000
2024-07-07 14:39:04.872,OnTrack,5753,1495,2023,pos,0 days 00:35:52.331000,0 days 01:34:07.843000
2024-07-07 14:39:05.192,OnTrack,5691,1365,2022,pos,0 days 00:35:52.651000,0 days 01:34:08.163000
2024-07-07 14:39:05.392,OnTrack,5628,1235,2021,pos,0 days 00:35:52.851000,0 days 01:34:08.363000
2024-07-07 14:39:05.652,OnTrack,5550,1071,2020,pos,0 days 00:35:53.111000,0 days 01:34:08.623000
2024-07-07 14:39:05.912,OnTrack,5460,882,2019,pos,0 days 00:35:53.371000,0 days 01:34:08.883000
2024-07-07 14:39:06.032,OnTrack,5422,802,2018,pos,0 days 00:35:53.491000,0 days 01:34:09.003000
2024-07-07 14:39:06.212,OnTrack,5363,680,2017,pos,0 days 00:35:53.671000,0 days 01:34:09.183000
2024-07-07 14:39:06.452,OnTrack,5252,449,2016,pos,0 days 00:35:53.911000,0 days 01:34:09.423000
2024-07-07 14:39:06.931,OnTrack,5078,90,2013,pos,0 days 00:35:54.390000,0 days 01:34:09.902000
2024-07-07 14:39:07.251,OnTrack,5017,-35,2012,pos,0 days 00:35:54.710000,0 days 01:34:10.222000
2024-07-07 14:39:07.392,OnTrack,4970,-133,2011,pos,0 days 00:35:54.851000,0 days 01:34:10.363000
2024-07-07 14:39:07.732,OnTrack,4827,-430,2009,pos,0 days 00:35:55.191000,0 days 01:34:10.703000
2024-07-07 14:39:08.032,OnTrack,4752,-587,2008,pos,0 days 00:35:55.491000,0 days 01:34:11.003000
2024-07-07 14:39:08.212,OnTrack,4690,-716,2008,pos,0 days 00:35:55.671000,0 days 01:34:11.183000
2024-07-07 14:39:08.492,OnTrack,4585,-931,2007,pos,0 days 00:35:55.951000,0 days 01:34:11.463000
2024-07-07 14:39:08.752,OnTrack,4468,-1174,2004,pos,0 days 00:35:56.211000,0 days 01:34:11.723000
2024-07-07 14:39:09.092,OnTrack,4377,-1360,2002,pos,0 days 00:35:56.551000,0 days 01:34:12.063000
2024-07-07 14:39:09.292,OnTrack,4306,-1503,2000,pos,0 days 00:35:56.751000,0 days 01:34:12.263000
2024-07-07 14:39:09.412,OnTrack,4263,-1589,1999,pos,0 days 00:35:56.871000,0 days 01:34:12.383000
2024-07-07 14:39:09.752,OnTrack,4145,-1826,1996,pos,0 days 00:35:57.211000,0 days 01:34:12.723000
2024-07-07 14:39:09.951,OnTrack,4051,-2013,1995,pos,0 days 00:35:57.410000,0 days 01:34:12.922000
2024-07-07 14:39:10.292,OnTrack,3945,-2221,1994,pos,0 days 00:35:57.751000,0 days 01:34:13.263000
2024-07-07 14:39:10.532,OnTrack,3862,-2380,1994,pos,0 days 00:35:57.991000,0 days 01:34:13.503000
2024-07-07 14:39:10.751,OnTrack,3780,-2537,1995,pos,0 days 00:35:58.210000,0 days 01:34:13.722000
2024-07-07 14:39:10.991,OnTrack,3649,-2783,1997,pos,0 days 00:35:58.450000,0 days 01:34:13.962000
2024-07-07 14:39:11.251,OnTrack,3600,-2874,1998,pos,0 days 00:35:58.710000,0 days 01:34:14.222000
2024-07-07 14:39:11.551,OnTrack,3496,-3059,2002,pos,0 days 00:35:59.010000,0 days 01:34:14.522000
2024-07-07 14:39:11.791,OnTrack,3375,-3265,2006,pos,0 days 00:35:59.250000,0 days 01:34:14.762000
2024-07-07 14:39:12.031,OnTrack,3339,-3324,2007,pos,0 days 00:35:59.490000,0 days 01:34:15.002000
2024-07-07 14:39:12.272,OnTrack,3257,-3449,2010,pos,0 days 00:35:59.731000,0 days 01:34:15.243000
2024-07-07 14:39:12.472,OnTrack,3190,-3542,2012,pos,0 days 00:35:59.931000,0 days 01:34:15.443000
2024-07-07 14:39:12.732,OnTrack,3101,-3653,2015,pos,0 days 00:36:00.191000,0 days 01:34:15.703000
2024-07-07 14:39:12.972,OnTrack,3018,-3747,2017,pos,0 days 00:36:00.431000,0 days 01:34:15.943000
2024-07-07 14:39:13.132,OnTrack,2961,-3805,2018,pos,0 days 00:36:00.591000,0 days 01:34:16.103000
2024-07-07 14:39:13.432,OnTrack,2848,-3900,2021,pos,0 days 00:36:00.891000,0 days 01:34:16.403000
2024-07-07 14:39:13.572,OnTrack,2791,-3939,2022,pos,0 days 00:36:01.031000,0 days 01:34:16.543000
2024-07-07 14:39:13.771,OnTrack,2649,-4018,2025,pos,0 days 00:36:01.230000,0 days 01:34:16.742000
2024-07-07 14:39:14.152,OnTrack,2545,-4061,2026,pos,0 days 00:36:01.611000,0 days 01:34:17.123000
2024-07-07 14:39:14.472,OnTrack,2403,-4100,2029,pos,0 days 00:36:01.931000,0 days 01:34:17.443000
2024-07-07 14:39:14.512,OnTrack,2385,-4104,2029,pos,0 days 00:36:01.971000,0 days 01:34:17.483000
2024-07-07 14:39:14.892,OnTrack,2158,-4111,2032,pos,0 days 00:36:02.351000,0 days 01:34:17.863000
2024-07-07 14:39:15.212,OnTrack,2067,-4098,2032,pos,0 days 00:36:02.671000,0 days 01:34:18.183000
2024-07-07 14:39:15.492,OnTrack,1882,-4042,2033,pos,0 days 00:36:02.951000,0 days 01:34:18.463000
2024-07-07 14:39:15.752,OnTrack,1831,-4019,2033,pos,0 days 00:36:03.211000,0 days 01:34:18.723000
2024-07-07 14:39:15.993,OnTrack,1730,-3963,2033,pos,0 days 00:36:03.452000,0 days 01:34:18.964000
2024-07-07 14:39:16.292,OnTrack,1611,-3877,2032,pos,0 days 00:36:03.751000,0 days 01:34:19.263000
2024-07-07 14:39:16.512,OnTrack,1530,-3804,2031,pos,0 days 00:36:03.971000,0 days 01:34:19.483000
2024-07-07 14:39:16.591,OnTrack,1502,-3775,2031,pos,0 days 00:36:04.050000,0 days 01:34:19.562000
2024-07-07 14:39:16.792,OnTrack,1434,-3700,2030,pos,0 days 00:36:04.251000,0 days 01:34:19.763000
2024-07-07 14:39:17.171,OnTrack,1313,-3533,2027,pos,0 days 00:36:04.630000,0 days 01:34:20.142000
2024-07-07 14:39:17.531,OnTrack,1218,-3371,2023,pos,0 days 00:36:04.990000,0 days 01:34:20.502000
2024-07-07 14:39:17.692,OnTrack,1176,-3291,2021,pos,0 days 00:36:05.151000,0 days 01:34:20.663000
2024-07-07 14:39:17.972,OnTrack,1102,-3151,2016,pos,0 days 00:36:05.431000,0 days 01:34:20.943000
2024-07-07 14:39:18.152,OnTrack,1004,-2977,2010,pos,0 days 00:36:05.611000,0 days 01:34:21.123000
2024-07-07 14:39:18.432,OnTrack,962,-2909,2006,pos,0 days 00:36:05.891000,0 days 01:34:21.403000
2024-07-07 14:39:18.651,OnTrack,885,-2793,2000,pos,0 days 00:36:06.110000,0 days 01:34:21.622000
2024-07-07 14:39:18.871,OnTrack,803,-2677,1995,pos,0 days 00:36:06.330000,0 days 01:34:21.842000
2024-07-07 14:39:19.052,OnTrack,729,-2577,1991,pos,0 days 00:36:06.511000,0 days 01:34:22.023000
2024-07-07 14:39:19.431,OnTrack,578,-2373,1985,pos,0 days 00:36:06.890000,0 days 01:34:22.402000
2024-07-07 14:39:19.592,OnTrack,514,-2287,1984,pos,0 days 00:36:07.051000,0 days 01:34:22.563000
2024-07-07 14:39:19.832,OnTrack,414,-2152,1984,pos,0 days 00:36:07.291000,0 days 01:34:22.803000
2024-07-07 14:39:20.031,OnTrack,331,-2042,1985,pos,0 days 00:36:07.490000,0 days 01:34:23.002000
2024-07-07 14:39:20.232,OnTrack,246,-1934,1986,pos,0 days 00:36:07.691000,0 days 01:34:23.203000
2024-07-07 14:39:20.392,OnTrack,177,-1848,1986,pos,0 days 00:36:07.851000,0 days 01:34:23.363000
2024-07-07 14:39:20.571,OnTrack,97,-1753,1986,pos,0 days 00:36:08.030000,0 days 01:34:23.542000
2024-07-07 14:39:20.732,OnTrack,29,-1674,1986,pos,0 days 00:36:08.191000,0 days 01:34:23.703000
2024-07-07 14:39:20.972,OnTrack,-66,-1564,1986,pos,0 days 00:36:08.431000,0 days 01:34:23.943000
2024-07-07 14:39:21.232,OnTrack,-203,-1411,1984,pos,0 days 00:36:08.691000,0 days 01:34:24.203000
2024-07-07 14:39:21.652,OnTrack,-323,-1276,1981,pos,0 days 00:36:09.111000,0 days 01:34:24.623000
2024-07-07 14:39:22.092,OnTrack,-434,-1153,1979,pos,0 days 00:36:09.551000,0 days 01:34:25.063000
2024-07-07 14:39:22.472,OnTrack,-508,-1079,1977,pos,0 days 00:36:09.931000,0 days 01:34:25.443000
2024-07-07 14:39:22.632,OnTrack,-583,-1019,1976,pos,0 days 00:36:10.091000,0 days 01:34:25.603000
2024-07-07 14:39:23.011,OnTrack,-642,-981,1976,pos,0 days 00:36:10.470000,0 days 01:34:25.982000
2024-07-07 14:39:23.332,OnTrack,-763,-929,1976,pos,0 days 00:36:10.791000,0 days 01:34:26.303000
2024-07-07 14:39:23.711,OnTrack,-823,-917,1976,pos,0 days 00:36:11.170000,0 days 01:34:26.682000
2024-07-07 14:39:23.952,OnTrack,-904,-913,1976,pos,0 days 00:36:11.411000,0 days 01:34:26.923000
2024-07-07 14:39:24.232,OnTrack,-951,-916,1977,pos,0 days 00:36:11.691000,0 days 01:34:27.203000
2024-07-07 14:39:24.432,OnTrack,-996,-924,1977,pos,0 days 00:36:11.891000,0 days 01:34:27.403000
2024-07-07 14:39:24.611,OnTrack,-1034,-936,1978,pos,0 days 00:36:12.070000,0 days 01:34:27.582000
2024-07-07 14:39:24.972,OnTrack,-1107,-973,1979,pos,0 days 00:36:12.431000,0 days 01:34:27.943000
2024-07-07 14:39:25.131,OnTrack,-1164,-1014,1979,pos,0 days 00:36:12.590000,0 days 01:34:28.102000
2024-07-07 14:39:25.572,OnTrack,-1222,-1059,1980,pos,0 days 00:36:13.031000,0 days 01:34:28.543000
2024-07-07 14:39:25.731,OnTrack,-1283,-1103,1981,pos,0 days 00:36:13.190000,0 days 01:34:28.702000
2024-07-07 14:39:26.192,OnTrack,-1361,-1146,1981,pos,0 days 00:36:13.651000,0 days 01:34:29.163000
2024-07-07 14:39:26.531,OnTrack,-1435,-1167,1981,pos,0 days 00:36:13.990000,0 days 01:34:29.502000
2024-07-07 14:39:26.811,OnTrack,-1513,-1170,1981,pos,0 days 00:36:14.270000,0 days 01:34:29.782000
2024-07-07 14:39:27.032,OnTrack,-1558,-1163,1980,pos,0 days 00:36:14.491000,0 days 01:34:30.003000
2024-07-07 14:39:27.272,OnTrack,-1615,-1150,1980,pos,0 days 00:36:14.731000,0 days 01:34:30.243000
2024-07-07 14:39:27.452,OnTrack,-1663,-1135,1979,pos,0 days 00:36:14.911000,0 days 01:34:30.423000
2024-07-07 14:39:27.832,OnTrack,-1772,-1086,1978,pos,0 days 00:36:15.291000,0 days 01:34:30.803000
2024-07-07 14:39:28.152,OnTrack,-1835,-1047,1977,pos,0 days 00:36:15.611000,0 days 01:34:31.123000
2024-07-07 14:39:28.312,OnTrack,-1871,-1019,1977,pos,0 days 00:36:15.771000,0 days 01:34:31.283000
2024-07-07 14:39:28.632,OnTrack,-1946,-946,1976,pos,0 days 00:36:16.091000,0 days 01:34:31.603000
2024-07-07 14:39:28.792,OnTrack,-2003,-877,1975,pos,0 days 00:36:16.251000,0 days 01:34:31.763000
2024-07-07 14:39:29.112,OnTrack,-2051,-817,1975,pos,0 days 00:36:16.571000,0 days 01:34:32.083000
2024-07-07 14:39:29.372,OnTrack,-2109,-740,1974,pos,0 days 00:36:16.831000,0 days 01:34:32.343000
2024-07-07 14:39:29.572,OnTrack,-2150,-676,1974,pos,0 days 00:36:17.031000,0 days 01:34:32.543000
2024-07-07 14:39:29.791,OnTrack,-2225,-516,1974,pos,0 days 00:36:17.250000,0 days 01:34:32.762000
2024-07-07 14:39:30.271,OnTrack,-2268,-381,1972,pos,0 days 00:36:17.730000,0 days 01:34:33.242000
2024-07-07 14:39:30.472,OnTrack,-2289,-291,1971,pos,0 days 00:36:17.931000,0 days 01:34:33.443000
2024-07-07 14:39:30.631,OnTrack,-2300,-219,1970,pos,0 days 00:36:18.090000,0 days 01:34:33.602000
2024-07-07 14:39:30.952,OnTrack,-2314,-12,1967,pos,0 days 00:36:18.411000,0 days 01:34:33.923000
2024-07-07 14:39:31.371,OnTrack,-2296,200,1966,pos,0 days 00:36:18.830000,0 days 01:34:34.342000
2024-07-07 14:39:31.612,OnTrack,-2288,248,1965,pos,0 days 00:36:19.071000,0 days 01:34:34.583000
2024-07-07 14:39:31.951,OnTrack,-2239,434,1963,pos,0 days 00:36:19.410000,0 days 01:34:34.922000
2024-07-07 14:39:32.231,OnTrack,-2195,540,1963,pos,0 days 00:36:19.690000,0 days 01:34:35.202000
2024-07-07 14:39:32.471,OnTrack,-2131,665,1962,pos,0 days 00:36:19.930000,0 days 01:34:35.442000
2024-07-07 14:39:32.732,OnTrack,-2014,854,1962,pos,0 days 00:36:20.191000,0 days 01:34:35.703000
2024-07-07 14:39:33.032,OnTrack,-1960,930,1962,pos,0 days 00:36:20.491000,0 days 01:34:36.003000
2024-07-07 14:39:33.412,OnTrack,-1817,1127,1963,pos,0 days 00:36:20.871000,0 days 01:34:36.383000
2024-07-07 14:39:33.712,OnTrack,-1713,1266,1964,pos,0 days 00:36:21.171000,0 days 01:34:36.683000
2024-07-07 14:39:33.932,OnTrack,-1627,1378,1964,pos,0 days 00:36:21.391000,0 days 01:34:36.903000
2024-07-07 14:39:34.191,OnTrack,-1504,1532,1965,pos,0 days 00:36:21.650000,0 days 01:34:37.162000
2024-07-07 14:39:34.492,OnTrack,-1396,1669,1967,pos,0 days 00:36:21.951000,0 days 01:34:37.463000
2024-07-07 14:39:34.692,OnTrack,-1314,1778,1968,pos,0 days 00:36:22.151000,0 days 01:34:37.663000
2024-07-07 14:39:34.912,OnTrack,-1224,1902,1970,pos,0 days 00:36:22.371000,0 days 01:34:37.883000
2024-07-07 14:39:35.172,OnTrack,-1057,2132,1973,pos,0 days 00:36:22.631000,0 days 01:34:38.143000
2024-07-07 14:39:35.532,OnTrack,-969,2253,1974,pos,0 days 00:36:22.991000,0 days 01:34:38.503000
2024-07-07 14:39:35.692,OnTrack,-896,2353,1976,pos,0 days 00:36:23.151000,0 days 01:34:38.663000
2024-07-07 14:39:36.032,OnTrack,-714,2604,1980,pos,0 days 00:36:23.491000,0 days 01:34:39.003000
2024-07-07 14:39:36.311,OnTrack,-628,2725,1982,pos,0 days 00:36:23.770000,0 days 01:34:39.282000
2024-07-07 14:39:36.571,OnTrack,-516,2887,1985,pos,0 days 00:36:24.030000,0 days 01:34:39.542000
2024-07-07 14:39:36.712,OnTrack,-456,2976,1987,pos,0 days 00:36:24.171000,0 days 01:34:39.683000
2024-07-07 14:39:37.071,OnTrack,-269,3258,1992,pos,0 days 00:36:24.530000,0 days 01:34:40.042000
2024-07-07 14:39:37.512,OnTrack,-92,3515,1996,pos,0 days 00:36:24.971000,0 days 01:34:40.483000
2024-07-07 14:39:37.891,OnTrack,56,3716,1999,pos,0 days 00:36:25.350000,0 days 01:34:40.862000
2024-07-07 14:39:38.052,OnTrack,123,3802,2001,pos,0 days 00:36:25.511000,0 days 01:34:41.023000
2024-07-07 14:39:38.211,OnTrack,190,3884,2003,pos,0 days 00:36:25.670000,0 days 01:34:41.182000
2024-07-07 14:39:38.491,OnTrack,305,4017,2007,pos,0 days 00:36:25.950000,0 days 01:34:41.462000
2024-07-07 14:39:38.612,OnTrack,356,4071,2009,pos,0 days 00:36:26.071000,0 days 01:34:41.583000
2024-07-07 14:39:38.811,OnTrack,439,4153,2010,pos,0 days 00:36:26.270000,0 days 01:34:41.782000
2024-07-07 14:39:39.091,OnTrack,623,4300,2012,pos,0 days 00:36:26.550000,0 days 01:34:42.062000
2024-07-07 14:39:39.532,OnTrack,783,4390,2013,pos,0 days 00:36:26.991000,0 days 01:34:42.503000
2024-07-07 14:39:39.692,OnTrack,867,4425,2014,pos,0 days 00:36:27.151000,0 days 01:34:42.663000
2024-07-07 14:39:39.871,OnTrack,963,4457,2014,pos,0 days 00:36:27.330000,0 days 01:34:42.842000
2024-07-07 14:39:40.131,OnTrack,1102,4490,2015,pos,0 days 00:36:27.590000,0 days 01:34:43.102000
2024-07-07 14:39:40.332,OnTrack,1210,4506,2016,pos,0 days 00:36:27.791000,0 days 01:34:43.303000
2024-07-07 14:39:40.512,OnTrack,1308,4514,2017,pos,0 days 00:36:27.971000,0 days 01:34:43.483000
2024-07-07 14:39:40.832,OnTrack,1486,4519,2019,pos,0 days 00:36:28.291000,0 days 01:34:43.803000
2024-07-07 14:39:40.972,OnTrack,1565,4518,2020,pos,0 days 00:36:28.431000,0 days 01:34:43.943000
2024-07-07 14:39:41.152,OnTrack,1668,4513,2022,pos,0 days 00:36:28.611000,0 days 01:34:44.123000
2024-07-07 14:39:41.372,OnTrack,1797,4501,2023,pos,0 days 00:36:28.831000,0 days 01:34:44.343000
2024-07-07 14:39:41.532,OnTrack,1978,4477,2025,pos,0 days 00:36:28.991000,0 days 01:34:44.503000
2024-07-07 14:39:42.012,OnTrack,2185,4452,2027,pos,0 days 00:36:29.471000,0 days 01:34:44.983000
2024-07-07 14:39:42.272,OnTrack,2382,4440,2029,pos,0 days 00:36:29.731000,0 days 01:34:45.243000
2024-07-07 14:39:42.673,OnTrack,2609,4444,2032,pos,0 days 00:36:30.132000,0 days 01:34:45.644000
2024-07-07 14:39:42.871,OnTrack,2779,4464,2035,pos,0 days 00:36:30.330000,0 days 01:34:45.842000
2024-07-07 14:39:43.131,OnTrack,2929,4498,2037,pos,0 days 00:36:30.590000,0 days 01:34:46.102000
2024-07-07 14:39:43.351,OnTrack,3067,4543,2039,pos,0 days 00:36:30.810000,0 days 01:34:46.322000
2024-07-07 14:39:43.691,OnTrack,3270,4636,2042,pos,0 days 00:36:31.150000,0 days 01:34:46.662000
2024-07-07 14:39:43.871,OnTrack,3369,4695,2044,pos,0 days 00:36:31.330000,0 days 01:34:46.842000
2024-07-07 14:39:44.111,OnTrack,3584,4853,2048,pos,0 days 00:36:31.570000,0 days 01:34:47.082000
2024-07-07 14:39:44.531,OnTrack,3799,5053,2049,pos,0 days 00:36:31.990000,0 days 01:34:47.502000
2024-07-07 14:39:44.952,OnTrack,3935,5192,2050,pos,0 days 00:36:32.411000,0 days 01:34:47.923000
2024-07-07 14:39:45.132,OnTrack,4043,5297,2051,pos,0 days 00:36:32.591000,0 days 01:34:48.103000
2024-07-07 14:39:45.571,OnTrack,4236,5478,2052,pos,0 days 00:36:33.030000,0 days 01:34:48.542000
2024-07-07 14:39:45.952,OnTrack,4353,5581,2053,pos,0 days 00:36:33.411000,0 days 01:34:48.923000
2024-07-07 14:39:46.212,OnTrack,4428,5645,2054,pos,0 days 00:36:33.671000,0 days 01:34:49.183000
2024-07-07 14:39:46.452,OnTrack,4505,5709,2054,pos,0 days 00:36:33.911000,0 days 01:34:49.423000
2024-07-07 14:39:46.691,OnTrack,4577,5767,2055,pos,0 days 00:36:34.150000,0 days 01:34:49.662000
2024-07-07 14:39:46.872,OnTrack,4637,5811,2055,pos,0 days 00:36:34.331000,0 days 01:34:49.843000
2024-07-07 14:39:47.132,OnTrack,4711,5855,2055,pos,0 days 00:36:34.591000,0 days 01:34:50.103000
2024-07-07 14:39:47.372,OnTrack,4799,5887,2054,pos,0 days 00:36:34.831000,0 days 01:34:50.343000
2024-07-07 14:39:47.692,OnTrack,4876,5899,2053,pos,0 days 00:36:35.151000,0 days 01:34:50.663000
2024-07-07 14:39:47.992,OnTrack,4963,5897,2053,pos,0 days 00:36:35.451000,0 days 01:34:50.963000
2024-07-07 14:39:48.232,OnTrack,5027,5887,2053,pos,0 days 00:36:35.691000,0 days 01:34:51.203000
2024-07-07 14:39:48.392,OnTrack,5067,5875,2054,pos,0 days 00:36:35.851000,0 days 01:34:51.363000
2024-07-07 14:39:48.572,OnTrack,5110,5857,2054,pos,0 days 00:36:36.031000,0 days 01:34:51.543000
2024-07-07 14:39:48.832,OnTrack,5167,5824,2055,pos,0 days 00:36:36.291000,0 days 01:34:51.803000
2024-07-07 14:39:49.012,OnTrack,5202,5797,2056,pos,0 days 00:36:36.471000,0 days 01:34:51.983000
2024-07-07 14:39:49.232,OnTrack,5242,5760,2057,pos,0 days 00:36:36.691000,0 days 01:34:52.203000
2024-07-07 14:39:49.431,OnTrack,5273,5722,2058,pos,0 days 00:36:36.890000,0 days 01:34:52.402000
2024-07-07 14:39:49.611,OnTrack,5297,5685,2059,pos,0 days 00:36:37.070000,0 days 01:34:52.582000
2024-07-07 14:39:49.831,OnTrack,5322,5635,2059,pos,0 days 00:36:37.290000,0 days 01:34:52.802000
2024-07-07 14:39:50.091,OnTrack,5345,5572,2059,pos,0 days 00:36:37.550000,0 days 01:34:53.062000
2024-07-07 14:39:50.272,OnTrack,5358,5526,2059,pos,0 days 00:36:37.731000,0 days 01:34:53.243000
2024-07-07 14:39:50.431,OnTrack,5368,5484,2060,pos,0 days 00:36:37.890000,0 days 01:34:53.402000
2024-07-07 14:39:50.592,OnTrack,5375,5440,2060,pos,0 days 00:36:38.051000,0 days 01:34:53.563000
2024-07-07 14:39:50.791,OnTrack,5382,5384,2061,pos,0 days 00:36:38.250000,0 days 01:34:53.762000
2024-07-07 14:39:50.971,OnTrack,5387,5331,2062,pos,0 days 00:36:38.430000,0 days 01:34:53.942000
2024-07-07 14:39:51.172,OnTrack,5392,5273,2063,pos,0 days 00:36:38.631000,0 days 01:34:54.143000
2024-07-07 14:39:51.511,OnTrack,5409,5145,2065,pos,0 days 00:36:38.970000,0 days 01:34:54.482000
2024-07-07 14:39:51.871,OnTrack,5429,5062,2066,pos,0 days 00:36:39.330000,0 days 01:34:54.842000
2024-07-07 14:39:52.131,OnTrack,5457,4992,2066,pos,0 days 00:36:39.590000,0 days 01:34:55.102000
2024-07-07 14:39:52.332,OnTrack,5488,4936,2066,pos,0 days 00:36:39.791000,0 days 01:34:55.303000
2024-07-07 14:39:52.691,OnTrack,5558,4849,2065,pos,0 days 00:36:40.150000,0 days 01:34:55.662000
2024-07-07 14:39:52.992,OnTrack,5589,4819,2065,pos,0 days 00:36:40.451000,0 days 01:34:55.963000
2024-07-07 14:39:53.292,OnTrack,5643,4777,2064,pos,0 days 00:36:40.751000,0 days 01:34:56.263000
2024-07-07 14:39:53.532,OnTrack,5708,4744,2064,pos,0 days 00:36:40.991000,0 days 01:34:56.503000
2024-07-07 14:39:53.932,OnTrack,5764,4731,2064,pos,0 days 00:36:41.391000,0 days 01:34:56.903000
2024-07-07 14:39:54.112,OnTrack,5800,4733,2064,pos,0 days 00:36:41.571000,0 days 01:34:57.083000
2024-07-07 14:39:54.292,OnTrack,5834,4742,2064,pos,0 days 00:36:41.751000,0 days 01:34:57.263000
2024-07-07 14:39:54.572,OnTrack,5903,4782,2063,pos,0 days 00:36:42.031000,0 days 01:34:57.543000
2024-07-07 14:39:54.972,OnTrack,5945,4817,2064,pos,0 days 00:36:42.431000,0 days 01:34:57.943000
2024-07-07 14:39:55.192,OnTrack,5996,4870,2064,pos,0 days 00:36:42.651000,0 days 01:34:58.163000
2024-07-07 14:39:55.472,OnTrack,6018,4896,2064,pos,0 days 00:36:42.931000,0 days 01:34:58.443000
2024-07-07 14:39:55.792,OnTrack,6061,4954,2065,pos,0 days 00:36:43.251000,0 days 01:34:58.763000
2024-07-07 14:39:55.992,OnTrack,6085,4992,2065,pos,0 days 00:36:43.451000,0 days 01:34:58.963000
2024-07-07 14:39:56.151,OnTrack,6106,5027,2065,pos,0 days 00:36:43.610000,0 days 01:34:59.122000
2024-07-07 14:39:56.312,OnTrack,6125,5061,2065,pos,0 days 00:36:43.771000,0 days 01:34:59.283000
2024-07-07 14:39:56.631,OnTrack,6163,5142,2065,pos,0 days 00:36:44.090000,0 days 01:34:59.602000
2024-07-07 14:39:56.891,OnTrack,6195,5224,2065,pos,0 days 00:36:44.350000,0 days 01:34:59.862000
2024-07-07 14:39:57.231,OnTrack,6226,5314,2065,pos,0 days 00:36:44.690000,0 days 01:35:00.202000
2024-07-07 14:39:57.452,OnTrack,6247,5386,2065,pos,0 days 00:36:44.911000,0 days 01:35:00.423000
2024-07-07 14:39:57.652,OnTrack,6278,5504,2065,pos,0 days 00:36:45.111000,0 days 01:35:00.623000
2024-07-07 14:39:58.012,OnTrack,6297,5589,2065,pos,0 days 00:36:45.471000,0 days 01:35:00.983000
2024-07-07 14:39:58.292,OnTrack,6317,5709,2065,pos,0 days 00:36:45.751000,0 days 01:35:01.263000
2024-07-07 14:39:58.512,OnTrack,6330,5838,2064,pos,0 days 00:36:45.971000,0 days 01:35:01.483000
2024-07-07 14:39:58.911,OnTrack,6329,6013,2064,pos,0 days 00:36:46.370000,0 days 01:35:01.882000
2024-07-07 14:39:59.152,OnTrack,6317,6131,2064,pos,0 days 00:36:46.611000,0 days 01:35:02.123000
2024-07-07 14:39:59.231,OnTrack,6311,6170,2063,pos,0 days 00:36:46.690000,0 days 01:35:02.202000
2024-07-07 14:39:59.392,OnTrack,6297,6250,2063,pos,0 days 00:36:46.851000,0 days 01:35:02.363000
2024-07-07 14:39:59.652,OnTrack,6263,6380,2063,pos,0 days 00:36:47.111000,0 days 01:35:02.623000
2024-07-07 14:39:59.812,OnTrack,6236,6460,2062,pos,0 days 00:36:47.271000,0 days 01:35:02.783000
2024-07-07 14:40:00.072,OnTrack,6183,6582,2063,pos,0 days 00:36:47.531000,0 days 01:35:03.043000
2024-07-07 14:40:00.372,OnTrack,6103,6727,2063,pos,0 days 00:36:47.831000,0 days 01:35:03.343000
2024-07-07 14:40:00.552,OnTrack,6044,6817,2063,pos,0 days 00:36:48.011000,0 days 01:35:03.523000
2024-07-07 14:40:00.772,OnTrack,5914,6981,2064,pos,0 days 00:36:48.231000,0 days 01:35:03.743000
2024-07-07 14:40:01.192,OnTrack,5795,7101,2064,pos,0 days 00:36:48.651000,0 days 01:35:04.163000
2024-07-07 14:40:01.372,OnTrack,5673,7208,2064,pos,0 days 00:36:48.831000,0 days 01:35:04.343000
2024-07-07 14:40:01.772,OnTrack,5472,7367,2064,pos,0 days 00:36:49.231000,0 days 01:35:04.743000
2024-07-07 14:40:02.132,OnTrack,5330,7475,2064,pos,0 days 00:36:49.591000,0 days 01:35:05.103000
2024-07-07 14:40:02.412,OnTrack,5125,7640,2064,pos,0 days 00:36:49.871000,0 days 01:35:05.383000
2024-07-07 14:40:02.751,OnTrack,4997,7745,2064,pos,0 days 00:36:50.210000,0 days 01:35:05.722000
2024-07-07 14:40:03.011,OnTrack,4872,7851,2064,pos,0 days 00:36:50.470000,0 days 01:35:05.982000
2024-07-07 14:40:03.151,OnTrack,4720,7981,2064,pos,0 days 00:36:50.610000,0 days 01:35:06.122000
2024-07-07 14:40:03.592,OnTrack,4556,8122,2065,pos,0 days 00:36:51.051000,0 days 01:35:06.563000
2024-07-07 14:40:03.872,OnTrack,4401,8256,2064,pos,0 days 00:36:51.331000,0 days 01:35:06.843000
2024-07-07 14:40:04.071,OnTrack,4289,8352,2064,pos,0 days 00:36:51.530000,0 days 01:35:07.042000
2024-07-07 14:40:04.152,OnTrack,4243,8390,2064,pos,0 days 00:36:51.611000,0 days 01:35:07.123000
2024-07-07 14:40:04.371,OnTrack,4118,8497,2064,pos,0 days 00:36:51.830000,0 days 01:35:07.342000
2024-07-07 14:40:04.631,OnTrack,3969,8626,2063,pos,0 days 00:36:52.090000,0 days 01:35:07.602000
2024-07-07 14:40:04.911,OnTrack,3762,8806,2063,pos,0 days 00:36:52.370000,0 days 01:35:07.882000
2024-07-07 14:40:05.211,OnTrack,3641,8913,2063,pos,0 days 00:36:52.670000,0 days 01:35:08.182000
2024-07-07 14:40:05.451,OnTrack,3495,9041,2063,pos,0 days 00:36:52.910000,0 days 01:35:08.422000
2024-07-07 14:40:05.652,OnTrack,3307,9205,2063,pos,0 days 00:36:53.111000,0 days 01:35:08.623000
2024-07-07 14:40:06.011,OnTrack,3166,9330,2063,pos,0 days 00:36:53.470000,0 days 01:35:08.982000
2024-07-07 14:40:06.212,OnTrack,3047,9434,2063,pos,0 days 00:36:53.671000,0 days 01:35:09.183000
2024-07-07 14:40:06.551,OnTrack,2760,9684,2061,pos,0 days 00:36:54.010000,0 days 01:35:09.522000
2024-07-07 14:40:06.932,OnTrack,2573,9846,2058,pos,0 days 00:36:54.391000,0 days 01:35:09.903000
2024-07-07 14:40:07.272,OnTrack,2411,9988,2056,pos,0 days 00:36:54.731000,0 days 01:35:10.243000
2024-07-07 14:40:07.432,OnTrack,2319,10070,2055,pos,0 days 00:36:54.891000,0 days 01:35:10.403000
2024-07-07 14:40:07.712,OnTrack,2151,10220,2052,pos,0 days 00:36:55.171000,0 days 01:35:10.683000
2024-07-07 14:40:07.892,OnTrack,2048,10312,2050,pos,0 days 00:36:55.351000,0 days 01:35:10.863000
2024-07-07 14:40:08.112,OnTrack,1929,10419,2049,pos,0 days 00:36:55.571000,0 days 01:35:11.083000
2024-07-07 14:40:08.412,OnTrack,1770,10556,2046,pos,0 days 00:36:55.871000,0 days 01:35:11.383000
2024-07-07 14:40:08.592,OnTrack,1620,10677,2044,pos,0 days 00:36:56.051000,0 days 01:35:11.563000
2024-07-07 14:40:08.952,OnTrack,1519,10748,2042,pos,0 days 00:36:56.411000,0 days 01:35:11.923000
2024-07-07 14:40:09.231,OnTrack,1393,10821,2040,pos,0 days 00:36:56.690000,0 days 01:35:12.202000
2024-07-07 14:40:09.271,OnTrack,1376,10830,2040,pos,0 days 00:36:56.730000,0 days 01:35:12.242000
2024-07-07 14:40:09.551,OnTrack,1256,10883,2038,pos,0 days 00:36:57.010000,0 days 01:35:12.522000
2024-07-07 14:40:09.791,OnTrack,1104,10930,2036,pos,0 days 00:36:57.250000,0 days 01:35:12.762000
2024-07-07 14:40:10.091,OnTrack,1032,10942,2035,pos,0 days 00:36:57.550000,0 days 01:35:13.062000
2024-07-07 14:40:10.452,OnTrack,886,10948,2034,pos,0 days 00:36:57.911000,0 days 01:35:13.423000
2024-07-07 14:40:10.611,OnTrack,777,10945,2034,pos,0 days 00:36:58.070000,0 days 01:35:13.582000
2024-07-07 14:40:11.032,OnTrack,630,10913,2032,pos,0 days 00:36:58.491000,0 days 01:35:14.003000
2024-07-07 14:40:11.371,OnTrack,555,10882,2032,pos,0 days 00:36:58.830000,0 days 01:35:14.342000
2024-07-07 14:40:11.532,OnTrack,505,10855,2032,pos,0 days 00:36:58.991000,0 days 01:35:14.503000
2024-07-07 14:40:11.832,OnTrack,397,10770,2032,pos,0 days 00:36:59.291000,0 days 01:35:14.803000
2024-07-07 14:40:12.251,OnTrack,332,10684,2032,pos,0 days 00:36:59.710000,0 days 01:35:15.222000
2024-07-07 14:40:12.412,OnTrack,281,10595,2033,pos,0 days 00:36:59.871000,0 days 01:35:15.383000
2024-07-07 14:40:12.892,OnTrack,224,10458,2033,pos,0 days 00:37:00.351000,0 days 01:35:15.863000
2024-07-07 14:40:13.192,OnTrack,209,10392,2033,pos,0 days 00:37:00.651000,0 days 01:35:16.163000
2024-07-07 14:40:13.392,OnTrack,199,10322,2033,pos,0 days 00:37:00.851000,0 days 01:35:16.363000
2024-07-07 14:40:13.592,OnTrack,193,10250,2033,pos,0 days 00:37:01.051000,0 days 01:35:16.563000
2024-07-07 14:40:13.792,OnTrack,189,10180,2034,pos,0 days 00:37:01.251000,0 days 01:35:16.763000
2024-07-07 14:40:14.012,OnTrack,185,10093,2034,pos,0 days 00:37:01.471000,0 days 01:35:16.983000
2024-07-07 14:40:14.252,OnTrack,179,10000,2035,pos,0 days 00:37:01.711000,0 days 01:35:17.223000
2024-07-07 14:40:14.412,OnTrack,173,9940,2035,pos,0 days 00:37:01.871000,0 days 01:35:17.383000
2024-07-07 14:40:14.792,OnTrack,145,9810,2036,pos,0 days 00:37:02.251000,0 days 01:35:17.763000
2024-07-07 14:40:14.952,OnTrack,115,9740,2037,pos,0 days 00:37:02.411000,0 days 01:35:17.923000
2024-07-07 14:40:15.212,OnTrack,88,9692,2038,pos,0 days 00:37:02.671000,0 days 01:35:18.183000
2024-07-07 14:40:15.552,OnTrack,29,9615,2039,pos,0 days 00:37:03.011000,0 days 01:35:18.523000
2024-07-07 14:40:15.711,OnTrack,-1,9584,2039,pos,0 days 00:37:03.170000,0 days 01:35:18.682000
2024-07-07 14:40:15.951,OnTrack,-50,9543,2040,pos,0 days 00:37:03.410000,0 days 01:35:18.922000
2024-07-07 14:40:16.152,OnTrack,-119,9499,2040,pos,0 days 00:37:03.611000,0 days 01:35:19.123000
2024-07-07 14:40:16.452,OnTrack,-159,9479,2040,pos,0 days 00:37:03.911000,0 days 01:35:19.423000
2024-07-07 14:40:16.672,OnTrack,-208,9460,2041,pos,0 days 00:37:04.131000,0 days 01:35:19.643000
2024-07-07 14:40:16.911,OnTrack,-264,9447,2041,pos,0 days 00:37:04.370000,0 days 01:35:19.882000
2024-07-07 14:40:17.131,OnTrack,-316,9442,2041,pos,0 days 00:37:04.590000,0 days 01:35:20.102000
2024-07-07 14:40:17.351,OnTrack,-402,9451,2040,pos,0 days 00:37:04.810000,0 days 01:35:20.322000
2024-07-07 14:40:17.691,OnTrack,-449,9466,2040,pos,0 days 00:37:05.150000,0 days 01:35:20.662000
2024-07-07 14:40:17.951,OnTrack,-506,9496,2039,pos,0 days 00:37:05.410000,0 days 01:35:20.922000
2024-07-07 14:40:18.152,OnTrack,-547,9524,2038,pos,0 days 00:37:05.611000,0 days 01:35:21.123000
2024-07-07 14:40:18.392,OnTrack,-614,9586,2037,pos,0 days 00:37:05.851000,0 days 01:35:21.363000
2024-07-07 14:40:18.751,OnTrack,-651,9633,2036,pos,0 days 00:37:06.210000,0 days 01:35:21.722000
2024-07-07 14:40:18.992,OnTrack,-686,9689,2035,pos,0 days 00:37:06.451000,0 days 01:35:21.963000
2024-07-07 14:40:19.172,OnTrack,-708,9733,2034,pos,0 days 00:37:06.631000,0 days 01:35:22.143000
2024-07-07 14:40:19.412,OnTrack,-733,9795,2033,pos,0 days 00:37:06.871000,0 days 01:35:22.383000
2024-07-07 14:40:19.692,OnTrack,-762,9907,2032,pos,0 days 00:37:07.151000,0 days 01:35:22.663000
2024-07-07 14:40:20.092,OnTrack,-773,9991,2032,pos,0 days 00:37:07.551000,0 days 01:35:23.063000
2024-07-07 14:40:20.252,OnTrack,-775,10041,2032,pos,0 days 00:37:07.711000,0 days 01:35:23.223000
2024-07-07 14:40:20.432,OnTrack,-774,10100,2031,pos,0 days 00:37:07.891000,0 days 01:35:23.403000
2024-07-07 14:40:20.672,OnTrack,-769,10181,2031,pos,0 days 00:37:08.131000,0 days 01:35:23.643000
2024-07-07 14:40:20.852,OnTrack,-761,10240,2031,pos,0 days 00:37:08.311000,0 days 01:35:23.823000
2024-07-07 14:40:21.152,OnTrack,-740,10352,2030,pos,0 days 00:37:08.611000,0 days 01:35:24.123000
2024-07-07 14:40:21.312,OnTrack,-727,10407,2029,pos,0 days 00:37:08.771000,0 days 01:35:24.283000
2024-07-07 14:40:21.652,OnTrack,-688,10533,2028,pos,0 days 00:37:09.111000,0 days 01:35:24.623000
2024-07-07 14:40:21.873,OnTrack,-654,10622,2026,pos,0 days 00:37:09.332000,0 days 01:35:24.844000
2024-07-07 14:40:22.032,OnTrack,-627,10688,2025,pos,0 days 00:37:09.491000,0 days 01:35:25.003000
2024-07-07 14:40:22.192,OnTrack,-600,10751,2024,pos,0 days 00:37:09.651000,0 days 01:35:25.163000
2024-07-07 14:40:22.432,OnTrack,-550,10857,2023,pos,0 days 00:37:09.891000,0 days 01:35:25.403000
2024-07-07 14:40:22.692,OnTrack,-470,11011,2022,pos,0 days 00:37:10.151000,0 days 01:35:25.663000
2024-07-07 14:40:22.992,OnTrack,-416,11111,2021,pos,0 days 00:37:10.451000,0 days 01:35:25.963000
2024-07-07 14:40:23.272,OnTrack,-335,11252,2021,pos,0 days 00:37:10.731000,0 days 01:35:26.243000
2024-07-07 14:40:23.451,OnTrack,-280,11340,2021,pos,0 days 00:37:10.910000,0 days 01:35:26.422000
2024-07-07 14:40:23.631,OnTrack,-178,11487,2020,pos,0 days 00:37:11.090000,0 days 01:35:26.602000
2024-07-07 14:40:23.951,OnTrack,-103,11585,2021,pos,0 days 00:37:11.410000,0 days 01:35:26.922000
2024-07-07 14:40:24.352,OnTrack,78,11796,2022,pos,0 days 00:37:11.811000,0 days 01:35:27.323000
2024-07-07 14:40:24.632,OnTrack,189,11907,2023,pos,0 days 00:37:12.091000,0 days 01:35:27.603000
2024-07-07 14:40:24.912,OnTrack,386,12088,2024,pos,0 days 00:37:12.371000,0 days 01:35:27.883000
2024-07-07 14:40:25.212,OnTrack,481,12165,2024,pos,0 days 00:37:12.671000,0 days 01:35:28.183000
2024-07-07 14:40:26.411,OnTrack,1224,12569,2025,pos,0 days 00:37:13.870000,0 days 01:35:29.382000
2024-07-07 14:40:26.572,OnTrack,1328,12605,2025,pos,0 days 00:37:14.031000,0 days 01:35:29.543000
2024-07-07 14:40:26.812,OnTrack,1504,12657,2025,pos,0 days 00:37:14.271000,0 days 01:35:29.783000
2024-07-07 14:40:27.012,OnTrack,1648,12694,2026,pos,0 days 00:37:14.471000,0 days 01:35:29.983000
2024-07-07 14:40:27.212,OnTrack,1795,12725,2026,pos,0 days 00:37:14.671000,0 days 01:35:30.183000
2024-07-07 14:40:27.512,OnTrack,2018,12763,2028,pos,0 days 00:37:14.971000,0 days 01:35:30.483000
2024-07-07 14:40:27.692,OnTrack,2245,12793,2029,pos,0 days 00:37:15.151000,0 days 01:35:30.663000
2024-07-07 14:40:28.032,OnTrack,2413,12812,2030,pos,0 days 00:37:15.491000,0 days 01:35:31.003000
2024-07-07 14:40:28.212,OnTrack,2552,12827,2032,pos,0 days 00:37:15.671000,0 days 01:35:31.183000
2024-07-07 14:40:28.472,OnTrack,2753,12848,2033,pos,0 days 00:37:15.931000,0 days 01:35:31.443000
2024-07-07 14:40:28.653,OnTrack,2894,12862,2035,pos,0 days 00:37:16.112000,0 days 01:35:31.624000
2024-07-07 14:40:28.971,OnTrack,3145,12888,2037,pos,0 days 00:37:16.430000,0 days 01:35:31.942000
2024-07-07 14:40:29.192,OnTrack,3350,12910,2039,pos,0 days 00:37:16.651000,0 days 01:35:32.163000
2024-07-07 14:40:29.431,OnTrack,3509,12927,2040,pos,0 days 00:37:16.890000,0 days 01:35:32.402000
2024-07-07 14:40:29.711,OnTrack,3732,12952,2039,pos,0 days 00:37:17.170000,0 days 01:35:32.682000
2024-07-07 14:40:29.891,OnTrack,3876,12968,2042,pos,0 days 00:37:17.350000,0 days 01:35:32.862000
2024-07-07 14:40:30.171,OnTrack,4182,13005,2044,pos,0 days 00:37:17.630000,0 days 01:35:33.142000
2024-07-07 14:40:30.451,OnTrack,4327,13024,2045,pos,0 days 00:37:17.910000,0 days 01:35:33.422000
2024-07-07 14:40:30.832,OnTrack,4669,13069,2047,pos,0 days 00:37:18.291000,0 days 01:35:33.803000
2024-07-07 14:40:31.232,OnTrack,4901,13095,2048,pos,0 days 00:37:18.691000,0 days 01:35:34.203000
2024-07-07 14:40:31.412,OnTrack,5058,13109,2049,pos,0 days 00:37:18.871000,0 days 01:35:34.383000
2024-07-07 14:40:31.752,OnTrack,5210,13114,2049,pos,0 days 00:37:19.211000,0 days 01:35:34.723000
2024-07-07 14:40:32.072,OnTrack,5467,13090,2050,pos,0 days 00:37:19.531000,0 days 01:35:35.043000
2024-07-07 14:40:32.352,OnTrack,5543,13074,2051,pos,0 days 00:37:19.811000,0 days 01:35:35.323000
2024-07-07 14:40:32.712,OnTrack,5726,13018,2052,pos,0 days 00:37:20.171000,0 days 01:35:35.683000
2024-07-07 14:40:32.772,OnTrack,5755,13006,2052,pos,0 days 00:37:20.231000,0 days 01:35:35.743000
2024-07-07 14:40:32.992,OnTrack,5859,12958,2053,pos,0 days 00:37:20.451000,0 days 01:35:35.963000
2024-07-07 14:40:33.192,OnTrack,5949,12906,2053,pos,0 days 00:37:20.651000,0 days 01:35:36.163000
2024-07-07 14:40:33.412,OnTrack,6045,12842,2054,pos,0 days 00:37:20.871000,0 days 01:35:36.383000
2024-07-07 14:40:33.672,OnTrack,6148,12761,2055,pos,0 days 00:37:21.131000,0 days 01:35:36.643000
2024-07-07 14:40:33.872,OnTrack,6228,12686,2055,pos,0 days 00:37:21.331000,0 days 01:35:36.843000
2024-07-07 14:40:34.152,OnTrack,6358,12531,2056,pos,0 days 00:37:21.611000,0 days 01:35:37.123000
2024-07-07 14:40:34.432,OnTrack,6411,12447,2056,pos,0 days 00:37:21.891000,0 days 01:35:37.403000
2024-07-07 14:40:34.712,OnTrack,6485,12308,2057,pos,0 days 00:37:22.171000,0 days 01:35:37.683000
2024-07-07 14:40:34.893,OnTrack,6555,12149,2058,pos,0 days 00:37:22.352000,0 days 01:35:37.864000
2024-07-07 14:40:35.292,OnTrack,6611,11993,2059,pos,0 days 00:37:22.751000,0 days 01:35:38.263000
2024-07-07 14:40:35.511,OnTrack,6651,11867,2060,pos,0 days 00:37:22.970000,0 days 01:35:38.482000
2024-07-07 14:40:35.732,OnTrack,6687,11739,2061,pos,0 days 00:37:23.191000,0 days 01:35:38.703000
2024-07-07 14:40:35.891,OnTrack,6712,11644,2062,pos,0 days 00:37:23.350000,0 days 01:35:38.862000
2024-07-07 14:40:36.052,OnTrack,6736,11550,2062,pos,0 days 00:37:23.511000,0 days 01:35:39.023000
2024-07-07 14:40:36.292,OnTrack,6770,11406,2064,pos,0 days 00:37:23.751000,0 days 01:35:39.263000
2024-07-07 14:40:36.572,OnTrack,6807,11234,2065,pos,0 days 00:37:24.031000,0 days 01:35:39.543000
2024-07-07 14:40:36.731,OnTrack,6827,11133,2066,pos,0 days 00:37:24.190000,0 days 01:35:39.702000
2024-07-07 14:40:36.931,OnTrack,6850,11006,2067,pos,0 days 00:37:24.390000,0 days 01:35:39.902000
2024-07-07 14:40:37.192,OnTrack,6889,10758,2069,pos,0 days 00:37:24.651000,0 days 01:35:40.163000
2024-07-07 14:40:37.551,OnTrack,6910,10599,2070,pos,0 days 00:37:25.010000,0 days 01:35:40.522000
2024-07-07 14:40:37.732,OnTrack,6924,10480,2071,pos,0 days 00:37:25.191000,0 days 01:35:40.703000
2024-07-07 14:40:37.912,OnTrack,6936,10359,2072,pos,0 days 00:37:25.371000,0 days 01:35:40.883000
2024-07-07 14:40:38.292,OnTrack,6960,10077,2074,pos,0 days 00:37:25.751000,0 days 01:35:41.263000
2024-07-07 14:40:38.671,OnTrack,6977,9753,2075,pos,0 days 00:37:26.130000,0 days 01:35:41.642000
2024-07-07 14:40:38.992,OnTrack,6979,9631,2075,pos,0 days 00:37:26.451000,0 days 01:35:41.963000
2024-07-07 14:40:39.172,OnTrack,6982,9507,2075,pos,0 days 00:37:26.631000,0 days 01:35:42.143000
2024-07-07 14:40:39.412,OnTrack,6986,9341,2074,pos,0 days 00:37:26.871000,0 days 01:35:42.383000
2024-07-07 14:40:39.572,OnTrack,6990,9229,2074,pos,0 days 00:37:27.031000,0 days 01:35:42.543000
2024-07-07 14:40:39.771,OnTrack,6996,9088,2073,pos,0 days 00:37:27.230000,0 days 01:35:42.742000
2024-07-07 14:40:40.072,OnTrack,7013,8875,2072,pos,0 days 00:37:27.531000,0 days 01:35:43.043000
2024-07-07 14:40:40.352,OnTrack,7056,8584,2070,pos,0 days 00:37:27.811000,0 days 01:35:43.323000
2024-07-07 14:40:40.632,OnTrack,7080,8467,2070,pos,0 days 00:37:28.091000,0 days 01:35:43.603000
2024-07-07 14:40:40.832,OnTrack,7114,8321,2069,pos,0 days 00:37:28.291000,0 days 01:35:43.803000
2024-07-07 14:40:41.092,OnTrack,7164,8133,2067,pos,0 days 00:37:28.551000,0 days 01:35:44.063000
2024-07-07 14:40:41.372,OnTrack,7254,7859,2064,pos,0 days 00:37:28.831000,0 days 01:35:44.343000
2024-07-07 14:40:41.832,OnTrack,7351,7610,2060,pos,0 days 00:37:29.291000,0 days 01:35:44.803000
2024-07-07 14:40:42.091,OnTrack,7402,7483,2060,pos,0 days 00:37:29.550000,0 days 01:35:45.062000
2024-07-07 14:40:42.391,OnTrack,7465,7311,2059,pos,0 days 00:37:29.850000,0 days 01:35:45.362000
2024-07-07 14:40:42.671,OnTrack,7522,7088,2058,pos,0 days 00:37:30.130000,0 days 01:35:45.642000
2024-07-07 14:40:42.971,OnTrack,7535,6988,2058,pos,0 days 00:37:30.430000,0 days 01:35:45.942000
2024-07-07 14:40:43.171,OnTrack,7537,6878,2058,pos,0 days 00:37:30.630000,0 days 01:35:46.142000
2024-07-07 14:40:43.332,OnTrack,7531,6788,2058,pos,0 days 00:37:30.791000,0 days 01:35:46.303000
2024-07-07 14:40:43.511,OnTrack,7518,6686,2058,pos,0 days 00:37:30.970000,0 days 01:35:46.482000
2024-07-07 14:40:43.851,OnTrack,7484,6501,2059,pos,0 days 00:37:31.310000,0 days 01:35:46.822000
2024-07-07 14:40:44.031,OnTrack,7459,6394,2060,pos,0 days 00:37:31.490000,0 days 01:35:47.002000
2024-07-07 14:40:44.212,OnTrack,7434,6293,2061,pos,0 days 00:37:31.671000,0 days 01:35:47.183000
2024-07-07 14:40:44.391,OnTrack,7407,6189,2061,pos,0 days 00:37:31.850000,0 days 01:35:47.362000
2024-07-07 14:40:44.732,OnTrack,7350,5931,2063,pos,0 days 00:37:32.191000,0 days 01:35:47.703000
2024-07-07 14:40:45.032,OnTrack,7334,5827,2063,pos,0 days 00:37:32.491000,0 days 01:35:48.003000
2024-07-07 14:40:45.191,OnTrack,7324,5740,2063,pos,0 days 00:37:32.650000,0 days 01:35:48.162000
2024-07-07 14:40:45.512,OnTrack,7320,5530,2062,pos,0 days 00:37:32.971000,0 days 01:35:48.483000
2024-07-07 14:40:45.932,OnTrack,7348,5360,2062,pos,0 days 00:37:33.391000,0 days 01:35:48.903000
2024-07-07 14:40:46.132,OnTrack,7379,5263,2061,pos,0 days 00:37:33.591000,0 days 01:35:49.103000
2024-07-07 14:40:46.311,OnTrack,7413,5180,2060,pos,0 days 00:37:33.770000,0 days 01:35:49.282000
2024-07-07 14:40:46.552,OnTrack,7467,5072,2059,pos,0 days 00:37:34.011000,0 days 01:35:49.523000
2024-07-07 14:40:46.752,OnTrack,7532,4958,2057,pos,0 days 00:37:34.211000,0 days 01:35:49.723000
2024-07-07 14:40:47.212,OnTrack,7647,4764,2054,pos,0 days 00:37:34.671000,0 days 01:35:50.183000
2024-07-07 14:40:47.612,OnTrack,7719,4619,2052,pos,0 days 00:37:35.071000,0 days 01:35:50.583000
2024-07-07 14:40:47.812,OnTrack,7759,4502,2050,pos,0 days 00:37:35.271000,0 days 01:35:50.783000
2024-07-07 14:40:48.192,OnTrack,7784,4376,2049,pos,0 days 00:37:35.651000,0 days 01:35:51.163000
2024-07-07 14:40:48.372,OnTrack,7786,4243,2046,pos,0 days 00:37:35.831000,0 days 01:35:51.343000
2024-07-07 14:40:48.851,OnTrack,7757,4075,2044,pos,0 days 00:37:36.310000,0 days 01:35:51.822000
2024-07-07 14:40:49.231,OnTrack,7704,3925,2041,pos,0 days 00:37:36.690000,0 days 01:35:52.202000
2024-07-07 14:40:49.551,OnTrack,7666,3845,2040,pos,0 days 00:37:37.010000,0 days 01:35:52.522000
2024-07-07 14:40:49.872,OnTrack,7576,3698,2039,pos,0 days 00:37:37.331000,0 days 01:35:52.843000
2024-07-07 14:40:50.132,OnTrack,7534,3645,2038,pos,0 days 00:37:37.591000,0 days 01:35:53.103000
2024-07-07 14:40:50.492,OnTrack,7424,3536,2036,pos,0 days 00:37:37.951000,0 days 01:35:53.463000
2024-07-07 14:40:50.692,OnTrack,7328,3467,2034,pos,0 days 00:37:38.151000,0 days 01:35:53.663000
2024-07-07 14:40:51.072,OnTrack,7194,3388,2033,pos,0 days 00:37:38.531000,0 days 01:35:54.043000
2024-07-07 14:40:51.252,OnTrack,7115,3347,2032,pos,0 days 00:37:38.711000,0 days 01:35:54.223000
2024-07-07 14:40:51.431,OnTrack,7032,3303,2031,pos,0 days 00:37:38.890000,0 days 01:35:54.402000
2024-07-07 14:40:51.711,OnTrack,6903,3225,2030,pos,0 days 00:37:39.170000,0 days 01:35:54.682000
2024-07-07 14:40:51.932,OnTrack,6807,3149,2028,pos,0 days 00:37:39.391000,0 days 01:35:54.903000
2024-07-07 14:40:52.132,OnTrack,6721,3069,2028,pos,0 days 00:37:39.591000,0 days 01:35:55.103000
2024-07-07 14:40:52.291,OnTrack,6653,3000,2028,pos,0 days 00:37:39.750000,0 days 01:35:55.262000
2024-07-07 14:40:52.551,OnTrack,6545,2883,2027,pos,0 days 00:37:40.010000,0 days 01:35:55.522000
2024-07-07 14:40:52.712,OnTrack,6480,2808,2027,pos,0 days 00:37:40.171000,0 days 01:35:55.683000
2024-07-07 14:40:52.912,OnTrack,6368,2660,2027,pos,0 days 00:37:40.371000,0 days 01:35:55.883000
2024-07-07 14:40:53.312,OnTrack,6226,2434,2026,pos,0 days 00:37:40.771000,0 days 01:35:56.283000
2024-07-07 14:40:53.752,OnTrack,6076,2156,2025,pos,0 days 00:37:41.211000,0 days 01:35:56.723000
2024-07-07 14:40:54.112,OnTrack,6008,2019,2025,pos,0 days 00:37:41.571000,0 days 01:35:57.083000
2024-07-07 14:40:54.372,OnTrack,5927,1854,2024,pos,0 days 00:37:41.831000,0 days 01:35:57.343000
2024-07-07 14:40:54.572,OnTrack,5864,1725,2024,pos,0 days 00:37:42.031000,0 days 01:35:57.543000
2024-07-07 14:40:54.812,OnTrack,5788,1568,2023,pos,0 days 00:37:42.271000,0 days 01:35:57.783000
2024-07-07 14:40:55.033,OnTrack,5718,1423,2022,pos,0 days 00:37:42.492000,0 days 01:35:58.004000
2024-07-07 14:40:55.152,OnTrack,5641,1262,2021,pos,0 days 00:37:42.611000,0 days 01:35:58.123000
2024-07-07 14:40:55.592,OnTrack,5538,1046,2020,pos,0 days 00:37:43.051000,0 days 01:35:58.563000
2024-07-07 14:40:55.811,OnTrack,5466,895,2019,pos,0 days 00:37:43.270000,0 days 01:35:58.782000
2024-07-07 14:40:56.051,OnTrack,5364,681,2017,pos,0 days 00:37:43.510000,0 days 01:35:59.022000
2024-07-07 14:40:56.351,OnTrack,5287,521,2016,pos,0 days 00:37:43.810000,0 days 01:35:59.322000
2024-07-07 14:40:56.511,OnTrack,5233,409,2015,pos,0 days 00:37:43.970000,0 days 01:35:59.482000
2024-07-07 14:40:56.752,OnTrack,5154,247,2014,pos,0 days 00:37:44.211000,0 days 01:35:59.723000
2024-07-07 14:40:56.972,OnTrack,5075,85,2012,pos,0 days 00:37:44.431000,0 days 01:35:59.943000
2024-07-07 14:40:57.171,OnTrack,5007,-56,2012,pos,0 days 00:37:44.630000,0 days 01:36:00.142000
2024-07-07 14:40:57.312,OnTrack,4959,-156,2011,pos,0 days 00:37:44.771000,0 days 01:36:00.283000
2024-07-07 14:40:57.691,OnTrack,4827,-430,2009,pos,0 days 00:37:45.150000,0 days 01:36:00.662000
2024-07-07 14:40:57.852,OnTrack,4751,-589,2008,pos,0 days 00:37:45.311000,0 days 01:36:00.823000
2024-07-07 14:40:58.152,OnTrack,4668,-760,2008,pos,0 days 00:37:45.611000,0 days 01:36:01.123000
2024-07-07 14:40:58.511,OnTrack,4544,-1016,2006,pos,0 days 00:37:45.970000,0 days 01:36:01.482000
2024-07-07 14:40:58.732,OnTrack,4473,-1162,2004,pos,0 days 00:37:46.191000,0 days 01:36:01.703000
2024-07-07 14:40:58.972,OnTrack,4387,-1338,2002,pos,0 days 00:37:46.431000,0 days 01:36:01.943000
2024-07-07 14:40:59.152,OnTrack,4322,-1470,2001,pos,0 days 00:37:46.611000,0 days 01:36:02.123000
2024-07-07 14:40:59.452,OnTrack,4213,-1690,1998,pos,0 days 00:37:46.911000,0 days 01:36:02.423000
2024-07-07 14:40:59.651,OnTrack,4140,-1837,1996,pos,0 days 00:37:47.110000,0 days 01:36:02.622000
2024-07-07 14:40:59.932,OnTrack,4036,-2043,1994,pos,0 days 00:37:47.391000,0 days 01:36:02.903000
2024-07-07 14:41:00.092,OnTrack,3938,-2234,1994,pos,0 days 00:37:47.551000,0 days 01:36:03.063000
2024-07-07 14:41:00.372,OnTrack,3876,-2353,1994,pos,0 days 00:37:47.831000,0 days 01:36:03.343000
2024-07-07 14:41:00.772,OnTrack,3714,-2662,1996,pos,0 days 00:37:48.231000,0 days 01:36:03.743000
2024-07-07 14:41:00.932,OnTrack,3652,-2779,1997,pos,0 days 00:37:48.391000,0 days 01:36:03.903000
2024-07-07 14:41:01.152,OnTrack,3564,-2938,1999,pos,0 days 00:37:48.611000,0 days 01:36:04.123000
2024-07-07 14:41:01.372,OnTrack,3479,-3090,2002,pos,0 days 00:37:48.831000,0 days 01:36:04.343000
2024-07-07 14:41:01.552,OnTrack,3412,-3203,2005,pos,0 days 00:37:49.011000,0 days 01:36:04.523000
2024-07-07 14:41:01.732,OnTrack,3348,-3309,2007,pos,0 days 00:37:49.191000,0 days 01:36:04.703000
2024-07-07 14:41:01.892,OnTrack,3292,-3397,2009,pos,0 days 00:37:49.351000,0 days 01:36:04.863000
2024-07-07 14:41:02.132,OnTrack,3209,-3516,2012,pos,0 days 00:37:49.591000,0 days 01:36:05.103000
2024-07-07 14:41:02.392,OnTrack,3118,-3633,2015,pos,0 days 00:37:49.851000,0 days 01:36:05.363000
2024-07-07 14:41:02.551,OnTrack,3030,-3734,2017,pos,0 days 00:37:50.010000,0 days 01:36:05.522000
2024-07-07 14:41:02.811,OnTrack,2969,-3796,2018,pos,0 days 00:37:50.270000,0 days 01:36:05.782000
2024-07-07 14:41:03.191,OnTrack,2829,-3913,2021,pos,0 days 00:37:50.650000,0 days 01:36:06.162000
2024-07-07 14:41:03.371,OnTrack,2758,-3959,2023,pos,0 days 00:37:50.830000,0 days 01:36:06.342000
2024-07-07 14:41:03.492,OnTrack,2710,-3987,2024,pos,0 days 00:37:50.951000,0 days 01:36:06.463000
2024-07-07 14:41:03.671,OnTrack,2637,-4023,2025,pos,0 days 00:37:51.130000,0 days 01:36:06.642000
2024-07-07 14:41:03.891,OnTrack,2547,-4061,2026,pos,0 days 00:37:51.350000,0 days 01:36:06.862000
2024-07-07 14:41:04.072,OnTrack,2498,-4076,2028,pos,0 days 00:37:51.531000,0 days 01:36:07.043000
2024-07-07 14:41:04.432,OnTrack,2345,-4109,2030,pos,0 days 00:37:51.891000,0 days 01:36:07.403000
2024-07-07 14:41:04.551,OnTrack,2293,-4114,2030,pos,0 days 00:37:52.010000,0 days 01:36:07.522000
2024-07-07 14:41:04.832,OnTrack,2170,-4112,2032,pos,0 days 00:37:52.291000,0 days 01:36:07.803000
2024-07-07 14:41:05.051,OnTrack,2073,-4098,2032,pos,0 days 00:37:52.510000,0 days 01:36:08.022000
2024-07-07 14:41:05.232,OnTrack,1977,-4075,2033,pos,0 days 00:37:52.691000,0 days 01:36:08.203000
2024-07-07 14:41:05.572,OnTrack,1849,-4027,2033,pos,0 days 00:37:53.031000,0 days 01:36:08.543000
2024-07-07 14:41:05.792,OnTrack,1759,-3981,2033,pos,0 days 00:37:53.251000,0 days 01:36:08.763000
2024-07-07 14:41:05.972,OnTrack,1687,-3935,2033,pos,0 days 00:37:53.431000,0 days 01:36:08.943000
2024-07-07 14:41:06.171,OnTrack,1611,-3877,2032,pos,0 days 00:37:53.630000,0 days 01:36:09.142000
2024-07-07 14:41:06.392,OnTrack,1532,-3805,2031,pos,0 days 00:37:53.851000,0 days 01:36:09.363000
2024-07-07 14:41:06.592,OnTrack,1462,-3732,2030,pos,0 days 00:37:54.051000,0 days 01:36:09.563000
2024-07-07 14:41:06.872,OnTrack,1372,-3620,2029,pos,0 days 00:37:54.331000,0 days 01:36:09.843000
2024-07-07 14:41:07.092,OnTrack,1289,-3495,2027,pos,0 days 00:37:54.551000,0 days 01:36:10.063000
2024-07-07 14:41:07.312,OnTrack,1245,-3419,2025,pos,0 days 00:37:54.771000,0 days 01:36:10.283000
2024-07-07 14:41:07.573,OnTrack,1175,-3289,2021,pos,0 days 00:37:55.032000,0 days 01:36:10.544000
2024-07-07 14:41:07.833,OnTrack,1103,-3154,2016,pos,0 days 00:37:55.292000,0 days 01:36:10.804000
2024-07-07 14:41:08.032,OnTrack,1045,-3049,2013,pos,0 days 00:37:55.491000,0 days 01:36:11.003000
2024-07-07 14:41:08.252,OnTrack,980,-2938,2008,pos,0 days 00:37:55.711000,0 days 01:36:11.223000
2024-07-07 14:41:08.413,OnTrack,926,-2853,2003,pos,0 days 00:37:55.872000,0 days 01:36:11.384000
2024-07-07 14:41:08.591,OnTrack,857,-2753,1998,pos,0 days 00:37:56.050000,0 days 01:36:11.562000
2024-07-07 14:41:08.891,OnTrack,741,-2593,1991,pos,0 days 00:37:56.350000,0 days 01:36:11.862000
2024-07-07 14:41:09.111,OnTrack,597,-2398,1986,pos,0 days 00:37:56.570000,0 days 01:36:12.082000
2024-07-07 14:41:09.472,OnTrack,507,-2277,1984,pos,0 days 00:37:56.931000,0 days 01:36:12.443000
2024-07-07 14:41:09.591,OnTrack,452,-2203,1984,pos,0 days 00:37:57.050000,0 days 01:36:12.562000
2024-07-07 14:41:09.792,OnTrack,352,-2070,1985,pos,0 days 00:37:57.251000,0 days 01:36:12.763000
2024-07-07 14:41:10.132,OnTrack,208,-1886,1986,pos,0 days 00:37:57.591000,0 days 01:36:13.103000
2024-07-07 14:41:10.312,OnTrack,84,-1737,1987,pos,0 days 00:37:57.771000,0 days 01:36:13.283000
2024-07-07 14:41:10.771,OnTrack,-85,-1543,1986,pos,0 days 00:37:58.230000,0 days 01:36:13.742000
2024-07-07 14:41:11.112,OnTrack,-175,-1442,1984,pos,0 days 00:37:58.571000,0 days 01:36:14.083000
2024-07-07 14:41:11.372,OnTrack,-254,-1354,1983,pos,0 days 00:37:58.831000,0 days 01:36:14.343000
2024-07-07 14:41:11.591,OnTrack,-321,-1278,1981,pos,0 days 00:37:59.050000,0 days 01:36:14.562000
2024-07-07 14:41:11.611,OnTrack,-326,-1272,1981,pos,0 days 00:37:59.070000,0 days 01:36:14.582000
2024-07-07 14:41:11.932,OnTrack,-411,-1178,1979,pos,0 days 00:37:59.391000,0 days 01:36:14.903000
2024-07-07 14:41:12.112,OnTrack,-456,-1130,1978,pos,0 days 00:37:59.571000,0 days 01:36:15.083000
2024-07-07 14:41:12.372,OnTrack,-519,-1070,1977,pos,0 days 00:37:59.831000,0 days 01:36:15.343000
2024-07-07 14:41:12.512,OnTrack,-553,-1041,1977,pos,0 days 00:37:59.971000,0 days 01:36:15.483000
2024-07-07 14:41:12.852,OnTrack,-667,-968,1975,pos,0 days 00:38:00.311000,0 days 01:36:15.823000
2024-07-07 14:41:13.112,OnTrack,-702,-951,1975,pos,0 days 00:38:00.571000,0 days 01:36:16.083000
2024-07-07 14:41:13.292,OnTrack,-746,-934,1976,pos,0 days 00:38:00.751000,0 days 01:36:16.263000
2024-07-07 14:41:13.472,OnTrack,-790,-922,1976,pos,0 days 00:38:00.931000,0 days 01:36:16.443000
2024-07-07 14:41:13.712,OnTrack,-848,-915,1976,pos,0 days 00:38:01.171000,0 days 01:36:16.683000
2024-07-07 14:41:13.932,OnTrack,-903,-913,1976,pos,0 days 00:38:01.391000,0 days 01:36:16.903000
2024-07-07 14:41:14.152,OnTrack,-953,-916,1977,pos,0 days 00:38:01.611000,0 days 01:36:17.123000
2024-07-07 14:41:14.332,OnTrack,-993,-923,1977,pos,0 days 00:38:01.791000,0 days 01:36:17.303000
2024-07-07 14:41:14.492,OnTrack,-1027,-934,1978,pos,0 days 00:38:01.951000,0 days 01:36:17.463000
2024-07-07 14:41:14.872,OnTrack,-1128,-987,1979,pos,0 days 00:38:02.331000,0 days 01:36:17.843000
2024-07-07 14:41:15.212,OnTrack,-1171,-1019,1980,pos,0 days 00:38:02.671000,0 days 01:36:18.183000
2024-07-07 14:41:15.452,OnTrack,-1219,-1056,1980,pos,0 days 00:38:02.911000,0 days 01:36:18.423000
2024-07-07 14:41:15.631,OnTrack,-1256,-1085,1981,pos,0 days 00:38:03.090000,0 days 01:36:18.602000
2024-07-07 14:41:15.851,OnTrack,-1302,-1115,1981,pos,0 days 00:38:03.310000,0 days 01:36:18.822000
2024-07-07 14:41:16.012,OnTrack,-1340,-1136,1981,pos,0 days 00:38:03.471000,0 days 01:36:18.983000
2024-07-07 14:41:16.251,OnTrack,-1394,-1158,1981,pos,0 days 00:38:03.710000,0 days 01:36:19.222000
2024-07-07 14:41:16.471,OnTrack,-1445,-1169,1981,pos,0 days 00:38:03.930000,0 days 01:36:19.442000
2024-07-07 14:41:16.671,OnTrack,-1521,-1169,1981,pos,0 days 00:38:04.130000,0 days 01:36:19.642000
2024-07-07 14:41:17.011,OnTrack,-1575,-1160,1980,pos,0 days 00:38:04.470000,0 days 01:36:19.982000
2024-07-07 14:41:17.251,OnTrack,-1659,-1136,1979,pos,0 days 00:38:04.710000,0 days 01:36:20.222000
2024-07-07 14:41:17.672,OnTrack,-1734,-1105,1978,pos,0 days 00:38:05.131000,0 days 01:36:20.643000
2024-07-07 14:41:17.871,OnTrack,-1782,-1081,1978,pos,0 days 00:38:05.330000,0 days 01:36:20.842000
2024-07-07 14:41:18.032,OnTrack,-1817,-1059,1978,pos,0 days 00:38:05.491000,0 days 01:36:21.003000
2024-07-07 14:41:18.332,OnTrack,-1888,-1004,1977,pos,0 days 00:38:05.791000,0 days 01:36:21.303000
2024-07-07 14:41:18.532,OnTrack,-1930,-964,1976,pos,0 days 00:38:05.991000,0 days 01:36:21.503000
2024-07-07 14:41:18.772,OnTrack,-1991,-892,1976,pos,0 days 00:38:06.231000,0 days 01:36:21.743000
2024-07-07 14:41:19.012,OnTrack,-2033,-840,1975,pos,0 days 00:38:06.471000,0 days 01:36:21.983000
2024-07-07 14:41:19.212,OnTrack,-2077,-785,1975,pos,0 days 00:38:06.671000,0 days 01:36:22.183000
2024-07-07 14:41:19.432,OnTrack,-2123,-720,1974,pos,0 days 00:38:06.891000,0 days 01:36:22.403000
2024-07-07 14:41:19.772,OnTrack,-2216,-539,1974,pos,0 days 00:38:07.231000,0 days 01:36:22.743000
2024-07-07 14:41:20.112,OnTrack,-2265,-394,1972,pos,0 days 00:38:07.571000,0 days 01:36:23.083000
2024-07-07 14:41:20.552,OnTrack,-2294,-260,1970,pos,0 days 00:38:08.011000,0 days 01:36:23.523000
2024-07-07 14:41:20.692,OnTrack,-2303,-199,1969,pos,0 days 00:38:08.151000,0 days 01:36:23.663000
2024-07-07 14:41:20.952,OnTrack,-2314,-27,1968,pos,0 days 00:38:08.411000,0 days 01:36:23.923000
2024-07-07 14:41:21.433,OnTrack,-2304,139,1966,pos,0 days 00:38:08.892000,0 days 01:36:24.404000
2024-07-07 14:41:21.592,OnTrack,-2293,215,1965,pos,0 days 00:38:09.051000,0 days 01:36:24.563000
2024-07-07 14:41:21.752,OnTrack,-2279,290,1964,pos,0 days 00:38:09.211000,0 days 01:36:24.723000
2024-07-07 14:41:21.972,OnTrack,-2251,394,1963,pos,0 days 00:38:09.431000,0 days 01:36:24.943000
2024-07-07 14:41:22.252,OnTrack,-2201,528,1963,pos,0 days 00:38:09.711000,0 days 01:36:25.223000
2024-07-07 14:41:22.431,OnTrack,-2159,612,1962,pos,0 days 00:38:09.890000,0 days 01:36:25.402000
2024-07-07 14:41:22.511,OnTrack,-2139,650,1962,pos,0 days 00:38:09.970000,0 days 01:36:25.482000
2024-07-07 14:41:22.852,OnTrack,-2048,804,1962,pos,0 days 00:38:10.311000,0 days 01:36:25.823000
2024-07-07 14:41:23.072,OnTrack,-1972,913,1962,pos,0 days 00:38:10.531000,0 days 01:36:26.043000
2024-07-07 14:41:23.271,OnTrack,-1904,1008,1963,pos,0 days 00:38:10.730000,0 days 01:36:26.242000
2024-07-07 14:41:23.432,OnTrack,-1845,1089,1963,pos,0 days 00:38:10.891000,0 days 01:36:26.403000
2024-07-07 14:41:23.672,OnTrack,-1758,1207,1963,pos,0 days 00:38:11.131000,0 days 01:36:26.643000
2024-07-07 14:41:23.811,OnTrack,-1651,1348,1964,pos,0 days 00:38:11.270000,0 days 01:36:26.782000
2024-07-07 14:41:24.192,OnTrack,-1555,1469,1965,pos,0 days 00:38:11.651000,0 days 01:36:27.163000
2024-07-07 14:41:24.492,OnTrack,-1398,1667,1967,pos,0 days 00:38:11.951000,0 days 01:36:27.463000
2024-07-07 14:41:24.812,OnTrack,-1304,1792,1968,pos,0 days 00:38:12.271000,0 days 01:36:27.783000
2024-07-07 14:41:25.172,OnTrack,-1120,2046,1971,pos,0 days 00:38:12.631000,0 days 01:36:28.143000
2024-07-07 14:41:25.452,OnTrack,-1036,2161,1973,pos,0 days 00:38:12.911000,0 days 01:36:28.423000
2024-07-07 14:41:25.732,OnTrack,-918,2324,1976,pos,0 days 00:38:13.191000,0 days 01:36:28.703000
2024-07-07 14:41:25.852,OnTrack,-866,2394,1977,pos,0 days 00:38:13.311000,0 days 01:36:28.823000
2024-07-07 14:41:26.172,OnTrack,-728,2584,1980,pos,0 days 00:38:13.631000,0 days 01:36:29.143000
2024-07-07 14:41:26.392,OnTrack,-599,2766,1983,pos,0 days 00:38:13.851000,0 days 01:36:29.363000
2024-07-07 14:41:26.692,OnTrack,-506,2903,1985,pos,0 days 00:38:14.151000,0 days 01:36:29.663000
2024-07-07 14:41:26.852,OnTrack,-438,3004,1987,pos,0 days 00:38:14.311000,0 days 01:36:29.823000
2024-07-07 14:41:27.192,OnTrack,-264,3265,1992,pos,0 days 00:38:14.651000,0 days 01:36:30.163000
2024-07-07 14:41:27.512,OnTrack,-155,3425,1994,pos,0 days 00:38:14.971000,0 days 01:36:30.483000
2024-07-07 14:41:27.792,OnTrack,-29,3602,1997,pos,0 days 00:38:15.251000,0 days 01:36:30.763000
2024-07-07 14:41:27.952,OnTrack,42,3698,1999,pos,0 days 00:38:15.411000,0 days 01:36:30.923000
2024-07-07 14:41:28.252,OnTrack,164,3854,2002,pos,0 days 00:38:15.711000,0 days 01:36:31.223000
2024-07-07 14:41:28.431,OnTrack,289,4000,2006,pos,0 days 00:38:15.890000,0 days 01:36:31.402000
2024-07-07 14:41:28.771,OnTrack,372,4087,2009,pos,0 days 00:38:16.230000,0 days 01:36:31.742000
2024-07-07 14:41:29.092,OnTrack,522,4225,2011,pos,0 days 00:38:16.551000,0 days 01:36:32.063000
2024-07-07 14:41:29.412,OnTrack,635,4308,2012,pos,0 days 00:38:16.871000,0 days 01:36:32.383000
2024-07-07 14:41:29.612,OnTrack,722,4359,2012,pos,0 days 00:38:17.071000,0 days 01:36:32.583000
2024-07-07 14:41:29.892,OnTrack,902,4437,2014,pos,0 days 00:38:17.351000,0 days 01:36:32.863000
2024-07-07 14:41:30.232,OnTrack,1035,4476,2015,pos,0 days 00:38:17.691000,0 days 01:36:33.203000
2024-07-07 14:41:30.492,OnTrack,1173,4501,2016,pos,0 days 00:38:17.951000,0 days 01:36:33.463000
2024-07-07 14:41:30.692,OnTrack,1282,4513,2016,pos,0 days 00:38:18.151000,0 days 01:36:33.663000
2024-07-07 14:41:30.931,OnTrack,1500,4519,2019,pos,0 days 00:38:18.390000,0 days 01:36:33.902000
2024-07-07 14:41:31.292,OnTrack,1629,4515,2021,pos,0 days 00:38:18.751000,0 days 01:36:34.263000
2024-07-07 14:41:31.552,OnTrack,1835,4497,2024,pos,0 days 00:38:19.011000,0 days 01:36:34.523000
2024-07-07 14:41:31.972,OnTrack,2099,4461,2026,pos,0 days 00:38:19.431000,0 days 01:36:34.943000
2024-07-07 14:41:32.372,OnTrack,2333,4441,2028,pos,0 days 00:38:19.831000,0 days 01:36:35.343000
2024-07-07 14:41:32.712,OnTrack,2534,4440,2031,pos,0 days 00:38:20.171000,0 days 01:36:35.683000
2024-07-07 14:41:32.952,OnTrack,2694,4451,2033,pos,0 days 00:38:20.411000,0 days 01:36:35.923000
2024-07-07 14:41:33.232,OnTrack,2981,4514,2037,pos,0 days 00:38:20.691000,0 days 01:36:36.203000
2024-07-07 14:41:33.532,OnTrack,3099,4555,2039,pos,0 days 00:38:20.991000,0 days 01:36:36.503000
2024-07-07 14:41:33.852,OnTrack,3299,4652,2043,pos,0 days 00:38:21.311000,0 days 01:36:36.823000
2024-07-07 14:41:33.953,OnTrack,3360,4689,2044,pos,0 days 00:38:21.412000,0 days 01:36:36.924000
2024-07-07 14:41:34.132,OnTrack,3466,4761,2046,pos,0 days 00:38:21.591000,0 days 01:36:37.103000
2024-07-07 14:41:34.372,OnTrack,3602,4868,2048,pos,0 days 00:38:21.831000,0 days 01:36:37.343000
2024-07-07 14:41:34.572,OnTrack,3710,4965,2049,pos,0 days 00:38:22.031000,0 days 01:36:37.543000
2024-07-07 14:41:34.832,OnTrack,3845,5100,2050,pos,0 days 00:38:22.291000,0 days 01:36:37.803000
2024-07-07 14:41:35.072,OnTrack,3980,5235,2050,pos,0 days 00:38:22.531000,0 days 01:36:38.043000
2024-07-07 14:41:35.332,OnTrack,4094,5347,2051,pos,0 days 00:38:22.791000,0 days 01:36:38.303000
2024-07-07 14:41:35.632,OnTrack,4260,5500,2053,pos,0 days 00:38:23.091000,0 days 01:36:38.603000
2024-07-07 14:41:35.971,OnTrack,4348,5578,2053,pos,0 days 00:38:23.430000,0 days 01:36:38.942000
2024-07-07 14:41:36.311,OnTrack,4469,5679,2054,pos,0 days 00:38:23.770000,0 days 01:36:39.282000
2024-07-07 14:41:36.672,OnTrack,4616,5797,2055,pos,0 days 00:38:24.131000,0 days 01:36:39.643000
2024-07-07 14:41:37.052,OnTrack,4693,5845,2055,pos,0 days 00:38:24.511000,0 days 01:36:40.023000
2024-07-07 14:41:37.272,OnTrack,4757,5874,2054,pos,0 days 00:38:24.731000,0 days 01:36:40.243000
2024-07-07 14:41:37.512,OnTrack,4870,5898,2053,pos,0 days 00:38:24.971000,0 days 01:36:40.483000
2024-07-07 14:41:37.892,OnTrack,4940,5899,2053,pos,0 days 00:38:25.351000,0 days 01:36:40.863000
2024-07-07 14:41:38.172,OnTrack,5039,5884,2053,pos,0 days 00:38:25.631000,0 days 01:36:41.143000
2024-07-07 14:41:38.452,OnTrack,5089,5867,2054,pos,0 days 00:38:25.911000,0 days 01:36:41.423000
2024-07-07 14:41:38.712,OnTrack,5175,5818,2055,pos,0 days 00:38:26.171000,0 days 01:36:41.683000
2024-07-07 14:41:39.032,OnTrack,5212,5788,2056,pos,0 days 00:38:26.491000,0 days 01:36:42.003000
2024-07-07 14:41:39.352,OnTrack,5265,5732,2058,pos,0 days 00:38:26.811000,0 days 01:36:42.323000
2024-07-07 14:41:39.532,OnTrack,5290,5696,2058,pos,0 days 00:38:26.991000,0 days 01:36:42.503000
2024-07-07 14:41:39.732,OnTrack,5313,5655,2059,pos,0 days 00:38:27.191000,0 days 01:36:42.703000
2024-07-07 14:41:39.992,OnTrack,5349,5558,2059,pos,0 days 00:38:27.451000,0 days 01:36:42.963000
2024-07-07 14:41:40.332,OnTrack,5362,5508,2060,pos,0 days 00:38:27.791000,0 days 01:36:43.303000
2024-07-07 14:41:40.493,OnTrack,5371,5467,2060,pos,0 days 00:38:27.952000,0 days 01:36:43.464000
2024-07-07 14:41:40.793,OnTrack,5382,5387,2061,pos,0 days 00:38:28.252000,0 days 01:36:43.764000
2024-07-07 14:41:40.932,OnTrack,5386,5348,2061,pos,0 days 00:38:28.391000,0 days 01:36:43.903000
2024-07-07 14:41:41.313,OnTrack,5396,5237,2063,pos,0 days 00:38:28.772000,0 days 01:36:44.284000
2024-07-07 14:41:41.511,OnTrack,5410,5138,2065,pos,0 days 00:38:28.970000,0 days 01:36:44.482000
2024-07-07 14:41:41.771,OnTrack,5419,5096,2065,pos,0 days 00:38:29.230000,0 days 01:36:44.742000
2024-07-07 14:41:42.091,OnTrack,5449,5011,2066,pos,0 days 00:38:29.550000,0 days 01:36:45.062000
2024-07-07 14:41:42.351,OnTrack,5480,4949,2066,pos,0 days 00:38:29.810000,0 days 01:36:45.322000
2024-07-07 14:41:42.511,OnTrack,5518,4894,2066,pos,0 days 00:38:29.970000,0 days 01:36:45.482000
2024-07-07 14:41:42.831,OnTrack,5551,4856,2065,pos,0 days 00:38:30.290000,0 days 01:36:45.802000
2024-07-07 14:41:43.012,OnTrack,5580,4827,2065,pos,0 days 00:38:30.471000,0 days 01:36:45.983000
2024-07-07 14:41:43.332,OnTrack,5635,4783,2065,pos,0 days 00:38:30.791000,0 days 01:36:46.303000
2024-07-07 14:41:43.492,OnTrack,5664,4765,2064,pos,0 days 00:38:30.951000,0 days 01:36:46.463000
2024-07-07 14:41:43.752,OnTrack,5713,4742,2065,pos,0 days 00:38:31.211000,0 days 01:36:46.723000
2024-07-07 14:41:43.912,OnTrack,5743,4734,2064,pos,0 days 00:38:31.371000,0 days 01:36:46.883000
2024-07-07 14:41:44.192,OnTrack,5797,4732,2064,pos,0 days 00:38:31.651000,0 days 01:36:47.163000
2024-07-07 14:41:44.352,OnTrack,5827,4740,2064,pos,0 days 00:38:31.811000,0 days 01:36:47.323000
2024-07-07 14:41:44.572,OnTrack,5864,4756,2064,pos,0 days 00:38:32.031000,0 days 01:36:47.543000
2024-07-07 14:41:44.791,OnTrack,5902,4781,2063,pos,0 days 00:38:32.250000,0 days 01:36:47.762000
2024-07-07 14:41:44.952,OnTrack,5926,4800,2064,pos,0 days 00:38:32.411000,0 days 01:36:47.923000
2024-07-07 14:41:45.112,OnTrack,5950,4822,2064,pos,0 days 00:38:32.571000,0 days 01:36:48.083000
2024-07-07 14:41:45.392,OnTrack,5989,4862,2064,pos,0 days 00:38:32.851000,0 days 01:36:48.363000
2024-07-07 14:41:45.572,OnTrack,6013,4890,2064,pos,0 days 00:38:33.031000,0 days 01:36:48.543000
2024-07-07 14:41:45.752,OnTrack,6037,4920,2064,pos,0 days 00:38:33.211000,0 days 01:36:48.723000
2024-07-07 14:41:46.012,OnTrack,6070,4967,2065,pos,0 days 00:38:33.471000,0 days 01:36:48.983000
2024-07-07 14:41:46.252,OnTrack,6100,5016,2064,pos,0 days 00:38:33.711000,0 days 01:36:49.223000
2024-07-07 14:41:46.492,OnTrack,6142,5096,2065,pos,0 days 00:38:33.951000,0 days 01:36:49.463000
2024-07-07 14:41:46.772,OnTrack,6161,5138,2065,pos,0 days 00:38:34.231000,0 days 01:36:49.743000
2024-07-07 14:41:47.092,OnTrack,6196,5225,2065,pos,0 days 00:38:34.551000,0 days 01:36:50.063000
2024-07-07 14:41:47.313,OnTrack,6224,5310,2065,pos,0 days 00:38:34.772000,0 days 01:36:50.284000
2024-07-07 14:41:47.672,OnTrack,6253,5408,2065,pos,0 days 00:38:35.131000,0 days 01:36:50.643000
2024-07-07 14:41:47.873,OnTrack,6272,5479,2065,pos,0 days 00:38:35.332000,0 days 01:36:50.844000
2024-07-07 14:41:48.091,OnTrack,6291,5561,2065,pos,0 days 00:38:35.550000,0 days 01:36:51.062000
2024-07-07 14:41:48.211,OnTrack,6300,5608,2064,pos,0 days 00:38:35.670000,0 days 01:36:51.182000
2024-07-07 14:41:48.551,OnTrack,6330,5828,2064,pos,0 days 00:38:36.010000,0 days 01:36:51.522000
2024-07-07 14:41:48.932,OnTrack,6331,5965,2064,pos,0 days 00:38:36.391000,0 days 01:36:51.903000
2024-07-07 14:41:49.131,OnTrack,6322,6088,2064,pos,0 days 00:38:36.590000,0 days 01:36:52.102000
2024-07-07 14:41:49.472,OnTrack,6302,6226,2063,pos,0 days 00:38:36.931000,0 days 01:36:52.443000
2024-07-07 14:41:49.671,OnTrack,6279,6325,2063,pos,0 days 00:38:37.130000,0 days 01:36:52.642000
2024-07-07 14:41:49.951,OnTrack,6234,6465,2062,pos,0 days 00:38:37.410000,0 days 01:36:52.922000
2024-07-07 14:41:50.032,OnTrack,6218,6504,2062,pos,0 days 00:38:37.491000,0 days 01:36:53.003000
2024-07-07 14:41:50.211,OnTrack,6177,6594,2063,pos,0 days 00:38:37.670000,0 days 01:36:53.182000
2024-07-07 14:41:50.511,OnTrack,6095,6741,2063,pos,0 days 00:38:37.970000,0 days 01:36:53.482000
2024-07-07 14:41:50.791,OnTrack,5987,6894,2064,pos,0 days 00:38:38.250000,0 days 01:36:53.762000
2024-07-07 14:41:51.031,OnTrack,5910,6986,2064,pos,0 days 00:38:38.490000,0 days 01:36:54.002000
2024-07-07 14:41:51.392,OnTrack,5732,7158,2064,pos,0 days 00:38:38.851000,0 days 01:36:54.363000
2024-07-07 14:41:51.631,OnTrack,5639,7236,2064,pos,0 days 00:38:39.090000,0 days 01:36:54.602000
2024-07-07 14:41:51.871,OnTrack,5512,7336,2064,pos,0 days 00:38:39.330000,0 days 01:36:54.842000
2024-07-07 14:41:52.132,OnTrack,5376,7440,2064,pos,0 days 00:38:39.591000,0 days 01:36:55.103000
2024-07-07 14:41:52.392,OnTrack,5184,7591,2064,pos,0 days 00:38:39.851000,0 days 01:36:55.363000
2024-07-07 14:41:52.732,OnTrack,5056,7696,2064,pos,0 days 00:38:40.191000,0 days 01:36:55.703000
2024-07-07 14:41:53.052,OnTrack,4899,7829,2064,pos,0 days 00:38:40.511000,0 days 01:36:56.023000
2024-07-07 14:41:53.252,OnTrack,4726,7977,2064,pos,0 days 00:38:40.711000,0 days 01:36:56.223000
2024-07-07 14:41:53.592,OnTrack,4605,8080,2065,pos,0 days 00:38:41.051000,0 days 01:36:56.563000
2024-07-07 14:41:53.812,OnTrack,4483,8185,2064,pos,0 days 00:38:41.271000,0 days 01:36:56.783000
2024-07-07 14:41:53.952,OnTrack,4410,8247,2064,pos,0 days 00:38:41.411000,0 days 01:36:56.923000
2024-07-07 14:41:54.272,OnTrack,4190,8436,2064,pos,0 days 00:38:41.731000,0 days 01:36:57.243000
2024-07-07 14:41:54.512,OnTrack,4092,8520,2064,pos,0 days 00:38:41.971000,0 days 01:36:57.483000
2024-07-07 14:41:54.871,OnTrack,3879,8703,2063,pos,0 days 00:38:42.330000,0 days 01:36:57.842000
2024-07-07 14:41:55.071,OnTrack,3770,8799,2063,pos,0 days 00:38:42.530000,0 days 01:36:58.042000
2024-07-07 14:41:55.272,OnTrack,3648,8906,2063,pos,0 days 00:38:42.731000,0 days 01:36:58.243000
2024-07-07 14:41:55.452,OnTrack,3543,8998,2063,pos,0 days 00:38:42.911000,0 days 01:36:58.423000
2024-07-07 14:41:55.631,OnTrack,3356,9163,2063,pos,0 days 00:38:43.090000,0 days 01:36:58.602000
2024-07-07 14:41:55.992,OnTrack,3226,9276,2064,pos,0 days 00:38:43.451000,0 days 01:36:58.963000
2024-07-07 14:41:56.211,OnTrack,3096,9391,2063,pos,0 days 00:38:43.670000,0 days 01:36:59.182000
2024-07-07 14:41:56.552,OnTrack,2893,9568,2061,pos,0 days 00:38:44.011000,0 days 01:36:59.523000
2024-07-07 14:41:56.711,OnTrack,2748,9694,2060,pos,0 days 00:38:44.170000,0 days 01:36:59.682000
2024-07-07 14:41:57.152,OnTrack,2537,9878,2058,pos,0 days 00:38:44.611000,0 days 01:37:00.123000
2024-07-07 14:41:57.232,OnTrack,2482,9925,2057,pos,0 days 00:38:44.691000,0 days 01:37:00.203000
2024-07-07 14:41:57.551,OnTrack,2217,10161,2053,pos,0 days 00:38:45.010000,0 days 01:37:00.522000
2024-07-07 14:41:57.831,OnTrack,2121,10247,2051,pos,0 days 00:38:45.290000,0 days 01:37:00.802000
2024-07-07 14:41:58.111,OnTrack,1955,10396,2049,pos,0 days 00:38:45.570000,0 days 01:37:01.082000
2024-07-07 14:41:58.252,OnTrack,1876,10466,2048,pos,0 days 00:38:45.711000,0 days 01:37:01.223000
2024-07-07 14:41:58.612,OnTrack,1660,10646,2045,pos,0 days 00:38:46.071000,0 days 01:37:01.583000
2024-07-07 14:41:59.032,OnTrack,1491,10765,2042,pos,0 days 00:38:46.491000,0 days 01:37:02.003000
2024-07-07 14:41:59.172,OnTrack,1369,10834,2040,pos,0 days 00:38:46.631000,0 days 01:37:02.143000
2024-07-07 14:41:59.492,OnTrack,1281,10874,2038,pos,0 days 00:38:46.951000,0 days 01:37:02.463000
2024-07-07 14:41:59.852,OnTrack,1094,10933,2036,pos,0 days 00:38:47.311000,0 days 01:37:02.823000
2024-07-07 14:42:00.252,OnTrack,951,10948,2035,pos,0 days 00:38:47.711000,0 days 01:37:03.223000
2024-07-07 14:42:00.412,OnTrack,882,10948,2034,pos,0 days 00:38:47.871000,0 days 01:37:03.383000
2024-07-07 14:42:00.592,OnTrack,808,10947,2034,pos,0 days 00:38:48.051000,0 days 01:37:03.563000
2024-07-07 14:42:00.792,OnTrack,733,10940,2033,pos,0 days 00:38:48.251000,0 days 01:37:03.763000
2024-07-07 14:42:01.052,OnTrack,597,10900,2032,pos,0 days 00:38:48.511000,0 days 01:37:04.023000
2024-07-07 14:42:01.371,OnTrack,529,10869,2032,pos,0 days 00:38:48.830000,0 days 01:37:04.342000
2024-07-07 14:42:01.671,OnTrack,415,10789,2032,pos,0 days 00:38:49.130000,0 days 01:37:04.642000
2024-07-07 14:42:02.091,OnTrack,345,10704,2032,pos,0 days 00:38:49.550000,0 days 01:37:05.062000
2024-07-07 14:42:02.211,OnTrack,297,10625,2033,pos,0 days 00:38:49.670000,0 days 01:37:05.182000
2024-07-07 14:42:02.731,OnTrack,240,10505,2033,pos,0 days 00:38:50.190000,0 days 01:37:05.702000
2024-07-07 14:42:03.031,OnTrack,211,10405,2033,pos,0 days 00:38:50.490000,0 days 01:37:06.002000
2024-07-07 14:42:03.192,OnTrack,202,10348,2033,pos,0 days 00:38:50.651000,0 days 01:37:06.163000
2024-07-07 14:42:03.372,OnTrack,196,10282,2033,pos,0 days 00:38:50.831000,0 days 01:37:06.343000
2024-07-07 14:42:03.672,OnTrack,186,10114,2034,pos,0 days 00:38:51.131000,0 days 01:37:06.643000
2024-07-07 14:42:04.032,OnTrack,181,10027,2035,pos,0 days 00:38:51.491000,0 days 01:37:07.003000
2024-07-07 14:42:04.352,OnTrack,168,9903,2036,pos,0 days 00:38:51.811000,0 days 01:37:07.323000
2024-07-07 14:42:04.592,OnTrack,133,9780,2037,pos,0 days 00:38:52.051000,0 days 01:37:07.563000
2024-07-07 14:42:05.012,OnTrack,93,9700,2038,pos,0 days 00:38:52.471000,0 days 01:37:07.983000
2024-07-07 14:42:05.172,OnTrack,64,9657,2039,pos,0 days 00:38:52.631000,0 days 01:37:08.143000
2024-07-07 14:42:05.412,OnTrack,0,9585,2039,pos,0 days 00:38:52.871000,0 days 01:37:08.383000
2024-07-07 14:42:05.752,OnTrack,-58,9537,2040,pos,0 days 00:38:53.211000,0 days 01:37:08.723000
2024-07-07 14:42:05.952,OnTrack,-105,9506,2040,pos,0 days 00:38:53.411000,0 days 01:37:08.923000
2024-07-07 14:42:06.092,OnTrack,-139,9488,2040,pos,0 days 00:38:53.551000,0 days 01:37:09.063000
2024-07-07 14:42:06.332,OnTrack,-197,9463,2040,pos,0 days 00:38:53.791000,0 days 01:37:09.303000
2024-07-07 14:42:06.532,OnTrack,-247,9450,2041,pos,0 days 00:38:53.991000,0 days 01:37:09.503000
2024-07-07 14:42:06.692,OnTrack,-286,9444,2041,pos,0 days 00:38:54.151000,0 days 01:37:09.663000
2024-07-07 14:42:07.012,OnTrack,-383,9447,2041,pos,0 days 00:38:54.471000,0 days 01:37:09.983000
2024-07-07 14:42:07.412,OnTrack,-486,9484,2039,pos,0 days 00:38:54.871000,0 days 01:37:10.383000
2024-07-07 14:42:07.871,OnTrack,-552,9528,2038,pos,0 days 00:38:55.330000,0 days 01:37:10.842000
2024-07-07 14:42:08.052,OnTrack,-610,9582,2037,pos,0 days 00:38:55.511000,0 days 01:37:11.023000
2024-07-07 14:42:08.491,OnTrack,-670,9663,2036,pos,0 days 00:38:55.950000,0 days 01:37:11.462000
2024-07-07 14:42:08.771,OnTrack,-693,9704,2035,pos,0 days 00:38:56.230000,0 days 01:37:11.742000
2024-07-07 14:42:08.971,OnTrack,-716,9753,2034,pos,0 days 00:38:56.430000,0 days 01:37:11.942000
2024-07-07 14:42:09.352,OnTrack,-758,9886,2033,pos,0 days 00:38:56.811000,0 days 01:37:12.323000
2024-07-07 14:42:09.591,OnTrack,-765,9920,2033,pos,0 days 00:38:57.050000,0 days 01:37:12.562000
2024-07-07 14:42:09.972,OnTrack,-775,10079,2031,pos,0 days 00:38:57.431000,0 days 01:37:12.943000
2024-07-07 14:42:10.391,OnTrack,-770,10170,2031,pos,0 days 00:38:57.850000,0 days 01:37:13.362000
2024-07-07 14:42:10.452,OnTrack,-768,10190,2031,pos,0 days 00:38:57.911000,0 days 01:37:13.423000
2024-07-07 14:42:10.712,OnTrack,-755,10279,2030,pos,0 days 00:38:58.171000,0 days 01:37:13.683000
2024-07-07 14:42:10.931,OnTrack,-739,10356,2030,pos,0 days 00:38:58.390000,0 days 01:37:13.902000
2024-07-07 14:42:11.132,OnTrack,-721,10428,2029,pos,0 days 00:38:58.591000,0 days 01:37:14.103000
2024-07-07 14:42:11.312,OnTrack,-709,10470,2029,pos,0 days 00:38:58.771000,0 days 01:37:14.283000
2024-07-07 14:42:11.532,OnTrack,-682,10549,2028,pos,0 days 00:38:58.991000,0 days 01:37:14.503000
2024-07-07 14:42:11.852,OnTrack,-623,10699,2025,pos,0 days 00:38:59.311000,0 days 01:37:14.823000
2024-07-07 14:42:12.172,OnTrack,-574,10807,2024,pos,0 days 00:38:59.631000,0 days 01:37:15.143000
2024-07-07 14:42:12.311,OnTrack,-544,10868,2023,pos,0 days 00:38:59.770000,0 days 01:37:15.282000
2024-07-07 14:42:12.632,OnTrack,-472,11007,2022,pos,0 days 00:39:00.091000,0 days 01:37:15.603000
2024-07-07 14:42:12.832,OnTrack,-420,11104,2021,pos,0 days 00:39:00.291000,0 days 01:37:15.803000
2024-07-07 14:42:13.072,OnTrack,-326,11267,2021,pos,0 days 00:39:00.531000,0 days 01:37:16.043000
2024-07-07 14:42:13.413,OnTrack,-251,11383,2021,pos,0 days 00:39:00.872000,0 days 01:37:16.384000
2024-07-07 14:42:13.713,OnTrack,-146,11529,2021,pos,0 days 00:39:01.172000,0 days 01:37:16.684000
2024-07-07 14:42:13.872,OnTrack,-86,11607,2021,pos,0 days 00:39:01.331000,0 days 01:37:16.843000
2024-07-07 14:42:14.052,OnTrack,-14,11693,2021,pos,0 days 00:39:01.511000,0 days 01:37:17.023000
2024-07-07 14:42:14.352,OnTrack,115,11834,2022,pos,0 days 00:39:01.811000,0 days 01:37:17.323000
2024-07-07 14:42:14.532,OnTrack,199,11917,2023,pos,0 days 00:39:01.991000,0 days 01:37:17.503000
2024-07-07 14:42:14.711,OnTrack,285,11998,2024,pos,0 days 00:39:02.170000,0 days 01:37:17.682000
2024-07-07 14:42:14.911,OnTrack,438,12130,2024,pos,0 days 00:39:02.370000,0 days 01:37:17.882000
2024-07-07 14:42:15.211,OnTrack,546,12214,2024,pos,0 days 00:39:02.670000,0 days 01:37:18.182000
2024-07-07 14:42:15.412,OnTrack,659,12293,2024,pos,0 days 00:39:02.871000,0 days 01:37:18.383000
2024-07-07 14:42:15.712,OnTrack,839,12401,2024,pos,0 days 00:39:03.171000,0 days 01:37:18.683000
2024-07-07 14:42:15.932,OnTrack,1059,12505,2025,pos,0 days 00:39:03.391000,0 days 01:37:18.903000
2024-07-07 14:42:16.371,OnTrack,1276,12588,2025,pos,0 days 00:39:03.830000,0 days 01:37:19.342000
2024-07-07 14:42:16.452,OnTrack,1332,12606,2025,pos,0 days 00:39:03.911000,0 days 01:37:19.423000
2024-07-07 14:42:16.631,OnTrack,1458,12645,2025,pos,0 days 00:39:04.090000,0 days 01:37:19.602000
2024-07-07 14:42:16.952,OnTrack,1747,12715,2026,pos,0 days 00:39:04.411000,0 days 01:37:19.923000
2024-07-07 14:42:17.392,OnTrack,2014,12763,2028,pos,0 days 00:39:04.851000,0 days 01:37:20.363000
2024-07-07 14:42:17.512,OnTrack,2105,12776,2029,pos,0 days 00:39:04.971000,0 days 01:37:20.483000
2024-07-07 14:42:17.792,OnTrack,2409,12812,2030,pos,0 days 00:39:05.251000,0 days 01:37:20.763000
2024-07-07 14:42:18.072,OnTrack,2532,12825,2031,pos,0 days 00:39:05.531000,0 days 01:37:21.043000
2024-07-07 14:42:18.412,OnTrack,2795,12852,2034,pos,0 days 00:39:05.871000,0 days 01:37:21.383000
2024-07-07 14:42:18.492,OnTrack,2857,12858,2035,pos,0 days 00:39:05.951000,0 days 01:37:21.463000
2024-07-07 14:42:18.732,OnTrack,3046,12877,2036,pos,0 days 00:39:06.191000,0 days 01:37:21.703000
2024-07-07 14:42:18.952,OnTrack,3219,12895,2038,pos,0 days 00:39:06.411000,0 days 01:37:21.923000
2024-07-07 14:42:19.212,OnTrack,3424,12918,2039,pos,0 days 00:39:06.671000,0 days 01:37:22.183000
2024-07-07 14:42:19.372,OnTrack,3551,12932,2040,pos,0 days 00:39:06.831000,0 days 01:37:22.343000
2024-07-07 14:42:19.632,OnTrack,3822,12962,2042,pos,0 days 00:39:07.091000,0 days 01:37:22.603000
2024-07-07 14:42:19.953,OnTrack,4014,12984,2043,pos,0 days 00:39:07.412000,0 days 01:37:22.924000
2024-07-07 14:42:20.292,OnTrack,4352,13028,2045,pos,0 days 00:39:07.751000,0 days 01:37:23.263000
2024-07-07 14:42:20.552,OnTrack,4493,13047,2046,pos,0 days 00:39:08.011000,0 days 01:37:23.523000
2024-07-07 14:42:20.912,OnTrack,4837,13089,2048,pos,0 days 00:39:08.371000,0 days 01:37:23.883000
2024-07-07 14:42:21.312,OnTrack,5090,13111,2049,pos,0 days 00:39:08.771000,0 days 01:37:24.283000
2024-07-07 14:42:21.592,OnTrack,5185,13114,2049,pos,0 days 00:39:09.051000,0 days 01:37:24.563000
2024-07-07 14:42:21.932,OnTrack,5404,13101,2050,pos,0 days 00:39:09.391000,0 days 01:37:24.903000
2024-07-07 14:42:22.271,OnTrack,5547,13072,2051,pos,0 days 00:39:09.730000,0 days 01:37:25.242000
2024-07-07 14:42:22.432,OnTrack,5633,13049,2051,pos,0 days 00:39:09.891000,0 days 01:37:25.403000
2024-07-07 14:42:22.651,OnTrack,5747,13010,2052,pos,0 days 00:39:10.110000,0 days 01:37:25.622000
2024-07-07 14:42:22.992,OnTrack,5931,12918,2053,pos,0 days 00:39:10.451000,0 days 01:37:25.963000
2024-07-07 14:42:23.391,OnTrack,6111,12792,2054,pos,0 days 00:39:10.850000,0 days 01:37:26.362000
2024-07-07 14:42:23.792,OnTrack,6275,12637,2055,pos,0 days 00:39:11.251000,0 days 01:37:26.763000
2024-07-07 14:42:24.112,OnTrack,6409,12451,2056,pos,0 days 00:39:11.571000,0 days 01:37:27.083000
2024-07-07 14:42:24.531,OnTrack,6485,12308,2057,pos,0 days 00:39:11.990000,0 days 01:37:27.502000
2024-07-07 14:42:24.752,OnTrack,6536,12195,2058,pos,0 days 00:39:12.211000,0 days 01:37:27.723000
2024-07-07 14:42:25.012,OnTrack,6594,12043,2059,pos,0 days 00:39:12.471000,0 days 01:37:27.983000
2024-07-07 14:42:25.172,OnTrack,6648,11878,2060,pos,0 days 00:39:12.631000,0 days 01:37:28.143000
2024-07-07 14:42:25.572,OnTrack,6696,11707,2062,pos,0 days 00:39:13.031000,0 days 01:37:28.543000
2024-07-07 14:42:25.752,OnTrack,6725,11593,2063,pos,0 days 00:39:13.211000,0 days 01:37:28.723000
2024-07-07 14:42:26.032,OnTrack,6780,11361,2064,pos,0 days 00:39:13.491000,0 days 01:37:29.003000
2024-07-07 14:42:26.372,OnTrack,6816,11188,2066,pos,0 days 00:39:13.831000,0 days 01:37:29.343000
2024-07-07 14:42:26.652,OnTrack,6853,10991,2067,pos,0 days 00:39:14.111000,0 days 01:37:29.623000
2024-07-07 14:42:26.852,OnTrack,6881,10810,2068,pos,0 days 00:39:14.311000,0 days 01:37:29.823000
2024-07-07 14:42:27.172,OnTrack,6907,10626,2070,pos,0 days 00:39:14.631000,0 days 01:37:30.143000
2024-07-07 14:42:27.412,OnTrack,6927,10453,2071,pos,0 days 00:39:14.871000,0 days 01:37:30.383000
2024-07-07 14:42:27.632,OnTrack,6943,10293,2073,pos,0 days 00:39:15.091000,0 days 01:37:30.603000
2024-07-07 14:42:27.852,OnTrack,6956,10139,2073,pos,0 days 00:39:15.311000,0 days 01:37:30.823000
2024-07-07 14:42:28.051,OnTrack,6966,9982,2074,pos,0 days 00:39:15.510000,0 days 01:37:31.022000
2024-07-07 14:42:28.291,OnTrack,6975,9801,2074,pos,0 days 00:39:15.750000,0 days 01:37:31.262000
2024-07-07 14:42:28.531,OnTrack,6980,9620,2075,pos,0 days 00:39:15.990000,0 days 01:37:31.502000
2024-07-07 14:42:28.652,OnTrack,6982,9528,2075,pos,0 days 00:39:16.111000,0 days 01:37:31.623000
2024-07-07 14:42:28.932,OnTrack,6989,9251,2074,pos,0 days 00:39:16.391000,0 days 01:37:31.903000
2024-07-07 14:42:29.272,OnTrack,6998,9055,2073,pos,0 days 00:39:16.731000,0 days 01:37:32.243000
2024-07-07 14:42:29.472,OnTrack,7009,8912,2072,pos,0 days 00:39:16.931000,0 days 01:37:32.443000
2024-07-07 14:42:29.731,OnTrack,7035,8709,2071,pos,0 days 00:39:17.190000,0 days 01:37:32.702000
2024-07-07 14:42:29.892,OnTrack,7055,8592,2070,pos,0 days 00:39:17.351000,0 days 01:37:32.863000
2024-07-07 14:42:30.052,OnTrack,7081,8458,2070,pos,0 days 00:39:17.511000,0 days 01:37:33.023000
2024-07-07 14:42:30.292,OnTrack,7155,8164,2068,pos,0 days 00:39:17.751000,0 days 01:37:33.263000
2024-07-07 14:42:30.791,OnTrack,7253,7859,2064,pos,0 days 00:39:18.250000,0 days 01:37:33.762000
2024-07-07 14:42:31.152,OnTrack,7379,7542,2060,pos,0 days 00:39:18.611000,0 days 01:37:34.123000
2024-07-07 14:42:31.492,OnTrack,7427,7417,2059,pos,0 days 00:39:18.951000,0 days 01:37:34.463000
2024-07-07 14:42:31.652,OnTrack,7461,7321,2059,pos,0 days 00:39:19.111000,0 days 01:37:34.623000
2024-07-07 14:42:31.872,OnTrack,7500,7191,2058,pos,0 days 00:39:19.331000,0 days 01:37:34.843000
2024-07-07 14:42:32.192,OnTrack,7534,7006,2058,pos,0 days 00:39:19.651000,0 days 01:37:35.163000
2024-07-07 14:42:32.412,OnTrack,7538,6878,2058,pos,0 days 00:39:19.871000,0 days 01:37:35.383000
2024-07-07 14:42:32.672,OnTrack,7524,6723,2058,pos,0 days 00:39:20.131000,0 days 01:37:35.643000
2024-07-07 14:42:32.792,OnTrack,7513,6652,2058,pos,0 days 00:39:20.251000,0 days 01:37:35.763000
2024-07-07 14:42:32.952,OnTrack,7496,6558,2059,pos,0 days 00:39:20.411000,0 days 01:37:35.923000
2024-07-07 14:42:33.232,OnTrack,7438,6312,2061,pos,0 days 00:39:20.691000,0 days 01:37:36.203000
2024-07-07 14:42:33.652,OnTrack,7396,6145,2061,pos,0 days 00:39:21.111000,0 days 01:37:36.623000
2024-07-07 14:42:33.732,OnTrack,7385,6097,2062,pos,0 days 00:39:21.191000,0 days 01:37:36.703000
2024-07-07 14:42:33.972,OnTrack,7355,5954,2062,pos,0 days 00:39:21.431000,0 days 01:37:36.943000
2024-07-07 14:42:34.271,OnTrack,7329,5786,2063,pos,0 days 00:39:21.730000,0 days 01:37:37.242000
2024-07-07 14:42:34.452,OnTrack,7319,5679,2063,pos,0 days 00:39:21.911000,0 days 01:37:37.423000
2024-07-07 14:42:34.672,OnTrack,7318,5558,2062,pos,0 days 00:39:22.131000,0 days 01:37:37.643000
2024-07-07 14:42:34.871,OnTrack,7329,5450,2062,pos,0 days 00:39:22.330000,0 days 01:37:37.842000
2024-07-07 14:42:35.111,OnTrack,7375,5272,2061,pos,0 days 00:39:22.570000,0 days 01:37:38.082000
2024-07-07 14:42:35.552,OnTrack,7477,5052,2058,pos,0 days 00:39:23.011000,0 days 01:37:38.523000
2024-07-07 14:42:35.891,OnTrack,7580,4880,2056,pos,0 days 00:39:23.350000,0 days 01:37:38.862000
2024-07-07 14:42:36.251,OnTrack,7641,4776,2054,pos,0 days 00:39:23.710000,0 days 01:37:39.222000
2024-07-07 14:42:36.592,OnTrack,7715,4629,2052,pos,0 days 00:39:24.051000,0 days 01:37:39.563000
2024-07-07 14:42:36.771,OnTrack,7744,4553,2051,pos,0 days 00:39:24.230000,0 days 01:37:39.742000
2024-07-07 14:42:36.932,OnTrack,7764,4485,2050,pos,0 days 00:39:24.391000,0 days 01:37:39.903000
2024-07-07 14:42:37.192,OnTrack,7787,4349,2048,pos,0 days 00:39:24.651000,0 days 01:37:40.163000
2024-07-07 14:42:37.532,OnTrack,7786,4235,2046,pos,0 days 00:39:24.991000,0 days 01:37:40.503000
2024-07-07 14:42:37.712,OnTrack,7776,4161,2045,pos,0 days 00:39:25.171000,0 days 01:37:40.683000
2024-07-07 14:42:37.952,OnTrack,7741,4021,2043,pos,0 days 00:39:25.411000,0 days 01:37:40.923000
2024-07-07 14:42:38.232,OnTrack,7716,3951,2041,pos,0 days 00:39:25.691000,0 days 01:37:41.203000
2024-07-07 14:42:38.612,OnTrack,7647,3809,2040,pos,0 days 00:39:26.071000,0 days 01:37:41.583000
2024-07-07 14:42:38.792,OnTrack,7607,3743,2039,pos,0 days 00:39:26.251000,0 days 01:37:41.763000
2024-07-07 14:42:39.012,OnTrack,7540,3653,2038,pos,0 days 00:39:26.471000,0 days 01:37:41.983000
2024-07-07 14:42:39.312,OnTrack,7461,3568,2037,pos,0 days 00:39:26.771000,0 days 01:37:42.283000
2024-07-07 14:42:39.492,OnTrack,7398,3515,2036,pos,0 days 00:39:26.951000,0 days 01:37:42.463000
2024-07-07 14:42:39.853,OnTrack,7198,3390,2033,pos,0 days 00:39:27.312000,0 days 01:37:42.824000
2024-07-07 14:42:40.292,OnTrack,7030,3302,2031,pos,0 days 00:39:27.751000,0 days 01:37:43.263000
2024-07-07 14:42:40.693,OnTrack,6863,3195,2029,pos,0 days 00:39:28.152000,0 days 01:37:43.664000
2024-07-07 14:42:40.912,OnTrack,6765,3112,2028,pos,0 days 00:39:28.371000,0 days 01:37:43.883000
2024-07-07 14:42:41.131,OnTrack,6654,3001,2028,pos,0 days 00:39:28.590000,0 days 01:37:44.102000
2024-07-07 14:42:41.532,OnTrack,6447,2767,2027,pos,0 days 00:39:28.991000,0 days 01:37:44.503000
2024-07-07 14:42:41.951,OnTrack,6311,2575,2027,pos,0 days 00:39:29.410000,0 days 01:37:44.922000
2024-07-07 14:42:42.372,OnTrack,6176,2345,2026,pos,0 days 00:39:29.831000,0 days 01:37:45.343000
2024-07-07 14:42:42.652,OnTrack,6101,2206,2025,pos,0 days 00:39:30.111000,0 days 01:37:45.623000
2024-07-07 14:42:42.952,OnTrack,5983,1968,2025,pos,0 days 00:39:30.411000,0 days 01:37:45.923000
2024-07-07 14:42:43.352,OnTrack,5883,1764,2024,pos,0 days 00:39:30.811000,0 days 01:37:46.323000
2024-07-07 14:42:43.571,OnTrack,5814,1621,2023,pos,0 days 00:39:31.030000,0 days 01:37:46.542000
2024-07-07 14:42:43.772,OnTrack,5751,1490,2023,pos,0 days 00:39:31.231000,0 days 01:37:46.743000
2024-07-07 14:42:43.992,OnTrack,5642,1265,2021,pos,0 days 00:39:31.451000,0 days 01:37:46.963000
2024-07-07 14:42:44.391,OnTrack,5552,1076,2020,pos,0 days 00:39:31.850000,0 days 01:37:47.362000
2024-07-07 14:42:44.552,OnTrack,5504,974,2019,pos,0 days 00:39:32.011000,0 days 01:37:47.523000
2024-07-07 14:42:44.792,OnTrack,5422,802,2018,pos,0 days 00:39:32.251000,0 days 01:37:47.763000
2024-07-07 14:42:44.952,OnTrack,5369,692,2017,pos,0 days 00:39:32.411000,0 days 01:37:47.923000
2024-07-07 14:42:45.152,OnTrack,5303,554,2016,pos,0 days 00:39:32.611000,0 days 01:37:48.123000
2024-07-07 14:42:45.352,OnTrack,5235,415,2016,pos,0 days 00:39:32.811000,0 days 01:37:48.323000
2024-07-07 14:42:45.612,OnTrack,5106,148,2013,pos,0 days 00:39:33.071000,0 days 01:37:48.583000
2024-07-07 14:42:45.912,OnTrack,5044,21,2012,pos,0 days 00:39:33.371000,0 days 01:37:48.883000
2024-07-07 14:42:46.093,OnTrack,4983,-106,2011,pos,0 days 00:39:33.552000,0 days 01:37:49.064000
2024-07-07 14:42:46.373,OnTrack,4887,-306,2010,pos,0 days 00:39:33.832000,0 days 01:37:49.344000
2024-07-07 14:42:46.633,OnTrack,4797,-493,2009,pos,0 days 00:39:34.092000,0 days 01:37:49.604000
2024-07-07 14:42:46.872,OnTrack,4713,-666,2008,pos,0 days 00:39:34.331000,0 days 01:37:49.843000
2024-07-07 14:42:46.972,OnTrack,4682,-732,2008,pos,0 days 00:39:34.431000,0 days 01:37:49.943000
2024-07-07 14:42:47.233,OnTrack,4597,-907,2007,pos,0 days 00:39:34.692000,0 days 01:37:50.204000
2024-07-07 14:42:47.432,OnTrack,4527,-1052,2006,pos,0 days 00:39:34.891000,0 days 01:37:50.403000
2024-07-07 14:42:47.591,OnTrack,4470,-1169,2004,pos,0 days 00:39:35.050000,0 days 01:37:50.562000
2024-07-07 14:42:47.911,OnTrack,4356,-1402,2002,pos,0 days 00:39:35.370000,0 days 01:37:50.882000
2024-07-07 14:42:48.111,OnTrack,4287,-1541,2000,pos,0 days 00:39:35.570000,0 days 01:37:51.082000
2024-07-07 14:42:48.292,OnTrack,4174,-1768,1997,pos,0 days 00:39:35.751000,0 days 01:37:51.263000
2024-07-07 14:42:48.552,OnTrack,4122,-1871,1996,pos,0 days 00:39:36.011000,0 days 01:37:51.523000
2024-07-07 14:42:48.852,OnTrack,4011,-2091,1994,pos,0 days 00:39:36.311000,0 days 01:37:51.823000
2024-07-07 14:42:49.011,OnTrack,3951,-2208,1994,pos,0 days 00:39:36.470000,0 days 01:37:51.982000
2024-07-07 14:42:49.172,OnTrack,3899,-2309,1994,pos,0 days 00:39:36.631000,0 days 01:37:52.143000
2024-07-07 14:42:49.531,OnTrack,3757,-2581,1995,pos,0 days 00:39:36.990000,0 days 01:37:52.502000
2024-07-07 14:42:49.732,OnTrack,3679,-2727,1996,pos,0 days 00:39:37.191000,0 days 01:37:52.703000
2024-07-07 14:42:49.811,OnTrack,3648,-2785,1997,pos,0 days 00:39:37.270000,0 days 01:37:52.782000
2024-07-07 14:42:50.131,OnTrack,3520,-3017,2001,pos,0 days 00:39:37.590000,0 days 01:37:53.102000
2024-07-07 14:42:50.371,OnTrack,3425,-3181,2004,pos,0 days 00:39:37.830000,0 days 01:37:53.342000
2024-07-07 14:42:50.592,OnTrack,3327,-3343,2008,pos,0 days 00:39:38.051000,0 days 01:37:53.563000
2024-07-07 14:42:50.892,OnTrack,3231,-3486,2011,pos,0 days 00:39:38.351000,0 days 01:37:53.863000
2024-07-07 14:42:51.072,OnTrack,3165,-3575,2013,pos,0 days 00:39:38.531000,0 days 01:37:54.043000
2024-07-07 14:42:51.372,OnTrack,3055,-3707,2017,pos,0 days 00:39:38.831000,0 days 01:37:54.343000
2024-07-07 14:42:51.572,OnTrack,2986,-3780,2018,pos,0 days 00:39:39.031000,0 days 01:37:54.543000
2024-07-07 14:42:51.812,OnTrack,2838,-3907,2021,pos,0 days 00:39:39.271000,0 days 01:37:54.783000
2024-07-07 14:42:52.212,OnTrack,2682,-4002,2024,pos,0 days 00:39:39.671000,0 days 01:37:55.183000
2024-07-07 14:42:52.492,OnTrack,2615,-4034,2026,pos,0 days 00:39:39.951000,0 days 01:37:55.463000
2024-07-07 14:42:52.752,OnTrack,2525,-4068,2027,pos,0 days 00:39:40.211000,0 days 01:37:55.723000
2024-07-07 14:42:52.872,OnTrack,2476,-4083,2028,pos,0 days 00:39:40.331000,0 days 01:37:55.843000
2024-07-07 14:42:53.232,OnTrack,2290,-4114,2030,pos,0 days 00:39:40.691000,0 days 01:37:56.203000
2024-07-07 14:42:53.552,OnTrack,2186,-4113,2032,pos,0 days 00:39:41.011000,0 days 01:37:56.523000
2024-07-07 14:42:53.832,OnTrack,2040,-4092,2032,pos,0 days 00:39:41.291000,0 days 01:37:56.803000
2024-07-07 14:42:54.111,OnTrack,1947,-4066,2033,pos,0 days 00:39:41.570000,0 days 01:37:57.082000
2024-07-07 14:42:54.451,OnTrack,1792,-3999,2033,pos,0 days 00:39:41.910000,0 days 01:37:57.422000
2024-07-07 14:42:54.812,OnTrack,1668,-3921,2033,pos,0 days 00:39:42.271000,0 days 01:37:57.783000
2024-07-07 14:42:55.072,OnTrack,1531,-3804,2031,pos,0 days 00:39:42.531000,0 days 01:37:58.043000
2024-07-07 14:42:55.372,OnTrack,1470,-3740,2030,pos,0 days 00:39:42.831000,0 days 01:37:58.343000
2024-07-07 14:42:55.632,OnTrack,1353,-3593,2028,pos,0 days 00:39:43.091000,0 days 01:37:58.603000
2024-07-07 14:42:56.031,OnTrack,1270,-3463,2026,pos,0 days 00:39:43.490000,0 days 01:37:59.002000
2024-07-07 14:42:56.252,OnTrack,1211,-3357,2023,pos,0 days 00:39:43.711000,0 days 01:37:59.223000
2024-07-07 14:42:56.472,OnTrack,1155,-3251,2020,pos,0 days 00:39:43.931000,0 days 01:37:59.443000
2024-07-07 14:42:56.732,OnTrack,1080,-3110,2015,pos,0 days 00:39:44.191000,0 days 01:37:59.703000
2024-07-07 14:42:56.931,OnTrack,1020,-3005,2011,pos,0 days 00:39:44.390000,0 days 01:37:59.902000
2024-07-07 14:42:57.032,OnTrack,989,-2953,2008,pos,0 days 00:39:44.491000,0 days 01:38:00.003000
2024-07-07 14:42:57.252,OnTrack,915,-2836,2002,pos,0 days 00:39:44.711000,0 days 01:38:00.223000
2024-07-07 14:42:57.471,OnTrack,838,-2726,1997,pos,0 days 00:39:44.930000,0 days 01:38:00.442000
2024-07-07 14:42:57.692,OnTrack,749,-2603,1992,pos,0 days 00:39:45.151000,0 days 01:38:00.663000
2024-07-07 14:42:57.932,OnTrack,653,-2475,1988,pos,0 days 00:39:45.391000,0 days 01:38:00.903000
2024-07-07 14:42:58.092,OnTrack,589,-2388,1986,pos,0 days 00:39:45.551000,0 days 01:38:01.063000
2024-07-07 14:42:58.412,OnTrack,402,-2136,1984,pos,0 days 00:39:45.871000,0 days 01:38:01.383000
2024-07-07 14:42:58.792,OnTrack,283,-1980,1985,pos,0 days 00:39:46.251000,0 days 01:38:01.763000
2024-07-07 14:42:58.912,OnTrack,230,-1914,1986,pos,0 days 00:39:46.371000,0 days 01:38:01.883000
2024-07-07 14:42:59.072,OnTrack,159,-1826,1986,pos,0 days 00:39:46.531000,0 days 01:38:02.043000
2024-07-07 14:42:59.312,OnTrack,49,-1697,1986,pos,0 days 00:39:46.771000,0 days 01:38:02.283000
2024-07-07 14:42:59.612,OnTrack,-73,-1556,1986,pos,0 days 00:39:47.071000,0 days 01:38:02.583000
2024-07-07 14:42:59.812,OnTrack,-139,-1483,1985,pos,0 days 00:39:47.271000,0 days 01:38:02.783000
2024-07-07 14:43:00.052,OnTrack,-217,-1395,1984,pos,0 days 00:39:47.511000,0 days 01:38:03.023000
2024-07-07 14:43:00.253,OnTrack,-279,-1326,1982,pos,0 days 00:39:47.712000,0 days 01:38:03.224000
2024-07-07 14:43:00.452,OnTrack,-336,-1261,1981,pos,0 days 00:39:47.911000,0 days 01:38:03.423000
2024-07-07 14:43:00.611,OnTrack,-380,-1212,1980,pos,0 days 00:39:48.070000,0 days 01:38:03.582000
2024-07-07 14:43:00.852,OnTrack,-472,-1113,1978,pos,0 days 00:39:48.311000,0 days 01:38:03.823000
2024-07-07 14:43:01.112,OnTrack,-509,-1078,1977,pos,0 days 00:39:48.571000,0 days 01:38:04.083000
2024-07-07 14:43:01.291,OnTrack,-555,-1039,1977,pos,0 days 00:39:48.750000,0 days 01:38:04.262000
2024-07-07 14:43:01.612,OnTrack,-634,-986,1976,pos,0 days 00:39:49.071000,0 days 01:38:04.583000
2024-07-07 14:43:01.892,OnTrack,-708,-948,1975,pos,0 days 00:39:49.351000,0 days 01:38:04.863000
2024-07-07 14:43:02.192,OnTrack,-776,-926,1976,pos,0 days 00:39:49.651000,0 days 01:38:05.163000
2024-07-07 14:43:02.351,OnTrack,-813,-918,1976,pos,0 days 00:39:49.810000,0 days 01:38:05.322000
2024-07-07 14:43:02.552,OnTrack,-861,-914,1976,pos,0 days 00:39:50.011000,0 days 01:38:05.523000
2024-07-07 14:43:02.752,OnTrack,-909,-913,1976,pos,0 days 00:39:50.211000,0 days 01:38:05.723000
2024-07-07 14:43:02.952,OnTrack,-954,-916,1977,pos,0 days 00:39:50.411000,0 days 01:38:05.923000
2024-07-07 14:43:03.292,OnTrack,-1048,-942,1978,pos,0 days 00:39:50.751000,0 days 01:38:06.263000
2024-07-07 14:43:03.711,OnTrack,-1137,-994,1979,pos,0 days 00:39:51.170000,0 days 01:38:06.682000
2024-07-07 14:43:04.132,OnTrack,-1197,-1039,1980,pos,0 days 00:39:51.591000,0 days 01:38:07.103000
2024-07-07 14:43:04.212,OnTrack,-1214,-1052,1980,pos,0 days 00:39:51.671000,0 days 01:38:07.183000
2024-07-07 14:43:04.432,OnTrack,-1260,-1087,1981,pos,0 days 00:39:51.891000,0 days 01:38:07.403000
2024-07-07 14:43:04.672,OnTrack,-1312,-1121,1981,pos,0 days 00:39:52.131000,0 days 01:38:07.643000
2024-07-07 14:43:04.932,OnTrack,-1370,-1149,1981,pos,0 days 00:39:52.391000,0 days 01:38:07.903000
2024-07-07 14:43:05.111,OnTrack,-1411,-1162,1981,pos,0 days 00:39:52.570000,0 days 01:38:08.082000
2024-07-07 14:43:05.372,OnTrack,-1497,-1171,1981,pos,0 days 00:39:52.831000,0 days 01:38:08.343000
2024-07-07 14:43:05.692,OnTrack,-1552,-1165,1980,pos,0 days 00:39:53.151000,0 days 01:38:08.663000
2024-07-07 14:43:05.932,OnTrack,-1612,-1151,1980,pos,0 days 00:39:53.391000,0 days 01:38:08.903000
2024-07-07 14:43:06.012,OnTrack,-1631,-1145,1979,pos,0 days 00:39:53.471000,0 days 01:38:08.983000
2024-07-07 14:43:06.392,OnTrack,-1733,-1106,1978,pos,0 days 00:39:53.851000,0 days 01:38:09.363000
2024-07-07 14:43:06.632,OnTrack,-1781,-1081,1978,pos,0 days 00:39:54.091000,0 days 01:38:09.603000
2024-07-07 14:43:06.912,OnTrack,-1847,-1038,1977,pos,0 days 00:39:54.371000,0 days 01:38:09.883000
2024-07-07 14:43:07.112,OnTrack,-1891,-1001,1977,pos,0 days 00:39:54.571000,0 days 01:38:10.083000
2024-07-07 14:43:07.391,OnTrack,-1959,-931,1976,pos,0 days 00:39:54.850000,0 days 01:38:10.362000
2024-07-07 14:43:07.672,OnTrack,-2008,-870,1975,pos,0 days 00:39:55.131000,0 days 01:38:10.643000
2024-07-07 14:43:08.011,OnTrack,-2080,-780,1975,pos,0 days 00:39:55.470000,0 days 01:38:10.982000
2024-07-07 14:43:08.192,OnTrack,-2145,-684,1974,pos,0 days 00:39:55.651000,0 days 01:38:11.163000
2024-07-07 14:43:08.531,OnTrack,-2200,-579,1974,pos,0 days 00:39:55.990000,0 days 01:38:11.502000
2024-07-07 14:43:08.851,OnTrack,-2245,-459,1973,pos,0 days 00:39:56.310000,0 days 01:38:11.822000
2024-07-07 14:43:09.091,OnTrack,-2273,-364,1972,pos,0 days 00:39:56.550000,0 days 01:38:12.062000
2024-07-07 14:43:09.272,OnTrack,-2289,-289,1971,pos,0 days 00:39:56.731000,0 days 01:38:12.243000
2024-07-07 14:43:09.431,OnTrack,-2300,-221,1970,pos,0 days 00:39:56.890000,0 days 01:38:12.402000
2024-07-07 14:43:09.632,OnTrack,-2308,-138,1969,pos,0 days 00:39:57.091000,0 days 01:38:12.603000
2024-07-07 14:43:09.912,OnTrack,-2312,44,1967,pos,0 days 00:39:57.371000,0 days 01:38:12.883000
2024-07-07 14:43:10.152,OnTrack,-2308,98,1966,pos,0 days 00:39:57.611000,0 days 01:38:13.123000
2024-07-07 14:43:10.392,OnTrack,-2294,209,1966,pos,0 days 00:39:57.851000,0 days 01:38:13.363000
2024-07-07 14:43:10.612,OnTrack,-2275,310,1964,pos,0 days 00:39:58.071000,0 days 01:38:13.583000
2024-07-07 14:43:11.512,OnTrack,-2096,727,1962,pos,0 days 00:39:58.971000,0 days 01:38:14.483000
2024-07-07 14:43:11.752,OnTrack,-1990,888,1962,pos,0 days 00:39:59.211000,0 days 01:38:14.723000
2024-07-07 14:43:11.972,OnTrack,-1960,929,1962,pos,0 days 00:39:59.431000,0 days 01:38:14.943000
2024-07-07 14:43:12.192,OnTrack,-1884,1035,1963,pos,0 days 00:39:59.651000,0 days 01:38:15.163000
2024-07-07 14:43:12.552,OnTrack,-1704,1279,1964,pos,0 days 00:40:00.011000,0 days 01:38:15.523000
2024-07-07 14:43:12.852,OnTrack,-1642,1359,1964,pos,0 days 00:40:00.311000,0 days 01:38:15.823000
2024-07-07 14:43:13.132,OnTrack,-1531,1499,1965,pos,0 days 00:40:00.591000,0 days 01:38:16.103000
2024-07-07 14:43:13.353,OnTrack,-1445,1607,1966,pos,0 days 00:40:00.812000,0 days 01:38:16.324000
2024-07-07 14:43:13.593,OnTrack,-1347,1734,1968,pos,0 days 00:40:01.052000,0 days 01:38:16.564000
2024-07-07 14:43:13.832,OnTrack,-1214,1916,1970,pos,0 days 00:40:01.291000,0 days 01:38:16.803000
2024-07-07 14:43:14.112,OnTrack,-1132,2029,1971,pos,0 days 00:40:01.571000,0 days 01:38:17.083000
2024-07-07 14:43:14.452,OnTrack,-991,2223,1974,pos,0 days 00:40:01.911000,0 days 01:38:17.423000
2024-07-07 14:43:14.652,OnTrack,-906,2339,1976,pos,0 days 00:40:02.111000,0 days 01:38:17.623000
2024-07-07 14:43:14.871,OnTrack,-812,2468,1978,pos,0 days 00:40:02.330000,0 days 01:38:17.842000
2024-07-07 14:43:15.071,OnTrack,-726,2587,1980,pos,0 days 00:40:02.530000,0 days 01:38:18.042000
2024-07-07 14:43:15.312,OnTrack,-580,2794,1983,pos,0 days 00:40:02.771000,0 days 01:38:18.283000
2024-07-07 14:43:15.612,OnTrack,-496,2918,1986,pos,0 days 00:40:03.071000,0 days 01:38:18.583000
2024-07-07 14:43:15.892,OnTrack,-377,3094,1988,pos,0 days 00:40:03.351000,0 days 01:38:18.863000
2024-07-07 14:43:16.052,OnTrack,-310,3196,1990,pos,0 days 00:40:03.511000,0 days 01:38:19.023000
2024-07-07 14:43:16.211,OnTrack,-242,3298,1992,pos,0 days 00:40:03.670000,0 days 01:38:19.182000
2024-07-07 14:43:16.491,OnTrack,-119,3477,1995,pos,0 days 00:40:03.950000,0 days 01:38:19.462000
2024-07-07 14:43:16.732,OnTrack,54,3715,1999,pos,0 days 00:40:04.191000,0 days 01:38:19.703000
2024-07-07 14:43:16.992,OnTrack,110,3786,2001,pos,0 days 00:40:04.451000,0 days 01:38:19.963000
2024-07-07 14:43:17.272,OnTrack,240,3944,2005,pos,0 days 00:40:04.731000,0 days 01:38:20.243000
2024-07-07 14:43:17.572,OnTrack,376,4092,2009,pos,0 days 00:40:05.031000,0 days 01:38:20.543000
2024-07-07 14:43:17.792,OnTrack,542,4242,2011,pos,0 days 00:40:05.251000,0 days 01:38:20.763000
2024-07-07 14:43:18.132,OnTrack,657,4323,2012,pos,0 days 00:40:05.591000,0 days 01:38:21.103000
2024-07-07 14:43:18.312,OnTrack,759,4379,2013,pos,0 days 00:40:05.771000,0 days 01:38:21.283000
2024-07-07 14:43:18.632,OnTrack,1038,4477,2015,pos,0 days 00:40:06.091000,0 days 01:38:21.603000
2024-07-07 14:43:18.892,OnTrack,1114,4493,2015,pos,0 days 00:40:06.351000,0 days 01:38:21.863000
2024-07-07 14:43:19.192,OnTrack,1311,4515,2017,pos,0 days 00:40:06.651000,0 days 01:38:22.163000
2024-07-07 14:43:19.412,OnTrack,1540,4519,2020,pos,0 days 00:40:06.871000,0 days 01:38:22.383000
2024-07-07 14:43:19.732,OnTrack,1676,4513,2022,pos,0 days 00:40:07.191000,0 days 01:38:22.703000
2024-07-07 14:43:20.052,OnTrack,1895,4489,2025,pos,0 days 00:40:07.511000,0 days 01:38:23.023000
2024-07-07 14:43:20.232,OnTrack,2021,4471,2026,pos,0 days 00:40:07.691000,0 days 01:38:23.203000
2024-07-07 14:43:20.351,OnTrack,2105,4460,2026,pos,0 days 00:40:07.810000,0 days 01:38:23.322000
2024-07-07 14:43:20.551,OnTrack,2246,4446,2027,pos,0 days 00:40:08.010000,0 days 01:38:23.522000
2024-07-07 14:43:20.851,OnTrack,2555,4441,2031,pos,0 days 00:40:08.310000,0 days 01:38:23.822000
2024-07-07 14:43:21.252,OnTrack,2829,4473,2035,pos,0 days 00:40:08.711000,0 days 01:38:24.223000
2024-07-07 14:43:21.631,OnTrack,3021,4527,2038,pos,0 days 00:40:09.090000,0 days 01:38:24.602000
2024-07-07 14:43:21.792,OnTrack,3130,4568,2040,pos,0 days 00:40:09.251000,0 days 01:38:24.763000
2024-07-07 14:43:22.151,OnTrack,3365,4692,2044,pos,0 days 00:40:09.610000,0 days 01:38:25.122000
2024-07-07 14:43:22.352,OnTrack,3488,4777,2046,pos,0 days 00:40:09.811000,0 days 01:38:25.323000
2024-07-07 14:43:22.531,OnTrack,3672,4930,2049,pos,0 days 00:40:09.990000,0 days 01:38:25.502000
2024-07-07 14:43:22.932,OnTrack,3838,5093,2050,pos,0 days 00:40:10.391000,0 days 01:38:25.903000
2024-07-07 14:43:23.311,OnTrack,4009,5264,2051,pos,0 days 00:40:10.770000,0 days 01:38:26.282000
2024-07-07 14:43:23.571,OnTrack,4150,5399,2052,pos,0 days 00:40:11.030000,0 days 01:38:26.542000
2024-07-07 14:43:23.952,OnTrack,4292,5528,2053,pos,0 days 00:40:11.411000,0 days 01:38:26.923000
2024-07-07 14:43:24.192,OnTrack,4384,5608,2054,pos,0 days 00:40:11.651000,0 days 01:38:27.163000
2024-07-07 14:43:24.412,OnTrack,4460,5672,2054,pos,0 days 00:40:11.871000,0 days 01:38:27.383000
2024-07-07 14:43:24.632,OnTrack,4531,5730,2055,pos,0 days 00:40:12.091000,0 days 01:38:27.603000
2024-07-07 14:43:24.812,OnTrack,4631,5807,2055,pos,0 days 00:40:12.271000,0 days 01:38:27.783000
2024-07-07 14:43:25.212,OnTrack,4720,5859,2055,pos,0 days 00:40:12.671000,0 days 01:38:28.183000
2024-07-07 14:43:25.392,OnTrack,4774,5880,2054,pos,0 days 00:40:12.851000,0 days 01:38:28.363000
2024-07-07 14:43:25.672,OnTrack,4901,5900,2053,pos,0 days 00:40:13.131000,0 days 01:38:28.643000
2024-07-07 14:43:25.972,OnTrack,4948,5899,2053,pos,0 days 00:40:13.431000,0 days 01:38:28.943000
2024-07-07 14:43:26.212,OnTrack,5016,5890,2053,pos,0 days 00:40:13.671000,0 days 01:38:29.183000
2024-07-07 14:43:26.353,OnTrack,5050,5881,2053,pos,0 days 00:40:13.812000,0 days 01:38:29.324000
2024-07-07 14:43:26.552,OnTrack,5101,5862,2054,pos,0 days 00:40:14.011000,0 days 01:38:29.523000
2024-07-07 14:43:26.732,OnTrack,5141,5840,2055,pos,0 days 00:40:14.191000,0 days 01:38:29.703000
2024-07-07 14:43:27.031,OnTrack,5201,5798,2056,pos,0 days 00:40:14.490000,0 days 01:38:30.002000
2024-07-07 14:43:27.291,OnTrack,5245,5756,2057,pos,0 days 00:40:14.750000,0 days 01:38:30.262000
2024-07-07 14:43:27.371,OnTrack,5257,5742,2057,pos,0 days 00:40:14.830000,0 days 01:38:30.342000
2024-07-07 14:43:27.591,OnTrack,5287,5702,2058,pos,0 days 00:40:15.050000,0 days 01:38:30.562000
2024-07-07 14:43:27.772,OnTrack,5307,5665,2059,pos,0 days 00:40:15.231000,0 days 01:38:30.743000
2024-07-07 14:43:28.032,OnTrack,5332,5608,2059,pos,0 days 00:40:15.491000,0 days 01:38:31.003000
2024-07-07 14:43:28.211,OnTrack,5346,5567,2059,pos,0 days 00:40:15.670000,0 days 01:38:31.182000
2024-07-07 14:43:28.471,OnTrack,5370,5471,2060,pos,0 days 00:40:15.930000,0 days 01:38:31.442000
2024-07-07 14:43:28.872,OnTrack,5380,5404,2060,pos,0 days 00:40:16.331000,0 days 01:38:31.843000
2024-07-07 14:43:29.212,OnTrack,5392,5280,2063,pos,0 days 00:40:16.671000,0 days 01:38:32.183000
2024-07-07 14:43:29.531,OnTrack,5398,5218,2064,pos,0 days 00:40:16.990000,0 days 01:38:32.502000
2024-07-07 14:43:29.692,OnTrack,5405,5167,2064,pos,0 days 00:40:17.151000,0 days 01:38:32.663000
2024-07-07 14:43:29.932,OnTrack,5408,5147,2065,pos,0 days 00:40:17.391000,0 days 01:38:32.903000
2024-07-07 14:43:30.272,OnTrack,5445,5020,2066,pos,0 days 00:40:17.731000,0 days 01:38:33.243000
2024-07-07 14:43:30.612,OnTrack,5473,4961,2066,pos,0 days 00:40:18.071000,0 days 01:38:33.583000
2024-07-07 14:43:30.872,OnTrack,5525,4885,2066,pos,0 days 00:40:18.331000,0 days 01:38:33.843000
2024-07-07 14:43:31.272,OnTrack,5584,4824,2065,pos,0 days 00:40:18.731000,0 days 01:38:34.243000
2024-07-07 14:43:31.712,OnTrack,5651,4772,2064,pos,0 days 00:40:19.171000,0 days 01:38:34.683000
2024-07-07 14:43:31.872,OnTrack,5703,4746,2064,pos,0 days 00:40:19.331000,0 days 01:38:34.843000
2024-07-07 14:43:32.212,OnTrack,5744,4733,2064,pos,0 days 00:40:19.671000,0 days 01:38:35.183000
2024-07-07 14:43:32.512,OnTrack,5801,4733,2064,pos,0 days 00:40:19.971000,0 days 01:38:35.483000
2024-07-07 14:43:32.752,OnTrack,5845,4747,2064,pos,0 days 00:40:20.211000,0 days 01:38:35.723000
2024-07-07 14:43:32.972,OnTrack,5883,4767,2063,pos,0 days 00:40:20.431000,0 days 01:38:35.943000
2024-07-07 14:43:33.193,OnTrack,5918,4793,2063,pos,0 days 00:40:20.652000,0 days 01:38:36.164000
2024-07-07 14:43:33.412,OnTrack,5952,4823,2064,pos,0 days 00:40:20.871000,0 days 01:38:36.383000
2024-07-07 14:43:33.433,OnTrack,5955,4826,2064,pos,0 days 00:40:20.892000,0 days 01:38:36.404000
2024-07-07 14:43:33.732,OnTrack,5998,4872,2064,pos,0 days 00:40:21.191000,0 days 01:38:36.703000
2024-07-07 14:43:33.992,OnTrack,6034,4917,2064,pos,0 days 00:40:21.451000,0 days 01:38:36.963000
2024-07-07 14:43:34.151,OnTrack,6056,4946,2065,pos,0 days 00:40:21.610000,0 days 01:38:37.122000
2024-07-07 14:43:34.411,OnTrack,6095,5007,2065,pos,0 days 00:40:21.870000,0 days 01:38:37.382000
2024-07-07 14:43:34.792,OnTrack,6148,5109,2065,pos,0 days 00:40:22.251000,0 days 01:38:37.763000
2024-07-07 14:43:35.251,OnTrack,6195,5222,2065,pos,0 days 00:40:22.710000,0 days 01:38:38.222000
2024-07-07 14:43:35.551,OnTrack,6219,5294,2065,pos,0 days 00:40:23.010000,0 days 01:38:38.522000
2024-07-07 14:43:35.712,OnTrack,6235,5345,2065,pos,0 days 00:40:23.171000,0 days 01:38:38.683000
2024-07-07 14:43:36.052,OnTrack,6267,5462,2065,pos,0 days 00:40:23.511000,0 days 01:38:39.023000
2024-07-07 14:43:36.232,OnTrack,6292,5566,2065,pos,0 days 00:40:23.691000,0 days 01:38:39.203000
2024-07-07 14:43:36.692,OnTrack,6324,5768,2065,pos,0 days 00:40:24.151000,0 days 01:38:39.663000
2024-07-07 14:43:36.972,OnTrack,6330,5851,2064,pos,0 days 00:40:24.431000,0 days 01:38:39.943000
2024-07-07 14:43:37.312,OnTrack,6329,6015,2064,pos,0 days 00:40:24.771000,0 days 01:38:40.283000
2024-07-07 14:43:37.512,OnTrack,6319,6113,2064,pos,0 days 00:40:24.971000,0 days 01:38:40.483000
2024-07-07 14:43:37.632,OnTrack,6312,6168,2063,pos,0 days 00:40:25.091000,0 days 01:38:40.603000
2024-07-07 14:43:37.972,OnTrack,6268,6365,2062,pos,0 days 00:40:25.431000,0 days 01:38:40.943000
2024-07-07 14:43:38.252,OnTrack,6226,6486,2062,pos,0 days 00:40:25.711000,0 days 01:38:41.223000
2024-07-07 14:43:38.432,OnTrack,6185,6577,2063,pos,0 days 00:40:25.891000,0 days 01:38:41.403000
2024-07-07 14:43:38.692,OnTrack,6115,6707,2063,pos,0 days 00:40:26.151000,0 days 01:38:41.663000
2024-07-07 14:43:38.952,OnTrack,5983,6899,2064,pos,0 days 00:40:26.411000,0 days 01:38:41.923000
2024-07-07 14:43:39.412,OnTrack,5854,7045,2064,pos,0 days 00:40:26.871000,0 days 01:38:42.383000
2024-07-07 14:43:39.592,OnTrack,5773,7122,2064,pos,0 days 00:40:27.051000,0 days 01:38:42.563000
2024-07-07 14:43:39.693,OnTrack,5726,7163,2064,pos,0 days 00:40:27.152000,0 days 01:38:42.664000
2024-07-07 14:43:40.072,OnTrack,5536,7318,2064,pos,0 days 00:40:27.531000,0 days 01:38:43.043000
2024-07-07 14:43:40.292,OnTrack,5421,7406,2064,pos,0 days 00:40:27.751000,0 days 01:38:43.263000
2024-07-07 14:43:40.491,OnTrack,5293,7504,2064,pos,0 days 00:40:27.950000,0 days 01:38:43.462000
2024-07-07 14:43:40.751,OnTrack,5176,7598,2064,pos,0 days 00:40:28.210000,0 days 01:38:43.722000
2024-07-07 14:43:40.951,OnTrack,5075,7681,2064,pos,0 days 00:40:28.410000,0 days 01:38:43.922000
2024-07-07 14:43:41.332,OnTrack,4893,7834,2064,pos,0 days 00:40:28.791000,0 days 01:38:44.303000
2024-07-07 14:43:41.452,OnTrack,4757,7950,2064,pos,0 days 00:40:28.911000,0 days 01:38:44.423000
2024-07-07 14:43:41.892,OnTrack,4514,8158,2064,pos,0 days 00:40:29.351000,0 days 01:38:44.863000
2024-07-07 14:43:42.272,OnTrack,4374,8278,2064,pos,0 days 00:40:29.731000,0 days 01:38:45.243000
2024-07-07 14:43:42.452,OnTrack,4267,8370,2064,pos,0 days 00:40:29.911000,0 days 01:38:45.423000
2024-07-07 14:43:42.651,OnTrack,4158,8463,2064,pos,0 days 00:40:30.110000,0 days 01:38:45.622000
2024-07-07 14:43:43.012,OnTrack,3900,8686,2063,pos,0 days 00:40:30.471000,0 days 01:38:45.983000
2024-07-07 14:43:43.372,OnTrack,3744,8822,2063,pos,0 days 00:40:30.831000,0 days 01:38:46.343000
2024-07-07 14:43:43.612,OnTrack,3599,8949,2063,pos,0 days 00:40:31.071000,0 days 01:38:46.583000
2024-07-07 14:43:43.712,OnTrack,3541,9001,2063,pos,0 days 00:40:31.171000,0 days 01:38:46.683000
2024-07-07 14:43:43.892,OnTrack,3435,9093,2063,pos,0 days 00:40:31.351000,0 days 01:38:46.863000
2024-07-07 14:43:44.232,OnTrack,3235,9269,2064,pos,0 days 00:40:31.691000,0 days 01:38:47.203000
2024-07-07 14:43:44.412,OnTrack,3129,9362,2063,pos,0 days 00:40:31.871000,0 days 01:38:47.383000
2024-07-07 14:43:44.592,OnTrack,3022,9456,2062,pos,0 days 00:40:32.051000,0 days 01:38:47.563000
2024-07-07 14:43:44.712,OnTrack,2951,9518,2062,pos,0 days 00:40:32.171000,0 days 01:38:47.683000
2024-07-07 14:43:45.072,OnTrack,2686,9748,2060,pos,0 days 00:40:32.531000,0 days 01:38:48.043000
2024-07-07 14:43:45.372,OnTrack,2469,9937,2057,pos,0 days 00:40:32.831000,0 days 01:38:48.343000
2024-07-07 14:43:45.732,OnTrack,2337,10054,2055,pos,0 days 00:40:33.191000,0 days 01:38:48.703000
2024-07-07 14:43:46.032,OnTrack,2159,10213,2052,pos,0 days 00:40:33.491000,0 days 01:38:49.003000
2024-07-07 14:43:46.212,OnTrack,2055,10306,2050,pos,0 days 00:40:33.671000,0 days 01:38:49.183000
2024-07-07 14:43:46.432,OnTrack,1929,10419,2049,pos,0 days 00:40:33.891000,0 days 01:38:49.403000
2024-07-07 14:43:46.652,OnTrack,1809,10524,2047,pos,0 days 00:40:34.111000,0 days 01:38:49.623000
2024-07-07 14:43:46.891,OnTrack,1687,10625,2045,pos,0 days 00:40:34.350000,0 days 01:38:49.862000
2024-07-07 14:43:47.052,OnTrack,1611,10684,2044,pos,0 days 00:40:34.511000,0 days 01:38:50.023000
2024-07-07 14:43:47.332,OnTrack,1465,10781,2041,pos,0 days 00:40:34.791000,0 days 01:38:50.303000
2024-07-07 14:43:47.731,OnTrack,1300,10866,2039,pos,0 days 00:40:35.190000,0 days 01:38:50.702000
2024-07-07 14:43:47.872,OnTrack,1236,10891,2038,pos,0 days 00:40:35.331000,0 days 01:38:50.843000
2024-07-07 14:43:48.152,OnTrack,1097,10932,2036,pos,0 days 00:40:35.611000,0 days 01:38:51.123000
2024-07-07 14:43:48.452,OnTrack,989,10946,2035,pos,0 days 00:40:35.911000,0 days 01:38:51.423000
2024-07-07 14:43:48.631,OnTrack,913,10948,2035,pos,0 days 00:40:36.090000,0 days 01:38:51.602000
2024-07-07 14:43:48.891,OnTrack,809,10947,2034,pos,0 days 00:40:36.350000,0 days 01:38:51.862000
2024-07-07 14:43:49.212,OnTrack,671,10927,2033,pos,0 days 00:40:36.671000,0 days 01:38:52.183000
2024-07-07 14:43:49.492,OnTrack,595,10900,2032,pos,0 days 00:40:36.951000,0 days 01:38:52.463000
2024-07-07 14:43:49.691,OnTrack,530,10869,2032,pos,0 days 00:40:37.150000,0 days 01:38:52.662000
2024-07-07 14:43:49.991,OnTrack,444,10814,2032,pos,0 days 00:40:37.450000,0 days 01:38:52.962000
2024-07-07 14:43:50.172,OnTrack,400,10774,2032,pos,0 days 00:40:37.631000,0 days 01:38:53.143000
2024-07-07 14:43:50.352,OnTrack,364,10730,2032,pos,0 days 00:40:37.811000,0 days 01:38:53.323000
2024-07-07 14:43:50.472,OnTrack,339,10694,2032,pos,0 days 00:40:37.931000,0 days 01:38:53.443000
2024-07-07 14:43:50.672,OnTrack,303,10637,2032,pos,0 days 00:40:38.131000,0 days 01:38:53.643000
2024-07-07 14:43:50.872,OnTrack,272,10577,2033,pos,0 days 00:40:38.331000,0 days 01:38:53.843000
2024-07-07 14:43:51.172,OnTrack,220,10443,2033,pos,0 days 00:40:38.631000,0 days 01:38:54.143000
2024-07-07 14:43:51.572,OnTrack,204,10356,2033,pos,0 days 00:40:39.031000,0 days 01:38:54.543000
2024-07-07 14:43:51.772,OnTrack,196,10287,2033,pos,0 days 00:40:39.231000,0 days 01:38:54.743000
2024-07-07 14:43:51.972,OnTrack,191,10216,2034,pos,0 days 00:40:39.431000,0 days 01:38:54.943000
2024-07-07 14:43:52.192,OnTrack,187,10136,2034,pos,0 days 00:40:39.651000,0 days 01:38:55.163000
2024-07-07 14:43:52.452,OnTrack,180,10008,2035,pos,0 days 00:40:39.911000,0 days 01:38:55.423000
2024-07-07 14:43:52.912,OnTrack,156,9848,2036,pos,0 days 00:40:40.371000,0 days 01:38:55.883000
2024-07-07 14:43:53.272,OnTrack,127,9766,2037,pos,0 days 00:40:40.731000,0 days 01:38:56.243000
2024-07-07 14:43:53.531,OnTrack,88,9692,2038,pos,0 days 00:40:40.990000,0 days 01:38:56.502000
2024-07-07 14:43:53.751,OnTrack,48,9637,2039,pos,0 days 00:40:41.210000,0 days 01:38:56.722000
2024-07-07 14:43:53.852,OnTrack,29,9614,2039,pos,0 days 00:40:41.311000,0 days 01:38:56.823000
2024-07-07 14:43:54.091,OnTrack,-22,9566,2040,pos,0 days 00:40:41.550000,0 days 01:38:57.062000
2024-07-07 14:43:54.311,OnTrack,-71,9528,2040,pos,0 days 00:40:41.770000,0 days 01:38:57.282000
2024-07-07 14:43:54.492,OnTrack,-113,9502,2040,pos,0 days 00:40:41.951000,0 days 01:38:57.463000
2024-07-07 14:43:54.651,OnTrack,-151,9482,2040,pos,0 days 00:40:42.110000,0 days 01:38:57.622000
2024-07-07 14:43:54.871,OnTrack,-203,9462,2041,pos,0 days 00:40:42.330000,0 days 01:38:57.842000
2024-07-07 14:43:55.111,OnTrack,-290,9444,2041,pos,0 days 00:40:42.570000,0 days 01:38:58.082000
2024-07-07 14:43:55.512,OnTrack,-357,9444,2040,pos,0 days 00:40:42.971000,0 days 01:38:58.483000
2024-07-07 14:43:55.752,OnTrack,-412,9453,2040,pos,0 days 00:40:43.211000,0 days 01:38:58.723000
2024-07-07 14:43:56.052,OnTrack,-505,9495,2039,pos,0 days 00:40:43.511000,0 days 01:38:59.023000
2024-07-07 14:43:56.452,OnTrack,-586,9558,2038,pos,0 days 00:40:43.911000,0 days 01:38:59.423000
2024-07-07 14:43:56.832,OnTrack,-627,9602,2037,pos,0 days 00:40:44.291000,0 days 01:38:59.803000
2024-07-07 14:43:57.032,OnTrack,-671,9665,2036,pos,0 days 00:40:44.491000,0 days 01:39:00.003000
2024-07-07 14:43:57.392,OnTrack,-704,9725,2035,pos,0 days 00:40:44.851000,0 days 01:39:00.363000
2024-07-07 14:43:57.652,OnTrack,-730,9788,2034,pos,0 days 00:40:45.111000,0 days 01:39:00.623000
2024-07-07 14:43:57.832,OnTrack,-745,9835,2033,pos,0 days 00:40:45.291000,0 days 01:39:00.803000
2024-07-07 14:43:58.032,OnTrack,-759,9889,2033,pos,0 days 00:40:45.491000,0 days 01:39:01.003000
2024-07-07 14:43:58.193,OnTrack,-767,9935,2032,pos,0 days 00:40:45.652000,0 days 01:39:01.164000
2024-07-07 14:43:58.532,OnTrack,-775,10042,2032,pos,0 days 00:40:45.991000,0 days 01:39:01.503000
2024-07-07 14:43:58.773,OnTrack,-774,10109,2031,pos,0 days 00:40:46.232000,0 days 01:39:01.744000
2024-07-07 14:43:59.092,OnTrack,-758,10258,2031,pos,0 days 00:40:46.551000,0 days 01:39:02.063000
2024-07-07 14:43:59.573,OnTrack,-732,10385,2030,pos,0 days 00:40:47.032000,0 days 01:39:02.544000
2024-07-07 14:43:59.792,OnTrack,-712,10459,2029,pos,0 days 00:40:47.251000,0 days 01:39:02.763000
2024-07-07 14:43:59.971,OnTrack,-695,10512,2028,pos,0 days 00:40:47.430000,0 days 01:39:02.942000
2024-07-07 14:44:00.011,OnTrack,-688,10531,2028,pos,0 days 00:40:47.470000,0 days 01:39:02.982000
2024-07-07 14:44:00.331,OnTrack,-621,10702,2025,pos,0 days 00:40:47.790000,0 days 01:39:03.302000
2024-07-07 14:44:00.811,OnTrack,-553,10850,2023,pos,0 days 00:40:48.270000,0 days 01:39:03.782000
2024-07-07 14:44:00.952,OnTrack,-523,10910,2023,pos,0 days 00:40:48.411000,0 days 01:39:03.923000
2024-07-07 14:44:01.232,OnTrack,-439,11069,2021,pos,0 days 00:40:48.691000,0 days 01:39:04.203000
2024-07-07 14:44:01.572,OnTrack,-375,11185,2021,pos,0 days 00:40:49.031000,0 days 01:39:04.543000
2024-07-07 14:44:01.872,OnTrack,-240,11400,2020,pos,0 days 00:40:49.331000,0 days 01:39:04.843000
2024-07-07 14:44:02.152,OnTrack,-192,11467,2021,pos,0 days 00:40:49.611000,0 days 01:39:05.123000
2024-07-07 14:44:02.352,OnTrack,-124,11559,2021,pos,0 days 00:40:49.811000,0 days 01:39:05.323000
2024-07-07 14:44:02.712,OnTrack,47,11762,2021,pos,0 days 00:40:50.171000,0 days 01:39:05.683000
2024-07-07 14:44:03.112,OnTrack,201,11919,2023,pos,0 days 00:40:50.571000,0 days 01:39:06.083000
2024-07-07 14:44:03.272,OnTrack,341,12049,2024,pos,0 days 00:40:50.731000,0 days 01:39:06.243000
2024-07-07 14:44:03.652,OnTrack,470,12156,2024,pos,0 days 00:40:51.111000,0 days 01:39:06.623000
2024-07-07 14:44:03.872,OnTrack,591,12246,2024,pos,0 days 00:40:51.331000,0 days 01:39:06.843000
2024-07-07 14:44:03.972,OnTrack,648,12286,2024,pos,0 days 00:40:51.431000,0 days 01:39:06.943000
2024-07-07 14:44:04.232,OnTrack,801,12381,2024,pos,0 days 00:40:51.691000,0 days 01:39:07.203000
2024-07-07 14:44:04.572,OnTrack,1112,12527,2025,pos,0 days 00:40:52.031000,0 days 01:39:07.543000
2024-07-07 14:44:04.912,OnTrack,1248,12578,2025,pos,0 days 00:40:52.371000,0 days 01:39:07.883000
2024-07-07 14:44:05.072,OnTrack,1352,12612,2025,pos,0 days 00:40:52.531000,0 days 01:39:08.043000
2024-07-07 14:44:05.372,OnTrack,1615,12686,2025,pos,0 days 00:40:52.831000,0 days 01:39:08.343000
2024-07-07 14:44:05.672,OnTrack,1790,12724,2026,pos,0 days 00:40:53.131000,0 days 01:39:08.643000
2024-07-07 14:44:05.853,OnTrack,1923,12748,2027,pos,0 days 00:40:53.312000,0 days 01:39:08.824000
2024-07-07 14:44:06.052,OnTrack,2082,12772,2028,pos,0 days 00:40:53.511000,0 days 01:39:09.023000
2024-07-07 14:44:06.272,OnTrack,2248,12794,2029,pos,0 days 00:40:53.731000,0 days 01:39:09.243000
2024-07-07 14:44:06.571,OnTrack,2555,12827,2032,pos,0 days 00:40:54.030000,0 days 01:39:09.542000
2024-07-07 14:44:07.051,OnTrack,2897,12862,2035,pos,0 days 00:40:54.510000,0 days 01:39:10.022000
2024-07-07 14:44:07.292,OnTrack,3038,12876,2036,pos,0 days 00:40:54.751000,0 days 01:39:10.263000
2024-07-07 14:44:07.472,OnTrack,3180,12891,2038,pos,0 days 00:40:54.931000,0 days 01:39:10.443000
2024-07-07 14:44:07.852,OnTrack,3512,12928,2040,pos,0 days 00:40:55.311000,0 days 01:39:10.823000
2024-07-07 14:44:08.251,OnTrack,3912,12972,2042,pos,0 days 00:40:55.710000,0 days 01:39:11.222000
2024-07-07 14:44:08.652,OnTrack,4230,13012,2044,pos,0 days 00:40:56.111000,0 days 01:39:11.623000
2024-07-07 14:44:09.051,OnTrack,4436,13039,2045,pos,0 days 00:40:56.510000,0 days 01:39:12.022000
2024-07-07 14:44:09.172,OnTrack,4530,13052,2046,pos,0 days 00:40:56.631000,0 days 01:39:12.143000
2024-07-07 14:44:09.412,OnTrack,4711,13075,2047,pos,0 days 00:40:56.871000,0 days 01:39:12.383000
2024-07-07 14:44:09.692,OnTrack,4962,13101,2048,pos,0 days 00:40:57.151000,0 days 01:39:12.663000
2024-07-07 14:44:09.972,OnTrack,5092,13111,2049,pos,0 days 00:40:57.431000,0 days 01:39:12.943000
2024-07-07 14:44:10.292,OnTrack,5304,13111,2050,pos,0 days 00:40:57.751000,0 days 01:39:13.263000
2024-07-07 14:44:10.612,OnTrack,5457,13092,2050,pos,0 days 00:40:58.071000,0 days 01:39:13.583000
2024-07-07 14:44:10.772,OnTrack,5550,13072,2051,pos,0 days 00:40:58.231000,0 days 01:39:13.743000
2024-07-07 14:44:11.132,OnTrack,5747,13010,2052,pos,0 days 00:40:58.591000,0 days 01:39:14.103000
2024-07-07 14:44:11.292,OnTrack,5829,12973,2052,pos,0 days 00:40:58.751000,0 days 01:39:14.263000
2024-07-07 14:44:11.452,OnTrack,5909,12931,2053,pos,0 days 00:40:58.911000,0 days 01:39:14.423000
2024-07-07 14:44:11.632,OnTrack,5995,12877,2053,pos,0 days 00:40:59.091000,0 days 01:39:14.603000
2024-07-07 14:44:11.792,OnTrack,6067,12825,2054,pos,0 days 00:40:59.251000,0 days 01:39:14.763000
2024-07-07 14:44:12.073,OnTrack,6188,12726,2055,pos,0 days 00:40:59.532000,0 days 01:39:15.044000
2024-07-07 14:44:12.312,OnTrack,6277,12635,2055,pos,0 days 00:40:59.771000,0 days 01:39:15.283000
2024-07-07 14:44:12.532,OnTrack,6355,12535,2056,pos,0 days 00:40:59.991000,0 days 01:39:15.503000
2024-07-07 14:44:12.712,OnTrack,6410,12448,2056,pos,0 days 00:41:00.171000,0 days 01:39:15.683000
2024-07-07 14:44:12.893,OnTrack,6481,12316,2057,pos,0 days 00:41:00.352000,0 days 01:39:15.864000
2024-07-07 14:44:13.291,OnTrack,6557,12144,2058,pos,0 days 00:41:00.750000,0 days 01:39:16.262000
2024-07-07 14:44:13.532,OnTrack,6633,11926,2060,pos,0 days 00:41:00.991000,0 days 01:39:16.503000
2024-07-07 14:44:13.951,OnTrack,6682,11758,2061,pos,0 days 00:41:01.410000,0 days 01:39:16.922000
2024-07-07 14:44:14.111,OnTrack,6708,11659,2062,pos,0 days 00:41:01.570000,0 days 01:39:17.082000
2024-07-07 14:44:14.352,OnTrack,6764,11430,2064,pos,0 days 00:41:01.811000,0 days 01:39:17.323000
2024-07-07 14:44:14.812,OnTrack,6813,11205,2065,pos,0 days 00:41:02.271000,0 days 01:39:17.783000
2024-07-07 14:44:14.872,OnTrack,6820,11172,2066,pos,0 days 00:41:02.331000,0 days 01:39:17.843000
2024-07-07 14:44:15.051,OnTrack,6843,11046,2066,pos,0 days 00:41:02.510000,0 days 01:39:18.022000
2024-07-07 14:44:15.311,OnTrack,6871,10879,2068,pos,0 days 00:41:02.770000,0 days 01:39:18.282000
2024-07-07 14:44:15.632,OnTrack,6913,10574,2070,pos,0 days 00:41:03.091000,0 days 01:39:18.603000
2024-07-07 14:44:15.912,OnTrack,6928,10444,2071,pos,0 days 00:41:03.371000,0 days 01:39:18.883000
2024-07-07 14:44:16.252,OnTrack,6952,10195,2073,pos,0 days 00:41:03.711000,0 days 01:39:19.223000
2024-07-07 14:44:16.452,OnTrack,6963,10046,2074,pos,0 days 00:41:03.911000,0 days 01:39:19.423000
2024-07-07 14:44:16.632,OnTrack,6970,9910,2074,pos,0 days 00:41:04.091000,0 days 01:39:19.603000
2024-07-07 14:44:16.852,OnTrack,6978,9683,2075,pos,0 days 00:41:04.311000,0 days 01:39:19.823000
2024-07-07 14:44:17.152,OnTrack,6982,9514,2075,pos,0 days 00:41:04.611000,0 days 01:39:20.123000
2024-07-07 14:44:17.352,OnTrack,6986,9360,2074,pos,0 days 00:41:04.811000,0 days 01:39:20.323000
2024-07-07 14:44:17.552,OnTrack,6991,9204,2074,pos,0 days 00:41:05.011000,0 days 01:39:20.523000
2024-07-07 14:44:17.832,OnTrack,7001,9005,2073,pos,0 days 00:41:05.291000,0 days 01:39:20.803000
2024-07-07 14:44:18.112,OnTrack,7024,8786,2071,pos,0 days 00:41:05.571000,0 days 01:39:21.083000
2024-07-07 14:44:18.212,OnTrack,7035,8708,2071,pos,0 days 00:41:05.671000,0 days 01:39:21.183000
2024-07-07 14:44:18.392,OnTrack,7059,8567,2070,pos,0 days 00:41:05.851000,0 days 01:39:21.363000
2024-07-07 14:44:18.672,OnTrack,7122,8286,2069,pos,0 days 00:41:06.131000,0 days 01:39:21.643000
2024-07-07 14:44:18.972,OnTrack,7169,8115,2067,pos,0 days 00:41:06.431000,0 days 01:39:21.943000
2024-07-07 14:44:19.332,OnTrack,7260,7840,2063,pos,0 days 00:41:06.791000,0 days 01:39:22.303000
2024-07-07 14:44:19.532,OnTrack,7352,7608,2060,pos,0 days 00:41:06.991000,0 days 01:39:22.503000
2024-07-07 14:44:19.831,OnTrack,7401,7486,2060,pos,0 days 00:41:07.290000,0 days 01:39:22.802000
2024-07-07 14:44:20.071,OnTrack,7458,7331,2059,pos,0 days 00:41:07.530000,0 days 01:39:23.042000
2024-07-07 14:44:20.211,OnTrack,7485,7245,2058,pos,0 days 00:41:07.670000,0 days 01:39:23.182000
2024-07-07 14:44:20.431,OnTrack,7516,7120,2058,pos,0 days 00:41:07.890000,0 days 01:39:23.402000
2024-07-07 14:44:21.412,OnTrack,7489,6525,2059,pos,0 days 00:41:08.871000,0 days 01:39:24.383000
2024-07-07 14:44:21.591,OnTrack,7465,6418,2060,pos,0 days 00:41:09.050000,0 days 01:39:24.562000
2024-07-07 14:44:21.872,OnTrack,7423,6250,2061,pos,0 days 00:41:09.331000,0 days 01:39:24.843000
2024-07-07 14:44:22.172,OnTrack,7380,6076,2062,pos,0 days 00:41:09.631000,0 days 01:39:25.143000
2024-07-07 14:44:22.351,OnTrack,7357,5964,2062,pos,0 days 00:41:09.810000,0 days 01:39:25.322000
2024-07-07 14:44:22.532,OnTrack,7338,5860,2063,pos,0 days 00:41:09.991000,0 days 01:39:25.503000
2024-07-07 14:44:22.712,OnTrack,7326,5759,2063,pos,0 days 00:41:10.171000,0 days 01:39:25.683000
2024-07-07 14:44:23.012,OnTrack,7318,5561,2062,pos,0 days 00:41:10.471000,0 days 01:39:25.983000
2024-07-07 14:44:23.432,OnTrack,7350,5352,2062,pos,0 days 00:41:10.891000,0 days 01:39:26.403000
2024-07-07 14:44:23.752,OnTrack,7425,5153,2059,pos,0 days 00:41:11.211000,0 days 01:39:26.723000
2024-07-07 14:44:24.112,OnTrack,7484,5039,2058,pos,0 days 00:41:11.571000,0 days 01:39:27.083000
2024-07-07 14:44:24.352,OnTrack,7547,4933,2056,pos,0 days 00:41:11.811000,0 days 01:39:27.323000
2024-07-07 14:44:25.453,OnTrack,7773,4446,2050,pos,0 days 00:41:12.912000,0 days 01:39:28.424000
2024-07-07 14:44:25.672,OnTrack,7787,4351,2048,pos,0 days 00:41:13.131000,0 days 01:39:28.643000
2024-07-07 14:44:25.912,OnTrack,7787,4248,2046,pos,0 days 00:41:13.371000,0 days 01:39:28.883000
2024-07-07 14:44:26.172,OnTrack,7772,4138,2044,pos,0 days 00:41:13.631000,0 days 01:39:29.143000
2024-07-07 14:44:26.351,OnTrack,7754,4064,2043,pos,0 days 00:41:13.810000,0 days 01:39:29.322000
2024-07-07 14:44:26.451,OnTrack,7742,4025,2043,pos,0 days 00:41:13.910000,0 days 01:39:29.422000
2024-07-07 14:44:26.751,OnTrack,7698,3909,2041,pos,0 days 00:41:14.210000,0 days 01:39:29.722000
2024-07-07 14:44:26.931,OnTrack,7665,3842,2040,pos,0 days 00:41:14.390000,0 days 01:39:29.902000
2024-07-07 14:44:27.171,OnTrack,7614,3754,2039,pos,0 days 00:41:14.630000,0 days 01:39:30.142000
2024-07-07 14:44:27.311,OnTrack,7581,3705,2039,pos,0 days 00:41:14.770000,0 days 01:39:30.282000
2024-07-07 14:44:27.531,OnTrack,7521,3630,2037,pos,0 days 00:41:14.990000,0 days 01:39:30.502000
2024-07-07 14:44:27.732,OnTrack,7458,3566,2037,pos,0 days 00:41:15.191000,0 days 01:39:30.703000
2024-07-07 14:44:28.012,OnTrack,7356,3485,2035,pos,0 days 00:41:15.471000,0 days 01:39:30.983000
2024-07-07 14:44:28.192,OnTrack,7280,3436,2034,pos,0 days 00:41:15.651000,0 days 01:39:31.163000
2024-07-07 14:44:28.412,OnTrack,7179,3380,2032,pos,0 days 00:41:15.871000,0 days 01:39:31.383000
2024-07-07 14:44:28.532,OnTrack,7122,3351,2032,pos,0 days 00:41:15.991000,0 days 01:39:31.503000
2024-07-07 14:44:28.692,OnTrack,7044,3310,2031,pos,0 days 00:41:16.151000,0 days 01:39:31.663000
2024-07-07 14:44:28.972,OnTrack,6914,3233,2030,pos,0 days 00:41:16.431000,0 days 01:39:31.943000
2024-07-07 14:44:29.232,OnTrack,6791,3136,2029,pos,0 days 00:41:16.691000,0 days 01:39:32.203000
2024-07-07 14:44:29.471,OnTrack,6641,2988,2028,pos,0 days 00:41:16.930000,0 days 01:39:32.442000
2024-07-07 14:44:29.731,OnTrack,6572,2914,2027,pos,0 days 00:41:17.190000,0 days 01:39:32.702000
2024-07-07 14:44:30.031,OnTrack,6409,2717,2027,pos,0 days 00:41:17.490000,0 days 01:39:33.002000
2024-07-07 14:44:30.472,OnTrack,6262,2496,2026,pos,0 days 00:41:17.931000,0 days 01:39:33.443000
2024-07-07 14:44:30.812,OnTrack,6170,2335,2026,pos,0 days 00:41:18.271000,0 days 01:39:33.783000
2024-07-07 14:44:31.052,OnTrack,6092,2188,2025,pos,0 days 00:41:18.511000,0 days 01:39:34.023000
2024-07-07 14:44:31.312,OnTrack,6011,2026,2025,pos,0 days 00:41:18.771000,0 days 01:39:34.283000
2024-07-07 14:44:31.432,OnTrack,5973,1950,2025,pos,0 days 00:41:18.891000,0 days 01:39:34.403000
2024-07-07 14:44:31.732,OnTrack,5879,1755,2024,pos,0 days 00:41:19.191000,0 days 01:39:34.703000
2024-07-07 14:44:31.953,OnTrack,5783,1558,2023,pos,0 days 00:41:19.412000,0 days 01:39:34.924000
2024-07-07 14:44:32.332,OnTrack,5687,1357,2022,pos,0 days 00:41:19.791000,0 days 01:39:35.303000
2024-07-07 14:44:32.553,OnTrack,5583,1141,2020,pos,0 days 00:41:20.012000,0 days 01:39:35.524000
2024-07-07 14:44:32.891,OnTrack,5507,980,2019,pos,0 days 00:41:20.350000,0 days 01:39:35.862000
2024-07-07 14:44:33.072,OnTrack,5448,856,2019,pos,0 days 00:41:20.531000,0 days 01:39:36.043000
2024-07-07 14:44:33.332,OnTrack,5361,675,2017,pos,0 days 00:41:20.791000,0 days 01:39:36.303000
2024-07-07 14:44:33.592,OnTrack,5246,437,2016,pos,0 days 00:41:21.051000,0 days 01:39:36.563000
2024-07-07 14:44:33.912,OnTrack,5116,168,2013,pos,0 days 00:41:21.371000,0 days 01:39:36.883000
2024-07-07 14:44:34.271,OnTrack,5040,12,2012,pos,0 days 00:41:21.730000,0 days 01:39:37.242000
2024-07-07 14:44:34.472,OnTrack,4971,-130,2011,pos,0 days 00:41:21.931000,0 days 01:39:37.443000
2024-07-07 14:44:34.792,OnTrack,4860,-361,2010,pos,0 days 00:41:22.251000,0 days 01:39:37.763000
2024-07-07 14:44:35.032,OnTrack,4781,-527,2009,pos,0 days 00:41:22.491000,0 days 01:39:38.003000
2024-07-07 14:44:36.052,OnTrack,4408,-1295,2003,pos,0 days 00:41:23.511000,0 days 01:39:39.023000
2024-07-07 14:44:36.392,OnTrack,4300,-1515,2000,pos,0 days 00:41:23.851000,0 days 01:39:39.363000
2024-07-07 14:44:36.472,OnTrack,4271,-1574,1999,pos,0 days 00:41:23.931000,0 days 01:39:39.443000
2024-07-07 14:44:36.752,OnTrack,4171,-1773,1997,pos,0 days 00:41:24.211000,0 days 01:39:39.723000
2024-07-07 14:44:36.972,OnTrack,4086,-1943,1995,pos,0 days 00:41:24.431000,0 days 01:39:39.943000
2024-07-07 14:44:37.172,OnTrack,4015,-2083,1994,pos,0 days 00:41:24.631000,0 days 01:39:40.143000
2024-07-07 14:44:37.452,OnTrack,3906,-2296,1994,pos,0 days 00:41:24.911000,0 days 01:39:40.423000
2024-07-07 14:44:37.673,OnTrack,3822,-2456,1994,pos,0 days 00:41:25.132000,0 days 01:39:40.644000
2024-07-07 14:44:37.832,OnTrack,3726,-2639,1995,pos,0 days 00:41:25.291000,0 days 01:39:40.803000
2024-07-07 14:44:38.192,OnTrack,3626,-2826,1998,pos,0 days 00:41:25.651000,0 days 01:39:41.163000
2024-07-07 14:44:38.452,OnTrack,3528,-3003,2001,pos,0 days 00:41:25.911000,0 days 01:39:41.423000
2024-07-07 14:44:38.672,OnTrack,3436,-3162,2004,pos,0 days 00:41:26.131000,0 days 01:39:41.643000
2024-07-07 14:44:38.952,OnTrack,3319,-3355,2008,pos,0 days 00:41:26.411000,0 days 01:39:41.923000
2024-07-07 14:44:39.333,OnTrack,3182,-3552,2013,pos,0 days 00:41:26.792000,0 days 01:39:42.304000
2024-07-07 14:44:39.511,OnTrack,3077,-3681,2016,pos,0 days 00:41:26.970000,0 days 01:39:42.482000
2024-07-07 14:44:39.892,OnTrack,2972,-3794,2018,pos,0 days 00:41:27.351000,0 days 01:39:42.863000
2024-07-07 14:44:40.132,OnTrack,2879,-3876,2021,pos,0 days 00:41:27.591000,0 days 01:39:43.103000
2024-07-07 14:44:40.331,OnTrack,2798,-3935,2022,pos,0 days 00:41:27.790000,0 days 01:39:43.302000
2024-07-07 14:44:40.511,OnTrack,2726,-3978,2024,pos,0 days 00:41:27.970000,0 days 01:39:43.482000
2024-07-07 14:44:40.692,OnTrack,2645,-4020,2025,pos,0 days 00:41:28.151000,0 days 01:39:43.663000
2024-07-07 14:44:40.871,OnTrack,2567,-4053,2026,pos,0 days 00:41:28.330000,0 days 01:39:43.842000
2024-07-07 14:44:41.111,OnTrack,2434,-4093,2028,pos,0 days 00:41:28.570000,0 days 01:39:44.082000
2024-07-07 14:44:41.592,OnTrack,2233,-4115,2031,pos,0 days 00:41:29.051000,0 days 01:39:44.563000
2024-07-07 14:44:41.852,OnTrack,2173,-4112,2032,pos,0 days 00:41:29.311000,0 days 01:39:44.823000
2024-07-07 14:44:42.092,OnTrack,2071,-4098,2032,pos,0 days 00:41:29.551000,0 days 01:39:45.063000
2024-07-07 14:44:42.352,OnTrack,1962,-4070,2033,pos,0 days 00:41:29.811000,0 days 01:39:45.323000
2024-07-07 14:44:42.612,OnTrack,1808,-4007,2033,pos,0 days 00:41:30.071000,0 days 01:39:45.583000
2024-07-07 14:44:43.071,OnTrack,1663,-3918,2032,pos,0 days 00:41:30.530000,0 days 01:39:46.042000
2024-07-07 14:44:43.412,OnTrack,1557,-3829,2031,pos,0 days 00:41:30.871000,0 days 01:39:46.383000
2024-07-07 14:44:43.512,OnTrack,1523,-3796,2031,pos,0 days 00:41:30.971000,0 days 01:39:46.483000
2024-07-07 14:44:43.712,OnTrack,1460,-3730,2030,pos,0 days 00:41:31.171000,0 days 01:39:46.683000
2024-07-07 14:44:43.972,OnTrack,1376,-3625,2029,pos,0 days 00:41:31.431000,0 days 01:39:46.943000
2024-07-07 14:44:44.193,OnTrack,1273,-3468,2026,pos,0 days 00:41:31.652000,0 days 01:39:47.164000
2024-07-07 14:44:44.733,OnTrack,1139,-3221,2019,pos,0 days 00:41:32.192000,0 days 01:39:47.704000
2024-07-07 14:44:45.152,OnTrack,1013,-2993,2010,pos,0 days 00:41:32.611000,0 days 01:39:48.123000
2024-07-07 14:44:45.452,OnTrack,955,-2898,2006,pos,0 days 00:41:32.911000,0 days 01:39:48.423000
2024-07-07 14:44:45.593,OnTrack,907,-2825,2002,pos,0 days 00:41:33.052000,0 days 01:39:48.564000
2024-07-07 14:44:45.812,OnTrack,826,-2709,1996,pos,0 days 00:41:33.271000,0 days 01:39:48.783000
2024-07-07 14:44:46.132,OnTrack,701,-2539,1990,pos,0 days 00:41:33.591000,0 days 01:39:49.103000
2024-07-07 14:44:46.311,OnTrack,629,-2442,1987,pos,0 days 00:41:33.770000,0 days 01:39:49.282000
2024-07-07 14:44:46.471,OnTrack,565,-2355,1985,pos,0 days 00:41:33.930000,0 days 01:39:49.442000
2024-07-07 14:44:46.771,OnTrack,374,-2098,1985,pos,0 days 00:41:34.230000,0 days 01:39:49.742000
2024-07-07 14:44:47.032,OnTrack,324,-2033,1985,pos,0 days 00:41:34.491000,0 days 01:39:50.003000
2024-07-07 14:44:47.391,OnTrack,110,-1768,1986,pos,0 days 00:41:34.850000,0 days 01:39:50.362000
2024-07-07 14:44:47.792,OnTrack,3,-1644,1986,pos,0 days 00:41:35.251000,0 days 01:39:50.763000
2024-07-07 14:44:48.032,OnTrack,-120,-1504,1985,pos,0 days 00:41:35.491000,0 days 01:39:51.003000
2024-07-07 14:44:48.412,OnTrack,-214,-1399,1984,pos,0 days 00:41:35.871000,0 days 01:39:51.383000
2024-07-07 14:44:48.592,OnTrack,-270,-1336,1983,pos,0 days 00:41:36.051000,0 days 01:39:51.563000
2024-07-07 14:44:48.811,OnTrack,-367,-1227,1980,pos,0 days 00:41:36.270000,0 days 01:39:51.782000
2024-07-07 14:44:49.212,OnTrack,-440,-1146,1979,pos,0 days 00:41:36.671000,0 days 01:39:52.183000
2024-07-07 14:44:49.512,OnTrack,-515,-1073,1977,pos,0 days 00:41:36.971000,0 days 01:39:52.483000
2024-07-07 14:44:49.672,OnTrack,-553,-1041,1977,pos,0 days 00:41:37.131000,0 days 01:39:52.643000
2024-07-07 14:44:49.932,OnTrack,-632,-987,1976,pos,0 days 00:41:37.391000,0 days 01:39:52.903000
2024-07-07 14:44:50.212,OnTrack,-686,-958,1975,pos,0 days 00:41:37.671000,0 days 01:39:53.183000
2024-07-07 14:44:50.512,OnTrack,-773,-926,1976,pos,0 days 00:41:37.971000,0 days 01:39:53.483000
2024-07-07 14:44:50.772,OnTrack,-821,-917,1976,pos,0 days 00:41:38.231000,0 days 01:39:53.743000
2024-07-07 14:44:51.172,OnTrack,-946,-915,1976,pos,0 days 00:41:38.631000,0 days 01:39:54.143000
2024-07-07 14:44:51.452,OnTrack,-982,-921,1977,pos,0 days 00:41:38.911000,0 days 01:39:54.423000
2024-07-07 14:44:51.712,OnTrack,-1039,-938,1978,pos,0 days 00:41:39.171000,0 days 01:39:54.683000
2024-07-07 14:44:51.892,OnTrack,-1102,-970,1979,pos,0 days 00:41:39.351000,0 days 01:39:54.863000
2024-07-07 14:44:52.373,OnTrack,-1174,-1021,1980,pos,0 days 00:41:39.832000,0 days 01:39:55.344000
2024-07-07 14:44:52.612,OnTrack,-1233,-1067,1981,pos,0 days 00:41:40.071000,0 days 01:39:55.583000
2024-07-07 14:44:52.912,OnTrack,-1287,-1106,1981,pos,0 days 00:41:40.371000,0 days 01:39:55.883000
2024-07-07 14:44:53.091,OnTrack,-1328,-1130,1981,pos,0 days 00:41:40.550000,0 days 01:39:56.062000
2024-07-07 14:44:53.331,OnTrack,-1385,-1155,1981,pos,0 days 00:41:40.790000,0 days 01:39:56.302000
2024-07-07 14:44:53.492,OnTrack,-1425,-1166,1981,pos,0 days 00:41:40.951000,0 days 01:39:56.463000
2024-07-07 14:44:53.851,OnTrack,-1515,-1170,1981,pos,0 days 00:41:41.310000,0 days 01:39:56.822000
2024-07-07 14:44:54.072,OnTrack,-1574,-1160,1980,pos,0 days 00:41:41.531000,0 days 01:39:57.043000
2024-07-07 14:44:54.352,OnTrack,-1638,-1143,1979,pos,0 days 00:41:41.811000,0 days 01:39:57.323000
2024-07-07 14:44:54.612,OnTrack,-1701,-1120,1978,pos,0 days 00:41:42.071000,0 days 01:39:57.583000
2024-07-07 14:44:54.832,OnTrack,-1787,-1078,1978,pos,0 days 00:41:42.291000,0 days 01:39:57.803000
2024-07-07 14:44:55.192,OnTrack,-1837,-1045,1977,pos,0 days 00:41:42.651000,0 days 01:39:58.163000
2024-07-07 14:44:55.532,OnTrack,-1912,-982,1976,pos,0 days 00:41:42.991000,0 days 01:39:58.503000
2024-07-07 14:44:55.732,OnTrack,-1953,-938,1976,pos,0 days 00:41:43.191000,0 days 01:39:58.703000
2024-07-07 14:44:55.752,OnTrack,-1957,-933,1976,pos,0 days 00:41:43.211000,0 days 01:39:58.723000
2024-07-07 14:44:55.972,OnTrack,-2001,-879,1975,pos,0 days 00:41:43.431000,0 days 01:39:58.943000
2024-07-07 14:44:56.292,OnTrack,-2089,-768,1975,pos,0 days 00:41:43.751000,0 days 01:39:59.263000
2024-07-07 14:44:56.712,OnTrack,-2153,-671,1974,pos,0 days 00:41:44.171000,0 days 01:39:59.683000
2024-07-07 14:44:56.932,OnTrack,-2191,-596,1974,pos,0 days 00:41:44.391000,0 days 01:39:59.903000
2024-07-07 14:44:57.192,OnTrack,-2242,-468,1973,pos,0 days 00:41:44.651000,0 days 01:40:00.163000
2024-07-07 14:44:57.432,OnTrack,-2262,-403,1972,pos,0 days 00:41:44.891000,0 days 01:40:00.403000
2024-07-07 14:44:57.772,OnTrack,-2294,-259,1970,pos,0 days 00:41:45.231000,0 days 01:40:00.743000
2024-07-07 14:44:57.932,OnTrack,-2304,-187,1969,pos,0 days 00:41:45.391000,0 days 01:40:00.903000
2024-07-07 14:44:58.192,OnTrack,-2314,-31,1968,pos,0 days 00:41:45.651000,0 days 01:40:01.163000
2024-07-07 14:44:58.592,OnTrack,-2306,120,1966,pos,0 days 00:41:46.051000,0 days 01:40:01.563000
2024-07-07 14:44:58.852,OnTrack,-2288,247,1965,pos,0 days 00:41:46.311000,0 days 01:40:01.823000
2024-07-07 14:44:59.072,OnTrack,-2264,354,1964,pos,0 days 00:41:46.531000,0 days 01:40:02.043000
2024-07-07 14:44:59.252,OnTrack,-2221,483,1963,pos,0 days 00:41:46.711000,0 days 01:40:02.223000
2024-07-07 14:44:59.611,OnTrack,-2155,620,1962,pos,0 days 00:41:47.070000,0 days 01:40:02.582000
2024-07-07 14:44:59.851,OnTrack,-2091,737,1962,pos,0 days 00:41:47.310000,0 days 01:40:02.822000
2024-07-07 14:45:00.032,OnTrack,-2029,832,1962,pos,0 days 00:41:47.491000,0 days 01:40:03.003000
2024-07-07 14:45:00.272,OnTrack,-1944,953,1962,pos,0 days 00:41:47.731000,0 days 01:40:03.243000
2024-07-07 14:45:00.451,OnTrack,-1880,1040,1963,pos,0 days 00:41:47.910000,0 days 01:40:03.422000
2024-07-07 14:45:00.632,OnTrack,-1778,1180,1963,pos,0 days 00:41:48.091000,0 days 01:40:03.603000
2024-07-07 14:45:00.932,OnTrack,-1702,1281,1964,pos,0 days 00:41:48.391000,0 days 01:40:03.903000
2024-07-07 14:45:01.331,OnTrack,-1533,1496,1965,pos,0 days 00:41:48.790000,0 days 01:40:04.302000
2024-07-07 14:45:01.712,OnTrack,-1383,1687,1967,pos,0 days 00:41:49.171000,0 days 01:40:04.683000
2024-07-07 14:45:01.912,OnTrack,-1300,1797,1968,pos,0 days 00:41:49.371000,0 days 01:40:04.883000
2024-07-07 14:45:02.032,OnTrack,-1251,1865,1969,pos,0 days 00:41:49.491000,0 days 01:40:05.003000
2024-07-07 14:45:02.292,OnTrack,-1143,2013,1971,pos,0 days 00:41:49.751000,0 days 01:40:05.263000
2024-07-07 14:45:02.572,OnTrack,-1025,2175,1973,pos,0 days 00:41:50.031000,0 days 01:40:05.543000
2024-07-07 14:45:02.732,OnTrack,-957,2269,1975,pos,0 days 00:41:50.191000,0 days 01:40:05.703000
2024-07-07 14:45:02.931,OnTrack,-872,2387,1977,pos,0 days 00:41:50.390000,0 days 01:40:05.902000
2024-07-07 14:45:03.212,OnTrack,-706,2614,1980,pos,0 days 00:41:50.671000,0 days 01:40:06.183000
2024-07-07 14:45:03.472,OnTrack,-637,2712,1982,pos,0 days 00:41:50.931000,0 days 01:40:06.443000
2024-07-07 14:45:03.692,OnTrack,-542,2849,1984,pos,0 days 00:41:51.151000,0 days 01:40:06.663000
2024-07-07 14:45:04.032,OnTrack,-363,3116,1989,pos,0 days 00:41:51.491000,0 days 01:40:07.003000
2024-07-07 14:45:04.412,OnTrack,-182,3386,1994,pos,0 days 00:41:51.871000,0 days 01:40:07.383000
2024-07-07 14:45:04.752,OnTrack,-83,3527,1996,pos,0 days 00:41:52.211000,0 days 01:40:07.723000
2024-07-07 14:45:04.932,OnTrack,0,3641,1998,pos,0 days 00:41:52.391000,0 days 01:40:07.903000
2024-07-07 14:45:05.193,OnTrack,118,3797,2001,pos,0 days 00:41:52.652000,0 days 01:40:08.164000
2024-07-07 14:45:05.493,OnTrack,255,3961,2005,pos,0 days 00:41:52.952000,0 days 01:40:08.464000
2024-07-07 14:45:05.672,OnTrack,337,4052,2008,pos,0 days 00:41:53.131000,0 days 01:40:08.643000
2024-07-07 14:45:05.852,OnTrack,409,4124,2010,pos,0 days 00:41:53.311000,0 days 01:40:08.823000
2024-07-07 14:45:06.071,OnTrack,520,4224,2011,pos,0 days 00:41:53.530000,0 days 01:40:09.042000
2024-07-07 14:45:06.272,OnTrack,623,4301,2012,pos,0 days 00:41:53.731000,0 days 01:40:09.243000
2024-07-07 14:45:06.552,OnTrack,789,4394,2013,pos,0 days 00:41:54.011000,0 days 01:40:09.523000
2024-07-07 14:45:06.892,OnTrack,982,4463,2014,pos,0 days 00:41:54.351000,0 days 01:40:09.863000
2024-07-07 14:45:07.011,OnTrack,1057,4482,2015,pos,0 days 00:41:54.470000,0 days 01:40:09.982000
2024-07-07 14:45:07.392,OnTrack,1328,4516,2017,pos,0 days 00:41:54.851000,0 days 01:40:10.363000
2024-07-07 14:45:07.771,OnTrack,1616,4516,2021,pos,0 days 00:41:55.230000,0 days 01:40:10.742000
2024-07-07 14:45:08.032,OnTrack,1731,4508,2022,pos,0 days 00:41:55.491000,0 days 01:40:11.003000
2024-07-07 14:45:08.252,OnTrack,1881,4491,2024,pos,0 days 00:41:55.711000,0 days 01:40:11.223000
2024-07-07 14:45:08.492,OnTrack,2047,4467,2026,pos,0 days 00:41:55.951000,0 days 01:40:11.463000
2024-07-07 14:45:08.712,OnTrack,2201,4450,2027,pos,0 days 00:41:56.171000,0 days 01:40:11.683000
2024-07-07 14:45:08.992,OnTrack,2401,4439,2029,pos,0 days 00:41:56.451000,0 days 01:40:11.963000
2024-07-07 14:45:09.132,OnTrack,2503,4439,2030,pos,0 days 00:41:56.591000,0 days 01:40:12.103000
2024-07-07 14:45:09.372,OnTrack,2675,4449,2033,pos,0 days 00:41:56.831000,0 days 01:40:12.343000
2024-07-07 14:45:09.652,OnTrack,2992,4517,2038,pos,0 days 00:41:57.111000,0 days 01:40:12.623000
2024-07-07 14:45:09.972,OnTrack,3117,4562,2040,pos,0 days 00:41:57.431000,0 days 01:40:12.943000
2024-07-07 14:45:10.172,OnTrack,3251,4625,2042,pos,0 days 00:41:57.631000,0 days 01:40:13.143000
2024-07-07 14:45:10.432,OnTrack,3477,4769,2046,pos,0 days 00:41:57.891000,0 days 01:40:13.403000
2024-07-07 14:45:10.752,OnTrack,3606,4871,2048,pos,0 days 00:41:58.211000,0 days 01:40:13.723000
2024-07-07 14:45:11.072,OnTrack,3781,5035,2049,pos,0 days 00:41:58.531000,0 days 01:40:14.043000
2024-07-07 14:45:11.312,OnTrack,3906,5162,2050,pos,0 days 00:41:58.771000,0 days 01:40:14.283000
2024-07-07 14:45:11.512,OnTrack,4048,5302,2051,pos,0 days 00:41:58.971000,0 days 01:40:14.483000
2024-07-07 14:45:11.772,OnTrack,4132,5382,2051,pos,0 days 00:41:59.231000,0 days 01:40:14.743000
2024-07-07 14:45:11.973,OnTrack,4218,5462,2052,pos,0 days 00:41:59.432000,0 days 01:40:14.944000
2024-07-07 14:45:12.332,OnTrack,4397,5619,2054,pos,0 days 00:41:59.791000,0 days 01:40:15.303000
2024-07-07 14:45:12.671,OnTrack,4477,5686,2054,pos,0 days 00:42:00.130000,0 days 01:40:15.642000
2024-07-07 14:45:12.872,OnTrack,4544,5741,2054,pos,0 days 00:42:00.331000,0 days 01:40:15.843000
2024-07-07 14:45:13.052,OnTrack,4599,5784,2055,pos,0 days 00:42:00.511000,0 days 01:40:16.023000
2024-07-07 14:45:13.231,OnTrack,4645,5816,2055,pos,0 days 00:42:00.690000,0 days 01:40:16.202000
2024-07-07 14:45:13.531,OnTrack,4732,5864,2054,pos,0 days 00:42:00.990000,0 days 01:40:16.502000
2024-07-07 14:45:13.771,OnTrack,4802,5888,2054,pos,0 days 00:42:01.230000,0 days 01:40:16.742000
2024-07-07 14:45:13.932,OnTrack,4850,5896,2054,pos,0 days 00:42:01.391000,0 days 01:40:16.903000
2024-07-07 14:45:14.031,OnTrack,4879,5899,2053,pos,0 days 00:42:01.490000,0 days 01:40:17.002000
2024-07-07 14:45:14.412,OnTrack,4991,5894,2053,pos,0 days 00:42:01.871000,0 days 01:40:17.383000
2024-07-07 14:45:14.812,OnTrack,5097,5863,2054,pos,0 days 00:42:02.271000,0 days 01:40:17.783000
2024-07-07 14:45:15.072,OnTrack,5140,5841,2055,pos,0 days 00:42:02.531000,0 days 01:40:18.043000
2024-07-07 14:45:15.332,OnTrack,5188,5808,2056,pos,0 days 00:42:02.791000,0 days 01:40:18.303000
2024-07-07 14:45:15.492,OnTrack,5218,5782,2056,pos,0 days 00:42:02.951000,0 days 01:40:18.463000
2024-07-07 14:45:15.711,OnTrack,5253,5746,2057,pos,0 days 00:42:03.170000,0 days 01:40:18.682000
2024-07-07 14:45:16.032,OnTrack,5296,5686,2059,pos,0 days 00:42:03.491000,0 days 01:40:19.003000
2024-07-07 14:45:16.212,OnTrack,5325,5626,2059,pos,0 days 00:42:03.671000,0 days 01:40:19.183000
2024-07-07 14:45:16.552,OnTrack,5345,5570,2059,pos,0 days 00:42:04.011000,0 days 01:40:19.523000
2024-07-07 14:45:16.853,OnTrack,5368,5482,2060,pos,0 days 00:42:04.312000,0 days 01:40:19.824000
2024-07-07 14:45:17.232,OnTrack,5380,5398,2061,pos,0 days 00:42:04.691000,0 days 01:40:20.203000
2024-07-07 14:45:17.472,OnTrack,5389,5309,2062,pos,0 days 00:42:04.931000,0 days 01:40:20.443000
2024-07-07 14:45:17.892,OnTrack,5399,5206,2064,pos,0 days 00:42:05.351000,0 days 01:40:20.863000
2024-07-07 14:45:18.092,OnTrack,5399,5197,2064,pos,0 days 00:42:05.551000,0 days 01:40:21.063000
2024-07-07 14:45:18.152,OnTrack,5403,5177,2065,pos,0 days 00:42:05.611000,0 days 01:40:21.123000
2024-07-07 14:45:18.513,OnTrack,5439,5034,2066,pos,0 days 00:42:05.972000,0 days 01:40:21.484000
2024-07-07 14:45:18.852,OnTrack,5461,4985,2066,pos,0 days 00:42:06.311000,0 days 01:40:21.823000
2024-07-07 14:45:19.092,OnTrack,5491,4932,2066,pos,0 days 00:42:06.551000,0 days 01:40:22.063000
2024-07-07 14:45:19.191,OnTrack,5505,4911,2066,pos,0 days 00:42:06.650000,0 days 01:40:22.162000
2024-07-07 14:45:19.531,OnTrack,5557,4850,2065,pos,0 days 00:42:06.990000,0 days 01:40:22.502000
2024-07-07 14:45:19.711,OnTrack,5586,4822,2065,pos,0 days 00:42:07.170000,0 days 01:40:22.682000
2024-07-07 14:45:19.932,OnTrack,5634,4784,2065,pos,0 days 00:42:07.391000,0 days 01:40:22.903000
2024-07-07 14:45:20.331,OnTrack,5705,4745,2064,pos,0 days 00:42:07.790000,0 days 01:40:23.302000
2024-07-07 14:45:20.631,OnTrack,5749,4733,2064,pos,0 days 00:42:08.090000,0 days 01:40:23.602000
2024-07-07 14:45:20.972,OnTrack,5816,4736,2064,pos,0 days 00:42:08.431000,0 days 01:40:23.943000
2024-07-07 14:45:21.372,OnTrack,5889,4772,2063,pos,0 days 00:42:08.831000,0 days 01:40:24.343000
2024-07-07 14:45:21.731,OnTrack,5956,4827,2064,pos,0 days 00:42:09.190000,0 days 01:40:24.702000
2024-07-07 14:45:22.172,OnTrack,6006,4881,2064,pos,0 days 00:42:09.631000,0 days 01:40:25.143000
2024-07-07 14:45:22.352,OnTrack,6043,4928,2065,pos,0 days 00:42:09.811000,0 days 01:40:25.323000
2024-07-07 14:45:22.811,OnTrack,6092,5003,2065,pos,0 days 00:42:10.270000,0 days 01:40:25.782000
2024-07-07 14:45:22.992,OnTrack,6117,5046,2065,pos,0 days 00:42:10.451000,0 days 01:40:25.963000
2024-07-07 14:45:23.172,OnTrack,6137,5086,2065,pos,0 days 00:42:10.631000,0 days 01:40:26.143000
2024-07-07 14:45:23.352,OnTrack,6175,5172,2065,pos,0 days 00:42:10.811000,0 days 01:40:26.323000
2024-07-07 14:45:23.732,OnTrack,6201,5241,2065,pos,0 days 00:42:11.191000,0 days 01:40:26.703000
2024-07-07 14:45:24.052,OnTrack,6234,5342,2065,pos,0 days 00:42:11.511000,0 days 01:40:27.023000
2024-07-07 14:45:24.272,OnTrack,6260,5432,2064,pos,0 days 00:42:11.731000,0 days 01:40:27.243000
2024-07-07 14:45:24.572,OnTrack,6283,5524,2065,pos,0 days 00:42:12.031000,0 days 01:40:27.543000
2024-07-07 14:45:24.912,OnTrack,6310,5664,2065,pos,0 days 00:42:12.371000,0 days 01:40:27.883000
2024-07-07 14:45:25.073,OnTrack,6324,5765,2065,pos,0 days 00:42:12.532000,0 days 01:40:28.044000
2024-07-07 14:45:25.192,OnTrack,6330,5828,2064,pos,0 days 00:42:12.651000,0 days 01:40:28.163000
2024-07-07 14:45:25.353,OnTrack,6332,5901,2064,pos,0 days 00:42:12.812000,0 days 01:40:28.324000
2024-07-07 14:45:26.511,OnTrack,6198,6551,2062,pos,0 days 00:42:13.970000,0 days 01:40:29.482000
2024-07-07 14:45:26.911,OnTrack,6129,6685,2063,pos,0 days 00:42:14.370000,0 days 01:40:29.882000
2024-07-07 14:45:27.151,OnTrack,6053,6805,2063,pos,0 days 00:42:14.610000,0 days 01:40:30.122000
2024-07-07 14:45:27.252,OnTrack,6018,6854,2064,pos,0 days 00:42:14.711000,0 days 01:40:30.223000
2024-07-07 14:45:27.532,OnTrack,5912,6983,2064,pos,0 days 00:42:14.991000,0 days 01:40:30.503000
2024-07-07 14:45:27.772,OnTrack,5734,7156,2064,pos,0 days 00:42:15.231000,0 days 01:40:30.743000
2024-07-07 14:45:28.192,OnTrack,5592,7274,2064,pos,0 days 00:42:15.651000,0 days 01:40:31.163000
2024-07-07 14:45:28.412,OnTrack,5475,7365,2064,pos,0 days 00:42:15.871000,0 days 01:40:31.383000
2024-07-07 14:45:28.632,OnTrack,5302,7497,2064,pos,0 days 00:42:16.091000,0 days 01:40:31.603000
2024-07-07 14:45:29.032,OnTrack,5140,7628,2064,pos,0 days 00:42:16.491000,0 days 01:40:32.003000
2024-07-07 14:45:29.192,OnTrack,5053,7699,2064,pos,0 days 00:42:16.651000,0 days 01:40:32.163000
2024-07-07 14:45:29.452,OnTrack,4886,7839,2064,pos,0 days 00:42:16.911000,0 days 01:40:32.423000
2024-07-07 14:45:29.852,OnTrack,4666,8028,2065,pos,0 days 00:42:17.311000,0 days 01:40:32.823000
2024-07-07 14:45:30.152,OnTrack,4543,8133,2064,pos,0 days 00:42:17.611000,0 days 01:40:33.123000
2024-07-07 14:45:30.412,OnTrack,4397,8259,2064,pos,0 days 00:42:17.871000,0 days 01:40:33.383000
2024-07-07 14:45:30.632,OnTrack,4271,8366,2064,pos,0 days 00:42:18.091000,0 days 01:40:33.603000
2024-07-07 14:45:30.952,OnTrack,4087,8524,2064,pos,0 days 00:42:18.411000,0 days 01:40:33.923000
2024-07-07 14:45:31.152,OnTrack,3978,8618,2063,pos,0 days 00:42:18.611000,0 days 01:40:34.123000
2024-07-07 14:45:31.352,OnTrack,3856,8724,2063,pos,0 days 00:42:18.811000,0 days 01:40:34.323000
2024-07-07 14:45:31.532,OnTrack,3757,8810,2063,pos,0 days 00:42:18.991000,0 days 01:40:34.503000
2024-07-07 14:45:31.692,OnTrack,3658,8898,2063,pos,0 days 00:42:19.151000,0 days 01:40:34.663000
2024-07-07 14:45:31.932,OnTrack,3517,9022,2063,pos,0 days 00:42:19.391000,0 days 01:40:34.903000
2024-07-07 14:45:32.133,OnTrack,3399,9125,2064,pos,0 days 00:42:19.592000,0 days 01:40:35.104000
2024-07-07 14:45:32.351,OnTrack,3186,9312,2063,pos,0 days 00:42:19.810000,0 days 01:40:35.322000
2024-07-07 14:45:32.732,OnTrack,3043,9437,2063,pos,0 days 00:42:20.191000,0 days 01:40:35.703000
2024-07-07 14:45:32.932,OnTrack,2839,9616,2061,pos,0 days 00:42:20.391000,0 days 01:40:35.903000
2024-07-07 14:45:33.371,OnTrack,2657,9773,2060,pos,0 days 00:42:20.830000,0 days 01:40:36.342000
2024-07-07 14:45:33.631,OnTrack,2447,9956,2057,pos,0 days 00:42:21.090000,0 days 01:40:36.602000
2024-07-07 14:45:34.032,OnTrack,2220,10159,2053,pos,0 days 00:42:21.491000,0 days 01:40:37.003000
2024-07-07 14:45:34.432,OnTrack,2044,10316,2050,pos,0 days 00:42:21.891000,0 days 01:40:37.403000
2024-07-07 14:45:34.632,OnTrack,1851,10489,2047,pos,0 days 00:42:22.091000,0 days 01:40:37.603000
2024-07-07 14:45:35.012,OnTrack,1719,10599,2045,pos,0 days 00:42:22.471000,0 days 01:40:37.983000
2024-07-07 14:45:35.232,OnTrack,1604,10689,2044,pos,0 days 00:42:22.691000,0 days 01:40:38.203000
2024-07-07 14:45:35.392,OnTrack,1529,10742,2042,pos,0 days 00:42:22.851000,0 days 01:40:38.363000
2024-07-07 14:45:35.692,OnTrack,1386,10825,2040,pos,0 days 00:42:23.151000,0 days 01:40:38.663000
2024-07-07 14:45:35.852,OnTrack,1288,10871,2038,pos,0 days 00:42:23.311000,0 days 01:40:38.823000
2024-07-07 14:45:36.192,OnTrack,1162,10916,2037,pos,0 days 00:42:23.651000,0 days 01:40:39.163000
2024-07-07 14:45:36.392,OnTrack,1077,10936,2036,pos,0 days 00:42:23.851000,0 days 01:40:39.363000
2024-07-07 14:45:36.652,OnTrack,967,10947,2035,pos,0 days 00:42:24.111000,0 days 01:40:39.623000
2024-07-07 14:45:36.852,OnTrack,848,10948,2034,pos,0 days 00:42:24.311000,0 days 01:40:39.823000
2024-07-07 14:45:37.192,OnTrack,746,10942,2033,pos,0 days 00:42:24.651000,0 days 01:40:40.163000
2024-07-07 14:45:37.332,OnTrack,694,10933,2033,pos,0 days 00:42:24.791000,0 days 01:40:40.303000
2024-07-07 14:45:37.632,OnTrack,587,10896,2032,pos,0 days 00:42:25.091000,0 days 01:40:40.603000
2024-07-07 14:45:37.833,OnTrack,519,10864,2032,pos,0 days 00:42:25.292000,0 days 01:40:40.804000
2024-07-07 14:45:38.113,OnTrack,437,10808,2032,pos,0 days 00:42:25.572000,0 days 01:40:41.084000
2024-07-07 14:45:38.312,OnTrack,388,10760,2032,pos,0 days 00:42:25.771000,0 days 01:40:41.283000
2024-07-07 14:45:38.472,OnTrack,327,10677,2032,pos,0 days 00:42:25.931000,0 days 01:40:41.443000
2024-07-07 14:45:38.892,OnTrack,279,10590,2033,pos,0 days 00:42:26.351000,0 days 01:40:41.863000
2024-07-07 14:45:39.131,OnTrack,246,10518,2033,pos,0 days 00:42:26.590000,0 days 01:40:42.102000
2024-07-07 14:45:39.291,OnTrack,227,10469,2033,pos,0 days 00:42:26.750000,0 days 01:40:42.262000
2024-07-07 14:45:39.571,OnTrack,202,10347,2033,pos,0 days 00:42:27.030000,0 days 01:40:42.542000
2024-07-07 14:45:39.891,OnTrack,195,10271,2033,pos,0 days 00:42:27.350000,0 days 01:40:42.862000
2024-07-07 14:45:40.052,OnTrack,191,10216,2034,pos,0 days 00:42:27.511000,0 days 01:40:43.023000
2024-07-07 14:45:40.292,OnTrack,187,10130,2034,pos,0 days 00:42:27.751000,0 days 01:40:43.263000
2024-07-07 14:45:40.532,OnTrack,182,10041,2035,pos,0 days 00:42:27.991000,0 days 01:40:43.503000
2024-07-07 14:45:40.812,OnTrack,173,9937,2035,pos,0 days 00:42:28.271000,0 days 01:40:43.783000
2024-07-07 14:45:41.031,OnTrack,151,9830,2036,pos,0 days 00:42:28.490000,0 days 01:40:44.002000
2024-07-07 14:45:41.311,OnTrack,135,9786,2037,pos,0 days 00:42:28.770000,0 days 01:40:44.282000
2024-07-07 14:45:41.571,OnTrack,80,9680,2038,pos,0 days 00:42:29.030000,0 days 01:40:44.542000
2024-07-07 14:45:41.972,OnTrack,-9,9577,2039,pos,0 days 00:42:29.431000,0 days 01:40:44.943000
2024-07-07 14:45:42.332,OnTrack,-60,9535,2040,pos,0 days 00:42:29.791000,0 days 01:40:45.303000
2024-07-07 14:45:42.532,OnTrack,-109,9504,2040,pos,0 days 00:42:29.991000,0 days 01:40:45.503000
2024-07-07 14:45:42.892,OnTrack,-199,9463,2041,pos,0 days 00:42:30.351000,0 days 01:40:45.863000
2024-07-07 14:45:43.112,OnTrack,-253,9449,2041,pos,0 days 00:42:30.571000,0 days 01:40:46.083000
2024-07-07 14:45:43.272,OnTrack,-292,9443,2041,pos,0 days 00:42:30.731000,0 days 01:40:46.243000
2024-07-07 14:45:43.533,OnTrack,-356,9443,2040,pos,0 days 00:42:30.992000,0 days 01:40:46.504000
2024-07-07 14:45:43.732,OnTrack,-401,9451,2040,pos,0 days 00:42:31.191000,0 days 01:40:46.703000
2024-07-07 14:45:43.952,OnTrack,-480,9481,2039,pos,0 days 00:42:31.411000,0 days 01:40:46.923000
2024-07-07 14:45:44.332,OnTrack,-529,9511,2039,pos,0 days 00:42:31.791000,0 days 01:40:47.303000
2024-07-07 14:45:44.512,OnTrack,-589,9561,2038,pos,0 days 00:42:31.971000,0 days 01:40:47.483000
2024-07-07 14:45:44.953,OnTrack,-639,9617,2036,pos,0 days 00:42:32.412000,0 days 01:40:47.924000
2024-07-07 14:45:45.112,OnTrack,-662,9650,2036,pos,0 days 00:42:32.571000,0 days 01:40:48.083000
2024-07-07 14:45:45.272,OnTrack,-684,9686,2035,pos,0 days 00:42:32.731000,0 days 01:40:48.243000
2024-07-07 14:45:45.551,OnTrack,-722,9766,2034,pos,0 days 00:42:33.010000,0 days 01:40:48.522000
2024-07-07 14:45:45.951,OnTrack,-756,9878,2033,pos,0 days 00:42:33.410000,0 days 01:40:48.922000
2024-07-07 14:45:46.312,OnTrack,-770,9957,2032,pos,0 days 00:42:33.771000,0 days 01:40:49.283000
2024-07-07 14:45:46.451,OnTrack,-774,10003,2032,pos,0 days 00:42:33.910000,0 days 01:40:49.422000
2024-07-07 14:45:46.792,OnTrack,-774,10113,2031,pos,0 days 00:42:34.251000,0 days 01:40:49.763000
2024-07-07 14:45:46.951,OnTrack,-770,10167,2031,pos,0 days 00:42:34.410000,0 days 01:40:49.922000
2024-07-07 14:45:47.192,OnTrack,-760,10247,2031,pos,0 days 00:42:34.651000,0 days 01:40:50.163000
2024-07-07 14:45:47.291,OnTrack,-754,10287,2030,pos,0 days 00:42:34.750000,0 days 01:40:50.262000
2024-07-07 14:45:47.571,OnTrack,-731,10390,2030,pos,0 days 00:42:35.030000,0 days 01:40:50.542000
2024-07-07 14:45:47.732,OnTrack,-715,10449,2029,pos,0 days 00:42:35.191000,0 days 01:40:50.703000
2024-07-07 14:45:47.932,OnTrack,-692,10521,2028,pos,0 days 00:42:35.391000,0 days 01:40:50.903000
2024-07-07 14:45:48.272,OnTrack,-638,10663,2026,pos,0 days 00:42:35.731000,0 days 01:40:51.243000
2024-07-07 14:45:48.352,OnTrack,-624,10697,2025,pos,0 days 00:42:35.811000,0 days 01:40:51.323000
2024-07-07 14:45:48.712,OnTrack,-528,10900,2023,pos,0 days 00:42:36.171000,0 days 01:40:51.683000
2024-07-07 14:45:49.012,OnTrack,-479,10993,2022,pos,0 days 00:42:36.471000,0 days 01:40:51.983000
2024-07-07 14:45:49.352,OnTrack,-390,11158,2021,pos,0 days 00:42:36.811000,0 days 01:40:52.323000
2024-07-07 14:45:49.552,OnTrack,-332,11258,2021,pos,0 days 00:42:37.011000,0 days 01:40:52.523000
2024-07-07 14:45:49.772,OnTrack,-235,11407,2021,pos,0 days 00:42:37.231000,0 days 01:40:52.743000
2024-07-07 14:45:50.012,OnTrack,-178,11487,2020,pos,0 days 00:42:37.471000,0 days 01:40:52.983000
2024-07-07 14:45:50.292,OnTrack,-71,11626,2021,pos,0 days 00:42:37.751000,0 days 01:40:53.263000
2024-07-07 14:45:50.532,OnTrack,91,11810,2022,pos,0 days 00:42:37.991000,0 days 01:40:53.503000
2024-07-07 14:45:50.873,OnTrack,186,11904,2023,pos,0 days 00:42:38.332000,0 days 01:40:53.844000
2024-07-07 14:45:51.132,OnTrack,313,12024,2024,pos,0 days 00:42:38.591000,0 days 01:40:54.103000
2024-07-07 14:45:51.372,OnTrack,439,12131,2024,pos,0 days 00:42:38.831000,0 days 01:40:54.343000
2024-07-07 14:45:51.492,OnTrack,504,12183,2024,pos,0 days 00:42:38.951000,0 days 01:40:54.463000
2024-07-07 14:45:51.812,OnTrack,760,12358,2024,pos,0 days 00:42:39.271000,0 days 01:40:54.783000
2024-07-07 14:45:52.232,OnTrack,952,12457,2025,pos,0 days 00:42:39.691000,0 days 01:40:55.203000
2024-07-07 14:45:52.431,OnTrack,1086,12516,2025,pos,0 days 00:42:39.890000,0 days 01:40:55.402000
2024-07-07 14:45:52.691,OnTrack,1364,12616,2025,pos,0 days 00:42:40.150000,0 days 01:40:55.662000
2024-07-07 14:45:53.092,OnTrack,1581,12677,2025,pos,0 days 00:42:40.551000,0 days 01:40:56.063000
2024-07-07 14:45:53.432,OnTrack,1907,12746,2027,pos,0 days 00:42:40.891000,0 days 01:40:56.403000
2024-07-07 14:45:53.752,OnTrack,2051,12768,2028,pos,0 days 00:42:41.211000,0 days 01:40:56.723000
2024-07-07 14:45:54.051,OnTrack,2282,12798,2030,pos,0 days 00:42:41.510000,0 days 01:40:57.022000
2024-07-07 14:45:54.232,OnTrack,2422,12813,2031,pos,0 days 00:42:41.691000,0 days 01:40:57.203000
2024-07-07 14:45:54.432,OnTrack,2578,12830,2032,pos,0 days 00:42:41.891000,0 days 01:40:57.403000
2024-07-07 14:45:54.552,OnTrack,2672,12840,2033,pos,0 days 00:42:42.011000,0 days 01:40:57.523000
2024-07-07 14:45:54.852,OnTrack,2909,12863,2035,pos,0 days 00:42:42.311000,0 days 01:40:57.823000
2024-07-07 14:45:55.112,OnTrack,3115,12884,2037,pos,0 days 00:42:42.571000,0 days 01:40:58.083000
2024-07-07 14:45:55.312,OnTrack,3275,12901,2038,pos,0 days 00:42:42.771000,0 days 01:40:58.283000
2024-07-07 14:45:55.491,OnTrack,3419,12917,2039,pos,0 days 00:42:42.950000,0 days 01:40:58.462000
2024-07-07 14:45:55.751,OnTrack,3692,12947,2036,pos,0 days 00:42:43.210000,0 days 01:40:58.722000
2024-07-07 14:45:56.172,OnTrack,4028,12986,2043,pos,0 days 00:42:43.631000,0 days 01:40:59.143000
2024-07-07 14:45:56.512,OnTrack,4236,13012,2044,pos,0 days 00:42:43.971000,0 days 01:40:59.483000
2024-07-07 14:45:56.612,OnTrack,4315,13023,2045,pos,0 days 00:42:44.071000,0 days 01:40:59.583000
2024-07-07 14:45:56.952,OnTrack,4678,13071,2047,pos,0 days 00:42:44.411000,0 days 01:40:59.923000
2024-07-07 14:45:57.413,OnTrack,4940,13099,2048,pos,0 days 00:42:44.872000,0 days 01:41:00.384000
2024-07-07 14:45:57.492,OnTrack,4991,13104,2048,pos,0 days 00:42:44.951000,0 days 01:41:00.463000
2024-07-07 14:45:57.752,OnTrack,5178,13114,2049,pos,0 days 00:42:45.211000,0 days 01:41:00.723000
2024-07-07 14:45:57.993,OnTrack,5304,13112,2050,pos,0 days 00:42:45.452000,0 days 01:41:00.964000
2024-07-07 14:45:58.152,OnTrack,5403,13101,2050,pos,0 days 00:42:45.611000,0 days 01:41:01.123000
2024-07-07 14:45:58.352,OnTrack,5524,13078,2051,pos,0 days 00:42:45.811000,0 days 01:41:01.323000
2024-07-07 14:45:58.573,OnTrack,5652,13044,2051,pos,0 days 00:42:46.032000,0 days 01:41:01.544000
2024-07-07 14:45:59.412,OnTrack,6072,12822,2054,pos,0 days 00:42:46.871000,0 days 01:41:02.383000
2024-07-07 14:45:59.652,OnTrack,6174,12738,2055,pos,0 days 00:42:47.111000,0 days 01:41:02.623000
2024-07-07 14:45:59.892,OnTrack,6267,12646,2055,pos,0 days 00:42:47.351000,0 days 01:41:02.863000
2024-07-07 14:46:00.091,OnTrack,6336,12562,2056,pos,0 days 00:42:47.550000,0 days 01:41:03.062000
2024-07-07 14:46:00.331,OnTrack,6410,12449,2056,pos,0 days 00:42:47.790000,0 days 01:41:03.302000
2024-07-07 14:46:00.571,OnTrack,6473,12333,2057,pos,0 days 00:42:48.030000,0 days 01:41:03.542000
2024-07-07 14:46:00.631,OnTrack,6490,12296,2057,pos,0 days 00:42:48.090000,0 days 01:41:03.602000
2024-07-07 14:46:00.952,OnTrack,6586,12065,2059,pos,0 days 00:42:48.411000,0 days 01:41:03.923000
2024-07-07 14:46:01.412,OnTrack,6656,11851,2061,pos,0 days 00:42:48.871000,0 days 01:41:04.383000
2024-07-07 14:46:01.572,OnTrack,6682,11759,2061,pos,0 days 00:42:49.031000,0 days 01:41:04.543000
2024-07-07 14:46:01.731,OnTrack,6733,11563,2062,pos,0 days 00:42:49.190000,0 days 01:41:04.702000
2024-07-07 14:46:02.212,OnTrack,6784,11341,2065,pos,0 days 00:42:49.671000,0 days 01:41:05.183000
2024-07-07 14:46:02.412,OnTrack,6813,11207,2065,pos,0 days 00:42:49.871000,0 days 01:41:05.383000
2024-07-07 14:46:02.572,OnTrack,6834,11098,2066,pos,0 days 00:42:50.031000,0 days 01:41:05.543000
2024-07-07 14:46:02.792,OnTrack,6860,10948,2067,pos,0 days 00:42:50.251000,0 days 01:41:05.763000
2024-07-07 14:46:02.972,OnTrack,6878,10829,2068,pos,0 days 00:42:50.431000,0 days 01:41:05.943000
2024-07-07 14:46:03.132,OnTrack,6896,10709,2069,pos,0 days 00:42:50.591000,0 days 01:41:06.103000
2024-07-07 14:46:03.432,OnTrack,6922,10493,2071,pos,0 days 00:42:50.891000,0 days 01:41:06.403000
2024-07-07 14:46:03.532,OnTrack,6930,10420,2071,pos,0 days 00:42:50.991000,0 days 01:41:06.503000
2024-07-07 14:46:03.772,OnTrack,6947,10251,2073,pos,0 days 00:42:51.231000,0 days 01:41:06.743000
2024-07-07 14:46:03.992,OnTrack,6960,10080,2074,pos,0 days 00:42:51.451000,0 days 01:41:06.963000
2024-07-07 14:46:04.213,OnTrack,6970,9913,2074,pos,0 days 00:42:51.672000,0 days 01:41:07.184000
2024-07-07 14:46:04.412,OnTrack,6976,9761,2075,pos,0 days 00:42:51.871000,0 days 01:41:07.383000
2024-07-07 14:46:04.572,OnTrack,6979,9646,2075,pos,0 days 00:42:52.031000,0 days 01:41:07.543000
2024-07-07 14:46:04.912,OnTrack,6985,9376,2074,pos,0 days 00:42:52.371000,0 days 01:41:07.883000
2024-07-07 14:46:05.132,OnTrack,6991,9205,2074,pos,0 days 00:42:52.591000,0 days 01:41:08.103000
2024-07-07 14:46:05.292,OnTrack,6997,9080,2073,pos,0 days 00:42:52.751000,0 days 01:41:08.263000
2024-07-07 14:46:05.451,OnTrack,7004,8973,2073,pos,0 days 00:42:52.910000,0 days 01:41:08.422000
2024-07-07 14:46:05.691,OnTrack,7024,8785,2071,pos,0 days 00:42:53.150000,0 days 01:41:08.662000
2024-07-07 14:46:05.892,OnTrack,7048,8628,2071,pos,0 days 00:42:53.351000,0 days 01:41:08.863000
2024-07-07 14:46:06.112,OnTrack,7082,8455,2070,pos,0 days 00:42:53.571000,0 days 01:41:09.083000
2024-07-07 14:46:06.291,OnTrack,7115,8315,2069,pos,0 days 00:42:53.750000,0 days 01:41:09.262000
2024-07-07 14:46:06.512,OnTrack,7159,8151,2067,pos,0 days 00:42:53.971000,0 days 01:41:09.483000
2024-07-07 14:46:06.712,OnTrack,7209,7989,2065,pos,0 days 00:42:54.171000,0 days 01:41:09.683000
2024-07-07 14:46:06.891,OnTrack,7256,7852,2064,pos,0 days 00:42:54.350000,0 days 01:41:09.862000
2024-07-07 14:46:07.191,OnTrack,7343,7630,2061,pos,0 days 00:42:54.650000,0 days 01:41:10.162000
2024-07-07 14:46:07.391,OnTrack,7396,7498,2060,pos,0 days 00:42:54.850000,0 days 01:41:10.362000
2024-07-07 14:46:07.652,OnTrack,7460,7324,2059,pos,0 days 00:42:55.111000,0 days 01:41:10.623000
2024-07-07 14:46:07.772,OnTrack,7484,7250,2058,pos,0 days 00:42:55.231000,0 days 01:41:10.743000
2024-07-07 14:46:07.932,OnTrack,7508,7157,2058,pos,0 days 00:42:55.391000,0 days 01:41:10.903000
2024-07-07 14:46:08.212,OnTrack,7538,6935,2058,pos,0 days 00:42:55.671000,0 days 01:41:11.183000
2024-07-07 14:46:08.612,OnTrack,7527,6750,2058,pos,0 days 00:42:56.071000,0 days 01:41:11.583000
2024-07-07 14:46:08.912,OnTrack,7498,6567,2059,pos,0 days 00:42:56.371000,0 days 01:41:11.883000
2024-07-07 14:46:09.072,OnTrack,7477,6470,2060,pos,0 days 00:42:56.531000,0 days 01:41:12.043000
2024-07-07 14:46:09.232,OnTrack,7454,6372,2060,pos,0 days 00:42:56.691000,0 days 01:41:12.203000
2024-07-07 14:46:09.472,OnTrack,7417,6226,2061,pos,0 days 00:42:56.931000,0 days 01:41:12.443000
2024-07-07 14:46:09.612,OnTrack,7395,6139,2061,pos,0 days 00:42:57.071000,0 days 01:41:12.583000
2024-07-07 14:46:09.832,OnTrack,7364,6002,2062,pos,0 days 00:42:57.291000,0 days 01:41:12.803000
2024-07-07 14:46:10.152,OnTrack,7325,5757,2063,pos,0 days 00:42:57.611000,0 days 01:41:13.123000
2024-07-07 14:46:10.473,OnTrack,7317,5617,2063,pos,0 days 00:42:57.932000,0 days 01:41:13.444000
2024-07-07 14:46:10.773,OnTrack,7329,5450,2062,pos,0 days 00:42:58.232000,0 days 01:41:13.744000
2024-07-07 14:46:10.952,OnTrack,7365,5300,2061,pos,0 days 00:42:58.411000,0 days 01:41:13.923000
2024-07-07 14:46:11.412,OnTrack,7477,5052,2058,pos,0 days 00:42:58.871000,0 days 01:41:14.383000
2024-07-07 14:46:11.672,OnTrack,7510,4996,2057,pos,0 days 00:42:59.131000,0 days 01:41:14.643000
2024-07-07 14:46:12.031,OnTrack,7641,4776,2054,pos,0 days 00:42:59.490000,0 days 01:41:15.002000
2024-07-07 14:46:12.412,OnTrack,7700,4663,2052,pos,0 days 00:42:59.871000,0 days 01:41:15.383000
2024-07-07 14:46:12.591,OnTrack,7732,4585,2051,pos,0 days 00:43:00.050000,0 days 01:41:15.562000
2024-07-07 14:46:12.871,OnTrack,7769,4463,2050,pos,0 days 00:43:00.330000,0 days 01:41:15.842000
2024-07-07 14:46:13.032,OnTrack,7782,4394,2049,pos,0 days 00:43:00.491000,0 days 01:41:16.003000
2024-07-07 14:46:13.252,OnTrack,7789,4300,2047,pos,0 days 00:43:00.711000,0 days 01:41:16.223000
2024-07-07 14:46:13.451,OnTrack,7784,4221,2046,pos,0 days 00:43:00.910000,0 days 01:41:16.422000
2024-07-07 14:46:13.631,OnTrack,7764,4104,2044,pos,0 days 00:43:01.090000,0 days 01:41:16.602000
2024-07-07 14:46:14.092,OnTrack,7719,3960,2042,pos,0 days 00:43:01.551000,0 days 01:41:17.063000
2024-07-07 14:46:14.511,OnTrack,7649,3813,2040,pos,0 days 00:43:01.970000,0 days 01:41:17.482000
2024-07-07 14:46:14.732,OnTrack,7608,3745,2039,pos,0 days 00:43:02.191000,0 days 01:41:17.703000
2024-07-07 14:46:15.112,OnTrack,7515,3624,2037,pos,0 days 00:43:02.571000,0 days 01:41:18.083000
2024-07-07 14:46:15.331,OnTrack,7453,3562,2037,pos,0 days 00:43:02.790000,0 days 01:41:18.302000
2024-07-07 14:46:15.512,OnTrack,7389,3509,2036,pos,0 days 00:43:02.971000,0 days 01:41:18.483000
2024-07-07 14:46:15.692,OnTrack,7322,3463,2034,pos,0 days 00:43:03.151000,0 days 01:41:18.663000
2024-07-07 14:46:15.872,OnTrack,7253,3421,2033,pos,0 days 00:43:03.331000,0 days 01:41:18.843000
2024-07-07 14:46:16.032,OnTrack,7185,3384,2033,pos,0 days 00:43:03.491000,0 days 01:41:19.003000
2024-07-07 14:46:16.312,OnTrack,6990,3280,2031,pos,0 days 00:43:03.771000,0 days 01:41:19.283000
2024-07-07 14:46:16.652,OnTrack,6899,3222,2030,pos,0 days 00:43:04.111000,0 days 01:41:19.623000
2024-07-07 14:46:16.872,OnTrack,6803,3146,2028,pos,0 days 00:43:04.331000,0 days 01:41:19.843000
2024-07-07 14:46:17.072,OnTrack,6718,3066,2028,pos,0 days 00:43:04.531000,0 days 01:41:20.043000
2024-07-07 14:46:17.273,OnTrack,6633,2979,2028,pos,0 days 00:43:04.732000,0 days 01:41:20.244000
2024-07-07 14:46:17.472,OnTrack,6550,2889,2027,pos,0 days 00:43:04.931000,0 days 01:41:20.443000
2024-07-07 14:46:17.712,OnTrack,6454,2775,2027,pos,0 days 00:43:05.171000,0 days 01:41:20.683000
2024-07-07 14:46:17.912,OnTrack,6384,2682,2027,pos,0 days 00:43:05.371000,0 days 01:41:20.883000
2024-07-07 14:46:18.093,OnTrack,6324,2594,2027,pos,0 days 00:43:05.552000,0 days 01:41:21.064000
2024-07-07 14:46:18.272,OnTrack,6261,2494,2026,pos,0 days 00:43:05.731000,0 days 01:41:21.243000
2024-07-07 14:46:18.491,OnTrack,6188,2367,2026,pos,0 days 00:43:05.950000,0 days 01:41:21.462000
2024-07-07 14:46:18.811,OnTrack,6041,2087,2025,pos,0 days 00:43:06.270000,0 days 01:41:21.782000
2024-07-07 14:46:19.111,OnTrack,5991,1986,2025,pos,0 days 00:43:06.570000,0 days 01:41:22.082000
2024-07-07 14:46:19.431,OnTrack,5873,1744,2024,pos,0 days 00:43:06.890000,0 days 01:41:22.402000
2024-07-07 14:46:19.852,OnTrack,5760,1509,2023,pos,0 days 00:43:07.311000,0 days 01:41:22.823000
2024-07-07 14:46:20.072,OnTrack,5690,1364,2022,pos,0 days 00:43:07.531000,0 days 01:41:23.043000
2024-07-07 14:46:20.251,OnTrack,5635,1250,2021,pos,0 days 00:43:07.710000,0 days 01:41:23.222000
2024-07-07 14:46:20.471,OnTrack,5520,1007,2020,pos,0 days 00:43:07.930000,0 days 01:41:23.442000
2024-07-07 14:46:20.812,OnTrack,5454,870,2019,pos,0 days 00:43:08.271000,0 days 01:41:23.783000
2024-07-07 14:46:20.952,OnTrack,5408,774,2018,pos,0 days 00:43:08.411000,0 days 01:41:23.923000
2024-07-07 14:46:21.252,OnTrack,5261,469,2016,pos,0 days 00:43:08.711000,0 days 01:41:24.223000
2024-07-07 14:46:21.611,OnTrack,5187,315,2014,pos,0 days 00:43:09.070000,0 days 01:41:24.582000
2024-07-07 14:46:21.892,OnTrack,5091,117,2013,pos,0 days 00:43:09.351000,0 days 01:41:24.863000
2024-07-07 14:46:22.012,OnTrack,5050,33,2012,pos,0 days 00:43:09.471000,0 days 01:41:24.983000
2024-07-07 14:46:22.332,OnTrack,4940,-195,2011,pos,0 days 00:43:09.791000,0 days 01:41:25.303000
2024-07-07 14:46:22.492,OnTrack,4885,-310,2010,pos,0 days 00:43:09.951000,0 days 01:41:25.463000
2024-07-07 14:46:22.652,OnTrack,4830,-425,2009,pos,0 days 00:43:10.111000,0 days 01:41:25.623000
2024-07-07 14:46:22.952,OnTrack,4725,-642,2008,pos,0 days 00:43:10.411000,0 days 01:41:25.923000
2024-07-07 14:46:23.072,OnTrack,4683,-728,2008,pos,0 days 00:43:10.531000,0 days 01:41:26.043000
2024-07-07 14:46:23.273,OnTrack,4622,-856,2007,pos,0 days 00:43:10.732000,0 days 01:41:26.244000
2024-07-07 14:46:23.572,OnTrack,4491,-1125,2005,pos,0 days 00:43:11.031000,0 days 01:41:26.543000
2024-07-07 14:46:24.012,OnTrack,4355,-1404,2001,pos,0 days 00:43:11.471000,0 days 01:41:26.983000
2024-07-07 14:46:25.051,OnTrack,3973,-2166,1994,pos,0 days 00:43:12.510000,0 days 01:41:28.022000
2024-07-07 14:46:25.252,OnTrack,3864,-2375,1994,pos,0 days 00:43:12.711000,0 days 01:41:28.223000
2024-07-07 14:46:25.631,OnTrack,3738,-2616,1995,pos,0 days 00:43:13.090000,0 days 01:41:28.602000
2024-07-07 14:46:26.072,OnTrack,3602,-2870,1998,pos,0 days 00:43:13.531000,0 days 01:41:29.043000
2024-07-07 14:46:26.272,OnTrack,3505,-3044,2001,pos,0 days 00:43:13.731000,0 days 01:41:29.243000
2024-07-07 14:46:26.652,OnTrack,3370,-3274,2006,pos,0 days 00:43:14.111000,0 days 01:41:29.623000
2024-07-07 14:46:26.872,OnTrack,3284,-3410,2009,pos,0 days 00:43:14.331000,0 days 01:41:29.843000
2024-07-07 14:46:27.072,OnTrack,3175,-3562,2013,pos,0 days 00:43:14.531000,0 days 01:41:30.043000
2024-07-07 14:46:27.452,OnTrack,3059,-3702,2016,pos,0 days 00:43:14.911000,0 days 01:41:30.423000
2024-07-07 14:46:27.632,OnTrack,2989,-3777,2018,pos,0 days 00:43:15.091000,0 days 01:41:30.603000
2024-07-07 14:46:27.831,OnTrack,2910,-3850,2020,pos,0 days 00:43:15.290000,0 days 01:41:30.802000
2024-07-07 14:46:28.131,OnTrack,2783,-3944,2023,pos,0 days 00:43:15.590000,0 days 01:41:31.102000
2024-07-07 14:46:28.352,OnTrack,2649,-4018,2025,pos,0 days 00:43:15.811000,0 days 01:41:31.323000
2024-07-07 14:46:28.712,OnTrack,2529,-4067,2026,pos,0 days 00:43:16.171000,0 days 01:41:31.683000
2024-07-07 14:46:28.852,OnTrack,2485,-4080,2028,pos,0 days 00:43:16.311000,0 days 01:41:31.823000
2024-07-07 14:46:29.112,OnTrack,2314,-4113,2030,pos,0 days 00:43:16.571000,0 days 01:41:32.083000
2024-07-07 14:46:29.452,OnTrack,2215,-4115,2031,pos,0 days 00:43:16.911000,0 days 01:41:32.423000
2024-07-07 14:46:29.672,OnTrack,2116,-4106,2032,pos,0 days 00:43:17.131000,0 days 01:41:32.643000
2024-07-07 14:46:30.032,OnTrack,1962,-4071,2033,pos,0 days 00:43:17.491000,0 days 01:41:33.003000
2024-07-07 14:46:30.252,OnTrack,1831,-4019,2033,pos,0 days 00:43:17.711000,0 days 01:41:33.223000
2024-07-07 14:46:30.552,OnTrack,1753,-3977,2033,pos,0 days 00:43:18.011000,0 days 01:41:33.523000
2024-07-07 14:46:30.732,OnTrack,1685,-3933,2033,pos,0 days 00:43:18.191000,0 days 01:41:33.703000
2024-07-07 14:46:30.992,OnTrack,1590,-3859,2032,pos,0 days 00:43:18.451000,0 days 01:41:33.963000
2024-07-07 14:46:31.292,OnTrack,1443,-3710,2030,pos,0 days 00:43:18.751000,0 days 01:41:34.263000
2024-07-07 14:46:31.692,OnTrack,1346,-3583,2028,pos,0 days 00:43:19.151000,0 days 01:41:34.663000
2024-07-07 14:46:32.052,OnTrack,1231,-3394,2024,pos,0 days 00:43:19.511000,0 days 01:41:35.023000
2024-07-07 14:46:32.371,OnTrack,1178,-3295,2021,pos,0 days 00:43:19.830000,0 days 01:41:35.342000
2024-07-07 14:46:32.632,OnTrack,1068,-3090,2014,pos,0 days 00:43:20.091000,0 days 01:41:35.603000
2024-07-07 14:46:33.132,OnTrack,957,-2901,2006,pos,0 days 00:43:20.591000,0 days 01:41:36.103000
2024-07-07 14:46:33.332,OnTrack,862,-2760,1998,pos,0 days 00:43:20.791000,0 days 01:41:36.303000
2024-07-07 14:46:33.551,OnTrack,805,-2680,1995,pos,0 days 00:43:21.010000,0 days 01:41:36.522000
2024-07-07 14:46:33.932,OnTrack,656,-2478,1988,pos,0 days 00:43:21.391000,0 days 01:41:36.903000
2024-07-07 14:46:34.052,OnTrack,608,-2413,1986,pos,0 days 00:43:21.511000,0 days 01:41:37.023000
2024-07-07 14:46:34.232,OnTrack,536,-2316,1984,pos,0 days 00:43:21.691000,0 days 01:41:37.203000
2024-07-07 14:46:34.412,OnTrack,464,-2218,1984,pos,0 days 00:43:21.871000,0 days 01:41:37.383000
2024-07-07 14:46:34.612,OnTrack,377,-2103,1985,pos,0 days 00:43:22.071000,0 days 01:41:37.583000
2024-07-07 14:46:34.832,OnTrack,286,-1985,1985,pos,0 days 00:43:22.291000,0 days 01:41:37.803000
2024-07-07 14:46:35.072,OnTrack,184,-1857,1986,pos,0 days 00:43:22.531000,0 days 01:41:38.043000
2024-07-07 14:46:35.272,OnTrack,101,-1758,1986,pos,0 days 00:43:22.731000,0 days 01:41:38.243000
2024-07-07 14:46:35.532,OnTrack,374,-1899,1986,pos,0 days 00:43:22.991000,0 days 01:41:38.503000
2024-07-07 14:46:35.812,OnTrack,298,-1785,1986,pos,0 days 00:43:23.271000,0 days 01:41:38.783000
2024-07-07 14:46:36.072,OnTrack,200,-1639,1986,pos,0 days 00:43:23.531000,0 days 01:41:39.043000
2024-07-07 14:46:36.252,OnTrack,136,-1543,1986,pos,0 days 00:43:23.711000,0 days 01:41:39.223000
2024-07-07 14:46:36.572,OnTrack,1,-1342,1986,pos,0 days 00:43:24.031000,0 days 01:41:39.543000
2024-07-07 14:46:36.873,OnTrack,-56,-1256,1986,pos,0 days 00:43:24.332000,0 days 01:41:39.844000
2024-07-07 14:46:37.173,OnTrack,-142,-1136,1986,pos,0 days 00:43:24.632000,0 days 01:41:40.144000
2024-07-07 14:46:37.332,OnTrack,-185,-1077,1986,pos,0 days 00:43:24.791000,0 days 01:41:40.303000
2024-07-07 14:46:37.552,OnTrack,-258,-982,1986,pos,0 days 00:43:25.011000,0 days 01:41:40.523000
2024-07-07 14:46:37.852,OnTrack,-321,-910,1986,pos,0 days 00:43:25.311000,0 days 01:41:40.823000
2024-07-07 14:46:38.112,OnTrack,-384,-840,1986,pos,0 days 00:43:25.571000,0 days 01:41:41.083000
2024-07-07 14:46:38.351,OnTrack,-462,-754,1986,pos,0 days 00:43:25.810000,0 days 01:41:41.322000
2024-07-07 14:46:38.812,OnTrack,-546,-663,1986,pos,0 days 00:43:26.271000,0 days 01:41:41.783000
2024-07-07 14:46:39.092,OnTrack,-571,-636,1986,pos,0 days 00:43:26.551000,0 days 01:41:42.063000
2024-07-07 14:46:39.432,OnTrack,-621,-582,1986,pos,0 days 00:43:26.891000,0 days 01:41:42.403000
2024-07-07 14:46:39.592,OnTrack,-910,-276,1986,pos,0 days 00:43:27.051000,0 days 01:41:42.563000
2024-07-07 14:46:39.751,OnTrack,-934,-250,1986,pos,0 days 00:43:27.210000,0 days 01:41:42.722000
2024-07-07 14:46:39.912,OnTrack,-958,-225,1986,pos,0 days 00:43:27.371000,0 days 01:41:42.883000
2024-07-07 14:46:40.192,OnTrack,-1022,-158,1986,pos,0 days 00:43:27.651000,0 days 01:41:43.163000
2024-07-07 14:46:40.572,OnTrack,-1058,-119,1986,pos,0 days 00:43:28.031000,0 days 01:41:43.543000
2024-07-07 14:46:40.732,OnTrack,-1082,-93,1986,pos,0 days 00:43:28.191000,0 days 01:41:43.703000
2024-07-07 14:46:40.911,OnTrack,-1110,-64,1986,pos,0 days 00:43:28.370000,0 days 01:41:43.882000
2024-07-07 14:46:41.211,OnTrack,-1155,-16,1986,pos,0 days 00:43:28.670000,0 days 01:41:44.182000
2024-07-07 14:46:41.412,OnTrack,-1185,15,1986,pos,0 days 00:43:28.871000,0 days 01:41:44.383000
2024-07-07 14:46:41.592,OnTrack,-1213,44,1986,pos,0 days 00:43:29.051000,0 days 01:41:44.563000
2024-07-07 14:46:41.832,OnTrack,-1249,83,1986,pos,0 days 00:43:29.291000,0 days 01:41:44.803000
2024-07-07 14:46:41.972,OnTrack,-1280,115,1986,pos,0 days 00:43:29.431000,0 days 01:41:44.943000
2024-07-07 14:46:42.312,OnTrack,-1360,200,1986,pos,0 days 00:43:29.771000,0 days 01:41:45.283000
2024-07-07 14:46:42.512,OnTrack,-1390,232,1986,pos,0 days 00:43:29.971000,0 days 01:41:45.483000
2024-07-07 14:46:42.712,OnTrack,-1436,280,1986,pos,0 days 00:43:30.171000,0 days 01:41:45.683000
2024-07-07 14:46:43.012,OnTrack,-1466,313,1986,pos,0 days 00:43:30.471000,0 days 01:41:45.983000
2024-07-07 14:46:43.332,OnTrack,-1515,364,1986,pos,0 days 00:43:30.791000,0 days 01:41:46.303000
2024-07-07 14:46:43.572,OnTrack,-1559,421,1986,pos,0 days 00:43:31.031000,0 days 01:41:46.543000
2024-07-07 14:46:43.912,OnTrack,-1588,474,1986,pos,0 days 00:43:31.371000,0 days 01:41:46.883000
2024-07-07 14:46:44.052,OnTrack,-1599,500,1986,pos,0 days 00:43:31.511000,0 days 01:41:47.023000
2024-07-07 14:46:44.392,OnTrack,-1620,573,1986,pos,0 days 00:43:31.851000,0 days 01:41:47.363000
2024-07-07 14:46:44.592,OnTrack,-1627,643,1986,pos,0 days 00:43:32.051000,0 days 01:41:47.563000
2024-07-07 14:46:45.032,OnTrack,-1623,712,1986,pos,0 days 00:43:32.491000,0 days 01:41:48.003000
2024-07-07 14:46:45.191,OnTrack,-1616,747,1986,pos,0 days 00:43:32.650000,0 days 01:41:48.162000
2024-07-07 14:46:45.412,OnTrack,-1596,814,1986,pos,0 days 00:43:32.871000,0 days 01:41:48.383000
2024-07-07 14:46:45.852,OnTrack,-1551,897,1986,pos,0 days 00:43:33.311000,0 days 01:41:48.823000
2024-07-07 14:46:46.071,OnTrack,-1524,937,1986,pos,0 days 00:43:33.530000,0 days 01:41:49.042000
2024-07-07 14:46:46.291,OnTrack,-1499,977,1986,pos,0 days 00:43:33.750000,0 days 01:41:49.262000
2024-07-07 14:46:46.472,OnTrack,-1458,1037,1986,pos,0 days 00:43:33.931000,0 days 01:41:49.443000
2024-07-07 14:46:46.871,OnTrack,-1426,1085,1986,pos,0 days 00:43:34.330000,0 days 01:41:49.842000
2024-07-07 14:46:47.131,OnTrack,-1393,1134,1986,pos,0 days 00:43:34.590000,0 days 01:41:50.102000
2024-07-07 14:46:47.272,OnTrack,-1361,1182,1986,pos,0 days 00:43:34.731000,0 days 01:41:50.243000
2024-07-07 14:46:47.711,OnTrack,-1321,1242,1986,pos,0 days 00:43:35.170000,0 days 01:41:50.682000
2024-07-07 14:46:47.872,OnTrack,-1286,1294,1986,pos,0 days 00:43:35.331000,0 days 01:41:50.843000
2024-07-07 14:46:48.332,OnTrack,-1245,1356,1986,pos,0 days 00:43:35.791000,0 days 01:41:51.303000
2024-07-07 14:46:48.512,OnTrack,-1222,1389,1986,pos,0 days 00:43:35.971000,0 days 01:41:51.483000
2024-07-07 14:46:48.732,OnTrack,-1195,1430,1986,pos,0 days 00:43:36.191000,0 days 01:41:51.703000
2024-07-07 14:46:48.912,OnTrack,-1173,1463,1986,pos,0 days 00:43:36.371000,0 days 01:41:51.883000
2024-07-07 14:46:49.212,OnTrack,-1136,1518,1986,pos,0 days 00:43:36.671000,0 days 01:41:52.183000
2024-07-07 14:46:49.252,OnTrack,-1131,1525,1986,pos,0 days 00:43:36.711000,0 days 01:41:52.223000
2024-07-07 14:46:49.512,OnTrack,-1099,1573,1986,pos,0 days 00:43:36.971000,0 days 01:41:52.483000
2024-07-07 14:46:49.673,OnTrack,-1078,1605,1986,pos,0 days 00:43:37.132000,0 days 01:41:52.644000
2024-07-07 14:46:49.852,OnTrack,-1055,1638,1986,pos,0 days 00:43:37.311000,0 days 01:41:52.823000
2024-07-07 14:46:50.192,OnTrack,-1001,1720,1986,pos,0 days 00:43:37.651000,0 days 01:41:53.163000
2024-07-07 14:46:50.533,OnTrack,-977,1755,1986,pos,0 days 00:43:37.992000,0 days 01:41:53.504000
2024-07-07 14:46:50.732,OnTrack,-945,1804,1986,pos,0 days 00:43:38.191000,0 days 01:41:53.703000
2024-07-07 14:46:51.132,OnTrack,-922,1837,1986,pos,0 days 00:43:38.591000,0 days 01:41:54.103000
2024-07-07 14:46:51.372,OnTrack,-903,1866,1986,pos,0 days 00:43:38.831000,0 days 01:41:54.343000
2024-07-07 14:46:51.652,OnTrack,-879,1902,1986,pos,0 days 00:43:39.111000,0 days 01:41:54.623000
2024-07-07 14:46:52.091,OnTrack,-857,1936,1986,pos,0 days 00:43:39.550000,0 days 01:41:55.062000
2024-07-07 14:46:52.152,OnTrack,-854,1940,1986,pos,0 days 00:43:39.611000,0 days 01:41:55.123000
2024-07-07 14:46:52.412,OnTrack,-843,1957,1986,pos,0 days 00:43:39.871000,0 days 01:41:55.383000
2024-07-07 14:46:52.692,OnTrack,-833,1971,1986,pos,0 days 00:43:40.151000,0 days 01:41:55.663000
2024-07-07 14:46:53.091,OnTrack,-827,1980,1986,pos,0 days 00:43:40.550000,0 days 01:41:56.062000
2024-07-07 14:46:53.252,OnTrack,-826,1981,1986,pos,0 days 00:43:40.711000,0 days 01:41:56.223000
2024-07-07 14:46:53.552,OnTrack,-826,1981,1986,pos,0 days 00:43:41.011000,0 days 01:41:56.523000
2024-07-07 14:46:53.772,OnTrack,-826,1981,1986,pos,0 days 00:43:41.231000,0 days 01:41:56.743000
2024-07-07 14:46:53.971,OnTrack,-826,1981,1986,pos,0 days 00:43:41.430000,0 days 01:41:56.942000
2024-07-07 14:46:54.271,OnTrack,-826,1981,1986,pos,0 days 00:43:41.730000,0 days 01:41:57.242000
2024-07-07 14:46:54.612,OnTrack,-826,1981,1986,pos,0 days 00:43:42.071000,0 days 01:41:57.583000
2024-07-07 14:46:54.932,OnTrack,-826,1981,1986,pos,0 days 00:43:42.391000,0 days 01:41:57.903000
2024-07-07 14:46:55.132,OnTrack,-826,1981,1986,pos,0 days 00:43:42.591000,0 days 01:41:58.103000
2024-07-07 14:46:55.372,OnTrack,-826,1981,1986,pos,0 days 00:43:42.831000,0 days 01:41:58.343000
2024-07-07 14:46:55.632,OnTrack,-826,1981,1986,pos,0 days 00:43:43.091000,0 days 01:41:58.603000
2024-07-07 14:46:55.872,OnTrack,-826,1981,1986,pos,0 days 00:43:43.331000,0 days 01:41:58.843000
2024-07-07 14:46:56.092,OnTrack,-825,1982,1986,pos,0 days 00:43:43.551000,0 days 01:41:59.063000
2024-07-07 14:46:56.252,OnTrack,-824,1985,1986,pos,0 days 00:43:43.711000,0 days 01:41:59.223000
2024-07-07 14:46:56.552,OnTrack,-816,1997,1986,pos,0 days 00:43:44.011000,0 days 01:41:59.523000
2024-07-07 14:46:56.972,OnTrack,-802,2017,1986,pos,0 days 00:43:44.431000,0 days 01:41:59.943000
2024-07-07 14:46:57.353,OnTrack,-789,2037,1986,pos,0 days 00:43:44.812000,0 days 01:42:00.324000
2024-07-07 14:46:57.553,OnTrack,-779,2051,1986,pos,0 days 00:43:45.012000,0 days 01:42:00.524000
2024-07-07 14:46:57.712,OnTrack,-769,2066,1986,pos,0 days 00:43:45.171000,0 days 01:42:00.683000
2024-07-07 14:46:58.051,OnTrack,-739,2110,1986,pos,0 days 00:43:45.510000,0 days 01:42:01.022000
2024-07-07 14:46:58.271,OnTrack,-728,2128,1986,pos,0 days 00:43:45.730000,0 days 01:42:01.242000
2024-07-07 14:46:58.472,OnTrack,-711,2152,1986,pos,0 days 00:43:45.931000,0 days 01:42:01.443000
2024-07-07 14:46:58.811,OnTrack,-677,2203,1986,pos,0 days 00:43:46.270000,0 days 01:42:01.782000
2024-07-07 14:46:59.052,OnTrack,-653,2239,1986,pos,0 days 00:43:46.511000,0 days 01:42:02.023000
2024-07-07 14:46:59.212,OnTrack,-635,2266,1986,pos,0 days 00:43:46.671000,0 days 01:42:02.183000
2024-07-07 14:46:59.431,OnTrack,-609,2305,1986,pos,0 days 00:43:46.890000,0 days 01:42:02.402000
2024-07-07 14:46:59.631,OnTrack,-584,2341,1986,pos,0 days 00:43:47.090000,0 days 01:42:02.602000
2024-07-07 14:46:59.872,OnTrack,-545,2400,1986,pos,0 days 00:43:47.331000,0 days 01:42:02.843000
2024-07-07 14:47:00.132,OnTrack,-530,2422,1986,pos,0 days 00:43:47.591000,0 days 01:42:03.103000
2024-07-07 14:47:00.352,OnTrack,-502,2463,1986,pos,0 days 00:43:47.811000,0 days 01:42:03.323000
2024-07-07 14:47:00.712,OnTrack,-448,2544,1986,pos,0 days 00:43:48.171000,0 days 01:42:03.683000
2024-07-07 14:47:01.092,OnTrack,-398,2617,1986,pos,0 days 00:43:48.551000,0 days 01:42:04.063000
2024-07-07 14:47:01.532,OnTrack,-351,2687,1986,pos,0 days 00:43:48.991000,0 days 01:42:04.503000
2024-07-07 14:47:01.891,OnTrack,-309,2749,1986,pos,0 days 00:43:49.350000,0 days 01:42:04.862000
2024-07-07 14:47:02.112,OnTrack,-282,2790,1986,pos,0 days 00:43:49.571000,0 days 01:42:05.083000
2024-07-07 14:47:02.212,OnTrack,-270,2808,1986,pos,0 days 00:43:49.671000,0 days 01:42:05.183000
2024-07-07 14:47:02.552,OnTrack,-228,2870,1986,pos,0 days 00:43:50.011000,0 days 01:42:05.523000
2024-07-07 14:47:02.712,OnTrack,-208,2900,1986,pos,0 days 00:43:50.171000,0 days 01:42:05.683000
2024-07-07 14:47:02.932,OnTrack,-183,2936,1986,pos,0 days 00:43:50.391000,0 days 01:42:05.903000
2024-07-07 14:47:03.232,OnTrack,-144,2995,1986,pos,0 days 00:43:50.691000,0 days 01:42:06.203000
2024-07-07 14:47:03.432,OnTrack,-119,3031,1986,pos,0 days 00:43:50.891000,0 days 01:42:06.403000
2024-07-07 14:47:03.593,OnTrack,-99,3061,1986,pos,0 days 00:43:51.052000,0 days 01:42:06.564000
2024-07-07 14:47:03.853,OnTrack,-70,3104,1986,pos,0 days 00:43:51.312000,0 days 01:42:06.824000
2024-07-07 14:47:04.032,OnTrack,-39,3151,1986,pos,0 days 00:43:51.491000,0 days 01:42:07.003000
2024-07-07 14:47:04.393,OnTrack,-4,3202,1986,pos,0 days 00:43:51.852000,0 days 01:42:07.364000
2024-07-07 14:47:04.611,OnTrack,22,3243,1986,pos,0 days 00:43:52.070000,0 days 01:42:07.582000
2024-07-07 14:47:04.771,OnTrack,42,3272,1986,pos,0 days 00:43:52.230000,0 days 01:42:07.742000
2024-07-07 14:47:05.091,OnTrack,99,3356,1986,pos,0 days 00:43:52.550000,0 days 01:42:08.062000
2024-07-07 14:47:05.351,OnTrack,112,3377,1986,pos,0 days 00:43:52.810000,0 days 01:42:08.322000
2024-07-07 14:47:05.651,OnTrack,151,3433,1986,pos,0 days 00:43:53.110000,0 days 01:42:08.622000
2024-07-07 14:47:05.891,OnTrack,188,3488,1986,pos,0 days 00:43:53.350000,0 days 01:42:08.862000
2024-07-07 14:47:06.272,OnTrack,222,3540,1986,pos,0 days 00:43:53.731000,0 days 01:42:09.243000
2024-07-07 14:47:06.392,OnTrack,237,3562,1986,pos,0 days 00:43:53.851000,0 days 01:42:09.363000
2024-07-07 14:47:06.751,OnTrack,287,3635,1986,pos,0 days 00:43:54.210000,0 days 01:42:09.722000
2024-07-07 14:47:07.092,OnTrack,324,3690,1986,pos,0 days 00:43:54.551000,0 days 01:42:10.063000
2024-07-07 14:47:07.212,OnTrack,339,3712,1986,pos,0 days 00:43:54.671000,0 days 01:42:10.183000
2024-07-07 14:47:07.432,OnTrack,366,3753,1986,pos,0 days 00:43:54.891000,0 days 01:42:10.403000
2024-07-07 14:47:07.772,OnTrack,407,3815,1986,pos,0 days 00:43:55.231000,0 days 01:42:10.743000
2024-07-07 14:47:07.932,OnTrack,427,3845,1986,pos,0 days 00:43:55.391000,0 days 01:42:10.903000
2024-07-07 14:47:08.092,OnTrack,447,3875,1986,pos,0 days 00:43:55.551000,0 days 01:42:11.063000
2024-07-07 14:47:08.392,OnTrack,452,3882,1986,pos,0 days 00:43:55.851000,0 days 01:42:11.363000
2024-07-07 14:47:08.472,OnTrack,462,3897,1986,pos,0 days 00:43:55.931000,0 days 01:42:11.443000
2024-07-07 14:47:08.792,OnTrack,539,3988,1986,pos,0 days 00:43:56.251000,0 days 01:42:11.763000
2024-07-07 14:47:09.072,OnTrack,569,4014,1986,pos,0 days 00:43:56.531000,0 days 01:42:12.043000
2024-07-07 14:47:09.332,OnTrack,618,4047,1986,pos,0 days 00:43:56.791000,0 days 01:42:12.303000
2024-07-07 14:47:09.553,OnTrack,683,4084,1986,pos,0 days 00:43:57.012000,0 days 01:42:12.524000
2024-07-07 14:47:09.992,OnTrack,759,4117,1986,pos,0 days 00:43:57.451000,0 days 01:42:12.963000
2024-07-07 14:47:10.212,OnTrack,812,4134,1986,pos,0 days 00:43:57.671000,0 days 01:42:13.183000
2024-07-07 14:47:10.413,OnTrack,862,4146,1986,pos,0 days 00:43:57.872000,0 days 01:42:13.384000
2024-07-07 14:47:10.552,OnTrack,900,4152,1986,pos,0 days 00:43:58.011000,0 days 01:42:13.523000
2024-07-07 14:47:10.772,OnTrack,961,4160,1986,pos,0 days 00:43:58.231000,0 days 01:42:13.743000
2024-07-07 14:47:10.973,OnTrack,1019,4167,1986,pos,0 days 00:43:58.432000,0 days 01:42:13.944000
2024-07-07 14:47:11.132,OnTrack,1067,4174,1986,pos,0 days 00:43:58.591000,0 days 01:42:14.103000
2024-07-07 14:47:11.331,OnTrack,1129,4181,1986,pos,0 days 00:43:58.790000,0 days 01:42:14.302000
2024-07-07 14:47:11.571,OnTrack,1206,4191,1986,pos,0 days 00:43:59.030000,0 days 01:42:14.542000
2024-07-07 14:47:11.752,OnTrack,1266,4198,1986,pos,0 days 00:43:59.211000,0 days 01:42:14.723000
2024-07-07 14:47:12.052,OnTrack,1371,4211,1986,pos,0 days 00:43:59.511000,0 days 01:42:15.023000
2024-07-07 14:47:12.211,OnTrack,1429,4219,1986,pos,0 days 00:43:59.670000,0 days 01:42:15.182000
2024-07-07 14:47:12.471,OnTrack,1529,4231,1986,pos,0 days 00:43:59.930000,0 days 01:42:15.442000
2024-07-07 14:47:12.731,OnTrack,1634,4244,1986,pos,0 days 00:44:00.190000,0 days 01:42:15.702000
2024-07-07 14:47:12.892,OnTrack,1726,4256,1986,pos,0 days 00:44:00.351000,0 days 01:42:15.863000
2024-07-07 14:47:13.212,OnTrack,1841,4269,1986,pos,0 days 00:44:00.671000,0 days 01:42:16.183000
2024-07-07 14:47:13.432,OnTrack,1942,4280,1986,pos,0 days 00:44:00.891000,0 days 01:42:16.403000
2024-07-07 14:47:13.672,OnTrack,2053,4292,1986,pos,0 days 00:44:01.131000,0 days 01:42:16.643000
2024-07-07 14:47:13.912,OnTrack,2250,4313,1986,pos,0 days 00:44:01.371000,0 days 01:42:16.883000
2024-07-07 14:47:14.232,OnTrack,2344,4323,1986,pos,0 days 00:44:01.691000,0 days 01:42:17.203000
2024-07-07 14:47:14.572,OnTrack,2527,4351,1986,pos,0 days 00:44:02.031000,0 days 01:42:17.543000
2024-07-07 14:47:14.671,OnTrack,2581,4364,1986,pos,0 days 00:44:02.130000,0 days 01:42:17.642000
2024-07-07 14:47:14.892,OnTrack,2771,4421,1986,pos,0 days 00:44:02.351000,0 days 01:42:17.863000
2024-07-07 14:47:15.392,OnTrack,2983,4498,1986,pos,0 days 00:44:02.851000,0 days 01:42:18.363000
2024-07-07 14:47:15.452,OnTrack,3016,4511,1986,pos,0 days 00:44:02.911000,0 days 01:42:18.423000
2024-07-07 14:47:15.752,OnTrack,3180,4582,1986,pos,0 days 00:44:03.211000,0 days 01:42:18.723000
2024-07-07 14:47:15.972,OnTrack,3290,4651,1986,pos,0 days 00:44:03.431000,0 days 01:42:18.943000
2024-07-07 14:47:16.152,OnTrack,3374,4717,1986,pos,0 days 00:44:03.611000,0 days 01:42:19.123000
2024-07-07 14:47:16.412,OnTrack,3503,4828,1986,pos,0 days 00:44:03.871000,0 days 01:42:19.383000
2024-07-07 14:47:16.653,OnTrack,3682,4994,1986,pos,0 days 00:44:04.112000,0 days 01:42:19.624000
2024-07-07 14:47:16.873,OnTrack,3720,5029,1986,pos,0 days 00:44:04.332000,0 days 01:42:19.844000
2024-07-07 14:47:17.232,OnTrack,3935,5216,1986,pos,0 days 00:44:04.691000,0 days 01:42:20.203000
2024-07-07 14:47:17.592,OnTrack,4111,5367,1986,pos,0 days 00:44:05.051000,0 days 01:42:20.563000
2024-07-07 14:47:18.032,OnTrack,4235,5471,1986,pos,0 days 00:44:05.491000,0 days 01:42:21.003000
2024-07-07 14:47:18.292,OnTrack,4354,5567,1986,pos,0 days 00:44:05.751000,0 days 01:42:21.263000
2024-07-07 14:47:18.632,OnTrack,4438,5631,1986,pos,0 days 00:44:06.091000,0 days 01:42:21.603000
2024-07-07 14:47:18.812,OnTrack,4493,5672,1986,pos,0 days 00:44:06.271000,0 days 01:42:21.783000
2024-07-07 14:47:19.031,OnTrack,4559,5719,1986,pos,0 days 00:44:06.490000,0 days 01:42:22.002000
2024-07-07 14:47:19.291,OnTrack,4671,5795,1986,pos,0 days 00:44:06.750000,0 days 01:42:22.262000
2024-07-07 14:47:19.652,OnTrack,4768,5852,1986,pos,0 days 00:44:07.111000,0 days 01:42:22.623000
2024-07-07 14:47:20.012,OnTrack,4827,5881,1986,pos,0 days 00:44:07.471000,0 days 01:42:22.983000
2024-07-07 14:47:20.312,OnTrack,4904,5907,1986,pos,0 days 00:44:07.771000,0 days 01:42:23.283000
2024-07-07 14:47:20.472,OnTrack,4950,5913,1986,pos,0 days 00:44:07.931000,0 days 01:42:23.443000
2024-07-07 14:47:20.631,OnTrack,4991,5911,1986,pos,0 days 00:44:08.090000,0 days 01:42:23.602000
2024-07-07 14:47:20.911,OnTrack,5079,5884,1986,pos,0 days 00:44:08.370000,0 days 01:42:23.882000
2024-07-07 14:47:21.332,OnTrack,5162,5834,1986,pos,0 days 00:44:08.791000,0 days 01:42:24.303000
2024-07-07 14:47:21.732,OnTrack,5232,5769,1986,pos,0 days 00:44:09.191000,0 days 01:42:24.703000
2024-07-07 14:47:22.192,OnTrack,5283,5694,1986,pos,0 days 00:44:09.651000,0 days 01:42:25.163000
2024-07-07 14:47:22.352,OnTrack,5309,5640,1986,pos,0 days 00:44:09.811000,0 days 01:42:25.323000
2024-07-07 14:47:22.712,OnTrack,5332,5575,1986,pos,0 days 00:44:10.171000,0 days 01:42:25.683000
2024-07-07 14:47:22.972,OnTrack,5359,5478,1986,pos,0 days 00:44:10.431000,0 days 01:42:25.943000
2024-07-07 14:47:23.413,OnTrack,5385,5353,1986,pos,0 days 00:44:10.872000,0 days 01:42:26.384000
2024-07-07 14:47:23.753,OnTrack,5404,5246,1986,pos,0 days 00:44:11.212000,0 days 01:42:26.724000
2024-07-07 14:47:24.092,OnTrack,5408,5185,2064,pos,0 days 00:44:11.551000,0 days 01:42:27.063000
2024-07-07 14:47:24.451,OnTrack,5427,5069,2066,pos,0 days 00:44:11.910000,0 days 01:42:27.422000
2024-07-07 14:47:24.512,OnTrack,5432,5052,2066,pos,0 days 00:44:11.971000,0 days 01:42:27.483000
2024-07-07 14:47:24.812,OnTrack,5466,4974,2066,pos,0 days 00:44:12.271000,0 days 01:42:27.783000
2024-07-07 14:47:24.971,OnTrack,5488,4937,2066,pos,0 days 00:44:12.430000,0 days 01:42:27.942000
2024-07-07 14:47:25.152,OnTrack,5515,4898,2066,pos,0 days 00:44:12.611000,0 days 01:42:28.123000
2024-07-07 14:47:25.452,OnTrack,5584,4823,2065,pos,0 days 00:44:12.911000,0 days 01:42:28.423000
2024-07-07 14:47:25.892,OnTrack,5654,4770,2064,pos,0 days 00:44:13.351000,0 days 01:42:28.863000
2024-07-07 14:47:26.152,OnTrack,5693,4750,2064,pos,0 days 00:44:13.611000,0 days 01:42:29.123000
2024-07-07 14:47:26.492,OnTrack,5761,4731,2064,pos,0 days 00:44:13.951000,0 days 01:42:29.463000
2024-07-07 14:47:26.672,OnTrack,5797,4732,2064,pos,0 days 00:44:14.131000,0 days 01:42:29.643000
2024-07-07 14:47:26.772,OnTrack,5817,4736,2064,pos,0 days 00:44:14.231000,0 days 01:42:29.743000
2024-07-07 14:47:27.032,OnTrack,5867,4757,2064,pos,0 days 00:44:14.491000,0 days 01:42:30.003000
2024-07-07 14:47:27.332,OnTrack,5934,4807,2064,pos,0 days 00:44:14.791000,0 days 01:42:30.303000
2024-07-07 14:47:27.672,OnTrack,5977,4848,2064,pos,0 days 00:44:15.131000,0 days 01:42:30.643000
2024-07-07 14:47:27.872,OnTrack,6009,4884,2064,pos,0 days 00:44:15.331000,0 days 01:42:30.843000
2024-07-07 14:47:28.032,OnTrack,6033,4915,2064,pos,0 days 00:44:15.491000,0 days 01:42:31.003000
2024-07-07 14:47:28.291,OnTrack,6092,5002,2065,pos,0 days 00:44:15.750000,0 days 01:42:31.262000
2024-07-07 14:47:28.672,OnTrack,6124,5060,2065,pos,0 days 00:44:16.131000,0 days 01:42:31.643000
2024-07-07 14:47:28.952,OnTrack,6158,5132,2065,pos,0 days 00:44:16.411000,0 days 01:42:31.923000
2024-07-07 14:47:29.192,OnTrack,6189,5205,2065,pos,0 days 00:44:16.651000,0 days 01:42:32.163000
2024-07-07 14:47:29.393,OnTrack,6227,5318,2065,pos,0 days 00:44:16.852000,0 days 01:42:32.364000
2024-07-07 14:47:29.693,OnTrack,6244,5375,2065,pos,0 days 00:44:17.152000,0 days 01:42:32.664000
2024-07-07 14:47:29.933,OnTrack,6283,5524,2065,pos,0 days 00:44:17.392000,0 days 01:42:32.904000
2024-07-07 14:47:30.312,OnTrack,6304,5628,2065,pos,0 days 00:44:17.771000,0 days 01:42:33.283000
2024-07-07 14:47:30.533,OnTrack,6330,5839,2064,pos,0 days 00:44:17.992000,0 days 01:42:33.504000
2024-07-07 14:47:30.971,OnTrack,6330,5993,2064,pos,0 days 00:44:18.430000,0 days 01:42:33.942000
2024-07-07 14:47:31.231,OnTrack,6317,6132,2063,pos,0 days 00:44:18.690000,0 days 01:42:34.202000
2024-07-07 14:47:31.392,OnTrack,6294,6263,2063,pos,0 days 00:44:18.851000,0 days 01:42:34.363000
2024-07-07 14:47:31.791,OnTrack,6243,6442,2062,pos,0 days 00:44:19.250000,0 days 01:42:34.762000
2024-07-07 14:47:31.932,OnTrack,6212,6520,2062,pos,0 days 00:44:19.391000,0 days 01:42:34.903000
2024-07-07 14:47:32.232,OnTrack,6129,6684,2063,pos,0 days 00:44:19.691000,0 days 01:42:35.203000
2024-07-07 14:47:32.412,OnTrack,6070,6781,2063,pos,0 days 00:44:19.871000,0 days 01:42:35.383000
2024-07-07 14:47:32.591,OnTrack,6003,6874,2064,pos,0 days 00:44:20.050000,0 days 01:42:35.562000
2024-07-07 14:47:32.812,OnTrack,5868,7032,2064,pos,0 days 00:44:20.271000,0 days 01:42:35.783000
2024-07-07 14:47:33.232,OnTrack,5711,7176,2064,pos,0 days 00:44:20.691000,0 days 01:42:36.203000
2024-07-07 14:47:33.492,OnTrack,5498,7347,2064,pos,0 days 00:44:20.951000,0 days 01:42:36.463000
2024-07-07 14:47:33.752,OnTrack,5432,7398,2064,pos,0 days 00:44:21.211000,0 days 01:42:36.723000
2024-07-07 14:47:34.072,OnTrack,5188,7588,2064,pos,0 days 00:44:21.531000,0 days 01:42:37.043000
2024-07-07 14:47:34.412,OnTrack,5067,7687,2064,pos,0 days 00:44:21.871000,0 days 01:42:37.383000
2024-07-07 14:47:34.732,OnTrack,4902,7826,2064,pos,0 days 00:44:22.191000,0 days 01:42:37.703000
2024-07-07 14:47:34.872,OnTrack,4758,7949,2064,pos,0 days 00:44:22.331000,0 days 01:42:37.843000
2024-07-07 14:47:35.292,OnTrack,4590,8093,2065,pos,0 days 00:44:22.751000,0 days 01:42:38.263000
2024-07-07 14:47:35.472,OnTrack,4408,8249,2064,pos,0 days 00:44:22.931000,0 days 01:42:38.443000
2024-07-07 14:47:35.872,OnTrack,4259,8376,2064,pos,0 days 00:44:23.331000,0 days 01:42:38.843000
2024-07-07 14:47:36.072,OnTrack,4144,8475,2064,pos,0 days 00:44:23.531000,0 days 01:42:39.043000
2024-07-07 14:47:36.292,OnTrack,4022,8580,2064,pos,0 days 00:44:23.751000,0 days 01:42:39.263000
2024-07-07 14:47:36.592,OnTrack,3841,8736,2063,pos,0 days 00:44:24.051000,0 days 01:42:39.563000
2024-07-07 14:47:36.732,OnTrack,3760,8808,2063,pos,0 days 00:44:24.191000,0 days 01:42:39.703000
2024-07-07 14:47:36.992,OnTrack,3562,8982,2063,pos,0 days 00:44:24.451000,0 days 01:42:39.963000
2024-07-07 14:47:37.412,OnTrack,3362,9157,2063,pos,0 days 00:44:24.871000,0 days 01:42:40.383000
2024-07-07 14:47:37.632,OnTrack,3233,9271,2064,pos,0 days 00:44:25.091000,0 days 01:42:40.603000
2024-07-07 14:47:37.811,OnTrack,3127,9364,2063,pos,0 days 00:44:25.270000,0 days 01:42:40.782000
2024-07-07 14:47:38.011,OnTrack,2951,9518,2062,pos,0 days 00:44:25.470000,0 days 01:42:40.982000
2024-07-07 14:47:38.372,OnTrack,2797,9651,2061,pos,0 days 00:44:25.831000,0 days 01:42:41.343000
2024-07-07 14:47:38.571,OnTrack,2685,9749,2060,pos,0 days 00:44:26.030000,0 days 01:42:41.542000
2024-07-07 14:47:38.752,OnTrack,2572,9846,2058,pos,0 days 00:44:26.211000,0 days 01:42:41.723000
2024-07-07 14:47:38.992,OnTrack,2437,9965,2057,pos,0 days 00:44:26.451000,0 days 01:42:41.963000
2024-07-07 14:47:39.232,OnTrack,2297,10090,2054,pos,0 days 00:44:26.691000,0 days 01:42:42.203000
2024-07-07 14:47:39.411,OnTrack,2192,10184,2053,pos,0 days 00:44:26.870000,0 days 01:42:42.382000
2024-07-07 14:47:39.651,OnTrack,2067,10295,2051,pos,0 days 00:44:27.110000,0 days 01:42:42.622000
2024-07-07 14:47:39.812,OnTrack,1976,10378,2049,pos,0 days 00:44:27.271000,0 days 01:42:42.783000
2024-07-07 14:47:39.991,OnTrack,1876,10466,2048,pos,0 days 00:44:27.450000,0 days 01:42:42.962000
2024-07-07 14:47:40.192,OnTrack,1771,10556,2046,pos,0 days 00:44:27.651000,0 days 01:42:43.163000
2024-07-07 14:47:40.511,OnTrack,1608,10686,2044,pos,0 days 00:44:27.970000,0 days 01:42:43.482000
2024-07-07 14:47:40.772,OnTrack,1496,10763,2042,pos,0 days 00:44:28.231000,0 days 01:42:43.743000
2024-07-07 14:47:40.791,OnTrack,1486,10768,2042,pos,0 days 00:44:28.250000,0 days 01:42:43.762000
2024-07-07 14:47:41.052,OnTrack,1363,10837,2040,pos,0 days 00:44:28.511000,0 days 01:42:44.023000
2024-07-07 14:47:41.351,OnTrack,1166,10914,2037,pos,0 days 00:44:28.810000,0 days 01:42:44.322000
2024-07-07 14:47:41.832,OnTrack,1015,10944,2035,pos,0 days 00:44:29.291000,0 days 01:42:44.803000
2024-07-07 14:47:42.132,OnTrack,897,10948,2035,pos,0 days 00:44:29.591000,0 days 01:42:45.103000
2024-07-07 14:47:42.432,OnTrack,734,10940,2033,pos,0 days 00:44:29.891000,0 days 01:42:45.403000
2024-07-07 14:47:42.812,OnTrack,643,10918,2032,pos,0 days 00:44:30.271000,0 days 01:42:45.783000
2024-07-07 14:47:43.013,OnTrack,573,10890,2032,pos,0 days 00:44:30.472000,0 days 01:42:45.984000
2024-07-07 14:47:43.192,OnTrack,514,10861,2032,pos,0 days 00:44:30.651000,0 days 01:42:46.163000
2024-07-07 14:47:43.372,OnTrack,459,10826,2032,pos,0 days 00:44:30.831000,0 days 01:42:46.343000
2024-07-07 14:47:43.532,OnTrack,416,10790,2032,pos,0 days 00:44:30.991000,0 days 01:42:46.503000
2024-07-07 14:47:43.792,OnTrack,355,10719,2032,pos,0 days 00:44:31.251000,0 days 01:42:46.763000
2024-07-07 14:47:44.012,OnTrack,311,10651,2032,pos,0 days 00:44:31.471000,0 days 01:42:46.983000
2024-07-07 14:47:44.192,OnTrack,280,10593,2033,pos,0 days 00:44:31.651000,0 days 01:42:47.163000
2024-07-07 14:47:44.511,OnTrack,219,10440,2033,pos,0 days 00:44:31.970000,0 days 01:42:47.482000
2024-07-07 14:47:44.851,OnTrack,205,10369,2033,pos,0 days 00:44:32.310000,0 days 01:42:47.822000
2024-07-07 14:47:45.071,OnTrack,196,10288,2033,pos,0 days 00:44:32.530000,0 days 01:42:48.042000
2024-07-07 14:47:45.171,OnTrack,193,10250,2033,pos,0 days 00:44:32.630000,0 days 01:42:48.142000
2024-07-07 14:47:45.391,OnTrack,189,10164,2034,pos,0 days 00:44:32.850000,0 days 01:42:48.362000
2024-07-07 14:47:45.631,OnTrack,184,10073,2034,pos,0 days 00:44:33.090000,0 days 01:42:48.602000
2024-07-07 14:47:45.812,OnTrack,179,9996,2035,pos,0 days 00:44:33.271000,0 days 01:42:48.783000
2024-07-07 14:47:45.992,OnTrack,171,9925,2035,pos,0 days 00:44:33.451000,0 days 01:42:48.963000
2024-07-07 14:47:46.312,OnTrack,146,9814,2036,pos,0 days 00:44:33.771000,0 days 01:42:49.283000
2024-07-07 14:47:46.572,OnTrack,97,9707,2038,pos,0 days 00:44:34.031000,0 days 01:42:49.543000
2024-07-07 14:47:46.912,OnTrack,43,9630,2039,pos,0 days 00:44:34.371000,0 days 01:42:49.883000
2024-07-07 14:47:47.112,OnTrack,-1,9583,2039,pos,0 days 00:44:34.571000,0 days 01:42:50.083000
2024-07-07 14:47:47.352,OnTrack,-58,9536,2040,pos,0 days 00:44:34.811000,0 days 01:42:50.323000
2024-07-07 14:47:47.572,OnTrack,-141,9486,2040,pos,0 days 00:44:35.031000,0 days 01:42:50.543000
2024-07-07 14:47:48.012,OnTrack,-265,9446,2041,pos,0 days 00:44:35.471000,0 days 01:42:50.983000
2024-07-07 14:47:48.292,OnTrack,-322,9441,2041,pos,0 days 00:44:35.751000,0 days 01:42:51.263000
2024-07-07 14:47:48.552,OnTrack,-427,9457,2040,pos,0 days 00:44:36.011000,0 days 01:42:51.523000
2024-07-07 14:47:48.952,OnTrack,-498,9490,2039,pos,0 days 00:44:36.411000,0 days 01:42:51.923000
2024-07-07 14:47:49.112,OnTrack,-535,9514,2039,pos,0 days 00:44:36.571000,0 days 01:42:52.083000
2024-07-07 14:47:49.293,OnTrack,-571,9543,2038,pos,0 days 00:44:36.752000,0 days 01:42:52.264000
2024-07-07 14:47:49.533,OnTrack,-618,9591,2037,pos,0 days 00:44:36.992000,0 days 01:42:52.504000
2024-07-07 14:47:49.752,OnTrack,-655,9639,2036,pos,0 days 00:44:37.211000,0 days 01:42:52.723000
2024-07-07 14:47:50.052,OnTrack,-698,9712,2035,pos,0 days 00:44:37.511000,0 days 01:42:53.023000
2024-07-07 14:47:50.252,OnTrack,-721,9765,2034,pos,0 days 00:44:37.711000,0 days 01:42:53.223000
2024-07-07 14:47:50.452,OnTrack,-747,9839,2033,pos,0 days 00:44:37.911000,0 days 01:42:53.423000
2024-07-07 14:47:50.811,OnTrack,-767,9931,2032,pos,0 days 00:44:38.270000,0 days 01:42:53.782000
2024-07-07 14:47:50.972,OnTrack,-773,9983,2032,pos,0 days 00:44:38.431000,0 days 01:42:53.943000
2024-07-07 14:47:51.272,OnTrack,-775,10086,2031,pos,0 days 00:44:38.731000,0 days 01:42:54.243000
2024-07-07 14:47:51.492,OnTrack,-767,10196,2031,pos,0 days 00:44:38.951000,0 days 01:42:54.463000
2024-07-07 14:47:51.812,OnTrack,-753,10290,2030,pos,0 days 00:44:39.271000,0 days 01:42:54.783000
2024-07-07 14:47:52.112,OnTrack,-727,10406,2029,pos,0 days 00:44:39.571000,0 days 01:42:55.083000
2024-07-07 14:47:52.312,OnTrack,-702,10490,2028,pos,0 days 00:44:39.771000,0 days 01:42:55.283000
2024-07-07 14:47:52.471,OnTrack,-697,10508,2028,pos,0 days 00:44:39.930000,0 days 01:42:55.442000
2024-07-07 14:47:52.632,OnTrack,-671,10579,2027,pos,0 days 00:44:40.091000,0 days 01:42:55.603000
2024-07-07 14:47:52.892,OnTrack,-622,10700,2025,pos,0 days 00:44:40.351000,0 days 01:42:55.863000
2024-07-07 14:47:53.152,OnTrack,-568,10820,2023,pos,0 days 00:44:40.611000,0 days 01:42:56.123000
2024-07-07 14:47:53.232,OnTrack,-546,10864,2023,pos,0 days 00:44:40.691000,0 days 01:42:56.203000
2024-07-07 14:47:53.492,OnTrack,-441,11064,2021,pos,0 days 00:44:40.951000,0 days 01:42:56.463000
2024-07-07 14:47:53.851,OnTrack,-379,11178,2021,pos,0 days 00:44:41.310000,0 days 01:42:56.822000
2024-07-07 14:47:54.151,OnTrack,-287,11329,2021,pos,0 days 00:44:41.610000,0 days 01:42:57.122000
2024-07-07 14:47:54.252,OnTrack,-250,11386,2021,pos,0 days 00:44:41.711000,0 days 01:42:57.223000
2024-07-07 14:47:54.652,OnTrack,-57,11642,2021,pos,0 days 00:44:42.111000,0 days 01:42:57.623000
2024-07-07 14:47:55.012,OnTrack,93,11812,2022,pos,0 days 00:44:42.471000,0 days 01:42:57.983000
2024-07-07 14:47:55.372,OnTrack,229,11946,2023,pos,0 days 00:44:42.831000,0 days 01:42:58.343000
2024-07-07 14:47:55.592,OnTrack,341,12049,2024,pos,0 days 00:44:43.051000,0 days 01:42:58.563000
2024-07-07 14:47:55.793,OnTrack,449,12139,2024,pos,0 days 00:44:43.252000,0 days 01:42:58.764000
2024-07-07 14:47:55.952,OnTrack,538,12208,2024,pos,0 days 00:44:43.411000,0 days 01:42:58.923000
2024-07-07 14:47:56.312,OnTrack,751,12353,2024,pos,0 days 00:44:43.771000,0 days 01:42:59.283000
2024-07-07 14:47:56.492,OnTrack,953,12458,2025,pos,0 days 00:44:43.951000,0 days 01:42:59.463000
2024-07-07 14:47:56.953,OnTrack,1248,12578,2025,pos,0 days 00:44:44.412000,0 days 01:42:59.924000
2024-07-07 14:47:57.312,OnTrack,1434,12638,2025,pos,0 days 00:44:44.771000,0 days 01:43:00.283000
2024-07-07 14:47:57.591,OnTrack,1714,12709,2026,pos,0 days 00:44:45.050000,0 days 01:43:00.562000
2024-07-07 14:47:57.992,OnTrack,1941,12751,2027,pos,0 days 00:44:45.451000,0 days 01:43:00.963000
2024-07-07 14:47:58.151,OnTrack,2060,12769,2028,pos,0 days 00:44:45.610000,0 days 01:43:01.122000
2024-07-07 14:47:58.292,OnTrack,2176,12785,2029,pos,0 days 00:44:45.751000,0 days 01:43:01.263000
2024-07-07 14:47:58.572,OnTrack,2393,12810,2030,pos,0 days 00:44:46.031000,0 days 01:43:01.543000
2024-07-07 14:47:58.771,OnTrack,2550,12827,2032,pos,0 days 00:44:46.230000,0 days 01:43:01.742000
2024-07-07 14:47:58.971,OnTrack,2706,12843,2033,pos,0 days 00:44:46.430000,0 days 01:43:01.942000
2024-07-07 14:47:59.152,OnTrack,2847,12857,2035,pos,0 days 00:44:46.611000,0 days 01:43:02.123000
2024-07-07 14:47:59.352,OnTrack,3004,12873,2036,pos,0 days 00:44:46.811000,0 days 01:43:02.323000
2024-07-07 14:47:59.652,OnTrack,3350,12910,2039,pos,0 days 00:44:47.111000,0 days 01:43:02.623000
2024-07-07 14:47:59.912,OnTrack,3444,12920,2039,pos,0 days 00:44:47.371000,0 days 01:43:02.883000
2024-07-07 14:48:00.172,OnTrack,3649,12943,2041,pos,0 days 00:44:47.631000,0 days 01:43:03.143000
2024-07-07 14:48:00.411,OnTrack,3948,12976,2042,pos,0 days 00:44:47.870000,0 days 01:43:03.382000
2024-07-07 14:48:00.872,OnTrack,4200,13008,2044,pos,0 days 00:44:48.331000,0 days 01:43:03.843000
2024-07-07 14:48:01.052,OnTrack,4343,13026,2045,pos,0 days 00:44:48.511000,0 days 01:43:04.023000
2024-07-07 14:48:01.233,OnTrack,4579,13058,2046,pos,0 days 00:44:48.692000,0 days 01:43:04.204000
2024-07-07 14:48:01.552,OnTrack,4728,13077,2047,pos,0 days 00:44:49.011000,0 days 01:43:04.523000
2024-07-07 14:48:01.752,OnTrack,4885,13094,2048,pos,0 days 00:44:49.211000,0 days 01:43:04.723000
2024-07-07 14:48:01.972,OnTrack,5044,13108,2048,pos,0 days 00:44:49.431000,0 days 01:43:04.943000
2024-07-07 14:48:02.292,OnTrack,5234,13114,2049,pos,0 days 00:44:49.751000,0 days 01:43:05.263000
2024-07-07 14:48:02.512,OnTrack,5442,13095,2050,pos,0 days 00:44:49.971000,0 days 01:43:05.483000
2024-07-07 14:48:02.913,OnTrack,5605,13058,2051,pos,0 days 00:44:50.372000,0 days 01:43:05.884000
2024-07-07 14:48:03.112,OnTrack,5727,13018,2052,pos,0 days 00:44:50.571000,0 days 01:43:06.083000
2024-07-07 14:48:03.173,OnTrack,5760,13004,2052,pos,0 days 00:44:50.632000,0 days 01:43:06.144000
2024-07-07 14:48:03.512,OnTrack,5997,12876,2054,pos,0 days 00:44:50.971000,0 days 01:43:06.483000
2024-07-07 14:48:03.832,OnTrack,6107,12795,2054,pos,0 days 00:44:51.291000,0 days 01:43:06.803000
2024-07-07 14:48:04.071,OnTrack,6218,12697,2055,pos,0 days 00:44:51.530000,0 days 01:43:07.042000
2024-07-07 14:48:04.332,OnTrack,6326,12577,2056,pos,0 days 00:44:51.791000,0 days 01:43:07.303000
2024-07-07 14:48:04.572,OnTrack,6442,12393,2057,pos,0 days 00:44:52.031000,0 days 01:43:07.543000
2024-07-07 14:48:04.971,OnTrack,6543,12180,2058,pos,0 days 00:44:52.430000,0 days 01:43:07.942000
2024-07-07 14:48:05.311,OnTrack,6606,12010,2059,pos,0 days 00:44:52.770000,0 days 01:43:08.282000
2024-07-07 14:48:05.452,OnTrack,6637,11913,2060,pos,0 days 00:44:52.911000,0 days 01:43:08.423000
2024-07-07 14:48:05.652,OnTrack,6676,11781,2061,pos,0 days 00:44:53.111000,0 days 01:43:08.623000
2024-07-07 14:48:05.972,OnTrack,6732,11565,2062,pos,0 days 00:44:53.431000,0 days 01:43:08.943000
2024-07-07 14:48:06.152,OnTrack,6762,11441,2063,pos,0 days 00:44:53.611000,0 days 01:43:09.123000
2024-07-07 14:48:06.312,OnTrack,6787,11330,2065,pos,0 days 00:44:53.771000,0 days 01:43:09.283000
2024-07-07 14:48:06.492,OnTrack,6814,11203,2065,pos,0 days 00:44:53.951000,0 days 01:43:09.463000
2024-07-07 14:48:06.832,OnTrack,6857,10965,2067,pos,0 days 00:44:54.291000,0 days 01:43:09.803000
2024-07-07 14:48:07.392,OnTrack,6916,10552,2071,pos,0 days 00:44:54.851000,0 days 01:43:10.363000
2024-07-07 14:48:07.712,OnTrack,6947,10249,2073,pos,0 days 00:44:55.171000,0 days 01:43:10.683000
2024-07-07 14:48:08.092,OnTrack,6964,10018,2074,pos,0 days 00:44:55.551000,0 days 01:43:11.063000
2024-07-07 14:48:08.333,OnTrack,6974,9832,2074,pos,0 days 00:44:55.792000,0 days 01:43:11.304000
2024-07-07 14:48:08.512,OnTrack,6978,9691,2075,pos,0 days 00:44:55.971000,0 days 01:43:11.483000
2024-07-07 14:48:08.732,OnTrack,6982,9518,2075,pos,0 days 00:44:56.191000,0 days 01:43:11.703000
2024-07-07 14:48:08.932,OnTrack,6987,9304,2074,pos,0 days 00:44:56.391000,0 days 01:43:11.903000
2024-07-07 14:48:09.232,OnTrack,6995,9121,2074,pos,0 days 00:44:56.691000,0 days 01:43:12.203000
2024-07-07 14:48:09.552,OnTrack,7028,8756,2071,pos,0 days 00:44:57.011000,0 days 01:43:12.523000
2024-07-07 14:48:09.912,OnTrack,7079,8471,2070,pos,0 days 00:44:57.371000,0 days 01:43:12.883000
2024-07-07 14:48:10.412,OnTrack,7148,8190,2068,pos,0 days 00:44:57.871000,0 days 01:43:13.383000
2024-07-07 14:48:10.592,OnTrack,7189,8051,2066,pos,0 days 00:44:58.051000,0 days 01:43:13.563000
2024-07-07 14:48:10.852,OnTrack,7267,7823,2063,pos,0 days 00:44:58.311000,0 days 01:43:13.823000
2024-07-07 14:48:11.191,OnTrack,7355,7600,2060,pos,0 days 00:44:58.650000,0 days 01:43:14.162000
2024-07-07 14:48:11.451,OnTrack,7427,7417,2059,pos,0 days 00:44:58.910000,0 days 01:43:14.422000
2024-07-07 14:48:11.592,OnTrack,7460,7325,2059,pos,0 days 00:44:59.051000,0 days 01:43:14.563000
2024-07-07 14:48:11.771,OnTrack,7496,7207,2058,pos,0 days 00:44:59.230000,0 days 01:43:14.742000
2024-07-07 14:48:12.012,OnTrack,7520,7096,2058,pos,0 days 00:44:59.471000,0 days 01:43:14.983000
2024-07-07 14:48:12.212,OnTrack,7537,6969,2058,pos,0 days 00:44:59.671000,0 days 01:43:15.183000
2024-07-07 14:48:12.351,OnTrack,7538,6883,2058,pos,0 days 00:44:59.810000,0 days 01:43:15.322000
2024-07-07 14:48:12.532,OnTrack,7530,6767,2058,pos,0 days 00:44:59.991000,0 days 01:43:15.503000
2024-07-07 14:48:12.752,OnTrack,7509,6626,2058,pos,0 days 00:45:00.211000,0 days 01:43:15.723000
2024-07-07 14:48:13.032,OnTrack,7472,6448,2060,pos,0 days 00:45:00.491000,0 days 01:43:16.003000
2024-07-07 14:48:13.312,OnTrack,7409,6194,2061,pos,0 days 00:45:00.771000,0 days 01:43:16.283000
2024-07-07 14:48:13.552,OnTrack,7390,6117,2062,pos,0 days 00:45:01.011000,0 days 01:43:16.523000
2024-07-07 14:48:13.812,OnTrack,7354,5951,2062,pos,0 days 00:45:01.271000,0 days 01:43:16.783000
2024-07-07 14:48:13.972,OnTrack,7337,5851,2063,pos,0 days 00:45:01.431000,0 days 01:43:16.943000
2024-07-07 14:48:14.352,OnTrack,7318,5552,2062,pos,0 days 00:45:01.811000,0 days 01:43:17.323000
2024-07-07 14:48:14.692,OnTrack,7333,5427,2062,pos,0 days 00:45:02.151000,0 days 01:43:17.663000
2024-07-07 14:48:14.892,OnTrack,7360,5315,2061,pos,0 days 00:45:02.351000,0 days 01:43:17.863000
2024-07-07 14:48:15.092,OnTrack,7400,5208,2060,pos,0 days 00:45:02.551000,0 days 01:43:18.063000
2024-07-07 14:48:15.272,OnTrack,7444,5114,2059,pos,0 days 00:45:02.731000,0 days 01:43:18.243000
2024-07-07 14:48:15.472,OnTrack,7499,5014,2058,pos,0 days 00:45:02.931000,0 days 01:43:18.443000
2024-07-07 14:48:15.772,OnTrack,7626,4801,2054,pos,0 days 00:45:03.231000,0 days 01:43:18.743000
2024-07-07 14:48:16.112,OnTrack,7674,4714,2053,pos,0 days 00:45:03.571000,0 days 01:43:19.083000
2024-07-07 14:48:16.392,OnTrack,7732,4586,2051,pos,0 days 00:45:03.851000,0 days 01:43:19.363000
2024-07-07 14:48:16.632,OnTrack,7769,4465,2050,pos,0 days 00:45:04.091000,0 days 01:43:19.603000
2024-07-07 14:48:16.892,OnTrack,7786,4354,2048,pos,0 days 00:45:04.351000,0 days 01:43:19.863000
2024-07-07 14:48:17.231,OnTrack,7782,4199,2045,pos,0 days 00:45:04.690000,0 days 01:43:20.202000
2024-07-07 14:48:17.392,OnTrack,7770,4126,2044,pos,0 days 00:45:04.851000,0 days 01:43:20.363000
2024-07-07 14:48:17.572,OnTrack,7749,4046,2043,pos,0 days 00:45:05.031000,0 days 01:43:20.543000
2024-07-07 14:48:17.852,OnTrack,7678,3866,2040,pos,0 days 00:45:05.311000,0 days 01:43:20.823000
2024-07-07 14:48:18.212,OnTrack,7628,3775,2040,pos,0 days 00:45:05.671000,0 days 01:43:21.183000
2024-07-07 14:48:18.412,OnTrack,7574,3696,2038,pos,0 days 00:45:05.871000,0 days 01:43:21.383000
2024-07-07 14:48:18.571,OnTrack,7527,3636,2038,pos,0 days 00:45:06.030000,0 days 01:43:21.542000
2024-07-07 14:48:18.871,OnTrack,7420,3533,2036,pos,0 days 00:45:06.330000,0 days 01:43:21.842000
2024-07-07 14:48:19.072,OnTrack,7336,3471,2035,pos,0 days 00:45:06.531000,0 days 01:43:22.043000
2024-07-07 14:48:19.312,OnTrack,7176,3378,2032,pos,0 days 00:45:06.771000,0 days 01:43:22.283000
2024-07-07 14:48:19.592,OnTrack,7085,3332,2031,pos,0 days 00:45:07.051000,0 days 01:43:22.563000
2024-07-07 14:48:19.892,OnTrack,6934,3246,2030,pos,0 days 00:45:07.351000,0 days 01:43:22.863000
2024-07-07 14:48:20.092,OnTrack,6839,3177,2029,pos,0 days 00:45:07.551000,0 days 01:43:23.063000
2024-07-07 14:48:20.251,OnTrack,6765,3112,2028,pos,0 days 00:45:07.710000,0 days 01:43:23.222000
2024-07-07 14:48:20.492,OnTrack,6657,3005,2028,pos,0 days 00:45:07.951000,0 days 01:43:23.463000
2024-07-07 14:48:20.592,OnTrack,6613,2958,2028,pos,0 days 00:45:08.051000,0 days 01:43:23.563000
2024-07-07 14:48:20.892,OnTrack,6484,2812,2027,pos,0 days 00:45:08.351000,0 days 01:43:23.863000
2024-07-07 14:48:21.052,OnTrack,6418,2729,2028,pos,0 days 00:45:08.511000,0 days 01:43:24.023000
2024-07-07 14:48:21.232,OnTrack,6353,2638,2027,pos,0 days 00:45:08.691000,0 days 01:43:24.203000
2024-07-07 14:48:21.492,OnTrack,6258,2488,2026,pos,0 days 00:45:08.951000,0 days 01:43:24.463000
2024-07-07 14:48:21.653,OnTrack,6200,2389,2026,pos,0 days 00:45:09.112000,0 days 01:43:24.624000
2024-07-07 14:48:21.832,OnTrack,6140,2279,2026,pos,0 days 00:45:09.291000,0 days 01:43:24.803000
2024-07-07 14:48:22.092,OnTrack,6058,2121,2025,pos,0 days 00:45:09.551000,0 days 01:43:25.063000
2024-07-07 14:48:22.292,OnTrack,5991,1986,2025,pos,0 days 00:45:09.751000,0 days 01:43:25.263000
2024-07-07 14:48:22.572,OnTrack,5902,1804,2024,pos,0 days 00:45:10.031000,0 days 01:43:25.543000
2024-07-07 14:48:22.793,OnTrack,5799,1592,2023,pos,0 days 00:45:10.252000,0 days 01:43:25.764000
2024-07-07 14:48:23.073,OnTrack,5741,1471,2022,pos,0 days 00:45:10.532000,0 days 01:43:26.044000
2024-07-07 14:48:23.333,OnTrack,5618,1213,2021,pos,0 days 00:45:10.792000,0 days 01:43:26.304000
2024-07-07 14:48:23.711,OnTrack,5534,1037,2020,pos,0 days 00:45:11.170000,0 days 01:43:26.682000
2024-07-07 14:48:23.971,OnTrack,5453,867,2019,pos,0 days 00:45:11.430000,0 days 01:43:26.942000
2024-07-07 14:48:24.192,OnTrack,5339,630,2017,pos,0 days 00:45:11.651000,0 days 01:43:27.163000
2024-07-07 14:48:24.652,OnTrack,5223,389,2015,pos,0 days 00:45:12.111000,0 days 01:43:27.623000
2024-07-07 14:48:24.772,OnTrack,5185,311,2014,pos,0 days 00:45:12.231000,0 days 01:43:27.743000
2024-07-07 14:48:25.032,OnTrack,5064,62,2012,pos,0 days 00:45:12.491000,0 days 01:43:28.003000
2024-07-07 14:48:25.352,OnTrack,4981,-109,2011,pos,0 days 00:45:12.811000,0 days 01:43:28.323000
2024-07-07 14:48:25.612,OnTrack,4891,-296,2010,pos,0 days 00:45:13.071000,0 days 01:43:28.583000
2024-07-07 14:48:25.812,OnTrack,4780,-528,2009,pos,0 days 00:45:13.271000,0 days 01:43:28.783000
2024-07-07 14:48:26.292,OnTrack,4612,-876,2007,pos,0 days 00:45:13.751000,0 days 01:43:29.263000
2024-07-07 14:48:26.552,OnTrack,4566,-970,2006,pos,0 days 00:45:14.011000,0 days 01:43:29.523000
2024-07-07 14:48:26.912,OnTrack,4412,-1288,2003,pos,0 days 00:45:14.371000,0 days 01:43:29.883000
2024-07-07 14:48:27.232,OnTrack,4287,-1540,2000,pos,0 days 00:45:14.691000,0 days 01:43:30.203000
2024-07-07 14:48:27.712,OnTrack,4155,-1806,1996,pos,0 days 00:45:15.171000,0 days 01:43:30.683000
2024-07-07 14:48:27.892,OnTrack,4047,-2021,1994,pos,0 days 00:45:15.351000,0 days 01:43:30.863000
2024-07-07 14:48:28.292,OnTrack,3917,-2274,1994,pos,0 days 00:45:15.751000,0 days 01:43:31.263000
2024-07-07 14:48:28.572,OnTrack,3848,-2407,1994,pos,0 days 00:45:16.031000,0 days 01:43:31.543000
2024-07-07 14:48:28.872,OnTrack,3739,-2615,1995,pos,0 days 00:45:16.331000,0 days 01:43:31.843000
2024-07-07 14:48:29.092,OnTrack,3656,-2770,1997,pos,0 days 00:45:16.551000,0 days 01:43:32.063000
2024-07-07 14:48:29.252,OnTrack,3541,-2980,2000,pos,0 days 00:45:16.711000,0 days 01:43:32.223000
2024-07-07 14:48:29.593,OnTrack,3462,-3119,2003,pos,0 days 00:45:17.052000,0 days 01:43:32.564000
2024-07-07 14:48:29.992,OnTrack,3258,-3448,2010,pos,0 days 00:45:17.451000,0 days 01:43:32.963000
2024-07-07 14:48:30.372,OnTrack,3155,-3587,2014,pos,0 days 00:45:17.831000,0 days 01:43:33.343000
2024-07-07 14:48:30.591,OnTrack,3068,-3693,2016,pos,0 days 00:45:18.050000,0 days 01:43:33.562000
2024-07-07 14:48:30.831,OnTrack,2964,-3802,2018,pos,0 days 00:45:18.290000,0 days 01:43:33.802000
2024-07-07 14:48:31.051,OnTrack,2883,-3873,2021,pos,0 days 00:45:18.510000,0 days 01:43:34.022000
2024-07-07 14:48:31.351,OnTrack,2754,-3962,2023,pos,0 days 00:45:18.810000,0 days 01:43:34.322000
2024-07-07 14:48:31.631,OnTrack,2630,-4027,2025,pos,0 days 00:45:19.090000,0 days 01:43:34.602000
2024-07-07 14:48:31.712,OnTrack,2595,-4042,2026,pos,0 days 00:45:19.171000,0 days 01:43:34.683000
2024-07-07 14:48:31.971,OnTrack,2508,-4073,2027,pos,0 days 00:45:19.430000,0 days 01:43:34.942000
2024-07-07 14:48:32.191,OnTrack,2355,-4108,2030,pos,0 days 00:45:19.650000,0 days 01:43:35.162000
2024-07-07 14:48:32.471,OnTrack,2283,-4115,2030,pos,0 days 00:45:19.930000,0 days 01:43:35.442000
2024-07-07 14:48:32.791,OnTrack,2136,-4109,2032,pos,0 days 00:45:20.250000,0 days 01:43:35.762000
2024-07-07 14:48:32.992,OnTrack,2044,-4093,2033,pos,0 days 00:45:20.451000,0 days 01:43:35.963000
2024-07-07 14:48:33.152,OnTrack,1971,-4074,2033,pos,0 days 00:45:20.611000,0 days 01:43:36.123000
2024-07-07 14:48:33.331,OnTrack,1891,-4046,2033,pos,0 days 00:45:20.790000,0 days 01:43:36.302000
2024-07-07 14:48:33.632,OnTrack,1762,-3982,2033,pos,0 days 00:45:21.091000,0 days 01:43:36.603000
2024-07-07 14:48:33.732,OnTrack,1720,-3957,2033,pos,0 days 00:45:21.191000,0 days 01:43:36.703000
2024-07-07 14:48:34.072,OnTrack,1584,-3854,2032,pos,0 days 00:45:21.531000,0 days 01:43:37.043000
2024-07-07 14:48:34.232,OnTrack,1480,-3752,2030,pos,0 days 00:45:21.691000,0 days 01:43:37.203000
2024-07-07 14:48:34.652,OnTrack,1376,-3626,2029,pos,0 days 00:45:22.111000,0 days 01:43:37.623000
2024-07-07 14:48:34.733,OnTrack,1350,-3589,2028,pos,0 days 00:45:22.192000,0 days 01:43:37.704000
2024-07-07 14:48:34.952,OnTrack,1282,-3483,2026,pos,0 days 00:45:22.411000,0 days 01:43:37.923000
2024-07-07 14:48:35.212,OnTrack,1207,-3350,2023,pos,0 days 00:45:22.671000,0 days 01:43:38.183000
2024-07-07 14:48:35.412,OnTrack,1151,-3243,2020,pos,0 days 00:45:22.871000,0 days 01:43:38.383000
2024-07-07 14:48:35.612,OnTrack,1093,-3135,2016,pos,0 days 00:45:23.071000,0 days 01:43:38.583000
2024-07-07 14:48:35.813,OnTrack,1033,-3027,2011,pos,0 days 00:45:23.272000,0 days 01:43:38.784000
2024-07-07 14:48:36.093,OnTrack,940,-2876,2004,pos,0 days 00:45:23.552000,0 days 01:43:39.064000
2024-07-07 14:48:36.312,OnTrack,864,-2763,1998,pos,0 days 00:45:23.771000,0 days 01:43:39.283000
2024-07-07 14:48:36.532,OnTrack,776,-2641,1993,pos,0 days 00:45:23.991000,0 days 01:43:39.503000
2024-07-07 14:48:36.732,OnTrack,677,-2507,1988,pos,0 days 00:45:24.191000,0 days 01:43:39.703000
2024-07-07 14:48:37.031,OnTrack,577,-2372,1985,pos,0 days 00:45:24.490000,0 days 01:43:40.002000
2024-07-07 14:48:37.232,OnTrack,497,-2263,1984,pos,0 days 00:45:24.691000,0 days 01:43:40.203000
2024-07-07 14:48:37.411,OnTrack,410,-2148,1984,pos,0 days 00:45:24.870000,0 days 01:43:40.382000
2024-07-07 14:48:37.651,OnTrack,310,-2016,1985,pos,0 days 00:45:25.110000,0 days 01:43:40.622000
2024-07-07 14:48:37.972,OnTrack,172,-1842,1986,pos,0 days 00:45:25.431000,0 days 01:43:40.943000
2024-07-07 14:48:38.191,OnTrack,64,-1714,1986,pos,0 days 00:45:25.650000,0 days 01:43:41.162000
2024-07-07 14:48:38.451,OnTrack,-38,-1596,1986,pos,0 days 00:45:25.910000,0 days 01:43:41.422000
2024-07-07 14:48:38.632,OnTrack,-107,-1518,1985,pos,0 days 00:45:26.091000,0 days 01:43:41.603000
2024-07-07 14:48:38.832,OnTrack,-176,-1441,1984,pos,0 days 00:45:26.291000,0 days 01:43:41.803000
2024-07-07 14:48:39.031,OnTrack,-249,-1359,1983,pos,0 days 00:45:26.490000,0 days 01:43:42.002000
2024-07-07 14:48:39.311,OnTrack,-336,-1261,1981,pos,0 days 00:45:26.770000,0 days 01:43:42.282000
2024-07-07 14:48:39.492,OnTrack,-388,-1203,1980,pos,0 days 00:45:26.951000,0 days 01:43:42.463000
2024-07-07 14:48:39.712,OnTrack,-448,-1138,1979,pos,0 days 00:45:27.171000,0 days 01:43:42.683000
2024-07-07 14:48:40.032,OnTrack,-566,-1031,1977,pos,0 days 00:45:27.491000,0 days 01:43:43.003000
2024-07-07 14:48:40.252,OnTrack,-587,-1016,1976,pos,0 days 00:45:27.711000,0 days 01:43:43.223000
2024-07-07 14:48:40.452,OnTrack,-636,-984,1976,pos,0 days 00:45:27.911000,0 days 01:43:43.423000
2024-07-07 14:48:40.691,OnTrack,-702,-951,1975,pos,0 days 00:45:28.150000,0 days 01:43:43.662000
2024-07-07 14:48:40.992,OnTrack,-780,-924,1976,pos,0 days 00:45:28.451000,0 days 01:43:43.963000
2024-07-07 14:48:41.272,OnTrack,-853,-914,1976,pos,0 days 00:45:28.731000,0 days 01:43:44.243000
2024-07-07 14:48:41.432,OnTrack,-896,-913,1976,pos,0 days 00:45:28.891000,0 days 01:43:44.403000
2024-07-07 14:48:41.612,OnTrack,-940,-914,1976,pos,0 days 00:45:29.071000,0 days 01:43:44.583000
2024-07-07 14:48:41.793,OnTrack,-983,-921,1977,pos,0 days 00:45:29.252000,0 days 01:43:44.764000
2024-07-07 14:48:42.032,OnTrack,-1069,-952,1978,pos,0 days 00:45:29.491000,0 days 01:43:45.003000
2024-07-07 14:48:42.312,OnTrack,-1099,-968,1979,pos,0 days 00:45:29.771000,0 days 01:43:45.283000
2024-07-07 14:48:42.512,OnTrack,-1142,-997,1979,pos,0 days 00:45:29.971000,0 days 01:43:45.483000
2024-07-07 14:48:42.832,OnTrack,-1210,-1049,1980,pos,0 days 00:45:30.291000,0 days 01:43:45.803000
2024-07-07 14:48:42.933,OnTrack,-1232,-1066,1981,pos,0 days 00:45:30.392000,0 days 01:43:45.904000
2024-07-07 14:48:43.153,OnTrack,-1280,-1101,1981,pos,0 days 00:45:30.612000,0 days 01:43:46.124000
2024-07-07 14:48:43.412,OnTrack,-1342,-1137,1981,pos,0 days 00:45:30.871000,0 days 01:43:46.383000
2024-07-07 14:48:43.571,OnTrack,-1385,-1155,1981,pos,0 days 00:45:31.030000,0 days 01:43:46.542000
2024-07-07 14:48:43.911,OnTrack,-1473,-1172,1981,pos,0 days 00:45:31.370000,0 days 01:43:46.882000
2024-07-07 14:48:44.072,OnTrack,-1516,-1170,1981,pos,0 days 00:45:31.531000,0 days 01:43:47.043000
2024-07-07 14:48:44.232,OnTrack,-1559,-1164,1980,pos,0 days 00:45:31.691000,0 days 01:43:47.203000
2024-07-07 14:48:44.451,OnTrack,-1618,-1149,1980,pos,0 days 00:45:31.910000,0 days 01:43:47.422000
2024-07-07 14:48:44.671,OnTrack,-1676,-1130,1979,pos,0 days 00:45:32.130000,0 days 01:43:47.642000
2024-07-07 14:48:44.951,OnTrack,-1749,-1099,1978,pos,0 days 00:45:32.410000,0 days 01:43:47.922000
2024-07-07 14:48:45.011,OnTrack,-1764,-1091,1978,pos,0 days 00:45:32.470000,0 days 01:43:47.982000
2024-07-07 14:48:45.311,OnTrack,-1866,-1024,1977,pos,0 days 00:45:32.770000,0 days 01:43:48.282000
2024-07-07 14:48:45.732,OnTrack,-1941,-951,1976,pos,0 days 00:45:33.191000,0 days 01:43:48.703000
2024-07-07 14:48:45.912,OnTrack,-1982,-904,1976,pos,0 days 00:45:33.371000,0 days 01:43:48.883000
2024-07-07 14:48:46.152,OnTrack,-2060,-806,1975,pos,0 days 00:45:33.611000,0 days 01:43:49.123000
2024-07-07 14:48:46.452,OnTrack,-2106,-745,1974,pos,0 days 00:45:33.911000,0 days 01:43:49.423000
2024-07-07 14:48:46.651,OnTrack,-2148,-681,1974,pos,0 days 00:45:34.110000,0 days 01:43:49.622000
2024-07-07 14:48:46.992,OnTrack,-2225,-516,1974,pos,0 days 00:45:34.451000,0 days 01:43:49.963000
2024-07-07 14:48:47.252,OnTrack,-2262,-404,1972,pos,0 days 00:45:34.711000,0 days 01:43:50.223000
2024-07-07 14:48:47.412,OnTrack,-2280,-336,1971,pos,0 days 00:45:34.871000,0 days 01:43:50.383000
2024-07-07 14:48:47.652,OnTrack,-2303,-199,1969,pos,0 days 00:45:35.111000,0 days 01:43:50.623000
2024-07-07 14:48:48.012,OnTrack,-2314,-40,1968,pos,0 days 00:45:35.471000,0 days 01:43:50.983000
2024-07-07 14:48:48.092,OnTrack,-2314,0,1967,pos,0 days 00:45:35.551000,0 days 01:43:51.063000
2024-07-07 14:48:48.333,OnTrack,-2306,125,1966,pos,0 days 00:45:35.792000,0 days 01:43:51.304000
2024-07-07 14:48:48.633,OnTrack,-2262,361,1964,pos,0 days 00:45:36.092000,0 days 01:43:51.604000
2024-07-07 14:48:49.072,OnTrack,-2167,599,1962,pos,0 days 00:45:36.531000,0 days 01:43:52.043000
2024-07-07 14:48:49.453,OnTrack,-2101,719,1962,pos,0 days 00:45:36.912000,0 days 01:43:52.424000
2024-07-07 14:48:49.612,OnTrack,-2047,806,1962,pos,0 days 00:45:37.071000,0 days 01:43:52.583000
2024-07-07 14:48:49.792,OnTrack,-1987,891,1962,pos,0 days 00:45:37.251000,0 days 01:43:52.763000
2024-07-07 14:48:50.111,OnTrack,-1839,1096,1963,pos,0 days 00:45:37.570000,0 days 01:43:53.082000
2024-07-07 14:48:50.411,OnTrack,-1754,1212,1963,pos,0 days 00:45:37.870000,0 days 01:43:53.382000
2024-07-07 14:48:50.711,OnTrack,-1632,1372,1964,pos,0 days 00:45:38.170000,0 days 01:43:53.682000
2024-07-07 14:48:50.931,OnTrack,-1538,1489,1965,pos,0 days 00:45:38.390000,0 days 01:43:53.902000
2024-07-07 14:48:51.092,OnTrack,-1469,1576,1966,pos,0 days 00:45:38.551000,0 days 01:43:54.063000
2024-07-07 14:48:51.352,OnTrack,-1332,1754,1968,pos,0 days 00:45:38.811000,0 days 01:43:54.323000
2024-07-07 14:48:51.752,OnTrack,-1128,2034,1971,pos,0 days 00:45:39.211000,0 days 01:43:54.723000
2024-07-07 14:48:52.192,OnTrack,-998,2213,1974,pos,0 days 00:45:39.651000,0 days 01:43:55.163000
2024-07-07 14:48:52.391,OnTrack,-858,2405,1977,pos,0 days 00:45:39.850000,0 days 01:43:55.362000
2024-07-07 14:48:52.772,OnTrack,-689,2639,1981,pos,0 days 00:45:40.231000,0 days 01:43:55.743000
2024-07-07 14:48:53.211,OnTrack,-553,2834,1984,pos,0 days 00:45:40.670000,0 days 01:43:56.182000
2024-07-07 14:48:53.471,OnTrack,-387,3079,1988,pos,0 days 00:45:40.930000,0 days 01:43:56.442000
2024-07-07 14:48:53.852,OnTrack,-270,3256,1991,pos,0 days 00:45:41.311000,0 days 01:43:56.823000
2024-07-07 14:48:53.972,OnTrack,-218,3335,1993,pos,0 days 00:45:41.431000,0 days 01:43:56.943000
2024-07-07 14:48:54.292,OnTrack,-16,3620,1997,pos,0 days 00:45:41.751000,0 days 01:43:57.263000
2024-07-07 14:48:54.572,OnTrack,128,3809,2001,pos,0 days 00:45:42.031000,0 days 01:43:57.543000
2024-07-07 14:48:54.952,OnTrack,243,3948,2005,pos,0 days 00:45:42.411000,0 days 01:43:57.923000
2024-07-07 14:48:55.173,OnTrack,346,4061,2008,pos,0 days 00:45:42.632000,0 days 01:43:58.144000
2024-07-07 14:48:55.393,OnTrack,514,4219,2011,pos,0 days 00:45:42.852000,0 days 01:43:58.364000
2024-07-07 14:48:55.733,OnTrack,621,4300,2012,pos,0 days 00:45:43.192000,0 days 01:43:58.704000
2024-07-07 14:48:56.013,OnTrack,783,4391,2013,pos,0 days 00:45:43.472000,0 days 01:43:58.984000
2024-07-07 14:48:56.253,OnTrack,932,4448,2014,pos,0 days 00:45:43.712000,0 days 01:43:59.224000
2024-07-07 14:48:56.533,OnTrack,1193,4505,2016,pos,0 days 00:45:43.992000,0 days 01:43:59.504000
2024-07-07 14:48:56.872,OnTrack,1335,4516,2017,pos,0 days 00:45:44.331000,0 days 01:43:59.843000
2024-07-07 14:48:57.032,OnTrack,1451,4520,2018,pos,0 days 00:45:44.491000,0 days 01:44:00.003000
2024-07-07 14:48:57.211,OnTrack,1575,4518,2020,pos,0 days 00:45:44.670000,0 days 01:44:00.182000
2024-07-07 14:48:57.412,OnTrack,1706,4510,2022,pos,0 days 00:45:44.871000,0 days 01:44:00.383000
2024-07-07 14:48:57.692,OnTrack,1909,4487,2025,pos,0 days 00:45:45.151000,0 days 01:44:00.663000
2024-07-07 14:48:57.892,OnTrack,2051,4467,2026,pos,0 days 00:45:45.351000,0 days 01:44:00.863000
2024-07-07 14:48:58.051,OnTrack,2165,4453,2027,pos,0 days 00:45:45.510000,0 days 01:44:01.022000
2024-07-07 14:48:58.311,OnTrack,2440,4439,2030,pos,0 days 00:45:45.770000,0 days 01:44:01.282000
2024-07-07 14:48:58.732,OnTrack,2703,4452,2033,pos,0 days 00:45:46.191000,0 days 01:44:01.703000
2024-07-07 14:48:59.072,OnTrack,2929,4497,2037,pos,0 days 00:45:46.531000,0 days 01:44:02.043000
2024-07-07 14:48:59.232,OnTrack,3043,4534,2038,pos,0 days 00:45:46.691000,0 days 01:44:02.203000
2024-07-07 14:48:59.431,OnTrack,3181,4590,2041,pos,0 days 00:45:46.890000,0 days 01:44:02.402000
2024-07-07 14:48:59.752,OnTrack,3389,4708,2044,pos,0 days 00:45:47.211000,0 days 01:44:02.723000
2024-07-07 14:49:00.011,OnTrack,3547,4822,2047,pos,0 days 00:45:47.470000,0 days 01:44:02.982000
2024-07-07 14:49:00.212,OnTrack,3660,4919,2049,pos,0 days 00:45:47.671000,0 days 01:44:03.183000
2024-07-07 14:49:00.412,OnTrack,3811,5065,2049,pos,0 days 00:45:47.871000,0 days 01:44:03.383000
2024-07-07 14:49:00.792,OnTrack,4039,5293,2051,pos,0 days 00:45:48.251000,0 days 01:44:03.763000
2024-07-07 14:49:01.152,OnTrack,4144,5394,2052,pos,0 days 00:45:48.611000,0 days 01:44:04.123000
2024-07-07 14:49:01.332,OnTrack,4225,5468,2052,pos,0 days 00:45:48.791000,0 days 01:44:04.303000
2024-07-07 14:49:01.552,OnTrack,4316,5550,2053,pos,0 days 00:45:49.011000,0 days 01:44:04.523000
2024-07-07 14:49:01.712,OnTrack,4379,5604,2054,pos,0 days 00:45:49.171000,0 days 01:44:04.683000
2024-07-07 14:49:01.912,OnTrack,4452,5665,2054,pos,0 days 00:45:49.371000,0 days 01:44:04.883000
2024-07-07 14:49:02.213,OnTrack,4551,5747,2055,pos,0 days 00:45:49.672000,0 days 01:44:05.184000
2024-07-07 14:49:02.352,OnTrack,4595,5780,2055,pos,0 days 00:45:49.811000,0 days 01:44:05.323000
2024-07-07 14:49:02.572,OnTrack,4657,5824,2055,pos,0 days 00:45:50.031000,0 days 01:44:05.543000
2024-07-07 14:49:02.753,OnTrack,4710,5854,2055,pos,0 days 00:45:50.212000,0 days 01:44:05.724000
2024-07-07 14:49:02.932,OnTrack,4763,5876,2054,pos,0 days 00:45:50.391000,0 days 01:44:05.903000
2024-07-07 14:49:03.252,OnTrack,4855,5897,2054,pos,0 days 00:45:50.711000,0 days 01:44:06.223000
2024-07-07 14:49:03.332,OnTrack,4882,5899,2053,pos,0 days 00:45:50.791000,0 days 01:44:06.303000
2024-07-07 14:49:03.511,OnTrack,4934,5899,2053,pos,0 days 00:45:50.970000,0 days 01:44:06.482000
2024-07-07 14:49:03.771,OnTrack,5007,5891,2053,pos,0 days 00:45:51.230000,0 days 01:44:06.742000
2024-07-07 14:49:04.051,OnTrack,5107,5859,2054,pos,0 days 00:45:51.510000,0 days 01:44:07.022000
2024-07-07 14:49:04.492,OnTrack,5200,5798,2056,pos,0 days 00:45:51.951000,0 days 01:44:07.463000
2024-07-07 14:49:04.732,OnTrack,5222,5779,2057,pos,0 days 00:45:52.191000,0 days 01:44:07.703000
2024-07-07 14:49:04.932,OnTrack,5257,5743,2057,pos,0 days 00:45:52.391000,0 days 01:44:07.903000
2024-07-07 14:49:05.252,OnTrack,5317,5645,2059,pos,0 days 00:45:52.711000,0 days 01:44:08.223000
2024-07-07 14:49:05.552,OnTrack,5335,5603,2059,pos,0 days 00:45:53.011000,0 days 01:44:08.523000
2024-07-07 14:49:05.932,OnTrack,5372,5464,2060,pos,0 days 00:45:53.391000,0 days 01:44:08.903000
2024-07-07 14:49:06.212,OnTrack,5378,5420,2060,pos,0 days 00:45:53.671000,0 days 01:44:09.183000
2024-07-07 14:49:06.432,OnTrack,5386,5352,2061,pos,0 days 00:45:53.891000,0 days 01:44:09.403000
2024-07-07 14:49:06.692,OnTrack,5393,5267,2063,pos,0 days 00:45:54.151000,0 days 01:44:09.663000
2024-07-07 14:49:06.932,OnTrack,5408,5150,2065,pos,0 days 00:45:54.391000,0 days 01:44:09.903000
2024-07-07 14:49:07.232,OnTrack,5423,5083,2065,pos,0 days 00:45:54.691000,0 days 01:44:10.203000
2024-07-07 14:49:07.532,OnTrack,5472,4962,2066,pos,0 days 00:45:54.991000,0 days 01:44:10.503000
2024-07-07 14:49:07.832,OnTrack,5499,4919,2066,pos,0 days 00:45:55.291000,0 days 01:44:10.803000
2024-07-07 14:49:08.092,OnTrack,5543,4863,2066,pos,0 days 00:45:55.551000,0 days 01:44:11.063000
2024-07-07 14:49:08.292,OnTrack,5580,4827,2065,pos,0 days 00:45:55.751000,0 days 01:44:11.263000
2024-07-07 14:49:08.612,OnTrack,5664,4764,2064,pos,0 days 00:45:56.071000,0 days 01:44:11.583000
2024-07-07 14:49:08.952,OnTrack,5733,4736,2065,pos,0 days 00:45:56.411000,0 days 01:44:11.923000
2024-07-07 14:49:09.353,OnTrack,5814,4735,2064,pos,0 days 00:45:56.812000,0 days 01:44:12.324000
2024-07-07 14:49:09.732,OnTrack,5865,4756,2064,pos,0 days 00:45:57.191000,0 days 01:44:12.703000
2024-07-07 14:49:10.031,OnTrack,5919,4793,2063,pos,0 days 00:45:57.490000,0 days 01:44:13.002000
2024-07-07 14:49:10.231,OnTrack,5952,4823,2064,pos,0 days 00:45:57.690000,0 days 01:44:13.202000
2024-07-07 14:49:10.351,OnTrack,5972,4842,2064,pos,0 days 00:45:57.810000,0 days 01:44:13.322000
2024-07-07 14:49:10.551,OnTrack,6003,4877,2064,pos,0 days 00:45:58.010000,0 days 01:44:13.522000
2024-07-07 14:49:10.831,OnTrack,6046,4932,2065,pos,0 days 00:45:58.290000,0 days 01:44:13.802000
2024-07-07 14:49:11.052,OnTrack,6078,4979,2065,pos,0 days 00:45:58.511000,0 days 01:44:14.023000
2024-07-07 14:49:11.212,OnTrack,6100,5016,2065,pos,0 days 00:45:58.671000,0 days 01:44:14.183000
2024-07-07 14:49:11.411,OnTrack,6127,5066,2065,pos,0 days 00:45:58.870000,0 days 01:44:14.382000
2024-07-07 14:49:11.592,OnTrack,6151,5114,2065,pos,0 days 00:45:59.051000,0 days 01:44:14.563000
2024-07-07 14:49:11.852,OnTrack,6183,5190,2065,pos,0 days 00:45:59.311000,0 days 01:44:14.823000
2024-07-07 14:49:12.032,OnTrack,6203,5244,2065,pos,0 days 00:45:59.491000,0 days 01:44:15.003000
2024-07-07 14:49:12.292,OnTrack,6233,5336,2065,pos,0 days 00:45:59.751000,0 days 01:44:15.263000
2024-07-07 14:49:12.491,OnTrack,6264,5448,2065,pos,0 days 00:45:59.950000,0 days 01:44:15.462000
2024-07-07 14:49:12.892,OnTrack,6293,5573,2065,pos,0 days 00:46:00.351000,0 days 01:44:15.863000
2024-07-07 14:49:13.052,OnTrack,6313,5681,2065,pos,0 days 00:46:00.511000,0 days 01:44:16.023000
2024-07-07 14:49:13.412,OnTrack,6328,5815,2064,pos,0 days 00:46:00.871000,0 days 01:44:16.383000
2024-07-07 14:49:13.712,OnTrack,6331,5969,2064,pos,0 days 00:46:01.171000,0 days 01:44:16.683000
2024-07-07 14:49:13.932,OnTrack,6323,6088,2064,pos,0 days 00:46:01.391000,0 days 01:44:16.903000
2024-07-07 14:49:14.132,OnTrack,6299,6243,2063,pos,0 days 00:46:01.591000,0 days 01:44:17.103000
2024-07-07 14:49:14.512,OnTrack,6254,6411,2063,pos,0 days 00:46:01.971000,0 days 01:44:17.483000
2024-07-07 14:49:14.672,OnTrack,6220,6500,2062,pos,0 days 00:46:02.131000,0 days 01:44:17.643000
2024-07-07 14:49:14.912,OnTrack,6157,6634,2063,pos,0 days 00:46:02.371000,0 days 01:44:17.883000
2024-07-07 14:49:15.072,OnTrack,6111,6715,2063,pos,0 days 00:46:02.531000,0 days 01:44:18.043000
2024-07-07 14:49:15.293,OnTrack,6031,6837,2064,pos,0 days 00:46:02.752000,0 days 01:44:18.264000
2024-07-07 14:49:15.533,OnTrack,5891,7007,2064,pos,0 days 00:46:02.992000,0 days 01:44:18.504000
2024-07-07 14:49:15.972,OnTrack,5675,7207,2064,pos,0 days 00:46:03.431000,0 days 01:44:18.943000
2024-07-07 14:49:16.292,OnTrack,5557,7302,2064,pos,0 days 00:46:03.751000,0 days 01:44:19.263000
2024-07-07 14:49:16.511,OnTrack,5436,7395,2064,pos,0 days 00:46:03.970000,0 days 01:44:19.482000
2024-07-07 14:49:16.712,OnTrack,5246,7541,2064,pos,0 days 00:46:04.171000,0 days 01:44:19.683000
2024-07-07 14:49:17.172,OnTrack,5069,7686,2064,pos,0 days 00:46:04.631000,0 days 01:44:20.143000
2024-07-07 14:49:17.371,OnTrack,4958,7778,2064,pos,0 days 00:46:04.830000,0 days 01:44:20.342000
2024-07-07 14:49:17.512,OnTrack,4813,7902,2064,pos,0 days 00:46:04.971000,0 days 01:44:20.483000
2024-07-07 14:49:17.891,OnTrack,4668,8027,2065,pos,0 days 00:46:05.350000,0 days 01:44:20.862000
2024-07-07 14:49:18.092,OnTrack,4555,8124,2065,pos,0 days 00:46:05.551000,0 days 01:44:21.063000
2024-07-07 14:49:18.272,OnTrack,4452,8211,2064,pos,0 days 00:46:05.731000,0 days 01:44:21.243000
2024-07-07 14:49:18.511,OnTrack,4315,8329,2064,pos,0 days 00:46:05.970000,0 days 01:44:21.482000
2024-07-07 14:49:18.791,OnTrack,4152,8468,2064,pos,0 days 00:46:06.250000,0 days 01:44:21.762000
2024-07-07 14:49:18.972,OnTrack,4047,8558,2064,pos,0 days 00:46:06.431000,0 days 01:44:21.943000
2024-07-07 14:49:19.212,OnTrack,3906,8680,2063,pos,0 days 00:46:06.671000,0 days 01:44:22.183000
2024-07-07 14:49:19.412,OnTrack,3789,8782,2063,pos,0 days 00:46:06.871000,0 days 01:44:22.383000
2024-07-07 14:49:19.532,OnTrack,3724,8839,2063,pos,0 days 00:46:06.991000,0 days 01:44:22.503000
2024-07-07 14:49:19.752,OnTrack,3594,8954,2063,pos,0 days 00:46:07.211000,0 days 01:44:22.723000
2024-07-07 14:49:20.072,OnTrack,3404,9120,2063,pos,0 days 00:46:07.531000,0 days 01:44:23.043000
2024-07-07 14:49:20.292,OnTrack,3267,9241,2064,pos,0 days 00:46:07.751000,0 days 01:44:23.263000
2024-07-07 14:49:20.433,OnTrack,3183,9314,2063,pos,0 days 00:46:07.892000,0 days 01:44:23.404000
2024-07-07 14:49:20.713,OnTrack,3016,9461,2062,pos,0 days 00:46:08.172000,0 days 01:44:23.684000
2024-07-07 14:49:20.912,OnTrack,2860,9597,2061,pos,0 days 00:46:08.371000,0 days 01:44:23.883000
2024-07-07 14:49:21.293,OnTrack,2667,9764,2060,pos,0 days 00:46:08.752000,0 days 01:44:24.264000
2024-07-07 14:49:21.512,OnTrack,2535,9879,2058,pos,0 days 00:46:08.971000,0 days 01:44:24.483000
2024-07-07 14:49:21.692,OnTrack,2380,10015,2056,pos,0 days 00:46:09.151000,0 days 01:44:24.663000
2024-07-07 14:49:22.152,OnTrack,2108,10259,2051,pos,0 days 00:46:09.611000,0 days 01:44:25.123000
2024-07-07 14:49:22.452,OnTrack,2003,10353,2050,pos,0 days 00:46:09.911000,0 days 01:44:25.423000
2024-07-07 14:49:22.613,OnTrack,1910,10436,2048,pos,0 days 00:46:10.072000,0 days 01:44:25.584000
2024-07-07 14:49:22.973,OnTrack,1631,10669,2044,pos,0 days 00:46:10.432000,0 days 01:44:25.944000
2024-07-07 14:49:23.192,OnTrack,1590,10700,2043,pos,0 days 00:46:10.651000,0 days 01:44:26.163000
2024-07-07 14:49:23.411,OnTrack,1485,10769,2042,pos,0 days 00:46:10.870000,0 days 01:44:26.382000
2024-07-07 14:49:23.691,OnTrack,1346,10846,2039,pos,0 days 00:46:11.150000,0 days 01:44:26.662000
2024-07-07 14:49:23.851,OnTrack,1272,10878,2038,pos,0 days 00:46:11.310000,0 days 01:44:26.822000
2024-07-07 14:49:24.171,OnTrack,1121,10927,2036,pos,0 days 00:46:11.630000,0 days 01:44:27.142000
2024-07-07 14:49:24.332,OnTrack,988,10947,2035,pos,0 days 00:46:11.791000,0 days 01:44:27.303000
2024-07-07 14:49:24.792,OnTrack,804,10947,2034,pos,0 days 00:46:12.251000,0 days 01:44:27.763000
2024-07-07 14:49:25.112,OnTrack,718,10938,2033,pos,0 days 00:46:12.571000,0 days 01:44:28.083000
2024-07-07 14:49:25.291,OnTrack,651,10921,2033,pos,0 days 00:46:12.750000,0 days 01:44:28.262000
2024-07-07 14:49:25.532,OnTrack,561,10885,2032,pos,0 days 00:46:12.991000,0 days 01:44:28.503000
2024-07-07 14:49:25.831,OnTrack,463,10829,2032,pos,0 days 00:46:13.290000,0 days 01:44:28.802000
2024-07-07 14:49:25.992,OnTrack,418,10793,2032,pos,0 days 00:46:13.451000,0 days 01:44:28.963000
2024-07-07 14:49:26.152,OnTrack,378,10750,2032,pos,0 days 00:46:13.611000,0 days 01:44:29.123000
2024-07-07 14:49:26.332,OnTrack,338,10695,2032,pos,0 days 00:46:13.791000,0 days 01:44:29.303000
2024-07-07 14:49:26.552,OnTrack,295,10623,2033,pos,0 days 00:46:14.011000,0 days 01:44:29.523000
2024-07-07 14:49:26.812,OnTrack,233,10487,2033,pos,0 days 00:46:14.271000,0 days 01:44:29.783000
2024-07-07 14:49:27.212,OnTrack,201,10344,2033,pos,0 days 00:46:14.671000,0 days 01:44:30.183000
2024-07-07 14:49:27.552,OnTrack,194,10261,2033,pos,0 days 00:46:15.011000,0 days 01:44:30.523000
2024-07-07 14:49:27.832,OnTrack,188,10146,2034,pos,0 days 00:46:15.291000,0 days 01:44:30.803000
2024-07-07 14:49:28.053,OnTrack,183,10053,2034,pos,0 days 00:46:15.512000,0 days 01:44:31.024000
2024-07-07 14:49:28.312,OnTrack,165,9887,2036,pos,0 days 00:46:15.771000,0 days 01:44:31.283000
2024-07-07 14:49:28.572,OnTrack,155,9842,2036,pos,0 days 00:46:16.031000,0 days 01:44:31.543000
2024-07-07 14:49:28.792,OnTrack,127,9765,2037,pos,0 days 00:46:16.251000,0 days 01:44:31.763000
2024-07-07 14:49:29.032,OnTrack,87,9689,2038,pos,0 days 00:46:16.491000,0 days 01:44:32.003000
2024-07-07 14:49:29.213,OnTrack,51,9639,2039,pos,0 days 00:46:16.672000,0 days 01:44:32.184000
2024-07-07 14:49:29.532,OnTrack,-24,9563,2040,pos,0 days 00:46:16.991000,0 days 01:44:32.503000
2024-07-07 14:49:29.712,OnTrack,-67,9530,2040,pos,0 days 00:46:17.171000,0 days 01:44:32.683000
2024-07-07 14:49:29.951,OnTrack,-134,9490,2040,pos,0 days 00:46:17.410000,0 days 01:44:32.922000
2024-07-07 14:49:30.171,OnTrack,-215,9458,2041,pos,0 days 00:46:17.630000,0 days 01:44:33.142000
2024-07-07 14:49:30.491,OnTrack,-280,9444,2041,pos,0 days 00:46:17.950000,0 days 01:44:33.462000
2024-07-07 14:49:30.731,OnTrack,-382,9446,2041,pos,0 days 00:46:18.190000,0 days 01:44:33.702000
2024-07-07 14:49:31.092,OnTrack,-436,9461,2040,pos,0 days 00:46:18.551000,0 days 01:44:34.063000
2024-07-07 14:49:31.332,OnTrack,-524,9507,2039,pos,0 days 00:46:18.791000,0 days 01:44:34.303000
2024-07-07 14:49:31.692,OnTrack,-570,9542,2038,pos,0 days 00:46:19.151000,0 days 01:44:34.663000
2024-07-07 14:49:32.052,OnTrack,-653,9637,2036,pos,0 days 00:46:19.511000,0 days 01:44:35.023000
2024-07-07 14:49:32.292,OnTrack,-675,9670,2036,pos,0 days 00:46:19.751000,0 days 01:44:35.263000
2024-07-07 14:49:32.651,OnTrack,-737,9808,2033,pos,0 days 00:46:20.110000,0 days 01:44:35.622000
2024-07-07 14:49:33.092,OnTrack,-767,9935,2032,pos,0 days 00:46:20.551000,0 days 01:44:36.063000
2024-07-07 14:49:33.352,OnTrack,-773,9989,2032,pos,0 days 00:46:20.811000,0 days 01:44:36.323000
2024-07-07 14:49:33.572,OnTrack,-776,10065,2031,pos,0 days 00:46:21.031000,0 days 01:44:36.543000
2024-07-07 14:49:33.872,OnTrack,-766,10208,2031,pos,0 days 00:46:21.331000,0 days 01:44:36.843000
2024-07-07 14:49:34.333,OnTrack,-736,10372,2030,pos,0 days 00:46:21.792000,0 days 01:44:37.304000
2024-07-07 14:49:34.532,OnTrack,-712,10459,2029,pos,0 days 00:46:21.991000,0 days 01:44:37.503000
2024-07-07 14:49:34.633,OnTrack,-707,10477,2028,pos,0 days 00:46:22.092000,0 days 01:44:37.604000
2024-07-07 14:49:34.873,OnTrack,-650,10634,2026,pos,0 days 00:46:22.332000,0 days 01:44:37.844000
2024-07-07 14:49:35.372,OnTrack,-530,10896,2023,pos,0 days 00:46:22.831000,0 days 01:44:38.343000
2024-07-07 14:49:35.753,OnTrack,-470,11011,2022,pos,0 days 00:46:23.212000,0 days 01:44:38.724000
2024-07-07 14:49:36.451,OnTrack,-252,11382,2021,pos,0 days 00:46:23.910000,0 days 01:44:39.422000
2024-07-07 14:49:36.612,OnTrack,-194,11465,2021,pos,0 days 00:46:24.071000,0 days 01:44:39.583000
2024-07-07 14:49:36.951,OnTrack,0,11711,2021,pos,0 days 00:46:24.410000,0 days 01:44:39.922000
2024-07-07 14:49:37.352,OnTrack,120,11839,2022,pos,0 days 00:46:24.811000,0 days 01:44:40.323000
2024-07-07 14:49:37.531,OnTrack,207,11925,2023,pos,0 days 00:46:24.990000,0 days 01:44:40.502000
2024-07-07 14:49:37.771,OnTrack,329,12038,2024,pos,0 days 00:46:25.230000,0 days 01:44:40.742000
2024-07-07 14:49:37.952,OnTrack,492,12173,2024,pos,0 days 00:46:25.411000,0 days 01:44:40.923000
2024-07-07 14:49:38.351,OnTrack,715,12331,2024,pos,0 days 00:46:25.810000,0 days 01:44:41.322000
2024-07-07 14:49:38.812,OnTrack,947,12455,2025,pos,0 days 00:46:26.271000,0 days 01:44:41.783000
2024-07-07 14:49:39.052,OnTrack,1166,12548,2025,pos,0 days 00:46:26.511000,0 days 01:44:42.023000
2024-07-07 14:49:39.471,OnTrack,1474,12649,2025,pos,0 days 00:46:26.930000,0 days 01:44:42.442000
2024-07-07 14:49:39.732,OnTrack,1600,12682,2025,pos,0 days 00:46:27.191000,0 days 01:44:42.703000
2024-07-07 14:49:39.912,OnTrack,1734,12713,2026,pos,0 days 00:46:27.371000,0 days 01:44:42.883000
2024-07-07 14:49:40.132,OnTrack,1901,12745,2027,pos,0 days 00:46:27.591000,0 days 01:44:43.103000
2024-07-07 14:49:40.352,OnTrack,2068,12771,2028,pos,0 days 00:46:27.811000,0 days 01:44:43.323000
2024-07-07 14:49:40.612,OnTrack,2270,12796,2030,pos,0 days 00:46:28.071000,0 days 01:44:43.583000
2024-07-07 14:49:40.832,OnTrack,2536,12825,2031,pos,0 days 00:46:28.291000,0 days 01:44:43.803000
2024-07-07 14:49:41.153,OnTrack,2694,12842,2033,pos,0 days 00:46:28.612000,0 days 01:44:44.124000
2024-07-07 14:49:41.393,OnTrack,2885,12861,2035,pos,0 days 00:46:28.852000,0 days 01:44:44.364000
2024-07-07 14:49:41.592,OnTrack,3045,12877,2036,pos,0 days 00:46:29.051000,0 days 01:44:44.563000
2024-07-07 14:49:41.892,OnTrack,3365,12911,2039,pos,0 days 00:46:29.351000,0 days 01:44:44.863000
2024-07-07 14:49:42.332,OnTrack,3702,12948,2036,pos,0 days 00:46:29.791000,0 days 01:44:45.303000
2024-07-07 14:49:42.772,OnTrack,3991,12981,2043,pos,0 days 00:46:30.231000,0 days 01:44:45.743000
2024-07-07 14:49:42.891,OnTrack,4086,12993,2043,pos,0 days 00:46:30.350000,0 days 01:44:45.862000
2024-07-07 14:49:43.112,OnTrack,4261,13015,2044,pos,0 days 00:46:30.571000,0 days 01:44:46.083000
2024-07-07 14:49:43.332,OnTrack,4435,13039,2045,pos,0 days 00:46:30.791000,0 days 01:44:46.303000
2024-07-07 14:49:43.592,OnTrack,4711,13075,2047,pos,0 days 00:46:31.051000,0 days 01:44:46.563000
2024-07-07 14:49:43.992,OnTrack,4954,13100,2048,pos,0 days 00:46:31.451000,0 days 01:44:46.963000
2024-07-07 14:49:44.152,OnTrack,5148,13114,2049,pos,0 days 00:46:31.611000,0 days 01:44:47.123000
2024-07-07 14:49:44.532,OnTrack,5326,13110,2050,pos,0 days 00:46:31.991000,0 days 01:44:47.503000
2024-07-07 14:49:44.692,OnTrack,5435,13096,2050,pos,0 days 00:46:32.151000,0 days 01:44:47.663000
2024-07-07 14:49:44.972,OnTrack,5698,13029,2052,pos,0 days 00:46:32.431000,0 days 01:44:47.943000
2024-07-07 14:49:45.332,OnTrack,5926,12922,2053,pos,0 days 00:46:32.791000,0 days 01:44:48.303000
2024-07-07 14:49:45.832,OnTrack,6123,12782,2055,pos,0 days 00:46:33.291000,0 days 01:44:48.803000
2024-07-07 14:49:45.912,OnTrack,6164,12748,2055,pos,0 days 00:46:33.371000,0 days 01:44:48.883000
2024-07-07 14:49:46.172,OnTrack,6286,12626,2055,pos,0 days 00:46:33.631000,0 days 01:44:49.143000
2024-07-07 14:49:46.352,OnTrack,6359,12531,2056,pos,0 days 00:46:33.811000,0 days 01:44:49.323000
2024-07-07 14:49:46.632,OnTrack,6458,12364,2057,pos,0 days 00:46:34.091000,0 days 01:44:49.603000
2024-07-07 14:49:46.732,OnTrack,6489,12302,2057,pos,0 days 00:46:34.191000,0 days 01:44:49.703000
2024-07-07 14:49:46.952,OnTrack,6550,12161,2058,pos,0 days 00:46:34.411000,0 days 01:44:49.923000
2024-07-07 14:49:47.152,OnTrack,6597,12036,2059,pos,0 days 00:46:34.611000,0 days 01:44:50.123000
2024-07-07 14:49:47.312,OnTrack,6635,11921,2060,pos,0 days 00:46:34.771000,0 days 01:44:50.283000
2024-07-07 14:49:47.572,OnTrack,6687,11741,2061,pos,0 days 00:46:35.031000,0 days 01:44:50.543000
2024-07-07 14:49:47.732,OnTrack,6716,11629,2062,pos,0 days 00:46:35.191000,0 days 01:44:50.703000
2024-07-07 14:49:47.953,OnTrack,6754,11473,2063,pos,0 days 00:46:35.412000,0 days 01:44:50.924000
2024-07-07 14:49:48.253,OnTrack,6802,11257,2065,pos,0 days 00:46:35.712000,0 days 01:44:51.224000
2024-07-07 14:49:48.432,OnTrack,6842,11052,2066,pos,0 days 00:46:35.891000,0 days 01:44:51.403000
2024-07-07 14:49:48.813,OnTrack,6876,10844,2068,pos,0 days 00:46:36.272000,0 days 01:44:51.784000
2024-07-07 14:49:49.113,OnTrack,6915,10556,2071,pos,0 days 00:46:36.572000,0 days 01:44:52.084000
2024-07-07 14:49:49.531,OnTrack,6944,10279,2073,pos,0 days 00:46:36.990000,0 days 01:44:52.502000
2024-07-07 14:49:49.771,OnTrack,6958,10107,2074,pos,0 days 00:46:37.230000,0 days 01:44:52.742000
2024-07-07 14:49:50.031,OnTrack,6970,9903,2074,pos,0 days 00:46:37.490000,0 days 01:44:53.002000
2024-07-07 14:49:50.192,OnTrack,6976,9776,2075,pos,0 days 00:46:37.651000,0 days 01:44:53.163000
2024-07-07 14:49:50.532,OnTrack,6983,9442,2075,pos,0 days 00:46:37.991000,0 days 01:44:53.503000
2024-07-07 14:49:50.891,OnTrack,6990,9218,2074,pos,0 days 00:46:38.350000,0 days 01:44:53.862000
2024-07-07 14:49:51.032,OnTrack,6995,9105,2073,pos,0 days 00:46:38.491000,0 days 01:44:54.003000
2024-07-07 14:49:51.212,OnTrack,7005,8961,2073,pos,0 days 00:46:38.671000,0 days 01:44:54.183000
2024-07-07 14:49:51.451,OnTrack,7026,8769,2071,pos,0 days 00:46:38.910000,0 days 01:44:54.422000
2024-07-07 14:49:51.772,OnTrack,7070,8512,2070,pos,0 days 00:46:39.231000,0 days 01:44:54.743000
2024-07-07 14:49:51.971,OnTrack,7105,8353,2069,pos,0 days 00:46:39.430000,0 days 01:44:54.942000
2024-07-07 14:49:52.172,OnTrack,7174,8100,2067,pos,0 days 00:46:39.631000,0 days 01:44:55.143000
2024-07-07 14:49:52.472,OnTrack,7218,7960,2065,pos,0 days 00:46:39.931000,0 days 01:44:55.443000
2024-07-07 14:49:52.832,OnTrack,7321,7683,2061,pos,0 days 00:46:40.291000,0 days 01:44:55.803000
2024-07-07 14:49:53.032,OnTrack,7417,7444,2059,pos,0 days 00:46:40.491000,0 days 01:44:56.003000
2024-07-07 14:49:53.392,OnTrack,7476,7275,2059,pos,0 days 00:46:40.851000,0 days 01:44:56.363000
2024-07-07 14:49:53.592,OnTrack,7510,7149,2058,pos,0 days 00:46:41.051000,0 days 01:44:56.563000
2024-07-07 14:49:53.812,OnTrack,7533,7019,2058,pos,0 days 00:46:41.271000,0 days 01:44:56.783000
2024-07-07 14:49:54.072,OnTrack,7537,6847,2058,pos,0 days 00:46:41.531000,0 days 01:44:57.043000
2024-07-07 14:49:54.332,OnTrack,7517,6672,2058,pos,0 days 00:46:41.791000,0 days 01:44:57.303000
2024-07-07 14:49:54.532,OnTrack,7482,6490,2059,pos,0 days 00:46:41.991000,0 days 01:44:57.503000
2024-07-07 14:49:54.773,OnTrack,7457,6387,2060,pos,0 days 00:46:42.232000,0 days 01:44:57.744000
2024-07-07 14:49:55.152,OnTrack,7396,6143,2061,pos,0 days 00:46:42.611000,0 days 01:44:58.123000
2024-07-07 14:49:55.333,OnTrack,7369,6027,2062,pos,0 days 00:46:42.792000,0 days 01:44:58.304000
2024-07-07 14:49:55.573,OnTrack,7330,5800,2063,pos,0 days 00:46:43.032000,0 days 01:44:58.544000
2024-07-07 14:49:55.853,OnTrack,7321,5703,2063,pos,0 days 00:46:43.312000,0 days 01:44:58.824000
2024-07-07 14:49:56.172,OnTrack,7329,5448,2062,pos,0 days 00:46:43.631000,0 days 01:44:59.143000
2024-07-07 14:49:56.511,OnTrack,7357,5327,2061,pos,0 days 00:46:43.970000,0 days 01:44:59.482000
2024-07-07 14:49:56.732,OnTrack,7399,5209,2060,pos,0 days 00:46:44.191000,0 days 01:44:59.703000
2024-07-07 14:49:57.032,OnTrack,7497,5017,2058,pos,0 days 00:46:44.491000,0 days 01:45:00.003000
2024-07-07 14:49:57.312,OnTrack,7555,4920,2056,pos,0 days 00:46:44.771000,0 days 01:45:00.283000
2024-07-07 14:49:57.651,OnTrack,7661,4738,2053,pos,0 days 00:46:45.110000,0 days 01:45:00.622000
2024-07-07 14:49:57.892,OnTrack,7698,4666,2053,pos,0 days 00:46:45.351000,0 days 01:45:00.863000
2024-07-07 14:49:58.092,OnTrack,7735,4578,2051,pos,0 days 00:46:45.551000,0 days 01:45:01.063000
2024-07-07 14:49:58.392,OnTrack,7773,4445,2049,pos,0 days 00:46:45.851000,0 days 01:45:01.363000
2024-07-07 14:49:58.572,OnTrack,7789,4304,2047,pos,0 days 00:46:46.031000,0 days 01:45:01.543000
2024-07-07 14:49:59.092,OnTrack,7761,4089,2044,pos,0 days 00:46:46.551000,0 days 01:45:02.063000
2024-07-07 14:49:59.452,OnTrack,7731,3992,2042,pos,0 days 00:46:46.911000,0 days 01:45:02.423000
2024-07-07 14:49:59.612,OnTrack,7706,3929,2041,pos,0 days 00:46:47.071000,0 days 01:45:02.583000
2024-07-07 14:49:59.872,OnTrack,7658,3828,2040,pos,0 days 00:46:47.331000,0 days 01:45:02.843000
2024-07-07 14:49:59.952,OnTrack,7641,3798,2040,pos,0 days 00:46:47.411000,0 days 01:45:02.923000
2024-07-07 14:50:00.312,OnTrack,7552,3667,2038,pos,0 days 00:46:47.771000,0 days 01:45:03.283000
2024-07-07 14:50:00.492,OnTrack,7479,3585,2037,pos,0 days 00:46:47.951000,0 days 01:45:03.463000
2024-07-07 14:50:00.892,OnTrack,7352,3482,2035,pos,0 days 00:46:48.351000,0 days 01:45:03.863000
2024-07-07 14:50:00.972,OnTrack,7318,3460,2034,pos,0 days 00:46:48.431000,0 days 01:45:03.943000
2024-07-07 14:50:01.172,OnTrack,7228,3407,2033,pos,0 days 00:46:48.631000,0 days 01:45:04.143000
2024-07-07 14:50:01.392,OnTrack,7123,3351,2032,pos,0 days 00:46:48.851000,0 days 01:45:04.363000
2024-07-07 14:50:01.732,OnTrack,6956,3260,2030,pos,0 days 00:46:49.191000,0 days 01:45:04.703000
2024-07-07 14:50:01.932,OnTrack,6867,3199,2029,pos,0 days 00:46:49.391000,0 days 01:45:04.903000
2024-07-07 14:50:02.192,OnTrack,6735,3084,2028,pos,0 days 00:46:49.651000,0 days 01:45:05.163000
2024-07-07 14:50:02.491,OnTrack,6617,2962,2028,pos,0 days 00:46:49.950000,0 days 01:45:05.462000
2024-07-07 14:50:02.672,OnTrack,6536,2873,2028,pos,0 days 00:46:50.131000,0 days 01:45:05.643000
2024-07-07 14:50:02.932,OnTrack,6429,2743,2027,pos,0 days 00:46:50.391000,0 days 01:45:05.903000
2024-07-07 14:50:03.151,OnTrack,6306,2567,2027,pos,0 days 00:46:50.610000,0 days 01:45:06.122000
2024-07-07 14:50:03.631,OnTrack,6180,2353,2026,pos,0 days 00:46:51.090000,0 days 01:45:06.602000
2024-07-07 14:50:03.812,OnTrack,6082,2168,2025,pos,0 days 00:46:51.271000,0 days 01:45:06.783000
2024-07-07 14:50:04.231,OnTrack,5961,1925,2024,pos,0 days 00:46:51.690000,0 days 01:45:07.202000
2024-07-07 14:50:04.491,OnTrack,5905,1809,2024,pos,0 days 00:46:51.950000,0 days 01:45:07.462000
2024-07-07 14:50:04.792,OnTrack,5809,1612,2023,pos,0 days 00:46:52.251000,0 days 01:45:07.763000
2024-07-07 14:50:05.011,OnTrack,5713,1412,2022,pos,0 days 00:46:52.470000,0 days 01:45:07.982000
2024-07-07 14:50:05.412,OnTrack,5609,1196,2021,pos,0 days 00:46:52.871000,0 days 01:45:08.383000
2024-07-07 14:50:05.632,OnTrack,5538,1046,2020,pos,0 days 00:46:53.091000,0 days 01:45:08.603000
2024-07-07 14:50:05.892,OnTrack,5454,869,2019,pos,0 days 00:46:53.351000,0 days 01:45:08.863000
2024-07-07 14:50:06.072,OnTrack,5394,744,2018,pos,0 days 00:46:53.531000,0 days 01:45:09.043000
2024-07-07 14:50:06.192,OnTrack,5354,660,2017,pos,0 days 00:46:53.651000,0 days 01:45:09.163000
2024-07-07 14:50:06.392,OnTrack,5286,520,2016,pos,0 days 00:46:53.851000,0 days 01:45:09.363000
2024-07-07 14:50:06.692,OnTrack,5164,267,2014,pos,0 days 00:46:54.151000,0 days 01:45:09.663000
2024-07-07 14:50:06.952,OnTrack,5095,125,2013,pos,0 days 00:46:54.411000,0 days 01:45:09.923000
2024-07-07 14:50:07.232,OnTrack,4998,-74,2011,pos,0 days 00:46:54.691000,0 days 01:45:10.203000
2024-07-07 14:50:07.513,OnTrack,4853,-376,2009,pos,0 days 00:46:54.972000,0 days 01:45:10.484000
2024-07-07 14:50:07.853,OnTrack,4784,-521,2009,pos,0 days 00:46:55.312000,0 days 01:45:10.824000
2024-07-07 14:50:07.992,OnTrack,4735,-622,2008,pos,0 days 00:46:55.451000,0 days 01:45:10.963000
2024-07-07 14:50:08.152,OnTrack,4678,-738,2008,pos,0 days 00:46:55.611000,0 days 01:45:11.123000
2024-07-07 14:50:08.492,OnTrack,4568,-966,2006,pos,0 days 00:46:55.951000,0 days 01:45:11.463000
2024-07-07 14:50:08.693,OnTrack,4498,-1112,2005,pos,0 days 00:46:56.152000,0 days 01:45:11.664000
2024-07-07 14:50:08.893,OnTrack,4376,-1360,2002,pos,0 days 00:46:56.352000,0 days 01:45:11.864000
2024-07-07 14:50:09.192,OnTrack,4319,-1477,2001,pos,0 days 00:46:56.651000,0 days 01:45:12.163000
2024-07-07 14:50:09.411,OnTrack,4239,-1638,1999,pos,0 days 00:46:56.870000,0 days 01:45:12.382000
2024-07-07 14:50:09.631,OnTrack,4159,-1798,1996,pos,0 days 00:46:57.090000,0 days 01:45:12.602000
2024-07-07 14:50:09.931,OnTrack,4049,-2016,1994,pos,0 days 00:46:57.390000,0 days 01:45:12.902000
2024-07-07 14:50:10.092,OnTrack,3991,-2131,1994,pos,0 days 00:46:57.551000,0 days 01:45:13.063000
2024-07-07 14:50:10.312,OnTrack,3910,-2287,1994,pos,0 days 00:46:57.771000,0 days 01:45:13.283000
2024-07-07 14:50:10.572,OnTrack,3792,-2514,1994,pos,0 days 00:46:58.031000,0 days 01:45:13.543000
2024-07-07 14:50:10.832,OnTrack,3718,-2655,1995,pos,0 days 00:46:58.291000,0 days 01:45:13.803000
2024-07-07 14:50:11.011,OnTrack,3651,-2781,1997,pos,0 days 00:46:58.470000,0 days 01:45:13.982000
2024-07-07 14:50:11.252,OnTrack,3559,-2947,1999,pos,0 days 00:46:58.711000,0 days 01:45:14.223000
2024-07-07 14:50:11.452,OnTrack,3482,-3084,2002,pos,0 days 00:46:58.911000,0 days 01:45:14.423000
2024-07-07 14:50:11.652,OnTrack,3403,-3218,2005,pos,0 days 00:46:59.111000,0 days 01:45:14.623000
2024-07-07 14:50:11.851,OnTrack,3325,-3346,2008,pos,0 days 00:46:59.310000,0 days 01:45:14.822000
2024-07-07 14:50:12.172,OnTrack,3201,-3527,2012,pos,0 days 00:46:59.631000,0 days 01:45:15.143000
2024-07-07 14:50:12.391,OnTrack,3115,-3637,2015,pos,0 days 00:46:59.850000,0 days 01:45:15.362000
2024-07-07 14:50:12.592,OnTrack,3038,-3726,2017,pos,0 days 00:47:00.051000,0 days 01:45:15.563000
2024-07-07 14:50:12.772,OnTrack,2968,-3798,2018,pos,0 days 00:47:00.231000,0 days 01:45:15.743000
2024-07-07 14:50:12.932,OnTrack,2908,-3852,2020,pos,0 days 00:47:00.391000,0 days 01:45:15.903000
2024-07-07 14:50:13.192,OnTrack,2777,-3948,2023,pos,0 days 00:47:00.651000,0 days 01:45:16.163000
2024-07-07 14:50:13.632,OnTrack,2535,-4065,2027,pos,0 days 00:47:01.091000,0 days 01:45:16.603000
2024-07-07 14:50:13.912,OnTrack,2494,-4078,2028,pos,0 days 00:47:01.371000,0 days 01:45:16.883000
2024-07-07 14:50:14.132,OnTrack,2394,-4102,2029,pos,0 days 00:47:01.591000,0 days 01:45:17.103000
2024-07-07 14:50:14.392,OnTrack,2275,-4115,2030,pos,0 days 00:47:01.851000,0 days 01:45:17.363000
2024-07-07 14:50:14.633,OnTrack,2165,-4112,2032,pos,0 days 00:47:02.092000,0 days 01:45:17.604000
2024-07-07 14:50:14.812,OnTrack,2029,-4089,2033,pos,0 days 00:47:02.271000,0 days 01:45:17.783000
2024-07-07 14:50:15.272,OnTrack,1820,-4014,2033,pos,0 days 00:47:02.731000,0 days 01:45:18.243000
2024-07-07 14:50:15.712,OnTrack,1680,-3930,2033,pos,0 days 00:47:03.171000,0 days 01:45:18.683000
2024-07-07 14:50:16.072,OnTrack,1561,-3833,2031,pos,0 days 00:47:03.531000,0 days 01:45:19.043000
2024-07-07 14:50:16.131,OnTrack,1535,-3808,2031,pos,0 days 00:47:03.590000,0 days 01:45:19.102000
2024-07-07 14:50:16.512,OnTrack,1358,-3601,2029,pos,0 days 00:47:03.971000,0 days 01:45:19.483000
2024-07-07 14:50:16.832,OnTrack,1299,-3511,2027,pos,0 days 00:47:04.291000,0 days 01:45:19.803000
2024-07-07 14:50:17.092,OnTrack,1223,-3380,2024,pos,0 days 00:47:04.551000,0 days 01:45:20.063000
2024-07-07 14:50:17.291,OnTrack,1139,-3221,2019,pos,0 days 00:47:04.750000,0 days 01:45:20.262000
2024-07-07 14:50:17.632,OnTrack,1068,-3090,2014,pos,0 days 00:47:05.091000,0 days 01:45:20.603000
2024-07-07 14:50:17.892,OnTrack,985,-2947,2008,pos,0 days 00:47:05.351000,0 days 01:45:20.863000
2024-07-07 14:50:18.111,OnTrack,909,-2828,2002,pos,0 days 00:47:05.570000,0 days 01:45:21.082000
2024-07-07 14:50:18.351,OnTrack,762,-2621,1993,pos,0 days 00:47:05.810000,0 days 01:45:21.322000
2024-07-07 14:50:18.672,OnTrack,689,-2523,1989,pos,0 days 00:47:06.131000,0 days 01:45:21.643000
2024-07-07 14:50:18.852,OnTrack,616,-2424,1986,pos,0 days 00:47:06.311000,0 days 01:45:21.823000
2024-07-07 14:50:19.032,OnTrack,543,-2325,1985,pos,0 days 00:47:06.491000,0 days 01:45:22.003000
2024-07-07 14:50:19.292,OnTrack,437,-2183,1984,pos,0 days 00:47:06.751000,0 days 01:45:22.263000
2024-07-07 14:50:19.572,OnTrack,262,-1954,1986,pos,0 days 00:47:07.031000,0 days 01:45:22.543000
2024-07-07 14:50:19.892,OnTrack,184,-1857,1986,pos,0 days 00:47:07.351000,0 days 01:45:22.863000
2024-07-07 14:50:20.132,OnTrack,78,-1730,1987,pos,0 days 00:47:07.591000,0 days 01:45:23.103000
2024-07-07 14:50:20.472,OnTrack,-88,-1539,1986,pos,0 days 00:47:07.931000,0 days 01:45:23.443000
2024-07-07 14:50:20.792,OnTrack,-228,-1383,1983,pos,0 days 00:47:08.251000,0 days 01:45:23.763000
2024-07-07 14:50:21.232,OnTrack,-336,-1261,1981,pos,0 days 00:47:08.691000,0 days 01:45:24.203000
2024-07-07 14:50:21.433,OnTrack,-423,-1165,1979,pos,0 days 00:47:08.892000,0 days 01:45:24.404000
2024-07-07 14:50:21.832,OnTrack,-493,-1093,1978,pos,0 days 00:47:09.291000,0 days 01:45:24.803000
2024-07-07 14:50:22.112,OnTrack,-558,-1037,1977,pos,0 days 00:47:09.571000,0 days 01:45:25.083000
2024-07-07 14:50:22.212,OnTrack,-586,-1017,1976,pos,0 days 00:47:09.671000,0 days 01:45:25.183000
2024-07-07 14:50:22.391,OnTrack,-631,-987,1976,pos,0 days 00:47:09.850000,0 days 01:45:25.362000
2024-07-07 14:50:22.592,OnTrack,-682,-960,1975,pos,0 days 00:47:10.051000,0 days 01:45:25.563000
2024-07-07 14:50:22.832,OnTrack,-742,-935,1975,pos,0 days 00:47:10.291000,0 days 01:45:25.803000
2024-07-07 14:50:23.132,OnTrack,-817,-918,1976,pos,0 days 00:47:10.591000,0 days 01:45:26.103000
2024-07-07 14:50:23.352,OnTrack,-874,-914,1976,pos,0 days 00:47:10.811000,0 days 01:45:26.323000
2024-07-07 14:50:23.572,OnTrack,-949,-915,1977,pos,0 days 00:47:11.031000,0 days 01:45:26.543000
2024-07-07 14:50:23.972,OnTrack,-1045,-940,1978,pos,0 days 00:47:11.431000,0 days 01:45:26.943000
2024-07-07 14:50:24.312,OnTrack,-1098,-967,1979,pos,0 days 00:47:11.771000,0 days 01:45:27.283000
2024-07-07 14:50:24.492,OnTrack,-1168,-1016,1980,pos,0 days 00:47:11.951000,0 days 01:45:27.463000
2024-07-07 14:50:25.012,OnTrack,-1288,-1107,1981,pos,0 days 00:47:12.471000,0 days 01:45:27.983000
2024-07-07 14:50:25.292,OnTrack,-1323,-1127,1981,pos,0 days 00:47:12.751000,0 days 01:45:28.263000
2024-07-07 14:50:25.592,OnTrack,-1424,-1166,1981,pos,0 days 00:47:13.051000,0 days 01:45:28.563000
2024-07-07 14:50:26.032,OnTrack,-1535,-1168,1980,pos,0 days 00:47:13.491000,0 days 01:45:29.003000
2024-07-07 14:50:26.272,OnTrack,-1579,-1160,1980,pos,0 days 00:47:13.731000,0 days 01:45:29.243000
2024-07-07 14:50:26.632,OnTrack,-1693,-1124,1979,pos,0 days 00:47:14.091000,0 days 01:45:29.603000
2024-07-07 14:50:27.052,OnTrack,-1804,-1068,1978,pos,0 days 00:47:14.511000,0 days 01:45:30.023000
2024-07-07 14:50:27.352,OnTrack,-1865,-1024,1977,pos,0 days 00:47:14.811000,0 days 01:45:30.323000
2024-07-07 14:50:27.632,OnTrack,-1932,-961,1976,pos,0 days 00:47:15.091000,0 days 01:45:30.603000
2024-07-07 14:50:27.892,OnTrack,-1992,-892,1976,pos,0 days 00:47:15.351000,0 days 01:45:30.863000
2024-07-07 14:50:28.092,OnTrack,-2036,-837,1975,pos,0 days 00:47:15.551000,0 days 01:45:31.063000
2024-07-07 14:50:28.273,OnTrack,-2081,-780,1975,pos,0 days 00:47:15.732000,0 days 01:45:31.244000
2024-07-07 14:50:28.332,OnTrack,-2095,-761,1975,pos,0 days 00:47:15.791000,0 days 01:45:31.303000
2024-07-07 14:50:28.652,OnTrack,-2170,-639,1974,pos,0 days 00:47:16.111000,0 days 01:45:31.623000
2024-07-07 14:50:28.911,OnTrack,-2235,-490,1973,pos,0 days 00:47:16.370000,0 days 01:45:31.882000
2024-07-07 14:50:29.231,OnTrack,-2270,-376,1972,pos,0 days 00:47:16.690000,0 days 01:45:32.202000
2024-07-07 14:50:29.451,OnTrack,-2293,-272,1970,pos,0 days 00:47:16.910000,0 days 01:45:32.422000
2024-07-07 14:50:29.692,OnTrack,-2308,-153,1969,pos,0 days 00:47:17.151000,0 days 01:45:32.663000
2024-07-07 14:50:29.912,OnTrack,-2314,10,1967,pos,0 days 00:47:17.371000,0 days 01:45:32.883000
2024-07-07 14:50:30.252,OnTrack,-2305,136,1966,pos,0 days 00:47:17.711000,0 days 01:45:33.223000
2024-07-07 14:50:30.432,OnTrack,-2291,234,1965,pos,0 days 00:47:17.891000,0 days 01:45:33.403000
2024-07-07 14:50:30.752,OnTrack,-2228,466,1963,pos,0 days 00:47:18.211000,0 days 01:45:33.723000
2024-07-07 14:50:31.052,OnTrack,-2179,575,1963,pos,0 days 00:47:18.511000,0 days 01:45:34.023000
2024-07-07 14:50:31.372,OnTrack,-2085,747,1962,pos,0 days 00:47:18.831000,0 days 01:45:34.343000
2024-07-07 14:50:31.512,OnTrack,-2040,817,1962,pos,0 days 00:47:18.971000,0 days 01:45:34.483000
2024-07-07 14:50:31.692,OnTrack,-1978,904,1962,pos,0 days 00:47:19.151000,0 days 01:45:34.663000
2024-07-07 14:50:31.991,OnTrack,-1865,1061,1963,pos,0 days 00:47:19.450000,0 days 01:45:34.962000
2024-07-07 14:50:32.212,OnTrack,-1780,1178,1963,pos,0 days 00:47:19.671000,0 days 01:45:35.183000
2024-07-07 14:50:32.292,OnTrack,-1748,1220,1963,pos,0 days 00:47:19.751000,0 days 01:45:35.263000
2024-07-07 14:50:32.652,OnTrack,-1603,1409,1965,pos,0 days 00:47:20.111000,0 days 01:45:35.623000
2024-07-07 14:50:32.872,OnTrack,-1450,1599,1966,pos,0 days 00:47:20.331000,0 days 01:45:35.843000
2024-07-07 14:50:33.292,OnTrack,-1300,1798,1968,pos,0 days 00:47:20.751000,0 days 01:45:36.263000
2024-07-07 14:50:33.653,OnTrack,-1124,2040,1971,pos,0 days 00:47:21.112000,0 days 01:45:36.624000
2024-07-07 14:50:33.973,OnTrack,-1028,2172,1973,pos,0 days 00:47:21.432000,0 days 01:45:36.944000
2024-07-07 14:50:34.312,OnTrack,-833,2440,1977,pos,0 days 00:47:21.771000,0 days 01:45:37.283000
2024-07-07 14:50:34.733,OnTrack,-645,2700,1982,pos,0 days 00:47:22.192000,0 days 01:45:37.704000
2024-07-07 14:50:34.972,OnTrack,-583,2789,1983,pos,0 days 00:47:22.431000,0 days 01:45:37.943000
2024-07-07 14:50:35.293,OnTrack,-443,2996,1987,pos,0 days 00:47:22.752000,0 days 01:45:38.264000
2024-07-07 14:50:35.552,OnTrack,-330,3166,1990,pos,0 days 00:47:23.011000,0 days 01:45:38.523000
2024-07-07 14:50:35.711,OnTrack,-260,3271,1992,pos,0 days 00:47:23.170000,0 days 01:45:38.682000
2024-07-07 14:50:35.952,OnTrack,-116,3481,1995,pos,0 days 00:47:23.411000,0 days 01:45:38.923000
2024-07-07 14:50:36.392,OnTrack,63,3726,1999,pos,0 days 00:47:23.851000,0 days 01:45:39.363000
2024-07-07 14:50:36.631,OnTrack,170,3861,2003,pos,0 days 00:47:24.090000,0 days 01:45:39.602000
2024-07-07 14:50:36.851,OnTrack,275,3984,2006,pos,0 days 00:47:24.310000,0 days 01:45:39.822000
2024-07-07 14:50:37.032,OnTrack,360,4076,2009,pos,0 days 00:47:24.491000,0 days 01:45:40.003000
2024-07-07 14:50:37.391,OnTrack,555,4252,2011,pos,0 days 00:47:24.850000,0 days 01:45:40.362000
2024-07-07 14:50:37.732,OnTrack,712,4355,2012,pos,0 days 00:47:25.191000,0 days 01:45:40.703000
2024-07-07 14:50:37.912,OnTrack,816,4405,2013,pos,0 days 00:47:25.371000,0 days 01:45:40.883000
2024-07-07 14:50:38.112,OnTrack,1027,4475,2015,pos,0 days 00:47:25.571000,0 days 01:45:41.083000
2024-07-07 14:50:38.511,OnTrack,1197,4505,2016,pos,0 days 00:47:25.970000,0 days 01:45:41.482000
2024-07-07 14:50:38.732,OnTrack,1346,4517,2017,pos,0 days 00:47:26.191000,0 days 01:45:41.703000
2024-07-07 14:50:38.992,OnTrack,1524,4519,2019,pos,0 days 00:47:26.451000,0 days 01:45:41.963000
2024-07-07 14:50:39.252,OnTrack,1788,4503,2023,pos,0 days 00:47:26.711000,0 days 01:45:42.223000
2024-07-07 14:50:39.612,OnTrack,1956,4480,2025,pos,0 days 00:47:27.071000,0 days 01:45:42.583000
2024-07-07 14:50:39.772,OnTrack,2069,4465,2026,pos,0 days 00:47:27.231000,0 days 01:45:42.743000
2024-07-07 14:50:40.092,OnTrack,2343,4441,2028,pos,0 days 00:47:27.551000,0 days 01:45:43.063000
2024-07-07 14:50:40.332,OnTrack,2475,4439,2030,pos,0 days 00:47:27.791000,0 days 01:45:43.303000
2024-07-07 14:50:40.592,OnTrack,2667,4448,2033,pos,0 days 00:47:28.051000,0 days 01:45:43.563000
2024-07-07 14:50:40.832,OnTrack,2944,4502,2037,pos,0 days 00:47:28.291000,0 days 01:45:43.803000
2024-07-07 14:50:41.132,OnTrack,3059,4540,2039,pos,0 days 00:47:28.591000,0 days 01:45:44.103000
2024-07-07 14:50:41.372,OnTrack,3224,4611,2041,pos,0 days 00:47:28.831000,0 days 01:45:44.343000
2024-07-07 14:50:41.652,OnTrack,3408,4720,2045,pos,0 days 00:47:29.111000,0 days 01:45:44.623000
2024-07-07 14:50:41.913,OnTrack,3634,4896,2048,pos,0 days 00:47:29.372000,0 days 01:45:44.884000
2024-07-07 14:50:42.211,OnTrack,3734,4989,2049,pos,0 days 00:47:29.670000,0 days 01:45:45.182000
2024-07-07 14:50:42.472,OnTrack,3872,5128,2050,pos,0 days 00:47:29.931000,0 days 01:45:45.443000
2024-07-07 14:50:42.672,OnTrack,3974,5230,2050,pos,0 days 00:47:30.131000,0 days 01:45:45.643000
2024-07-07 14:50:42.912,OnTrack,4087,5339,2051,pos,0 days 00:47:30.371000,0 days 01:45:45.883000
2024-07-07 14:50:43.091,OnTrack,4165,5413,2052,pos,0 days 00:47:30.550000,0 days 01:45:46.062000
2024-07-07 14:50:43.272,OnTrack,4239,5481,2052,pos,0 days 00:47:30.731000,0 days 01:45:46.243000
2024-07-07 14:50:43.431,OnTrack,4301,5536,2053,pos,0 days 00:47:30.890000,0 days 01:45:46.402000
2024-07-07 14:50:43.712,OnTrack,4403,5624,2054,pos,0 days 00:47:31.171000,0 days 01:45:46.683000
2024-07-07 14:50:43.911,OnTrack,4467,5678,2054,pos,0 days 00:47:31.370000,0 days 01:45:46.882000
2024-07-07 14:50:44.211,OnTrack,4564,5756,2055,pos,0 days 00:47:31.670000,0 days 01:45:47.182000
2024-07-07 14:50:44.392,OnTrack,4636,5810,2055,pos,0 days 00:47:31.851000,0 days 01:45:47.363000
2024-07-07 14:50:44.652,OnTrack,4710,5854,2055,pos,0 days 00:47:32.111000,0 days 01:45:47.623000
2024-07-07 14:50:44.791,OnTrack,4780,5882,2054,pos,0 days 00:47:32.250000,0 days 01:45:47.762000
2024-07-07 14:50:45.212,OnTrack,4874,5899,2053,pos,0 days 00:47:32.671000,0 days 01:45:48.183000
2024-07-07 14:50:45.392,OnTrack,4927,5900,2053,pos,0 days 00:47:32.851000,0 days 01:45:48.363000
2024-07-07 14:50:45.552,OnTrack,4972,5896,2053,pos,0 days 00:47:33.011000,0 days 01:45:48.523000
2024-07-07 14:50:45.832,OnTrack,5076,5872,2053,pos,0 days 00:47:33.291000,0 days 01:45:48.803000
2024-07-07 14:50:46.312,OnTrack,5162,5827,2055,pos,0 days 00:47:33.771000,0 days 01:45:49.283000
2024-07-07 14:50:46.592,OnTrack,5214,5786,2056,pos,0 days 00:47:34.051000,0 days 01:45:49.563000
2024-07-07 14:50:46.872,OnTrack,5283,5709,2058,pos,0 days 00:47:34.331000,0 days 01:45:49.843000
2024-07-07 14:50:47.332,OnTrack,5332,5611,2059,pos,0 days 00:47:34.791000,0 days 01:45:50.303000
2024-07-07 14:50:47.672,OnTrack,5354,5541,2059,pos,0 days 00:47:35.131000,0 days 01:45:50.643000
2024-07-07 14:50:47.772,OnTrack,5362,5513,2060,pos,0 days 00:47:35.231000,0 days 01:45:50.743000
2024-07-07 14:50:48.052,OnTrack,5382,5385,2061,pos,0 days 00:47:35.511000,0 days 01:45:51.023000
2024-07-07 14:50:48.532,OnTrack,5393,5272,2063,pos,0 days 00:47:35.991000,0 days 01:45:51.503000
2024-07-07 14:50:48.791,OnTrack,5402,5183,2064,pos,0 days 00:47:36.250000,0 days 01:45:51.762000
2024-07-07 14:50:48.892,OnTrack,5408,5149,2065,pos,0 days 00:47:36.351000,0 days 01:45:51.863000
2024-07-07 14:50:49.091,OnTrack,5422,5084,2065,pos,0 days 00:47:36.550000,0 days 01:45:52.062000
2024-07-07 14:50:49.292,OnTrack,5442,5025,2066,pos,0 days 00:47:36.751000,0 days 01:45:52.263000
2024-07-07 14:50:49.492,OnTrack,5467,4972,2066,pos,0 days 00:47:36.951000,0 days 01:45:52.463000
2024-07-07 14:50:49.691,OnTrack,5496,4924,2066,pos,0 days 00:47:37.150000,0 days 01:45:52.662000
2024-07-07 14:50:49.992,OnTrack,5560,4846,2065,pos,0 days 00:47:37.451000,0 days 01:45:52.963000
2024-07-07 14:50:50.372,OnTrack,5638,4781,2065,pos,0 days 00:47:37.831000,0 days 01:45:53.343000
2024-07-07 14:50:50.852,OnTrack,5716,4741,2065,pos,0 days 00:47:38.311000,0 days 01:45:53.823000
2024-07-07 14:50:51.132,OnTrack,5764,4731,2064,pos,0 days 00:47:38.591000,0 days 01:45:54.103000
2024-07-07 14:50:51.472,OnTrack,5854,4750,2064,pos,0 days 00:47:38.931000,0 days 01:45:54.443000
2024-07-07 14:50:51.851,OnTrack,5902,4780,2063,pos,0 days 00:47:39.310000,0 days 01:45:54.822000
2024-07-07 14:50:52.032,OnTrack,5934,4806,2064,pos,0 days 00:47:39.491000,0 days 01:45:55.003000
2024-07-07 14:50:52.292,OnTrack,5977,4848,2064,pos,0 days 00:47:39.751000,0 days 01:45:55.263000
2024-07-07 14:50:52.492,OnTrack,6009,4884,2064,pos,0 days 00:47:39.951000,0 days 01:45:55.463000
2024-07-07 14:50:52.713,OnTrack,6042,4927,2065,pos,0 days 00:47:40.172000,0 days 01:45:55.684000
2024-07-07 14:50:52.892,OnTrack,6069,4966,2065,pos,0 days 00:47:40.351000,0 days 01:45:55.863000
2024-07-07 14:50:52.952,OnTrack,6078,4980,2065,pos,0 days 00:47:40.411000,0 days 01:45:55.923000
2024-07-07 14:50:53.253,OnTrack,6120,5052,2065,pos,0 days 00:47:40.712000,0 days 01:45:56.224000
2024-07-07 14:50:53.513,OnTrack,6168,5153,2065,pos,0 days 00:47:40.972000,0 days 01:45:56.484000
2024-07-07 14:50:53.852,OnTrack,6197,5227,2065,pos,0 days 00:47:41.311000,0 days 01:45:56.823000
2024-07-07 14:50:54.073,OnTrack,6236,5345,2065,pos,0 days 00:47:41.532000,0 days 01:45:57.044000
2024-07-07 14:50:54.413,OnTrack,6259,5428,2064,pos,0 days 00:47:41.872000,0 days 01:45:57.384000
2024-07-07 14:50:54.772,OnTrack,6293,5573,2065,pos,0 days 00:47:42.231000,0 days 01:45:57.743000
2024-07-07 14:50:54.953,OnTrack,6313,5680,2065,pos,0 days 00:47:42.412000,0 days 01:45:57.924000
2024-07-07 14:50:55.391,OnTrack,6332,5944,2064,pos,0 days 00:47:42.850000,0 days 01:45:58.362000
2024-07-07 14:50:55.631,OnTrack,6327,6038,2064,pos,0 days 00:47:43.090000,0 days 01:45:58.602000
2024-07-07 14:50:56.032,OnTrack,6281,6318,2063,pos,0 days 00:47:43.491000,0 days 01:45:59.003000
2024-07-07 14:50:56.352,OnTrack,6224,6490,2062,pos,0 days 00:47:43.811000,0 days 01:45:59.323000
2024-07-07 14:50:56.731,OnTrack,6151,6644,2063,pos,0 days 00:47:44.190000,0 days 01:45:59.702000
2024-07-07 14:50:56.971,OnTrack,6075,6773,2063,pos,0 days 00:47:44.430000,0 days 01:45:59.942000
2024-07-07 14:50:57.132,OnTrack,6017,6856,2064,pos,0 days 00:47:44.591000,0 days 01:46:00.103000
2024-07-07 14:50:57.372,OnTrack,5919,6976,2064,pos,0 days 00:47:44.831000,0 days 01:46:00.343000
2024-07-07 14:50:57.632,OnTrack,5800,7097,2064,pos,0 days 00:47:45.091000,0 days 01:46:00.603000
2024-07-07 14:50:57.851,OnTrack,5690,7194,2064,pos,0 days 00:47:45.310000,0 days 01:46:00.822000
2024-07-07 14:50:57.912,OnTrack,5658,7220,2064,pos,0 days 00:47:45.371000,0 days 01:46:00.883000
2024-07-07 14:50:58.252,OnTrack,5475,7365,2064,pos,0 days 00:47:45.711000,0 days 01:46:01.223000
2024-07-07 14:50:58.512,OnTrack,5331,7475,2064,pos,0 days 00:47:45.971000,0 days 01:46:01.483000
2024-07-07 14:50:58.572,OnTrack,5298,7500,2064,pos,0 days 00:47:46.031000,0 days 01:46:01.543000
2024-07-07 14:50:58.752,OnTrack,5199,7579,2064,pos,0 days 00:47:46.211000,0 days 01:46:01.723000
2024-07-07 14:50:58.953,OnTrack,5088,7670,2064,pos,0 days 00:47:46.412000,0 days 01:46:01.924000
2024-07-07 14:50:59.192,OnTrack,4965,7773,2064,pos,0 days 00:47:46.651000,0 days 01:46:02.163000
2024-07-07 14:50:59.452,OnTrack,4829,7888,2064,pos,0 days 00:47:46.911000,0 days 01:46:02.423000
2024-07-07 14:50:59.692,OnTrack,4695,8003,2065,pos,0 days 00:47:47.151000,0 days 01:46:02.663000
2024-07-07 14:50:59.832,OnTrack,4621,8067,2065,pos,0 days 00:47:47.291000,0 days 01:46:02.803000
2024-07-07 14:51:00.053,OnTrack,4490,8179,2064,pos,0 days 00:47:47.512000,0 days 01:46:03.024000
2024-07-07 14:51:00.232,OnTrack,4387,8267,2064,pos,0 days 00:47:47.691000,0 days 01:46:03.203000
2024-07-07 14:51:00.552,OnTrack,4207,8421,2064,pos,0 days 00:47:48.011000,0 days 01:46:03.523000
2024-07-07 14:51:00.752,OnTrack,4085,8526,2063,pos,0 days 00:47:48.211000,0 days 01:46:03.723000
2024-07-07 14:51:00.933,OnTrack,3979,8617,2063,pos,0 days 00:47:48.392000,0 days 01:46:03.904000
2024-07-07 14:51:00.992,OnTrack,3950,8642,2063,pos,0 days 00:47:48.451000,0 days 01:46:03.963000
2024-07-07 14:51:01.372,OnTrack,3721,8842,2063,pos,0 days 00:47:48.831000,0 days 01:46:04.343000
2024-07-07 14:51:01.572,OnTrack,3603,8946,2063,pos,0 days 00:47:49.031000,0 days 01:46:04.543000
2024-07-07 14:51:01.732,OnTrack,3508,9029,2063,pos,0 days 00:47:49.191000,0 days 01:46:04.703000
2024-07-07 14:51:01.972,OnTrack,3294,9218,2064,pos,0 days 00:47:49.431000,0 days 01:46:04.943000
2024-07-07 14:51:02.312,OnTrack,3077,9407,2063,pos,0 days 00:47:49.771000,0 days 01:46:05.283000
2024-07-07 14:51:02.812,OnTrack,2860,9597,2061,pos,0 days 00:47:50.271000,0 days 01:46:05.783000
2024-07-07 14:51:02.971,OnTrack,2762,9682,2060,pos,0 days 00:47:50.430000,0 days 01:46:05.942000
2024-07-07 14:51:03.192,OnTrack,2555,9861,2058,pos,0 days 00:47:50.651000,0 days 01:46:06.163000
2024-07-07 14:51:03.972,OnTrack,2165,10208,2052,pos,0 days 00:47:51.431000,0 days 01:46:06.943000
2024-07-07 14:51:04.132,OnTrack,2079,10285,2051,pos,0 days 00:47:51.591000,0 days 01:46:07.103000
2024-07-07 14:51:04.351,OnTrack,1949,10401,2049,pos,0 days 00:47:51.810000,0 days 01:46:07.322000
2024-07-07 14:51:04.631,OnTrack,1743,10579,2046,pos,0 days 00:47:52.090000,0 days 01:46:07.602000
2024-07-07 14:51:04.931,OnTrack,1625,10673,2044,pos,0 days 00:47:52.390000,0 days 01:46:07.902000
2024-07-07 14:51:05.132,OnTrack,1526,10743,2042,pos,0 days 00:47:52.591000,0 days 01:46:08.103000
2024-07-07 14:51:05.452,OnTrack,1299,10867,2039,pos,0 days 00:47:52.911000,0 days 01:46:08.423000
2024-07-07 14:51:05.812,OnTrack,1127,10925,2036,pos,0 days 00:47:53.271000,0 days 01:46:08.783000
2024-07-07 14:51:06.333,OnTrack,955,10948,2035,pos,0 days 00:47:53.792000,0 days 01:46:09.304000
2024-07-07 14:51:06.532,OnTrack,821,10947,2034,pos,0 days 00:47:53.991000,0 days 01:46:09.503000
2024-07-07 14:51:06.912,OnTrack,711,10936,2033,pos,0 days 00:47:54.371000,0 days 01:46:09.883000
2024-07-07 14:51:07.092,OnTrack,645,10919,2032,pos,0 days 00:47:54.551000,0 days 01:46:10.063000
2024-07-07 14:51:07.332,OnTrack,558,10883,2032,pos,0 days 00:47:54.791000,0 days 01:46:10.303000
2024-07-07 14:51:07.512,OnTrack,474,10836,2032,pos,0 days 00:47:54.971000,0 days 01:46:10.483000
2024-07-07 14:51:07.892,OnTrack,393,10767,2032,pos,0 days 00:47:55.351000,0 days 01:46:10.863000
2024-07-07 14:51:08.052,OnTrack,359,10724,2032,pos,0 days 00:47:55.511000,0 days 01:46:11.023000
2024-07-07 14:51:08.233,OnTrack,319,10664,2032,pos,0 days 00:47:55.692000,0 days 01:46:11.204000
2024-07-07 14:51:08.512,OnTrack,269,10571,2033,pos,0 days 00:47:55.971000,0 days 01:46:11.483000
2024-07-07 14:51:08.691,OnTrack,242,10509,2033,pos,0 days 00:47:56.150000,0 days 01:46:11.662000
2024-07-07 14:51:08.911,OnTrack,216,10432,2033,pos,0 days 00:47:56.370000,0 days 01:46:11.882000
2024-07-07 14:51:09.211,OnTrack,198,10314,2033,pos,0 days 00:47:56.670000,0 days 01:46:12.182000
2024-07-07 14:51:09.352,OnTrack,194,10260,2033,pos,0 days 00:47:56.811000,0 days 01:46:12.323000
2024-07-07 14:51:09.551,OnTrack,186,10113,2034,pos,0 days 00:47:57.010000,0 days 01:46:12.522000
2024-07-07 14:51:09.992,OnTrack,177,9981,2035,pos,0 days 00:47:57.451000,0 days 01:46:12.963000
2024-07-07 14:51:10.212,OnTrack,166,9890,2036,pos,0 days 00:47:57.671000,0 days 01:46:13.183000
2024-07-07 14:51:10.452,OnTrack,131,9773,2037,pos,0 days 00:47:57.911000,0 days 01:46:13.423000
2024-07-07 14:51:10.732,OnTrack,98,9707,2038,pos,0 days 00:47:58.191000,0 days 01:46:13.703000
2024-07-07 14:51:11.052,OnTrack,34,9619,2039,pos,0 days 00:47:58.511000,0 days 01:46:14.023000
2024-07-07 14:51:11.232,OnTrack,-12,9573,2039,pos,0 days 00:47:58.691000,0 days 01:46:14.203000
2024-07-07 14:51:11.532,OnTrack,-114,9500,2040,pos,0 days 00:47:58.991000,0 days 01:46:14.503000
2024-07-07 14:51:11.812,OnTrack,-170,9473,2041,pos,0 days 00:47:59.271000,0 days 01:46:14.783000
2024-07-07 14:51:12.032,OnTrack,-233,9452,2041,pos,0 days 00:47:59.491000,0 days 01:46:15.003000
2024-07-07 14:51:12.272,OnTrack,-302,9442,2041,pos,0 days 00:47:59.731000,0 days 01:46:15.243000
2024-07-07 14:51:12.492,OnTrack,-365,9443,2040,pos,0 days 00:47:59.951000,0 days 01:46:15.463000
2024-07-07 14:51:12.652,OnTrack,-408,9451,2040,pos,0 days 00:48:00.111000,0 days 01:46:15.623000
2024-07-07 14:51:12.972,OnTrack,-505,9494,2039,pos,0 days 00:48:00.431000,0 days 01:46:15.943000
2024-07-07 14:51:13.292,OnTrack,-556,9530,2038,pos,0 days 00:48:00.751000,0 days 01:46:16.263000
2024-07-07 14:51:13.552,OnTrack,-604,9576,2037,pos,0 days 00:48:01.011000,0 days 01:46:16.523000
2024-07-07 14:51:13.732,OnTrack,-634,9611,2036,pos,0 days 00:48:01.191000,0 days 01:46:16.703000
2024-07-07 14:51:13.973,OnTrack,-670,9663,2036,pos,0 days 00:48:01.432000,0 days 01:46:16.944000
2024-07-07 14:51:14.213,OnTrack,-702,9721,2035,pos,0 days 00:48:01.672000,0 days 01:46:17.184000
2024-07-07 14:51:14.392,OnTrack,-737,9806,2033,pos,0 days 00:48:01.851000,0 days 01:46:17.363000
2024-07-07 14:51:14.813,OnTrack,-761,9901,2032,pos,0 days 00:48:02.272000,0 days 01:46:17.784000
2024-07-07 14:51:15.151,OnTrack,-774,9998,2032,pos,0 days 00:48:02.610000,0 days 01:46:18.122000
2024-07-07 14:51:15.312,OnTrack,-775,10054,2032,pos,0 days 00:48:02.771000,0 days 01:46:18.283000
2024-07-07 14:51:15.471,OnTrack,-774,10112,2031,pos,0 days 00:48:02.930000,0 days 01:46:18.442000
2024-07-07 14:51:15.771,OnTrack,-756,10273,2030,pos,0 days 00:48:03.230000,0 days 01:46:18.742000
2024-07-07 14:51:16.172,OnTrack,-733,10385,2030,pos,0 days 00:48:03.631000,0 days 01:46:19.143000
2024-07-07 14:51:16.351,OnTrack,-711,10463,2029,pos,0 days 00:48:03.810000,0 days 01:46:19.322000
2024-07-07 14:51:16.532,OnTrack,-692,10521,2028,pos,0 days 00:48:03.991000,0 days 01:46:19.503000
2024-07-07 14:51:16.891,OnTrack,-610,10727,2025,pos,0 days 00:48:04.350000,0 days 01:46:19.862000
2024-07-07 14:51:17.192,OnTrack,-561,10834,2023,pos,0 days 00:48:04.651000,0 days 01:46:20.163000
2024-07-07 14:51:17.512,OnTrack,-479,10994,2022,pos,0 days 00:48:04.971000,0 days 01:46:20.483000
2024-07-07 14:51:17.711,OnTrack,-424,11097,2021,pos,0 days 00:48:05.170000,0 days 01:46:20.682000
2024-07-07 14:51:17.952,OnTrack,-321,11275,2021,pos,0 days 00:48:05.411000,0 days 01:46:20.923000
2024-07-07 14:51:18.292,OnTrack,-240,11400,2020,pos,0 days 00:48:05.751000,0 days 01:46:21.263000
2024-07-07 14:51:18.492,OnTrack,-110,11576,2021,pos,0 days 00:48:05.951000,0 days 01:46:21.463000
2024-07-07 14:51:18.912,OnTrack,7,11718,2021,pos,0 days 00:48:06.371000,0 days 01:46:21.883000
2024-07-07 14:51:19.072,OnTrack,80,11797,2022,pos,0 days 00:48:06.531000,0 days 01:46:22.043000
2024-07-07 14:51:19.272,OnTrack,175,11894,2023,pos,0 days 00:48:06.731000,0 days 01:46:22.243000
2024-07-07 14:51:19.492,OnTrack,285,11999,2024,pos,0 days 00:48:06.951000,0 days 01:46:22.463000
2024-07-07 14:51:19.752,OnTrack,416,12113,2024,pos,0 days 00:48:07.211000,0 days 01:46:22.723000
2024-07-07 14:51:19.933,OnTrack,521,12196,2024,pos,0 days 00:48:07.392000,0 days 01:46:22.904000
2024-07-07 14:51:20.112,OnTrack,626,12271,2024,pos,0 days 00:48:07.571000,0 days 01:46:23.083000
2024-07-07 14:51:20.392,OnTrack,796,12378,2024,pos,0 days 00:48:07.851000,0 days 01:46:23.363000
2024-07-07 14:51:20.432,OnTrack,822,12392,2024,pos,0 days 00:48:07.891000,0 days 01:46:23.403000
2024-07-07 14:51:20.692,OnTrack,995,12477,2025,pos,0 days 00:48:08.151000,0 days 01:46:23.663000
2024-07-07 14:51:20.992,OnTrack,1301,12596,2025,pos,0 days 00:48:08.451000,0 days 01:46:23.963000
2024-07-07 14:51:21.353,OnTrack,1459,12645,2025,pos,0 days 00:48:08.812000,0 days 01:46:24.324000
2024-07-07 14:51:21.612,OnTrack,1651,12694,2025,pos,0 days 00:48:09.071000,0 days 01:46:24.583000
2024-07-07 14:51:22.492,OnTrack,2441,12815,2031,pos,0 days 00:48:09.951000,0 days 01:46:25.463000
2024-07-07 14:51:22.932,OnTrack,2740,12847,2034,pos,0 days 00:48:10.391000,0 days 01:46:25.903000
2024-07-07 14:51:23.312,OnTrack,2979,12870,2036,pos,0 days 00:48:10.771000,0 days 01:46:26.283000
2024-07-07 14:51:23.452,OnTrack,3091,12882,2037,pos,0 days 00:48:10.911000,0 days 01:46:26.423000
2024-07-07 14:51:23.792,OnTrack,3430,12918,2039,pos,0 days 00:48:11.251000,0 days 01:46:26.763000
2024-07-07 14:51:24.212,OnTrack,3705,12949,2036,pos,0 days 00:48:11.671000,0 days 01:46:27.183000
2024-07-07 14:51:24.312,OnTrack,3785,12958,2041,pos,0 days 00:48:11.771000,0 days 01:46:27.283000
2024-07-07 14:51:24.472,OnTrack,3915,12973,2042,pos,0 days 00:48:11.931000,0 days 01:46:27.443000
2024-07-07 14:51:24.652,OnTrack,4060,12990,2043,pos,0 days 00:48:12.111000,0 days 01:46:27.623000
2024-07-07 14:51:24.912,OnTrack,4269,13017,2044,pos,0 days 00:48:12.371000,0 days 01:46:27.883000
2024-07-07 14:51:25.232,OnTrack,4525,13051,2046,pos,0 days 00:48:12.691000,0 days 01:46:28.203000
2024-07-07 14:51:25.332,OnTrack,4605,13061,2047,pos,0 days 00:48:12.791000,0 days 01:46:28.303000
2024-07-07 14:51:25.633,OnTrack,4875,13093,2048,pos,0 days 00:48:13.092000,0 days 01:46:28.604000
2024-07-07 14:51:26.032,OnTrack,5149,13114,2049,pos,0 days 00:48:13.491000,0 days 01:46:29.003000
2024-07-07 14:51:26.272,OnTrack,5292,13112,2049,pos,0 days 00:48:13.731000,0 days 01:46:29.243000
2024-07-07 14:51:26.473,OnTrack,5511,13082,2051,pos,0 days 00:48:13.932000,0 days 01:46:29.444000
2024-07-07 14:51:26.812,OnTrack,5734,13016,2052,pos,0 days 00:48:14.271000,0 days 01:46:29.783000
2024-07-07 14:51:27.232,OnTrack,5912,12929,2053,pos,0 days 00:48:14.691000,0 days 01:46:30.203000
2024-07-07 14:51:27.352,OnTrack,5975,12891,2053,pos,0 days 00:48:14.811000,0 days 01:46:30.323000
2024-07-07 14:51:27.593,OnTrack,6111,12792,2054,pos,0 days 00:48:15.052000,0 days 01:46:30.564000
2024-07-07 14:51:27.932,OnTrack,6334,12566,2056,pos,0 days 00:48:15.391000,0 days 01:46:30.903000
2024-07-07 14:51:28.211,OnTrack,6388,12488,2056,pos,0 days 00:48:15.670000,0 days 01:46:31.182000
2024-07-07 14:51:28.432,OnTrack,6462,12355,2057,pos,0 days 00:48:15.891000,0 days 01:46:31.403000
2024-07-07 14:51:28.692,OnTrack,6538,12192,2058,pos,0 days 00:48:16.151000,0 days 01:46:31.663000
2024-07-07 14:51:28.892,OnTrack,6617,11976,2060,pos,0 days 00:48:16.351000,0 days 01:46:31.863000
2024-07-07 14:51:29.391,OnTrack,6692,11723,2061,pos,0 days 00:48:16.850000,0 days 01:46:32.362000
2024-07-07 14:51:29.411,OnTrack,6695,11709,2062,pos,0 days 00:48:16.870000,0 days 01:46:32.382000
2024-07-07 14:51:29.671,OnTrack,6765,11429,2064,pos,0 days 00:48:17.130000,0 days 01:46:32.642000
2024-07-07 14:51:30.072,OnTrack,6804,11250,2065,pos,0 days 00:48:17.531000,0 days 01:46:33.043000
2024-07-07 14:51:30.272,OnTrack,6834,11097,2066,pos,0 days 00:48:17.731000,0 days 01:46:33.243000
2024-07-07 14:51:30.432,OnTrack,6854,10986,2067,pos,0 days 00:48:17.891000,0 days 01:46:33.403000
2024-07-07 14:51:30.672,OnTrack,6882,10808,2068,pos,0 days 00:48:18.131000,0 days 01:46:33.643000
2024-07-07 14:51:30.932,OnTrack,6908,10612,2070,pos,0 days 00:48:18.391000,0 days 01:46:33.903000
2024-07-07 14:51:31.092,OnTrack,6923,10491,2071,pos,0 days 00:48:18.551000,0 days 01:46:34.063000
2024-07-07 14:51:31.432,OnTrack,6949,10229,2073,pos,0 days 00:48:18.891000,0 days 01:46:34.403000
2024-07-07 14:51:31.472,OnTrack,6951,10199,2073,pos,0 days 00:48:18.931000,0 days 01:46:34.443000
2024-07-07 14:51:31.832,OnTrack,6975,9809,2074,pos,0 days 00:48:19.291000,0 days 01:46:34.803000
2024-07-07 14:51:32.132,OnTrack,6978,9683,2075,pos,0 days 00:48:19.591000,0 days 01:46:35.103000
2024-07-07 14:51:32.352,OnTrack,6982,9509,2075,pos,0 days 00:48:19.811000,0 days 01:46:35.323000
2024-07-07 14:51:32.692,OnTrack,6990,9238,2074,pos,0 days 00:48:20.151000,0 days 01:46:35.663000
2024-07-07 14:51:32.892,OnTrack,7002,8996,2073,pos,0 days 00:48:20.351000,0 days 01:46:35.863000
2024-07-07 14:51:33.253,OnTrack,7021,8804,2072,pos,0 days 00:48:20.712000,0 days 01:46:36.224000
2024-07-07 14:51:33.412,OnTrack,7040,8676,2071,pos,0 days 00:48:20.871000,0 days 01:46:36.383000
2024-07-07 14:51:33.573,OnTrack,7063,8548,2070,pos,0 days 00:48:21.032000,0 days 01:46:36.544000
2024-07-07 14:51:33.873,OnTrack,7116,8310,2069,pos,0 days 00:48:21.332000,0 days 01:46:36.844000
2024-07-07 14:51:34.133,OnTrack,7207,7995,2065,pos,0 days 00:48:21.592000,0 days 01:46:37.104000
2024-07-07 14:51:34.552,OnTrack,7284,7778,2063,pos,0 days 00:48:22.011000,0 days 01:46:37.523000
2024-07-07 14:51:34.672,OnTrack,7320,7687,2061,pos,0 days 00:48:22.131000,0 days 01:46:37.643000
2024-07-07 14:51:34.851,OnTrack,7375,7552,2060,pos,0 days 00:48:22.310000,0 days 01:46:37.822000
2024-07-07 14:51:35.031,OnTrack,7425,7423,2059,pos,0 days 00:48:22.490000,0 days 01:46:38.002000
2024-07-07 14:51:35.252,OnTrack,7478,7269,2058,pos,0 days 00:48:22.711000,0 days 01:46:38.223000
2024-07-07 14:51:35.512,OnTrack,7522,7091,2058,pos,0 days 00:48:22.971000,0 days 01:46:38.483000
2024-07-07 14:51:35.692,OnTrack,7537,6970,2058,pos,0 days 00:48:23.151000,0 days 01:46:38.663000
2024-07-07 14:51:35.972,OnTrack,7531,6779,2058,pos,0 days 00:48:23.431000,0 days 01:46:38.943000
2024-07-07 14:51:36.151,OnTrack,7514,6655,2058,pos,0 days 00:48:23.610000,0 days 01:46:39.122000
2024-07-07 14:51:36.332,OnTrack,7470,6440,2060,pos,0 days 00:48:23.791000,0 days 01:46:39.303000
2024-07-07 14:51:36.632,OnTrack,7444,6333,2060,pos,0 days 00:48:24.091000,0 days 01:46:39.603000
2024-07-07 14:51:36.832,OnTrack,7412,6206,2061,pos,0 days 00:48:24.291000,0 days 01:46:39.803000
2024-07-07 14:51:37.232,OnTrack,7351,5936,2063,pos,0 days 00:48:24.691000,0 days 01:46:40.203000
2024-07-07 14:51:37.452,OnTrack,7329,5796,2063,pos,0 days 00:48:24.911000,0 days 01:46:40.423000
2024-07-07 14:51:37.812,OnTrack,7319,5542,2062,pos,0 days 00:48:25.271000,0 days 01:46:40.783000
2024-07-07 14:51:38.131,OnTrack,7340,5393,2062,pos,0 days 00:48:25.590000,0 days 01:46:41.102000
2024-07-07 14:51:38.372,OnTrack,7379,5260,2061,pos,0 days 00:48:25.831000,0 days 01:46:41.343000
2024-07-07 14:51:38.572,OnTrack,7424,5154,2059,pos,0 days 00:48:26.031000,0 days 01:46:41.543000
2024-07-07 14:51:38.752,OnTrack,7511,4993,2057,pos,0 days 00:48:26.211000,0 days 01:46:41.723000
2024-07-07 14:51:39.172,OnTrack,7593,4858,2055,pos,0 days 00:48:26.631000,0 days 01:46:42.143000
2024-07-07 14:51:39.372,OnTrack,7647,4765,2054,pos,0 days 00:48:26.831000,0 days 01:46:42.343000
2024-07-07 14:51:39.513,OnTrack,7680,4702,2053,pos,0 days 00:48:26.972000,0 days 01:46:42.484000
2024-07-07 14:51:39.872,OnTrack,7765,4480,2050,pos,0 days 00:48:27.331000,0 days 01:46:42.843000
2024-07-07 14:51:40.232,OnTrack,7783,4384,2049,pos,0 days 00:48:27.691000,0 days 01:46:43.203000
2024-07-07 14:51:40.532,OnTrack,7787,4254,2046,pos,0 days 00:48:27.991000,0 days 01:46:43.503000
2024-07-07 14:51:40.653,OnTrack,7783,4207,2046,pos,0 days 00:48:28.112000,0 days 01:46:43.624000
2024-07-07 14:51:40.933,OnTrack,7760,4087,2044,pos,0 days 00:48:28.392000,0 days 01:46:43.904000
2024-07-07 14:51:41.172,OnTrack,7731,3992,2042,pos,0 days 00:48:28.631000,0 days 01:46:44.143000
2024-07-07 14:51:41.331,OnTrack,7707,3931,2041,pos,0 days 00:48:28.790000,0 days 01:46:44.302000
2024-07-07 14:51:41.571,OnTrack,7665,3841,2040,pos,0 days 00:48:29.030000,0 days 01:46:44.542000
2024-07-07 14:51:41.792,OnTrack,7586,3712,2039,pos,0 days 00:48:29.251000,0 days 01:46:44.763000
2024-07-07 14:51:42.171,OnTrack,7479,3586,2037,pos,0 days 00:48:29.630000,0 days 01:46:45.142000
2024-07-07 14:51:42.431,OnTrack,7439,3549,2036,pos,0 days 00:48:29.890000,0 days 01:46:45.402000
2024-07-07 14:51:42.652,OnTrack,7358,3486,2035,pos,0 days 00:48:30.111000,0 days 01:46:45.623000
2024-07-07 14:51:43.011,OnTrack,7204,3393,2033,pos,0 days 00:48:30.470000,0 days 01:46:45.982000
2024-07-07 14:51:43.192,OnTrack,7063,3320,2031,pos,0 days 00:48:30.651000,0 days 01:46:46.163000
2024-07-07 14:51:43.512,OnTrack,6968,3267,2030,pos,0 days 00:48:30.971000,0 days 01:46:46.483000
2024-07-07 14:51:43.732,OnTrack,6866,3198,2029,pos,0 days 00:48:31.191000,0 days 01:46:46.703000
2024-07-07 14:51:43.932,OnTrack,6776,3123,2028,pos,0 days 00:48:31.391000,0 days 01:46:46.903000
2024-07-07 14:51:44.172,OnTrack,6676,3025,2028,pos,0 days 00:48:31.631000,0 days 01:46:47.143000
2024-07-07 14:51:44.372,OnTrack,6590,2934,2027,pos,0 days 00:48:31.831000,0 days 01:46:47.343000
2024-07-07 14:51:44.632,OnTrack,6478,2806,2027,pos,0 days 00:48:32.091000,0 days 01:46:47.603000
2024-07-07 14:51:44.732,OnTrack,6438,2756,2028,pos,0 days 00:48:32.191000,0 days 01:46:47.703000
2024-07-07 14:51:45.052,OnTrack,6331,2604,2027,pos,0 days 00:48:32.511000,0 days 01:46:48.023000
2024-07-07 14:51:45.292,OnTrack,6232,2445,2026,pos,0 days 00:48:32.751000,0 days 01:46:48.263000
2024-07-07 14:51:45.672,OnTrack,6074,2153,2025,pos,0 days 00:48:33.131000,0 days 01:46:48.643000
2024-07-07 14:51:45.992,OnTrack,6018,2040,2025,pos,0 days 00:48:33.451000,0 days 01:46:48.963000
2024-07-07 14:51:46.252,OnTrack,5936,1874,2024,pos,0 days 00:48:33.711000,0 days 01:46:49.223000
2024-07-07 14:51:46.412,OnTrack,5886,1770,2024,pos,0 days 00:48:33.871000,0 days 01:46:49.383000
2024-07-07 14:51:46.593,OnTrack,5829,1653,2023,pos,0 days 00:48:34.052000,0 days 01:46:49.564000
2024-07-07 14:51:46.792,OnTrack,5766,1522,2023,pos,0 days 00:48:34.251000,0 days 01:46:49.763000
2024-07-07 14:51:46.972,OnTrack,5708,1402,2022,pos,0 days 00:48:34.431000,0 days 01:46:49.943000
2024-07-07 14:51:47.232,OnTrack,5624,1227,2021,pos,0 days 00:48:34.691000,0 days 01:46:50.203000
2024-07-07 14:51:47.552,OnTrack,5525,1017,2020,pos,0 days 00:48:35.011000,0 days 01:46:50.523000
2024-07-07 14:51:47.732,OnTrack,5467,897,2019,pos,0 days 00:48:35.191000,0 days 01:46:50.703000
2024-07-07 14:51:47.911,OnTrack,5361,676,2017,pos,0 days 00:48:35.370000,0 days 01:46:50.882000
2024-07-07 14:51:48.252,OnTrack,5294,536,2016,pos,0 days 00:48:35.711000,0 days 01:46:51.223000
2024-07-07 14:51:48.612,OnTrack,5172,284,2014,pos,0 days 00:48:36.071000,0 days 01:46:51.583000
2024-07-07 14:51:48.792,OnTrack,5110,157,2013,pos,0 days 00:48:36.251000,0 days 01:46:51.763000
2024-07-07 14:51:48.971,OnTrack,5007,-56,2012,pos,0 days 00:48:36.430000,0 days 01:46:51.942000
2024-07-07 14:51:49.312,OnTrack,4931,-214,2011,pos,0 days 00:48:36.771000,0 days 01:46:52.283000
2024-07-07 14:51:49.511,OnTrack,4862,-358,2010,pos,0 days 00:48:36.970000,0 days 01:46:52.482000
2024-07-07 14:51:49.652,OnTrack,4817,-452,2009,pos,0 days 00:48:37.111000,0 days 01:46:52.623000
2024-07-07 14:51:49.972,OnTrack,4702,-691,2008,pos,0 days 00:48:37.431000,0 days 01:46:52.943000
2024-07-07 14:51:50.132,OnTrack,4601,-899,2007,pos,0 days 00:48:37.591000,0 days 01:46:53.103000
2024-07-07 14:51:50.552,OnTrack,4459,-1191,2004,pos,0 days 00:48:38.011000,0 days 01:46:53.523000
2024-07-07 14:51:50.952,OnTrack,4359,-1396,2002,pos,0 days 00:48:38.411000,0 days 01:46:53.923000
2024-07-07 14:51:51.172,OnTrack,4279,-1556,2000,pos,0 days 00:48:38.631000,0 days 01:46:54.143000
2024-07-07 14:51:51.432,OnTrack,4184,-1747,1997,pos,0 days 00:48:38.891000,0 days 01:46:54.403000
2024-07-07 14:51:51.652,OnTrack,4104,-1908,1995,pos,0 days 00:48:39.111000,0 days 01:46:54.623000
2024-07-07 14:51:51.792,OnTrack,4052,-2011,1995,pos,0 days 00:48:39.251000,0 days 01:46:54.763000
2024-07-07 14:51:52.033,OnTrack,3918,-2273,1994,pos,0 days 00:48:39.492000,0 days 01:46:55.004000
2024-07-07 14:51:52.372,OnTrack,3835,-2432,1994,pos,0 days 00:48:39.831000,0 days 01:46:55.343000
2024-07-07 14:51:52.593,OnTrack,3757,-2581,1995,pos,0 days 00:48:40.052000,0 days 01:46:55.564000
2024-07-07 14:51:52.772,OnTrack,3689,-2708,1996,pos,0 days 00:48:40.231000,0 days 01:46:55.743000
2024-07-07 14:51:53.032,OnTrack,3590,-2891,1998,pos,0 days 00:48:40.491000,0 days 01:46:56.003000
2024-07-07 14:51:53.292,OnTrack,3489,-3071,2002,pos,0 days 00:48:40.751000,0 days 01:46:56.263000
2024-07-07 14:51:53.512,OnTrack,3401,-3221,2005,pos,0 days 00:48:40.971000,0 days 01:46:56.483000
2024-07-07 14:51:53.693,OnTrack,3331,-3337,2008,pos,0 days 00:48:41.152000,0 days 01:46:56.664000
2024-07-07 14:51:53.792,OnTrack,3292,-3397,2009,pos,0 days 00:48:41.251000,0 days 01:46:56.763000
2024-07-07 14:51:54.052,OnTrack,3192,-3539,2012,pos,0 days 00:48:41.511000,0 days 01:46:57.023000
2024-07-07 14:51:54.233,OnTrack,3122,-3629,2015,pos,0 days 00:48:41.692000,0 days 01:46:57.204000
2024-07-07 14:51:54.431,OnTrack,3043,-3720,2017,pos,0 days 00:48:41.890000,0 days 01:46:57.402000
2024-07-07 14:51:54.611,OnTrack,2971,-3795,2018,pos,0 days 00:48:42.070000,0 days 01:46:57.582000
2024-07-07 14:51:54.792,OnTrack,2897,-3861,2020,pos,0 days 00:48:42.251000,0 days 01:46:57.763000
2024-07-07 14:51:55.092,OnTrack,2766,-3955,2023,pos,0 days 00:48:42.551000,0 days 01:46:58.063000
2024-07-07 14:51:55.332,OnTrack,2599,-4041,2026,pos,0 days 00:48:42.791000,0 days 01:46:58.303000
2024-07-07 14:51:55.672,OnTrack,2513,-4072,2027,pos,0 days 00:48:43.131000,0 days 01:46:58.643000
2024-07-07 14:51:55.872,OnTrack,2418,-4097,2029,pos,0 days 00:48:43.331000,0 days 01:46:58.843000
2024-07-07 14:51:56.071,OnTrack,2329,-4111,2030,pos,0 days 00:48:43.530000,0 days 01:46:59.042000
2024-07-07 14:51:56.371,OnTrack,2116,-4106,2032,pos,0 days 00:48:43.830000,0 days 01:46:59.342000
2024-07-07 14:51:56.652,OnTrack,2050,-4094,2033,pos,0 days 00:48:44.111000,0 days 01:46:59.623000
2024-07-07 14:51:57.012,OnTrack,1859,-4032,2033,pos,0 days 00:48:44.471000,0 days 01:46:59.983000
2024-07-07 14:51:57.332,OnTrack,1747,-3974,2033,pos,0 days 00:48:44.791000,0 days 01:47:00.303000
2024-07-07 14:51:57.512,OnTrack,1672,-3924,2033,pos,0 days 00:48:44.971000,0 days 01:47:00.483000
2024-07-07 14:51:57.731,OnTrack,1585,-3855,2032,pos,0 days 00:48:45.190000,0 days 01:47:00.702000
2024-07-07 14:51:57.912,OnTrack,1517,-3791,2031,pos,0 days 00:48:45.371000,0 days 01:47:00.883000
2024-07-07 14:51:58.212,OnTrack,1365,-3611,2029,pos,0 days 00:48:45.671000,0 days 01:47:01.183000
2024-07-07 14:51:58.652,OnTrack,1246,-3422,2025,pos,0 days 00:48:46.111000,0 days 01:47:01.623000
2024-07-07 14:51:58.912,OnTrack,1198,-3333,2022,pos,0 days 00:48:46.371000,0 days 01:47:01.883000
2024-07-07 14:51:59.072,OnTrack,1153,-3249,2020,pos,0 days 00:48:46.531000,0 days 01:47:02.043000
2024-07-07 14:51:59.452,OnTrack,1004,-2977,2009,pos,0 days 00:48:46.911000,0 days 01:47:02.423000
2024-07-07 14:51:59.693,OnTrack,964,-2912,2006,pos,0 days 00:48:47.152000,0 days 01:47:02.664000
2024-07-07 14:51:59.993,OnTrack,815,-2694,1996,pos,0 days 00:48:47.452000,0 days 01:47:02.964000
2024-07-07 14:52:00.452,OnTrack,612,-2419,1986,pos,0 days 00:48:47.911000,0 days 01:47:03.423000
2024-07-07 14:52:00.773,OnTrack,538,-2319,1985,pos,0 days 00:48:48.232000,0 days 01:47:03.744000
2024-07-07 14:52:01.092,OnTrack,401,-2135,1984,pos,0 days 00:48:48.551000,0 days 01:47:04.063000
2024-07-07 14:52:01.312,OnTrack,309,-2014,1985,pos,0 days 00:48:48.771000,0 days 01:47:04.283000
2024-07-07 14:52:01.471,OnTrack,240,-1926,1986,pos,0 days 00:48:48.930000,0 days 01:47:04.442000
2024-07-07 14:52:01.692,OnTrack,116,-1776,1986,pos,0 days 00:48:49.151000,0 days 01:47:04.663000
2024-07-07 14:52:01.972,OnTrack,18,-1661,1986,pos,0 days 00:48:49.431000,0 days 01:47:04.943000
2024-07-07 14:52:02.291,OnTrack,-116,-1508,1985,pos,0 days 00:48:49.750000,0 days 01:47:05.262000
2024-07-07 14:52:02.492,OnTrack,-239,-1370,1983,pos,0 days 00:48:49.951000,0 days 01:47:05.463000
2024-07-07 14:52:02.792,OnTrack,-291,-1312,1982,pos,0 days 00:48:50.251000,0 days 01:47:05.763000
2024-07-07 14:52:03.092,OnTrack,-378,-1214,1980,pos,0 days 00:48:50.551000,0 days 01:47:06.063000
2024-07-07 14:52:03.372,OnTrack,-453,-1133,1979,pos,0 days 00:48:50.831000,0 days 01:47:06.343000
2024-07-07 14:52:03.552,OnTrack,-521,-1067,1977,pos,0 days 00:48:51.011000,0 days 01:47:06.523000
2024-07-07 14:52:03.932,OnTrack,-597,-1009,1976,pos,0 days 00:48:51.391000,0 days 01:47:06.903000
2024-07-07 14:52:04.052,OnTrack,-628,-989,1976,pos,0 days 00:48:51.511000,0 days 01:47:07.023000
2024-07-07 14:52:04.392,OnTrack,-726,-941,1975,pos,0 days 00:48:51.851000,0 days 01:47:07.363000
2024-07-07 14:52:04.692,OnTrack,-791,-922,1976,pos,0 days 00:48:52.151000,0 days 01:47:07.663000
2024-07-07 14:52:05.012,OnTrack,-872,-914,1976,pos,0 days 00:48:52.471000,0 days 01:47:07.983000
2024-07-07 14:52:05.132,OnTrack,-936,-914,1976,pos,0 days 00:48:52.591000,0 days 01:47:08.103000
2024-07-07 14:52:05.572,OnTrack,-1021,-932,1978,pos,0 days 00:48:53.031000,0 days 01:47:08.543000
2024-07-07 14:52:05.892,OnTrack,-1072,-954,1978,pos,0 days 00:48:53.351000,0 days 01:47:08.863000
2024-07-07 14:52:06.112,OnTrack,-1118,-980,1979,pos,0 days 00:48:53.571000,0 days 01:47:09.083000
2024-07-07 14:52:06.453,OnTrack,-1200,-1041,1980,pos,0 days 00:48:53.912000,0 days 01:47:09.424000
2024-07-07 14:52:06.733,OnTrack,-1246,-1077,1981,pos,0 days 00:48:54.192000,0 days 01:47:09.704000
2024-07-07 14:52:06.932,OnTrack,-1291,-1109,1981,pos,0 days 00:48:54.391000,0 days 01:47:09.903000
2024-07-07 14:52:07.093,OnTrack,-1326,-1129,1981,pos,0 days 00:48:54.552000,0 days 01:47:10.064000
2024-07-07 14:52:07.293,OnTrack,-1376,-1152,1981,pos,0 days 00:48:54.752000,0 days 01:47:10.264000
2024-07-07 14:52:07.531,OnTrack,-1434,-1167,1981,pos,0 days 00:48:54.990000,0 days 01:47:10.502000
2024-07-07 14:52:07.832,OnTrack,-1539,-1167,1980,pos,0 days 00:48:55.291000,0 days 01:47:10.803000
2024-07-07 14:52:08.271,OnTrack,-1616,-1149,1980,pos,0 days 00:48:55.730000,0 days 01:47:11.242000
2024-07-07 14:52:08.472,OnTrack,-1667,-1133,1979,pos,0 days 00:48:55.931000,0 days 01:47:11.443000
2024-07-07 14:52:08.632,OnTrack,-1737,-1104,1978,pos,0 days 00:48:56.091000,0 days 01:47:11.603000
2024-07-07 14:52:09.052,OnTrack,-1812,-1062,1978,pos,0 days 00:48:56.511000,0 days 01:47:12.023000
2024-07-07 14:52:09.272,OnTrack,-1894,-999,1977,pos,0 days 00:48:56.731000,0 days 01:47:12.243000
2024-07-07 14:52:09.572,OnTrack,-1935,-958,1976,pos,0 days 00:48:57.031000,0 days 01:47:12.543000
2024-07-07 14:52:09.812,OnTrack,-1989,-895,1976,pos,0 days 00:48:57.271000,0 days 01:47:12.783000
2024-07-07 14:52:10.012,OnTrack,-2033,-839,1975,pos,0 days 00:48:57.471000,0 days 01:47:12.983000
2024-07-07 14:52:10.211,OnTrack,-2080,-781,1975,pos,0 days 00:48:57.670000,0 days 01:47:13.182000
2024-07-07 14:52:10.412,OnTrack,-2125,-717,1974,pos,0 days 00:48:57.871000,0 days 01:47:13.383000
2024-07-07 14:52:10.772,OnTrack,-2208,-561,1974,pos,0 days 00:48:58.231000,0 days 01:47:13.743000
2024-07-07 14:52:10.992,OnTrack,-2243,-465,1973,pos,0 days 00:48:58.451000,0 days 01:47:13.963000
2024-07-07 14:52:11.132,OnTrack,-2262,-404,1972,pos,0 days 00:48:58.591000,0 days 01:47:14.103000
2024-07-07 14:52:11.332,OnTrack,-2285,-313,1971,pos,0 days 00:48:58.791000,0 days 01:47:14.303000
2024-07-07 14:52:11.532,OnTrack,-2301,-218,1970,pos,0 days 00:48:58.991000,0 days 01:47:14.503000
2024-07-07 14:52:11.752,OnTrack,-2311,-109,1968,pos,0 days 00:48:59.211000,0 days 01:47:14.723000
2024-07-07 14:52:11.952,OnTrack,-2314,-8,1967,pos,0 days 00:48:59.411000,0 days 01:47:14.923000
2024-07-07 14:52:12.092,OnTrack,-2312,63,1967,pos,0 days 00:48:59.551000,0 days 01:47:15.063000
2024-07-07 14:52:12.352,OnTrack,-2296,202,1966,pos,0 days 00:48:59.811000,0 days 01:47:15.323000
2024-07-07 14:52:12.572,OnTrack,-2273,320,1964,pos,0 days 00:49:00.031000,0 days 01:47:15.543000
2024-07-07 14:52:12.812,OnTrack,-2233,452,1963,pos,0 days 00:49:00.271000,0 days 01:47:15.783000
2024-07-07 14:52:12.972,OnTrack,-2196,539,1963,pos,0 days 00:49:00.431000,0 days 01:47:15.943000
2024-07-07 14:52:13.253,OnTrack,-2100,721,1962,pos,0 days 00:49:00.712000,0 days 01:47:16.224000
2024-07-07 14:52:13.492,OnTrack,-2043,812,1962,pos,0 days 00:49:00.951000,0 days 01:47:16.463000
2024-07-07 14:52:13.873,OnTrack,-1908,1001,1963,pos,0 days 00:49:01.332000,0 days 01:47:16.844000
2024-07-07 14:52:14.051,OnTrack,-1835,1102,1963,pos,0 days 00:49:01.510000,0 days 01:47:17.022000
2024-07-07 14:52:14.152,OnTrack,-1800,1150,1963,pos,0 days 00:49:01.611000,0 days 01:47:17.123000
2024-07-07 14:52:14.452,OnTrack,-1676,1316,1964,pos,0 days 00:49:01.911000,0 days 01:47:17.423000
2024-07-07 14:52:14.692,OnTrack,-1574,1445,1965,pos,0 days 00:49:02.151000,0 days 01:47:17.663000
2024-07-07 14:52:14.892,OnTrack,-1487,1554,1966,pos,0 days 00:49:02.351000,0 days 01:47:17.863000
2024-07-07 14:52:15.091,OnTrack,-1399,1665,1967,pos,0 days 00:49:02.550000,0 days 01:47:18.062000
2024-07-07 14:52:15.272,OnTrack,-1322,1768,1968,pos,0 days 00:49:02.731000,0 days 01:47:18.243000
2024-07-07 14:52:15.452,OnTrack,-1245,1873,1969,pos,0 days 00:49:02.911000,0 days 01:47:18.423000
2024-07-07 14:52:15.651,OnTrack,-1160,1991,1971,pos,0 days 00:49:03.110000,0 days 01:47:18.622000
2024-07-07 14:52:15.911,OnTrack,-1020,2182,1973,pos,0 days 00:49:03.370000,0 days 01:47:18.882000
2024-07-07 14:52:16.272,OnTrack,-835,2437,1977,pos,0 days 00:49:03.731000,0 days 01:47:19.243000
2024-07-07 14:52:16.692,OnTrack,-638,2710,1982,pos,0 days 00:49:04.151000,0 days 01:47:19.663000
2024-07-07 14:52:17.051,OnTrack,-546,2844,1984,pos,0 days 00:49:04.510000,0 days 01:47:20.022000
2024-07-07 14:52:17.352,OnTrack,-410,3045,1987,pos,0 days 00:49:04.811000,0 days 01:47:20.323000
2024-07-07 14:52:17.512,OnTrack,-340,3150,1989,pos,0 days 00:49:04.971000,0 days 01:47:20.483000
2024-07-07 14:52:17.672,OnTrack,-271,3255,1991,pos,0 days 00:49:05.131000,0 days 01:47:20.643000
2024-07-07 14:52:17.872,OnTrack,-187,3380,1994,pos,0 days 00:49:05.331000,0 days 01:47:20.843000
2024-07-07 14:52:18.112,OnTrack,-72,3543,1996,pos,0 days 00:49:05.571000,0 days 01:47:21.083000
2024-07-07 14:52:18.252,OnTrack,-11,3627,1997,pos,0 days 00:49:05.711000,0 days 01:47:21.223000
2024-07-07 14:52:18.453,OnTrack,89,3760,2000,pos,0 days 00:49:05.912000,0 days 01:47:21.424000
2024-07-07 14:52:18.752,OnTrack,295,4007,2006,pos,0 days 00:49:06.211000,0 days 01:47:21.723000
2024-07-07 14:52:19.192,OnTrack,416,4131,2010,pos,0 days 00:49:06.651000,0 days 01:47:22.163000
2024-07-07 14:52:19.293,OnTrack,466,4177,2011,pos,0 days 00:49:06.752000,0 days 01:47:22.264000
2024-07-07 14:52:19.513,OnTrack,578,4269,2011,pos,0 days 00:49:06.972000,0 days 01:47:22.484000
2024-07-07 14:52:19.793,OnTrack,732,4366,2013,pos,0 days 00:49:07.252000,0 days 01:47:22.764000
2024-07-07 14:52:20.012,OnTrack,864,4425,2014,pos,0 days 00:49:07.471000,0 days 01:47:22.983000
2024-07-07 14:52:20.192,OnTrack,1028,4475,2015,pos,0 days 00:49:07.651000,0 days 01:47:23.163000
2024-07-07 14:52:20.592,OnTrack,1239,4510,2016,pos,0 days 00:49:08.051000,0 days 01:47:23.563000
2024-07-07 14:52:20.771,OnTrack,1458,4520,2018,pos,0 days 00:49:08.230000,0 days 01:47:23.742000
2024-07-07 14:52:21.131,OnTrack,1610,4516,2021,pos,0 days 00:49:08.590000,0 days 01:47:24.102000
2024-07-07 14:52:21.311,OnTrack,1735,4508,2023,pos,0 days 00:49:08.770000,0 days 01:47:24.282000
2024-07-07 14:52:21.611,OnTrack,1946,4482,2025,pos,0 days 00:49:09.070000,0 days 01:47:24.582000
2024-07-07 14:52:21.792,OnTrack,2073,4464,2026,pos,0 days 00:49:09.251000,0 days 01:47:24.763000
2024-07-07 14:52:21.992,OnTrack,2216,4449,2027,pos,0 days 00:49:09.451000,0 days 01:47:24.963000
2024-07-07 14:52:22.211,OnTrack,2375,4440,2029,pos,0 days 00:49:09.670000,0 days 01:47:25.182000
2024-07-07 14:52:22.471,OnTrack,2565,4441,2031,pos,0 days 00:49:09.930000,0 days 01:47:25.442000
2024-07-07 14:52:22.652,OnTrack,2695,4451,2033,pos,0 days 00:49:10.111000,0 days 01:47:25.623000
2024-07-07 14:52:22.872,OnTrack,2970,4510,2037,pos,0 days 00:49:10.331000,0 days 01:47:25.843000
2024-07-07 14:52:23.192,OnTrack,3110,4559,2040,pos,0 days 00:49:10.651000,0 days 01:47:26.163000
2024-07-07 14:52:23.472,OnTrack,3335,4673,2044,pos,0 days 00:49:10.931000,0 days 01:47:26.443000
2024-07-07 14:52:23.772,OnTrack,3484,4774,2046,pos,0 days 00:49:11.231000,0 days 01:47:26.743000
2024-07-07 14:52:24.072,OnTrack,3701,4957,2049,pos,0 days 00:49:11.531000,0 days 01:47:27.043000
2024-07-07 14:52:24.372,OnTrack,3818,5073,2049,pos,0 days 00:49:11.831000,0 days 01:47:27.343000
2024-07-07 14:52:24.612,OnTrack,3944,5200,2050,pos,0 days 00:49:12.071000,0 days 01:47:27.583000
2024-07-07 14:52:24.812,OnTrack,4045,5299,2051,pos,0 days 00:49:12.271000,0 days 01:47:27.783000
2024-07-07 14:52:24.973,OnTrack,4122,5373,2051,pos,0 days 00:49:12.432000,0 days 01:47:27.944000
2024-07-07 14:52:25.352,OnTrack,4287,5524,2053,pos,0 days 00:49:12.811000,0 days 01:47:28.323000
2024-07-07 14:52:25.552,OnTrack,4389,5612,2054,pos,0 days 00:49:13.011000,0 days 01:47:28.523000
2024-07-07 14:52:25.932,OnTrack,4501,5706,2054,pos,0 days 00:49:13.391000,0 days 01:47:28.903000
2024-07-07 14:52:26.152,OnTrack,4571,5763,2055,pos,0 days 00:49:13.611000,0 days 01:47:29.123000
2024-07-07 14:52:26.333,OnTrack,4630,5806,2055,pos,0 days 00:49:13.792000,0 days 01:47:29.304000
2024-07-07 14:52:26.532,OnTrack,4690,5844,2055,pos,0 days 00:49:13.991000,0 days 01:47:29.503000
2024-07-07 14:52:26.712,OnTrack,4743,5869,2055,pos,0 days 00:49:14.171000,0 days 01:47:29.683000
2024-07-07 14:52:26.972,OnTrack,4821,5892,2054,pos,0 days 00:49:14.431000,0 days 01:47:29.943000
2024-07-07 14:52:27.212,OnTrack,4893,5900,2053,pos,0 days 00:49:14.671000,0 days 01:47:30.183000
2024-07-07 14:52:27.452,OnTrack,4981,5895,2053,pos,0 days 00:49:14.911000,0 days 01:47:30.423000
2024-07-07 14:52:27.772,OnTrack,5046,5882,2053,pos,0 days 00:49:15.231000,0 days 01:47:30.743000
2024-07-07 14:52:27.931,OnTrack,5084,5869,2054,pos,0 days 00:49:15.390000,0 days 01:47:30.902000
2024-07-07 14:52:28.191,OnTrack,5139,5841,2055,pos,0 days 00:49:15.650000,0 days 01:47:31.162000
2024-07-07 14:52:28.372,OnTrack,5175,5818,2055,pos,0 days 00:49:15.831000,0 days 01:47:31.343000
2024-07-07 14:52:28.652,OnTrack,5238,5763,2057,pos,0 days 00:49:16.111000,0 days 01:47:31.623000
2024-07-07 14:52:28.932,OnTrack,5268,5728,2058,pos,0 days 00:49:16.391000,0 days 01:47:31.903000
2024-07-07 14:52:29.152,OnTrack,5297,5685,2059,pos,0 days 00:49:16.611000,0 days 01:47:32.123000
2024-07-07 14:52:29.312,OnTrack,5315,5651,2059,pos,0 days 00:49:16.771000,0 days 01:47:32.283000
2024-07-07 14:52:29.632,OnTrack,5353,5544,2059,pos,0 days 00:49:17.091000,0 days 01:47:32.603000
2024-07-07 14:52:30.072,OnTrack,5373,5457,2060,pos,0 days 00:49:17.531000,0 days 01:47:33.043000
2024-07-07 14:52:30.272,OnTrack,5381,5399,2061,pos,0 days 00:49:17.731000,0 days 01:47:33.243000
2024-07-07 14:52:30.452,OnTrack,5386,5344,2061,pos,0 days 00:49:17.911000,0 days 01:47:33.423000
2024-07-07 14:52:30.672,OnTrack,5395,5244,2063,pos,0 days 00:49:18.131000,0 days 01:47:33.643000
2024-07-07 14:52:31.152,OnTrack,5412,5130,2065,pos,0 days 00:49:18.611000,0 days 01:47:34.123000
2024-07-07 14:52:31.352,OnTrack,5427,5069,2066,pos,0 days 00:49:18.811000,0 days 01:47:34.323000
2024-07-07 14:52:31.452,OnTrack,5437,5041,2066,pos,0 days 00:49:18.911000,0 days 01:47:34.423000
2024-07-07 14:52:31.672,OnTrack,5461,4983,2066,pos,0 days 00:49:19.131000,0 days 01:47:34.643000
2024-07-07 14:52:31.892,OnTrack,5491,4931,2066,pos,0 days 00:49:19.351000,0 days 01:47:34.863000
2024-07-07 14:52:32.073,OnTrack,5518,4893,2066,pos,0 days 00:49:19.532000,0 days 01:47:35.044000
2024-07-07 14:52:32.192,OnTrack,5538,4870,2066,pos,0 days 00:49:19.651000,0 days 01:47:35.163000
2024-07-07 14:52:32.512,OnTrack,5592,4816,2065,pos,0 days 00:49:19.971000,0 days 01:47:35.483000
2024-07-07 14:52:32.672,OnTrack,5619,4795,2064,pos,0 days 00:49:20.131000,0 days 01:47:35.643000
2024-07-07 14:52:32.932,OnTrack,5668,4762,2064,pos,0 days 00:49:20.391000,0 days 01:47:35.903000
2024-07-07 14:52:33.092,OnTrack,5698,4748,2064,pos,0 days 00:49:20.551000,0 days 01:47:36.063000
2024-07-07 14:52:33.312,OnTrack,5740,4734,2064,pos,0 days 00:49:20.771000,0 days 01:47:36.283000
2024-07-07 14:52:33.592,OnTrack,5806,4734,2064,pos,0 days 00:49:21.051000,0 days 01:47:36.563000
2024-07-07 14:52:33.931,OnTrack,5860,4753,2064,pos,0 days 00:49:21.390000,0 days 01:47:36.902000
2024-07-07 14:52:34.171,OnTrack,5928,4801,2064,pos,0 days 00:49:21.630000,0 days 01:47:37.142000
2024-07-07 14:52:34.471,OnTrack,5955,4825,2064,pos,0 days 00:49:21.930000,0 days 01:47:37.442000
2024-07-07 14:52:34.812,OnTrack,6017,4895,2064,pos,0 days 00:49:22.271000,0 days 01:47:37.783000
2024-07-07 14:52:35.052,OnTrack,6043,4928,2065,pos,0 days 00:49:22.511000,0 days 01:47:38.023000
2024-07-07 14:52:35.372,OnTrack,6091,5000,2065,pos,0 days 00:49:22.831000,0 days 01:47:38.343000
2024-07-07 14:52:35.572,OnTrack,6118,5049,2065,pos,0 days 00:49:23.031000,0 days 01:47:38.543000
2024-07-07 14:52:35.732,OnTrack,6140,5091,2065,pos,0 days 00:49:23.191000,0 days 01:47:38.703000
2024-07-07 14:52:35.892,OnTrack,6160,5136,2065,pos,0 days 00:49:23.351000,0 days 01:47:38.863000
2024-07-07 14:52:36.212,OnTrack,6199,5234,2065,pos,0 days 00:49:23.671000,0 days 01:47:39.183000
2024-07-07 14:52:36.371,OnTrack,6217,5285,2065,pos,0 days 00:49:23.830000,0 days 01:47:39.342000
2024-07-07 14:52:36.612,OnTrack,6255,5413,2065,pos,0 days 00:49:24.071000,0 days 01:47:39.583000
2024-07-07 14:52:37.012,OnTrack,6285,5535,2065,pos,0 days 00:49:24.471000,0 days 01:47:39.983000
2024-07-07 14:52:37.312,OnTrack,6313,5679,2065,pos,0 days 00:49:24.771000,0 days 01:47:40.283000
2024-07-07 14:52:37.532,OnTrack,6330,5832,2064,pos,0 days 00:49:24.991000,0 days 01:47:40.503000
2024-07-07 14:52:37.772,OnTrack,6332,5954,2064,pos,0 days 00:49:25.231000,0 days 01:47:40.743000
2024-07-07 14:52:37.932,OnTrack,6327,6039,2064,pos,0 days 00:49:25.391000,0 days 01:47:40.903000
2024-07-07 14:52:38.152,OnTrack,6314,6159,2063,pos,0 days 00:49:25.611000,0 days 01:47:41.123000
2024-07-07 14:52:38.412,OnTrack,6285,6302,2063,pos,0 days 00:49:25.871000,0 days 01:47:41.383000
2024-07-07 14:52:38.652,OnTrack,6245,6436,2062,pos,0 days 00:49:26.111000,0 days 01:47:41.623000
2024-07-07 14:52:38.873,OnTrack,6195,6558,2062,pos,0 days 00:49:26.332000,0 days 01:47:41.844000
2024-07-07 14:52:39.113,OnTrack,6101,6731,2063,pos,0 days 00:49:26.572000,0 days 01:47:42.084000
2024-07-07 14:52:39.512,OnTrack,5985,6897,2064,pos,0 days 00:49:26.971000,0 days 01:47:42.483000
2024-07-07 14:52:39.733,OnTrack,5892,7006,2064,pos,0 days 00:49:27.192000,0 days 01:47:42.704000
2024-07-07 14:52:39.892,OnTrack,5819,7080,2064,pos,0 days 00:49:27.351000,0 days 01:47:42.863000
2024-07-07 14:52:40.052,OnTrack,5739,7152,2064,pos,0 days 00:49:27.511000,0 days 01:47:43.023000
2024-07-07 14:52:40.312,OnTrack,5561,7299,2064,pos,0 days 00:49:27.771000,0 days 01:47:43.283000
2024-07-07 14:52:40.611,OnTrack,5440,7391,2064,pos,0 days 00:49:28.070000,0 days 01:47:43.582000
2024-07-07 14:52:40.911,OnTrack,5274,7519,2064,pos,0 days 00:49:28.370000,0 days 01:47:43.882000
2024-07-07 14:52:41.171,OnTrack,5064,7690,2064,pos,0 days 00:49:28.630000,0 days 01:47:44.142000
2024-07-07 14:52:41.612,OnTrack,4887,7839,2064,pos,0 days 00:49:29.071000,0 days 01:47:44.583000
2024-07-07 14:52:41.652,OnTrack,4865,7858,2064,pos,0 days 00:49:29.111000,0 days 01:47:44.623000
2024-07-07 14:52:41.872,OnTrack,4742,7963,2064,pos,0 days 00:49:29.331000,0 days 01:47:44.843000
2024-07-07 14:52:42.232,OnTrack,4539,8137,2065,pos,0 days 00:49:29.691000,0 days 01:47:45.203000
2024-07-07 14:52:42.452,OnTrack,4414,8244,2064,pos,0 days 00:49:29.911000,0 days 01:47:45.423000
2024-07-07 14:52:42.591,OnTrack,4253,8382,2064,pos,0 days 00:49:30.050000,0 days 01:47:45.562000
2024-07-07 14:52:42.891,OnTrack,4166,8457,2064,pos,0 days 00:49:30.350000,0 days 01:47:45.862000
2024-07-07 14:52:43.112,OnTrack,4032,8572,2064,pos,0 days 00:49:30.571000,0 days 01:47:46.083000
2024-07-07 14:52:43.412,OnTrack,3856,8724,2063,pos,0 days 00:49:30.871000,0 days 01:47:46.383000
2024-07-07 14:52:43.512,OnTrack,3797,8775,2063,pos,0 days 00:49:30.971000,0 days 01:47:46.483000
2024-07-07 14:52:43.772,OnTrack,3644,8910,2063,pos,0 days 00:49:31.231000,0 days 01:47:46.743000
2024-07-07 14:52:44.112,OnTrack,3372,9148,2063,pos,0 days 00:49:31.571000,0 days 01:47:47.083000
2024-07-07 14:52:44.472,OnTrack,3230,9274,2064,pos,0 days 00:49:31.931000,0 days 01:47:47.443000
2024-07-07 14:52:44.652,OnTrack,3122,9368,2063,pos,0 days 00:49:32.111000,0 days 01:47:47.623000
2024-07-07 14:52:44.833,OnTrack,3015,9461,2062,pos,0 days 00:49:32.292000,0 days 01:47:47.804000
2024-07-07 14:52:44.992,OnTrack,2920,9545,2062,pos,0 days 00:49:32.451000,0 days 01:47:47.963000
2024-07-07 14:52:45.332,OnTrack,2675,9757,2060,pos,0 days 00:49:32.791000,0 days 01:47:48.303000
2024-07-07 14:52:45.752,OnTrack,2418,9982,2056,pos,0 days 00:49:33.211000,0 days 01:47:48.723000
2024-07-07 14:52:46.072,OnTrack,2295,10091,2054,pos,0 days 00:49:33.531000,0 days 01:47:49.043000
2024-07-07 14:52:46.292,OnTrack,2165,10207,2052,pos,0 days 00:49:33.751000,0 days 01:47:49.263000
2024-07-07 14:52:46.513,OnTrack,2044,10316,2050,pos,0 days 00:49:33.972000,0 days 01:47:49.484000
2024-07-07 14:52:46.793,OnTrack,1886,10458,2048,pos,0 days 00:49:34.252000,0 days 01:47:49.764000
2024-07-07 14:52:46.971,OnTrack,1701,10613,2045,pos,0 days 00:49:34.430000,0 days 01:47:49.942000
2024-07-07 14:52:47.251,OnTrack,1628,10671,2044,pos,0 days 00:49:34.710000,0 days 01:47:50.222000
2024-07-07 14:52:47.511,OnTrack,1494,10764,2042,pos,0 days 00:49:34.970000,0 days 01:47:50.482000
2024-07-07 14:52:47.832,OnTrack,1274,10877,2038,pos,0 days 00:49:35.291000,0 days 01:47:50.803000
2024-07-07 14:52:48.212,OnTrack,1095,10933,2036,pos,0 days 00:49:35.671000,0 days 01:47:51.183000
2024-07-07 14:52:48.532,OnTrack,1015,10945,2035,pos,0 days 00:49:35.991000,0 days 01:47:51.503000
2024-07-07 14:52:48.792,OnTrack,897,10949,2035,pos,0 days 00:49:36.251000,0 days 01:47:51.763000
2024-07-07 14:52:49.072,OnTrack,724,10939,2033,pos,0 days 00:49:36.531000,0 days 01:47:52.043000
2024-07-07 14:52:49.472,OnTrack,598,10901,2032,pos,0 days 00:49:36.931000,0 days 01:47:52.443000
2024-07-07 14:52:49.872,OnTrack,481,10841,2032,pos,0 days 00:49:37.331000,0 days 01:47:52.843000
2024-07-07 14:52:50.032,OnTrack,433,10805,2032,pos,0 days 00:49:37.491000,0 days 01:47:53.003000
2024-07-07 14:52:50.251,OnTrack,349,10711,2032,pos,0 days 00:49:37.710000,0 days 01:47:53.222000
2024-07-07 14:52:50.572,OnTrack,308,10646,2032,pos,0 days 00:49:38.031000,0 days 01:47:53.543000
2024-07-07 14:52:50.772,OnTrack,273,10579,2033,pos,0 days 00:49:38.231000,0 days 01:47:53.743000
2024-07-07 14:52:51.032,OnTrack,234,10491,2033,pos,0 days 00:49:38.491000,0 days 01:47:54.003000
2024-07-07 14:52:51.272,OnTrack,211,10406,2033,pos,0 days 00:49:38.731000,0 days 01:47:54.243000
2024-07-07 14:52:51.492,OnTrack,199,10321,2033,pos,0 days 00:49:38.951000,0 days 01:47:54.463000
2024-07-07 14:52:51.772,OnTrack,191,10210,2034,pos,0 days 00:49:39.231000,0 days 01:47:54.743000
2024-07-07 14:52:51.933,OnTrack,188,10145,2034,pos,0 days 00:49:39.392000,0 days 01:47:54.904000
2024-07-07 14:52:52.092,OnTrack,184,10079,2034,pos,0 days 00:49:39.551000,0 days 01:47:55.063000
2024-07-07 14:52:52.412,OnTrack,172,9930,2035,pos,0 days 00:49:39.871000,0 days 01:47:55.383000
2024-07-07 14:52:52.692,OnTrack,154,9839,2036,pos,0 days 00:49:40.151000,0 days 01:47:55.663000
2024-07-07 14:52:52.892,OnTrack,131,9775,2037,pos,0 days 00:49:40.351000,0 days 01:47:55.863000
2024-07-07 14:52:53.152,OnTrack,88,9692,2038,pos,0 days 00:49:40.611000,0 days 01:47:56.123000
2024-07-07 14:52:53.333,OnTrack,52,9641,2039,pos,0 days 00:49:40.792000,0 days 01:47:56.304000
2024-07-07 14:52:53.572,OnTrack,-3,9581,2039,pos,0 days 00:49:41.031000,0 days 01:47:56.543000
2024-07-07 14:52:53.791,OnTrack,-59,9536,2040,pos,0 days 00:49:41.250000,0 days 01:47:56.762000
2024-07-07 14:52:53.991,OnTrack,-147,9483,2040,pos,0 days 00:49:41.450000,0 days 01:47:56.962000
2024-07-07 14:52:54.352,OnTrack,-211,9459,2041,pos,0 days 00:49:41.811000,0 days 01:47:57.323000
2024-07-07 14:52:54.611,OnTrack,-286,9443,2041,pos,0 days 00:49:42.070000,0 days 01:47:57.582000
2024-07-07 14:52:54.732,OnTrack,-320,9442,2041,pos,0 days 00:49:42.191000,0 days 01:47:57.703000
2024-07-07 14:52:54.992,OnTrack,-390,9447,2041,pos,0 days 00:49:42.451000,0 days 01:47:57.963000
2024-07-07 14:52:55.151,OnTrack,-430,9459,2040,pos,0 days 00:49:42.610000,0 days 01:47:58.122000
2024-07-07 14:52:55.411,OnTrack,-492,9487,2039,pos,0 days 00:49:42.870000,0 days 01:47:58.382000
2024-07-07 14:52:55.651,OnTrack,-543,9520,2038,pos,0 days 00:49:43.110000,0 days 01:47:58.622000
2024-07-07 14:52:55.852,OnTrack,-581,9553,2038,pos,0 days 00:49:43.311000,0 days 01:47:58.823000
2024-07-07 14:52:56.112,OnTrack,-646,9626,2036,pos,0 days 00:49:43.571000,0 days 01:47:59.083000
2024-07-07 14:52:56.472,OnTrack,-680,9680,2035,pos,0 days 00:49:43.931000,0 days 01:47:59.443000
2024-07-07 14:52:56.632,OnTrack,-700,9718,2035,pos,0 days 00:49:44.091000,0 days 01:47:59.603000
2024-07-07 14:52:56.972,OnTrack,-749,9847,2033,pos,0 days 00:49:44.431000,0 days 01:47:59.943000
2024-07-07 14:52:57.292,OnTrack,-761,9900,2032,pos,0 days 00:49:44.751000,0 days 01:48:00.263000
2024-07-07 14:52:57.452,OnTrack,-769,9950,2032,pos,0 days 00:49:44.911000,0 days 01:48:00.423000
2024-07-07 14:52:57.633,OnTrack,-774,10008,2032,pos,0 days 00:49:45.092000,0 days 01:48:00.604000
2024-07-07 14:52:57.893,OnTrack,-775,10097,2031,pos,0 days 00:49:45.352000,0 days 01:48:00.864000
2024-07-07 14:52:58.193,OnTrack,-766,10209,2031,pos,0 days 00:49:45.652000,0 days 01:48:01.164000
2024-07-07 14:52:58.433,OnTrack,-742,10345,2030,pos,0 days 00:49:45.892000,0 days 01:48:01.404000
2024-07-07 14:52:58.713,OnTrack,-723,10420,2029,pos,0 days 00:49:46.172000,0 days 01:48:01.684000
2024-07-07 14:52:59.033,OnTrack,-683,10546,2028,pos,0 days 00:49:46.492000,0 days 01:48:02.004000
2024-07-07 14:52:59.212,OnTrack,-629,10684,2025,pos,0 days 00:49:46.671000,0 days 01:48:02.183000
2024-07-07 14:52:59.492,OnTrack,-596,10759,2024,pos,0 days 00:49:46.951000,0 days 01:48:02.463000
2024-07-07 14:52:59.692,OnTrack,-550,10857,2023,pos,0 days 00:49:47.151000,0 days 01:48:02.663000
2024-07-07 14:52:59.952,OnTrack,-445,11058,2022,pos,0 days 00:49:47.411000,0 days 01:48:02.923000
2024-07-07 14:53:00.452,OnTrack,-296,11316,2021,pos,0 days 00:49:47.911000,0 days 01:48:03.423000
2024-07-07 14:53:00.712,OnTrack,-255,11379,2021,pos,0 days 00:49:48.171000,0 days 01:48:03.683000
2024-07-07 14:53:01.071,OnTrack,-87,11606,2021,pos,0 days 00:49:48.530000,0 days 01:48:04.042000
2024-07-07 14:53:01.452,OnTrack,42,11757,2021,pos,0 days 00:49:48.911000,0 days 01:48:04.423000
2024-07-07 14:53:01.691,OnTrack,155,11874,2023,pos,0 days 00:49:49.150000,0 days 01:48:04.662000
2024-07-07 14:53:01.872,OnTrack,244,11960,2024,pos,0 days 00:49:49.331000,0 days 01:48:04.843000
2024-07-07 14:53:01.951,OnTrack,284,11997,2024,pos,0 days 00:49:49.410000,0 days 01:48:04.922000
2024-07-07 14:53:02.312,OnTrack,555,12221,2024,pos,0 days 00:49:49.771000,0 days 01:48:05.283000
2024-07-07 14:53:02.572,OnTrack,625,12270,2024,pos,0 days 00:49:50.031000,0 days 01:48:05.543000
2024-07-07 14:53:02.892,OnTrack,820,12391,2024,pos,0 days 00:49:50.351000,0 days 01:48:05.863000
2024-07-07 14:53:03.072,OnTrack,938,12451,2025,pos,0 days 00:49:50.531000,0 days 01:48:06.043000
2024-07-07 14:53:03.332,OnTrack,1184,12555,2025,pos,0 days 00:49:50.791000,0 days 01:48:06.303000
2024-07-07 14:53:03.692,OnTrack,1368,12618,2025,pos,0 days 00:49:51.151000,0 days 01:48:06.663000
2024-07-07 14:53:03.952,OnTrack,1661,12697,2026,pos,0 days 00:49:51.411000,0 days 01:48:06.923000
2024-07-07 14:53:04.192,OnTrack,1735,12713,2026,pos,0 days 00:49:51.651000,0 days 01:48:07.163000
2024-07-07 14:53:04.412,OnTrack,1902,12745,2027,pos,0 days 00:49:51.871000,0 days 01:48:07.383000
2024-07-07 14:53:04.713,OnTrack,2151,12782,2029,pos,0 days 00:49:52.172000,0 days 01:48:07.684000
2024-07-07 14:53:04.832,OnTrack,2244,12794,2029,pos,0 days 00:49:52.291000,0 days 01:48:07.803000
2024-07-07 14:53:05.172,OnTrack,2510,12823,2031,pos,0 days 00:49:52.631000,0 days 01:48:08.143000
2024-07-07 14:53:05.392,OnTrack,2769,12850,2034,pos,0 days 00:49:52.851000,0 days 01:48:08.363000
2024-07-07 14:53:05.672,OnTrack,2904,12863,2035,pos,0 days 00:49:53.131000,0 days 01:48:08.643000
2024-07-07 14:53:05.892,OnTrack,3078,12880,2037,pos,0 days 00:49:53.351000,0 days 01:48:08.863000
2024-07-07 14:53:06.192,OnTrack,3395,12914,2039,pos,0 days 00:49:53.651000,0 days 01:48:09.163000
2024-07-07 14:53:06.452,OnTrack,3522,12929,2040,pos,0 days 00:49:53.911000,0 days 01:48:09.423000
2024-07-07 14:53:06.672,OnTrack,3697,12948,2036,pos,0 days 00:49:54.131000,0 days 01:48:09.643000
2024-07-07 14:53:07.011,OnTrack,3999,12982,2043,pos,0 days 00:49:54.470000,0 days 01:48:09.982000
2024-07-07 14:53:07.351,OnTrack,4326,13024,2045,pos,0 days 00:49:54.810000,0 days 01:48:10.322000
2024-07-07 14:53:07.732,OnTrack,4541,13053,2046,pos,0 days 00:49:55.191000,0 days 01:48:10.703000
2024-07-07 14:53:07.972,OnTrack,4731,13077,2047,pos,0 days 00:49:55.431000,0 days 01:48:10.943000
2024-07-07 14:53:08.191,OnTrack,5009,13105,2048,pos,0 days 00:49:55.650000,0 days 01:48:11.162000
2024-07-07 14:53:08.592,OnTrack,5199,13115,2049,pos,0 days 00:49:56.051000,0 days 01:48:11.563000
2024-07-07 14:53:08.812,OnTrack,5326,13110,2050,pos,0 days 00:49:56.271000,0 days 01:48:11.783000
2024-07-07 14:53:09.031,OnTrack,5476,13089,2050,pos,0 days 00:49:56.490000,0 days 01:48:12.002000
2024-07-07 14:53:09.232,OnTrack,5609,13057,2051,pos,0 days 00:49:56.691000,0 days 01:48:12.203000
2024-07-07 14:53:09.571,OnTrack,5819,12979,2052,pos,0 days 00:49:57.030000,0 days 01:48:12.542000
2024-07-07 14:53:09.792,OnTrack,6001,12874,2054,pos,0 days 00:49:57.251000,0 days 01:48:12.763000
2024-07-07 14:53:10.172,OnTrack,6179,12734,2055,pos,0 days 00:49:57.631000,0 days 01:48:13.143000
2024-07-07 14:53:10.532,OnTrack,6315,12591,2056,pos,0 days 00:49:57.991000,0 days 01:48:13.503000
2024-07-07 14:53:10.732,OnTrack,6392,12481,2056,pos,0 days 00:49:58.191000,0 days 01:48:13.703000
2024-07-07 14:53:10.932,OnTrack,6460,12360,2057,pos,0 days 00:49:58.391000,0 days 01:48:13.903000
2024-07-07 14:53:11.152,OnTrack,6522,12228,2058,pos,0 days 00:49:58.611000,0 days 01:48:14.123000
2024-07-07 14:53:11.352,OnTrack,6577,12092,2059,pos,0 days 00:49:58.811000,0 days 01:48:14.323000
2024-07-07 14:53:11.533,OnTrack,6618,11973,2060,pos,0 days 00:49:58.992000,0 days 01:48:14.504000
2024-07-07 14:53:11.832,OnTrack,6679,11769,2061,pos,0 days 00:49:59.291000,0 days 01:48:14.803000
2024-07-07 14:53:11.972,OnTrack,6705,11671,2062,pos,0 days 00:49:59.431000,0 days 01:48:14.943000
2024-07-07 14:53:12.252,OnTrack,6754,11475,2063,pos,0 days 00:49:59.711000,0 days 01:48:15.223000
2024-07-07 14:53:12.452,OnTrack,6796,11289,2065,pos,0 days 00:49:59.911000,0 days 01:48:15.423000
2024-07-07 14:53:12.732,OnTrack,6828,11130,2066,pos,0 days 00:50:00.191000,0 days 01:48:15.703000
2024-07-07 14:53:12.953,OnTrack,6857,10965,2067,pos,0 days 00:50:00.412000,0 days 01:48:15.924000
2024-07-07 14:53:13.193,OnTrack,6885,10786,2069,pos,0 days 00:50:00.652000,0 days 01:48:16.164000
2024-07-07 14:53:13.452,OnTrack,6922,10499,2071,pos,0 days 00:50:00.911000,0 days 01:48:16.423000
2024-07-07 14:53:13.792,OnTrack,6939,10330,2072,pos,0 days 00:50:01.251000,0 days 01:48:16.763000
2024-07-07 14:53:13.972,OnTrack,6952,10192,2073,pos,0 days 00:50:01.431000,0 days 01:48:16.943000
2024-07-07 14:53:14.171,OnTrack,6963,10036,2074,pos,0 days 00:50:01.630000,0 days 01:48:17.142000
2024-07-07 14:53:14.492,OnTrack,6976,9785,2075,pos,0 days 00:50:01.951000,0 days 01:48:17.463000
2024-07-07 14:53:14.691,OnTrack,6980,9627,2075,pos,0 days 00:50:02.150000,0 days 01:48:17.662000
2024-07-07 14:53:14.932,OnTrack,6984,9437,2075,pos,0 days 00:50:02.391000,0 days 01:48:17.903000
2024-07-07 14:53:14.971,OnTrack,6984,9405,2075,pos,0 days 00:50:02.430000,0 days 01:48:17.942000
2024-07-07 14:53:15.192,OnTrack,6990,9229,2074,pos,0 days 00:50:02.651000,0 days 01:48:18.163000
2024-07-07 14:53:15.452,OnTrack,6999,9038,2073,pos,0 days 00:50:02.911000,0 days 01:48:18.423000
2024-07-07 14:53:15.632,OnTrack,7010,8900,2072,pos,0 days 00:50:03.091000,0 days 01:48:18.603000
2024-07-07 14:53:15.892,OnTrack,7037,8692,2071,pos,0 days 00:50:03.351000,0 days 01:48:18.863000
2024-07-07 14:53:16.032,OnTrack,7057,8581,2070,pos,0 days 00:50:03.491000,0 days 01:48:19.003000
2024-07-07 14:53:16.371,OnTrack,7136,8232,2068,pos,0 days 00:50:03.830000,0 days 01:48:19.342000
2024-07-07 14:53:16.732,OnTrack,7231,7922,2065,pos,0 days 00:50:04.191000,0 days 01:48:19.703000
2024-07-07 14:53:17.132,OnTrack,7340,7636,2061,pos,0 days 00:50:04.591000,0 days 01:48:20.103000
2024-07-07 14:53:17.592,OnTrack,7468,7301,2059,pos,0 days 00:50:05.051000,0 days 01:48:20.563000
2024-07-07 14:53:17.992,OnTrack,7512,7141,2058,pos,0 days 00:50:05.451000,0 days 01:48:20.963000
2024-07-07 14:53:18.192,OnTrack,7533,7011,2058,pos,0 days 00:50:05.651000,0 days 01:48:21.163000
2024-07-07 14:53:18.472,OnTrack,7531,6777,2058,pos,0 days 00:50:05.931000,0 days 01:48:21.443000
2024-07-07 14:53:18.812,OnTrack,7506,6607,2058,pos,0 days 00:50:06.271000,0 days 01:48:21.783000
2024-07-07 14:53:19.012,OnTrack,7479,6479,2059,pos,0 days 00:50:06.471000,0 days 01:48:21.983000
2024-07-07 14:53:19.193,OnTrack,7452,6364,2060,pos,0 days 00:50:06.652000,0 days 01:48:22.164000
2024-07-07 14:53:19.433,OnTrack,7397,6147,2061,pos,0 days 00:50:06.892000,0 days 01:48:22.404000
2024-07-07 14:53:19.792,OnTrack,7359,5980,2062,pos,0 days 00:50:07.251000,0 days 01:48:22.763000
2024-07-07 14:53:20.052,OnTrack,7332,5817,2063,pos,0 days 00:50:07.511000,0 days 01:48:23.023000
2024-07-07 14:53:20.312,OnTrack,7318,5660,2063,pos,0 days 00:50:07.771000,0 days 01:48:23.283000
2024-07-07 14:53:20.471,OnTrack,7318,5568,2062,pos,0 days 00:50:07.930000,0 days 01:48:23.442000
2024-07-07 14:53:20.711,OnTrack,7349,5356,2062,pos,0 days 00:50:08.170000,0 days 01:48:23.682000
2024-07-07 14:53:21.112,OnTrack,7396,5216,2060,pos,0 days 00:50:08.571000,0 days 01:48:24.083000
2024-07-07 14:53:21.271,OnTrack,7434,5134,2059,pos,0 days 00:50:08.730000,0 days 01:48:24.242000
2024-07-07 14:53:21.472,OnTrack,7487,5034,2058,pos,0 days 00:50:08.931000,0 days 01:48:24.443000
2024-07-07 14:53:21.652,OnTrack,7580,4878,2056,pos,0 days 00:50:09.111000,0 days 01:48:24.623000
2024-07-07 14:53:22.132,OnTrack,7670,4722,2053,pos,0 days 00:50:09.591000,0 days 01:48:25.103000
2024-07-07 14:53:22.312,OnTrack,7736,4577,2051,pos,0 days 00:50:09.771000,0 days 01:48:25.283000
2024-07-07 14:53:22.772,OnTrack,7783,4383,2049,pos,0 days 00:50:10.231000,0 days 01:48:25.743000
2024-07-07 14:53:23.092,OnTrack,7789,4297,2047,pos,0 days 00:50:10.551000,0 days 01:48:26.063000
2024-07-07 14:53:23.272,OnTrack,7784,4221,2046,pos,0 days 00:50:10.731000,0 days 01:48:26.243000
2024-07-07 14:53:23.452,OnTrack,7773,4146,2045,pos,0 days 00:50:10.911000,0 days 01:48:26.423000
2024-07-07 14:53:23.812,OnTrack,7735,4004,2042,pos,0 days 00:50:11.271000,0 days 01:48:26.783000
2024-07-07 14:53:23.972,OnTrack,7713,3945,2041,pos,0 days 00:50:11.431000,0 days 01:48:26.943000
2024-07-07 14:53:24.232,OnTrack,7670,3851,2040,pos,0 days 00:50:11.691000,0 days 01:48:27.203000
2024-07-07 14:53:24.412,OnTrack,7635,3788,2040,pos,0 days 00:50:11.871000,0 days 01:48:27.383000
2024-07-07 14:53:24.593,OnTrack,7595,3726,2039,pos,0 days 00:50:12.052000,0 days 01:48:27.564000
2024-07-07 14:53:24.792,OnTrack,7545,3658,2038,pos,0 days 00:50:12.251000,0 days 01:48:27.763000
2024-07-07 14:53:24.992,OnTrack,7487,3594,2037,pos,0 days 00:50:12.451000,0 days 01:48:27.963000
2024-07-07 14:53:25.133,OnTrack,7441,3551,2036,pos,0 days 00:50:12.592000,0 days 01:48:28.104000
2024-07-07 14:53:25.433,OnTrack,7301,3450,2034,pos,0 days 00:50:12.892000,0 days 01:48:28.404000
2024-07-07 14:53:25.752,OnTrack,7190,3386,2033,pos,0 days 00:50:13.211000,0 days 01:48:28.723000
2024-07-07 14:53:26.013,OnTrack,7061,3319,2031,pos,0 days 00:50:13.472000,0 days 01:48:28.984000
2024-07-07 14:53:26.293,OnTrack,6927,3242,2030,pos,0 days 00:50:13.752000,0 days 01:48:29.264000
2024-07-07 14:53:26.492,OnTrack,6808,3151,2028,pos,0 days 00:50:13.951000,0 days 01:48:29.463000
2024-07-07 14:53:26.772,OnTrack,6711,3060,2028,pos,0 days 00:50:14.231000,0 days 01:48:29.743000
2024-07-07 14:53:27.012,OnTrack,6608,2953,2028,pos,0 days 00:50:14.471000,0 days 01:48:29.983000
2024-07-07 14:53:27.211,OnTrack,6524,2859,2028,pos,0 days 00:50:14.670000,0 days 01:48:30.182000
2024-07-07 14:53:27.432,OnTrack,6435,2751,2028,pos,0 days 00:50:14.891000,0 days 01:48:30.403000
2024-07-07 14:53:27.612,OnTrack,6366,2657,2027,pos,0 days 00:50:15.071000,0 days 01:48:30.583000
2024-07-07 14:53:27.852,OnTrack,6282,2529,2026,pos,0 days 00:50:15.311000,0 days 01:48:30.823000
2024-07-07 14:53:28.112,OnTrack,6190,2372,2026,pos,0 days 00:50:15.571000,0 days 01:48:31.083000
2024-07-07 14:53:28.351,OnTrack,6067,2139,2025,pos,0 days 00:50:15.810000,0 days 01:48:31.322000
2024-07-07 14:53:28.812,OnTrack,5936,1873,2024,pos,0 days 00:50:16.271000,0 days 01:48:31.783000
2024-07-07 14:53:29.171,OnTrack,5854,1704,2024,pos,0 days 00:50:16.630000,0 days 01:48:32.142000
2024-07-07 14:53:29.431,OnTrack,5758,1507,2023,pos,0 days 00:50:16.890000,0 days 01:48:32.402000
2024-07-07 14:53:29.672,OnTrack,5694,1374,2022,pos,0 days 00:50:17.131000,0 days 01:48:32.643000
2024-07-07 14:53:29.892,OnTrack,5624,1226,2021,pos,0 days 00:50:17.351000,0 days 01:48:32.863000
2024-07-07 14:53:30.112,OnTrack,5553,1077,2020,pos,0 days 00:50:17.571000,0 days 01:48:33.083000
2024-07-07 14:53:30.372,OnTrack,5473,910,2019,pos,0 days 00:50:17.831000,0 days 01:48:33.343000
2024-07-07 14:53:30.672,OnTrack,5335,620,2017,pos,0 days 00:50:18.131000,0 days 01:48:33.643000
2024-07-07 14:53:31.072,OnTrack,5240,425,2016,pos,0 days 00:50:18.531000,0 days 01:48:34.043000
2024-07-07 14:53:31.272,OnTrack,5172,285,2014,pos,0 days 00:50:18.731000,0 days 01:48:34.243000
2024-07-07 14:53:31.432,OnTrack,5117,172,2013,pos,0 days 00:50:18.891000,0 days 01:48:34.403000
2024-07-07 14:53:31.612,OnTrack,5055,44,2012,pos,0 days 00:50:19.071000,0 days 01:48:34.583000
2024-07-07 14:53:31.812,OnTrack,4987,-98,2011,pos,0 days 00:50:19.271000,0 days 01:48:34.783000
2024-07-07 14:53:31.992,OnTrack,4925,-226,2010,pos,0 days 00:50:19.451000,0 days 01:48:34.963000
2024-07-07 14:53:32.233,OnTrack,4842,-399,2009,pos,0 days 00:50:19.692000,0 days 01:48:35.204000
2024-07-07 14:53:32.392,OnTrack,4787,-514,2009,pos,0 days 00:50:19.851000,0 days 01:48:35.363000
2024-07-07 14:53:32.672,OnTrack,4689,-717,2008,pos,0 days 00:50:20.131000,0 days 01:48:35.643000
2024-07-07 14:53:32.892,OnTrack,4615,-869,2007,pos,0 days 00:50:20.351000,0 days 01:48:35.863000
2024-07-07 14:53:33.052,OnTrack,4556,-992,2006,pos,0 days 00:50:20.511000,0 days 01:48:36.023000
2024-07-07 14:53:33.272,OnTrack,4478,-1152,2005,pos,0 days 00:50:20.731000,0 days 01:48:36.243000
2024-07-07 14:53:33.531,OnTrack,4386,-1340,2002,pos,0 days 00:50:20.990000,0 days 01:48:36.502000
2024-07-07 14:53:33.751,OnTrack,4286,-1542,2000,pos,0 days 00:50:21.210000,0 days 01:48:36.722000
2024-07-07 14:53:34.112,OnTrack,4179,-1758,1997,pos,0 days 00:50:21.571000,0 days 01:48:37.083000
2024-07-07 14:53:34.372,OnTrack,4085,-1945,1995,pos,0 days 00:50:21.831000,0 days 01:48:37.343000
2024-07-07 14:53:34.611,OnTrack,3947,-2216,1994,pos,0 days 00:50:22.070000,0 days 01:48:37.582000
2024-07-07 14:53:34.972,OnTrack,3874,-2358,1994,pos,0 days 00:50:22.431000,0 days 01:48:37.943000
2024-07-07 14:53:35.252,OnTrack,3766,-2564,1995,pos,0 days 00:50:22.711000,0 days 01:48:38.223000
2024-07-07 14:53:35.332,OnTrack,3735,-2622,1995,pos,0 days 00:50:22.791000,0 days 01:48:38.303000
2024-07-07 14:53:35.592,OnTrack,3638,-2804,1997,pos,0 days 00:50:23.051000,0 days 01:48:38.563000
2024-07-07 14:53:35.752,OnTrack,3577,-2916,1999,pos,0 days 00:50:23.211000,0 days 01:48:38.723000
2024-07-07 14:53:35.932,OnTrack,3507,-3040,2001,pos,0 days 00:50:23.391000,0 days 01:48:38.903000
2024-07-07 14:53:36.212,OnTrack,3397,-3228,2005,pos,0 days 00:50:23.671000,0 days 01:48:39.183000
2024-07-07 14:53:36.312,OnTrack,3358,-3293,2007,pos,0 days 00:50:23.771000,0 days 01:48:39.283000
2024-07-07 14:53:36.652,OnTrack,3226,-3493,2011,pos,0 days 00:50:24.111000,0 days 01:48:39.623000
2024-07-07 14:53:36.932,OnTrack,3075,-3684,2016,pos,0 days 00:50:24.391000,0 days 01:48:39.903000
2024-07-07 14:53:37.252,OnTrack,2987,-3780,2018,pos,0 days 00:50:24.711000,0 days 01:48:40.223000
2024-07-07 14:53:37.432,OnTrack,2913,-3849,2020,pos,0 days 00:50:24.891000,0 days 01:48:40.403000
2024-07-07 14:53:37.732,OnTrack,2781,-3946,2023,pos,0 days 00:50:25.191000,0 days 01:48:40.703000
2024-07-07 14:53:37.952,OnTrack,2644,-4021,2025,pos,0 days 00:50:25.411000,0 days 01:48:40.923000
2024-07-07 14:53:38.352,OnTrack,2495,-4078,2028,pos,0 days 00:50:25.811000,0 days 01:48:41.323000
2024-07-07 14:53:38.552,OnTrack,2401,-4101,2029,pos,0 days 00:50:26.011000,0 days 01:48:41.523000
2024-07-07 14:53:38.773,OnTrack,2297,-4114,2030,pos,0 days 00:50:26.232000,0 days 01:48:41.744000
2024-07-07 14:53:38.932,OnTrack,2177,-4113,2032,pos,0 days 00:50:26.391000,0 days 01:48:41.903000
2024-07-07 14:53:39.273,OnTrack,2070,-4098,2032,pos,0 days 00:50:26.732000,0 days 01:48:42.244000
2024-07-07 14:53:39.472,OnTrack,1983,-4077,2033,pos,0 days 00:50:26.931000,0 days 01:48:42.443000
2024-07-07 14:53:39.711,OnTrack,1882,-4042,2033,pos,0 days 00:50:27.170000,0 days 01:48:42.682000
2024-07-07 14:53:39.872,OnTrack,1816,-4012,2033,pos,0 days 00:50:27.331000,0 days 01:48:42.843000
2024-07-07 14:53:40.231,OnTrack,1674,-3926,2033,pos,0 days 00:50:27.690000,0 days 01:48:43.202000
2024-07-07 14:53:40.392,OnTrack,1614,-3879,2032,pos,0 days 00:50:27.851000,0 days 01:48:43.363000
2024-07-07 14:53:40.611,OnTrack,1505,-3779,2031,pos,0 days 00:50:28.070000,0 days 01:48:43.582000
2024-07-07 14:53:40.892,OnTrack,1437,-3703,2030,pos,0 days 00:50:28.351000,0 days 01:48:43.863000
2024-07-07 14:53:41.131,OnTrack,1359,-3602,2029,pos,0 days 00:50:28.590000,0 days 01:48:44.102000
2024-07-07 14:53:41.411,OnTrack,1278,-3477,2026,pos,0 days 00:50:28.870000,0 days 01:48:44.382000
2024-07-07 14:53:41.572,OnTrack,1230,-3393,2024,pos,0 days 00:50:29.031000,0 days 01:48:44.543000
2024-07-07 14:53:41.892,OnTrack,1131,-3206,2018,pos,0 days 00:50:29.351000,0 days 01:48:44.863000
2024-07-07 14:53:42.192,OnTrack,1055,-3067,2013,pos,0 days 00:50:29.651000,0 days 01:48:45.163000
2024-07-07 14:53:42.511,OnTrack,953,-2895,2005,pos,0 days 00:50:29.970000,0 days 01:48:45.482000
2024-07-07 14:53:42.552,OnTrack,939,-2873,2004,pos,0 days 00:50:30.011000,0 days 01:48:45.523000
2024-07-07 14:53:42.932,OnTrack,751,-2607,1992,pos,0 days 00:50:30.391000,0 days 01:48:45.903000
2024-07-07 14:53:43.272,OnTrack,664,-2489,1988,pos,0 days 00:50:30.731000,0 days 01:48:46.243000
2024-07-07 14:53:43.472,OnTrack,536,-2315,1984,pos,0 days 00:50:30.931000,0 days 01:48:46.443000
2024-07-07 14:53:43.792,OnTrack,455,-2206,1984,pos,0 days 00:50:31.251000,0 days 01:48:46.763000
2024-07-07 14:53:44.052,OnTrack,351,-2069,1985,pos,0 days 00:50:31.511000,0 days 01:48:47.023000
2024-07-07 14:53:44.392,OnTrack,189,-1863,1986,pos,0 days 00:50:31.851000,0 days 01:48:47.363000
2024-07-07 14:53:44.713,OnTrack,65,-1715,1986,pos,0 days 00:50:32.172000,0 days 01:48:47.684000
2024-07-07 14:53:45.013,OnTrack,-91,-1537,1985,pos,0 days 00:50:32.472000,0 days 01:48:47.984000
2024-07-07 14:53:45.273,OnTrack,-167,-1451,1984,pos,0 days 00:50:32.732000,0 days 01:48:48.244000
2024-07-07 14:53:45.492,OnTrack,-245,-1363,1983,pos,0 days 00:50:32.951000,0 days 01:48:48.463000
2024-07-07 14:53:45.813,OnTrack,-346,-1250,1981,pos,0 days 00:50:33.272000,0 days 01:48:48.784000
2024-07-07 14:53:46.032,OnTrack,-405,-1185,1980,pos,0 days 00:50:33.491000,0 days 01:48:49.003000
2024-07-07 14:53:46.191,OnTrack,-479,-1107,1978,pos,0 days 00:50:33.650000,0 days 01:48:49.162000
2024-07-07 14:53:46.471,OnTrack,-518,-1070,1977,pos,0 days 00:50:33.930000,0 days 01:48:49.442000
2024-07-07 14:53:46.831,OnTrack,-630,-988,1976,pos,0 days 00:50:34.290000,0 days 01:48:49.802000
2024-07-07 14:53:47.272,OnTrack,-711,-947,1975,pos,0 days 00:50:34.731000,0 days 01:48:50.243000
2024-07-07 14:53:47.492,OnTrack,-784,-924,1976,pos,0 days 00:50:34.951000,0 days 01:48:50.463000
2024-07-07 14:53:47.772,OnTrack,-831,-916,1976,pos,0 days 00:50:35.231000,0 days 01:48:50.743000
2024-07-07 14:53:47.992,OnTrack,-884,-914,1976,pos,0 days 00:50:35.451000,0 days 01:48:50.963000
2024-07-07 14:53:48.211,OnTrack,-934,-914,1976,pos,0 days 00:50:35.670000,0 days 01:48:51.182000
2024-07-07 14:53:48.412,OnTrack,-978,-920,1977,pos,0 days 00:50:35.871000,0 days 01:48:51.383000
2024-07-07 14:53:48.552,OnTrack,-1006,-927,1978,pos,0 days 00:50:36.011000,0 days 01:48:51.523000
2024-07-07 14:53:48.792,OnTrack,-1059,-947,1978,pos,0 days 00:50:36.251000,0 days 01:48:51.763000
2024-07-07 14:53:49.112,OnTrack,-1123,-984,1979,pos,0 days 00:50:36.571000,0 days 01:48:52.083000
2024-07-07 14:53:49.311,OnTrack,-1165,-1014,1980,pos,0 days 00:50:36.770000,0 days 01:48:52.282000
2024-07-07 14:53:49.572,OnTrack,-1216,-1054,1980,pos,0 days 00:50:37.031000,0 days 01:48:52.543000
2024-07-07 14:53:49.952,OnTrack,-1333,-1132,1981,pos,0 days 00:50:37.411000,0 days 01:48:52.923000
2024-07-07 14:53:50.212,OnTrack,-1361,-1146,1981,pos,0 days 00:50:37.671000,0 days 01:48:53.183000
2024-07-07 14:53:50.452,OnTrack,-1415,-1163,1981,pos,0 days 00:50:37.911000,0 days 01:48:53.423000
2024-07-07 14:53:50.693,OnTrack,-1476,-1171,1981,pos,0 days 00:50:38.152000,0 days 01:48:53.664000
2024-07-07 14:53:50.973,OnTrack,-1545,-1166,1980,pos,0 days 00:50:38.432000,0 days 01:48:53.944000
2024-07-07 14:53:51.192,OnTrack,-1632,-1145,1979,pos,0 days 00:50:38.651000,0 days 01:48:54.163000
2024-07-07 14:53:51.573,OnTrack,-1694,-1123,1979,pos,0 days 00:50:39.032000,0 days 01:48:54.544000
2024-07-07 14:53:51.793,OnTrack,-1758,-1094,1978,pos,0 days 00:50:39.252000,0 days 01:48:54.764000
2024-07-07 14:53:52.073,OnTrack,-1816,-1060,1978,pos,0 days 00:50:39.532000,0 days 01:48:55.044000
2024-07-07 14:53:52.272,OnTrack,-1863,-1026,1977,pos,0 days 00:50:39.731000,0 days 01:48:55.243000
2024-07-07 14:53:52.472,OnTrack,-1907,-987,1977,pos,0 days 00:50:39.931000,0 days 01:48:55.443000
2024-07-07 14:53:52.811,OnTrack,-2001,-879,1975,pos,0 days 00:50:40.270000,0 days 01:48:55.782000
2024-07-07 14:53:53.192,OnTrack,-2063,-802,1975,pos,0 days 00:50:40.651000,0 days 01:48:56.163000
2024-07-07 14:53:53.452,OnTrack,-2120,-725,1974,pos,0 days 00:50:40.911000,0 days 01:48:56.423000
2024-07-07 14:53:53.631,OnTrack,-2156,-665,1974,pos,0 days 00:50:41.090000,0 days 01:48:56.602000
2024-07-07 14:53:53.812,OnTrack,-2220,-529,1974,pos,0 days 00:50:41.271000,0 days 01:48:56.783000
2024-07-07 14:53:54.272,OnTrack,-2272,-367,1972,pos,0 days 00:50:41.731000,0 days 01:48:57.243000
2024-07-07 14:53:54.552,OnTrack,-2295,-254,1970,pos,0 days 00:50:42.011000,0 days 01:48:57.523000
2024-07-07 14:53:54.772,OnTrack,-2308,-150,1969,pos,0 days 00:50:42.231000,0 days 01:48:57.743000
2024-07-07 14:53:55.031,OnTrack,-2312,46,1967,pos,0 days 00:50:42.490000,0 days 01:48:58.002000
2024-07-07 14:53:55.432,OnTrack,-2299,178,1966,pos,0 days 00:50:42.891000,0 days 01:48:58.403000
2024-07-07 14:53:55.652,OnTrack,-2269,333,1964,pos,0 days 00:50:43.111000,0 days 01:48:58.623000
2024-07-07 14:53:56.092,OnTrack,-2169,594,1962,pos,0 days 00:50:43.551000,0 days 01:48:59.063000
2024-07-07 14:53:56.512,OnTrack,-2090,738,1962,pos,0 days 00:50:43.971000,0 days 01:48:59.483000
2024-07-07 14:53:56.692,OnTrack,-2028,834,1962,pos,0 days 00:50:44.151000,0 days 01:48:59.663000
2024-07-07 14:53:56.852,OnTrack,-1971,915,1962,pos,0 days 00:50:44.311000,0 days 01:48:59.823000
2024-07-07 14:53:57.112,OnTrack,-1828,1112,1963,pos,0 days 00:50:44.571000,0 days 01:49:00.083000
2024-07-07 14:53:57.592,OnTrack,-1688,1300,1964,pos,0 days 00:50:45.051000,0 days 01:49:00.563000
2024-07-07 14:53:57.793,OnTrack,-1605,1406,1965,pos,0 days 00:50:45.252000,0 days 01:49:00.764000
2024-07-07 14:53:57.972,OnTrack,-1529,1501,1965,pos,0 days 00:50:45.431000,0 days 01:49:00.943000
2024-07-07 14:53:58.172,OnTrack,-1442,1609,1966,pos,0 days 00:50:45.631000,0 days 01:49:01.143000
2024-07-07 14:53:58.333,OnTrack,-1374,1698,1967,pos,0 days 00:50:45.792000,0 days 01:49:01.304000
2024-07-07 14:53:58.593,OnTrack,-1265,1846,1969,pos,0 days 00:50:46.052000,0 days 01:49:01.564000
2024-07-07 14:53:58.692,OnTrack,-1223,1904,1970,pos,0 days 00:50:46.151000,0 days 01:49:01.663000
2024-07-07 14:53:58.873,OnTrack,-1146,2009,1971,pos,0 days 00:50:46.332000,0 days 01:49:01.844000
2024-07-07 14:53:59.072,OnTrack,-1060,2127,1973,pos,0 days 00:50:46.531000,0 days 01:49:02.043000
2024-07-07 14:53:59.292,OnTrack,-966,2257,1974,pos,0 days 00:50:46.751000,0 days 01:49:02.263000
2024-07-07 14:53:59.551,OnTrack,-852,2413,1977,pos,0 days 00:50:47.010000,0 days 01:49:02.522000
2024-07-07 14:53:59.792,OnTrack,-746,2559,1979,pos,0 days 00:50:47.251000,0 days 01:49:02.763000
2024-07-07 14:54:00.032,OnTrack,-640,2707,1982,pos,0 days 00:50:47.491000,0 days 01:49:03.003000
2024-07-07 14:54:00.212,OnTrack,-561,2821,1984,pos,0 days 00:50:47.671000,0 days 01:49:03.183000
2024-07-07 14:54:00.411,OnTrack,-414,3039,1987,pos,0 days 00:50:47.870000,0 days 01:49:03.382000
2024-07-07 14:54:00.832,OnTrack,-250,3286,1992,pos,0 days 00:50:48.291000,0 days 01:49:03.803000
2024-07-07 14:54:01.192,OnTrack,-139,3449,1995,pos,0 days 00:50:48.651000,0 days 01:49:04.163000
2024-07-07 14:54:01.452,OnTrack,33,3686,1998,pos,0 days 00:50:48.911000,0 days 01:49:04.423000
2024-07-07 14:54:01.752,OnTrack,129,3811,2001,pos,0 days 00:50:49.211000,0 days 01:49:04.723000
2024-07-07 14:54:02.052,OnTrack,274,3983,2006,pos,0 days 00:50:49.511000,0 days 01:49:05.023000
2024-07-07 14:54:02.292,OnTrack,382,4097,2009,pos,0 days 00:50:49.751000,0 days 01:49:05.263000
2024-07-07 14:54:02.532,OnTrack,502,4209,2011,pos,0 days 00:50:49.991000,0 days 01:49:05.503000
2024-07-07 14:54:02.732,OnTrack,609,4291,2011,pos,0 days 00:50:50.191000,0 days 01:49:05.703000
2024-07-07 14:54:02.892,OnTrack,769,4384,2013,pos,0 days 00:50:50.351000,0 days 01:49:05.863000
2024-07-07 14:54:03.332,OnTrack,1046,4479,2015,pos,0 days 00:50:50.791000,0 days 01:49:06.303000
2024-07-07 14:54:03.612,OnTrack,1151,4499,2016,pos,0 days 00:50:51.071000,0 days 01:49:06.583000
2024-07-07 14:54:03.912,OnTrack,1438,4519,2018,pos,0 days 00:50:51.371000,0 days 01:49:06.883000
2024-07-07 14:54:04.272,OnTrack,1603,4517,2021,pos,0 days 00:50:51.731000,0 days 01:49:07.243000
2024-07-07 14:54:04.552,OnTrack,1798,4501,2023,pos,0 days 00:50:52.011000,0 days 01:49:07.523000
2024-07-07 14:54:04.732,OnTrack,1924,4485,2025,pos,0 days 00:50:52.191000,0 days 01:49:07.703000
2024-07-07 14:54:04.992,OnTrack,2109,4460,2026,pos,0 days 00:50:52.451000,0 days 01:49:07.963000
2024-07-07 14:54:05.193,OnTrack,2325,4442,2028,pos,0 days 00:50:52.652000,0 days 01:49:08.164000
2024-07-07 14:54:05.532,OnTrack,2500,4439,2030,pos,0 days 00:50:52.991000,0 days 01:49:08.503000
2024-07-07 14:54:05.713,OnTrack,2632,4445,2032,pos,0 days 00:50:53.172000,0 days 01:49:08.684000
2024-07-07 14:54:05.952,OnTrack,2814,4470,2035,pos,0 days 00:50:53.411000,0 days 01:49:08.923000
2024-07-07 14:54:06.252,OnTrack,3135,4570,2040,pos,0 days 00:50:53.711000,0 days 01:49:09.223000
2024-07-07 14:54:06.552,OnTrack,3236,4617,2042,pos,0 days 00:50:54.011000,0 days 01:49:09.523000
2024-07-07 14:54:06.852,OnTrack,3435,4739,2046,pos,0 days 00:50:54.311000,0 days 01:49:09.823000
2024-07-07 14:54:06.971,OnTrack,3508,4792,2047,pos,0 days 00:50:54.430000,0 days 01:49:09.942000
2024-07-07 14:54:07.231,OnTrack,3736,4990,2049,pos,0 days 00:50:54.690000,0 days 01:49:10.202000
2024-07-07 14:54:07.511,OnTrack,3811,5065,2049,pos,0 days 00:50:54.970000,0 days 01:49:10.482000
2024-07-07 14:54:07.732,OnTrack,3926,5182,2050,pos,0 days 00:50:55.191000,0 days 01:49:10.703000
2024-07-07 14:54:08.032,OnTrack,4076,5329,2051,pos,0 days 00:50:55.491000,0 days 01:49:11.003000
2024-07-07 14:54:08.312,OnTrack,4244,5486,2052,pos,0 days 00:50:55.771000,0 days 01:49:11.283000
2024-07-07 14:54:08.631,OnTrack,4333,5564,2053,pos,0 days 00:50:56.090000,0 days 01:49:11.602000
2024-07-07 14:54:08.891,OnTrack,4427,5644,2054,pos,0 days 00:50:56.350000,0 days 01:49:11.862000
2024-07-07 14:54:09.132,OnTrack,4506,5710,2054,pos,0 days 00:50:56.591000,0 days 01:49:12.103000
2024-07-07 14:54:09.332,OnTrack,4568,5760,2055,pos,0 days 00:50:56.791000,0 days 01:49:12.303000
2024-07-07 14:54:09.512,OnTrack,4650,5819,2055,pos,0 days 00:50:56.971000,0 days 01:49:12.483000
2024-07-07 14:54:09.792,OnTrack,4701,5849,2055,pos,0 days 00:50:57.251000,0 days 01:49:12.763000
2024-07-07 14:54:10.072,OnTrack,4822,5892,2054,pos,0 days 00:50:57.531000,0 days 01:49:13.043000
2024-07-07 14:54:10.512,OnTrack,4940,5899,2053,pos,0 days 00:50:57.971000,0 days 01:49:13.483000
2024-07-07 14:54:10.952,OnTrack,5023,5888,2053,pos,0 days 00:50:58.411000,0 days 01:49:13.923000
2024-07-07 14:54:11.212,OnTrack,5107,5859,2054,pos,0 days 00:50:58.671000,0 days 01:49:14.183000
2024-07-07 14:54:11.572,OnTrack,5162,5827,2055,pos,0 days 00:50:59.031000,0 days 01:49:14.543000
2024-07-07 14:54:11.772,OnTrack,5200,5798,2056,pos,0 days 00:50:59.231000,0 days 01:49:14.743000
2024-07-07 14:54:11.973,OnTrack,5236,5765,2057,pos,0 days 00:50:59.432000,0 days 01:49:14.944000
2024-07-07 14:54:12.132,OnTrack,5262,5736,2058,pos,0 days 00:50:59.591000,0 days 01:49:15.103000
2024-07-07 14:54:12.372,OnTrack,5296,5686,2059,pos,0 days 00:50:59.831000,0 days 01:49:15.343000
2024-07-07 14:54:12.552,OnTrack,5317,5645,2059,pos,0 days 00:51:00.011000,0 days 01:49:15.523000
2024-07-07 14:54:12.752,OnTrack,5337,5595,2059,pos,0 days 00:51:00.211000,0 days 01:49:15.723000
2024-07-07 14:54:12.931,OnTrack,5352,5548,2059,pos,0 days 00:51:00.390000,0 days 01:49:15.902000
2024-07-07 14:54:13.151,OnTrack,5367,5487,2060,pos,0 days 00:51:00.610000,0 days 01:49:16.122000
2024-07-07 14:54:13.392,OnTrack,5379,5417,2060,pos,0 days 00:51:00.851000,0 days 01:49:16.363000
2024-07-07 14:54:13.592,OnTrack,5385,5355,2061,pos,0 days 00:51:01.051000,0 days 01:49:16.563000
2024-07-07 14:54:13.811,OnTrack,5391,5284,2062,pos,0 days 00:51:01.270000,0 days 01:49:16.782000
2024-07-07 14:54:13.932,OnTrack,5395,5244,2063,pos,0 days 00:51:01.391000,0 days 01:49:16.903000
2024-07-07 14:54:14.212,OnTrack,5409,5145,2065,pos,0 days 00:51:01.671000,0 days 01:49:17.183000
2024-07-07 14:54:14.432,OnTrack,5424,5078,2065,pos,0 days 00:51:01.891000,0 days 01:49:17.403000
2024-07-07 14:54:14.591,OnTrack,5440,5032,2066,pos,0 days 00:51:02.050000,0 days 01:49:17.562000
2024-07-07 14:54:14.912,OnTrack,5478,4952,2066,pos,0 days 00:51:02.371000,0 days 01:49:17.883000
2024-07-07 14:54:14.952,OnTrack,5484,4943,2066,pos,0 days 00:51:02.411000,0 days 01:49:17.923000
2024-07-07 14:54:15.192,OnTrack,5520,4892,2066,pos,0 days 00:51:02.651000,0 days 01:49:18.163000
2024-07-07 14:54:15.431,OnTrack,5559,4848,2065,pos,0 days 00:51:02.890000,0 days 01:49:18.402000
2024-07-07 14:54:15.692,OnTrack,5603,4807,2064,pos,0 days 00:51:03.151000,0 days 01:49:18.663000
2024-07-07 14:54:15.872,OnTrack,5634,4783,2065,pos,0 days 00:51:03.331000,0 days 01:49:18.843000
2024-07-07 14:54:16.052,OnTrack,5666,4763,2064,pos,0 days 00:51:03.511000,0 days 01:49:19.023000
2024-07-07 14:54:16.252,OnTrack,5700,4747,2064,pos,0 days 00:51:03.711000,0 days 01:49:19.223000
2024-07-07 14:54:16.432,OnTrack,5735,4735,2065,pos,0 days 00:51:03.891000,0 days 01:49:19.403000
2024-07-07 14:54:16.772,OnTrack,5813,4736,2064,pos,0 days 00:51:04.231000,0 days 01:49:19.743000
2024-07-07 14:54:17.012,OnTrack,5842,4745,2064,pos,0 days 00:51:04.471000,0 days 01:49:19.983000
2024-07-07 14:54:17.312,OnTrack,5918,4793,2063,pos,0 days 00:51:04.771000,0 days 01:49:20.283000
2024-07-07 14:54:17.792,OnTrack,5973,4844,2064,pos,0 days 00:51:05.251000,0 days 01:49:20.763000
2024-07-07 14:54:17.992,OnTrack,6003,4878,2064,pos,0 days 00:51:05.451000,0 days 01:49:20.963000
2024-07-07 14:54:18.213,OnTrack,6037,4920,2064,pos,0 days 00:51:05.672000,0 days 01:49:21.184000
2024-07-07 14:54:18.372,OnTrack,6080,4983,2065,pos,0 days 00:51:05.831000,0 days 01:49:21.343000
2024-07-07 14:54:18.712,OnTrack,6107,5028,2065,pos,0 days 00:51:06.171000,0 days 01:49:21.683000
2024-07-07 14:54:18.872,OnTrack,6130,5071,2065,pos,0 days 00:51:06.331000,0 days 01:49:21.843000
2024-07-07 14:54:19.092,OnTrack,6157,5129,2065,pos,0 days 00:51:06.551000,0 days 01:49:22.063000
2024-07-07 14:54:19.312,OnTrack,6186,5198,2065,pos,0 days 00:51:06.771000,0 days 01:49:22.283000
2024-07-07 14:54:19.572,OnTrack,6216,5283,2065,pos,0 days 00:51:07.031000,0 days 01:49:22.543000
2024-07-07 14:54:19.771,OnTrack,6238,5354,2065,pos,0 days 00:51:07.230000,0 days 01:49:22.742000
2024-07-07 14:54:20.011,OnTrack,6263,5445,2065,pos,0 days 00:51:07.470000,0 days 01:49:22.982000
2024-07-07 14:54:20.232,OnTrack,6291,5559,2065,pos,0 days 00:51:07.691000,0 days 01:49:23.203000
2024-07-07 14:54:20.652,OnTrack,6331,5858,2064,pos,0 days 00:51:08.111000,0 days 01:49:23.623000
2024-07-07 14:54:21.032,OnTrack,6331,5980,2064,pos,0 days 00:51:08.491000,0 days 01:49:24.003000
2024-07-07 14:54:21.272,OnTrack,6311,6172,2063,pos,0 days 00:51:08.731000,0 days 01:49:24.243000
2024-07-07 14:54:21.592,OnTrack,6290,6282,2063,pos,0 days 00:51:09.051000,0 days 01:49:24.563000
2024-07-07 14:54:21.832,OnTrack,6253,6414,2063,pos,0 days 00:51:09.291000,0 days 01:49:24.803000
2024-07-07 14:54:21.992,OnTrack,6219,6503,2062,pos,0 days 00:51:09.451000,0 days 01:49:24.963000
2024-07-07 14:54:22.292,OnTrack,6140,6666,2063,pos,0 days 00:51:09.751000,0 days 01:49:25.263000
2024-07-07 14:54:22.532,OnTrack,6061,6793,2063,pos,0 days 00:51:09.991000,0 days 01:49:25.503000
2024-07-07 14:54:22.732,OnTrack,5987,6895,2064,pos,0 days 00:51:10.191000,0 days 01:49:25.703000
2024-07-07 14:54:22.912,OnTrack,5912,6983,2064,pos,0 days 00:51:10.371000,0 days 01:49:25.883000
2024-07-07 14:54:22.972,OnTrack,5886,7012,2064,pos,0 days 00:51:10.431000,0 days 01:49:25.943000
2024-07-07 14:54:23.353,OnTrack,5682,7201,2064,pos,0 days 00:51:10.812000,0 days 01:49:26.324000
2024-07-07 14:54:23.653,OnTrack,5543,7313,2064,pos,0 days 00:51:11.112000,0 days 01:49:26.624000
2024-07-07 14:54:23.812,OnTrack,5456,7380,2064,pos,0 days 00:51:11.271000,0 days 01:49:26.783000
2024-07-07 14:54:24.132,OnTrack,5278,7516,2064,pos,0 days 00:51:11.591000,0 days 01:49:27.103000
2024-07-07 14:54:24.332,OnTrack,5167,7605,2064,pos,0 days 00:51:11.791000,0 days 01:49:27.303000
2024-07-07 14:54:24.592,OnTrack,5029,7719,2064,pos,0 days 00:51:12.051000,0 days 01:49:27.563000
2024-07-07 14:54:24.773,OnTrack,4935,7798,2064,pos,0 days 00:51:12.232000,0 days 01:49:27.744000
2024-07-07 14:54:24.892,OnTrack,4868,7855,2064,pos,0 days 00:51:12.351000,0 days 01:49:27.863000
2024-07-07 14:54:25.092,OnTrack,4757,7950,2064,pos,0 days 00:51:12.551000,0 days 01:49:28.063000
2024-07-07 14:54:25.273,OnTrack,4656,8037,2065,pos,0 days 00:51:12.732000,0 days 01:49:28.244000
2024-07-07 14:54:25.593,OnTrack,4474,8193,2064,pos,0 days 00:51:13.052000,0 days 01:49:28.564000
2024-07-07 14:54:25.711,OnTrack,4405,8252,2064,pos,0 days 00:51:13.170000,0 days 01:49:28.682000
2024-07-07 14:54:25.991,OnTrack,4244,8390,2064,pos,0 days 00:51:13.450000,0 days 01:49:28.962000
2024-07-07 14:54:26.271,OnTrack,4081,8530,2063,pos,0 days 00:51:13.730000,0 days 01:49:29.242000
2024-07-07 14:54:26.452,OnTrack,3975,8620,2063,pos,0 days 00:51:13.911000,0 days 01:49:29.423000
2024-07-07 14:54:26.652,OnTrack,3858,8722,2063,pos,0 days 00:51:14.111000,0 days 01:49:29.623000
2024-07-07 14:54:26.871,OnTrack,3694,8866,2063,pos,0 days 00:51:14.330000,0 days 01:49:29.842000
2024-07-07 14:54:27.332,OnTrack,3410,9115,2063,pos,0 days 00:51:14.791000,0 days 01:49:30.303000
2024-07-07 14:54:27.552,OnTrack,3326,9189,2063,pos,0 days 00:51:15.011000,0 days 01:49:30.523000
2024-07-07 14:54:27.852,OnTrack,3147,9346,2063,pos,0 days 00:51:15.311000,0 days 01:49:30.823000
2024-07-07 14:54:28.052,OnTrack,3033,9446,2063,pos,0 days 00:51:15.511000,0 days 01:49:31.023000
2024-07-07 14:54:28.252,OnTrack,2906,9557,2062,pos,0 days 00:51:15.711000,0 days 01:49:31.223000
2024-07-07 14:54:28.432,OnTrack,2797,9652,2061,pos,0 days 00:51:15.891000,0 days 01:49:31.403000
2024-07-07 14:54:28.612,OnTrack,2687,9746,2060,pos,0 days 00:51:16.071000,0 days 01:49:31.583000
2024-07-07 14:54:28.812,OnTrack,2566,9852,2059,pos,0 days 00:51:16.271000,0 days 01:49:31.783000
2024-07-07 14:54:29.012,OnTrack,2446,9957,2057,pos,0 days 00:51:16.471000,0 days 01:49:31.983000
2024-07-07 14:54:29.252,OnTrack,2308,10080,2055,pos,0 days 00:51:16.711000,0 days 01:49:32.223000
2024-07-07 14:54:29.492,OnTrack,2097,10269,2051,pos,0 days 00:51:16.951000,0 days 01:49:32.463000
2024-07-07 14:54:29.912,OnTrack,1921,10426,2048,pos,0 days 00:51:17.371000,0 days 01:49:32.883000
2024-07-07 14:54:30.153,OnTrack,1783,10546,2046,pos,0 days 00:51:17.612000,0 days 01:49:33.124000
2024-07-07 14:54:30.392,OnTrack,1598,10693,2044,pos,0 days 00:51:17.851000,0 days 01:49:33.363000
2024-07-07 14:54:30.713,OnTrack,1495,10763,2042,pos,0 days 00:51:18.172000,0 days 01:49:33.684000
2024-07-07 14:54:31.033,OnTrack,1336,10850,2039,pos,0 days 00:51:18.492000,0 days 01:49:34.004000
2024-07-07 14:54:31.232,OnTrack,1183,10909,2037,pos,0 days 00:51:18.691000,0 days 01:49:34.203000
2024-07-07 14:54:31.593,OnTrack,1076,10936,2036,pos,0 days 00:51:19.052000,0 days 01:49:34.564000
2024-07-07 14:54:31.833,OnTrack,969,10947,2035,pos,0 days 00:51:19.292000,0 days 01:49:34.804000
2024-07-07 14:54:32.053,OnTrack,870,10948,2034,pos,0 days 00:51:19.512000,0 days 01:49:35.024000
2024-07-07 14:54:32.192,OnTrack,811,10947,2034,pos,0 days 00:51:19.651000,0 days 01:49:35.163000
2024-07-07 14:54:32.491,OnTrack,673,10927,2033,pos,0 days 00:51:19.950000,0 days 01:49:35.462000
2024-07-07 14:54:32.751,OnTrack,605,10904,2032,pos,0 days 00:51:20.210000,0 days 01:49:35.722000
2024-07-07 14:54:33.012,OnTrack,513,10860,2032,pos,0 days 00:51:20.471000,0 days 01:49:35.983000
2024-07-07 14:54:33.192,OnTrack,459,10826,2032,pos,0 days 00:51:20.651000,0 days 01:49:36.163000
2024-07-07 14:54:33.532,OnTrack,375,10744,2032,pos,0 days 00:51:20.991000,0 days 01:49:36.503000
2024-07-07 14:54:33.692,OnTrack,340,10698,2032,pos,0 days 00:51:21.151000,0 days 01:49:36.663000
2024-07-07 14:54:33.911,OnTrack,285,10604,2033,pos,0 days 00:51:21.370000,0 days 01:49:36.882000
2024-07-07 14:54:34.232,OnTrack,249,10528,2033,pos,0 days 00:51:21.691000,0 days 01:49:37.203000
2024-07-07 14:54:34.432,OnTrack,223,10457,2033,pos,0 days 00:51:21.891000,0 days 01:49:37.403000
2024-07-07 14:54:34.592,OnTrack,210,10401,2033,pos,0 days 00:51:22.051000,0 days 01:49:37.563000
2024-07-07 14:54:34.812,OnTrack,198,10317,2033,pos,0 days 00:51:22.271000,0 days 01:49:37.783000
2024-07-07 14:54:35.031,OnTrack,192,10229,2033,pos,0 days 00:51:22.490000,0 days 01:49:38.002000
2024-07-07 14:54:35.352,OnTrack,183,10064,2034,pos,0 days 00:51:22.811000,0 days 01:49:38.323000
2024-07-07 14:54:35.812,OnTrack,158,9853,2036,pos,0 days 00:51:23.271000,0 days 01:49:38.783000
2024-07-07 14:54:36.232,OnTrack,120,9748,2037,pos,0 days 00:51:23.691000,0 days 01:49:39.203000
2024-07-07 14:54:36.352,OnTrack,72,9667,2038,pos,0 days 00:51:23.811000,0 days 01:49:39.323000
2024-07-07 14:54:36.693,OnTrack,28,9613,2039,pos,0 days 00:51:24.152000,0 days 01:49:39.664000
2024-07-07 14:54:36.932,OnTrack,-28,9560,2039,pos,0 days 00:51:24.391000,0 days 01:49:39.903000
2024-07-07 14:54:37.172,OnTrack,-89,9515,2040,pos,0 days 00:51:24.631000,0 days 01:49:40.143000
2024-07-07 14:54:37.412,OnTrack,-177,9471,2040,pos,0 days 00:51:24.871000,0 days 01:49:40.383000
2024-07-07 14:54:37.813,OnTrack,-286,9444,2041,pos,0 days 00:51:25.272000,0 days 01:49:40.784000
2024-07-07 14:54:38.133,OnTrack,-337,9442,2040,pos,0 days 00:51:25.592000,0 days 01:49:41.104000
2024-07-07 14:54:38.393,OnTrack,-399,9450,2040,pos,0 days 00:51:25.852000,0 days 01:49:41.364000
2024-07-07 14:54:38.593,OnTrack,-445,9465,2040,pos,0 days 00:51:26.052000,0 days 01:49:41.564000
2024-07-07 14:54:38.892,OnTrack,-521,9506,2039,pos,0 days 00:51:26.351000,0 days 01:49:41.863000
2024-07-07 14:54:39.291,OnTrack,-581,9553,2038,pos,0 days 00:51:26.750000,0 days 01:49:42.262000
2024-07-07 14:54:39.391,OnTrack,-598,9570,2037,pos,0 days 00:51:26.850000,0 days 01:49:42.362000
2024-07-07 14:54:39.551,OnTrack,-621,9596,2037,pos,0 days 00:51:27.010000,0 days 01:49:42.522000
2024-07-07 14:54:39.931,OnTrack,-676,9673,2035,pos,0 days 00:51:27.390000,0 days 01:49:42.902000
2024-07-07 14:54:40.112,OnTrack,-698,9713,2035,pos,0 days 00:51:27.571000,0 days 01:49:43.083000
2024-07-07 14:54:40.352,OnTrack,-724,9771,2034,pos,0 days 00:51:27.811000,0 days 01:49:43.323000
2024-07-07 14:54:40.572,OnTrack,-743,9826,2033,pos,0 days 00:51:28.031000,0 days 01:49:43.543000
2024-07-07 14:54:40.812,OnTrack,-760,9895,2033,pos,0 days 00:51:28.271000,0 days 01:49:43.783000
2024-07-07 14:54:41.112,OnTrack,-773,9986,2032,pos,0 days 00:51:28.571000,0 days 01:49:44.083000
2024-07-07 14:54:41.251,OnTrack,-775,10031,2032,pos,0 days 00:51:28.710000,0 days 01:49:44.222000
2024-07-07 14:54:41.592,OnTrack,-767,10196,2031,pos,0 days 00:51:29.051000,0 days 01:49:44.563000
2024-07-07 14:54:41.892,OnTrack,-759,10254,2031,pos,0 days 00:51:29.351000,0 days 01:49:44.863000
2024-07-07 14:54:42.172,OnTrack,-739,10359,2030,pos,0 days 00:51:29.631000,0 days 01:49:45.143000
2024-07-07 14:54:42.332,OnTrack,-722,10426,2029,pos,0 days 00:51:29.791000,0 days 01:49:45.303000
2024-07-07 14:54:42.532,OnTrack,-703,10490,2029,pos,0 days 00:51:29.991000,0 days 01:49:45.503000
2024-07-07 14:54:42.792,OnTrack,-661,10605,2027,pos,0 days 00:51:30.251000,0 days 01:49:45.763000
2024-07-07 14:54:43.092,OnTrack,-619,10707,2025,pos,0 days 00:51:30.551000,0 days 01:49:46.063000
2024-07-07 14:54:43.332,OnTrack,-569,10818,2023,pos,0 days 00:51:30.791000,0 days 01:49:46.303000
2024-07-07 14:54:43.493,OnTrack,-530,10895,2023,pos,0 days 00:51:30.952000,0 days 01:49:46.464000
2024-07-07 14:54:43.672,OnTrack,-485,10983,2022,pos,0 days 00:51:31.131000,0 days 01:49:46.643000
2024-07-07 14:54:44.053,OnTrack,-382,11173,2021,pos,0 days 00:51:31.512000,0 days 01:49:47.024000
2024-07-07 14:54:44.252,OnTrack,-317,11282,2021,pos,0 days 00:51:31.711000,0 days 01:49:47.223000
2024-07-07 14:54:44.333,OnTrack,-291,11323,2021,pos,0 days 00:51:31.792000,0 days 01:49:47.304000
2024-07-07 14:54:44.613,OnTrack,-138,11540,2021,pos,0 days 00:51:32.072000,0 days 01:49:47.584000
2024-07-07 14:54:44.992,OnTrack,-40,11662,2021,pos,0 days 00:51:32.451000,0 days 01:49:47.963000
2024-07-07 14:54:45.232,OnTrack,65,11782,2022,pos,0 days 00:51:32.691000,0 days 01:49:48.203000
2024-07-07 14:54:45.371,OnTrack,130,11849,2022,pos,0 days 00:51:32.830000,0 days 01:49:48.342000
2024-07-07 14:54:45.591,OnTrack,238,11954,2024,pos,0 days 00:51:33.050000,0 days 01:49:48.562000
2024-07-07 14:54:45.871,OnTrack,382,12084,2024,pos,0 days 00:51:33.330000,0 days 01:49:48.842000
2024-07-07 14:54:46.072,OnTrack,559,12224,2024,pos,0 days 00:51:33.531000,0 days 01:49:49.043000
2024-07-07 14:54:46.492,OnTrack,738,12345,2024,pos,0 days 00:51:33.951000,0 days 01:49:49.463000
2024-07-07 14:54:46.671,OnTrack,851,12408,2025,pos,0 days 00:51:34.130000,0 days 01:49:49.642000
2024-07-07 14:54:46.931,OnTrack,1091,12519,2025,pos,0 days 00:51:34.390000,0 days 01:49:49.902000
2024-07-07 14:54:47.271,OnTrack,1259,12582,2025,pos,0 days 00:51:34.730000,0 days 01:49:50.242000
2024-07-07 14:54:47.551,OnTrack,1453,12643,2025,pos,0 days 00:51:35.010000,0 days 01:49:50.522000
2024-07-07 14:54:47.811,OnTrack,1651,12694,2025,pos,0 days 00:51:35.270000,0 days 01:49:50.782000
2024-07-07 14:54:47.992,OnTrack,1862,12738,2027,pos,0 days 00:51:35.451000,0 days 01:49:50.963000
2024-07-07 14:54:48.392,OnTrack,2091,12774,2028,pos,0 days 00:51:35.851000,0 days 01:49:51.363000
2024-07-07 14:54:48.692,OnTrack,2339,12804,2030,pos,0 days 00:51:36.151000,0 days 01:49:51.663000
2024-07-07 14:54:49.112,OnTrack,2762,12849,2034,pos,0 days 00:51:36.571000,0 days 01:49:52.083000
2024-07-07 14:54:49.412,OnTrack,2889,12862,2035,pos,0 days 00:51:36.871000,0 days 01:49:52.383000
2024-07-07 14:54:49.572,OnTrack,3017,12874,2036,pos,0 days 00:51:37.031000,0 days 01:49:52.543000
2024-07-07 14:54:49.812,OnTrack,3209,12894,2038,pos,0 days 00:51:37.271000,0 days 01:49:52.783000
2024-07-07 14:54:50.072,OnTrack,3409,12916,2039,pos,0 days 00:51:37.531000,0 days 01:49:53.043000
2024-07-07 14:54:50.252,OnTrack,3562,12933,2040,pos,0 days 00:51:37.711000,0 days 01:49:53.223000
2024-07-07 14:54:50.392,OnTrack,3675,12946,2039,pos,0 days 00:51:37.851000,0 days 01:49:53.363000
2024-07-07 14:54:50.692,OnTrack,3917,12973,2042,pos,0 days 00:51:38.151000,0 days 01:49:53.663000
2024-07-07 14:54:50.912,OnTrack,4205,13008,2044,pos,0 days 00:51:38.371000,0 days 01:49:53.883000
2024-07-07 14:54:51.252,OnTrack,4365,13029,2045,pos,0 days 00:51:38.711000,0 days 01:49:54.223000
2024-07-07 14:54:51.532,OnTrack,4698,13073,2047,pos,0 days 00:51:38.991000,0 days 01:49:54.503000
2024-07-07 14:54:51.952,OnTrack,4994,13104,2048,pos,0 days 00:51:39.411000,0 days 01:49:54.923000
2024-07-07 14:54:52.292,OnTrack,5168,13114,2049,pos,0 days 00:51:39.751000,0 days 01:49:55.263000
2024-07-07 14:54:52.592,OnTrack,5448,13094,2050,pos,0 days 00:51:40.051000,0 days 01:49:55.563000
2024-07-07 14:54:52.951,OnTrack,5604,13058,2051,pos,0 days 00:51:40.410000,0 days 01:49:55.922000
2024-07-07 14:54:53.132,OnTrack,5715,13023,2052,pos,0 days 00:51:40.591000,0 days 01:49:56.103000
2024-07-07 14:54:53.412,OnTrack,5872,12952,2053,pos,0 days 00:51:40.871000,0 days 01:49:56.383000
2024-07-07 14:54:53.531,OnTrack,5944,12910,2053,pos,0 days 00:51:40.990000,0 days 01:49:56.502000
2024-07-07 14:54:53.811,OnTrack,6093,12806,2054,pos,0 days 00:51:41.270000,0 days 01:49:56.782000
2024-07-07 14:54:54.031,OnTrack,6201,12714,2055,pos,0 days 00:51:41.490000,0 days 01:49:57.002000
2024-07-07 14:54:54.292,OnTrack,6314,12591,2056,pos,0 days 00:51:41.751000,0 days 01:49:57.263000
2024-07-07 14:54:54.412,OnTrack,6361,12529,2056,pos,0 days 00:51:41.871000,0 days 01:49:57.383000
2024-07-07 14:54:54.631,OnTrack,6437,12403,2056,pos,0 days 00:51:42.090000,0 days 01:49:57.602000
2024-07-07 14:54:54.911,OnTrack,6552,12156,2058,pos,0 days 00:51:42.370000,0 days 01:49:57.882000
2024-07-07 14:54:55.232,OnTrack,6600,12027,2059,pos,0 days 00:51:42.691000,0 days 01:49:58.203000
2024-07-07 14:54:55.412,OnTrack,6639,11907,2060,pos,0 days 00:51:42.871000,0 days 01:49:58.383000
2024-07-07 14:54:55.712,OnTrack,6715,11634,2062,pos,0 days 00:51:43.171000,0 days 01:49:58.683000
2024-07-07 14:54:56.052,OnTrack,6756,11467,2063,pos,0 days 00:51:43.511000,0 days 01:49:59.023000
2024-07-07 14:54:56.352,OnTrack,6803,11254,2065,pos,0 days 00:51:43.811000,0 days 01:49:59.323000
2024-07-07 14:54:56.592,OnTrack,6855,10981,2067,pos,0 days 00:51:44.051000,0 days 01:49:59.563000
2024-07-07 14:54:56.992,OnTrack,6887,10774,2069,pos,0 days 00:51:44.451000,0 days 01:49:59.963000
2024-07-07 14:54:57.172,OnTrack,6905,10640,2070,pos,0 days 00:51:44.631000,0 days 01:50:00.143000
2024-07-07 14:54:57.413,OnTrack,6936,10360,2072,pos,0 days 00:51:44.872000,0 days 01:50:00.384000
2024-07-07 14:54:57.752,OnTrack,6960,10091,2074,pos,0 days 00:51:45.211000,0 days 01:50:00.723000
2024-07-07 14:54:58.213,OnTrack,6973,9850,2074,pos,0 days 00:51:45.672000,0 days 01:50:01.184000
2024-07-07 14:54:58.453,OnTrack,6979,9654,2075,pos,0 days 00:51:45.912000,0 days 01:50:01.424000
2024-07-07 14:54:58.651,OnTrack,6983,9448,2075,pos,0 days 00:51:46.110000,0 days 01:50:01.622000
2024-07-07 14:54:58.931,OnTrack,6988,9274,2074,pos,0 days 00:51:46.390000,0 days 01:50:01.902000
2024-07-07 14:54:59.191,OnTrack,6997,9067,2073,pos,0 days 00:51:46.650000,0 days 01:50:02.162000
2024-07-07 14:54:59.491,OnTrack,7015,8853,2072,pos,0 days 00:51:46.950000,0 days 01:50:02.462000
2024-07-07 14:54:59.692,OnTrack,7037,8693,2071,pos,0 days 00:51:47.151000,0 days 01:50:02.663000
2024-07-07 14:54:59.852,OnTrack,7079,8470,2070,pos,0 days 00:51:47.311000,0 days 01:50:02.823000
2024-07-07 14:55:00.252,OnTrack,7162,8140,2067,pos,0 days 00:51:47.711000,0 days 01:50:03.223000
2024-07-07 14:55:00.692,OnTrack,7275,7801,2063,pos,0 days 00:51:48.151000,0 days 01:50:03.663000
2024-07-07 14:55:01.151,OnTrack,7393,7506,2060,pos,0 days 00:51:48.610000,0 days 01:50:04.122000
2024-07-07 14:55:01.431,OnTrack,7443,7374,2059,pos,0 days 00:51:48.890000,0 days 01:50:04.402000
2024-07-07 14:55:01.672,OnTrack,7496,7207,2058,pos,0 days 00:51:49.131000,0 days 01:50:04.643000
2024-07-07 14:55:01.832,OnTrack,7517,7117,2058,pos,0 days 00:51:49.291000,0 days 01:50:04.803000
2024-07-07 14:55:02.072,OnTrack,7538,6961,2058,pos,0 days 00:51:49.531000,0 days 01:50:05.043000
2024-07-07 14:55:02.332,OnTrack,7521,6697,2058,pos,0 days 00:51:49.791000,0 days 01:50:05.303000
2024-07-07 14:55:02.652,OnTrack,7502,6586,2058,pos,0 days 00:51:50.111000,0 days 01:50:05.623000
2024-07-07 14:55:03.012,OnTrack,7447,6345,2060,pos,0 days 00:51:50.471000,0 days 01:50:05.983000
2024-07-07 14:55:03.172,OnTrack,7407,6189,2061,pos,0 days 00:51:50.631000,0 days 01:50:06.143000
2024-07-07 14:55:03.492,OnTrack,7370,6033,2062,pos,0 days 00:51:50.951000,0 days 01:50:06.463000
2024-07-07 14:55:03.772,OnTrack,7326,5769,2063,pos,0 days 00:51:51.231000,0 days 01:50:06.743000
2024-07-07 14:55:04.152,OnTrack,7317,5628,2063,pos,0 days 00:51:51.611000,0 days 01:50:07.123000
2024-07-07 14:55:04.312,OnTrack,7319,5537,2062,pos,0 days 00:51:51.771000,0 days 01:50:07.283000
2024-07-07 14:55:04.672,OnTrack,7362,5311,2061,pos,0 days 00:51:52.131000,0 days 01:50:07.643000
2024-07-07 14:55:04.972,OnTrack,7408,5189,2060,pos,0 days 00:51:52.431000,0 days 01:50:07.943000
2024-07-07 14:55:05.211,OnTrack,7466,5072,2059,pos,0 days 00:51:52.670000,0 days 01:50:08.182000
2024-07-07 14:55:05.391,OnTrack,7514,4988,2057,pos,0 days 00:51:52.850000,0 days 01:50:08.362000
2024-07-07 14:55:05.691,OnTrack,7594,4856,2055,pos,0 days 00:51:53.150000,0 days 01:50:08.662000
2024-07-07 14:55:05.932,OnTrack,7669,4725,2053,pos,0 days 00:51:53.391000,0 days 01:50:08.903000
2024-07-07 14:55:06.251,OnTrack,7718,4622,2052,pos,0 days 00:51:53.710000,0 days 01:50:09.222000
2024-07-07 14:55:06.432,OnTrack,7747,4543,2051,pos,0 days 00:51:53.891000,0 days 01:50:09.403000
2024-07-07 14:55:06.712,OnTrack,7784,4370,2049,pos,0 days 00:51:54.171000,0 days 01:50:09.683000
2024-07-07 14:55:07.131,OnTrack,7785,4226,2046,pos,0 days 00:51:54.590000,0 days 01:50:10.102000
2024-07-07 14:55:07.492,OnTrack,7767,4117,2044,pos,0 days 00:51:54.951000,0 days 01:50:10.463000
2024-07-07 14:55:07.712,OnTrack,7745,4034,2043,pos,0 days 00:51:55.171000,0 days 01:50:10.683000
2024-07-07 14:55:07.992,OnTrack,7697,3907,2041,pos,0 days 00:51:55.451000,0 days 01:50:10.963000
2024-07-07 14:55:08.412,OnTrack,7596,3728,2039,pos,0 days 00:51:55.871000,0 days 01:50:11.383000
2024-07-07 14:55:09.392,OnTrack,7327,3466,2034,pos,0 days 00:51:56.851000,0 days 01:50:12.363000
2024-07-07 14:55:09.613,OnTrack,7232,3409,2033,pos,0 days 00:51:57.072000,0 days 01:50:12.584000
2024-07-07 14:55:09.872,OnTrack,7111,3345,2032,pos,0 days 00:51:57.331000,0 days 01:50:12.843000
2024-07-07 14:55:10.052,OnTrack,7024,3299,2031,pos,0 days 00:51:57.511000,0 days 01:50:13.023000
2024-07-07 14:55:10.332,OnTrack,6892,3217,2029,pos,0 days 00:51:57.791000,0 days 01:50:13.303000
2024-07-07 14:55:10.572,OnTrack,6748,3096,2028,pos,0 days 00:51:58.031000,0 days 01:50:13.543000
2024-07-07 14:55:10.932,OnTrack,6627,2973,2028,pos,0 days 00:51:58.391000,0 days 01:50:13.903000
2024-07-07 14:55:11.212,OnTrack,6510,2843,2027,pos,0 days 00:51:58.671000,0 days 01:50:14.183000
2024-07-07 14:55:11.432,OnTrack,6422,2734,2027,pos,0 days 00:51:58.891000,0 days 01:50:14.403000
2024-07-07 14:55:11.712,OnTrack,6308,2571,2027,pos,0 days 00:51:59.171000,0 days 01:50:14.683000
2024-07-07 14:55:11.912,OnTrack,6238,2456,2026,pos,0 days 00:51:59.371000,0 days 01:50:14.883000
2024-07-07 14:55:12.072,OnTrack,6185,2362,2026,pos,0 days 00:51:59.531000,0 days 01:50:15.043000
2024-07-07 14:55:12.432,OnTrack,6037,2079,2025,pos,0 days 00:51:59.891000,0 days 01:50:15.403000
2024-07-07 14:55:12.732,OnTrack,5974,1952,2025,pos,0 days 00:52:00.191000,0 days 01:50:15.703000
2024-07-07 14:55:13.051,OnTrack,5849,1694,2024,pos,0 days 00:52:00.510000,0 days 01:50:16.022000
2024-07-07 14:55:13.411,OnTrack,5731,1450,2022,pos,0 days 00:52:00.870000,0 days 01:50:16.382000
2024-07-07 14:55:13.892,OnTrack,5606,1188,2021,pos,0 days 00:52:01.351000,0 days 01:50:16.863000
2024-07-07 14:55:14.052,OnTrack,5520,1007,2020,pos,0 days 00:52:01.511000,0 days 01:50:17.023000
2024-07-07 14:55:14.512,OnTrack,5402,760,2018,pos,0 days 00:52:01.971000,0 days 01:50:17.483000
2024-07-07 14:55:14.672,OnTrack,5349,649,2017,pos,0 days 00:52:02.131000,0 days 01:50:17.643000
2024-07-07 14:55:14.872,OnTrack,5282,511,2016,pos,0 days 00:52:02.331000,0 days 01:50:17.843000
2024-07-07 14:55:15.072,OnTrack,5180,301,2014,pos,0 days 00:52:02.531000,0 days 01:50:18.043000
2024-07-07 14:55:15.392,OnTrack,5105,146,2013,pos,0 days 00:52:02.851000,0 days 01:50:18.363000
2024-07-07 14:55:15.692,OnTrack,5002,-66,2011,pos,0 days 00:52:03.151000,0 days 01:50:18.663000
2024-07-07 14:55:15.912,OnTrack,4878,-323,2010,pos,0 days 00:52:03.371000,0 days 01:50:18.883000
2024-07-07 14:55:16.292,OnTrack,4795,-496,2009,pos,0 days 00:52:03.751000,0 days 01:50:19.263000
2024-07-07 14:55:16.592,OnTrack,4691,-713,2008,pos,0 days 00:52:04.051000,0 days 01:50:19.563000
2024-07-07 14:55:16.693,OnTrack,4661,-775,2007,pos,0 days 00:52:04.152000,0 days 01:50:19.664000
2024-07-07 14:55:16.952,OnTrack,4572,-958,2006,pos,0 days 00:52:04.411000,0 days 01:50:19.923000
2024-07-07 14:55:17.172,OnTrack,4495,-1118,2005,pos,0 days 00:52:04.631000,0 days 01:50:20.143000
2024-07-07 14:55:17.372,OnTrack,4388,-1337,2002,pos,0 days 00:52:04.831000,0 days 01:50:20.343000
2024-07-07 14:55:17.793,OnTrack,4272,-1571,2000,pos,0 days 00:52:05.252000,0 days 01:50:20.764000
2024-07-07 14:55:17.932,OnTrack,4221,-1673,1998,pos,0 days 00:52:05.391000,0 days 01:50:20.903000
2024-07-07 14:55:18.153,OnTrack,4141,-1834,1996,pos,0 days 00:52:05.612000,0 days 01:50:21.124000
2024-07-07 14:55:18.311,OnTrack,4031,-2053,1994,pos,0 days 00:52:05.770000,0 days 01:50:21.282000
2024-07-07 14:55:18.652,OnTrack,3957,-2197,1994,pos,0 days 00:52:06.111000,0 days 01:50:21.623000
2024-07-07 14:55:19.051,OnTrack,3782,-2532,1995,pos,0 days 00:52:06.510000,0 days 01:50:22.022000
2024-07-07 14:55:19.432,OnTrack,3671,-2742,1996,pos,0 days 00:52:06.891000,0 days 01:50:22.403000
2024-07-07 14:55:19.651,OnTrack,3584,-2902,1999,pos,0 days 00:52:07.110000,0 days 01:50:22.622000
2024-07-07 14:55:19.752,OnTrack,3546,-2971,2000,pos,0 days 00:52:07.211000,0 days 01:50:22.723000
2024-07-07 14:55:20.052,OnTrack,3421,-3188,2004,pos,0 days 00:52:07.511000,0 days 01:50:23.023000
2024-07-07 14:55:20.372,OnTrack,3307,-3374,2008,pos,0 days 00:52:07.831000,0 days 01:50:23.343000
2024-07-07 14:55:20.672,OnTrack,3195,-3535,2012,pos,0 days 00:52:08.131000,0 days 01:50:23.643000
2024-07-07 14:55:20.852,OnTrack,3081,-3677,2016,pos,0 days 00:52:08.311000,0 days 01:50:23.823000
2024-07-07 14:55:21.132,OnTrack,3021,-3744,2017,pos,0 days 00:52:08.591000,0 days 01:50:24.103000
2024-07-07 14:55:21.372,OnTrack,2928,-3835,2020,pos,0 days 00:52:08.831000,0 days 01:50:24.343000
2024-07-07 14:55:21.632,OnTrack,2822,-3919,2022,pos,0 days 00:52:09.091000,0 days 01:50:24.603000
2024-07-07 14:55:21.772,OnTrack,2761,-3958,2023,pos,0 days 00:52:09.231000,0 days 01:50:24.743000
2024-07-07 14:55:22.072,OnTrack,2629,-4027,2025,pos,0 days 00:52:09.531000,0 days 01:50:25.043000
2024-07-07 14:55:22.272,OnTrack,2517,-4070,2027,pos,0 days 00:52:09.731000,0 days 01:50:25.243000
2024-07-07 14:55:22.572,OnTrack,2436,-4093,2028,pos,0 days 00:52:10.031000,0 days 01:50:25.543000
2024-07-07 14:55:22.872,OnTrack,2301,-4113,2030,pos,0 days 00:52:10.331000,0 days 01:50:25.843000
2024-07-07 14:55:23.172,OnTrack,2167,-4112,2032,pos,0 days 00:52:10.631000,0 days 01:50:26.143000
2024-07-07 14:55:23.372,OnTrack,2069,-4098,2032,pos,0 days 00:52:10.831000,0 days 01:50:26.343000
2024-07-07 14:55:23.672,OnTrack,1947,-4066,2033,pos,0 days 00:52:11.131000,0 days 01:50:26.643000
2024-07-07 14:55:23.872,OnTrack,1865,-4035,2033,pos,0 days 00:52:11.331000,0 days 01:50:26.843000
2024-07-07 14:55:24.073,OnTrack,1778,-3991,2033,pos,0 days 00:52:11.532000,0 days 01:50:27.044000
2024-07-07 14:55:24.373,OnTrack,1612,-3878,2032,pos,0 days 00:52:11.832000,0 days 01:50:27.344000
2024-07-07 14:55:24.792,OnTrack,1503,-3777,2031,pos,0 days 00:52:12.251000,0 days 01:50:27.763000
2024-07-07 14:55:25.011,OnTrack,1429,-3693,2030,pos,0 days 00:52:12.470000,0 days 01:50:27.982000
2024-07-07 14:55:25.232,OnTrack,1345,-3582,2028,pos,0 days 00:52:12.691000,0 days 01:50:28.203000
2024-07-07 14:55:25.551,OnTrack,1262,-3450,2025,pos,0 days 00:52:13.010000,0 days 01:50:28.522000
2024-07-07 14:55:25.712,OnTrack,1220,-3374,2023,pos,0 days 00:52:13.171000,0 days 01:50:28.683000
2024-07-07 14:55:26.052,OnTrack,1123,-3190,2018,pos,0 days 00:52:13.511000,0 days 01:50:29.023000
2024-07-07 14:55:26.212,OnTrack,1076,-3105,2014,pos,0 days 00:52:13.671000,0 days 01:50:29.183000
2024-07-07 14:55:26.372,OnTrack,1031,-3024,2011,pos,0 days 00:52:13.831000,0 days 01:50:29.343000
2024-07-07 14:55:26.552,OnTrack,970,-2921,2006,pos,0 days 00:52:14.011000,0 days 01:50:29.523000
2024-07-07 14:55:26.872,OnTrack,855,-2750,1998,pos,0 days 00:52:14.331000,0 days 01:50:29.843000
2024-07-07 14:55:27.072,OnTrack,777,-2642,1993,pos,0 days 00:52:14.531000,0 days 01:50:30.043000
2024-07-07 14:55:27.291,OnTrack,656,-2478,1988,pos,0 days 00:52:14.750000,0 days 01:50:30.262000
2024-07-07 14:55:27.572,OnTrack,579,-2374,1985,pos,0 days 00:52:15.031000,0 days 01:50:30.543000
2024-07-07 14:55:27.772,OnTrack,497,-2263,1984,pos,0 days 00:52:15.231000,0 days 01:50:30.743000
2024-07-07 14:55:28.032,OnTrack,373,-2098,1985,pos,0 days 00:52:15.491000,0 days 01:50:31.003000
2024-07-07 14:55:28.312,OnTrack,255,-1945,1986,pos,0 days 00:52:15.771000,0 days 01:50:31.283000
2024-07-07 14:55:28.512,OnTrack,141,-1805,1986,pos,0 days 00:52:15.971000,0 days 01:50:31.483000
2024-07-07 14:55:28.872,OnTrack,8,-1649,1986,pos,0 days 00:52:16.331000,0 days 01:50:31.843000
2024-07-07 14:55:29.052,OnTrack,-66,-1564,1986,pos,0 days 00:52:16.511000,0 days 01:50:32.023000
2024-07-07 14:55:29.272,OnTrack,-147,-1473,1985,pos,0 days 00:52:16.731000,0 days 01:50:32.243000
2024-07-07 14:55:29.532,OnTrack,-283,-1321,1982,pos,0 days 00:52:16.991000,0 days 01:50:32.503000
2024-07-07 14:55:29.972,OnTrack,-379,-1213,1980,pos,0 days 00:52:17.431000,0 days 01:50:32.943000
2024-07-07 14:55:30.373,OnTrack,-484,-1102,1978,pos,0 days 00:52:17.832000,0 days 01:50:33.344000
2024-07-07 14:55:30.772,OnTrack,-563,-1033,1977,pos,0 days 00:52:18.231000,0 days 01:50:33.743000
2024-07-07 14:55:31.012,OnTrack,-620,-994,1976,pos,0 days 00:52:18.471000,0 days 01:50:33.983000
2024-07-07 14:55:31.193,OnTrack,-661,-971,1975,pos,0 days 00:52:18.652000,0 days 01:50:34.164000
2024-07-07 14:55:31.352,OnTrack,-702,-951,1975,pos,0 days 00:52:18.811000,0 days 01:50:34.323000
2024-07-07 14:55:31.531,OnTrack,-745,-935,1975,pos,0 days 00:52:18.990000,0 days 01:50:34.502000
2024-07-07 14:55:31.752,OnTrack,-797,-921,1976,pos,0 days 00:52:19.211000,0 days 01:50:34.723000
2024-07-07 14:55:32.012,OnTrack,-884,-914,1976,pos,0 days 00:52:19.471000,0 days 01:50:34.983000
2024-07-07 14:55:32.352,OnTrack,-940,-915,1976,pos,0 days 00:52:19.811000,0 days 01:50:35.323000
2024-07-07 14:55:32.671,OnTrack,-1010,-928,1978,pos,0 days 00:52:20.130000,0 days 01:50:35.642000
2024-07-07 14:55:32.792,OnTrack,-1061,-948,1978,pos,0 days 00:52:20.251000,0 days 01:50:35.763000
2024-07-07 14:55:33.292,OnTrack,-1157,-1008,1980,pos,0 days 00:52:20.751000,0 days 01:50:36.263000
2024-07-07 14:55:33.551,OnTrack,-1191,-1034,1980,pos,0 days 00:52:21.010000,0 days 01:50:36.522000
2024-07-07 14:55:33.852,OnTrack,-1253,-1082,1981,pos,0 days 00:52:21.311000,0 days 01:50:36.823000
2024-07-07 14:55:34.091,OnTrack,-1306,-1118,1981,pos,0 days 00:52:21.550000,0 days 01:50:37.062000
2024-07-07 14:55:34.312,OnTrack,-1384,-1154,1981,pos,0 days 00:52:21.771000,0 days 01:50:37.283000
2024-07-07 14:55:34.652,OnTrack,-1469,-1171,1981,pos,0 days 00:52:22.111000,0 days 01:50:37.623000
2024-07-07 14:55:35.112,OnTrack,-1570,-1161,1980,pos,0 days 00:52:22.571000,0 days 01:50:38.083000
2024-07-07 14:55:35.552,OnTrack,-1667,-1133,1979,pos,0 days 00:52:23.011000,0 days 01:50:38.523000
2024-07-07 14:55:35.952,OnTrack,-1749,-1098,1978,pos,0 days 00:52:23.411000,0 days 01:50:38.923000
2024-07-07 14:55:36.033,OnTrack,-1768,-1088,1978,pos,0 days 00:52:23.492000,0 days 01:50:39.004000
2024-07-07 14:55:36.293,OnTrack,-1829,-1051,1977,pos,0 days 00:52:23.752000,0 days 01:50:39.264000
2024-07-07 14:55:36.573,OnTrack,-1914,-979,1976,pos,0 days 00:52:24.032000,0 days 01:50:39.544000
2024-07-07 14:55:36.893,OnTrack,-1961,-928,1976,pos,0 days 00:52:24.352000,0 days 01:50:39.864000
2024-07-07 14:55:37.133,OnTrack,-2033,-840,1975,pos,0 days 00:52:24.592000,0 days 01:50:40.104000
2024-07-07 14:55:37.512,OnTrack,-2094,-762,1975,pos,0 days 00:52:24.971000,0 days 01:50:40.483000
2024-07-07 14:55:37.752,OnTrack,-2179,-621,1974,pos,0 days 00:52:25.211000,0 days 01:50:40.723000
2024-07-07 14:55:38.131,OnTrack,-2223,-522,1974,pos,0 days 00:52:25.590000,0 days 01:50:41.102000
2024-07-07 14:55:38.292,OnTrack,-2246,-458,1973,pos,0 days 00:52:25.751000,0 days 01:50:41.263000
2024-07-07 14:55:38.651,OnTrack,-2297,-241,1970,pos,0 days 00:52:26.110000,0 days 01:50:41.622000
2024-07-07 14:55:39.012,OnTrack,-2308,-140,1969,pos,0 days 00:52:26.471000,0 days 01:50:41.983000
2024-07-07 14:55:39.191,OnTrack,-2313,-54,1968,pos,0 days 00:52:26.650000,0 days 01:50:42.162000
2024-07-07 14:55:39.412,OnTrack,-2312,51,1967,pos,0 days 00:52:26.871000,0 days 01:50:42.383000
2024-07-07 14:55:39.612,OnTrack,-2303,149,1966,pos,0 days 00:52:27.071000,0 days 01:50:42.583000
2024-07-07 14:55:39.791,OnTrack,-2290,238,1965,pos,0 days 00:52:27.250000,0 days 01:50:42.762000
2024-07-07 14:55:39.952,OnTrack,-2273,317,1964,pos,0 days 00:52:27.411000,0 days 01:50:42.923000
2024-07-07 14:55:40.172,OnTrack,-2243,422,1963,pos,0 days 00:52:27.631000,0 days 01:50:43.143000
2024-07-07 14:55:40.392,OnTrack,-2162,607,1962,pos,0 days 00:52:27.851000,0 days 01:50:43.363000
2024-07-07 14:55:40.912,OnTrack,-2054,795,1962,pos,0 days 00:52:28.371000,0 days 01:50:43.883000
2024-07-07 14:55:40.952,OnTrack,-2041,815,1962,pos,0 days 00:52:28.411000,0 days 01:50:43.923000
2024-07-07 14:55:41.171,OnTrack,-1966,922,1962,pos,0 days 00:52:28.630000,0 days 01:50:44.142000
2024-07-07 14:55:41.392,OnTrack,-1887,1031,1963,pos,0 days 00:52:28.851000,0 days 01:50:44.363000
2024-07-07 14:55:41.612,OnTrack,-1807,1141,1963,pos,0 days 00:52:29.071000,0 days 01:50:44.583000
2024-07-07 14:55:41.932,OnTrack,-1683,1306,1964,pos,0 days 00:52:29.391000,0 days 01:50:44.903000
2024-07-07 14:55:42.092,OnTrack,-1577,1441,1965,pos,0 days 00:52:29.551000,0 days 01:50:45.063000
2024-07-07 14:55:42.573,OnTrack,-1366,1708,1967,pos,0 days 00:52:30.032000,0 days 01:50:45.544000
2024-07-07 14:55:42.932,OnTrack,-1267,1844,1969,pos,0 days 00:52:30.391000,0 days 01:50:45.903000
2024-07-07 14:55:43.192,OnTrack,-1115,2052,1971,pos,0 days 00:52:30.651000,0 days 01:50:46.163000
2024-07-07 14:55:43.552,OnTrack,-944,2287,1975,pos,0 days 00:52:31.011000,0 days 01:50:46.523000
2024-07-07 14:55:43.913,OnTrack,-849,2418,1977,pos,0 days 00:52:31.372000,0 days 01:50:46.884000
2024-07-07 14:55:44.092,OnTrack,-770,2527,1979,pos,0 days 00:52:31.551000,0 days 01:50:47.063000
2024-07-07 14:55:44.312,OnTrack,-673,2661,1981,pos,0 days 00:52:31.771000,0 days 01:50:47.283000
2024-07-07 14:55:44.631,OnTrack,-508,2899,1985,pos,0 days 00:52:32.090000,0 days 01:50:47.602000
2024-07-07 14:55:44.951,OnTrack,-396,3065,1988,pos,0 days 00:52:32.410000,0 days 01:50:47.922000
2024-07-07 14:55:45.171,OnTrack,-250,3287,1992,pos,0 days 00:52:32.630000,0 days 01:50:48.142000
2024-07-07 14:55:45.491,OnTrack,-161,3416,1994,pos,0 days 00:52:32.950000,0 days 01:50:48.462000
2024-07-07 14:55:45.812,OnTrack,32,3685,1998,pos,0 days 00:52:33.271000,0 days 01:50:48.783000
2024-07-07 14:55:46.271,OnTrack,226,3928,2005,pos,0 days 00:52:33.730000,0 days 01:50:49.242000
2024-07-07 14:55:46.571,OnTrack,352,4067,2009,pos,0 days 00:52:34.030000,0 days 01:50:49.542000
2024-07-07 14:55:46.772,OnTrack,435,4150,2010,pos,0 days 00:52:34.231000,0 days 01:50:49.743000
2024-07-07 14:55:47.072,OnTrack,597,4283,2011,pos,0 days 00:52:34.531000,0 days 01:50:50.043000
2024-07-07 14:55:47.232,OnTrack,685,4340,2012,pos,0 days 00:52:34.691000,0 days 01:50:50.203000
2024-07-07 14:55:47.452,OnTrack,813,4404,2013,pos,0 days 00:52:34.911000,0 days 01:50:50.423000
2024-07-07 14:55:47.732,OnTrack,1024,4474,2015,pos,0 days 00:52:35.191000,0 days 01:50:50.703000
2024-07-07 14:55:48.072,OnTrack,1204,4506,2016,pos,0 days 00:52:35.531000,0 days 01:50:51.043000
2024-07-07 14:55:48.332,OnTrack,1376,4518,2018,pos,0 days 00:52:35.791000,0 days 01:50:51.303000
2024-07-07 14:55:48.572,OnTrack,1621,4516,2021,pos,0 days 00:52:36.031000,0 days 01:50:51.543000
2024-07-07 14:55:48.832,OnTrack,1717,4510,2022,pos,0 days 00:52:36.291000,0 days 01:50:51.803000
2024-07-07 14:55:49.172,OnTrack,2036,4469,2026,pos,0 days 00:52:36.631000,0 days 01:50:52.143000
2024-07-07 14:55:49.512,OnTrack,2191,4451,2027,pos,0 days 00:52:36.971000,0 days 01:50:52.483000
2024-07-07 14:55:49.832,OnTrack,2420,4439,2029,pos,0 days 00:52:37.291000,0 days 01:50:52.803000
2024-07-07 14:55:49.992,OnTrack,2536,4440,2031,pos,0 days 00:52:37.451000,0 days 01:50:52.963000
2024-07-07 14:55:50.112,OnTrack,2622,4444,2032,pos,0 days 00:52:37.571000,0 days 01:50:53.083000
2024-07-07 14:55:50.392,OnTrack,2841,4476,2035,pos,0 days 00:52:37.851000,0 days 01:50:53.363000
2024-07-07 14:55:50.552,OnTrack,2957,4506,2037,pos,0 days 00:52:38.011000,0 days 01:50:53.523000
2024-07-07 14:55:50.713,OnTrack,3069,4543,2039,pos,0 days 00:52:38.172000,0 days 01:50:53.684000
2024-07-07 14:55:50.932,OnTrack,3217,4608,2041,pos,0 days 00:52:38.391000,0 days 01:50:53.903000
2024-07-07 14:55:51.191,OnTrack,3385,4704,2045,pos,0 days 00:52:38.650000,0 days 01:50:54.162000
2024-07-07 14:55:51.471,OnTrack,3553,4828,2047,pos,0 days 00:52:38.930000,0 days 01:50:54.442000
2024-07-07 14:55:51.632,OnTrack,3639,4900,2048,pos,0 days 00:52:39.091000,0 days 01:50:54.603000
2024-07-07 14:55:51.872,OnTrack,3848,5103,2050,pos,0 days 00:52:39.331000,0 days 01:50:54.843000
2024-07-07 14:55:52.172,OnTrack,3930,5186,2050,pos,0 days 00:52:39.631000,0 days 01:50:55.143000
2024-07-07 14:55:52.412,OnTrack,4114,5365,2051,pos,0 days 00:52:39.871000,0 days 01:50:55.383000
2024-07-07 14:55:52.811,OnTrack,4228,5471,2052,pos,0 days 00:52:40.270000,0 days 01:50:55.782000
2024-07-07 14:55:53.111,OnTrack,4345,5574,2053,pos,0 days 00:52:40.570000,0 days 01:50:56.082000
2024-07-07 14:55:53.192,OnTrack,4374,5599,2054,pos,0 days 00:52:40.651000,0 days 01:50:56.163000
2024-07-07 14:55:53.492,OnTrack,4477,5686,2054,pos,0 days 00:52:40.951000,0 days 01:50:56.463000
2024-07-07 14:55:53.691,OnTrack,4574,5765,2055,pos,0 days 00:52:41.150000,0 days 01:50:56.662000
2024-07-07 14:55:54.032,OnTrack,4639,5812,2055,pos,0 days 00:52:41.491000,0 days 01:50:57.003000
2024-07-07 14:55:54.312,OnTrack,4746,5870,2054,pos,0 days 00:52:41.771000,0 days 01:50:57.283000
2024-07-07 14:55:54.612,OnTrack,4803,5888,2054,pos,0 days 00:52:42.071000,0 days 01:50:57.583000
2024-07-07 14:55:54.872,OnTrack,4877,5899,2053,pos,0 days 00:52:42.331000,0 days 01:50:57.843000
2024-07-07 14:55:55.132,OnTrack,4948,5898,2053,pos,0 days 00:52:42.591000,0 days 01:50:58.103000
2024-07-07 14:55:55.333,OnTrack,5000,5892,2053,pos,0 days 00:52:42.792000,0 days 01:50:58.304000
2024-07-07 14:55:55.572,OnTrack,5056,5878,2053,pos,0 days 00:52:43.031000,0 days 01:50:58.543000
2024-07-07 14:55:55.732,OnTrack,5092,5865,2054,pos,0 days 00:52:43.191000,0 days 01:50:58.703000
2024-07-07 14:55:55.972,OnTrack,5142,5839,2055,pos,0 days 00:52:43.431000,0 days 01:50:58.943000
2024-07-07 14:55:56.132,OnTrack,5173,5819,2055,pos,0 days 00:52:43.591000,0 days 01:50:59.103000
2024-07-07 14:55:56.392,OnTrack,5240,5761,2057,pos,0 days 00:52:43.851000,0 days 01:50:59.363000
2024-07-07 14:55:56.812,OnTrack,5284,5706,2058,pos,0 days 00:52:44.271000,0 days 01:50:59.783000
2024-07-07 14:55:57.072,OnTrack,5323,5632,2059,pos,0 days 00:52:44.531000,0 days 01:51:00.043000
2024-07-07 14:55:57.452,OnTrack,5357,5529,2059,pos,0 days 00:52:44.911000,0 days 01:51:00.423000
2024-07-07 14:55:57.872,OnTrack,5377,5426,2060,pos,0 days 00:52:45.331000,0 days 01:51:00.843000
2024-07-07 14:55:58.211,OnTrack,5386,5349,2061,pos,0 days 00:52:45.670000,0 days 01:51:01.182000
2024-07-07 14:55:58.452,OnTrack,5396,5235,2063,pos,0 days 00:52:45.911000,0 days 01:51:01.423000
2024-07-07 14:55:58.732,OnTrack,5402,5185,2064,pos,0 days 00:52:46.191000,0 days 01:51:01.703000
2024-07-07 14:55:58.972,OnTrack,5416,5108,2065,pos,0 days 00:52:46.431000,0 days 01:51:01.943000
2024-07-07 14:55:59.272,OnTrack,5444,5021,2066,pos,0 days 00:52:46.731000,0 days 01:51:02.243000
2024-07-07 14:55:59.472,OnTrack,5482,4946,2066,pos,0 days 00:52:46.931000,0 days 01:51:02.443000
2024-07-07 14:55:59.792,OnTrack,5513,4900,2066,pos,0 days 00:52:47.251000,0 days 01:51:02.763000
2024-07-07 14:56:00.132,OnTrack,5570,4836,2065,pos,0 days 00:52:47.591000,0 days 01:51:03.103000
2024-07-07 14:56:00.211,OnTrack,5584,4824,2065,pos,0 days 00:52:47.670000,0 days 01:51:03.182000
2024-07-07 14:56:00.552,OnTrack,5659,4768,2064,pos,0 days 00:52:48.011000,0 days 01:51:03.523000
2024-07-07 14:56:00.872,OnTrack,5702,4746,2064,pos,0 days 00:52:48.331000,0 days 01:51:03.843000
2024-07-07 14:56:00.992,OnTrack,5725,4738,2065,pos,0 days 00:52:48.451000,0 days 01:51:03.963000
2024-07-07 14:56:01.252,OnTrack,5773,4731,2064,pos,0 days 00:52:48.711000,0 days 01:51:04.223000
2024-07-07 14:56:01.492,OnTrack,5817,4737,2064,pos,0 days 00:52:48.951000,0 days 01:51:04.463000
2024-07-07 14:56:01.792,OnTrack,5871,4760,2063,pos,0 days 00:52:49.251000,0 days 01:51:04.763000
2024-07-07 14:56:01.992,OnTrack,5905,4783,2063,pos,0 days 00:52:49.451000,0 days 01:51:04.963000
2024-07-07 14:56:02.153,OnTrack,5931,4804,2064,pos,0 days 00:52:49.612000,0 days 01:51:05.124000
2024-07-07 14:56:02.312,OnTrack,5956,4827,2064,pos,0 days 00:52:49.771000,0 days 01:51:05.283000
2024-07-07 14:56:02.472,OnTrack,5980,4852,2064,pos,0 days 00:52:49.931000,0 days 01:51:05.443000
2024-07-07 14:56:02.672,OnTrack,6010,4886,2064,pos,0 days 00:52:50.131000,0 days 01:51:05.643000
2024-07-07 14:56:03.032,OnTrack,6060,4953,2065,pos,0 days 00:52:50.491000,0 days 01:51:06.003000
2024-07-07 14:56:03.192,OnTrack,6082,4987,2065,pos,0 days 00:52:50.651000,0 days 01:51:06.163000
2024-07-07 14:56:03.372,OnTrack,6121,5055,2065,pos,0 days 00:52:50.831000,0 days 01:51:06.343000
2024-07-07 14:56:03.752,OnTrack,6153,5121,2065,pos,0 days 00:52:51.211000,0 days 01:51:06.723000
2024-07-07 14:56:03.912,OnTrack,6173,5165,2065,pos,0 days 00:52:51.371000,0 days 01:51:06.883000
2024-07-07 14:56:04.093,OnTrack,6194,5219,2065,pos,0 days 00:52:51.552000,0 days 01:51:07.064000
2024-07-07 14:56:04.432,OnTrack,6231,5331,2065,pos,0 days 00:52:51.891000,0 days 01:51:07.403000
2024-07-07 14:56:04.592,OnTrack,6258,5425,2065,pos,0 days 00:52:52.051000,0 days 01:51:07.563000
2024-07-07 14:56:04.992,OnTrack,6287,5544,2065,pos,0 days 00:52:52.451000,0 days 01:51:07.963000
2024-07-07 14:56:05.111,OnTrack,6298,5594,2065,pos,0 days 00:52:52.570000,0 days 01:51:08.082000
2024-07-07 14:56:05.331,OnTrack,6314,5687,2065,pos,0 days 00:52:52.790000,0 days 01:51:08.302000
2024-07-07 14:56:05.671,OnTrack,6331,5969,2064,pos,0 days 00:52:53.130000,0 days 01:51:08.642000
2024-07-07 14:56:06.032,OnTrack,6324,6080,2064,pos,0 days 00:52:53.491000,0 days 01:51:09.003000
2024-07-07 14:56:06.272,OnTrack,6288,6293,2063,pos,0 days 00:52:53.731000,0 days 01:51:09.243000
2024-07-07 14:56:06.632,OnTrack,6253,6414,2063,pos,0 days 00:52:54.091000,0 days 01:51:09.603000
2024-07-07 14:56:06.832,OnTrack,6210,6525,2062,pos,0 days 00:52:54.291000,0 days 01:51:09.803000
2024-07-07 14:56:07.132,OnTrack,6127,6688,2063,pos,0 days 00:52:54.591000,0 days 01:51:10.103000
2024-07-07 14:56:07.212,OnTrack,6102,6730,2063,pos,0 days 00:52:54.671000,0 days 01:51:10.183000
2024-07-07 14:56:07.512,OnTrack,5941,6950,2064,pos,0 days 00:52:54.971000,0 days 01:51:10.483000
2024-07-07 14:56:07.932,OnTrack,5812,7087,2064,pos,0 days 00:52:55.391000,0 days 01:51:10.903000
2024-07-07 14:56:08.112,OnTrack,5722,7167,2064,pos,0 days 00:52:55.571000,0 days 01:51:11.083000
2024-07-07 14:56:08.372,OnTrack,5543,7312,2064,pos,0 days 00:52:55.831000,0 days 01:51:11.343000
2024-07-07 14:56:08.632,OnTrack,5445,7388,2064,pos,0 days 00:52:56.091000,0 days 01:51:11.603000
2024-07-07 14:56:08.892,OnTrack,5300,7499,2064,pos,0 days 00:52:56.351000,0 days 01:51:11.863000
2024-07-07 14:56:09.132,OnTrack,5167,7605,2064,pos,0 days 00:52:56.591000,0 days 01:51:12.103000
2024-07-07 14:56:09.332,OnTrack,5057,7696,2064,pos,0 days 00:52:56.791000,0 days 01:51:12.303000
2024-07-07 14:56:09.552,OnTrack,4868,7855,2064,pos,0 days 00:52:57.011000,0 days 01:51:12.523000
2024-07-07 14:56:09.972,OnTrack,4712,7989,2064,pos,0 days 00:52:57.431000,0 days 01:51:12.943000
2024-07-07 14:56:10.132,OnTrack,4622,8066,2065,pos,0 days 00:52:57.591000,0 days 01:51:13.103000
2024-07-07 14:56:10.412,OnTrack,4462,8203,2064,pos,0 days 00:52:57.871000,0 days 01:51:13.383000
2024-07-07 14:56:10.653,OnTrack,4277,8361,2064,pos,0 days 00:52:58.112000,0 days 01:51:13.624000
2024-07-07 14:56:10.932,OnTrack,4161,8461,2064,pos,0 days 00:52:58.391000,0 days 01:51:13.903000
2024-07-07 14:56:11.132,OnTrack,4044,8561,2063,pos,0 days 00:52:58.591000,0 days 01:51:14.103000
2024-07-07 14:56:11.331,OnTrack,3927,8662,2063,pos,0 days 00:52:58.790000,0 days 01:51:14.302000
2024-07-07 14:56:11.512,OnTrack,3821,8754,2063,pos,0 days 00:52:58.971000,0 days 01:51:14.483000
2024-07-07 14:56:11.792,OnTrack,3662,8894,2063,pos,0 days 00:52:59.251000,0 days 01:51:14.763000
2024-07-07 14:56:11.972,OnTrack,3550,8993,2063,pos,0 days 00:52:59.431000,0 days 01:51:14.943000
2024-07-07 14:56:12.191,OnTrack,3418,9108,2063,pos,0 days 00:52:59.650000,0 days 01:51:15.162000
2024-07-07 14:56:12.352,OnTrack,3323,9192,2063,pos,0 days 00:52:59.811000,0 days 01:51:15.323000
2024-07-07 14:56:12.552,OnTrack,3204,9297,2064,pos,0 days 00:53:00.011000,0 days 01:51:15.523000
2024-07-07 14:56:12.812,OnTrack,3048,9433,2063,pos,0 days 00:53:00.271000,0 days 01:51:15.783000
2024-07-07 14:56:13.011,OnTrack,2934,9533,2062,pos,0 days 00:53:00.470000,0 days 01:51:15.982000
2024-07-07 14:56:13.251,OnTrack,2783,9664,2060,pos,0 days 00:53:00.710000,0 days 01:51:16.222000
2024-07-07 14:56:13.432,OnTrack,2590,9831,2059,pos,0 days 00:53:00.891000,0 days 01:51:16.403000
2024-07-07 14:56:13.772,OnTrack,2470,9936,2057,pos,0 days 00:53:01.231000,0 days 01:51:16.743000
2024-07-07 14:56:14.012,OnTrack,2331,10059,2055,pos,0 days 00:53:01.471000,0 days 01:51:16.983000
2024-07-07 14:56:14.192,OnTrack,2225,10154,2053,pos,0 days 00:53:01.651000,0 days 01:51:17.163000
2024-07-07 14:56:14.492,OnTrack,2050,10311,2050,pos,0 days 00:53:01.951000,0 days 01:51:17.463000
2024-07-07 14:56:14.732,OnTrack,1845,10494,2047,pos,0 days 00:53:02.191000,0 days 01:51:17.703000
2024-07-07 14:56:15.092,OnTrack,1716,10601,2045,pos,0 days 00:53:02.551000,0 days 01:51:18.063000
2024-07-07 14:56:15.352,OnTrack,1585,10703,2043,pos,0 days 00:53:02.811000,0 days 01:51:18.323000
2024-07-07 14:56:15.432,OnTrack,1547,10730,2043,pos,0 days 00:53:02.891000,0 days 01:51:18.403000
2024-07-07 14:56:15.692,OnTrack,1422,10806,2041,pos,0 days 00:53:03.151000,0 days 01:51:18.663000
2024-07-07 14:56:15.992,OnTrack,1285,10873,2038,pos,0 days 00:53:03.451000,0 days 01:51:18.963000
2024-07-07 14:56:16.192,OnTrack,1192,10906,2037,pos,0 days 00:53:03.651000,0 days 01:51:19.163000
2024-07-07 14:56:16.392,OnTrack,1105,10930,2036,pos,0 days 00:53:03.851000,0 days 01:51:19.363000
2024-07-07 14:56:16.532,OnTrack,1047,10941,2036,pos,0 days 00:53:03.991000,0 days 01:51:19.503000
2024-07-07 14:56:16.692,OnTrack,983,10947,2035,pos,0 days 00:53:04.151000,0 days 01:51:19.663000
2024-07-07 14:56:17.032,OnTrack,811,10947,2034,pos,0 days 00:53:04.491000,0 days 01:51:20.003000
2024-07-07 14:56:17.352,OnTrack,713,10937,2033,pos,0 days 00:53:04.811000,0 days 01:51:20.323000
2024-07-07 14:56:17.571,OnTrack,634,10915,2032,pos,0 days 00:53:05.030000,0 days 01:51:20.542000
2024-07-07 14:56:17.831,OnTrack,544,10876,2032,pos,0 days 00:53:05.290000,0 days 01:51:20.802000
2024-07-07 14:56:17.992,OnTrack,492,10848,2032,pos,0 days 00:53:05.451000,0 days 01:51:20.963000
2024-07-07 14:56:18.232,OnTrack,424,10798,2032,pos,0 days 00:53:05.691000,0 days 01:51:21.203000
2024-07-07 14:56:18.492,OnTrack,363,10730,2032,pos,0 days 00:53:05.951000,0 days 01:51:21.463000
2024-07-07 14:56:18.711,OnTrack,297,10627,2033,pos,0 days 00:53:06.170000,0 days 01:51:21.682000
2024-07-07 14:56:19.012,OnTrack,248,10525,2033,pos,0 days 00:53:06.471000,0 days 01:51:21.983000
2024-07-07 14:56:19.392,OnTrack,220,10446,2033,pos,0 days 00:53:06.851000,0 days 01:51:22.363000
2024-07-07 14:56:19.712,OnTrack,195,10278,2033,pos,0 days 00:53:07.171000,0 days 01:51:22.683000
2024-07-07 14:56:20.172,OnTrack,185,10098,2034,pos,0 days 00:53:07.631000,0 days 01:51:23.143000
2024-07-07 14:56:20.552,OnTrack,176,9972,2035,pos,0 days 00:53:08.011000,0 days 01:51:23.523000
2024-07-07 14:56:20.852,OnTrack,164,9882,2036,pos,0 days 00:53:08.311000,0 days 01:51:23.823000
2024-07-07 14:56:21.052,OnTrack,148,9820,2036,pos,0 days 00:53:08.511000,0 days 01:51:24.023000
2024-07-07 14:56:21.232,OnTrack,126,9763,2037,pos,0 days 00:53:08.691000,0 days 01:51:24.203000
2024-07-07 14:56:21.432,OnTrack,96,9705,2038,pos,0 days 00:53:08.891000,0 days 01:51:24.403000
2024-07-07 14:56:21.753,OnTrack,32,9617,2039,pos,0 days 00:53:09.212000,0 days 01:51:24.724000
2024-07-07 14:56:21.992,OnTrack,-56,9538,2040,pos,0 days 00:53:09.451000,0 days 01:51:24.963000
2024-07-07 14:56:22.332,OnTrack,-107,9505,2040,pos,0 days 00:53:09.791000,0 days 01:51:25.303000
2024-07-07 14:56:22.593,OnTrack,-205,9461,2041,pos,0 days 00:53:10.052000,0 days 01:51:25.564000
2024-07-07 14:56:22.932,OnTrack,-263,9447,2041,pos,0 days 00:53:10.391000,0 days 01:51:25.903000
2024-07-07 14:56:23.173,OnTrack,-321,9442,2041,pos,0 days 00:53:10.632000,0 days 01:51:26.144000
2024-07-07 14:56:23.433,OnTrack,-385,9447,2041,pos,0 days 00:53:10.892000,0 days 01:51:26.404000
2024-07-07 14:56:23.612,OnTrack,-452,9468,2040,pos,0 days 00:53:11.071000,0 days 01:51:26.583000
2024-07-07 14:56:24.091,OnTrack,-541,9519,2038,pos,0 days 00:53:11.550000,0 days 01:51:27.062000
2024-07-07 14:56:24.331,OnTrack,-570,9543,2038,pos,0 days 00:53:11.790000,0 days 01:51:27.302000
2024-07-07 14:56:24.631,OnTrack,-644,9624,2036,pos,0 days 00:53:12.090000,0 days 01:51:27.602000
2024-07-07 14:56:25.012,OnTrack,-678,9676,2035,pos,0 days 00:53:12.471000,0 days 01:51:27.983000
2024-07-07 14:56:25.171,OnTrack,-699,9714,2035,pos,0 days 00:53:12.630000,0 days 01:51:28.142000
2024-07-07 14:56:25.491,OnTrack,-733,9796,2033,pos,0 days 00:53:12.950000,0 days 01:51:28.462000
2024-07-07 14:56:25.632,OnTrack,-745,9835,2033,pos,0 days 00:53:13.091000,0 days 01:51:28.603000
2024-07-07 14:56:25.832,OnTrack,-760,9894,2033,pos,0 days 00:53:13.291000,0 days 01:51:28.803000
2024-07-07 14:56:26.172,OnTrack,-775,10021,2032,pos,0 days 00:53:13.631000,0 days 01:51:29.143000
2024-07-07 14:56:26.512,OnTrack,-774,10118,2031,pos,0 days 00:53:13.971000,0 days 01:51:29.483000
2024-07-07 14:56:26.752,OnTrack,-766,10202,2031,pos,0 days 00:53:14.211000,0 days 01:51:29.723000
2024-07-07 14:56:26.932,OnTrack,-749,10313,2030,pos,0 days 00:53:14.391000,0 days 01:51:29.903000
2024-07-07 14:56:27.272,OnTrack,-726,10410,2029,pos,0 days 00:53:14.731000,0 days 01:51:30.243000
2024-07-07 14:56:27.512,OnTrack,-693,10520,2028,pos,0 days 00:53:14.971000,0 days 01:51:30.483000
2024-07-07 14:56:27.832,OnTrack,-623,10697,2025,pos,0 days 00:53:15.291000,0 days 01:51:30.803000
2024-07-07 14:56:28.152,OnTrack,-573,10809,2024,pos,0 days 00:53:15.611000,0 days 01:51:31.123000
2024-07-07 14:56:28.372,OnTrack,-521,10914,2023,pos,0 days 00:53:15.831000,0 days 01:51:31.343000
2024-07-07 14:56:28.532,OnTrack,-480,10993,2022,pos,0 days 00:53:15.991000,0 days 01:51:31.503000
2024-07-07 14:56:28.692,OnTrack,-437,11073,2021,pos,0 days 00:53:16.151000,0 days 01:51:31.663000
2024-07-07 14:56:28.932,OnTrack,-369,11195,2021,pos,0 days 00:53:16.391000,0 days 01:51:31.903000
2024-07-07 14:56:29.172,OnTrack,-298,11313,2021,pos,0 days 00:53:16.631000,0 days 01:51:32.143000
2024-07-07 14:56:29.413,OnTrack,-211,11440,2021,pos,0 days 00:53:16.872000,0 days 01:51:32.384000
2024-07-07 14:56:29.572,OnTrack,-152,11522,2021,pos,0 days 00:53:17.031000,0 days 01:51:32.543000
2024-07-07 14:56:29.752,OnTrack,-81,11613,2021,pos,0 days 00:53:17.211000,0 days 01:51:32.723000
2024-07-07 14:56:30.032,OnTrack,38,11753,2021,pos,0 days 00:53:17.491000,0 days 01:51:33.003000
2024-07-07 14:56:30.193,OnTrack,179,11897,2023,pos,0 days 00:53:17.652000,0 days 01:51:33.164000
2024-07-07 14:56:30.572,OnTrack,298,12010,2024,pos,0 days 00:53:18.031000,0 days 01:51:33.543000
2024-07-07 14:56:30.911,OnTrack,535,12206,2024,pos,0 days 00:53:18.370000,0 days 01:51:33.882000
2024-07-07 14:56:31.211,OnTrack,736,12344,2024,pos,0 days 00:53:18.670000,0 days 01:51:34.182000
2024-07-07 14:56:31.711,OnTrack,968,12465,2025,pos,0 days 00:53:19.170000,0 days 01:51:34.682000
2024-07-07 14:56:31.832,OnTrack,1049,12501,2025,pos,0 days 00:53:19.291000,0 days 01:51:34.803000
2024-07-07 14:56:32.011,OnTrack,1173,12551,2025,pos,0 days 00:53:19.470000,0 days 01:51:34.982000
2024-07-07 14:56:32.331,OnTrack,1400,12627,2025,pos,0 days 00:53:19.790000,0 days 01:51:35.302000
2024-07-07 14:56:32.512,OnTrack,1531,12664,2025,pos,0 days 00:53:19.971000,0 days 01:51:35.483000
2024-07-07 14:56:32.772,OnTrack,1829,12732,2027,pos,0 days 00:53:20.231000,0 days 01:51:35.743000
2024-07-07 14:56:33.151,OnTrack,2120,12778,2029,pos,0 days 00:53:20.610000,0 days 01:51:36.122000
2024-07-07 14:56:33.472,OnTrack,2275,12797,2030,pos,0 days 00:53:20.931000,0 days 01:51:36.443000
2024-07-07 14:56:33.691,OnTrack,2448,12816,2031,pos,0 days 00:53:21.150000,0 days 01:51:36.662000
2024-07-07 14:56:33.912,OnTrack,2620,12834,2032,pos,0 days 00:53:21.371000,0 days 01:51:36.883000
2024-07-07 14:56:34.072,OnTrack,2738,12847,2034,pos,0 days 00:53:21.531000,0 days 01:51:37.043000
2024-07-07 14:56:34.312,OnTrack,2937,12866,2035,pos,0 days 00:53:21.771000,0 days 01:51:37.283000
2024-07-07 14:56:34.533,OnTrack,3112,12884,2037,pos,0 days 00:53:21.992000,0 days 01:51:37.504000
2024-07-07 14:56:34.732,OnTrack,3271,12901,2038,pos,0 days 00:53:22.191000,0 days 01:51:37.703000
2024-07-07 14:56:35.012,OnTrack,3494,12925,2040,pos,0 days 00:53:22.471000,0 days 01:51:37.983000
2024-07-07 14:56:35.192,OnTrack,3637,12941,2040,pos,0 days 00:53:22.651000,0 days 01:51:38.163000
2024-07-07 14:56:35.353,OnTrack,3756,12955,2041,pos,0 days 00:53:22.812000,0 days 01:51:38.324000
2024-07-07 14:56:35.512,OnTrack,3892,12970,2042,pos,0 days 00:53:22.971000,0 days 01:51:38.483000
2024-07-07 14:56:35.832,OnTrack,4147,13001,2044,pos,0 days 00:53:23.291000,0 days 01:51:38.803000
2024-07-07 14:56:35.992,OnTrack,4274,13017,2044,pos,0 days 00:53:23.451000,0 days 01:51:38.963000
2024-07-07 14:56:36.233,OnTrack,4465,13043,2046,pos,0 days 00:53:23.692000,0 days 01:51:39.204000
2024-07-07 14:56:36.453,OnTrack,4733,13077,2047,pos,0 days 00:53:23.912000,0 days 01:51:39.424000
2024-07-07 14:56:36.733,OnTrack,4858,13091,2048,pos,0 days 00:53:24.192000,0 days 01:51:39.704000
2024-07-07 14:56:36.932,OnTrack,5009,13105,2048,pos,0 days 00:53:24.391000,0 days 01:51:39.903000
2024-07-07 14:56:37.292,OnTrack,5288,13113,2049,pos,0 days 00:53:24.751000,0 days 01:51:40.263000
2024-07-07 14:56:37.511,OnTrack,5380,13104,2050,pos,0 days 00:53:24.970000,0 days 01:51:40.482000
2024-07-07 14:56:37.771,OnTrack,5544,13074,2051,pos,0 days 00:53:25.230000,0 days 01:51:40.742000
2024-07-07 14:56:37.991,OnTrack,5677,13036,2052,pos,0 days 00:53:25.450000,0 days 01:51:40.962000
2024-07-07 14:56:38.152,OnTrack,5769,13001,2052,pos,0 days 00:53:25.611000,0 days 01:51:41.123000
2024-07-07 14:56:38.492,OnTrack,5984,12885,2053,pos,0 days 00:53:25.951000,0 days 01:51:41.463000
2024-07-07 14:56:38.871,OnTrack,6141,12767,2055,pos,0 days 00:53:26.330000,0 days 01:51:41.842000
2024-07-07 14:56:39.131,OnTrack,6275,12639,2055,pos,0 days 00:53:26.590000,0 days 01:51:42.102000
2024-07-07 14:56:39.532,OnTrack,6447,12385,2057,pos,0 days 00:53:26.991000,0 days 01:51:42.503000
2024-07-07 14:56:39.812,OnTrack,6494,12290,2057,pos,0 days 00:53:27.271000,0 days 01:51:42.783000
2024-07-07 14:56:40.152,OnTrack,6595,12042,2059,pos,0 days 00:53:27.611000,0 days 01:51:43.123000
2024-07-07 14:56:40.412,OnTrack,6638,11911,2060,pos,0 days 00:53:27.871000,0 days 01:51:43.383000
2024-07-07 14:56:40.612,OnTrack,6677,11778,2061,pos,0 days 00:53:28.071000,0 days 01:51:43.583000
2024-07-07 14:56:40.952,OnTrack,6737,11547,2062,pos,0 days 00:53:28.411000,0 days 01:51:43.923000
2024-07-07 14:56:41.192,OnTrack,6776,11380,2064,pos,0 days 00:53:28.651000,0 days 01:51:44.163000
2024-07-07 14:56:41.352,OnTrack,6812,11211,2065,pos,0 days 00:53:28.811000,0 days 01:51:44.323000
2024-07-07 14:56:41.732,OnTrack,6852,10995,2067,pos,0 days 00:53:29.191000,0 days 01:51:44.703000
2024-07-07 14:56:41.852,OnTrack,6866,10907,2068,pos,0 days 00:53:29.311000,0 days 01:51:44.823000
2024-07-07 14:56:42.212,OnTrack,6908,10612,2070,pos,0 days 00:53:29.671000,0 days 01:51:45.183000
2024-07-07 14:56:42.473,OnTrack,6927,10447,2071,pos,0 days 00:53:29.932000,0 days 01:51:45.444000
2024-07-07 14:56:42.753,OnTrack,6957,10128,2073,pos,0 days 00:53:30.212000,0 days 01:51:45.724000
2024-07-07 14:56:43.152,OnTrack,6969,9927,2074,pos,0 days 00:53:30.611000,0 days 01:51:46.123000
2024-07-07 14:56:43.452,OnTrack,6980,9599,2075,pos,0 days 00:53:30.911000,0 days 01:51:46.423000
2024-07-07 14:56:43.832,OnTrack,6985,9395,2075,pos,0 days 00:53:31.291000,0 days 01:51:46.803000
2024-07-07 14:56:43.911,OnTrack,6986,9332,2074,pos,0 days 00:53:31.370000,0 days 01:51:46.882000
2024-07-07 14:56:44.211,OnTrack,7001,9012,2073,pos,0 days 00:53:31.670000,0 days 01:51:47.182000
2024-07-07 14:56:44.511,OnTrack,7013,8870,2072,pos,0 days 00:53:31.970000,0 days 01:51:47.482000
2024-07-07 14:56:44.851,OnTrack,7053,8600,2070,pos,0 days 00:53:32.310000,0 days 01:51:47.822000
2024-07-07 14:56:45.071,OnTrack,7088,8426,2070,pos,0 days 00:53:32.530000,0 days 01:51:48.042000
2024-07-07 14:56:45.252,OnTrack,7143,8207,2068,pos,0 days 00:53:32.711000,0 days 01:51:48.223000
2024-07-07 14:56:45.572,OnTrack,7194,8036,2066,pos,0 days 00:53:33.031000,0 days 01:51:48.543000
2024-07-07 14:56:45.812,OnTrack,7253,7860,2064,pos,0 days 00:53:33.271000,0 days 01:51:48.783000
2024-07-07 14:56:46.072,OnTrack,7360,7587,2060,pos,0 days 00:53:33.531000,0 days 01:51:49.043000
2024-07-07 14:56:46.451,OnTrack,7435,7395,2059,pos,0 days 00:53:33.910000,0 days 01:51:49.422000
2024-07-07 14:56:46.692,OnTrack,7507,7164,2058,pos,0 days 00:53:34.151000,0 days 01:51:49.663000
2024-07-07 14:56:47.172,OnTrack,7538,6896,2058,pos,0 days 00:53:34.631000,0 days 01:51:50.143000
2024-07-07 14:56:47.392,OnTrack,7534,6806,2058,pos,0 days 00:53:34.851000,0 days 01:51:50.363000
2024-07-07 14:56:47.732,OnTrack,7502,6589,2058,pos,0 days 00:53:35.191000,0 days 01:51:50.703000
2024-07-07 14:56:47.852,OnTrack,7487,6514,2059,pos,0 days 00:53:35.311000,0 days 01:51:50.823000
2024-07-07 14:56:48.092,OnTrack,7432,6288,2061,pos,0 days 00:53:35.551000,0 days 01:51:51.063000
2024-07-07 14:56:48.512,OnTrack,7385,6099,2062,pos,0 days 00:53:35.971000,0 days 01:51:51.483000
2024-07-07 14:56:48.792,OnTrack,7349,5925,2063,pos,0 days 00:53:36.251000,0 days 01:51:51.763000
2024-07-07 14:56:48.993,OnTrack,7331,5805,2063,pos,0 days 00:53:36.452000,0 days 01:51:51.964000
2024-07-07 14:56:49.152,OnTrack,7321,5711,2063,pos,0 days 00:53:36.611000,0 days 01:51:52.123000
2024-07-07 14:56:49.412,OnTrack,7324,5488,2062,pos,0 days 00:53:36.871000,0 days 01:51:52.383000
2024-07-07 14:56:49.712,OnTrack,7338,5403,2062,pos,0 days 00:53:37.171000,0 days 01:51:52.683000
2024-07-07 14:56:50.053,OnTrack,7391,5230,2061,pos,0 days 00:53:37.512000,0 days 01:51:53.024000
2024-07-07 14:56:50.152,OnTrack,7412,5181,2060,pos,0 days 00:53:37.611000,0 days 01:51:53.123000
2024-07-07 14:56:50.333,OnTrack,7453,5096,2059,pos,0 days 00:53:37.792000,0 days 01:51:53.304000
2024-07-07 14:56:50.551,OnTrack,7510,4996,2057,pos,0 days 00:53:38.010000,0 days 01:51:53.522000
2024-07-07 14:56:50.731,OnTrack,7558,4916,2056,pos,0 days 00:53:38.190000,0 days 01:51:53.702000
2024-07-07 14:56:51.051,OnTrack,7674,4715,2053,pos,0 days 00:53:38.510000,0 days 01:51:54.022000
2024-07-07 14:56:51.412,OnTrack,7717,4622,2052,pos,0 days 00:53:38.871000,0 days 01:51:54.383000
2024-07-07 14:56:51.712,OnTrack,7766,4475,2050,pos,0 days 00:53:39.171000,0 days 01:51:54.683000
2024-07-07 14:56:51.972,OnTrack,7782,4387,2049,pos,0 days 00:53:39.431000,0 days 01:51:54.943000
2024-07-07 14:56:52.232,OnTrack,7788,4282,2047,pos,0 days 00:53:39.691000,0 days 01:51:55.203000
2024-07-07 14:56:52.492,OnTrack,7779,4179,2045,pos,0 days 00:53:39.951000,0 days 01:51:55.463000
2024-07-07 14:56:52.711,OnTrack,7754,4064,2043,pos,0 days 00:53:40.170000,0 days 01:51:55.682000
2024-07-07 14:56:53.011,OnTrack,7727,3982,2042,pos,0 days 00:53:40.470000,0 days 01:51:55.982000
2024-07-07 14:56:53.271,OnTrack,7687,3886,2041,pos,0 days 00:53:40.730000,0 days 01:51:56.242000
2024-07-07 14:56:53.452,OnTrack,7655,3824,2040,pos,0 days 00:53:40.911000,0 days 01:51:56.423000
2024-07-07 14:56:53.652,OnTrack,7610,3748,2039,pos,0 days 00:53:41.111000,0 days 01:51:56.623000
2024-07-07 14:56:53.892,OnTrack,7549,3664,2038,pos,0 days 00:53:41.351000,0 days 01:51:56.863000
2024-07-07 14:56:54.092,OnTrack,7443,3553,2036,pos,0 days 00:53:41.551000,0 days 01:51:57.063000
2024-07-07 14:56:54.552,OnTrack,7283,3438,2034,pos,0 days 00:53:42.011000,0 days 01:51:57.523000
2024-07-07 14:56:54.872,OnTrack,7172,3377,2032,pos,0 days 00:53:42.331000,0 days 01:51:57.843000
2024-07-07 14:56:55.052,OnTrack,7085,3331,2031,pos,0 days 00:53:42.511000,0 days 01:51:58.023000
2024-07-07 14:56:55.352,OnTrack,6938,3248,2030,pos,0 days 00:53:42.811000,0 days 01:51:58.323000
2024-07-07 14:56:55.612,OnTrack,6755,3102,2028,pos,0 days 00:53:43.071000,0 days 01:51:58.583000
2024-07-07 14:56:55.932,OnTrack,6675,3024,2028,pos,0 days 00:53:43.391000,0 days 01:51:58.903000
2024-07-07 14:56:56.192,OnTrack,6563,2904,2027,pos,0 days 00:53:43.651000,0 days 01:51:59.163000
2024-07-07 14:56:56.432,OnTrack,6424,2736,2027,pos,0 days 00:53:43.891000,0 days 01:51:59.403000
2024-07-07 14:56:56.752,OnTrack,6336,2613,2027,pos,0 days 00:53:44.211000,0 days 01:51:59.723000
2024-07-07 14:56:57.011,OnTrack,6243,2464,2026,pos,0 days 00:53:44.470000,0 days 01:51:59.982000
2024-07-07 14:56:57.232,OnTrack,6167,2330,2026,pos,0 days 00:53:44.691000,0 days 01:52:00.203000
2024-07-07 14:56:57.492,OnTrack,6077,2158,2025,pos,0 days 00:53:44.951000,0 days 01:52:00.463000
2024-07-07 14:56:57.851,OnTrack,5925,1851,2024,pos,0 days 00:53:45.310000,0 days 01:52:00.822000
2024-07-07 14:56:58.232,OnTrack,5849,1695,2024,pos,0 days 00:53:45.691000,0 days 01:52:01.203000
2024-07-07 14:56:58.492,OnTrack,5767,1524,2023,pos,0 days 00:53:45.951000,0 days 01:52:01.463000
2024-07-07 14:56:58.652,OnTrack,5670,1323,2021,pos,0 days 00:53:46.111000,0 days 01:52:01.623000
2024-07-07 14:56:59.092,OnTrack,5573,1120,2020,pos,0 days 00:53:46.551000,0 days 01:52:02.063000
2024-07-07 14:56:59.332,OnTrack,5503,972,2019,pos,0 days 00:53:46.791000,0 days 01:52:02.303000
2024-07-07 14:56:59.492,OnTrack,5450,862,2019,pos,0 days 00:53:46.951000,0 days 01:52:02.463000
2024-07-07 14:56:59.752,OnTrack,5330,611,2017,pos,0 days 00:53:47.211000,0 days 01:52:02.723000
2024-07-07 14:57:00.112,OnTrack,5242,429,2016,pos,0 days 00:53:47.571000,0 days 01:52:03.083000
2024-07-07 14:57:00.312,OnTrack,5174,288,2014,pos,0 days 00:53:47.771000,0 days 01:52:03.283000
2024-07-07 14:57:00.572,OnTrack,5085,104,2013,pos,0 days 00:53:48.031000,0 days 01:52:03.543000
2024-07-07 14:57:00.752,OnTrack,5023,-23,2012,pos,0 days 00:53:48.211000,0 days 01:52:03.723000
2024-07-07 14:57:00.912,OnTrack,4968,-137,2011,pos,0 days 00:53:48.371000,0 days 01:52:03.883000
2024-07-07 14:57:01.232,OnTrack,4823,-439,2009,pos,0 days 00:53:48.691000,0 days 01:52:04.203000
2024-07-07 14:57:01.572,OnTrack,4739,-613,2008,pos,0 days 00:53:49.031000,0 days 01:52:04.543000
2024-07-07 14:57:01.832,OnTrack,4598,-905,2007,pos,0 days 00:53:49.291000,0 days 01:52:04.803000
2024-07-07 14:57:02.293,OnTrack,4485,-1138,2005,pos,0 days 00:53:49.752000,0 days 01:52:05.264000
2024-07-07 14:57:02.472,OnTrack,4421,-1269,2003,pos,0 days 00:53:49.931000,0 days 01:52:05.443000
2024-07-07 14:57:02.633,OnTrack,4364,-1385,2002,pos,0 days 00:53:50.092000,0 days 01:52:05.604000
2024-07-07 14:57:02.893,OnTrack,4275,-1566,2000,pos,0 days 00:53:50.352000,0 days 01:52:05.864000
2024-07-07 14:57:03.052,OnTrack,4213,-1689,1998,pos,0 days 00:53:50.511000,0 days 01:52:06.023000
2024-07-07 14:57:03.332,OnTrack,4112,-1891,1996,pos,0 days 00:53:50.791000,0 days 01:52:06.303000
2024-07-07 14:57:03.511,OnTrack,4047,-2021,1994,pos,0 days 00:53:50.970000,0 days 01:52:06.482000
2024-07-07 14:57:03.692,OnTrack,3981,-2150,1994,pos,0 days 00:53:51.151000,0 days 01:52:06.663000
2024-07-07 14:57:03.952,OnTrack,3892,-2322,1994,pos,0 days 00:53:51.411000,0 days 01:52:06.923000
2024-07-07 14:57:04.012,OnTrack,3870,-2365,1994,pos,0 days 00:53:51.471000,0 days 01:52:06.983000
2024-07-07 14:57:04.351,OnTrack,3748,-2599,1995,pos,0 days 00:53:51.810000,0 days 01:52:07.322000
2024-07-07 14:57:04.572,OnTrack,3608,-2858,1998,pos,0 days 00:53:52.031000,0 days 01:52:07.543000
2024-07-07 14:57:04.931,OnTrack,3469,-3106,2002,pos,0 days 00:53:52.390000,0 days 01:52:07.902000
2024-07-07 14:57:05.312,OnTrack,3373,-3268,2006,pos,0 days 00:53:52.771000,0 days 01:52:08.283000
2024-07-07 14:57:05.511,OnTrack,3235,-3481,2011,pos,0 days 00:53:52.970000,0 days 01:52:08.482000
2024-07-07 14:57:05.932,OnTrack,3119,-3632,2015,pos,0 days 00:53:53.391000,0 days 01:52:08.903000
2024-07-07 14:57:06.172,OnTrack,3021,-3744,2017,pos,0 days 00:53:53.631000,0 days 01:52:09.143000
2024-07-07 14:57:06.432,OnTrack,2868,-3885,2021,pos,0 days 00:53:53.891000,0 days 01:52:09.403000
2024-07-07 14:57:06.832,OnTrack,2731,-3976,2023,pos,0 days 00:53:54.291000,0 days 01:52:09.803000
2024-07-07 14:57:07.012,OnTrack,2647,-4020,2025,pos,0 days 00:53:54.471000,0 days 01:52:09.983000
2024-07-07 14:57:07.092,OnTrack,2609,-4036,2026,pos,0 days 00:53:54.551000,0 days 01:52:10.063000
2024-07-07 14:57:07.372,OnTrack,2477,-4083,2028,pos,0 days 00:53:54.831000,0 days 01:52:10.343000
2024-07-07 14:57:07.592,OnTrack,2374,-4106,2029,pos,0 days 00:53:55.051000,0 days 01:52:10.563000
2024-07-07 14:57:07.772,OnTrack,2291,-4114,2030,pos,0 days 00:53:55.231000,0 days 01:52:10.743000
2024-07-07 14:57:07.932,OnTrack,2218,-4115,2031,pos,0 days 00:53:55.391000,0 days 01:52:10.903000
2024-07-07 14:57:08.192,OnTrack,2102,-4104,2032,pos,0 days 00:53:55.651000,0 days 01:52:11.163000
2024-07-07 14:57:08.532,OnTrack,1927,-4059,2033,pos,0 days 00:53:55.991000,0 days 01:52:11.503000
2024-07-07 14:57:08.912,OnTrack,1793,-3999,2033,pos,0 days 00:53:56.371000,0 days 01:52:11.883000
2024-07-07 14:57:09.153,OnTrack,1717,-3954,2033,pos,0 days 00:53:56.612000,0 days 01:52:12.124000
2024-07-07 14:57:09.512,OnTrack,1565,-3837,2031,pos,0 days 00:53:56.971000,0 days 01:52:12.483000
2024-07-07 14:57:09.872,OnTrack,1425,-3688,2030,pos,0 days 00:53:57.331000,0 days 01:52:12.843000
2024-07-07 14:57:10.232,OnTrack,1351,-3590,2028,pos,0 days 00:53:57.691000,0 days 01:52:13.203000
2024-07-07 14:57:10.532,OnTrack,1265,-3454,2025,pos,0 days 00:53:57.991000,0 days 01:52:13.503000
2024-07-07 14:57:10.792,OnTrack,1172,-3285,2021,pos,0 days 00:53:58.251000,0 days 01:52:13.763000
2024-07-07 14:57:11.152,OnTrack,1095,-3139,2016,pos,0 days 00:53:58.611000,0 days 01:52:14.123000
2024-07-07 14:57:11.412,OnTrack,1022,-3008,2011,pos,0 days 00:53:58.871000,0 days 01:52:14.383000
2024-07-07 14:57:11.572,OnTrack,971,-2923,2006,pos,0 days 00:53:59.031000,0 days 01:52:14.543000
2024-07-07 14:57:11.751,OnTrack,905,-2822,2002,pos,0 days 00:53:59.210000,0 days 01:52:14.722000
2024-07-07 14:57:11.912,OnTrack,846,-2738,1998,pos,0 days 00:53:59.371000,0 days 01:52:14.883000
2024-07-07 14:57:12.212,OnTrack,730,-2578,1991,pos,0 days 00:53:59.671000,0 days 01:52:15.183000
2024-07-07 14:57:12.412,OnTrack,651,-2472,1988,pos,0 days 00:53:59.871000,0 days 01:52:15.383000
2024-07-07 14:57:12.591,OnTrack,524,-2299,1984,pos,0 days 00:54:00.050000,0 days 01:52:15.562000
2024-07-07 14:57:12.992,OnTrack,418,-2157,1984,pos,0 days 00:54:00.451000,0 days 01:52:15.963000
2024-07-07 14:57:13.232,OnTrack,277,-1973,1986,pos,0 days 00:54:00.691000,0 days 01:52:16.203000
2024-07-07 14:57:13.692,OnTrack,112,-1770,1986,pos,0 days 00:54:01.151000,0 days 01:52:16.663000
2024-07-07 14:57:14.112,OnTrack,-62,-1569,1986,pos,0 days 00:54:01.571000,0 days 01:52:17.083000
2024-07-07 14:57:14.292,OnTrack,-129,-1493,1985,pos,0 days 00:54:01.751000,0 days 01:52:17.263000
2024-07-07 14:57:14.512,OnTrack,-227,-1384,1983,pos,0 days 00:54:01.971000,0 days 01:52:17.483000
2024-07-07 14:57:14.852,OnTrack,-309,-1291,1981,pos,0 days 00:54:02.311000,0 days 01:52:17.823000
2024-07-07 14:57:15.113,OnTrack,-393,-1198,1980,pos,0 days 00:54:02.572000,0 days 01:52:18.084000
2024-07-07 14:57:15.413,OnTrack,-460,-1126,1978,pos,0 days 00:54:02.872000,0 days 01:52:18.384000
2024-07-07 14:57:15.653,OnTrack,-549,-1044,1977,pos,0 days 00:54:03.112000,0 days 01:52:18.624000
2024-07-07 14:57:16.132,OnTrack,-638,-983,1976,pos,0 days 00:54:03.591000,0 days 01:52:19.103000
2024-07-07 14:57:16.312,OnTrack,-713,-946,1975,pos,0 days 00:54:03.771000,0 days 01:52:19.283000
2024-07-07 14:57:16.691,OnTrack,-806,-919,1976,pos,0 days 00:54:04.150000,0 days 01:52:19.662000
2024-07-07 14:57:17.211,OnTrack,-905,-913,1976,pos,0 days 00:54:04.670000,0 days 01:52:20.182000
2024-07-07 14:57:17.372,OnTrack,-942,-915,1976,pos,0 days 00:54:04.831000,0 days 01:52:20.343000
2024-07-07 14:57:17.592,OnTrack,-992,-923,1977,pos,0 days 00:54:05.051000,0 days 01:52:20.563000
2024-07-07 14:57:17.812,OnTrack,-1040,-939,1978,pos,0 days 00:54:05.271000,0 days 01:52:20.783000
2024-07-07 14:57:18.031,OnTrack,-1112,-976,1979,pos,0 days 00:54:05.490000,0 days 01:52:21.002000
2024-07-07 14:57:18.291,OnTrack,-1140,-996,1979,pos,0 days 00:54:05.750000,0 days 01:52:21.262000
2024-07-07 14:57:18.591,OnTrack,-1229,-1064,1981,pos,0 days 00:54:06.050000,0 days 01:52:21.562000
2024-07-07 14:57:18.932,OnTrack,-1272,-1096,1981,pos,0 days 00:54:06.391000,0 days 01:52:21.903000
2024-07-07 14:57:19.092,OnTrack,-1309,-1120,1981,pos,0 days 00:54:06.551000,0 days 01:52:22.063000
2024-07-07 14:57:19.411,OnTrack,-1381,-1153,1981,pos,0 days 00:54:06.870000,0 days 01:52:22.382000
2024-07-07 14:57:19.592,OnTrack,-1423,-1165,1981,pos,0 days 00:54:07.051000,0 days 01:52:22.563000
2024-07-07 14:57:19.892,OnTrack,-1522,-1169,1981,pos,0 days 00:54:07.351000,0 days 01:52:22.863000
2024-07-07 14:57:20.312,OnTrack,-1595,-1155,1980,pos,0 days 00:54:07.771000,0 days 01:52:23.283000
2024-07-07 14:57:20.452,OnTrack,-1630,-1145,1979,pos,0 days 00:54:07.911000,0 days 01:52:23.423000
2024-07-07 14:57:20.632,OnTrack,-1674,-1131,1979,pos,0 days 00:54:08.091000,0 days 01:52:23.603000
2024-07-07 14:57:20.932,OnTrack,-1747,-1099,1978,pos,0 days 00:54:08.391000,0 days 01:52:23.903000
2024-07-07 14:57:21.093,OnTrack,-1786,-1078,1978,pos,0 days 00:54:08.552000,0 days 01:52:24.064000
2024-07-07 14:57:21.332,OnTrack,-1844,-1040,1977,pos,0 days 00:54:08.791000,0 days 01:52:24.303000
2024-07-07 14:57:21.452,OnTrack,-1871,-1019,1977,pos,0 days 00:54:08.911000,0 days 01:52:24.423000
2024-07-07 14:57:21.692,OnTrack,-1924,-969,1976,pos,0 days 00:54:09.151000,0 days 01:52:24.663000
2024-07-07 14:57:21.872,OnTrack,-1963,-926,1976,pos,0 days 00:54:09.331000,0 days 01:52:24.843000
2024-07-07 14:57:22.052,OnTrack,-2000,-880,1975,pos,0 days 00:54:09.511000,0 days 01:52:25.023000
2024-07-07 14:57:22.272,OnTrack,-2047,-822,1975,pos,0 days 00:54:09.731000,0 days 01:52:25.243000
2024-07-07 14:57:22.572,OnTrack,-2111,-738,1974,pos,0 days 00:54:10.031000,0 days 01:52:25.543000
2024-07-07 14:57:22.773,OnTrack,-2179,-623,1974,pos,0 days 00:54:10.232000,0 days 01:52:25.744000
2024-07-07 14:57:23.033,OnTrack,-2210,-555,1974,pos,0 days 00:54:10.492000,0 days 01:52:26.004000
2024-07-07 14:57:23.332,OnTrack,-2251,-440,1973,pos,0 days 00:54:10.791000,0 days 01:52:26.303000
2024-07-07 14:57:23.451,OnTrack,-2266,-391,1972,pos,0 days 00:54:10.910000,0 days 01:52:26.422000
2024-07-07 14:57:23.731,OnTrack,-2292,-273,1970,pos,0 days 00:54:11.190000,0 days 01:52:26.702000
2024-07-07 14:57:23.971,OnTrack,-2306,-166,1969,pos,0 days 00:54:11.430000,0 days 01:52:26.942000
2024-07-07 14:57:24.231,OnTrack,-2313,-45,1968,pos,0 days 00:54:11.690000,0 days 01:52:27.202000
2024-07-07 14:57:24.392,OnTrack,-2313,29,1967,pos,0 days 00:54:11.851000,0 days 01:52:27.363000
2024-07-07 14:57:24.531,OnTrack,-2309,96,1966,pos,0 days 00:54:11.990000,0 days 01:52:27.502000
2024-07-07 14:57:24.732,OnTrack,-2297,194,1966,pos,0 days 00:54:12.191000,0 days 01:52:27.703000
2024-07-07 14:57:24.972,OnTrack,-2274,313,1964,pos,0 days 00:54:12.431000,0 days 01:52:27.943000
2024-07-07 14:57:25.232,OnTrack,-2236,443,1963,pos,0 days 00:54:12.691000,0 days 01:52:28.203000
2024-07-07 14:57:25.432,OnTrack,-2194,543,1963,pos,0 days 00:54:12.891000,0 days 01:52:28.403000
2024-07-07 14:57:25.631,OnTrack,-2143,643,1962,pos,0 days 00:54:13.090000,0 days 01:52:28.602000
2024-07-07 14:57:25.872,OnTrack,-2075,763,1962,pos,0 days 00:54:13.331000,0 days 01:52:28.843000
2024-07-07 14:57:26.052,OnTrack,-2020,844,1962,pos,0 days 00:54:13.511000,0 days 01:52:29.023000
2024-07-07 14:57:26.312,OnTrack,-1929,973,1962,pos,0 days 00:54:13.771000,0 days 01:52:29.283000
2024-07-07 14:57:26.512,OnTrack,-1851,1079,1963,pos,0 days 00:54:13.971000,0 days 01:52:29.483000
2024-07-07 14:57:26.572,OnTrack,-1829,1110,1963,pos,0 days 00:54:14.031000,0 days 01:52:29.543000
2024-07-07 14:57:26.932,OnTrack,-1691,1295,1964,pos,0 days 00:54:14.391000,0 days 01:52:29.903000
2024-07-07 14:57:27.152,OnTrack,-1561,1462,1965,pos,0 days 00:54:14.611000,0 days 01:52:30.123000
2024-07-07 14:57:27.472,OnTrack,-1467,1579,1966,pos,0 days 00:54:14.931000,0 days 01:52:30.443000
2024-07-07 14:57:27.672,OnTrack,-1383,1687,1967,pos,0 days 00:54:15.131000,0 days 01:52:30.643000
2024-07-07 14:57:27.893,OnTrack,-1291,1810,1969,pos,0 days 00:54:15.352000,0 days 01:52:30.864000
2024-07-07 14:57:28.052,OnTrack,-1225,1901,1970,pos,0 days 00:54:15.511000,0 days 01:52:31.023000
2024-07-07 14:57:28.392,OnTrack,-1081,2099,1972,pos,0 days 00:54:15.851000,0 days 01:52:31.363000
2024-07-07 14:57:28.453,OnTrack,-1056,2134,1973,pos,0 days 00:54:15.912000,0 days 01:52:31.424000
2024-07-07 14:57:28.652,OnTrack,-970,2252,1974,pos,0 days 00:54:16.111000,0 days 01:52:31.623000
2024-07-07 14:57:28.892,OnTrack,-866,2395,1977,pos,0 days 00:54:16.351000,0 days 01:52:31.863000
2024-07-07 14:57:29.092,OnTrack,-778,2515,1979,pos,0 days 00:54:16.551000,0 days 01:52:32.063000
2024-07-07 14:57:29.412,OnTrack,-637,2712,1982,pos,0 days 00:54:16.871000,0 days 01:52:32.383000
2024-07-07 14:57:29.573,OnTrack,-568,2812,1984,pos,0 days 00:54:17.032000,0 days 01:52:32.544000
2024-07-07 14:57:29.732,OnTrack,-499,2913,1986,pos,0 days 00:54:17.191000,0 days 01:52:32.703000
2024-07-07 14:57:29.951,OnTrack,-404,3054,1988,pos,0 days 00:54:17.410000,0 days 01:52:32.922000
2024-07-07 14:57:30.231,OnTrack,-284,3236,1991,pos,0 days 00:54:17.690000,0 days 01:52:33.202000
2024-07-07 14:57:30.412,OnTrack,-205,3353,1993,pos,0 days 00:54:17.871000,0 days 01:52:33.383000
2024-07-07 14:57:30.612,OnTrack,-115,3483,1995,pos,0 days 00:54:18.071000,0 days 01:52:33.583000
2024-07-07 14:57:30.811,OnTrack,-22,3611,1997,pos,0 days 00:54:18.270000,0 days 01:52:33.782000
2024-07-07 14:57:31.051,OnTrack,146,3831,2002,pos,0 days 00:54:18.510000,0 days 01:52:34.022000
2024-07-07 14:57:31.492,OnTrack,307,4020,2007,pos,0 days 00:54:18.951000,0 days 01:52:34.463000
2024-07-07 14:57:31.732,OnTrack,427,4142,2010,pos,0 days 00:54:19.191000,0 days 01:52:34.703000
2024-07-07 14:57:31.911,OnTrack,520,4224,2011,pos,0 days 00:54:19.370000,0 days 01:52:34.882000
2024-07-07 14:57:32.072,OnTrack,672,4332,2012,pos,0 days 00:54:19.531000,0 days 01:52:35.043000
2024-07-07 14:57:32.552,OnTrack,885,4433,2014,pos,0 days 00:54:20.011000,0 days 01:52:35.523000
2024-07-07 14:57:32.672,OnTrack,961,4457,2014,pos,0 days 00:54:20.131000,0 days 01:52:35.643000
2024-07-07 14:57:32.892,OnTrack,1102,4491,2015,pos,0 days 00:54:20.351000,0 days 01:52:35.863000
2024-07-07 14:57:33.152,OnTrack,1273,4513,2016,pos,0 days 00:54:20.611000,0 days 01:52:36.123000
2024-07-07 14:57:33.392,OnTrack,1436,4519,2018,pos,0 days 00:54:20.851000,0 days 01:52:36.363000
2024-07-07 14:57:33.572,OnTrack,1559,4518,2020,pos,0 days 00:54:21.031000,0 days 01:52:36.543000
2024-07-07 14:57:33.752,OnTrack,1682,4512,2022,pos,0 days 00:54:21.211000,0 days 01:52:36.723000
2024-07-07 14:57:33.932,OnTrack,1904,4488,2025,pos,0 days 00:54:21.391000,0 days 01:52:36.903000
2024-07-07 14:57:34.292,OnTrack,2059,4466,2026,pos,0 days 00:54:21.751000,0 days 01:52:37.263000
2024-07-07 14:57:34.612,OnTrack,2374,4440,2029,pos,0 days 00:54:22.071000,0 days 01:52:37.583000
2024-07-07 14:57:35.052,OnTrack,2609,4443,2032,pos,0 days 00:54:22.511000,0 days 01:52:38.023000
2024-07-07 14:57:35.392,OnTrack,2860,4480,2036,pos,0 days 00:54:22.851000,0 days 01:52:38.363000
2024-07-07 14:57:35.533,OnTrack,2962,4507,2037,pos,0 days 00:54:22.992000,0 days 01:52:38.504000
2024-07-07 14:57:35.793,OnTrack,3144,4574,2040,pos,0 days 00:54:23.252000,0 days 01:52:38.764000
2024-07-07 14:57:36.033,OnTrack,3355,4686,2044,pos,0 days 00:54:23.492000,0 days 01:52:39.004000
2024-07-07 14:57:36.431,OnTrack,3630,4892,2048,pos,0 days 00:54:23.890000,0 days 01:52:39.402000
2024-07-07 14:57:36.791,OnTrack,3813,5068,2049,pos,0 days 00:54:24.250000,0 days 01:52:39.762000
2024-07-07 14:57:37.111,OnTrack,3918,5174,2050,pos,0 days 00:54:24.570000,0 days 01:52:40.082000
2024-07-07 14:57:37.492,OnTrack,4109,5360,2051,pos,0 days 00:54:24.951000,0 days 01:52:40.463000
2024-07-07 14:57:37.512,OnTrack,4118,5369,2051,pos,0 days 00:54:24.971000,0 days 01:52:40.483000
2024-07-07 14:57:37.792,OnTrack,4242,5484,2052,pos,0 days 00:54:25.251000,0 days 01:52:40.763000
2024-07-07 14:57:37.952,OnTrack,4307,5542,2053,pos,0 days 00:54:25.411000,0 days 01:52:40.923000
2024-07-07 14:57:38.252,OnTrack,4420,5639,2054,pos,0 days 00:54:25.711000,0 days 01:52:41.223000
2024-07-07 14:57:38.492,OnTrack,4501,5706,2054,pos,0 days 00:54:25.951000,0 days 01:52:41.463000
2024-07-07 14:57:38.532,OnTrack,4514,5716,2054,pos,0 days 00:54:25.991000,0 days 01:52:41.503000
2024-07-07 14:57:38.792,OnTrack,4593,5779,2055,pos,0 days 00:54:26.251000,0 days 01:52:41.763000
2024-07-07 14:57:38.952,OnTrack,4641,5814,2055,pos,0 days 00:54:26.411000,0 days 01:52:41.923000
2024-07-07 14:57:39.312,OnTrack,4766,5877,2054,pos,0 days 00:54:26.771000,0 days 01:52:42.283000
2024-07-07 14:57:39.652,OnTrack,4839,5895,2054,pos,0 days 00:54:27.111000,0 days 01:52:42.623000
2024-07-07 14:57:39.772,OnTrack,4873,5898,2053,pos,0 days 00:54:27.231000,0 days 01:52:42.743000
2024-07-07 14:57:40.111,OnTrack,4964,5897,2053,pos,0 days 00:54:27.570000,0 days 01:52:43.082000
2024-07-07 14:57:40.352,OnTrack,5054,5879,2053,pos,0 days 00:54:27.811000,0 days 01:52:43.323000
2024-07-07 14:57:40.632,OnTrack,5084,5869,2054,pos,0 days 00:54:28.091000,0 days 01:52:43.603000
2024-07-07 14:57:40.972,OnTrack,5159,5829,2055,pos,0 days 00:54:28.431000,0 days 01:52:43.943000
2024-07-07 14:57:41.392,OnTrack,5239,5761,2057,pos,0 days 00:54:28.851000,0 days 01:52:44.363000
2024-07-07 14:57:41.632,OnTrack,5260,5738,2058,pos,0 days 00:54:29.091000,0 days 01:52:44.603000
2024-07-07 14:57:42.012,OnTrack,5315,5648,2059,pos,0 days 00:54:29.471000,0 days 01:52:44.983000
2024-07-07 14:57:42.373,OnTrack,5351,5551,2059,pos,0 days 00:54:29.832000,0 days 01:52:45.344000
2024-07-07 14:57:42.812,OnTrack,5369,5474,2060,pos,0 days 00:54:30.271000,0 days 01:52:45.783000
2024-07-07 14:57:43.031,OnTrack,5379,5415,2060,pos,0 days 00:54:30.490000,0 days 01:52:46.002000
2024-07-07 14:57:43.251,OnTrack,5388,5317,2062,pos,0 days 00:54:30.710000,0 days 01:52:46.222000
2024-07-07 14:57:43.512,OnTrack,5392,5276,2063,pos,0 days 00:54:30.971000,0 days 01:52:46.483000
2024-07-07 14:57:43.712,OnTrack,5398,5217,2063,pos,0 days 00:54:31.171000,0 days 01:52:46.683000
2024-07-07 14:57:44.072,OnTrack,5427,5069,2066,pos,0 days 00:54:31.531000,0 days 01:52:47.043000
2024-07-07 14:57:44.451,OnTrack,5464,4978,2066,pos,0 days 00:54:31.910000,0 days 01:52:47.422000
2024-07-07 14:57:44.792,OnTrack,5513,4901,2066,pos,0 days 00:54:32.251000,0 days 01:52:47.763000
2024-07-07 14:57:45.132,OnTrack,5543,4864,2066,pos,0 days 00:54:32.591000,0 days 01:52:48.103000
2024-07-07 14:57:45.472,OnTrack,5597,4812,2065,pos,0 days 00:54:32.931000,0 days 01:52:48.443000
2024-07-07 14:57:45.652,OnTrack,5630,4786,2064,pos,0 days 00:54:33.111000,0 days 01:52:48.623000
2024-07-07 14:57:45.872,OnTrack,5693,4750,2064,pos,0 days 00:54:33.331000,0 days 01:52:48.843000
2024-07-07 14:57:46.212,OnTrack,5736,4735,2065,pos,0 days 00:54:33.671000,0 days 01:52:49.183000
2024-07-07 14:57:46.492,OnTrack,5792,4731,2064,pos,0 days 00:54:33.951000,0 days 01:52:49.463000
2024-07-07 14:57:46.712,OnTrack,5833,4741,2064,pos,0 days 00:54:34.171000,0 days 01:52:49.683000
2024-07-07 14:57:46.872,OnTrack,5865,4756,2064,pos,0 days 00:54:34.331000,0 days 01:52:49.843000
2024-07-07 14:57:47.072,OnTrack,5900,4779,2063,pos,0 days 00:54:34.531000,0 days 01:52:50.043000
2024-07-07 14:57:47.372,OnTrack,5948,4819,2064,pos,0 days 00:54:34.831000,0 days 01:52:50.343000
2024-07-07 14:57:47.552,OnTrack,5986,4858,2064,pos,0 days 00:54:35.011000,0 days 01:52:50.523000
2024-07-07 14:57:47.872,OnTrack,6021,4899,2064,pos,0 days 00:54:35.331000,0 days 01:52:50.843000
2024-07-07 14:57:48.092,OnTrack,6050,4939,2065,pos,0 days 00:54:35.551000,0 days 01:52:51.063000
2024-07-07 14:57:48.392,OnTrack,6094,5007,2065,pos,0 days 00:54:35.851000,0 days 01:52:51.363000
2024-07-07 14:57:48.652,OnTrack,6121,5054,2065,pos,0 days 00:54:36.111000,0 days 01:52:51.623000
2024-07-07 14:57:48.972,OnTrack,6171,5162,2065,pos,0 days 00:54:36.431000,0 days 01:52:51.943000
2024-07-07 14:57:49.332,OnTrack,6200,5236,2065,pos,0 days 00:54:36.791000,0 days 01:52:52.303000
2024-07-07 14:57:49.611,OnTrack,6229,5323,2065,pos,0 days 00:54:37.070000,0 days 01:52:52.582000
2024-07-07 14:57:49.791,OnTrack,6253,5406,2065,pos,0 days 00:54:37.250000,0 days 01:52:52.762000
2024-07-07 14:57:50.252,OnTrack,6298,5596,2065,pos,0 days 00:54:37.711000,0 days 01:52:53.223000
2024-07-07 14:57:50.572,OnTrack,6313,5684,2065,pos,0 days 00:54:38.031000,0 days 01:52:53.543000
2024-07-07 14:57:50.812,OnTrack,6331,5845,2064,pos,0 days 00:54:38.271000,0 days 01:52:53.783000
2024-07-07 14:57:50.911,OnTrack,6332,5896,2064,pos,0 days 00:54:38.370000,0 days 01:52:53.882000
2024-07-07 14:57:51.292,OnTrack,6323,6083,2064,pos,0 days 00:54:38.751000,0 days 01:52:54.263000
2024-07-07 14:57:51.471,OnTrack,6312,6169,2063,pos,0 days 00:54:38.930000,0 days 01:52:54.442000
2024-07-07 14:57:51.652,OnTrack,6293,6268,2063,pos,0 days 00:54:39.111000,0 days 01:52:54.623000
2024-07-07 14:57:51.791,OnTrack,6275,6342,2063,pos,0 days 00:54:39.250000,0 days 01:52:54.762000
2024-07-07 14:57:52.112,OnTrack,6181,6587,2063,pos,0 days 00:54:39.571000,0 days 01:52:55.083000
2024-07-07 14:57:52.492,OnTrack,6112,6713,2063,pos,0 days 00:54:39.951000,0 days 01:52:55.463000
2024-07-07 14:57:52.732,OnTrack,6031,6836,2064,pos,0 days 00:54:40.191000,0 days 01:52:55.703000
2024-07-07 14:57:52.832,OnTrack,5994,6886,2064,pos,0 days 00:54:40.291000,0 days 01:52:55.803000
2024-07-07 14:57:53.132,OnTrack,5806,7092,2064,pos,0 days 00:54:40.591000,0 days 01:52:56.103000
2024-07-07 14:57:53.392,OnTrack,5747,7145,2064,pos,0 days 00:54:40.851000,0 days 01:52:56.363000
2024-07-07 14:57:53.652,OnTrack,5615,7256,2064,pos,0 days 00:54:41.111000,0 days 01:52:56.623000
2024-07-07 14:57:53.952,OnTrack,5454,7381,2064,pos,0 days 00:54:41.411000,0 days 01:52:56.923000
2024-07-07 14:57:54.152,OnTrack,5344,7464,2064,pos,0 days 00:54:41.611000,0 days 01:52:57.123000
2024-07-07 14:57:54.332,OnTrack,5245,7542,2064,pos,0 days 00:54:41.791000,0 days 01:52:57.303000
2024-07-07 14:57:54.573,OnTrack,5114,7649,2064,pos,0 days 00:54:42.032000,0 days 01:52:57.544000
2024-07-07 14:57:54.772,OnTrack,5004,7740,2064,pos,0 days 00:54:42.231000,0 days 01:52:57.743000
2024-07-07 14:57:54.873,OnTrack,4957,7780,2064,pos,0 days 00:54:42.332000,0 days 01:52:57.844000
2024-07-07 14:57:55.172,OnTrack,4714,7987,2064,pos,0 days 00:54:42.631000,0 days 01:52:58.143000
2024-07-07 14:57:55.552,OnTrack,4585,8098,2065,pos,0 days 00:54:43.011000,0 days 01:52:58.523000
2024-07-07 14:57:55.792,OnTrack,4363,8288,2064,pos,0 days 00:54:43.251000,0 days 01:52:58.763000
2024-07-07 14:57:56.172,OnTrack,4224,8407,2064,pos,0 days 00:54:43.631000,0 days 01:52:59.143000
2024-07-07 14:57:56.351,OnTrack,4120,8496,2064,pos,0 days 00:54:43.810000,0 days 01:52:59.322000
2024-07-07 14:57:56.651,OnTrack,3945,8646,2063,pos,0 days 00:54:44.110000,0 days 01:52:59.622000
2024-07-07 14:57:56.852,OnTrack,3834,8743,2063,pos,0 days 00:54:44.311000,0 days 01:52:59.823000
2024-07-07 14:57:57.092,OnTrack,3629,8924,2063,pos,0 days 00:54:44.551000,0 days 01:53:00.063000
2024-07-07 14:57:57.491,OnTrack,3404,9121,2063,pos,0 days 00:54:44.950000,0 days 01:53:00.462000
2024-07-07 14:57:57.751,OnTrack,3296,9215,2064,pos,0 days 00:54:45.210000,0 days 01:53:00.722000
2024-07-07 14:57:58.092,OnTrack,3021,9457,2062,pos,0 days 00:54:45.551000,0 days 01:53:01.063000
2024-07-07 14:57:58.532,OnTrack,2827,9626,2061,pos,0 days 00:54:45.991000,0 days 01:53:01.503000
2024-07-07 14:57:58.692,OnTrack,2681,9752,2060,pos,0 days 00:54:46.151000,0 days 01:53:01.663000
2024-07-07 14:57:59.012,OnTrack,2536,9878,2058,pos,0 days 00:54:46.471000,0 days 01:53:01.983000
2024-07-07 14:57:59.172,OnTrack,2440,9963,2057,pos,0 days 00:54:46.631000,0 days 01:53:02.143000
2024-07-07 14:57:59.412,OnTrack,2313,10075,2055,pos,0 days 00:54:46.871000,0 days 01:53:02.383000
2024-07-07 14:57:59.732,OnTrack,2120,10248,2051,pos,0 days 00:54:47.191000,0 days 01:53:02.703000
2024-07-07 14:57:59.972,OnTrack,1979,10374,2049,pos,0 days 00:54:47.431000,0 days 01:53:02.943000
2024-07-07 14:58:00.192,OnTrack,1852,10488,2047,pos,0 days 00:54:47.651000,0 days 01:53:03.163000
2024-07-07 14:58:00.392,OnTrack,1739,10582,2046,pos,0 days 00:54:47.851000,0 days 01:53:03.363000
2024-07-07 14:58:00.592,OnTrack,1573,10712,2043,pos,0 days 00:54:48.051000,0 days 01:53:03.563000
2024-07-07 14:58:00.932,OnTrack,1456,10787,2041,pos,0 days 00:54:48.391000,0 days 01:53:03.903000
2024-07-07 14:58:01.073,OnTrack,1387,10825,2040,pos,0 days 00:54:48.532000,0 days 01:53:04.044000
2024-07-07 14:58:01.353,OnTrack,1254,10884,2038,pos,0 days 00:54:48.812000,0 days 01:53:04.324000
2024-07-07 14:58:01.552,OnTrack,1159,10917,2037,pos,0 days 00:54:49.011000,0 days 01:53:04.523000
2024-07-07 14:58:01.852,OnTrack,1026,10943,2035,pos,0 days 00:54:49.311000,0 days 01:53:04.823000
2024-07-07 14:58:01.933,OnTrack,991,10946,2035,pos,0 days 00:54:49.392000,0 days 01:53:04.904000
2024-07-07 14:58:02.152,OnTrack,893,10948,2035,pos,0 days 00:54:49.611000,0 days 01:53:05.123000
2024-07-07 14:58:02.453,OnTrack,724,10939,2033,pos,0 days 00:54:49.912000,0 days 01:53:05.424000
2024-07-07 14:58:02.752,OnTrack,663,10924,2033,pos,0 days 00:54:50.211000,0 days 01:53:05.723000
2024-07-07 14:58:02.931,OnTrack,595,10900,2032,pos,0 days 00:54:50.390000,0 days 01:53:05.902000
2024-07-07 14:58:03.211,OnTrack,503,10854,2032,pos,0 days 00:54:50.670000,0 days 01:53:06.182000
2024-07-07 14:58:03.491,OnTrack,396,10769,2032,pos,0 days 00:54:50.950000,0 days 01:53:06.462000
2024-07-07 14:58:03.792,OnTrack,357,10721,2032,pos,0 days 00:54:51.251000,0 days 01:53:06.763000
2024-07-07 14:58:04.092,OnTrack,290,10613,2033,pos,0 days 00:54:51.551000,0 days 01:53:07.063000
2024-07-07 14:58:04.412,OnTrack,251,10531,2033,pos,0 days 00:54:51.871000,0 days 01:53:07.383000
2024-07-07 14:58:04.712,OnTrack,210,10398,2033,pos,0 days 00:54:52.171000,0 days 01:53:07.683000
2024-07-07 14:58:05.092,OnTrack,193,10249,2033,pos,0 days 00:54:52.551000,0 days 01:53:08.063000
2024-07-07 14:58:05.572,OnTrack,185,10085,2034,pos,0 days 00:54:53.031000,0 days 01:53:08.543000
2024-07-07 14:58:05.972,OnTrack,174,9947,2035,pos,0 days 00:54:53.431000,0 days 01:53:08.943000
2024-07-07 14:58:06.052,OnTrack,170,9915,2035,pos,0 days 00:54:53.511000,0 days 01:53:09.023000
2024-07-07 14:58:06.332,OnTrack,147,9818,2036,pos,0 days 00:54:53.791000,0 days 01:53:09.303000
2024-07-07 14:58:06.612,OnTrack,84,9686,2038,pos,0 days 00:54:54.071000,0 days 01:53:09.583000
2024-07-07 14:58:06.852,OnTrack,63,9655,2039,pos,0 days 00:54:54.311000,0 days 01:53:09.823000
2024-07-07 14:58:07.152,OnTrack,0,9584,2039,pos,0 days 00:54:54.611000,0 days 01:53:10.123000
2024-07-07 14:58:07.353,OnTrack,-51,9542,2040,pos,0 days 00:54:54.812000,0 days 01:53:10.324000
2024-07-07 14:58:07.552,OnTrack,-101,9508,2040,pos,0 days 00:54:55.011000,0 days 01:53:10.523000
2024-07-07 14:58:07.772,OnTrack,-184,9468,2040,pos,0 days 00:54:55.231000,0 days 01:53:10.743000
2024-07-07 14:58:08.173,OnTrack,-290,9444,2041,pos,0 days 00:54:55.632000,0 days 01:53:11.144000
2024-07-07 14:58:08.632,OnTrack,-366,9445,2040,pos,0 days 00:54:56.091000,0 days 01:53:11.603000
2024-07-07 14:58:08.832,OnTrack,-441,9463,2040,pos,0 days 00:54:56.291000,0 days 01:53:11.803000
2024-07-07 14:58:09.312,OnTrack,-537,9517,2038,pos,0 days 00:54:56.771000,0 days 01:53:12.283000
2024-07-07 14:58:09.572,OnTrack,-560,9534,2038,pos,0 days 00:54:57.031000,0 days 01:53:12.543000
2024-07-07 14:58:09.751,OnTrack,-592,9564,2038,pos,0 days 00:54:57.210000,0 days 01:53:12.722000
2024-07-07 14:58:10.011,OnTrack,-634,9612,2036,pos,0 days 00:54:57.470000,0 days 01:53:12.982000
2024-07-07 14:58:10.291,OnTrack,-688,9694,2035,pos,0 days 00:54:57.750000,0 days 01:53:13.262000
2024-07-07 14:58:10.732,OnTrack,-727,9779,2034,pos,0 days 00:54:58.191000,0 days 01:53:13.703000
2024-07-07 14:58:10.972,OnTrack,-748,9846,2033,pos,0 days 00:54:58.431000,0 days 01:53:13.943000
2024-07-07 14:58:11.152,OnTrack,-761,9899,2033,pos,0 days 00:54:58.611000,0 days 01:53:14.123000
2024-07-07 14:58:11.371,OnTrack,-774,10013,2032,pos,0 days 00:54:58.830000,0 days 01:53:14.342000
2024-07-07 14:58:11.752,OnTrack,-772,10146,2031,pos,0 days 00:54:59.211000,0 days 01:53:14.723000
2024-07-07 14:58:12.092,OnTrack,-764,10220,2031,pos,0 days 00:54:59.551000,0 days 01:53:15.063000
2024-07-07 14:58:12.412,OnTrack,-732,10388,2030,pos,0 days 00:54:59.871000,0 days 01:53:15.383000
2024-07-07 14:58:12.692,OnTrack,-712,10459,2029,pos,0 days 00:55:00.151000,0 days 01:53:15.663000
2024-07-07 14:58:12.872,OnTrack,-696,10510,2028,pos,0 days 00:55:00.331000,0 days 01:53:15.843000
2024-07-07 14:58:13.152,OnTrack,-649,10634,2026,pos,0 days 00:55:00.611000,0 days 01:53:16.123000
2024-07-07 14:58:13.292,OnTrack,-623,10699,2025,pos,0 days 00:55:00.751000,0 days 01:53:16.263000
2024-07-07 14:58:13.512,OnTrack,-576,10803,2024,pos,0 days 00:55:00.971000,0 days 01:53:16.483000
2024-07-07 14:58:13.752,OnTrack,-518,10919,2023,pos,0 days 00:55:01.211000,0 days 01:53:16.723000
2024-07-07 14:58:14.012,OnTrack,-450,11048,2022,pos,0 days 00:55:01.471000,0 days 01:53:16.983000
2024-07-07 14:58:14.192,OnTrack,-400,11140,2021,pos,0 days 00:55:01.651000,0 days 01:53:17.163000
2024-07-07 14:58:14.392,OnTrack,-296,11315,2021,pos,0 days 00:55:01.851000,0 days 01:53:17.363000
2024-07-07 14:58:14.713,OnTrack,-234,11408,2021,pos,0 days 00:55:02.172000,0 days 01:53:17.684000
2024-07-07 14:58:14.953,OnTrack,-149,11525,2021,pos,0 days 00:55:02.412000,0 days 01:53:17.924000
2024-07-07 14:58:15.313,OnTrack,2,11712,2021,pos,0 days 00:55:02.772000,0 days 01:53:18.284000
2024-07-07 14:58:15.492,OnTrack,111,11829,2022,pos,0 days 00:55:02.951000,0 days 01:53:18.463000
2024-07-07 14:58:15.833,OnTrack,247,11963,2024,pos,0 days 00:55:03.292000,0 days 01:53:18.804000
2024-07-07 14:58:16.072,OnTrack,371,12075,2024,pos,0 days 00:55:03.531000,0 days 01:53:19.043000
2024-07-07 14:58:16.231,OnTrack,536,12207,2024,pos,0 days 00:55:03.690000,0 days 01:53:19.202000
2024-07-07 14:58:16.692,OnTrack,773,12365,2024,pos,0 days 00:55:04.151000,0 days 01:53:19.663000
2024-07-07 14:58:17.091,OnTrack,982,12471,2025,pos,0 days 00:55:04.550000,0 days 01:53:20.062000
2024-07-07 14:58:17.351,OnTrack,1188,12556,2025,pos,0 days 00:55:04.810000,0 days 01:53:20.322000
2024-07-07 14:58:17.611,OnTrack,1345,12610,2025,pos,0 days 00:55:05.070000,0 days 01:53:20.582000
2024-07-07 14:58:17.812,OnTrack,1483,12651,2025,pos,0 days 00:55:05.271000,0 days 01:53:20.783000
2024-07-07 14:58:18.052,OnTrack,1668,12698,2026,pos,0 days 00:55:05.511000,0 days 01:53:21.023000
2024-07-07 14:58:18.272,OnTrack,1833,12733,2027,pos,0 days 00:55:05.731000,0 days 01:53:21.243000
2024-07-07 14:58:18.451,OnTrack,1971,12756,2028,pos,0 days 00:55:05.910000,0 days 01:53:21.422000
2024-07-07 14:58:18.772,OnTrack,2332,12803,2030,pos,0 days 00:55:06.231000,0 days 01:53:21.743000
2024-07-07 14:58:19.212,OnTrack,2567,12829,2032,pos,0 days 00:55:06.671000,0 days 01:53:22.183000
2024-07-07 14:58:19.412,OnTrack,2805,12853,2034,pos,0 days 00:55:06.871000,0 days 01:53:22.383000
2024-07-07 14:58:19.772,OnTrack,3108,12883,2037,pos,0 days 00:55:07.231000,0 days 01:53:22.743000
2024-07-07 14:58:20.192,OnTrack,3349,12909,2039,pos,0 days 00:55:07.651000,0 days 01:53:23.163000
2024-07-07 14:58:20.312,OnTrack,3446,12920,2039,pos,0 days 00:55:07.771000,0 days 01:53:23.283000
2024-07-07 14:58:20.592,OnTrack,3768,12956,2041,pos,0 days 00:55:08.051000,0 days 01:53:23.563000
2024-07-07 14:58:20.973,OnTrack,3968,12979,2042,pos,0 days 00:55:08.432000,0 days 01:53:23.944000
2024-07-07 14:58:21.152,OnTrack,4120,12997,2043,pos,0 days 00:55:08.611000,0 days 01:53:24.123000
2024-07-07 14:58:21.452,OnTrack,4455,13041,2046,pos,0 days 00:55:08.911000,0 days 01:53:24.423000
2024-07-07 14:58:21.932,OnTrack,4788,13084,2048,pos,0 days 00:55:09.391000,0 days 01:53:24.903000
2024-07-07 14:58:22.353,OnTrack,5060,13109,2048,pos,0 days 00:55:09.812000,0 days 01:53:25.324000
2024-07-07 14:58:22.491,OnTrack,5240,13115,2049,pos,0 days 00:55:09.950000,0 days 01:53:25.462000
2024-07-07 14:58:22.811,OnTrack,5371,13106,2050,pos,0 days 00:55:10.270000,0 days 01:53:25.782000
2024-07-07 14:58:23.051,OnTrack,5522,13079,2051,pos,0 days 00:55:10.510000,0 days 01:53:26.022000
2024-07-07 14:58:23.212,OnTrack,5620,13054,2051,pos,0 days 00:55:10.671000,0 days 01:53:26.183000
2024-07-07 14:58:23.472,OnTrack,5763,13003,2052,pos,0 days 00:55:10.931000,0 days 01:53:26.443000
2024-07-07 14:58:23.772,OnTrack,5991,12880,2053,pos,0 days 00:55:11.231000,0 days 01:53:26.743000
2024-07-07 14:58:24.131,OnTrack,6107,12795,2054,pos,0 days 00:55:11.590000,0 days 01:53:27.102000
2024-07-07 14:58:24.372,OnTrack,6240,12675,2055,pos,0 days 00:55:11.831000,0 days 01:53:27.343000
2024-07-07 14:58:24.672,OnTrack,6334,12565,2056,pos,0 days 00:55:12.131000,0 days 01:53:27.643000
2024-07-07 14:58:24.932,OnTrack,6464,12350,2057,pos,0 days 00:55:12.391000,0 days 01:53:27.903000
2024-07-07 14:58:25.271,OnTrack,6520,12233,2058,pos,0 days 00:55:12.730000,0 days 01:53:28.242000
2024-07-07 14:58:25.432,OnTrack,6560,12137,2058,pos,0 days 00:55:12.891000,0 days 01:53:28.403000
2024-07-07 14:58:25.752,OnTrack,6630,11936,2060,pos,0 days 00:55:13.211000,0 days 01:53:28.723000
2024-07-07 14:58:25.992,OnTrack,6701,11687,2062,pos,0 days 00:55:13.451000,0 days 01:53:28.963000
2024-07-07 14:58:26.292,OnTrack,6729,11579,2062,pos,0 days 00:55:13.751000,0 days 01:53:29.263000
2024-07-07 14:58:26.632,OnTrack,6804,11249,2065,pos,0 days 00:55:14.091000,0 days 01:53:29.603000
2024-07-07 14:58:26.992,OnTrack,6835,11093,2066,pos,0 days 00:55:14.451000,0 days 01:53:29.963000
2024-07-07 14:58:27.152,OnTrack,6848,11014,2067,pos,0 days 00:55:14.611000,0 days 01:53:30.123000
2024-07-07 14:58:27.432,OnTrack,6881,10812,2069,pos,0 days 00:55:14.891000,0 days 01:53:30.403000
2024-07-07 14:58:27.652,OnTrack,6916,10547,2071,pos,0 days 00:55:15.111000,0 days 01:53:30.623000
2024-07-07 14:58:28.012,OnTrack,6934,10382,2072,pos,0 days 00:55:15.471000,0 days 01:53:30.983000
2024-07-07 14:58:28.252,OnTrack,6951,10201,2073,pos,0 days 00:55:15.711000,0 days 01:53:31.223000
2024-07-07 14:58:28.492,OnTrack,6965,10002,2074,pos,0 days 00:55:15.951000,0 days 01:53:31.463000
2024-07-07 14:58:28.893,OnTrack,6979,9677,2075,pos,0 days 00:55:16.352000,0 days 01:53:31.864000
2024-07-07 14:58:29.271,OnTrack,6984,9412,2075,pos,0 days 00:55:16.730000,0 days 01:53:32.242000
2024-07-07 14:58:29.472,OnTrack,6989,9255,2074,pos,0 days 00:55:16.931000,0 days 01:53:32.443000
2024-07-07 14:58:29.752,OnTrack,7005,8957,2073,pos,0 days 00:55:17.211000,0 days 01:53:32.723000
2024-07-07 14:58:30.131,OnTrack,7043,8657,2071,pos,0 days 00:55:17.590000,0 days 01:53:33.102000
2024-07-07 14:58:30.391,OnTrack,7063,8546,2070,pos,0 days 00:55:17.850000,0 days 01:53:33.362000
2024-07-07 14:58:30.772,OnTrack,7154,8168,2068,pos,0 days 00:55:18.231000,0 days 01:53:33.743000
2024-07-07 14:58:31.052,OnTrack,7196,8028,2066,pos,0 days 00:55:18.511000,0 days 01:53:34.023000
2024-07-07 14:58:31.412,OnTrack,7292,7758,2063,pos,0 days 00:55:18.871000,0 days 01:53:34.383000
2024-07-07 14:58:31.492,OnTrack,7314,7700,2061,pos,0 days 00:55:18.951000,0 days 01:53:34.463000
2024-07-07 14:58:31.811,OnTrack,7418,7443,2059,pos,0 days 00:55:19.270000,0 days 01:53:34.782000
2024-07-07 14:58:32.212,OnTrack,7489,7230,2058,pos,0 days 00:55:19.671000,0 days 01:53:35.183000
2024-07-07 14:58:32.372,OnTrack,7514,7132,2058,pos,0 days 00:55:19.831000,0 days 01:53:35.343000
2024-07-07 14:58:32.532,OnTrack,7530,7036,2058,pos,0 days 00:55:19.991000,0 days 01:53:35.503000
2024-07-07 14:58:32.732,OnTrack,7538,6917,2058,pos,0 days 00:55:20.191000,0 days 01:53:35.703000
2024-07-07 14:58:32.932,OnTrack,7533,6801,2058,pos,0 days 00:55:20.391000,0 days 01:53:35.903000
2024-07-07 14:58:33.112,OnTrack,7519,6685,2058,pos,0 days 00:55:20.571000,0 days 01:53:36.083000
2024-07-07 14:58:33.432,OnTrack,7482,6495,2059,pos,0 days 00:55:20.891000,0 days 01:53:36.403000
2024-07-07 14:58:33.512,OnTrack,7472,6447,2060,pos,0 days 00:55:20.971000,0 days 01:53:36.483000
2024-07-07 14:58:33.852,OnTrack,7421,6245,2061,pos,0 days 00:55:21.311000,0 days 01:53:36.823000
2024-07-07 14:58:34.033,OnTrack,7394,6137,2061,pos,0 days 00:55:21.492000,0 days 01:53:37.004000
2024-07-07 14:58:34.212,OnTrack,7369,6027,2062,pos,0 days 00:55:21.671000,0 days 01:53:37.183000
2024-07-07 14:58:34.412,OnTrack,7346,5906,2063,pos,0 days 00:55:21.871000,0 days 01:53:37.383000
2024-07-07 14:58:34.652,OnTrack,7320,5686,2063,pos,0 days 00:55:22.111000,0 days 01:53:37.623000
2024-07-07 14:58:34.932,OnTrack,7317,5608,2063,pos,0 days 00:55:22.391000,0 days 01:53:37.903000
2024-07-07 14:58:35.212,OnTrack,7328,5457,2062,pos,0 days 00:55:22.671000,0 days 01:53:38.183000
2024-07-07 14:58:35.413,OnTrack,7350,5352,2062,pos,0 days 00:55:22.872000,0 days 01:53:38.384000
2024-07-07 14:58:35.572,OnTrack,7376,5271,2061,pos,0 days 00:55:23.031000,0 days 01:53:38.543000
2024-07-07 14:58:35.851,OnTrack,7464,5077,2059,pos,0 days 00:55:23.310000,0 days 01:53:38.822000
2024-07-07 14:58:36.331,OnTrack,7560,4912,2056,pos,0 days 00:55:23.790000,0 days 01:53:39.302000
2024-07-07 14:58:36.472,OnTrack,7599,4849,2055,pos,0 days 00:55:23.931000,0 days 01:53:39.443000
2024-07-07 14:58:36.671,OnTrack,7650,4760,2054,pos,0 days 00:55:24.130000,0 days 01:53:39.642000
2024-07-07 14:58:36.931,OnTrack,7730,4591,2051,pos,0 days 00:55:24.390000,0 days 01:53:39.902000
2024-07-07 14:58:37.352,OnTrack,7767,4473,2050,pos,0 days 00:55:24.811000,0 days 01:53:40.323000
2024-07-07 14:58:37.552,OnTrack,7782,4390,2049,pos,0 days 00:55:25.011000,0 days 01:53:40.523000
2024-07-07 14:58:37.732,OnTrack,7788,4317,2048,pos,0 days 00:55:25.191000,0 days 01:53:40.703000
2024-07-07 14:58:37.992,OnTrack,7782,4206,2046,pos,0 days 00:55:25.451000,0 days 01:53:40.963000
2024-07-07 14:58:38.212,OnTrack,7769,4128,2044,pos,0 days 00:55:25.671000,0 days 01:53:41.183000
2024-07-07 14:58:38.492,OnTrack,7741,4023,2043,pos,0 days 00:55:25.951000,0 days 01:53:41.463000
2024-07-07 14:58:38.672,OnTrack,7718,3957,2042,pos,0 days 00:55:26.131000,0 days 01:53:41.643000
2024-07-07 14:58:38.992,OnTrack,7653,3820,2040,pos,0 days 00:55:26.451000,0 days 01:53:41.963000
2024-07-07 14:58:39.372,OnTrack,7583,3709,2039,pos,0 days 00:55:26.831000,0 days 01:53:42.343000
2024-07-07 14:58:39.472,OnTrack,7559,3676,2038,pos,0 days 00:55:26.931000,0 days 01:53:42.443000
2024-07-07 14:58:39.752,OnTrack,7481,3588,2037,pos,0 days 00:55:27.211000,0 days 01:53:42.723000
2024-07-07 14:58:40.032,OnTrack,7380,3502,2036,pos,0 days 00:55:27.491000,0 days 01:53:43.003000
2024-07-07 14:58:40.212,OnTrack,7255,3422,2033,pos,0 days 00:55:27.671000,0 days 01:53:43.183000
2024-07-07 14:58:40.632,OnTrack,7088,3333,2031,pos,0 days 00:55:28.091000,0 days 01:53:43.603000
2024-07-07 14:58:41.012,OnTrack,6882,3210,2029,pos,0 days 00:55:28.471000,0 days 01:53:43.983000
2024-07-07 14:58:41.393,OnTrack,6765,3112,2028,pos,0 days 00:55:28.852000,0 days 01:53:44.364000
2024-07-07 14:58:41.592,OnTrack,6678,3026,2028,pos,0 days 00:55:29.051000,0 days 01:53:44.563000
2024-07-07 14:58:41.832,OnTrack,6516,2850,2028,pos,0 days 00:55:29.291000,0 days 01:53:44.803000
2024-07-07 14:58:42.212,OnTrack,6420,2731,2027,pos,0 days 00:55:29.671000,0 days 01:53:45.183000
2024-07-07 14:58:42.431,OnTrack,6336,2613,2027,pos,0 days 00:55:29.890000,0 days 01:53:45.402000
2024-07-07 14:58:42.611,OnTrack,6231,2442,2026,pos,0 days 00:55:30.070000,0 days 01:53:45.582000
2024-07-07 14:58:43.052,OnTrack,6125,2250,2025,pos,0 days 00:55:30.511000,0 days 01:53:46.023000
2024-07-07 14:58:43.272,OnTrack,6032,2070,2025,pos,0 days 00:55:30.731000,0 days 01:53:46.243000
2024-07-07 14:58:43.672,OnTrack,5885,1768,2024,pos,0 days 00:55:31.131000,0 days 01:53:46.643000
2024-07-07 14:58:44.031,OnTrack,5815,1624,2023,pos,0 days 00:55:31.490000,0 days 01:53:47.002000
2024-07-07 14:58:44.192,OnTrack,5764,1519,2023,pos,0 days 00:55:31.651000,0 days 01:53:47.163000
2024-07-07 14:58:44.492,OnTrack,5668,1318,2021,pos,0 days 00:55:31.951000,0 days 01:53:47.463000
2024-07-07 14:58:44.712,OnTrack,5564,1101,2020,pos,0 days 00:55:32.171000,0 days 01:53:47.683000
2024-07-07 14:58:45.032,OnTrack,5496,958,2019,pos,0 days 00:55:32.491000,0 days 01:53:48.003000
2024-07-07 14:58:45.212,OnTrack,5440,841,2019,pos,0 days 00:55:32.671000,0 days 01:53:48.183000
2024-07-07 14:58:45.532,OnTrack,5330,612,2017,pos,0 days 00:55:32.991000,0 days 01:53:48.503000
2024-07-07 14:58:45.792,OnTrack,5195,331,2014,pos,0 days 00:55:33.251000,0 days 01:53:48.763000
2024-07-07 14:58:46.052,OnTrack,5154,247,2014,pos,0 days 00:55:33.511000,0 days 01:53:49.023000
2024-07-07 14:58:46.352,OnTrack,5050,33,2012,pos,0 days 00:55:33.811000,0 days 01:53:49.323000
2024-07-07 14:58:46.592,OnTrack,4968,-137,2011,pos,0 days 00:55:34.051000,0 days 01:53:49.563000
2024-07-07 14:58:46.712,OnTrack,4927,-223,2011,pos,0 days 00:55:34.171000,0 days 01:53:49.683000
2024-07-07 14:58:46.952,OnTrack,4844,-395,2009,pos,0 days 00:55:34.411000,0 days 01:53:49.923000
2024-07-07 14:58:47.172,OnTrack,4767,-554,2009,pos,0 days 00:55:34.631000,0 days 01:53:50.143000
2024-07-07 14:58:47.393,OnTrack,4690,-714,2008,pos,0 days 00:55:34.852000,0 days 01:53:50.364000
2024-07-07 14:58:47.572,OnTrack,4632,-834,2007,pos,0 days 00:55:35.031000,0 days 01:53:50.543000
2024-07-07 14:58:47.832,OnTrack,4512,-1082,2005,pos,0 days 00:55:35.291000,0 days 01:53:50.803000
2024-07-07 14:58:48.132,OnTrack,4434,-1243,2003,pos,0 days 00:55:35.591000,0 days 01:53:51.103000
2024-07-07 14:58:48.392,OnTrack,4340,-1433,2001,pos,0 days 00:55:35.851000,0 days 01:53:51.363000
2024-07-07 14:58:48.513,OnTrack,4297,-1521,2000,pos,0 days 00:55:35.972000,0 days 01:53:51.484000
2024-07-07 14:58:48.851,OnTrack,4173,-1770,1997,pos,0 days 00:55:36.310000,0 days 01:53:51.822000
2024-07-07 14:58:49.072,OnTrack,4041,-2032,1994,pos,0 days 00:55:36.531000,0 days 01:53:52.043000
2024-07-07 14:58:49.431,OnTrack,3960,-2191,1994,pos,0 days 00:55:36.890000,0 days 01:53:52.402000
2024-07-07 14:58:49.671,OnTrack,3874,-2358,1994,pos,0 days 00:55:37.130000,0 days 01:53:52.642000
2024-07-07 14:58:49.852,OnTrack,3765,-2567,1995,pos,0 days 00:55:37.311000,0 days 01:53:52.823000
2024-07-07 14:58:50.232,OnTrack,3667,-2750,1997,pos,0 days 00:55:37.691000,0 days 01:53:53.203000
2024-07-07 14:58:50.512,OnTrack,3560,-2945,1999,pos,0 days 00:55:37.971000,0 days 01:53:53.483000
2024-07-07 14:58:50.551,OnTrack,3545,-2973,2000,pos,0 days 00:55:38.010000,0 days 01:53:53.522000
2024-07-07 14:58:50.851,OnTrack,3427,-3178,2004,pos,0 days 00:55:38.310000,0 days 01:53:53.822000
2024-07-07 14:58:51.012,OnTrack,3362,-3286,2006,pos,0 days 00:55:38.471000,0 days 01:53:53.983000
2024-07-07 14:58:51.192,OnTrack,3289,-3403,2009,pos,0 days 00:55:38.651000,0 days 01:53:54.163000
2024-07-07 14:58:51.411,OnTrack,3197,-3533,2012,pos,0 days 00:55:38.870000,0 days 01:53:54.382000
2024-07-07 14:58:51.671,OnTrack,3089,-3668,2016,pos,0 days 00:55:39.130000,0 days 01:53:54.642000
2024-07-07 14:58:51.951,OnTrack,2940,-3825,2019,pos,0 days 00:55:39.410000,0 days 01:53:54.922000
2024-07-07 14:58:52.272,OnTrack,2775,-3949,2023,pos,0 days 00:55:39.731000,0 days 01:53:55.243000
2024-07-07 14:58:52.672,OnTrack,2658,-4014,2025,pos,0 days 00:55:40.131000,0 days 01:53:55.643000
2024-07-07 14:58:52.972,OnTrack,2499,-4076,2028,pos,0 days 00:55:40.431000,0 days 01:53:55.943000
2024-07-07 14:58:53.333,OnTrack,2327,-4111,2030,pos,0 days 00:55:40.792000,0 days 01:53:56.304000
2024-07-07 14:58:53.792,OnTrack,2121,-4106,2032,pos,0 days 00:55:41.251000,0 days 01:53:56.763000
2024-07-07 14:58:54.092,OnTrack,2041,-4092,2032,pos,0 days 00:55:41.551000,0 days 01:53:57.063000
2024-07-07 14:58:54.252,OnTrack,1971,-4074,2033,pos,0 days 00:55:41.711000,0 days 01:53:57.223000
2024-07-07 14:58:54.473,OnTrack,1877,-4040,2033,pos,0 days 00:55:41.932000,0 days 01:53:57.444000
2024-07-07 14:58:54.652,OnTrack,1801,-4004,2033,pos,0 days 00:55:42.111000,0 days 01:53:57.623000
2024-07-07 14:58:54.973,OnTrack,1670,-3923,2033,pos,0 days 00:55:42.432000,0 days 01:53:57.944000
2024-07-07 14:58:55.132,OnTrack,1608,-3874,2032,pos,0 days 00:55:42.591000,0 days 01:53:58.103000
2024-07-07 14:58:55.451,OnTrack,1447,-3714,2030,pos,0 days 00:55:42.910000,0 days 01:53:58.422000
2024-07-07 14:58:55.711,OnTrack,1399,-3656,2029,pos,0 days 00:55:43.170000,0 days 01:53:58.682000
2024-07-07 14:58:55.912,OnTrack,1335,-3567,2028,pos,0 days 00:55:43.371000,0 days 01:53:58.883000
2024-07-07 14:58:56.271,OnTrack,1229,-3391,2024,pos,0 days 00:55:43.730000,0 days 01:53:59.242000
2024-07-07 14:58:56.452,OnTrack,1156,-3255,2020,pos,0 days 00:55:43.911000,0 days 01:53:59.423000
2024-07-07 14:58:56.752,OnTrack,1093,-3136,2016,pos,0 days 00:55:44.211000,0 days 01:53:59.723000
2024-07-07 14:58:56.932,OnTrack,1039,-3037,2012,pos,0 days 00:55:44.391000,0 days 01:53:59.903000
2024-07-07 14:58:57.152,OnTrack,966,-2916,2006,pos,0 days 00:55:44.611000,0 days 01:54:00.123000
2024-07-07 14:58:57.412,OnTrack,876,-2780,2000,pos,0 days 00:55:44.871000,0 days 01:54:00.383000
2024-07-07 14:58:57.572,OnTrack,810,-2687,1995,pos,0 days 00:55:45.031000,0 days 01:54:00.543000
2024-07-07 14:58:57.852,OnTrack,697,-2533,1989,pos,0 days 00:55:45.311000,0 days 01:54:00.823000
2024-07-07 14:58:58.112,OnTrack,541,-2323,1985,pos,0 days 00:55:45.571000,0 days 01:54:01.083000
2024-07-07 14:58:58.352,OnTrack,492,-2256,1984,pos,0 days 00:55:45.811000,0 days 01:54:01.323000
2024-07-07 14:58:58.672,OnTrack,347,-2064,1985,pos,0 days 00:55:46.131000,0 days 01:54:01.643000
2024-07-07 14:58:58.892,OnTrack,210,-1889,1986,pos,0 days 00:55:46.351000,0 days 01:54:01.863000
2024-07-07 14:58:59.172,OnTrack,130,-1792,1986,pos,0 days 00:55:46.631000,0 days 01:54:02.143000
2024-07-07 14:58:59.452,OnTrack,-33,-1602,1986,pos,0 days 00:55:46.911000,0 days 01:54:02.423000
2024-07-07 14:58:59.852,OnTrack,-147,-1473,1985,pos,0 days 00:55:47.311000,0 days 01:54:02.823000
2024-07-07 14:59:00.012,OnTrack,-205,-1408,1984,pos,0 days 00:55:47.471000,0 days 01:54:02.983000
2024-07-07 14:59:00.352,OnTrack,-316,-1283,1981,pos,0 days 00:55:47.811000,0 days 01:54:03.323000
2024-07-07 14:59:00.552,OnTrack,-380,-1212,1980,pos,0 days 00:55:48.011000,0 days 01:54:03.523000
2024-07-07 14:59:00.792,OnTrack,-440,-1146,1979,pos,0 days 00:55:48.251000,0 days 01:54:03.763000
2024-07-07 14:59:01.032,OnTrack,-501,-1086,1978,pos,0 days 00:55:48.491000,0 days 01:54:04.003000
2024-07-07 14:59:01.212,OnTrack,-546,-1047,1977,pos,0 days 00:55:48.671000,0 days 01:54:04.183000
2024-07-07 14:59:01.513,OnTrack,-621,-993,1976,pos,0 days 00:55:48.972000,0 days 01:54:04.484000
2024-07-07 14:59:01.752,OnTrack,-682,-960,1975,pos,0 days 00:55:49.211000,0 days 01:54:04.723000
2024-07-07 14:59:01.951,OnTrack,-756,-931,1976,pos,0 days 00:55:49.410000,0 days 01:54:04.922000
2024-07-07 14:59:02.271,OnTrack,-809,-919,1976,pos,0 days 00:55:49.730000,0 days 01:54:05.242000
2024-07-07 14:59:02.471,OnTrack,-855,-915,1976,pos,0 days 00:55:49.930000,0 days 01:54:05.442000
2024-07-07 14:59:02.811,OnTrack,-966,-918,1977,pos,0 days 00:55:50.270000,0 days 01:54:05.782000
2024-07-07 14:59:03.192,OnTrack,-1044,-940,1978,pos,0 days 00:55:50.651000,0 days 01:54:06.163000
2024-07-07 14:59:03.532,OnTrack,-1088,-962,1978,pos,0 days 00:55:50.991000,0 days 01:54:06.503000
2024-07-07 14:59:03.812,OnTrack,-1142,-997,1979,pos,0 days 00:55:51.271000,0 days 01:54:06.783000
2024-07-07 14:59:03.972,OnTrack,-1195,-1038,1980,pos,0 days 00:55:51.431000,0 days 01:54:06.943000
2024-07-07 14:59:04.352,OnTrack,-1251,-1081,1981,pos,0 days 00:55:51.811000,0 days 01:54:07.323000
2024-07-07 14:59:04.652,OnTrack,-1353,-1142,1981,pos,0 days 00:55:52.111000,0 days 01:54:07.623000
2024-07-07 14:59:04.972,OnTrack,-1395,-1158,1981,pos,0 days 00:55:52.431000,0 days 01:54:07.943000
2024-07-07 14:59:05.152,OnTrack,-1436,-1168,1981,pos,0 days 00:55:52.611000,0 days 01:54:08.123000
2024-07-07 14:59:05.312,OnTrack,-1474,-1171,1981,pos,0 days 00:55:52.771000,0 days 01:54:08.283000
2024-07-07 14:59:05.532,OnTrack,-1526,-1168,1981,pos,0 days 00:55:52.991000,0 days 01:54:08.503000
2024-07-07 14:59:05.712,OnTrack,-1568,-1161,1980,pos,0 days 00:55:53.171000,0 days 01:54:08.683000
2024-07-07 14:59:05.952,OnTrack,-1625,-1147,1980,pos,0 days 00:55:53.411000,0 days 01:54:08.923000
2024-07-07 14:59:06.212,OnTrack,-1720,-1112,1978,pos,0 days 00:55:53.671000,0 days 01:54:09.183000
2024-07-07 14:59:06.532,OnTrack,-1763,-1091,1978,pos,0 days 00:55:53.991000,0 days 01:54:09.503000
2024-07-07 14:59:06.812,OnTrack,-1852,-1034,1977,pos,0 days 00:55:54.271000,0 days 01:54:09.783000
2024-07-07 14:59:07.292,OnTrack,-1935,-957,1976,pos,0 days 00:55:54.751000,0 days 01:54:10.263000
2024-07-07 14:59:07.493,OnTrack,-1978,-908,1976,pos,0 days 00:55:54.952000,0 days 01:54:10.464000
2024-07-07 14:59:07.692,OnTrack,-2020,-856,1975,pos,0 days 00:55:55.151000,0 days 01:54:10.663000
2024-07-07 14:59:07.852,OnTrack,-2082,-778,1975,pos,0 days 00:55:55.311000,0 days 01:54:10.823000
2024-07-07 14:59:08.172,OnTrack,-2125,-718,1974,pos,0 days 00:55:55.631000,0 days 01:54:11.143000
2024-07-07 14:59:08.511,OnTrack,-2218,-535,1974,pos,0 days 00:55:55.970000,0 days 01:54:11.482000
2024-07-07 14:59:08.932,OnTrack,-2273,-363,1972,pos,0 days 00:55:56.391000,0 days 01:54:11.903000
2024-07-07 14:59:09.291,OnTrack,-2303,-194,1969,pos,0 days 00:55:56.750000,0 days 01:54:12.262000
2024-07-07 14:59:09.692,OnTrack,-2313,-52,1968,pos,0 days 00:55:57.151000,0 days 01:54:12.663000
2024-07-07 14:59:09.932,OnTrack,-2311,64,1967,pos,0 days 00:55:57.391000,0 days 01:54:12.903000
2024-07-07 14:59:10.092,OnTrack,-2304,139,1966,pos,0 days 00:55:57.551000,0 days 01:54:13.063000
2024-07-07 14:59:10.372,OnTrack,-2262,359,1964,pos,0 days 00:55:57.831000,0 days 01:54:13.343000
2024-07-07 14:59:10.592,OnTrack,-2250,400,1964,pos,0 days 00:55:58.051000,0 days 01:54:13.563000
2024-07-07 14:59:10.912,OnTrack,-2183,565,1963,pos,0 days 00:55:58.371000,0 days 01:54:13.883000
2024-07-07 14:59:11.152,OnTrack,-2100,721,1962,pos,0 days 00:55:58.611000,0 days 01:54:14.123000
2024-07-07 14:59:11.492,OnTrack,-2017,849,1962,pos,0 days 00:55:58.951000,0 days 01:54:14.463000
2024-07-07 14:59:11.792,OnTrack,-1904,1007,1963,pos,0 days 00:55:59.251000,0 days 01:54:14.763000
2024-07-07 14:59:11.832,OnTrack,-1893,1023,1963,pos,0 days 00:55:59.291000,0 days 01:54:14.803000
2024-07-07 14:59:12.212,OnTrack,-1728,1247,1963,pos,0 days 00:55:59.671000,0 days 01:54:15.183000
2024-07-07 14:59:12.512,OnTrack,-1619,1389,1964,pos,0 days 00:55:59.971000,0 days 01:54:15.483000
2024-07-07 14:59:12.692,OnTrack,-1542,1484,1965,pos,0 days 00:56:00.151000,0 days 01:54:15.663000
2024-07-07 14:59:12.872,OnTrack,-1465,1581,1966,pos,0 days 00:56:00.331000,0 days 01:54:15.843000
2024-07-07 14:59:13.193,OnTrack,-1329,1759,1968,pos,0 days 00:56:00.652000,0 days 01:54:16.164000
2024-07-07 14:59:13.392,OnTrack,-1245,1874,1969,pos,0 days 00:56:00.851000,0 days 01:54:16.363000
2024-07-07 14:59:13.632,OnTrack,-1117,2049,1971,pos,0 days 00:56:01.091000,0 days 01:54:16.603000
2024-07-07 14:59:13.972,OnTrack,-996,2216,1974,pos,0 days 00:56:01.431000,0 days 01:54:16.943000
2024-07-07 14:59:14.252,OnTrack,-878,2378,1977,pos,0 days 00:56:01.711000,0 days 01:54:17.223000
2024-07-07 14:59:14.412,OnTrack,-741,2567,1979,pos,0 days 00:56:01.871000,0 days 01:54:17.383000
2024-07-07 14:59:14.853,OnTrack,-608,2753,1983,pos,0 days 00:56:02.312000,0 days 01:54:17.824000
2024-07-07 14:59:15.052,OnTrack,-465,2964,1986,pos,0 days 00:56:02.511000,0 days 01:54:18.023000
2024-07-07 14:59:15.511,OnTrack,-305,3204,1991,pos,0 days 00:56:02.970000,0 days 01:54:18.482000
2024-07-07 14:59:15.732,OnTrack,-226,3323,1993,pos,0 days 00:56:03.191000,0 days 01:54:18.703000
2024-07-07 14:59:15.992,OnTrack,-109,3492,1995,pos,0 days 00:56:03.451000,0 days 01:54:18.963000
2024-07-07 14:59:16.151,OnTrack,-34,3595,1997,pos,0 days 00:56:03.610000,0 days 01:54:19.122000
2024-07-07 14:59:16.352,OnTrack,60,3723,1999,pos,0 days 00:56:03.811000,0 days 01:54:19.323000
2024-07-07 14:59:16.612,OnTrack,190,3885,2004,pos,0 days 00:56:04.071000,0 days 01:54:19.583000
2024-07-07 14:59:16.792,OnTrack,281,3991,2006,pos,0 days 00:56:04.251000,0 days 01:54:19.763000
2024-07-07 14:59:17.012,OnTrack,381,4096,2009,pos,0 days 00:56:04.471000,0 days 01:54:19.983000
2024-07-07 14:59:17.211,OnTrack,481,4192,2011,pos,0 days 00:56:04.670000,0 days 01:54:20.182000
2024-07-07 14:59:17.552,OnTrack,670,4331,2012,pos,0 days 00:56:05.011000,0 days 01:54:20.523000
2024-07-07 14:59:17.712,OnTrack,766,4383,2013,pos,0 days 00:56:05.171000,0 days 01:54:20.683000
2024-07-07 14:59:17.912,OnTrack,891,4435,2014,pos,0 days 00:56:05.371000,0 days 01:54:20.883000
2024-07-07 14:59:17.992,OnTrack,942,4452,2014,pos,0 days 00:56:05.451000,0 days 01:54:20.963000
2024-07-07 14:59:18.332,OnTrack,1262,4512,2016,pos,0 days 00:56:05.791000,0 days 01:54:21.303000
2024-07-07 14:59:18.792,OnTrack,1526,4519,2019,pos,0 days 00:56:06.251000,0 days 01:54:21.763000
2024-07-07 14:59:19.132,OnTrack,1819,4499,2024,pos,0 days 00:56:06.591000,0 days 01:54:22.103000
2024-07-07 14:59:19.412,OnTrack,1918,4486,2025,pos,0 days 00:56:06.871000,0 days 01:54:22.383000
2024-07-07 14:59:19.812,OnTrack,2305,4442,2028,pos,0 days 00:56:07.271000,0 days 01:54:22.783000
2024-07-07 14:59:20.072,OnTrack,2385,4440,2029,pos,0 days 00:56:07.531000,0 days 01:54:23.043000
2024-07-07 14:59:20.372,OnTrack,2706,4452,2033,pos,0 days 00:56:07.831000,0 days 01:54:23.343000
2024-07-07 14:59:20.812,OnTrack,2938,4500,2037,pos,0 days 00:56:08.271000,0 days 01:54:23.783000
2024-07-07 14:59:21.052,OnTrack,3148,4575,2040,pos,0 days 00:56:08.511000,0 days 01:54:24.023000
2024-07-07 14:59:21.292,OnTrack,3267,4634,2042,pos,0 days 00:56:08.751000,0 days 01:54:24.263000
2024-07-07 14:59:21.472,OnTrack,3383,4703,2044,pos,0 days 00:56:08.931000,0 days 01:54:24.443000
2024-07-07 14:59:21.791,OnTrack,3570,4841,2048,pos,0 days 00:56:09.250000,0 days 01:54:24.762000
2024-07-07 14:59:22.032,OnTrack,3710,4966,2049,pos,0 days 00:56:09.491000,0 days 01:54:25.003000
2024-07-07 14:59:22.091,OnTrack,3742,4997,2049,pos,0 days 00:56:09.550000,0 days 01:54:25.062000
2024-07-07 14:59:22.452,OnTrack,3933,5189,2050,pos,0 days 00:56:09.911000,0 days 01:54:25.423000
2024-07-07 14:59:22.651,OnTrack,4068,5322,2051,pos,0 days 00:56:10.110000,0 days 01:54:25.622000
2024-07-07 14:59:22.931,OnTrack,4176,5423,2052,pos,0 days 00:56:10.390000,0 days 01:54:25.902000
2024-07-07 14:59:23.171,OnTrack,4285,5522,2053,pos,0 days 00:56:10.630000,0 days 01:54:26.142000
2024-07-07 14:59:23.491,OnTrack,4468,5679,2054,pos,0 days 00:56:10.950000,0 days 01:54:26.462000
2024-07-07 14:59:23.771,OnTrack,4517,5719,2054,pos,0 days 00:56:11.230000,0 days 01:54:26.742000
2024-07-07 14:59:24.112,OnTrack,4637,5811,2055,pos,0 days 00:56:11.571000,0 days 01:54:27.083000
2024-07-07 14:59:24.352,OnTrack,4698,5848,2055,pos,0 days 00:56:11.811000,0 days 01:54:27.323000
2024-07-07 14:59:24.552,OnTrack,4760,5875,2054,pos,0 days 00:56:12.011000,0 days 01:54:27.523000
2024-07-07 14:59:24.812,OnTrack,4838,5895,2054,pos,0 days 00:56:12.271000,0 days 01:54:27.783000
2024-07-07 14:59:25.012,OnTrack,4896,5900,2053,pos,0 days 00:56:12.471000,0 days 01:54:27.983000
2024-07-07 14:59:25.332,OnTrack,4986,5895,2053,pos,0 days 00:56:12.791000,0 days 01:54:28.303000
2024-07-07 14:59:25.512,OnTrack,5059,5878,2054,pos,0 days 00:56:12.971000,0 days 01:54:28.483000
2024-07-07 14:59:25.912,OnTrack,5120,5852,2054,pos,0 days 00:56:13.371000,0 days 01:54:28.883000
2024-07-07 14:59:26.192,OnTrack,5185,5810,2056,pos,0 days 00:56:13.651000,0 days 01:54:29.163000
2024-07-07 14:59:26.573,OnTrack,5238,5762,2057,pos,0 days 00:56:14.032000,0 days 01:54:29.544000
2024-07-07 14:59:26.813,OnTrack,5283,5707,2058,pos,0 days 00:56:14.272000,0 days 01:54:29.784000
2024-07-07 14:59:27.172,OnTrack,5313,5653,2059,pos,0 days 00:56:14.631000,0 days 01:54:30.143000
2024-07-07 14:59:27.373,OnTrack,5341,5585,2059,pos,0 days 00:56:14.832000,0 days 01:54:30.344000
2024-07-07 14:59:27.812,OnTrack,5366,5493,2060,pos,0 days 00:56:15.271000,0 days 01:54:30.783000
2024-07-07 14:59:28.193,OnTrack,5380,5403,2060,pos,0 days 00:56:15.652000,0 days 01:54:31.164000
2024-07-07 14:59:28.472,OnTrack,5388,5318,2062,pos,0 days 00:56:15.931000,0 days 01:54:31.443000
2024-07-07 14:59:28.691,OnTrack,5394,5258,2063,pos,0 days 00:56:16.150000,0 days 01:54:31.662000
2024-07-07 14:59:28.992,OnTrack,5399,5196,2064,pos,0 days 00:56:16.451000,0 days 01:54:31.963000
2024-07-07 14:59:29.211,OnTrack,5411,5134,2065,pos,0 days 00:56:16.670000,0 days 01:54:32.182000
2024-07-07 14:59:29.392,OnTrack,5425,5077,2065,pos,0 days 00:56:16.851000,0 days 01:54:32.363000
2024-07-07 14:59:29.612,OnTrack,5460,4985,2066,pos,0 days 00:56:17.071000,0 days 01:54:32.583000
2024-07-07 14:59:29.991,OnTrack,5495,4926,2066,pos,0 days 00:56:17.450000,0 days 01:54:32.962000
2024-07-07 14:59:30.232,OnTrack,5550,4857,2065,pos,0 days 00:56:17.691000,0 days 01:54:33.203000
2024-07-07 14:59:30.652,OnTrack,5599,4811,2065,pos,0 days 00:56:18.111000,0 days 01:54:33.623000
2024-07-07 14:59:30.851,OnTrack,5633,4785,2064,pos,0 days 00:56:18.310000,0 days 01:54:33.822000
2024-07-07 14:59:31.092,OnTrack,5675,4759,2064,pos,0 days 00:56:18.551000,0 days 01:54:34.063000
2024-07-07 14:59:31.332,OnTrack,5718,4740,2065,pos,0 days 00:56:18.791000,0 days 01:54:34.303000
2024-07-07 14:59:31.492,OnTrack,5773,4731,2064,pos,0 days 00:56:18.951000,0 days 01:54:34.463000
2024-07-07 14:59:31.832,OnTrack,5810,4735,2064,pos,0 days 00:56:19.291000,0 days 01:54:34.803000
2024-07-07 14:59:32.132,OnTrack,5883,4768,2063,pos,0 days 00:56:19.591000,0 days 01:54:35.103000
2024-07-07 14:59:32.412,OnTrack,5909,4786,2063,pos,0 days 00:56:19.871000,0 days 01:54:35.383000
2024-07-07 14:59:32.692,OnTrack,5952,4824,2064,pos,0 days 00:56:20.151000,0 days 01:54:35.663000
2024-07-07 14:59:32.992,OnTrack,5997,4870,2064,pos,0 days 00:56:20.451000,0 days 01:54:35.963000
2024-07-07 14:59:33.052,OnTrack,6005,4880,2064,pos,0 days 00:56:20.511000,0 days 01:54:36.023000
2024-07-07 14:59:33.252,OnTrack,6034,4916,2064,pos,0 days 00:56:20.711000,0 days 01:54:36.223000
2024-07-07 14:59:33.592,OnTrack,6082,4986,2065,pos,0 days 00:56:21.051000,0 days 01:54:36.563000
2024-07-07 14:59:33.832,OnTrack,6116,5045,2065,pos,0 days 00:56:21.291000,0 days 01:54:36.803000
2024-07-07 14:59:34.092,OnTrack,6147,5105,2065,pos,0 days 00:56:21.551000,0 days 01:54:37.063000
2024-07-07 14:59:34.412,OnTrack,6184,5194,2065,pos,0 days 00:56:21.871000,0 days 01:54:37.383000
2024-07-07 14:59:34.612,OnTrack,6206,5254,2065,pos,0 days 00:56:22.071000,0 days 01:54:37.583000
2024-07-07 14:59:34.831,OnTrack,6229,5324,2065,pos,0 days 00:56:22.290000,0 days 01:54:37.802000
2024-07-07 14:59:35.052,OnTrack,6250,5397,2064,pos,0 days 00:56:22.511000,0 days 01:54:38.023000
2024-07-07 14:59:35.092,OnTrack,6255,5415,2065,pos,0 days 00:56:22.551000,0 days 01:54:38.063000
2024-07-07 14:59:35.352,OnTrack,6280,5512,2065,pos,0 days 00:56:22.811000,0 days 01:54:38.323000
2024-07-07 14:59:35.652,OnTrack,6312,5674,2065,pos,0 days 00:56:23.111000,0 days 01:54:38.623000
2024-07-07 14:59:35.932,OnTrack,6328,5802,2064,pos,0 days 00:56:23.391000,0 days 01:54:38.903000
2024-07-07 14:59:36.271,OnTrack,6330,5989,2064,pos,0 days 00:56:23.730000,0 days 01:54:39.242000
2024-07-07 14:59:36.672,OnTrack,6308,6193,2063,pos,0 days 00:56:24.131000,0 days 01:54:39.643000
2024-07-07 14:59:36.932,OnTrack,6286,6298,2063,pos,0 days 00:56:24.391000,0 days 01:54:39.903000
2024-07-07 14:59:37.192,OnTrack,6217,6508,2062,pos,0 days 00:56:24.651000,0 days 01:54:40.163000
2024-07-07 14:59:37.712,OnTrack,6116,6706,2063,pos,0 days 00:56:25.171000,0 days 01:54:40.683000
2024-07-07 14:59:37.912,OnTrack,6037,6828,2063,pos,0 days 00:56:25.371000,0 days 01:54:40.883000
2024-07-07 14:59:38.312,OnTrack,5878,7020,2064,pos,0 days 00:56:25.771000,0 days 01:54:41.283000
2024-07-07 14:59:38.692,OnTrack,5680,7202,2064,pos,0 days 00:56:26.151000,0 days 01:54:41.663000
2024-07-07 14:59:39.012,OnTrack,5555,7303,2064,pos,0 days 00:56:26.471000,0 days 01:54:41.983000
2024-07-07 14:59:39.272,OnTrack,5414,7412,2064,pos,0 days 00:56:26.731000,0 days 01:54:42.243000
2024-07-07 14:59:39.512,OnTrack,5227,7557,2064,pos,0 days 00:56:26.971000,0 days 01:54:42.483000
2024-07-07 14:59:39.932,OnTrack,4997,7746,2064,pos,0 days 00:56:27.391000,0 days 01:54:42.903000
2024-07-07 14:59:40.232,OnTrack,4898,7829,2064,pos,0 days 00:56:27.691000,0 days 01:54:43.203000
2024-07-07 14:59:40.512,OnTrack,4744,7961,2064,pos,0 days 00:56:27.971000,0 days 01:54:43.483000
2024-07-07 14:59:40.713,OnTrack,4633,8057,2065,pos,0 days 00:56:28.172000,0 days 01:54:43.684000
2024-07-07 14:59:40.912,OnTrack,4520,8153,2065,pos,0 days 00:56:28.371000,0 days 01:54:43.883000
2024-07-07 14:59:41.072,OnTrack,4436,8225,2064,pos,0 days 00:56:28.531000,0 days 01:54:44.043000
2024-07-07 14:59:41.273,OnTrack,4315,8329,2064,pos,0 days 00:56:28.732000,0 days 01:54:44.244000
2024-07-07 14:59:41.451,OnTrack,4211,8418,2064,pos,0 days 00:56:28.910000,0 days 01:54:44.422000
2024-07-07 14:59:41.671,OnTrack,4083,8528,2063,pos,0 days 00:56:29.130000,0 days 01:54:44.642000
2024-07-07 14:59:41.931,OnTrack,3930,8659,2063,pos,0 days 00:56:29.390000,0 days 01:54:44.902000
2024-07-07 14:59:42.112,OnTrack,3824,8751,2063,pos,0 days 00:56:29.571000,0 days 01:54:45.083000
2024-07-07 14:59:42.311,OnTrack,3707,8855,2063,pos,0 days 00:56:29.770000,0 days 01:54:45.282000
2024-07-07 14:59:42.652,OnTrack,3506,9031,2063,pos,0 days 00:56:30.111000,0 days 01:54:45.623000
2024-07-07 14:59:42.831,OnTrack,3351,9167,2064,pos,0 days 00:56:30.290000,0 days 01:54:45.802000
2024-07-07 14:59:43.132,OnTrack,3220,9282,2064,pos,0 days 00:56:30.591000,0 days 01:54:46.103000
2024-07-07 14:59:43.351,OnTrack,3089,9397,2063,pos,0 days 00:56:30.810000,0 days 01:54:46.322000
2024-07-07 14:59:43.512,OnTrack,2994,9480,2062,pos,0 days 00:56:30.971000,0 days 01:54:46.483000
2024-07-07 14:59:43.832,OnTrack,2730,9709,2060,pos,0 days 00:56:31.291000,0 days 01:54:46.803000
2024-07-07 14:59:44.152,OnTrack,2610,9814,2059,pos,0 days 00:56:31.611000,0 days 01:54:47.123000
2024-07-07 14:59:44.332,OnTrack,2503,9908,2058,pos,0 days 00:56:31.791000,0 days 01:54:47.303000
2024-07-07 14:59:44.652,OnTrack,2308,10080,2055,pos,0 days 00:56:32.111000,0 days 01:54:47.623000
2024-07-07 14:59:44.832,OnTrack,2202,10175,2053,pos,0 days 00:56:32.291000,0 days 01:54:47.803000
2024-07-07 14:59:45.012,OnTrack,2102,10264,2051,pos,0 days 00:56:32.471000,0 days 01:54:47.983000
2024-07-07 14:59:45.272,OnTrack,1909,10437,2048,pos,0 days 00:56:32.731000,0 days 01:54:48.243000
2024-07-07 14:59:45.593,OnTrack,1765,10561,2046,pos,0 days 00:56:33.052000,0 days 01:54:48.564000
2024-07-07 14:59:45.792,OnTrack,1657,10648,2045,pos,0 days 00:56:33.251000,0 days 01:54:48.763000
2024-07-07 14:59:46.032,OnTrack,1472,10777,2041,pos,0 days 00:56:33.491000,0 days 01:54:49.003000
2024-07-07 14:59:46.492,OnTrack,1318,10859,2039,pos,0 days 00:56:33.951000,0 days 01:54:49.463000
2024-07-07 14:59:46.652,OnTrack,1247,10887,2038,pos,0 days 00:56:34.111000,0 days 01:54:49.623000
2024-07-07 14:59:46.953,OnTrack,1104,10931,2036,pos,0 days 00:56:34.412000,0 days 01:54:49.924000
2024-07-07 14:59:47.112,OnTrack,1034,10943,2035,pos,0 days 00:56:34.571000,0 days 01:54:50.083000
2024-07-07 14:59:47.293,OnTrack,953,10948,2035,pos,0 days 00:56:34.752000,0 days 01:54:50.264000
2024-07-07 14:59:47.472,OnTrack,872,10948,2034,pos,0 days 00:56:34.931000,0 days 01:54:50.443000
2024-07-07 14:59:47.793,OnTrack,740,10941,2033,pos,0 days 00:56:35.252000,0 days 01:54:50.764000
2024-07-07 14:59:48.011,OnTrack,633,10914,2032,pos,0 days 00:56:35.470000,0 days 01:54:50.982000
2024-07-07 14:59:48.372,OnTrack,506,10856,2032,pos,0 days 00:56:35.831000,0 days 01:54:51.343000
2024-07-07 14:59:48.831,OnTrack,411,10785,2032,pos,0 days 00:56:36.290000,0 days 01:54:51.802000
2024-07-07 14:59:48.992,OnTrack,376,10745,2032,pos,0 days 00:56:36.451000,0 days 01:54:51.963000
2024-07-07 14:59:49.232,OnTrack,329,10680,2032,pos,0 days 00:56:36.691000,0 days 01:54:52.203000
2024-07-07 14:59:49.272,OnTrack,322,10669,2032,pos,0 days 00:56:36.731000,0 days 01:54:52.243000
2024-07-07 14:59:49.651,OnTrack,249,10527,2033,pos,0 days 00:56:37.110000,0 days 01:54:52.622000
2024-07-07 14:59:49.931,OnTrack,228,10471,2033,pos,0 days 00:56:37.390000,0 days 01:54:52.902000
2024-07-07 14:59:50.132,OnTrack,211,10406,2033,pos,0 days 00:56:37.591000,0 days 01:54:53.103000
2024-07-07 14:59:50.392,OnTrack,198,10312,2033,pos,0 days 00:56:37.851000,0 days 01:54:53.363000
2024-07-07 14:59:50.692,OnTrack,190,10199,2034,pos,0 days 00:56:38.151000,0 days 01:54:53.663000
2024-07-07 14:59:50.852,OnTrack,187,10136,2034,pos,0 days 00:56:38.311000,0 days 01:54:53.823000
2024-07-07 14:59:51.032,OnTrack,183,10062,2034,pos,0 days 00:56:38.491000,0 days 01:54:54.003000
2024-07-07 14:59:51.272,OnTrack,175,9961,2035,pos,0 days 00:56:38.731000,0 days 01:54:54.243000
2024-07-07 14:59:51.432,OnTrack,167,9896,2035,pos,0 days 00:56:38.891000,0 days 01:54:54.403000
2024-07-07 14:59:52.472,OnTrack,21,9606,2039,pos,0 days 00:56:39.931000,0 days 01:54:55.443000
2024-07-07 14:59:52.632,OnTrack,-16,9570,2039,pos,0 days 00:56:40.091000,0 days 01:54:55.603000
2024-07-07 14:59:52.953,OnTrack,-117,9500,2040,pos,0 days 00:56:40.412000,0 days 01:54:55.924000
2024-07-07 14:59:53.213,OnTrack,-155,9480,2040,pos,0 days 00:56:40.672000,0 days 01:54:56.184000
2024-07-07 14:59:53.572,OnTrack,-265,9447,2041,pos,0 days 00:56:41.031000,0 days 01:54:56.543000
2024-07-07 14:59:53.793,OnTrack,-294,9443,2041,pos,0 days 00:56:41.252000,0 days 01:54:56.764000
2024-07-07 14:59:54.192,OnTrack,-414,9454,2040,pos,0 days 00:56:41.651000,0 days 01:54:57.163000
2024-07-07 14:59:54.452,OnTrack,-444,9465,2040,pos,0 days 00:56:41.911000,0 days 01:54:57.423000
2024-07-07 14:59:54.691,OnTrack,-493,9488,2039,pos,0 days 00:56:42.150000,0 days 01:54:57.662000
2024-07-07 14:59:54.872,OnTrack,-528,9510,2039,pos,0 days 00:56:42.331000,0 days 01:54:57.843000
2024-07-07 14:59:55.132,OnTrack,-576,9549,2038,pos,0 days 00:56:42.591000,0 days 01:54:58.103000
2024-07-07 14:59:55.331,OnTrack,-611,9583,2037,pos,0 days 00:56:42.790000,0 days 01:54:58.302000
2024-07-07 14:59:55.591,OnTrack,-660,9647,2036,pos,0 days 00:56:43.050000,0 days 01:54:58.562000
2024-07-07 14:59:56.012,OnTrack,-706,9731,2035,pos,0 days 00:56:43.471000,0 days 01:54:58.983000
2024-07-07 14:59:56.212,OnTrack,-732,9792,2033,pos,0 days 00:56:43.671000,0 days 01:54:59.183000
2024-07-07 14:59:56.532,OnTrack,-754,9870,2033,pos,0 days 00:56:43.991000,0 days 01:54:59.503000
2024-07-07 14:59:56.691,OnTrack,-764,9917,2033,pos,0 days 00:56:44.150000,0 days 01:54:59.662000
2024-07-07 14:59:56.872,OnTrack,-772,9972,2032,pos,0 days 00:56:44.331000,0 days 01:54:59.843000
2024-07-07 14:59:57.192,OnTrack,-773,10123,2031,pos,0 days 00:56:44.651000,0 days 01:55:00.163000
2024-07-07 14:59:57.672,OnTrack,-754,10286,2030,pos,0 days 00:56:45.131000,0 days 01:55:00.643000
2024-07-07 14:59:58.012,OnTrack,-737,10368,2030,pos,0 days 00:56:45.471000,0 days 01:55:00.983000
2024-07-07 14:59:58.292,OnTrack,-696,10510,2028,pos,0 days 00:56:45.751000,0 days 01:55:01.263000
2024-07-07 14:59:58.592,OnTrack,-667,10590,2027,pos,0 days 00:56:46.051000,0 days 01:55:01.563000
2024-07-07 14:59:58.812,OnTrack,-629,10685,2025,pos,0 days 00:56:46.271000,0 days 01:55:01.783000
2024-07-07 14:59:59.092,OnTrack,-550,10857,2023,pos,0 days 00:56:46.551000,0 days 01:55:02.063000
2024-07-07 14:59:59.493,OnTrack,-476,10999,2022,pos,0 days 00:56:46.952000,0 days 01:55:02.464000
2024-07-07 14:59:59.733,OnTrack,-416,11112,2021,pos,0 days 00:56:47.192000,0 days 01:55:02.704000
2024-07-07 14:59:59.932,OnTrack,-320,11277,2021,pos,0 days 00:56:47.391000,0 days 01:55:02.903000
2024-07-07 15:00:00.192,OnTrack,-275,11348,2021,pos,0 days 00:56:47.651000,0 days 01:55:03.163000
2024-07-07 15:00:00.392,OnTrack,-205,11449,2021,pos,0 days 00:56:47.851000,0 days 01:55:03.363000
2024-07-07 15:00:00.732,OnTrack,-25,11680,2021,pos,0 days 00:56:48.191000,0 days 01:55:03.703000
2024-07-07 15:00:00.992,OnTrack,34,11749,2021,pos,0 days 00:56:48.451000,0 days 01:55:03.963000
2024-07-07 15:00:01.212,OnTrack,136,11855,2022,pos,0 days 00:56:48.671000,0 days 01:55:04.183000
2024-07-07 15:00:01.591,OnTrack,375,12079,2024,pos,0 days 00:56:49.050000,0 days 01:55:04.562000
2024-07-07 15:00:01.891,OnTrack,484,12167,2024,pos,0 days 00:56:49.350000,0 days 01:55:04.862000
2024-07-07 15:00:02.131,OnTrack,691,12315,2024,pos,0 days 00:56:49.590000,0 days 01:55:05.102000
2024-07-07 15:00:02.472,OnTrack,820,12391,2024,pos,0 days 00:56:49.931000,0 days 01:55:05.443000
2024-07-07 15:00:02.671,OnTrack,958,12460,2025,pos,0 days 00:56:50.130000,0 days 01:55:05.642000
2024-07-07 15:00:02.912,OnTrack,1217,12567,2025,pos,0 days 00:56:50.371000,0 days 01:55:05.883000
2024-07-07 15:00:03.432,OnTrack,1489,12653,2025,pos,0 days 00:56:50.891000,0 days 01:55:06.403000
2024-07-07 15:00:03.612,OnTrack,1622,12687,2025,pos,0 days 00:56:51.071000,0 days 01:55:06.583000
2024-07-07 15:00:03.832,OnTrack,1786,12723,2026,pos,0 days 00:56:51.291000,0 days 01:55:06.803000
2024-07-07 15:00:04.012,OnTrack,1968,12756,2028,pos,0 days 00:56:51.471000,0 days 01:55:06.983000
2024-07-07 15:00:04.432,OnTrack,2239,12793,2029,pos,0 days 00:56:51.891000,0 days 01:55:07.403000
2024-07-07 15:00:04.632,OnTrack,2394,12810,2030,pos,0 days 00:56:52.091000,0 days 01:55:07.603000
2024-07-07 15:00:04.832,OnTrack,2551,12827,2032,pos,0 days 00:56:52.291000,0 days 01:55:07.803000
2024-07-07 15:00:04.992,OnTrack,2677,12840,2033,pos,0 days 00:56:52.451000,0 days 01:55:07.963000
2024-07-07 15:00:05.212,OnTrack,2946,12867,2036,pos,0 days 00:56:52.671000,0 days 01:55:08.183000
2024-07-07 15:00:05.592,OnTrack,3151,12888,2037,pos,0 days 00:56:53.051000,0 days 01:55:08.563000
2024-07-07 15:00:05.872,OnTrack,3374,12912,2039,pos,0 days 00:56:53.331000,0 days 01:55:08.843000
2024-07-07 15:00:06.033,OnTrack,3580,12935,2040,pos,0 days 00:56:53.492000,0 days 01:55:09.004000
2024-07-07 15:00:06.412,OnTrack,3802,12960,2041,pos,0 days 00:56:53.871000,0 days 01:55:09.383000
2024-07-07 15:00:06.632,OnTrack,3977,12980,2042,pos,0 days 00:56:54.091000,0 days 01:55:09.603000
2024-07-07 15:00:07.393,OnTrack,4580,13058,2046,pos,0 days 00:56:54.852000,0 days 01:55:10.364000
2024-07-07 15:00:07.572,OnTrack,4722,13076,2047,pos,0 days 00:56:55.031000,0 days 01:55:10.543000
2024-07-07 15:00:07.891,OnTrack,4973,13102,2048,pos,0 days 00:56:55.350000,0 days 01:55:10.862000
2024-07-07 15:00:08.051,OnTrack,5093,13111,2049,pos,0 days 00:56:55.510000,0 days 01:55:11.022000
2024-07-07 15:00:08.331,OnTrack,5337,13109,2050,pos,0 days 00:56:55.790000,0 days 01:55:11.302000
2024-07-07 15:00:08.752,OnTrack,5611,13056,2051,pos,0 days 00:56:56.211000,0 days 01:55:11.723000
2024-07-07 15:00:09.132,OnTrack,5823,12976,2052,pos,0 days 00:56:56.591000,0 days 01:55:12.103000
2024-07-07 15:00:09.552,OnTrack,5984,12885,2053,pos,0 days 00:56:57.011000,0 days 01:55:12.523000
2024-07-07 15:00:09.771,OnTrack,6138,12769,2055,pos,0 days 00:56:57.230000,0 days 01:55:12.742000
2024-07-07 15:00:10.192,OnTrack,6256,12658,2055,pos,0 days 00:56:57.651000,0 days 01:55:13.163000
2024-07-07 15:00:10.412,OnTrack,6376,12504,2056,pos,0 days 00:56:57.871000,0 days 01:55:13.383000
2024-07-07 15:00:10.772,OnTrack,6474,12330,2057,pos,0 days 00:56:58.231000,0 days 01:55:13.743000
2024-07-07 15:00:11.172,OnTrack,6565,12121,2058,pos,0 days 00:56:58.631000,0 days 01:55:14.143000
2024-07-07 15:00:11.472,OnTrack,6595,12040,2059,pos,0 days 00:56:58.931000,0 days 01:55:14.443000
2024-07-07 15:00:11.852,OnTrack,6679,11767,2061,pos,0 days 00:56:59.311000,0 days 01:55:14.823000
2024-07-07 15:00:12.132,OnTrack,6709,11656,2062,pos,0 days 00:56:59.591000,0 days 01:55:15.103000
2024-07-07 15:00:12.293,OnTrack,6732,11563,2062,pos,0 days 00:56:59.752000,0 days 01:55:15.264000
2024-07-07 15:00:12.573,OnTrack,6771,11399,2064,pos,0 days 00:57:00.032000,0 days 01:55:15.544000
2024-07-07 15:00:12.732,OnTrack,6792,11306,2065,pos,0 days 00:57:00.191000,0 days 01:55:15.703000
2024-07-07 15:00:13.012,OnTrack,6836,11083,2066,pos,0 days 00:57:00.471000,0 days 01:55:15.983000
2024-07-07 15:00:13.373,OnTrack,6856,10972,2067,pos,0 days 00:57:00.832000,0 days 01:55:16.344000
2024-07-07 15:00:13.633,OnTrack,6880,10820,2068,pos,0 days 00:57:01.092000,0 days 01:55:16.604000
2024-07-07 15:00:13.732,OnTrack,6888,10762,2069,pos,0 days 00:57:01.191000,0 days 01:55:16.703000
2024-07-07 15:00:13.973,OnTrack,6906,10627,2070,pos,0 days 00:57:01.432000,0 days 01:55:16.944000
2024-07-07 15:00:14.311,OnTrack,6930,10421,2071,pos,0 days 00:57:01.770000,0 days 01:55:17.282000
2024-07-07 15:00:14.492,OnTrack,6941,10315,2072,pos,0 days 00:57:01.951000,0 days 01:55:17.463000
2024-07-07 15:00:14.591,OnTrack,6946,10261,2073,pos,0 days 00:57:02.050000,0 days 01:55:17.562000
2024-07-07 15:00:14.851,OnTrack,6959,10101,2073,pos,0 days 00:57:02.310000,0 days 01:55:17.822000
2024-07-07 15:00:15.092,OnTrack,6967,9958,2074,pos,0 days 00:57:02.551000,0 days 01:55:18.063000
2024-07-07 15:00:15.352,OnTrack,6977,9730,2075,pos,0 days 00:57:02.811000,0 days 01:55:18.323000
2024-07-07 15:00:15.711,OnTrack,6980,9584,2075,pos,0 days 00:57:03.170000,0 days 01:55:18.682000
2024-07-07 15:00:15.972,OnTrack,6984,9423,2075,pos,0 days 00:57:03.431000,0 days 01:55:18.943000
2024-07-07 15:00:16.172,OnTrack,6987,9304,2074,pos,0 days 00:57:03.631000,0 days 01:55:19.143000
2024-07-07 15:00:16.412,OnTrack,6996,9095,2073,pos,0 days 00:57:03.871000,0 days 01:55:19.383000
2024-07-07 15:00:16.812,OnTrack,7010,8909,2072,pos,0 days 00:57:04.271000,0 days 01:55:19.783000
2024-07-07 15:00:17.012,OnTrack,7037,8696,2071,pos,0 days 00:57:04.471000,0 days 01:55:19.983000
2024-07-07 15:00:17.432,OnTrack,7095,8398,2069,pos,0 days 00:57:04.891000,0 days 01:55:20.403000
2024-07-07 15:00:17.832,OnTrack,7155,8167,2068,pos,0 days 00:57:05.291000,0 days 01:55:20.803000
2024-07-07 15:00:18.112,OnTrack,7195,8033,2066,pos,0 days 00:57:05.571000,0 days 01:55:21.083000
2024-07-07 15:00:18.452,OnTrack,7273,7807,2063,pos,0 days 00:57:05.911000,0 days 01:55:21.423000
2024-07-07 15:00:18.612,OnTrack,7314,7703,2061,pos,0 days 00:57:06.071000,0 days 01:55:21.583000
2024-07-07 15:00:18.832,OnTrack,7371,7562,2060,pos,0 days 00:57:06.291000,0 days 01:55:21.803000
2024-07-07 15:00:19.093,OnTrack,7430,7409,2059,pos,0 days 00:57:06.552000,0 days 01:55:22.064000
2024-07-07 15:00:19.333,OnTrack,7487,7239,2058,pos,0 days 00:57:06.792000,0 days 01:55:22.304000
2024-07-07 15:00:19.653,OnTrack,7523,7081,2058,pos,0 days 00:57:07.112000,0 days 01:55:22.624000
2024-07-07 15:00:19.893,OnTrack,7538,6942,2058,pos,0 days 00:57:07.352000,0 days 01:55:22.864000
2024-07-07 15:00:20.132,OnTrack,7527,6751,2058,pos,0 days 00:57:07.591000,0 days 01:55:23.103000
2024-07-07 15:00:20.532,OnTrack,7479,6480,2059,pos,0 days 00:57:07.991000,0 days 01:55:23.503000
2024-07-07 15:00:20.871,OnTrack,7451,6363,2060,pos,0 days 00:57:08.330000,0 days 01:55:23.842000
2024-07-07 15:00:21.111,OnTrack,7416,6222,2061,pos,0 days 00:57:08.570000,0 days 01:55:24.082000
2024-07-07 15:00:21.352,OnTrack,7381,6080,2062,pos,0 days 00:57:08.811000,0 days 01:55:24.323000
2024-07-07 15:00:21.592,OnTrack,7352,5939,2063,pos,0 days 00:57:09.051000,0 days 01:55:24.563000
2024-07-07 15:00:21.852,OnTrack,7329,5792,2063,pos,0 days 00:57:09.311000,0 days 01:55:24.823000
2024-07-07 15:00:21.991,OnTrack,7318,5661,2063,pos,0 days 00:57:09.450000,0 days 01:55:24.962000
2024-07-07 15:00:22.472,OnTrack,7328,5461,2062,pos,0 days 00:57:09.931000,0 days 01:55:25.443000
2024-07-07 15:00:22.791,OnTrack,7366,5301,2061,pos,0 days 00:57:10.250000,0 days 01:55:25.762000
2024-07-07 15:00:23.032,OnTrack,7410,5187,2060,pos,0 days 00:57:10.491000,0 days 01:55:26.003000
2024-07-07 15:00:23.272,OnTrack,7461,5082,2059,pos,0 days 00:57:10.731000,0 days 01:55:26.243000
2024-07-07 15:00:23.432,OnTrack,7501,5011,2058,pos,0 days 00:57:10.891000,0 days 01:55:26.403000
2024-07-07 15:00:23.632,OnTrack,7556,4920,2056,pos,0 days 00:57:11.091000,0 days 01:55:26.603000
2024-07-07 15:00:23.792,OnTrack,7598,4850,2055,pos,0 days 00:57:11.251000,0 days 01:55:26.763000
2024-07-07 15:00:24.072,OnTrack,7685,4693,2053,pos,0 days 00:57:11.531000,0 days 01:55:27.043000
2024-07-07 15:00:24.352,OnTrack,7722,4611,2052,pos,0 days 00:57:11.811000,0 days 01:55:27.323000
2024-07-07 15:00:24.712,OnTrack,7769,4464,2050,pos,0 days 00:57:12.171000,0 days 01:55:27.683000
2024-07-07 15:00:24.773,OnTrack,7774,4440,2049,pos,0 days 00:57:12.232000,0 days 01:55:27.744000
2024-07-07 15:00:25.012,OnTrack,7786,4347,2048,pos,0 days 00:57:12.471000,0 days 01:55:27.983000
2024-07-07 15:00:25.272,OnTrack,7786,4241,2046,pos,0 days 00:57:12.731000,0 days 01:55:28.243000
2024-07-07 15:00:25.452,OnTrack,7777,4171,2045,pos,0 days 00:57:12.911000,0 days 01:55:28.423000
2024-07-07 15:00:25.633,OnTrack,7763,4102,2044,pos,0 days 00:57:13.092000,0 days 01:55:28.604000
2024-07-07 15:00:25.972,OnTrack,7713,3946,2041,pos,0 days 00:57:13.431000,0 days 01:55:28.943000
2024-07-07 15:00:26.272,OnTrack,7677,3866,2040,pos,0 days 00:57:13.731000,0 days 01:55:29.243000
2024-07-07 15:00:26.433,OnTrack,7646,3808,2040,pos,0 days 00:57:13.892000,0 days 01:55:29.404000
2024-07-07 15:00:26.693,OnTrack,7588,3716,2039,pos,0 days 00:57:14.152000,0 days 01:55:29.664000
2024-07-07 15:00:26.953,OnTrack,7496,3603,2037,pos,0 days 00:57:14.412000,0 days 01:55:29.924000
2024-07-07 15:00:27.392,OnTrack,7372,3496,2035,pos,0 days 00:57:14.851000,0 days 01:55:30.363000
2024-07-07 15:00:27.592,OnTrack,7238,3412,2033,pos,0 days 00:57:15.051000,0 days 01:55:30.563000
2024-07-07 15:00:27.911,OnTrack,7146,3363,2032,pos,0 days 00:57:15.370000,0 days 01:55:30.882000
2024-07-07 15:00:28.152,OnTrack,7031,3303,2031,pos,0 days 00:57:15.611000,0 days 01:55:31.123000
2024-07-07 15:00:28.352,OnTrack,6885,3212,2029,pos,0 days 00:57:15.811000,0 days 01:55:31.323000
2024-07-07 15:00:28.831,OnTrack,6695,3043,2028,pos,0 days 00:57:16.290000,0 days 01:55:31.802000
2024-07-07 15:00:29.192,OnTrack,6568,2909,2028,pos,0 days 00:57:16.651000,0 days 01:55:32.163000
2024-07-07 15:00:29.391,OnTrack,6458,2781,2028,pos,0 days 00:57:16.850000,0 days 01:55:32.362000
2024-07-07 15:00:29.672,OnTrack,6378,2674,2027,pos,0 days 00:57:17.131000,0 days 01:55:32.643000
2024-07-07 15:00:29.891,OnTrack,6298,2555,2026,pos,0 days 00:57:17.350000,0 days 01:55:32.862000
2024-07-07 15:00:30.211,OnTrack,6189,2368,2026,pos,0 days 00:57:17.670000,0 days 01:55:33.182000
2024-07-07 15:00:30.471,OnTrack,6100,2203,2025,pos,0 days 00:57:17.930000,0 days 01:55:33.442000
2024-07-07 15:00:30.792,OnTrack,6009,2022,2025,pos,0 days 00:57:18.251000,0 days 01:55:33.763000
2024-07-07 15:00:31.052,OnTrack,5895,1789,2024,pos,0 days 00:57:18.511000,0 days 01:55:34.023000
2024-07-07 15:00:31.352,OnTrack,5841,1677,2023,pos,0 days 00:57:18.811000,0 days 01:55:34.323000
2024-07-07 15:00:31.632,OnTrack,5757,1503,2023,pos,0 days 00:57:19.091000,0 days 01:55:34.603000
2024-07-07 15:00:31.853,OnTrack,5691,1366,2022,pos,0 days 00:57:19.312000,0 days 01:55:34.824000
2024-07-07 15:00:31.992,OnTrack,5649,1278,2021,pos,0 days 00:57:19.451000,0 days 01:55:34.963000
2024-07-07 15:00:32.172,OnTrack,5598,1172,2021,pos,0 days 00:57:19.631000,0 days 01:55:35.143000
2024-07-07 15:00:32.413,OnTrack,5528,1024,2020,pos,0 days 00:57:19.872000,0 days 01:55:35.384000
2024-07-07 15:00:32.713,OnTrack,5442,844,2019,pos,0 days 00:57:20.172000,0 days 01:55:35.684000
2024-07-07 15:00:32.953,OnTrack,5369,693,2017,pos,0 days 00:57:20.412000,0 days 01:55:35.924000
2024-07-07 15:00:33.152,OnTrack,5296,540,2016,pos,0 days 00:57:20.611000,0 days 01:55:36.123000
2024-07-07 15:00:33.533,OnTrack,5154,248,2014,pos,0 days 00:57:20.992000,0 days 01:55:36.504000
2024-07-07 15:00:33.912,OnTrack,5074,82,2012,pos,0 days 00:57:21.371000,0 days 01:55:36.883000
2024-07-07 15:00:34.151,OnTrack,4999,-72,2011,pos,0 days 00:57:21.610000,0 days 01:55:37.122000
2024-07-07 15:00:34.372,OnTrack,4931,-214,2011,pos,0 days 00:57:21.831000,0 days 01:55:37.343000
2024-07-07 15:00:34.531,OnTrack,4849,-384,2009,pos,0 days 00:57:21.990000,0 days 01:55:37.502000
2024-07-07 15:00:34.912,OnTrack,4760,-570,2008,pos,0 days 00:57:22.371000,0 days 01:55:37.883000
2024-07-07 15:00:35.071,OnTrack,4708,-678,2008,pos,0 days 00:57:22.530000,0 days 01:55:38.042000
2024-07-07 15:00:35.291,OnTrack,4629,-841,2007,pos,0 days 00:57:22.750000,0 days 01:55:38.262000
2024-07-07 15:00:35.552,OnTrack,4547,-1011,2006,pos,0 days 00:57:23.011000,0 days 01:55:38.523000
2024-07-07 15:00:35.772,OnTrack,4471,-1168,2004,pos,0 days 00:57:23.231000,0 days 01:55:38.743000
2024-07-07 15:00:35.911,OnTrack,4424,-1264,2003,pos,0 days 00:57:23.370000,0 days 01:55:38.882000
2024-07-07 15:00:36.212,OnTrack,4322,-1469,2001,pos,0 days 00:57:23.671000,0 days 01:55:39.183000
2024-07-07 15:00:36.392,OnTrack,4261,-1593,1999,pos,0 days 00:57:23.851000,0 days 01:55:39.363000
2024-07-07 15:00:36.552,OnTrack,4206,-1703,1998,pos,0 days 00:57:24.011000,0 days 01:55:39.523000
2024-07-07 15:00:36.832,OnTrack,4110,-1896,1995,pos,0 days 00:57:24.291000,0 days 01:55:39.803000
2024-07-07 15:00:37.052,OnTrack,4033,-2048,1994,pos,0 days 00:57:24.511000,0 days 01:55:40.023000
2024-07-07 15:00:37.232,OnTrack,3970,-2172,1994,pos,0 days 00:57:24.691000,0 days 01:55:40.203000
2024-07-07 15:00:37.472,OnTrack,3896,-2314,1994,pos,0 days 00:57:24.931000,0 days 01:55:40.443000
2024-07-07 15:00:37.632,OnTrack,3796,-2507,1994,pos,0 days 00:57:25.091000,0 days 01:55:40.603000
2024-07-07 15:00:38.012,OnTrack,3696,-2695,1996,pos,0 days 00:57:25.471000,0 days 01:55:40.983000
2024-07-07 15:00:38.232,OnTrack,3615,-2846,1998,pos,0 days 00:57:25.691000,0 days 01:55:41.203000
2024-07-07 15:00:38.413,OnTrack,3547,-2969,2000,pos,0 days 00:57:25.872000,0 days 01:55:41.384000
2024-07-07 15:00:38.712,OnTrack,3436,-3163,2004,pos,0 days 00:57:26.171000,0 days 01:55:41.683000
2024-07-07 15:00:39.513,OnTrack,3113,-3639,2015,pos,0 days 00:57:26.972000,0 days 01:55:42.484000
2024-07-07 15:00:39.892,OnTrack,3009,-3757,2017,pos,0 days 00:57:27.351000,0 days 01:55:42.863000
2024-07-07 15:00:40.013,OnTrack,2963,-3803,2018,pos,0 days 00:57:27.472000,0 days 01:55:42.984000
2024-07-07 15:00:40.192,OnTrack,2892,-3866,2020,pos,0 days 00:57:27.651000,0 days 01:55:43.163000
2024-07-07 15:00:40.412,OnTrack,2800,-3933,2022,pos,0 days 00:57:27.871000,0 days 01:55:43.383000
2024-07-07 15:00:40.771,OnTrack,2586,-4046,2026,pos,0 days 00:57:28.230000,0 days 01:55:43.742000
2024-07-07 15:00:41.011,OnTrack,2530,-4067,2027,pos,0 days 00:57:28.470000,0 days 01:55:43.982000
2024-07-07 15:00:41.311,OnTrack,2429,-4095,2029,pos,0 days 00:57:28.770000,0 days 01:55:44.282000
2024-07-07 15:00:41.492,OnTrack,2346,-4109,2030,pos,0 days 00:57:28.951000,0 days 01:55:44.463000
2024-07-07 15:00:41.752,OnTrack,2225,-4115,2031,pos,0 days 00:57:29.211000,0 days 01:55:44.723000
2024-07-07 15:00:41.911,OnTrack,2150,-4110,2032,pos,0 days 00:57:29.370000,0 days 01:55:44.882000
2024-07-07 15:00:42.151,OnTrack,2040,-4092,2032,pos,0 days 00:57:29.610000,0 days 01:55:45.122000
2024-07-07 15:00:42.411,OnTrack,1889,-4045,2033,pos,0 days 00:57:29.870000,0 days 01:55:45.382000
2024-07-07 15:00:42.711,OnTrack,1796,-4001,2033,pos,0 days 00:57:30.170000,0 days 01:55:45.682000
2024-07-07 15:00:42.932,OnTrack,1707,-3948,2033,pos,0 days 00:57:30.391000,0 days 01:55:45.903000
2024-07-07 15:00:43.212,OnTrack,1598,-3866,2032,pos,0 days 00:57:30.671000,0 days 01:55:46.183000
2024-07-07 15:00:43.452,OnTrack,1489,-3761,2031,pos,0 days 00:57:30.911000,0 days 01:55:46.423000
2024-07-07 15:00:43.852,OnTrack,1355,-3596,2029,pos,0 days 00:57:31.311000,0 days 01:55:46.823000
2024-07-07 15:00:44.252,OnTrack,1252,-3433,2025,pos,0 days 00:57:31.711000,0 days 01:55:47.223000
2024-07-07 15:00:44.472,OnTrack,1168,-3277,2020,pos,0 days 00:57:31.931000,0 days 01:55:47.443000
2024-07-07 15:00:44.832,OnTrack,1088,-3126,2015,pos,0 days 00:57:32.291000,0 days 01:55:47.803000
2024-07-07 15:00:44.933,OnTrack,1058,-3071,2013,pos,0 days 00:57:32.392000,0 days 01:55:47.904000
2024-07-07 15:00:45.292,OnTrack,940,-2875,2004,pos,0 days 00:57:32.751000,0 days 01:55:48.263000
2024-07-07 15:00:45.473,OnTrack,875,-2778,2000,pos,0 days 00:57:32.932000,0 days 01:55:48.444000
2024-07-07 15:00:45.712,OnTrack,782,-2648,1994,pos,0 days 00:57:33.171000,0 days 01:55:48.683000
2024-07-07 15:00:45.892,OnTrack,710,-2551,1990,pos,0 days 00:57:33.351000,0 days 01:55:48.863000
2024-07-07 15:00:46.132,OnTrack,617,-2425,1986,pos,0 days 00:57:33.591000,0 days 01:55:49.103000
2024-07-07 15:00:46.313,OnTrack,539,-2320,1985,pos,0 days 00:57:33.772000,0 days 01:55:49.284000
2024-07-07 15:00:46.472,OnTrack,474,-2232,1984,pos,0 days 00:57:33.931000,0 days 01:55:49.443000
2024-07-07 15:00:46.712,OnTrack,356,-2075,1985,pos,0 days 00:57:34.171000,0 days 01:55:49.683000
2024-07-07 15:00:46.893,OnTrack,279,-1975,1986,pos,0 days 00:57:34.352000,0 days 01:55:49.864000
2024-07-07 15:00:47.153,OnTrack,164,-1832,1986,pos,0 days 00:57:34.612000,0 days 01:55:50.124000
2024-07-07 15:00:47.372,OnTrack,65,-1715,1986,pos,0 days 00:57:34.831000,0 days 01:55:50.343000
2024-07-07 15:00:47.611,OnTrack,-51,-1581,1986,pos,0 days 00:57:35.070000,0 days 01:55:50.582000
2024-07-07 15:00:47.912,OnTrack,-143,-1478,1985,pos,0 days 00:57:35.371000,0 days 01:55:50.883000
2024-07-07 15:00:48.212,OnTrack,-271,-1334,1983,pos,0 days 00:57:35.671000,0 days 01:55:51.183000
2024-07-07 15:00:48.631,OnTrack,-377,-1215,1980,pos,0 days 00:57:36.090000,0 days 01:55:51.602000
2024-07-07 15:00:49.032,OnTrack,-462,-1124,1978,pos,0 days 00:57:36.491000,0 days 01:55:52.003000
2024-07-07 15:00:49.231,OnTrack,-510,-1077,1977,pos,0 days 00:57:36.690000,0 days 01:55:52.202000
2024-07-07 15:00:49.472,OnTrack,-568,-1029,1977,pos,0 days 00:57:36.931000,0 days 01:55:52.443000
2024-07-07 15:00:49.652,OnTrack,-613,-999,1976,pos,0 days 00:57:37.111000,0 days 01:55:52.623000
2024-07-07 15:00:49.872,OnTrack,-683,-960,1975,pos,0 days 00:57:37.331000,0 days 01:55:52.843000
2024-07-07 15:00:50.092,OnTrack,-722,-943,1975,pos,0 days 00:57:37.551000,0 days 01:55:53.063000
2024-07-07 15:00:50.412,OnTrack,-798,-921,1976,pos,0 days 00:57:37.871000,0 days 01:55:53.383000
2024-07-07 15:00:50.672,OnTrack,-858,-914,1976,pos,0 days 00:57:38.131000,0 days 01:55:53.643000
2024-07-07 15:00:50.892,OnTrack,-913,-913,1976,pos,0 days 00:57:38.351000,0 days 01:55:53.863000
2024-07-07 15:00:50.972,OnTrack,-931,-914,1976,pos,0 days 00:57:38.431000,0 days 01:55:53.943000
2024-07-07 15:00:51.292,OnTrack,-1001,-925,1978,pos,0 days 00:57:38.751000,0 days 01:55:54.263000
2024-07-07 15:00:51.492,OnTrack,-1064,-950,1978,pos,0 days 00:57:38.951000,0 days 01:55:54.463000
2024-07-07 15:00:51.852,OnTrack,-1117,-980,1979,pos,0 days 00:57:39.311000,0 days 01:55:54.823000
2024-07-07 15:00:52.013,OnTrack,-1149,-1002,1979,pos,0 days 00:57:39.472000,0 days 01:55:54.984000
2024-07-07 15:00:52.172,OnTrack,-1182,-1027,1980,pos,0 days 00:57:39.631000,0 days 01:55:55.143000
2024-07-07 15:00:52.452,OnTrack,-1240,-1072,1980,pos,0 days 00:57:39.911000,0 days 01:55:55.423000
2024-07-07 15:00:52.612,OnTrack,-1275,-1098,1981,pos,0 days 00:57:40.071000,0 days 01:55:55.583000
2024-07-07 15:00:52.833,OnTrack,-1327,-1129,1981,pos,0 days 00:57:40.292000,0 days 01:55:55.804000
2024-07-07 15:00:53.153,OnTrack,-1403,-1160,1981,pos,0 days 00:57:40.612000,0 days 01:55:56.124000
2024-07-07 15:00:53.292,OnTrack,-1436,-1168,1981,pos,0 days 00:57:40.751000,0 days 01:55:56.263000
2024-07-07 15:00:53.512,OnTrack,-1488,-1171,1981,pos,0 days 00:57:40.971000,0 days 01:55:56.483000
2024-07-07 15:00:53.771,OnTrack,-1547,-1165,1980,pos,0 days 00:57:41.230000,0 days 01:55:56.742000
2024-07-07 15:00:54.012,OnTrack,-1605,-1152,1980,pos,0 days 00:57:41.471000,0 days 01:55:56.983000
2024-07-07 15:00:54.252,OnTrack,-1660,-1135,1979,pos,0 days 00:57:41.711000,0 days 01:55:57.223000
2024-07-07 15:00:54.411,OnTrack,-1716,-1113,1978,pos,0 days 00:57:41.870000,0 days 01:55:57.382000
2024-07-07 15:00:54.792,OnTrack,-1787,-1078,1978,pos,0 days 00:57:42.251000,0 days 01:55:57.763000
2024-07-07 15:00:54.992,OnTrack,-1833,-1048,1977,pos,0 days 00:57:42.451000,0 days 01:55:57.963000
2024-07-07 15:00:55.171,OnTrack,-1874,-1016,1977,pos,0 days 00:57:42.630000,0 days 01:55:58.142000
2024-07-07 15:00:55.352,OnTrack,-1915,-979,1976,pos,0 days 00:57:42.811000,0 days 01:55:58.323000
2024-07-07 15:00:55.532,OnTrack,-1953,-938,1976,pos,0 days 00:57:42.991000,0 days 01:55:58.503000
2024-07-07 15:00:56.372,OnTrack,-2136,-700,1974,pos,0 days 00:57:43.831000,0 days 01:55:59.343000
2024-07-07 15:00:56.611,OnTrack,-2200,-579,1974,pos,0 days 00:57:44.070000,0 days 01:55:59.582000
2024-07-07 15:00:56.852,OnTrack,-2237,-482,1973,pos,0 days 00:57:44.311000,0 days 01:55:59.823000
2024-07-07 15:00:57.032,OnTrack,-2262,-405,1972,pos,0 days 00:57:44.491000,0 days 01:56:00.003000
2024-07-07 15:00:57.252,OnTrack,-2286,-307,1971,pos,0 days 00:57:44.711000,0 days 01:56:00.223000
2024-07-07 15:00:57.552,OnTrack,-2309,-135,1969,pos,0 days 00:57:45.011000,0 days 01:56:00.523000
2024-07-07 15:00:57.912,OnTrack,-2314,15,1967,pos,0 days 00:57:45.371000,0 days 01:56:00.883000
2024-07-07 15:00:58.172,OnTrack,-2303,149,1966,pos,0 days 00:57:45.631000,0 days 01:56:01.143000
2024-07-07 15:00:58.292,OnTrack,-2294,213,1965,pos,0 days 00:57:45.751000,0 days 01:56:01.263000
2024-07-07 15:00:58.452,OnTrack,-2278,298,1965,pos,0 days 00:57:45.911000,0 days 01:56:01.423000
2024-07-07 15:00:58.632,OnTrack,-2252,394,1963,pos,0 days 00:57:46.091000,0 days 01:56:01.603000
2024-07-07 15:00:58.932,OnTrack,-2187,557,1963,pos,0 days 00:57:46.391000,0 days 01:56:01.903000
2024-07-07 15:00:59.192,OnTrack,-2114,696,1962,pos,0 days 00:57:46.651000,0 days 01:56:02.163000
2024-07-07 15:00:59.432,OnTrack,-2012,856,1962,pos,0 days 00:57:46.891000,0 days 01:56:02.403000
2024-07-07 15:00:59.792,OnTrack,-1908,1001,1963,pos,0 days 00:57:47.251000,0 days 01:56:02.763000
2024-07-07 15:01:00.092,OnTrack,-1792,1161,1963,pos,0 days 00:57:47.551000,0 days 01:56:03.063000
2024-07-07 15:01:00.233,OnTrack,-1737,1236,1963,pos,0 days 00:57:47.692000,0 days 01:56:03.204000
2024-07-07 15:01:00.472,OnTrack,-1638,1364,1964,pos,0 days 00:57:47.931000,0 days 01:56:03.443000
2024-07-07 15:01:00.671,OnTrack,-1508,1527,1965,pos,0 days 00:57:48.130000,0 days 01:56:03.642000
2024-07-07 15:01:01.012,OnTrack,-1403,1661,1967,pos,0 days 00:57:48.471000,0 days 01:56:03.983000
2024-07-07 15:01:01.352,OnTrack,-1256,1857,1969,pos,0 days 00:57:48.811000,0 days 01:56:04.323000
2024-07-07 15:01:01.512,OnTrack,-1188,1952,1970,pos,0 days 00:57:48.971000,0 days 01:56:04.483000
2024-07-07 15:01:01.711,OnTrack,-1101,2071,1972,pos,0 days 00:57:49.170000,0 days 01:56:04.682000
2024-07-07 15:01:01.932,OnTrack,-1005,2204,1974,pos,0 days 00:57:49.391000,0 days 01:56:04.903000
2024-07-07 15:01:02.152,OnTrack,-907,2338,1976,pos,0 days 00:57:49.611000,0 days 01:56:05.123000
2024-07-07 15:01:02.291,OnTrack,-845,2424,1977,pos,0 days 00:57:49.750000,0 days 01:56:05.262000
2024-07-07 15:01:02.571,OnTrack,-665,2672,1981,pos,0 days 00:57:50.030000,0 days 01:56:05.542000
2024-07-07 15:01:02.972,OnTrack,-541,2850,1984,pos,0 days 00:57:50.431000,0 days 01:56:05.943000
2024-07-07 15:01:03.152,OnTrack,-462,2967,1986,pos,0 days 00:57:50.611000,0 days 01:56:06.123000
2024-07-07 15:01:03.372,OnTrack,-331,3164,1990,pos,0 days 00:57:50.831000,0 days 01:56:06.343000
2024-07-07 15:01:03.692,OnTrack,-226,3323,1993,pos,0 days 00:57:51.151000,0 days 01:56:06.663000
2024-07-07 15:01:03.912,OnTrack,-126,3468,1995,pos,0 days 00:57:51.371000,0 days 01:56:06.883000
2024-07-07 15:01:04.172,OnTrack,-3,3637,1997,pos,0 days 00:57:51.631000,0 days 01:56:07.143000
2024-07-07 15:01:04.272,OnTrack,44,3702,1999,pos,0 days 00:57:51.731000,0 days 01:56:07.243000
2024-07-07 15:01:04.572,OnTrack,188,3883,2004,pos,0 days 00:57:52.031000,0 days 01:56:07.543000
2024-07-07 15:01:04.872,OnTrack,376,4092,2009,pos,0 days 00:57:52.331000,0 days 01:56:07.843000
2024-07-07 15:01:05.272,OnTrack,540,4240,2011,pos,0 days 00:57:52.731000,0 days 01:56:08.243000
2024-07-07 15:01:05.392,OnTrack,687,4341,2012,pos,0 days 00:57:52.851000,0 days 01:56:08.363000
2024-07-07 15:01:05.792,OnTrack,847,4418,2014,pos,0 days 00:57:53.251000,0 days 01:56:08.763000
2024-07-07 15:01:06.132,OnTrack,1098,4490,2015,pos,0 days 00:57:53.591000,0 days 01:56:09.103000
2024-07-07 15:01:06.433,OnTrack,1263,4512,2016,pos,0 days 00:57:53.892000,0 days 01:56:09.404000
2024-07-07 15:01:06.693,OnTrack,1460,4520,2019,pos,0 days 00:57:54.152000,0 days 01:56:09.664000
2024-07-07 15:01:06.931,OnTrack,1730,4508,2022,pos,0 days 00:57:54.390000,0 days 01:56:09.902000
2024-07-07 15:01:07.252,OnTrack,1858,4494,2024,pos,0 days 00:57:54.711000,0 days 01:56:10.223000
2024-07-07 15:01:07.451,OnTrack,2003,4474,2026,pos,0 days 00:57:54.910000,0 days 01:56:10.422000
2024-07-07 15:01:07.691,OnTrack,2176,4452,2027,pos,0 days 00:57:55.150000,0 days 01:56:10.662000
2024-07-07 15:01:07.971,OnTrack,2458,4439,2030,pos,0 days 00:57:55.430000,0 days 01:56:10.942000
2024-07-07 15:01:08.271,OnTrack,2607,4443,2032,pos,0 days 00:57:55.730000,0 days 01:56:11.242000
2024-07-07 15:01:08.592,OnTrack,2886,4486,2036,pos,0 days 00:57:56.051000,0 days 01:56:11.563000
2024-07-07 15:01:08.992,OnTrack,3130,4567,2040,pos,0 days 00:57:56.451000,0 days 01:56:11.963000
2024-07-07 15:01:09.212,OnTrack,3278,4640,2042,pos,0 days 00:57:56.671000,0 days 01:56:12.183000
2024-07-07 15:01:09.292,OnTrack,3331,4670,2043,pos,0 days 00:57:56.751000,0 days 01:56:12.263000
2024-07-07 15:01:09.592,OnTrack,3579,4848,2048,pos,0 days 00:57:57.051000,0 days 01:56:12.563000
2024-07-07 15:01:09.912,OnTrack,3706,4961,2049,pos,0 days 00:57:57.371000,0 days 01:56:12.883000
2024-07-07 15:01:10.132,OnTrack,3828,5082,2050,pos,0 days 00:57:57.591000,0 days 01:56:13.103000
2024-07-07 15:01:10.472,OnTrack,4042,5297,2051,pos,0 days 00:57:57.931000,0 days 01:56:13.443000
2024-07-07 15:01:10.752,OnTrack,4135,5384,2051,pos,0 days 00:57:58.211000,0 days 01:56:13.723000
2024-07-07 15:01:10.992,OnTrack,4237,5479,2052,pos,0 days 00:57:58.451000,0 days 01:56:13.963000
2024-07-07 15:01:11.232,OnTrack,4332,5564,2053,pos,0 days 00:57:58.691000,0 days 01:56:14.203000
2024-07-07 15:01:11.492,OnTrack,4455,5668,2054,pos,0 days 00:57:58.951000,0 days 01:56:14.463000
2024-07-07 15:01:11.792,OnTrack,4528,5727,2055,pos,0 days 00:57:59.251000,0 days 01:56:14.763000
2024-07-07 15:01:12.012,OnTrack,4609,5791,2055,pos,0 days 00:57:59.471000,0 days 01:56:14.983000
2024-07-07 15:01:12.272,OnTrack,4688,5842,2055,pos,0 days 00:57:59.731000,0 days 01:56:15.243000
2024-07-07 15:01:12.572,OnTrack,4812,5890,2054,pos,0 days 00:58:00.031000,0 days 01:56:15.543000
2024-07-07 15:01:12.852,OnTrack,4855,5897,2054,pos,0 days 00:58:00.311000,0 days 01:56:15.823000
2024-07-07 15:01:13.172,OnTrack,4949,5898,2053,pos,0 days 00:58:00.631000,0 days 01:56:16.143000
2024-07-07 15:01:13.352,OnTrack,4997,5893,2053,pos,0 days 00:58:00.811000,0 days 01:56:16.323000
2024-07-07 15:01:13.592,OnTrack,5069,5874,2054,pos,0 days 00:58:01.051000,0 days 01:56:16.563000
2024-07-07 15:01:13.852,OnTrack,5110,5857,2054,pos,0 days 00:58:01.311000,0 days 01:56:16.823000
2024-07-07 15:01:14.172,OnTrack,5175,5818,2055,pos,0 days 00:58:01.631000,0 days 01:56:17.143000
2024-07-07 15:01:14.332,OnTrack,5203,5795,2056,pos,0 days 00:58:01.791000,0 days 01:56:17.303000
2024-07-07 15:01:14.592,OnTrack,5246,5755,2057,pos,0 days 00:58:02.051000,0 days 01:56:17.563000
2024-07-07 15:01:14.791,OnTrack,5274,5720,2058,pos,0 days 00:58:02.250000,0 days 01:56:17.762000
2024-07-07 15:01:14.972,OnTrack,5297,5684,2059,pos,0 days 00:58:02.431000,0 days 01:56:17.943000
2024-07-07 15:01:15.272,OnTrack,5337,5595,2059,pos,0 days 00:58:02.731000,0 days 01:56:18.243000
2024-07-07 15:01:15.611,OnTrack,5356,5535,2059,pos,0 days 00:58:03.070000,0 days 01:56:18.582000
2024-07-07 15:01:15.792,OnTrack,5367,5489,2060,pos,0 days 00:58:03.251000,0 days 01:56:18.763000
2024-07-07 15:01:15.952,OnTrack,5374,5447,2060,pos,0 days 00:58:03.411000,0 days 01:56:18.923000
2024-07-07 15:01:16.191,OnTrack,5383,5375,2061,pos,0 days 00:58:03.650000,0 days 01:56:19.162000
2024-07-07 15:01:16.512,OnTrack,5392,5280,2063,pos,0 days 00:58:03.971000,0 days 01:56:19.483000
2024-07-07 15:01:16.672,OnTrack,5402,5185,2064,pos,0 days 00:58:04.131000,0 days 01:56:19.643000
2024-07-07 15:01:16.972,OnTrack,5411,5132,2065,pos,0 days 00:58:04.431000,0 days 01:56:19.943000
2024-07-07 15:01:17.232,OnTrack,5432,5054,2066,pos,0 days 00:58:04.691000,0 days 01:56:20.203000
2024-07-07 15:01:17.492,OnTrack,5461,4984,2066,pos,0 days 00:58:04.951000,0 days 01:56:20.463000
2024-07-07 15:01:17.612,OnTrack,5476,4955,2066,pos,0 days 00:58:05.071000,0 days 01:56:20.583000
2024-07-07 15:01:17.932,OnTrack,5524,4886,2066,pos,0 days 00:58:05.391000,0 days 01:56:20.903000
2024-07-07 15:01:18.112,OnTrack,5554,4853,2065,pos,0 days 00:58:05.571000,0 days 01:56:21.083000
2024-07-07 15:01:18.272,OnTrack,5581,4826,2065,pos,0 days 00:58:05.731000,0 days 01:56:21.243000
2024-07-07 15:01:18.452,OnTrack,5613,4799,2065,pos,0 days 00:58:05.911000,0 days 01:56:21.423000
2024-07-07 15:01:18.612,OnTrack,5642,4778,2064,pos,0 days 00:58:06.071000,0 days 01:56:21.583000
2024-07-07 15:01:18.832,OnTrack,5683,4754,2064,pos,0 days 00:58:06.291000,0 days 01:56:21.803000
2024-07-07 15:01:19.052,OnTrack,5725,4738,2065,pos,0 days 00:58:06.511000,0 days 01:56:22.023000
2024-07-07 15:01:19.292,OnTrack,5770,4731,2064,pos,0 days 00:58:06.751000,0 days 01:56:22.263000
2024-07-07 15:01:19.493,OnTrack,5808,4734,2064,pos,0 days 00:58:06.952000,0 days 01:56:22.464000
2024-07-07 15:01:19.773,OnTrack,5859,4753,2064,pos,0 days 00:58:07.232000,0 days 01:56:22.744000
2024-07-07 15:01:19.972,OnTrack,5892,4774,2063,pos,0 days 00:58:07.431000,0 days 01:56:22.943000
2024-07-07 15:01:20.171,OnTrack,5937,4809,2064,pos,0 days 00:58:07.630000,0 days 01:56:23.142000
2024-07-07 15:01:20.551,OnTrack,5981,4852,2064,pos,0 days 00:58:08.010000,0 days 01:56:23.522000
2024-07-07 15:01:20.711,OnTrack,6005,4881,2064,pos,0 days 00:58:08.170000,0 days 01:56:23.682000
2024-07-07 15:01:20.972,OnTrack,6043,4928,2065,pos,0 days 00:58:08.431000,0 days 01:56:23.943000
2024-07-07 15:01:21.212,OnTrack,6076,4977,2065,pos,0 days 00:58:08.671000,0 days 01:56:24.183000
2024-07-07 15:01:21.371,OnTrack,6098,5013,2064,pos,0 days 00:58:08.830000,0 days 01:56:24.342000
2024-07-07 15:01:21.472,OnTrack,6112,5037,2065,pos,0 days 00:58:08.931000,0 days 01:56:24.443000
2024-07-07 15:01:21.792,OnTrack,6152,5117,2065,pos,0 days 00:58:09.251000,0 days 01:56:24.763000
2024-07-07 15:01:21.952,OnTrack,6173,5166,2065,pos,0 days 00:58:09.411000,0 days 01:56:24.923000
2024-07-07 15:01:22.131,OnTrack,6194,5220,2065,pos,0 days 00:58:09.590000,0 days 01:56:25.102000
2024-07-07 15:01:22.392,OnTrack,6224,5306,2065,pos,0 days 00:58:09.851000,0 days 01:56:25.363000
2024-07-07 15:01:22.632,OnTrack,6257,5422,2065,pos,0 days 00:58:10.091000,0 days 01:56:25.603000
2024-07-07 15:01:22.932,OnTrack,6279,5509,2065,pos,0 days 00:58:10.391000,0 days 01:56:25.903000
2024-07-07 15:01:23.132,OnTrack,6298,5593,2065,pos,0 days 00:58:10.591000,0 days 01:56:26.103000
2024-07-07 15:01:23.372,OnTrack,6316,5701,2065,pos,0 days 00:58:10.831000,0 days 01:56:26.343000
2024-07-07 15:01:23.712,OnTrack,6331,5863,2064,pos,0 days 00:58:11.171000,0 days 01:56:26.683000
2024-07-07 15:01:23.892,OnTrack,6332,5954,2064,pos,0 days 00:58:11.351000,0 days 01:56:26.863000
2024-07-07 15:01:24.072,OnTrack,6327,6041,2064,pos,0 days 00:58:11.531000,0 days 01:56:27.043000
2024-07-07 15:01:24.272,OnTrack,6303,6219,2063,pos,0 days 00:58:11.731000,0 days 01:56:27.243000
2024-07-07 15:01:24.673,OnTrack,6266,6373,2063,pos,0 days 00:58:12.132000,0 days 01:56:27.644000
2024-07-07 15:01:24.832,OnTrack,6236,6460,2062,pos,0 days 00:58:12.291000,0 days 01:56:27.803000
2024-07-07 15:01:25.012,OnTrack,6194,6559,2062,pos,0 days 00:58:12.471000,0 days 01:56:27.983000
2024-07-07 15:01:25.292,OnTrack,6114,6711,2063,pos,0 days 00:58:12.751000,0 days 01:56:28.263000
2024-07-07 15:01:25.473,OnTrack,6053,6805,2063,pos,0 days 00:58:12.932000,0 days 01:56:28.444000
2024-07-07 15:01:25.813,OnTrack,5856,7043,2064,pos,0 days 00:58:13.272000,0 days 01:56:28.784000
2024-07-07 15:01:26.053,OnTrack,5809,7090,2064,pos,0 days 00:58:13.512000,0 days 01:56:29.024000
2024-07-07 15:01:26.353,OnTrack,5656,7222,2064,pos,0 days 00:58:13.812000,0 days 01:56:29.324000
2024-07-07 15:01:26.593,OnTrack,5461,7376,2064,pos,0 days 00:58:14.052000,0 days 01:56:29.564000
2024-07-07 15:01:26.892,OnTrack,5360,7452,2064,pos,0 days 00:58:14.351000,0 days 01:56:29.863000
2024-07-07 15:01:27.212,OnTrack,5104,7657,2064,pos,0 days 00:58:14.671000,0 days 01:56:30.183000
2024-07-07 15:01:27.631,OnTrack,4855,7866,2064,pos,0 days 00:58:15.090000,0 days 01:56:30.602000
2024-07-07 15:01:27.992,OnTrack,4715,7986,2064,pos,0 days 00:58:15.451000,0 days 01:56:30.963000
2024-07-07 15:01:28.192,OnTrack,4602,8083,2065,pos,0 days 00:58:15.651000,0 days 01:56:31.163000
2024-07-07 15:01:28.411,OnTrack,4476,8191,2064,pos,0 days 00:58:15.870000,0 days 01:56:31.382000
2024-07-07 15:01:28.592,OnTrack,4373,8279,2064,pos,0 days 00:58:16.051000,0 days 01:56:31.563000
2024-07-07 15:01:28.812,OnTrack,4245,8389,2064,pos,0 days 00:58:16.271000,0 days 01:56:31.783000
2024-07-07 15:01:29.112,OnTrack,4023,8579,2064,pos,0 days 00:58:16.571000,0 days 01:56:32.083000
2024-07-07 15:01:29.412,OnTrack,3894,8690,2063,pos,0 days 00:58:16.871000,0 days 01:56:32.383000
2024-07-07 15:01:29.732,OnTrack,3623,8928,2063,pos,0 days 00:58:17.191000,0 days 01:56:32.703000
2024-07-07 15:01:30.172,OnTrack,3445,9085,2063,pos,0 days 00:58:17.631000,0 days 01:56:33.143000
2024-07-07 15:01:30.412,OnTrack,3301,9211,2064,pos,0 days 00:58:17.871000,0 days 01:56:33.383000
2024-07-07 15:01:30.572,OnTrack,3205,9295,2064,pos,0 days 00:58:18.031000,0 days 01:56:33.543000
2024-07-07 15:01:30.692,OnTrack,3133,9359,2063,pos,0 days 00:58:18.151000,0 days 01:56:33.663000
2024-07-07 15:01:31.012,OnTrack,2854,9602,2061,pos,0 days 00:58:18.471000,0 days 01:56:33.983000
2024-07-07 15:01:31.332,OnTrack,2744,9697,2060,pos,0 days 00:58:18.791000,0 days 01:56:34.303000
2024-07-07 15:01:31.552,OnTrack,2615,9809,2059,pos,0 days 00:58:19.011000,0 days 01:56:34.523000
2024-07-07 15:01:31.753,OnTrack,2486,9922,2057,pos,0 days 00:58:19.212000,0 days 01:56:34.724000
2024-07-07 15:01:31.912,OnTrack,2388,10008,2056,pos,0 days 00:58:19.371000,0 days 01:56:34.883000
2024-07-07 15:01:32.172,OnTrack,2233,10147,2053,pos,0 days 00:58:19.631000,0 days 01:56:35.143000
2024-07-07 15:01:32.352,OnTrack,2125,10244,2051,pos,0 days 00:58:19.811000,0 days 01:56:35.323000
2024-07-07 15:01:32.593,OnTrack,1979,10374,2049,pos,0 days 00:58:20.052000,0 days 01:56:35.564000
2024-07-07 15:01:32.752,OnTrack,1884,10460,2048,pos,0 days 00:58:20.211000,0 days 01:56:35.723000
2024-07-07 15:01:33.133,OnTrack,1603,10690,2044,pos,0 days 00:58:20.592000,0 days 01:56:36.104000
2024-07-07 15:01:33.392,OnTrack,1547,10730,2043,pos,0 days 00:58:20.851000,0 days 01:56:36.363000
2024-07-07 15:01:33.692,OnTrack,1398,10819,2040,pos,0 days 00:58:21.151000,0 days 01:56:36.663000
2024-07-07 15:01:33.871,OnTrack,1316,10860,2039,pos,0 days 00:58:21.330000,0 days 01:56:36.842000
2024-07-07 15:01:34.071,OnTrack,1223,10896,2038,pos,0 days 00:58:21.530000,0 days 01:56:37.042000
2024-07-07 15:01:34.371,OnTrack,1026,10943,2035,pos,0 days 00:58:21.830000,0 days 01:56:37.342000
2024-07-07 15:01:34.752,OnTrack,877,10948,2034,pos,0 days 00:58:22.211000,0 days 01:56:37.723000
2024-07-07 15:01:35.112,OnTrack,771,10945,2034,pos,0 days 00:58:22.571000,0 days 01:56:38.083000
2024-07-07 15:01:35.412,OnTrack,618,10909,2032,pos,0 days 00:58:22.871000,0 days 01:56:38.383000
2024-07-07 15:01:35.751,OnTrack,543,10876,2032,pos,0 days 00:58:23.210000,0 days 01:56:38.722000
2024-07-07 15:01:36.071,OnTrack,436,10808,2032,pos,0 days 00:58:23.530000,0 days 01:56:39.042000
2024-07-07 15:01:36.412,OnTrack,366,10733,2032,pos,0 days 00:58:23.871000,0 days 01:56:39.383000
2024-07-07 15:01:36.692,OnTrack,312,10651,2032,pos,0 days 00:58:24.151000,0 days 01:56:39.663000
2024-07-07 15:01:36.852,OnTrack,263,10558,2033,pos,0 days 00:58:24.311000,0 days 01:56:39.823000
2024-07-07 15:01:37.173,OnTrack,238,10500,2033,pos,0 days 00:58:24.632000,0 days 01:56:40.144000
2024-07-07 15:01:37.432,OnTrack,213,10414,2033,pos,0 days 00:58:24.891000,0 days 01:56:40.403000
2024-07-07 15:01:37.672,OnTrack,200,10326,2033,pos,0 days 00:58:25.131000,0 days 01:56:40.643000
2024-07-07 15:01:37.952,OnTrack,189,10173,2034,pos,0 days 00:58:25.411000,0 days 01:56:40.923000
2024-07-07 15:01:38.212,OnTrack,186,10118,2034,pos,0 days 00:58:25.671000,0 days 01:56:41.183000
2024-07-07 15:01:38.573,OnTrack,171,9923,2035,pos,0 days 00:58:26.032000,0 days 01:56:41.544000
2024-07-07 15:01:38.813,OnTrack,163,9877,2036,pos,0 days 00:58:26.272000,0 days 01:56:41.784000
2024-07-07 15:01:39.172,OnTrack,125,9762,2037,pos,0 days 00:58:26.631000,0 days 01:56:42.143000
2024-07-07 15:01:39.413,OnTrack,74,9670,2038,pos,0 days 00:58:26.872000,0 days 01:56:42.384000
2024-07-07 15:01:39.653,OnTrack,37,9623,2039,pos,0 days 00:58:27.112000,0 days 01:56:42.624000
2024-07-07 15:01:39.892,OnTrack,-16,9569,2039,pos,0 days 00:58:27.351000,0 days 01:56:42.863000
2024-07-07 15:01:40.212,OnTrack,-114,9501,2040,pos,0 days 00:58:27.671000,0 days 01:56:43.183000
2024-07-07 15:01:40.572,OnTrack,-185,9468,2040,pos,0 days 00:58:28.031000,0 days 01:56:43.543000
2024-07-07 15:01:40.852,OnTrack,-284,9444,2041,pos,0 days 00:58:28.311000,0 days 01:56:43.823000
2024-07-07 15:01:41.171,OnTrack,-341,9442,2040,pos,0 days 00:58:28.630000,0 days 01:56:44.142000
2024-07-07 15:01:41.372,OnTrack,-390,9448,2041,pos,0 days 00:58:28.831000,0 days 01:56:44.343000
2024-07-07 15:01:41.532,OnTrack,-428,9458,2040,pos,0 days 00:58:28.991000,0 days 01:56:44.503000
2024-07-07 15:01:41.751,OnTrack,-478,9480,2039,pos,0 days 00:58:29.210000,0 days 01:56:44.722000
2024-07-07 15:01:42.072,OnTrack,-543,9521,2038,pos,0 days 00:58:29.531000,0 days 01:56:45.043000
2024-07-07 15:01:42.331,OnTrack,-615,9587,2037,pos,0 days 00:58:29.790000,0 days 01:56:45.302000
2024-07-07 15:01:42.712,OnTrack,-656,9641,2036,pos,0 days 00:58:30.171000,0 days 01:56:45.683000
2024-07-07 15:01:42.892,OnTrack,-681,9682,2035,pos,0 days 00:58:30.351000,0 days 01:56:45.863000
2024-07-07 15:01:43.052,OnTrack,-702,9721,2035,pos,0 days 00:58:30.511000,0 days 01:56:46.023000
2024-07-07 15:01:43.272,OnTrack,-726,9778,2034,pos,0 days 00:58:30.731000,0 days 01:56:46.243000
2024-07-07 15:01:43.512,OnTrack,-748,9845,2033,pos,0 days 00:58:30.971000,0 days 01:56:46.483000
2024-07-07 15:01:43.752,OnTrack,-764,9917,2033,pos,0 days 00:58:31.211000,0 days 01:56:46.723000
2024-07-07 15:01:43.832,OnTrack,-768,9942,2032,pos,0 days 00:58:31.291000,0 days 01:56:46.803000
2024-07-07 15:01:44.112,OnTrack,-775,10035,2032,pos,0 days 00:58:31.571000,0 days 01:56:47.083000
2024-07-07 15:01:44.392,OnTrack,-773,10134,2031,pos,0 days 00:58:31.851000,0 days 01:56:47.363000
2024-07-07 15:01:44.592,OnTrack,-763,10232,2031,pos,0 days 00:58:32.051000,0 days 01:56:47.563000
2024-07-07 15:01:45.012,OnTrack,-735,10377,2030,pos,0 days 00:58:32.471000,0 days 01:56:47.983000
2024-07-07 15:01:45.172,OnTrack,-714,10451,2029,pos,0 days 00:58:32.631000,0 days 01:56:48.143000
2024-07-07 15:01:45.432,OnTrack,-674,10573,2027,pos,0 days 00:58:32.891000,0 days 01:56:48.403000
2024-07-07 15:01:45.633,OnTrack,-628,10687,2025,pos,0 days 00:58:33.092000,0 days 01:56:48.604000
2024-07-07 15:01:45.992,OnTrack,-537,10882,2023,pos,0 days 00:58:33.451000,0 days 01:56:48.963000
2024-07-07 15:01:46.312,OnTrack,-480,10991,2022,pos,0 days 00:58:33.771000,0 days 01:56:49.283000
2024-07-07 15:01:46.692,OnTrack,-374,11186,2021,pos,0 days 00:58:34.151000,0 days 01:56:49.663000
2024-07-07 15:01:46.871,OnTrack,-279,11342,2021,pos,0 days 00:58:34.330000,0 days 01:56:49.842000
2024-07-07 15:01:47.191,OnTrack,-207,11446,2021,pos,0 days 00:58:34.650000,0 days 01:56:50.162000
2024-07-07 15:01:47.512,OnTrack,-49,11652,2021,pos,0 days 00:58:34.971000,0 days 01:56:50.483000
2024-07-07 15:01:47.912,OnTrack,141,11860,2022,pos,0 days 00:58:35.371000,0 days 01:56:50.883000
2024-07-07 15:01:48.192,OnTrack,230,11947,2023,pos,0 days 00:58:35.651000,0 days 01:56:51.163000
2024-07-07 15:01:48.472,OnTrack,375,12078,2024,pos,0 days 00:58:35.931000,0 days 01:56:51.443000
2024-07-07 15:01:48.712,OnTrack,507,12185,2024,pos,0 days 00:58:36.171000,0 days 01:56:51.683000
2024-07-07 15:01:48.932,OnTrack,695,12318,2024,pos,0 days 00:58:36.391000,0 days 01:56:51.903000
2024-07-07 15:01:49.292,OnTrack,859,12411,2025,pos,0 days 00:58:36.751000,0 days 01:56:52.263000
2024-07-07 15:01:49.572,OnTrack,1075,12511,2025,pos,0 days 00:58:37.031000,0 days 01:56:52.543000
2024-07-07 15:01:49.892,OnTrack,1271,12586,2025,pos,0 days 00:58:37.351000,0 days 01:56:52.863000
2024-07-07 15:01:50.052,OnTrack,1386,12623,2025,pos,0 days 00:58:37.511000,0 days 01:56:53.023000
2024-07-07 15:01:50.412,OnTrack,1727,12711,2026,pos,0 days 00:58:37.871000,0 days 01:56:53.383000
2024-07-07 15:01:50.773,OnTrack,1926,12749,2027,pos,0 days 00:58:38.232000,0 days 01:56:53.744000
2024-07-07 15:01:50.952,OnTrack,2068,12771,2028,pos,0 days 00:58:38.411000,0 days 01:56:53.923000
2024-07-07 15:01:51.212,OnTrack,2271,12796,2030,pos,0 days 00:58:38.671000,0 days 01:56:54.183000
2024-07-07 15:01:51.432,OnTrack,2524,12824,2031,pos,0 days 00:58:38.891000,0 days 01:56:54.403000
2024-07-07 15:01:51.672,OnTrack,2635,12836,2033,pos,0 days 00:58:39.131000,0 days 01:56:54.643000
2024-07-07 15:01:51.933,OnTrack,2842,12857,2035,pos,0 days 00:58:39.392000,0 days 01:56:54.904000
2024-07-07 15:01:52.112,OnTrack,2986,12871,2036,pos,0 days 00:58:39.571000,0 days 01:56:55.083000
2024-07-07 15:01:52.332,OnTrack,3163,12889,2037,pos,0 days 00:58:39.791000,0 days 01:56:55.303000
2024-07-07 15:01:52.532,OnTrack,3325,12907,2039,pos,0 days 00:58:39.991000,0 days 01:56:55.503000
2024-07-07 15:01:52.852,OnTrack,3585,12936,2040,pos,0 days 00:58:40.311000,0 days 01:56:55.823000
2024-07-07 15:01:53.072,OnTrack,3880,12969,2042,pos,0 days 00:58:40.531000,0 days 01:56:56.043000
2024-07-07 15:01:53.391,OnTrack,4027,12986,2043,pos,0 days 00:58:40.850000,0 days 01:56:56.362000
2024-07-07 15:01:53.632,OnTrack,4225,13011,2044,pos,0 days 00:58:41.091000,0 days 01:56:56.603000
2024-07-07 15:01:53.792,OnTrack,4357,13028,2045,pos,0 days 00:58:41.251000,0 days 01:56:56.763000
2024-07-07 15:01:54.072,OnTrack,4589,13059,2046,pos,0 days 00:58:41.531000,0 days 01:56:57.043000
2024-07-07 15:01:54.312,OnTrack,4861,13092,2048,pos,0 days 00:58:41.771000,0 days 01:56:57.283000
2024-07-07 15:01:54.652,OnTrack,5040,13107,2048,pos,0 days 00:58:42.111000,0 days 01:56:57.623000
2024-07-07 15:01:54.791,OnTrack,5140,13113,2049,pos,0 days 00:58:42.250000,0 days 01:56:57.762000
2024-07-07 15:01:55.032,OnTrack,5288,13113,2049,pos,0 days 00:58:42.491000,0 days 01:56:58.003000
2024-07-07 15:01:55.272,OnTrack,5504,13083,2051,pos,0 days 00:58:42.731000,0 days 01:56:58.243000
2024-07-07 15:01:55.612,OnTrack,5661,13041,2051,pos,0 days 00:58:43.071000,0 days 01:56:58.583000
2024-07-07 15:01:55.952,OnTrack,5900,12936,2053,pos,0 days 00:58:43.411000,0 days 01:56:58.923000
2024-07-07 15:01:56.232,OnTrack,6004,12871,2054,pos,0 days 00:58:43.691000,0 days 01:56:59.203000
2024-07-07 15:01:56.412,OnTrack,6092,12807,2054,pos,0 days 00:58:43.871000,0 days 01:56:59.383000
2024-07-07 15:01:56.792,OnTrack,6259,12656,2055,pos,0 days 00:58:44.251000,0 days 01:56:59.763000
2024-07-07 15:01:56.912,OnTrack,6305,12602,2056,pos,0 days 00:58:44.371000,0 days 01:56:59.883000
2024-07-07 15:01:57.092,OnTrack,6369,12515,2056,pos,0 days 00:58:44.551000,0 days 01:57:00.063000
2024-07-07 15:01:57.252,OnTrack,6421,12430,2056,pos,0 days 00:58:44.711000,0 days 01:57:00.223000
2024-07-07 15:01:57.432,OnTrack,6475,12330,2057,pos,0 days 00:58:44.891000,0 days 01:57:00.403000
2024-07-07 15:01:57.652,OnTrack,6533,12202,2058,pos,0 days 00:58:45.111000,0 days 01:57:00.623000
2024-07-07 15:01:57.992,OnTrack,6611,11994,2059,pos,0 days 00:58:45.451000,0 days 01:57:00.963000
2024-07-07 15:01:58.212,OnTrack,6670,11802,2061,pos,0 days 00:58:45.671000,0 days 01:57:01.183000
2024-07-07 15:01:58.632,OnTrack,6729,11576,2062,pos,0 days 00:58:46.091000,0 days 01:57:01.603000
2024-07-07 15:01:58.812,OnTrack,6757,11461,2063,pos,0 days 00:58:46.271000,0 days 01:57:01.783000
2024-07-07 15:01:58.993,OnTrack,6804,11247,2065,pos,0 days 00:58:46.452000,0 days 01:57:01.964000
2024-07-07 15:01:59.293,OnTrack,6830,11121,2066,pos,0 days 00:58:46.752000,0 days 01:57:02.264000
2024-07-07 15:01:59.572,OnTrack,6863,10930,2068,pos,0 days 00:58:47.031000,0 days 01:57:02.543000
2024-07-07 15:01:59.751,OnTrack,6883,10800,2069,pos,0 days 00:58:47.210000,0 days 01:57:02.722000
2024-07-07 15:01:59.991,OnTrack,6907,10624,2070,pos,0 days 00:58:47.450000,0 days 01:57:02.962000
2024-07-07 15:02:00.271,OnTrack,6938,10341,2072,pos,0 days 00:58:47.730000,0 days 01:57:03.242000
2024-07-07 15:02:00.551,OnTrack,6951,10205,2073,pos,0 days 00:58:48.010000,0 days 01:57:03.522000
2024-07-07 15:02:01.492,OnTrack,6983,9479,2075,pos,0 days 00:58:48.951000,0 days 01:57:04.463000
2024-07-07 15:02:01.651,OnTrack,6986,9353,2074,pos,0 days 00:58:49.110000,0 days 01:57:04.622000
2024-07-07 15:02:01.952,OnTrack,6995,9116,2074,pos,0 days 00:58:49.411000,0 days 01:57:04.923000
2024-07-07 15:02:02.171,OnTrack,7005,8957,2073,pos,0 days 00:58:49.630000,0 days 01:57:05.142000
2024-07-07 15:02:02.332,OnTrack,7018,8831,2072,pos,0 days 00:58:49.791000,0 days 01:57:05.303000
2024-07-07 15:02:02.532,OnTrack,7054,8593,2070,pos,0 days 00:58:49.991000,0 days 01:57:05.503000
2024-07-07 15:02:02.932,OnTrack,7105,8355,2069,pos,0 days 00:58:50.391000,0 days 01:57:05.903000
2024-07-07 15:02:03.192,OnTrack,7159,8151,2067,pos,0 days 00:58:50.651000,0 days 01:57:06.163000
2024-07-07 15:02:03.392,OnTrack,7238,7903,2064,pos,0 days 00:58:50.851000,0 days 01:57:06.363000
2024-07-07 15:02:03.652,OnTrack,7277,7796,2063,pos,0 days 00:58:51.111000,0 days 01:57:06.623000
2024-07-07 15:02:03.992,OnTrack,7414,7451,2060,pos,0 days 00:58:51.451000,0 days 01:57:06.963000
2024-07-07 15:02:04.413,OnTrack,7503,7178,2058,pos,0 days 00:58:51.872000,0 days 01:57:07.384000
2024-07-07 15:02:04.752,OnTrack,7526,7067,2058,pos,0 days 00:58:52.211000,0 days 01:57:07.723000
2024-07-07 15:02:05.052,OnTrack,7534,6813,2058,pos,0 days 00:58:52.511000,0 days 01:57:08.023000
2024-07-07 15:02:05.392,OnTrack,7515,6660,2058,pos,0 days 00:58:52.851000,0 days 01:57:08.363000
2024-07-07 15:02:05.692,OnTrack,7459,6394,2060,pos,0 days 00:58:53.151000,0 days 01:57:08.663000
2024-07-07 15:02:06.093,OnTrack,7398,6153,2061,pos,0 days 00:58:53.552000,0 days 01:57:09.064000
2024-07-07 15:02:06.471,OnTrack,7358,5972,2062,pos,0 days 00:58:53.930000,0 days 01:57:09.442000
2024-07-07 15:02:06.632,OnTrack,7340,5870,2063,pos,0 days 00:58:54.091000,0 days 01:57:09.603000
2024-07-07 15:02:06.872,OnTrack,7322,5721,2063,pos,0 days 00:58:54.331000,0 days 01:57:09.843000
2024-07-07 15:02:07.031,OnTrack,7317,5625,2063,pos,0 days 00:58:54.490000,0 days 01:57:10.002000
2024-07-07 15:02:07.291,OnTrack,7325,5479,2062,pos,0 days 00:58:54.750000,0 days 01:57:10.262000
2024-07-07 15:02:07.532,OnTrack,7354,5337,2061,pos,0 days 00:58:54.991000,0 days 01:57:10.503000
2024-07-07 15:02:07.692,OnTrack,7400,5207,2060,pos,0 days 00:58:55.151000,0 days 01:57:10.663000
2024-07-07 15:02:07.972,OnTrack,7450,5102,2059,pos,0 days 00:58:55.431000,0 days 01:57:10.943000
2024-07-07 15:02:08.272,OnTrack,7536,4951,2057,pos,0 days 00:58:55.731000,0 days 01:57:11.243000
2024-07-07 15:02:08.552,OnTrack,7618,4816,2054,pos,0 days 00:58:56.011000,0 days 01:57:11.523000
2024-07-07 15:02:08.752,OnTrack,7668,4726,2053,pos,0 days 00:58:56.211000,0 days 01:57:11.723000
2024-07-07 15:02:08.912,OnTrack,7702,4657,2052,pos,0 days 00:58:56.371000,0 days 01:57:11.883000
2024-07-07 15:02:09.052,OnTrack,7726,4600,2052,pos,0 days 00:58:56.511000,0 days 01:57:12.023000
2024-07-07 15:02:09.372,OnTrack,7774,4439,2049,pos,0 days 00:58:56.831000,0 days 01:57:12.343000
2024-07-07 15:02:09.732,OnTrack,7786,4241,2046,pos,0 days 00:58:57.191000,0 days 01:57:12.703000
2024-07-07 15:02:10.152,OnTrack,7757,4077,2044,pos,0 days 00:58:57.611000,0 days 01:57:13.123000
2024-07-07 15:02:10.472,OnTrack,7732,3996,2042,pos,0 days 00:58:57.931000,0 days 01:57:13.443000
2024-07-07 15:02:10.653,OnTrack,7704,3924,2041,pos,0 days 00:58:58.112000,0 days 01:57:13.624000
2024-07-07 15:02:10.872,OnTrack,7661,3834,2040,pos,0 days 00:58:58.331000,0 days 01:57:13.843000
2024-07-07 15:02:11.213,OnTrack,7549,3663,2038,pos,0 days 00:58:58.672000,0 days 01:57:14.184000
2024-07-07 15:02:11.493,OnTrack,7500,3607,2037,pos,0 days 00:58:58.952000,0 days 01:57:14.464000
2024-07-07 15:02:11.832,OnTrack,7341,3474,2035,pos,0 days 00:58:59.291000,0 days 01:57:14.803000
2024-07-07 15:02:12.232,OnTrack,7193,3387,2033,pos,0 days 00:58:59.691000,0 days 01:57:15.203000
2024-07-07 15:02:12.412,OnTrack,7104,3341,2032,pos,0 days 00:58:59.871000,0 days 01:57:15.383000
2024-07-07 15:02:12.613,OnTrack,7004,3288,2031,pos,0 days 00:59:00.072000,0 days 01:57:15.584000
2024-07-07 15:02:12.892,OnTrack,6849,3185,2029,pos,0 days 00:59:00.351000,0 days 01:57:15.863000
2024-07-07 15:02:13.291,OnTrack,6685,3034,2028,pos,0 days 00:59:00.750000,0 days 01:57:16.262000
2024-07-07 15:02:13.452,OnTrack,6615,2960,2028,pos,0 days 00:59:00.911000,0 days 01:57:16.423000
2024-07-07 15:02:13.752,OnTrack,6486,2815,2027,pos,0 days 00:59:01.211000,0 days 01:57:16.723000
2024-07-07 15:02:14.091,OnTrack,6350,2633,2027,pos,0 days 00:59:01.550000,0 days 01:57:17.062000
2024-07-07 15:02:14.352,OnTrack,6218,2420,2026,pos,0 days 00:59:01.811000,0 days 01:57:17.323000
2024-07-07 15:02:14.612,OnTrack,6163,2322,2026,pos,0 days 00:59:02.071000,0 days 01:57:17.583000
2024-07-07 15:02:14.792,OnTrack,6104,2210,2025,pos,0 days 00:59:02.251000,0 days 01:57:17.763000
2024-07-07 15:02:15.092,OnTrack,6008,2019,2025,pos,0 days 00:59:02.551000,0 days 01:57:18.063000
2024-07-07 15:02:15.332,OnTrack,5931,1863,2024,pos,0 days 00:59:02.791000,0 days 01:57:18.303000
2024-07-07 15:02:15.572,OnTrack,5832,1659,2023,pos,0 days 00:59:03.031000,0 days 01:57:18.543000
2024-07-07 15:02:15.932,OnTrack,5738,1465,2022,pos,0 days 00:59:03.391000,0 days 01:57:18.903000
2024-07-07 15:02:16.212,OnTrack,5648,1275,2021,pos,0 days 00:59:03.671000,0 days 01:57:19.183000
2024-07-07 15:02:16.372,OnTrack,5550,1070,2020,pos,0 days 00:59:03.831000,0 days 01:57:19.343000
2024-07-07 15:02:16.732,OnTrack,5477,918,2019,pos,0 days 00:59:04.191000,0 days 01:57:19.703000
2024-07-07 15:02:17.072,OnTrack,5364,681,2017,pos,0 days 00:59:04.531000,0 days 01:57:20.043000
2024-07-07 15:02:17.173,OnTrack,5330,611,2017,pos,0 days 00:59:04.632000,0 days 01:57:20.144000
2024-07-07 15:02:17.392,OnTrack,5255,456,2016,pos,0 days 00:59:04.851000,0 days 01:57:20.363000
2024-07-07 15:02:17.652,OnTrack,5124,186,2013,pos,0 days 00:59:05.111000,0 days 01:57:20.623000
2024-07-07 15:02:18.033,OnTrack,5034,0,2012,pos,0 days 00:59:05.492000,0 days 01:57:21.004000
2024-07-07 15:02:18.132,OnTrack,5000,-71,2011,pos,0 days 00:59:05.591000,0 days 01:57:21.103000
2024-07-07 15:02:18.352,OnTrack,4923,-230,2010,pos,0 days 00:59:05.811000,0 days 01:57:21.323000
2024-07-07 15:02:18.553,OnTrack,4854,-375,2009,pos,0 days 00:59:06.012000,0 days 01:57:21.524000
2024-07-07 15:02:18.792,OnTrack,4770,-549,2009,pos,0 days 00:59:06.251000,0 days 01:57:21.763000
2024-07-07 15:02:19.113,OnTrack,4657,-782,2007,pos,0 days 00:59:06.572000,0 days 01:57:22.084000
2024-07-07 15:02:19.311,OnTrack,4586,-929,2007,pos,0 days 00:59:06.770000,0 days 01:57:22.282000
2024-07-07 15:02:19.491,OnTrack,4526,-1053,2006,pos,0 days 00:59:06.950000,0 days 01:57:22.462000
2024-07-07 15:02:19.712,OnTrack,4444,-1222,2004,pos,0 days 00:59:07.171000,0 days 01:57:22.683000
2024-07-07 15:02:19.912,OnTrack,4372,-1370,2002,pos,0 days 00:59:07.371000,0 days 01:57:22.883000
2024-07-07 15:02:20.111,OnTrack,4299,-1517,2000,pos,0 days 00:59:07.570000,0 days 01:57:23.082000
2024-07-07 15:02:20.212,OnTrack,4262,-1590,1999,pos,0 days 00:59:07.671000,0 days 01:57:23.183000
2024-07-07 15:02:20.611,OnTrack,4071,-1974,1995,pos,0 days 00:59:08.070000,0 days 01:57:23.582000
2024-07-07 15:02:20.852,OnTrack,4026,-2062,1994,pos,0 days 00:59:08.311000,0 days 01:57:23.823000
2024-07-07 15:02:21.092,OnTrack,3935,-2239,1994,pos,0 days 00:59:08.551000,0 days 01:57:24.063000
2024-07-07 15:02:21.412,OnTrack,3830,-2442,1994,pos,0 days 00:59:08.871000,0 days 01:57:24.383000
2024-07-07 15:02:21.572,OnTrack,3722,-2647,1995,pos,0 days 00:59:09.031000,0 days 01:57:24.543000
2024-07-07 15:02:22.051,OnTrack,3526,-3006,2001,pos,0 days 00:59:09.510000,0 days 01:57:25.022000
2024-07-07 15:02:22.311,OnTrack,3468,-3107,2003,pos,0 days 00:59:09.770000,0 days 01:57:25.282000
2024-07-07 15:02:22.592,OnTrack,3353,-3301,2007,pos,0 days 00:59:10.051000,0 days 01:57:25.563000
2024-07-07 15:02:22.792,OnTrack,3272,-3427,2010,pos,0 days 00:59:10.251000,0 days 01:57:25.763000
2024-07-07 15:02:22.952,OnTrack,3208,-3518,2012,pos,0 days 00:59:10.411000,0 days 01:57:25.923000
2024-07-07 15:02:23.152,OnTrack,3127,-3623,2015,pos,0 days 00:59:10.611000,0 days 01:57:26.123000
2024-07-07 15:02:23.492,OnTrack,2990,-3776,2018,pos,0 days 00:59:10.951000,0 days 01:57:26.463000
2024-07-07 15:02:24.432,OnTrack,2581,-4048,2026,pos,0 days 00:59:11.891000,0 days 01:57:27.403000
2024-07-07 15:02:24.752,OnTrack,2433,-4094,2028,pos,0 days 00:59:12.211000,0 days 01:57:27.723000
2024-07-07 15:02:25.052,OnTrack,2322,-4112,2030,pos,0 days 00:59:12.511000,0 days 01:57:28.023000
2024-07-07 15:02:25.332,OnTrack,2189,-4114,2032,pos,0 days 00:59:12.791000,0 days 01:57:28.303000
2024-07-07 15:02:25.472,OnTrack,2122,-4107,2032,pos,0 days 00:59:12.931000,0 days 01:57:28.443000
2024-07-07 15:02:25.633,OnTrack,2046,-4093,2033,pos,0 days 00:59:13.092000,0 days 01:57:28.604000
2024-07-07 15:02:25.932,OnTrack,1906,-4052,2033,pos,0 days 00:59:13.391000,0 days 01:57:28.903000
2024-07-07 15:02:26.192,OnTrack,1789,-3998,2033,pos,0 days 00:59:13.651000,0 days 01:57:29.163000
2024-07-07 15:02:26.351,OnTrack,1676,-3927,2033,pos,0 days 00:59:13.810000,0 days 01:57:29.322000
2024-07-07 15:02:26.671,OnTrack,1585,-3855,2032,pos,0 days 00:59:14.130000,0 days 01:57:29.642000
2024-07-07 15:02:26.891,OnTrack,1498,-3772,2031,pos,0 days 00:59:14.350000,0 days 01:57:29.862000
2024-07-07 15:02:27.211,OnTrack,1383,-3634,2029,pos,0 days 00:59:14.670000,0 days 01:57:30.182000
2024-07-07 15:02:27.332,OnTrack,1342,-3578,2028,pos,0 days 00:59:14.791000,0 days 01:57:30.303000
2024-07-07 15:02:27.491,OnTrack,1294,-3504,2027,pos,0 days 00:59:14.950000,0 days 01:57:30.462000
2024-07-07 15:02:27.692,OnTrack,1231,-3395,2024,pos,0 days 00:59:15.151000,0 days 01:57:30.663000
2024-07-07 15:02:27.912,OnTrack,1167,-3275,2020,pos,0 days 00:59:15.371000,0 days 01:57:30.883000
2024-07-07 15:02:28.132,OnTrack,1102,-3152,2016,pos,0 days 00:59:15.591000,0 days 01:57:31.103000
2024-07-07 15:02:28.291,OnTrack,1053,-3062,2013,pos,0 days 00:59:15.750000,0 days 01:57:31.262000
2024-07-07 15:02:28.652,OnTrack,878,-2783,2000,pos,0 days 00:59:16.111000,0 days 01:57:31.623000
2024-07-07 15:02:28.972,OnTrack,807,-2683,1995,pos,0 days 00:59:16.431000,0 days 01:57:31.943000
2024-07-07 15:02:29.152,OnTrack,738,-2588,1991,pos,0 days 00:59:16.611000,0 days 01:57:32.123000
2024-07-07 15:02:29.312,OnTrack,667,-2493,1988,pos,0 days 00:59:16.771000,0 days 01:57:32.283000
2024-07-07 15:02:29.652,OnTrack,524,-2300,1984,pos,0 days 00:59:17.111000,0 days 01:57:32.623000
2024-07-07 15:02:29.872,OnTrack,425,-2167,1984,pos,0 days 00:59:17.331000,0 days 01:57:32.843000
2024-07-07 15:02:30.052,OnTrack,344,-2059,1985,pos,0 days 00:59:17.511000,0 days 01:57:33.023000
2024-07-07 15:02:30.212,OnTrack,276,-1972,1986,pos,0 days 00:59:17.671000,0 days 01:57:33.183000
2024-07-07 15:02:30.372,OnTrack,203,-1880,1986,pos,0 days 00:59:17.831000,0 days 01:57:33.343000
2024-07-07 15:02:30.553,OnTrack,114,-1773,1986,pos,0 days 00:59:18.012000,0 days 01:57:33.524000
2024-07-07 15:02:30.752,OnTrack,25,-1669,1986,pos,0 days 00:59:18.211000,0 days 01:57:33.723000
2024-07-07 15:02:31.032,OnTrack,-102,-1524,1985,pos,0 days 00:59:18.491000,0 days 01:57:34.003000
2024-07-07 15:02:31.232,OnTrack,-182,-1435,1984,pos,0 days 00:59:18.691000,0 days 01:57:34.203000
2024-07-07 15:02:31.492,OnTrack,-269,-1337,1983,pos,0 days 00:59:18.951000,0 days 01:57:34.463000
2024-07-07 15:02:31.673,OnTrack,-328,-1269,1981,pos,0 days 00:59:19.132000,0 days 01:57:34.644000
2024-07-07 15:02:31.873,OnTrack,-387,-1204,1980,pos,0 days 00:59:19.332000,0 days 01:57:34.844000
2024-07-07 15:02:32.153,OnTrack,-462,-1124,1978,pos,0 days 00:59:19.612000,0 days 01:57:35.124000
2024-07-07 15:02:32.312,OnTrack,-528,-1062,1977,pos,0 days 00:59:19.771000,0 days 01:57:35.283000
2024-07-07 15:02:32.752,OnTrack,-613,-998,1976,pos,0 days 00:59:20.211000,0 days 01:57:35.723000
2024-07-07 15:02:33.012,OnTrack,-678,-962,1975,pos,0 days 00:59:20.471000,0 days 01:57:35.983000
2024-07-07 15:02:33.232,OnTrack,-748,-934,1976,pos,0 days 00:59:20.691000,0 days 01:57:36.203000
2024-07-07 15:02:33.652,OnTrack,-863,-914,1976,pos,0 days 00:59:21.111000,0 days 01:57:36.623000
2024-07-07 15:02:34.052,OnTrack,-938,-914,1976,pos,0 days 00:59:21.511000,0 days 01:57:37.023000
2024-07-07 15:02:34.271,OnTrack,-1004,-926,1978,pos,0 days 00:59:21.730000,0 days 01:57:37.242000
2024-07-07 15:02:34.492,OnTrack,-1040,-938,1978,pos,0 days 00:59:21.951000,0 days 01:57:37.463000
2024-07-07 15:02:34.792,OnTrack,-1103,-971,1979,pos,0 days 00:59:22.251000,0 days 01:57:37.763000
2024-07-07 15:02:35.032,OnTrack,-1177,-1023,1980,pos,0 days 00:59:22.491000,0 days 01:57:38.003000
2024-07-07 15:02:35.452,OnTrack,-1245,-1076,1981,pos,0 days 00:59:22.911000,0 days 01:57:38.423000
2024-07-07 15:02:35.592,OnTrack,-1277,-1099,1981,pos,0 days 00:59:23.051000,0 days 01:57:38.563000
2024-07-07 15:02:35.892,OnTrack,-1377,-1152,1981,pos,0 days 00:59:23.351000,0 days 01:57:38.863000
2024-07-07 15:02:36.192,OnTrack,-1422,-1165,1981,pos,0 days 00:59:23.651000,0 days 01:57:39.163000
2024-07-07 15:02:36.372,OnTrack,-1468,-1171,1981,pos,0 days 00:59:23.831000,0 days 01:57:39.343000
2024-07-07 15:02:36.572,OnTrack,-1518,-1170,1981,pos,0 days 00:59:24.031000,0 days 01:57:39.543000
2024-07-07 15:02:36.912,OnTrack,-1612,-1151,1980,pos,0 days 00:59:24.371000,0 days 01:57:39.883000
2024-07-07 15:02:37.132,OnTrack,-1697,-1122,1978,pos,0 days 00:59:24.591000,0 days 01:57:40.103000
2024-07-07 15:02:37.492,OnTrack,-1764,-1091,1978,pos,0 days 00:59:24.951000,0 days 01:57:40.463000
2024-07-07 15:02:37.692,OnTrack,-1819,-1058,1978,pos,0 days 00:59:25.151000,0 days 01:57:40.663000
2024-07-07 15:02:37.933,OnTrack,-1909,-985,1976,pos,0 days 00:59:25.392000,0 days 01:57:40.904000
2024-07-07 15:02:38.252,OnTrack,-1954,-938,1976,pos,0 days 00:59:25.711000,0 days 01:57:41.223000
2024-07-07 15:02:38.473,OnTrack,-2035,-837,1975,pos,0 days 00:59:25.932000,0 days 01:57:41.444000
2024-07-07 15:02:38.812,OnTrack,-2088,-770,1975,pos,0 days 00:59:26.271000,0 days 01:57:41.783000
2024-07-07 15:02:39.012,OnTrack,-2131,-707,1974,pos,0 days 00:59:26.471000,0 days 01:57:41.983000
2024-07-07 15:02:39.211,OnTrack,-2174,-631,1974,pos,0 days 00:59:26.670000,0 days 01:57:42.182000
2024-07-07 15:02:39.492,OnTrack,-2243,-466,1973,pos,0 days 00:59:26.951000,0 days 01:57:42.463000
2024-07-07 15:02:39.872,OnTrack,-2277,-349,1971,pos,0 days 00:59:27.331000,0 days 01:57:42.843000
2024-07-07 15:02:40.072,OnTrack,-2295,-259,1970,pos,0 days 00:59:27.531000,0 days 01:57:43.043000
2024-07-07 15:02:40.291,OnTrack,-2308,-143,1969,pos,0 days 00:59:27.750000,0 days 01:57:43.262000
2024-07-07 15:02:40.472,OnTrack,-2314,-49,1968,pos,0 days 00:59:27.931000,0 days 01:57:43.443000
2024-07-07 15:02:40.732,OnTrack,-2310,90,1966,pos,0 days 00:59:28.191000,0 days 01:57:43.703000
2024-07-07 15:02:40.892,OnTrack,-2299,178,1966,pos,0 days 00:59:28.351000,0 days 01:57:43.863000
2024-07-07 15:02:41.091,OnTrack,-2280,289,1964,pos,0 days 00:59:28.550000,0 days 01:57:44.062000
2024-07-07 15:02:41.272,OnTrack,-2253,390,1964,pos,0 days 00:59:28.731000,0 days 01:57:44.243000
2024-07-07 15:02:41.492,OnTrack,-2208,514,1963,pos,0 days 00:59:28.951000,0 days 01:57:44.463000
2024-07-07 15:02:41.752,OnTrack,-2139,651,1962,pos,0 days 00:59:29.211000,0 days 01:57:44.723000
2024-07-07 15:02:41.931,OnTrack,-2081,753,1962,pos,0 days 00:59:29.390000,0 days 01:57:44.902000
2024-07-07 15:02:42.212,OnTrack,-1969,917,1962,pos,0 days 00:59:29.671000,0 days 01:57:45.183000
2024-07-07 15:02:42.312,OnTrack,-1931,970,1962,pos,0 days 00:59:29.771000,0 days 01:57:45.283000
2024-07-07 15:02:42.492,OnTrack,-1862,1065,1963,pos,0 days 00:59:29.951000,0 days 01:57:45.463000
2024-07-07 15:02:42.852,OnTrack,-1719,1259,1964,pos,0 days 00:59:30.311000,0 days 01:57:45.823000
2024-07-07 15:02:43.052,OnTrack,-1574,1444,1965,pos,0 days 00:59:30.511000,0 days 01:57:46.023000
2024-07-07 15:02:43.432,OnTrack,-1468,1577,1966,pos,0 days 00:59:30.891000,0 days 01:57:46.403000
2024-07-07 15:02:43.613,OnTrack,-1389,1678,1967,pos,0 days 00:59:31.072000,0 days 01:57:46.584000
2024-07-07 15:02:43.792,OnTrack,-1312,1782,1968,pos,0 days 00:59:31.251000,0 days 01:57:46.763000
2024-07-07 15:02:44.012,OnTrack,-1156,1995,1971,pos,0 days 00:59:31.471000,0 days 01:57:46.983000
2024-07-07 15:02:44.352,OnTrack,-1069,2115,1973,pos,0 days 00:59:31.811000,0 days 01:57:47.323000
2024-07-07 15:02:44.733,OnTrack,-900,2347,1976,pos,0 days 00:59:32.192000,0 days 01:57:47.704000
2024-07-07 15:02:44.892,OnTrack,-829,2446,1978,pos,0 days 00:59:32.351000,0 days 01:57:47.863000
2024-07-07 15:02:45.112,OnTrack,-667,2670,1981,pos,0 days 00:59:32.571000,0 days 01:57:48.083000
2024-07-07 15:02:45.412,OnTrack,-596,2771,1983,pos,0 days 00:59:32.871000,0 days 01:57:48.383000
2024-07-07 15:02:45.572,OnTrack,-525,2874,1985,pos,0 days 00:59:33.031000,0 days 01:57:48.543000
2024-07-07 15:02:45.792,OnTrack,-428,3018,1987,pos,0 days 00:59:33.251000,0 days 01:57:48.763000
2024-07-07 15:02:46.052,OnTrack,-319,3183,1990,pos,0 days 00:59:33.511000,0 days 01:57:49.023000
2024-07-07 15:02:46.352,OnTrack,-163,3415,1994,pos,0 days 00:59:33.811000,0 days 01:57:49.323000
2024-07-07 15:02:46.672,OnTrack,-32,3598,1997,pos,0 days 00:59:34.131000,0 days 01:57:49.643000
2024-07-07 15:02:46.952,OnTrack,153,3841,2002,pos,0 days 00:59:34.411000,0 days 01:57:49.923000
2024-07-07 15:02:47.272,OnTrack,263,3971,2006,pos,0 days 00:59:34.731000,0 days 01:57:50.243000
2024-07-07 15:02:47.472,OnTrack,367,4083,2009,pos,0 days 00:59:34.931000,0 days 01:57:50.443000
2024-07-07 15:02:47.772,OnTrack,526,4229,2011,pos,0 days 00:59:35.231000,0 days 01:57:50.743000
2024-07-07 15:02:47.972,OnTrack,698,4347,2012,pos,0 days 00:59:35.431000,0 days 01:57:50.943000
2024-07-07 15:02:48.372,OnTrack,886,4433,2014,pos,0 days 00:59:35.831000,0 days 01:57:51.343000
2024-07-07 15:02:48.552,OnTrack,1074,4485,2015,pos,0 days 00:59:36.011000,0 days 01:57:51.523000
2024-07-07 15:02:48.932,OnTrack,1269,4512,2016,pos,0 days 00:59:36.391000,0 days 01:57:51.903000
2024-07-07 15:02:49.252,OnTrack,1554,4519,2020,pos,0 days 00:59:36.711000,0 days 01:57:52.223000
2024-07-07 15:02:49.512,OnTrack,1684,4512,2022,pos,0 days 00:59:36.971000,0 days 01:57:52.483000
2024-07-07 15:02:49.772,OnTrack,1973,4478,2025,pos,0 days 00:59:37.231000,0 days 01:57:52.743000
2024-07-07 15:02:50.152,OnTrack,2141,4456,2026,pos,0 days 00:59:37.611000,0 days 01:57:53.123000
2024-07-07 15:02:50.332,OnTrack,2281,4444,2028,pos,0 days 00:59:37.791000,0 days 01:57:53.303000
2024-07-07 15:02:50.693,OnTrack,2552,4441,2031,pos,0 days 00:59:38.152000,0 days 01:57:53.664000
2024-07-07 15:02:50.912,OnTrack,2717,4454,2033,pos,0 days 00:59:38.371000,0 days 01:57:53.883000
2024-07-07 15:02:51.092,OnTrack,2843,4476,2035,pos,0 days 00:59:38.551000,0 days 01:57:54.063000
2024-07-07 15:02:51.332,OnTrack,3018,4525,2038,pos,0 days 00:59:38.791000,0 days 01:57:54.303000
2024-07-07 15:02:51.513,OnTrack,3145,4574,2040,pos,0 days 00:59:38.972000,0 days 01:57:54.484000
2024-07-07 15:02:51.592,OnTrack,3194,4596,2041,pos,0 days 00:59:39.051000,0 days 01:57:54.563000
2024-07-07 15:02:51.872,OnTrack,3382,4703,2044,pos,0 days 00:59:39.331000,0 days 01:57:54.843000
2024-07-07 15:02:52.093,OnTrack,3527,4806,2047,pos,0 days 00:59:39.552000,0 days 01:57:55.064000
2024-07-07 15:02:52.271,OnTrack,3713,4968,2049,pos,0 days 00:59:39.730000,0 days 01:57:55.242000
2024-07-07 15:02:52.731,OnTrack,3942,5198,2050,pos,0 days 00:59:40.190000,0 days 01:57:55.702000
2024-07-07 15:02:53.071,OnTrack,4116,5367,2051,pos,0 days 00:59:40.530000,0 days 01:57:56.042000
2024-07-07 15:02:53.571,OnTrack,4296,5532,2053,pos,0 days 00:59:41.030000,0 days 01:57:56.542000
2024-07-07 15:02:53.611,OnTrack,4313,5547,2053,pos,0 days 00:59:41.070000,0 days 01:57:56.582000
2024-07-07 15:02:53.812,OnTrack,4395,5617,2054,pos,0 days 00:59:41.271000,0 days 01:57:56.783000
2024-07-07 15:02:54.111,OnTrack,4503,5707,2054,pos,0 days 00:59:41.570000,0 days 01:57:57.082000
2024-07-07 15:02:54.332,OnTrack,4575,5765,2055,pos,0 days 00:59:41.791000,0 days 01:57:57.303000
2024-07-07 15:02:54.492,OnTrack,4624,5802,2055,pos,0 days 00:59:41.951000,0 days 01:57:57.463000
2024-07-07 15:02:54.652,OnTrack,4672,5833,2055,pos,0 days 00:59:42.111000,0 days 01:57:57.623000
2024-07-07 15:02:54.932,OnTrack,4753,5873,2054,pos,0 days 00:59:42.391000,0 days 01:57:57.903000
2024-07-07 15:02:55.212,OnTrack,4849,5896,2054,pos,0 days 00:59:42.671000,0 days 01:57:58.183000
2024-07-07 15:02:55.531,OnTrack,4934,5899,2053,pos,0 days 00:59:42.990000,0 days 01:57:58.502000
2024-07-07 15:02:55.811,OnTrack,5026,5887,2053,pos,0 days 00:59:43.270000,0 days 01:57:58.782000
2024-07-07 15:02:56.093,OnTrack,5080,5870,2054,pos,0 days 00:59:43.552000,0 days 01:57:59.064000
2024-07-07 15:02:56.332,OnTrack,5134,5844,2054,pos,0 days 00:59:43.791000,0 days 01:57:59.303000
2024-07-07 15:02:56.692,OnTrack,5206,5793,2056,pos,0 days 00:59:44.151000,0 days 01:57:59.663000
2024-07-07 15:02:56.712,OnTrack,5210,5790,2056,pos,0 days 00:59:44.171000,0 days 01:57:59.683000
2024-07-07 15:02:56.953,OnTrack,5251,5749,2057,pos,0 days 00:59:44.412000,0 days 01:57:59.924000
2024-07-07 15:02:57.312,OnTrack,5302,5676,2059,pos,0 days 00:59:44.771000,0 days 01:58:00.283000
2024-07-07 15:02:57.513,OnTrack,5324,5630,2059,pos,0 days 00:59:44.972000,0 days 01:58:00.484000
2024-07-07 15:02:57.572,OnTrack,5329,5618,2059,pos,0 days 00:59:45.031000,0 days 01:58:00.543000
2024-07-07 15:02:58.452,OnTrack,5383,5378,2061,pos,0 days 00:59:45.911000,0 days 01:58:01.423000
2024-07-07 15:02:58.692,OnTrack,5389,5306,2062,pos,0 days 00:59:46.151000,0 days 01:58:01.663000
2024-07-07 15:02:58.932,OnTrack,5399,5208,2064,pos,0 days 00:59:46.391000,0 days 01:58:01.903000
2024-07-07 15:02:59.231,OnTrack,5409,5144,2065,pos,0 days 00:59:46.690000,0 days 01:58:02.202000
2024-07-07 15:02:59.531,OnTrack,5443,5025,2066,pos,0 days 00:59:46.990000,0 days 01:58:02.502000
2024-07-07 15:02:59.952,OnTrack,5497,4923,2066,pos,0 days 00:59:47.411000,0 days 01:58:02.923000
2024-07-07 15:03:00.452,OnTrack,5557,4849,2065,pos,0 days 00:59:47.911000,0 days 01:58:03.423000
2024-07-07 15:03:00.612,OnTrack,5584,4823,2065,pos,0 days 00:59:48.071000,0 days 01:58:03.583000
2024-07-07 15:03:00.711,OnTrack,5602,4808,2064,pos,0 days 00:59:48.170000,0 days 01:58:03.682000
2024-07-07 15:03:00.931,OnTrack,5642,4778,2064,pos,0 days 00:59:48.390000,0 days 01:58:03.902000
2024-07-07 15:03:01.092,OnTrack,5672,4760,2064,pos,0 days 00:59:48.551000,0 days 01:58:04.063000
2024-07-07 15:03:01.352,OnTrack,5722,4739,2065,pos,0 days 00:59:48.811000,0 days 01:58:04.323000
2024-07-07 15:03:01.572,OnTrack,5766,4731,2064,pos,0 days 00:59:49.031000,0 days 01:58:04.543000
2024-07-07 15:03:01.812,OnTrack,5813,4735,2064,pos,0 days 00:59:49.271000,0 days 01:58:04.783000
2024-07-07 15:03:02.012,OnTrack,5851,4749,2064,pos,0 days 00:59:49.471000,0 days 01:58:04.983000
2024-07-07 15:03:02.252,OnTrack,5894,4775,2063,pos,0 days 00:59:49.711000,0 days 01:58:05.223000
2024-07-07 15:03:02.492,OnTrack,5934,4806,2064,pos,0 days 00:59:49.951000,0 days 01:58:05.463000
2024-07-07 15:03:02.672,OnTrack,5963,4834,2064,pos,0 days 00:59:50.131000,0 days 01:58:05.643000
2024-07-07 15:03:02.772,OnTrack,6000,4873,2064,pos,0 days 00:59:50.231000,0 days 01:58:05.743000
2024-07-07 15:03:03.152,OnTrack,6035,4917,2064,pos,0 days 00:59:50.611000,0 days 01:58:06.123000
2024-07-07 15:03:03.412,OnTrack,6072,4971,2065,pos,0 days 00:59:50.871000,0 days 01:58:06.383000
2024-07-07 15:03:03.592,OnTrack,6098,5012,2064,pos,0 days 00:59:51.051000,0 days 01:58:06.563000
2024-07-07 15:03:03.792,OnTrack,6125,5061,2065,pos,0 days 00:59:51.251000,0 days 01:58:06.763000
2024-07-07 15:03:04.072,OnTrack,6161,5138,2065,pos,0 days 00:59:51.531000,0 days 01:58:07.043000
2024-07-07 15:03:04.293,OnTrack,6188,5203,2065,pos,0 days 00:59:51.752000,0 days 01:58:07.264000
2024-07-07 15:03:04.472,OnTrack,6209,5262,2065,pos,0 days 00:59:51.931000,0 days 01:58:07.443000
2024-07-07 15:03:04.632,OnTrack,6226,5313,2065,pos,0 days 00:59:52.091000,0 days 01:58:07.603000
2024-07-07 15:03:04.792,OnTrack,6244,5374,2065,pos,0 days 00:59:52.251000,0 days 01:58:07.763000
2024-07-07 15:03:05.052,OnTrack,6270,5470,2065,pos,0 days 00:59:52.511000,0 days 01:58:08.023000
2024-07-07 15:03:05.311,OnTrack,6294,5577,2065,pos,0 days 00:59:52.770000,0 days 01:58:08.282000
2024-07-07 15:03:05.511,OnTrack,6311,5669,2065,pos,0 days 00:59:52.970000,0 days 01:58:08.482000
2024-07-07 15:03:05.752,OnTrack,6331,5843,2064,pos,0 days 00:59:53.211000,0 days 01:58:08.723000
2024-07-07 15:03:05.811,OnTrack,6332,5872,2064,pos,0 days 00:59:53.270000,0 days 01:58:08.782000
2024-07-07 15:03:06.051,OnTrack,6330,5993,2064,pos,0 days 00:59:53.510000,0 days 01:58:09.022000
2024-07-07 15:03:06.351,OnTrack,6315,6152,2063,pos,0 days 00:59:53.810000,0 days 01:58:09.322000
2024-07-07 15:03:06.592,OnTrack,6285,6304,2063,pos,0 days 00:59:54.051000,0 days 01:58:09.563000
2024-07-07 15:03:06.911,OnTrack,6206,6534,2062,pos,0 days 00:59:54.370000,0 days 01:58:09.882000
2024-07-07 15:03:07.352,OnTrack,6082,6761,2063,pos,0 days 00:59:54.811000,0 days 01:58:10.323000
2024-07-07 15:03:07.791,OnTrack,5963,6925,2064,pos,0 days 00:59:55.250000,0 days 01:58:10.762000
2024-07-07 15:03:08.051,OnTrack,5850,7049,2064,pos,0 days 00:59:55.510000,0 days 01:58:11.022000
2024-07-07 15:03:08.232,OnTrack,5692,7193,2064,pos,0 days 00:59:55.691000,0 days 01:58:11.203000
2024-07-07 15:03:08.532,OnTrack,5608,7262,2064,pos,0 days 00:59:55.991000,0 days 01:58:11.503000
2024-07-07 15:03:08.772,OnTrack,5478,7363,2064,pos,0 days 00:59:56.231000,0 days 01:58:11.743000
2024-07-07 15:03:08.932,OnTrack,5389,7430,2064,pos,0 days 00:59:56.391000,0 days 01:58:11.903000
2024-07-07 15:03:09.312,OnTrack,5113,7650,2064,pos,0 days 00:59:56.771000,0 days 01:58:12.283000
2024-07-07 15:03:09.632,OnTrack,5002,7742,2064,pos,0 days 00:59:57.091000,0 days 01:58:12.603000
2024-07-07 15:03:09.932,OnTrack,4846,7874,2064,pos,0 days 00:59:57.391000,0 days 01:58:12.903000
2024-07-07 15:03:10.013,OnTrack,4801,7912,2064,pos,0 days 00:59:57.472000,0 days 01:58:12.984000
2024-07-07 15:03:10.232,OnTrack,4615,8072,2065,pos,0 days 00:59:57.691000,0 days 01:58:13.203000
2024-07-07 15:03:10.573,OnTrack,4484,8184,2064,pos,0 days 00:59:58.032000,0 days 01:58:13.544000
2024-07-07 15:03:10.912,OnTrack,4287,8353,2064,pos,0 days 00:59:58.371000,0 days 01:58:13.883000
2024-07-07 15:03:11.093,OnTrack,4183,8442,2064,pos,0 days 00:59:58.552000,0 days 01:58:14.064000
2024-07-07 15:03:11.353,OnTrack,3983,8613,2063,pos,0 days 00:59:58.812000,0 days 01:58:14.324000
2024-07-07 15:03:11.693,OnTrack,3830,8746,2063,pos,0 days 00:59:59.152000,0 days 01:58:14.664000
2024-07-07 15:03:11.852,OnTrack,3736,8829,2063,pos,0 days 00:59:59.311000,0 days 01:58:14.823000
2024-07-07 15:03:12.031,OnTrack,3630,8922,2063,pos,0 days 00:59:59.490000,0 days 01:58:15.002000
2024-07-07 15:03:12.272,OnTrack,3494,9042,2063,pos,0 days 00:59:59.731000,0 days 01:58:15.243000
2024-07-07 15:03:12.472,OnTrack,3368,9152,2063,pos,0 days 00:59:59.931000,0 days 01:58:15.443000
2024-07-07 15:03:12.772,OnTrack,3188,9310,2064,pos,0 days 01:00:00.231000,0 days 01:58:15.743000
2024-07-07 15:03:12.871,OnTrack,3128,9363,2063,pos,0 days 01:00:00.330000,0 days 01:58:15.842000
2024-07-07 15:03:13.112,OnTrack,2983,9490,2062,pos,0 days 01:00:00.571000,0 days 01:58:16.083000
2024-07-07 15:03:13.451,OnTrack,2701,9734,2060,pos,0 days 01:00:00.910000,0 days 01:58:16.422000
2024-07-07 15:03:13.792,OnTrack,2567,9851,2058,pos,0 days 01:00:01.251000,0 days 01:58:16.763000
2024-07-07 15:03:14.051,OnTrack,2408,9990,2056,pos,0 days 01:00:01.510000,0 days 01:58:17.022000
2024-07-07 15:03:14.232,OnTrack,2307,10081,2055,pos,0 days 01:00:01.691000,0 days 01:58:17.203000
2024-07-07 15:03:14.492,OnTrack,2115,10253,2051,pos,0 days 01:00:01.951000,0 days 01:58:17.463000
2024-07-07 15:03:14.851,OnTrack,1937,10412,2049,pos,0 days 01:00:02.310000,0 days 01:58:17.822000
2024-07-07 15:03:15.131,OnTrack,1773,10554,2046,pos,0 days 01:00:02.590000,0 days 01:58:18.102000
2024-07-07 15:03:15.312,OnTrack,1627,10672,2044,pos,0 days 01:00:02.771000,0 days 01:58:18.283000
2024-07-07 15:03:15.612,OnTrack,1519,10748,2042,pos,0 days 01:00:03.071000,0 days 01:58:18.583000
2024-07-07 15:03:15.892,OnTrack,1367,10835,2040,pos,0 days 01:00:03.351000,0 days 01:58:18.863000
2024-07-07 15:03:16.112,OnTrack,1215,10899,2038,pos,0 days 01:00:03.571000,0 days 01:58:19.083000
2024-07-07 15:03:16.513,OnTrack,1063,10939,2036,pos,0 days 01:00:03.972000,0 days 01:58:19.484000
2024-07-07 15:03:16.672,OnTrack,989,10947,2035,pos,0 days 01:00:04.131000,0 days 01:58:19.643000
2024-07-07 15:03:16.932,OnTrack,868,10948,2034,pos,0 days 01:00:04.391000,0 days 01:58:19.903000
2024-07-07 15:03:17.113,OnTrack,791,10946,2034,pos,0 days 01:00:04.572000,0 days 01:58:20.084000
2024-07-07 15:03:17.412,OnTrack,633,10914,2032,pos,0 days 01:00:04.871000,0 days 01:58:20.383000
2024-07-07 15:03:17.732,OnTrack,561,10885,2032,pos,0 days 01:00:05.191000,0 days 01:58:20.703000
2024-07-07 15:03:17.913,OnTrack,503,10855,2032,pos,0 days 01:00:05.372000,0 days 01:58:20.884000
2024-07-07 15:03:18.112,OnTrack,445,10815,2032,pos,0 days 01:00:05.571000,0 days 01:58:21.083000
2024-07-07 15:03:18.292,OnTrack,400,10774,2032,pos,0 days 01:00:05.751000,0 days 01:58:21.263000
2024-07-07 15:03:18.631,OnTrack,306,10641,2032,pos,0 days 01:00:06.090000,0 days 01:58:21.602000
2024-07-07 15:03:19.012,OnTrack,268,10569,2033,pos,0 days 01:00:06.471000,0 days 01:58:21.983000
2024-07-07 15:03:19.111,OnTrack,253,10536,2033,pos,0 days 01:00:06.570000,0 days 01:58:22.082000
2024-07-07 15:03:19.312,OnTrack,228,10472,2033,pos,0 days 01:00:06.771000,0 days 01:58:22.283000
2024-07-07 15:03:19.671,OnTrack,203,10350,2033,pos,0 days 01:00:07.130000,0 days 01:58:22.642000
2024-07-07 15:03:19.852,OnTrack,196,10287,2033,pos,0 days 01:00:07.311000,0 days 01:58:22.823000
2024-07-07 15:03:19.951,OnTrack,193,10246,2033,pos,0 days 01:00:07.410000,0 days 01:58:22.922000
2024-07-07 15:03:20.251,OnTrack,187,10131,2034,pos,0 days 01:00:07.710000,0 days 01:58:23.222000
2024-07-07 15:03:20.432,OnTrack,184,10065,2034,pos,0 days 01:00:07.891000,0 days 01:58:23.403000
2024-07-07 15:03:20.592,OnTrack,179,10002,2035,pos,0 days 01:00:08.051000,0 days 01:58:23.563000
2024-07-07 15:03:20.892,OnTrack,167,9901,2036,pos,0 days 01:00:08.351000,0 days 01:58:23.863000
2024-07-07 15:03:20.992,OnTrack,161,9870,2036,pos,0 days 01:00:08.451000,0 days 01:58:23.963000
2024-07-07 15:03:21.232,OnTrack,144,9809,2036,pos,0 days 01:00:08.691000,0 days 01:58:24.203000
2024-07-07 15:03:21.552,OnTrack,114,9739,2037,pos,0 days 01:00:09.011000,0 days 01:58:24.523000
2024-07-07 15:03:21.812,OnTrack,85,9689,2038,pos,0 days 01:00:09.271000,0 days 01:58:24.783000
2024-07-07 15:03:22.172,OnTrack,31,9619,2039,pos,0 days 01:00:09.631000,0 days 01:58:25.143000
2024-07-07 15:03:22.352,OnTrack,2,9589,2039,pos,0 days 01:00:09.811000,0 days 01:58:25.323000
2024-07-07 15:03:22.592,OnTrack,-37,9554,2040,pos,0 days 01:00:10.051000,0 days 01:58:25.563000
2024-07-07 15:03:22.793,OnTrack,-93,9515,2040,pos,0 days 01:00:10.252000,0 days 01:58:25.764000
2024-07-07 15:03:23.232,OnTrack,-156,9480,2040,pos,0 days 01:00:10.691000,0 days 01:58:26.203000
2024-07-07 15:03:23.492,OnTrack,-205,9462,2041,pos,0 days 01:00:10.951000,0 days 01:58:26.463000
2024-07-07 15:03:23.812,OnTrack,-276,9446,2041,pos,0 days 01:00:11.271000,0 days 01:58:26.783000
2024-07-07 15:03:24.072,OnTrack,-337,9443,2040,pos,0 days 01:00:11.531000,0 days 01:58:27.043000
2024-07-07 15:03:24.272,OnTrack,-418,9455,2040,pos,0 days 01:00:11.731000,0 days 01:58:27.243000
2024-07-07 15:03:24.673,OnTrack,-480,9480,2039,pos,0 days 01:00:12.132000,0 days 01:58:27.644000
2024-07-07 15:03:24.892,OnTrack,-529,9510,2039,pos,0 days 01:00:12.351000,0 days 01:58:27.863000
2024-07-07 15:03:25.033,OnTrack,-559,9533,2038,pos,0 days 01:00:12.492000,0 days 01:58:28.004000
2024-07-07 15:03:25.332,OnTrack,-618,9591,2037,pos,0 days 01:00:12.791000,0 days 01:58:28.303000
2024-07-07 15:03:25.532,OnTrack,-672,9666,2036,pos,0 days 01:00:12.991000,0 days 01:58:28.503000
2024-07-07 15:03:25.951,OnTrack,-714,9747,2034,pos,0 days 01:00:13.410000,0 days 01:58:28.922000
2024-07-07 15:03:26.132,OnTrack,-735,9800,2033,pos,0 days 01:00:13.591000,0 days 01:58:29.103000
2024-07-07 15:03:26.332,OnTrack,-753,9862,2033,pos,0 days 01:00:13.791000,0 days 01:58:29.303000
2024-07-07 15:03:26.511,OnTrack,-765,9921,2033,pos,0 days 01:00:13.970000,0 days 01:58:29.482000
2024-07-07 15:03:26.672,OnTrack,-772,9975,2032,pos,0 days 01:00:14.131000,0 days 01:58:29.643000
2024-07-07 15:03:26.892,OnTrack,-776,10051,2032,pos,0 days 01:00:14.351000,0 days 01:58:29.863000
2024-07-07 15:03:27.051,OnTrack,-774,10109,2031,pos,0 days 01:00:14.510000,0 days 01:58:30.022000
2024-07-07 15:03:27.392,OnTrack,-753,10292,2030,pos,0 days 01:00:14.851000,0 days 01:58:30.363000
2024-07-07 15:03:27.712,OnTrack,-738,10364,2030,pos,0 days 01:00:15.171000,0 days 01:58:30.683000
2024-07-07 15:03:27.911,OnTrack,-716,10446,2029,pos,0 days 01:00:15.370000,0 days 01:58:30.882000
2024-07-07 15:03:28.112,OnTrack,-684,10542,2028,pos,0 days 01:00:15.571000,0 days 01:58:31.083000
2024-07-07 15:03:28.592,OnTrack,-624,10697,2025,pos,0 days 01:00:16.051000,0 days 01:58:31.563000
2024-07-07 15:03:28.812,OnTrack,-563,10829,2023,pos,0 days 01:00:16.271000,0 days 01:58:31.783000
2024-07-07 15:03:29.132,OnTrack,-499,10956,2022,pos,0 days 01:00:16.591000,0 days 01:58:32.103000
2024-07-07 15:03:29.332,OnTrack,-445,11057,2022,pos,0 days 01:00:16.791000,0 days 01:58:32.303000
2024-07-07 15:03:29.573,OnTrack,-377,11180,2021,pos,0 days 01:00:17.032000,0 days 01:58:32.544000
2024-07-07 15:03:29.772,OnTrack,-316,11285,2021,pos,0 days 01:00:17.231000,0 days 01:58:32.743000
2024-07-07 15:03:30.032,OnTrack,-227,11419,2021,pos,0 days 01:00:17.491000,0 days 01:58:33.003000
2024-07-07 15:03:30.153,OnTrack,-182,11481,2021,pos,0 days 01:00:17.612000,0 days 01:58:33.124000
2024-07-07 15:03:30.393,OnTrack,-93,11598,2021,pos,0 days 01:00:17.852000,0 days 01:58:33.364000
2024-07-07 15:03:30.612,OnTrack,4,11714,2021,pos,0 days 01:00:18.071000,0 days 01:58:33.583000
2024-07-07 15:03:30.872,OnTrack,123,11842,2022,pos,0 days 01:00:18.331000,0 days 01:58:33.843000
2024-07-07 15:03:30.973,OnTrack,172,11891,2023,pos,0 days 01:00:18.432000,0 days 01:58:33.944000
2024-07-07 15:03:31.273,OnTrack,377,12080,2024,pos,0 days 01:00:18.732000,0 days 01:58:34.244000
2024-07-07 15:03:31.573,OnTrack,487,12169,2024,pos,0 days 01:00:19.032000,0 days 01:58:34.544000
2024-07-07 15:03:31.812,OnTrack,626,12271,2024,pos,0 days 01:00:19.271000,0 days 01:58:34.783000
2024-07-07 15:03:32.092,OnTrack,798,12379,2024,pos,0 days 01:00:19.551000,0 days 01:58:35.063000
2024-07-07 15:03:32.152,OnTrack,838,12400,2024,pos,0 days 01:00:19.611000,0 days 01:58:35.123000
2024-07-07 15:03:32.332,OnTrack,958,12460,2025,pos,0 days 01:00:19.791000,0 days 01:58:35.303000
2024-07-07 15:03:32.612,OnTrack,1151,12542,2025,pos,0 days 01:00:20.071000,0 days 01:58:35.583000
2024-07-07 15:03:32.892,OnTrack,1350,12612,2025,pos,0 days 01:00:20.351000,0 days 01:58:35.863000
2024-07-07 15:03:33.071,OnTrack,1483,12651,2025,pos,0 days 01:00:20.530000,0 days 01:58:36.042000
2024-07-07 15:03:33.192,OnTrack,1572,12675,2025,pos,0 days 01:00:20.651000,0 days 01:58:36.163000
2024-07-07 15:03:33.412,OnTrack,1738,12714,2026,pos,0 days 01:00:20.871000,0 days 01:58:36.383000
2024-07-07 15:03:33.652,OnTrack,2014,12763,2028,pos,0 days 01:00:21.111000,0 days 01:58:36.623000
2024-07-07 15:03:34.052,OnTrack,2226,12791,2029,pos,0 days 01:00:21.511000,0 days 01:58:37.023000
2024-07-07 15:03:34.332,OnTrack,2448,12816,2031,pos,0 days 01:00:21.791000,0 days 01:58:37.303000
2024-07-07 15:03:34.552,OnTrack,2720,12845,2033,pos,0 days 01:00:22.011000,0 days 01:58:37.523000
2024-07-07 15:03:34.952,OnTrack,2978,12870,2036,pos,0 days 01:00:22.411000,0 days 01:58:37.923000
2024-07-07 15:03:35.252,OnTrack,3303,12904,2039,pos,0 days 01:00:22.711000,0 days 01:58:38.223000
2024-07-07 15:03:35.612,OnTrack,3482,12924,2039,pos,0 days 01:00:23.071000,0 days 01:58:38.583000
2024-07-07 15:03:35.932,OnTrack,3744,12953,2040,pos,0 days 01:00:23.391000,0 days 01:58:38.903000
2024-07-07 15:03:36.012,OnTrack,3810,12961,2042,pos,0 days 01:00:23.471000,0 days 01:58:38.983000
2024-07-07 15:03:36.292,OnTrack,4137,12999,2044,pos,0 days 01:00:23.751000,0 days 01:58:39.263000
2024-07-07 15:03:36.712,OnTrack,4381,13031,2045,pos,0 days 01:00:24.171000,0 days 01:58:39.683000
2024-07-07 15:03:36.912,OnTrack,4543,13053,2046,pos,0 days 01:00:24.371000,0 days 01:58:39.883000
2024-07-07 15:03:37.072,OnTrack,4664,13069,2047,pos,0 days 01:00:24.531000,0 days 01:58:40.043000
2024-07-07 15:03:37.352,OnTrack,4964,13101,2048,pos,0 days 01:00:24.811000,0 days 01:58:40.323000
2024-07-07 15:03:37.632,OnTrack,5090,13111,2049,pos,0 days 01:00:25.091000,0 days 01:58:40.603000
2024-07-07 15:03:37.952,OnTrack,5367,13106,2050,pos,0 days 01:00:25.411000,0 days 01:58:40.923000
2024-07-07 15:03:38.312,OnTrack,5503,13083,2051,pos,0 days 01:00:25.771000,0 days 01:58:41.283000
2024-07-07 15:03:38.572,OnTrack,5726,13018,2052,pos,0 days 01:00:26.031000,0 days 01:58:41.543000
2024-07-07 15:03:38.932,OnTrack,5852,12962,2053,pos,0 days 01:00:26.391000,0 days 01:58:41.903000
2024-07-07 15:03:39.212,OnTrack,6002,12872,2054,pos,0 days 01:00:26.671000,0 days 01:58:42.183000
2024-07-07 15:03:39.351,OnTrack,6138,12770,2055,pos,0 days 01:00:26.810000,0 days 01:58:42.322000
2024-07-07 15:03:39.831,OnTrack,6330,12570,2056,pos,0 days 01:00:27.290000,0 days 01:58:42.802000
2024-07-07 15:03:40.092,OnTrack,6380,12499,2056,pos,0 days 01:00:27.551000,0 days 01:58:43.063000
2024-07-07 15:03:40.451,OnTrack,6528,12214,2058,pos,0 days 01:00:27.910000,0 days 01:58:43.422000
2024-07-07 15:03:40.832,OnTrack,6586,12068,2059,pos,0 days 01:00:28.291000,0 days 01:58:43.803000
2024-07-07 15:03:41.052,OnTrack,6632,11929,2060,pos,0 days 01:00:28.511000,0 days 01:58:44.023000
2024-07-07 15:03:41.251,OnTrack,6671,11799,2061,pos,0 days 01:00:28.710000,0 days 01:58:44.222000
2024-07-07 15:03:41.352,OnTrack,6689,11733,2061,pos,0 days 01:00:28.811000,0 days 01:58:44.323000
2024-07-07 15:03:41.712,OnTrack,6750,11491,2063,pos,0 days 01:00:29.171000,0 days 01:58:44.683000
2024-07-07 15:03:41.892,OnTrack,6797,11283,2065,pos,0 days 01:00:29.351000,0 days 01:58:44.863000
2024-07-07 15:03:42.252,OnTrack,6831,11113,2066,pos,0 days 01:00:29.711000,0 days 01:58:45.223000
2024-07-07 15:03:42.452,OnTrack,6855,10980,2067,pos,0 days 01:00:29.911000,0 days 01:58:45.423000
2024-07-07 15:03:42.653,OnTrack,6878,10835,2068,pos,0 days 01:00:30.112000,0 days 01:58:45.624000
2024-07-07 15:03:42.913,OnTrack,6916,10547,2071,pos,0 days 01:00:30.372000,0 days 01:58:45.884000
2024-07-07 15:03:43.352,OnTrack,6941,10315,2072,pos,0 days 01:00:30.811000,0 days 01:58:46.323000
2024-07-07 15:03:43.432,OnTrack,6946,10254,2073,pos,0 days 01:00:30.891000,0 days 01:58:46.403000
2024-07-07 15:03:43.672,OnTrack,6961,10071,2074,pos,0 days 01:00:31.131000,0 days 01:58:46.643000
2024-07-07 15:03:43.872,OnTrack,6970,9917,2074,pos,0 days 01:00:31.331000,0 days 01:58:46.843000
2024-07-07 15:03:44.132,OnTrack,6978,9715,2075,pos,0 days 01:00:31.591000,0 days 01:58:47.103000
2024-07-07 15:03:44.333,OnTrack,6981,9558,2075,pos,0 days 01:00:31.792000,0 days 01:58:47.304000
2024-07-07 15:03:44.593,OnTrack,6986,9354,2074,pos,0 days 01:00:32.052000,0 days 01:58:47.564000
2024-07-07 15:03:44.791,OnTrack,6996,9084,2073,pos,0 days 01:00:32.250000,0 days 01:58:47.762000
2024-07-07 15:03:45.152,OnTrack,7021,8806,2072,pos,0 days 01:00:32.611000,0 days 01:58:48.123000
2024-07-07 15:03:45.511,OnTrack,7047,8630,2071,pos,0 days 01:00:32.970000,0 days 01:58:48.482000
2024-07-07 15:03:45.811,OnTrack,7124,8281,2069,pos,0 days 01:00:33.270000,0 days 01:58:48.782000
2024-07-07 15:03:46.131,OnTrack,7162,8140,2067,pos,0 days 01:00:33.590000,0 days 01:58:49.102000
2024-07-07 15:03:46.452,OnTrack,7242,7891,2064,pos,0 days 01:00:33.911000,0 days 01:58:49.423000
2024-07-07 15:03:46.691,OnTrack,7333,7653,2061,pos,0 days 01:00:34.150000,0 days 01:58:49.662000
2024-07-07 15:03:47.072,OnTrack,7437,7391,2059,pos,0 days 01:00:34.531000,0 days 01:58:50.043000
2024-07-07 15:03:47.452,OnTrack,7510,7150,2058,pos,0 days 01:00:34.911000,0 days 01:58:50.423000
2024-07-07 15:03:47.872,OnTrack,7537,6965,2058,pos,0 days 01:00:35.331000,0 days 01:58:50.843000
2024-07-07 15:03:48.071,OnTrack,7531,6779,2058,pos,0 days 01:00:35.530000,0 days 01:58:51.042000
2024-07-07 15:03:48.432,OnTrack,7507,6617,2058,pos,0 days 01:00:35.891000,0 days 01:58:51.403000
2024-07-07 15:03:48.692,OnTrack,7474,6456,2060,pos,0 days 01:00:36.151000,0 days 01:58:51.663000
2024-07-07 15:03:48.952,OnTrack,7415,6221,2061,pos,0 days 01:00:36.411000,0 days 01:58:51.923000
2024-07-07 15:03:49.292,OnTrack,7382,6082,2062,pos,0 days 01:00:36.751000,0 days 01:58:52.263000
2024-07-07 15:03:49.412,OnTrack,7365,6006,2062,pos,0 days 01:00:36.871000,0 days 01:58:52.383000
2024-07-07 15:03:49.753,OnTrack,7321,5711,2063,pos,0 days 01:00:37.212000,0 days 01:58:52.724000
2024-07-07 15:03:50.212,OnTrack,7326,5468,2062,pos,0 days 01:00:37.671000,0 days 01:58:53.183000
2024-07-07 15:03:50.512,OnTrack,7352,5343,2062,pos,0 days 01:00:37.971000,0 days 01:58:53.483000
2024-07-07 15:03:50.792,OnTrack,7408,5190,2060,pos,0 days 01:00:38.251000,0 days 01:58:53.763000
2024-07-07 15:03:50.992,OnTrack,7456,5091,2059,pos,0 days 01:00:38.451000,0 days 01:58:53.963000
2024-07-07 15:03:51.252,OnTrack,7533,4957,2056,pos,0 days 01:00:38.711000,0 days 01:58:54.223000
2024-07-07 15:03:51.432,OnTrack,7625,4804,2054,pos,0 days 01:00:38.891000,0 days 01:58:54.403000
2024-07-07 15:03:51.751,OnTrack,7670,4722,2053,pos,0 days 01:00:39.210000,0 days 01:58:54.722000
2024-07-07 15:03:51.912,OnTrack,7705,4650,2052,pos,0 days 01:00:39.371000,0 days 01:58:54.883000
2024-07-07 15:03:52.272,OnTrack,7766,4478,2050,pos,0 days 01:00:39.731000,0 days 01:58:55.243000
2024-07-07 15:03:52.631,OnTrack,7788,4269,2047,pos,0 days 01:00:40.090000,0 days 01:58:55.602000
2024-07-07 15:03:52.911,OnTrack,7782,4197,2045,pos,0 days 01:00:40.370000,0 days 01:58:55.882000
2024-07-07 15:03:53.132,OnTrack,7763,4098,2044,pos,0 days 01:00:40.591000,0 days 01:58:56.103000
2024-07-07 15:03:53.392,OnTrack,7728,3984,2042,pos,0 days 01:00:40.851000,0 days 01:58:56.363000
2024-07-07 15:03:53.632,OnTrack,7659,3829,2040,pos,0 days 01:00:41.091000,0 days 01:58:56.603000
2024-07-07 15:03:53.932,OnTrack,7615,3755,2039,pos,0 days 01:00:41.391000,0 days 01:58:56.903000
2024-07-07 15:03:54.292,OnTrack,7506,3613,2037,pos,0 days 01:00:41.751000,0 days 01:58:57.263000
2024-07-07 15:03:54.472,OnTrack,7440,3549,2036,pos,0 days 01:00:41.931000,0 days 01:58:57.443000
2024-07-07 15:03:54.572,OnTrack,7399,3516,2036,pos,0 days 01:00:42.031000,0 days 01:58:57.543000
2024-07-07 15:03:54.812,OnTrack,7290,3442,2034,pos,0 days 01:00:42.271000,0 days 01:58:57.783000
2024-07-07 15:03:54.992,OnTrack,7201,3391,2033,pos,0 days 01:00:42.451000,0 days 01:58:57.963000
2024-07-07 15:03:55.312,OnTrack,7003,3287,2031,pos,0 days 01:00:42.771000,0 days 01:58:58.283000
2024-07-07 15:03:55.713,OnTrack,6776,3123,2028,pos,0 days 01:00:43.172000,0 days 01:58:58.684000
2024-07-07 15:03:56.092,OnTrack,6620,2966,2028,pos,0 days 01:00:43.551000,0 days 01:58:59.063000
2024-07-07 15:03:56.533,OnTrack,6463,2787,2027,pos,0 days 01:00:43.992000,0 days 01:58:59.504000
2024-07-07 15:03:56.612,OnTrack,6430,2745,2027,pos,0 days 01:00:44.071000,0 days 01:58:59.583000
2024-07-07 15:03:56.833,OnTrack,6342,2621,2027,pos,0 days 01:00:44.292000,0 days 01:58:59.804000
2024-07-07 15:03:57.032,OnTrack,6267,2505,2026,pos,0 days 01:00:44.491000,0 days 01:59:00.003000
2024-07-07 15:03:57.252,OnTrack,6189,2370,2026,pos,0 days 01:00:44.711000,0 days 01:59:00.223000
2024-07-07 15:03:57.552,OnTrack,6089,2182,2025,pos,0 days 01:00:45.011000,0 days 01:59:00.523000
2024-07-07 15:03:57.673,OnTrack,6053,2111,2025,pos,0 days 01:00:45.132000,0 days 01:59:00.644000
2024-07-07 15:03:57.992,OnTrack,5950,1903,2024,pos,0 days 01:00:45.451000,0 days 01:59:00.963000
2024-07-07 15:03:58.172,OnTrack,5889,1777,2024,pos,0 days 01:00:45.631000,0 days 01:59:01.143000
2024-07-07 15:03:58.351,OnTrack,5831,1657,2023,pos,0 days 01:00:45.810000,0 days 01:59:01.322000
2024-07-07 15:03:58.532,OnTrack,5772,1535,2023,pos,0 days 01:00:45.991000,0 days 01:59:01.503000
2024-07-07 15:03:58.812,OnTrack,5684,1352,2022,pos,0 days 01:00:46.271000,0 days 01:59:01.783000
2024-07-07 15:03:59.072,OnTrack,5549,1069,2020,pos,0 days 01:00:46.531000,0 days 01:59:02.043000
2024-07-07 15:03:59.352,OnTrack,5506,978,2020,pos,0 days 01:00:46.811000,0 days 01:59:02.323000
2024-07-07 15:03:59.512,OnTrack,5452,866,2019,pos,0 days 01:00:46.971000,0 days 01:59:02.483000
2024-07-07 15:03:59.832,OnTrack,5317,583,2016,pos,0 days 01:00:47.291000,0 days 01:59:02.803000
2024-07-07 15:04:00.232,OnTrack,5206,355,2015,pos,0 days 01:00:47.691000,0 days 01:59:03.203000
2024-07-07 15:04:00.412,OnTrack,5102,140,2013,pos,0 days 01:00:47.871000,0 days 01:59:03.383000
2024-07-07 15:04:00.851,OnTrack,4962,-148,2011,pos,0 days 01:00:48.310000,0 days 01:59:03.822000
2024-07-07 15:04:01.131,OnTrack,4893,-294,2010,pos,0 days 01:00:48.590000,0 days 01:59:04.102000
2024-07-07 15:04:01.352,OnTrack,4815,-455,2009,pos,0 days 01:00:48.811000,0 days 01:59:04.323000
2024-07-07 15:04:01.572,OnTrack,4738,-616,2008,pos,0 days 01:00:49.031000,0 days 01:59:04.543000
2024-07-07 15:04:01.772,OnTrack,4668,-759,2008,pos,0 days 01:00:49.231000,0 days 01:59:04.743000
2024-07-07 15:04:01.992,OnTrack,4596,-909,2007,pos,0 days 01:00:49.451000,0 days 01:59:04.963000
2024-07-07 15:04:02.272,OnTrack,4496,-1116,2005,pos,0 days 01:00:49.731000,0 days 01:59:05.243000
2024-07-07 15:04:02.432,OnTrack,4438,-1235,2003,pos,0 days 01:00:49.891000,0 days 01:59:05.403000
2024-07-07 15:04:02.552,OnTrack,4394,-1324,2002,pos,0 days 01:00:50.011000,0 days 01:59:05.523000
2024-07-07 15:04:02.832,OnTrack,4292,-1531,2000,pos,0 days 01:00:50.291000,0 days 01:59:05.803000
2024-07-07 15:04:03.132,OnTrack,4181,-1754,1997,pos,0 days 01:00:50.591000,0 days 01:59:06.103000
2024-07-07 15:04:03.353,OnTrack,4088,-1940,1995,pos,0 days 01:00:50.812000,0 days 01:59:06.324000
2024-07-07 15:04:03.593,OnTrack,4009,-2096,1994,pos,0 days 01:00:51.052000,0 days 01:59:06.564000
2024-07-07 15:04:03.832,OnTrack,3921,-2266,1994,pos,0 days 01:00:51.291000,0 days 01:59:06.803000
2024-07-07 15:04:03.992,OnTrack,3856,-2391,1994,pos,0 days 01:00:51.451000,0 days 01:59:06.963000
2024-07-07 15:04:04.312,OnTrack,3738,-2617,1995,pos,0 days 01:00:51.771000,0 days 01:59:07.283000
2024-07-07 15:04:04.531,OnTrack,3653,-2776,1997,pos,0 days 01:00:51.990000,0 days 01:59:07.502000
2024-07-07 15:04:04.692,OnTrack,3591,-2890,1998,pos,0 days 01:00:52.151000,0 days 01:59:07.663000
2024-07-07 15:04:04.891,OnTrack,3512,-3031,2001,pos,0 days 01:00:52.350000,0 days 01:59:07.862000
2024-07-07 15:04:05.052,OnTrack,3451,-3136,2003,pos,0 days 01:00:52.511000,0 days 01:59:08.023000
2024-07-07 15:04:05.312,OnTrack,3341,-3320,2007,pos,0 days 01:00:52.771000,0 days 01:59:08.283000
2024-07-07 15:04:05.592,OnTrack,3225,-3494,2011,pos,0 days 01:00:53.051000,0 days 01:59:08.563000
2024-07-07 15:04:05.671,OnTrack,3192,-3539,2012,pos,0 days 01:00:53.130000,0 days 01:59:08.642000
2024-07-07 15:04:06.011,OnTrack,3050,-3713,2017,pos,0 days 01:00:53.470000,0 days 01:59:08.982000
2024-07-07 15:04:06.231,OnTrack,2957,-3809,2019,pos,0 days 01:00:53.690000,0 days 01:59:09.202000
2024-07-07 15:04:06.452,OnTrack,2827,-3915,2022,pos,0 days 01:00:53.911000,0 days 01:59:09.423000
2024-07-07 15:04:06.732,OnTrack,2734,-3974,2023,pos,0 days 01:00:54.191000,0 days 01:59:09.703000
2024-07-07 15:04:06.912,OnTrack,2649,-4018,2025,pos,0 days 01:00:54.371000,0 days 01:59:09.883000
2024-07-07 15:04:07.212,OnTrack,2438,-4093,2028,pos,0 days 01:00:54.671000,0 days 01:59:10.183000
2024-07-07 15:04:07.552,OnTrack,2342,-4110,2030,pos,0 days 01:00:55.011000,0 days 01:59:10.523000
2024-07-07 15:04:07.752,OnTrack,2247,-4116,2031,pos,0 days 01:00:55.211000,0 days 01:59:10.723000
2024-07-07 15:04:08.072,OnTrack,2032,-4090,2032,pos,0 days 01:00:55.531000,0 days 01:59:11.043000
2024-07-07 15:04:08.372,OnTrack,1954,-4068,2033,pos,0 days 01:00:55.831000,0 days 01:59:11.343000
2024-07-07 15:04:08.692,OnTrack,1810,-4009,2033,pos,0 days 01:00:56.151000,0 days 01:59:11.663000
2024-07-07 15:04:08.792,OnTrack,1767,-3985,2033,pos,0 days 01:00:56.251000,0 days 01:59:11.763000
2024-07-07 15:04:09.112,OnTrack,1625,-3889,2032,pos,0 days 01:00:56.571000,0 days 01:59:12.083000
2024-07-07 15:04:09.392,OnTrack,1527,-3801,2031,pos,0 days 01:00:56.851000,0 days 01:59:12.363000
2024-07-07 15:04:09.633,OnTrack,1436,-3702,2030,pos,0 days 01:00:57.092000,0 days 01:59:12.604000
2024-07-07 15:04:09.752,OnTrack,1395,-3650,2029,pos,0 days 01:00:57.211000,0 days 01:59:12.723000
2024-07-07 15:04:09.992,OnTrack,1317,-3540,2027,pos,0 days 01:00:57.451000,0 days 01:59:12.963000
2024-07-07 15:04:10.232,OnTrack,1206,-3348,2023,pos,0 days 01:00:57.691000,0 days 01:59:13.203000
2024-07-07 15:04:10.652,OnTrack,1127,-3198,2018,pos,0 days 01:00:58.111000,0 days 01:59:13.623000
2024-07-07 15:04:10.792,OnTrack,1086,-3121,2015,pos,0 days 01:00:58.251000,0 days 01:59:13.763000
2024-07-07 15:04:11.013,OnTrack,1018,-3001,2011,pos,0 days 01:00:58.472000,0 days 01:59:13.984000
2024-07-07 15:04:11.371,OnTrack,893,-2804,2001,pos,0 days 01:00:58.830000,0 days 01:59:14.342000
2024-07-07 15:04:11.552,OnTrack,823,-2705,1996,pos,0 days 01:00:59.011000,0 days 01:59:14.523000
2024-07-07 15:04:11.752,OnTrack,743,-2595,1991,pos,0 days 01:00:59.211000,0 days 01:59:14.723000
2024-07-07 15:04:11.931,OnTrack,669,-2496,1988,pos,0 days 01:00:59.390000,0 days 01:59:14.902000
2024-07-07 15:04:12.172,OnTrack,570,-2362,1985,pos,0 days 01:00:59.631000,0 days 01:59:15.143000
2024-07-07 15:04:12.352,OnTrack,446,-2194,1984,pos,0 days 01:00:59.811000,0 days 01:59:15.323000
2024-07-07 15:04:12.752,OnTrack,327,-2038,1985,pos,0 days 01:01:00.211000,0 days 01:59:15.723000
2024-07-07 15:04:12.972,OnTrack,180,-1851,1986,pos,0 days 01:01:00.431000,0 days 01:59:15.943000
2024-07-07 15:04:13.312,OnTrack,85,-1739,1987,pos,0 days 01:01:00.771000,0 days 01:59:16.283000
2024-07-07 15:04:13.492,OnTrack,-1,-1639,1986,pos,0 days 01:01:00.951000,0 days 01:59:16.463000
2024-07-07 15:04:13.792,OnTrack,-128,-1495,1985,pos,0 days 01:01:01.251000,0 days 01:59:16.763000
2024-07-07 15:04:14.072,OnTrack,-209,-1405,1984,pos,0 days 01:01:01.531000,0 days 01:59:17.043000
2024-07-07 15:04:14.232,OnTrack,-288,-1315,1982,pos,0 days 01:01:01.691000,0 days 01:59:17.203000
2024-07-07 15:04:14.532,OnTrack,-354,-1241,1981,pos,0 days 01:01:01.991000,0 days 01:59:17.503000
2024-07-07 15:04:14.832,OnTrack,-436,-1151,1979,pos,0 days 01:01:02.291000,0 days 01:59:17.803000
2024-07-07 15:04:15.072,OnTrack,-494,-1092,1978,pos,0 days 01:01:02.531000,0 days 01:59:18.043000
2024-07-07 15:04:15.252,OnTrack,-541,-1051,1977,pos,0 days 01:01:02.711000,0 days 01:59:18.223000
2024-07-07 15:04:15.472,OnTrack,-630,-988,1976,pos,0 days 01:01:02.931000,0 days 01:59:18.443000
2024-07-07 15:04:15.932,OnTrack,-710,-947,1975,pos,0 days 01:01:03.391000,0 days 01:59:18.903000
2024-07-07 15:04:16.092,OnTrack,-751,-933,1976,pos,0 days 01:01:03.551000,0 days 01:59:19.063000
2024-07-07 15:04:16.312,OnTrack,-825,-917,1976,pos,0 days 01:01:03.771000,0 days 01:59:19.283000
2024-07-07 15:04:16.673,OnTrack,-898,-913,1976,pos,0 days 01:01:04.132000,0 days 01:59:19.644000
2024-07-07 15:04:17.412,OnTrack,-1071,-952,1978,pos,0 days 01:01:04.871000,0 days 01:59:20.383000
2024-07-07 15:04:17.632,OnTrack,-1117,-980,1979,pos,0 days 01:01:05.091000,0 days 01:59:20.603000
2024-07-07 15:04:17.951,OnTrack,-1189,-1032,1980,pos,0 days 01:01:05.410000,0 days 01:59:20.922000
2024-07-07 15:04:17.991,OnTrack,-1198,-1039,1980,pos,0 days 01:01:05.450000,0 days 01:59:20.962000
2024-07-07 15:04:18.251,OnTrack,-1288,-1106,1981,pos,0 days 01:01:05.710000,0 days 01:59:21.222000
2024-07-07 15:04:18.592,OnTrack,-1335,-1134,1981,pos,0 days 01:01:06.051000,0 days 01:59:21.563000
2024-07-07 15:04:18.932,OnTrack,-1419,-1165,1981,pos,0 days 01:01:06.391000,0 days 01:59:21.903000
2024-07-07 15:04:19.051,OnTrack,-1450,-1170,1981,pos,0 days 01:01:06.510000,0 days 01:59:22.022000
2024-07-07 15:04:19.351,OnTrack,-1545,-1166,1980,pos,0 days 01:01:06.810000,0 days 01:59:22.322000
2024-07-07 15:04:19.772,OnTrack,-1657,-1137,1979,pos,0 days 01:01:07.231000,0 days 01:59:22.743000
2024-07-07 15:04:20.192,OnTrack,-1777,-1084,1978,pos,0 days 01:01:07.651000,0 days 01:59:23.163000
2024-07-07 15:04:20.472,OnTrack,-1823,-1055,1978,pos,0 days 01:01:07.931000,0 days 01:59:23.443000
2024-07-07 15:04:20.812,OnTrack,-1907,-987,1977,pos,0 days 01:01:08.271000,0 days 01:59:23.783000
2024-07-07 15:04:21.012,OnTrack,-1953,-938,1976,pos,0 days 01:01:08.471000,0 days 01:59:23.983000
2024-07-07 15:04:21.192,OnTrack,-1994,-889,1976,pos,0 days 01:01:08.651000,0 days 01:59:24.163000
2024-07-07 15:04:21.352,OnTrack,-2031,-843,1975,pos,0 days 01:01:08.811000,0 days 01:59:24.323000
2024-07-07 15:04:21.532,OnTrack,-2073,-789,1975,pos,0 days 01:01:08.991000,0 days 01:59:24.503000
2024-07-07 15:04:21.852,OnTrack,-2143,-689,1974,pos,0 days 01:01:09.311000,0 days 01:59:24.823000
2024-07-07 15:04:21.912,OnTrack,-2166,-647,1974,pos,0 days 01:01:09.371000,0 days 01:59:24.883000
2024-07-07 15:04:22.212,OnTrack,-2250,-443,1973,pos,0 days 01:01:09.671000,0 days 01:59:25.183000
2024-07-07 15:04:22.512,OnTrack,-2271,-373,1972,pos,0 days 01:01:09.971000,0 days 01:59:25.483000
2024-07-07 15:04:22.832,OnTrack,-2300,-223,1970,pos,0 days 01:01:10.291000,0 days 01:59:25.803000
2024-07-07 15:04:23.072,OnTrack,-2311,-104,1968,pos,0 days 01:01:10.531000,0 days 01:59:26.043000
2024-07-07 15:04:23.312,OnTrack,-2310,80,1967,pos,0 days 01:01:10.771000,0 days 01:59:26.283000
2024-07-07 15:04:23.612,OnTrack,-2300,176,1966,pos,0 days 01:01:11.071000,0 days 01:59:26.583000
2024-07-07 15:04:23.793,OnTrack,-2283,273,1965,pos,0 days 01:01:11.252000,0 days 01:59:26.764000
2024-07-07 15:04:24.013,OnTrack,-2253,390,1964,pos,0 days 01:01:11.472000,0 days 01:59:26.984000
2024-07-07 15:04:24.192,OnTrack,-2219,488,1963,pos,0 days 01:01:11.651000,0 days 01:59:27.163000
2024-07-07 15:04:24.372,OnTrack,-2174,584,1963,pos,0 days 01:01:11.831000,0 days 01:59:27.343000
2024-07-07 15:04:24.612,OnTrack,-2106,710,1962,pos,0 days 01:01:12.071000,0 days 01:59:27.583000
2024-07-07 15:04:24.832,OnTrack,-2037,821,1962,pos,0 days 01:01:12.291000,0 days 01:59:27.803000
2024-07-07 15:04:24.991,OnTrack,-1980,902,1962,pos,0 days 01:01:12.450000,0 days 01:59:27.962000
2024-07-07 15:04:25.212,OnTrack,-1898,1015,1963,pos,0 days 01:01:12.671000,0 days 01:59:28.183000
2024-07-07 15:04:25.412,OnTrack,-1824,1118,1963,pos,0 days 01:01:12.871000,0 days 01:59:28.383000
2024-07-07 15:04:25.672,OnTrack,-1722,1255,1964,pos,0 days 01:01:13.131000,0 days 01:59:28.643000
2024-07-07 15:04:25.912,OnTrack,-1623,1384,1964,pos,0 days 01:01:13.371000,0 days 01:59:28.883000
2024-07-07 15:04:26.151,OnTrack,-1467,1578,1966,pos,0 days 01:01:13.610000,0 days 01:59:29.122000
2024-07-07 15:04:26.552,OnTrack,-1304,1792,1968,pos,0 days 01:01:14.011000,0 days 01:59:29.523000
2024-07-07 15:04:27.012,OnTrack,-1151,2003,1971,pos,0 days 01:01:14.471000,0 days 01:59:29.983000
2024-07-07 15:04:27.092,OnTrack,-1116,2050,1971,pos,0 days 01:01:14.551000,0 days 01:59:30.063000
2024-07-07 15:04:27.332,OnTrack,-960,2265,1974,pos,0 days 01:01:14.791000,0 days 01:59:30.303000
2024-07-07 15:04:27.672,OnTrack,-863,2399,1977,pos,0 days 01:01:15.131000,0 days 01:59:30.643000
2024-07-07 15:04:27.912,OnTrack,-756,2546,1979,pos,0 days 01:01:15.371000,0 days 01:59:30.883000
2024-07-07 15:04:28.112,OnTrack,-667,2670,1981,pos,0 days 01:01:15.571000,0 days 01:59:31.083000
2024-07-07 15:04:28.373,OnTrack,-552,2835,1984,pos,0 days 01:01:15.832000,0 days 01:59:31.344000
2024-07-07 15:04:28.612,OnTrack,-387,3080,1988,pos,0 days 01:01:16.071000,0 days 01:59:31.583000
2024-07-07 15:04:29.032,OnTrack,-265,3264,1992,pos,0 days 01:01:16.491000,0 days 01:59:32.003000
2024-07-07 15:04:29.152,OnTrack,-149,3434,1995,pos,0 days 01:01:16.611000,0 days 01:59:32.123000
2024-07-07 15:04:29.572,OnTrack,-19,3615,1997,pos,0 days 01:01:17.031000,0 days 01:59:32.543000
2024-07-07 15:04:29.832,OnTrack,106,3781,2001,pos,0 days 01:01:17.291000,0 days 01:59:32.803000
2024-07-07 15:04:30.092,OnTrack,232,3935,2005,pos,0 days 01:01:17.551000,0 days 01:59:33.063000
2024-07-07 15:04:30.273,OnTrack,396,4112,2010,pos,0 days 01:01:17.732000,0 days 01:59:33.244000
2024-07-07 15:04:30.553,OnTrack,485,4195,2011,pos,0 days 01:01:18.012000,0 days 01:59:33.524000
2024-07-07 15:04:30.852,OnTrack,659,4324,2012,pos,0 days 01:01:18.311000,0 days 01:59:33.823000
2024-07-07 15:04:30.931,OnTrack,708,4353,2012,pos,0 days 01:01:18.390000,0 days 01:59:33.902000
2024-07-07 15:04:31.152,OnTrack,847,4418,2014,pos,0 days 01:01:18.611000,0 days 01:59:34.123000
2024-07-07 15:04:31.492,OnTrack,1072,4485,2015,pos,0 days 01:01:18.951000,0 days 01:59:34.463000
2024-07-07 15:04:31.692,OnTrack,1302,4515,2017,pos,0 days 01:01:19.151000,0 days 01:59:34.663000
2024-07-07 15:04:32.032,OnTrack,1439,4519,2018,pos,0 days 01:01:19.491000,0 days 01:59:35.003000
2024-07-07 15:04:32.312,OnTrack,1728,4509,2022,pos,0 days 01:01:19.771000,0 days 01:59:35.283000
2024-07-07 15:04:32.671,OnTrack,1880,4491,2024,pos,0 days 01:01:20.130000,0 days 01:59:35.642000
2024-07-07 15:04:32.911,OnTrack,2049,4467,2026,pos,0 days 01:01:20.370000,0 days 01:59:35.882000
2024-07-07 15:04:33.072,OnTrack,2162,4454,2027,pos,0 days 01:01:20.531000,0 days 01:59:36.043000
2024-07-07 15:04:33.231,OnTrack,2277,4444,2028,pos,0 days 01:01:20.690000,0 days 01:59:36.202000
2024-07-07 15:04:33.491,OnTrack,2466,4439,2030,pos,0 days 01:01:20.950000,0 days 01:59:36.462000
2024-07-07 15:04:33.652,OnTrack,2583,4442,2031,pos,0 days 01:01:21.111000,0 days 01:59:36.623000
2024-07-07 15:04:33.852,OnTrack,2727,4455,2034,pos,0 days 01:01:21.311000,0 days 01:59:36.823000
2024-07-07 15:04:34.051,OnTrack,2874,4483,2036,pos,0 days 01:01:21.510000,0 days 01:59:37.022000
2024-07-07 15:04:34.352,OnTrack,3086,4550,2039,pos,0 days 01:01:21.811000,0 days 01:59:37.323000
2024-07-07 15:04:34.512,OnTrack,3194,4596,2041,pos,0 days 01:01:21.971000,0 days 01:59:37.483000
2024-07-07 15:04:34.832,OnTrack,3400,4715,2045,pos,0 days 01:01:22.291000,0 days 01:59:37.803000
2024-07-07 15:04:34.992,OnTrack,3498,4784,2046,pos,0 days 01:01:22.451000,0 days 01:59:37.963000
2024-07-07 15:04:35.132,OnTrack,3581,4850,2048,pos,0 days 01:01:22.591000,0 days 01:59:38.103000
2024-07-07 15:04:35.312,OnTrack,3682,4939,2049,pos,0 days 01:01:22.771000,0 days 01:59:38.283000
2024-07-07 15:04:35.692,OnTrack,3887,5142,2050,pos,0 days 01:01:23.151000,0 days 01:59:38.663000
2024-07-07 15:04:36.072,OnTrack,4085,5338,2051,pos,0 days 01:01:23.531000,0 days 01:59:39.043000
2024-07-07 15:04:36.232,OnTrack,4225,5468,2052,pos,0 days 01:01:23.691000,0 days 01:59:39.203000
2024-07-07 15:04:36.652,OnTrack,4342,5572,2053,pos,0 days 01:01:24.111000,0 days 01:59:39.623000
2024-07-07 15:04:36.892,OnTrack,4434,5650,2054,pos,0 days 01:01:24.351000,0 days 01:59:39.863000
2024-07-07 15:04:37.073,OnTrack,4499,5704,2054,pos,0 days 01:01:24.532000,0 days 01:59:40.044000
2024-07-07 15:04:37.212,OnTrack,4590,5777,2055,pos,0 days 01:01:24.671000,0 days 01:59:40.183000
2024-07-07 15:04:37.632,OnTrack,4670,5832,2055,pos,0 days 01:01:25.091000,0 days 01:59:40.603000
2024-07-07 15:04:37.811,OnTrack,4724,5861,2055,pos,0 days 01:01:25.270000,0 days 01:59:40.782000
2024-07-07 15:04:38.012,OnTrack,4784,5883,2054,pos,0 days 01:01:25.471000,0 days 01:59:40.983000
2024-07-07 15:04:38.292,OnTrack,4869,5898,2053,pos,0 days 01:01:25.751000,0 days 01:59:41.263000
2024-07-07 15:04:38.472,OnTrack,4923,5900,2053,pos,0 days 01:01:25.931000,0 days 01:59:41.443000
2024-07-07 15:04:38.631,OnTrack,4970,5897,2053,pos,0 days 01:01:26.090000,0 days 01:59:41.602000
2024-07-07 15:04:38.852,OnTrack,5031,5886,2053,pos,0 days 01:01:26.311000,0 days 01:59:41.823000
2024-07-07 15:04:39.191,OnTrack,5117,5854,2054,pos,0 days 01:01:26.650000,0 days 01:59:42.162000
2024-07-07 15:04:39.332,OnTrack,5150,5835,2055,pos,0 days 01:01:26.791000,0 days 01:59:42.303000
2024-07-07 15:04:39.532,OnTrack,5191,5806,2056,pos,0 days 01:01:26.991000,0 days 01:59:42.503000
2024-07-07 15:04:39.771,OnTrack,5260,5739,2058,pos,0 days 01:01:27.230000,0 days 01:59:42.742000
2024-07-07 15:04:40.172,OnTrack,5300,5679,2059,pos,0 days 01:01:27.631000,0 days 01:59:43.143000
2024-07-07 15:04:40.452,OnTrack,5335,5601,2059,pos,0 days 01:01:27.911000,0 days 01:59:43.423000
2024-07-07 15:04:40.692,OnTrack,5352,5548,2059,pos,0 days 01:01:28.151000,0 days 01:59:43.663000
2024-07-07 15:04:41.032,OnTrack,5379,5414,2060,pos,0 days 01:01:28.491000,0 days 01:59:44.003000
2024-07-07 15:04:41.372,OnTrack,5385,5354,2061,pos,0 days 01:01:28.831000,0 days 01:59:44.343000
2024-07-07 15:04:41.612,OnTrack,5396,5239,2063,pos,0 days 01:01:29.071000,0 days 01:59:44.583000
2024-07-07 15:04:42.112,OnTrack,5415,5116,2065,pos,0 days 01:01:29.571000,0 days 01:59:45.083000
2024-07-07 15:04:42.172,OnTrack,5419,5097,2065,pos,0 days 01:01:29.631000,0 days 01:59:45.143000
2024-07-07 15:04:42.392,OnTrack,5439,5033,2066,pos,0 days 01:01:29.851000,0 days 01:59:45.363000
2024-07-07 15:04:42.553,OnTrack,5456,4994,2066,pos,0 days 01:01:30.012000,0 days 01:59:45.524000
2024-07-07 15:04:42.892,OnTrack,5504,4912,2066,pos,0 days 01:01:30.351000,0 days 01:59:45.863000
2024-07-07 15:04:43.152,OnTrack,5546,4861,2066,pos,0 days 01:01:30.611000,0 days 01:59:46.123000
2024-07-07 15:04:43.353,OnTrack,5588,4820,2065,pos,0 days 01:01:30.812000,0 days 01:59:46.324000
2024-07-07 15:04:43.752,OnTrack,5666,4763,2064,pos,0 days 01:01:31.211000,0 days 01:59:46.723000
2024-07-07 15:04:43.992,OnTrack,5699,4747,2064,pos,0 days 01:01:31.451000,0 days 01:59:46.963000
2024-07-07 15:04:44.351,OnTrack,5785,4731,2064,pos,0 days 01:01:31.810000,0 days 01:59:47.322000
2024-07-07 15:04:44.631,OnTrack,5829,4740,2064,pos,0 days 01:01:32.090000,0 days 01:59:47.602000
2024-07-07 15:04:44.951,OnTrack,5889,4771,2063,pos,0 days 01:01:32.410000,0 days 01:59:47.922000
2024-07-07 15:04:45.112,OnTrack,5918,4792,2063,pos,0 days 01:01:32.571000,0 days 01:59:48.083000
2024-07-07 15:04:45.352,OnTrack,5979,4850,2064,pos,0 days 01:01:32.811000,0 days 01:59:48.323000
2024-07-07 15:04:45.672,OnTrack,6008,4883,2064,pos,0 days 01:01:33.131000,0 days 01:59:48.643000
2024-07-07 15:04:45.971,OnTrack,6052,4941,2065,pos,0 days 01:01:33.430000,0 days 01:59:48.942000
2024-07-07 15:04:46.192,OnTrack,6083,4988,2065,pos,0 days 01:01:33.651000,0 days 01:59:49.163000
2024-07-07 15:04:46.392,OnTrack,6128,5068,2065,pos,0 days 01:01:33.851000,0 days 01:59:49.363000
2024-07-07 15:04:46.752,OnTrack,6156,5125,2065,pos,0 days 01:01:34.211000,0 days 01:59:49.723000
2024-07-07 15:04:46.912,OnTrack,6174,5169,2065,pos,0 days 01:01:34.371000,0 days 01:59:49.883000
2024-07-07 15:04:47.152,OnTrack,6201,5239,2065,pos,0 days 01:01:34.611000,0 days 01:59:50.123000
2024-07-07 15:04:47.472,OnTrack,6235,5342,2065,pos,0 days 01:01:34.931000,0 days 01:59:50.443000
2024-07-07 15:04:47.652,OnTrack,6258,5426,2065,pos,0 days 01:01:35.111000,0 days 01:59:50.623000
2024-07-07 15:04:48.052,OnTrack,6289,5553,2065,pos,0 days 01:01:35.511000,0 days 01:59:51.023000
2024-07-07 15:04:48.233,OnTrack,6305,5632,2065,pos,0 days 01:01:35.692000,0 days 01:59:51.204000
2024-07-07 15:04:48.372,OnTrack,6315,5693,2065,pos,0 days 01:01:35.831000,0 days 01:59:51.343000
2024-07-07 15:04:48.592,OnTrack,6327,5793,2064,pos,0 days 01:01:36.051000,0 days 01:59:51.563000
2024-07-07 15:04:48.892,OnTrack,6331,5958,2064,pos,0 days 01:01:36.351000,0 days 01:59:51.863000
2024-07-07 15:04:49.313,OnTrack,6314,6154,2063,pos,0 days 01:01:36.772000,0 days 01:59:52.284000
2024-07-07 15:04:49.492,OnTrack,6297,6249,2063,pos,0 days 01:01:36.951000,0 days 01:59:52.463000
2024-07-07 15:04:49.732,OnTrack,6258,6398,2062,pos,0 days 01:01:37.191000,0 days 01:59:52.703000
2024-07-07 15:04:49.992,OnTrack,6214,6515,2063,pos,0 days 01:01:37.451000,0 days 01:59:52.963000
2024-07-07 15:04:50.252,OnTrack,6104,6726,2063,pos,0 days 01:01:37.711000,0 days 01:59:53.223000
2024-07-07 15:04:50.672,OnTrack,6008,6867,2064,pos,0 days 01:01:38.131000,0 days 01:59:53.643000
2024-07-07 15:04:50.871,OnTrack,5930,6964,2064,pos,0 days 01:01:38.330000,0 days 01:59:53.842000
2024-07-07 15:04:51.131,OnTrack,5815,7083,2064,pos,0 days 01:01:38.590000,0 days 01:59:54.102000
2024-07-07 15:04:51.211,OnTrack,5777,7118,2064,pos,0 days 01:01:38.670000,0 days 01:59:54.182000
2024-07-07 15:04:51.492,OnTrack,5637,7238,2064,pos,0 days 01:01:38.951000,0 days 01:59:54.463000
2024-07-07 15:04:51.691,OnTrack,5532,7321,2064,pos,0 days 01:01:39.150000,0 days 01:59:54.662000
2024-07-07 15:04:51.892,OnTrack,5347,7463,2064,pos,0 days 01:01:39.351000,0 days 01:59:54.863000
2024-07-07 15:04:52.372,OnTrack,5161,7610,2064,pos,0 days 01:01:39.831000,0 days 01:59:55.343000
2024-07-07 15:04:52.612,OnTrack,5030,7719,2064,pos,0 days 01:01:40.071000,0 days 01:59:55.583000
2024-07-07 15:04:52.791,OnTrack,4911,7818,2064,pos,0 days 01:01:40.250000,0 days 01:59:55.762000
2024-07-07 15:04:52.952,OnTrack,4751,7955,2064,pos,0 days 01:01:40.411000,0 days 01:59:55.923000
2024-07-07 15:04:53.292,OnTrack,4635,8055,2065,pos,0 days 01:01:40.751000,0 days 01:59:56.263000
2024-07-07 15:04:53.472,OnTrack,4539,8137,2065,pos,0 days 01:01:40.931000,0 days 01:59:56.443000
2024-07-07 15:04:53.852,OnTrack,4271,8367,2064,pos,0 days 01:01:41.311000,0 days 01:59:56.823000
2024-07-07 15:04:54.213,OnTrack,4115,8500,2064,pos,0 days 01:01:41.672000,0 days 01:59:57.184000
2024-07-07 15:04:54.452,OnTrack,3912,8675,2063,pos,0 days 01:01:41.911000,0 days 01:59:57.423000
2024-07-07 15:04:54.753,OnTrack,3795,8777,2063,pos,0 days 01:01:42.212000,0 days 01:59:57.724000
2024-07-07 15:04:54.932,OnTrack,3690,8870,2063,pos,0 days 01:01:42.391000,0 days 01:59:57.903000
2024-07-07 15:04:55.232,OnTrack,3513,9025,2063,pos,0 days 01:01:42.691000,0 days 01:59:58.203000
2024-07-07 15:04:55.372,OnTrack,3430,9098,2063,pos,0 days 01:01:42.831000,0 days 01:59:58.343000
2024-07-07 15:04:55.593,OnTrack,3299,9212,2064,pos,0 days 01:01:43.052000,0 days 01:59:58.564000
2024-07-07 15:04:55.812,OnTrack,3168,9328,2063,pos,0 days 01:01:43.271000,0 days 01:59:58.783000
2024-07-07 15:04:55.992,OnTrack,3060,9422,2063,pos,0 days 01:01:43.451000,0 days 01:59:58.963000
2024-07-07 15:04:56.332,OnTrack,2856,9600,2061,pos,0 days 01:01:43.791000,0 days 01:59:59.303000
2024-07-07 15:04:56.492,OnTrack,2711,9726,2060,pos,0 days 01:01:43.951000,0 days 01:59:59.463000
2024-07-07 15:04:56.812,OnTrack,2567,9851,2058,pos,0 days 01:01:44.271000,0 days 01:59:59.783000
2024-07-07 15:04:57.013,OnTrack,2447,9956,2057,pos,0 days 01:01:44.472000,0 days 01:59:59.984000
2024-07-07 15:04:57.191,OnTrack,2346,10046,2055,pos,0 days 01:01:44.650000,0 days 02:00:00.162000
2024-07-07 15:04:57.471,OnTrack,2184,10190,2052,pos,0 days 01:01:44.930000,0 days 02:00:00.442000
2024-07-07 15:04:57.631,OnTrack,2091,10274,2051,pos,0 days 01:01:45.090000,0 days 02:00:00.602000
2024-07-07 15:04:57.812,OnTrack,1986,10368,2050,pos,0 days 01:01:45.271000,0 days 02:00:00.783000
2024-07-07 15:04:58.011,OnTrack,1871,10471,2048,pos,0 days 01:01:45.470000,0 days 02:00:00.982000
2024-07-07 15:04:58.312,OnTrack,1654,10651,2045,pos,0 days 01:01:45.771000,0 days 02:00:01.283000
2024-07-07 15:04:58.652,OnTrack,1516,10750,2042,pos,0 days 01:01:46.111000,0 days 02:00:01.623000
2024-07-07 15:04:58.912,OnTrack,1381,10828,2040,pos,0 days 01:01:46.371000,0 days 02:00:01.883000
2024-07-07 15:04:59.071,OnTrack,1305,10865,2039,pos,0 days 01:01:46.530000,0 days 02:00:02.042000
2024-07-07 15:04:59.371,OnTrack,1097,10932,2036,pos,0 days 01:01:46.830000,0 days 02:00:02.342000
2024-07-07 15:04:59.672,OnTrack,1027,10943,2035,pos,0 days 01:01:47.131000,0 days 02:00:02.643000
2024-07-07 15:05:00.072,OnTrack,851,10948,2034,pos,0 days 01:01:47.531000,0 days 02:00:03.043000
2024-07-07 15:05:00.272,OnTrack,771,10945,2034,pos,0 days 01:01:47.731000,0 days 02:00:03.243000
2024-07-07 15:05:00.412,OnTrack,718,10938,2033,pos,0 days 01:01:47.871000,0 days 02:00:03.383000
2024-07-07 15:05:00.592,OnTrack,654,10921,2033,pos,0 days 01:01:48.051000,0 days 02:00:03.563000
2024-07-07 15:05:00.852,OnTrack,564,10886,2032,pos,0 days 01:01:48.311000,0 days 02:00:03.823000
2024-07-07 15:05:01.013,OnTrack,508,10858,2032,pos,0 days 01:01:48.472000,0 days 02:00:03.984000
2024-07-07 15:05:01.212,OnTrack,448,10817,2032,pos,0 days 01:01:48.671000,0 days 02:00:04.183000
2024-07-07 15:05:01.412,OnTrack,396,10769,2032,pos,0 days 01:01:48.871000,0 days 02:00:04.383000
2024-07-07 15:05:01.573,OnTrack,360,10726,2032,pos,0 days 01:01:49.032000,0 days 02:00:04.544000
2024-07-07 15:05:01.792,OnTrack,313,10654,2032,pos,0 days 01:01:49.251000,0 days 02:00:04.763000
2024-07-07 15:05:02.012,OnTrack,274,10581,2033,pos,0 days 01:01:49.471000,0 days 02:00:04.983000
2024-07-07 15:05:02.212,OnTrack,243,10513,2033,pos,0 days 01:01:49.671000,0 days 02:00:05.183000
2024-07-07 15:05:02.532,OnTrack,204,10362,2033,pos,0 days 01:01:49.991000,0 days 02:00:05.503000
2024-07-07 15:05:02.852,OnTrack,195,10276,2033,pos,0 days 01:01:50.311000,0 days 02:00:05.823000
2024-07-07 15:05:03.072,OnTrack,190,10188,2034,pos,0 days 01:01:50.531000,0 days 02:00:06.043000
2024-07-07 15:05:03.233,OnTrack,186,10122,2034,pos,0 days 01:01:50.692000,0 days 02:00:06.204000
2024-07-07 15:05:03.612,OnTrack,170,9917,2035,pos,0 days 01:01:51.071000,0 days 02:00:06.583000
2024-07-07 15:05:03.931,OnTrack,155,9843,2036,pos,0 days 01:01:51.390000,0 days 02:00:06.902000
2024-07-07 15:05:04.191,OnTrack,124,9759,2037,pos,0 days 01:01:51.650000,0 days 02:00:07.162000
2024-07-07 15:05:04.431,OnTrack,85,9687,2038,pos,0 days 01:01:51.890000,0 days 02:00:07.402000
2024-07-07 15:05:04.531,OnTrack,66,9659,2039,pos,0 days 01:01:51.990000,0 days 02:00:07.502000
2024-07-07 15:05:04.852,OnTrack,-17,9569,2039,pos,0 days 01:01:52.311000,0 days 02:00:07.823000
2024-07-07 15:05:05.212,OnTrack,-90,9515,2040,pos,0 days 01:01:52.671000,0 days 02:00:08.183000
2024-07-07 15:05:05.432,OnTrack,-150,9482,2040,pos,0 days 01:01:52.891000,0 days 02:00:08.403000
2024-07-07 15:05:05.591,OnTrack,-192,9465,2040,pos,0 days 01:01:53.050000,0 days 02:00:08.562000
2024-07-07 15:05:05.832,OnTrack,-256,9448,2041,pos,0 days 01:01:53.291000,0 days 02:00:08.803000
2024-07-07 15:05:06.072,OnTrack,-320,9442,2041,pos,0 days 01:01:53.531000,0 days 02:00:09.043000
2024-07-07 15:05:06.292,OnTrack,-378,9445,2041,pos,0 days 01:01:53.751000,0 days 02:00:09.263000
2024-07-07 15:05:06.372,OnTrack,-398,9449,2040,pos,0 days 01:01:53.831000,0 days 02:00:09.343000
2024-07-07 15:05:06.672,OnTrack,-505,9494,2039,pos,0 days 01:01:54.131000,0 days 02:00:09.643000
2024-07-07 15:05:07.052,OnTrack,-558,9532,2038,pos,0 days 01:01:54.511000,0 days 02:00:10.023000
2024-07-07 15:05:07.252,OnTrack,-597,9567,2037,pos,0 days 01:01:54.711000,0 days 02:00:10.223000
2024-07-07 15:05:07.512,OnTrack,-646,9625,2036,pos,0 days 01:01:54.971000,0 days 02:00:10.483000
2024-07-07 15:05:07.752,OnTrack,-697,9710,2035,pos,0 days 01:01:55.211000,0 days 02:00:10.723000
2024-07-07 15:05:08.113,OnTrack,-740,9818,2033,pos,0 days 01:01:55.572000,0 days 02:00:11.084000
2024-07-07 15:05:08.532,OnTrack,-770,9951,2032,pos,0 days 01:01:55.991000,0 days 02:00:11.503000
2024-07-07 15:05:08.913,OnTrack,-775,10040,2032,pos,0 days 01:01:56.372000,0 days 02:00:11.884000
2024-07-07 15:05:09.172,OnTrack,-773,10135,2031,pos,0 days 01:01:56.631000,0 days 02:00:12.143000
2024-07-07 15:05:09.352,OnTrack,-766,10202,2031,pos,0 days 01:01:56.811000,0 days 02:00:12.323000
2024-07-07 15:05:09.612,OnTrack,-750,10304,2030,pos,0 days 01:01:57.071000,0 days 02:00:12.583000
2024-07-07 15:05:09.773,OnTrack,-737,10369,2030,pos,0 days 01:01:57.232000,0 days 02:00:12.744000
2024-07-07 15:05:09.972,OnTrack,-709,10467,2029,pos,0 days 01:01:57.431000,0 days 02:00:12.943000
2024-07-07 15:05:10.232,OnTrack,-672,10577,2027,pos,0 days 01:01:57.691000,0 days 02:00:13.203000
2024-07-07 15:05:10.293,OnTrack,-662,10603,2027,pos,0 days 01:01:57.752000,0 days 02:00:13.264000
2024-07-07 15:05:10.511,OnTrack,-623,10699,2025,pos,0 days 01:01:57.970000,0 days 02:00:13.482000
2024-07-07 15:05:10.731,OnTrack,-578,10799,2024,pos,0 days 01:01:58.190000,0 days 02:00:13.702000
2024-07-07 15:05:10.971,OnTrack,-522,10911,2023,pos,0 days 01:01:58.430000,0 days 02:00:13.942000
2024-07-07 15:05:11.212,OnTrack,-464,11022,2022,pos,0 days 01:01:58.671000,0 days 02:00:14.183000
2024-07-07 15:05:11.432,OnTrack,-402,11137,2021,pos,0 days 01:01:58.891000,0 days 02:00:14.403000
2024-07-07 15:05:11.512,OnTrack,-379,11177,2021,pos,0 days 01:01:58.971000,0 days 02:00:14.483000
2024-07-07 15:05:11.792,OnTrack,-294,11319,2021,pos,0 days 01:01:59.251000,0 days 02:00:14.763000
2024-07-07 15:05:12.052,OnTrack,-205,11450,2021,pos,0 days 01:01:59.511000,0 days 02:00:15.023000
2024-07-07 15:05:12.252,OnTrack,-130,11551,2021,pos,0 days 01:01:59.711000,0 days 02:00:15.223000
2024-07-07 15:05:12.472,OnTrack,-46,11656,2021,pos,0 days 01:01:59.931000,0 days 02:00:15.443000
2024-07-07 15:05:12.592,OnTrack,8,11719,2021,pos,0 days 01:02:00.051000,0 days 02:00:15.563000
2024-07-07 15:05:12.752,OnTrack,80,11797,2022,pos,0 days 01:02:00.211000,0 days 02:00:15.723000
2024-07-07 15:05:13.012,OnTrack,203,11921,2023,pos,0 days 01:02:00.471000,0 days 02:00:15.983000
2024-07-07 15:05:13.272,OnTrack,333,12042,2024,pos,0 days 01:02:00.731000,0 days 02:00:16.243000
2024-07-07 15:05:13.452,OnTrack,428,12123,2024,pos,0 days 01:02:00.911000,0 days 02:00:16.423000
2024-07-07 15:05:13.712,OnTrack,573,12234,2024,pos,0 days 01:02:01.171000,0 days 02:00:16.683000
2024-07-07 15:05:13.872,OnTrack,666,12298,2024,pos,0 days 01:02:01.331000,0 days 02:00:16.843000
2024-07-07 15:05:14.032,OnTrack,762,12359,2024,pos,0 days 01:02:01.491000,0 days 02:00:17.003000
2024-07-07 15:05:14.212,OnTrack,876,12420,2025,pos,0 days 01:02:01.671000,0 days 02:00:17.183000
2024-07-07 15:05:14.532,OnTrack,1090,12518,2025,pos,0 days 01:02:01.991000,0 days 02:00:17.503000
2024-07-07 15:05:14.672,OnTrack,1284,12591,2025,pos,0 days 01:02:02.131000,0 days 02:00:17.643000
2024-07-07 15:05:15.173,OnTrack,1648,12694,2026,pos,0 days 01:02:02.632000,0 days 02:00:18.144000
2024-07-07 15:05:15.552,OnTrack,1919,12748,2027,pos,0 days 01:02:03.011000,0 days 02:00:18.523000
2024-07-07 15:05:15.872,OnTrack,2097,12775,2028,pos,0 days 01:02:03.331000,0 days 02:00:18.843000
2024-07-07 15:05:16.132,OnTrack,2376,12808,2030,pos,0 days 01:02:03.591000,0 days 02:00:19.103000
2024-07-07 15:05:16.472,OnTrack,2564,12828,2032,pos,0 days 01:02:03.931000,0 days 02:00:19.443000
2024-07-07 15:05:16.692,OnTrack,2737,12846,2034,pos,0 days 01:02:04.151000,0 days 02:00:19.663000
2024-07-07 15:05:16.892,OnTrack,2896,12862,2035,pos,0 days 01:02:04.351000,0 days 02:00:19.863000
2024-07-07 15:05:17.072,OnTrack,3038,12876,2036,pos,0 days 01:02:04.531000,0 days 02:00:20.043000
2024-07-07 15:05:17.432,OnTrack,3317,12906,2039,pos,0 days 01:02:04.891000,0 days 02:00:20.403000
2024-07-07 15:05:17.472,OnTrack,3357,12910,2039,pos,0 days 01:02:04.931000,0 days 02:00:20.443000
2024-07-07 15:05:17.672,OnTrack,3517,12928,2040,pos,0 days 01:02:05.131000,0 days 02:00:20.643000
2024-07-07 15:05:18.012,OnTrack,3788,12958,2041,pos,0 days 01:02:05.471000,0 days 02:00:20.983000
2024-07-07 15:05:18.172,OnTrack,3908,12972,2042,pos,0 days 01:02:05.631000,0 days 02:00:21.143000
2024-07-07 15:05:18.452,OnTrack,4140,13000,2044,pos,0 days 01:02:05.911000,0 days 02:00:21.423000
2024-07-07 15:05:18.651,OnTrack,4299,13021,2044,pos,0 days 01:02:06.110000,0 days 02:00:21.622000
2024-07-07 15:05:18.872,OnTrack,4520,13050,2046,pos,0 days 01:02:06.331000,0 days 02:00:21.843000
2024-07-07 15:05:19.211,OnTrack,4742,13078,2047,pos,0 days 01:02:06.670000,0 days 02:00:22.182000
2024-07-07 15:05:19.511,OnTrack,4973,13102,2048,pos,0 days 01:02:06.970000,0 days 02:00:22.482000
2024-07-07 15:05:19.592,OnTrack,5032,13107,2048,pos,0 days 01:02:07.051000,0 days 02:00:22.563000
2024-07-07 15:05:19.932,OnTrack,5240,13114,2049,pos,0 days 01:02:07.391000,0 days 02:00:22.903000
2024-07-07 15:05:20.112,OnTrack,5339,13108,2050,pos,0 days 01:02:07.571000,0 days 02:00:23.083000
2024-07-07 15:05:20.292,OnTrack,5452,13093,2050,pos,0 days 01:02:07.751000,0 days 02:00:23.263000
2024-07-07 15:05:20.552,OnTrack,5608,13057,2051,pos,0 days 01:02:08.011000,0 days 02:00:23.523000
2024-07-07 15:05:20.613,OnTrack,5643,13047,2051,pos,0 days 01:02:08.072000,0 days 02:00:23.584000
2024-07-07 15:05:20.992,OnTrack,5913,12929,2053,pos,0 days 01:02:08.451000,0 days 02:00:23.963000
2024-07-07 15:05:21.372,OnTrack,6042,12844,2054,pos,0 days 01:02:08.831000,0 days 02:00:24.343000
2024-07-07 15:05:21.592,OnTrack,6144,12764,2055,pos,0 days 01:02:09.051000,0 days 02:00:24.563000
2024-07-07 15:05:21.772,OnTrack,6255,12659,2055,pos,0 days 01:02:09.231000,0 days 02:00:24.743000
2024-07-07 15:05:22.172,OnTrack,6373,12509,2056,pos,0 days 01:02:09.631000,0 days 02:00:25.143000
2024-07-07 15:05:22.372,OnTrack,6466,12347,2057,pos,0 days 01:02:09.831000,0 days 02:00:25.343000
2024-07-07 15:05:22.833,OnTrack,6577,12091,2059,pos,0 days 01:02:10.292000,0 days 02:00:25.804000
2024-07-07 15:05:23.232,OnTrack,6655,11852,2061,pos,0 days 01:02:10.691000,0 days 02:00:26.203000
2024-07-07 15:05:23.511,OnTrack,6695,11709,2062,pos,0 days 01:02:10.970000,0 days 02:00:26.482000
2024-07-07 15:05:23.712,OnTrack,6729,11576,2062,pos,0 days 01:02:11.171000,0 days 02:00:26.683000
2024-07-07 15:05:24.031,OnTrack,6780,11359,2064,pos,0 days 01:02:11.490000,0 days 02:00:27.002000
2024-07-07 15:05:24.272,OnTrack,6815,11193,2066,pos,0 days 01:02:11.731000,0 days 02:00:27.243000
2024-07-07 15:05:24.492,OnTrack,6848,11019,2067,pos,0 days 01:02:11.951000,0 days 02:00:27.463000
2024-07-07 15:05:24.712,OnTrack,6880,10818,2068,pos,0 days 01:02:12.171000,0 days 02:00:27.683000
2024-07-07 15:05:24.972,OnTrack,6900,10673,2070,pos,0 days 01:02:12.431000,0 days 02:00:27.943000
2024-07-07 15:05:25.292,OnTrack,6938,10347,2072,pos,0 days 01:02:12.751000,0 days 02:00:28.263000
2024-07-07 15:05:25.731,OnTrack,6959,10106,2074,pos,0 days 01:02:13.190000,0 days 02:00:28.702000
2024-07-07 15:05:25.932,OnTrack,6972,9861,2074,pos,0 days 01:02:13.391000,0 days 02:00:28.903000
2024-07-07 15:05:26.332,OnTrack,6979,9644,2075,pos,0 days 01:02:13.791000,0 days 02:00:29.303000
2024-07-07 15:05:26.571,OnTrack,6983,9457,2075,pos,0 days 01:02:14.030000,0 days 02:00:29.542000
2024-07-07 15:05:26.652,OnTrack,6985,9394,2075,pos,0 days 01:02:14.111000,0 days 02:00:29.623000
2024-07-07 15:05:26.912,OnTrack,6991,9190,2074,pos,0 days 01:02:14.371000,0 days 02:00:29.883000
2024-07-07 15:05:27.172,OnTrack,7009,8910,2072,pos,0 days 01:02:14.631000,0 days 02:00:30.143000
2024-07-07 15:05:27.432,OnTrack,7022,8800,2072,pos,0 days 01:02:14.891000,0 days 02:00:30.403000
2024-07-07 15:05:27.752,OnTrack,7063,8548,2070,pos,0 days 01:02:15.211000,0 days 02:00:30.723000
2024-07-07 15:05:27.952,OnTrack,7096,8391,2069,pos,0 days 01:02:15.411000,0 days 02:00:30.923000
2024-07-07 15:05:28.132,OnTrack,7132,8250,2068,pos,0 days 01:02:15.591000,0 days 02:00:31.103000
2024-07-07 15:05:28.332,OnTrack,7176,8095,2067,pos,0 days 01:02:15.791000,0 days 02:00:31.303000
2024-07-07 15:05:28.612,OnTrack,7246,7880,2064,pos,0 days 01:02:16.071000,0 days 02:00:31.583000
2024-07-07 15:05:28.793,OnTrack,7315,7699,2061,pos,0 days 01:02:16.252000,0 days 02:00:31.764000
2024-07-07 15:05:29.152,OnTrack,7400,7490,2060,pos,0 days 01:02:16.611000,0 days 02:00:32.123000
2024-07-07 15:05:29.333,OnTrack,7443,7373,2059,pos,0 days 01:02:16.792000,0 days 02:00:32.304000
2024-07-07 15:05:29.532,OnTrack,7484,7249,2058,pos,0 days 01:02:16.991000,0 days 02:00:32.503000
2024-07-07 15:05:29.693,OnTrack,7508,7157,2058,pos,0 days 01:02:17.152000,0 days 02:00:32.664000
2024-07-07 15:05:29.953,OnTrack,7533,7011,2058,pos,0 days 01:02:17.412000,0 days 02:00:32.924000
2024-07-07 15:05:30.152,OnTrack,7538,6894,2058,pos,0 days 01:02:17.611000,0 days 02:00:33.123000
2024-07-07 15:05:30.412,OnTrack,7526,6736,2058,pos,0 days 01:02:17.871000,0 days 02:00:33.383000
2024-07-07 15:05:30.611,OnTrack,7507,6615,2058,pos,0 days 01:02:18.070000,0 days 02:00:33.582000
2024-07-07 15:05:30.871,OnTrack,7466,6424,2060,pos,0 days 01:02:18.330000,0 days 02:00:33.842000
2024-07-07 15:05:31.312,OnTrack,7391,6123,2061,pos,0 days 01:02:18.771000,0 days 02:00:34.283000
2024-07-07 15:05:31.731,OnTrack,7345,5899,2063,pos,0 days 01:02:19.190000,0 days 02:00:34.702000
2024-07-07 15:05:32.132,OnTrack,7318,5644,2063,pos,0 days 01:02:19.591000,0 days 02:00:35.103000
2024-07-07 15:05:32.412,OnTrack,7318,5574,2062,pos,0 days 01:02:19.871000,0 days 02:00:35.383000
2024-07-07 15:05:32.571,OnTrack,7324,5485,2062,pos,0 days 01:02:20.030000,0 days 02:00:35.542000
2024-07-07 15:05:32.912,OnTrack,7362,5310,2061,pos,0 days 01:02:20.371000,0 days 02:00:35.883000
2024-07-07 15:05:33.132,OnTrack,7430,5142,2059,pos,0 days 01:02:20.591000,0 days 02:00:36.103000
2024-07-07 15:05:33.412,OnTrack,7470,5065,2058,pos,0 days 01:02:20.871000,0 days 02:00:36.383000
2024-07-07 15:05:33.692,OnTrack,7547,4933,2056,pos,0 days 01:02:21.151000,0 days 02:00:36.663000
2024-07-07 15:05:33.852,OnTrack,7592,4859,2055,pos,0 days 01:02:21.311000,0 days 02:00:36.823000
2024-07-07 15:05:34.032,OnTrack,7639,4780,2054,pos,0 days 01:02:21.491000,0 days 02:00:37.003000
2024-07-07 15:05:34.292,OnTrack,7697,4669,2053,pos,0 days 01:02:21.751000,0 days 02:00:37.263000
2024-07-07 15:05:34.513,OnTrack,7752,4526,2051,pos,0 days 01:02:21.972000,0 days 02:00:37.484000
2024-07-07 15:05:34.932,OnTrack,7781,4398,2049,pos,0 days 01:02:22.391000,0 days 02:00:37.903000
2024-07-07 15:05:35.093,OnTrack,7788,4330,2048,pos,0 days 01:02:22.552000,0 days 02:00:38.064000
2024-07-07 15:05:35.392,OnTrack,7777,4168,2045,pos,0 days 01:02:22.851000,0 days 02:00:38.363000
2024-07-07 15:05:35.692,OnTrack,7757,4076,2044,pos,0 days 01:02:23.151000,0 days 02:00:38.663000
2024-07-07 15:05:35.873,OnTrack,7735,4003,2042,pos,0 days 01:02:23.332000,0 days 02:00:38.844000
2024-07-07 15:05:36.092,OnTrack,7701,3915,2041,pos,0 days 01:02:23.551000,0 days 02:00:39.063000
2024-07-07 15:05:36.372,OnTrack,7646,3808,2040,pos,0 days 01:02:23.831000,0 days 02:00:39.343000
2024-07-07 15:05:36.552,OnTrack,7606,3741,2039,pos,0 days 01:02:24.011000,0 days 02:00:39.523000
2024-07-07 15:05:36.732,OnTrack,7560,3677,2038,pos,0 days 01:02:24.191000,0 days 02:00:39.703000
2024-07-07 15:05:37.012,OnTrack,7437,3547,2036,pos,0 days 01:02:24.471000,0 days 02:00:39.983000
2024-07-07 15:05:37.391,OnTrack,7339,3473,2035,pos,0 days 01:02:24.850000,0 days 02:00:40.362000
2024-07-07 15:05:37.632,OnTrack,7237,3412,2033,pos,0 days 01:02:25.091000,0 days 02:00:40.603000
2024-07-07 15:05:37.772,OnTrack,7174,3378,2032,pos,0 days 01:02:25.231000,0 days 02:00:40.743000
2024-07-07 15:05:38.032,OnTrack,7051,3314,2031,pos,0 days 01:02:25.491000,0 days 02:00:41.003000
2024-07-07 15:05:38.211,OnTrack,6970,3268,2030,pos,0 days 01:02:25.670000,0 days 02:00:41.182000
2024-07-07 15:05:38.432,OnTrack,6863,3196,2029,pos,0 days 01:02:25.891000,0 days 02:00:41.403000
2024-07-07 15:05:38.612,OnTrack,6783,3129,2028,pos,0 days 01:02:26.071000,0 days 02:00:41.583000
2024-07-07 15:05:38.872,OnTrack,6670,3018,2028,pos,0 days 01:02:26.331000,0 days 02:00:41.843000
2024-07-07 15:05:39.111,OnTrack,6567,2909,2028,pos,0 days 01:02:26.570000,0 days 02:00:42.082000
2024-07-07 15:05:39.371,OnTrack,6461,2784,2027,pos,0 days 01:02:26.830000,0 days 02:00:42.342000
2024-07-07 15:05:39.592,OnTrack,6375,2670,2027,pos,0 days 01:02:27.051000,0 days 02:00:42.563000
2024-07-07 15:05:39.752,OnTrack,6316,2582,2027,pos,0 days 01:02:27.211000,0 days 02:00:42.723000
2024-07-07 15:05:39.832,OnTrack,6288,2537,2026,pos,0 days 01:02:27.291000,0 days 02:00:42.803000
2024-07-07 15:05:40.152,OnTrack,6145,2289,2026,pos,0 days 01:02:27.611000,0 days 02:00:43.123000
2024-07-07 15:05:40.552,OnTrack,6011,2027,2025,pos,0 days 01:02:28.011000,0 days 02:00:43.523000
2024-07-07 15:05:40.852,OnTrack,5955,1912,2024,pos,0 days 01:02:28.311000,0 days 02:00:43.823000
2024-07-07 15:05:41.232,OnTrack,5822,1639,2023,pos,0 days 01:02:28.691000,0 days 02:00:44.203000
2024-07-07 15:05:41.672,OnTrack,5681,1346,2022,pos,0 days 01:02:29.131000,0 days 02:00:44.643000
2024-07-07 15:05:42.032,OnTrack,5578,1130,2020,pos,0 days 01:02:29.491000,0 days 02:00:45.003000
2024-07-07 15:05:42.212,OnTrack,5514,994,2020,pos,0 days 01:02:29.671000,0 days 02:00:45.183000
2024-07-07 15:05:42.473,OnTrack,5408,773,2018,pos,0 days 01:02:29.932000,0 days 02:00:45.444000
2024-07-07 15:05:42.812,OnTrack,5314,578,2016,pos,0 days 01:02:30.271000,0 days 02:00:45.783000
2024-07-07 15:05:42.933,OnTrack,5274,495,2016,pos,0 days 01:02:30.392000,0 days 02:00:45.904000
2024-07-07 15:05:43.272,OnTrack,5161,262,2014,pos,0 days 01:02:30.731000,0 days 02:00:46.243000
2024-07-07 15:05:43.472,OnTrack,5089,113,2013,pos,0 days 01:02:30.931000,0 days 02:00:46.443000
2024-07-07 15:05:43.711,OnTrack,5006,-57,2012,pos,0 days 01:02:31.170000,0 days 02:00:46.682000
2024-07-07 15:05:43.872,OnTrack,4951,-171,2011,pos,0 days 01:02:31.331000,0 days 02:00:46.843000
2024-07-07 15:05:44.052,OnTrack,4848,-387,2009,pos,0 days 01:02:31.511000,0 days 02:00:47.023000
2024-07-07 15:05:44.531,OnTrack,4722,-648,2008,pos,0 days 01:02:31.990000,0 days 02:00:47.502000
2024-07-07 15:05:44.712,OnTrack,4636,-827,2007,pos,0 days 01:02:32.171000,0 days 02:00:47.683000
2024-07-07 15:05:45.012,OnTrack,4558,-987,2006,pos,0 days 01:02:32.471000,0 days 02:00:47.983000
2024-07-07 15:05:45.192,OnTrack,4494,-1119,2005,pos,0 days 01:02:32.651000,0 days 02:00:48.163000
2024-07-07 15:05:45.492,OnTrack,4387,-1338,2002,pos,0 days 01:02:32.951000,0 days 02:00:48.463000
2024-07-07 15:05:45.712,OnTrack,4308,-1499,2000,pos,0 days 01:02:33.171000,0 days 02:00:48.683000
2024-07-07 15:05:45.911,OnTrack,4236,-1644,1999,pos,0 days 01:02:33.370000,0 days 02:00:48.882000
2024-07-07 15:05:46.152,OnTrack,4149,-1819,1996,pos,0 days 01:02:33.611000,0 days 02:00:49.123000
2024-07-07 15:05:46.392,OnTrack,4017,-2080,1994,pos,0 days 01:02:33.851000,0 days 02:00:49.363000
2024-07-07 15:05:46.652,OnTrack,3965,-2181,1994,pos,0 days 01:02:34.111000,0 days 02:00:49.623000
2024-07-07 15:05:46.952,OnTrack,3859,-2387,1994,pos,0 days 01:02:34.411000,0 days 02:00:49.923000
2024-07-07 15:05:47.172,OnTrack,3724,-2644,1995,pos,0 days 01:02:34.631000,0 days 02:00:50.143000
2024-07-07 15:05:47.612,OnTrack,3572,-2924,1999,pos,0 days 01:02:35.071000,0 days 02:00:50.583000
2024-07-07 15:05:47.912,OnTrack,3494,-3062,2002,pos,0 days 01:02:35.371000,0 days 02:00:50.883000
2024-07-07 15:05:48.153,OnTrack,3399,-3226,2005,pos,0 days 01:02:35.612000,0 days 02:00:51.124000
2024-07-07 15:05:48.433,OnTrack,3229,-3488,2011,pos,0 days 01:02:35.892000,0 days 02:00:51.404000
2024-07-07 15:05:48.812,OnTrack,3133,-3615,2014,pos,0 days 01:02:36.271000,0 days 02:00:51.783000
2024-07-07 15:05:49.052,OnTrack,3038,-3726,2017,pos,0 days 01:02:36.511000,0 days 02:00:52.023000
2024-07-07 15:05:49.072,OnTrack,3034,-3731,2017,pos,0 days 01:02:36.531000,0 days 02:00:52.043000
2024-07-07 15:05:49.392,OnTrack,2905,-3855,2020,pos,0 days 01:02:36.851000,0 days 02:00:52.363000
2024-07-07 15:05:49.632,OnTrack,2808,-3928,2022,pos,0 days 01:02:37.091000,0 days 02:00:52.603000
2024-07-07 15:05:49.812,OnTrack,2680,-4003,2024,pos,0 days 01:02:37.271000,0 days 02:00:52.783000
2024-07-07 15:05:50.171,OnTrack,2530,-4066,2026,pos,0 days 01:02:37.630000,0 days 02:00:53.142000
2024-07-07 15:05:50.592,OnTrack,2415,-4098,2029,pos,0 days 01:02:38.051000,0 days 02:00:53.563000
2024-07-07 15:05:50.852,OnTrack,2303,-4113,2030,pos,0 days 01:02:38.311000,0 days 02:00:53.823000
2024-07-07 15:05:50.932,OnTrack,2262,-4115,2031,pos,0 days 01:02:38.391000,0 days 02:00:53.903000
2024-07-07 15:05:51.232,OnTrack,2124,-4107,2032,pos,0 days 01:02:38.691000,0 days 02:00:54.203000
2024-07-07 15:05:51.512,OnTrack,1996,-4081,2033,pos,0 days 01:02:38.971000,0 days 02:00:54.483000
2024-07-07 15:05:51.611,OnTrack,1952,-4068,2033,pos,0 days 01:02:39.070000,0 days 02:00:54.582000
2024-07-07 15:05:51.851,OnTrack,1847,-4027,2033,pos,0 days 01:02:39.310000,0 days 02:00:54.822000
2024-07-07 15:05:52.131,OnTrack,1731,-3964,2033,pos,0 days 01:02:39.590000,0 days 02:00:55.102000
2024-07-07 15:05:52.332,OnTrack,1629,-3891,2032,pos,0 days 01:02:39.791000,0 days 02:00:55.303000
2024-07-07 15:05:52.711,OnTrack,1513,-3787,2031,pos,0 days 01:02:40.170000,0 days 02:00:55.682000
2024-07-07 15:05:52.912,OnTrack,1446,-3713,2030,pos,0 days 01:02:40.371000,0 days 02:00:55.883000
2024-07-07 15:05:53.132,OnTrack,1376,-3626,2029,pos,0 days 01:02:40.591000,0 days 02:00:56.103000
2024-07-07 15:05:53.312,OnTrack,1289,-3494,2026,pos,0 days 01:02:40.771000,0 days 02:00:56.283000
2024-07-07 15:05:53.672,OnTrack,1226,-3386,2024,pos,0 days 01:02:41.131000,0 days 02:00:56.643000
2024-07-07 15:05:53.912,OnTrack,1160,-3261,2020,pos,0 days 01:02:41.371000,0 days 02:00:56.883000
2024-07-07 15:05:54.052,OnTrack,1122,-3188,2018,pos,0 days 01:02:41.511000,0 days 02:00:57.023000
2024-07-07 15:05:54.292,OnTrack,1053,-3062,2013,pos,0 days 01:02:41.751000,0 days 02:00:57.263000
2024-07-07 15:05:54.612,OnTrack,938,-2872,2004,pos,0 days 01:02:42.071000,0 days 02:00:57.583000
2024-07-07 15:05:55.032,OnTrack,798,-2670,1995,pos,0 days 01:02:42.491000,0 days 02:00:58.003000
2024-07-07 15:05:55.213,OnTrack,727,-2574,1991,pos,0 days 01:02:42.672000,0 days 02:00:58.184000
2024-07-07 15:05:55.372,OnTrack,663,-2488,1988,pos,0 days 01:02:42.831000,0 days 02:00:58.343000
2024-07-07 15:05:55.533,OnTrack,599,-2402,1986,pos,0 days 01:02:42.992000,0 days 02:00:58.504000
2024-07-07 15:05:55.733,OnTrack,519,-2293,1984,pos,0 days 01:02:43.192000,0 days 02:00:58.704000
2024-07-07 15:05:55.972,OnTrack,407,-2142,1985,pos,0 days 01:02:43.431000,0 days 02:00:58.943000
2024-07-07 15:05:56.252,OnTrack,291,-1990,1985,pos,0 days 01:02:43.711000,0 days 02:00:59.223000
2024-07-07 15:05:56.431,OnTrack,179,-1851,1986,pos,0 days 01:02:43.890000,0 days 02:00:59.402000
2024-07-07 15:05:56.852,OnTrack,395,-1931,1987,pos,0 days 01:02:44.311000,0 days 02:00:59.823000
2024-07-07 15:05:57.212,OnTrack,299,-1786,1987,pos,0 days 01:02:44.671000,0 days 02:01:00.183000
2024-07-07 15:05:57.372,OnTrack,237,-1694,1987,pos,0 days 01:02:44.831000,0 days 02:01:00.343000
2024-07-07 15:05:57.652,OnTrack,134,-1541,1987,pos,0 days 01:02:45.111000,0 days 02:01:00.623000
2024-07-07 15:05:57.871,OnTrack,18,-1368,1987,pos,0 days 01:02:45.330000,0 days 02:01:00.842000
2024-07-07 15:05:58.172,OnTrack,-35,-1287,1987,pos,0 days 01:02:45.631000,0 days 02:01:01.143000
2024-07-07 15:05:58.472,OnTrack,-155,-1118,1987,pos,0 days 01:02:45.931000,0 days 02:01:01.443000
2024-07-07 15:05:58.832,OnTrack,-232,-1014,1987,pos,0 days 01:02:46.291000,0 days 02:01:01.803000
2024-07-07 15:05:59.132,OnTrack,-314,-919,1987,pos,0 days 01:02:46.591000,0 days 02:01:02.103000
2024-07-07 15:05:59.272,OnTrack,-350,-878,1987,pos,0 days 01:02:46.731000,0 days 02:01:02.243000
2024-07-07 15:05:59.552,OnTrack,-417,-804,1987,pos,0 days 01:02:47.011000,0 days 02:01:02.523000
2024-07-07 15:05:59.712,OnTrack,-476,-739,1987,pos,0 days 01:02:47.171000,0 days 02:01:02.683000
2024-07-07 15:05:59.992,OnTrack,-513,-698,1987,pos,0 days 01:02:47.451000,0 days 02:01:02.963000
2024-07-07 15:06:00.232,OnTrack,-557,-651,1987,pos,0 days 01:02:47.691000,0 days 02:01:03.203000
2024-07-07 15:06:00.392,OnTrack,-582,-623,1987,pos,0 days 01:02:47.851000,0 days 02:01:03.363000
2024-07-07 15:06:00.592,OnTrack,-613,-591,1987,pos,0 days 01:02:48.051000,0 days 02:01:03.563000
2024-07-07 15:06:00.972,OnTrack,-927,-258,1987,pos,0 days 01:02:48.431000,0 days 02:01:03.943000
2024-07-07 15:06:01.193,OnTrack,-960,-222,1987,pos,0 days 01:02:48.652000,0 days 02:01:04.164000
2024-07-07 15:06:01.352,OnTrack,-1000,-181,1987,pos,0 days 01:02:48.811000,0 days 02:01:04.323000
2024-07-07 15:06:01.773,OnTrack,-1048,-129,1987,pos,0 days 01:02:49.232000,0 days 02:01:04.744000
2024-07-07 15:06:01.972,OnTrack,-1079,-97,1987,pos,0 days 01:02:49.431000,0 days 02:01:04.943000
2024-07-07 15:06:02.232,OnTrack,-1118,-55,1987,pos,0 days 01:02:49.691000,0 days 02:01:05.203000
2024-07-07 15:06:02.432,OnTrack,-1148,-23,1987,pos,0 days 01:02:49.891000,0 days 02:01:05.403000
2024-07-07 15:06:02.652,OnTrack,-1180,10,1987,pos,0 days 01:02:50.111000,0 days 02:01:05.623000
2024-07-07 15:06:02.813,OnTrack,-1206,37,1987,pos,0 days 01:02:50.272000,0 days 02:01:05.784000
2024-07-07 15:06:03.051,OnTrack,-1249,82,1987,pos,0 days 01:02:50.510000,0 days 02:01:06.022000
2024-07-07 15:06:03.311,OnTrack,-1282,117,1987,pos,0 days 01:02:50.770000,0 days 02:01:06.282000
2024-07-07 15:06:03.491,OnTrack,-1309,146,1987,pos,0 days 01:02:50.950000,0 days 02:01:06.462000
2024-07-07 15:06:03.692,OnTrack,-1334,172,1987,pos,0 days 01:02:51.151000,0 days 02:01:06.663000
2024-07-07 15:06:04.032,OnTrack,-1385,226,1987,pos,0 days 01:02:51.491000,0 days 02:01:07.003000
2024-07-07 15:06:04.232,OnTrack,-1415,258,1987,pos,0 days 01:02:51.691000,0 days 02:01:07.203000
2024-07-07 15:06:04.312,OnTrack,-1426,269,1987,pos,0 days 01:02:51.771000,0 days 02:01:07.283000
2024-07-07 15:06:04.631,OnTrack,-1491,339,1987,pos,0 days 01:02:52.090000,0 days 02:01:07.602000
2024-07-07 15:06:05.092,OnTrack,-1542,396,1987,pos,0 days 01:02:52.551000,0 days 02:01:08.063000
2024-07-07 15:06:05.452,OnTrack,-1577,451,1987,pos,0 days 01:02:52.911000,0 days 02:01:08.423000
2024-07-07 15:06:05.652,OnTrack,-1595,490,1987,pos,0 days 01:02:53.111000,0 days 02:01:08.623000
2024-07-07 15:06:05.932,OnTrack,-1616,556,1987,pos,0 days 01:02:53.391000,0 days 02:01:08.903000
2024-07-07 15:06:06.312,OnTrack,-1626,629,1987,pos,0 days 01:02:53.771000,0 days 02:01:09.283000
2024-07-07 15:06:06.372,OnTrack,-1627,642,1987,pos,0 days 01:02:53.831000,0 days 02:01:09.343000
2024-07-07 15:06:06.632,OnTrack,-1625,699,1987,pos,0 days 01:02:54.091000,0 days 02:01:09.603000
2024-07-07 15:06:06.872,OnTrack,-1609,776,1987,pos,0 days 01:02:54.331000,0 days 02:01:09.843000
2024-07-07 15:06:07.153,OnTrack,-1598,810,1987,pos,0 days 01:02:54.612000,0 days 02:01:10.124000
2024-07-07 15:06:07.392,OnTrack,-1575,857,1987,pos,0 days 01:02:54.851000,0 days 02:01:10.363000
2024-07-07 15:06:07.713,OnTrack,-1523,940,1987,pos,0 days 01:02:55.172000,0 days 02:01:10.684000
2024-07-07 15:06:07.973,OnTrack,-1506,966,1987,pos,0 days 01:02:55.432000,0 days 02:01:10.944000
2024-07-07 15:06:08.253,OnTrack,-1471,1018,1987,pos,0 days 01:02:55.712000,0 days 02:01:11.224000
2024-07-07 15:06:08.432,OnTrack,-1449,1051,1987,pos,0 days 01:02:55.891000,0 days 02:01:11.403000
2024-07-07 15:06:08.652,OnTrack,-1404,1118,1987,pos,0 days 01:02:56.111000,0 days 02:01:11.623000
2024-07-07 15:06:08.992,OnTrack,-1334,1223,1987,pos,0 days 01:02:56.451000,0 days 02:01:11.963000
2024-07-07 15:06:09.292,OnTrack,-1297,1278,1987,pos,0 days 01:02:56.751000,0 days 02:01:12.263000
2024-07-07 15:06:09.413,OnTrack,-1283,1298,1987,pos,0 days 01:02:56.872000,0 days 02:01:12.384000
2024-07-07 15:06:09.791,OnTrack,-1228,1381,1987,pos,0 days 01:02:57.250000,0 days 02:01:12.762000
2024-07-07 15:06:10.111,OnTrack,-1196,1429,1987,pos,0 days 01:02:57.570000,0 days 02:01:13.082000
2024-07-07 15:06:10.351,OnTrack,-1166,1473,1987,pos,0 days 01:02:57.810000,0 days 02:01:13.322000
2024-07-07 15:06:10.631,OnTrack,-1116,1547,1987,pos,0 days 01:02:58.090000,0 days 02:01:13.602000
2024-07-07 15:06:10.951,OnTrack,-1091,1585,1987,pos,0 days 01:02:58.410000,0 days 02:01:13.922000
2024-07-07 15:06:11.232,OnTrack,-1043,1657,1987,pos,0 days 01:02:58.691000,0 days 02:01:14.203000
2024-07-07 15:06:11.592,OnTrack,-996,1727,1987,pos,0 days 01:02:59.051000,0 days 02:01:14.563000
2024-07-07 15:06:11.972,OnTrack,-956,1787,1987,pos,0 days 01:02:59.431000,0 days 02:01:14.943000
2024-07-07 15:06:12.412,OnTrack,-929,1828,1987,pos,0 days 01:02:59.871000,0 days 02:01:15.383000
2024-07-07 15:06:12.712,OnTrack,-898,1873,1987,pos,0 days 01:03:00.171000,0 days 02:01:15.683000
2024-07-07 15:06:13.052,OnTrack,-873,1910,1987,pos,0 days 01:03:00.511000,0 days 02:01:16.023000
2024-07-07 15:06:13.332,OnTrack,-863,1926,1987,pos,0 days 01:03:00.791000,0 days 02:01:16.303000
2024-07-07 15:06:13.732,OnTrack,-844,1954,1987,pos,0 days 01:03:01.191000,0 days 02:01:16.703000
2024-07-07 15:06:13.912,OnTrack,-840,1961,1987,pos,0 days 01:03:01.371000,0 days 02:01:16.883000
2024-07-07 15:06:14.092,OnTrack,-838,1964,1987,pos,0 days 01:03:01.551000,0 days 02:01:17.063000
2024-07-07 15:06:14.312,OnTrack,-838,1964,1987,pos,0 days 01:03:01.771000,0 days 02:01:17.283000
2024-07-07 15:06:14.492,OnTrack,-838,1964,1987,pos,0 days 01:03:01.951000,0 days 02:01:17.463000
2024-07-07 15:06:14.752,OnTrack,-838,1964,1987,pos,0 days 01:03:02.211000,0 days 02:01:17.723000
2024-07-07 15:06:15.152,OnTrack,-838,1964,1987,pos,0 days 01:03:02.611000,0 days 02:01:18.123000
2024-07-07 15:06:15.593,OnTrack,-838,1964,1987,pos,0 days 01:03:03.052000,0 days 02:01:18.564000
2024-07-07 15:06:15.673,OnTrack,-838,1964,1987,pos,0 days 01:03:03.132000,0 days 02:01:18.644000
2024-07-07 15:06:15.992,OnTrack,-838,1964,1987,pos,0 days 01:03:03.451000,0 days 02:01:18.963000
2024-07-07 15:06:16.291,OnTrack,-838,1964,1987,pos,0 days 01:03:03.750000,0 days 02:01:19.262000
2024-07-07 15:06:16.611,OnTrack,-838,1964,1987,pos,0 days 01:03:04.070000,0 days 02:01:19.582000
2024-07-07 15:06:16.651,OnTrack,-838,1964,1987,pos,0 days 01:03:04.110000,0 days 02:01:19.622000
2024-07-07 15:06:16.891,OnTrack,-838,1964,1987,pos,0 days 01:03:04.350000,0 days 02:01:19.862000
2024-07-07 15:06:17.171,OnTrack,-838,1964,1987,pos,0 days 01:03:04.630000,0 days 02:01:20.142000
2024-07-07 15:06:17.332,OnTrack,-838,1964,1987,pos,0 days 01:03:04.791000,0 days 02:01:20.303000
2024-07-07 15:06:17.512,OnTrack,-838,1964,1987,pos,0 days 01:03:04.971000,0 days 02:01:20.483000
2024-07-07 15:06:17.691,OnTrack,-838,1964,1987,pos,0 days 01:03:05.150000,0 days 02:01:20.662000
2024-07-07 15:06:17.971,OnTrack,-838,1964,1987,pos,0 days 01:03:05.430000,0 days 02:01:20.942000
2024-07-07 15:06:18.232,OnTrack,-838,1964,1987,pos,0 days 01:03:05.691000,0 days 02:01:21.203000
2024-07-07 15:06:18.412,OnTrack,-838,1964,1987,pos,0 days 01:03:05.871000,0 days 02:01:21.383000
2024-07-07 15:06:18.632,OnTrack,-838,1964,1987,pos,0 days 01:03:06.091000,0 days 02:01:21.603000
2024-07-07 15:06:18.892,OnTrack,-838,1964,1987,pos,0 days 01:03:06.351000,0 days 02:01:21.863000
2024-07-07 15:06:19.132,OnTrack,-838,1964,1987,pos,0 days 01:03:06.591000,0 days 02:01:22.103000
2024-07-07 15:06:19.492,OnTrack,-838,1964,1987,pos,0 days 01:03:06.951000,0 days 02:01:22.463000
2024-07-07 15:06:19.732,OnTrack,-838,1964,1987,pos,0 days 01:03:07.191000,0 days 02:01:22.703000
2024-07-07 15:06:19.992,OnTrack,-838,1964,1987,pos,0 days 01:03:07.451000,0 days 02:01:22.963000
2024-07-07 15:06:20.213,OnTrack,-838,1964,1987,pos,0 days 01:03:07.672000,0 days 02:01:23.184000
2024-07-07 15:06:20.372,OnTrack,-838,1964,1987,pos,0 days 01:03:07.831000,0 days 02:01:23.343000
2024-07-07 15:06:20.572,OnTrack,-838,1964,1987,pos,0 days 01:03:08.031000,0 days 02:01:23.543000
2024-07-07 15:06:20.812,OnTrack,-838,1964,1987,pos,0 days 01:03:08.271000,0 days 02:01:23.783000
2024-07-07 15:06:21.033,OnTrack,-838,1964,1987,pos,0 days 01:03:08.492000,0 days 02:01:24.004000
2024-07-07 15:06:21.333,OnTrack,-834,1969,1987,pos,0 days 01:03:08.792000,0 days 02:01:24.304000
2024-07-07 15:06:21.633,OnTrack,-831,1974,1987,pos,0 days 01:03:09.092000,0 days 02:01:24.604000
2024-07-07 15:06:21.933,OnTrack,-823,1986,1987,pos,0 days 01:03:09.392000,0 days 02:01:24.904000
2024-07-07 15:06:22.112,OnTrack,-816,1996,1987,pos,0 days 01:03:09.571000,0 days 02:01:25.083000
2024-07-07 15:06:22.393,OnTrack,-797,2024,1987,pos,0 days 01:03:09.852000,0 days 02:01:25.364000
2024-07-07 15:06:22.772,OnTrack,-780,2051,1987,pos,0 days 01:03:10.231000,0 days 02:01:25.743000
2024-07-07 15:06:23.131,OnTrack,-760,2080,1987,pos,0 days 01:03:10.590000,0 days 02:01:26.102000
2024-07-07 15:06:23.431,OnTrack,-725,2131,1987,pos,0 days 01:03:10.890000,0 days 02:01:26.402000
2024-07-07 15:06:23.731,OnTrack,-712,2152,1987,pos,0 days 01:03:11.190000,0 days 02:01:26.702000
2024-07-07 15:06:23.892,OnTrack,-697,2173,1987,pos,0 days 01:03:11.351000,0 days 02:01:26.863000
2024-07-07 15:06:24.092,OnTrack,-678,2201,1987,pos,0 days 01:03:11.551000,0 days 02:01:27.063000
2024-07-07 15:06:24.452,OnTrack,-642,2256,1987,pos,0 days 01:03:11.911000,0 days 02:01:27.423000
2024-07-07 15:06:24.672,OnTrack,-618,2291,1987,pos,0 days 01:03:12.131000,0 days 02:01:27.643000
2024-07-07 15:06:24.872,OnTrack,-583,2343,1987,pos,0 days 01:03:12.331000,0 days 02:01:27.843000
2024-07-07 15:06:25.112,OnTrack,-566,2368,1987,pos,0 days 01:03:12.571000,0 days 02:01:28.083000
2024-07-07 15:06:25.432,OnTrack,-560,2378,1987,pos,0 days 01:03:12.891000,0 days 02:01:28.403000
2024-07-07 15:06:25.712,OnTrack,-525,2429,1987,pos,0 days 01:03:13.171000,0 days 02:01:28.683000
2024-07-07 15:06:25.892,OnTrack,-493,2477,1987,pos,0 days 01:03:13.351000,0 days 02:01:28.863000
2024-07-07 15:06:26.272,OnTrack,-456,2532,1987,pos,0 days 01:03:13.731000,0 days 02:01:29.243000
2024-07-07 15:06:26.473,OnTrack,-431,2568,1987,pos,0 days 01:03:13.932000,0 days 02:01:29.444000
2024-07-07 15:06:26.732,OnTrack,-399,2616,1987,pos,0 days 01:03:14.191000,0 days 02:01:29.703000
2024-07-07 15:06:26.892,OnTrack,-353,2685,1987,pos,0 days 01:03:14.351000,0 days 02:01:29.863000
2024-07-07 15:06:27.212,OnTrack,-303,2759,1987,pos,0 days 01:03:14.671000,0 days 02:01:30.183000
2024-07-07 15:06:27.412,OnTrack,-278,2796,1987,pos,0 days 01:03:14.871000,0 days 02:01:30.383000
2024-07-07 15:06:27.772,OnTrack,-231,2865,1987,pos,0 days 01:03:15.231000,0 days 02:01:30.743000
2024-07-07 15:06:28.072,OnTrack,-196,2917,1987,pos,0 days 01:03:15.531000,0 days 02:01:31.043000
2024-07-07 15:06:28.272,OnTrack,-172,2953,1987,pos,0 days 01:03:15.731000,0 days 02:01:31.243000
2024-07-07 15:06:28.453,OnTrack,-150,2986,1987,pos,0 days 01:03:15.912000,0 days 02:01:31.424000
2024-07-07 15:06:28.733,OnTrack,-115,3038,1987,pos,0 days 01:03:16.192000,0 days 02:01:31.704000
2024-07-07 15:06:29.013,OnTrack,-72,3102,1987,pos,0 days 01:03:16.472000,0 days 02:01:31.984000
2024-07-07 15:06:29.371,OnTrack,-23,3175,1987,pos,0 days 01:03:16.830000,0 days 02:01:32.342000
2024-07-07 15:06:29.651,OnTrack,-4,3202,1987,pos,0 days 01:03:17.110000,0 days 02:01:32.622000
2024-07-07 15:06:30.052,OnTrack,56,3293,1987,pos,0 days 01:03:17.511000,0 days 02:01:33.023000
2024-07-07 15:06:30.352,OnTrack,82,3332,1987,pos,0 days 01:03:17.811000,0 days 02:01:33.323000
2024-07-07 15:06:30.552,OnTrack,107,3369,1987,pos,0 days 01:03:18.011000,0 days 02:01:33.523000
2024-07-07 15:06:30.672,OnTrack,122,3391,1987,pos,0 days 01:03:18.131000,0 days 02:01:33.643000
2024-07-07 15:06:30.952,OnTrack,174,3468,1987,pos,0 days 01:03:18.411000,0 days 02:01:33.923000
2024-07-07 15:06:31.311,OnTrack,201,3508,1987,pos,0 days 01:03:18.770000,0 days 02:01:34.282000
2024-07-07 15:06:31.591,OnTrack,236,3560,1987,pos,0 days 01:03:19.050000,0 days 02:01:34.562000
2024-07-07 15:06:31.852,OnTrack,268,3608,1987,pos,0 days 01:03:19.311000,0 days 02:01:34.823000
2024-07-07 15:06:32.052,OnTrack,293,3644,1987,pos,0 days 01:03:19.511000,0 days 02:01:35.023000
2024-07-07 15:06:32.252,OnTrack,335,3707,1987,pos,0 days 01:03:19.711000,0 days 02:01:35.223000
2024-07-07 15:06:32.552,OnTrack,355,3736,1987,pos,0 days 01:03:20.011000,0 days 02:01:35.523000
2024-07-07 15:06:32.812,OnTrack,386,3784,1987,pos,0 days 01:03:20.271000,0 days 02:01:35.783000
2024-07-07 15:06:33.032,OnTrack,427,3845,1987,pos,0 days 01:03:20.491000,0 days 02:01:36.003000
2024-07-07 15:06:33.392,OnTrack,450,3880,1987,pos,0 days 01:03:20.851000,0 days 02:01:36.363000
2024-07-07 15:06:33.652,OnTrack,484,3927,1987,pos,0 days 01:03:21.111000,0 days 02:01:36.623000
2024-07-07 15:06:33.952,OnTrack,541,3990,1987,pos,0 days 01:03:21.411000,0 days 02:01:36.923000
2024-07-07 15:06:34.272,OnTrack,582,4023,1987,pos,0 days 01:03:21.731000,0 days 02:01:37.243000
2024-07-07 15:06:34.472,OnTrack,641,4062,1987,pos,0 days 01:03:21.931000,0 days 02:01:37.443000
2024-07-07 15:06:34.933,OnTrack,708,4096,1987,pos,0 days 01:03:22.392000,0 days 02:01:37.904000
2024-07-07 15:06:35.112,OnTrack,746,4112,1987,pos,0 days 01:03:22.571000,0 days 02:01:38.083000
2024-07-07 15:06:35.332,OnTrack,795,4129,1987,pos,0 days 01:03:22.791000,0 days 02:01:38.303000
2024-07-07 15:06:35.572,OnTrack,869,4147,1987,pos,0 days 01:03:23.031000,0 days 02:01:38.543000
2024-07-07 15:06:35.931,OnTrack,938,4157,1987,pos,0 days 01:03:23.390000,0 days 02:01:38.902000
2024-07-07 15:06:36.092,OnTrack,979,4162,1987,pos,0 days 01:03:23.551000,0 days 02:01:39.063000
2024-07-07 15:06:36.352,OnTrack,1047,4171,1987,pos,0 days 01:03:23.811000,0 days 02:01:39.323000
2024-07-07 15:06:36.612,OnTrack,1158,4185,1987,pos,0 days 01:03:24.071000,0 days 02:01:39.583000
2024-07-07 15:06:36.892,OnTrack,1198,4190,1987,pos,0 days 01:03:24.351000,0 days 02:01:39.863000
2024-07-07 15:06:37.192,OnTrack,1319,4205,1987,pos,0 days 01:03:24.651000,0 days 02:01:40.163000
2024-07-07 15:06:37.632,OnTrack,1446,4221,1987,pos,0 days 01:03:25.091000,0 days 02:01:40.603000
2024-07-07 15:06:37.992,OnTrack,1546,4233,1987,pos,0 days 01:03:25.451000,0 days 02:01:40.963000
2024-07-07 15:06:38.212,OnTrack,1623,4243,1987,pos,0 days 01:03:25.671000,0 days 02:01:41.183000
2024-07-07 15:06:38.431,OnTrack,1703,4253,1987,pos,0 days 01:03:25.890000,0 days 02:01:41.402000
2024-07-07 15:06:38.652,OnTrack,1840,4269,1987,pos,0 days 01:03:26.111000,0 days 02:01:41.623000
2024-07-07 15:06:38.932,OnTrack,1896,4275,1987,pos,0 days 01:03:26.391000,0 days 02:01:41.903000
2024-07-07 15:06:39.251,OnTrack,2028,4289,1987,pos,0 days 01:03:26.710000,0 days 02:01:42.222000
2024-07-07 15:06:39.492,OnTrack,2185,4306,1987,pos,0 days 01:03:26.951000,0 days 02:01:42.463000
2024-07-07 15:06:39.832,OnTrack,2286,4317,1987,pos,0 days 01:03:27.291000,0 days 02:01:42.803000
2024-07-07 15:06:40.093,OnTrack,2409,4332,1987,pos,0 days 01:03:27.552000,0 days 02:01:43.064000
2024-07-07 15:06:40.332,OnTrack,2543,4355,1987,pos,0 days 01:03:27.791000,0 days 02:01:43.303000
2024-07-07 15:06:40.732,OnTrack,2763,4418,1987,pos,0 days 01:03:28.191000,0 days 02:01:43.703000
2024-07-07 15:06:41.152,OnTrack,3003,4506,1987,pos,0 days 01:03:28.611000,0 days 02:01:44.123000
2024-07-07 15:06:41.493,OnTrack,3103,4546,1987,pos,0 days 01:03:28.952000,0 days 02:01:44.464000
2024-07-07 15:06:41.672,OnTrack,3190,4587,1987,pos,0 days 01:03:29.131000,0 days 02:01:44.643000
2024-07-07 15:06:41.812,OnTrack,3255,4627,1987,pos,0 days 01:03:29.271000,0 days 02:01:44.783000
2024-07-07 15:06:42.053,OnTrack,3364,4710,1987,pos,0 days 01:03:29.512000,0 days 02:01:45.024000
2024-07-07 15:06:42.273,OnTrack,3463,4793,1987,pos,0 days 01:03:29.732000,0 days 02:01:45.244000
2024-07-07 15:06:42.452,OnTrack,3543,4865,1987,pos,0 days 01:03:29.911000,0 days 02:01:45.423000
2024-07-07 15:06:42.691,OnTrack,3650,4964,1987,pos,0 days 01:03:30.150000,0 days 02:01:45.662000
2024-07-07 15:06:42.852,OnTrack,3722,5031,1987,pos,0 days 01:03:30.311000,0 days 02:01:45.823000
2024-07-07 15:06:43.212,OnTrack,3902,5189,1987,pos,0 days 01:03:30.671000,0 days 02:01:46.183000
2024-07-07 15:06:43.432,OnTrack,3997,5269,1987,pos,0 days 01:03:30.891000,0 days 02:01:46.403000
2024-07-07 15:06:43.632,OnTrack,4086,5345,1987,pos,0 days 01:03:31.091000,0 days 02:01:46.603000
2024-07-07 15:06:43.952,OnTrack,4215,5455,1987,pos,0 days 01:03:31.411000,0 days 02:01:46.923000
2024-07-07 15:06:44.232,OnTrack,4355,5567,1987,pos,0 days 01:03:31.691000,0 days 02:01:47.203000
2024-07-07 15:06:44.452,OnTrack,4398,5600,1987,pos,0 days 01:03:31.911000,0 days 02:01:47.423000
2024-07-07 15:06:44.691,OnTrack,4482,5663,1987,pos,0 days 01:03:32.150000,0 days 02:01:47.662000
2024-07-07 15:06:44.992,OnTrack,4581,5734,1987,pos,0 days 01:03:32.451000,0 days 02:01:47.963000
2024-07-07 15:06:45.172,OnTrack,4641,5793,2054,pos,0 days 01:03:32.631000,0 days 02:01:48.143000
2024-07-07 15:06:45.372,OnTrack,4702,5849,2055,pos,0 days 01:03:32.831000,0 days 02:01:48.343000
2024-07-07 15:06:45.592,OnTrack,4802,5888,2054,pos,0 days 01:03:33.051000,0 days 02:01:48.563000
2024-07-07 15:06:46.092,OnTrack,4927,5900,2053,pos,0 days 01:03:33.551000,0 days 02:01:49.063000
2024-07-07 15:06:46.312,OnTrack,5011,5891,2053,pos,0 days 01:03:33.771000,0 days 02:01:49.283000
2024-07-07 15:06:46.672,OnTrack,5127,5849,2055,pos,0 days 01:03:34.131000,0 days 02:01:49.643000
2024-07-07 15:06:47.132,OnTrack,5204,5795,2056,pos,0 days 01:03:34.591000,0 days 02:01:50.103000
2024-07-07 15:06:47.532,OnTrack,5281,5712,2058,pos,0 days 01:03:34.991000,0 days 02:01:50.503000
2024-07-07 15:06:47.872,OnTrack,5320,5641,2059,pos,0 days 01:03:35.331000,0 days 02:01:50.843000
2024-07-07 15:06:48.053,OnTrack,5338,5594,2059,pos,0 days 01:03:35.512000,0 days 02:01:51.024000
2024-07-07 15:06:48.273,OnTrack,5357,5533,2059,pos,0 days 01:03:35.732000,0 days 02:01:51.244000
2024-07-07 15:06:48.472,OnTrack,5376,5434,2060,pos,0 days 01:03:35.931000,0 days 02:01:51.443000
2024-07-07 15:06:48.912,OnTrack,5387,5340,2061,pos,0 days 01:03:36.371000,0 days 02:01:51.883000
2024-07-07 15:06:49.152,OnTrack,5393,5262,2063,pos,0 days 01:03:36.611000,0 days 02:01:52.123000
2024-07-07 15:06:49.332,OnTrack,5399,5201,2064,pos,0 days 01:03:36.791000,0 days 02:01:52.303000
2024-07-07 15:06:49.732,OnTrack,5430,5059,2066,pos,0 days 01:03:37.191000,0 days 02:01:52.703000
2024-07-07 15:06:50.012,OnTrack,5443,5023,2066,pos,0 days 01:03:37.471000,0 days 02:01:52.983000
2024-07-07 15:06:50.351,OnTrack,5485,4942,2066,pos,0 days 01:03:37.810000,0 days 02:01:53.322000
2024-07-07 15:06:50.592,OnTrack,5526,4884,2066,pos,0 days 01:03:38.051000,0 days 02:01:53.563000
2024-07-07 15:06:50.972,OnTrack,5573,4834,2065,pos,0 days 01:03:38.431000,0 days 02:01:53.943000
2024-07-07 15:06:51.032,OnTrack,5582,4826,2065,pos,0 days 01:03:38.491000,0 days 02:01:54.003000
2024-07-07 15:06:51.312,OnTrack,5624,4791,2064,pos,0 days 01:03:38.771000,0 days 02:01:54.283000
2024-07-07 15:06:51.572,OnTrack,5665,4765,2064,pos,0 days 01:03:39.031000,0 days 02:01:54.543000
2024-07-07 15:06:51.732,OnTrack,5690,4752,2064,pos,0 days 01:03:39.191000,0 days 02:01:54.703000
2024-07-07 15:06:52.031,OnTrack,5739,4735,2064,pos,0 days 01:03:39.490000,0 days 02:01:55.002000
2024-07-07 15:06:52.172,OnTrack,5762,4732,2064,pos,0 days 01:03:39.631000,0 days 02:01:55.143000
2024-07-07 15:06:52.452,OnTrack,5807,4735,2064,pos,0 days 01:03:39.911000,0 days 02:01:55.423000
2024-07-07 15:06:52.652,OnTrack,5862,4756,2064,pos,0 days 01:03:40.111000,0 days 02:01:55.623000
2024-07-07 15:06:53.012,OnTrack,5894,4776,2063,pos,0 days 01:03:40.471000,0 days 02:01:55.983000
2024-07-07 15:06:53.092,OnTrack,5906,4785,2063,pos,0 days 01:03:40.551000,0 days 02:01:56.063000
2024-07-07 15:06:53.372,OnTrack,5944,4817,2064,pos,0 days 01:03:40.831000,0 days 02:01:56.343000
2024-07-07 15:06:53.672,OnTrack,5991,4865,2064,pos,0 days 01:03:41.131000,0 days 02:01:56.643000
2024-07-07 15:06:54.092,OnTrack,6036,4920,2064,pos,0 days 01:03:41.551000,0 days 02:01:57.063000
2024-07-07 15:06:54.192,OnTrack,6049,4937,2064,pos,0 days 01:03:41.651000,0 days 02:01:57.163000
2024-07-07 15:06:54.372,OnTrack,6071,4969,2065,pos,0 days 01:03:41.831000,0 days 02:01:57.343000
2024-07-07 15:06:54.612,OnTrack,6099,5015,2064,pos,0 days 01:03:42.071000,0 days 02:01:57.583000
2024-07-07 15:06:54.813,OnTrack,6122,5056,2065,pos,0 days 01:03:42.272000,0 days 02:01:57.784000
2024-07-07 15:06:55.113,OnTrack,6155,5125,2065,pos,0 days 01:03:42.572000,0 days 02:01:58.084000
2024-07-07 15:06:55.172,OnTrack,6162,5140,2065,pos,0 days 01:03:42.631000,0 days 02:01:58.143000
2024-07-07 15:06:55.452,OnTrack,6192,5216,2065,pos,0 days 01:03:42.911000,0 days 02:01:58.423000
2024-07-07 15:06:55.652,OnTrack,6226,5313,2065,pos,0 days 01:03:43.111000,0 days 02:01:58.623000
2024-07-07 15:06:56.011,OnTrack,6249,5393,2064,pos,0 days 01:03:43.470000,0 days 02:01:58.982000
2024-07-07 15:06:56.212,OnTrack,6268,5464,2065,pos,0 days 01:03:43.671000,0 days 02:01:59.183000
2024-07-07 15:06:56.472,OnTrack,6291,5564,2065,pos,0 days 01:03:43.931000,0 days 02:01:59.443000
2024-07-07 15:06:56.752,OnTrack,6315,5697,2065,pos,0 days 01:03:44.211000,0 days 02:01:59.723000
2024-07-07 15:06:57.072,OnTrack,6329,5824,2064,pos,0 days 01:03:44.531000,0 days 02:02:00.043000
2024-07-07 15:06:57.392,OnTrack,6330,5998,2064,pos,0 days 01:03:44.851000,0 days 02:02:00.363000
2024-07-07 15:06:57.672,OnTrack,6319,6120,2064,pos,0 days 01:03:45.131000,0 days 02:02:00.643000
2024-07-07 15:06:57.892,OnTrack,6300,6234,2063,pos,0 days 01:03:45.351000,0 days 02:02:00.863000
2024-07-07 15:06:58.152,OnTrack,6267,6370,2062,pos,0 days 01:03:45.611000,0 days 02:02:01.123000
2024-07-07 15:06:58.352,OnTrack,6233,6469,2062,pos,0 days 01:03:45.811000,0 days 02:02:01.323000
2024-07-07 15:06:58.532,OnTrack,6190,6567,2063,pos,0 days 01:03:45.991000,0 days 02:02:01.503000
2024-07-07 15:06:58.812,OnTrack,6084,6758,2063,pos,0 days 01:03:46.271000,0 days 02:02:01.783000
2024-07-07 15:06:59.092,OnTrack,6025,6844,2064,pos,0 days 01:03:46.551000,0 days 02:02:02.063000
2024-07-07 15:06:59.432,OnTrack,5857,7042,2064,pos,0 days 01:03:46.891000,0 days 02:02:02.403000
2024-07-07 15:06:59.832,OnTrack,5722,7166,2064,pos,0 days 01:03:47.291000,0 days 02:02:02.803000
2024-07-07 15:07:00.052,OnTrack,5620,7251,2064,pos,0 days 01:03:47.511000,0 days 02:02:03.023000
2024-07-07 15:07:00.092,OnTrack,5595,7271,2064,pos,0 days 01:03:47.551000,0 days 02:02:03.063000
2024-07-07 15:07:00.372,OnTrack,5453,7382,2064,pos,0 days 01:03:47.831000,0 days 02:02:03.343000
2024-07-07 15:07:00.692,OnTrack,5284,7511,2064,pos,0 days 01:03:48.151000,0 days 02:02:03.663000
2024-07-07 15:07:00.892,OnTrack,5110,7652,2064,pos,0 days 01:03:48.351000,0 days 02:02:03.863000
2024-07-07 15:07:01.172,OnTrack,5030,7718,2064,pos,0 days 01:03:48.631000,0 days 02:02:04.143000
2024-07-07 15:07:01.333,OnTrack,4959,7778,2064,pos,0 days 01:03:48.792000,0 days 02:02:04.304000
2024-07-07 15:07:01.552,OnTrack,4850,7870,2064,pos,0 days 01:03:49.011000,0 days 02:02:04.523000
2024-07-07 15:07:01.873,OnTrack,4687,8010,2065,pos,0 days 01:03:49.332000,0 days 02:02:04.844000
2024-07-07 15:07:02.092,OnTrack,4555,8123,2065,pos,0 days 01:03:49.551000,0 days 02:02:05.063000
2024-07-07 15:07:02.173,OnTrack,4511,8161,2064,pos,0 days 01:03:49.632000,0 days 02:02:05.144000
2024-07-07 15:07:02.351,OnTrack,4411,8247,2064,pos,0 days 01:03:49.810000,0 days 02:02:05.322000
2024-07-07 15:07:02.692,OnTrack,4150,8470,2064,pos,0 days 01:03:50.151000,0 days 02:02:05.663000
2024-07-07 15:07:02.972,OnTrack,4059,8548,2064,pos,0 days 01:03:50.431000,0 days 02:02:05.943000
2024-07-07 15:07:03.212,OnTrack,3927,8662,2063,pos,0 days 01:03:50.671000,0 days 02:02:06.183000
2024-07-07 15:07:03.451,OnTrack,3782,8788,2063,pos,0 days 01:03:50.910000,0 days 02:02:06.422000
2024-07-07 15:07:03.632,OnTrack,3678,8880,2064,pos,0 days 01:03:51.091000,0 days 02:02:06.603000
2024-07-07 15:07:03.932,OnTrack,3504,9033,2063,pos,0 days 01:03:51.391000,0 days 02:02:06.903000
2024-07-07 15:07:04.112,OnTrack,3399,9125,2064,pos,0 days 01:03:51.571000,0 days 02:02:07.083000
2024-07-07 15:07:04.372,OnTrack,3165,9330,2063,pos,0 days 01:03:51.831000,0 days 02:02:07.343000
2024-07-07 15:07:04.752,OnTrack,2977,9495,2062,pos,0 days 01:03:52.211000,0 days 02:02:07.723000
2024-07-07 15:07:05.132,OnTrack,2799,9649,2061,pos,0 days 01:03:52.591000,0 days 02:02:08.103000
2024-07-07 15:07:05.272,OnTrack,2716,9721,2060,pos,0 days 01:03:52.731000,0 days 02:02:08.243000
2024-07-07 15:07:05.572,OnTrack,2491,9918,2058,pos,0 days 01:03:53.031000,0 days 02:02:08.543000
2024-07-07 15:07:05.812,OnTrack,2402,9996,2056,pos,0 days 01:03:53.271000,0 days 02:02:08.783000
2024-07-07 15:07:06.132,OnTrack,2214,10164,2053,pos,0 days 01:03:53.591000,0 days 02:02:09.103000
2024-07-07 15:07:06.372,OnTrack,2027,10331,2050,pos,0 days 01:03:53.831000,0 days 02:02:09.343000
2024-07-07 15:07:06.812,OnTrack,1845,10494,2047,pos,0 days 01:03:54.271000,0 days 02:02:09.783000
2024-07-07 15:07:07.033,OnTrack,1734,10586,2046,pos,0 days 01:03:54.492000,0 days 02:02:10.004000
2024-07-07 15:07:07.252,OnTrack,1647,10656,2044,pos,0 days 01:03:54.711000,0 days 02:02:10.223000
2024-07-07 15:07:07.573,OnTrack,1513,10752,2042,pos,0 days 01:03:55.032000,0 days 02:02:10.544000
2024-07-07 15:07:07.752,OnTrack,1435,10798,2041,pos,0 days 01:03:55.211000,0 days 02:02:10.723000
2024-07-07 15:07:08.032,OnTrack,1319,10858,2039,pos,0 days 01:03:55.491000,0 days 02:02:11.003000
2024-07-07 15:07:08.193,OnTrack,1252,10885,2038,pos,0 days 01:03:55.652000,0 days 02:02:11.164000
2024-07-07 15:07:08.332,OnTrack,1192,10906,2037,pos,0 days 01:03:55.791000,0 days 02:02:11.303000
2024-07-07 15:07:08.652,OnTrack,1007,10945,2035,pos,0 days 01:03:56.111000,0 days 02:02:11.623000
2024-07-07 15:07:08.972,OnTrack,933,10948,2035,pos,0 days 01:03:56.431000,0 days 02:02:11.943000
2024-07-07 15:07:09.191,OnTrack,844,10948,2034,pos,0 days 01:03:56.650000,0 days 02:02:12.162000
2024-07-07 15:07:09.391,OnTrack,769,10944,2034,pos,0 days 01:03:56.850000,0 days 02:02:12.362000
2024-07-07 15:07:09.612,OnTrack,690,10932,2033,pos,0 days 01:03:57.071000,0 days 02:02:12.583000
2024-07-07 15:07:09.832,OnTrack,613,10907,2032,pos,0 days 01:03:57.291000,0 days 02:02:12.803000
2024-07-07 15:07:10.052,OnTrack,539,10874,2032,pos,0 days 01:03:57.511000,0 days 02:02:13.023000
2024-07-07 15:07:10.312,OnTrack,458,10825,2032,pos,0 days 01:03:57.771000,0 days 02:02:13.283000
2024-07-07 15:07:10.352,OnTrack,447,10817,2032,pos,0 days 01:03:57.811000,0 days 02:02:13.323000
2024-07-07 15:07:10.672,OnTrack,338,10693,2032,pos,0 days 01:03:58.131000,0 days 02:02:13.643000
2024-07-07 15:07:10.972,OnTrack,307,10643,2032,pos,0 days 01:03:58.431000,0 days 02:02:13.943000
2024-07-07 15:07:11.232,OnTrack,263,10560,2033,pos,0 days 01:03:58.691000,0 days 02:02:14.203000
2024-07-07 15:07:11.532,OnTrack,224,10460,2033,pos,0 days 01:03:58.991000,0 days 02:02:14.503000
2024-07-07 15:07:11.772,OnTrack,202,10345,2033,pos,0 days 01:03:59.231000,0 days 02:02:14.743000
2024-07-07 15:07:12.012,OnTrack,196,10284,2033,pos,0 days 01:03:59.471000,0 days 02:02:14.983000
2024-07-07 15:07:12.272,OnTrack,189,10181,2034,pos,0 days 01:03:59.731000,0 days 02:02:15.243000
2024-07-07 15:07:12.452,OnTrack,186,10109,2034,pos,0 days 01:03:59.911000,0 days 02:02:15.423000
2024-07-07 15:07:12.732,OnTrack,172,9933,2035,pos,0 days 01:04:00.191000,0 days 02:02:15.703000
2024-07-07 15:07:13.172,OnTrack,148,9820,2036,pos,0 days 01:04:00.631000,0 days 02:02:16.143000
2024-07-07 15:07:13.313,OnTrack,111,9731,2037,pos,0 days 01:04:00.772000,0 days 02:02:16.284000
2024-07-07 15:07:13.752,OnTrack,51,9640,2039,pos,0 days 01:04:01.211000,0 days 02:02:16.723000
2024-07-07 15:07:14.052,OnTrack,-42,9548,2040,pos,0 days 01:04:01.511000,0 days 02:02:17.023000
2024-07-07 15:07:14.352,OnTrack,-102,9507,2040,pos,0 days 01:04:01.811000,0 days 02:02:17.323000
2024-07-07 15:07:14.532,OnTrack,-154,9480,2040,pos,0 days 01:04:01.991000,0 days 02:02:17.503000
2024-07-07 15:07:14.872,OnTrack,-256,9447,2041,pos,0 days 01:04:02.331000,0 days 02:02:17.843000
2024-07-07 15:07:15.032,OnTrack,-302,9442,2041,pos,0 days 01:04:02.491000,0 days 02:02:18.003000
2024-07-07 15:07:15.273,OnTrack,-380,9445,2041,pos,0 days 01:04:02.732000,0 days 02:02:18.244000
2024-07-07 15:07:15.431,OnTrack,-461,9470,2040,pos,0 days 01:04:02.890000,0 days 02:02:18.402000
2024-07-07 15:07:15.812,OnTrack,-566,9537,2038,pos,0 days 01:04:03.271000,0 days 02:02:18.783000
2024-07-07 15:07:16.152,OnTrack,-611,9581,2037,pos,0 days 01:04:03.611000,0 days 02:02:19.123000
2024-07-07 15:07:16.412,OnTrack,-661,9647,2036,pos,0 days 01:04:03.871000,0 days 02:02:19.383000
2024-07-07 15:07:16.692,OnTrack,-706,9727,2035,pos,0 days 01:04:04.151000,0 days 02:02:19.663000
2024-07-07 15:07:16.912,OnTrack,-746,9834,2033,pos,0 days 01:04:04.371000,0 days 02:02:19.883000
2024-07-07 15:07:17.291,OnTrack,-766,9924,2033,pos,0 days 01:04:04.750000,0 days 02:02:20.262000
2024-07-07 15:07:17.472,OnTrack,-773,9984,2032,pos,0 days 01:04:04.931000,0 days 02:02:20.443000
2024-07-07 15:07:17.732,OnTrack,-773,10136,2031,pos,0 days 01:04:05.191000,0 days 02:02:20.703000
2024-07-07 15:07:18.112,OnTrack,-755,10279,2030,pos,0 days 01:04:05.571000,0 days 02:02:21.083000
2024-07-07 15:07:18.472,OnTrack,-704,10485,2028,pos,0 days 01:04:05.931000,0 days 02:02:21.443000
2024-07-07 15:07:18.832,OnTrack,-667,10591,2027,pos,0 days 01:04:06.291000,0 days 02:02:21.803000
2024-07-07 15:07:19.092,OnTrack,-587,10780,2024,pos,0 days 01:04:06.551000,0 days 02:02:22.063000
2024-07-07 15:07:19.553,OnTrack,-483,10986,2022,pos,0 days 01:04:07.012000,0 days 02:02:22.524000
2024-07-07 15:07:19.992,OnTrack,-360,11210,2021,pos,0 days 01:04:07.451000,0 days 02:02:22.963000
2024-07-07 15:07:20.332,OnTrack,-259,11372,2021,pos,0 days 01:04:07.791000,0 days 02:02:23.303000
2024-07-07 15:07:20.532,OnTrack,-184,11478,2021,pos,0 days 01:04:07.991000,0 days 02:02:23.503000
2024-07-07 15:07:20.832,OnTrack,-62,11637,2021,pos,0 days 01:04:08.291000,0 days 02:02:23.803000
2024-07-07 15:07:20.992,OnTrack,73,11790,2022,pos,0 days 01:04:08.451000,0 days 02:02:23.963000
2024-07-07 15:07:21.453,OnTrack,226,11943,2023,pos,0 days 01:04:08.912000,0 days 02:02:24.424000
2024-07-07 15:07:21.672,OnTrack,345,12053,2024,pos,0 days 01:04:09.131000,0 days 02:02:24.643000
2024-07-07 15:07:21.872,OnTrack,513,12189,2024,pos,0 days 01:04:09.331000,0 days 02:02:24.843000
2024-07-07 15:07:22.211,OnTrack,655,12291,2024,pos,0 days 01:04:09.670000,0 days 02:02:25.182000
2024-07-07 15:07:22.471,OnTrack,885,12425,2025,pos,0 days 01:04:09.930000,0 days 02:02:25.442000
2024-07-07 15:07:22.731,OnTrack,994,12476,2025,pos,0 days 01:04:10.190000,0 days 02:02:25.702000
2024-07-07 15:07:23.051,OnTrack,1218,12568,2025,pos,0 days 01:04:10.510000,0 days 02:02:26.022000
2024-07-07 15:07:23.232,OnTrack,1349,12612,2025,pos,0 days 01:04:10.691000,0 days 02:02:26.203000
2024-07-07 15:07:23.412,OnTrack,1481,12651,2025,pos,0 days 01:04:10.871000,0 days 02:02:26.383000
2024-07-07 15:07:23.672,OnTrack,1677,12700,2026,pos,0 days 01:04:11.131000,0 days 02:02:26.643000
2024-07-07 15:07:23.891,OnTrack,1846,12735,2027,pos,0 days 01:04:11.350000,0 days 02:02:26.862000
2024-07-07 15:07:24.131,OnTrack,2041,12767,2028,pos,0 days 01:04:11.590000,0 days 02:02:27.102000
2024-07-07 15:07:24.332,OnTrack,2201,12788,2029,pos,0 days 01:04:11.791000,0 days 02:02:27.303000
2024-07-07 15:07:24.431,OnTrack,2280,12797,2030,pos,0 days 01:04:11.890000,0 days 02:02:27.402000
2024-07-07 15:07:24.732,OnTrack,2517,12823,2031,pos,0 days 01:04:12.191000,0 days 02:02:27.703000
2024-07-07 15:07:24.971,OnTrack,2724,12845,2033,pos,0 days 01:04:12.430000,0 days 02:02:27.942000
2024-07-07 15:07:25.212,OnTrack,2900,12863,2035,pos,0 days 01:04:12.671000,0 days 02:02:28.183000
2024-07-07 15:07:25.492,OnTrack,3123,12885,2037,pos,0 days 01:04:12.951000,0 days 02:02:28.463000
2024-07-07 15:07:25.692,OnTrack,3396,12914,2039,pos,0 days 01:04:13.151000,0 days 02:02:28.663000
2024-07-07 15:07:26.093,OnTrack,3604,12938,2040,pos,0 days 01:04:13.552000,0 days 02:02:29.064000
2024-07-07 15:07:26.272,OnTrack,3748,12954,2041,pos,0 days 01:04:13.731000,0 days 02:02:29.243000
2024-07-07 15:07:26.492,OnTrack,3924,12974,2042,pos,0 days 01:04:13.951000,0 days 02:02:29.463000
2024-07-07 15:07:26.792,OnTrack,4212,13009,2044,pos,0 days 01:04:14.251000,0 days 02:02:29.763000
2024-07-07 15:07:27.052,OnTrack,4372,13030,2045,pos,0 days 01:04:14.511000,0 days 02:02:30.023000
2024-07-07 15:07:27.332,OnTrack,4709,13075,2047,pos,0 days 01:04:14.791000,0 days 02:02:30.303000
2024-07-07 15:07:27.672,OnTrack,4867,13092,2048,pos,0 days 01:04:15.131000,0 days 02:02:30.643000
2024-07-07 15:07:27.872,OnTrack,5017,13106,2048,pos,0 days 01:04:15.331000,0 days 02:02:30.843000
2024-07-07 15:07:28.092,OnTrack,5173,13114,2049,pos,0 days 01:04:15.551000,0 days 02:02:31.063000
2024-07-07 15:07:28.313,OnTrack,5287,13113,2049,pos,0 days 01:04:15.772000,0 days 02:02:31.284000
2024-07-07 15:07:28.612,OnTrack,5483,13087,2050,pos,0 days 01:04:16.071000,0 days 02:02:31.583000
2024-07-07 15:07:28.771,OnTrack,5582,13064,2051,pos,0 days 01:04:16.230000,0 days 02:02:31.742000
2024-07-07 15:07:28.932,OnTrack,5679,13035,2052,pos,0 days 01:04:16.391000,0 days 02:02:31.903000
2024-07-07 15:07:29.212,OnTrack,5901,12935,2053,pos,0 days 01:04:16.671000,0 days 02:02:32.183000
2024-07-07 15:07:29.672,OnTrack,6088,12810,2054,pos,0 days 01:04:17.131000,0 days 02:02:32.643000
2024-07-07 15:07:29.752,OnTrack,6128,12778,2055,pos,0 days 01:04:17.211000,0 days 02:02:32.723000
2024-07-07 15:07:29.972,OnTrack,6232,12684,2055,pos,0 days 01:04:17.431000,0 days 02:02:32.943000
2024-07-07 15:07:30.252,OnTrack,6370,12515,2056,pos,0 days 01:04:17.711000,0 days 02:02:33.223000
2024-07-07 15:07:30.532,OnTrack,6444,12390,2057,pos,0 days 01:04:17.991000,0 days 02:02:33.503000
2024-07-07 15:07:30.852,OnTrack,6533,12203,2058,pos,0 days 01:04:18.311000,0 days 02:02:33.823000
2024-07-07 15:07:31.032,OnTrack,6578,12089,2059,pos,0 days 01:04:18.491000,0 days 02:02:34.003000
2024-07-07 15:07:31.292,OnTrack,6649,11874,2060,pos,0 days 01:04:18.751000,0 days 02:02:34.263000
2024-07-07 15:07:31.732,OnTrack,6719,11616,2062,pos,0 days 01:04:19.191000,0 days 02:02:34.703000
2024-07-07 15:07:31.952,OnTrack,6757,11463,2063,pos,0 days 01:04:19.411000,0 days 02:02:34.923000
2024-07-07 15:07:32.112,OnTrack,6782,11351,2064,pos,0 days 01:04:19.571000,0 days 02:02:35.083000
2024-07-07 15:07:32.332,OnTrack,6815,11195,2066,pos,0 days 01:04:19.791000,0 days 02:02:35.303000
2024-07-07 15:07:32.532,OnTrack,6843,11048,2066,pos,0 days 01:04:19.991000,0 days 02:02:35.503000
2024-07-07 15:07:32.772,OnTrack,6879,10825,2068,pos,0 days 01:04:20.231000,0 days 02:02:35.743000
2024-07-07 15:07:33.092,OnTrack,6906,10631,2070,pos,0 days 01:04:20.551000,0 days 02:02:36.063000
2024-07-07 15:07:33.252,OnTrack,6920,10510,2071,pos,0 days 01:04:20.711000,0 days 02:02:36.223000
2024-07-07 15:07:33.433,OnTrack,6935,10373,2072,pos,0 days 01:04:20.892000,0 days 02:02:36.404000
2024-07-07 15:07:33.672,OnTrack,6952,10189,2073,pos,0 days 01:04:21.131000,0 days 02:02:36.643000
2024-07-07 15:07:33.832,OnTrack,6961,10066,2074,pos,0 days 01:04:21.291000,0 days 02:02:36.803000
2024-07-07 15:07:34.152,OnTrack,6977,9753,2075,pos,0 days 01:04:21.611000,0 days 02:02:37.123000
2024-07-07 15:07:34.533,OnTrack,6984,9422,2075,pos,0 days 01:04:21.992000,0 days 02:02:37.504000
2024-07-07 15:07:34.952,OnTrack,6995,9103,2073,pos,0 days 01:04:22.411000,0 days 02:02:37.923000
2024-07-07 15:07:35.352,OnTrack,7013,8877,2072,pos,0 days 01:04:22.811000,0 days 02:02:38.323000
2024-07-07 15:07:35.471,OnTrack,7024,8782,2071,pos,0 days 01:04:22.930000,0 days 02:02:38.442000
2024-07-07 15:07:35.791,OnTrack,7076,8481,2070,pos,0 days 01:04:23.250000,0 days 02:02:38.762000
2024-07-07 15:07:36.232,OnTrack,7167,8122,2067,pos,0 days 01:04:23.691000,0 days 02:02:39.203000
2024-07-07 15:07:36.552,OnTrack,7226,7938,2065,pos,0 days 01:04:24.011000,0 days 02:02:39.523000
2024-07-07 15:07:36.852,OnTrack,7310,7712,2061,pos,0 days 01:04:24.311000,0 days 02:02:39.823000
2024-07-07 15:07:36.992,OnTrack,7382,7534,2060,pos,0 days 01:04:24.451000,0 days 02:02:39.963000
2024-07-07 15:07:37.312,OnTrack,7441,7380,2059,pos,0 days 01:04:24.771000,0 days 02:02:40.283000
2024-07-07 15:07:37.572,OnTrack,7497,7203,2058,pos,0 days 01:04:25.031000,0 days 02:02:40.543000
2024-07-07 15:07:37.872,OnTrack,7532,7021,2058,pos,0 days 01:04:25.331000,0 days 02:02:40.843000
2024-07-07 15:07:38.052,OnTrack,7538,6877,2058,pos,0 days 01:04:25.511000,0 days 02:02:41.023000
2024-07-07 15:07:38.372,OnTrack,7519,6685,2058,pos,0 days 01:04:25.831000,0 days 02:02:41.343000
2024-07-07 15:07:38.652,OnTrack,7483,6494,2059,pos,0 days 01:04:26.111000,0 days 02:02:41.623000
2024-07-07 15:07:38.852,OnTrack,7427,6266,2061,pos,0 days 01:04:26.311000,0 days 02:02:41.823000
2024-07-07 15:07:39.232,OnTrack,7387,6104,2062,pos,0 days 01:04:26.691000,0 days 02:02:42.203000
2024-07-07 15:07:39.413,OnTrack,7360,5984,2062,pos,0 days 01:04:26.872000,0 days 02:02:42.384000
2024-07-07 15:07:39.612,OnTrack,7337,5855,2063,pos,0 days 01:04:27.071000,0 days 02:02:42.583000
2024-07-07 15:07:39.852,OnTrack,7317,5633,2063,pos,0 days 01:04:27.311000,0 days 02:02:42.823000
2024-07-07 15:07:40.212,OnTrack,7323,5493,2062,pos,0 days 01:04:27.671000,0 days 02:02:43.183000
2024-07-07 15:07:40.452,OnTrack,7349,5356,2062,pos,0 days 01:04:27.911000,0 days 02:02:43.423000
2024-07-07 15:07:40.732,OnTrack,7403,5201,2060,pos,0 days 01:04:28.191000,0 days 02:02:43.703000
2024-07-07 15:07:40.912,OnTrack,7448,5106,2059,pos,0 days 01:04:28.371000,0 days 02:02:43.883000
2024-07-07 15:07:41.152,OnTrack,7555,4921,2056,pos,0 days 01:04:28.611000,0 days 02:02:44.123000
2024-07-07 15:07:41.413,OnTrack,7598,4850,2055,pos,0 days 01:04:28.872000,0 days 02:02:44.384000
2024-07-07 15:07:41.673,OnTrack,7670,4722,2053,pos,0 days 01:04:29.132000,0 days 02:02:44.644000
2024-07-07 15:07:41.932,OnTrack,7743,4556,2051,pos,0 days 01:04:29.391000,0 days 02:02:44.903000
2024-07-07 15:07:42.212,OnTrack,7771,4456,2050,pos,0 days 01:04:29.671000,0 days 02:02:45.183000
2024-07-07 15:07:42.571,OnTrack,7789,4276,2047,pos,0 days 01:04:30.030000,0 days 02:02:45.542000
2024-07-07 15:07:42.692,OnTrack,7776,4154,2045,pos,0 days 01:04:30.151000,0 days 02:02:45.663000
2024-07-07 15:07:43.092,OnTrack,7742,4020,2043,pos,0 days 01:04:30.551000,0 days 02:02:46.063000
2024-07-07 15:07:43.272,OnTrack,7708,3930,2041,pos,0 days 01:04:30.731000,0 days 02:02:46.243000
2024-07-07 15:07:43.632,OnTrack,7622,3765,2039,pos,0 days 01:04:31.091000,0 days 02:02:46.603000
2024-07-07 15:07:43.672,OnTrack,7610,3747,2039,pos,0 days 01:04:31.131000,0 days 02:02:46.643000
2024-07-07 15:07:43.952,OnTrack,7521,3629,2037,pos,0 days 01:04:31.411000,0 days 02:02:46.923000
2024-07-07 15:07:44.172,OnTrack,7437,3546,2036,pos,0 days 01:04:31.631000,0 days 02:02:47.143000
2024-07-07 15:07:44.412,OnTrack,7289,3441,2034,pos,0 days 01:04:31.871000,0 days 02:02:47.383000
2024-07-07 15:07:44.692,OnTrack,7186,3383,2033,pos,0 days 01:04:32.151000,0 days 02:02:47.663000
2024-07-07 15:07:44.952,OnTrack,7051,3313,2031,pos,0 days 01:04:32.411000,0 days 02:02:47.923000
2024-07-07 15:07:45.212,OnTrack,6909,3229,2030,pos,0 days 01:04:32.671000,0 days 02:02:48.183000
2024-07-07 15:07:45.392,OnTrack,6820,3161,2029,pos,0 days 01:04:32.851000,0 days 02:02:48.363000
2024-07-07 15:07:45.652,OnTrack,6696,3045,2028,pos,0 days 01:04:33.111000,0 days 02:02:48.623000
2024-07-07 15:07:45.852,OnTrack,6603,2948,2028,pos,0 days 01:04:33.311000,0 days 02:02:48.823000
2024-07-07 15:07:46.052,OnTrack,6514,2848,2027,pos,0 days 01:04:33.511000,0 days 02:02:49.023000
2024-07-07 15:07:46.292,OnTrack,6364,2654,2027,pos,0 days 01:04:33.751000,0 days 02:02:49.263000
2024-07-07 15:07:46.652,OnTrack,6273,2514,2026,pos,0 days 01:04:34.111000,0 days 02:02:49.623000
2024-07-07 15:07:46.872,OnTrack,6195,2379,2026,pos,0 days 01:04:34.331000,0 days 02:02:49.843000
2024-07-07 15:07:47.033,OnTrack,6099,2202,2025,pos,0 days 01:04:34.492000,0 days 02:02:50.004000
2024-07-07 15:07:47.492,OnTrack,5969,1942,2024,pos,0 days 01:04:34.951000,0 days 02:02:50.463000
2024-07-07 15:07:47.893,OnTrack,5859,1715,2023,pos,0 days 01:04:35.352000,0 days 02:02:50.864000
2024-07-07 15:07:48.052,OnTrack,5807,1607,2023,pos,0 days 01:04:35.511000,0 days 02:02:51.023000
2024-07-07 15:07:48.292,OnTrack,5728,1444,2022,pos,0 days 01:04:35.751000,0 days 02:02:51.263000
2024-07-07 15:07:48.472,OnTrack,5669,1320,2021,pos,0 days 01:04:35.931000,0 days 02:02:51.443000
2024-07-07 15:07:48.631,OnTrack,5570,1113,2020,pos,0 days 01:04:36.090000,0 days 02:02:51.602000
2024-07-07 15:07:49.072,OnTrack,5470,902,2019,pos,0 days 01:04:36.531000,0 days 02:02:52.043000
2024-07-07 15:07:49.232,OnTrack,5419,797,2018,pos,0 days 01:04:36.691000,0 days 02:02:52.203000
2024-07-07 15:07:49.471,OnTrack,5335,620,2017,pos,0 days 01:04:36.930000,0 days 02:02:52.442000
2024-07-07 15:07:49.632,OnTrack,5280,507,2016,pos,0 days 01:04:37.091000,0 days 02:02:52.603000
2024-07-07 15:07:49.991,OnTrack,5155,250,2014,pos,0 days 01:04:37.450000,0 days 02:02:52.962000
2024-07-07 15:07:50.192,OnTrack,5065,63,2012,pos,0 days 01:04:37.651000,0 days 02:02:53.163000
2024-07-07 15:07:50.452,OnTrack,4999,-73,2011,pos,0 days 01:04:37.911000,0 days 02:02:53.423000
2024-07-07 15:07:50.752,OnTrack,4849,-385,2009,pos,0 days 01:04:38.211000,0 days 02:02:53.723000
2024-07-07 15:07:51.152,OnTrack,4751,-588,2008,pos,0 days 01:04:38.611000,0 days 02:02:54.123000
2024-07-07 15:07:51.332,OnTrack,4688,-719,2008,pos,0 days 01:04:38.791000,0 days 02:02:54.303000
2024-07-07 15:07:51.552,OnTrack,4615,-870,2007,pos,0 days 01:04:39.011000,0 days 02:02:54.523000
2024-07-07 15:07:51.772,OnTrack,4537,-1030,2006,pos,0 days 01:04:39.231000,0 days 02:02:54.743000
2024-07-07 15:07:52.072,OnTrack,4410,-1291,2003,pos,0 days 01:04:39.531000,0 days 02:02:55.043000
2024-07-07 15:07:52.312,OnTrack,4346,-1422,2001,pos,0 days 01:04:39.771000,0 days 02:02:55.283000
2024-07-07 15:07:52.672,OnTrack,4181,-1754,1997,pos,0 days 01:04:40.131000,0 days 02:02:55.643000
2024-07-07 15:07:52.912,OnTrack,4131,-1854,1996,pos,0 days 01:04:40.371000,0 days 02:02:55.883000
2024-07-07 15:07:53.293,OnTrack,3956,-2198,1994,pos,0 days 01:04:40.752000,0 days 02:02:56.264000
2024-07-07 15:07:53.652,OnTrack,3863,-2379,1994,pos,0 days 01:04:41.111000,0 days 02:02:56.623000
2024-07-07 15:07:53.812,OnTrack,3807,-2486,1994,pos,0 days 01:04:41.271000,0 days 02:02:56.783000
2024-07-07 15:07:53.972,OnTrack,3743,-2608,1995,pos,0 days 01:04:41.431000,0 days 02:02:56.943000
2024-07-07 15:07:54.193,OnTrack,3659,-2764,1997,pos,0 days 01:04:41.652000,0 days 02:02:57.164000
2024-07-07 15:07:54.453,OnTrack,3512,-3032,2001,pos,0 days 01:04:41.912000,0 days 02:02:57.424000
2024-07-07 15:07:54.952,OnTrack,3358,-3293,2007,pos,0 days 01:04:42.411000,0 days 02:02:57.923000
2024-07-07 15:07:55.151,OnTrack,3274,-3425,2010,pos,0 days 01:04:42.610000,0 days 02:02:58.122000
2024-07-07 15:07:55.371,OnTrack,3150,-3593,2014,pos,0 days 01:04:42.830000,0 days 02:02:58.342000
2024-07-07 15:07:55.651,OnTrack,3062,-3700,2016,pos,0 days 01:04:43.110000,0 days 02:02:58.622000
2024-07-07 15:07:55.872,OnTrack,2965,-3801,2018,pos,0 days 01:04:43.331000,0 days 02:02:58.843000
2024-07-07 15:07:56.152,OnTrack,2845,-3902,2021,pos,0 days 01:04:43.611000,0 days 02:02:59.123000
2024-07-07 15:07:56.332,OnTrack,2697,-3995,2024,pos,0 days 01:04:43.791000,0 days 02:02:59.303000
2024-07-07 15:07:56.771,OnTrack,2552,-4059,2026,pos,0 days 01:04:44.230000,0 days 02:02:59.742000
2024-07-07 15:07:56.992,OnTrack,2470,-4085,2028,pos,0 days 01:04:44.451000,0 days 02:02:59.963000
2024-07-07 15:07:57.192,OnTrack,2340,-4110,2030,pos,0 days 01:04:44.651000,0 days 02:03:00.163000
2024-07-07 15:07:57.592,OnTrack,2094,-4103,2032,pos,0 days 01:04:45.051000,0 days 02:03:00.563000
2024-07-07 15:07:58.012,OnTrack,1952,-4068,2033,pos,0 days 01:04:45.471000,0 days 02:03:00.983000
2024-07-07 15:07:58.072,OnTrack,1922,-4058,2033,pos,0 days 01:04:45.531000,0 days 02:03:01.043000
2024-07-07 15:07:58.332,OnTrack,1795,-4002,2033,pos,0 days 01:04:45.791000,0 days 02:03:01.303000
2024-07-07 15:07:58.552,OnTrack,1693,-3940,2033,pos,0 days 01:04:46.011000,0 days 02:03:01.523000
2024-07-07 15:07:58.733,OnTrack,1613,-3880,2032,pos,0 days 01:04:46.192000,0 days 02:03:01.704000
2024-07-07 15:07:59.072,OnTrack,1473,-3745,2031,pos,0 days 01:04:46.531000,0 days 02:03:02.043000
2024-07-07 15:07:59.212,OnTrack,1419,-3682,2030,pos,0 days 01:04:46.671000,0 days 02:03:02.183000
2024-07-07 15:07:59.432,OnTrack,1294,-3504,2027,pos,0 days 01:04:46.891000,0 days 02:03:02.403000
2024-07-07 15:07:59.792,OnTrack,1226,-3385,2024,pos,0 days 01:04:47.251000,0 days 02:03:02.763000
2024-07-07 15:08:00.072,OnTrack,1143,-3229,2019,pos,0 days 01:04:47.531000,0 days 02:03:03.043000
2024-07-07 15:08:00.232,OnTrack,1094,-3137,2016,pos,0 days 01:04:47.691000,0 days 02:03:03.203000
2024-07-07 15:08:00.492,OnTrack,990,-2954,2008,pos,0 days 01:04:47.951000,0 days 02:03:03.463000
2024-07-07 15:08:00.872,OnTrack,841,-2730,1997,pos,0 days 01:04:48.331000,0 days 02:03:03.843000
2024-07-07 15:08:01.233,OnTrack,727,-2574,1991,pos,0 days 01:04:48.692000,0 days 02:03:04.204000
2024-07-07 15:08:01.513,OnTrack,553,-2338,1985,pos,0 days 01:04:48.972000,0 days 02:03:04.484000
2024-07-07 15:08:01.752,OnTrack,511,-2282,1984,pos,0 days 01:04:49.211000,0 days 02:03:04.723000
2024-07-07 15:08:01.951,OnTrack,410,-2147,1984,pos,0 days 01:04:49.410000,0 days 02:03:04.922000
2024-07-07 15:08:02.312,OnTrack,255,-1944,1986,pos,0 days 01:04:49.771000,0 days 02:03:05.283000
2024-07-07 15:08:02.471,OnTrack,183,-1855,1986,pos,0 days 01:04:49.930000,0 days 02:03:05.442000
2024-07-07 15:08:02.652,OnTrack,100,-1756,1986,pos,0 days 01:04:50.111000,0 days 02:03:05.623000
2024-07-07 15:08:02.872,OnTrack,-2,-1637,1986,pos,0 days 01:04:50.331000,0 days 02:03:05.843000
2024-07-07 15:08:03.112,OnTrack,-111,-1514,1985,pos,0 days 01:04:50.571000,0 days 02:03:06.083000
2024-07-07 15:08:03.351,OnTrack,-202,-1412,1984,pos,0 days 01:04:50.810000,0 days 02:03:06.322000
2024-07-07 15:08:03.512,OnTrack,-262,-1345,1983,pos,0 days 01:04:50.971000,0 days 02:03:06.483000
2024-07-07 15:08:03.772,OnTrack,-374,-1219,1980,pos,0 days 01:04:51.231000,0 days 02:03:06.743000
2024-07-07 15:08:04.112,OnTrack,-450,-1136,1979,pos,0 days 01:04:51.571000,0 days 02:03:07.083000
2024-07-07 15:08:04.272,OnTrack,-492,-1094,1978,pos,0 days 01:04:51.731000,0 days 02:03:07.243000
2024-07-07 15:08:04.592,OnTrack,-603,-1004,1976,pos,0 days 01:04:52.051000,0 days 02:03:07.563000
2024-07-07 15:08:04.912,OnTrack,-669,-966,1975,pos,0 days 01:04:52.371000,0 days 02:03:07.883000
2024-07-07 15:08:05.112,OnTrack,-724,-942,1975,pos,0 days 01:04:52.571000,0 days 02:03:08.083000
2024-07-07 15:08:05.452,OnTrack,-823,-916,1976,pos,0 days 01:04:52.911000,0 days 02:03:08.423000
2024-07-07 15:08:05.672,OnTrack,-881,-913,1976,pos,0 days 01:04:53.131000,0 days 02:03:08.643000
2024-07-07 15:08:05.952,OnTrack,-958,-916,1977,pos,0 days 01:04:53.411000,0 days 02:03:08.923000
2024-07-07 15:08:06.132,OnTrack,-1005,-926,1978,pos,0 days 01:04:53.591000,0 days 02:03:09.103000
2024-07-07 15:08:06.332,OnTrack,-1056,-945,1978,pos,0 days 01:04:53.791000,0 days 02:03:09.303000
2024-07-07 15:08:06.532,OnTrack,-1105,-971,1979,pos,0 days 01:04:53.991000,0 days 02:03:09.503000
2024-07-07 15:08:06.752,OnTrack,-1157,-1007,1979,pos,0 days 01:04:54.211000,0 days 02:03:09.723000
2024-07-07 15:08:06.913,OnTrack,-1194,-1036,1980,pos,0 days 01:04:54.372000,0 days 02:03:09.884000
2024-07-07 15:08:07.152,OnTrack,-1251,-1080,1981,pos,0 days 01:04:54.611000,0 days 02:03:10.123000
2024-07-07 15:08:07.392,OnTrack,-1346,-1139,1981,pos,0 days 01:04:54.851000,0 days 02:03:10.363000
2024-07-07 15:08:07.773,OnTrack,-1409,-1162,1981,pos,0 days 01:04:55.232000,0 days 02:03:10.744000
2024-07-07 15:08:08.053,OnTrack,-1488,-1172,1981,pos,0 days 01:04:55.512000,0 days 02:03:11.024000
2024-07-07 15:08:08.272,OnTrack,-1552,-1166,1980,pos,0 days 01:04:55.731000,0 days 02:03:11.243000
2024-07-07 15:08:08.431,OnTrack,-1599,-1155,1980,pos,0 days 01:04:55.890000,0 days 02:03:11.402000
2024-07-07 15:08:08.632,OnTrack,-1655,-1138,1979,pos,0 days 01:04:56.091000,0 days 02:03:11.603000
2024-07-07 15:08:08.912,OnTrack,-1741,-1103,1978,pos,0 days 01:04:56.371000,0 days 02:03:11.883000
2024-07-07 15:08:09.092,OnTrack,-1790,-1077,1978,pos,0 days 01:04:56.551000,0 days 02:03:12.063000
2024-07-07 15:08:09.291,OnTrack,-1849,-1037,1977,pos,0 days 01:04:56.750000,0 days 02:03:12.262000
2024-07-07 15:08:09.531,OnTrack,-1934,-960,1976,pos,0 days 01:04:56.990000,0 days 02:03:12.502000
2024-07-07 15:08:09.851,OnTrack,-1994,-889,1976,pos,0 days 01:04:57.310000,0 days 02:03:12.822000
2024-07-07 15:08:10.092,OnTrack,-2055,-813,1975,pos,0 days 01:04:57.551000,0 days 02:03:13.063000
2024-07-07 15:08:10.272,OnTrack,-2101,-753,1974,pos,0 days 01:04:57.731000,0 days 02:03:13.243000
2024-07-07 15:08:10.552,OnTrack,-2174,-632,1974,pos,0 days 01:04:58.011000,0 days 02:03:13.523000
2024-07-07 15:08:10.792,OnTrack,-2246,-457,1973,pos,0 days 01:04:58.251000,0 days 02:03:13.763000
2024-07-07 15:08:11.192,OnTrack,-2284,-319,1971,pos,0 days 01:04:58.651000,0 days 02:03:14.163000
2024-07-07 15:08:11.372,OnTrack,-2305,-183,1969,pos,0 days 01:04:58.831000,0 days 02:03:14.343000
2024-07-07 15:08:11.752,OnTrack,-2314,-16,1967,pos,0 days 01:04:59.211000,0 days 02:03:14.723000
2024-07-07 15:08:12.012,OnTrack,-2306,133,1966,pos,0 days 01:04:59.471000,0 days 02:03:14.983000
2024-07-07 15:08:12.192,OnTrack,-2290,240,1965,pos,0 days 01:04:59.651000,0 days 02:03:15.163000
2024-07-07 15:08:12.412,OnTrack,-2245,418,1963,pos,0 days 01:04:59.871000,0 days 02:03:15.383000
2024-07-07 15:08:12.792,OnTrack,-2169,594,1962,pos,0 days 01:05:00.251000,0 days 02:03:15.763000
2024-07-07 15:08:12.992,OnTrack,-2067,776,1962,pos,0 days 01:05:00.451000,0 days 02:03:15.963000
2024-07-07 15:08:13.453,OnTrack,-1896,1019,1963,pos,0 days 01:05:00.912000,0 days 02:03:16.424000
2024-07-07 15:08:13.692,OnTrack,-1842,1093,1963,pos,0 days 01:05:01.151000,0 days 02:03:16.663000
2024-07-07 15:08:14.033,OnTrack,-1650,1349,1964,pos,0 days 01:05:01.492000,0 days 02:03:17.004000
2024-07-07 15:08:14.452,OnTrack,-1503,1534,1966,pos,0 days 01:05:01.911000,0 days 02:03:17.423000
2024-07-07 15:08:14.852,OnTrack,-1275,1832,1969,pos,0 days 01:05:02.311000,0 days 02:03:17.823000
2024-07-07 15:08:15.211,OnTrack,-1116,2050,1971,pos,0 days 01:05:02.670000,0 days 02:03:18.182000
2024-07-07 15:08:15.712,OnTrack,-892,2359,1976,pos,0 days 01:05:03.171000,0 days 02:03:18.683000
2024-07-07 15:08:16.111,OnTrack,-745,2560,1979,pos,0 days 01:05:03.570000,0 days 02:03:19.082000
2024-07-07 15:08:16.472,OnTrack,-609,2752,1983,pos,0 days 01:05:03.931000,0 days 02:03:19.443000
2024-07-07 15:08:16.732,OnTrack,-493,2922,1986,pos,0 days 01:05:04.191000,0 days 02:03:19.703000
2024-07-07 15:08:16.931,OnTrack,-351,3134,1989,pos,0 days 01:05:04.390000,0 days 02:03:19.902000
2024-07-07 15:08:17.192,OnTrack,-289,3228,1991,pos,0 days 01:05:04.651000,0 days 02:03:20.163000
2024-07-07 15:08:17.472,OnTrack,-162,3415,1994,pos,0 days 01:05:04.931000,0 days 02:03:20.443000
2024-07-07 15:08:17.732,OnTrack,-40,3586,1997,pos,0 days 01:05:05.191000,0 days 02:03:20.703000
2024-07-07 15:08:17.952,OnTrack,137,3820,2001,pos,0 days 01:05:05.411000,0 days 02:03:20.923000
2024-07-07 15:08:18.352,OnTrack,273,3982,2006,pos,0 days 01:05:05.811000,0 days 02:03:21.323000
2024-07-07 15:08:18.532,OnTrack,373,4089,2009,pos,0 days 01:05:05.991000,0 days 02:03:21.503000
2024-07-07 15:08:18.752,OnTrack,575,4267,2011,pos,0 days 01:05:06.211000,0 days 02:03:21.723000
2024-07-07 15:08:19.092,OnTrack,719,4359,2013,pos,0 days 01:05:06.551000,0 days 02:03:22.063000
2024-07-07 15:08:19.392,OnTrack,933,4450,2014,pos,0 days 01:05:06.851000,0 days 02:03:22.363000
2024-07-07 15:08:19.512,OnTrack,1023,4475,2015,pos,0 days 01:05:06.971000,0 days 02:03:22.483000
2024-07-07 15:08:19.753,OnTrack,1208,4507,2016,pos,0 days 01:05:07.212000,0 days 02:03:22.724000
2024-07-07 15:08:19.993,OnTrack,1398,4519,2018,pos,0 days 01:05:07.452000,0 days 02:03:22.964000
2024-07-07 15:08:20.152,OnTrack,1524,4520,2019,pos,0 days 01:05:07.611000,0 days 02:03:23.123000
2024-07-07 15:08:20.372,OnTrack,1804,4501,2023,pos,0 days 01:05:07.831000,0 days 02:03:23.343000
2024-07-07 15:08:20.672,OnTrack,1929,4484,2025,pos,0 days 01:05:08.131000,0 days 02:03:23.643000
2024-07-07 15:08:20.892,OnTrack,2101,4461,2026,pos,0 days 01:05:08.351000,0 days 02:03:23.863000
2024-07-07 15:08:21.113,OnTrack,2273,4444,2028,pos,0 days 01:05:08.572000,0 days 02:03:24.084000
2024-07-07 15:08:21.311,OnTrack,2431,4439,2029,pos,0 days 01:05:08.770000,0 days 02:03:24.282000
2024-07-07 15:08:21.672,OnTrack,2829,4473,2035,pos,0 days 01:05:09.131000,0 days 02:03:24.643000
2024-07-07 15:08:22.091,OnTrack,3107,4558,2040,pos,0 days 01:05:09.550000,0 days 02:03:25.062000
2024-07-07 15:08:22.452,OnTrack,3305,4655,2043,pos,0 days 01:05:09.911000,0 days 02:03:25.423000
2024-07-07 15:08:22.552,OnTrack,3372,4696,2044,pos,0 days 01:05:10.011000,0 days 02:03:25.523000
2024-07-07 15:08:22.891,OnTrack,3660,4918,2049,pos,0 days 01:05:10.350000,0 days 02:03:25.862000
2024-07-07 15:08:23.332,OnTrack,3839,5094,2050,pos,0 days 01:05:10.791000,0 days 02:03:26.303000
2024-07-07 15:08:23.512,OnTrack,3937,5193,2050,pos,0 days 01:05:10.971000,0 days 02:03:26.483000
2024-07-07 15:08:23.592,OnTrack,3981,5237,2050,pos,0 days 01:05:11.051000,0 days 02:03:26.563000
2024-07-07 15:08:23.812,OnTrack,4102,5354,2051,pos,0 days 01:05:11.271000,0 days 02:03:26.783000
2024-07-07 15:08:23.992,OnTrack,4200,5445,2052,pos,0 days 01:05:11.451000,0 days 02:03:26.963000
2024-07-07 15:08:24.172,OnTrack,4288,5525,2053,pos,0 days 01:05:11.631000,0 days 02:03:27.143000
2024-07-07 15:08:24.532,OnTrack,4446,5660,2054,pos,0 days 01:05:11.991000,0 days 02:03:27.503000
2024-07-07 15:08:24.612,OnTrack,4478,5687,2054,pos,0 days 01:05:12.071000,0 days 02:03:27.583000
2024-07-07 15:08:24.872,OnTrack,4576,5766,2055,pos,0 days 01:05:12.331000,0 days 02:03:27.843000
2024-07-07 15:08:25.052,OnTrack,4631,5806,2055,pos,0 days 01:05:12.511000,0 days 02:03:28.023000
2024-07-07 15:08:25.332,OnTrack,4723,5861,2055,pos,0 days 01:05:12.791000,0 days 02:03:28.303000
2024-07-07 15:08:25.512,OnTrack,4784,5883,2054,pos,0 days 01:05:12.971000,0 days 02:03:28.483000
2024-07-07 15:08:25.652,OnTrack,4828,5894,2054,pos,0 days 01:05:13.111000,0 days 02:03:28.623000
2024-07-07 15:08:25.872,OnTrack,4906,5901,2054,pos,0 days 01:05:13.331000,0 days 02:03:28.843000
2024-07-07 15:08:26.092,OnTrack,4976,5897,2053,pos,0 days 01:05:13.551000,0 days 02:03:29.063000
2024-07-07 15:08:26.332,OnTrack,5096,5865,2054,pos,0 days 01:05:13.791000,0 days 02:03:29.303000
2024-07-07 15:08:26.752,OnTrack,5171,5822,2055,pos,0 days 01:05:14.211000,0 days 02:03:29.723000
2024-07-07 15:08:27.012,OnTrack,5232,5771,2057,pos,0 days 01:05:14.471000,0 days 02:03:29.983000
2024-07-07 15:08:27.232,OnTrack,5283,5710,2058,pos,0 days 01:05:14.691000,0 days 02:03:30.203000
2024-07-07 15:08:27.653,OnTrack,5340,5590,2059,pos,0 days 01:05:15.112000,0 days 02:03:30.624000
2024-07-07 15:08:27.952,OnTrack,5364,5507,2060,pos,0 days 01:05:15.411000,0 days 02:03:30.923000
2024-07-07 15:08:28.111,OnTrack,5374,5454,2060,pos,0 days 01:05:15.570000,0 days 02:03:31.082000
2024-07-07 15:08:28.371,OnTrack,5385,5363,2061,pos,0 days 01:05:15.830000,0 days 02:03:31.342000
2024-07-07 15:08:28.552,OnTrack,5391,5297,2062,pos,0 days 01:05:16.011000,0 days 02:03:31.523000
2024-07-07 15:08:28.832,OnTrack,5401,5196,2064,pos,0 days 01:05:16.291000,0 days 02:03:31.803000
2024-07-07 15:08:28.992,OnTrack,5411,5131,2065,pos,0 days 01:05:16.451000,0 days 02:03:31.963000
2024-07-07 15:08:29.312,OnTrack,5462,4981,2066,pos,0 days 01:05:16.771000,0 days 02:03:32.283000
2024-07-07 15:08:29.552,OnTrack,5475,4956,2066,pos,0 days 01:05:17.011000,0 days 02:03:32.523000
2024-07-07 15:08:29.872,OnTrack,5534,4874,2066,pos,0 days 01:05:17.331000,0 days 02:03:32.843000
2024-07-07 15:08:30.132,OnTrack,5612,4799,2065,pos,0 days 01:05:17.591000,0 days 02:03:33.103000
2024-07-07 15:08:30.412,OnTrack,5644,4776,2064,pos,0 days 01:05:17.871000,0 days 02:03:33.383000
2024-07-07 15:08:30.632,OnTrack,5694,4749,2064,pos,0 days 01:05:18.091000,0 days 02:03:33.603000
2024-07-07 15:08:30.831,OnTrack,5740,4733,2064,pos,0 days 01:05:18.290000,0 days 02:03:33.802000
2024-07-07 15:08:31.152,OnTrack,5815,4734,2064,pos,0 days 01:05:18.611000,0 days 02:03:34.123000
2024-07-07 15:08:31.312,OnTrack,5850,4747,2064,pos,0 days 01:05:18.771000,0 days 02:03:34.283000
2024-07-07 15:08:31.512,OnTrack,5916,4789,2063,pos,0 days 01:05:18.971000,0 days 02:03:34.483000
2024-07-07 15:08:31.872,OnTrack,5967,4836,2064,pos,0 days 01:05:19.331000,0 days 02:03:34.843000
2024-07-07 15:08:32.172,OnTrack,6045,4930,2065,pos,0 days 01:05:19.631000,0 days 02:03:35.143000
2024-07-07 15:08:32.552,OnTrack,6085,4991,2065,pos,0 days 01:05:20.011000,0 days 02:03:35.523000
2024-07-07 15:08:32.753,OnTrack,6118,5046,2065,pos,0 days 01:05:20.212000,0 days 02:03:35.724000
2024-07-07 15:08:32.813,OnTrack,6127,5064,2065,pos,0 days 01:05:20.272000,0 days 02:03:35.784000
2024-07-07 15:08:33.033,OnTrack,6160,5134,2065,pos,0 days 01:05:20.492000,0 days 02:03:36.004000
2024-07-07 15:08:33.373,OnTrack,6216,5282,2065,pos,0 days 01:05:20.832000,0 days 02:03:36.344000
2024-07-07 15:08:33.712,OnTrack,6250,5396,2064,pos,0 days 01:05:21.171000,0 days 02:03:36.683000
2024-07-07 15:08:34.012,OnTrack,6285,5534,2065,pos,0 days 01:05:21.471000,0 days 02:03:36.983000
2024-07-07 15:08:34.213,OnTrack,6305,5633,2065,pos,0 days 01:05:21.672000,0 days 02:03:37.184000
2024-07-07 15:08:34.413,OnTrack,6328,5786,2064,pos,0 days 01:05:21.872000,0 days 02:03:37.384000
2024-07-07 15:08:34.651,OnTrack,6332,5949,2064,pos,0 days 01:05:22.110000,0 days 02:03:37.622000
2024-07-07 15:08:35.032,OnTrack,6317,6133,2063,pos,0 days 01:05:22.491000,0 days 02:03:38.003000
2024-07-07 15:08:35.252,OnTrack,6295,6263,2063,pos,0 days 01:05:22.711000,0 days 02:03:38.223000
2024-07-07 15:08:35.431,OnTrack,6242,6446,2062,pos,0 days 01:05:22.890000,0 days 02:03:38.402000
2024-07-07 15:08:35.772,OnTrack,6191,6568,2063,pos,0 days 01:05:23.231000,0 days 02:03:38.743000
2024-07-07 15:08:36.011,OnTrack,6117,6705,2063,pos,0 days 01:05:23.470000,0 days 02:03:38.982000
2024-07-07 15:08:36.312,OnTrack,5974,6911,2064,pos,0 days 01:05:23.771000,0 days 02:03:39.283000
2024-07-07 15:08:36.732,OnTrack,5820,7079,2064,pos,0 days 01:05:24.191000,0 days 02:03:39.703000
2024-07-07 15:08:36.932,OnTrack,5674,7207,2064,pos,0 days 01:05:24.391000,0 days 02:03:39.903000
2024-07-07 15:08:37.172,OnTrack,5587,7278,2064,pos,0 days 01:05:24.631000,0 days 02:03:40.143000
2024-07-07 15:08:37.532,OnTrack,5384,7434,2064,pos,0 days 01:05:24.991000,0 days 02:03:40.503000
2024-07-07 15:08:37.752,OnTrack,5259,7531,2064,pos,0 days 01:05:25.211000,0 days 02:03:40.723000
2024-07-07 15:08:37.972,OnTrack,5134,7632,2064,pos,0 days 01:05:25.431000,0 days 02:03:40.943000
2024-07-07 15:08:37.992,OnTrack,5123,7641,2064,pos,0 days 01:05:25.451000,0 days 02:03:40.963000
2024-07-07 15:08:38.252,OnTrack,4976,7763,2064,pos,0 days 01:05:25.711000,0 days 02:03:41.223000
2024-07-07 15:08:38.493,OnTrack,4840,7878,2064,pos,0 days 01:05:25.952000,0 days 02:03:41.464000
2024-07-07 15:08:38.692,OnTrack,4727,7976,2064,pos,0 days 01:05:26.151000,0 days 02:03:41.663000
2024-07-07 15:08:38.892,OnTrack,4612,8075,2065,pos,0 days 01:05:26.351000,0 days 02:03:41.863000
2024-07-07 15:08:39.212,OnTrack,4368,8283,2064,pos,0 days 01:05:26.671000,0 days 02:03:42.183000
2024-07-07 15:08:39.512,OnTrack,4251,8384,2064,pos,0 days 01:05:26.971000,0 days 02:03:42.483000
2024-07-07 15:08:39.652,OnTrack,4169,8454,2064,pos,0 days 01:05:27.111000,0 days 02:03:42.623000
2024-07-07 15:08:39.952,OnTrack,3920,8668,2063,pos,0 days 01:05:27.411000,0 days 02:03:42.923000
2024-07-07 15:08:40.292,OnTrack,3789,8782,2063,pos,0 days 01:05:27.751000,0 days 02:03:43.263000
2024-07-07 15:08:40.572,OnTrack,3623,8928,2063,pos,0 days 01:05:28.031000,0 days 02:03:43.543000
2024-07-07 15:08:40.832,OnTrack,3384,9139,2063,pos,0 days 01:05:28.291000,0 days 02:03:43.803000
2024-07-07 15:08:41.232,OnTrack,3154,9340,2063,pos,0 days 01:05:28.691000,0 days 02:03:44.203000
2024-07-07 15:08:41.592,OnTrack,3008,9468,2062,pos,0 days 01:05:29.051000,0 days 02:03:44.563000
2024-07-07 15:08:41.812,OnTrack,2875,9584,2061,pos,0 days 01:05:29.271000,0 days 02:03:44.783000
2024-07-07 15:08:42.012,OnTrack,2752,9690,2060,pos,0 days 01:05:29.471000,0 days 02:03:44.983000
2024-07-07 15:08:42.172,OnTrack,2655,9775,2059,pos,0 days 01:05:29.631000,0 days 02:03:45.143000
2024-07-07 15:08:42.332,OnTrack,2557,9860,2058,pos,0 days 01:05:29.791000,0 days 02:03:45.303000
2024-07-07 15:08:42.692,OnTrack,2271,10113,2054,pos,0 days 01:05:30.151000,0 days 02:03:45.663000
2024-07-07 15:08:43.112,OnTrack,2106,10261,2051,pos,0 days 01:05:30.571000,0 days 02:03:46.083000
2024-07-07 15:08:43.292,OnTrack,2000,10356,2050,pos,0 days 01:05:30.751000,0 days 02:03:46.263000
2024-07-07 15:08:43.512,OnTrack,1871,10471,2048,pos,0 days 01:05:30.971000,0 days 02:03:46.483000
2024-07-07 15:08:43.672,OnTrack,1776,10552,2046,pos,0 days 01:05:31.131000,0 days 02:03:46.643000
2024-07-07 15:08:43.932,OnTrack,1554,10725,2043,pos,0 days 01:05:31.391000,0 days 02:03:46.903000
2024-07-07 15:08:44.232,OnTrack,1452,10789,2041,pos,0 days 01:05:31.691000,0 days 02:03:47.203000
2024-07-07 15:08:44.472,OnTrack,1326,10856,2039,pos,0 days 01:05:31.931000,0 days 02:03:47.443000
2024-07-07 15:08:44.712,OnTrack,1192,10907,2037,pos,0 days 01:05:32.171000,0 days 02:03:47.683000
2024-07-07 15:08:44.872,OnTrack,1110,10930,2036,pos,0 days 01:05:32.331000,0 days 02:03:47.843000
2024-07-07 15:08:45.112,OnTrack,991,10947,2035,pos,0 days 01:05:32.571000,0 days 02:03:48.083000
2024-07-07 15:08:45.332,OnTrack,848,10949,2034,pos,0 days 01:05:32.791000,0 days 02:03:48.303000
2024-07-07 15:08:45.652,OnTrack,728,10940,2033,pos,0 days 01:05:33.111000,0 days 02:03:48.623000
2024-07-07 15:08:45.892,OnTrack,629,10914,2032,pos,0 days 01:05:33.351000,0 days 02:03:48.863000
2024-07-07 15:08:46.032,OnTrack,570,10890,2032,pos,0 days 01:05:33.491000,0 days 02:03:49.003000
2024-07-07 15:08:46.252,OnTrack,485,10845,2032,pos,0 days 01:05:33.711000,0 days 02:03:49.223000
2024-07-07 15:08:46.532,OnTrack,372,10743,2032,pos,0 days 01:05:33.991000,0 days 02:03:49.503000
2024-07-07 15:08:46.872,OnTrack,312,10654,2032,pos,0 days 01:05:34.331000,0 days 02:03:49.843000
2024-07-07 15:08:47.032,OnTrack,279,10594,2033,pos,0 days 01:05:34.491000,0 days 02:03:50.003000
2024-07-07 15:08:47.392,OnTrack,212,10414,2033,pos,0 days 01:05:34.851000,0 days 02:03:50.363000
2024-07-07 15:08:47.772,OnTrack,195,10290,2033,pos,0 days 01:05:35.231000,0 days 02:03:50.743000
2024-07-07 15:08:47.931,OnTrack,190,10215,2034,pos,0 days 01:05:35.390000,0 days 02:03:50.902000
2024-07-07 15:08:48.171,OnTrack,183,10054,2034,pos,0 days 01:05:35.630000,0 days 02:03:51.142000
2024-07-07 15:08:48.592,OnTrack,159,9856,2036,pos,0 days 01:05:36.051000,0 days 02:03:51.563000
2024-07-07 15:08:48.932,OnTrack,122,9752,2037,pos,0 days 01:05:36.391000,0 days 02:03:51.903000
2024-07-07 15:08:49.172,OnTrack,73,9667,2039,pos,0 days 01:05:36.631000,0 days 02:03:52.143000
2024-07-07 15:08:49.472,OnTrack,0,9582,2039,pos,0 days 01:05:36.931000,0 days 02:03:52.443000
2024-07-07 15:08:49.632,OnTrack,-86,9517,2040,pos,0 days 01:05:37.091000,0 days 02:03:52.603000
2024-07-07 15:08:50.032,OnTrack,-173,9471,2040,pos,0 days 01:05:37.491000,0 days 02:03:53.003000
2024-07-07 15:08:50.232,OnTrack,-277,9444,2041,pos,0 days 01:05:37.691000,0 days 02:03:53.203000
2024-07-07 15:08:50.592,OnTrack,-357,9442,2040,pos,0 days 01:05:38.051000,0 days 02:03:53.563000
2024-07-07 15:08:50.732,OnTrack,-400,9449,2040,pos,0 days 01:05:38.191000,0 days 02:03:53.703000
2024-07-07 15:08:50.972,OnTrack,-470,9474,2040,pos,0 days 01:05:38.431000,0 days 02:03:53.943000
2024-07-07 15:08:51.273,OnTrack,-555,9528,2038,pos,0 days 01:05:38.732000,0 days 02:03:54.244000
2024-07-07 15:08:51.452,OnTrack,-629,9602,2036,pos,0 days 01:05:38.911000,0 days 02:03:54.423000
2024-07-07 15:08:51.912,OnTrack,-688,9692,2035,pos,0 days 01:05:39.371000,0 days 02:03:54.883000
2024-07-07 15:08:52.093,OnTrack,-715,9748,2034,pos,0 days 01:05:39.552000,0 days 02:03:55.064000
2024-07-07 15:08:52.252,OnTrack,-749,9845,2033,pos,0 days 01:05:39.711000,0 days 02:03:55.223000
2024-07-07 15:08:52.732,OnTrack,-776,10046,2032,pos,0 days 01:05:40.191000,0 days 02:03:55.703000
2024-07-07 15:08:53.092,OnTrack,-773,10145,2031,pos,0 days 01:05:40.551000,0 days 02:03:56.063000
2024-07-07 15:08:53.272,OnTrack,-752,10298,2030,pos,0 days 01:05:40.731000,0 days 02:03:56.243000
2024-07-07 15:08:53.592,OnTrack,-733,10388,2030,pos,0 days 01:05:41.051000,0 days 02:03:56.563000
2024-07-07 15:08:53.872,OnTrack,-693,10518,2028,pos,0 days 01:05:41.331000,0 days 02:03:56.843000
2024-07-07 15:08:54.112,OnTrack,-647,10642,2026,pos,0 days 01:05:41.571000,0 days 02:03:57.083000
2024-07-07 15:08:54.332,OnTrack,-596,10759,2024,pos,0 days 01:05:41.791000,0 days 02:03:57.303000
2024-07-07 15:08:54.491,OnTrack,-556,10845,2023,pos,0 days 01:05:41.950000,0 days 02:03:57.462000
2024-07-07 15:08:54.812,OnTrack,-425,11095,2021,pos,0 days 01:05:42.271000,0 days 02:03:57.783000
2024-07-07 15:08:55.112,OnTrack,-376,11184,2021,pos,0 days 01:05:42.571000,0 days 02:03:58.083000
2024-07-07 15:08:55.372,OnTrack,-237,11405,2021,pos,0 days 01:05:42.831000,0 days 02:03:58.343000
2024-07-07 15:08:55.772,OnTrack,-133,11547,2021,pos,0 days 01:05:43.231000,0 days 02:03:58.743000
2024-07-07 15:08:55.952,OnTrack,-57,11643,2021,pos,0 days 01:05:43.411000,0 days 02:03:58.923000
2024-07-07 15:08:56.172,OnTrack,43,11758,2021,pos,0 days 01:05:43.631000,0 days 02:03:59.143000
2024-07-07 15:08:56.472,OnTrack,263,11978,2024,pos,0 days 01:05:43.931000,0 days 02:03:59.443000
2024-07-07 15:08:56.872,OnTrack,403,12102,2024,pos,0 days 01:05:44.331000,0 days 02:03:59.843000
2024-07-07 15:08:57.052,OnTrack,505,12184,2024,pos,0 days 01:05:44.511000,0 days 02:04:00.023000
2024-07-07 15:08:57.252,OnTrack,625,12270,2024,pos,0 days 01:05:44.711000,0 days 02:04:00.223000
2024-07-07 15:08:57.472,OnTrack,761,12358,2024,pos,0 days 01:05:44.931000,0 days 02:04:00.443000
2024-07-07 15:08:57.632,OnTrack,948,12456,2025,pos,0 days 01:05:45.091000,0 days 02:04:00.603000
2024-07-07 15:08:58.073,OnTrack,1165,12548,2025,pos,0 days 01:05:45.532000,0 days 02:04:01.044000
2024-07-07 15:08:58.292,OnTrack,1332,12606,2025,pos,0 days 01:05:45.751000,0 days 02:04:01.263000
2024-07-07 15:08:58.512,OnTrack,1496,12655,2025,pos,0 days 01:05:45.971000,0 days 02:04:01.483000
2024-07-07 15:08:58.752,OnTrack,1769,12720,2026,pos,0 days 01:05:46.211000,0 days 02:04:01.723000
2024-07-07 15:08:58.972,OnTrack,1846,12735,2027,pos,0 days 01:05:46.431000,0 days 02:04:01.943000
2024-07-07 15:08:59.372,OnTrack,2163,12783,2029,pos,0 days 01:05:46.831000,0 days 02:04:02.343000
2024-07-07 15:08:59.532,OnTrack,2387,12809,2030,pos,0 days 01:05:46.991000,0 days 02:04:02.503000
2024-07-07 15:08:59.832,OnTrack,2531,12825,2031,pos,0 days 01:05:47.291000,0 days 02:04:02.803000
2024-07-07 15:09:00.172,OnTrack,2805,12853,2034,pos,0 days 01:05:47.631000,0 days 02:04:03.143000
2024-07-07 15:09:00.353,OnTrack,2943,12867,2036,pos,0 days 01:05:47.812000,0 days 02:04:03.324000
2024-07-07 15:09:00.593,OnTrack,3163,12889,2037,pos,0 days 01:05:48.052000,0 days 02:04:03.564000
2024-07-07 15:09:00.852,OnTrack,3360,12911,2039,pos,0 days 01:05:48.311000,0 days 02:04:03.823000
2024-07-07 15:09:01.112,OnTrack,3573,12934,2040,pos,0 days 01:05:48.571000,0 days 02:04:04.083000
2024-07-07 15:09:01.311,OnTrack,3737,12952,2040,pos,0 days 01:05:48.770000,0 days 02:04:04.282000
2024-07-07 15:09:01.511,OnTrack,4015,12984,2043,pos,0 days 01:05:48.970000,0 days 02:04:04.482000
2024-07-07 15:09:01.831,OnTrack,4162,13003,2044,pos,0 days 01:05:49.290000,0 days 02:04:04.802000
2024-07-07 15:09:02.091,OnTrack,4373,13030,2045,pos,0 days 01:05:49.550000,0 days 02:04:05.062000
2024-07-07 15:09:02.332,OnTrack,4680,13071,2047,pos,0 days 01:05:49.791000,0 days 02:04:05.303000
2024-07-07 15:09:02.832,OnTrack,4977,13102,2048,pos,0 days 01:05:50.291000,0 days 02:04:05.803000
2024-07-07 15:09:03.052,OnTrack,5145,13114,2049,pos,0 days 01:05:50.511000,0 days 02:04:06.023000
2024-07-07 15:09:03.272,OnTrack,5314,13112,2050,pos,0 days 01:05:50.731000,0 days 02:04:06.243000
2024-07-07 15:09:03.632,OnTrack,5677,13036,2052,pos,0 days 01:05:51.091000,0 days 02:04:06.603000
2024-07-07 15:09:04.052,OnTrack,5933,12918,2053,pos,0 days 01:05:51.511000,0 days 02:04:07.023000
2024-07-07 15:09:04.333,OnTrack,6042,12846,2054,pos,0 days 01:05:51.792000,0 days 02:04:07.304000
2024-07-07 15:09:04.552,OnTrack,6166,12747,2055,pos,0 days 01:05:52.011000,0 days 02:04:07.523000
2024-07-07 15:09:04.772,OnTrack,6272,12642,2055,pos,0 days 01:05:52.231000,0 days 02:04:07.743000
2024-07-07 15:09:05.012,OnTrack,6380,12501,2056,pos,0 days 01:05:52.471000,0 days 02:04:07.983000
2024-07-07 15:09:05.252,OnTrack,6499,12279,2057,pos,0 days 01:05:52.711000,0 days 02:04:08.223000
2024-07-07 15:09:05.612,OnTrack,6574,12102,2059,pos,0 days 01:05:53.071000,0 days 02:04:08.583000
2024-07-07 15:09:05.852,OnTrack,6645,11889,2060,pos,0 days 01:05:53.311000,0 days 02:04:08.823000
2024-07-07 15:09:06.092,OnTrack,6682,11758,2061,pos,0 days 01:05:53.551000,0 days 02:04:09.063000
2024-07-07 15:09:06.472,OnTrack,6753,11478,2063,pos,0 days 01:05:53.931000,0 days 02:04:09.443000
2024-07-07 15:09:06.632,OnTrack,6781,11358,2064,pos,0 days 01:05:54.091000,0 days 02:04:09.603000
2024-07-07 15:09:06.833,OnTrack,6813,11208,2065,pos,0 days 01:05:54.292000,0 days 02:04:09.804000
2024-07-07 15:09:07.053,OnTrack,6862,10938,2067,pos,0 days 01:05:54.512000,0 days 02:04:10.024000
2024-07-07 15:09:07.412,OnTrack,6888,10767,2069,pos,0 days 01:05:54.871000,0 days 02:04:10.383000
2024-07-07 15:09:07.732,OnTrack,6932,10406,2072,pos,0 days 01:05:55.191000,0 days 02:04:10.703000
2024-07-07 15:09:08.071,OnTrack,6947,10247,2073,pos,0 days 01:05:55.530000,0 days 02:04:11.042000
2024-07-07 15:09:08.311,OnTrack,6962,10056,2074,pos,0 days 01:05:55.770000,0 days 02:04:11.282000
2024-07-07 15:09:08.532,OnTrack,6973,9848,2074,pos,0 days 01:05:55.991000,0 days 02:04:11.503000
2024-07-07 15:09:08.812,OnTrack,6979,9654,2075,pos,0 days 01:05:56.271000,0 days 02:04:11.783000
2024-07-07 15:09:09.132,OnTrack,6985,9395,2075,pos,0 days 01:05:56.591000,0 days 02:04:12.103000
2024-07-07 15:09:09.312,OnTrack,6989,9248,2074,pos,0 days 01:05:56.771000,0 days 02:04:12.283000
2024-07-07 15:09:09.392,OnTrack,6992,9183,2074,pos,0 days 01:05:56.851000,0 days 02:04:12.363000
2024-07-07 15:09:09.632,OnTrack,7001,9003,2073,pos,0 days 01:05:57.091000,0 days 02:04:12.603000
2024-07-07 15:09:09.912,OnTrack,7025,8776,2071,pos,0 days 01:05:57.371000,0 days 02:04:12.883000
2024-07-07 15:09:10.072,OnTrack,7045,8646,2071,pos,0 days 01:05:57.531000,0 days 02:04:13.043000
2024-07-07 15:09:10.352,OnTrack,7090,8419,2069,pos,0 days 01:05:57.811000,0 days 02:04:13.323000
2024-07-07 15:09:10.472,OnTrack,7113,8322,2069,pos,0 days 01:05:57.931000,0 days 02:04:13.443000
2024-07-07 15:09:10.672,OnTrack,7156,8162,2068,pos,0 days 01:05:58.131000,0 days 02:04:13.643000
2024-07-07 15:09:10.952,OnTrack,7225,7939,2065,pos,0 days 01:05:58.411000,0 days 02:04:13.923000
2024-07-07 15:09:11.133,OnTrack,7315,7698,2061,pos,0 days 01:05:58.592000,0 days 02:04:14.104000
2024-07-07 15:09:11.612,OnTrack,7423,7428,2059,pos,0 days 01:05:59.071000,0 days 02:04:14.583000
2024-07-07 15:09:11.832,OnTrack,7498,7201,2058,pos,0 days 01:05:59.291000,0 days 02:04:14.803000
2024-07-07 15:09:12.152,OnTrack,7533,7021,2058,pos,0 days 01:05:59.611000,0 days 02:04:15.123000
2024-07-07 15:09:12.412,OnTrack,7536,6825,2058,pos,0 days 01:05:59.871000,0 days 02:04:15.383000
2024-07-07 15:09:12.553,OnTrack,7507,6613,2058,pos,0 days 01:06:00.012000,0 days 02:04:15.524000
2024-07-07 15:09:12.892,OnTrack,7477,6466,2060,pos,0 days 01:06:00.351000,0 days 02:04:15.863000
2024-07-07 15:09:13.152,OnTrack,7404,6178,2061,pos,0 days 01:06:00.611000,0 days 02:04:16.123000
2024-07-07 15:09:13.673,OnTrack,7330,5806,2063,pos,0 days 01:06:01.132000,0 days 02:04:16.644000
2024-07-07 15:09:14.091,OnTrack,7317,5616,2063,pos,0 days 01:06:01.550000,0 days 02:04:17.062000
2024-07-07 15:09:14.311,OnTrack,7325,5474,2062,pos,0 days 01:06:01.770000,0 days 02:04:17.282000
2024-07-07 15:09:14.452,OnTrack,7341,5386,2062,pos,0 days 01:06:01.911000,0 days 02:04:17.423000
2024-07-07 15:09:14.651,OnTrack,7377,5264,2061,pos,0 days 01:06:02.110000,0 days 02:04:17.622000
2024-07-07 15:09:14.931,OnTrack,7494,5022,2058,pos,0 days 01:06:02.390000,0 days 02:04:17.902000
2024-07-07 15:09:15.171,OnTrack,7526,4967,2057,pos,0 days 01:06:02.630000,0 days 02:04:18.142000
2024-07-07 15:09:15.512,OnTrack,7658,4744,2053,pos,0 days 01:06:02.971000,0 days 02:04:18.483000
2024-07-07 15:09:15.772,OnTrack,7701,4661,2052,pos,0 days 01:06:03.231000,0 days 02:04:18.743000
2024-07-07 15:09:16.112,OnTrack,7780,4410,2049,pos,0 days 01:06:03.571000,0 days 02:04:19.083000
2024-07-07 15:09:16.492,OnTrack,7790,4282,2047,pos,0 days 01:06:03.951000,0 days 02:04:19.463000
2024-07-07 15:09:16.592,OnTrack,7786,4228,2046,pos,0 days 01:06:04.051000,0 days 02:04:19.563000
2024-07-07 15:09:16.972,OnTrack,7721,3963,2042,pos,0 days 01:06:04.431000,0 days 02:04:19.943000
2024-07-07 15:09:17.272,OnTrack,7684,3877,2040,pos,0 days 01:06:04.731000,0 days 02:04:20.243000
2024-07-07 15:09:17.432,OnTrack,7640,3795,2040,pos,0 days 01:06:04.891000,0 days 02:04:20.403000
2024-07-07 15:09:17.692,OnTrack,7559,3675,2038,pos,0 days 01:06:05.151000,0 days 02:04:20.663000
2024-07-07 15:09:17.972,OnTrack,7452,3559,2037,pos,0 days 01:06:05.431000,0 days 02:04:20.943000
2024-07-07 15:09:18.132,OnTrack,7310,3454,2034,pos,0 days 01:06:05.591000,0 days 02:04:21.103000
2024-07-07 15:09:18.452,OnTrack,7215,3399,2033,pos,0 days 01:06:05.911000,0 days 02:04:21.423000
2024-07-07 15:09:18.632,OnTrack,7115,3347,2032,pos,0 days 01:06:06.091000,0 days 02:04:21.603000
2024-07-07 15:09:18.932,OnTrack,6892,3218,2029,pos,0 days 01:06:06.391000,0 days 02:04:21.903000
2024-07-07 15:09:19.412,OnTrack,6681,3030,2028,pos,0 days 01:06:06.871000,0 days 02:04:22.383000
2024-07-07 15:09:19.692,OnTrack,6578,2921,2028,pos,0 days 01:06:07.151000,0 days 02:04:22.663000
2024-07-07 15:09:19.853,OnTrack,6505,2838,2027,pos,0 days 01:06:07.312000,0 days 02:04:22.824000
2024-07-07 15:09:20.193,OnTrack,6362,2651,2027,pos,0 days 01:06:07.652000,0 days 02:04:23.164000
2024-07-07 15:09:20.372,OnTrack,6292,2545,2026,pos,0 days 01:06:07.831000,0 days 02:04:23.343000
2024-07-07 15:09:20.532,OnTrack,6237,2453,2026,pos,0 days 01:06:07.991000,0 days 02:04:23.503000
2024-07-07 15:09:20.811,OnTrack,6133,2267,2026,pos,0 days 01:06:08.270000,0 days 02:04:23.782000
2024-07-07 15:09:21.012,OnTrack,6066,2137,2025,pos,0 days 01:06:08.471000,0 days 02:04:23.983000
2024-07-07 15:09:21.212,OnTrack,6001,2006,2025,pos,0 days 01:06:08.671000,0 days 02:04:24.183000
2024-07-07 15:09:21.371,OnTrack,5949,1901,2024,pos,0 days 01:06:08.830000,0 days 02:04:24.342000
2024-07-07 15:09:21.552,OnTrack,5890,1779,2024,pos,0 days 01:06:09.011000,0 days 02:04:24.523000
2024-07-07 15:09:21.772,OnTrack,5818,1630,2023,pos,0 days 01:06:09.231000,0 days 02:04:24.743000
2024-07-07 15:09:21.971,OnTrack,5752,1493,2023,pos,0 days 01:06:09.430000,0 days 02:04:24.942000
2024-07-07 15:09:22.211,OnTrack,5673,1328,2021,pos,0 days 01:06:09.670000,0 days 02:04:25.182000
2024-07-07 15:09:22.452,OnTrack,5593,1161,2021,pos,0 days 01:06:09.911000,0 days 02:04:25.423000
2024-07-07 15:09:22.632,OnTrack,5534,1037,2020,pos,0 days 01:06:10.091000,0 days 02:04:25.603000
2024-07-07 15:09:22.832,OnTrack,5421,801,2018,pos,0 days 01:06:10.291000,0 days 02:04:25.803000
2024-07-07 15:09:23.292,OnTrack,5312,573,2016,pos,0 days 01:06:10.751000,0 days 02:04:26.263000
2024-07-07 15:09:23.492,OnTrack,5208,359,2015,pos,0 days 01:06:10.951000,0 days 02:04:26.463000
2024-07-07 15:09:23.872,OnTrack,5110,157,2013,pos,0 days 01:06:11.331000,0 days 02:04:26.843000
2024-07-07 15:09:24.052,OnTrack,5047,27,2012,pos,0 days 01:06:11.511000,0 days 02:04:27.023000
2024-07-07 15:09:24.372,OnTrack,4935,-205,2011,pos,0 days 01:06:11.831000,0 days 02:04:27.343000
2024-07-07 15:09:24.552,OnTrack,4837,-409,2009,pos,0 days 01:06:12.011000,0 days 02:04:27.523000
2024-07-07 15:09:24.872,OnTrack,4760,-570,2008,pos,0 days 01:06:12.331000,0 days 02:04:27.843000
2024-07-07 15:09:25.132,OnTrack,4669,-758,2007,pos,0 days 01:06:12.591000,0 days 02:04:28.103000
2024-07-07 15:09:25.392,OnTrack,4557,-989,2006,pos,0 days 01:06:12.851000,0 days 02:04:28.363000
2024-07-07 15:09:25.812,OnTrack,4428,-1254,2003,pos,0 days 01:06:13.271000,0 days 02:04:28.783000
2024-07-07 15:09:25.992,OnTrack,4320,-1475,2001,pos,0 days 01:06:13.451000,0 days 02:04:28.963000
2024-07-07 15:09:26.252,OnTrack,4268,-1579,1999,pos,0 days 01:06:13.711000,0 days 02:04:29.223000
2024-07-07 15:09:26.492,OnTrack,4180,-1755,1997,pos,0 days 01:06:13.951000,0 days 02:04:29.463000
2024-07-07 15:09:26.753,OnTrack,4088,-1940,1995,pos,0 days 01:06:14.212000,0 days 02:04:29.724000
2024-07-07 15:09:26.953,OnTrack,4010,-2093,1994,pos,0 days 01:06:14.412000,0 days 02:04:29.924000
2024-07-07 15:09:27.212,OnTrack,3876,-2354,1994,pos,0 days 01:06:14.671000,0 days 02:04:30.183000
2024-07-07 15:09:27.492,OnTrack,3808,-2483,1994,pos,0 days 01:06:14.951000,0 days 02:04:30.463000
2024-07-07 15:09:27.732,OnTrack,3723,-2645,1995,pos,0 days 01:06:15.191000,0 days 02:04:30.703000
2024-07-07 15:09:28.052,OnTrack,3586,-2898,1999,pos,0 days 01:06:15.511000,0 days 02:04:31.023000
2024-07-07 15:09:28.392,OnTrack,3413,-3201,2005,pos,0 days 01:06:15.851000,0 days 02:04:31.363000
2024-07-07 15:09:28.892,OnTrack,3263,-3441,2010,pos,0 days 01:06:16.351000,0 days 02:04:31.863000
2024-07-07 15:09:29.092,OnTrack,3125,-3625,2015,pos,0 days 01:06:16.551000,0 days 02:04:32.063000
2024-07-07 15:09:29.372,OnTrack,3040,-3724,2017,pos,0 days 01:06:16.831000,0 days 02:04:32.343000
2024-07-07 15:09:29.552,OnTrack,2956,-3811,2019,pos,0 days 01:06:17.011000,0 days 02:04:32.523000
2024-07-07 15:09:29.752,OnTrack,2860,-3892,2021,pos,0 days 01:06:17.211000,0 days 02:04:32.723000
2024-07-07 15:09:30.032,OnTrack,2641,-4023,2025,pos,0 days 01:06:17.491000,0 days 02:04:33.003000
2024-07-07 15:09:30.372,OnTrack,2539,-4064,2026,pos,0 days 01:06:17.831000,0 days 02:04:33.343000
2024-07-07 15:09:30.592,OnTrack,2428,-4096,2029,pos,0 days 01:06:18.051000,0 days 02:04:33.563000
2024-07-07 15:09:30.852,OnTrack,2290,-4115,2030,pos,0 days 01:06:18.311000,0 days 02:04:33.823000
2024-07-07 15:09:31.072,OnTrack,2095,-4104,2032,pos,0 days 01:06:18.531000,0 days 02:04:34.043000
2024-07-07 15:09:31.532,OnTrack,1910,-4054,2033,pos,0 days 01:06:18.991000,0 days 02:04:34.503000
2024-07-07 15:09:31.732,OnTrack,1806,-4008,2033,pos,0 days 01:06:19.191000,0 days 02:04:34.703000
2024-07-07 15:09:31.872,OnTrack,1735,-3968,2033,pos,0 days 01:06:19.331000,0 days 02:04:34.843000
2024-07-07 15:09:32.093,OnTrack,1629,-3893,2032,pos,0 days 01:06:19.552000,0 days 02:04:35.064000
2024-07-07 15:09:32.272,OnTrack,1547,-3822,2031,pos,0 days 01:06:19.731000,0 days 02:04:35.243000
2024-07-07 15:09:32.472,OnTrack,1462,-3733,2030,pos,0 days 01:06:19.931000,0 days 02:04:35.443000
2024-07-07 15:09:32.713,OnTrack,1369,-3617,2029,pos,0 days 01:06:20.172000,0 days 02:04:35.684000
2024-07-07 15:09:32.953,OnTrack,1239,-3410,2025,pos,0 days 01:06:20.412000,0 days 02:04:35.924000
2024-07-07 15:09:33.312,OnTrack,1171,-3282,2021,pos,0 days 01:06:20.771000,0 days 02:04:36.283000
2024-07-07 15:09:33.473,OnTrack,1121,-3188,2017,pos,0 days 01:06:20.932000,0 days 02:04:36.444000
2024-07-07 15:09:33.792,OnTrack,1017,-2999,2010,pos,0 days 01:06:21.251000,0 days 02:04:36.763000
2024-07-07 15:09:33.931,OnTrack,967,-2917,2006,pos,0 days 01:06:21.390000,0 days 02:04:36.902000
2024-07-07 15:09:34.132,OnTrack,842,-2732,1997,pos,0 days 01:06:21.591000,0 days 02:04:37.103000
2024-07-07 15:09:34.632,OnTrack,647,-2466,1987,pos,0 days 01:06:22.091000,0 days 02:04:37.603000
2024-07-07 15:09:34.972,OnTrack,535,-2315,1984,pos,0 days 01:06:22.431000,0 days 02:04:37.943000
2024-07-07 15:09:35.152,OnTrack,462,-2216,1984,pos,0 days 01:06:22.611000,0 days 02:04:38.123000
2024-07-07 15:09:35.452,OnTrack,278,-1974,1986,pos,0 days 01:06:22.911000,0 days 02:04:38.423000
2024-07-07 15:09:35.772,OnTrack,170,-1839,1986,pos,0 days 01:06:23.231000,0 days 02:04:38.743000
2024-07-07 15:09:35.891,OnTrack,114,-1773,1986,pos,0 days 01:06:23.350000,0 days 02:04:38.862000
2024-07-07 15:09:36.131,OnTrack,0,-1641,1986,pos,0 days 01:06:23.590000,0 days 02:04:39.102000
2024-07-07 15:09:36.431,OnTrack,-168,-1450,1984,pos,0 days 01:06:23.890000,0 days 02:04:39.402000
2024-07-07 15:09:36.872,OnTrack,-337,-1260,1981,pos,0 days 01:06:24.331000,0 days 02:04:39.843000
2024-07-07 15:09:37.132,OnTrack,-396,-1194,1980,pos,0 days 01:06:24.591000,0 days 02:04:40.103000
2024-07-07 15:09:37.392,OnTrack,-475,-1111,1978,pos,0 days 01:06:24.851000,0 days 02:04:40.363000
2024-07-07 15:09:37.692,OnTrack,-600,-1007,1976,pos,0 days 01:06:25.151000,0 days 02:04:40.663000
2024-07-07 15:09:38.032,OnTrack,-657,-972,1975,pos,0 days 01:06:25.491000,0 days 02:04:41.003000
2024-07-07 15:09:38.212,OnTrack,-709,-948,1975,pos,0 days 01:06:25.671000,0 days 02:04:41.183000
2024-07-07 15:09:38.432,OnTrack,-800,-920,1976,pos,0 days 01:06:25.891000,0 days 02:04:41.403000
2024-07-07 15:09:38.792,OnTrack,-874,-913,1976,pos,0 days 01:06:26.251000,0 days 02:04:41.763000
2024-07-07 15:09:38.992,OnTrack,-936,-913,1976,pos,0 days 01:06:26.451000,0 days 02:04:41.963000
2024-07-07 15:09:39.252,OnTrack,-1007,-926,1978,pos,0 days 01:06:26.711000,0 days 02:04:42.223000
2024-07-07 15:09:39.493,OnTrack,-1106,-971,1979,pos,0 days 01:06:26.952000,0 days 02:04:42.464000
2024-07-07 15:09:39.832,OnTrack,-1156,-1006,1979,pos,0 days 01:06:27.291000,0 days 02:04:42.803000
2024-07-07 15:09:40.013,OnTrack,-1201,-1041,1980,pos,0 days 01:06:27.472000,0 days 02:04:42.984000
2024-07-07 15:09:40.172,OnTrack,-1242,-1074,1981,pos,0 days 01:06:27.631000,0 days 02:04:43.143000
2024-07-07 15:09:40.552,OnTrack,-1347,-1140,1981,pos,0 days 01:06:28.011000,0 days 02:04:43.523000
2024-07-07 15:09:40.731,OnTrack,-1401,-1161,1981,pos,0 days 01:06:28.190000,0 days 02:04:43.702000
2024-07-07 15:09:40.832,OnTrack,-1433,-1168,1981,pos,0 days 01:06:28.291000,0 days 02:04:43.803000
2024-07-07 15:09:41.192,OnTrack,-1549,-1167,1980,pos,0 days 01:06:28.651000,0 days 02:04:44.163000
2024-07-07 15:09:41.392,OnTrack,-1655,-1139,1979,pos,0 days 01:06:28.851000,0 days 02:04:44.363000
2024-07-07 15:09:41.712,OnTrack,-1758,-1095,1978,pos,0 days 01:06:29.171000,0 days 02:04:44.683000
2024-07-07 15:09:42.151,OnTrack,-1856,-1032,1977,pos,0 days 01:06:29.610000,0 days 02:04:45.122000
2024-07-07 15:09:42.391,OnTrack,-1924,-971,1976,pos,0 days 01:06:29.850000,0 days 02:04:45.362000
2024-07-07 15:09:42.552,OnTrack,-2003,-878,1975,pos,0 days 01:06:30.011000,0 days 02:04:45.523000
2024-07-07 15:09:43.032,OnTrack,-2096,-759,1974,pos,0 days 01:06:30.491000,0 days 02:04:46.003000
2024-07-07 15:09:43.132,OnTrack,-2123,-721,1974,pos,0 days 01:06:30.591000,0 days 02:04:46.103000
2024-07-07 15:09:43.332,OnTrack,-2171,-638,1974,pos,0 days 01:06:30.791000,0 days 02:04:46.303000
2024-07-07 15:09:43.592,OnTrack,-2225,-518,1974,pos,0 days 01:06:31.051000,0 days 02:04:46.563000
2024-07-07 15:09:43.752,OnTrack,-2253,-438,1973,pos,0 days 01:06:31.211000,0 days 02:04:46.723000
2024-07-07 15:09:43.952,OnTrack,-2281,-333,1971,pos,0 days 01:06:31.411000,0 days 02:04:46.923000
2024-07-07 15:09:44.212,OnTrack,-2305,-187,1969,pos,0 days 01:06:31.671000,0 days 02:04:47.183000
2024-07-07 15:09:44.432,OnTrack,-2314,-58,1968,pos,0 days 01:06:31.891000,0 days 02:04:47.403000
2024-07-07 15:09:44.613,OnTrack,-2307,121,1966,pos,0 days 01:06:32.072000,0 days 02:04:47.584000
2024-07-07 15:09:45.052,OnTrack,-2274,315,1964,pos,0 days 01:06:32.511000,0 days 02:04:48.023000
2024-07-07 15:09:45.132,OnTrack,-2262,363,1964,pos,0 days 01:06:32.591000,0 days 02:04:48.103000
2024-07-07 15:09:45.392,OnTrack,-2207,517,1963,pos,0 days 01:06:32.851000,0 days 02:04:48.363000
2024-07-07 15:09:45.572,OnTrack,-2156,620,1962,pos,0 days 01:06:33.031000,0 days 02:04:48.543000
2024-07-07 15:09:45.832,OnTrack,-2073,766,1962,pos,0 days 01:06:33.291000,0 days 02:04:48.803000
2024-07-07 15:09:46.053,OnTrack,-1977,907,1962,pos,0 days 01:06:33.512000,0 days 02:04:49.024000
2024-07-07 15:09:46.212,OnTrack,-1915,992,1963,pos,0 days 01:06:33.671000,0 days 02:04:49.183000
2024-07-07 15:09:46.472,OnTrack,-1809,1138,1963,pos,0 days 01:06:33.931000,0 days 02:04:49.443000
2024-07-07 15:09:46.652,OnTrack,-1739,1233,1963,pos,0 days 01:06:34.111000,0 days 02:04:49.623000
2024-07-07 15:09:46.913,OnTrack,-1635,1368,1964,pos,0 days 01:06:34.372000,0 days 02:04:49.884000
2024-07-07 15:09:47.072,OnTrack,-1570,1450,1965,pos,0 days 01:06:34.531000,0 days 02:04:50.043000
2024-07-07 15:09:47.251,OnTrack,-1496,1542,1966,pos,0 days 01:06:34.710000,0 days 02:04:50.222000
2024-07-07 15:09:47.432,OnTrack,-1423,1635,1966,pos,0 days 01:06:34.891000,0 days 02:04:50.403000
2024-07-07 15:09:47.612,OnTrack,-1351,1729,1968,pos,0 days 01:06:35.071000,0 days 02:04:50.583000
2024-07-07 15:09:47.952,OnTrack,-1219,1910,1970,pos,0 days 01:06:35.411000,0 days 02:04:50.923000
2024-07-07 15:09:48.152,OnTrack,-1145,2011,1971,pos,0 days 01:06:35.611000,0 days 02:04:51.123000
2024-07-07 15:09:48.272,OnTrack,-1040,2155,1973,pos,0 days 01:06:35.731000,0 days 02:04:51.243000
2024-07-07 15:09:48.612,OnTrack,-963,2261,1974,pos,0 days 01:06:36.071000,0 days 02:04:51.583000
2024-07-07 15:09:48.951,OnTrack,-818,2460,1978,pos,0 days 01:06:36.410000,0 days 02:04:51.922000
2024-07-07 15:09:49.312,OnTrack,-698,2626,1981,pos,0 days 01:06:36.771000,0 days 02:04:52.283000
2024-07-07 15:09:49.491,OnTrack,-632,2719,1982,pos,0 days 01:06:36.950000,0 days 02:04:52.462000
2024-07-07 15:09:49.792,OnTrack,-525,2875,1985,pos,0 days 01:06:37.251000,0 days 02:04:52.763000
2024-07-07 15:09:49.992,OnTrack,-447,2989,1987,pos,0 days 01:06:37.451000,0 days 02:04:52.963000
2024-07-07 15:09:50.372,OnTrack,-293,3221,1991,pos,0 days 01:06:37.831000,0 days 02:04:53.343000
2024-07-07 15:09:50.652,OnTrack,-221,3330,1993,pos,0 days 01:06:38.111000,0 days 02:04:53.623000
2024-07-07 15:09:50.932,OnTrack,-115,3483,1995,pos,0 days 01:06:38.391000,0 days 02:04:53.903000
2024-07-07 15:09:51.173,OnTrack,-23,3610,1997,pos,0 days 01:06:38.632000,0 days 02:04:54.144000
2024-07-07 15:09:51.413,OnTrack,80,3748,2000,pos,0 days 01:06:38.872000,0 days 02:04:54.384000
2024-07-07 15:09:51.652,OnTrack,204,3902,2004,pos,0 days 01:06:39.111000,0 days 02:04:54.623000
2024-07-07 15:09:51.892,OnTrack,298,4010,2007,pos,0 days 01:06:39.351000,0 days 02:04:54.863000
2024-07-07 15:09:52.112,OnTrack,408,4124,2010,pos,0 days 01:06:39.571000,0 days 02:04:55.083000
2024-07-07 15:09:52.492,OnTrack,618,4298,2012,pos,0 days 01:06:39.951000,0 days 02:04:55.463000
2024-07-07 15:09:52.652,OnTrack,716,4357,2012,pos,0 days 01:06:40.111000,0 days 02:04:55.623000
2024-07-07 15:09:52.892,OnTrack,957,4457,2014,pos,0 days 01:06:40.351000,0 days 02:04:55.863000
2024-07-07 15:09:53.153,OnTrack,1058,4482,2015,pos,0 days 01:06:40.612000,0 days 02:04:56.124000
2024-07-07 15:09:53.413,OnTrack,1249,4511,2016,pos,0 days 01:06:40.872000,0 days 02:04:56.384000
2024-07-07 15:09:53.632,OnTrack,1415,4520,2018,pos,0 days 01:06:41.091000,0 days 02:04:56.603000
2024-07-07 15:09:53.892,OnTrack,1656,4514,2021,pos,0 days 01:06:41.351000,0 days 02:04:56.863000
2024-07-07 15:09:54.232,OnTrack,1868,4493,2024,pos,0 days 01:06:41.691000,0 days 02:04:57.203000
2024-07-07 15:09:54.452,OnTrack,2034,4469,2026,pos,0 days 01:06:41.911000,0 days 02:04:57.423000
2024-07-07 15:09:54.712,OnTrack,2325,4441,2028,pos,0 days 01:06:42.171000,0 days 02:04:57.683000
2024-07-07 15:09:54.972,OnTrack,2434,4439,2029,pos,0 days 01:06:42.431000,0 days 02:04:57.943000
2024-07-07 15:09:55.232,OnTrack,2743,4457,2034,pos,0 days 01:06:42.691000,0 days 02:04:58.203000
2024-07-07 15:09:55.672,OnTrack,2996,4517,2038,pos,0 days 01:06:43.131000,0 days 02:04:58.643000
2024-07-07 15:09:55.892,OnTrack,3157,4579,2040,pos,0 days 01:06:43.351000,0 days 02:04:58.863000
2024-07-07 15:09:56.112,OnTrack,3351,4682,2044,pos,0 days 01:06:43.571000,0 days 02:04:59.083000
2024-07-07 15:09:56.472,OnTrack,3543,4819,2047,pos,0 days 01:06:43.931000,0 days 02:04:59.443000
2024-07-07 15:09:56.772,OnTrack,3719,4974,2049,pos,0 days 01:06:44.231000,0 days 02:04:59.743000
2024-07-07 15:09:56.932,OnTrack,3852,5107,2050,pos,0 days 01:06:44.391000,0 days 02:04:59.903000
2024-07-07 15:09:57.252,OnTrack,3984,5239,2050,pos,0 days 01:06:44.711000,0 days 02:05:00.223000
2024-07-07 15:09:57.472,OnTrack,4104,5355,2051,pos,0 days 01:06:44.931000,0 days 02:05:00.443000
2024-07-07 15:09:57.673,OnTrack,4209,5453,2052,pos,0 days 01:06:45.132000,0 days 02:05:00.644000
2024-07-07 15:09:57.953,OnTrack,4386,5610,2054,pos,0 days 01:06:45.412000,0 days 02:05:00.924000
2024-07-07 15:09:58.372,OnTrack,4514,5717,2054,pos,0 days 01:06:45.831000,0 days 02:05:01.343000
2024-07-07 15:09:58.612,OnTrack,4644,5816,2055,pos,0 days 01:06:46.071000,0 days 02:05:01.583000
2024-07-07 15:09:59.012,OnTrack,4739,5868,2055,pos,0 days 01:06:46.471000,0 days 02:05:01.983000
2024-07-07 15:09:59.212,OnTrack,4846,5897,2054,pos,0 days 01:06:46.671000,0 days 02:05:02.183000
2024-07-07 15:09:59.532,OnTrack,4921,5901,2053,pos,0 days 01:06:46.991000,0 days 02:05:02.503000
2024-07-07 15:09:59.732,OnTrack,4988,5895,2053,pos,0 days 01:06:47.191000,0 days 02:05:02.703000
2024-07-07 15:10:00.052,OnTrack,5118,5855,2054,pos,0 days 01:06:47.511000,0 days 02:05:03.023000
2024-07-07 15:10:00.351,OnTrack,5165,5827,2055,pos,0 days 01:06:47.810000,0 days 02:05:03.322000
2024-07-07 15:10:00.611,OnTrack,5246,5756,2057,pos,0 days 01:06:48.070000,0 days 02:05:03.582000
2024-07-07 15:10:01.032,OnTrack,5302,5678,2059,pos,0 days 01:06:48.491000,0 days 02:05:04.003000
2024-07-07 15:10:01.252,OnTrack,5331,5616,2059,pos,0 days 01:06:48.711000,0 days 02:05:04.223000
2024-07-07 15:10:01.451,OnTrack,5351,5555,2059,pos,0 days 01:06:48.910000,0 days 02:05:04.422000
2024-07-07 15:10:01.691,OnTrack,5376,5437,2060,pos,0 days 01:06:49.150000,0 days 02:05:04.662000
2024-07-07 15:10:02.011,OnTrack,5385,5366,2061,pos,0 days 01:06:49.470000,0 days 02:05:04.982000
2024-07-07 15:10:02.172,OnTrack,5390,5308,2062,pos,0 days 01:06:49.631000,0 days 02:05:05.143000
2024-07-07 15:10:02.531,OnTrack,5404,5171,2064,pos,0 days 01:06:49.990000,0 days 02:05:05.502000
2024-07-07 15:10:02.732,OnTrack,5422,5084,2065,pos,0 days 01:06:50.191000,0 days 02:05:05.703000
2024-07-07 15:10:03.032,OnTrack,5452,5000,2066,pos,0 days 01:06:50.491000,0 days 02:05:06.003000
2024-07-07 15:10:03.232,OnTrack,5481,4947,2066,pos,0 days 01:06:50.691000,0 days 02:05:06.203000
2024-07-07 15:10:03.392,OnTrack,5510,4903,2066,pos,0 days 01:06:50.851000,0 days 02:05:06.363000
2024-07-07 15:10:03.732,OnTrack,5604,4805,2065,pos,0 days 01:06:51.191000,0 days 02:05:06.703000
2024-07-07 15:10:04.072,OnTrack,5647,4774,2064,pos,0 days 01:06:51.531000,0 days 02:05:07.043000
2024-07-07 15:10:04.332,OnTrack,5706,4743,2064,pos,0 days 01:06:51.791000,0 days 02:05:07.303000
2024-07-07 15:10:04.552,OnTrack,5758,4730,2065,pos,0 days 01:06:52.011000,0 days 02:05:07.523000
2024-07-07 15:10:04.732,OnTrack,5800,4731,2064,pos,0 days 01:06:52.191000,0 days 02:05:07.703000
2024-07-07 15:10:04.972,OnTrack,5855,4749,2064,pos,0 days 01:06:52.431000,0 days 02:05:07.943000
2024-07-07 15:10:05.212,OnTrack,5905,4781,2063,pos,0 days 01:06:52.671000,0 days 02:05:08.183000
2024-07-07 15:10:05.372,OnTrack,5934,4805,2064,pos,0 days 01:06:52.831000,0 days 02:05:08.343000
2024-07-07 15:10:05.552,OnTrack,5990,4861,2064,pos,0 days 01:06:53.011000,0 days 02:05:08.523000
2024-07-07 15:10:05.893,OnTrack,6027,4907,2064,pos,0 days 01:06:53.352000,0 days 02:05:08.864000
2024-07-07 15:10:06.092,OnTrack,6060,4952,2065,pos,0 days 01:06:53.551000,0 days 02:05:09.063000
2024-07-07 15:10:06.352,OnTrack,6102,5018,2065,pos,0 days 01:06:53.811000,0 days 02:05:09.323000
2024-07-07 15:10:06.552,OnTrack,6132,5075,2065,pos,0 days 01:06:54.011000,0 days 02:05:09.523000
2024-07-07 15:10:06.772,OnTrack,6183,5190,2065,pos,0 days 01:06:54.231000,0 days 02:05:09.743000
2024-07-07 15:10:07.091,OnTrack,6207,5255,2065,pos,0 days 01:06:54.550000,0 days 02:05:10.062000
2024-07-07 15:10:07.451,OnTrack,6250,5394,2064,pos,0 days 01:06:54.910000,0 days 02:05:10.422000
2024-07-07 15:10:07.532,OnTrack,6259,5428,2064,pos,0 days 01:06:54.991000,0 days 02:05:10.503000
2024-07-07 15:10:07.731,OnTrack,6283,5522,2065,pos,0 days 01:06:55.190000,0 days 02:05:10.702000
2024-07-07 15:10:08.072,OnTrack,6314,5687,2065,pos,0 days 01:06:55.531000,0 days 02:05:11.043000
2024-07-07 15:10:08.292,OnTrack,6332,5885,2064,pos,0 days 01:06:55.751000,0 days 02:05:11.263000
2024-07-07 15:10:08.531,OnTrack,6331,5984,2064,pos,0 days 01:06:55.990000,0 days 02:05:11.502000
2024-07-07 15:10:08.811,OnTrack,6316,6141,2063,pos,0 days 01:06:56.270000,0 days 02:05:11.782000
2024-07-07 15:10:09.112,OnTrack,6279,6328,2063,pos,0 days 01:06:56.571000,0 days 02:05:12.083000
2024-07-07 15:10:09.392,OnTrack,6229,6479,2062,pos,0 days 01:06:56.851000,0 days 02:05:12.363000
2024-07-07 15:10:09.692,OnTrack,6148,6651,2063,pos,0 days 01:06:57.151000,0 days 02:05:12.663000
2024-07-07 15:10:09.872,OnTrack,6045,6817,2063,pos,0 days 01:06:57.331000,0 days 02:05:12.843000
2024-07-07 15:10:10.312,OnTrack,5913,6983,2064,pos,0 days 01:06:57.771000,0 days 02:05:13.283000
2024-07-07 15:10:10.372,OnTrack,5885,7013,2064,pos,0 days 01:06:57.831000,0 days 02:05:13.343000
2024-07-07 15:10:10.612,OnTrack,5774,7122,2064,pos,0 days 01:06:58.071000,0 days 02:05:13.583000
2024-07-07 15:10:10.932,OnTrack,5553,7305,2064,pos,0 days 01:06:58.391000,0 days 02:05:13.903000
2024-07-07 15:10:11.252,OnTrack,5416,7410,2064,pos,0 days 01:06:58.711000,0 days 02:05:14.223000
2024-07-07 15:10:11.472,OnTrack,5290,7507,2064,pos,0 days 01:06:58.931000,0 days 02:05:14.443000
2024-07-07 15:10:11.692,OnTrack,5169,7604,2064,pos,0 days 01:06:59.151000,0 days 02:05:14.663000
2024-07-07 15:10:11.932,OnTrack,5025,7723,2064,pos,0 days 01:06:59.391000,0 days 02:05:14.903000
2024-07-07 15:10:12.133,OnTrack,4917,7813,2064,pos,0 days 01:06:59.592000,0 days 02:05:15.104000
2024-07-07 15:10:12.352,OnTrack,4789,7923,2064,pos,0 days 01:06:59.811000,0 days 02:05:15.323000
2024-07-07 15:10:12.552,OnTrack,4677,8018,2065,pos,0 days 01:07:00.011000,0 days 02:05:15.523000
2024-07-07 15:10:12.733,OnTrack,4505,8166,2064,pos,0 days 01:07:00.192000,0 days 02:05:15.704000
2024-07-07 15:10:13.172,OnTrack,4301,8341,2064,pos,0 days 01:07:00.631000,0 days 02:05:16.143000
2024-07-07 15:10:13.391,OnTrack,4167,8456,2064,pos,0 days 01:07:00.850000,0 days 02:05:16.362000
2024-07-07 15:10:13.572,OnTrack,4056,8551,2063,pos,0 days 01:07:01.031000,0 days 02:05:16.543000
2024-07-07 15:10:13.631,OnTrack,4019,8582,2064,pos,0 days 01:07:01.090000,0 days 02:05:16.602000
2024-07-07 15:10:14.012,OnTrack,3785,8786,2063,pos,0 days 01:07:01.471000,0 days 02:05:16.983000
2024-07-07 15:10:14.211,OnTrack,3598,8950,2063,pos,0 days 01:07:01.670000,0 days 02:05:17.182000
2024-07-07 15:10:14.632,OnTrack,3404,9121,2064,pos,0 days 01:07:02.091000,0 days 02:05:17.603000
2024-07-07 15:10:14.732,OnTrack,3334,9182,2063,pos,0 days 01:07:02.191000,0 days 02:05:17.703000
2024-07-07 15:10:14.932,OnTrack,3207,9294,2064,pos,0 days 01:07:02.391000,0 days 02:05:17.903000
2024-07-07 15:10:15.212,OnTrack,3028,9450,2063,pos,0 days 01:07:02.671000,0 days 02:05:18.183000
2024-07-07 15:10:15.472,OnTrack,2861,9596,2061,pos,0 days 01:07:02.931000,0 days 02:05:18.443000
2024-07-07 15:10:15.591,OnTrack,2783,9663,2060,pos,0 days 01:07:03.050000,0 days 02:05:18.562000
2024-07-07 15:10:15.891,OnTrack,2589,9832,2059,pos,0 days 01:07:03.350000,0 days 02:05:18.862000
2024-07-07 15:10:16.072,OnTrack,2473,9934,2057,pos,0 days 01:07:03.531000,0 days 02:05:19.043000
2024-07-07 15:10:16.272,OnTrack,2343,10048,2055,pos,0 days 01:07:03.731000,0 days 02:05:19.243000
2024-07-07 15:10:16.452,OnTrack,2228,10151,2053,pos,0 days 01:07:03.911000,0 days 02:05:19.423000
2024-07-07 15:10:16.612,OnTrack,2126,10243,2051,pos,0 days 01:07:04.071000,0 days 02:05:19.583000
2024-07-07 15:10:16.872,OnTrack,1967,10385,2049,pos,0 days 01:07:04.331000,0 days 02:05:19.843000
2024-07-07 15:10:17.032,OnTrack,1861,10479,2047,pos,0 days 01:07:04.491000,0 days 02:05:20.003000
2024-07-07 15:10:17.293,OnTrack,1705,10610,2045,pos,0 days 01:07:04.752000,0 days 02:05:20.264000
2024-07-07 15:10:17.553,OnTrack,1555,10725,2043,pos,0 days 01:07:05.012000,0 days 02:05:20.524000
2024-07-07 15:10:17.952,OnTrack,1279,10876,2038,pos,0 days 01:07:05.411000,0 days 02:05:20.923000
2024-07-07 15:10:18.332,OnTrack,1143,10922,2036,pos,0 days 01:07:05.791000,0 days 02:05:21.303000
2024-07-07 15:10:18.512,OnTrack,1055,10940,2036,pos,0 days 01:07:05.971000,0 days 02:05:21.483000
2024-07-07 15:10:18.673,OnTrack,976,10948,2035,pos,0 days 01:07:06.132000,0 days 02:05:21.644000
2024-07-07 15:10:18.852,OnTrack,885,10949,2034,pos,0 days 01:07:06.311000,0 days 02:05:21.823000
2024-07-07 15:10:19.173,OnTrack,696,10934,2033,pos,0 days 01:07:06.632000,0 days 02:05:22.144000
2024-07-07 15:10:19.493,OnTrack,604,10904,2032,pos,0 days 01:07:06.952000,0 days 02:05:22.464000
2024-07-07 15:10:19.813,OnTrack,466,10832,2032,pos,0 days 01:07:07.272000,0 days 02:05:22.784000
2024-07-07 15:10:20.072,OnTrack,399,10774,2032,pos,0 days 01:07:07.531000,0 days 02:05:23.043000
2024-07-07 15:10:20.272,OnTrack,349,10712,2032,pos,0 days 01:07:07.731000,0 days 02:05:23.243000
2024-07-07 15:10:20.451,OnTrack,306,10644,2032,pos,0 days 01:07:07.910000,0 days 02:05:23.422000
2024-07-07 15:10:20.771,OnTrack,248,10525,2033,pos,0 days 01:07:08.230000,0 days 02:05:23.742000
2024-07-07 15:10:20.972,OnTrack,220,10449,2033,pos,0 days 01:07:08.431000,0 days 02:05:23.943000
2024-07-07 15:10:21.252,OnTrack,198,10315,2033,pos,0 days 01:07:08.711000,0 days 02:05:24.223000
2024-07-07 15:10:21.512,OnTrack,191,10218,2034,pos,0 days 01:07:08.971000,0 days 02:05:24.483000
2024-07-07 15:10:21.732,OnTrack,186,10123,2034,pos,0 days 01:07:09.191000,0 days 02:05:24.703000
2024-07-07 15:10:21.992,OnTrack,179,9996,2035,pos,0 days 01:07:09.451000,0 days 02:05:24.963000
2024-07-07 15:10:22.151,OnTrack,171,9922,2035,pos,0 days 01:07:09.610000,0 days 02:05:25.122000
2024-07-07 15:10:22.432,OnTrack,124,9756,2037,pos,0 days 01:07:09.891000,0 days 02:05:25.403000
2024-07-07 15:10:22.892,OnTrack,26,9610,2039,pos,0 days 01:07:10.351000,0 days 02:05:25.863000
2024-07-07 15:10:23.152,OnTrack,-23,9562,2040,pos,0 days 01:07:10.611000,0 days 02:05:26.123000
2024-07-07 15:10:23.352,OnTrack,-84,9518,2040,pos,0 days 01:07:10.811000,0 days 02:05:26.323000
2024-07-07 15:10:23.712,OnTrack,-201,9461,2041,pos,0 days 01:07:11.171000,0 days 02:05:26.683000
2024-07-07 15:10:23.792,OnTrack,-227,9453,2041,pos,0 days 01:07:11.251000,0 days 02:05:26.763000
2024-07-07 15:10:24.032,OnTrack,-308,9441,2041,pos,0 days 01:07:11.491000,0 days 02:05:27.003000
2024-07-07 15:10:24.252,OnTrack,-380,9444,2041,pos,0 days 01:07:11.711000,0 days 02:05:27.223000
2024-07-07 15:10:24.532,OnTrack,-477,9477,2039,pos,0 days 01:07:11.991000,0 days 02:05:27.503000
2024-07-07 15:10:24.792,OnTrack,-537,9514,2038,pos,0 days 01:07:12.251000,0 days 02:05:27.763000
2024-07-07 15:10:24.992,OnTrack,-587,9557,2038,pos,0 days 01:07:12.451000,0 days 02:05:27.963000
2024-07-07 15:10:25.233,OnTrack,-638,9614,2036,pos,0 days 01:07:12.692000,0 days 02:05:28.204000
2024-07-07 15:10:25.552,OnTrack,-703,9721,2035,pos,0 days 01:07:13.011000,0 days 02:05:28.523000
2024-07-07 15:10:25.793,OnTrack,-733,9793,2033,pos,0 days 01:07:13.252000,0 days 02:05:28.764000
2024-07-07 15:10:26.172,OnTrack,-769,9938,2032,pos,0 days 01:07:13.631000,0 days 02:05:29.143000
2024-07-07 15:10:26.392,OnTrack,-776,10093,2031,pos,0 days 01:07:13.851000,0 days 02:05:29.363000
2024-07-07 15:10:26.671,OnTrack,-772,10152,2031,pos,0 days 01:07:14.130000,0 days 02:05:29.642000
2024-07-07 15:10:26.852,OnTrack,-762,10241,2031,pos,0 days 01:07:14.311000,0 days 02:05:29.823000
2024-07-07 15:10:27.152,OnTrack,-732,10388,2030,pos,0 days 01:07:14.611000,0 days 02:05:30.123000
2024-07-07 15:10:27.392,OnTrack,-692,10523,2028,pos,0 days 01:07:14.851000,0 days 02:05:30.363000
2024-07-07 15:10:27.591,OnTrack,-641,10657,2026,pos,0 days 01:07:15.050000,0 days 02:05:30.562000
2024-07-07 15:10:27.972,OnTrack,-567,10823,2023,pos,0 days 01:07:15.431000,0 days 02:05:30.943000
2024-07-07 15:10:28.212,OnTrack,-488,10977,2022,pos,0 days 01:07:15.671000,0 days 02:05:31.183000
2024-07-07 15:10:28.552,OnTrack,-402,11136,2021,pos,0 days 01:07:16.011000,0 days 02:05:31.523000
2024-07-07 15:10:28.692,OnTrack,-358,11214,2021,pos,0 days 01:07:16.151000,0 days 02:05:31.663000
2024-07-07 15:10:28.972,OnTrack,-262,11368,2021,pos,0 days 01:07:16.431000,0 days 02:05:31.943000
2024-07-07 15:10:29.172,OnTrack,-185,11477,2021,pos,0 days 01:07:16.631000,0 days 02:05:32.143000
2024-07-07 15:10:29.452,OnTrack,-69,11628,2021,pos,0 days 01:07:16.911000,0 days 02:05:32.423000
2024-07-07 15:10:29.612,OnTrack,1,11712,2021,pos,0 days 01:07:17.071000,0 days 02:05:32.583000
2024-07-07 15:10:29.732,OnTrack,57,11773,2021,pos,0 days 01:07:17.191000,0 days 02:05:32.703000
2024-07-07 15:10:29.912,OnTrack,145,11865,2022,pos,0 days 01:07:17.371000,0 days 02:05:32.883000
2024-07-07 15:10:30.092,OnTrack,237,11954,2024,pos,0 days 01:07:17.551000,0 days 02:05:33.063000
2024-07-07 15:10:30.333,OnTrack,365,12070,2024,pos,0 days 01:07:17.792000,0 days 02:05:33.304000
2024-07-07 15:10:30.613,OnTrack,524,12198,2024,pos,0 days 01:07:18.072000,0 days 02:05:33.584000
2024-07-07 15:10:30.732,OnTrack,595,12250,2024,pos,0 days 01:07:18.191000,0 days 02:05:33.703000
2024-07-07 15:10:30.992,OnTrack,756,12356,2024,pos,0 days 01:07:18.451000,0 days 02:05:33.963000
2024-07-07 15:10:31.232,OnTrack,915,12440,2025,pos,0 days 01:07:18.691000,0 days 02:05:34.203000
2024-07-07 15:10:31.392,OnTrack,1124,12532,2025,pos,0 days 01:07:18.851000,0 days 02:05:34.363000
2024-07-07 15:10:31.892,OnTrack,1386,12623,2025,pos,0 days 01:07:19.351000,0 days 02:05:34.863000
2024-07-07 15:10:32.053,OnTrack,1505,12657,2025,pos,0 days 01:07:19.512000,0 days 02:05:35.024000
2024-07-07 15:10:32.212,OnTrack,1718,12709,2026,pos,0 days 01:07:19.671000,0 days 02:05:35.183000
2024-07-07 15:10:32.632,OnTrack,1951,12753,2028,pos,0 days 01:07:20.091000,0 days 02:05:35.603000
2024-07-07 15:10:32.813,OnTrack,2099,12775,2029,pos,0 days 01:07:20.272000,0 days 02:05:35.784000
2024-07-07 15:10:33.112,OnTrack,2393,12810,2030,pos,0 days 01:07:20.571000,0 days 02:05:36.083000
2024-07-07 15:10:33.472,OnTrack,2715,12844,2033,pos,0 days 01:07:20.931000,0 days 02:05:36.443000
2024-07-07 15:10:33.791,OnTrack,2894,12862,2035,pos,0 days 01:07:21.250000,0 days 02:05:36.762000
2024-07-07 15:10:34.032,OnTrack,3082,12881,2037,pos,0 days 01:07:21.491000,0 days 02:05:37.003000
2024-07-07 15:10:34.192,OnTrack,3221,12896,2038,pos,0 days 01:07:21.651000,0 days 02:05:37.163000
2024-07-07 15:10:34.532,OnTrack,3558,12933,2040,pos,0 days 01:07:21.991000,0 days 02:05:37.503000
2024-07-07 15:10:34.911,OnTrack,3814,12961,2042,pos,0 days 01:07:22.370000,0 days 02:05:37.882000
2024-07-07 15:10:35.092,OnTrack,4078,12992,2043,pos,0 days 01:07:22.551000,0 days 02:05:38.063000
2024-07-07 15:10:35.532,OnTrack,4374,13030,2045,pos,0 days 01:07:22.991000,0 days 02:05:38.503000
2024-07-07 15:10:35.932,OnTrack,4651,13067,2047,pos,0 days 01:07:23.391000,0 days 02:05:38.903000
2024-07-07 15:10:36.152,OnTrack,4822,13087,2048,pos,0 days 01:07:23.611000,0 days 02:05:39.123000
2024-07-07 15:10:36.372,OnTrack,5009,13105,2048,pos,0 days 01:07:23.831000,0 days 02:05:39.343000
2024-07-07 15:10:36.552,OnTrack,5153,13114,2049,pos,0 days 01:07:24.011000,0 days 02:05:39.523000
2024-07-07 15:10:36.812,OnTrack,5342,13109,2050,pos,0 days 01:07:24.271000,0 days 02:05:39.783000
2024-07-07 15:10:36.972,OnTrack,5568,13069,2051,pos,0 days 01:07:24.431000,0 days 02:05:39.943000
2024-07-07 15:10:37.332,OnTrack,5725,13020,2052,pos,0 days 01:07:24.791000,0 days 02:05:40.303000
2024-07-07 15:10:37.552,OnTrack,5960,12901,2053,pos,0 days 01:07:25.011000,0 days 02:05:40.523000
2024-07-07 15:10:37.993,OnTrack,6138,12771,2055,pos,0 days 01:07:25.452000,0 days 02:05:40.964000
2024-07-07 15:10:38.212,OnTrack,6311,12596,2056,pos,0 days 01:07:25.671000,0 days 02:05:41.183000
2024-07-07 15:10:38.672,OnTrack,6444,12391,2057,pos,0 days 01:07:26.131000,0 days 02:05:41.643000
2024-07-07 15:10:38.892,OnTrack,6519,12235,2058,pos,0 days 01:07:26.351000,0 days 02:05:41.863000
2024-07-07 15:10:39.053,OnTrack,6591,12053,2059,pos,0 days 01:07:26.512000,0 days 02:05:42.024000
2024-07-07 15:10:39.393,OnTrack,6673,11793,2061,pos,0 days 01:07:26.852000,0 days 02:05:42.364000
2024-07-07 15:10:39.912,OnTrack,6749,11495,2063,pos,0 days 01:07:27.371000,0 days 02:05:42.883000
2024-07-07 15:10:39.972,OnTrack,6760,11450,2063,pos,0 days 01:07:27.431000,0 days 02:05:42.943000
2024-07-07 15:10:40.172,OnTrack,6794,11298,2065,pos,0 days 01:07:27.631000,0 days 02:05:43.143000
2024-07-07 15:10:40.472,OnTrack,6858,10960,2067,pos,0 days 01:07:27.931000,0 days 02:05:43.443000
2024-07-07 15:10:40.931,OnTrack,6896,10709,2069,pos,0 days 01:07:28.390000,0 days 02:05:43.902000
2024-07-07 15:10:41.052,OnTrack,6908,10614,2070,pos,0 days 01:07:28.511000,0 days 02:05:44.023000
2024-07-07 15:10:41.252,OnTrack,6936,10358,2072,pos,0 days 01:07:28.711000,0 days 02:05:44.223000
2024-07-07 15:10:41.751,OnTrack,6962,10052,2074,pos,0 days 01:07:29.210000,0 days 02:05:44.722000
2024-07-07 15:10:41.912,OnTrack,6970,9922,2074,pos,0 days 01:07:29.371000,0 days 02:05:44.883000
2024-07-07 15:10:42.092,OnTrack,6976,9775,2075,pos,0 days 01:07:29.551000,0 days 02:05:45.063000
2024-07-07 15:10:42.332,OnTrack,6982,9513,2075,pos,0 days 01:07:29.791000,0 days 02:05:45.303000
2024-07-07 15:10:42.592,OnTrack,6985,9366,2074,pos,0 days 01:07:30.051000,0 days 02:05:45.563000
2024-07-07 15:10:42.812,OnTrack,6992,9185,2074,pos,0 days 01:07:30.271000,0 days 02:05:45.783000
2024-07-07 15:10:43.112,OnTrack,7005,8953,2073,pos,0 days 01:07:30.571000,0 days 02:05:46.083000
2024-07-07 15:10:43.332,OnTrack,7025,8773,2071,pos,0 days 01:07:30.791000,0 days 02:05:46.303000
2024-07-07 15:10:43.512,OnTrack,7048,8625,2071,pos,0 days 01:07:30.971000,0 days 02:05:46.483000
2024-07-07 15:10:43.752,OnTrack,7088,8429,2070,pos,0 days 01:07:31.211000,0 days 02:05:46.723000
2024-07-07 15:10:43.953,OnTrack,7127,8267,2069,pos,0 days 01:07:31.412000,0 days 02:05:46.924000
2024-07-07 15:10:44.152,OnTrack,7192,8042,2066,pos,0 days 01:07:31.611000,0 days 02:05:47.123000
2024-07-07 15:10:44.592,OnTrack,7288,7766,2063,pos,0 days 01:07:32.051000,0 days 02:05:47.563000
2024-07-07 15:10:44.773,OnTrack,7348,7618,2061,pos,0 days 01:07:32.232000,0 days 02:05:47.744000
2024-07-07 15:10:44.952,OnTrack,7403,7480,2060,pos,0 days 01:07:32.411000,0 days 02:05:47.923000
2024-07-07 15:10:45.113,OnTrack,7448,7361,2059,pos,0 days 01:07:32.572000,0 days 02:05:48.084000
2024-07-07 15:10:45.272,OnTrack,7486,7244,2058,pos,0 days 01:07:32.731000,0 days 02:05:48.243000
2024-07-07 15:10:45.593,OnTrack,7534,7015,2058,pos,0 days 01:07:33.052000,0 days 02:05:48.564000
2024-07-07 15:10:45.853,OnTrack,7536,6828,2058,pos,0 days 01:07:33.312000,0 days 02:05:48.824000
2024-07-07 15:10:46.012,OnTrack,7523,6710,2058,pos,0 days 01:07:33.471000,0 days 02:05:48.983000
2024-07-07 15:10:46.173,OnTrack,7504,6593,2058,pos,0 days 01:07:33.632000,0 days 02:05:49.144000
2024-07-07 15:10:46.412,OnTrack,7448,6349,2060,pos,0 days 01:07:33.871000,0 days 02:05:49.383000
2024-07-07 15:10:46.831,OnTrack,7391,6121,2062,pos,0 days 01:07:34.290000,0 days 02:05:49.802000
2024-07-07 15:10:47.012,OnTrack,7362,5992,2062,pos,0 days 01:07:34.471000,0 days 02:05:49.983000
2024-07-07 15:10:47.111,OnTrack,7348,5920,2063,pos,0 days 01:07:34.570000,0 days 02:05:50.082000
2024-07-07 15:10:47.431,OnTrack,7320,5699,2063,pos,0 days 01:07:34.890000,0 days 02:05:50.402000
2024-07-07 15:10:47.691,OnTrack,7325,5477,2062,pos,0 days 01:07:35.150000,0 days 02:05:50.662000
2024-07-07 15:10:48.112,OnTrack,7376,5267,2061,pos,0 days 01:07:35.571000,0 days 02:05:51.083000
2024-07-07 15:10:48.251,OnTrack,7432,5137,2059,pos,0 days 01:07:35.710000,0 days 02:05:51.222000
2024-07-07 15:10:48.692,OnTrack,7545,4937,2056,pos,0 days 01:07:36.151000,0 days 02:05:51.663000
2024-07-07 15:10:48.912,OnTrack,7647,4765,2054,pos,0 days 01:07:36.371000,0 days 02:05:51.883000
2024-07-07 15:10:49.212,OnTrack,7701,4661,2052,pos,0 days 01:07:36.671000,0 days 02:05:52.183000
2024-07-07 15:10:49.412,OnTrack,7743,4556,2051,pos,0 days 01:07:36.871000,0 days 02:05:52.383000
2024-07-07 15:10:49.732,OnTrack,7789,4333,2048,pos,0 days 01:07:37.191000,0 days 02:05:52.703000
2024-07-07 15:10:50.012,OnTrack,7787,4237,2046,pos,0 days 01:07:37.471000,0 days 02:05:52.983000
2024-07-07 15:10:50.272,OnTrack,7764,4098,2044,pos,0 days 01:07:37.731000,0 days 02:05:53.243000
2024-07-07 15:10:50.432,OnTrack,7740,4015,2042,pos,0 days 01:07:37.891000,0 days 02:05:53.403000
2024-07-07 15:10:50.753,OnTrack,7643,3800,2040,pos,0 days 01:07:38.212000,0 days 02:05:53.724000
2024-07-07 15:10:51.053,OnTrack,7586,3711,2039,pos,0 days 01:07:38.512000,0 days 02:05:54.024000
2024-07-07 15:10:51.293,OnTrack,7499,3605,2037,pos,0 days 01:07:38.752000,0 days 02:05:54.264000
2024-07-07 15:10:51.613,OnTrack,7325,3463,2034,pos,0 days 01:07:39.072000,0 days 02:05:54.584000
2024-07-07 15:10:51.932,OnTrack,7128,3353,2032,pos,0 days 01:07:39.391000,0 days 02:05:54.903000
2024-07-07 15:10:52.272,OnTrack,6992,3281,2030,pos,0 days 01:07:39.731000,0 days 02:05:55.243000
2024-07-07 15:10:52.512,OnTrack,6864,3197,2029,pos,0 days 01:07:39.971000,0 days 02:05:55.483000
2024-07-07 15:10:52.713,OnTrack,6768,3116,2028,pos,0 days 01:07:40.172000,0 days 02:05:55.684000
2024-07-07 15:10:52.932,OnTrack,6661,3009,2028,pos,0 days 01:07:40.391000,0 days 02:05:55.903000
2024-07-07 15:10:53.151,OnTrack,6553,2893,2027,pos,0 days 01:07:40.610000,0 days 02:05:56.122000
2024-07-07 15:10:53.332,OnTrack,6476,2803,2027,pos,0 days 01:07:40.791000,0 days 02:05:56.303000
2024-07-07 15:10:53.512,OnTrack,6394,2696,2027,pos,0 days 01:07:40.971000,0 days 02:05:56.483000
2024-07-07 15:10:53.792,OnTrack,6237,2454,2026,pos,0 days 01:07:41.251000,0 days 02:05:56.763000
2024-07-07 15:10:54.231,OnTrack,6124,2250,2025,pos,0 days 01:07:41.690000,0 days 02:05:57.202000
2024-07-07 15:10:54.491,OnTrack,6017,2039,2025,pos,0 days 01:07:41.950000,0 days 02:05:57.462000
2024-07-07 15:10:54.752,OnTrack,5951,1905,2024,pos,0 days 01:07:42.211000,0 days 02:05:57.723000
2024-07-07 15:10:54.952,OnTrack,5885,1769,2024,pos,0 days 01:07:42.411000,0 days 02:05:57.923000
2024-07-07 15:10:55.331,OnTrack,5759,1507,2023,pos,0 days 01:07:42.790000,0 days 02:05:58.302000
2024-07-07 15:10:55.512,OnTrack,5679,1341,2021,pos,0 days 01:07:42.971000,0 days 02:05:58.483000
2024-07-07 15:10:55.952,OnTrack,5551,1073,2020,pos,0 days 01:07:43.411000,0 days 02:05:58.923000
2024-07-07 15:10:56.132,OnTrack,5492,950,2019,pos,0 days 01:07:43.591000,0 days 02:05:59.103000
2024-07-07 15:10:56.232,OnTrack,5459,879,2019,pos,0 days 01:07:43.691000,0 days 02:05:59.203000
2024-07-07 15:10:56.412,OnTrack,5397,751,2018,pos,0 days 01:07:43.871000,0 days 02:05:59.383000
2024-07-07 15:10:56.733,OnTrack,5259,464,2016,pos,0 days 01:07:44.192000,0 days 02:05:59.704000
2024-07-07 15:10:56.992,OnTrack,5196,334,2014,pos,0 days 01:07:44.451000,0 days 02:05:59.963000
2024-07-07 15:10:57.212,OnTrack,5119,176,2013,pos,0 days 01:07:44.671000,0 days 02:06:00.183000
2024-07-07 15:10:57.532,OnTrack,5007,-56,2012,pos,0 days 01:07:44.991000,0 days 02:06:00.503000
2024-07-07 15:10:57.752,OnTrack,4881,-319,2010,pos,0 days 01:07:45.211000,0 days 02:06:00.723000
2024-07-07 15:10:58.232,OnTrack,4761,-568,2008,pos,0 days 01:07:45.691000,0 days 02:06:01.203000
2024-07-07 15:10:58.292,OnTrack,4739,-613,2008,pos,0 days 01:07:45.751000,0 days 02:06:01.263000
2024-07-07 15:10:58.592,OnTrack,4611,-878,2007,pos,0 days 01:07:46.051000,0 days 02:06:01.563000
2024-07-07 15:10:58.933,OnTrack,4511,-1085,2005,pos,0 days 01:07:46.392000,0 days 02:06:01.904000
2024-07-07 15:10:59.172,OnTrack,4424,-1263,2003,pos,0 days 01:07:46.631000,0 days 02:06:02.143000
2024-07-07 15:10:59.452,OnTrack,4278,-1559,2000,pos,0 days 01:07:46.911000,0 days 02:06:02.423000
2024-07-07 15:10:59.752,OnTrack,4215,-1685,1998,pos,0 days 01:07:47.211000,0 days 02:06:02.723000
2024-07-07 15:11:00.032,OnTrack,4108,-1900,1995,pos,0 days 01:07:47.491000,0 days 02:06:03.003000
2024-07-07 15:11:00.251,OnTrack,4026,-2063,1994,pos,0 days 01:07:47.710000,0 days 02:06:03.222000
2024-07-07 15:11:00.471,OnTrack,3892,-2323,1994,pos,0 days 01:07:47.930000,0 days 02:06:03.442000
2024-07-07 15:11:00.771,OnTrack,3785,-2527,1994,pos,0 days 01:07:48.230000,0 days 02:06:03.742000
2024-07-07 15:11:01.252,OnTrack,3619,-2838,1998,pos,0 days 01:07:48.711000,0 days 02:06:04.223000
2024-07-07 15:11:01.512,OnTrack,3545,-2973,2000,pos,0 days 01:07:48.971000,0 days 02:06:04.483000
2024-07-07 15:11:01.772,OnTrack,3441,-3154,2004,pos,0 days 01:07:49.231000,0 days 02:06:04.743000
2024-07-07 15:11:01.992,OnTrack,3350,-3305,2007,pos,0 days 01:07:49.451000,0 days 02:06:04.963000
2024-07-07 15:11:02.192,OnTrack,3264,-3439,2010,pos,0 days 01:07:49.651000,0 days 02:06:05.163000
2024-07-07 15:11:02.392,OnTrack,3102,-3653,2015,pos,0 days 01:07:49.851000,0 days 02:06:05.363000
2024-07-07 15:11:02.752,OnTrack,2996,-3771,2018,pos,0 days 01:07:50.211000,0 days 02:06:05.723000
2024-07-07 15:11:03.132,OnTrack,2737,-3973,2023,pos,0 days 01:07:50.591000,0 days 02:06:06.103000
2024-07-07 15:11:03.492,OnTrack,2617,-4034,2026,pos,0 days 01:07:50.951000,0 days 02:06:06.463000
2024-07-07 15:11:03.672,OnTrack,2532,-4067,2026,pos,0 days 01:07:51.131000,0 days 02:06:06.643000
2024-07-07 15:11:03.912,OnTrack,2348,-4110,2030,pos,0 days 01:07:51.371000,0 days 02:06:06.883000
2024-07-07 15:11:04.272,OnTrack,2197,-4115,2031,pos,0 days 01:07:51.731000,0 days 02:06:07.243000
2024-07-07 15:11:04.572,OnTrack,2021,-4089,2033,pos,0 days 01:07:52.031000,0 days 02:06:07.543000
2024-07-07 15:11:04.732,OnTrack,1929,-4061,2033,pos,0 days 01:07:52.191000,0 days 02:06:07.703000
2024-07-07 15:11:05.012,OnTrack,1759,-3982,2033,pos,0 days 01:07:52.471000,0 days 02:06:07.983000
2024-07-07 15:11:05.273,OnTrack,1641,-3903,2032,pos,0 days 01:07:52.732000,0 days 02:06:08.244000
2024-07-07 15:11:05.453,OnTrack,1555,-3829,2031,pos,0 days 01:07:52.912000,0 days 02:06:08.424000
2024-07-07 15:11:05.692,OnTrack,1449,-3718,2030,pos,0 days 01:07:53.151000,0 days 02:06:08.663000
2024-07-07 15:11:05.892,OnTrack,1369,-3617,2029,pos,0 days 01:07:53.351000,0 days 02:06:08.863000
2024-07-07 15:11:06.171,OnTrack,1223,-3381,2024,pos,0 days 01:07:53.630000,0 days 02:06:09.142000
2024-07-07 15:11:06.592,OnTrack,1089,-3129,2015,pos,0 days 01:07:54.051000,0 days 02:06:09.563000
2024-07-07 15:11:06.991,OnTrack,1001,-2972,2009,pos,0 days 01:07:54.450000,0 days 02:06:09.962000
2024-07-07 15:11:07.232,OnTrack,911,-2830,2002,pos,0 days 01:07:54.691000,0 days 02:06:10.203000
2024-07-07 15:11:07.452,OnTrack,820,-2701,1996,pos,0 days 01:07:54.911000,0 days 02:06:10.423000
2024-07-07 15:11:07.612,OnTrack,752,-2607,1992,pos,0 days 01:07:55.071000,0 days 02:06:10.583000
2024-07-07 15:11:07.831,OnTrack,656,-2478,1988,pos,0 days 01:07:55.290000,0 days 02:06:10.802000
2024-07-07 15:11:08.052,OnTrack,560,-2348,1985,pos,0 days 01:07:55.511000,0 days 02:06:11.023000
2024-07-07 15:11:08.232,OnTrack,481,-2242,1984,pos,0 days 01:07:55.691000,0 days 02:06:11.203000
2024-07-07 15:11:08.472,OnTrack,379,-2106,1985,pos,0 days 01:07:55.931000,0 days 02:06:11.443000
2024-07-07 15:11:08.652,OnTrack,257,-1948,1986,pos,0 days 01:07:56.111000,0 days 02:06:11.623000
2024-07-07 15:11:08.952,OnTrack,155,-1822,1986,pos,0 days 01:07:56.411000,0 days 02:06:11.923000
2024-07-07 15:11:09.192,OnTrack,40,-1687,1986,pos,0 days 01:07:56.651000,0 days 02:06:12.163000
2024-07-07 15:11:09.492,OnTrack,-100,-1526,1985,pos,0 days 01:07:56.951000,0 days 02:06:12.463000
2024-07-07 15:11:09.612,OnTrack,-215,-1397,1984,pos,0 days 01:07:57.071000,0 days 02:06:12.583000
2024-07-07 15:11:09.952,OnTrack,-290,-1312,1982,pos,0 days 01:07:57.411000,0 days 02:06:12.923000
2024-07-07 15:11:10.353,OnTrack,-434,-1153,1979,pos,0 days 01:07:57.812000,0 days 02:06:13.324000
2024-07-07 15:11:10.712,OnTrack,-524,-1065,1977,pos,0 days 01:07:58.171000,0 days 02:06:13.683000
2024-07-07 15:11:10.872,OnTrack,-567,-1030,1977,pos,0 days 01:07:58.331000,0 days 02:06:13.843000
2024-07-07 15:11:11.032,OnTrack,-610,-1000,1976,pos,0 days 01:07:58.491000,0 days 02:06:14.003000
2024-07-07 15:11:11.272,OnTrack,-710,-947,1975,pos,0 days 01:07:58.731000,0 days 02:06:14.243000
2024-07-07 15:11:11.592,OnTrack,-764,-928,1976,pos,0 days 01:07:59.051000,0 days 02:06:14.563000
2024-07-07 15:11:11.812,OnTrack,-825,-916,1976,pos,0 days 01:07:59.271000,0 days 02:06:14.783000
2024-07-07 15:11:12.013,OnTrack,-883,-913,1976,pos,0 days 01:07:59.472000,0 days 02:06:14.984000
2024-07-07 15:11:12.313,OnTrack,-966,-917,1977,pos,0 days 01:07:59.772000,0 days 02:06:15.284000
2024-07-07 15:11:12.593,OnTrack,-1038,-937,1978,pos,0 days 01:08:00.052000,0 days 02:06:15.564000
2024-07-07 15:11:12.792,OnTrack,-1088,-961,1978,pos,0 days 01:08:00.251000,0 days 02:06:15.763000
2024-07-07 15:11:12.971,OnTrack,-1132,-989,1979,pos,0 days 01:08:00.430000,0 days 02:06:15.942000
2024-07-07 15:11:13.192,OnTrack,-1186,-1030,1980,pos,0 days 01:08:00.651000,0 days 02:06:16.163000
2024-07-07 15:11:13.432,OnTrack,-1273,-1096,1981,pos,0 days 01:08:00.891000,0 days 02:06:16.403000
2024-07-07 15:11:13.772,OnTrack,-1364,-1148,1981,pos,0 days 01:08:01.231000,0 days 02:06:16.743000
2024-07-07 15:11:14.192,OnTrack,-1507,-1172,1981,pos,0 days 01:08:01.651000,0 days 02:06:17.163000
2024-07-07 15:11:14.632,OnTrack,-1603,-1154,1980,pos,0 days 01:08:02.091000,0 days 02:06:17.603000
2024-07-07 15:11:14.692,OnTrack,-1622,-1149,1980,pos,0 days 01:08:02.151000,0 days 02:06:17.663000
2024-07-07 15:11:15.012,OnTrack,-1722,-1112,1978,pos,0 days 01:08:02.471000,0 days 02:06:17.983000
2024-07-07 15:11:15.292,OnTrack,-1808,-1066,1978,pos,0 days 01:08:02.751000,0 days 02:06:18.263000
2024-07-07 15:11:15.491,OnTrack,-1866,-1024,1977,pos,0 days 01:08:02.950000,0 days 02:06:18.462000
2024-07-07 15:11:15.692,OnTrack,-1923,-972,1976,pos,0 days 01:08:03.151000,0 days 02:06:18.663000
2024-07-07 15:11:15.812,OnTrack,-1953,-939,1976,pos,0 days 01:08:03.271000,0 days 02:06:18.783000
2024-07-07 15:11:16.012,OnTrack,-2010,-869,1975,pos,0 days 01:08:03.471000,0 days 02:06:18.983000
2024-07-07 15:11:16.292,OnTrack,-2122,-723,1974,pos,0 days 01:08:03.751000,0 days 02:06:19.263000
2024-07-07 15:11:16.572,OnTrack,-2172,-637,1974,pos,0 days 01:08:04.031000,0 days 02:06:19.543000
2024-07-07 15:11:16.893,OnTrack,-2243,-470,1973,pos,0 days 01:08:04.352000,0 days 02:06:19.864000
2024-07-07 15:11:17.092,OnTrack,-2287,-307,1971,pos,0 days 01:08:04.551000,0 days 02:06:20.063000
2024-07-07 15:11:17.473,OnTrack,-2308,-148,1969,pos,0 days 01:08:04.932000,0 days 02:06:20.444000
2024-07-07 15:11:17.672,OnTrack,-2314,-30,1967,pos,0 days 01:08:05.131000,0 days 02:06:20.643000
2024-07-07 15:11:17.973,OnTrack,-2300,176,1966,pos,0 days 01:08:05.432000,0 days 02:06:20.944000
2024-07-07 15:11:18.333,OnTrack,-2259,372,1964,pos,0 days 01:08:05.792000,0 days 02:06:21.304000
2024-07-07 15:11:18.573,OnTrack,-2200,531,1963,pos,0 days 01:08:06.032000,0 days 02:06:21.544000
2024-07-07 15:11:18.873,OnTrack,-2114,698,1962,pos,0 days 01:08:06.332000,0 days 02:06:21.844000
2024-07-07 15:11:19.053,OnTrack,-2049,803,1962,pos,0 days 01:08:06.512000,0 days 02:06:22.024000
2024-07-07 15:11:19.352,OnTrack,-1926,977,1962,pos,0 days 01:08:06.811000,0 days 02:06:22.323000
2024-07-07 15:11:19.592,OnTrack,-1804,1145,1963,pos,0 days 01:08:07.051000,0 days 02:06:22.563000
2024-07-07 15:11:19.912,OnTrack,-1692,1294,1964,pos,0 days 01:08:07.371000,0 days 02:06:22.883000
2024-07-07 15:11:20.152,OnTrack,-1590,1425,1965,pos,0 days 01:08:07.611000,0 days 02:06:23.123000
2024-07-07 15:11:20.331,OnTrack,-1461,1586,1966,pos,0 days 01:08:07.790000,0 days 02:06:23.302000
2024-07-07 15:11:20.752,OnTrack,-1312,1782,1968,pos,0 days 01:08:08.211000,0 days 02:06:23.723000
2024-07-07 15:11:20.852,OnTrack,-1271,1837,1969,pos,0 days 01:08:08.311000,0 days 02:06:23.823000
2024-07-07 15:11:21.211,OnTrack,-1105,2066,1972,pos,0 days 01:08:08.670000,0 days 02:06:24.182000
2024-07-07 15:11:21.432,OnTrack,-945,2286,1975,pos,0 days 01:08:08.891000,0 days 02:06:24.403000
2024-07-07 15:11:21.652,OnTrack,-904,2343,1976,pos,0 days 01:08:09.111000,0 days 02:06:24.623000
2024-07-07 15:11:21.852,OnTrack,-811,2469,1978,pos,0 days 01:08:09.311000,0 days 02:06:24.823000
2024-07-07 15:11:22.092,OnTrack,-700,2623,1980,pos,0 days 01:08:09.551000,0 days 02:06:25.063000
2024-07-07 15:11:22.313,OnTrack,-599,2766,1983,pos,0 days 01:08:09.772000,0 days 02:06:25.284000
2024-07-07 15:11:22.532,OnTrack,-500,2911,1986,pos,0 days 01:08:09.991000,0 days 02:06:25.503000
2024-07-07 15:11:22.792,OnTrack,-383,3085,1988,pos,0 days 01:08:10.251000,0 days 02:06:25.763000
2024-07-07 15:11:22.952,OnTrack,-312,3193,1990,pos,0 days 01:08:10.411000,0 days 02:06:25.923000
2024-07-07 15:11:23.192,OnTrack,-204,3354,1993,pos,0 days 01:08:10.651000,0 days 02:06:26.163000
2024-07-07 15:11:23.452,OnTrack,-35,3594,1997,pos,0 days 01:08:10.911000,0 days 02:06:26.423000
2024-07-07 15:11:23.852,OnTrack,113,3790,2001,pos,0 days 01:08:11.311000,0 days 02:06:26.823000
2024-07-07 15:11:24.072,OnTrack,228,3930,2005,pos,0 days 01:08:11.531000,0 days 02:06:27.043000
2024-07-07 15:11:24.233,OnTrack,373,4089,2009,pos,0 days 01:08:11.692000,0 days 02:06:27.204000
2024-07-07 15:11:24.712,OnTrack,659,4325,2012,pos,0 days 01:08:12.171000,0 days 02:06:27.683000
2024-07-07 15:11:25.093,OnTrack,875,4430,2014,pos,0 days 01:08:12.552000,0 days 02:06:28.064000
2024-07-07 15:11:25.252,OnTrack,1110,4493,2015,pos,0 days 01:08:12.711000,0 days 02:06:28.223000
2024-07-07 15:11:25.673,OnTrack,1337,4517,2017,pos,0 days 01:08:13.132000,0 days 02:06:28.644000
2024-07-07 15:11:25.912,OnTrack,1532,4520,2020,pos,0 days 01:08:13.371000,0 days 02:06:28.883000
2024-07-07 15:11:26.111,OnTrack,1789,4503,2023,pos,0 days 01:08:13.570000,0 days 02:06:29.082000
2024-07-07 15:11:26.532,OnTrack,2031,4470,2026,pos,0 days 01:08:13.991000,0 days 02:06:29.503000
2024-07-07 15:11:26.732,OnTrack,2192,4451,2027,pos,0 days 01:08:14.191000,0 days 02:06:29.703000
2024-07-07 15:11:26.911,OnTrack,2338,4441,2028,pos,0 days 01:08:14.370000,0 days 02:06:29.882000
2024-07-07 15:11:27.032,OnTrack,2436,4439,2029,pos,0 days 01:08:14.491000,0 days 02:06:30.003000
2024-07-07 15:11:27.312,OnTrack,2767,4461,2034,pos,0 days 01:08:14.771000,0 days 02:06:30.283000
2024-07-07 15:11:27.731,OnTrack,3019,4525,2038,pos,0 days 01:08:15.190000,0 days 02:06:30.702000
2024-07-07 15:11:27.972,OnTrack,3200,4599,2041,pos,0 days 01:08:15.431000,0 days 02:06:30.943000
2024-07-07 15:11:28.192,OnTrack,3371,4695,2044,pos,0 days 01:08:15.651000,0 days 02:06:31.163000
2024-07-07 15:11:28.572,OnTrack,3604,4869,2048,pos,0 days 01:08:16.031000,0 days 02:06:31.543000
2024-07-07 15:11:28.792,OnTrack,3769,5023,2049,pos,0 days 01:08:16.251000,0 days 02:06:31.763000
2024-07-07 15:11:29.032,OnTrack,3871,5126,2050,pos,0 days 01:08:16.491000,0 days 02:06:32.003000
2024-07-07 15:11:29.412,OnTrack,4084,5337,2051,pos,0 days 01:08:16.871000,0 days 02:06:32.383000
2024-07-07 15:11:29.632,OnTrack,4231,5473,2052,pos,0 days 01:08:17.091000,0 days 02:06:32.603000
2024-07-07 15:11:29.992,OnTrack,4386,5610,2054,pos,0 days 01:08:17.451000,0 days 02:06:32.963000
2024-07-07 15:11:30.253,OnTrack,4522,5723,2055,pos,0 days 01:08:17.712000,0 days 02:06:33.224000
2024-07-07 15:11:30.493,OnTrack,4589,5776,2055,pos,0 days 01:08:17.952000,0 days 02:06:33.464000
2024-07-07 15:11:30.692,OnTrack,4649,5819,2055,pos,0 days 01:08:18.151000,0 days 02:06:33.663000
2024-07-07 15:11:30.932,OnTrack,4731,5865,2054,pos,0 days 01:08:18.391000,0 days 02:06:33.903000
2024-07-07 15:11:31.152,OnTrack,4857,5898,2054,pos,0 days 01:08:18.611000,0 days 02:06:34.123000
2024-07-07 15:11:31.573,OnTrack,4954,5899,2053,pos,0 days 01:08:19.032000,0 days 02:06:34.544000
2024-07-07 15:11:31.772,OnTrack,5019,5890,2053,pos,0 days 01:08:19.231000,0 days 02:06:34.743000
2024-07-07 15:11:32.052,OnTrack,5102,5862,2054,pos,0 days 01:08:19.511000,0 days 02:06:35.023000
2024-07-07 15:11:32.193,OnTrack,5138,5844,2055,pos,0 days 01:08:19.652000,0 days 02:06:35.164000
2024-07-07 15:11:32.452,OnTrack,5205,5795,2056,pos,0 days 01:08:19.911000,0 days 02:06:35.423000
2024-07-07 15:11:32.712,OnTrack,5260,5740,2058,pos,0 days 01:08:20.171000,0 days 02:06:35.683000
2024-07-07 15:11:32.871,OnTrack,5289,5701,2058,pos,0 days 01:08:20.330000,0 days 02:06:35.842000
2024-07-07 15:11:32.952,OnTrack,5301,5680,2059,pos,0 days 01:08:20.411000,0 days 02:06:35.923000
2024-07-07 15:11:33.272,OnTrack,5342,5585,2059,pos,0 days 01:08:20.731000,0 days 02:06:36.243000
2024-07-07 15:11:33.472,OnTrack,5360,5521,2060,pos,0 days 01:08:20.931000,0 days 02:06:36.443000
2024-07-07 15:11:33.752,OnTrack,5380,5412,2060,pos,0 days 01:08:21.211000,0 days 02:06:36.723000
2024-07-07 15:11:34.152,OnTrack,5392,5277,2063,pos,0 days 01:08:21.611000,0 days 02:06:37.123000
2024-07-07 15:11:34.352,OnTrack,5399,5205,2064,pos,0 days 01:08:21.811000,0 days 02:06:37.323000
2024-07-07 15:11:34.572,OnTrack,5417,5103,2065,pos,0 days 01:08:22.031000,0 days 02:06:37.543000
2024-07-07 15:11:34.992,OnTrack,5463,4978,2066,pos,0 days 01:08:22.451000,0 days 02:06:37.963000
2024-07-07 15:11:35.192,OnTrack,5496,4923,2066,pos,0 days 01:08:22.651000,0 days 02:06:38.163000
2024-07-07 15:11:35.373,OnTrack,5527,4882,2066,pos,0 days 01:08:22.832000,0 days 02:06:38.344000
2024-07-07 15:11:35.572,OnTrack,5566,4839,2065,pos,0 days 01:08:23.031000,0 days 02:06:38.543000
2024-07-07 15:11:35.812,OnTrack,5622,4791,2064,pos,0 days 01:08:23.271000,0 days 02:06:38.783000
2024-07-07 15:11:36.132,OnTrack,5689,4751,2064,pos,0 days 01:08:23.591000,0 days 02:06:39.103000
2024-07-07 15:11:36.412,OnTrack,5768,4730,2065,pos,0 days 01:08:23.871000,0 days 02:06:39.383000
2024-07-07 15:11:36.812,OnTrack,5846,4745,2064,pos,0 days 01:08:24.271000,0 days 02:06:39.783000
2024-07-07 15:11:36.972,OnTrack,5882,4765,2064,pos,0 days 01:08:24.431000,0 days 02:06:39.943000
2024-07-07 15:11:37.132,OnTrack,5943,4813,2064,pos,0 days 01:08:24.591000,0 days 02:06:40.103000
2024-07-07 15:11:37.613,OnTrack,6004,4877,2064,pos,0 days 01:08:25.072000,0 days 02:06:40.584000
2024-07-07 15:11:37.833,OnTrack,6043,4927,2065,pos,0 days 01:08:25.292000,0 days 02:06:40.804000
2024-07-07 15:11:38.052,OnTrack,6079,4981,2065,pos,0 days 01:08:25.511000,0 days 02:06:41.023000
2024-07-07 15:11:38.113,OnTrack,6089,4996,2065,pos,0 days 01:08:25.572000,0 days 02:06:41.084000
2024-07-07 15:11:38.413,OnTrack,6135,5081,2065,pos,0 days 01:08:25.872000,0 days 02:06:41.384000
2024-07-07 15:11:38.572,OnTrack,6158,5130,2065,pos,0 days 01:08:26.031000,0 days 02:06:41.543000
2024-07-07 15:11:38.812,OnTrack,6191,5210,2065,pos,0 days 01:08:26.271000,0 days 02:06:41.783000
2024-07-07 15:11:39.091,OnTrack,6227,5317,2065,pos,0 days 01:08:26.550000,0 days 02:06:42.062000
2024-07-07 15:11:39.192,OnTrack,6240,5358,2065,pos,0 days 01:08:26.651000,0 days 02:06:42.163000
2024-07-07 15:11:39.492,OnTrack,6290,5555,2065,pos,0 days 01:08:26.951000,0 days 02:06:42.463000
2024-07-07 15:11:39.772,OnTrack,6304,5623,2065,pos,0 days 01:08:27.231000,0 days 02:06:42.743000
2024-07-07 15:11:40.072,OnTrack,6331,5831,2064,pos,0 days 01:08:27.531000,0 days 02:06:43.043000
2024-07-07 15:11:40.152,OnTrack,6332,5868,2064,pos,0 days 01:08:27.611000,0 days 02:06:43.123000
2024-07-07 15:11:40.412,OnTrack,6329,6019,2064,pos,0 days 01:08:27.871000,0 days 02:06:43.383000
2024-07-07 15:11:40.732,OnTrack,6306,6204,2063,pos,0 days 01:08:28.191000,0 days 02:06:43.703000
2024-07-07 15:11:40.912,OnTrack,6284,6309,2063,pos,0 days 01:08:28.371000,0 days 02:06:43.883000
2024-07-07 15:11:41.132,OnTrack,6236,6461,2062,pos,0 days 01:08:28.591000,0 days 02:06:44.103000
2024-07-07 15:11:41.512,OnTrack,6144,6657,2063,pos,0 days 01:08:28.971000,0 days 02:06:44.483000
2024-07-07 15:11:41.732,OnTrack,6017,6855,2064,pos,0 days 01:08:29.191000,0 days 02:06:44.703000
2024-07-07 15:11:42.052,OnTrack,5943,6949,2064,pos,0 days 01:08:29.511000,0 days 02:06:45.023000
2024-07-07 15:11:42.352,OnTrack,5807,7091,2064,pos,0 days 01:08:29.811000,0 days 02:06:45.323000
2024-07-07 15:11:42.512,OnTrack,5720,7169,2064,pos,0 days 01:08:29.971000,0 days 02:06:45.483000
2024-07-07 15:11:42.753,OnTrack,5546,7311,2064,pos,0 days 01:08:30.212000,0 days 02:06:45.724000
2024-07-07 15:11:43.152,OnTrack,5365,7449,2064,pos,0 days 01:08:30.611000,0 days 02:06:46.123000
2024-07-07 15:11:43.412,OnTrack,5144,7624,2064,pos,0 days 01:08:30.871000,0 days 02:06:46.383000
2024-07-07 15:11:43.732,OnTrack,5036,7713,2064,pos,0 days 01:08:31.191000,0 days 02:06:46.703000
2024-07-07 15:11:44.012,OnTrack,4889,7837,2064,pos,0 days 01:08:31.471000,0 days 02:06:46.983000
2024-07-07 15:11:44.172,OnTrack,4798,7915,2064,pos,0 days 01:08:31.631000,0 days 02:06:47.143000
2024-07-07 15:11:44.413,OnTrack,4603,8082,2065,pos,0 days 01:08:31.872000,0 days 02:06:47.384000
2024-07-07 15:11:44.832,OnTrack,4347,8301,2064,pos,0 days 01:08:32.291000,0 days 02:06:47.803000
2024-07-07 15:11:45.233,OnTrack,4183,8442,2064,pos,0 days 01:08:32.692000,0 days 02:06:48.204000
2024-07-07 15:11:45.473,OnTrack,4006,8594,2063,pos,0 days 01:08:32.932000,0 days 02:06:48.444000
2024-07-07 15:11:45.732,OnTrack,3887,8697,2063,pos,0 days 01:08:33.191000,0 days 02:06:48.703000
2024-07-07 15:11:45.992,OnTrack,3733,8832,2063,pos,0 days 01:08:33.451000,0 days 02:06:48.963000
2024-07-07 15:11:46.272,OnTrack,3566,8978,2063,pos,0 days 01:08:33.731000,0 days 02:06:49.243000
2024-07-07 15:11:46.471,OnTrack,3362,9158,2063,pos,0 days 01:08:33.930000,0 days 02:06:49.442000
2024-07-07 15:11:46.791,OnTrack,3253,9253,2064,pos,0 days 01:08:34.250000,0 days 02:06:49.762000
2024-07-07 15:11:47.031,OnTrack,3108,9381,2063,pos,0 days 01:08:34.490000,0 days 02:06:50.002000
2024-07-07 15:11:47.192,OnTrack,3010,9466,2062,pos,0 days 01:08:34.651000,0 days 02:06:50.163000
2024-07-07 15:11:47.492,OnTrack,2765,9679,2060,pos,0 days 01:08:34.951000,0 days 02:06:50.463000
2024-07-07 15:11:47.912,OnTrack,2520,9892,2058,pos,0 days 01:08:35.371000,0 days 02:06:50.883000
2024-07-07 15:11:48.252,OnTrack,2359,10034,2055,pos,0 days 01:08:35.711000,0 days 02:06:51.223000
2024-07-07 15:11:48.472,OnTrack,2224,10155,2053,pos,0 days 01:08:35.931000,0 days 02:06:51.443000
2024-07-07 15:11:48.713,OnTrack,2082,10282,2051,pos,0 days 01:08:36.172000,0 days 02:06:51.684000
2024-07-07 15:11:48.872,OnTrack,1987,10367,2050,pos,0 days 01:08:36.331000,0 days 02:06:51.843000
2024-07-07 15:11:49.092,OnTrack,1858,10482,2047,pos,0 days 01:08:36.551000,0 days 02:06:52.063000
2024-07-07 15:11:49.372,OnTrack,1696,10617,2045,pos,0 days 01:08:36.831000,0 days 02:06:52.343000
2024-07-07 15:11:49.572,OnTrack,1521,10747,2042,pos,0 days 01:08:37.031000,0 days 02:06:52.543000
2024-07-07 15:11:49.932,OnTrack,1301,10867,2039,pos,0 days 01:08:37.391000,0 days 02:06:52.903000
2024-07-07 15:11:50.232,OnTrack,1199,10905,2037,pos,0 days 01:08:37.691000,0 days 02:06:53.203000
2024-07-07 15:11:50.452,OnTrack,1089,10935,2036,pos,0 days 01:08:37.911000,0 days 02:06:53.423000
2024-07-07 15:11:50.633,OnTrack,991,10947,2035,pos,0 days 01:08:38.092000,0 days 02:06:53.604000
2024-07-07 15:11:50.913,OnTrack,847,10949,2034,pos,0 days 01:08:38.372000,0 days 02:06:53.884000
2024-07-07 15:11:51.092,OnTrack,754,10943,2033,pos,0 days 01:08:38.551000,0 days 02:06:54.063000
2024-07-07 15:11:51.372,OnTrack,596,10901,2032,pos,0 days 01:08:38.831000,0 days 02:06:54.343000
2024-07-07 15:11:51.713,OnTrack,491,10848,2032,pos,0 days 01:08:39.172000,0 days 02:06:54.684000
2024-07-07 15:11:51.932,OnTrack,416,10792,2032,pos,0 days 01:08:39.391000,0 days 02:06:54.903000
2024-07-07 15:11:52.093,OnTrack,370,10741,2032,pos,0 days 01:08:39.552000,0 days 02:06:55.064000
2024-07-07 15:11:52.411,OnTrack,277,10590,2033,pos,0 days 01:08:39.870000,0 days 02:06:55.382000
2024-07-07 15:11:52.691,OnTrack,241,10510,2033,pos,0 days 01:08:40.150000,0 days 02:06:55.662000
2024-07-07 15:11:52.872,OnTrack,217,10437,2033,pos,0 days 01:08:40.331000,0 days 02:06:55.843000
2024-07-07 15:11:53.092,OnTrack,200,10341,2033,pos,0 days 01:08:40.551000,0 days 02:06:56.063000
2024-07-07 15:11:53.352,OnTrack,191,10226,2034,pos,0 days 01:08:40.811000,0 days 02:06:56.323000
2024-07-07 15:11:53.672,OnTrack,181,10027,2035,pos,0 days 01:08:41.131000,0 days 02:06:56.643000
2024-07-07 15:11:54.052,OnTrack,152,9830,2036,pos,0 days 01:08:41.511000,0 days 02:06:57.023000
2024-07-07 15:11:54.391,OnTrack,117,9742,2037,pos,0 days 01:08:41.850000,0 days 02:06:57.362000
2024-07-07 15:11:54.652,OnTrack,61,9651,2039,pos,0 days 01:08:42.111000,0 days 02:06:57.623000
2024-07-07 15:11:54.832,OnTrack,15,9598,2039,pos,0 days 01:08:42.291000,0 days 02:06:57.803000
2024-07-07 15:11:55.032,OnTrack,-41,9548,2040,pos,0 days 01:08:42.491000,0 days 02:06:58.003000
2024-07-07 15:11:55.172,OnTrack,-83,9519,2040,pos,0 days 01:08:42.631000,0 days 02:06:58.143000
2024-07-07 15:11:55.472,OnTrack,-200,9461,2041,pos,0 days 01:08:42.931000,0 days 02:06:58.443000
2024-07-07 15:11:55.872,OnTrack,-348,9442,2040,pos,0 days 01:08:43.331000,0 days 02:06:58.843000
2024-07-07 15:11:56.333,OnTrack,-444,9463,2040,pos,0 days 01:08:43.792000,0 days 02:06:59.304000
2024-07-07 15:11:56.373,OnTrack,-456,9467,2040,pos,0 days 01:08:43.832000,0 days 02:06:59.344000
2024-07-07 15:11:56.692,OnTrack,-541,9517,2038,pos,0 days 01:08:44.151000,0 days 02:06:59.663000
2024-07-07 15:11:56.913,OnTrack,-598,9567,2037,pos,0 days 01:08:44.372000,0 days 02:06:59.884000
2024-07-07 15:11:57.092,OnTrack,-638,9613,2036,pos,0 days 01:08:44.551000,0 days 02:07:00.063000
2024-07-07 15:11:57.272,OnTrack,-673,9664,2036,pos,0 days 01:08:44.731000,0 days 02:07:00.243000
2024-07-07 15:11:57.513,OnTrack,-729,9781,2034,pos,0 days 01:08:44.972000,0 days 02:07:00.484000
2024-07-07 15:11:57.932,OnTrack,-760,9892,2033,pos,0 days 01:08:45.391000,0 days 02:07:00.903000
2024-07-07 15:11:58.112,OnTrack,-772,9966,2032,pos,0 days 01:08:45.571000,0 days 02:07:01.083000
2024-07-07 15:11:58.432,OnTrack,-775,10109,2031,pos,0 days 01:08:45.891000,0 days 02:07:01.403000
2024-07-07 15:11:58.513,OnTrack,-773,10146,2031,pos,0 days 01:08:45.972000,0 days 02:07:01.484000
2024-07-07 15:11:58.812,OnTrack,-746,10331,2030,pos,0 days 01:08:46.271000,0 days 02:07:01.783000
2024-07-07 15:11:59.132,OnTrack,-714,10454,2029,pos,0 days 01:08:46.591000,0 days 02:07:02.103000
2024-07-07 15:11:59.392,OnTrack,-668,10589,2027,pos,0 days 01:08:46.851000,0 days 02:07:02.363000
2024-07-07 15:11:59.672,OnTrack,-607,10736,2025,pos,0 days 01:08:47.131000,0 days 02:07:02.643000
2024-07-07 15:11:59.872,OnTrack,-557,10842,2023,pos,0 days 01:08:47.331000,0 days 02:07:02.843000
2024-07-07 15:12:00.071,OnTrack,-502,10951,2022,pos,0 days 01:08:47.530000,0 days 02:07:03.042000
2024-07-07 15:12:00.252,OnTrack,-426,11094,2021,pos,0 days 01:08:47.711000,0 days 02:07:03.223000
2024-07-07 15:12:00.552,OnTrack,-357,11216,2021,pos,0 days 01:08:48.011000,0 days 02:07:03.523000
2024-07-07 15:12:00.832,OnTrack,-214,11437,2021,pos,0 days 01:08:48.291000,0 days 02:07:03.803000
2024-07-07 15:12:01.232,OnTrack,-100,11589,2021,pos,0 days 01:08:48.691000,0 days 02:07:04.203000
2024-07-07 15:12:01.472,OnTrack,5,11716,2021,pos,0 days 01:08:48.931000,0 days 02:07:04.443000
2024-07-07 15:12:01.752,OnTrack,140,11859,2022,pos,0 days 01:08:49.211000,0 days 02:07:04.723000
2024-07-07 15:12:01.912,OnTrack,273,11988,2024,pos,0 days 01:08:49.371000,0 days 02:07:04.883000
2024-07-07 15:12:02.292,OnTrack,426,12121,2024,pos,0 days 01:08:49.751000,0 days 02:07:05.263000
2024-07-07 15:12:02.572,OnTrack,638,12279,2024,pos,0 days 01:08:50.031000,0 days 02:07:05.543000
2024-07-07 15:12:02.893,OnTrack,788,12374,2024,pos,0 days 01:08:50.352000,0 days 02:07:05.864000
2024-07-07 15:12:03.153,OnTrack,1048,12500,2025,pos,0 days 01:08:50.612000,0 days 02:07:06.124000
2024-07-07 15:12:03.572,OnTrack,1263,12583,2025,pos,0 days 01:08:51.031000,0 days 02:07:06.543000
2024-07-07 15:12:03.772,OnTrack,1515,12660,2025,pos,0 days 01:08:51.231000,0 days 02:07:06.743000
2024-07-07 15:12:04.152,OnTrack,1698,12705,2026,pos,0 days 01:08:51.611000,0 days 02:07:07.123000
2024-07-07 15:12:04.352,OnTrack,1853,12736,2027,pos,0 days 01:08:51.811000,0 days 02:07:07.323000
2024-07-07 15:12:04.493,OnTrack,1963,12755,2028,pos,0 days 01:08:51.952000,0 days 02:07:07.464000
2024-07-07 15:12:04.752,OnTrack,2290,12798,2030,pos,0 days 01:08:52.211000,0 days 02:07:07.723000
2024-07-07 15:12:05.252,OnTrack,2692,12842,2033,pos,0 days 01:08:52.711000,0 days 02:07:08.223000
2024-07-07 15:12:05.592,OnTrack,2953,12868,2036,pos,0 days 01:08:53.051000,0 days 02:07:08.563000
2024-07-07 15:12:05.932,OnTrack,3132,12886,2037,pos,0 days 01:08:53.391000,0 days 02:07:08.903000
2024-07-07 15:12:06.252,OnTrack,3509,12927,2040,pos,0 days 01:08:53.711000,0 days 02:07:09.223000
2024-07-07 15:12:06.672,OnTrack,3847,12965,2042,pos,0 days 01:08:54.131000,0 days 02:07:09.643000
2024-07-07 15:12:07.092,OnTrack,4167,13003,2044,pos,0 days 01:08:54.551000,0 days 02:07:10.063000
2024-07-07 15:12:07.412,OnTrack,4339,13026,2045,pos,0 days 01:08:54.871000,0 days 02:07:10.383000
2024-07-07 15:12:07.572,OnTrack,4478,13044,2046,pos,0 days 01:08:55.031000,0 days 02:07:10.543000
2024-07-07 15:12:07.912,OnTrack,4755,13080,2047,pos,0 days 01:08:55.371000,0 days 02:07:10.883000
2024-07-07 15:12:08.112,OnTrack,4917,13097,2048,pos,0 days 01:08:55.571000,0 days 02:07:11.083000
2024-07-07 15:12:08.352,OnTrack,5128,13113,2049,pos,0 days 01:08:55.811000,0 days 02:07:11.323000
2024-07-07 15:12:08.612,OnTrack,5318,13111,2050,pos,0 days 01:08:56.071000,0 days 02:07:11.583000
2024-07-07 15:12:08.872,OnTrack,5519,13080,2051,pos,0 days 01:08:56.331000,0 days 02:07:11.843000
2024-07-07 15:12:09.052,OnTrack,5754,13008,2052,pos,0 days 01:08:56.511000,0 days 02:07:12.023000
2024-07-07 15:12:09.433,OnTrack,5917,12928,2053,pos,0 days 01:08:56.892000,0 days 02:07:12.404000
2024-07-07 15:12:09.752,OnTrack,6111,12793,2054,pos,0 days 01:08:57.211000,0 days 02:07:12.723000
2024-07-07 15:12:09.953,OnTrack,6276,12638,2055,pos,0 days 01:08:57.412000,0 days 02:07:12.924000
2024-07-07 15:12:10.392,OnTrack,6428,12421,2056,pos,0 days 01:08:57.851000,0 days 02:07:13.363000
2024-07-07 15:12:10.572,OnTrack,6491,12297,2057,pos,0 days 01:08:58.031000,0 days 02:07:13.543000
2024-07-07 15:12:10.692,OnTrack,6529,12213,2058,pos,0 days 01:08:58.151000,0 days 02:07:13.663000
2024-07-07 15:12:11.012,OnTrack,6639,11909,2060,pos,0 days 01:08:58.471000,0 days 02:07:13.983000
2024-07-07 15:12:11.252,OnTrack,6669,11805,2061,pos,0 days 01:08:58.711000,0 days 02:07:14.223000
2024-07-07 15:12:11.573,OnTrack,6732,11566,2062,pos,0 days 01:08:59.032000,0 days 02:07:14.544000
2024-07-07 15:12:11.752,OnTrack,6785,11338,2065,pos,0 days 01:08:59.211000,0 days 02:07:14.723000
2024-07-07 15:12:12.132,OnTrack,6826,11138,2066,pos,0 days 01:08:59.591000,0 days 02:07:15.103000
2024-07-07 15:12:12.432,OnTrack,6873,10865,2068,pos,0 days 01:08:59.891000,0 days 02:07:15.403000
2024-07-07 15:12:12.712,OnTrack,6898,10692,2069,pos,0 days 01:09:00.171000,0 days 02:07:15.683000
2024-07-07 15:12:12.871,OnTrack,6914,10565,2070,pos,0 days 01:09:00.330000,0 days 02:07:15.842000
2024-07-07 15:12:13.092,OnTrack,6933,10389,2072,pos,0 days 01:09:00.551000,0 days 02:07:16.063000
2024-07-07 15:12:13.332,OnTrack,6952,10197,2073,pos,0 days 01:09:00.791000,0 days 02:07:16.303000
2024-07-07 15:12:13.512,OnTrack,6962,10052,2074,pos,0 days 01:09:00.971000,0 days 02:07:16.483000
2024-07-07 15:12:13.872,OnTrack,6979,9678,2075,pos,0 days 01:09:01.331000,0 days 02:07:16.843000
2024-07-07 15:12:14.132,OnTrack,6981,9547,2075,pos,0 days 01:09:01.591000,0 days 02:07:17.103000
2024-07-07 15:12:14.412,OnTrack,6987,9317,2074,pos,0 days 01:09:01.871000,0 days 02:07:17.383000
2024-07-07 15:12:14.672,OnTrack,6995,9112,2074,pos,0 days 01:09:02.131000,0 days 02:07:17.643000
2024-07-07 15:12:14.831,OnTrack,7010,8904,2072,pos,0 days 01:09:02.290000,0 days 02:07:17.802000
2024-07-07 15:12:15.232,OnTrack,7041,8666,2071,pos,0 days 01:09:02.691000,0 days 02:07:18.203000
2024-07-07 15:12:15.512,OnTrack,7086,8437,2070,pos,0 days 01:09:02.971000,0 days 02:07:18.483000
2024-07-07 15:12:15.572,OnTrack,7097,8389,2069,pos,0 days 01:09:03.031000,0 days 02:07:18.543000
2024-07-07 15:12:15.852,OnTrack,7156,8162,2068,pos,0 days 01:09:03.311000,0 days 02:07:18.823000
2024-07-07 15:12:16.132,OnTrack,7236,7907,2064,pos,0 days 01:09:03.591000,0 days 02:07:19.103000
2024-07-07 15:12:16.533,OnTrack,7345,7625,2061,pos,0 days 01:09:03.992000,0 days 02:07:19.504000
2024-07-07 15:12:16.712,OnTrack,7401,7485,2060,pos,0 days 01:09:04.171000,0 days 02:07:19.683000
2024-07-07 15:12:16.832,OnTrack,7437,7391,2059,pos,0 days 01:09:04.291000,0 days 02:07:19.803000
2024-07-07 15:12:16.992,OnTrack,7479,7267,2058,pos,0 days 01:09:04.451000,0 days 02:07:19.963000
2024-07-07 15:12:17.232,OnTrack,7521,7096,2058,pos,0 days 01:09:04.691000,0 days 02:07:20.203000
2024-07-07 15:12:17.452,OnTrack,7539,6932,2058,pos,0 days 01:09:04.911000,0 days 02:07:20.423000
2024-07-07 15:12:17.573,OnTrack,7537,6841,2058,pos,0 days 01:09:05.032000,0 days 02:07:20.544000
2024-07-07 15:12:17.853,OnTrack,7510,6625,2058,pos,0 days 01:09:05.312000,0 days 02:07:20.824000
2024-07-07 15:12:18.012,OnTrack,7486,6505,2059,pos,0 days 01:09:05.471000,0 days 02:07:20.983000
2024-07-07 15:12:18.252,OnTrack,7443,6327,2060,pos,0 days 01:09:05.711000,0 days 02:07:21.223000
2024-07-07 15:12:18.473,OnTrack,7377,6063,2062,pos,0 days 01:09:05.932000,0 days 02:07:21.444000
2024-07-07 15:12:18.891,OnTrack,7326,5770,2063,pos,0 days 01:09:06.350000,0 days 02:07:21.862000
2024-07-07 15:12:19.352,OnTrack,7319,5535,2062,pos,0 days 01:09:06.811000,0 days 02:07:22.323000
2024-07-07 15:12:19.552,OnTrack,7356,5326,2061,pos,0 days 01:09:07.011000,0 days 02:07:22.523000
2024-07-07 15:12:19.971,OnTrack,7455,5091,2059,pos,0 days 01:09:07.430000,0 days 02:07:22.942000
2024-07-07 15:12:20.231,OnTrack,7515,4985,2057,pos,0 days 01:09:07.690000,0 days 02:07:23.202000
2024-07-07 15:12:20.531,OnTrack,7657,4748,2053,pos,0 days 01:09:07.990000,0 days 02:07:23.502000
2024-07-07 15:12:20.811,OnTrack,7706,4650,2052,pos,0 days 01:09:08.270000,0 days 02:07:23.782000
2024-07-07 15:12:21.132,OnTrack,7768,4473,2050,pos,0 days 01:09:08.591000,0 days 02:07:24.103000
2024-07-07 15:12:21.412,OnTrack,7790,4317,2048,pos,0 days 01:09:08.871000,0 days 02:07:24.383000
2024-07-07 15:12:21.592,OnTrack,7777,4159,2045,pos,0 days 01:09:09.051000,0 days 02:07:24.563000
2024-07-07 15:12:21.872,OnTrack,7754,4058,2043,pos,0 days 01:09:09.331000,0 days 02:07:24.843000
2024-07-07 15:12:22.072,OnTrack,7716,3949,2041,pos,0 days 01:09:09.531000,0 days 02:07:25.043000
2024-07-07 15:12:22.312,OnTrack,7657,3824,2040,pos,0 days 01:09:09.771000,0 days 02:07:25.283000
2024-07-07 15:12:22.512,OnTrack,7596,3725,2039,pos,0 days 01:09:09.971000,0 days 02:07:25.483000
2024-07-07 15:12:22.692,OnTrack,7532,3641,2038,pos,0 days 01:09:10.151000,0 days 02:07:25.663000
2024-07-07 15:12:22.972,OnTrack,7412,3525,2036,pos,0 days 01:09:10.431000,0 days 02:07:25.943000
2024-07-07 15:12:23.152,OnTrack,7321,3460,2034,pos,0 days 01:09:10.611000,0 days 02:07:26.123000
2024-07-07 15:12:23.333,OnTrack,7222,3402,2033,pos,0 days 01:09:10.792000,0 days 02:07:26.304000
2024-07-07 15:12:23.692,OnTrack,6981,3275,2030,pos,0 days 01:09:11.151000,0 days 02:07:26.663000
2024-07-07 15:12:24.012,OnTrack,6780,3127,2029,pos,0 days 01:09:11.471000,0 days 02:07:26.983000
2024-07-07 15:12:24.393,OnTrack,6652,3000,2028,pos,0 days 01:09:11.852000,0 days 02:07:27.364000
2024-07-07 15:12:24.633,OnTrack,6484,2813,2027,pos,0 days 01:09:12.092000,0 days 02:07:27.604000
2024-07-07 15:12:25.111,OnTrack,6335,2612,2027,pos,0 days 01:09:12.570000,0 days 02:07:28.082000
2024-07-07 15:12:25.312,OnTrack,6206,2400,2026,pos,0 days 01:09:12.771000,0 days 02:07:28.283000
2024-07-07 15:12:25.691,OnTrack,6122,2245,2025,pos,0 days 01:09:13.150000,0 days 02:07:28.662000
2024-07-07 15:12:25.931,OnTrack,6001,2006,2025,pos,0 days 01:09:13.390000,0 days 02:07:28.902000
2024-07-07 15:12:26.231,OnTrack,5941,1884,2024,pos,0 days 01:09:13.690000,0 days 02:07:29.202000
2024-07-07 15:12:26.412,OnTrack,5882,1762,2024,pos,0 days 01:09:13.871000,0 days 02:07:29.383000
2024-07-07 15:12:26.672,OnTrack,5799,1590,2023,pos,0 days 01:09:14.131000,0 days 02:07:29.643000
2024-07-07 15:12:26.892,OnTrack,5722,1431,2022,pos,0 days 01:09:14.351000,0 days 02:07:29.863000
2024-07-07 15:12:27.192,OnTrack,5595,1165,2021,pos,0 days 01:09:14.651000,0 days 02:07:30.163000
2024-07-07 15:12:27.552,OnTrack,5480,924,2019,pos,0 days 01:09:15.011000,0 days 02:07:30.523000
2024-07-07 15:12:27.952,OnTrack,5364,681,2017,pos,0 days 01:09:15.411000,0 days 02:07:30.923000
2024-07-07 15:12:28.152,OnTrack,5295,537,2016,pos,0 days 01:09:15.611000,0 days 02:07:31.123000
2024-07-07 15:12:28.412,OnTrack,5204,350,2015,pos,0 days 01:09:15.871000,0 days 02:07:31.383000
2024-07-07 15:12:28.612,OnTrack,5105,147,2013,pos,0 days 01:09:16.071000,0 days 02:07:31.583000
2024-07-07 15:12:28.912,OnTrack,5028,-13,2012,pos,0 days 01:09:16.371000,0 days 02:07:31.883000
2024-07-07 15:12:29.152,OnTrack,4943,-189,2011,pos,0 days 01:09:16.611000,0 days 02:07:32.123000
2024-07-07 15:12:29.372,OnTrack,4865,-350,2010,pos,0 days 01:09:16.831000,0 days 02:07:32.343000
2024-07-07 15:12:29.533,OnTrack,4809,-468,2009,pos,0 days 01:09:16.992000,0 days 02:07:32.504000
2024-07-07 15:12:29.692,OnTrack,4752,-586,2008,pos,0 days 01:09:17.151000,0 days 02:07:32.663000
2024-07-07 15:12:29.972,OnTrack,4656,-785,2007,pos,0 days 01:09:17.431000,0 days 02:07:32.943000
2024-07-07 15:12:30.133,OnTrack,4599,-902,2007,pos,0 days 01:09:17.592000,0 days 02:07:33.104000
2024-07-07 15:12:30.373,OnTrack,4513,-1080,2005,pos,0 days 01:09:17.832000,0 days 02:07:33.344000
2024-07-07 15:12:30.653,OnTrack,4360,-1393,2002,pos,0 days 01:09:18.112000,0 days 02:07:33.624000
2024-07-07 15:12:30.913,OnTrack,4316,-1483,2001,pos,0 days 01:09:18.372000,0 days 02:07:33.884000
2024-07-07 15:12:31.152,OnTrack,4227,-1661,1998,pos,0 days 01:09:18.611000,0 days 02:07:34.123000
2024-07-07 15:12:31.412,OnTrack,4131,-1855,1996,pos,0 days 01:09:18.871000,0 days 02:07:34.383000
2024-07-07 15:12:31.592,OnTrack,4063,-1988,1995,pos,0 days 01:09:19.051000,0 days 02:07:34.563000
2024-07-07 15:12:31.871,OnTrack,3958,-2194,1994,pos,0 days 01:09:19.330000,0 days 02:07:34.842000
2024-07-07 15:12:32.072,OnTrack,3884,-2337,1994,pos,0 days 01:09:19.531000,0 days 02:07:35.043000
2024-07-07 15:12:32.231,OnTrack,3772,-2553,1995,pos,0 days 01:09:19.690000,0 days 02:07:35.202000
2024-07-07 15:12:32.572,OnTrack,3697,-2695,1996,pos,0 days 01:09:20.031000,0 days 02:07:35.543000
2024-07-07 15:12:32.912,OnTrack,3566,-2935,1999,pos,0 days 01:09:20.371000,0 days 02:07:35.883000
2024-07-07 15:12:33.112,OnTrack,3487,-3074,2002,pos,0 days 01:09:20.571000,0 days 02:07:36.083000
2024-07-07 15:12:33.272,OnTrack,3375,-3266,2006,pos,0 days 01:09:20.731000,0 days 02:07:36.243000
2024-07-07 15:12:33.652,OnTrack,3269,-3432,2010,pos,0 days 01:09:21.111000,0 days 02:07:36.623000
2024-07-07 15:12:33.952,OnTrack,3127,-3623,2015,pos,0 days 01:09:21.411000,0 days 02:07:36.923000
2024-07-07 15:12:34.052,OnTrack,3080,-3679,2016,pos,0 days 01:09:21.511000,0 days 02:07:37.023000
2024-07-07 15:12:34.232,OnTrack,2996,-3771,2018,pos,0 days 01:09:21.691000,0 days 02:07:37.203000
2024-07-07 15:12:34.572,OnTrack,2776,-3950,2023,pos,0 days 01:09:22.031000,0 days 02:07:37.543000
2024-07-07 15:12:34.892,OnTrack,2655,-4017,2025,pos,0 days 01:09:22.351000,0 days 02:07:37.863000
2024-07-07 15:12:35.092,OnTrack,2545,-4063,2026,pos,0 days 01:09:22.551000,0 days 02:07:38.063000
2024-07-07 15:12:35.273,OnTrack,2457,-4089,2028,pos,0 days 01:09:22.732000,0 days 02:07:38.244000
2024-07-07 15:12:35.612,OnTrack,2262,-4117,2031,pos,0 days 01:09:23.071000,0 days 02:07:38.583000
2024-07-07 15:12:35.813,OnTrack,2134,-4110,2032,pos,0 days 01:09:23.272000,0 days 02:07:38.784000
2024-07-07 15:12:36.052,OnTrack,2007,-4085,2033,pos,0 days 01:09:23.511000,0 days 02:07:39.023000
2024-07-07 15:12:36.272,OnTrack,1883,-4044,2033,pos,0 days 01:09:23.731000,0 days 02:07:39.243000
2024-07-07 15:12:36.452,OnTrack,1786,-3997,2033,pos,0 days 01:09:23.911000,0 days 02:07:39.423000
2024-07-07 15:12:36.752,OnTrack,1638,-3900,2032,pos,0 days 01:09:24.211000,0 days 02:07:39.723000
2024-07-07 15:12:37.012,OnTrack,1512,-3787,2031,pos,0 days 01:09:24.471000,0 days 02:07:39.983000
2024-07-07 15:12:37.092,OnTrack,1477,-3750,2031,pos,0 days 01:09:24.551000,0 days 02:07:40.063000
2024-07-07 15:12:37.332,OnTrack,1378,-3630,2029,pos,0 days 01:09:24.791000,0 days 02:07:40.303000
2024-07-07 15:12:37.513,OnTrack,1311,-3532,2027,pos,0 days 01:09:24.972000,0 days 02:07:40.484000
2024-07-07 15:12:37.713,OnTrack,1243,-3418,2025,pos,0 days 01:09:25.172000,0 days 02:07:40.684000
2024-07-07 15:12:38.053,OnTrack,1135,-3214,2018,pos,0 days 01:09:25.512000,0 days 02:07:41.024000
2024-07-07 15:12:38.212,OnTrack,1087,-3123,2015,pos,0 days 01:09:25.671000,0 days 02:07:41.183000
2024-07-07 15:12:38.391,OnTrack,986,-2948,2008,pos,0 days 01:09:25.850000,0 days 02:07:41.362000
2024-07-07 15:12:38.771,OnTrack,819,-2699,1996,pos,0 days 01:09:26.230000,0 days 02:07:41.742000
2024-07-07 15:12:39.112,OnTrack,733,-2581,1991,pos,0 days 01:09:26.571000,0 days 02:07:42.083000
2024-07-07 15:12:39.332,OnTrack,636,-2451,1987,pos,0 days 01:09:26.791000,0 days 02:07:42.303000
2024-07-07 15:12:39.672,OnTrack,405,-2141,1985,pos,0 days 01:09:27.131000,0 days 02:07:42.643000
2024-07-07 15:12:40.072,OnTrack,289,-1988,1985,pos,0 days 01:09:27.531000,0 days 02:07:43.043000
2024-07-07 15:12:40.232,OnTrack,216,-1896,1986,pos,0 days 01:09:27.691000,0 days 02:07:43.203000
2024-07-07 15:12:40.391,OnTrack,141,-1804,1986,pos,0 days 01:09:27.850000,0 days 02:07:43.362000
2024-07-07 15:12:40.652,OnTrack,15,-1658,1986,pos,0 days 01:09:28.111000,0 days 02:07:43.623000
2024-07-07 15:12:40.832,OnTrack,-135,-1486,1985,pos,0 days 01:09:28.291000,0 days 02:07:43.803000
2024-07-07 15:12:41.352,OnTrack,-338,-1259,1981,pos,0 days 01:09:28.811000,0 days 02:07:44.323000
2024-07-07 15:12:41.752,OnTrack,-466,-1119,1978,pos,0 days 01:09:29.211000,0 days 02:07:44.723000
2024-07-07 15:12:42.132,OnTrack,-555,-1038,1977,pos,0 days 01:09:29.591000,0 days 02:07:45.103000
2024-07-07 15:12:42.232,OnTrack,-585,-1016,1976,pos,0 days 01:09:29.691000,0 days 02:07:45.203000
2024-07-07 15:12:42.532,OnTrack,-674,-963,1975,pos,0 days 01:09:29.991000,0 days 02:07:45.503000
2024-07-07 15:12:42.732,OnTrack,-764,-928,1976,pos,0 days 01:09:30.191000,0 days 02:07:45.703000
2024-07-07 15:12:43.072,OnTrack,-834,-915,1976,pos,0 days 01:09:30.531000,0 days 02:07:46.043000
2024-07-07 15:12:43.332,OnTrack,-915,-912,1976,pos,0 days 01:09:30.791000,0 days 02:07:46.303000
2024-07-07 15:12:43.493,OnTrack,-960,-916,1977,pos,0 days 01:09:30.952000,0 days 02:07:46.464000
2024-07-07 15:12:43.773,OnTrack,-1068,-950,1978,pos,0 days 01:09:31.232000,0 days 02:07:46.744000
2024-07-07 15:12:44.212,OnTrack,-1149,-1001,1979,pos,0 days 01:09:31.671000,0 days 02:07:47.183000
2024-07-07 15:12:44.313,OnTrack,-1174,-1020,1980,pos,0 days 01:09:31.772000,0 days 02:07:47.284000
2024-07-07 15:12:44.613,OnTrack,-1250,-1079,1981,pos,0 days 01:09:32.072000,0 days 02:07:47.584000
2024-07-07 15:12:44.813,OnTrack,-1304,-1116,1981,pos,0 days 01:09:32.272000,0 days 02:07:47.784000
2024-07-07 15:12:44.971,OnTrack,-1350,-1141,1981,pos,0 days 01:09:32.430000,0 days 02:07:47.942000
2024-07-07 15:12:45.211,OnTrack,-1421,-1166,1981,pos,0 days 01:09:32.670000,0 days 02:07:48.182000
2024-07-07 15:12:45.472,OnTrack,-1503,-1172,1981,pos,0 days 01:09:32.931000,0 days 02:07:48.443000
2024-07-07 15:12:45.632,OnTrack,-1555,-1166,1980,pos,0 days 01:09:33.091000,0 days 02:07:48.603000
2024-07-07 15:12:45.851,OnTrack,-1625,-1148,1979,pos,0 days 01:09:33.310000,0 days 02:07:48.822000
2024-07-07 15:12:46.052,OnTrack,-1688,-1126,1979,pos,0 days 01:09:33.511000,0 days 02:07:49.023000
2024-07-07 15:12:46.232,OnTrack,-1745,-1101,1978,pos,0 days 01:09:33.691000,0 days 02:07:49.203000
2024-07-07 15:12:46.351,OnTrack,-1781,-1082,1978,pos,0 days 01:09:33.810000,0 days 02:07:49.322000
2024-07-07 15:12:46.692,OnTrack,-1906,-989,1977,pos,0 days 01:09:34.151000,0 days 02:07:49.663000
2024-07-07 15:12:47.072,OnTrack,-1988,-897,1976,pos,0 days 01:09:34.531000,0 days 02:07:50.043000
2024-07-07 15:12:47.272,OnTrack,-2044,-826,1975,pos,0 days 01:09:34.731000,0 days 02:07:50.243000
2024-07-07 15:12:47.432,OnTrack,-2090,-768,1975,pos,0 days 01:09:34.891000,0 days 02:07:50.403000
2024-07-07 15:12:47.712,OnTrack,-2170,-641,1974,pos,0 days 01:09:35.171000,0 days 02:07:50.683000
2024-07-07 15:12:47.932,OnTrack,-2226,-517,1974,pos,0 days 01:09:35.391000,0 days 02:07:50.903000
2024-07-07 15:12:48.072,OnTrack,-2261,-410,1972,pos,0 days 01:09:35.531000,0 days 02:07:51.043000
2024-07-07 15:12:48.532,OnTrack,-2306,-171,1969,pos,0 days 01:09:35.991000,0 days 02:07:51.503000
2024-07-07 15:12:48.832,OnTrack,-2315,-17,1967,pos,0 days 01:09:36.291000,0 days 02:07:51.803000
2024-07-07 15:12:49.032,OnTrack,-2309,103,1966,pos,0 days 01:09:36.491000,0 days 02:07:52.003000
2024-07-07 15:12:49.192,OnTrack,-2296,201,1966,pos,0 days 01:09:36.651000,0 days 02:07:52.163000
2024-07-07 15:12:49.512,OnTrack,-2251,398,1963,pos,0 days 01:09:36.971000,0 days 02:07:52.483000
2024-07-07 15:12:49.673,OnTrack,-2216,496,1963,pos,0 days 01:09:37.132000,0 days 02:07:52.644000
2024-07-07 15:12:49.892,OnTrack,-2152,628,1962,pos,0 days 01:09:37.351000,0 days 02:07:52.863000
2024-07-07 15:12:50.192,OnTrack,-2036,822,1962,pos,0 days 01:09:37.651000,0 days 02:07:53.163000
2024-07-07 15:12:50.472,OnTrack,-1942,955,1962,pos,0 days 01:09:37.931000,0 days 02:07:53.443000
2024-07-07 15:12:50.773,OnTrack,-1768,1194,1963,pos,0 days 01:09:38.232000,0 days 02:07:53.744000
2024-07-07 15:12:51.012,OnTrack,-1717,1262,1964,pos,0 days 01:09:38.471000,0 days 02:07:53.983000
2024-07-07 15:12:51.393,OnTrack,-1547,1479,1965,pos,0 days 01:09:38.852000,0 days 02:07:54.364000
2024-07-07 15:12:51.551,OnTrack,-1427,1629,1966,pos,0 days 01:09:39.010000,0 days 02:07:54.522000
2024-07-07 15:12:52.031,OnTrack,-1257,1857,1969,pos,0 days 01:09:39.490000,0 days 02:07:55.002000
2024-07-07 15:12:52.212,OnTrack,-1176,1968,1970,pos,0 days 01:09:39.671000,0 days 02:07:55.183000
2024-07-07 15:12:52.371,OnTrack,-1104,2067,1972,pos,0 days 01:09:39.830000,0 days 02:07:55.342000
2024-07-07 15:12:52.552,OnTrack,-967,2255,1974,pos,0 days 01:09:40.011000,0 days 02:07:55.523000
2024-07-07 15:12:53.032,OnTrack,-755,2546,1979,pos,0 days 01:09:40.491000,0 days 02:07:56.003000
2024-07-07 15:12:53.352,OnTrack,-654,2688,1981,pos,0 days 01:09:40.811000,0 days 02:07:56.323000
2024-07-07 15:12:53.672,OnTrack,-500,2911,1985,pos,0 days 01:09:41.131000,0 days 02:07:56.643000
2024-07-07 15:12:53.912,OnTrack,-401,3058,1988,pos,0 days 01:09:41.371000,0 days 02:07:56.883000
2024-07-07 15:12:54.152,OnTrack,-295,3219,1991,pos,0 days 01:09:41.611000,0 days 02:07:57.123000
2024-07-07 15:12:54.372,OnTrack,-200,3361,1994,pos,0 days 01:09:41.831000,0 days 02:07:57.343000
2024-07-07 15:12:54.532,OnTrack,-121,3475,1995,pos,0 days 01:09:41.991000,0 days 02:07:57.503000
2024-07-07 15:12:54.772,OnTrack,-6,3634,1997,pos,0 days 01:09:42.231000,0 days 02:07:57.743000
2024-07-07 15:12:55.092,OnTrack,217,3918,2004,pos,0 days 01:09:42.551000,0 days 02:07:58.063000
2024-07-07 15:12:55.492,OnTrack,440,4154,2010,pos,0 days 01:09:42.951000,0 days 02:07:58.463000
2024-07-07 15:12:55.852,OnTrack,587,4277,2011,pos,0 days 01:09:43.311000,0 days 02:07:58.823000
2024-07-07 15:12:56.112,OnTrack,763,4382,2013,pos,0 days 01:09:43.571000,0 days 02:07:59.083000
2024-07-07 15:12:56.312,OnTrack,911,4442,2014,pos,0 days 01:09:43.771000,0 days 02:07:59.283000
2024-07-07 15:12:56.533,OnTrack,1081,4488,2015,pos,0 days 01:09:43.992000,0 days 02:07:59.504000
2024-07-07 15:12:56.692,OnTrack,1208,4507,2016,pos,0 days 01:09:44.151000,0 days 02:07:59.663000
2024-07-07 15:12:56.952,OnTrack,1530,4520,2020,pos,0 days 01:09:44.411000,0 days 02:07:59.923000
2024-07-07 15:12:57.333,OnTrack,1714,4510,2022,pos,0 days 01:09:44.792000,0 days 02:08:00.304000
2024-07-07 15:12:57.552,OnTrack,1898,4489,2025,pos,0 days 01:09:45.011000,0 days 02:08:00.523000
2024-07-07 15:12:57.752,OnTrack,2058,4466,2026,pos,0 days 01:09:45.211000,0 days 02:08:00.723000
2024-07-07 15:12:57.973,OnTrack,2233,4447,2027,pos,0 days 01:09:45.432000,0 days 02:08:00.944000
2024-07-07 15:12:58.252,OnTrack,2571,4441,2031,pos,0 days 01:09:45.711000,0 days 02:08:01.223000
2024-07-07 15:12:58.512,OnTrack,2666,4448,2033,pos,0 days 01:09:45.971000,0 days 02:08:01.483000
2024-07-07 15:12:58.812,OnTrack,3016,4524,2038,pos,0 days 01:09:46.271000,0 days 02:08:01.783000
2024-07-07 15:12:59.232,OnTrack,3280,4641,2043,pos,0 days 01:09:46.691000,0 days 02:08:02.203000
2024-07-07 15:12:59.512,OnTrack,3431,4735,2045,pos,0 days 01:09:46.971000,0 days 02:08:02.483000
2024-07-07 15:12:59.872,OnTrack,3656,4915,2049,pos,0 days 01:09:47.331000,0 days 02:08:02.843000
2024-07-07 15:13:00.072,OnTrack,3806,5060,2049,pos,0 days 01:09:47.531000,0 days 02:08:03.043000
2024-07-07 15:13:00.492,OnTrack,4007,5263,2051,pos,0 days 01:09:47.951000,0 days 02:08:03.463000
2024-07-07 15:13:00.712,OnTrack,4129,5379,2051,pos,0 days 01:09:48.171000,0 days 02:08:03.683000
2024-07-07 15:13:00.892,OnTrack,4223,5467,2052,pos,0 days 01:09:48.351000,0 days 02:08:03.863000
2024-07-07 15:13:01.132,OnTrack,4349,5578,2053,pos,0 days 01:09:48.591000,0 days 02:08:04.103000
2024-07-07 15:13:01.292,OnTrack,4481,5689,2054,pos,0 days 01:09:48.751000,0 days 02:08:04.263000
2024-07-07 15:13:01.673,OnTrack,4572,5763,2055,pos,0 days 01:09:49.132000,0 days 02:08:04.644000
2024-07-07 15:13:01.872,OnTrack,4628,5804,2055,pos,0 days 01:09:49.331000,0 days 02:08:04.843000
2024-07-07 15:13:02.172,OnTrack,4754,5874,2054,pos,0 days 01:09:49.631000,0 days 02:08:05.143000
2024-07-07 15:13:02.513,OnTrack,4842,5896,2054,pos,0 days 01:09:49.972000,0 days 02:08:05.484000
2024-07-07 15:13:02.672,OnTrack,4897,5901,2054,pos,0 days 01:09:50.131000,0 days 02:08:05.643000
2024-07-07 15:13:02.892,OnTrack,4971,5897,2053,pos,0 days 01:09:50.351000,0 days 02:08:05.863000
2024-07-07 15:13:03.053,OnTrack,5021,5889,2053,pos,0 days 01:09:50.512000,0 days 02:08:06.024000
2024-07-07 15:13:03.272,OnTrack,5086,5869,2054,pos,0 days 01:09:50.731000,0 days 02:08:06.243000
2024-07-07 15:13:03.553,OnTrack,5162,5828,2055,pos,0 days 01:09:51.012000,0 days 02:08:06.524000
2024-07-07 15:13:03.833,OnTrack,5228,5775,2057,pos,0 days 01:09:51.292000,0 days 02:08:06.804000
2024-07-07 15:13:04.012,OnTrack,5279,5716,2058,pos,0 days 01:09:51.471000,0 days 02:08:06.983000
2024-07-07 15:13:04.312,OnTrack,5313,5657,2059,pos,0 days 01:09:51.771000,0 days 02:08:07.283000
2024-07-07 15:13:04.473,OnTrack,5333,5609,2059,pos,0 days 01:09:51.932000,0 days 02:08:07.444000
2024-07-07 15:13:04.752,OnTrack,5361,5519,2060,pos,0 days 01:09:52.211000,0 days 02:08:07.723000
2024-07-07 15:13:05.032,OnTrack,5381,5405,2060,pos,0 days 01:09:52.491000,0 days 02:08:08.003000
2024-07-07 15:13:05.411,OnTrack,5392,5281,2063,pos,0 days 01:09:52.870000,0 days 02:08:08.382000
2024-07-07 15:13:05.671,OnTrack,5403,5182,2065,pos,0 days 01:09:53.130000,0 days 02:08:08.642000
2024-07-07 15:13:05.832,OnTrack,5423,5081,2065,pos,0 days 01:09:53.291000,0 days 02:08:08.803000
2024-07-07 15:13:06.132,OnTrack,5446,5014,2066,pos,0 days 01:09:53.591000,0 days 02:08:09.103000
2024-07-07 15:13:06.352,OnTrack,5479,4950,2066,pos,0 days 01:09:53.811000,0 days 02:08:09.323000
2024-07-07 15:13:06.612,OnTrack,5525,4884,2066,pos,0 days 01:09:54.071000,0 days 02:08:09.583000
2024-07-07 15:13:06.811,OnTrack,5565,4840,2065,pos,0 days 01:09:54.270000,0 days 02:08:09.782000
2024-07-07 15:13:06.992,OnTrack,5603,4806,2065,pos,0 days 01:09:54.451000,0 days 02:08:09.963000
2024-07-07 15:13:07.172,OnTrack,5643,4776,2064,pos,0 days 01:09:54.631000,0 days 02:08:10.143000
2024-07-07 15:13:07.452,OnTrack,5708,4743,2065,pos,0 days 01:09:54.911000,0 days 02:08:10.423000
2024-07-07 15:13:07.592,OnTrack,5741,4733,2064,pos,0 days 01:09:55.051000,0 days 02:08:10.563000
2024-07-07 15:13:07.772,OnTrack,5785,4730,2065,pos,0 days 01:09:55.231000,0 days 02:08:10.743000
2024-07-07 15:13:08.072,OnTrack,5854,4749,2064,pos,0 days 01:09:55.531000,0 days 02:08:11.043000
2024-07-07 15:13:08.272,OnTrack,5897,4775,2063,pos,0 days 01:09:55.731000,0 days 02:08:11.243000
2024-07-07 15:13:08.492,OnTrack,5941,4811,2064,pos,0 days 01:09:55.951000,0 days 02:08:11.463000
2024-07-07 15:13:08.692,OnTrack,5978,4848,2064,pos,0 days 01:09:56.151000,0 days 02:08:11.663000
2024-07-07 15:13:08.872,OnTrack,6007,4881,2064,pos,0 days 01:09:56.331000,0 days 02:08:11.843000
2024-07-07 15:13:09.192,OnTrack,6071,4969,2065,pos,0 days 01:09:56.651000,0 days 02:08:12.163000
2024-07-07 15:13:09.452,OnTrack,6103,5020,2065,pos,0 days 01:09:56.911000,0 days 02:08:12.423000
2024-07-07 15:13:09.692,OnTrack,6158,5130,2065,pos,0 days 01:09:57.151000,0 days 02:08:12.663000
2024-07-07 15:13:10.212,OnTrack,6227,5316,2065,pos,0 days 01:09:57.671000,0 days 02:08:13.183000
2024-07-07 15:13:10.453,OnTrack,6239,5357,2065,pos,0 days 01:09:57.912000,0 days 02:08:13.424000
2024-07-07 15:13:10.693,OnTrack,6268,5461,2065,pos,0 days 01:09:58.152000,0 days 02:08:13.664000
2024-07-07 15:13:10.892,OnTrack,6290,5553,2065,pos,0 days 01:09:58.351000,0 days 02:08:13.863000
2024-07-07 15:13:11.052,OnTrack,6304,5626,2065,pos,0 days 01:09:58.511000,0 days 02:08:14.023000
2024-07-07 15:13:11.411,OnTrack,6332,5865,2064,pos,0 days 01:09:58.870000,0 days 02:08:14.382000
2024-07-07 15:13:11.572,OnTrack,6332,5953,2064,pos,0 days 01:09:59.031000,0 days 02:08:14.543000
2024-07-07 15:13:11.812,OnTrack,6319,6123,2064,pos,0 days 01:09:59.271000,0 days 02:08:14.783000
2024-07-07 15:13:12.132,OnTrack,6292,6275,2063,pos,0 days 01:09:59.591000,0 days 02:08:15.103000
2024-07-07 15:13:12.452,OnTrack,6236,6462,2062,pos,0 days 01:09:59.911000,0 days 02:08:15.423000
2024-07-07 15:13:12.632,OnTrack,6192,6565,2063,pos,0 days 01:10:00.091000,0 days 02:08:15.603000
2024-07-07 15:13:12.812,OnTrack,6092,6747,2063,pos,0 days 01:10:00.271000,0 days 02:08:15.783000
2024-07-07 15:13:13.252,OnTrack,5977,6907,2064,pos,0 days 01:10:00.711000,0 days 02:08:16.223000
2024-07-07 15:13:13.412,OnTrack,5908,6989,2064,pos,0 days 01:10:00.871000,0 days 02:08:16.383000
2024-07-07 15:13:13.591,OnTrack,5823,7076,2064,pos,0 days 01:10:01.050000,0 days 02:08:16.562000
2024-07-07 15:13:13.752,OnTrack,5742,7150,2064,pos,0 days 01:10:01.211000,0 days 02:08:16.723000
2024-07-07 15:13:14.012,OnTrack,5602,7266,2064,pos,0 days 01:10:01.471000,0 days 02:08:16.983000
2024-07-07 15:13:14.252,OnTrack,5469,7370,2064,pos,0 days 01:10:01.711000,0 days 02:08:17.223000
2024-07-07 15:13:14.532,OnTrack,5264,7527,2064,pos,0 days 01:10:01.991000,0 days 02:08:17.503000
2024-07-07 15:13:14.952,OnTrack,5072,7683,2064,pos,0 days 01:10:02.411000,0 days 02:08:17.923000
2024-07-07 15:13:15.112,OnTrack,4983,7758,2064,pos,0 days 01:10:02.571000,0 days 02:08:18.083000
2024-07-07 15:13:15.372,OnTrack,4787,7924,2064,pos,0 days 01:10:02.831000,0 days 02:08:18.343000
2024-07-07 15:13:15.752,OnTrack,4627,8062,2065,pos,0 days 01:10:03.211000,0 days 02:08:18.723000
2024-07-07 15:13:15.833,OnTrack,4581,8101,2065,pos,0 days 01:10:03.292000,0 days 02:08:18.804000
2024-07-07 15:13:16.153,OnTrack,4401,8256,2064,pos,0 days 01:10:03.612000,0 days 02:08:19.124000
2024-07-07 15:13:16.373,OnTrack,4266,8371,2064,pos,0 days 01:10:03.832000,0 days 02:08:19.344000
2024-07-07 15:13:16.532,OnTrack,4172,8452,2064,pos,0 days 01:10:03.991000,0 days 02:08:19.503000
2024-07-07 15:13:16.792,OnTrack,3982,8615,2063,pos,0 days 01:10:04.251000,0 days 02:08:19.763000
2024-07-07 15:13:17.092,OnTrack,3839,8738,2063,pos,0 days 01:10:04.551000,0 days 02:08:20.063000
2024-07-07 15:13:17.292,OnTrack,3720,8843,2063,pos,0 days 01:10:04.751000,0 days 02:08:20.263000
2024-07-07 15:13:17.473,OnTrack,3613,8938,2063,pos,0 days 01:10:04.932000,0 days 02:08:20.444000
2024-07-07 15:13:17.672,OnTrack,3493,9043,2063,pos,0 days 01:10:05.131000,0 days 02:08:20.643000
2024-07-07 15:13:17.931,OnTrack,3336,9180,2064,pos,0 days 01:10:05.390000,0 days 02:08:20.902000
2024-07-07 15:13:18.171,OnTrack,3197,9302,2064,pos,0 days 01:10:05.630000,0 days 02:08:21.142000
2024-07-07 15:13:18.991,OnTrack,2693,9741,2060,pos,0 days 01:10:06.450000,0 days 02:08:21.962000
2024-07-07 15:13:19.172,OnTrack,2584,9836,2059,pos,0 days 01:10:06.631000,0 days 02:08:22.143000
2024-07-07 15:13:19.352,OnTrack,2475,9931,2057,pos,0 days 01:10:06.811000,0 days 02:08:22.323000
2024-07-07 15:13:19.512,OnTrack,2379,10016,2056,pos,0 days 01:10:06.971000,0 days 02:08:22.483000
2024-07-07 15:13:19.812,OnTrack,2200,10176,2053,pos,0 days 01:10:07.271000,0 days 02:08:22.783000
2024-07-07 15:13:20.052,OnTrack,2031,10327,2050,pos,0 days 01:10:07.511000,0 days 02:08:23.023000
2024-07-07 15:13:20.411,OnTrack,1843,10495,2047,pos,0 days 01:10:07.870000,0 days 02:08:23.382000
2024-07-07 15:13:20.652,OnTrack,1699,10615,2045,pos,0 days 01:10:08.111000,0 days 02:08:23.623000
2024-07-07 15:13:20.832,OnTrack,1591,10699,2043,pos,0 days 01:10:08.291000,0 days 02:08:23.803000
2024-07-07 15:13:21.012,OnTrack,1487,10769,2042,pos,0 days 01:10:08.471000,0 days 02:08:23.983000
2024-07-07 15:13:21.212,OnTrack,1369,10835,2040,pos,0 days 01:10:08.671000,0 days 02:08:24.183000
2024-07-07 15:13:21.372,OnTrack,1283,10874,2038,pos,0 days 01:10:08.831000,0 days 02:08:24.343000
2024-07-07 15:13:21.692,OnTrack,1045,10942,2036,pos,0 days 01:10:09.151000,0 days 02:08:24.663000
2024-07-07 15:13:22.093,OnTrack,854,10949,2034,pos,0 days 01:10:09.552000,0 days 02:08:25.064000
2024-07-07 15:13:22.472,OnTrack,659,10924,2033,pos,0 days 01:10:09.931000,0 days 02:08:25.443000
2024-07-07 15:13:22.893,OnTrack,531,10871,2032,pos,0 days 01:10:10.352000,0 days 02:08:25.864000
2024-07-07 15:13:23.072,OnTrack,463,10830,2032,pos,0 days 01:10:10.531000,0 days 02:08:26.043000
2024-07-07 15:13:23.332,OnTrack,344,10706,2032,pos,0 days 01:10:10.791000,0 days 02:08:26.303000
2024-07-07 15:13:23.713,OnTrack,265,10565,2033,pos,0 days 01:10:11.172000,0 days 02:08:26.684000
2024-07-07 15:13:23.993,OnTrack,237,10499,2033,pos,0 days 01:10:11.452000,0 days 02:08:26.964000
2024-07-07 15:13:24.353,OnTrack,200,10343,2033,pos,0 days 01:10:11.812000,0 days 02:08:27.324000
2024-07-07 15:13:24.592,OnTrack,191,10229,2033,pos,0 days 01:10:12.051000,0 days 02:08:27.563000
2024-07-07 15:13:24.751,OnTrack,187,10156,2034,pos,0 days 01:10:12.210000,0 days 02:08:27.722000
2024-07-07 15:13:24.812,OnTrack,186,10121,2034,pos,0 days 01:10:12.271000,0 days 02:08:27.783000
2024-07-07 15:13:25.132,OnTrack,167,9895,2036,pos,0 days 01:10:12.591000,0 days 02:08:28.103000
2024-07-07 15:13:25.512,OnTrack,117,9742,2037,pos,0 days 01:10:12.971000,0 days 02:08:28.483000
2024-07-07 15:13:25.872,OnTrack,67,9658,2039,pos,0 days 01:10:13.331000,0 days 02:08:28.843000
2024-07-07 15:13:26.131,OnTrack,0,9583,2039,pos,0 days 01:10:13.590000,0 days 02:08:29.102000
2024-07-07 15:13:26.312,OnTrack,-51,9541,2040,pos,0 days 01:10:13.771000,0 days 02:08:29.283000
2024-07-07 15:13:26.512,OnTrack,-110,9502,2040,pos,0 days 01:10:13.971000,0 days 02:08:29.483000
2024-07-07 15:13:26.692,OnTrack,-165,9475,2041,pos,0 days 01:10:14.151000,0 days 02:08:29.663000
2024-07-07 15:13:27.032,OnTrack,-297,9442,2041,pos,0 days 01:10:14.491000,0 days 02:08:30.003000
2024-07-07 15:13:27.312,OnTrack,-361,9443,2040,pos,0 days 01:10:14.771000,0 days 02:08:30.283000
2024-07-07 15:13:27.513,OnTrack,-418,9454,2040,pos,0 days 01:10:14.972000,0 days 02:08:30.484000
2024-07-07 15:13:27.832,OnTrack,-514,9499,2039,pos,0 days 01:10:15.291000,0 days 02:08:30.803000
2024-07-07 15:13:27.912,OnTrack,-534,9512,2039,pos,0 days 01:10:15.371000,0 days 02:08:30.883000
2024-07-07 15:13:28.292,OnTrack,-629,9602,2036,pos,0 days 01:10:15.751000,0 days 02:08:31.263000
2024-07-07 15:13:28.472,OnTrack,-667,9654,2036,pos,0 days 01:10:15.931000,0 days 02:08:31.443000
2024-07-07 15:13:28.652,OnTrack,-699,9711,2035,pos,0 days 01:10:16.111000,0 days 02:08:31.623000
2024-07-07 15:13:28.873,OnTrack,-742,9818,2033,pos,0 days 01:10:16.332000,0 days 02:08:31.844000
2024-07-07 15:13:29.332,OnTrack,-773,9970,2032,pos,0 days 01:10:16.791000,0 days 02:08:32.303000
2024-07-07 15:13:29.532,OnTrack,-776,10056,2031,pos,0 days 01:10:16.991000,0 days 02:08:32.503000
2024-07-07 15:13:29.713,OnTrack,-773,10136,2031,pos,0 days 01:10:17.172000,0 days 02:08:32.684000
2024-07-07 15:13:29.932,OnTrack,-762,10239,2031,pos,0 days 01:10:17.391000,0 days 02:08:32.903000
2024-07-07 15:13:29.993,OnTrack,-758,10268,2031,pos,0 days 01:10:17.452000,0 days 02:08:32.964000
2024-07-07 15:13:30.212,OnTrack,-735,10376,2030,pos,0 days 01:10:17.671000,0 days 02:08:33.183000
2024-07-07 15:13:30.412,OnTrack,-704,10488,2028,pos,0 days 01:10:17.871000,0 days 02:08:33.383000
2024-07-07 15:13:30.692,OnTrack,-651,10632,2026,pos,0 days 01:10:18.151000,0 days 02:08:33.663000
2024-07-07 15:13:30.853,OnTrack,-616,10716,2025,pos,0 days 01:10:18.312000,0 days 02:08:33.824000
2024-07-07 15:13:31.172,OnTrack,-539,10879,2023,pos,0 days 01:10:18.631000,0 days 02:08:34.143000
2024-07-07 15:13:31.332,OnTrack,-491,10971,2022,pos,0 days 01:10:18.791000,0 days 02:08:34.303000
2024-07-07 15:13:31.551,OnTrack,-384,11169,2021,pos,0 days 01:10:19.010000,0 days 02:08:34.522000
2024-07-07 15:13:31.972,OnTrack,-291,11324,2021,pos,0 days 01:10:19.431000,0 days 02:08:34.943000
2024-07-07 15:13:32.132,OnTrack,-232,11411,2021,pos,0 days 01:10:19.591000,0 days 02:08:35.103000
2024-07-07 15:13:32.391,OnTrack,-129,11552,2021,pos,0 days 01:10:19.850000,0 days 02:08:35.362000
2024-07-07 15:13:32.592,OnTrack,-44,11658,2021,pos,0 days 01:10:20.051000,0 days 02:08:35.563000
2024-07-07 15:13:32.852,OnTrack,95,11814,2022,pos,0 days 01:10:20.311000,0 days 02:08:35.823000
2024-07-07 15:13:33.232,OnTrack,326,12036,2024,pos,0 days 01:10:20.691000,0 days 02:08:36.203000
2024-07-07 15:13:33.552,OnTrack,442,12134,2024,pos,0 days 01:10:21.011000,0 days 02:08:36.523000
2024-07-07 15:13:33.852,OnTrack,619,12266,2024,pos,0 days 01:10:21.311000,0 days 02:08:36.823000
2024-07-07 15:13:33.992,OnTrack,705,12324,2024,pos,0 days 01:10:21.451000,0 days 02:08:36.963000
2024-07-07 15:13:34.292,OnTrack,983,12472,2025,pos,0 days 01:10:21.751000,0 days 02:08:37.263000
2024-07-07 15:13:34.593,OnTrack,1110,12526,2025,pos,0 days 01:10:22.052000,0 days 02:08:37.564000
2024-07-07 15:13:34.792,OnTrack,1253,12580,2025,pos,0 days 01:10:22.251000,0 days 02:08:37.763000
2024-07-07 15:13:35.032,OnTrack,1429,12636,2025,pos,0 days 01:10:22.491000,0 days 02:08:38.003000
2024-07-07 15:13:35.272,OnTrack,1610,12685,2025,pos,0 days 01:10:22.731000,0 days 02:08:38.243000
2024-07-07 15:13:35.512,OnTrack,1902,12745,2027,pos,0 days 01:10:22.971000,0 days 02:08:38.483000
2024-07-07 15:13:35.812,OnTrack,2033,12766,2028,pos,0 days 01:10:23.271000,0 days 02:08:38.783000
2024-07-07 15:13:35.993,OnTrack,2179,12785,2029,pos,0 days 01:10:23.452000,0 days 02:08:38.964000
2024-07-07 15:13:36.192,OnTrack,2337,12804,2030,pos,0 days 01:10:23.651000,0 days 02:08:39.163000
2024-07-07 15:13:36.452,OnTrack,2546,12826,2031,pos,0 days 01:10:23.911000,0 days 02:08:39.423000
2024-07-07 15:13:36.672,OnTrack,2836,12856,2034,pos,0 days 01:10:24.131000,0 days 02:08:39.643000
2024-07-07 15:13:37.093,OnTrack,3062,12879,2036,pos,0 days 01:10:24.552000,0 days 02:08:40.064000
2024-07-07 15:13:37.252,OnTrack,3191,12892,2038,pos,0 days 01:10:24.711000,0 days 02:08:40.223000
2024-07-07 15:13:37.472,OnTrack,3467,12923,2039,pos,0 days 01:10:24.931000,0 days 02:08:40.443000
2024-07-07 15:13:37.912,OnTrack,3728,12951,2039,pos,0 days 01:10:25.371000,0 days 02:08:40.883000
2024-07-07 15:13:38.172,OnTrack,3989,12981,2043,pos,0 days 01:10:25.631000,0 days 02:08:41.143000
2024-07-07 15:13:38.532,OnTrack,4233,13012,2044,pos,0 days 01:10:25.991000,0 days 02:08:41.503000
2024-07-07 15:13:38.692,OnTrack,4363,13029,2045,pos,0 days 01:10:26.151000,0 days 02:08:41.663000
2024-07-07 15:13:38.992,OnTrack,4606,13061,2047,pos,0 days 01:10:26.451000,0 days 02:08:41.963000
2024-07-07 15:13:39.072,OnTrack,4670,13070,2047,pos,0 days 01:10:26.531000,0 days 02:08:42.043000
2024-07-07 15:13:39.332,OnTrack,4880,13093,2048,pos,0 days 01:10:26.791000,0 days 02:08:42.303000
2024-07-07 15:13:39.632,OnTrack,5233,13115,2049,pos,0 days 01:10:27.091000,0 days 02:08:42.603000
2024-07-07 15:13:40.011,OnTrack,5419,13100,2050,pos,0 days 01:10:27.470000,0 days 02:08:42.982000
2024-07-07 15:13:40.072,OnTrack,5466,13091,2050,pos,0 days 01:10:27.531000,0 days 02:08:43.043000
2024-07-07 15:13:40.252,OnTrack,5605,13059,2051,pos,0 days 01:10:27.711000,0 days 02:08:43.223000
2024-07-07 15:13:40.492,OnTrack,5779,12998,2052,pos,0 days 01:10:27.951000,0 days 02:08:43.463000
2024-07-07 15:13:40.752,OnTrack,5955,12905,2053,pos,0 days 01:10:28.211000,0 days 02:08:43.723000
2024-07-07 15:13:40.992,OnTrack,6105,12797,2054,pos,0 days 01:10:28.451000,0 days 02:08:43.963000
2024-07-07 15:13:41.192,OnTrack,6220,12697,2055,pos,0 days 01:10:28.651000,0 days 02:08:44.163000
2024-07-07 15:13:41.452,OnTrack,6347,12549,2056,pos,0 days 01:10:28.911000,0 days 02:08:44.423000
2024-07-07 15:13:41.652,OnTrack,6455,12371,2057,pos,0 days 01:10:29.111000,0 days 02:08:44.623000
2024-07-07 15:13:41.933,OnTrack,6524,12224,2058,pos,0 days 01:10:29.392000,0 days 02:08:44.904000
2024-07-07 15:13:42.112,OnTrack,6576,12095,2059,pos,0 days 01:10:29.571000,0 days 02:08:45.083000
2024-07-07 15:13:42.412,OnTrack,6674,11786,2061,pos,0 days 01:10:29.871000,0 days 02:08:45.383000
2024-07-07 15:13:42.813,OnTrack,6729,11577,2062,pos,0 days 01:10:30.272000,0 days 02:08:45.784000
2024-07-07 15:13:43.053,OnTrack,6772,11396,2064,pos,0 days 01:10:30.512000,0 days 02:08:46.024000
2024-07-07 15:13:43.132,OnTrack,6786,11335,2065,pos,0 days 01:10:30.591000,0 days 02:08:46.103000
2024-07-07 15:13:43.393,OnTrack,6827,11135,2066,pos,0 days 01:10:30.852000,0 days 02:08:46.364000
2024-07-07 15:13:43.712,OnTrack,6876,10843,2068,pos,0 days 01:10:31.171000,0 days 02:08:46.683000
2024-07-07 15:13:44.052,OnTrack,6907,10623,2070,pos,0 days 01:10:31.511000,0 days 02:08:47.023000
2024-07-07 15:13:44.192,OnTrack,6920,10512,2071,pos,0 days 01:10:31.651000,0 days 02:08:47.163000
2024-07-07 15:13:44.532,OnTrack,6953,10176,2073,pos,0 days 01:10:31.991000,0 days 02:08:47.503000
2024-07-07 15:13:44.831,OnTrack,6965,9999,2074,pos,0 days 01:10:32.290000,0 days 02:08:47.802000
2024-07-07 15:13:45.072,OnTrack,6975,9804,2074,pos,0 days 01:10:32.531000,0 days 02:08:48.043000
2024-07-07 15:13:45.312,OnTrack,6980,9609,2075,pos,0 days 01:10:32.771000,0 days 02:08:48.283000
2024-07-07 15:13:45.492,OnTrack,6983,9461,2075,pos,0 days 01:10:32.951000,0 days 02:08:48.463000
2024-07-07 15:13:45.812,OnTrack,6991,9199,2074,pos,0 days 01:10:33.271000,0 days 02:08:48.783000
2024-07-07 15:13:46.032,OnTrack,6999,9033,2073,pos,0 days 01:10:33.491000,0 days 02:08:49.003000
2024-07-07 15:13:46.232,OnTrack,7013,8871,2072,pos,0 days 01:10:33.691000,0 days 02:08:49.203000
2024-07-07 15:13:46.372,OnTrack,7043,8658,2071,pos,0 days 01:10:33.831000,0 days 02:08:49.343000
2024-07-07 15:13:46.792,OnTrack,7091,8413,2070,pos,0 days 01:10:34.251000,0 days 02:08:49.763000
2024-07-07 15:13:47.052,OnTrack,7144,8203,2068,pos,0 days 01:10:34.511000,0 days 02:08:50.023000
2024-07-07 15:13:47.132,OnTrack,7163,8138,2067,pos,0 days 01:10:34.591000,0 days 02:08:50.103000
2024-07-07 15:13:47.332,OnTrack,7212,7980,2065,pos,0 days 01:10:34.791000,0 days 02:08:50.303000
2024-07-07 15:13:47.572,OnTrack,7279,7792,2063,pos,0 days 01:10:35.031000,0 days 02:08:50.543000
2024-07-07 15:13:47.752,OnTrack,7334,7652,2061,pos,0 days 01:10:35.211000,0 days 02:08:50.723000
2024-07-07 15:13:47.992,OnTrack,7408,7466,2060,pos,0 days 01:10:35.451000,0 days 02:08:50.963000
2024-07-07 15:13:48.312,OnTrack,7493,7220,2058,pos,0 days 01:10:35.771000,0 days 02:08:51.283000
2024-07-07 15:13:48.513,OnTrack,7524,7080,2058,pos,0 days 01:10:35.972000,0 days 02:08:51.484000
2024-07-07 15:13:48.692,OnTrack,7539,6945,2058,pos,0 days 01:10:36.151000,0 days 02:08:51.663000
2024-07-07 15:13:48.912,OnTrack,7532,6774,2058,pos,0 days 01:10:36.371000,0 days 02:08:51.883000
2024-07-07 15:13:49.112,OnTrack,7508,6617,2058,pos,0 days 01:10:36.571000,0 days 02:08:52.083000
2024-07-07 15:13:49.272,OnTrack,7483,6496,2059,pos,0 days 01:10:36.731000,0 days 02:08:52.243000
2024-07-07 15:13:49.532,OnTrack,7429,6272,2061,pos,0 days 01:10:36.991000,0 days 02:08:52.503000
2024-07-07 15:13:49.913,OnTrack,7368,6020,2062,pos,0 days 01:10:37.372000,0 days 02:08:52.884000
2024-07-07 15:13:50.072,OnTrack,7345,5901,2063,pos,0 days 01:10:37.531000,0 days 02:08:53.043000
2024-07-07 15:13:50.193,OnTrack,7331,5813,2063,pos,0 days 01:10:37.652000,0 days 02:08:53.164000
2024-07-07 15:13:50.473,OnTrack,7316,5614,2063,pos,0 days 01:10:37.932000,0 days 02:08:53.444000
2024-07-07 15:13:50.673,OnTrack,7324,5479,2062,pos,0 days 01:10:38.132000,0 days 02:08:53.644000
2024-07-07 15:13:50.912,OnTrack,7357,5322,2061,pos,0 days 01:10:38.371000,0 days 02:08:53.883000
2024-07-07 15:13:51.071,OnTrack,7394,5220,2060,pos,0 days 01:10:38.530000,0 days 02:08:54.042000
2024-07-07 15:13:51.272,OnTrack,7451,5097,2059,pos,0 days 01:10:38.731000,0 days 02:08:54.243000
2024-07-07 15:13:51.452,OnTrack,7512,4990,2057,pos,0 days 01:10:38.911000,0 days 02:08:54.423000
2024-07-07 15:13:51.812,OnTrack,7673,4717,2053,pos,0 days 01:10:39.271000,0 days 02:08:54.783000
2024-07-07 15:13:52.092,OnTrack,7715,4630,2052,pos,0 days 01:10:39.551000,0 days 02:08:55.063000
2024-07-07 15:13:52.412,OnTrack,7785,4375,2049,pos,0 days 01:10:39.871000,0 days 02:08:55.383000
2024-07-07 15:13:52.852,OnTrack,7773,4137,2044,pos,0 days 01:10:40.311000,0 days 02:08:55.823000
2024-07-07 15:13:53.292,OnTrack,7720,3958,2041,pos,0 days 01:10:40.751000,0 days 02:08:56.263000
2024-07-07 15:13:53.432,OnTrack,7687,3882,2040,pos,0 days 01:10:40.891000,0 days 02:08:56.403000
2024-07-07 15:13:53.592,OnTrack,7643,3798,2040,pos,0 days 01:10:41.051000,0 days 02:08:56.563000
2024-07-07 15:13:53.913,OnTrack,7524,3632,2037,pos,0 days 01:10:41.372000,0 days 02:08:56.884000
2024-07-07 15:13:54.152,OnTrack,7429,3538,2036,pos,0 days 01:10:41.611000,0 days 02:08:57.123000
2024-07-07 15:13:54.512,OnTrack,7237,3411,2033,pos,0 days 01:10:41.971000,0 days 02:08:57.483000
2024-07-07 15:13:54.672,OnTrack,7145,3361,2032,pos,0 days 01:10:42.131000,0 days 02:08:57.643000
2024-07-07 15:13:54.832,OnTrack,7050,3313,2031,pos,0 days 01:10:42.291000,0 days 02:08:57.803000
2024-07-07 15:13:54.993,OnTrack,6958,3261,2030,pos,0 days 01:10:42.452000,0 days 02:08:57.964000
2024-07-07 15:13:55.192,OnTrack,6850,3186,2029,pos,0 days 01:10:42.651000,0 days 02:08:58.163000
2024-07-07 15:13:55.532,OnTrack,6648,2996,2028,pos,0 days 01:10:42.991000,0 days 02:08:58.503000
2024-07-07 15:13:55.893,OnTrack,6505,2838,2027,pos,0 days 01:10:43.352000,0 days 02:08:58.864000
2024-07-07 15:13:56.072,OnTrack,6426,2739,2027,pos,0 days 01:10:43.531000,0 days 02:08:59.043000
2024-07-07 15:13:56.332,OnTrack,6312,2577,2027,pos,0 days 01:10:43.791000,0 days 02:08:59.303000
2024-07-07 15:13:56.472,OnTrack,6258,2490,2026,pos,0 days 01:10:43.931000,0 days 02:08:59.443000
2024-07-07 15:13:56.673,OnTrack,6184,2361,2026,pos,0 days 01:10:44.132000,0 days 02:08:59.644000
2024-07-07 15:13:57.013,OnTrack,6039,2083,2025,pos,0 days 01:10:44.472000,0 days 02:08:59.984000
2024-07-07 15:13:57.351,OnTrack,5952,1907,2024,pos,0 days 01:10:44.810000,0 days 02:09:00.322000
2024-07-07 15:13:57.592,OnTrack,5845,1687,2024,pos,0 days 01:10:45.051000,0 days 02:09:00.563000
2024-07-07 15:13:58.032,OnTrack,5711,1409,2022,pos,0 days 01:10:45.491000,0 days 02:09:01.003000
2024-07-07 15:13:58.352,OnTrack,5617,1212,2021,pos,0 days 01:10:45.811000,0 days 02:09:01.323000
2024-07-07 15:13:58.552,OnTrack,5550,1070,2020,pos,0 days 01:10:46.011000,0 days 02:09:01.523000
2024-07-07 15:13:58.732,OnTrack,5492,949,2019,pos,0 days 01:10:46.191000,0 days 02:09:01.703000
2024-07-07 15:13:58.992,OnTrack,5403,763,2018,pos,0 days 01:10:46.451000,0 days 02:09:01.963000
2024-07-07 15:13:59.152,OnTrack,5348,648,2017,pos,0 days 01:10:46.611000,0 days 02:09:02.123000
2024-07-07 15:13:59.432,OnTrack,5208,359,2015,pos,0 days 01:10:46.891000,0 days 02:09:02.403000
2024-07-07 15:13:59.752,OnTrack,5138,214,2013,pos,0 days 01:10:47.211000,0 days 02:09:02.723000
2024-07-07 15:14:00.032,OnTrack,5039,10,2012,pos,0 days 01:10:47.491000,0 days 02:09:03.003000
2024-07-07 15:14:00.212,OnTrack,4976,-120,2011,pos,0 days 01:10:47.671000,0 days 02:09:03.183000
2024-07-07 15:14:00.472,OnTrack,4888,-304,2010,pos,0 days 01:10:47.931000,0 days 02:09:03.443000
2024-07-07 15:14:00.552,OnTrack,4856,-370,2010,pos,0 days 01:10:48.011000,0 days 02:09:03.523000
2024-07-07 15:14:00.812,OnTrack,4721,-650,2008,pos,0 days 01:10:48.271000,0 days 02:09:03.783000
2024-07-07 15:14:01.273,OnTrack,4600,-901,2007,pos,0 days 01:10:48.732000,0 days 02:09:04.244000
2024-07-07 15:14:01.452,OnTrack,4492,-1123,2005,pos,0 days 01:10:48.911000,0 days 02:09:04.423000
2024-07-07 15:14:01.892,OnTrack,4380,-1353,2002,pos,0 days 01:10:49.351000,0 days 02:09:04.863000
2024-07-07 15:14:02.113,OnTrack,4296,-1524,2000,pos,0 days 01:10:49.572000,0 days 02:09:05.084000
2024-07-07 15:14:02.312,OnTrack,4222,-1671,1998,pos,0 days 01:10:49.771000,0 days 02:09:05.283000
2024-07-07 15:14:02.452,OnTrack,4171,-1774,1997,pos,0 days 01:10:49.911000,0 days 02:09:05.423000
2024-07-07 15:14:02.633,OnTrack,4104,-1907,1995,pos,0 days 01:10:50.092000,0 days 02:09:05.604000
2024-07-07 15:14:02.893,OnTrack,4008,-2098,1994,pos,0 days 01:10:50.352000,0 days 02:09:05.864000
2024-07-07 15:14:03.112,OnTrack,3925,-2258,1994,pos,0 days 01:10:50.571000,0 days 02:09:06.083000
2024-07-07 15:14:03.312,OnTrack,3801,-2496,1994,pos,0 days 01:10:50.771000,0 days 02:09:06.283000
2024-07-07 15:14:03.692,OnTrack,3712,-2667,1996,pos,0 days 01:10:51.151000,0 days 02:09:06.663000
2024-07-07 15:14:03.972,OnTrack,3604,-2865,1998,pos,0 days 01:10:51.431000,0 days 02:09:06.943000
2024-07-07 15:14:04.211,OnTrack,3471,-3103,2003,pos,0 days 01:10:51.670000,0 days 02:09:07.182000
2024-07-07 15:14:04.872,OnTrack,3237,-3478,2011,pos,0 days 01:10:52.331000,0 days 02:09:07.843000
2024-07-07 15:14:05.092,OnTrack,3134,-3615,2014,pos,0 days 01:10:52.551000,0 days 02:09:08.063000
2024-07-07 15:14:05.332,OnTrack,3018,-3748,2017,pos,0 days 01:10:52.791000,0 days 02:09:08.303000
2024-07-07 15:14:05.472,OnTrack,2950,-3816,2019,pos,0 days 01:10:52.931000,0 days 02:09:08.443000
2024-07-07 15:14:05.692,OnTrack,2839,-3908,2021,pos,0 days 01:10:53.151000,0 days 02:09:08.663000
2024-07-07 15:14:05.932,OnTrack,2709,-3989,2024,pos,0 days 01:10:53.391000,0 days 02:09:08.903000
2024-07-07 15:14:06.192,OnTrack,2565,-4055,2026,pos,0 days 01:10:53.651000,0 days 02:09:09.163000
2024-07-07 15:14:06.372,OnTrack,2480,-4083,2028,pos,0 days 01:10:53.831000,0 days 02:09:09.343000
2024-07-07 15:14:06.512,OnTrack,2402,-4101,2029,pos,0 days 01:10:53.971000,0 days 02:09:09.483000
2024-07-07 15:14:06.792,OnTrack,2244,-4117,2031,pos,0 days 01:10:54.251000,0 days 02:09:09.763000
2024-07-07 15:14:07.012,OnTrack,2117,-4107,2032,pos,0 days 01:10:54.471000,0 days 02:09:09.983000
2024-07-07 15:14:07.232,OnTrack,1991,-4081,2033,pos,0 days 01:10:54.691000,0 days 02:09:10.203000
2024-07-07 15:14:07.452,OnTrack,1868,-4037,2033,pos,0 days 01:10:54.911000,0 days 02:09:10.423000
2024-07-07 15:14:07.572,OnTrack,1803,-4006,2033,pos,0 days 01:10:55.031000,0 days 02:09:10.543000
2024-07-07 15:14:07.832,OnTrack,1598,-3868,2032,pos,0 days 01:10:55.291000,0 days 02:09:10.803000
2024-07-07 15:14:08.272,OnTrack,1412,-3673,2030,pos,0 days 01:10:55.731000,0 days 02:09:11.243000
2024-07-07 15:14:08.752,OnTrack,1278,-3478,2026,pos,0 days 01:10:56.211000,0 days 02:09:11.723000
2024-07-07 15:14:08.972,OnTrack,1187,-3313,2022,pos,0 days 01:10:56.431000,0 days 02:09:11.943000
2024-07-07 15:14:09.233,OnTrack,1124,-3194,2018,pos,0 days 01:10:56.692000,0 days 02:09:12.204000
2024-07-07 15:14:09.453,OnTrack,1052,-3061,2013,pos,0 days 01:10:56.912000,0 days 02:09:12.424000
2024-07-07 15:14:09.652,OnTrack,981,-2940,2008,pos,0 days 01:10:57.111000,0 days 02:09:12.623000
2024-07-07 15:14:09.872,OnTrack,901,-2816,2001,pos,0 days 01:10:57.331000,0 days 02:09:12.843000
2024-07-07 15:14:10.233,OnTrack,719,-2563,1990,pos,0 days 01:10:57.692000,0 days 02:09:13.204000
2024-07-07 15:14:10.472,OnTrack,641,-2458,1987,pos,0 days 01:10:57.931000,0 days 02:09:13.443000
2024-07-07 15:14:10.852,OnTrack,475,-2234,1984,pos,0 days 01:10:58.311000,0 days 02:09:13.823000
2024-07-07 15:14:11.011,OnTrack,388,-2117,1985,pos,0 days 01:10:58.470000,0 days 02:09:13.982000
2024-07-07 15:14:11.192,OnTrack,312,-2017,1985,pos,0 days 01:10:58.651000,0 days 02:09:14.163000
2024-07-07 15:14:11.412,OnTrack,211,-1890,1986,pos,0 days 01:10:58.871000,0 days 02:09:14.383000
2024-07-07 15:14:11.511,OnTrack,160,-1827,1986,pos,0 days 01:10:58.970000,0 days 02:09:14.482000
2024-07-07 15:14:11.692,OnTrack,74,-1726,1986,pos,0 days 01:10:59.151000,0 days 02:09:14.663000
2024-07-07 15:14:11.992,OnTrack,-70,-1560,1986,pos,0 days 01:10:59.451000,0 days 02:09:14.963000
2024-07-07 15:14:12.272,OnTrack,-202,-1412,1984,pos,0 days 01:10:59.731000,0 days 02:09:15.243000
2024-07-07 15:14:12.492,OnTrack,-292,-1310,1982,pos,0 days 01:10:59.951000,0 days 02:09:15.463000
2024-07-07 15:14:12.512,OnTrack,-296,-1306,1982,pos,0 days 01:10:59.971000,0 days 02:09:15.483000
2024-07-07 15:14:12.892,OnTrack,-432,-1155,1979,pos,0 days 01:11:00.351000,0 days 02:09:15.863000
2024-07-07 15:14:13.072,OnTrack,-487,-1099,1978,pos,0 days 01:11:00.531000,0 days 02:09:16.043000
2024-07-07 15:14:13.292,OnTrack,-551,-1042,1977,pos,0 days 01:11:00.751000,0 days 02:09:16.263000
2024-07-07 15:14:13.552,OnTrack,-626,-990,1976,pos,0 days 01:11:01.011000,0 days 02:09:16.523000
2024-07-07 15:14:13.632,OnTrack,-649,-976,1976,pos,0 days 01:11:01.091000,0 days 02:09:16.603000
2024-07-07 15:14:13.872,OnTrack,-720,-943,1975,pos,0 days 01:11:01.331000,0 days 02:09:16.843000
2024-07-07 15:14:14.112,OnTrack,-789,-922,1976,pos,0 days 01:11:01.571000,0 days 02:09:17.083000
2024-07-07 15:14:14.292,OnTrack,-842,-914,1976,pos,0 days 01:11:01.751000,0 days 02:09:17.263000
2024-07-07 15:14:14.392,OnTrack,-872,-913,1976,pos,0 days 01:11:01.851000,0 days 02:09:17.363000
2024-07-07 15:14:14.752,OnTrack,-975,-918,1977,pos,0 days 01:11:02.211000,0 days 02:09:17.723000
2024-07-07 15:14:14.952,OnTrack,-1028,-933,1978,pos,0 days 01:11:02.411000,0 days 02:09:17.923000
2024-07-07 15:14:15.112,OnTrack,-1100,-968,1979,pos,0 days 01:11:02.571000,0 days 02:09:18.083000
2024-07-07 15:14:15.453,OnTrack,-1155,-1005,1980,pos,0 days 01:11:02.912000,0 days 02:09:18.424000
2024-07-07 15:14:15.713,OnTrack,-1256,-1084,1981,pos,0 days 01:11:03.172000,0 days 02:09:18.684000
2024-07-07 15:14:16.192,OnTrack,-1388,-1156,1981,pos,0 days 01:11:03.651000,0 days 02:09:19.163000
2024-07-07 15:14:16.593,OnTrack,-1475,-1173,1981,pos,0 days 01:11:04.052000,0 days 02:09:19.564000
2024-07-07 15:14:16.672,OnTrack,-1498,-1173,1981,pos,0 days 01:11:04.131000,0 days 02:09:19.643000
2024-07-07 15:14:16.952,OnTrack,-1629,-1147,1979,pos,0 days 01:11:04.411000,0 days 02:09:19.923000
2024-07-07 15:14:17.392,OnTrack,-1781,-1082,1978,pos,0 days 01:11:04.851000,0 days 02:09:20.363000
2024-07-07 15:14:17.811,OnTrack,-1879,-1013,1977,pos,0 days 01:11:05.270000,0 days 02:09:20.782000
2024-07-07 15:14:18.192,OnTrack,-2004,-877,1975,pos,0 days 01:11:05.651000,0 days 02:09:21.163000
2024-07-07 15:14:18.592,OnTrack,-2090,-767,1975,pos,0 days 01:11:06.051000,0 days 02:09:21.563000
2024-07-07 15:14:18.752,OnTrack,-2134,-704,1974,pos,0 days 01:11:06.211000,0 days 02:09:21.723000
2024-07-07 15:14:18.911,OnTrack,-2194,-595,1974,pos,0 days 01:11:06.370000,0 days 02:09:21.882000
2024-07-07 15:14:19.092,OnTrack,-2229,-508,1973,pos,0 days 01:11:06.551000,0 days 02:09:22.063000
2024-07-07 15:14:19.412,OnTrack,-2293,-273,1970,pos,0 days 01:11:06.871000,0 days 02:09:22.383000
2024-07-07 15:14:19.792,OnTrack,-2311,-122,1968,pos,0 days 01:11:07.251000,0 days 02:09:22.763000
2024-07-07 15:14:20.092,OnTrack,-2312,64,1967,pos,0 days 01:11:07.551000,0 days 02:09:23.063000
2024-07-07 15:14:20.313,OnTrack,-2298,193,1966,pos,0 days 01:11:07.772000,0 days 02:09:23.284000
2024-07-07 15:14:20.552,OnTrack,-2268,342,1964,pos,0 days 01:11:08.011000,0 days 02:09:23.523000
2024-07-07 15:14:20.873,OnTrack,-2158,616,1962,pos,0 days 01:11:08.332000,0 days 02:09:23.844000
2024-07-07 15:14:21.133,OnTrack,-2117,693,1962,pos,0 days 01:11:08.592000,0 days 02:09:24.104000
2024-07-07 15:14:21.472,OnTrack,-1991,887,1962,pos,0 days 01:11:08.931000,0 days 02:09:24.443000
2024-07-07 15:14:21.673,OnTrack,-1909,1000,1963,pos,0 days 01:11:09.132000,0 days 02:09:24.644000
2024-07-07 15:14:21.912,OnTrack,-1758,1207,1963,pos,0 days 01:11:09.371000,0 days 02:09:24.883000
2024-07-07 15:14:22.152,OnTrack,-1706,1276,1964,pos,0 days 01:11:09.611000,0 days 02:09:25.123000
2024-07-07 15:14:22.392,OnTrack,-1600,1413,1965,pos,0 days 01:11:09.851000,0 days 02:09:25.363000
2024-07-07 15:14:22.672,OnTrack,-1471,1573,1966,pos,0 days 01:11:10.131000,0 days 02:09:25.643000
2024-07-07 15:14:22.912,OnTrack,-1362,1714,1967,pos,0 days 01:11:10.371000,0 days 02:09:25.883000
2024-07-07 15:14:23.912,OnTrack,-913,2330,1976,pos,0 days 01:11:11.371000,0 days 02:09:26.883000
2024-07-07 15:14:24.071,OnTrack,-839,2432,1977,pos,0 days 01:11:11.530000,0 days 02:09:27.042000
2024-07-07 15:14:24.412,OnTrack,-682,2649,1981,pos,0 days 01:11:11.871000,0 days 02:09:27.383000
2024-07-07 15:14:24.631,OnTrack,-536,2858,1985,pos,0 days 01:11:12.090000,0 days 02:09:27.602000
2024-07-07 15:14:24.871,OnTrack,-473,2951,1986,pos,0 days 01:11:12.330000,0 days 02:09:27.842000
2024-07-07 15:14:25.151,OnTrack,-348,3139,1989,pos,0 days 01:11:12.610000,0 days 02:09:28.122000
2024-07-07 15:14:25.451,OnTrack,-148,3435,1995,pos,0 days 01:11:12.910000,0 days 02:09:28.422000
2024-07-07 15:14:25.792,OnTrack,-53,3569,1996,pos,0 days 01:11:13.251000,0 days 02:09:28.763000
2024-07-07 15:14:25.932,OnTrack,14,3661,1998,pos,0 days 01:11:13.391000,0 days 02:09:28.903000
2024-07-07 15:14:26.192,OnTrack,144,3830,2002,pos,0 days 01:11:13.651000,0 days 02:09:29.163000
2024-07-07 15:14:26.512,OnTrack,316,4030,2007,pos,0 days 01:11:13.971000,0 days 02:09:29.483000
2024-07-07 15:14:26.692,OnTrack,416,4132,2010,pos,0 days 01:11:14.151000,0 days 02:09:29.663000
2024-07-07 15:14:26.792,OnTrack,475,4187,2011,pos,0 days 01:11:14.251000,0 days 02:09:29.763000
2024-07-07 15:14:26.952,OnTrack,574,4267,2011,pos,0 days 01:11:14.411000,0 days 02:09:29.923000
2024-07-07 15:14:27.192,OnTrack,735,4368,2013,pos,0 days 01:11:14.651000,0 days 02:09:30.163000
2024-07-07 15:14:27.452,OnTrack,924,4447,2014,pos,0 days 01:11:14.911000,0 days 02:09:30.423000
2024-07-07 15:14:27.752,OnTrack,1160,4501,2016,pos,0 days 01:11:15.211000,0 days 02:09:30.723000
2024-07-07 15:14:27.953,OnTrack,1385,4519,2018,pos,0 days 01:11:15.412000,0 days 02:09:30.924000
2024-07-07 15:14:28.213,OnTrack,1531,4520,2020,pos,0 days 01:11:15.672000,0 days 02:09:31.184000
2024-07-07 15:14:28.392,OnTrack,1675,4513,2022,pos,0 days 01:11:15.851000,0 days 02:09:31.363000
2024-07-07 15:14:28.732,OnTrack,1947,4482,2025,pos,0 days 01:11:16.191000,0 days 02:09:31.703000
2024-07-07 15:14:28.932,OnTrack,2099,4461,2026,pos,0 days 01:11:16.391000,0 days 02:09:31.903000
2024-07-07 15:14:29.033,OnTrack,2187,4451,2027,pos,0 days 01:11:16.492000,0 days 02:09:32.004000
2024-07-07 15:14:29.212,OnTrack,2332,4441,2028,pos,0 days 01:11:16.671000,0 days 02:09:32.183000
2024-07-07 15:14:29.552,OnTrack,2718,4453,2034,pos,0 days 01:11:17.011000,0 days 02:09:32.523000
2024-07-07 15:14:29.992,OnTrack,3024,4527,2038,pos,0 days 01:11:17.451000,0 days 02:09:32.963000
2024-07-07 15:14:30.272,OnTrack,3189,4593,2041,pos,0 days 01:11:17.731000,0 days 02:09:33.243000
2024-07-07 15:14:30.551,OnTrack,3466,4760,2046,pos,0 days 01:11:18.010000,0 days 02:09:33.522000
2024-07-07 15:14:31.032,OnTrack,3746,5000,2049,pos,0 days 01:11:18.491000,0 days 02:09:34.003000
2024-07-07 15:14:31.332,OnTrack,3853,5108,2050,pos,0 days 01:11:18.791000,0 days 02:09:34.303000
2024-07-07 15:14:31.492,OnTrack,3948,5204,2050,pos,0 days 01:11:18.951000,0 days 02:09:34.463000
2024-07-07 15:14:31.732,OnTrack,4082,5335,2051,pos,0 days 01:11:19.191000,0 days 02:09:34.703000
2024-07-07 15:14:31.932,OnTrack,4193,5439,2052,pos,0 days 01:11:19.391000,0 days 02:09:34.903000
2024-07-07 15:14:32.292,OnTrack,4374,5600,2054,pos,0 days 01:11:19.751000,0 days 02:09:35.263000
2024-07-07 15:14:32.452,OnTrack,4490,5696,2054,pos,0 days 01:11:19.911000,0 days 02:09:35.423000
2024-07-07 15:14:32.872,OnTrack,4610,5792,2055,pos,0 days 01:11:20.331000,0 days 02:09:35.843000
2024-07-07 15:14:33.913,OnTrack,4963,5898,2053,pos,0 days 01:11:21.372000,0 days 02:09:36.884000
2024-07-07 15:14:34.152,OnTrack,5040,5884,2053,pos,0 days 01:11:21.611000,0 days 02:09:37.123000
2024-07-07 15:14:34.332,OnTrack,5091,5867,2054,pos,0 days 01:11:21.791000,0 days 02:09:37.303000
2024-07-07 15:14:34.592,OnTrack,5189,5809,2056,pos,0 days 01:11:22.051000,0 days 02:09:37.563000
2024-07-07 15:14:35.053,OnTrack,5262,5738,2058,pos,0 days 01:11:22.512000,0 days 02:09:38.024000
2024-07-07 15:14:35.112,OnTrack,5273,5724,2058,pos,0 days 01:11:22.571000,0 days 02:09:38.083000
2024-07-07 15:14:35.392,OnTrack,5317,5649,2059,pos,0 days 01:11:22.851000,0 days 02:09:38.363000
2024-07-07 15:14:35.593,OnTrack,5341,5589,2059,pos,0 days 01:11:23.052000,0 days 02:09:38.564000
2024-07-07 15:14:35.873,OnTrack,5371,5470,2060,pos,0 days 01:11:23.332000,0 days 02:09:38.844000
2024-07-07 15:14:36.153,OnTrack,5381,5400,2061,pos,0 days 01:11:23.612000,0 days 02:09:39.124000
2024-07-07 15:14:36.433,OnTrack,5391,5295,2062,pos,0 days 01:11:23.892000,0 days 02:09:39.404000
2024-07-07 15:14:36.693,OnTrack,5405,5165,2064,pos,0 days 01:11:24.152000,0 days 02:09:39.664000
2024-07-07 15:14:36.992,OnTrack,5423,5080,2065,pos,0 days 01:11:24.451000,0 days 02:09:39.963000
2024-07-07 15:14:37.212,OnTrack,5450,5006,2066,pos,0 days 01:11:24.671000,0 days 02:09:40.183000
2024-07-07 15:14:37.452,OnTrack,5488,4935,2066,pos,0 days 01:11:24.911000,0 days 02:09:40.423000
2024-07-07 15:14:37.732,OnTrack,5541,4865,2066,pos,0 days 01:11:25.191000,0 days 02:09:40.703000
2024-07-07 15:14:37.912,OnTrack,5576,4829,2065,pos,0 days 01:11:25.371000,0 days 02:09:40.883000
2024-07-07 15:14:37.992,OnTrack,5595,4813,2065,pos,0 days 01:11:25.451000,0 days 02:09:40.963000
2024-07-07 15:14:38.192,OnTrack,5638,4780,2064,pos,0 days 01:11:25.651000,0 days 02:09:41.163000
2024-07-07 15:14:38.572,OnTrack,5737,4734,2064,pos,0 days 01:11:26.031000,0 days 02:09:41.543000
2024-07-07 15:14:38.952,OnTrack,5811,4734,2064,pos,0 days 01:11:26.411000,0 days 02:09:41.923000
2024-07-07 15:14:39.032,OnTrack,5829,4739,2064,pos,0 days 01:11:26.491000,0 days 02:09:42.003000
2024-07-07 15:14:39.352,OnTrack,5897,4775,2063,pos,0 days 01:11:26.811000,0 days 02:09:42.323000
2024-07-07 15:14:39.572,OnTrack,5963,4832,2064,pos,0 days 01:11:27.031000,0 days 02:09:42.543000
2024-07-07 15:14:39.932,OnTrack,6003,4876,2064,pos,0 days 01:11:27.391000,0 days 02:09:42.903000
2024-07-07 15:14:40.132,OnTrack,6036,4919,2064,pos,0 days 01:11:27.591000,0 days 02:09:43.103000
2024-07-07 15:14:40.292,OnTrack,6063,4956,2065,pos,0 days 01:11:27.751000,0 days 02:09:43.263000
2024-07-07 15:14:40.572,OnTrack,6107,5028,2065,pos,0 days 01:11:28.031000,0 days 02:09:43.543000
2024-07-07 15:14:40.713,OnTrack,6129,5068,2065,pos,0 days 01:11:28.172000,0 days 02:09:43.684000
2024-07-07 15:14:40.932,OnTrack,6161,5136,2065,pos,0 days 01:11:28.391000,0 days 02:09:43.903000
2024-07-07 15:14:41.092,OnTrack,6183,5190,2065,pos,0 days 01:11:28.551000,0 days 02:09:44.063000
2024-07-07 15:14:41.352,OnTrack,6218,5288,2065,pos,0 days 01:11:28.811000,0 days 02:09:44.323000
2024-07-07 15:14:41.472,OnTrack,6233,5336,2065,pos,0 days 01:11:28.931000,0 days 02:09:44.443000
2024-07-07 15:14:41.813,OnTrack,6282,5522,2065,pos,0 days 01:11:29.272000,0 days 02:09:44.784000
2024-07-07 15:14:42.252,OnTrack,6325,5774,2065,pos,0 days 01:11:29.711000,0 days 02:09:45.223000
2024-07-07 15:14:42.512,OnTrack,6330,5839,2064,pos,0 days 01:11:29.971000,0 days 02:09:45.483000
2024-07-07 15:14:42.792,OnTrack,6330,5996,2064,pos,0 days 01:11:30.251000,0 days 02:09:45.763000
2024-07-07 15:14:43.092,OnTrack,6312,6171,2063,pos,0 days 01:11:30.551000,0 days 02:09:46.063000
2024-07-07 15:14:43.273,OnTrack,6270,6361,2062,pos,0 days 01:11:30.732000,0 days 02:09:46.244000
2024-07-07 15:14:43.732,OnTrack,6199,6548,2062,pos,0 days 01:11:31.191000,0 days 02:09:46.703000
2024-07-07 15:14:43.812,OnTrack,6177,6595,2063,pos,0 days 01:11:31.271000,0 days 02:09:46.783000
2024-07-07 15:14:43.971,OnTrack,6128,6687,2063,pos,0 days 01:11:31.430000,0 days 02:09:46.942000
2024-07-07 15:14:44.272,OnTrack,5962,6926,2064,pos,0 days 01:11:31.731000,0 days 02:09:47.243000
2024-07-07 15:14:44.751,OnTrack,5746,7146,2064,pos,0 days 01:11:32.210000,0 days 02:09:47.722000
2024-07-07 15:14:45.011,OnTrack,5666,7214,2064,pos,0 days 01:11:32.470000,0 days 02:09:47.982000
2024-07-07 15:14:45.232,OnTrack,5545,7311,2064,pos,0 days 01:11:32.691000,0 days 02:09:48.203000
2024-07-07 15:14:45.532,OnTrack,5318,7485,2064,pos,0 days 01:11:32.991000,0 days 02:09:48.503000
2024-07-07 15:14:45.912,OnTrack,5159,7612,2064,pos,0 days 01:11:33.371000,0 days 02:09:48.883000
2024-07-07 15:14:46.132,OnTrack,5034,7715,2064,pos,0 days 01:11:33.591000,0 days 02:09:49.103000
2024-07-07 15:14:46.372,OnTrack,4880,7845,2064,pos,0 days 01:11:33.831000,0 days 02:09:49.343000
2024-07-07 15:14:46.572,OnTrack,4720,7982,2064,pos,0 days 01:11:34.031000,0 days 02:09:49.543000
2024-07-07 15:14:46.872,OnTrack,4593,8091,2065,pos,0 days 01:11:34.331000,0 days 02:09:49.843000
2024-07-07 15:14:47.132,OnTrack,4442,8220,2064,pos,0 days 01:11:34.591000,0 days 02:09:50.103000
2024-07-07 15:14:47.412,OnTrack,4278,8360,2064,pos,0 days 01:11:34.871000,0 days 02:09:50.383000
2024-07-07 15:14:47.592,OnTrack,4178,8446,2064,pos,0 days 01:11:35.051000,0 days 02:09:50.563000
2024-07-07 15:14:47.833,OnTrack,3970,8625,2063,pos,0 days 01:11:35.292000,0 days 02:09:50.804000
2024-07-07 15:14:48.312,OnTrack,3708,8853,2063,pos,0 days 01:11:35.771000,0 days 02:09:51.283000
2024-07-07 15:14:48.633,OnTrack,3553,8990,2063,pos,0 days 01:11:36.092000,0 days 02:09:51.604000
2024-07-07 15:14:48.893,OnTrack,3396,9127,2064,pos,0 days 01:11:36.352000,0 days 02:09:51.864000
2024-07-07 15:14:49.052,OnTrack,3300,9212,2064,pos,0 days 01:11:36.511000,0 days 02:09:52.023000
2024-07-07 15:14:49.292,OnTrack,3160,9335,2063,pos,0 days 01:11:36.751000,0 days 02:09:52.263000
2024-07-07 15:14:49.553,OnTrack,2979,9494,2062,pos,0 days 01:11:37.012000,0 days 02:09:52.524000
2024-07-07 15:14:49.793,OnTrack,2851,9605,2061,pos,0 days 01:11:37.252000,0 days 02:09:52.764000
2024-07-07 15:14:50.052,OnTrack,2692,9742,2060,pos,0 days 01:11:37.511000,0 days 02:09:53.023000
2024-07-07 15:14:50.231,OnTrack,2583,9838,2059,pos,0 days 01:11:37.690000,0 days 02:09:53.202000
2024-07-07 15:14:50.471,OnTrack,2437,9965,2057,pos,0 days 01:11:37.930000,0 days 02:09:53.442000
2024-07-07 15:14:50.632,OnTrack,2332,10059,2055,pos,0 days 01:11:38.091000,0 days 02:09:53.603000
2024-07-07 15:14:50.892,OnTrack,2177,10197,2052,pos,0 days 01:11:38.351000,0 days 02:09:53.863000
2024-07-07 15:14:51.092,OnTrack,2058,10303,2051,pos,0 days 01:11:38.551000,0 days 02:09:54.063000
2024-07-07 15:14:51.392,OnTrack,1881,10462,2048,pos,0 days 01:11:38.851000,0 days 02:09:54.363000
2024-07-07 15:14:51.571,OnTrack,1713,10603,2045,pos,0 days 01:11:39.030000,0 days 02:09:54.542000
2024-07-07 15:14:51.912,OnTrack,1569,10715,2043,pos,0 days 01:11:39.371000,0 days 02:09:54.883000
2024-07-07 15:14:52.172,OnTrack,1415,10810,2040,pos,0 days 01:11:39.631000,0 days 02:09:55.143000
2024-07-07 15:14:52.252,OnTrack,1369,10835,2040,pos,0 days 01:11:39.711000,0 days 02:09:55.223000
2024-07-07 15:14:52.592,OnTrack,1177,10912,2037,pos,0 days 01:11:40.051000,0 days 02:09:55.563000
2024-07-07 15:14:52.812,OnTrack,1029,10944,2035,pos,0 days 01:11:40.271000,0 days 02:09:55.783000
2024-07-07 15:14:53.233,OnTrack,836,10949,2034,pos,0 days 01:11:40.692000,0 days 02:09:56.204000
2024-07-07 15:14:53.332,OnTrack,792,10947,2034,pos,0 days 01:11:40.791000,0 days 02:09:56.303000
2024-07-07 15:14:53.552,OnTrack,690,10932,2033,pos,0 days 01:11:41.011000,0 days 02:09:56.523000
2024-07-07 15:14:53.813,OnTrack,569,10890,2032,pos,0 days 01:11:41.272000,0 days 02:09:56.784000
2024-07-07 15:14:54.032,OnTrack,479,10841,2032,pos,0 days 01:11:41.491000,0 days 02:09:57.003000
2024-07-07 15:14:54.192,OnTrack,422,10798,2032,pos,0 days 01:11:41.651000,0 days 02:09:57.163000
2024-07-07 15:14:54.373,OnTrack,372,10744,2032,pos,0 days 01:11:41.832000,0 days 02:09:57.344000
2024-07-07 15:14:54.572,OnTrack,317,10664,2032,pos,0 days 01:11:42.031000,0 days 02:09:57.543000
2024-07-07 15:14:54.792,OnTrack,270,10576,2033,pos,0 days 01:11:42.251000,0 days 02:09:57.763000
2024-07-07 15:14:55.132,OnTrack,206,10383,2033,pos,0 days 01:11:42.591000,0 days 02:09:58.103000
2024-07-07 15:14:55.532,OnTrack,190,10220,2034,pos,0 days 01:11:42.991000,0 days 02:09:58.503000
2024-07-07 15:14:55.952,OnTrack,179,10007,2035,pos,0 days 01:11:43.411000,0 days 02:09:58.923000
2024-07-07 15:14:56.392,OnTrack,151,9827,2036,pos,0 days 01:11:43.851000,0 days 02:09:59.363000
2024-07-07 15:14:56.553,OnTrack,126,9761,2037,pos,0 days 01:11:44.012000,0 days 02:09:59.524000
2024-07-07 15:14:56.731,OnTrack,91,9694,2038,pos,0 days 01:11:44.190000,0 days 02:09:59.702000
2024-07-07 15:14:56.912,OnTrack,47,9633,2039,pos,0 days 01:11:44.371000,0 days 02:09:59.883000
2024-07-07 15:14:57.112,OnTrack,-4,9579,2039,pos,0 days 01:11:44.571000,0 days 02:10:00.083000
2024-07-07 15:14:57.311,OnTrack,-64,9531,2040,pos,0 days 01:11:44.770000,0 days 02:10:00.282000
2024-07-07 15:14:57.652,OnTrack,-165,9475,2040,pos,0 days 01:11:45.111000,0 days 02:10:00.623000
2024-07-07 15:14:57.851,OnTrack,-263,9446,2041,pos,0 days 01:11:45.310000,0 days 02:10:00.822000
2024-07-07 15:14:58.132,OnTrack,-313,9441,2041,pos,0 days 01:11:45.591000,0 days 02:10:01.103000
2024-07-07 15:14:58.432,OnTrack,-420,9455,2040,pos,0 days 01:11:45.891000,0 days 02:10:01.403000
2024-07-07 15:14:58.812,OnTrack,-509,9496,2039,pos,0 days 01:11:46.271000,0 days 02:10:01.783000
2024-07-07 15:14:59.012,OnTrack,-590,9559,2038,pos,0 days 01:11:46.471000,0 days 02:10:01.983000
2024-07-07 15:14:59.392,OnTrack,-645,9623,2036,pos,0 days 01:11:46.851000,0 days 02:10:02.363000
2024-07-07 15:14:59.572,OnTrack,-679,9675,2035,pos,0 days 01:11:47.031000,0 days 02:10:02.543000
2024-07-07 15:14:59.872,OnTrack,-724,9769,2034,pos,0 days 01:11:47.331000,0 days 02:10:02.843000
2024-07-07 15:15:00.092,OnTrack,-763,9905,2033,pos,0 days 01:11:47.551000,0 days 02:10:03.063000
2024-07-07 15:15:00.512,OnTrack,-776,10075,2031,pos,0 days 01:11:47.971000,0 days 02:10:03.483000
2024-07-07 15:15:00.832,OnTrack,-771,10164,2031,pos,0 days 01:11:48.291000,0 days 02:10:03.803000
2024-07-07 15:15:01.092,OnTrack,-753,10295,2030,pos,0 days 01:11:48.551000,0 days 02:10:04.063000
2024-07-07 15:15:01.193,OnTrack,-743,10345,2030,pos,0 days 01:11:48.652000,0 days 02:10:04.164000
2024-07-07 15:15:01.492,OnTrack,-701,10496,2028,pos,0 days 01:11:48.951000,0 days 02:10:04.463000
2024-07-07 15:15:01.733,OnTrack,-656,10621,2026,pos,0 days 01:11:49.192000,0 days 02:10:04.704000
2024-07-07 15:15:01.973,OnTrack,-572,10812,2023,pos,0 days 01:11:49.432000,0 days 02:10:04.944000
2024-07-07 15:15:02.233,OnTrack,-535,10887,2023,pos,0 days 01:11:49.692000,0 days 02:10:05.204000
2024-07-07 15:15:02.533,OnTrack,-420,11105,2021,pos,0 days 01:11:49.992000,0 days 02:10:05.504000
2024-07-07 15:15:02.992,OnTrack,-252,11382,2021,pos,0 days 01:11:50.451000,0 days 02:10:05.963000
2024-07-07 15:15:03.312,OnTrack,-182,11481,2021,pos,0 days 01:11:50.771000,0 days 02:10:06.283000
2024-07-07 15:15:03.531,OnTrack,-92,11600,2021,pos,0 days 01:11:50.990000,0 days 02:10:06.502000
2024-07-07 15:15:03.831,OnTrack,105,11824,2022,pos,0 days 01:11:51.290000,0 days 02:10:06.802000
2024-07-07 15:15:04.111,OnTrack,181,11899,2023,pos,0 days 01:11:51.570000,0 days 02:10:07.082000
2024-07-07 15:15:04.371,OnTrack,316,12027,2024,pos,0 days 01:11:51.830000,0 days 02:10:07.342000
2024-07-07 15:15:04.672,OnTrack,484,12167,2024,pos,0 days 01:11:52.131000,0 days 02:10:07.643000
2024-07-07 15:15:04.832,OnTrack,663,12297,2024,pos,0 days 01:11:52.291000,0 days 02:10:07.803000
2024-07-07 15:15:05.191,OnTrack,802,12382,2024,pos,0 days 01:11:52.650000,0 days 02:10:08.162000
2024-07-07 15:15:05.471,OnTrack,985,12472,2025,pos,0 days 01:11:52.930000,0 days 02:10:08.442000
2024-07-07 15:15:06.412,OnTrack,1682,12701,2026,pos,0 days 01:11:53.871000,0 days 02:10:09.383000
2024-07-07 15:15:06.632,OnTrack,1852,12736,2027,pos,0 days 01:11:54.091000,0 days 02:10:09.603000
2024-07-07 15:15:06.892,OnTrack,2075,12772,2028,pos,0 days 01:11:54.351000,0 days 02:10:09.863000
2024-07-07 15:15:07.153,OnTrack,2297,12799,2030,pos,0 days 01:11:54.612000,0 days 02:10:10.124000
2024-07-07 15:15:07.452,OnTrack,2522,12824,2031,pos,0 days 01:11:54.911000,0 days 02:10:10.423000
2024-07-07 15:15:07.772,OnTrack,2860,12859,2035,pos,0 days 01:11:55.231000,0 days 02:10:10.743000
2024-07-07 15:15:08.032,OnTrack,2990,12871,2036,pos,0 days 01:11:55.491000,0 days 02:10:11.003000
2024-07-07 15:15:08.412,OnTrack,3299,12904,2039,pos,0 days 01:11:55.871000,0 days 02:10:11.383000
2024-07-07 15:15:08.493,OnTrack,3478,12924,2039,pos,0 days 01:11:55.952000,0 days 02:10:11.464000
2024-07-07 15:15:08.972,OnTrack,3754,12954,2041,pos,0 days 01:11:56.431000,0 days 02:10:11.943000
2024-07-07 15:15:09.232,OnTrack,3965,12978,2042,pos,0 days 01:11:56.691000,0 days 02:10:12.203000
2024-07-07 15:15:09.452,OnTrack,4144,13000,2044,pos,0 days 01:11:56.911000,0 days 02:10:12.423000
2024-07-07 15:15:09.552,OnTrack,4225,13011,2044,pos,0 days 01:11:57.011000,0 days 02:10:12.523000
2024-07-07 15:15:09.852,OnTrack,4565,13056,2046,pos,0 days 01:11:57.311000,0 days 02:10:12.823000
2024-07-07 15:15:10.172,OnTrack,4726,13077,2047,pos,0 days 01:11:57.631000,0 days 02:10:13.143000
2024-07-07 15:15:10.392,OnTrack,4904,13096,2048,pos,0 days 01:11:57.851000,0 days 02:10:13.363000
2024-07-07 15:15:10.611,OnTrack,5192,13115,2049,pos,0 days 01:11:58.070000,0 days 02:10:13.582000
2024-07-07 15:15:11.012,OnTrack,5391,13104,2050,pos,0 days 01:11:58.471000,0 days 02:10:13.983000
2024-07-07 15:15:11.191,OnTrack,5531,13078,2051,pos,0 days 01:11:58.650000,0 days 02:10:14.162000
2024-07-07 15:15:11.412,OnTrack,5696,13030,2052,pos,0 days 01:11:58.871000,0 days 02:10:14.383000
2024-07-07 15:15:11.572,OnTrack,5810,12984,2052,pos,0 days 01:11:59.031000,0 days 02:10:14.543000
2024-07-07 15:15:11.792,OnTrack,5958,12903,2053,pos,0 days 01:11:59.251000,0 days 02:10:14.763000
2024-07-07 15:15:12.112,OnTrack,6155,12756,2055,pos,0 days 01:11:59.571000,0 days 02:10:15.083000
2024-07-07 15:15:12.192,OnTrack,6200,12716,2055,pos,0 days 01:11:59.651000,0 days 02:10:15.163000
2024-07-07 15:15:12.432,OnTrack,6320,12586,2056,pos,0 days 01:11:59.891000,0 days 02:10:15.403000
2024-07-07 15:15:12.592,OnTrack,6388,12488,2056,pos,0 days 01:12:00.051000,0 days 02:10:15.563000
2024-07-07 15:15:12.852,OnTrack,6479,12322,2057,pos,0 days 01:12:00.311000,0 days 02:10:15.823000
2024-07-07 15:15:13.113,OnTrack,6560,12136,2058,pos,0 days 01:12:00.572000,0 days 02:10:16.084000
2024-07-07 15:15:13.332,OnTrack,6630,11938,2060,pos,0 days 01:12:00.791000,0 days 02:10:16.303000
2024-07-07 15:15:13.592,OnTrack,6672,11794,2061,pos,0 days 01:12:01.051000,0 days 02:10:16.563000
2024-07-07 15:15:13.832,OnTrack,6718,11620,2062,pos,0 days 01:12:01.291000,0 days 02:10:16.803000
2024-07-07 15:15:13.992,OnTrack,6747,11503,2063,pos,0 days 01:12:01.451000,0 days 02:10:16.963000
2024-07-07 15:15:14.253,OnTrack,6791,11311,2065,pos,0 days 01:12:01.712000,0 days 02:10:17.224000
2024-07-07 15:15:14.552,OnTrack,6845,11033,2067,pos,0 days 01:12:02.011000,0 days 02:10:17.523000
2024-07-07 15:15:14.892,OnTrack,6892,10733,2069,pos,0 days 01:12:02.351000,0 days 02:10:17.863000
2024-07-07 15:15:15.252,OnTrack,6913,10572,2070,pos,0 days 01:12:02.711000,0 days 02:10:18.223000
2024-07-07 15:15:15.512,OnTrack,6936,10363,2072,pos,0 days 01:12:02.971000,0 days 02:10:18.483000
2024-07-07 15:15:15.692,OnTrack,6949,10222,2073,pos,0 days 01:12:03.151000,0 days 02:10:18.663000
2024-07-07 15:15:15.853,OnTrack,6959,10096,2074,pos,0 days 01:12:03.312000,0 days 02:10:18.824000
2024-07-07 15:15:16.193,OnTrack,6978,9716,2075,pos,0 days 01:12:03.652000,0 days 02:10:19.164000
2024-07-07 15:15:16.631,OnTrack,6983,9476,2075,pos,0 days 01:12:04.090000,0 days 02:10:19.602000
2024-07-07 15:15:16.672,OnTrack,6983,9444,2075,pos,0 days 01:12:04.131000,0 days 02:10:19.643000
2024-07-07 15:15:16.932,OnTrack,6990,9234,2074,pos,0 days 01:12:04.391000,0 days 02:10:19.903000
2024-07-07 15:15:17.111,OnTrack,6996,9097,2073,pos,0 days 01:12:04.570000,0 days 02:10:20.082000
2024-07-07 15:15:17.352,OnTrack,7011,8896,2072,pos,0 days 01:12:04.811000,0 days 02:10:20.323000
2024-07-07 15:15:17.492,OnTrack,7024,8783,2071,pos,0 days 01:12:04.951000,0 days 02:10:20.463000
2024-07-07 15:15:17.752,OnTrack,7058,8573,2070,pos,0 days 01:12:05.211000,0 days 02:10:20.723000
2024-07-07 15:15:18.032,OnTrack,7127,8269,2069,pos,0 days 01:12:05.491000,0 days 02:10:21.003000
2024-07-07 15:15:18.472,OnTrack,7205,8000,2066,pos,0 days 01:12:05.931000,0 days 02:10:21.443000
2024-07-07 15:15:18.672,OnTrack,7259,7845,2063,pos,0 days 01:12:06.131000,0 days 02:10:21.643000
2024-07-07 15:15:18.872,OnTrack,7337,7645,2061,pos,0 days 01:12:06.331000,0 days 02:10:21.843000
2024-07-07 15:15:19.172,OnTrack,7410,7462,2060,pos,0 days 01:12:06.631000,0 days 02:10:22.143000
2024-07-07 15:15:19.512,OnTrack,7498,7202,2058,pos,0 days 01:12:06.971000,0 days 02:10:22.483000
2024-07-07 15:15:19.552,OnTrack,7505,7174,2058,pos,0 days 01:12:07.011000,0 days 02:10:22.523000
2024-07-07 15:15:19.812,OnTrack,7537,6982,2058,pos,0 days 01:12:07.271000,0 days 02:10:22.783000
2024-07-07 15:15:20.092,OnTrack,7531,6765,2058,pos,0 days 01:12:07.551000,0 days 02:10:23.063000
2024-07-07 15:15:20.352,OnTrack,7491,6531,2059,pos,0 days 01:12:07.811000,0 days 02:10:23.323000
2024-07-07 15:15:20.612,OnTrack,7452,6365,2060,pos,0 days 01:12:08.071000,0 days 02:10:23.583000
2024-07-07 15:15:20.952,OnTrack,7388,6111,2062,pos,0 days 01:12:08.411000,0 days 02:10:23.923000
2024-07-07 15:15:21.212,OnTrack,7340,5873,2063,pos,0 days 01:12:08.671000,0 days 02:10:24.183000
2024-07-07 15:15:21.593,OnTrack,7317,5639,2063,pos,0 days 01:12:09.052000,0 days 02:10:24.564000
2024-07-07 15:15:21.712,OnTrack,7317,5556,2062,pos,0 days 01:12:09.171000,0 days 02:10:24.683000
2024-07-07 15:15:22.032,OnTrack,7363,5302,2061,pos,0 days 01:12:09.491000,0 days 02:10:25.003000
2024-07-07 15:15:22.433,OnTrack,7505,5002,2057,pos,0 days 01:12:09.892000,0 days 02:10:25.404000
2024-07-07 15:15:22.773,OnTrack,7577,4884,2056,pos,0 days 01:12:10.232000,0 days 02:10:25.744000
2024-07-07 15:15:23.012,OnTrack,7661,4740,2053,pos,0 days 01:12:10.471000,0 days 02:10:25.983000
2024-07-07 15:15:23.212,OnTrack,7716,4628,2052,pos,0 days 01:12:10.671000,0 days 02:10:26.183000
2024-07-07 15:15:23.371,OnTrack,7750,4537,2051,pos,0 days 01:12:10.830000,0 days 02:10:26.342000
2024-07-07 15:15:23.552,OnTrack,7776,4434,2049,pos,0 days 01:12:11.011000,0 days 02:10:26.523000
2024-07-07 15:15:23.812,OnTrack,7784,4204,2045,pos,0 days 01:12:11.271000,0 days 02:10:26.783000
2024-07-07 15:15:24.231,OnTrack,7750,4043,2043,pos,0 days 01:12:11.690000,0 days 02:10:27.202000
2024-07-07 15:15:24.412,OnTrack,7714,3944,2041,pos,0 days 01:12:11.871000,0 days 02:10:27.383000
2024-07-07 15:15:24.672,OnTrack,7647,3807,2040,pos,0 days 01:12:12.131000,0 days 02:10:27.643000
2024-07-07 15:15:24.932,OnTrack,7563,3679,2038,pos,0 days 01:12:12.391000,0 days 02:10:27.903000
2024-07-07 15:15:25.092,OnTrack,7452,3559,2037,pos,0 days 01:12:12.551000,0 days 02:10:28.063000
2024-07-07 15:15:25.412,OnTrack,7355,3482,2035,pos,0 days 01:12:12.871000,0 days 02:10:28.383000
2024-07-07 15:15:25.611,OnTrack,7240,3412,2033,pos,0 days 01:12:13.070000,0 days 02:10:28.582000
2024-07-07 15:15:25.812,OnTrack,7124,3351,2032,pos,0 days 01:12:13.271000,0 days 02:10:28.783000
2024-07-07 15:15:26.192,OnTrack,6896,3220,2029,pos,0 days 01:12:13.651000,0 days 02:10:29.163000
2024-07-07 15:15:26.552,OnTrack,6721,3070,2028,pos,0 days 01:12:14.011000,0 days 02:10:29.523000
2024-07-07 15:15:26.792,OnTrack,6575,2917,2027,pos,0 days 01:12:14.251000,0 days 02:10:29.763000
2024-07-07 15:15:27.192,OnTrack,6387,2688,2027,pos,0 days 01:12:14.651000,0 days 02:10:30.163000
2024-07-07 15:15:27.612,OnTrack,6253,2482,2026,pos,0 days 01:12:15.071000,0 days 02:10:30.583000
2024-07-07 15:15:27.672,OnTrack,6230,2441,2026,pos,0 days 01:12:15.131000,0 days 02:10:30.643000
2024-07-07 15:15:28.012,OnTrack,6108,2218,2025,pos,0 days 01:12:15.471000,0 days 02:10:30.983000
2024-07-07 15:15:28.232,OnTrack,6033,2072,2025,pos,0 days 01:12:15.691000,0 days 02:10:31.203000
2024-07-07 15:15:28.472,OnTrack,5907,1814,2024,pos,0 days 01:12:15.931000,0 days 02:10:31.443000
2024-07-07 15:15:28.832,OnTrack,5794,1580,2023,pos,0 days 01:12:16.291000,0 days 02:10:31.803000
2024-07-07 15:15:29.253,OnTrack,5663,1307,2021,pos,0 days 01:12:16.712000,0 days 02:10:32.224000
2024-07-07 15:15:29.671,OnTrack,5552,1074,2020,pos,0 days 01:12:17.130000,0 days 02:10:32.642000
2024-07-07 15:15:29.911,OnTrack,5475,913,2019,pos,0 days 01:12:17.370000,0 days 02:10:32.882000
2024-07-07 15:15:30.072,OnTrack,5420,799,2018,pos,0 days 01:12:17.531000,0 days 02:10:33.043000
2024-07-07 15:15:30.272,OnTrack,5303,555,2016,pos,0 days 01:12:17.731000,0 days 02:10:33.243000
2024-07-07 15:15:30.672,OnTrack,5212,367,2015,pos,0 days 01:12:18.131000,0 days 02:10:33.643000
2024-07-07 15:15:30.792,OnTrack,5170,280,2014,pos,0 days 01:12:18.251000,0 days 02:10:33.763000
2024-07-07 15:15:31.072,OnTrack,5071,77,2012,pos,0 days 01:12:18.531000,0 days 02:10:34.043000
2024-07-07 15:15:31.311,OnTrack,4987,-97,2011,pos,0 days 01:12:18.770000,0 days 02:10:34.282000
2024-07-07 15:15:31.492,OnTrack,4881,-317,2010,pos,0 days 01:12:18.951000,0 days 02:10:34.463000
2024-07-07 15:15:31.871,OnTrack,4789,-509,2009,pos,0 days 01:12:19.330000,0 days 02:10:34.842000
2024-07-07 15:15:32.112,OnTrack,4659,-779,2007,pos,0 days 01:12:19.571000,0 days 02:10:35.083000
2024-07-07 15:15:32.433,OnTrack,4596,-909,2007,pos,0 days 01:12:19.892000,0 days 02:10:35.404000
2024-07-07 15:15:32.732,OnTrack,4488,-1132,2005,pos,0 days 01:12:20.191000,0 days 02:10:35.703000
2024-07-07 15:15:32.852,OnTrack,4448,-1213,2004,pos,0 days 01:12:20.311000,0 days 02:10:35.823000
2024-07-07 15:15:33.112,OnTrack,4350,-1414,2001,pos,0 days 01:12:20.571000,0 days 02:10:36.083000
2024-07-07 15:15:33.452,OnTrack,4225,-1666,1998,pos,0 days 01:12:20.911000,0 days 02:10:36.423000
2024-07-07 15:15:33.612,OnTrack,4122,-1872,1996,pos,0 days 01:12:21.071000,0 days 02:10:36.583000
2024-07-07 15:15:33.932,OnTrack,4047,-2020,1994,pos,0 days 01:12:21.391000,0 days 02:10:36.903000
2024-07-07 15:15:34.113,OnTrack,3980,-2152,1994,pos,0 days 01:12:21.572000,0 days 02:10:37.084000
2024-07-07 15:15:34.432,OnTrack,3858,-2388,1994,pos,0 days 01:12:21.891000,0 days 02:10:37.403000
2024-07-07 15:15:34.673,OnTrack,3734,-2624,1995,pos,0 days 01:12:22.132000,0 days 02:10:37.644000
2024-07-07 15:15:35.072,OnTrack,3611,-2852,1998,pos,0 days 01:12:22.531000,0 days 02:10:38.043000
2024-07-07 15:15:35.272,OnTrack,3537,-2987,2000,pos,0 days 01:12:22.731000,0 days 02:10:38.243000
2024-07-07 15:15:35.493,OnTrack,3445,-3147,2004,pos,0 days 01:12:22.952000,0 days 02:10:38.464000
2024-07-07 15:15:35.672,OnTrack,3372,-3270,2006,pos,0 days 01:12:23.131000,0 days 02:10:38.643000
2024-07-07 15:15:35.892,OnTrack,3278,-3418,2010,pos,0 days 01:12:23.351000,0 days 02:10:38.863000
2024-07-07 15:15:36.152,OnTrack,3091,-3666,2016,pos,0 days 01:12:23.611000,0 days 02:10:39.123000
2024-07-07 15:15:36.552,OnTrack,2934,-3831,2020,pos,0 days 01:12:24.011000,0 days 02:10:39.523000
2024-07-07 15:15:36.892,OnTrack,2790,-3941,2023,pos,0 days 01:12:24.351000,0 days 02:10:39.863000
2024-07-07 15:15:37.011,OnTrack,2724,-3981,2024,pos,0 days 01:12:24.470000,0 days 02:10:39.982000
2024-07-07 15:15:37.232,OnTrack,2601,-4041,2026,pos,0 days 01:12:24.691000,0 days 02:10:40.203000
2024-07-07 15:15:37.452,OnTrack,2495,-4078,2028,pos,0 days 01:12:24.911000,0 days 02:10:40.423000
2024-07-07 15:15:37.652,OnTrack,2380,-4105,2029,pos,0 days 01:12:25.111000,0 days 02:10:40.623000
2024-07-07 15:15:37.972,OnTrack,2143,-4111,2032,pos,0 days 01:12:25.431000,0 days 02:10:40.943000
2024-07-07 15:15:38.372,OnTrack,1918,-4057,2033,pos,0 days 01:12:25.831000,0 days 02:10:41.343000
2024-07-07 15:15:38.752,OnTrack,1739,-3970,2033,pos,0 days 01:12:26.211000,0 days 02:10:41.723000
2024-07-07 15:15:38.872,OnTrack,1675,-3928,2033,pos,0 days 01:12:26.331000,0 days 02:10:41.843000
2024-07-07 15:15:39.132,OnTrack,1550,-3825,2031,pos,0 days 01:12:26.591000,0 days 02:10:42.103000
2024-07-07 15:15:39.432,OnTrack,1412,-3674,2030,pos,0 days 01:12:26.891000,0 days 02:10:42.403000
2024-07-07 15:15:39.652,OnTrack,1326,-3555,2028,pos,0 days 01:12:27.111000,0 days 02:10:42.623000
2024-07-07 15:15:39.813,OnTrack,1269,-3462,2026,pos,0 days 01:12:27.272000,0 days 02:10:42.784000
2024-07-07 15:15:39.912,OnTrack,1235,-3403,2024,pos,0 days 01:12:27.371000,0 days 02:10:42.883000
2024-07-07 15:15:40.152,OnTrack,1157,-3256,2020,pos,0 days 01:12:27.611000,0 days 02:10:43.123000
2024-07-07 15:15:40.492,OnTrack,1016,-2997,2010,pos,0 days 01:12:27.951000,0 days 02:10:43.463000
2024-07-07 15:15:40.913,OnTrack,884,-2791,2000,pos,0 days 01:12:28.372000,0 days 02:10:43.884000
2024-07-07 15:15:41.133,OnTrack,738,-2589,1991,pos,0 days 01:12:28.592000,0 days 02:10:44.104000
2024-07-07 15:15:41.372,OnTrack,686,-2518,1989,pos,0 days 01:12:28.831000,0 days 02:10:44.343000
2024-07-07 15:15:41.753,OnTrack,483,-2243,1984,pos,0 days 01:12:29.212000,0 days 02:10:44.724000
2024-07-07 15:15:42.033,OnTrack,382,-2110,1985,pos,0 days 01:12:29.492000,0 days 02:10:45.004000
2024-07-07 15:15:42.273,OnTrack,274,-1969,1986,pos,0 days 01:12:29.732000,0 days 02:10:45.244000
2024-07-07 15:15:42.553,OnTrack,143,-1807,1986,pos,0 days 01:12:30.012000,0 days 02:10:45.524000
2024-07-07 15:15:42.812,OnTrack,-11,-1627,1986,pos,0 days 01:12:30.271000,0 days 02:10:45.783000
2024-07-07 15:15:43.192,OnTrack,-182,-1434,1984,pos,0 days 01:12:30.651000,0 days 02:10:46.163000
2024-07-07 15:15:43.472,OnTrack,-281,-1323,1982,pos,0 days 01:12:30.931000,0 days 02:10:46.443000
2024-07-07 15:15:43.791,OnTrack,-397,-1193,1980,pos,0 days 01:12:31.250000,0 days 02:10:46.762000
2024-07-07 15:15:43.932,OnTrack,-485,-1101,1978,pos,0 days 01:12:31.391000,0 days 02:10:46.903000
2024-07-07 15:15:44.272,OnTrack,-544,-1047,1977,pos,0 days 01:12:31.731000,0 days 02:10:47.243000
2024-07-07 15:15:44.452,OnTrack,-598,-1008,1976,pos,0 days 01:12:31.911000,0 days 02:10:47.423000
2024-07-07 15:15:44.832,OnTrack,-710,-947,1975,pos,0 days 01:12:32.291000,0 days 02:10:47.803000
2024-07-07 15:15:45.032,OnTrack,-768,-927,1976,pos,0 days 01:12:32.491000,0 days 02:10:48.003000
2024-07-07 15:15:45.232,OnTrack,-826,-916,1976,pos,0 days 01:12:32.691000,0 days 02:10:48.203000
2024-07-07 15:15:45.432,OnTrack,-887,-912,1976,pos,0 days 01:12:32.891000,0 days 02:10:48.403000
2024-07-07 15:15:45.632,OnTrack,-974,-918,1977,pos,0 days 01:12:33.091000,0 days 02:10:48.603000
2024-07-07 15:15:45.952,OnTrack,-1067,-950,1978,pos,0 days 01:12:33.411000,0 days 02:10:48.923000
2024-07-07 15:15:46.313,OnTrack,-1123,-983,1979,pos,0 days 01:12:33.772000,0 days 02:10:49.284000
2024-07-07 15:15:46.632,OnTrack,-1236,-1069,1980,pos,0 days 01:12:34.091000,0 days 02:10:49.603000
2024-07-07 15:15:47.012,OnTrack,-1307,-1118,1981,pos,0 days 01:12:34.471000,0 days 02:10:49.983000
2024-07-07 15:15:47.112,OnTrack,-1332,-1132,1981,pos,0 days 01:12:34.571000,0 days 02:10:50.083000
2024-07-07 15:15:47.453,OnTrack,-1469,-1172,1981,pos,0 days 01:12:34.912000,0 days 02:10:50.424000
2024-07-07 15:15:47.892,OnTrack,-1580,-1160,1980,pos,0 days 01:12:35.351000,0 days 02:10:50.863000
2024-07-07 15:15:48.013,OnTrack,-1617,-1151,1980,pos,0 days 01:12:35.472000,0 days 02:10:50.984000
2024-07-07 15:15:48.332,OnTrack,-1750,-1099,1978,pos,0 days 01:12:35.791000,0 days 02:10:51.303000
2024-07-07 15:15:48.612,OnTrack,-1812,-1063,1978,pos,0 days 01:12:36.071000,0 days 02:10:51.583000
2024-07-07 15:15:48.873,OnTrack,-1891,-1003,1977,pos,0 days 01:12:36.332000,0 days 02:10:51.844000
2024-07-07 15:15:49.153,OnTrack,-1991,-893,1976,pos,0 days 01:12:36.612000,0 days 02:10:52.124000
2024-07-07 15:15:49.412,OnTrack,-2039,-834,1975,pos,0 days 01:12:36.871000,0 days 02:10:52.383000
2024-07-07 15:15:49.692,OnTrack,-2118,-729,1974,pos,0 days 01:12:37.151000,0 days 02:10:52.663000
2024-07-07 15:15:49.892,OnTrack,-2187,-608,1974,pos,0 days 01:12:37.351000,0 days 02:10:52.863000
2024-07-07 15:15:50.172,OnTrack,-2257,-426,1972,pos,0 days 01:12:37.631000,0 days 02:10:53.143000
2024-07-07 15:15:50.552,OnTrack,-2295,-263,1970,pos,0 days 01:12:38.011000,0 days 02:10:53.523000
2024-07-07 15:15:50.832,OnTrack,-2312,-101,1968,pos,0 days 01:12:38.291000,0 days 02:10:53.803000
2024-07-07 15:15:50.932,OnTrack,-2314,-41,1967,pos,0 days 01:12:38.391000,0 days 02:10:53.903000
2024-07-07 15:15:51.092,OnTrack,-2313,54,1967,pos,0 days 01:12:38.551000,0 days 02:10:54.063000
2024-07-07 15:15:51.312,OnTrack,-2298,189,1966,pos,0 days 01:12:38.771000,0 days 02:10:54.283000
2024-07-07 15:15:51.492,OnTrack,-2278,301,1964,pos,0 days 01:12:38.951000,0 days 02:10:54.463000
2024-07-07 15:15:51.792,OnTrack,-2221,485,1963,pos,0 days 01:12:39.251000,0 days 02:10:54.763000
2024-07-07 15:15:51.992,OnTrack,-2164,606,1962,pos,0 days 01:12:39.451000,0 days 02:10:54.963000
2024-07-07 15:15:52.192,OnTrack,-2099,723,1962,pos,0 days 01:12:39.651000,0 days 02:10:55.163000
2024-07-07 15:15:52.472,OnTrack,-1959,931,1962,pos,0 days 01:12:39.931000,0 days 02:10:55.443000
2024-07-07 15:15:52.892,OnTrack,-1824,1117,1963,pos,0 days 01:12:40.351000,0 days 02:10:55.863000
2024-07-07 15:15:53.012,OnTrack,-1774,1185,1963,pos,0 days 01:12:40.471000,0 days 02:10:55.983000
2024-07-07 15:15:53.192,OnTrack,-1697,1287,1964,pos,0 days 01:12:40.651000,0 days 02:10:56.163000
2024-07-07 15:15:53.472,OnTrack,-1582,1435,1965,pos,0 days 01:12:40.931000,0 days 02:10:56.443000
2024-07-07 15:15:53.653,OnTrack,-1490,1550,1966,pos,0 days 01:12:41.112000,0 days 02:10:56.624000
2024-07-07 15:15:53.912,OnTrack,-1314,1779,1968,pos,0 days 01:12:41.371000,0 days 02:10:56.883000
2024-07-07 15:15:54.352,OnTrack,-1180,1962,1970,pos,0 days 01:12:41.811000,0 days 02:10:57.323000
2024-07-07 15:15:54.592,OnTrack,-1068,2117,1973,pos,0 days 01:12:42.051000,0 days 02:10:57.563000
2024-07-07 15:15:54.773,OnTrack,-945,2286,1975,pos,0 days 01:12:42.232000,0 days 02:10:57.744000
2024-07-07 15:15:55.192,OnTrack,-793,2495,1978,pos,0 days 01:12:42.651000,0 days 02:10:58.163000
2024-07-07 15:15:55.353,OnTrack,-719,2597,1980,pos,0 days 01:12:42.812000,0 days 02:10:58.324000
2024-07-07 15:15:55.593,OnTrack,-609,2751,1983,pos,0 days 01:12:43.052000,0 days 02:10:58.564000
2024-07-07 15:15:55.752,OnTrack,-537,2857,1985,pos,0 days 01:12:43.211000,0 days 02:10:58.723000
2024-07-07 15:15:55.972,OnTrack,-439,3002,1987,pos,0 days 01:12:43.431000,0 days 02:10:58.943000
2024-07-07 15:15:56.192,OnTrack,-340,3150,1989,pos,0 days 01:12:43.651000,0 days 02:10:59.163000
2024-07-07 15:15:56.472,OnTrack,-215,3339,1993,pos,0 days 01:12:43.931000,0 days 02:10:59.443000
2024-07-07 15:15:56.631,OnTrack,-141,3446,1995,pos,0 days 01:12:44.090000,0 days 02:10:59.602000
2024-07-07 15:15:56.891,OnTrack,-22,3611,1997,pos,0 days 01:12:44.350000,0 days 02:10:59.862000
2024-07-07 15:15:57.052,OnTrack,60,3722,1999,pos,0 days 01:12:44.511000,0 days 02:11:00.023000
2024-07-07 15:15:57.252,OnTrack,162,3851,2002,pos,0 days 01:12:44.711000,0 days 02:11:00.223000
2024-07-07 15:15:57.451,OnTrack,268,3976,2006,pos,0 days 01:12:44.910000,0 days 02:11:00.422000
2024-07-07 15:15:57.731,OnTrack,423,4138,2010,pos,0 days 01:12:45.190000,0 days 02:11:00.702000
2024-07-07 15:15:57.892,OnTrack,519,4224,2011,pos,0 days 01:12:45.351000,0 days 02:11:00.863000
2024-07-07 15:15:57.972,OnTrack,569,4263,2011,pos,0 days 01:12:45.431000,0 days 02:11:00.943000
2024-07-07 15:15:58.152,OnTrack,688,4342,2012,pos,0 days 01:12:45.611000,0 days 02:11:01.123000
2024-07-07 15:15:58.472,OnTrack,922,4446,2014,pos,0 days 01:12:45.931000,0 days 02:11:01.443000
2024-07-07 15:15:58.672,OnTrack,1078,4487,2015,pos,0 days 01:12:46.131000,0 days 02:11:01.643000
2024-07-07 15:15:58.892,OnTrack,1253,4512,2016,pos,0 days 01:12:46.351000,0 days 02:11:01.863000
2024-07-07 15:15:59.052,OnTrack,1383,4519,2018,pos,0 days 01:12:46.511000,0 days 02:11:02.023000
2024-07-07 15:15:59.332,OnTrack,1601,4517,2021,pos,0 days 01:12:46.791000,0 days 02:11:02.303000
2024-07-07 15:15:59.512,OnTrack,1752,4507,2023,pos,0 days 01:12:46.971000,0 days 02:11:02.483000
2024-07-07 15:15:59.692,OnTrack,1896,4489,2025,pos,0 days 01:12:47.151000,0 days 02:11:02.663000
2024-07-07 15:15:59.872,OnTrack,2040,4469,2026,pos,0 days 01:12:47.331000,0 days 02:11:02.843000
2024-07-07 15:16:00.072,OnTrack,2200,4450,2027,pos,0 days 01:12:47.531000,0 days 02:11:03.043000
2024-07-07 15:16:00.372,OnTrack,2442,4439,2030,pos,0 days 01:12:47.831000,0 days 02:11:03.343000
2024-07-07 15:16:00.612,OnTrack,2636,4445,2032,pos,0 days 01:12:48.071000,0 days 02:11:03.583000
2024-07-07 15:16:00.832,OnTrack,2892,4487,2036,pos,0 days 01:12:48.291000,0 days 02:11:03.803000
2024-07-07 15:16:01.112,OnTrack,3049,4535,2039,pos,0 days 01:12:48.571000,0 days 02:11:04.083000
2024-07-07 15:16:01.273,OnTrack,3168,4584,2040,pos,0 days 01:12:48.732000,0 days 02:11:04.244000
2024-07-07 15:16:01.532,OnTrack,3446,4746,2046,pos,0 days 01:12:48.991000,0 days 02:11:04.503000
2024-07-07 15:16:02.052,OnTrack,3681,4938,2049,pos,0 days 01:12:49.511000,0 days 02:11:05.023000
2024-07-07 15:16:02.093,OnTrack,3704,4960,2049,pos,0 days 01:12:49.552000,0 days 02:11:05.064000
2024-07-07 15:16:02.453,OnTrack,3907,5163,2050,pos,0 days 01:12:49.912000,0 days 02:11:05.424000
2024-07-07 15:16:02.632,OnTrack,4007,5263,2051,pos,0 days 01:12:50.091000,0 days 02:11:05.603000
2024-07-07 15:16:02.871,OnTrack,4142,5392,2052,pos,0 days 01:12:50.330000,0 days 02:11:05.842000
2024-07-07 15:16:03.052,OnTrack,4239,5481,2052,pos,0 days 01:12:50.511000,0 days 02:11:06.023000
2024-07-07 15:16:03.252,OnTrack,4338,5569,2053,pos,0 days 01:12:50.711000,0 days 02:11:06.223000
2024-07-07 15:16:03.431,OnTrack,4421,5640,2054,pos,0 days 01:12:50.890000,0 days 02:11:06.402000
2024-07-07 15:16:03.732,OnTrack,4543,5740,2054,pos,0 days 01:12:51.191000,0 days 02:11:06.703000
2024-07-07 15:16:03.912,OnTrack,4651,5820,2055,pos,0 days 01:12:51.371000,0 days 02:11:06.883000
2024-07-07 15:16:04.332,OnTrack,4789,5885,2054,pos,0 days 01:12:51.791000,0 days 02:11:07.303000
2024-07-07 15:16:04.632,OnTrack,4867,5899,2053,pos,0 days 01:12:52.091000,0 days 02:11:07.603000
2024-07-07 15:16:04.952,OnTrack,4978,5897,2053,pos,0 days 01:12:52.411000,0 days 02:11:07.923000
2024-07-07 15:16:05.112,OnTrack,5030,5887,2053,pos,0 days 01:12:52.571000,0 days 02:11:08.083000
2024-07-07 15:16:05.312,OnTrack,5090,5868,2054,pos,0 days 01:12:52.771000,0 days 02:11:08.283000
2024-07-07 15:16:05.492,OnTrack,5140,5842,2055,pos,0 days 01:12:52.951000,0 days 02:11:08.463000
2024-07-07 15:16:05.692,OnTrack,5191,5807,2056,pos,0 days 01:12:53.151000,0 days 02:11:08.663000
2024-07-07 15:16:05.872,OnTrack,5232,5771,2057,pos,0 days 01:12:53.331000,0 days 02:11:08.843000
2024-07-07 15:16:06.213,OnTrack,5295,5690,2058,pos,0 days 01:12:53.672000,0 days 02:11:09.184000
2024-07-07 15:16:06.412,OnTrack,5337,5598,2059,pos,0 days 01:12:53.871000,0 days 02:11:09.383000
2024-07-07 15:16:06.832,OnTrack,5367,5490,2060,pos,0 days 01:12:54.291000,0 days 02:11:09.803000
2024-07-07 15:16:07.232,OnTrack,5385,5366,2061,pos,0 days 01:12:54.691000,0 days 02:11:10.203000
2024-07-07 15:16:07.472,OnTrack,5396,5239,2063,pos,0 days 01:12:54.931000,0 days 02:11:10.443000
2024-07-07 15:16:07.853,OnTrack,5421,5090,2065,pos,0 days 01:12:55.312000,0 days 02:11:10.824000
2024-07-07 15:16:08.272,OnTrack,5468,4969,2066,pos,0 days 01:12:55.731000,0 days 02:11:11.243000
2024-07-07 15:16:08.733,OnTrack,5534,4874,2066,pos,0 days 01:12:56.192000,0 days 02:11:11.704000
2024-07-07 15:16:08.893,OnTrack,5565,4841,2065,pos,0 days 01:12:56.352000,0 days 02:11:11.864000
2024-07-07 15:16:09.112,OnTrack,5609,4802,2065,pos,0 days 01:12:56.571000,0 days 02:11:12.083000
2024-07-07 15:16:09.332,OnTrack,5656,4769,2064,pos,0 days 01:12:56.791000,0 days 02:11:12.303000
2024-07-07 15:16:09.512,OnTrack,5696,4748,2064,pos,0 days 01:12:56.971000,0 days 02:11:12.483000
2024-07-07 15:16:09.712,OnTrack,5741,4733,2064,pos,0 days 01:12:57.171000,0 days 02:11:12.683000
2024-07-07 15:16:09.911,OnTrack,5813,4734,2064,pos,0 days 01:12:57.370000,0 days 02:11:12.882000
2024-07-07 15:16:10.352,OnTrack,5882,4765,2064,pos,0 days 01:12:57.811000,0 days 02:11:13.323000
2024-07-07 15:16:10.532,OnTrack,5944,4814,2064,pos,0 days 01:12:57.991000,0 days 02:11:13.503000
2024-07-07 15:16:10.852,OnTrack,5976,4847,2064,pos,0 days 01:12:58.311000,0 days 02:11:13.823000
2024-07-07 15:16:11.072,OnTrack,6014,4890,2064,pos,0 days 01:12:58.531000,0 days 02:11:14.043000
2024-07-07 15:16:11.372,OnTrack,6080,4983,2065,pos,0 days 01:12:58.831000,0 days 02:11:14.343000
2024-07-07 15:16:11.852,OnTrack,6151,5114,2065,pos,0 days 01:12:59.311000,0 days 02:11:14.823000
2024-07-07 15:16:12.173,OnTrack,6185,5194,2065,pos,0 days 01:12:59.632000,0 days 02:11:15.144000
2024-07-07 15:16:12.472,OnTrack,6232,5331,2065,pos,0 days 01:12:59.931000,0 days 02:11:15.443000
2024-07-07 15:16:12.852,OnTrack,6279,5505,2065,pos,0 days 01:13:00.311000,0 days 02:11:15.823000
2024-07-07 15:16:13.152,OnTrack,6301,5610,2064,pos,0 days 01:13:00.611000,0 days 02:11:16.123000
2024-07-07 15:16:13.492,OnTrack,6326,5784,2064,pos,0 days 01:13:00.951000,0 days 02:11:16.463000
2024-07-07 15:16:13.652,OnTrack,6332,5870,2064,pos,0 days 01:13:01.111000,0 days 02:11:16.623000
2024-07-07 15:16:13.873,OnTrack,6331,5993,2064,pos,0 days 01:13:01.332000,0 days 02:11:16.844000
2024-07-07 15:16:14.133,OnTrack,6317,6139,2063,pos,0 days 01:13:01.592000,0 days 02:11:17.104000
2024-07-07 15:16:14.212,OnTrack,6309,6192,2063,pos,0 days 01:13:01.671000,0 days 02:11:17.183000
2024-07-07 15:16:14.552,OnTrack,6245,6438,2062,pos,0 days 01:13:02.011000,0 days 02:11:17.523000
2024-07-07 15:16:14.913,OnTrack,6153,6641,2063,pos,0 days 01:13:02.372000,0 days 02:11:17.884000
2024-07-07 15:16:15.213,OnTrack,6076,6771,2063,pos,0 days 01:13:02.672000,0 days 02:11:18.184000
2024-07-07 15:16:15.412,OnTrack,5999,6879,2064,pos,0 days 01:13:02.871000,0 days 02:11:18.383000
2024-07-07 15:16:15.752,OnTrack,5784,7113,2064,pos,0 days 01:13:03.211000,0 days 02:11:18.723000
2024-07-07 15:16:16.092,OnTrack,5673,7209,2064,pos,0 days 01:13:03.551000,0 days 02:11:19.063000
2024-07-07 15:16:16.352,OnTrack,5529,7324,2064,pos,0 days 01:13:03.811000,0 days 02:11:19.323000
2024-07-07 15:16:16.592,OnTrack,5393,7428,2064,pos,0 days 01:13:04.051000,0 days 02:11:19.563000
2024-07-07 15:16:16.812,OnTrack,5199,7579,2064,pos,0 days 01:13:04.271000,0 days 02:11:19.783000
2024-07-07 15:16:17.092,OnTrack,5109,7653,2064,pos,0 days 01:13:04.551000,0 days 02:11:20.063000
2024-07-07 15:16:17.432,OnTrack,4916,7814,2064,pos,0 days 01:13:04.891000,0 days 02:11:20.403000
2024-07-07 15:16:17.692,OnTrack,4768,7941,2064,pos,0 days 01:13:05.151000,0 days 02:11:20.663000
2024-07-07 15:16:17.851,OnTrack,4595,8089,2065,pos,0 days 01:13:05.310000,0 days 02:11:20.822000
2024-07-07 15:16:18.172,OnTrack,4491,8178,2064,pos,0 days 01:13:05.631000,0 days 02:11:21.143000
2024-07-07 15:16:18.492,OnTrack,4233,8399,2064,pos,0 days 01:13:05.951000,0 days 02:11:21.463000
2024-07-07 15:16:18.812,OnTrack,4114,8501,2064,pos,0 days 01:13:06.271000,0 days 02:11:21.783000
2024-07-07 15:16:18.993,OnTrack,4007,8593,2064,pos,0 days 01:13:06.452000,0 days 02:11:21.964000
2024-07-07 15:16:19.152,OnTrack,3912,8675,2063,pos,0 days 01:13:06.611000,0 days 02:11:22.123000
2024-07-07 15:16:19.452,OnTrack,3674,8884,2064,pos,0 days 01:13:06.911000,0 days 02:11:22.423000
2024-07-07 15:16:19.912,OnTrack,3410,9116,2063,pos,0 days 01:13:07.371000,0 days 02:11:22.883000
2024-07-07 15:16:20.152,OnTrack,3313,9200,2063,pos,0 days 01:13:07.611000,0 days 02:11:23.123000
2024-07-07 15:16:20.412,OnTrack,3156,9339,2063,pos,0 days 01:13:07.871000,0 days 02:11:23.383000
2024-07-07 15:16:20.572,OnTrack,3058,9424,2063,pos,0 days 01:13:08.031000,0 days 02:11:23.543000
2024-07-07 15:16:20.812,OnTrack,2913,9552,2062,pos,0 days 01:13:08.271000,0 days 02:11:23.783000
2024-07-07 15:16:21.072,OnTrack,2753,9689,2060,pos,0 days 01:13:08.531000,0 days 02:11:24.043000
2024-07-07 15:16:21.213,OnTrack,2667,9764,2060,pos,0 days 01:13:08.672000,0 days 02:11:24.184000
2024-07-07 15:16:21.473,OnTrack,2509,9902,2058,pos,0 days 01:13:08.932000,0 days 02:11:24.444000
2024-07-07 15:16:21.693,OnTrack,2261,10122,2054,pos,0 days 01:13:09.152000,0 days 02:11:24.664000
2024-07-07 15:16:22.033,OnTrack,2141,10229,2052,pos,0 days 01:13:09.492000,0 days 02:11:25.004000
2024-07-07 15:16:22.392,OnTrack,1856,10484,2047,pos,0 days 01:13:09.851000,0 days 02:11:25.363000
2024-07-07 15:16:22.632,OnTrack,1784,10545,2046,pos,0 days 01:13:10.091000,0 days 02:11:25.603000
2024-07-07 15:16:23.011,OnTrack,1554,10726,2043,pos,0 days 01:13:10.470000,0 days 02:11:25.982000
2024-07-07 15:16:23.232,OnTrack,1425,10805,2041,pos,0 days 01:13:10.691000,0 days 02:11:26.203000
2024-07-07 15:16:23.472,OnTrack,1294,10870,2039,pos,0 days 01:13:10.931000,0 days 02:11:26.443000
2024-07-07 15:16:23.632,OnTrack,1197,10905,2037,pos,0 days 01:13:11.091000,0 days 02:11:26.603000
2024-07-07 15:16:23.872,OnTrack,1076,10937,2036,pos,0 days 01:13:11.331000,0 days 02:11:26.843000
2024-07-07 15:16:24.092,OnTrack,955,10949,2035,pos,0 days 01:13:11.551000,0 days 02:11:27.063000
2024-07-07 15:16:24.292,OnTrack,847,10949,2034,pos,0 days 01:13:11.751000,0 days 02:11:27.263000
2024-07-07 15:16:24.432,OnTrack,741,10942,2033,pos,0 days 01:13:11.891000,0 days 02:11:27.403000
2024-07-07 15:16:24.732,OnTrack,647,10920,2032,pos,0 days 01:13:12.191000,0 days 02:11:27.703000
2024-07-07 15:16:25.032,OnTrack,520,10866,2032,pos,0 days 01:13:12.491000,0 days 02:11:28.003000
2024-07-07 15:16:25.852,OnTrack,285,10606,2033,pos,0 days 01:13:13.311000,0 days 02:11:28.823000
2024-07-07 15:16:26.172,OnTrack,230,10480,2033,pos,0 days 01:13:13.631000,0 days 02:11:29.143000
2024-07-07 15:16:26.373,OnTrack,199,10334,2033,pos,0 days 01:13:13.832000,0 days 02:11:29.344000
2024-07-07 15:16:26.752,OnTrack,190,10207,2034,pos,0 days 01:13:14.211000,0 days 02:11:29.723000
2024-07-07 15:16:26.972,OnTrack,181,10035,2035,pos,0 days 01:13:14.431000,0 days 02:11:29.943000
2024-07-07 15:16:27.453,OnTrack,160,9861,2036,pos,0 days 01:13:14.912000,0 days 02:11:30.424000
2024-07-07 15:16:27.552,OnTrack,149,9822,2036,pos,0 days 01:13:15.011000,0 days 02:11:30.523000
2024-07-07 15:16:27.713,OnTrack,126,9760,2037,pos,0 days 01:13:15.172000,0 days 02:11:30.684000
2024-07-07 15:16:28.092,OnTrack,45,9632,2039,pos,0 days 01:13:15.551000,0 days 02:11:31.063000
2024-07-07 15:16:28.293,OnTrack,-30,9557,2040,pos,0 days 01:13:15.752000,0 days 02:11:31.264000
2024-07-07 15:16:28.652,OnTrack,-108,9503,2040,pos,0 days 01:13:16.111000,0 days 02:11:31.623000
2024-07-07 15:16:28.813,OnTrack,-156,9479,2040,pos,0 days 01:13:16.272000,0 days 02:11:31.784000
2024-07-07 15:16:29.011,OnTrack,-218,9456,2041,pos,0 days 01:13:16.470000,0 days 02:11:31.982000
2024-07-07 15:16:29.312,OnTrack,-312,9441,2041,pos,0 days 01:13:16.771000,0 days 02:11:32.283000
2024-07-07 15:16:29.392,OnTrack,-338,9441,2040,pos,0 days 01:13:16.851000,0 days 02:11:32.363000
2024-07-07 15:16:29.732,OnTrack,-439,9461,2040,pos,0 days 01:13:17.191000,0 days 02:11:32.703000
2024-07-07 15:16:29.972,OnTrack,-506,9494,2039,pos,0 days 01:13:17.431000,0 days 02:11:32.943000
2024-07-07 15:16:30.152,OnTrack,-586,9556,2038,pos,0 days 01:13:17.611000,0 days 02:11:33.123000
2024-07-07 15:16:30.492,OnTrack,-630,9604,2036,pos,0 days 01:13:17.951000,0 days 02:11:33.463000
2024-07-07 15:16:30.732,OnTrack,-699,9712,2035,pos,0 days 01:13:18.191000,0 days 02:11:33.703000
2024-07-07 15:16:31.132,OnTrack,-735,9798,2033,pos,0 days 01:13:18.591000,0 days 02:11:34.103000
2024-07-07 15:16:31.352,OnTrack,-758,9879,2033,pos,0 days 01:13:18.811000,0 days 02:11:34.323000
2024-07-07 15:16:31.432,OnTrack,-764,9910,2033,pos,0 days 01:13:18.891000,0 days 02:11:34.403000
2024-07-07 15:16:31.672,OnTrack,-775,10007,2032,pos,0 days 01:13:19.131000,0 days 02:11:34.643000
2024-07-07 15:16:31.932,OnTrack,-774,10120,2031,pos,0 days 01:13:19.391000,0 days 02:11:34.903000
2024-07-07 15:16:32.152,OnTrack,-754,10286,2030,pos,0 days 01:13:19.611000,0 days 02:11:35.123000
2024-07-07 15:16:32.652,OnTrack,-706,10481,2028,pos,0 days 01:13:20.111000,0 days 02:11:35.623000
2024-07-07 15:16:32.692,OnTrack,-699,10501,2028,pos,0 days 01:13:20.151000,0 days 02:11:35.663000
2024-07-07 15:16:32.873,OnTrack,-667,10592,2027,pos,0 days 01:13:20.332000,0 days 02:11:35.844000
2024-07-07 15:16:33.212,OnTrack,-562,10832,2023,pos,0 days 01:13:20.671000,0 days 02:11:36.183000
2024-07-07 15:16:33.532,OnTrack,-508,10938,2022,pos,0 days 01:13:20.991000,0 days 02:11:36.503000
2024-07-07 15:16:33.872,OnTrack,-410,11122,2021,pos,0 days 01:13:21.331000,0 days 02:11:36.843000
2024-07-07 15:16:34.072,OnTrack,-309,11296,2021,pos,0 days 01:13:21.531000,0 days 02:11:37.043000
2024-07-07 15:16:34.372,OnTrack,-244,11394,2020,pos,0 days 01:13:21.831000,0 days 02:11:37.343000
2024-07-07 15:16:34.533,OnTrack,-182,11481,2021,pos,0 days 01:13:21.992000,0 days 02:11:37.504000
2024-07-07 15:16:34.853,OnTrack,-50,11651,2021,pos,0 days 01:13:22.312000,0 days 02:11:37.824000
2024-07-07 15:16:35.053,OnTrack,36,11750,2021,pos,0 days 01:13:22.512000,0 days 02:11:38.024000
2024-07-07 15:16:35.252,OnTrack,208,11925,2023,pos,0 days 01:13:22.711000,0 days 02:11:38.223000
2024-07-07 15:16:35.672,OnTrack,355,12061,2024,pos,0 days 01:13:23.131000,0 days 02:11:38.643000
2024-07-07 15:16:35.932,OnTrack,542,12211,2024,pos,0 days 01:13:23.391000,0 days 02:11:38.903000
2024-07-07 15:16:36.252,OnTrack,769,12363,2024,pos,0 days 01:13:23.711000,0 days 02:11:39.223000
2024-07-07 15:16:36.591,OnTrack,915,12440,2025,pos,0 days 01:13:24.050000,0 days 02:11:39.562000
2024-07-07 15:16:36.832,OnTrack,1081,12514,2025,pos,0 days 01:13:24.291000,0 days 02:11:39.803000
2024-07-07 15:16:37.092,OnTrack,1355,12613,2025,pos,0 days 01:13:24.551000,0 days 02:11:40.063000
2024-07-07 15:16:37.552,OnTrack,1609,12684,2025,pos,0 days 01:13:25.011000,0 days 02:11:40.523000
2024-07-07 15:16:37.632,OnTrack,1670,12699,2026,pos,0 days 01:13:25.091000,0 days 02:11:40.603000
2024-07-07 15:16:37.992,OnTrack,1999,12761,2028,pos,0 days 01:13:25.451000,0 days 02:11:40.963000
2024-07-07 15:16:38.432,OnTrack,2424,12813,2031,pos,0 days 01:13:25.891000,0 days 02:11:41.403000
2024-07-07 15:16:38.812,OnTrack,2697,12842,2033,pos,0 days 01:13:26.271000,0 days 02:11:41.783000
2024-07-07 15:16:39.212,OnTrack,3036,12876,2036,pos,0 days 01:13:26.671000,0 days 02:11:42.183000
2024-07-07 15:16:39.492,OnTrack,3166,12890,2037,pos,0 days 01:13:26.951000,0 days 02:11:42.463000
2024-07-07 15:16:39.772,OnTrack,3386,12913,2039,pos,0 days 01:13:27.231000,0 days 02:11:42.743000
2024-07-07 15:16:39.953,OnTrack,3541,12931,2040,pos,0 days 01:13:27.412000,0 days 02:11:42.924000
2024-07-07 15:16:40.112,OnTrack,3671,12945,2039,pos,0 days 01:13:27.571000,0 days 02:11:43.083000
2024-07-07 15:16:40.372,OnTrack,3884,12969,2042,pos,0 days 01:13:27.831000,0 days 02:11:43.343000
2024-07-07 15:16:40.533,OnTrack,4014,12984,2043,pos,0 days 01:13:27.992000,0 days 02:11:43.504000
2024-07-07 15:16:40.773,OnTrack,4209,13009,2044,pos,0 days 01:13:28.232000,0 days 02:11:43.744000
2024-07-07 15:16:40.952,OnTrack,4355,13028,2045,pos,0 days 01:13:28.411000,0 days 02:11:43.923000
2024-07-07 15:16:41.293,OnTrack,4693,13073,2047,pos,0 days 01:13:28.752000,0 days 02:11:44.264000
2024-07-07 15:16:41.593,OnTrack,4870,13092,2048,pos,0 days 01:13:29.052000,0 days 02:11:44.564000
2024-07-07 15:16:41.913,OnTrack,5127,13113,2049,pos,0 days 01:13:29.372000,0 days 02:11:44.884000
2024-07-07 15:16:42.091,OnTrack,5259,13114,2049,pos,0 days 01:13:29.550000,0 days 02:11:45.062000
2024-07-07 15:16:42.291,OnTrack,5412,13101,2050,pos,0 days 01:13:29.750000,0 days 02:11:45.262000
2024-07-07 15:16:42.472,OnTrack,5548,13073,2051,pos,0 days 01:13:29.931000,0 days 02:11:45.443000
2024-07-07 15:16:42.652,OnTrack,5680,13036,2052,pos,0 days 01:13:30.111000,0 days 02:11:45.623000
2024-07-07 15:16:43.512,OnTrack,6215,12701,2055,pos,0 days 01:13:30.971000,0 days 02:11:46.483000
2024-07-07 15:16:43.711,OnTrack,6313,12594,2056,pos,0 days 01:13:31.170000,0 days 02:11:46.682000
2024-07-07 15:16:43.892,OnTrack,6436,12407,2056,pos,0 days 01:13:31.351000,0 days 02:11:46.863000
2024-07-07 15:16:44.192,OnTrack,6497,12284,2057,pos,0 days 01:13:31.651000,0 days 02:11:47.163000
2024-07-07 15:16:44.372,OnTrack,6551,12159,2058,pos,0 days 01:13:31.831000,0 days 02:11:47.343000
2024-07-07 15:16:44.632,OnTrack,6618,11973,2060,pos,0 days 01:13:32.091000,0 days 02:11:47.603000
2024-07-07 15:16:44.892,OnTrack,6696,11708,2062,pos,0 days 01:13:32.351000,0 days 02:11:47.863000
2024-07-07 15:16:45.292,OnTrack,6752,11484,2063,pos,0 days 01:13:32.751000,0 days 02:11:48.263000
2024-07-07 15:16:45.572,OnTrack,6799,11271,2065,pos,0 days 01:13:33.031000,0 days 02:11:48.543000
2024-07-07 15:16:45.712,OnTrack,6833,11102,2066,pos,0 days 01:13:33.171000,0 days 02:11:48.683000
2024-07-07 15:16:46.032,OnTrack,6865,10916,2068,pos,0 days 01:13:33.491000,0 days 02:11:49.003000
2024-07-07 15:16:46.272,OnTrack,6908,10617,2070,pos,0 days 01:13:33.731000,0 days 02:11:49.243000
2024-07-07 15:16:46.612,OnTrack,6926,10459,2071,pos,0 days 01:13:34.071000,0 days 02:11:49.583000
2024-07-07 15:16:46.832,OnTrack,6943,10291,2073,pos,0 days 01:13:34.291000,0 days 02:11:49.803000
2024-07-07 15:16:47.152,OnTrack,6967,9962,2074,pos,0 days 01:13:34.611000,0 days 02:11:50.123000
2024-07-07 15:16:47.452,OnTrack,6976,9784,2075,pos,0 days 01:13:34.911000,0 days 02:11:50.423000
2024-07-07 15:16:47.792,OnTrack,6985,9394,2075,pos,0 days 01:13:35.251000,0 days 02:11:50.763000
2024-07-07 15:16:48.193,OnTrack,6996,9083,2073,pos,0 days 01:13:35.652000,0 days 02:11:51.164000
2024-07-07 15:16:48.633,OnTrack,7025,8775,2071,pos,0 days 01:13:36.092000,0 days 02:11:51.604000
2024-07-07 15:16:48.932,OnTrack,7057,8580,2070,pos,0 days 01:13:36.391000,0 days 02:11:51.903000
2024-07-07 15:16:49.212,OnTrack,7130,8257,2068,pos,0 days 01:13:36.671000,0 days 02:11:52.183000
2024-07-07 15:16:49.552,OnTrack,7180,8081,2066,pos,0 days 01:13:37.011000,0 days 02:11:52.523000
2024-07-07 15:16:49.752,OnTrack,7230,7924,2065,pos,0 days 01:13:37.211000,0 days 02:11:52.723000
2024-07-07 15:16:49.892,OnTrack,7269,7816,2063,pos,0 days 01:13:37.351000,0 days 02:11:52.863000
2024-07-07 15:16:50.152,OnTrack,7349,7615,2060,pos,0 days 01:13:37.611000,0 days 02:11:53.123000
2024-07-07 15:16:50.392,OnTrack,7422,7430,2059,pos,0 days 01:13:37.851000,0 days 02:11:53.363000
2024-07-07 15:16:50.572,OnTrack,7502,7185,2058,pos,0 days 01:13:38.031000,0 days 02:11:53.543000
2024-07-07 15:16:50.972,OnTrack,7540,6899,2058,pos,0 days 01:13:38.431000,0 days 02:11:53.943000
2024-07-07 15:16:51.392,OnTrack,7516,6661,2058,pos,0 days 01:13:38.851000,0 days 02:11:54.363000
2024-07-07 15:16:51.652,OnTrack,7475,6460,2060,pos,0 days 01:13:39.111000,0 days 02:11:54.623000
2024-07-07 15:16:51.852,OnTrack,7438,6309,2061,pos,0 days 01:13:39.311000,0 days 02:11:54.823000
2024-07-07 15:16:52.112,OnTrack,7375,6054,2062,pos,0 days 01:13:39.571000,0 days 02:11:55.083000
2024-07-07 15:16:52.473,OnTrack,7336,5847,2063,pos,0 days 01:13:39.932000,0 days 02:11:55.444000
2024-07-07 15:16:52.632,OnTrack,7322,5731,2063,pos,0 days 01:13:40.091000,0 days 02:11:55.603000
2024-07-07 15:16:52.812,OnTrack,7316,5606,2063,pos,0 days 01:13:40.271000,0 days 02:11:55.783000
2024-07-07 15:16:53.033,OnTrack,7327,5457,2062,pos,0 days 01:13:40.492000,0 days 02:11:56.004000
2024-07-07 15:16:53.192,OnTrack,7349,5352,2062,pos,0 days 01:13:40.651000,0 days 02:11:56.163000
2024-07-07 15:16:53.432,OnTrack,7403,5198,2060,pos,0 days 01:13:40.891000,0 days 02:11:56.403000
2024-07-07 15:16:53.672,OnTrack,7476,5051,2058,pos,0 days 01:13:41.131000,0 days 02:11:56.643000
2024-07-07 15:16:53.972,OnTrack,7609,4830,2055,pos,0 days 01:13:41.431000,0 days 02:11:56.943000
2024-07-07 15:16:54.232,OnTrack,7672,4719,2053,pos,0 days 01:13:41.691000,0 days 02:11:57.203000
2024-07-07 15:16:54.473,OnTrack,7757,4512,2050,pos,0 days 01:13:41.932000,0 days 02:11:57.444000
2024-07-07 15:16:54.953,OnTrack,7790,4277,2047,pos,0 days 01:13:42.412000,0 days 02:11:57.924000
2024-07-07 15:16:55.252,OnTrack,7776,4153,2045,pos,0 days 01:13:42.711000,0 days 02:11:58.223000
2024-07-07 15:16:55.532,OnTrack,7714,3944,2041,pos,0 days 01:13:42.991000,0 days 02:11:58.503000
2024-07-07 15:16:55.872,OnTrack,7657,3824,2040,pos,0 days 01:13:43.331000,0 days 02:11:58.843000
2024-07-07 15:16:56.972,OnTrack,7177,3379,2032,pos,0 days 01:13:44.431000,0 days 02:11:59.943000
2024-07-07 15:16:57.232,OnTrack,7022,3298,2031,pos,0 days 01:13:44.691000,0 days 02:12:00.203000
2024-07-07 15:16:57.432,OnTrack,6900,3224,2030,pos,0 days 01:13:44.891000,0 days 02:12:00.403000
2024-07-07 15:16:57.832,OnTrack,6706,3056,2028,pos,0 days 01:13:45.291000,0 days 02:12:00.803000
2024-07-07 15:16:57.912,OnTrack,6667,3016,2028,pos,0 days 01:13:45.371000,0 days 02:12:00.883000
2024-07-07 15:16:58.173,OnTrack,6549,2888,2027,pos,0 days 01:13:45.632000,0 days 02:12:01.144000
2024-07-07 15:16:58.352,OnTrack,6403,2709,2027,pos,0 days 01:13:45.811000,0 days 02:12:01.323000
2024-07-07 15:16:58.752,OnTrack,6303,2563,2027,pos,0 days 01:13:46.211000,0 days 02:12:01.723000
2024-07-07 15:16:59.032,OnTrack,6192,2375,2026,pos,0 days 01:13:46.491000,0 days 02:12:02.003000
2024-07-07 15:16:59.192,OnTrack,6136,2272,2026,pos,0 days 01:13:46.651000,0 days 02:12:02.163000
2024-07-07 15:16:59.352,OnTrack,6081,2167,2025,pos,0 days 01:13:46.811000,0 days 02:12:02.323000
2024-07-07 15:16:59.533,OnTrack,6021,2047,2025,pos,0 days 01:13:46.992000,0 days 02:12:02.504000
2024-07-07 15:16:59.752,OnTrack,5948,1899,2024,pos,0 days 01:13:47.211000,0 days 02:12:02.723000
2024-07-07 15:17:00.032,OnTrack,5856,1708,2024,pos,0 days 01:13:47.491000,0 days 02:12:03.003000
2024-07-07 15:17:00.252,OnTrack,5782,1557,2023,pos,0 days 01:13:47.711000,0 days 02:12:03.223000
2024-07-07 15:17:00.452,OnTrack,5676,1334,2021,pos,0 days 01:13:47.911000,0 days 02:12:03.423000
2024-07-07 15:17:00.792,OnTrack,5602,1180,2021,pos,0 days 01:13:48.251000,0 days 02:12:03.763000
2024-07-07 15:17:01.092,OnTrack,5505,977,2020,pos,0 days 01:13:48.551000,0 days 02:12:04.063000
2024-07-07 15:17:01.352,OnTrack,5369,692,2017,pos,0 days 01:13:48.811000,0 days 02:12:04.323000
2024-07-07 15:17:01.632,OnTrack,5321,592,2016,pos,0 days 01:13:49.091000,0 days 02:12:04.603000
2024-07-07 15:17:01.891,OnTrack,5231,405,2015,pos,0 days 01:13:49.350000,0 days 02:12:04.862000
2024-07-07 15:17:02.032,OnTrack,5181,304,2014,pos,0 days 01:13:49.491000,0 days 02:12:05.003000
2024-07-07 15:17:02.272,OnTrack,5097,130,2013,pos,0 days 01:13:49.731000,0 days 02:12:05.243000
2024-07-07 15:17:02.552,OnTrack,4957,-160,2011,pos,0 days 01:13:50.011000,0 days 02:12:05.523000
2024-07-07 15:17:02.991,OnTrack,4844,-394,2009,pos,0 days 01:13:50.450000,0 days 02:12:05.962000
2024-07-07 15:17:03.192,OnTrack,4774,-541,2009,pos,0 days 01:13:50.651000,0 days 02:12:06.163000
2024-07-07 15:17:03.372,OnTrack,4710,-674,2008,pos,0 days 01:13:50.831000,0 days 02:12:06.343000
2024-07-07 15:17:03.532,OnTrack,4614,-872,2007,pos,0 days 01:13:50.991000,0 days 02:12:06.503000
2024-07-07 15:17:04.012,OnTrack,4441,-1228,2004,pos,0 days 01:13:51.471000,0 days 02:12:06.983000
2024-07-07 15:17:04.372,OnTrack,4353,-1407,2001,pos,0 days 01:13:51.831000,0 days 02:12:07.343000
2024-07-07 15:17:04.532,OnTrack,4295,-1526,2000,pos,0 days 01:13:51.991000,0 days 02:12:07.503000
2024-07-07 15:17:04.732,OnTrack,4221,-1674,1998,pos,0 days 01:13:52.191000,0 days 02:12:07.703000
2024-07-07 15:17:04.952,OnTrack,4139,-1837,1996,pos,0 days 01:13:52.411000,0 days 02:12:07.923000
2024-07-07 15:17:05.072,OnTrack,4095,-1926,1995,pos,0 days 01:13:52.531000,0 days 02:12:08.043000
2024-07-07 15:17:05.332,OnTrack,3998,-2118,1994,pos,0 days 01:13:52.791000,0 days 02:12:08.303000
2024-07-07 15:17:05.553,OnTrack,3918,-2271,1994,pos,0 days 01:13:53.012000,0 days 02:12:08.524000
2024-07-07 15:17:05.793,OnTrack,3824,-2453,1994,pos,0 days 01:13:53.252000,0 days 02:12:08.764000
2024-07-07 15:17:05.932,OnTrack,3772,-2553,1995,pos,0 days 01:13:53.391000,0 days 02:12:08.903000
2024-07-07 15:17:06.132,OnTrack,3696,-2696,1996,pos,0 days 01:13:53.591000,0 days 02:12:09.103000
2024-07-07 15:17:06.472,OnTrack,3510,-3036,2001,pos,0 days 01:13:53.931000,0 days 02:12:09.443000
2024-07-07 15:17:06.792,OnTrack,3437,-3160,2004,pos,0 days 01:13:54.251000,0 days 02:12:09.763000
2024-07-07 15:17:06.933,OnTrack,3380,-3256,2006,pos,0 days 01:13:54.392000,0 days 02:12:09.904000
2024-07-07 15:17:07.193,OnTrack,3270,-3430,2010,pos,0 days 01:13:54.652000,0 days 02:12:10.164000
2024-07-07 15:17:07.352,OnTrack,3198,-3532,2012,pos,0 days 01:13:54.811000,0 days 02:12:10.323000
2024-07-07 15:17:07.592,OnTrack,3083,-3675,2016,pos,0 days 01:13:55.051000,0 days 02:12:10.563000
2024-07-07 15:17:07.953,OnTrack,2911,-3851,2020,pos,0 days 01:13:55.412000,0 days 02:12:10.924000
2024-07-07 15:17:07.973,OnTrack,2901,-3859,2020,pos,0 days 01:13:55.432000,0 days 02:12:10.944000
2024-07-07 15:17:08.273,OnTrack,2746,-3968,2023,pos,0 days 01:13:55.732000,0 days 02:12:11.244000
2024-07-07 15:17:08.512,OnTrack,2616,-4034,2026,pos,0 days 01:13:55.971000,0 days 02:12:11.483000
2024-07-07 15:17:08.731,OnTrack,2514,-4073,2027,pos,0 days 01:13:56.190000,0 days 02:12:11.702000
2024-07-07 15:17:08.912,OnTrack,2417,-4098,2029,pos,0 days 01:13:56.371000,0 days 02:12:11.883000
2024-07-07 15:17:09.112,OnTrack,2296,-4115,2030,pos,0 days 01:13:56.571000,0 days 02:12:12.083000
2024-07-07 15:17:09.392,OnTrack,2081,-4102,2032,pos,0 days 01:13:56.851000,0 days 02:12:12.363000
2024-07-07 15:17:09.732,OnTrack,1880,-4043,2033,pos,0 days 01:13:57.191000,0 days 02:12:12.703000
2024-07-07 15:17:10.152,OnTrack,1692,-3940,2033,pos,0 days 01:13:57.611000,0 days 02:12:13.123000
2024-07-07 15:17:10.371,OnTrack,1514,-3789,2031,pos,0 days 01:13:57.830000,0 days 02:12:13.342000
2024-07-07 15:17:10.732,OnTrack,1417,-3680,2030,pos,0 days 01:13:58.191000,0 days 02:12:13.703000
2024-07-07 15:17:10.872,OnTrack,1361,-3605,2029,pos,0 days 01:13:58.331000,0 days 02:12:13.843000
2024-07-07 15:17:11.092,OnTrack,1279,-3480,2026,pos,0 days 01:13:58.551000,0 days 02:12:14.063000
2024-07-07 15:17:11.352,OnTrack,1193,-3324,2022,pos,0 days 01:13:58.811000,0 days 02:12:14.323000
2024-07-07 15:17:11.612,OnTrack,1109,-3165,2016,pos,0 days 01:13:59.071000,0 days 02:12:14.583000
2024-07-07 15:17:11.832,OnTrack,1034,-3029,2011,pos,0 days 01:13:59.291000,0 days 02:12:14.803000
2024-07-07 15:17:11.992,OnTrack,976,-2932,2007,pos,0 days 01:13:59.451000,0 days 02:12:14.963000
2024-07-07 15:17:12.092,OnTrack,938,-2871,2004,pos,0 days 01:13:59.551000,0 days 02:12:15.063000
2024-07-07 15:17:12.392,OnTrack,813,-2691,1996,pos,0 days 01:13:59.851000,0 days 02:12:15.363000
2024-07-07 15:17:12.652,OnTrack,655,-2477,1988,pos,0 days 01:14:00.111000,0 days 02:12:15.623000
2024-07-07 15:17:12.992,OnTrack,548,-2332,1985,pos,0 days 01:14:00.451000,0 days 02:12:15.963000
2024-07-07 15:17:13.213,OnTrack,451,-2200,1984,pos,0 days 01:14:00.672000,0 days 02:12:16.184000
2024-07-07 15:17:13.392,OnTrack,315,-2022,1985,pos,0 days 01:14:00.851000,0 days 02:12:16.363000
2024-07-07 15:17:13.812,OnTrack,177,-1847,1986,pos,0 days 01:14:01.271000,0 days 02:12:16.783000
2024-07-07 15:17:14.072,OnTrack,52,-1700,1987,pos,0 days 01:14:01.531000,0 days 02:12:17.043000
2024-07-07 15:17:14.192,OnTrack,-6,-1633,1986,pos,0 days 01:14:01.651000,0 days 02:12:17.163000
2024-07-07 15:17:14.372,OnTrack,-93,-1533,1985,pos,0 days 01:14:01.831000,0 days 02:12:17.343000
2024-07-07 15:17:14.593,OnTrack,-204,-1410,1984,pos,0 days 01:14:02.052000,0 days 02:12:17.564000
2024-07-07 15:17:14.913,OnTrack,-371,-1222,1980,pos,0 days 01:14:02.372000,0 days 02:12:17.884000
2024-07-07 15:17:15.312,OnTrack,-461,-1124,1978,pos,0 days 01:14:02.771000,0 days 02:12:18.283000
2024-07-07 15:17:15.511,OnTrack,-519,-1069,1977,pos,0 days 01:14:02.970000,0 days 02:12:18.482000
2024-07-07 15:17:15.752,OnTrack,-592,-1012,1976,pos,0 days 01:14:03.211000,0 days 02:12:18.723000
2024-07-07 15:17:16.172,OnTrack,-705,-949,1975,pos,0 days 01:14:03.631000,0 days 02:12:19.143000
2024-07-07 15:17:16.351,OnTrack,-756,-930,1976,pos,0 days 01:14:03.810000,0 days 02:12:19.322000
2024-07-07 15:17:16.512,OnTrack,-800,-920,1976,pos,0 days 01:14:03.971000,0 days 02:12:19.483000
2024-07-07 15:17:16.732,OnTrack,-881,-913,1976,pos,0 days 01:14:04.191000,0 days 02:12:19.703000
2024-07-07 15:17:16.992,OnTrack,-936,-914,1976,pos,0 days 01:14:04.451000,0 days 02:12:19.963000
2024-07-07 15:17:17.272,OnTrack,-1046,-940,1978,pos,0 days 01:14:04.731000,0 days 02:12:20.243000
2024-07-07 15:17:17.792,OnTrack,-1150,-1002,1979,pos,0 days 01:14:05.251000,0 days 02:12:20.763000
2024-07-07 15:17:18.152,OnTrack,-1230,-1064,1981,pos,0 days 01:14:05.611000,0 days 02:12:21.123000
2024-07-07 15:17:18.352,OnTrack,-1316,-1124,1981,pos,0 days 01:14:05.811000,0 days 02:12:21.323000
2024-07-07 15:17:18.692,OnTrack,-1379,-1153,1981,pos,0 days 01:14:06.151000,0 days 02:12:21.663000
2024-07-07 15:17:19.052,OnTrack,-1489,-1173,1981,pos,0 days 01:14:06.511000,0 days 02:12:22.023000
2024-07-07 15:17:19.212,OnTrack,-1587,-1159,1980,pos,0 days 01:14:06.671000,0 days 02:12:22.183000
2024-07-07 15:17:19.612,OnTrack,-1711,-1117,1978,pos,0 days 01:14:07.071000,0 days 02:12:22.583000
2024-07-07 15:17:19.953,OnTrack,-1782,-1082,1978,pos,0 days 01:14:07.412000,0 days 02:12:22.924000
2024-07-07 15:17:20.213,OnTrack,-1861,-1029,1977,pos,0 days 01:14:07.672000,0 days 02:12:23.184000
2024-07-07 15:17:20.452,OnTrack,-1935,-960,1976,pos,0 days 01:14:07.911000,0 days 02:12:23.423000
2024-07-07 15:17:20.652,OnTrack,-1992,-893,1976,pos,0 days 01:14:08.111000,0 days 02:12:23.623000
2024-07-07 15:17:20.892,OnTrack,-2058,-809,1975,pos,0 days 01:14:08.351000,0 days 02:12:23.863000
2024-07-07 15:17:21.053,OnTrack,-2108,-744,1974,pos,0 days 01:14:08.512000,0 days 02:12:24.024000
2024-07-07 15:17:21.313,OnTrack,-2193,-595,1974,pos,0 days 01:14:08.772000,0 days 02:12:24.284000
2024-07-07 15:17:21.652,OnTrack,-2244,-466,1973,pos,0 days 01:14:09.111000,0 days 02:12:24.623000
2024-07-07 15:17:21.892,OnTrack,-2280,-336,1971,pos,0 days 01:14:09.351000,0 days 02:12:24.863000
2024-07-07 15:17:22.051,OnTrack,-2297,-246,1970,pos,0 days 01:14:09.510000,0 days 02:12:25.022000
2024-07-07 15:17:22.331,OnTrack,-2313,-79,1968,pos,0 days 01:14:09.790000,0 days 02:12:25.302000
2024-07-07 15:17:22.512,OnTrack,-2314,30,1967,pos,0 days 01:14:09.971000,0 days 02:12:25.483000
2024-07-07 15:17:22.752,OnTrack,-2288,253,1965,pos,0 days 01:14:10.211000,0 days 02:12:25.723000
2024-07-07 15:17:23.132,OnTrack,-2246,413,1963,pos,0 days 01:14:10.591000,0 days 02:12:26.103000
2024-07-07 15:17:23.232,OnTrack,-2225,475,1963,pos,0 days 01:14:10.691000,0 days 02:12:26.203000
2024-07-07 15:17:23.492,OnTrack,-2149,634,1962,pos,0 days 01:14:10.951000,0 days 02:12:26.463000
2024-07-07 15:17:23.792,OnTrack,-1974,912,1962,pos,0 days 01:14:11.251000,0 days 02:12:26.763000
2024-07-07 15:17:24.092,OnTrack,-1901,1013,1963,pos,0 days 01:14:11.551000,0 days 02:12:27.063000
2024-07-07 15:17:24.372,OnTrack,-1783,1173,1963,pos,0 days 01:14:11.831000,0 days 02:12:27.343000
2024-07-07 15:17:24.652,OnTrack,-1604,1408,1965,pos,0 days 01:14:12.111000,0 days 02:12:27.623000
2024-07-07 15:17:24.972,OnTrack,-1512,1522,1965,pos,0 days 01:14:12.431000,0 days 02:12:27.943000
2024-07-07 15:17:25.212,OnTrack,-1366,1709,1967,pos,0 days 01:14:12.671000,0 days 02:12:28.183000
2024-07-07 15:17:25.572,OnTrack,-1240,1879,1969,pos,0 days 01:14:13.031000,0 days 02:12:28.543000
2024-07-07 15:17:25.772,OnTrack,-1151,2003,1971,pos,0 days 01:14:13.231000,0 days 02:12:28.743000
2024-07-07 15:17:25.993,OnTrack,-1051,2140,1973,pos,0 days 01:14:13.452000,0 days 02:12:28.964000
2024-07-07 15:17:26.253,OnTrack,-933,2303,1975,pos,0 days 01:14:13.712000,0 days 02:12:29.224000
2024-07-07 15:17:26.432,OnTrack,-850,2417,1977,pos,0 days 01:14:13.891000,0 days 02:12:29.403000
2024-07-07 15:17:26.692,OnTrack,-665,2673,1981,pos,0 days 01:14:14.151000,0 days 02:12:29.663000
2024-07-07 15:17:27.113,OnTrack,-542,2849,1984,pos,0 days 01:14:14.572000,0 days 02:12:30.084000
2024-07-07 15:17:27.172,OnTrack,-510,2896,1985,pos,0 days 01:14:14.631000,0 days 02:12:30.143000
2024-07-07 15:17:27.452,OnTrack,-389,3076,1988,pos,0 days 01:14:14.911000,0 days 02:12:30.423000
2024-07-07 15:17:27.712,OnTrack,-205,3354,1993,pos,0 days 01:14:15.171000,0 days 02:12:30.683000
2024-07-07 15:17:28.052,OnTrack,-111,3488,1995,pos,0 days 01:14:15.511000,0 days 02:12:31.023000
2024-07-07 15:17:28.291,OnTrack,3,3647,1998,pos,0 days 01:14:15.750000,0 days 02:12:31.262000
2024-07-07 15:17:28.571,OnTrack,207,3906,2004,pos,0 days 01:14:16.030000,0 days 02:12:31.542000
2024-07-07 15:17:28.912,OnTrack,328,4042,2008,pos,0 days 01:14:16.371000,0 days 02:12:31.883000
2024-07-07 15:17:29.072,OnTrack,406,4121,2010,pos,0 days 01:14:16.531000,0 days 02:12:32.043000
2024-07-07 15:17:29.392,OnTrack,603,4288,2011,pos,0 days 01:14:16.851000,0 days 02:12:32.363000
2024-07-07 15:17:29.552,OnTrack,704,4351,2012,pos,0 days 01:14:17.011000,0 days 02:12:32.523000
2024-07-07 15:17:29.772,OnTrack,871,4428,2014,pos,0 days 01:14:17.231000,0 days 02:12:32.743000
2024-07-07 15:17:29.932,OnTrack,994,4468,2015,pos,0 days 01:14:17.391000,0 days 02:12:32.903000
2024-07-07 15:17:30.232,OnTrack,1234,4510,2016,pos,0 days 01:14:17.691000,0 days 02:12:33.203000
2024-07-07 15:17:30.412,OnTrack,1372,4519,2018,pos,0 days 01:14:17.871000,0 days 02:12:33.383000
2024-07-07 15:17:30.612,OnTrack,1608,4517,2021,pos,0 days 01:14:18.071000,0 days 02:12:33.583000
2024-07-07 15:17:31.072,OnTrack,1979,4477,2025,pos,0 days 01:14:18.531000,0 days 02:12:34.043000
2024-07-07 15:17:31.332,OnTrack,2124,4458,2026,pos,0 days 01:14:18.791000,0 days 02:12:34.303000
2024-07-07 15:17:31.512,OnTrack,2269,4444,2028,pos,0 days 01:14:18.971000,0 days 02:12:34.483000
2024-07-07 15:17:31.792,OnTrack,2497,4439,2030,pos,0 days 01:14:19.251000,0 days 02:12:34.763000
2024-07-07 15:17:32.012,OnTrack,2674,4448,2033,pos,0 days 01:14:19.471000,0 days 02:12:34.983000
2024-07-07 15:17:32.292,OnTrack,2929,4497,2037,pos,0 days 01:14:19.751000,0 days 02:12:35.263000
2024-07-07 15:17:32.453,OnTrack,3054,4537,2039,pos,0 days 01:14:19.912000,0 days 02:12:35.424000
2024-07-07 15:17:32.712,OnTrack,3238,4618,2041,pos,0 days 01:14:20.171000,0 days 02:12:35.683000
2024-07-07 15:17:32.912,OnTrack,3444,4744,2046,pos,0 days 01:14:20.371000,0 days 02:12:35.883000
2024-07-07 15:17:33.353,OnTrack,3662,4921,2049,pos,0 days 01:14:20.812000,0 days 02:12:36.324000
2024-07-07 15:17:33.392,OnTrack,3686,4942,2049,pos,0 days 01:14:20.851000,0 days 02:12:36.363000
2024-07-07 15:17:33.752,OnTrack,3967,5223,2050,pos,0 days 01:14:21.211000,0 days 02:12:36.723000
2024-07-07 15:17:34.133,OnTrack,4102,5353,2051,pos,0 days 01:14:21.592000,0 days 02:12:37.104000
2024-07-07 15:17:34.353,OnTrack,4224,5467,2052,pos,0 days 01:14:21.812000,0 days 02:12:37.324000
2024-07-07 15:17:34.453,OnTrack,4276,5514,2053,pos,0 days 01:14:21.912000,0 days 02:12:37.424000
2024-07-07 15:17:34.653,OnTrack,4373,5599,2054,pos,0 days 01:14:22.112000,0 days 02:12:37.624000
2024-07-07 15:17:34.952,OnTrack,4542,5739,2054,pos,0 days 01:14:22.411000,0 days 02:12:37.923000
2024-07-07 15:17:35.312,OnTrack,4642,5814,2055,pos,0 days 01:14:22.771000,0 days 02:12:38.283000
2024-07-07 15:17:35.552,OnTrack,4725,5862,2054,pos,0 days 01:14:23.011000,0 days 02:12:38.523000
2024-07-07 15:17:35.792,OnTrack,4841,5896,2054,pos,0 days 01:14:23.251000,0 days 02:12:38.763000
2024-07-07 15:17:36.172,OnTrack,4944,5900,2053,pos,0 days 01:14:23.631000,0 days 02:12:39.143000
2024-07-07 15:17:36.372,OnTrack,5011,5891,2053,pos,0 days 01:14:23.831000,0 days 02:12:39.343000
2024-07-07 15:17:36.552,OnTrack,5068,5876,2054,pos,0 days 01:14:24.011000,0 days 02:12:39.523000
2024-07-07 15:17:36.812,OnTrack,5142,5841,2055,pos,0 days 01:14:24.271000,0 days 02:12:39.783000
2024-07-07 15:17:36.992,OnTrack,5189,5809,2056,pos,0 days 01:14:24.451000,0 days 02:12:39.963000
2024-07-07 15:17:37.212,OnTrack,5239,5764,2057,pos,0 days 01:14:24.671000,0 days 02:12:40.183000
2024-07-07 15:17:37.472,OnTrack,5304,5675,2059,pos,0 days 01:14:24.931000,0 days 02:12:40.443000
2024-07-07 15:17:37.752,OnTrack,5327,5624,2059,pos,0 days 01:14:25.211000,0 days 02:12:40.723000
2024-07-07 15:17:37.972,OnTrack,5351,5557,2059,pos,0 days 01:14:25.431000,0 days 02:12:40.943000
2024-07-07 15:17:38.232,OnTrack,5370,5473,2060,pos,0 days 01:14:25.691000,0 days 02:12:41.203000
2024-07-07 15:17:38.473,OnTrack,5386,5348,2061,pos,0 days 01:14:25.932000,0 days 02:12:41.444000
2024-07-07 15:17:38.832,OnTrack,5394,5259,2063,pos,0 days 01:14:26.291000,0 days 02:12:41.803000
2024-07-07 15:17:39.072,OnTrack,5403,5181,2065,pos,0 days 01:14:26.531000,0 days 02:12:42.043000
2024-07-07 15:17:39.352,OnTrack,5424,5076,2065,pos,0 days 01:14:26.811000,0 days 02:12:42.323000
2024-07-07 15:17:39.452,OnTrack,5435,5043,2066,pos,0 days 01:14:26.911000,0 days 02:12:42.423000
2024-07-07 15:17:39.692,OnTrack,5467,4970,2066,pos,0 days 01:14:27.151000,0 days 02:12:42.663000
2024-07-07 15:17:39.912,OnTrack,5522,4888,2066,pos,0 days 01:14:27.371000,0 days 02:12:42.883000
2024-07-07 15:17:40.232,OnTrack,5564,4842,2065,pos,0 days 01:14:27.691000,0 days 02:12:43.203000
2024-07-07 15:17:40.453,OnTrack,5606,4804,2065,pos,0 days 01:14:27.912000,0 days 02:12:43.424000
2024-07-07 15:17:40.653,OnTrack,5650,4772,2064,pos,0 days 01:14:28.112000,0 days 02:12:43.624000
2024-07-07 15:17:40.973,OnTrack,5720,4739,2065,pos,0 days 01:14:28.432000,0 days 02:12:43.944000
2024-07-07 15:17:41.112,OnTrack,5751,4731,2064,pos,0 days 01:14:28.571000,0 days 02:12:44.083000
2024-07-07 15:17:41.273,OnTrack,5787,4730,2064,pos,0 days 01:14:28.732000,0 days 02:12:44.244000
2024-07-07 15:17:41.452,OnTrack,5826,4738,2064,pos,0 days 01:14:28.911000,0 days 02:12:44.423000
2024-07-07 15:17:41.691,OnTrack,5877,4762,2063,pos,0 days 01:14:29.150000,0 days 02:12:44.662000
2024-07-07 15:17:41.992,OnTrack,5949,4819,2064,pos,0 days 01:14:29.451000,0 days 02:12:44.963000
2024-07-07 15:17:42.452,OnTrack,6014,4890,2064,pos,0 days 01:14:29.911000,0 days 02:12:45.423000
2024-07-07 15:17:42.532,OnTrack,6027,4906,2064,pos,0 days 01:14:29.991000,0 days 02:12:45.503000
2024-07-07 15:17:42.872,OnTrack,6081,4984,2065,pos,0 days 01:14:30.331000,0 days 02:12:45.843000
2024-07-07 15:17:43.031,OnTrack,6105,5024,2065,pos,0 days 01:14:30.490000,0 days 02:12:46.002000
2024-07-07 15:17:43.292,OnTrack,6163,5141,2065,pos,0 days 01:14:30.751000,0 days 02:12:46.263000
2024-07-07 15:17:43.632,OnTrack,6203,5242,2065,pos,0 days 01:14:31.091000,0 days 02:12:46.603000
2024-07-07 15:17:44.012,OnTrack,6237,5349,2065,pos,0 days 01:14:31.471000,0 days 02:12:46.983000
2024-07-07 15:17:44.192,OnTrack,6258,5425,2065,pos,0 days 01:14:31.651000,0 days 02:12:47.163000
2024-07-07 15:17:44.492,OnTrack,6304,5626,2065,pos,0 days 01:14:31.951000,0 days 02:12:47.463000
2024-07-07 15:17:44.912,OnTrack,6330,5821,2064,pos,0 days 01:14:32.371000,0 days 02:12:47.883000
2024-07-07 15:17:45.072,OnTrack,6333,5906,2064,pos,0 days 01:14:32.531000,0 days 02:12:48.043000
2024-07-07 15:17:45.273,OnTrack,6329,6017,2064,pos,0 days 01:14:32.732000,0 days 02:12:48.244000
2024-07-07 15:17:45.573,OnTrack,6310,6183,2063,pos,0 days 01:14:33.032000,0 days 02:12:48.544000
2024-07-07 15:17:45.732,OnTrack,6279,6328,2063,pos,0 days 01:14:33.191000,0 days 02:12:48.703000
2024-07-07 15:17:46.012,OnTrack,6243,6443,2062,pos,0 days 01:14:33.471000,0 days 02:12:48.983000
2024-07-07 15:17:46.212,OnTrack,6195,6558,2062,pos,0 days 01:14:33.671000,0 days 02:12:49.183000
2024-07-07 15:17:46.452,OnTrack,6124,6693,2063,pos,0 days 01:14:33.911000,0 days 02:12:49.423000
2024-07-07 15:17:46.713,OnTrack,5976,6908,2064,pos,0 days 01:14:34.172000,0 days 02:12:49.684000
2024-07-07 15:17:47.072,OnTrack,5880,7019,2064,pos,0 days 01:14:34.531000,0 days 02:12:50.043000
2024-07-07 15:17:47.352,OnTrack,5742,7150,2064,pos,0 days 01:14:34.811000,0 days 02:12:50.323000
2024-07-07 15:17:47.513,OnTrack,5656,7222,2064,pos,0 days 01:14:34.972000,0 days 02:12:50.484000
2024-07-07 15:17:47.693,OnTrack,5558,7301,2064,pos,0 days 01:14:35.152000,0 days 02:12:50.664000
2024-07-07 15:17:47.932,OnTrack,5429,7400,2064,pos,0 days 01:14:35.391000,0 days 02:12:50.903000
2024-07-07 15:17:48.092,OnTrack,5333,7474,2064,pos,0 days 01:14:35.551000,0 days 02:12:51.063000
2024-07-07 15:17:48.471,OnTrack,5124,7641,2064,pos,0 days 01:14:35.930000,0 days 02:12:51.442000
2024-07-07 15:17:48.632,OnTrack,5028,7720,2064,pos,0 days 01:14:36.091000,0 days 02:12:51.603000
2024-07-07 15:17:48.852,OnTrack,4909,7820,2064,pos,0 days 01:14:36.311000,0 days 02:12:51.823000
2024-07-07 15:17:49.011,OnTrack,4813,7902,2064,pos,0 days 01:14:36.470000,0 days 02:12:51.982000
2024-07-07 15:17:49.252,OnTrack,4676,8019,2065,pos,0 days 01:14:36.711000,0 days 02:12:52.223000
2024-07-07 15:17:49.492,OnTrack,4539,8137,2065,pos,0 days 01:14:36.951000,0 days 02:12:52.463000
2024-07-07 15:17:49.692,OnTrack,4341,8306,2064,pos,0 days 01:14:37.151000,0 days 02:12:52.663000
2024-07-07 15:17:50.072,OnTrack,4130,8488,2064,pos,0 days 01:14:37.531000,0 days 02:12:53.043000
2024-07-07 15:17:50.452,OnTrack,3982,8615,2063,pos,0 days 01:14:37.911000,0 days 02:12:53.423000
2024-07-07 15:17:50.752,OnTrack,3797,8775,2063,pos,0 days 01:14:38.211000,0 days 02:12:53.723000
2024-07-07 15:17:50.912,OnTrack,3619,8932,2063,pos,0 days 01:14:38.371000,0 days 02:12:53.883000
2024-07-07 15:17:51.192,OnTrack,3536,9005,2063,pos,0 days 01:14:38.651000,0 days 02:12:54.163000
2024-07-07 15:17:51.533,OnTrack,3331,9185,2063,pos,0 days 01:14:38.992000,0 days 02:12:54.504000
2024-07-07 15:17:51.652,OnTrack,3259,9248,2064,pos,0 days 01:14:39.111000,0 days 02:12:54.623000
2024-07-07 15:17:51.892,OnTrack,3114,9375,2063,pos,0 days 01:14:39.351000,0 days 02:12:54.863000
2024-07-07 15:17:52.093,OnTrack,2914,9550,2062,pos,0 days 01:14:39.552000,0 days 02:12:55.064000
2024-07-07 15:17:52.512,OnTrack,2738,9703,2060,pos,0 days 01:14:39.971000,0 days 02:12:55.483000
2024-07-07 15:17:52.673,OnTrack,2640,9787,2059,pos,0 days 01:14:40.132000,0 days 02:12:55.644000
2024-07-07 15:17:52.953,OnTrack,2471,9936,2057,pos,0 days 01:14:40.412000,0 days 02:12:55.924000
2024-07-07 15:17:53.112,OnTrack,2374,10020,2056,pos,0 days 01:14:40.571000,0 days 02:12:56.083000
2024-07-07 15:17:53.332,OnTrack,2243,10138,2053,pos,0 days 01:14:40.791000,0 days 02:12:56.303000
2024-07-07 15:17:53.493,OnTrack,2148,10223,2052,pos,0 days 01:14:40.952000,0 days 02:12:56.464000
2024-07-07 15:17:53.793,OnTrack,1901,10445,2048,pos,0 days 01:14:41.252000,0 days 02:12:56.764000
2024-07-07 15:17:54.212,OnTrack,1722,10596,2045,pos,0 days 01:14:41.671000,0 days 02:12:57.183000
2024-07-07 15:17:54.373,OnTrack,1626,10673,2044,pos,0 days 01:14:41.832000,0 days 02:12:57.344000
2024-07-07 15:17:54.652,OnTrack,1464,10783,2041,pos,0 days 01:14:42.111000,0 days 02:12:57.623000
2024-07-07 15:17:54.852,OnTrack,1306,10865,2039,pos,0 days 01:14:42.311000,0 days 02:12:57.823000
2024-07-07 15:17:55.112,OnTrack,1203,10903,2037,pos,0 days 01:14:42.571000,0 days 02:12:58.083000
2024-07-07 15:17:55.372,OnTrack,1068,10939,2036,pos,0 days 01:14:42.831000,0 days 02:12:58.343000
2024-07-07 15:17:55.531,OnTrack,984,10948,2035,pos,0 days 01:14:42.990000,0 days 02:12:58.502000
2024-07-07 15:17:55.831,OnTrack,824,10948,2034,pos,0 days 01:14:43.290000,0 days 02:12:58.802000
2024-07-07 15:17:55.992,OnTrack,746,10943,2033,pos,0 days 01:14:43.451000,0 days 02:12:58.963000
2024-07-07 15:17:56.312,OnTrack,571,10891,2032,pos,0 days 01:14:43.771000,0 days 02:12:59.283000
2024-07-07 15:17:56.532,OnTrack,513,10862,2032,pos,0 days 01:14:43.991000,0 days 02:12:59.503000
2024-07-07 15:17:56.832,OnTrack,409,10785,2032,pos,0 days 01:14:44.291000,0 days 02:12:59.803000
2024-07-07 15:17:57.132,OnTrack,318,10666,2032,pos,0 days 01:14:44.591000,0 days 02:13:00.103000
2024-07-07 15:17:57.552,OnTrack,243,10515,2033,pos,0 days 01:14:45.011000,0 days 02:13:00.523000
2024-07-07 15:17:57.712,OnTrack,221,10451,2033,pos,0 days 01:14:45.171000,0 days 02:13:00.683000
2024-07-07 15:17:57.792,OnTrack,212,10417,2033,pos,0 days 01:14:45.251000,0 days 02:13:00.763000
2024-07-07 15:17:58.172,OnTrack,189,10189,2034,pos,0 days 01:14:45.631000,0 days 02:13:01.143000
2024-07-07 15:17:58.432,OnTrack,186,10124,2034,pos,0 days 01:14:45.891000,0 days 02:13:01.403000
2024-07-07 15:17:58.732,OnTrack,177,9982,2035,pos,0 days 01:14:46.191000,0 days 02:13:01.703000
2024-07-07 15:17:58.853,OnTrack,171,9927,2035,pos,0 days 01:14:46.312000,0 days 02:13:01.824000
2024-07-07 15:17:59.133,OnTrack,128,9765,2037,pos,0 days 01:14:46.592000,0 days 02:13:02.104000
2024-07-07 15:17:59.492,OnTrack,81,9680,2038,pos,0 days 01:14:46.951000,0 days 02:13:02.463000
2024-07-07 15:17:59.753,OnTrack,19,9603,2039,pos,0 days 01:14:47.212000,0 days 02:13:02.724000
2024-07-07 15:17:59.973,OnTrack,-81,9520,2040,pos,0 days 01:14:47.432000,0 days 02:13:02.944000
2024-07-07 15:18:00.313,OnTrack,-142,9486,2040,pos,0 days 01:14:47.772000,0 days 02:13:03.284000
2024-07-07 15:18:00.472,OnTrack,-192,9464,2040,pos,0 days 01:14:47.931000,0 days 02:13:03.443000
2024-07-07 15:18:00.672,OnTrack,-257,9447,2041,pos,0 days 01:14:48.131000,0 days 02:13:03.643000
2024-07-07 15:18:00.932,OnTrack,-341,9441,2040,pos,0 days 01:14:48.391000,0 days 02:13:03.903000
2024-07-07 15:18:01.113,OnTrack,-397,9448,2040,pos,0 days 01:14:48.572000,0 days 02:13:04.084000
2024-07-07 15:18:01.452,OnTrack,-498,9489,2039,pos,0 days 01:14:48.911000,0 days 02:13:04.423000
2024-07-07 15:18:01.612,OnTrack,-542,9518,2038,pos,0 days 01:14:49.071000,0 days 02:13:04.583000
2024-07-07 15:18:01.732,OnTrack,-573,9543,2038,pos,0 days 01:14:49.191000,0 days 02:13:04.703000
2024-07-07 15:18:01.952,OnTrack,-623,9595,2037,pos,0 days 01:14:49.411000,0 days 02:13:04.923000
2024-07-07 15:18:02.252,OnTrack,-704,9722,2035,pos,0 days 01:14:49.711000,0 days 02:13:05.223000
2024-07-07 15:18:02.651,OnTrack,-738,9808,2033,pos,0 days 01:14:50.110000,0 days 02:13:05.622000
2024-07-07 15:18:02.832,OnTrack,-756,9873,2033,pos,0 days 01:14:50.291000,0 days 02:13:05.803000
2024-07-07 15:18:03.012,OnTrack,-769,9940,2032,pos,0 days 01:14:50.471000,0 days 02:13:05.983000
2024-07-07 15:18:03.292,OnTrack,-775,10110,2031,pos,0 days 01:14:50.751000,0 days 02:13:06.263000
2024-07-07 15:18:03.632,OnTrack,-760,10252,2031,pos,0 days 01:14:51.091000,0 days 02:13:06.603000
2024-07-07 15:18:04.072,OnTrack,-718,10440,2029,pos,0 days 01:14:51.531000,0 days 02:13:07.043000
2024-07-07 15:18:04.492,OnTrack,-661,10607,2026,pos,0 days 01:14:51.951000,0 days 02:13:07.463000
2024-07-07 15:18:04.652,OnTrack,-628,10688,2025,pos,0 days 01:14:52.111000,0 days 02:13:07.623000
2024-07-07 15:18:04.853,OnTrack,-582,10790,2024,pos,0 days 01:14:52.312000,0 days 02:13:07.824000
2024-07-07 15:18:05.092,OnTrack,-520,10915,2023,pos,0 days 01:14:52.551000,0 days 02:13:08.063000
2024-07-07 15:18:05.252,OnTrack,-476,11000,2022,pos,0 days 01:14:52.711000,0 days 02:13:08.223000
2024-07-07 15:18:05.572,OnTrack,-382,11173,2021,pos,0 days 01:14:53.031000,0 days 02:13:08.543000
2024-07-07 15:18:05.812,OnTrack,-304,11303,2021,pos,0 days 01:14:53.271000,0 days 02:13:08.783000
2024-07-07 15:18:06.032,OnTrack,-224,11422,2021,pos,0 days 01:14:53.491000,0 days 02:13:09.003000
2024-07-07 15:18:06.193,OnTrack,-162,11508,2021,pos,0 days 01:14:53.652000,0 days 02:13:09.164000
2024-07-07 15:18:06.533,OnTrack,34,11749,2021,pos,0 days 01:14:53.992000,0 days 02:13:09.504000
2024-07-07 15:18:06.793,OnTrack,101,11819,2022,pos,0 days 01:14:54.252000,0 days 02:13:09.764000
2024-07-07 15:18:07.113,OnTrack,256,11972,2024,pos,0 days 01:14:54.572000,0 days 02:13:10.084000
2024-07-07 15:18:07.353,OnTrack,456,12145,2024,pos,0 days 01:14:54.812000,0 days 02:13:10.324000
2024-07-07 15:18:07.771,OnTrack,632,12275,2024,pos,0 days 01:14:55.230000,0 days 02:13:10.742000
2024-07-07 15:18:07.892,OnTrack,705,12324,2024,pos,0 days 01:14:55.351000,0 days 02:13:10.863000
2024-07-07 15:18:08.051,OnTrack,806,12384,2024,pos,0 days 01:14:55.510000,0 days 02:13:11.022000
2024-07-07 15:18:08.252,OnTrack,941,12452,2025,pos,0 days 01:14:55.711000,0 days 02:13:11.223000
2024-07-07 15:18:08.512,OnTrack,1121,12530,2025,pos,0 days 01:14:55.971000,0 days 02:13:11.483000
2024-07-07 15:18:08.692,OnTrack,1250,12579,2025,pos,0 days 01:14:56.151000,0 days 02:13:11.663000
2024-07-07 15:18:08.932,OnTrack,1425,12635,2025,pos,0 days 01:14:56.391000,0 days 02:13:11.903000
2024-07-07 15:18:09.232,OnTrack,1650,12694,2025,pos,0 days 01:14:56.691000,0 days 02:13:12.203000
2024-07-07 15:18:09.451,OnTrack,1818,12730,2026,pos,0 days 01:14:56.910000,0 days 02:13:12.422000
2024-07-07 15:18:09.612,OnTrack,1941,12751,2027,pos,0 days 01:14:57.071000,0 days 02:13:12.583000
2024-07-07 15:18:09.792,OnTrack,2082,12772,2028,pos,0 days 01:14:57.251000,0 days 02:13:12.763000
2024-07-07 15:18:09.972,OnTrack,2223,12791,2029,pos,0 days 01:14:57.431000,0 days 02:13:12.943000
2024-07-07 15:18:10.152,OnTrack,2366,12807,2030,pos,0 days 01:14:57.611000,0 days 02:13:13.123000
2024-07-07 15:18:10.392,OnTrack,2669,12839,2033,pos,0 days 01:14:57.851000,0 days 02:13:13.363000
2024-07-07 15:18:10.732,OnTrack,2829,12856,2034,pos,0 days 01:14:58.191000,0 days 02:13:13.703000
2024-07-07 15:18:10.952,OnTrack,3007,12873,2036,pos,0 days 01:14:58.411000,0 days 02:13:13.923000
2024-07-07 15:18:11.232,OnTrack,3346,12909,2039,pos,0 days 01:14:58.691000,0 days 02:13:14.203000
2024-07-07 15:18:11.693,OnTrack,3686,12947,2039,pos,0 days 01:14:59.152000,0 days 02:13:14.664000
2024-07-07 15:18:11.973,OnTrack,3832,12963,2042,pos,0 days 01:14:59.432000,0 days 02:13:14.944000
2024-07-07 15:18:12.213,OnTrack,4026,12985,2043,pos,0 days 01:14:59.672000,0 days 02:13:15.184000
2024-07-07 15:18:12.392,OnTrack,4171,13004,2044,pos,0 days 01:14:59.851000,0 days 02:13:15.363000
2024-07-07 15:18:12.552,OnTrack,4300,13021,2044,pos,0 days 01:15:00.011000,0 days 02:13:15.523000
2024-07-07 15:18:12.852,OnTrack,4540,13053,2046,pos,0 days 01:15:00.311000,0 days 02:13:15.823000
2024-07-07 15:18:12.992,OnTrack,4652,13067,2047,pos,0 days 01:15:00.451000,0 days 02:13:15.963000
2024-07-07 15:18:13.232,OnTrack,4843,13090,2048,pos,0 days 01:15:00.691000,0 days 02:13:16.203000
2024-07-07 15:18:13.472,OnTrack,5034,13107,2048,pos,0 days 01:15:00.931000,0 days 02:13:16.443000
2024-07-07 15:18:13.653,OnTrack,5176,13114,2049,pos,0 days 01:15:01.112000,0 days 02:13:16.624000
2024-07-07 15:18:13.972,OnTrack,5405,13102,2050,pos,0 days 01:15:01.431000,0 days 02:13:16.943000
2024-07-07 15:18:14.072,OnTrack,5481,13088,2050,pos,0 days 01:15:01.531000,0 days 02:13:17.043000
2024-07-07 15:18:14.312,OnTrack,5662,13042,2051,pos,0 days 01:15:01.771000,0 days 02:13:17.283000
2024-07-07 15:18:14.551,OnTrack,5831,12974,2052,pos,0 days 01:15:02.010000,0 days 02:13:17.522000
2024-07-07 15:18:14.752,OnTrack,5957,12904,2053,pos,0 days 01:15:02.211000,0 days 02:13:17.723000
2024-07-07 15:18:14.952,OnTrack,6088,12811,2054,pos,0 days 01:15:02.411000,0 days 02:13:17.923000
2024-07-07 15:18:15.072,OnTrack,6159,12752,2055,pos,0 days 01:15:02.531000,0 days 02:13:18.043000
2024-07-07 15:18:15.352,OnTrack,6307,12602,2056,pos,0 days 01:15:02.811000,0 days 02:13:18.323000
2024-07-07 15:18:15.532,OnTrack,6386,12491,2056,pos,0 days 01:15:02.991000,0 days 02:13:18.503000
2024-07-07 15:18:15.691,OnTrack,6448,12383,2057,pos,0 days 01:15:03.150000,0 days 02:13:18.662000
2024-07-07 15:18:15.872,OnTrack,6510,12258,2058,pos,0 days 01:15:03.331000,0 days 02:13:18.843000
2024-07-07 15:18:16.132,OnTrack,6585,12071,2059,pos,0 days 01:15:03.591000,0 days 02:13:19.103000
2024-07-07 15:18:16.412,OnTrack,6680,11765,2061,pos,0 days 01:15:03.871000,0 days 02:13:19.383000
2024-07-07 15:18:16.772,OnTrack,6726,11591,2062,pos,0 days 01:15:04.231000,0 days 02:13:19.743000
2024-07-07 15:18:17.072,OnTrack,6780,11361,2064,pos,0 days 01:15:04.531000,0 days 02:13:20.043000
2024-07-07 15:18:17.192,OnTrack,6800,11268,2065,pos,0 days 01:15:04.651000,0 days 02:13:20.163000
2024-07-07 15:18:17.353,OnTrack,6825,11143,2066,pos,0 days 01:15:04.812000,0 days 02:13:20.324000
2024-07-07 15:18:17.633,OnTrack,6867,10906,2068,pos,0 days 01:15:05.092000,0 days 02:13:20.604000
2024-07-07 15:18:17.832,OnTrack,6890,10748,2069,pos,0 days 01:15:05.291000,0 days 02:13:20.803000
2024-07-07 15:18:18.152,OnTrack,6926,10460,2071,pos,0 days 01:15:05.611000,0 days 02:13:21.123000
2024-07-07 15:18:18.493,OnTrack,6950,10219,2073,pos,0 days 01:15:05.952000,0 days 02:13:21.464000
2024-07-07 15:18:18.773,OnTrack,6972,9878,2074,pos,0 days 01:15:06.232000,0 days 02:13:21.744000
2024-07-07 15:18:19.152,OnTrack,6978,9682,2075,pos,0 days 01:15:06.611000,0 days 02:13:22.123000
2024-07-07 15:18:19.353,OnTrack,6982,9518,2075,pos,0 days 01:15:06.812000,0 days 02:13:22.324000
2024-07-07 15:18:19.553,OnTrack,6990,9239,2074,pos,0 days 01:15:07.012000,0 days 02:13:22.524000
2024-07-07 15:18:19.992,OnTrack,7001,9011,2073,pos,0 days 01:15:07.451000,0 days 02:13:22.963000
2024-07-07 15:18:20.213,OnTrack,7018,8831,2072,pos,0 days 01:15:07.672000,0 days 02:13:23.184000
2024-07-07 15:18:20.393,OnTrack,7045,8643,2071,pos,0 days 01:15:07.852000,0 days 02:13:23.364000
2024-07-07 15:18:20.792,OnTrack,7104,8358,2069,pos,0 days 01:15:08.251000,0 days 02:13:23.763000
2024-07-07 15:18:20.952,OnTrack,7137,8229,2068,pos,0 days 01:15:08.411000,0 days 02:13:23.923000
2024-07-07 15:18:21.151,OnTrack,7183,8070,2066,pos,0 days 01:15:08.610000,0 days 02:13:24.122000
2024-07-07 15:18:21.472,OnTrack,7265,7826,2063,pos,0 days 01:15:08.931000,0 days 02:13:24.443000
2024-07-07 15:18:21.651,OnTrack,7348,7618,2061,pos,0 days 01:15:09.110000,0 days 02:13:24.622000
2024-07-07 15:18:22.052,OnTrack,7444,7371,2059,pos,0 days 01:15:09.511000,0 days 02:13:25.023000
2024-07-07 15:18:22.231,OnTrack,7489,7233,2058,pos,0 days 01:15:09.690000,0 days 02:13:25.202000
2024-07-07 15:18:22.472,OnTrack,7529,7050,2058,pos,0 days 01:15:09.931000,0 days 02:13:25.443000
2024-07-07 15:18:22.672,OnTrack,7540,6899,2058,pos,0 days 01:15:10.131000,0 days 02:13:25.643000
2024-07-07 15:18:22.832,OnTrack,7531,6771,2058,pos,0 days 01:15:10.291000,0 days 02:13:25.803000
2024-07-07 15:18:23.132,OnTrack,7492,6535,2059,pos,0 days 01:15:10.591000,0 days 02:13:26.103000
2024-07-07 15:18:23.412,OnTrack,7441,6320,2061,pos,0 days 01:15:10.871000,0 days 02:13:26.383000
2024-07-07 15:18:23.572,OnTrack,7410,6200,2061,pos,0 days 01:15:11.031000,0 days 02:13:26.543000
2024-07-07 15:18:23.812,OnTrack,7367,6019,2062,pos,0 days 01:15:11.271000,0 days 02:13:26.783000
2024-07-07 15:18:24.132,OnTrack,7328,5784,2063,pos,0 days 01:15:11.591000,0 days 02:13:27.103000
2024-07-07 15:18:24.232,OnTrack,7316,5602,2062,pos,0 days 01:15:11.691000,0 days 02:13:27.203000
2024-07-07 15:18:24.753,OnTrack,7352,5340,2061,pos,0 days 01:15:12.212000,0 days 02:13:27.724000
2024-07-07 15:18:24.932,OnTrack,7409,5183,2060,pos,0 days 01:15:12.391000,0 days 02:13:27.903000
2024-07-07 15:18:25.293,OnTrack,7504,5003,2057,pos,0 days 01:15:12.752000,0 days 02:13:28.264000
2024-07-07 15:18:25.452,OnTrack,7565,4903,2056,pos,0 days 01:15:12.911000,0 days 02:13:28.423000
2024-07-07 15:18:25.672,OnTrack,7638,4782,2054,pos,0 days 01:15:13.131000,0 days 02:13:28.643000
2024-07-07 15:18:25.972,OnTrack,7750,4537,2051,pos,0 days 01:15:13.431000,0 days 02:13:28.943000
2024-07-07 15:18:26.292,OnTrack,7777,4431,2049,pos,0 days 01:15:13.751000,0 days 02:13:29.263000
2024-07-07 15:18:26.552,OnTrack,7790,4285,2047,pos,0 days 01:15:14.011000,0 days 02:13:29.523000
2024-07-07 15:18:26.772,OnTrack,7778,4160,2045,pos,0 days 01:15:14.231000,0 days 02:13:29.743000
2024-07-07 15:18:27.352,OnTrack,7667,3843,2040,pos,0 days 01:15:14.811000,0 days 02:13:30.323000
2024-07-07 15:18:27.691,OnTrack,7558,3673,2038,pos,0 days 01:15:15.150000,0 days 02:13:30.662000
2024-07-07 15:18:27.852,OnTrack,7496,3601,2037,pos,0 days 01:15:15.311000,0 days 02:13:30.823000
2024-07-07 15:18:28.032,OnTrack,7415,3527,2036,pos,0 days 01:15:15.491000,0 days 02:13:31.003000
2024-07-07 15:18:28.252,OnTrack,7222,3402,2033,pos,0 days 01:15:15.711000,0 days 02:13:31.223000
2024-07-07 15:18:28.771,OnTrack,6933,3246,2030,pos,0 days 01:15:16.230000,0 days 02:13:31.742000
2024-07-07 15:18:29.132,OnTrack,6806,3150,2028,pos,0 days 01:15:16.591000,0 days 02:13:32.103000
2024-07-07 15:18:29.311,OnTrack,6715,3065,2028,pos,0 days 01:15:16.770000,0 days 02:13:32.282000
2024-07-07 15:18:29.591,OnTrack,6542,2880,2027,pos,0 days 01:15:17.050000,0 days 02:13:32.562000
2024-07-07 15:18:30.012,OnTrack,6371,2664,2027,pos,0 days 01:15:17.471000,0 days 02:13:32.983000
2024-07-07 15:18:30.412,OnTrack,6213,2413,2026,pos,0 days 01:15:17.871000,0 days 02:13:33.383000
2024-07-07 15:18:30.772,OnTrack,6067,2139,2025,pos,0 days 01:15:18.231000,0 days 02:13:33.743000
2024-07-07 15:18:31.072,OnTrack,6010,2026,2025,pos,0 days 01:15:18.531000,0 days 02:13:34.043000
2024-07-07 15:18:31.372,OnTrack,5908,1816,2024,pos,0 days 01:15:18.831000,0 days 02:13:34.343000
2024-07-07 15:18:31.573,OnTrack,5842,1680,2023,pos,0 days 01:15:19.032000,0 days 02:13:34.544000
2024-07-07 15:18:31.732,OnTrack,5789,1570,2023,pos,0 days 01:15:19.191000,0 days 02:13:34.703000
2024-07-07 15:18:31.912,OnTrack,5729,1445,2022,pos,0 days 01:15:19.371000,0 days 02:13:34.883000
2024-07-07 15:18:32.113,OnTrack,5665,1312,2021,pos,0 days 01:15:19.572000,0 days 02:13:35.084000
2024-07-07 15:18:32.333,OnTrack,5588,1151,2020,pos,0 days 01:15:19.792000,0 days 02:13:35.304000
2024-07-07 15:18:32.653,OnTrack,5482,928,2019,pos,0 days 01:15:20.112000,0 days 02:13:35.624000
2024-07-07 15:18:32.812,OnTrack,5428,814,2018,pos,0 days 01:15:20.271000,0 days 02:13:35.783000
2024-07-07 15:18:33.052,OnTrack,5304,557,2016,pos,0 days 01:15:20.511000,0 days 02:13:36.023000
2024-07-07 15:18:33.352,OnTrack,5241,427,2016,pos,0 days 01:15:20.811000,0 days 02:13:36.323000
2024-07-07 15:18:33.533,OnTrack,5182,304,2014,pos,0 days 01:15:20.992000,0 days 02:13:36.504000
2024-07-07 15:18:33.773,OnTrack,5094,123,2013,pos,0 days 01:15:21.232000,0 days 02:13:36.744000
2024-07-07 15:18:34.112,OnTrack,4960,-153,2011,pos,0 days 01:15:21.571000,0 days 02:13:37.083000
2024-07-07 15:18:34.471,OnTrack,4805,-476,2009,pos,0 days 01:15:21.930000,0 days 02:13:37.442000
2024-07-07 15:18:34.812,OnTrack,4727,-638,2008,pos,0 days 01:15:22.271000,0 days 02:13:37.783000
2024-07-07 15:18:35.011,OnTrack,4654,-790,2007,pos,0 days 01:15:22.470000,0 days 02:13:37.982000
2024-07-07 15:18:35.212,OnTrack,4582,-937,2006,pos,0 days 01:15:22.671000,0 days 02:13:38.183000
2024-07-07 15:18:35.532,OnTrack,4432,-1247,2003,pos,0 days 01:15:22.991000,0 days 02:13:38.503000
2024-07-07 15:18:35.892,OnTrack,4337,-1439,2001,pos,0 days 01:15:23.351000,0 days 02:13:38.863000
2024-07-07 15:18:36.072,OnTrack,4272,-1571,2000,pos,0 days 01:15:23.531000,0 days 02:13:39.043000
2024-07-07 15:18:36.272,OnTrack,4202,-1711,1998,pos,0 days 01:15:23.731000,0 days 02:13:39.243000
2024-07-07 15:18:36.572,OnTrack,4074,-1968,1995,pos,0 days 01:15:24.031000,0 days 02:13:39.543000
2024-07-07 15:18:36.892,OnTrack,3970,-2172,1994,pos,0 days 01:15:24.351000,0 days 02:13:39.863000
2024-07-07 15:18:37.152,OnTrack,3877,-2352,1994,pos,0 days 01:15:24.611000,0 days 02:13:40.123000
2024-07-07 15:18:37.372,OnTrack,3746,-2601,1995,pos,0 days 01:15:24.831000,0 days 02:13:40.343000
2024-07-07 15:18:37.692,OnTrack,3670,-2744,1996,pos,0 days 01:15:25.151000,0 days 02:13:40.663000
2024-07-07 15:18:37.952,OnTrack,3571,-2926,1999,pos,0 days 01:15:25.411000,0 days 02:13:40.923000
2024-07-07 15:18:38.132,OnTrack,3453,-3134,2003,pos,0 days 01:15:25.591000,0 days 02:13:41.103000
2024-07-07 15:18:38.572,OnTrack,3322,-3350,2008,pos,0 days 01:15:26.031000,0 days 02:13:41.543000
2024-07-07 15:18:38.812,OnTrack,3218,-3505,2012,pos,0 days 01:15:26.271000,0 days 02:13:41.783000
2024-07-07 15:18:38.992,OnTrack,3088,-3669,2016,pos,0 days 01:15:26.451000,0 days 02:13:41.963000
2024-07-07 15:18:39.332,OnTrack,2975,-3792,2018,pos,0 days 01:15:26.791000,0 days 02:13:42.303000
2024-07-07 15:18:39.453,OnTrack,2918,-3845,2020,pos,0 days 01:15:26.912000,0 days 02:13:42.424000
2024-07-07 15:18:39.693,OnTrack,2797,-3936,2022,pos,0 days 01:15:27.152000,0 days 02:13:42.664000
2024-07-07 15:18:39.892,OnTrack,2689,-3999,2024,pos,0 days 01:15:27.351000,0 days 02:13:42.863000
2024-07-07 15:18:40.073,OnTrack,2590,-4045,2026,pos,0 days 01:15:27.532000,0 days 02:13:43.044000
2024-07-07 15:18:40.452,OnTrack,2341,-4111,2030,pos,0 days 01:15:27.911000,0 days 02:13:43.423000
2024-07-07 15:18:40.852,OnTrack,2056,-4097,2032,pos,0 days 01:15:28.311000,0 days 02:13:43.823000
2024-07-07 15:18:41.212,OnTrack,1927,-4060,2033,pos,0 days 01:15:28.671000,0 days 02:13:44.183000
2024-07-07 15:18:41.432,OnTrack,1801,-4006,2033,pos,0 days 01:15:28.891000,0 days 02:13:44.403000
2024-07-07 15:18:41.612,OnTrack,1704,-3948,2033,pos,0 days 01:15:29.071000,0 days 02:13:44.583000
2024-07-07 15:18:41.892,OnTrack,1524,-3799,2031,pos,0 days 01:15:29.351000,0 days 02:13:44.863000
2024-07-07 15:18:42.292,OnTrack,1339,-3574,2028,pos,0 days 01:15:29.751000,0 days 02:13:45.263000
2024-07-07 15:18:42.632,OnTrack,1260,-3447,2025,pos,0 days 01:15:30.091000,0 days 02:13:45.603000
2024-07-07 15:18:42.892,OnTrack,1175,-3290,2021,pos,0 days 01:15:30.351000,0 days 02:13:45.863000
2024-07-07 15:18:43.112,OnTrack,1104,-3155,2016,pos,0 days 01:15:30.571000,0 days 02:13:46.083000
2024-07-07 15:18:43.332,OnTrack,1029,-3020,2011,pos,0 days 01:15:30.791000,0 days 02:13:46.303000
2024-07-07 15:18:43.412,OnTrack,1001,-2972,2009,pos,0 days 01:15:30.871000,0 days 02:13:46.383000
2024-07-07 15:18:43.652,OnTrack,909,-2827,2002,pos,0 days 01:15:31.111000,0 days 02:13:46.623000
2024-07-07 15:18:43.812,OnTrack,843,-2732,1997,pos,0 days 01:15:31.271000,0 days 02:13:46.783000
2024-07-07 15:18:44.072,OnTrack,730,-2578,1991,pos,0 days 01:15:31.531000,0 days 02:13:47.043000
2024-07-07 15:18:44.252,OnTrack,651,-2471,1988,pos,0 days 01:15:31.711000,0 days 02:13:47.223000
2024-07-07 15:18:44.512,OnTrack,536,-2316,1984,pos,0 days 01:15:31.971000,0 days 02:13:47.483000
2024-07-07 15:18:44.593,OnTrack,501,-2269,1984,pos,0 days 01:15:32.052000,0 days 02:13:47.564000
2024-07-07 15:18:44.893,OnTrack,364,-2085,1985,pos,0 days 01:15:32.352000,0 days 02:13:47.864000
2024-07-07 15:18:45.092,OnTrack,273,-1967,1986,pos,0 days 01:15:32.551000,0 days 02:13:48.063000
2024-07-07 15:18:45.292,OnTrack,180,-1851,1986,pos,0 days 01:15:32.751000,0 days 02:13:48.263000
2024-07-07 15:18:45.612,OnTrack,-12,-1625,1986,pos,0 days 01:15:33.071000,0 days 02:13:48.583000
2024-07-07 15:18:45.993,OnTrack,-203,-1411,1984,pos,0 days 01:15:33.452000,0 days 02:13:48.964000
2024-07-07 15:18:46.432,OnTrack,-363,-1230,1980,pos,0 days 01:15:33.891000,0 days 02:13:49.403000
2024-07-07 15:18:46.813,OnTrack,-472,-1113,1978,pos,0 days 01:15:34.272000,0 days 02:13:49.784000
2024-07-07 15:18:47.033,OnTrack,-539,-1052,1977,pos,0 days 01:15:34.492000,0 days 02:13:50.004000
2024-07-07 15:18:47.252,OnTrack,-629,-988,1976,pos,0 days 01:15:34.711000,0 days 02:13:50.223000
2024-07-07 15:18:47.632,OnTrack,-719,-943,1975,pos,0 days 01:15:35.091000,0 days 02:13:50.603000
2024-07-07 15:18:47.852,OnTrack,-824,-916,1976,pos,0 days 01:15:35.311000,0 days 02:13:50.823000
2024-07-07 15:18:48.252,OnTrack,-929,-913,1976,pos,0 days 01:15:35.711000,0 days 02:13:51.223000
2024-07-07 15:18:48.572,OnTrack,-993,-922,1977,pos,0 days 01:15:36.031000,0 days 02:13:51.543000
2024-07-07 15:18:48.891,OnTrack,-1092,-963,1978,pos,0 days 01:15:36.350000,0 days 02:13:51.862000
2024-07-07 15:18:49.312,OnTrack,-1203,-1042,1980,pos,0 days 01:15:36.771000,0 days 02:13:52.283000
2024-07-07 15:18:49.632,OnTrack,-1264,-1090,1981,pos,0 days 01:15:37.091000,0 days 02:13:52.603000
2024-07-07 15:18:49.912,OnTrack,-1370,-1150,1981,pos,0 days 01:15:37.371000,0 days 02:13:52.883000
2024-07-07 15:18:50.272,OnTrack,-1445,-1170,1981,pos,0 days 01:15:37.731000,0 days 02:13:53.243000
2024-07-07 15:18:50.532,OnTrack,-1531,-1170,1981,pos,0 days 01:15:37.991000,0 days 02:13:53.503000
2024-07-07 15:18:50.652,OnTrack,-1570,-1163,1980,pos,0 days 01:15:38.111000,0 days 02:13:53.623000
2024-07-07 15:18:50.972,OnTrack,-1701,-1121,1978,pos,0 days 01:15:38.431000,0 days 02:13:53.943000
2024-07-07 15:18:51.292,OnTrack,-1778,-1084,1978,pos,0 days 01:15:38.751000,0 days 02:13:54.263000
2024-07-07 15:18:51.492,OnTrack,-1841,-1043,1977,pos,0 days 01:15:38.951000,0 days 02:13:54.463000
2024-07-07 15:18:51.752,OnTrack,-1917,-979,1976,pos,0 days 01:15:39.211000,0 days 02:13:54.723000
2024-07-07 15:18:51.933,OnTrack,-1970,-919,1976,pos,0 days 01:15:39.392000,0 days 02:13:54.904000
2024-07-07 15:18:52.152,OnTrack,-2033,-841,1975,pos,0 days 01:15:39.611000,0 days 02:13:55.123000
2024-07-07 15:18:52.332,OnTrack,-2085,-775,1975,pos,0 days 01:15:39.791000,0 days 02:13:55.303000
2024-07-07 15:18:52.632,OnTrack,-2177,-627,1974,pos,0 days 01:15:40.091000,0 days 02:13:55.603000
2024-07-07 15:18:52.733,OnTrack,-2206,-567,1974,pos,0 days 01:15:40.192000,0 days 02:13:55.704000
2024-07-07 15:18:52.952,OnTrack,-2247,-457,1973,pos,0 days 01:15:40.411000,0 days 02:13:55.923000
2024-07-07 15:18:53.172,OnTrack,-2280,-339,1971,pos,0 days 01:15:40.631000,0 days 02:13:56.143000
2024-07-07 15:18:53.353,OnTrack,-2298,-238,1970,pos,0 days 01:15:40.812000,0 days 02:13:56.324000
2024-07-07 15:18:53.613,OnTrack,-2313,-85,1968,pos,0 days 01:15:41.072000,0 days 02:13:56.584000
2024-07-07 15:18:53.892,OnTrack,-2311,83,1966,pos,0 days 01:15:41.351000,0 days 02:13:56.863000
2024-07-07 15:18:54.092,OnTrack,-2296,207,1966,pos,0 days 01:15:41.551000,0 days 02:13:57.063000
2024-07-07 15:18:54.331,OnTrack,-2245,417,1963,pos,0 days 01:15:41.790000,0 days 02:13:57.302000
2024-07-07 15:18:54.591,OnTrack,-2207,516,1963,pos,0 days 01:15:42.050000,0 days 02:13:57.562000
2024-07-07 15:18:54.832,OnTrack,-2135,660,1962,pos,0 days 01:15:42.291000,0 days 02:13:57.803000
2024-07-07 15:18:55.052,OnTrack,-2060,787,1962,pos,0 days 01:15:42.511000,0 days 02:13:58.023000
2024-07-07 15:18:55.332,OnTrack,-1947,949,1962,pos,0 days 01:15:42.791000,0 days 02:13:58.303000
2024-07-07 15:18:55.572,OnTrack,-1849,1082,1963,pos,0 days 01:15:43.031000,0 days 02:13:58.543000
2024-07-07 15:18:55.752,OnTrack,-1779,1179,1963,pos,0 days 01:15:43.211000,0 days 02:13:58.723000
2024-07-07 15:18:55.932,OnTrack,-1698,1287,1964,pos,0 days 01:15:43.391000,0 days 02:13:58.903000
2024-07-07 15:18:56.152,OnTrack,-1601,1411,1965,pos,0 days 01:15:43.611000,0 days 02:13:59.123000
2024-07-07 15:18:56.432,OnTrack,-1454,1595,1966,pos,0 days 01:15:43.891000,0 days 02:13:59.403000
2024-07-07 15:18:56.792,OnTrack,-1310,1784,1968,pos,0 days 01:15:44.251000,0 days 02:13:59.763000
2024-07-07 15:18:56.972,OnTrack,-1229,1894,1970,pos,0 days 01:15:44.431000,0 days 02:13:59.943000
2024-07-07 15:18:57.272,OnTrack,-1086,2092,1972,pos,0 days 01:15:44.731000,0 days 02:14:00.243000
2024-07-07 15:18:57.673,OnTrack,-913,2329,1976,pos,0 days 01:15:45.132000,0 days 02:14:00.644000
2024-07-07 15:18:57.832,OnTrack,-840,2430,1977,pos,0 days 01:15:45.291000,0 days 02:14:00.803000
2024-07-07 15:18:58.012,OnTrack,-756,2545,1979,pos,0 days 01:15:45.471000,0 days 02:14:00.983000
2024-07-07 15:18:58.172,OnTrack,-683,2647,1981,pos,0 days 01:15:45.631000,0 days 02:14:01.143000
2024-07-07 15:18:58.493,OnTrack,-492,2923,1986,pos,0 days 01:15:45.952000,0 days 02:14:01.464000
2024-07-07 15:18:58.773,OnTrack,-411,3043,1987,pos,0 days 01:15:46.232000,0 days 02:14:01.744000
2024-07-07 15:18:58.993,OnTrack,-313,3191,1990,pos,0 days 01:15:46.452000,0 days 02:14:01.964000
2024-07-07 15:18:59.252,OnTrack,-196,3366,1994,pos,0 days 01:15:46.711000,0 days 02:14:02.223000
2024-07-07 15:18:59.532,OnTrack,-65,3553,1996,pos,0 days 01:15:46.991000,0 days 02:14:02.503000
2024-07-07 15:18:59.692,OnTrack,12,3659,1998,pos,0 days 01:15:47.151000,0 days 02:14:02.663000
2024-07-07 15:18:59.933,OnTrack,206,3904,2004,pos,0 days 01:15:47.392000,0 days 02:14:02.904000
2024-07-07 15:19:00.292,OnTrack,326,4040,2008,pos,0 days 01:15:47.751000,0 days 02:14:03.263000
2024-07-07 15:19:00.452,OnTrack,422,4137,2010,pos,0 days 01:15:47.911000,0 days 02:14:03.423000
2024-07-07 15:19:00.732,OnTrack,596,4283,2011,pos,0 days 01:15:48.191000,0 days 02:14:03.703000
2024-07-07 15:19:00.952,OnTrack,748,4375,2013,pos,0 days 01:15:48.411000,0 days 02:14:03.923000
2024-07-07 15:19:01.252,OnTrack,1057,4483,2015,pos,0 days 01:15:48.711000,0 days 02:14:04.223000
2024-07-07 15:19:01.572,OnTrack,1228,4509,2016,pos,0 days 01:15:49.031000,0 days 02:14:04.543000
2024-07-07 15:19:01.872,OnTrack,1476,4520,2019,pos,0 days 01:15:49.331000,0 days 02:14:04.843000
2024-07-07 15:19:01.951,OnTrack,1550,4519,2020,pos,0 days 01:15:49.410000,0 days 02:14:04.922000
2024-07-07 15:19:02.172,OnTrack,1728,4509,2023,pos,0 days 01:15:49.631000,0 days 02:14:05.143000
2024-07-07 15:19:02.432,OnTrack,2021,4471,2026,pos,0 days 01:15:49.891000,0 days 02:14:05.403000
2024-07-07 15:19:02.932,OnTrack,2336,4441,2028,pos,0 days 01:15:50.391000,0 days 02:14:05.903000
2024-07-07 15:19:03.292,OnTrack,2752,4458,2034,pos,0 days 01:15:50.751000,0 days 02:14:06.263000
2024-07-07 15:19:03.732,OnTrack,3011,4522,2038,pos,0 days 01:15:51.191000,0 days 02:14:06.703000
2024-07-07 15:19:03.893,OnTrack,3133,4568,2040,pos,0 days 01:15:51.352000,0 days 02:14:06.864000
2024-07-07 15:19:04.072,OnTrack,3264,4632,2042,pos,0 days 01:15:51.531000,0 days 02:14:07.043000
2024-07-07 15:19:04.352,OnTrack,3457,4753,2046,pos,0 days 01:15:51.811000,0 days 02:14:07.323000
2024-07-07 15:19:04.552,OnTrack,3584,4853,2048,pos,0 days 01:15:52.011000,0 days 02:14:07.523000
2024-07-07 15:19:04.733,OnTrack,3738,4993,2049,pos,0 days 01:15:52.192000,0 days 02:14:07.704000
2024-07-07 15:19:05.112,OnTrack,3907,5163,2050,pos,0 days 01:15:52.571000,0 days 02:14:08.083000
2024-07-07 15:19:05.293,OnTrack,4007,5263,2051,pos,0 days 01:15:52.752000,0 days 02:14:08.264000
2024-07-07 15:19:05.573,OnTrack,4230,5473,2052,pos,0 days 01:15:53.032000,0 days 02:14:08.544000
2024-07-07 15:19:05.873,OnTrack,4317,5551,2053,pos,0 days 01:15:53.332000,0 days 02:14:08.844000
2024-07-07 15:19:06.113,OnTrack,4433,5649,2054,pos,0 days 01:15:53.572000,0 days 02:14:09.084000
2024-07-07 15:19:06.353,OnTrack,4530,5730,2055,pos,0 days 01:15:53.812000,0 days 02:14:09.324000
2024-07-07 15:19:06.532,OnTrack,4596,5782,2055,pos,0 days 01:15:53.991000,0 days 02:14:09.503000
2024-07-07 15:19:06.852,OnTrack,4707,5853,2055,pos,0 days 01:15:54.311000,0 days 02:14:09.823000
2024-07-07 15:19:07.032,OnTrack,4799,5888,2054,pos,0 days 01:15:54.491000,0 days 02:14:10.003000
2024-07-07 15:19:07.432,OnTrack,4913,5901,2054,pos,0 days 01:15:54.891000,0 days 02:14:10.403000
2024-07-07 15:19:07.631,OnTrack,4981,5896,2053,pos,0 days 01:15:55.090000,0 days 02:14:10.602000
2024-07-07 15:19:07.812,OnTrack,5039,5885,2053,pos,0 days 01:15:55.271000,0 days 02:14:10.783000
2024-07-07 15:19:08.032,OnTrack,5101,5863,2054,pos,0 days 01:15:55.491000,0 days 02:14:11.003000
2024-07-07 15:19:08.191,OnTrack,5147,5838,2055,pos,0 days 01:15:55.650000,0 days 02:14:11.162000
2024-07-07 15:19:08.472,OnTrack,5215,5786,2056,pos,0 days 01:15:55.931000,0 days 02:14:11.443000
2024-07-07 15:19:08.672,OnTrack,5258,5743,2057,pos,0 days 01:15:56.131000,0 days 02:14:11.643000
2024-07-07 15:19:08.952,OnTrack,5305,5673,2059,pos,0 days 01:15:56.411000,0 days 02:14:11.923000
2024-07-07 15:19:09.152,OnTrack,5331,5615,2059,pos,0 days 01:15:56.611000,0 days 02:14:12.123000
2024-07-07 15:19:09.372,OnTrack,5354,5547,2059,pos,0 days 01:15:56.831000,0 days 02:14:12.343000
2024-07-07 15:19:09.592,OnTrack,5370,5476,2060,pos,0 days 01:15:57.051000,0 days 02:14:12.563000
2024-07-07 15:19:09.772,OnTrack,5379,5415,2060,pos,0 days 01:15:57.231000,0 days 02:14:12.743000
2024-07-07 15:19:09.872,OnTrack,5383,5379,2061,pos,0 days 01:15:57.331000,0 days 02:14:12.843000
2024-07-07 15:19:10.092,OnTrack,5390,5299,2062,pos,0 days 01:15:57.551000,0 days 02:14:13.063000
2024-07-07 15:19:10.292,OnTrack,5397,5223,2063,pos,0 days 01:15:57.751000,0 days 02:14:13.263000
2024-07-07 15:19:10.472,OnTrack,5407,5155,2065,pos,0 days 01:15:57.931000,0 days 02:14:13.443000
2024-07-07 15:19:10.692,OnTrack,5425,5074,2065,pos,0 days 01:15:58.151000,0 days 02:14:13.663000
2024-07-07 15:19:10.973,OnTrack,5460,4984,2066,pos,0 days 01:15:58.432000,0 days 02:14:13.944000
2024-07-07 15:19:11.132,OnTrack,5485,4939,2066,pos,0 days 01:15:58.591000,0 days 02:14:14.103000
2024-07-07 15:19:11.313,OnTrack,5517,4894,2066,pos,0 days 01:15:58.772000,0 days 02:14:14.284000
2024-07-07 15:19:11.533,OnTrack,5559,4846,2065,pos,0 days 01:15:58.992000,0 days 02:14:14.504000
2024-07-07 15:19:11.873,OnTrack,5630,4785,2065,pos,0 days 01:15:59.332000,0 days 02:14:14.844000
2024-07-07 15:19:11.972,OnTrack,5650,4772,2064,pos,0 days 01:15:59.431000,0 days 02:14:14.943000
2024-07-07 15:19:12.153,OnTrack,5691,4750,2064,pos,0 days 01:15:59.612000,0 days 02:14:15.124000
2024-07-07 15:19:12.353,OnTrack,5736,4734,2065,pos,0 days 01:15:59.812000,0 days 02:14:15.324000
2024-07-07 15:19:12.592,OnTrack,5789,4730,2064,pos,0 days 01:16:00.051000,0 days 02:14:15.563000
2024-07-07 15:19:12.812,OnTrack,5837,4742,2064,pos,0 days 01:16:00.271000,0 days 02:14:15.783000
2024-07-07 15:19:13.132,OnTrack,5925,4797,2064,pos,0 days 01:16:00.591000,0 days 02:14:16.103000
2024-07-07 15:19:13.473,OnTrack,5964,4834,2064,pos,0 days 01:16:00.932000,0 days 02:14:16.444000
2024-07-07 15:19:13.671,OnTrack,6018,4895,2064,pos,0 days 01:16:01.130000,0 days 02:14:16.642000
2024-07-07 15:19:14.052,OnTrack,6060,4952,2065,pos,0 days 01:16:01.511000,0 days 02:14:17.023000
2024-07-07 15:19:14.252,OnTrack,6092,5001,2065,pos,0 days 01:16:01.711000,0 days 02:14:17.223000
2024-07-07 15:19:14.491,OnTrack,6147,5106,2065,pos,0 days 01:16:01.950000,0 days 02:14:17.462000
2024-07-07 15:19:14.912,OnTrack,6185,5196,2065,pos,0 days 01:16:02.371000,0 days 02:14:17.883000
2024-07-07 15:19:15.072,OnTrack,6206,5253,2065,pos,0 days 01:16:02.531000,0 days 02:14:18.043000
2024-07-07 15:19:15.392,OnTrack,6245,5377,2065,pos,0 days 01:16:02.851000,0 days 02:14:18.363000
2024-07-07 15:19:15.591,OnTrack,6274,5486,2065,pos,0 days 01:16:03.050000,0 days 02:14:18.562000
2024-07-07 15:19:15.892,OnTrack,6299,5598,2065,pos,0 days 01:16:03.351000,0 days 02:14:18.863000
2024-07-07 15:19:16.192,OnTrack,6330,5835,2064,pos,0 days 01:16:03.651000,0 days 02:14:19.163000
2024-07-07 15:19:16.592,OnTrack,6330,5999,2064,pos,0 days 01:16:04.051000,0 days 02:14:19.563000
2024-07-07 15:19:16.872,OnTrack,6306,6206,2063,pos,0 days 01:16:04.331000,0 days 02:14:19.843000
2024-07-07 15:19:17.212,OnTrack,6271,6358,2062,pos,0 days 01:16:04.671000,0 days 02:14:20.183000
2024-07-07 15:19:17.392,OnTrack,6235,6463,2062,pos,0 days 01:16:04.851000,0 days 02:14:20.363000
2024-07-07 15:19:17.553,OnTrack,6196,6555,2062,pos,0 days 01:16:05.012000,0 days 02:14:20.524000
2024-07-07 15:19:17.892,OnTrack,6091,6747,2063,pos,0 days 01:16:05.351000,0 days 02:14:20.863000
2024-07-07 15:19:18.133,OnTrack,6001,6877,2064,pos,0 days 01:16:05.592000,0 days 02:14:21.104000
2024-07-07 15:19:18.333,OnTrack,5899,6999,2064,pos,0 days 01:16:05.792000,0 days 02:14:21.304000
2024-07-07 15:19:18.673,OnTrack,5679,7203,2064,pos,0 days 01:16:06.132000,0 days 02:14:21.644000
2024-07-07 15:19:18.992,OnTrack,5582,7283,2064,pos,0 days 01:16:06.451000,0 days 02:14:21.963000
2024-07-07 15:19:19.292,OnTrack,5345,7464,2064,pos,0 days 01:16:06.751000,0 days 02:14:22.263000
2024-07-07 15:19:19.753,OnTrack,5120,7644,2064,pos,0 days 01:16:07.212000,0 days 02:14:22.724000
2024-07-07 15:19:20.152,OnTrack,4930,7802,2064,pos,0 days 01:16:07.611000,0 days 02:14:23.123000
2024-07-07 15:19:20.332,OnTrack,4828,7889,2064,pos,0 days 01:16:07.791000,0 days 02:14:23.303000
2024-07-07 15:19:20.512,OnTrack,4657,8036,2065,pos,0 days 01:16:07.971000,0 days 02:14:23.483000
2024-07-07 15:19:20.872,OnTrack,4518,8155,2065,pos,0 days 01:16:08.331000,0 days 02:14:23.843000
2024-07-07 15:19:21.031,OnTrack,4426,8234,2064,pos,0 days 01:16:08.490000,0 days 02:14:24.002000
2024-07-07 15:19:21.251,OnTrack,4297,8344,2064,pos,0 days 01:16:08.710000,0 days 02:14:24.222000
2024-07-07 15:19:21.432,OnTrack,4192,8435,2064,pos,0 days 01:16:08.891000,0 days 02:14:24.403000
2024-07-07 15:19:21.692,OnTrack,4038,8566,2064,pos,0 days 01:16:09.151000,0 days 02:14:24.663000
2024-07-07 15:19:21.932,OnTrack,3896,8689,2063,pos,0 days 01:16:09.391000,0 days 02:14:24.903000
2024-07-07 15:19:22.132,OnTrack,3777,8793,2063,pos,0 days 01:16:09.591000,0 days 02:14:25.103000
2024-07-07 15:19:22.352,OnTrack,3646,8908,2063,pos,0 days 01:16:09.811000,0 days 02:14:25.323000
2024-07-07 15:19:22.612,OnTrack,3407,9118,2063,pos,0 days 01:16:10.071000,0 days 02:14:25.583000
2024-07-07 15:19:22.992,OnTrack,3262,9245,2064,pos,0 days 01:16:10.451000,0 days 02:14:25.963000
2024-07-07 15:19:23.212,OnTrack,3129,9362,2063,pos,0 days 01:16:10.671000,0 days 02:14:26.183000
2024-07-07 15:19:23.392,OnTrack,3019,9458,2062,pos,0 days 01:16:10.851000,0 days 02:14:26.363000
2024-07-07 15:19:23.572,OnTrack,2849,9607,2061,pos,0 days 01:16:11.031000,0 days 02:14:26.543000
2024-07-07 15:19:23.872,OnTrack,2732,9708,2060,pos,0 days 01:16:11.331000,0 days 02:14:26.843000
2024-07-07 15:19:24.172,OnTrack,2543,9872,2058,pos,0 days 01:16:11.631000,0 days 02:14:27.143000
2024-07-07 15:19:24.452,OnTrack,2375,10020,2056,pos,0 days 01:16:11.911000,0 days 02:14:27.423000
2024-07-07 15:19:24.613,OnTrack,2290,10096,2054,pos,0 days 01:16:12.072000,0 days 02:14:27.584000
2024-07-07 15:19:24.812,OnTrack,2165,10207,2052,pos,0 days 01:16:12.271000,0 days 02:14:27.783000
2024-07-07 15:19:24.972,OnTrack,2074,10290,2051,pos,0 days 01:16:12.431000,0 days 02:14:27.943000
2024-07-07 15:19:25.292,OnTrack,1886,10458,2048,pos,0 days 01:16:12.751000,0 days 02:14:28.263000
2024-07-07 15:19:25.473,OnTrack,1700,10614,2045,pos,0 days 01:16:12.932000,0 days 02:14:28.444000
2024-07-07 15:19:25.773,OnTrack,1593,10697,2043,pos,0 days 01:16:13.232000,0 days 02:14:28.744000
2024-07-07 15:19:26.073,OnTrack,1429,10802,2041,pos,0 days 01:16:13.532000,0 days 02:14:29.044000
2024-07-07 15:19:26.253,OnTrack,1326,10856,2039,pos,0 days 01:16:13.712000,0 days 02:14:29.224000
2024-07-07 15:19:26.493,OnTrack,1198,10905,2037,pos,0 days 01:16:13.952000,0 days 02:14:29.464000
2024-07-07 15:19:26.692,OnTrack,1096,10933,2036,pos,0 days 01:16:14.151000,0 days 02:14:29.663000
2024-07-07 15:19:26.852,OnTrack,1018,10945,2035,pos,0 days 01:16:14.311000,0 days 02:14:29.823000
2024-07-07 15:19:27.052,OnTrack,922,10949,2035,pos,0 days 01:16:14.511000,0 days 02:14:30.023000
2024-07-07 15:19:27.271,OnTrack,808,10947,2034,pos,0 days 01:16:14.730000,0 days 02:14:30.242000
2024-07-07 15:19:27.551,OnTrack,685,10931,2033,pos,0 days 01:16:15.010000,0 days 02:14:30.522000
2024-07-07 15:19:27.752,OnTrack,563,10887,2032,pos,0 days 01:16:15.211000,0 days 02:14:30.723000
2024-07-07 15:19:28.091,OnTrack,469,10834,2032,pos,0 days 01:16:15.550000,0 days 02:14:31.062000
2024-07-07 15:19:28.392,OnTrack,352,10717,2032,pos,0 days 01:16:15.851000,0 days 02:14:31.363000
2024-07-07 15:19:28.792,OnTrack,278,10591,2033,pos,0 days 01:16:16.251000,0 days 02:14:31.763000
2024-07-07 15:19:29.192,OnTrack,220,10450,2033,pos,0 days 01:16:16.651000,0 days 02:14:32.163000
2024-07-07 15:19:29.372,OnTrack,205,10373,2033,pos,0 days 01:16:16.831000,0 days 02:14:32.343000
2024-07-07 15:19:29.572,OnTrack,195,10286,2033,pos,0 days 01:16:17.031000,0 days 02:14:32.543000
2024-07-07 15:19:29.773,OnTrack,189,10189,2034,pos,0 days 01:16:17.232000,0 days 02:14:32.744000
2024-07-07 15:19:29.972,OnTrack,184,10086,2034,pos,0 days 01:16:17.431000,0 days 02:14:32.943000
2024-07-07 15:19:30.152,OnTrack,179,9996,2035,pos,0 days 01:16:17.611000,0 days 02:14:33.123000
2024-07-07 15:19:30.293,OnTrack,172,9929,2035,pos,0 days 01:16:17.752000,0 days 02:14:33.264000
2024-07-07 15:19:30.573,OnTrack,145,9811,2036,pos,0 days 01:16:18.032000,0 days 02:14:33.544000
2024-07-07 15:19:30.792,OnTrack,110,9729,2038,pos,0 days 01:16:18.251000,0 days 02:14:33.763000
2024-07-07 15:19:31.032,OnTrack,26,9611,2039,pos,0 days 01:16:18.491000,0 days 02:14:34.003000
2024-07-07 15:19:31.372,OnTrack,-26,9561,2039,pos,0 days 01:16:18.831000,0 days 02:14:34.343000
2024-07-07 15:19:31.532,OnTrack,-72,9526,2040,pos,0 days 01:16:18.991000,0 days 02:14:34.503000
2024-07-07 15:19:31.713,OnTrack,-125,9494,2040,pos,0 days 01:16:19.172000,0 days 02:14:34.684000
2024-07-07 15:19:32.072,OnTrack,-281,9443,2041,pos,0 days 01:16:19.531000,0 days 02:14:35.043000
2024-07-07 15:19:32.452,OnTrack,-357,9442,2040,pos,0 days 01:16:19.911000,0 days 02:14:35.423000
2024-07-07 15:19:32.712,OnTrack,-457,9468,2040,pos,0 days 01:16:20.171000,0 days 02:14:35.683000
2024-07-07 15:19:33.093,OnTrack,-568,9539,2038,pos,0 days 01:16:20.552000,0 days 02:14:36.064000
2024-07-07 15:19:33.491,OnTrack,-632,9606,2036,pos,0 days 01:16:20.950000,0 days 02:14:36.462000
2024-07-07 15:19:33.771,OnTrack,-695,9704,2035,pos,0 days 01:16:21.230000,0 days 02:14:36.742000
2024-07-07 15:19:34.051,OnTrack,-727,9777,2034,pos,0 days 01:16:21.510000,0 days 02:14:37.022000
2024-07-07 15:19:34.212,OnTrack,-745,9831,2033,pos,0 days 01:16:21.671000,0 days 02:14:37.183000
2024-07-07 15:19:34.432,OnTrack,-765,9918,2033,pos,0 days 01:16:21.891000,0 days 02:14:37.403000
2024-07-07 15:19:34.712,OnTrack,-776,10030,2032,pos,0 days 01:16:22.171000,0 days 02:14:37.683000
2024-07-07 15:19:34.992,OnTrack,-766,10213,2031,pos,0 days 01:16:22.451000,0 days 02:14:37.963000
2024-07-07 15:19:35.412,OnTrack,-743,10341,2030,pos,0 days 01:16:22.871000,0 days 02:14:38.383000
2024-07-07 15:19:35.492,OnTrack,-734,10379,2030,pos,0 days 01:16:22.951000,0 days 02:14:38.463000
2024-07-07 15:19:35.772,OnTrack,-694,10518,2028,pos,0 days 01:16:23.231000,0 days 02:14:38.743000
2024-07-07 15:19:35.972,OnTrack,-657,10618,2026,pos,0 days 01:16:23.431000,0 days 02:14:38.943000
2024-07-07 15:19:36.212,OnTrack,-572,10811,2023,pos,0 days 01:16:23.671000,0 days 02:14:39.183000
2024-07-07 15:19:36.472,OnTrack,-542,10873,2023,pos,0 days 01:16:23.931000,0 days 02:14:39.443000
2024-07-07 15:19:36.812,OnTrack,-447,11053,2022,pos,0 days 01:16:24.271000,0 days 02:14:39.783000
2024-07-07 15:19:36.972,OnTrack,-369,11195,2021,pos,0 days 01:16:24.431000,0 days 02:14:39.943000
2024-07-07 15:19:37.373,OnTrack,-268,11359,2021,pos,0 days 01:16:24.832000,0 days 02:14:40.344000
2024-07-07 15:19:37.492,OnTrack,-227,11419,2021,pos,0 days 01:16:24.951000,0 days 02:14:40.463000
2024-07-07 15:19:37.852,OnTrack,-26,11679,2021,pos,0 days 01:16:25.311000,0 days 02:14:40.823000
2024-07-07 15:19:38.213,OnTrack,79,11797,2022,pos,0 days 01:16:25.672000,0 days 02:14:41.184000
2024-07-07 15:19:38.372,OnTrack,163,11882,2023,pos,0 days 01:16:25.831000,0 days 02:14:41.343000
2024-07-07 15:19:38.652,OnTrack,306,12018,2024,pos,0 days 01:16:26.111000,0 days 02:14:41.623000
2024-07-07 15:19:38.813,OnTrack,393,12093,2024,pos,0 days 01:16:26.272000,0 days 02:14:41.784000
2024-07-07 15:19:39.133,OnTrack,624,12270,2024,pos,0 days 01:16:26.592000,0 days 02:14:42.104000
2024-07-07 15:19:39.472,OnTrack,784,12372,2024,pos,0 days 01:16:26.931000,0 days 02:14:42.443000
2024-07-07 15:19:39.712,OnTrack,944,12454,2025,pos,0 days 01:16:27.171000,0 days 02:14:42.683000
2024-07-07 15:19:39.873,OnTrack,1055,12503,2025,pos,0 days 01:16:27.332000,0 days 02:14:42.844000
2024-07-07 15:19:40.031,OnTrack,1168,12549,2025,pos,0 days 01:16:27.490000,0 days 02:14:43.002000
2024-07-07 15:19:40.252,OnTrack,1326,12604,2025,pos,0 days 01:16:27.711000,0 days 02:14:43.223000
2024-07-07 15:19:40.412,OnTrack,1443,12640,2025,pos,0 days 01:16:27.871000,0 days 02:14:43.383000
2024-07-07 15:19:40.591,OnTrack,1578,12676,2025,pos,0 days 01:16:28.050000,0 days 02:14:43.562000
2024-07-07 15:19:40.851,OnTrack,1776,12721,2026,pos,0 days 01:16:28.310000,0 days 02:14:43.822000
2024-07-07 15:19:41.092,OnTrack,1961,12755,2028,pos,0 days 01:16:28.551000,0 days 02:14:44.063000
2024-07-07 15:19:41.312,OnTrack,2153,12782,2029,pos,0 days 01:16:28.771000,0 days 02:14:44.283000
2024-07-07 15:19:41.492,OnTrack,2295,12799,2030,pos,0 days 01:16:28.951000,0 days 02:14:44.463000
2024-07-07 15:19:41.672,OnTrack,2438,12815,2031,pos,0 days 01:16:29.131000,0 days 02:14:44.643000
2024-07-07 15:19:41.912,OnTrack,2630,12835,2033,pos,0 days 01:16:29.371000,0 days 02:14:44.883000
2024-07-07 15:19:42.172,OnTrack,2888,12861,2035,pos,0 days 01:16:29.631000,0 days 02:14:45.143000
2024-07-07 15:19:42.452,OnTrack,3066,12879,2036,pos,0 days 01:16:29.911000,0 days 02:14:45.423000
2024-07-07 15:19:42.752,OnTrack,3408,12916,2039,pos,0 days 01:16:30.211000,0 days 02:14:45.723000
2024-07-07 15:19:43.072,OnTrack,3571,12934,2040,pos,0 days 01:16:30.531000,0 days 02:14:46.043000
2024-07-07 15:19:43.412,OnTrack,3962,12978,2042,pos,0 days 01:16:30.871000,0 days 02:14:46.383000
2024-07-07 15:19:43.892,OnTrack,4238,13012,2044,pos,0 days 01:16:31.351000,0 days 02:14:46.863000
2024-07-07 15:19:44.052,OnTrack,4367,13030,2045,pos,0 days 01:16:31.511000,0 days 02:14:47.023000
2024-07-07 15:19:44.213,OnTrack,4496,13047,2046,pos,0 days 01:16:31.672000,0 days 02:14:47.184000
2024-07-07 15:19:44.372,OnTrack,4624,13064,2047,pos,0 days 01:16:31.831000,0 days 02:14:47.343000
2024-07-07 15:19:44.712,OnTrack,4897,13095,2048,pos,0 days 01:16:32.171000,0 days 02:14:47.683000
2024-07-07 15:19:44.872,OnTrack,5137,13113,2049,pos,0 days 01:16:32.331000,0 days 02:14:47.843000
2024-07-07 15:19:45.333,OnTrack,5419,13100,2050,pos,0 days 01:16:32.792000,0 days 02:14:48.304000
2024-07-07 15:19:45.653,OnTrack,5617,13055,2051,pos,0 days 01:16:33.112000,0 days 02:14:48.624000
2024-07-07 15:19:45.933,OnTrack,5815,12981,2052,pos,0 days 01:16:33.392000,0 days 02:14:48.904000
2024-07-07 15:19:46.093,OnTrack,5920,12926,2053,pos,0 days 01:16:33.552000,0 days 02:14:49.064000
2024-07-07 15:19:46.252,OnTrack,6021,12860,2054,pos,0 days 01:16:33.711000,0 days 02:14:49.223000
2024-07-07 15:19:46.433,OnTrack,6129,12778,2055,pos,0 days 01:16:33.892000,0 days 02:14:49.404000
2024-07-07 15:19:46.792,OnTrack,6317,12589,2056,pos,0 days 01:16:34.251000,0 days 02:14:49.763000
2024-07-07 15:19:47.012,OnTrack,6451,12378,2057,pos,0 days 01:16:34.471000,0 days 02:14:49.983000
2024-07-07 15:19:47.431,OnTrack,6572,12106,2058,pos,0 days 01:16:34.890000,0 days 02:14:50.402000
2024-07-07 15:19:47.712,OnTrack,6622,11961,2060,pos,0 days 01:16:35.171000,0 days 02:14:50.683000
2024-07-07 15:19:47.951,OnTrack,6675,11785,2061,pos,0 days 01:16:35.410000,0 days 02:14:50.922000
2024-07-07 15:19:48.172,OnTrack,6718,11621,2063,pos,0 days 01:16:35.631000,0 days 02:14:51.143000
2024-07-07 15:19:48.452,OnTrack,6769,11411,2064,pos,0 days 01:16:35.911000,0 days 02:14:51.423000
2024-07-07 15:19:48.692,OnTrack,6808,11228,2065,pos,0 days 01:16:36.151000,0 days 02:14:51.663000
2024-07-07 15:19:48.832,OnTrack,6829,11121,2066,pos,0 days 01:16:36.291000,0 days 02:14:51.803000
2024-07-07 15:19:49.073,OnTrack,6863,10930,2068,pos,0 days 01:16:36.532000,0 days 02:14:52.044000
2024-07-07 15:19:49.292,OnTrack,6895,10711,2069,pos,0 days 01:16:36.751000,0 days 02:14:52.263000
2024-07-07 15:19:49.532,OnTrack,6914,10569,2070,pos,0 days 01:16:36.991000,0 days 02:14:52.503000
2024-07-07 15:19:49.933,OnTrack,6956,10139,2073,pos,0 days 01:16:37.392000,0 days 02:14:52.904000
2024-07-07 15:19:50.272,OnTrack,6966,9979,2074,pos,0 days 01:16:37.731000,0 days 02:14:53.243000
2024-07-07 15:19:50.532,OnTrack,6977,9744,2075,pos,0 days 01:16:37.991000,0 days 02:14:53.503000
2024-07-07 15:19:50.792,OnTrack,6981,9558,2075,pos,0 days 01:16:38.251000,0 days 02:14:53.763000
2024-07-07 15:19:51.013,OnTrack,6985,9379,2075,pos,0 days 01:16:38.472000,0 days 02:14:53.984000
2024-07-07 15:19:51.273,OnTrack,6998,9053,2073,pos,0 days 01:16:38.732000,0 days 02:14:54.244000
2024-07-07 15:19:51.712,OnTrack,7021,8809,2072,pos,0 days 01:16:39.171000,0 days 02:14:54.683000
2024-07-07 15:19:52.012,OnTrack,7059,8565,2070,pos,0 days 01:16:39.471000,0 days 02:14:54.983000
2024-07-07 15:19:52.173,OnTrack,7101,8371,2069,pos,0 days 01:16:39.632000,0 days 02:14:55.144000
2024-07-07 15:19:52.532,OnTrack,7160,8146,2067,pos,0 days 01:16:39.991000,0 days 02:14:55.503000
2024-07-07 15:19:52.693,OnTrack,7199,8019,2066,pos,0 days 01:16:40.152000,0 days 02:14:55.664000
2024-07-07 15:19:52.893,OnTrack,7252,7863,2064,pos,0 days 01:16:40.352000,0 days 02:14:55.864000
2024-07-07 15:19:53.212,OnTrack,7349,7615,2060,pos,0 days 01:16:40.671000,0 days 02:14:56.183000
2024-07-07 15:19:53.411,OnTrack,7411,7461,2060,pos,0 days 01:16:40.870000,0 days 02:14:56.382000
2024-07-07 15:19:53.671,OnTrack,7481,7261,2058,pos,0 days 01:16:41.130000,0 days 02:14:56.642000
2024-07-07 15:19:53.812,OnTrack,7510,7153,2058,pos,0 days 01:16:41.271000,0 days 02:14:56.783000
2024-07-07 15:19:54.012,OnTrack,7535,7001,2058,pos,0 days 01:16:41.471000,0 days 02:14:56.983000
2024-07-07 15:19:54.211,OnTrack,7538,6847,2058,pos,0 days 01:16:41.670000,0 days 02:14:57.182000
2024-07-07 15:19:54.452,OnTrack,7515,6655,2058,pos,0 days 01:16:41.911000,0 days 02:14:57.423000
2024-07-07 15:19:54.632,OnTrack,7488,6515,2059,pos,0 days 01:16:42.091000,0 days 02:14:57.603000
2024-07-07 15:19:54.832,OnTrack,7425,6257,2061,pos,0 days 01:16:42.291000,0 days 02:14:57.803000
2024-07-07 15:19:55.172,OnTrack,7387,6107,2062,pos,0 days 01:16:42.631000,0 days 02:14:58.143000
2024-07-07 15:19:55.332,OnTrack,7361,5986,2062,pos,0 days 01:16:42.791000,0 days 02:14:58.303000
2024-07-07 15:19:55.592,OnTrack,7329,5793,2063,pos,0 days 01:16:43.051000,0 days 02:14:58.563000
2024-07-07 15:19:55.792,OnTrack,7317,5649,2063,pos,0 days 01:16:43.251000,0 days 02:14:58.763000
2024-07-07 15:19:56.153,OnTrack,7353,5337,2061,pos,0 days 01:16:43.612000,0 days 02:14:59.124000
2024-07-07 15:19:56.552,OnTrack,7427,5145,2059,pos,0 days 01:16:44.011000,0 days 02:14:59.523000
2024-07-07 15:19:56.733,OnTrack,7485,5037,2058,pos,0 days 01:16:44.192000,0 days 02:14:59.704000
2024-07-07 15:19:56.892,OnTrack,7540,4943,2056,pos,0 days 01:16:44.351000,0 days 02:14:59.863000
2024-07-07 15:19:57.172,OnTrack,7664,4733,2053,pos,0 days 01:16:44.631000,0 days 02:15:00.143000
2024-07-07 15:19:58.532,OnTrack,7718,3953,2041,pos,0 days 01:16:45.991000,0 days 02:15:01.503000
2024-07-07 15:19:58.832,OnTrack,7634,3783,2040,pos,0 days 01:16:46.291000,0 days 02:15:01.803000
2024-07-07 15:19:59.213,OnTrack,7553,3666,2038,pos,0 days 01:16:46.672000,0 days 02:15:02.184000
2024-07-07 15:19:59.392,OnTrack,7481,3586,2037,pos,0 days 01:16:46.851000,0 days 02:15:02.363000
2024-07-07 15:19:59.733,OnTrack,7313,3455,2034,pos,0 days 01:16:47.192000,0 days 02:15:02.704000
2024-07-07 15:19:59.911,OnTrack,7212,3397,2033,pos,0 days 01:16:47.370000,0 days 02:15:02.882000
2024-07-07 15:20:00.132,OnTrack,7083,3330,2031,pos,0 days 01:16:47.591000,0 days 02:15:03.103000
2024-07-07 15:20:00.312,OnTrack,6978,3273,2030,pos,0 days 01:16:47.771000,0 days 02:15:03.283000
2024-07-07 15:20:00.572,OnTrack,6764,3112,2028,pos,0 days 01:16:48.031000,0 days 02:15:03.543000
2024-07-07 15:20:00.972,OnTrack,6577,2920,2028,pos,0 days 01:16:48.431000,0 days 02:15:03.943000
2024-07-07 15:20:01.332,OnTrack,6466,2791,2027,pos,0 days 01:16:48.791000,0 days 02:15:04.303000
2024-07-07 15:20:01.571,OnTrack,6363,2653,2027,pos,0 days 01:16:49.030000,0 days 02:15:04.542000
2024-07-07 15:20:01.732,OnTrack,6299,2557,2026,pos,0 days 01:16:49.191000,0 days 02:15:04.703000
2024-07-07 15:20:01.992,OnTrack,6202,2393,2026,pos,0 days 01:16:49.451000,0 days 02:15:04.963000
2024-07-07 15:20:02.152,OnTrack,6145,2290,2026,pos,0 days 01:16:49.611000,0 days 02:15:05.123000
2024-07-07 15:20:02.332,OnTrack,6083,2171,2025,pos,0 days 01:16:49.791000,0 days 02:15:05.303000
2024-07-07 15:20:02.632,OnTrack,5983,1970,2025,pos,0 days 01:16:50.091000,0 days 02:15:05.603000
2024-07-07 15:20:02.852,OnTrack,5913,1827,2024,pos,0 days 01:16:50.311000,0 days 02:15:05.823000
2024-07-07 15:20:03.032,OnTrack,5850,1697,2024,pos,0 days 01:16:50.491000,0 days 02:15:06.003000
2024-07-07 15:20:03.192,OnTrack,5797,1586,2023,pos,0 days 01:16:50.651000,0 days 02:15:06.163000
2024-07-07 15:20:03.352,OnTrack,5743,1475,2023,pos,0 days 01:16:50.811000,0 days 02:15:06.323000
2024-07-07 15:20:03.553,OnTrack,5676,1336,2022,pos,0 days 01:16:51.012000,0 days 02:15:06.524000
2024-07-07 15:20:03.813,OnTrack,5556,1083,2020,pos,0 days 01:16:51.272000,0 days 02:15:06.784000
2024-07-07 15:20:04.313,OnTrack,5414,786,2018,pos,0 days 01:16:51.772000,0 days 02:15:07.284000
2024-07-07 15:20:04.653,OnTrack,5304,557,2016,pos,0 days 01:16:52.112000,0 days 02:15:07.624000
2024-07-07 15:20:04.852,OnTrack,5235,414,2015,pos,0 days 01:16:52.311000,0 days 02:15:07.823000
2024-07-07 15:20:04.933,OnTrack,5207,356,2015,pos,0 days 01:16:52.392000,0 days 02:15:07.904000
2024-07-07 15:20:05.312,OnTrack,5073,81,2012,pos,0 days 01:16:52.771000,0 days 02:15:08.283000
2024-07-07 15:20:05.473,OnTrack,5017,-35,2012,pos,0 days 01:16:52.932000,0 days 02:15:08.444000
2024-07-07 15:20:05.673,OnTrack,4919,-239,2010,pos,0 days 01:16:53.132000,0 days 02:15:08.644000
2024-07-07 15:20:05.953,OnTrack,4848,-386,2009,pos,0 days 01:16:53.412000,0 days 02:15:08.924000
2024-07-07 15:20:06.253,OnTrack,4742,-606,2008,pos,0 days 01:16:53.712000,0 days 02:15:09.224000
2024-07-07 15:20:06.411,OnTrack,4689,-716,2008,pos,0 days 01:16:53.870000,0 days 02:15:09.382000
2024-07-07 15:20:06.731,OnTrack,4560,-982,2006,pos,0 days 01:16:54.190000,0 days 02:15:09.702000
2024-07-07 15:20:06.971,OnTrack,4485,-1138,2005,pos,0 days 01:16:54.430000,0 days 02:15:09.942000
2024-07-07 15:20:07.372,OnTrack,4303,-1509,2000,pos,0 days 01:16:54.831000,0 days 02:15:10.343000
2024-07-07 15:20:07.732,OnTrack,4207,-1702,1998,pos,0 days 01:16:55.191000,0 days 02:15:10.703000
2024-07-07 15:20:07.972,OnTrack,4118,-1880,1996,pos,0 days 01:16:55.431000,0 days 02:15:10.943000
2024-07-07 15:20:08.192,OnTrack,3984,-2144,1994,pos,0 days 01:16:55.651000,0 days 02:15:11.163000
2024-07-07 15:20:08.612,OnTrack,3880,-2345,1994,pos,0 days 01:16:56.071000,0 days 02:15:11.583000
2024-07-07 15:20:08.792,OnTrack,3813,-2474,1994,pos,0 days 01:16:56.251000,0 days 02:15:11.763000
2024-07-07 15:20:09.032,OnTrack,3693,-2702,1996,pos,0 days 01:16:56.491000,0 days 02:15:12.003000
2024-07-07 15:20:09.372,OnTrack,3593,-2885,1998,pos,0 days 01:16:56.831000,0 days 02:15:12.343000
2024-07-07 15:20:09.572,OnTrack,3520,-3018,2001,pos,0 days 01:16:57.031000,0 days 02:15:12.543000
2024-07-07 15:20:09.872,OnTrack,3400,-3223,2005,pos,0 days 01:16:57.331000,0 days 02:15:12.843000
2024-07-07 15:20:10.033,OnTrack,3330,-3337,2008,pos,0 days 01:16:57.492000,0 days 02:15:13.004000
2024-07-07 15:20:10.192,OnTrack,3262,-3442,2010,pos,0 days 01:16:57.651000,0 days 02:15:13.163000
2024-07-07 15:20:10.452,OnTrack,3084,-3674,2016,pos,0 days 01:16:57.911000,0 days 02:15:13.423000
2024-07-07 15:20:10.752,OnTrack,2997,-3770,2018,pos,0 days 01:16:58.211000,0 days 02:15:13.723000
2024-07-07 15:20:11.012,OnTrack,2805,-3931,2022,pos,0 days 01:16:58.471000,0 days 02:15:13.983000
2024-07-07 15:20:11.393,OnTrack,2660,-4014,2025,pos,0 days 01:16:58.852000,0 days 02:15:14.364000
2024-07-07 15:20:11.733,OnTrack,2444,-4092,2028,pos,0 days 01:16:59.192000,0 days 02:15:14.704000
2024-07-07 15:20:11.993,OnTrack,2328,-4113,2030,pos,0 days 01:16:59.452000,0 days 02:15:14.964000
2024-07-07 15:20:12.333,OnTrack,2068,-4099,2032,pos,0 days 01:16:59.792000,0 days 02:15:15.304000
2024-07-07 15:20:12.573,OnTrack,1986,-4079,2033,pos,0 days 01:17:00.032000,0 days 02:15:15.544000
2024-07-07 15:20:12.951,OnTrack,1772,-3990,2033,pos,0 days 01:17:00.410000,0 days 02:15:15.922000
2024-07-07 15:20:13.092,OnTrack,1697,-3943,2033,pos,0 days 01:17:00.551000,0 days 02:15:16.063000
2024-07-07 15:20:13.352,OnTrack,1525,-3800,2031,pos,0 days 01:17:00.811000,0 days 02:15:16.323000
2024-07-07 15:20:13.612,OnTrack,1449,-3719,2030,pos,0 days 01:17:01.071000,0 days 02:15:16.583000
2024-07-07 15:20:13.892,OnTrack,1337,-3571,2028,pos,0 days 01:17:01.351000,0 days 02:15:16.863000
2024-07-07 15:20:14.091,OnTrack,1265,-3456,2025,pos,0 days 01:17:01.550000,0 days 02:15:17.062000
2024-07-07 15:20:14.292,OnTrack,1199,-3337,2022,pos,0 days 01:17:01.751000,0 days 02:15:17.263000
2024-07-07 15:20:14.532,OnTrack,1123,-3191,2018,pos,0 days 01:17:01.991000,0 days 02:15:17.503000
2024-07-07 15:20:14.692,OnTrack,1070,-3094,2014,pos,0 days 01:17:02.151000,0 days 02:15:17.663000
2024-07-07 15:20:14.972,OnTrack,972,-2924,2006,pos,0 days 01:17:02.431000,0 days 02:15:17.943000
2024-07-07 15:20:15.172,OnTrack,898,-2811,2001,pos,0 days 01:17:02.631000,0 days 02:15:18.143000
2024-07-07 15:20:15.332,OnTrack,827,-2710,1996,pos,0 days 01:17:02.791000,0 days 02:15:18.303000
2024-07-07 15:20:15.532,OnTrack,740,-2592,1991,pos,0 days 01:17:02.991000,0 days 02:15:18.503000
2024-07-07 15:20:15.772,OnTrack,635,-2450,1987,pos,0 days 01:17:03.231000,0 days 02:15:18.743000
2024-07-07 15:20:15.992,OnTrack,538,-2319,1984,pos,0 days 01:17:03.451000,0 days 02:15:18.963000
2024-07-07 15:20:16.013,OnTrack,530,-2307,1984,pos,0 days 01:17:03.472000,0 days 02:15:18.984000
2024-07-07 15:20:16.352,OnTrack,365,-2087,1985,pos,0 days 01:17:03.811000,0 days 02:15:19.323000
2024-07-07 15:20:16.613,OnTrack,210,-1889,1986,pos,0 days 01:17:04.072000,0 days 02:15:19.584000
2024-07-07 15:20:16.893,OnTrack,116,-1775,1986,pos,0 days 01:17:04.352000,0 days 02:15:19.864000
2024-07-07 15:20:17.232,OnTrack,-116,-1508,1985,pos,0 days 01:17:04.691000,0 days 02:15:20.203000
2024-07-07 15:20:17.552,OnTrack,-198,-1416,1984,pos,0 days 01:17:05.011000,0 days 02:15:20.523000
2024-07-07 15:20:17.812,OnTrack,-337,-1259,1981,pos,0 days 01:17:05.271000,0 days 02:15:20.783000
2024-07-07 15:20:18.193,OnTrack,-440,-1147,1979,pos,0 days 01:17:05.652000,0 days 02:15:21.164000
2024-07-07 15:20:18.412,OnTrack,-507,-1080,1977,pos,0 days 01:17:05.871000,0 days 02:15:21.383000
2024-07-07 15:20:18.652,OnTrack,-589,-1014,1976,pos,0 days 01:17:06.111000,0 days 02:15:21.623000
2024-07-07 15:20:18.892,OnTrack,-645,-978,1976,pos,0 days 01:17:06.351000,0 days 02:15:21.863000
2024-07-07 15:20:19.133,OnTrack,-719,-943,1975,pos,0 days 01:17:06.592000,0 days 02:15:22.104000
2024-07-07 15:20:19.313,OnTrack,-771,-926,1976,pos,0 days 01:17:06.772000,0 days 02:15:22.284000
2024-07-07 15:20:19.492,OnTrack,-822,-916,1976,pos,0 days 01:17:06.951000,0 days 02:15:22.463000
2024-07-07 15:20:19.791,OnTrack,-946,-914,1977,pos,0 days 01:17:07.250000,0 days 02:15:22.762000
2024-07-07 15:20:20.311,OnTrack,-1054,-944,1978,pos,0 days 01:17:07.770000,0 days 02:15:23.282000
2024-07-07 15:20:20.472,OnTrack,-1096,-965,1979,pos,0 days 01:17:07.931000,0 days 02:15:23.443000
2024-07-07 15:20:20.652,OnTrack,-1142,-996,1979,pos,0 days 01:17:08.111000,0 days 02:15:23.623000
2024-07-07 15:20:20.812,OnTrack,-1183,-1027,1980,pos,0 days 01:17:08.271000,0 days 02:15:23.783000
2024-07-07 15:20:21.052,OnTrack,-1247,-1077,1981,pos,0 days 01:17:08.511000,0 days 02:15:24.023000
2024-07-07 15:20:21.152,OnTrack,-1274,-1097,1981,pos,0 days 01:17:08.611000,0 days 02:15:24.123000
2024-07-07 15:20:21.451,OnTrack,-1360,-1146,1981,pos,0 days 01:17:08.910000,0 days 02:15:24.422000
2024-07-07 15:20:21.672,OnTrack,-1427,-1167,1981,pos,0 days 01:17:09.131000,0 days 02:15:24.643000
2024-07-07 15:20:21.852,OnTrack,-1530,-1170,1981,pos,0 days 01:17:09.311000,0 days 02:15:24.823000
2024-07-07 15:20:22.252,OnTrack,-1617,-1151,1980,pos,0 days 01:17:09.711000,0 days 02:15:25.223000
2024-07-07 15:20:22.492,OnTrack,-1735,-1106,1978,pos,0 days 01:17:09.951000,0 days 02:15:25.463000
2024-07-07 15:20:22.892,OnTrack,-1824,-1055,1977,pos,0 days 01:17:10.351000,0 days 02:15:25.863000
2024-07-07 15:20:23.172,OnTrack,-1907,-989,1976,pos,0 days 01:17:10.631000,0 days 02:15:26.143000
2024-07-07 15:20:23.232,OnTrack,-1927,-968,1976,pos,0 days 01:17:10.691000,0 days 02:15:26.203000
2024-07-07 15:20:23.512,OnTrack,-2042,-829,1975,pos,0 days 01:17:10.971000,0 days 02:15:26.483000
2024-07-07 15:20:23.872,OnTrack,-2113,-736,1974,pos,0 days 01:17:11.331000,0 days 02:15:26.843000
2024-07-07 15:20:24.092,OnTrack,-2192,-600,1974,pos,0 days 01:17:11.551000,0 days 02:15:27.063000
2024-07-07 15:20:24.392,OnTrack,-2268,-387,1972,pos,0 days 01:17:11.851000,0 days 02:15:27.363000
2024-07-07 15:20:24.652,OnTrack,-2286,-310,1971,pos,0 days 01:17:12.111000,0 days 02:15:27.623000
2024-07-07 15:20:24.912,OnTrack,-2307,-160,1969,pos,0 days 01:17:12.371000,0 days 02:15:27.883000
2024-07-07 15:20:25.192,OnTrack,-2312,67,1967,pos,0 days 01:17:12.651000,0 days 02:15:28.163000
2024-07-07 15:20:25.593,OnTrack,-2288,253,1965,pos,0 days 01:17:13.052000,0 days 02:15:28.564000
2024-07-07 15:20:25.752,OnTrack,-2265,352,1964,pos,0 days 01:17:13.211000,0 days 02:15:28.723000
2024-07-07 15:20:26.072,OnTrack,-2192,548,1963,pos,0 days 01:17:13.531000,0 days 02:15:29.043000
2024-07-07 15:20:26.152,OnTrack,-2172,590,1962,pos,0 days 01:17:13.611000,0 days 02:15:29.123000
2024-07-07 15:20:26.331,OnTrack,-2114,697,1962,pos,0 days 01:17:13.790000,0 days 02:15:29.302000
2024-07-07 15:20:26.611,OnTrack,-2007,865,1962,pos,0 days 01:17:14.070000,0 days 02:15:29.582000
2024-07-07 15:20:26.871,OnTrack,-1905,1006,1963,pos,0 days 01:17:14.330000,0 days 02:15:29.842000
2024-07-07 15:20:27.092,OnTrack,-1808,1139,1963,pos,0 days 01:17:14.551000,0 days 02:15:30.063000
2024-07-07 15:20:27.212,OnTrack,-1758,1207,1963,pos,0 days 01:17:14.671000,0 days 02:15:30.183000
2024-07-07 15:20:27.372,OnTrack,-1689,1299,1964,pos,0 days 01:17:14.831000,0 days 02:15:30.343000
2024-07-07 15:20:27.672,OnTrack,-1554,1470,1965,pos,0 days 01:17:15.131000,0 days 02:15:30.643000
2024-07-07 15:20:27.892,OnTrack,-1426,1631,1966,pos,0 days 01:17:15.351000,0 days 02:15:30.863000
2024-07-07 15:20:28.332,OnTrack,-1202,1932,1970,pos,0 days 01:17:15.791000,0 days 02:15:31.303000
2024-07-07 15:20:28.712,OnTrack,-1022,2181,1973,pos,0 days 01:17:16.171000,0 days 02:15:31.683000
2024-07-07 15:20:29.132,OnTrack,-894,2356,1976,pos,0 days 01:17:16.591000,0 days 02:15:32.103000
2024-07-07 15:20:29.292,OnTrack,-820,2457,1978,pos,0 days 01:17:16.751000,0 days 02:15:32.263000
2024-07-07 15:20:29.472,OnTrack,-737,2572,1980,pos,0 days 01:17:16.931000,0 days 02:15:32.443000
2024-07-07 15:20:29.712,OnTrack,-627,2727,1982,pos,0 days 01:17:17.171000,0 days 02:15:32.683000
2024-07-07 15:20:29.972,OnTrack,-491,2924,1986,pos,0 days 01:17:17.431000,0 days 02:15:32.943000
2024-07-07 15:20:30.332,OnTrack,-304,3206,1991,pos,0 days 01:17:17.791000,0 days 02:15:33.303000
2024-07-07 15:20:30.713,OnTrack,-135,3455,1995,pos,0 days 01:17:18.172000,0 days 02:15:33.684000
2024-07-07 15:20:31.073,OnTrack,-6,3633,1997,pos,0 days 01:17:18.532000,0 days 02:15:34.044000
2024-07-07 15:20:31.232,OnTrack,67,3731,1999,pos,0 days 01:17:18.691000,0 days 02:15:34.203000
2024-07-07 15:20:31.573,OnTrack,314,4027,2007,pos,0 days 01:17:19.032000,0 days 02:15:34.544000
2024-07-07 15:20:31.873,OnTrack,411,4127,2010,pos,0 days 01:17:19.332000,0 days 02:15:34.844000
2024-07-07 15:20:32.213,OnTrack,623,4302,2012,pos,0 days 01:17:19.672000,0 days 02:15:35.184000
2024-07-07 15:20:32.433,OnTrack,778,4389,2013,pos,0 days 01:17:19.892000,0 days 02:15:35.404000
2024-07-07 15:20:32.612,OnTrack,977,4463,2015,pos,0 days 01:17:20.071000,0 days 02:15:35.583000
2024-07-07 15:20:32.851,OnTrack,1106,4492,2015,pos,0 days 01:17:20.310000,0 days 02:15:35.822000
2024-07-07 15:20:33.111,OnTrack,1319,4516,2017,pos,0 days 01:17:20.570000,0 days 02:15:36.082000
2024-07-07 15:20:33.432,OnTrack,1696,4512,2022,pos,0 days 01:17:20.891000,0 days 02:15:36.403000
2024-07-07 15:20:33.832,OnTrack,1971,4478,2025,pos,0 days 01:17:21.291000,0 days 02:15:36.803000
2024-07-07 15:20:35.012,OnTrack,2883,4485,2036,pos,0 days 01:17:22.471000,0 days 02:15:37.983000
2024-07-07 15:20:35.172,OnTrack,3000,4519,2038,pos,0 days 01:17:22.631000,0 days 02:15:38.143000
2024-07-07 15:20:35.372,OnTrack,3259,4629,2042,pos,0 days 01:17:22.831000,0 days 02:15:38.343000
2024-07-07 15:20:35.772,OnTrack,3437,4739,2046,pos,0 days 01:17:23.231000,0 days 02:15:38.743000
2024-07-07 15:20:35.992,OnTrack,3577,4846,2048,pos,0 days 01:17:23.451000,0 days 02:15:38.963000
2024-07-07 15:20:36.173,OnTrack,3685,4942,2049,pos,0 days 01:17:23.632000,0 days 02:15:39.144000
2024-07-07 15:20:36.433,OnTrack,3900,5155,2050,pos,0 days 01:17:23.892000,0 days 02:15:39.404000
2024-07-07 15:20:36.832,OnTrack,4056,5310,2051,pos,0 days 01:17:24.291000,0 days 02:15:39.803000
2024-07-07 15:20:37.013,OnTrack,4210,5455,2052,pos,0 days 01:17:24.472000,0 days 02:15:39.984000
2024-07-07 15:20:37.412,OnTrack,4360,5588,2054,pos,0 days 01:17:24.871000,0 days 02:15:40.383000
2024-07-07 15:20:37.712,OnTrack,4531,5731,2055,pos,0 days 01:17:25.171000,0 days 02:15:40.683000
2024-07-07 15:20:38.012,OnTrack,4600,5784,2055,pos,0 days 01:17:25.471000,0 days 02:15:40.983000
2024-07-07 15:20:38.193,OnTrack,4661,5827,2055,pos,0 days 01:17:25.652000,0 days 02:15:41.164000
2024-07-07 15:20:38.532,OnTrack,4776,5881,2054,pos,0 days 01:17:25.991000,0 days 02:15:41.503000
2024-07-07 15:20:38.693,OnTrack,4880,5900,2054,pos,0 days 01:17:26.152000,0 days 02:15:41.664000
2024-07-07 15:20:38.993,OnTrack,4935,5900,2053,pos,0 days 01:17:26.452000,0 days 02:15:41.964000
2024-07-07 15:20:39.213,OnTrack,5004,5893,2053,pos,0 days 01:17:26.672000,0 days 02:15:42.184000
2024-07-07 15:20:39.532,OnTrack,5101,5862,2054,pos,0 days 01:17:26.991000,0 days 02:15:42.503000
2024-07-07 15:20:39.792,OnTrack,5203,5797,2056,pos,0 days 01:17:27.251000,0 days 02:15:42.763000
2024-07-07 15:20:40.072,OnTrack,5234,5769,2057,pos,0 days 01:17:27.531000,0 days 02:15:43.043000
2024-07-07 15:20:40.352,OnTrack,5287,5704,2058,pos,0 days 01:17:27.811000,0 days 02:15:43.323000
2024-07-07 15:20:40.432,OnTrack,5299,5683,2059,pos,0 days 01:17:27.891000,0 days 02:15:43.403000
2024-07-07 15:20:40.672,OnTrack,5330,5617,2059,pos,0 days 01:17:28.131000,0 days 02:15:43.643000
2024-07-07 15:20:40.932,OnTrack,5357,5533,2059,pos,0 days 01:17:28.391000,0 days 02:15:43.903000
2024-07-07 15:20:41.112,OnTrack,5370,5474,2060,pos,0 days 01:17:28.571000,0 days 02:15:44.083000
2024-07-07 15:20:41.432,OnTrack,5385,5362,2061,pos,0 days 01:17:28.891000,0 days 02:15:44.403000
2024-07-07 15:20:41.592,OnTrack,5390,5303,2062,pos,0 days 01:17:29.051000,0 days 02:15:44.563000
2024-07-07 15:20:41.832,OnTrack,5407,5156,2065,pos,0 days 01:17:29.291000,0 days 02:15:44.803000
2024-07-07 15:20:42.173,OnTrack,5423,5080,2065,pos,0 days 01:17:29.632000,0 days 02:15:45.144000
2024-07-07 15:20:42.352,OnTrack,5444,5019,2066,pos,0 days 01:17:29.811000,0 days 02:15:45.323000
2024-07-07 15:20:42.532,OnTrack,5469,4966,2066,pos,0 days 01:17:29.991000,0 days 02:15:45.503000
2024-07-07 15:20:42.852,OnTrack,5541,4866,2066,pos,0 days 01:17:30.311000,0 days 02:15:45.823000
2024-07-07 15:20:43.253,OnTrack,5618,4794,2064,pos,0 days 01:17:30.712000,0 days 02:15:46.224000
2024-07-07 15:20:43.592,OnTrack,5710,4742,2065,pos,0 days 01:17:31.051000,0 days 02:15:46.563000
2024-07-07 15:20:43.932,OnTrack,5755,4731,2065,pos,0 days 01:17:31.391000,0 days 02:15:46.903000
2024-07-07 15:20:44.133,OnTrack,5800,4732,2064,pos,0 days 01:17:31.592000,0 days 02:15:47.104000
2024-07-07 15:20:44.452,OnTrack,5869,4757,2063,pos,0 days 01:17:31.911000,0 days 02:15:47.423000
2024-07-07 15:20:44.713,OnTrack,5946,4816,2064,pos,0 days 01:17:32.172000,0 days 02:15:47.684000
2024-07-07 15:20:45.052,OnTrack,5981,4852,2064,pos,0 days 01:17:32.511000,0 days 02:15:48.023000
2024-07-07 15:20:45.273,OnTrack,6017,4893,2064,pos,0 days 01:17:32.732000,0 days 02:15:48.244000
2024-07-07 15:20:45.453,OnTrack,6048,4935,2064,pos,0 days 01:17:32.912000,0 days 02:15:48.424000
2024-07-07 15:20:45.693,OnTrack,6098,5012,2064,pos,0 days 01:17:33.152000,0 days 02:15:48.664000
2024-07-07 15:20:46.112,OnTrack,6159,5133,2065,pos,0 days 01:17:33.571000,0 days 02:15:49.083000
2024-07-07 15:20:46.412,OnTrack,6188,5203,2065,pos,0 days 01:17:33.871000,0 days 02:15:49.383000
2024-07-07 15:20:46.731,OnTrack,6229,5324,2065,pos,0 days 01:17:34.190000,0 days 02:15:49.702000
2024-07-07 15:20:46.912,OnTrack,6258,5423,2065,pos,0 days 01:17:34.371000,0 days 02:15:49.883000
2024-07-07 15:20:47.192,OnTrack,6282,5522,2065,pos,0 days 01:17:34.651000,0 days 02:15:50.163000
2024-07-07 15:20:47.571,OnTrack,6321,5734,2065,pos,0 days 01:17:35.030000,0 days 02:15:50.542000
2024-07-07 15:20:47.712,OnTrack,6331,5834,2064,pos,0 days 01:17:35.171000,0 days 02:15:50.683000
2024-07-07 15:20:47.992,OnTrack,6325,6065,2064,pos,0 days 01:17:35.451000,0 days 02:15:50.963000
2024-07-07 15:20:48.212,OnTrack,6320,6111,2064,pos,0 days 01:17:35.671000,0 days 02:15:51.183000
2024-07-07 15:20:48.572,OnTrack,6281,6319,2063,pos,0 days 01:17:36.031000,0 days 02:15:51.543000
2024-07-07 15:20:48.772,OnTrack,6228,6482,2062,pos,0 days 01:17:36.231000,0 days 02:15:51.743000
2024-07-07 15:20:49.172,OnTrack,6095,6742,2063,pos,0 days 01:17:36.631000,0 days 02:15:52.143000
2024-07-07 15:20:49.493,OnTrack,6029,6840,2064,pos,0 days 01:17:36.952000,0 days 02:15:52.464000
2024-07-07 15:20:49.672,OnTrack,5956,6933,2064,pos,0 days 01:17:37.131000,0 days 02:15:52.643000
2024-07-07 15:20:49.952,OnTrack,5758,7136,2064,pos,0 days 01:17:37.411000,0 days 02:15:52.923000
2024-07-07 15:20:50.333,OnTrack,5632,7243,2064,pos,0 days 01:17:37.792000,0 days 02:15:53.304000
2024-07-07 15:20:50.653,OnTrack,5448,7385,2064,pos,0 days 01:17:38.112000,0 days 02:15:53.624000
2024-07-07 15:20:50.953,OnTrack,5283,7512,2064,pos,0 days 01:17:38.412000,0 days 02:15:53.924000
2024-07-07 15:20:51.193,OnTrack,5148,7621,2064,pos,0 days 01:17:38.652000,0 days 02:15:54.164000
2024-07-07 15:20:51.372,OnTrack,5046,7705,2064,pos,0 days 01:17:38.831000,0 days 02:15:54.343000
2024-07-07 15:20:51.632,OnTrack,4862,7860,2064,pos,0 days 01:17:39.091000,0 days 02:15:54.603000
2024-07-07 15:20:52.013,OnTrack,4680,8016,2065,pos,0 days 01:17:39.472000,0 days 02:15:54.984000
2024-07-07 15:20:52.313,OnTrack,4438,8223,2064,pos,0 days 01:17:39.772000,0 days 02:15:55.284000
2024-07-07 15:20:52.671,OnTrack,4304,8338,2064,pos,0 days 01:17:40.130000,0 days 02:15:55.642000
2024-07-07 15:20:52.912,OnTrack,4111,8504,2064,pos,0 days 01:17:40.371000,0 days 02:15:55.883000
2024-07-07 15:20:53.172,OnTrack,4004,8595,2063,pos,0 days 01:17:40.631000,0 days 02:15:56.143000
2024-07-07 15:20:53.372,OnTrack,3886,8698,2063,pos,0 days 01:17:40.831000,0 days 02:15:56.343000
2024-07-07 15:20:53.732,OnTrack,3613,8938,2063,pos,0 days 01:17:41.191000,0 days 02:15:56.703000
2024-07-07 15:20:54.032,OnTrack,3493,9042,2063,pos,0 days 01:17:41.491000,0 days 02:15:57.003000
2024-07-07 15:20:54.192,OnTrack,3397,9127,2064,pos,0 days 01:17:41.651000,0 days 02:15:57.163000
2024-07-07 15:20:54.412,OnTrack,3265,9243,2064,pos,0 days 01:17:41.871000,0 days 02:15:57.383000
2024-07-07 15:20:54.712,OnTrack,3085,9401,2063,pos,0 days 01:17:42.171000,0 days 02:15:57.683000
2024-07-07 15:20:54.872,OnTrack,2988,9485,2062,pos,0 days 01:17:42.331000,0 days 02:15:57.843000
2024-07-07 15:20:55.052,OnTrack,2886,9575,2061,pos,0 days 01:17:42.511000,0 days 02:15:58.023000
2024-07-07 15:20:55.312,OnTrack,2722,9717,2060,pos,0 days 01:17:42.771000,0 days 02:15:58.283000
2024-07-07 15:20:55.513,OnTrack,2607,9817,2059,pos,0 days 01:17:42.972000,0 days 02:15:58.484000
2024-07-07 15:20:55.773,OnTrack,2371,10024,2056,pos,0 days 01:17:43.232000,0 days 02:15:58.744000
2024-07-07 15:20:56.092,OnTrack,2248,10133,2054,pos,0 days 01:17:43.551000,0 days 02:15:59.063000
2024-07-07 15:20:56.272,OnTrack,2141,10229,2052,pos,0 days 01:17:43.731000,0 days 02:15:59.243000
2024-07-07 15:20:56.532,OnTrack,1990,10365,2050,pos,0 days 01:17:43.991000,0 days 02:15:59.503000
2024-07-07 15:20:56.812,OnTrack,1752,10571,2046,pos,0 days 01:17:44.271000,0 days 02:15:59.783000
2024-07-07 15:20:57.133,OnTrack,1554,10726,2043,pos,0 days 01:17:44.592000,0 days 02:16:00.104000
2024-07-07 15:20:57.552,OnTrack,1388,10825,2040,pos,0 days 01:17:45.011000,0 days 02:16:00.523000
2024-07-07 15:20:57.693,OnTrack,1304,10866,2039,pos,0 days 01:17:45.152000,0 days 02:16:00.664000
2024-07-07 15:20:57.973,OnTrack,1146,10921,2037,pos,0 days 01:17:45.432000,0 days 02:16:00.944000
2024-07-07 15:20:58.152,OnTrack,1052,10941,2036,pos,0 days 01:17:45.611000,0 days 02:16:01.123000
2024-07-07 15:20:58.432,OnTrack,881,10949,2034,pos,0 days 01:17:45.891000,0 days 02:16:01.403000
2024-07-07 15:20:58.853,OnTrack,658,10924,2033,pos,0 days 01:17:46.312000,0 days 02:16:01.824000
2024-07-07 15:20:59.192,OnTrack,555,10883,2032,pos,0 days 01:17:46.651000,0 days 02:16:02.163000
2024-07-07 15:20:59.412,OnTrack,471,10835,2032,pos,0 days 01:17:46.871000,0 days 02:16:02.383000
2024-07-07 15:20:59.592,OnTrack,412,10788,2032,pos,0 days 01:17:47.051000,0 days 02:16:02.563000
2024-07-07 15:20:59.791,OnTrack,356,10723,2032,pos,0 days 01:17:47.250000,0 days 02:16:02.762000
2024-07-07 15:20:59.952,OnTrack,318,10664,2032,pos,0 days 01:17:47.411000,0 days 02:16:02.923000
2024-07-07 15:21:00.192,OnTrack,269,10573,2033,pos,0 days 01:17:47.651000,0 days 02:16:03.163000
2024-07-07 15:21:00.472,OnTrack,215,10430,2033,pos,0 days 01:17:47.931000,0 days 02:16:03.443000
2024-07-07 15:21:00.792,OnTrack,198,10323,2033,pos,0 days 01:17:48.251000,0 days 02:16:03.763000
2024-07-07 15:21:01.012,OnTrack,190,10218,2034,pos,0 days 01:17:48.471000,0 days 02:16:03.983000
2024-07-07 15:21:01.312,OnTrack,183,10070,2034,pos,0 days 01:17:48.771000,0 days 02:16:04.283000
2024-07-07 15:21:01.492,OnTrack,177,9981,2035,pos,0 days 01:17:48.951000,0 days 02:16:04.463000
2024-07-07 15:21:01.672,OnTrack,167,9896,2035,pos,0 days 01:17:49.131000,0 days 02:16:04.643000
2024-07-07 15:21:01.892,OnTrack,117,9740,2037,pos,0 days 01:17:49.351000,0 days 02:16:04.863000
2024-07-07 15:21:02.172,OnTrack,88,9690,2038,pos,0 days 01:17:49.631000,0 days 02:16:05.143000
2024-07-07 15:21:02.472,OnTrack,15,9598,2039,pos,0 days 01:17:49.931000,0 days 02:16:05.443000
2024-07-07 15:21:02.652,OnTrack,-77,9523,2040,pos,0 days 01:17:50.111000,0 days 02:16:05.623000
2024-07-07 15:21:03.012,OnTrack,-144,9484,2040,pos,0 days 01:17:50.471000,0 days 02:16:05.983000
2024-07-07 15:21:03.373,OnTrack,-260,9446,2041,pos,0 days 01:17:50.832000,0 days 02:16:06.344000
2024-07-07 15:21:03.532,OnTrack,-312,9441,2041,pos,0 days 01:17:50.991000,0 days 02:16:06.503000
2024-07-07 15:21:03.612,OnTrack,-335,9441,2040,pos,0 days 01:17:51.071000,0 days 02:16:06.583000
2024-07-07 15:21:03.852,OnTrack,-412,9452,2040,pos,0 days 01:17:51.311000,0 days 02:16:06.823000
2024-07-07 15:21:04.132,OnTrack,-517,9501,2039,pos,0 days 01:17:51.591000,0 days 02:16:07.103000
2024-07-07 15:21:04.493,OnTrack,-580,9550,2038,pos,0 days 01:17:51.952000,0 days 02:16:07.464000
2024-07-07 15:21:04.753,OnTrack,-636,9611,2036,pos,0 days 01:17:52.212000,0 days 02:16:07.724000
2024-07-07 15:21:04.992,OnTrack,-680,9677,2035,pos,0 days 01:17:52.451000,0 days 02:16:07.963000
2024-07-07 15:21:05.172,OnTrack,-721,9762,2034,pos,0 days 01:17:52.631000,0 days 02:16:08.143000
2024-07-07 15:21:05.613,OnTrack,-757,9878,2033,pos,0 days 01:17:53.072000,0 days 02:16:08.584000
2024-07-07 15:21:05.811,OnTrack,-774,9996,2032,pos,0 days 01:17:53.270000,0 days 02:16:08.782000
2024-07-07 15:21:06.112,OnTrack,-776,10068,2031,pos,0 days 01:17:53.571000,0 days 02:16:09.083000
2024-07-07 15:21:06.372,OnTrack,-770,10175,2031,pos,0 days 01:17:53.831000,0 days 02:16:09.343000
2024-07-07 15:21:06.631,OnTrack,-743,10343,2030,pos,0 days 01:17:54.090000,0 days 02:16:09.602000
2024-07-07 15:21:06.871,OnTrack,-728,10404,2029,pos,0 days 01:17:54.330000,0 days 02:16:09.842000
2024-07-07 15:21:07.151,OnTrack,-684,10546,2028,pos,0 days 01:17:54.610000,0 days 02:16:10.122000
2024-07-07 15:21:07.352,OnTrack,-645,10646,2026,pos,0 days 01:17:54.811000,0 days 02:16:10.323000
2024-07-07 15:21:07.512,OnTrack,-611,10727,2025,pos,0 days 01:17:54.971000,0 days 02:16:10.483000
2024-07-07 15:21:07.872,OnTrack,-498,10957,2022,pos,0 days 01:17:55.331000,0 days 02:16:10.843000
2024-07-07 15:21:08.273,OnTrack,-406,11129,2021,pos,0 days 01:17:55.732000,0 days 02:16:11.244000
2024-07-07 15:21:08.432,OnTrack,-357,11217,2021,pos,0 days 01:17:55.891000,0 days 02:16:11.403000
2024-07-07 15:21:08.712,OnTrack,-261,11369,2021,pos,0 days 01:17:56.171000,0 days 02:16:11.683000
2024-07-07 15:21:08.912,OnTrack,-165,11504,2021,pos,0 days 01:17:56.371000,0 days 02:16:11.883000
2024-07-07 15:21:09.272,OnTrack,27,11740,2021,pos,0 days 01:17:56.731000,0 days 02:16:12.243000
2024-07-07 15:21:09.572,OnTrack,103,11822,2022,pos,0 days 01:17:57.031000,0 days 02:16:12.543000
2024-07-07 15:21:09.832,OnTrack,234,11950,2023,pos,0 days 01:17:57.291000,0 days 02:16:12.803000
2024-07-07 15:21:10.152,OnTrack,404,12103,2024,pos,0 days 01:17:57.611000,0 days 02:16:13.123000
2024-07-07 15:21:10.352,OnTrack,588,12244,2024,pos,0 days 01:17:57.811000,0 days 02:16:13.323000
2024-07-07 15:21:10.712,OnTrack,734,12342,2024,pos,0 days 01:17:58.171000,0 days 02:16:13.683000
2024-07-07 15:21:10.932,OnTrack,973,12467,2025,pos,0 days 01:17:58.391000,0 days 02:16:13.903000
2024-07-07 15:21:11.333,OnTrack,1155,12544,2025,pos,0 days 01:17:58.792000,0 days 02:16:14.304000
2024-07-07 15:21:11.573,OnTrack,1430,12637,2025,pos,0 days 01:17:59.032000,0 days 02:16:14.544000
2024-07-07 15:21:11.992,OnTrack,1641,12692,2026,pos,0 days 01:17:59.451000,0 days 02:16:14.963000
2024-07-07 15:21:12.213,OnTrack,1855,12737,2027,pos,0 days 01:17:59.672000,0 days 02:16:15.184000
2024-07-07 15:21:12.492,OnTrack,2048,12768,2028,pos,0 days 01:17:59.951000,0 days 02:16:15.463000
2024-07-07 15:21:12.732,OnTrack,2240,12793,2029,pos,0 days 01:18:00.191000,0 days 02:16:15.703000
2024-07-07 15:21:12.851,OnTrack,2334,12803,2030,pos,0 days 01:18:00.310000,0 days 02:16:15.822000
2024-07-07 15:21:13.212,OnTrack,2685,12841,2033,pos,0 days 01:18:00.671000,0 days 02:16:16.183000
2024-07-07 15:21:13.492,OnTrack,2845,12857,2035,pos,0 days 01:18:00.951000,0 days 02:16:16.463000
2024-07-07 15:21:13.712,OnTrack,3022,12874,2036,pos,0 days 01:18:01.171000,0 days 02:16:16.683000
2024-07-07 15:21:13.912,OnTrack,3183,12891,2038,pos,0 days 01:18:01.371000,0 days 02:16:16.883000
2024-07-07 15:21:14.172,OnTrack,3392,12914,2039,pos,0 days 01:18:01.631000,0 days 02:16:17.143000
2024-07-07 15:21:14.412,OnTrack,3585,12936,2040,pos,0 days 01:18:01.871000,0 days 02:16:17.383000
2024-07-07 15:21:14.632,OnTrack,3763,12955,2041,pos,0 days 01:18:02.091000,0 days 02:16:17.603000
2024-07-07 15:21:14.892,OnTrack,3972,12979,2042,pos,0 days 01:18:02.351000,0 days 02:16:17.863000
2024-07-07 15:21:15.052,OnTrack,4101,12995,2043,pos,0 days 01:18:02.511000,0 days 02:16:18.023000
2024-07-07 15:21:15.312,OnTrack,4310,13022,2045,pos,0 days 01:18:02.771000,0 days 02:16:18.283000
2024-07-07 15:21:15.512,OnTrack,4519,13050,2046,pos,0 days 01:18:02.971000,0 days 02:16:18.483000
2024-07-07 15:21:15.832,OnTrack,4728,13077,2047,pos,0 days 01:18:03.291000,0 days 02:16:18.803000
2024-07-07 15:21:16.112,OnTrack,5047,13108,2048,pos,0 days 01:18:03.571000,0 days 02:16:19.083000
2024-07-07 15:21:16.572,OnTrack,5420,13100,2050,pos,0 days 01:18:04.031000,0 days 02:16:19.543000
2024-07-07 15:21:16.832,OnTrack,5512,13082,2051,pos,0 days 01:18:04.291000,0 days 02:16:19.803000
2024-07-07 15:21:17.172,OnTrack,5861,12958,2053,pos,0 days 01:18:04.631000,0 days 02:16:20.143000
2024-07-07 15:21:17.432,OnTrack,5942,12913,2053,pos,0 days 01:18:04.891000,0 days 02:16:20.403000
2024-07-07 15:21:17.633,OnTrack,6069,12826,2054,pos,0 days 01:18:05.092000,0 days 02:16:20.604000
2024-07-07 15:21:17.992,OnTrack,6319,12587,2056,pos,0 days 01:18:05.451000,0 days 02:16:20.963000
2024-07-07 15:21:18.373,OnTrack,6434,12410,2056,pos,0 days 01:18:05.832000,0 days 02:16:21.344000
2024-07-07 15:21:18.613,OnTrack,6555,12149,2058,pos,0 days 01:18:06.072000,0 days 02:16:21.584000
2024-07-07 15:21:19.012,OnTrack,6621,11964,2060,pos,0 days 01:18:06.471000,0 days 02:16:21.983000
2024-07-07 15:21:19.212,OnTrack,6677,11776,2061,pos,0 days 01:18:06.671000,0 days 02:16:22.183000
2024-07-07 15:21:19.532,OnTrack,6727,11586,2062,pos,0 days 01:18:06.991000,0 days 02:16:22.503000
2024-07-07 15:21:19.752,OnTrack,6766,11423,2064,pos,0 days 01:18:07.211000,0 days 02:16:22.723000
2024-07-07 15:21:19.931,OnTrack,6796,11288,2065,pos,0 days 01:18:07.390000,0 days 02:16:22.902000
2024-07-07 15:21:20.152,OnTrack,6829,11123,2066,pos,0 days 01:18:07.611000,0 days 02:16:23.123000
2024-07-07 15:21:20.332,OnTrack,6854,10985,2067,pos,0 days 01:18:07.791000,0 days 02:16:23.303000
2024-07-07 15:21:20.592,OnTrack,6885,10785,2069,pos,0 days 01:18:08.051000,0 days 02:16:23.563000
2024-07-07 15:21:20.852,OnTrack,6912,10583,2070,pos,0 days 01:18:08.311000,0 days 02:16:23.823000
2024-07-07 15:21:21.012,OnTrack,6926,10457,2071,pos,0 days 01:18:08.471000,0 days 02:16:23.983000
2024-07-07 15:21:21.272,OnTrack,6947,10252,2073,pos,0 days 01:18:08.731000,0 days 02:16:24.243000
2024-07-07 15:21:21.432,OnTrack,6962,10046,2074,pos,0 days 01:18:08.891000,0 days 02:16:24.403000
2024-07-07 15:21:21.812,OnTrack,6974,9822,2074,pos,0 days 01:18:09.271000,0 days 02:16:24.783000
2024-07-07 15:21:21.992,OnTrack,6979,9678,2075,pos,0 days 01:18:09.451000,0 days 02:16:24.963000
2024-07-07 15:21:22.252,OnTrack,6985,9370,2074,pos,0 days 01:18:09.711000,0 days 02:16:25.223000
2024-07-07 15:21:22.612,OnTrack,6992,9175,2074,pos,0 days 01:18:10.071000,0 days 02:16:25.583000
2024-07-07 15:21:22.792,OnTrack,6999,9043,2073,pos,0 days 01:18:10.251000,0 days 02:16:25.763000
2024-07-07 15:21:23.112,OnTrack,7022,8800,2072,pos,0 days 01:18:10.571000,0 days 02:16:26.083000
2024-07-07 15:21:23.273,OnTrack,7058,8573,2070,pos,0 days 01:18:10.732000,0 days 02:16:26.244000
2024-07-07 15:21:23.593,OnTrack,7093,8404,2069,pos,0 days 01:18:11.052000,0 days 02:16:26.564000
2024-07-07 15:21:23.952,OnTrack,7169,8116,2067,pos,0 days 01:18:11.411000,0 days 02:16:26.923000
2024-07-07 15:21:23.992,OnTrack,7178,8085,2066,pos,0 days 01:18:11.451000,0 days 02:16:26.963000
2024-07-07 15:21:24.312,OnTrack,7262,7836,2063,pos,0 days 01:18:11.771000,0 days 02:16:27.283000
2024-07-07 15:21:24.592,OnTrack,7346,7622,2061,pos,0 days 01:18:12.051000,0 days 02:16:27.563000
2024-07-07 15:21:24.792,OnTrack,7419,7439,2059,pos,0 days 01:18:12.251000,0 days 02:16:27.763000
2024-07-07 15:21:25.132,OnTrack,7496,7209,2058,pos,0 days 01:18:12.591000,0 days 02:16:28.103000
2024-07-07 15:21:25.293,OnTrack,7523,7087,2058,pos,0 days 01:18:12.752000,0 days 02:16:28.264000
2024-07-07 15:21:25.472,OnTrack,7538,6958,2058,pos,0 days 01:18:12.931000,0 days 02:16:28.443000
2024-07-07 15:21:25.732,OnTrack,7528,6747,2058,pos,0 days 01:18:13.191000,0 days 02:16:28.703000
2024-07-07 15:21:25.891,OnTrack,7509,6619,2058,pos,0 days 01:18:13.350000,0 days 02:16:28.862000
2024-07-07 15:21:26.191,OnTrack,7439,6312,2061,pos,0 days 01:18:13.650000,0 days 02:16:29.162000
2024-07-07 15:21:26.612,OnTrack,7379,6070,2062,pos,0 days 01:18:14.071000,0 days 02:16:29.583000
2024-07-07 15:21:26.832,OnTrack,7335,5842,2063,pos,0 days 01:18:14.291000,0 days 02:16:29.803000
2024-07-07 15:21:27.252,OnTrack,7316,5591,2062,pos,0 days 01:18:14.711000,0 days 02:16:30.223000
2024-07-07 15:21:27.492,OnTrack,7344,5370,2062,pos,0 days 01:18:14.951000,0 days 02:16:30.463000
2024-07-07 15:21:27.792,OnTrack,7392,5224,2061,pos,0 days 01:18:15.251000,0 days 02:16:30.763000
2024-07-07 15:21:28.032,OnTrack,7465,5072,2059,pos,0 days 01:18:15.491000,0 days 02:16:31.003000
2024-07-07 15:21:28.232,OnTrack,7586,4868,2055,pos,0 days 01:18:15.691000,0 days 02:16:31.203000
2024-07-07 15:21:28.592,OnTrack,7664,4735,2053,pos,0 days 01:18:16.051000,0 days 02:16:31.563000
2024-07-07 15:21:28.852,OnTrack,7728,4597,2051,pos,0 days 01:18:16.311000,0 days 02:16:31.823000
2024-07-07 15:21:28.993,OnTrack,7757,4513,2050,pos,0 days 01:18:16.452000,0 days 02:16:31.964000
2024-07-07 15:21:29.172,OnTrack,7780,4411,2049,pos,0 days 01:18:16.631000,0 days 02:16:32.143000
2024-07-07 15:21:29.432,OnTrack,7789,4261,2047,pos,0 days 01:18:16.891000,0 days 02:16:32.403000
2024-07-07 15:21:29.672,OnTrack,7770,4121,2044,pos,0 days 01:18:17.131000,0 days 02:16:32.643000
2024-07-07 15:21:29.952,OnTrack,7722,3962,2042,pos,0 days 01:18:17.411000,0 days 02:16:32.923000
2024-07-07 15:21:30.133,OnTrack,7678,3864,2040,pos,0 days 01:18:17.592000,0 days 02:16:33.104000
2024-07-07 15:21:30.333,OnTrack,7593,3720,2039,pos,0 days 01:18:17.792000,0 days 02:16:33.304000
2024-07-07 15:21:30.732,OnTrack,7467,3572,2037,pos,0 days 01:18:18.191000,0 days 02:16:33.703000
2024-07-07 15:21:30.933,OnTrack,7370,3493,2035,pos,0 days 01:18:18.392000,0 days 02:16:33.904000
2024-07-07 15:21:31.092,OnTrack,7283,3437,2034,pos,0 days 01:18:18.551000,0 days 02:16:34.063000
2024-07-07 15:21:31.392,OnTrack,7079,3328,2031,pos,0 days 01:18:18.851000,0 days 02:16:34.363000
2024-07-07 15:21:31.733,OnTrack,6913,3232,2030,pos,0 days 01:18:19.192000,0 days 02:16:34.704000
2024-07-07 15:21:31.992,OnTrack,6776,3123,2028,pos,0 days 01:18:19.451000,0 days 02:16:34.963000
2024-07-07 15:21:32.151,OnTrack,6696,3045,2028,pos,0 days 01:18:19.610000,0 days 02:16:35.122000
2024-07-07 15:21:32.431,OnTrack,6505,2838,2027,pos,0 days 01:18:19.890000,0 days 02:16:35.402000
2024-07-07 15:21:32.852,OnTrack,6344,2625,2027,pos,0 days 01:18:20.311000,0 days 02:16:35.823000
2024-07-07 15:21:33.152,OnTrack,6251,2478,2026,pos,0 days 01:18:20.611000,0 days 02:16:36.123000
2024-07-07 15:21:33.392,OnTrack,6121,2244,2025,pos,0 days 01:18:20.851000,0 days 02:16:36.363000
2024-07-07 15:21:33.832,OnTrack,5980,1963,2025,pos,0 days 01:18:21.291000,0 days 02:16:36.803000
2024-07-07 15:21:34.112,OnTrack,5920,1841,2024,pos,0 days 01:18:21.571000,0 days 02:16:37.083000
2024-07-07 15:21:34.432,OnTrack,5774,1538,2023,pos,0 days 01:18:21.891000,0 days 02:16:37.403000
2024-07-07 15:21:34.752,OnTrack,5707,1399,2022,pos,0 days 01:18:22.211000,0 days 02:16:37.723000
2024-07-07 15:21:35.072,OnTrack,5602,1181,2021,pos,0 days 01:18:22.531000,0 days 02:16:38.043000
2024-07-07 15:21:35.152,OnTrack,5572,1117,2020,pos,0 days 01:18:22.611000,0 days 02:16:38.123000
2024-07-07 15:21:35.432,OnTrack,5478,921,2019,pos,0 days 01:18:22.891000,0 days 02:16:38.403000
2024-07-07 15:21:35.692,OnTrack,5389,734,2018,pos,0 days 01:18:23.151000,0 days 02:16:38.663000
2024-07-07 15:21:35.872,OnTrack,5327,605,2016,pos,0 days 01:18:23.331000,0 days 02:16:38.843000
2024-07-07 15:21:36.093,OnTrack,5251,447,2016,pos,0 days 01:18:23.552000,0 days 02:16:39.064000
2024-07-07 15:21:36.292,OnTrack,5138,215,2013,pos,0 days 01:18:23.751000,0 days 02:16:39.263000
2024-07-07 15:21:36.573,OnTrack,5082,99,2013,pos,0 days 01:18:24.032000,0 days 02:16:39.544000
2024-07-07 15:21:36.772,OnTrack,5015,-39,2012,pos,0 days 01:18:24.231000,0 days 02:16:39.743000
2024-07-07 15:21:37.092,OnTrack,4899,-281,2010,pos,0 days 01:18:24.551000,0 days 02:16:40.063000
2024-07-07 15:21:37.312,OnTrack,4772,-545,2009,pos,0 days 01:18:24.771000,0 days 02:16:40.283000
2024-07-07 15:21:37.572,OnTrack,4729,-633,2008,pos,0 days 01:18:25.031000,0 days 02:16:40.543000
2024-07-07 15:21:37.753,OnTrack,4667,-761,2007,pos,0 days 01:18:25.212000,0 days 02:16:40.724000
2024-07-07 15:21:38.053,OnTrack,4564,-975,2006,pos,0 days 01:18:25.512000,0 days 02:16:41.024000
2024-07-07 15:21:38.172,OnTrack,4521,-1064,2006,pos,0 days 01:18:25.631000,0 days 02:16:41.143000
2024-07-07 15:21:38.533,OnTrack,4391,-1330,2002,pos,0 days 01:18:25.992000,0 days 02:16:41.504000
2024-07-07 15:21:38.711,OnTrack,4326,-1462,2001,pos,0 days 01:18:26.170000,0 days 02:16:41.682000
2024-07-07 15:21:38.932,OnTrack,4209,-1698,1998,pos,0 days 01:18:26.391000,0 days 02:16:41.903000
2024-07-07 15:21:39.291,OnTrack,4114,-1888,1996,pos,0 days 01:18:26.750000,0 days 02:16:42.262000
2024-07-07 15:21:39.472,OnTrack,4047,-2020,1994,pos,0 days 01:18:26.931000,0 days 02:16:42.443000
2024-07-07 15:21:39.672,OnTrack,3973,-2165,1994,pos,0 days 01:18:27.131000,0 days 02:16:42.643000
2024-07-07 15:21:39.952,OnTrack,3870,-2365,1994,pos,0 days 01:18:27.411000,0 days 02:16:42.923000
2024-07-07 15:21:40.152,OnTrack,3794,-2509,1994,pos,0 days 01:18:27.611000,0 days 02:16:43.123000
2024-07-07 15:21:40.412,OnTrack,3693,-2702,1996,pos,0 days 01:18:27.871000,0 days 02:16:43.383000
2024-07-07 15:21:40.612,OnTrack,3616,-2844,1998,pos,0 days 01:18:28.071000,0 days 02:16:43.583000
2024-07-07 15:21:40.792,OnTrack,3546,-2970,2000,pos,0 days 01:18:28.251000,0 days 02:16:43.763000
2024-07-07 15:21:40.972,OnTrack,3479,-3088,2002,pos,0 days 01:18:28.431000,0 days 02:16:43.943000
2024-07-07 15:21:41.213,OnTrack,3378,-3260,2006,pos,0 days 01:18:28.672000,0 days 02:16:44.184000
2024-07-07 15:21:41.392,OnTrack,3303,-3381,2009,pos,0 days 01:18:28.851000,0 days 02:16:44.363000
2024-07-07 15:21:41.672,OnTrack,3147,-3598,2014,pos,0 days 01:18:29.131000,0 days 02:16:44.643000
2024-07-07 15:21:41.952,OnTrack,3038,-3726,2017,pos,0 days 01:18:29.411000,0 days 02:16:44.923000
2024-07-07 15:21:42.272,OnTrack,2876,-3880,2021,pos,0 days 01:18:29.731000,0 days 02:16:45.243000
2024-07-07 15:21:42.492,OnTrack,2696,-3996,2024,pos,0 days 01:18:29.951000,0 days 02:16:45.463000
2024-07-07 15:21:42.712,OnTrack,2626,-4030,2025,pos,0 days 01:18:30.171000,0 days 02:16:45.683000
2024-07-07 15:21:42.952,OnTrack,2501,-4077,2028,pos,0 days 01:18:30.411000,0 days 02:16:45.923000
2024-07-07 15:21:43.153,OnTrack,2382,-4105,2029,pos,0 days 01:18:30.612000,0 days 02:16:46.124000
2024-07-07 15:21:43.372,OnTrack,2251,-4117,2031,pos,0 days 01:18:30.831000,0 days 02:16:46.343000
2024-07-07 15:21:43.592,OnTrack,2119,-4108,2032,pos,0 days 01:18:31.051000,0 days 02:16:46.563000
2024-07-07 15:21:43.773,OnTrack,2011,-4086,2033,pos,0 days 01:18:31.232000,0 days 02:16:46.744000
2024-07-07 15:21:43.993,OnTrack,1882,-4043,2033,pos,0 days 01:18:31.452000,0 days 02:16:46.964000
2024-07-07 15:21:44.172,OnTrack,1780,-3995,2033,pos,0 days 01:18:31.631000,0 days 02:16:47.143000
2024-07-07 15:21:44.432,OnTrack,1642,-3903,2032,pos,0 days 01:18:31.891000,0 days 02:16:47.403000
2024-07-07 15:21:44.672,OnTrack,1525,-3800,2031,pos,0 days 01:18:32.131000,0 days 02:16:47.643000
2024-07-07 15:21:44.912,OnTrack,1370,-3619,2029,pos,0 days 01:18:32.371000,0 days 02:16:47.883000
2024-07-07 15:21:45.352,OnTrack,1253,-3436,2025,pos,0 days 01:18:32.811000,0 days 02:16:48.323000
2024-07-07 15:21:45.491,OnTrack,1207,-3351,2023,pos,0 days 01:18:32.950000,0 days 02:16:48.462000
2024-07-07 15:21:45.692,OnTrack,1143,-3229,2019,pos,0 days 01:18:33.151000,0 days 02:16:48.663000
2024-07-07 15:21:45.852,OnTrack,1091,-3131,2016,pos,0 days 01:18:33.311000,0 days 02:16:48.823000
2024-07-07 15:21:46.152,OnTrack,985,-2947,2008,pos,0 days 01:18:33.611000,0 days 02:16:49.123000
2024-07-07 15:21:46.331,OnTrack,916,-2839,2002,pos,0 days 01:18:33.790000,0 days 02:16:49.302000
2024-07-07 15:21:46.552,OnTrack,825,-2707,1996,pos,0 days 01:18:34.011000,0 days 02:16:49.523000
2024-07-07 15:21:46.772,OnTrack,695,-2530,1989,pos,0 days 01:18:34.231000,0 days 02:16:49.743000
2024-07-07 15:21:47.072,OnTrack,598,-2399,1986,pos,0 days 01:18:34.531000,0 days 02:16:50.043000
2024-07-07 15:21:47.292,OnTrack,501,-2268,1984,pos,0 days 01:18:34.751000,0 days 02:16:50.263000
2024-07-07 15:21:47.452,OnTrack,430,-2173,1984,pos,0 days 01:18:34.911000,0 days 02:16:50.423000
2024-07-07 15:21:47.712,OnTrack,313,-2019,1985,pos,0 days 01:18:35.171000,0 days 02:16:50.683000
2024-07-07 15:21:47.912,OnTrack,221,-1902,1986,pos,0 days 01:18:35.371000,0 days 02:16:50.883000
2024-07-07 15:21:48.072,OnTrack,146,-1810,1986,pos,0 days 01:18:35.531000,0 days 02:16:51.043000
2024-07-07 15:21:48.252,OnTrack,59,-1708,1986,pos,0 days 01:18:35.711000,0 days 02:16:51.223000
2024-07-07 15:21:48.532,OnTrack,-78,-1551,1986,pos,0 days 01:18:35.991000,0 days 02:16:51.503000
2024-07-07 15:21:48.772,OnTrack,-193,-1422,1984,pos,0 days 01:18:36.231000,0 days 02:16:51.743000
2024-07-07 15:21:49.012,OnTrack,-296,-1306,1982,pos,0 days 01:18:36.471000,0 days 02:16:51.983000
2024-07-07 15:21:49.272,OnTrack,-411,-1177,1979,pos,0 days 01:18:36.731000,0 days 02:16:52.243000
2024-07-07 15:21:49.653,OnTrack,-517,-1070,1977,pos,0 days 01:18:37.112000,0 days 02:16:52.624000
2024-07-07 15:21:49.872,OnTrack,-628,-988,1976,pos,0 days 01:18:37.331000,0 days 02:16:52.843000
2024-07-07 15:21:50.112,OnTrack,-659,-971,1975,pos,0 days 01:18:37.571000,0 days 02:16:53.083000
2024-07-07 15:21:50.493,OnTrack,-777,-924,1976,pos,0 days 01:18:37.952000,0 days 02:16:53.464000
2024-07-07 15:21:50.553,OnTrack,-795,-920,1976,pos,0 days 01:18:38.012000,0 days 02:16:53.524000
2024-07-07 15:21:50.873,OnTrack,-933,-913,1976,pos,0 days 01:18:38.332000,0 days 02:16:53.844000
2024-07-07 15:21:51.313,OnTrack,-1020,-930,1978,pos,0 days 01:18:38.772000,0 days 02:16:54.284000
2024-07-07 15:21:51.593,OnTrack,-1086,-960,1978,pos,0 days 01:18:39.052000,0 days 02:16:54.564000
2024-07-07 15:21:51.791,OnTrack,-1135,-991,1979,pos,0 days 01:18:39.250000,0 days 02:16:54.762000
2024-07-07 15:21:52.112,OnTrack,-1233,-1067,1981,pos,0 days 01:18:39.571000,0 days 02:16:55.083000
2024-07-07 15:21:52.432,OnTrack,-1296,-1111,1981,pos,0 days 01:18:39.891000,0 days 02:16:55.403000
2024-07-07 15:21:52.732,OnTrack,-1406,-1162,1981,pos,0 days 01:18:40.191000,0 days 02:16:55.703000
2024-07-07 15:21:53.032,OnTrack,-1466,-1172,1981,pos,0 days 01:18:40.491000,0 days 02:16:56.003000
2024-07-07 15:21:53.332,OnTrack,-1578,-1161,1980,pos,0 days 01:18:40.791000,0 days 02:16:56.303000
2024-07-07 15:21:53.612,OnTrack,-1646,-1141,1979,pos,0 days 01:18:41.071000,0 days 02:16:56.583000
2024-07-07 15:21:53.993,OnTrack,-1786,-1080,1978,pos,0 days 01:18:41.452000,0 days 02:16:56.964000
2024-07-07 15:21:54.292,OnTrack,-1867,-1024,1977,pos,0 days 01:18:41.751000,0 days 02:16:57.263000
2024-07-07 15:21:54.512,OnTrack,-1932,-963,1976,pos,0 days 01:18:41.971000,0 days 02:16:57.483000
2024-07-07 15:21:54.652,OnTrack,-1969,-921,1976,pos,0 days 01:18:42.111000,0 days 02:16:57.623000
2024-07-07 15:21:54.833,OnTrack,-2023,-854,1975,pos,0 days 01:18:42.292000,0 days 02:16:57.804000
2024-07-07 15:21:55.072,OnTrack,-2092,-765,1975,pos,0 days 01:18:42.531000,0 days 02:16:58.043000
2024-07-07 15:21:55.292,OnTrack,-2152,-675,1974,pos,0 days 01:18:42.751000,0 days 02:16:58.263000
2024-07-07 15:21:55.612,OnTrack,-2222,-526,1974,pos,0 days 01:18:43.071000,0 days 02:16:58.583000
2024-07-07 15:21:55.693,OnTrack,-2237,-485,1973,pos,0 days 01:18:43.152000,0 days 02:16:58.664000
2024-07-07 15:21:56.012,OnTrack,-2295,-258,1970,pos,0 days 01:18:43.471000,0 days 02:16:58.983000
2024-07-07 15:21:56.453,OnTrack,-2314,2,1967,pos,0 days 01:18:43.912000,0 days 02:16:59.424000
2024-07-07 15:21:56.713,OnTrack,-2310,94,1966,pos,0 days 01:18:44.172000,0 days 02:16:59.684000
2024-07-07 15:21:56.912,OnTrack,-2293,225,1965,pos,0 days 01:18:44.371000,0 days 02:16:59.883000
2024-07-07 15:21:57.232,OnTrack,-2243,424,1963,pos,0 days 01:18:44.691000,0 days 02:17:00.203000
2024-07-07 15:21:57.472,OnTrack,-2144,643,1962,pos,0 days 01:18:44.931000,0 days 02:17:00.443000
2024-07-07 15:21:57.853,OnTrack,-2027,837,1962,pos,0 days 01:18:45.312000,0 days 02:17:00.824000
2024-07-07 15:21:58.052,OnTrack,-1902,1011,1963,pos,0 days 01:18:45.511000,0 days 02:17:01.023000
2024-07-07 15:21:58.432,OnTrack,-1784,1172,1963,pos,0 days 01:18:45.891000,0 days 02:17:01.403000
2024-07-07 15:21:58.632,OnTrack,-1646,1354,1964,pos,0 days 01:18:46.091000,0 days 02:17:01.603000
2024-07-07 15:21:58.972,OnTrack,-1547,1479,1965,pos,0 days 01:18:46.431000,0 days 02:17:01.943000
2024-07-07 15:21:59.131,OnTrack,-1478,1565,1966,pos,0 days 01:18:46.590000,0 days 02:17:02.102000
2024-07-07 15:21:59.472,OnTrack,-1320,1770,1968,pos,0 days 01:18:46.931000,0 days 02:17:02.443000
2024-07-07 15:21:59.652,OnTrack,-1240,1880,1969,pos,0 days 01:18:47.111000,0 days 02:17:02.623000
2024-07-07 15:21:59.952,OnTrack,-1079,2102,1972,pos,0 days 01:18:47.411000,0 days 02:17:02.923000
2024-07-07 15:22:00.292,OnTrack,-906,2339,1976,pos,0 days 01:18:47.751000,0 days 02:17:03.263000
2024-07-07 15:22:00.692,OnTrack,-768,2528,1979,pos,0 days 01:18:48.151000,0 days 02:17:03.663000
2024-07-07 15:22:00.952,OnTrack,-649,2695,1982,pos,0 days 01:18:48.411000,0 days 02:17:03.923000
2024-07-07 15:22:01.132,OnTrack,-568,2812,1984,pos,0 days 01:18:48.591000,0 days 02:17:04.103000
2024-07-07 15:22:01.332,OnTrack,-433,3010,1987,pos,0 days 01:18:48.791000,0 days 02:17:04.303000
2024-07-07 15:22:01.653,OnTrack,-335,3158,1990,pos,0 days 01:18:49.112000,0 days 02:17:04.624000
2024-07-07 15:22:01.852,OnTrack,-246,3293,1992,pos,0 days 01:18:49.311000,0 days 02:17:04.823000
2024-07-07 15:22:02.072,OnTrack,-145,3440,1995,pos,0 days 01:18:49.531000,0 days 02:17:05.043000
2024-07-07 15:22:02.352,OnTrack,-11,3626,1997,pos,0 days 01:18:49.811000,0 days 02:17:05.323000
2024-07-07 15:22:02.592,OnTrack,149,3835,2002,pos,0 days 01:18:50.051000,0 days 02:17:05.563000
2024-07-07 15:22:02.952,OnTrack,299,4010,2007,pos,0 days 01:18:50.411000,0 days 02:17:05.923000
2024-07-07 15:22:03.192,OnTrack,436,4151,2010,pos,0 days 01:18:50.651000,0 days 02:17:06.163000
2024-07-07 15:22:03.432,OnTrack,598,4285,2012,pos,0 days 01:18:50.891000,0 days 02:17:06.403000
2024-07-07 15:22:03.672,OnTrack,743,4372,2013,pos,0 days 01:18:51.131000,0 days 02:17:06.643000
2024-07-07 15:22:03.853,OnTrack,885,4434,2014,pos,0 days 01:18:51.312000,0 days 02:17:06.824000
2024-07-07 15:22:04.173,OnTrack,1206,4507,2016,pos,0 days 01:18:51.632000,0 days 02:17:07.144000
2024-07-07 15:22:04.512,OnTrack,1420,4520,2018,pos,0 days 01:18:51.971000,0 days 02:17:07.483000
2024-07-07 15:22:04.713,OnTrack,1585,4518,2020,pos,0 days 01:18:52.172000,0 days 02:17:07.684000
2024-07-07 15:22:04.932,OnTrack,1764,4505,2023,pos,0 days 01:18:52.391000,0 days 02:17:07.903000
2024-07-07 15:22:05.172,OnTrack,2056,4466,2026,pos,0 days 01:18:52.631000,0 days 02:17:08.143000
2024-07-07 15:22:05.592,OnTrack,2291,4443,2028,pos,0 days 01:18:53.051000,0 days 02:17:08.563000
2024-07-07 15:22:05.772,OnTrack,2447,4439,2030,pos,0 days 01:18:53.231000,0 days 02:17:08.743000
2024-07-07 15:22:05.992,OnTrack,2626,4444,2032,pos,0 days 01:18:53.451000,0 days 02:17:08.963000
2024-07-07 15:22:06.252,OnTrack,2861,4479,2036,pos,0 days 01:18:53.711000,0 days 02:17:09.223000
2024-07-07 15:22:06.432,OnTrack,3063,4541,2039,pos,0 days 01:18:53.891000,0 days 02:17:09.403000
2024-07-07 15:22:06.752,OnTrack,3232,4615,2042,pos,0 days 01:18:54.211000,0 days 02:17:09.723000
2024-07-07 15:22:06.972,OnTrack,3393,4709,2045,pos,0 days 01:18:54.431000,0 days 02:17:09.943000
2024-07-07 15:22:07.272,OnTrack,3587,4855,2048,pos,0 days 01:18:54.731000,0 days 02:17:10.243000
2024-07-07 15:22:07.492,OnTrack,3742,4996,2049,pos,0 days 01:18:54.951000,0 days 02:17:10.463000
2024-07-07 15:22:07.913,OnTrack,3956,5212,2050,pos,0 days 01:18:55.372000,0 days 02:17:10.884000
2024-07-07 15:22:08.072,OnTrack,4046,5300,2051,pos,0 days 01:18:55.531000,0 days 02:17:11.043000
2024-07-07 15:22:08.292,OnTrack,4233,5475,2052,pos,0 days 01:18:55.751000,0 days 02:17:11.263000
2024-07-07 15:22:08.572,OnTrack,4313,5547,2053,pos,0 days 01:18:56.031000,0 days 02:17:11.543000
2024-07-07 15:22:08.872,OnTrack,4449,5663,2054,pos,0 days 01:18:56.331000,0 days 02:17:11.843000
2024-07-07 15:22:09.112,OnTrack,4544,5741,2055,pos,0 days 01:18:56.571000,0 days 02:17:12.083000
2024-07-07 15:22:09.332,OnTrack,4621,5800,2055,pos,0 days 01:18:56.791000,0 days 02:17:12.303000
2024-07-07 15:22:09.492,OnTrack,4678,5837,2055,pos,0 days 01:18:56.951000,0 days 02:17:12.463000
2024-07-07 15:22:09.752,OnTrack,4766,5878,2054,pos,0 days 01:18:57.211000,0 days 02:17:12.723000
2024-07-07 15:22:09.912,OnTrack,4822,5893,2054,pos,0 days 01:18:57.371000,0 days 02:17:12.883000
2024-07-07 15:22:10.113,OnTrack,4920,5901,2053,pos,0 days 01:18:57.572000,0 days 02:17:13.084000
2024-07-07 15:22:10.552,OnTrack,5039,5885,2053,pos,0 days 01:18:58.011000,0 days 02:17:13.523000
2024-07-07 15:22:10.713,OnTrack,5120,5853,2054,pos,0 days 01:18:58.172000,0 days 02:17:13.684000
2024-07-07 15:22:11.132,OnTrack,5194,5805,2056,pos,0 days 01:18:58.591000,0 days 02:17:14.103000
2024-07-07 15:22:11.293,OnTrack,5232,5771,2057,pos,0 days 01:18:58.752000,0 days 02:17:14.264000
2024-07-07 15:22:11.532,OnTrack,5279,5715,2058,pos,0 days 01:18:58.991000,0 days 02:17:14.503000
2024-07-07 15:22:11.692,OnTrack,5305,5673,2059,pos,0 days 01:18:59.151000,0 days 02:17:14.663000
2024-07-07 15:22:11.852,OnTrack,5326,5627,2059,pos,0 days 01:18:59.311000,0 days 02:17:14.823000
2024-07-07 15:22:12.191,OnTrack,5360,5520,2060,pos,0 days 01:18:59.650000,0 days 02:17:15.162000
2024-07-07 15:22:12.392,OnTrack,5380,5412,2060,pos,0 days 01:18:59.851000,0 days 02:17:15.363000
2024-07-07 15:22:12.812,OnTrack,5390,5302,2062,pos,0 days 01:19:00.271000,0 days 02:17:15.783000
2024-07-07 15:22:12.912,OnTrack,5393,5264,2063,pos,0 days 01:19:00.371000,0 days 02:17:15.883000
2024-07-07 15:22:13.212,OnTrack,5407,5153,2065,pos,0 days 01:19:00.671000,0 days 02:17:16.183000
2024-07-07 15:22:13.492,OnTrack,5432,5052,2066,pos,0 days 01:19:00.951000,0 days 02:17:16.463000
2024-07-07 15:22:13.672,OnTrack,5464,4976,2066,pos,0 days 01:19:01.131000,0 days 02:17:16.643000
2024-07-07 15:22:14.072,OnTrack,5535,4872,2066,pos,0 days 01:19:01.531000,0 days 02:17:17.043000
2024-07-07 15:22:14.492,OnTrack,5636,4781,2065,pos,0 days 01:19:01.951000,0 days 02:17:17.463000
2024-07-07 15:22:14.872,OnTrack,5694,4748,2064,pos,0 days 01:19:02.331000,0 days 02:17:17.843000
2024-07-07 15:22:15.012,OnTrack,5727,4737,2065,pos,0 days 01:19:02.471000,0 days 02:17:17.983000
2024-07-07 15:22:15.293,OnTrack,5820,4736,2064,pos,0 days 01:19:02.752000,0 days 02:17:18.264000
2024-07-07 15:22:15.732,OnTrack,5889,4770,2063,pos,0 days 01:19:03.191000,0 days 02:17:18.703000
2024-07-07 15:22:15.853,OnTrack,5913,4787,2063,pos,0 days 01:19:03.312000,0 days 02:17:18.824000
2024-07-07 15:22:16.093,OnTrack,5957,4827,2064,pos,0 days 01:19:03.552000,0 days 02:17:19.064000
2024-07-07 15:22:16.272,OnTrack,6011,4887,2064,pos,0 days 01:19:03.731000,0 days 02:17:19.243000
2024-07-07 15:22:16.673,OnTrack,6052,4941,2065,pos,0 days 01:19:04.132000,0 days 02:17:19.644000
2024-07-07 15:22:16.913,OnTrack,6087,4993,2065,pos,0 days 01:19:04.372000,0 days 02:17:19.884000
2024-07-07 15:22:17.173,OnTrack,6125,5061,2065,pos,0 days 01:19:04.632000,0 days 02:17:20.144000
2024-07-07 15:22:17.332,OnTrack,6147,5105,2065,pos,0 days 01:19:04.791000,0 days 02:17:20.303000
2024-07-07 15:22:17.513,OnTrack,6170,5159,2065,pos,0 days 01:19:04.972000,0 days 02:17:20.484000
2024-07-07 15:22:17.713,OnTrack,6196,5223,2065,pos,0 days 01:19:05.172000,0 days 02:17:20.684000
2024-07-07 15:22:17.872,OnTrack,6215,5279,2065,pos,0 days 01:19:05.331000,0 days 02:17:20.843000
2024-07-07 15:22:18.073,OnTrack,6237,5349,2065,pos,0 days 01:19:05.532000,0 days 02:17:21.044000
2024-07-07 15:22:18.392,OnTrack,6273,5484,2065,pos,0 days 01:19:05.851000,0 days 02:17:21.363000
2024-07-07 15:22:18.552,OnTrack,6290,5555,2065,pos,0 days 01:19:06.011000,0 days 02:17:21.523000
2024-07-07 15:22:18.711,OnTrack,6305,5629,2065,pos,0 days 01:19:06.170000,0 days 02:17:21.682000
2024-07-07 15:22:18.912,OnTrack,6320,5726,2065,pos,0 days 01:19:06.371000,0 days 02:17:21.883000
2024-07-07 15:22:19.232,OnTrack,6331,5970,2064,pos,0 days 01:19:06.691000,0 days 02:17:22.203000
2024-07-07 15:22:19.572,OnTrack,6322,6098,2064,pos,0 days 01:19:07.031000,0 days 02:17:22.543000
2024-07-07 15:22:19.732,OnTrack,6308,6196,2063,pos,0 days 01:19:07.191000,0 days 02:17:22.703000
2024-07-07 15:22:20.012,OnTrack,6271,6357,2063,pos,0 days 01:19:07.471000,0 days 02:17:22.983000
2024-07-07 15:22:20.111,OnTrack,6253,6415,2063,pos,0 days 01:19:07.570000,0 days 02:17:23.082000
2024-07-07 15:22:20.412,OnTrack,6181,6587,2063,pos,0 days 01:19:07.871000,0 days 02:17:23.383000
2024-07-07 15:22:20.652,OnTrack,6073,6776,2063,pos,0 days 01:19:08.111000,0 days 02:17:23.623000
2024-07-07 15:22:21.052,OnTrack,5956,6934,2064,pos,0 days 01:19:08.511000,0 days 02:17:24.023000
2024-07-07 15:22:21.213,OnTrack,5885,7014,2064,pos,0 days 01:19:08.672000,0 days 02:17:24.184000
2024-07-07 15:22:21.493,OnTrack,5727,7163,2064,pos,0 days 01:19:08.952000,0 days 02:17:24.464000
2024-07-07 15:22:21.832,OnTrack,5565,7296,2064,pos,0 days 01:19:09.291000,0 days 02:17:24.803000
2024-07-07 15:22:22.033,OnTrack,5385,7433,2064,pos,0 days 01:19:09.492000,0 days 02:17:25.004000
2024-07-07 15:22:22.432,OnTrack,5226,7557,2064,pos,0 days 01:19:09.891000,0 days 02:17:25.403000
2024-07-07 15:22:22.673,OnTrack,5012,7733,2064,pos,0 days 01:19:10.132000,0 days 02:17:25.644000
2024-07-07 15:22:23.012,OnTrack,4907,7822,2064,pos,0 days 01:19:10.471000,0 days 02:17:25.983000
2024-07-07 15:22:23.352,OnTrack,4714,7987,2064,pos,0 days 01:19:10.811000,0 days 02:17:26.323000
2024-07-07 15:22:23.513,OnTrack,4553,8125,2065,pos,0 days 01:19:10.972000,0 days 02:17:26.484000
2024-07-07 15:22:23.812,OnTrack,4449,8214,2064,pos,0 days 01:19:11.271000,0 days 02:17:26.783000
2024-07-07 15:22:24.073,OnTrack,4297,8344,2064,pos,0 days 01:19:11.532000,0 days 02:17:27.044000
2024-07-07 15:22:24.293,OnTrack,4168,8455,2064,pos,0 days 01:19:11.752000,0 days 02:17:27.264000
2024-07-07 15:22:24.533,OnTrack,3991,8607,2063,pos,0 days 01:19:11.992000,0 days 02:17:27.504000
2024-07-07 15:22:24.852,OnTrack,3753,8814,2063,pos,0 days 01:19:12.311000,0 days 02:17:27.823000
2024-07-07 15:22:25.372,OnTrack,3442,9087,2063,pos,0 days 01:19:12.831000,0 days 02:17:28.343000
2024-07-07 15:22:25.791,OnTrack,3214,9288,2064,pos,0 days 01:19:13.250000,0 days 02:17:28.762000
2024-07-07 15:22:26.072,OnTrack,3105,9383,2063,pos,0 days 01:19:13.531000,0 days 02:17:29.043000
2024-07-07 15:22:26.392,OnTrack,2912,9552,2062,pos,0 days 01:19:13.851000,0 days 02:17:29.363000
2024-07-07 15:22:26.632,OnTrack,2688,9746,2060,pos,0 days 01:19:14.091000,0 days 02:17:29.603000
2024-07-07 15:22:26.872,OnTrack,2622,9804,2059,pos,0 days 01:19:14.331000,0 days 02:17:29.843000
2024-07-07 15:22:27.152,OnTrack,2452,9952,2057,pos,0 days 01:19:14.611000,0 days 02:17:30.123000
2024-07-07 15:22:27.452,OnTrack,2278,10107,2054,pos,0 days 01:19:14.911000,0 days 02:17:30.423000
2024-07-07 15:22:27.632,OnTrack,2115,10253,2051,pos,0 days 01:19:15.091000,0 days 02:17:30.603000
2024-07-07 15:22:28.053,OnTrack,1914,10432,2048,pos,0 days 01:19:15.512000,0 days 02:17:31.024000
2024-07-07 15:22:28.293,OnTrack,1773,10555,2046,pos,0 days 01:19:15.752000,0 days 02:17:31.264000
2024-07-07 15:22:28.452,OnTrack,1629,10671,2044,pos,0 days 01:19:15.911000,0 days 02:17:31.423000
2024-07-07 15:22:28.792,OnTrack,1479,10773,2042,pos,0 days 01:19:16.251000,0 days 02:17:31.763000
2024-07-07 15:22:29.373,OnTrack,1159,10917,2037,pos,0 days 01:19:16.832000,0 days 02:17:32.344000
2024-07-07 15:22:29.552,OnTrack,1068,10939,2036,pos,0 days 01:19:17.011000,0 days 02:17:32.523000
2024-07-07 15:22:29.912,OnTrack,814,10948,2034,pos,0 days 01:19:17.371000,0 days 02:17:32.883000
2024-07-07 15:22:30.313,OnTrack,699,10934,2033,pos,0 days 01:19:17.772000,0 days 02:17:33.284000
2024-07-07 15:22:30.553,OnTrack,599,10902,2032,pos,0 days 01:19:18.012000,0 days 02:17:33.524000
2024-07-07 15:22:30.712,OnTrack,535,10873,2032,pos,0 days 01:19:18.171000,0 days 02:17:33.683000
2024-07-07 15:22:30.873,OnTrack,480,10841,2032,pos,0 days 01:19:18.332000,0 days 02:17:33.844000
2024-07-07 15:22:31.133,OnTrack,399,10774,2032,pos,0 days 01:19:18.592000,0 days 02:17:34.104000
2024-07-07 15:22:31.292,OnTrack,353,10718,2032,pos,0 days 01:19:18.751000,0 days 02:17:34.263000
2024-07-07 15:22:31.511,OnTrack,279,10593,2033,pos,0 days 01:19:18.970000,0 days 02:17:34.482000
2024-07-07 15:22:31.832,OnTrack,243,10515,2033,pos,0 days 01:19:19.291000,0 days 02:17:34.803000
2024-07-07 15:22:32.092,OnTrack,211,10408,2033,pos,0 days 01:19:19.551000,0 days 02:17:35.063000
2024-07-07 15:22:32.272,OnTrack,199,10327,2033,pos,0 days 01:19:19.731000,0 days 02:17:35.243000
2024-07-07 15:22:32.631,OnTrack,185,10108,2034,pos,0 days 01:19:20.090000,0 days 02:17:35.602000
2024-07-07 15:22:32.852,OnTrack,182,10049,2034,pos,0 days 01:19:20.311000,0 days 02:17:35.823000
2024-07-07 15:22:33.192,OnTrack,165,9887,2036,pos,0 days 01:19:20.651000,0 days 02:17:36.163000
2024-07-07 15:22:33.252,OnTrack,160,9862,2036,pos,0 days 01:19:20.711000,0 days 02:17:36.223000
2024-07-07 15:22:33.552,OnTrack,91,9695,2038,pos,0 days 01:19:21.011000,0 days 02:17:36.523000
2024-07-07 15:22:34.052,OnTrack,-18,9567,2040,pos,0 days 01:19:21.511000,0 days 02:17:37.023000
2024-07-07 15:22:34.293,OnTrack,-70,9527,2040,pos,0 days 01:19:21.752000,0 days 02:17:37.264000
2024-07-07 15:22:34.672,OnTrack,-200,9461,2041,pos,0 days 01:19:22.131000,0 days 02:17:37.643000
2024-07-07 15:22:35.072,OnTrack,-315,9441,2041,pos,0 days 01:19:22.531000,0 days 02:17:38.043000
2024-07-07 15:22:35.153,OnTrack,-338,9441,2040,pos,0 days 01:19:22.612000,0 days 02:17:38.124000
2024-07-07 15:22:35.472,OnTrack,-436,9460,2040,pos,0 days 01:19:22.931000,0 days 02:17:38.443000
2024-07-07 15:22:35.693,OnTrack,-527,9508,2039,pos,0 days 01:19:23.152000,0 days 02:17:38.664000
2024-07-07 15:22:36.072,OnTrack,-587,9557,2038,pos,0 days 01:19:23.531000,0 days 02:17:39.043000
2024-07-07 15:22:36.312,OnTrack,-636,9612,2036,pos,0 days 01:19:23.771000,0 days 02:17:39.283000
2024-07-07 15:22:36.473,OnTrack,-665,9654,2036,pos,0 days 01:19:23.932000,0 days 02:17:39.444000
2024-07-07 15:22:36.692,OnTrack,-714,9746,2034,pos,0 days 01:19:24.151000,0 days 02:17:39.663000
2024-07-07 15:22:37.073,OnTrack,-747,9838,2033,pos,0 days 01:19:24.532000,0 days 02:17:40.044000
2024-07-07 15:22:37.313,OnTrack,-769,9945,2032,pos,0 days 01:19:24.772000,0 days 02:17:40.284000
2024-07-07 15:22:37.693,OnTrack,-776,10068,2031,pos,0 days 01:19:25.152000,0 days 02:17:40.664000
2024-07-07 15:22:37.872,OnTrack,-772,10149,2031,pos,0 days 01:19:25.331000,0 days 02:17:40.843000
2024-07-07 15:22:38.071,OnTrack,-762,10238,2031,pos,0 days 01:19:25.530000,0 days 02:17:41.042000
2024-07-07 15:22:38.272,OnTrack,-746,10330,2030,pos,0 days 01:19:25.731000,0 days 02:17:41.243000
2024-07-07 15:22:38.472,OnTrack,-723,10421,2029,pos,0 days 01:19:25.931000,0 days 02:17:41.443000
2024-07-07 15:22:38.712,OnTrack,-683,10548,2028,pos,0 days 01:19:26.171000,0 days 02:17:41.683000
2024-07-07 15:22:38.871,OnTrack,-623,10700,2025,pos,0 days 01:19:26.330000,0 days 02:17:41.842000
2024-07-07 15:22:39.232,OnTrack,-571,10813,2023,pos,0 days 01:19:26.691000,0 days 02:17:42.203000
2024-07-07 15:22:39.512,OnTrack,-497,10961,2022,pos,0 days 01:19:26.971000,0 days 02:17:42.483000
2024-07-07 15:22:39.752,OnTrack,-428,11089,2021,pos,0 days 01:19:27.211000,0 days 02:17:42.723000
2024-07-07 15:22:39.993,OnTrack,-354,11221,2021,pos,0 days 01:19:27.452000,0 days 02:17:42.964000
2024-07-07 15:22:40.212,OnTrack,-280,11341,2021,pos,0 days 01:19:27.671000,0 days 02:17:43.183000
2024-07-07 15:22:40.252,OnTrack,-266,11362,2021,pos,0 days 01:19:27.711000,0 days 02:17:43.223000
2024-07-07 15:22:40.612,OnTrack,-106,11582,2021,pos,0 days 01:19:28.071000,0 days 02:17:43.583000
2024-07-07 15:22:40.912,OnTrack,2,11712,2021,pos,0 days 01:19:28.371000,0 days 02:17:43.883000
2024-07-07 15:22:41.252,OnTrack,165,11884,2023,pos,0 days 01:19:28.711000,0 days 02:17:44.223000
2024-07-07 15:22:41.432,OnTrack,256,11972,2024,pos,0 days 01:19:28.891000,0 days 02:17:44.403000
2024-07-07 15:22:41.592,OnTrack,341,12049,2024,pos,0 days 01:19:29.051000,0 days 02:17:44.563000
2024-07-07 15:22:41.812,OnTrack,531,12203,2024,pos,0 days 01:19:29.271000,0 days 02:17:44.783000
2024-07-07 15:22:42.213,OnTrack,700,12321,2024,pos,0 days 01:19:29.672000,0 days 02:17:45.184000
2024-07-07 15:22:42.412,OnTrack,827,12395,2024,pos,0 days 01:19:29.871000,0 days 02:17:45.383000
2024-07-07 15:22:42.612,OnTrack,962,12462,2025,pos,0 days 01:19:30.071000,0 days 02:17:45.583000
2024-07-07 15:22:42.832,OnTrack,1115,12528,2025,pos,0 days 01:19:30.291000,0 days 02:17:45.803000
2024-07-07 15:22:43.053,OnTrack,1272,12586,2025,pos,0 days 01:19:30.512000,0 days 02:17:46.024000
2024-07-07 15:22:43.293,OnTrack,1448,12642,2025,pos,0 days 01:19:30.752000,0 days 02:17:46.264000
2024-07-07 15:22:43.373,OnTrack,1507,12658,2025,pos,0 days 01:19:30.832000,0 days 02:17:46.344000
2024-07-07 15:22:43.633,OnTrack,1703,12706,2026,pos,0 days 01:19:31.092000,0 days 02:17:46.604000
2024-07-07 15:22:43.913,OnTrack,1918,12748,2027,pos,0 days 01:19:31.372000,0 days 02:17:46.884000
2024-07-07 15:22:44.133,OnTrack,2121,12778,2029,pos,0 days 01:19:31.592000,0 days 02:17:47.104000
2024-07-07 15:22:44.332,OnTrack,2279,12797,2030,pos,0 days 01:19:31.791000,0 days 02:17:47.303000
2024-07-07 15:22:44.413,OnTrack,2342,12804,2030,pos,0 days 01:19:31.872000,0 days 02:17:47.384000
2024-07-07 15:22:44.732,OnTrack,2709,12843,2033,pos,0 days 01:19:32.191000,0 days 02:17:47.703000
2024-07-07 15:22:45.072,OnTrack,2869,12860,2035,pos,0 days 01:19:32.531000,0 days 02:17:48.043000
2024-07-07 15:22:45.272,OnTrack,3030,12875,2036,pos,0 days 01:19:32.731000,0 days 02:17:48.243000
2024-07-07 15:22:45.552,OnTrack,3255,12899,2038,pos,0 days 01:19:33.011000,0 days 02:17:48.523000
2024-07-07 15:22:45.732,OnTrack,3399,12915,2039,pos,0 days 01:19:33.191000,0 days 02:17:48.703000
2024-07-07 15:22:45.951,OnTrack,3649,12943,2041,pos,0 days 01:19:33.410000,0 days 02:17:48.922000
2024-07-07 15:22:46.372,OnTrack,3914,12972,2042,pos,0 days 01:19:33.831000,0 days 02:17:49.343000
2024-07-07 15:22:46.572,OnTrack,4067,12990,2043,pos,0 days 01:19:34.031000,0 days 02:17:49.543000
2024-07-07 15:22:46.832,OnTrack,4285,13019,2044,pos,0 days 01:19:34.291000,0 days 02:17:49.803000
2024-07-07 15:22:47.073,OnTrack,4541,13053,2046,pos,0 days 01:19:34.532000,0 days 02:17:50.044000
2024-07-07 15:22:47.292,OnTrack,4653,13067,2047,pos,0 days 01:19:34.751000,0 days 02:17:50.263000
2024-07-07 15:22:47.552,OnTrack,4861,13091,2048,pos,0 days 01:19:35.011000,0 days 02:17:50.523000
2024-07-07 15:22:47.872,OnTrack,5163,13114,2049,pos,0 days 01:19:35.331000,0 days 02:17:50.843000
2024-07-07 15:22:48.213,OnTrack,5381,13105,2050,pos,0 days 01:19:35.672000,0 days 02:17:51.184000
2024-07-07 15:22:48.372,OnTrack,5504,13084,2051,pos,0 days 01:19:35.831000,0 days 02:17:51.343000
2024-07-07 15:22:48.652,OnTrack,5714,13024,2052,pos,0 days 01:19:36.111000,0 days 02:17:51.623000
2024-07-07 15:22:48.892,OnTrack,5881,12948,2053,pos,0 days 01:19:36.351000,0 days 02:17:51.863000
2024-07-07 15:22:49.053,OnTrack,6050,12840,2054,pos,0 days 01:19:36.512000,0 days 02:17:52.024000
2024-07-07 15:22:49.452,OnTrack,6224,12693,2055,pos,0 days 01:19:36.911000,0 days 02:17:52.423000
2024-07-07 15:22:49.593,OnTrack,6290,12623,2055,pos,0 days 01:19:37.052000,0 days 02:17:52.564000
2024-07-07 15:22:49.932,OnTrack,6458,12365,2057,pos,0 days 01:19:37.391000,0 days 02:17:52.903000
2024-07-07 15:22:50.193,OnTrack,6522,12228,2058,pos,0 days 01:19:37.652000,0 days 02:17:53.164000
2024-07-07 15:22:50.493,OnTrack,6604,12017,2059,pos,0 days 01:19:37.952000,0 days 02:17:53.464000
2024-07-07 15:22:50.733,OnTrack,6658,11843,2061,pos,0 days 01:19:38.192000,0 days 02:17:53.704000
2024-07-07 15:22:50.953,OnTrack,6718,11623,2063,pos,0 days 01:19:38.412000,0 days 02:17:53.924000
2024-07-07 15:22:51.332,OnTrack,6771,11401,2064,pos,0 days 01:19:38.791000,0 days 02:17:54.303000
2024-07-07 15:22:51.432,OnTrack,6788,11326,2065,pos,0 days 01:19:38.891000,0 days 02:17:54.403000
2024-07-07 15:22:51.752,OnTrack,6836,11084,2066,pos,0 days 01:19:39.211000,0 days 02:17:54.723000
2024-07-07 15:22:51.951,OnTrack,6863,10931,2068,pos,0 days 01:19:39.410000,0 days 02:17:54.922000
2024-07-07 15:22:52.192,OnTrack,6890,10746,2069,pos,0 days 01:19:39.651000,0 days 02:17:55.163000
2024-07-07 15:22:52.352,OnTrack,6907,10622,2070,pos,0 days 01:19:39.811000,0 days 02:17:55.323000
2024-07-07 15:22:52.452,OnTrack,6916,10544,2071,pos,0 days 01:19:39.911000,0 days 02:17:55.423000
2024-07-07 15:22:52.732,OnTrack,6940,10324,2072,pos,0 days 01:19:40.191000,0 days 02:17:55.703000
2024-07-07 15:22:52.892,OnTrack,6951,10198,2073,pos,0 days 01:19:40.351000,0 days 02:17:55.863000
2024-07-07 15:22:53.272,OnTrack,6971,9895,2074,pos,0 days 01:19:40.731000,0 days 02:17:56.243000
2024-07-07 15:22:53.452,OnTrack,6977,9751,2075,pos,0 days 01:19:40.911000,0 days 02:17:56.423000
2024-07-07 15:22:53.613,OnTrack,6982,9525,2075,pos,0 days 01:19:41.072000,0 days 02:17:56.584000
2024-07-07 15:22:53.972,OnTrack,6986,9331,2074,pos,0 days 01:19:41.431000,0 days 02:17:56.943000
2024-07-07 15:22:54.153,OnTrack,6992,9184,2074,pos,0 days 01:19:41.612000,0 days 02:17:57.124000
2024-07-07 15:22:54.453,OnTrack,7005,8955,2073,pos,0 days 01:19:41.912000,0 days 02:17:57.424000
2024-07-07 15:22:54.652,OnTrack,7033,8720,2071,pos,0 days 01:19:42.111000,0 days 02:17:57.623000
2024-07-07 15:22:55.072,OnTrack,7082,8454,2070,pos,0 days 01:19:42.531000,0 days 02:17:58.043000
2024-07-07 15:22:55.253,OnTrack,7146,8198,2068,pos,0 days 01:19:42.712000,0 days 02:17:58.224000
2024-07-07 15:22:55.732,OnTrack,7244,7884,2064,pos,0 days 01:19:43.191000,0 days 02:17:58.703000
2024-07-07 15:22:56.053,OnTrack,7321,7684,2061,pos,0 days 01:19:43.512000,0 days 02:17:59.024000
2024-07-07 15:22:56.232,OnTrack,7377,7546,2060,pos,0 days 01:19:43.691000,0 days 02:17:59.203000
2024-07-07 15:22:56.572,OnTrack,7473,7286,2059,pos,0 days 01:19:44.031000,0 days 02:17:59.543000
2024-07-07 15:22:56.633,OnTrack,7487,7240,2058,pos,0 days 01:19:44.092000,0 days 02:17:59.604000
2024-07-07 15:22:56.832,OnTrack,7523,7088,2058,pos,0 days 01:19:44.291000,0 days 02:17:59.803000
2024-07-07 15:22:57.193,OnTrack,7535,6809,2058,pos,0 days 01:19:44.652000,0 days 02:18:00.164000
2024-07-07 15:22:57.413,OnTrack,7490,6523,2059,pos,0 days 01:19:44.872000,0 days 02:18:00.384000
2024-07-07 15:22:57.812,OnTrack,7415,6219,2061,pos,0 days 01:19:45.271000,0 days 02:18:00.783000
2024-07-07 15:22:58.232,OnTrack,7365,6009,2062,pos,0 days 01:19:45.691000,0 days 02:18:01.203000
2024-07-07 15:22:58.432,OnTrack,7338,5859,2063,pos,0 days 01:19:45.891000,0 days 02:18:01.403000
2024-07-07 15:22:58.672,OnTrack,7319,5683,2063,pos,0 days 01:19:46.131000,0 days 02:18:01.643000
2024-07-07 15:22:58.852,OnTrack,7317,5562,2062,pos,0 days 01:19:46.311000,0 days 02:18:01.823000
2024-07-07 15:22:59.031,OnTrack,7349,5352,2062,pos,0 days 01:19:46.490000,0 days 02:18:02.002000
2024-07-07 15:22:59.432,OnTrack,7415,5171,2060,pos,0 days 01:19:46.891000,0 days 02:18:02.403000
2024-07-07 15:22:59.692,OnTrack,7499,5012,2058,pos,0 days 01:19:47.151000,0 days 02:18:02.663000
2024-07-07 15:22:59.932,OnTrack,7632,4792,2054,pos,0 days 01:19:47.391000,0 days 02:18:02.903000
2024-07-07 15:23:00.172,OnTrack,7664,4735,2053,pos,0 days 01:19:47.631000,0 days 02:18:03.143000
2024-07-07 15:23:00.452,OnTrack,7734,4583,2051,pos,0 days 01:19:47.911000,0 days 02:18:03.423000
2024-07-07 15:23:00.693,OnTrack,7781,4406,2049,pos,0 days 01:19:48.152000,0 days 02:18:03.664000
2024-07-07 15:23:01.052,OnTrack,7788,4248,2046,pos,0 days 01:19:48.511000,0 days 02:18:04.023000
2024-07-07 15:23:01.273,OnTrack,7770,4122,2044,pos,0 days 01:19:48.732000,0 days 02:18:04.244000
2024-07-07 15:23:01.572,OnTrack,7721,3959,2041,pos,0 days 01:19:49.031000,0 days 02:18:04.543000
2024-07-07 15:23:01.752,OnTrack,7643,3798,2040,pos,0 days 01:19:49.211000,0 days 02:18:04.723000
2024-07-07 15:23:02.152,OnTrack,7543,3653,2038,pos,0 days 01:19:49.611000,0 days 02:18:05.123000
2024-07-07 15:23:02.393,OnTrack,7402,3516,2036,pos,0 days 01:19:49.852000,0 days 02:18:05.364000
2024-07-07 15:23:02.732,OnTrack,7192,3386,2033,pos,0 days 01:19:50.191000,0 days 02:18:05.703000
2024-07-07 15:23:03.072,OnTrack,7061,3319,2031,pos,0 days 01:19:50.531000,0 days 02:18:06.043000
2024-07-07 15:23:03.413,OnTrack,6849,3185,2029,pos,0 days 01:19:50.872000,0 days 02:18:06.384000
2024-07-07 15:23:03.673,OnTrack,6735,3084,2028,pos,0 days 01:19:51.132000,0 days 02:18:06.644000
2024-07-07 15:23:04.013,OnTrack,6569,2911,2028,pos,0 days 01:19:51.472000,0 days 02:18:06.984000
2024-07-07 15:23:04.252,OnTrack,6424,2737,2027,pos,0 days 01:19:51.711000,0 days 02:18:07.223000
2024-07-07 15:23:04.632,OnTrack,6300,2558,2026,pos,0 days 01:19:52.091000,0 days 02:18:07.603000
2024-07-07 15:23:04.711,OnTrack,6270,2509,2026,pos,0 days 01:19:52.170000,0 days 02:18:07.682000
2024-07-07 15:23:04.971,OnTrack,6121,2244,2025,pos,0 days 01:19:52.430000,0 days 02:18:07.942000
2024-07-07 15:23:05.412,OnTrack,6020,2044,2025,pos,0 days 01:19:52.871000,0 days 02:18:08.383000
2024-07-07 15:23:05.692,OnTrack,5927,1855,2024,pos,0 days 01:19:53.151000,0 days 02:18:08.663000
2024-07-07 15:23:05.831,OnTrack,5834,1663,2023,pos,0 days 01:19:53.290000,0 days 02:18:08.802000
2024-07-07 15:23:06.212,OnTrack,5754,1497,2023,pos,0 days 01:19:53.671000,0 days 02:18:09.183000
2024-07-07 15:23:06.372,OnTrack,5700,1386,2022,pos,0 days 01:19:53.831000,0 days 02:18:09.343000
2024-07-07 15:23:06.572,OnTrack,5633,1246,2021,pos,0 days 01:19:54.031000,0 days 02:18:09.543000
2024-07-07 15:23:06.792,OnTrack,5560,1091,2020,pos,0 days 01:19:54.251000,0 days 02:18:09.763000
2024-07-07 15:23:07.112,OnTrack,5417,792,2018,pos,0 days 01:19:54.571000,0 days 02:18:10.083000
2024-07-07 15:23:07.472,OnTrack,5328,606,2017,pos,0 days 01:19:54.931000,0 days 02:18:10.443000
2024-07-07 15:23:07.672,OnTrack,5258,463,2016,pos,0 days 01:19:55.131000,0 days 02:18:10.643000
2024-07-07 15:23:07.932,OnTrack,5126,189,2013,pos,0 days 01:19:55.391000,0 days 02:18:10.903000
2024-07-07 15:23:08.313,OnTrack,5034,0,2012,pos,0 days 01:19:55.772000,0 days 02:18:11.284000
2024-07-07 15:23:08.492,OnTrack,4971,-130,2011,pos,0 days 01:19:55.951000,0 days 02:18:11.463000
2024-07-07 15:23:08.772,OnTrack,4837,-409,2009,pos,0 days 01:19:56.231000,0 days 02:18:11.743000
2024-07-07 15:23:09.173,OnTrack,4689,-718,2008,pos,0 days 01:19:56.632000,0 days 02:18:12.144000
2024-07-07 15:23:09.433,OnTrack,4639,-821,2007,pos,0 days 01:19:56.892000,0 days 02:18:12.404000
2024-07-07 15:23:09.693,OnTrack,4546,-1013,2006,pos,0 days 01:19:57.152000,0 days 02:18:12.664000
2024-07-07 15:23:09.953,OnTrack,4409,-1293,2003,pos,0 days 01:19:57.412000,0 days 02:18:12.924000
2024-07-07 15:23:10.392,OnTrack,4256,-1602,1999,pos,0 days 01:19:57.851000,0 days 02:18:13.363000
2024-07-07 15:23:10.813,OnTrack,4139,-1837,1996,pos,0 days 01:19:58.272000,0 days 02:18:13.784000
2024-07-07 15:23:11.012,OnTrack,4066,-1984,1995,pos,0 days 01:19:58.471000,0 days 02:18:13.983000
2024-07-07 15:23:11.212,OnTrack,3954,-2202,1994,pos,0 days 01:19:58.671000,0 days 02:18:14.183000
2024-07-07 15:23:11.652,OnTrack,3828,-2445,1994,pos,0 days 01:19:59.111000,0 days 02:18:14.623000
2024-07-07 15:23:11.732,OnTrack,3798,-2503,1994,pos,0 days 01:19:59.191000,0 days 02:18:14.703000
2024-07-07 15:23:11.912,OnTrack,3734,-2624,1995,pos,0 days 01:19:59.371000,0 days 02:18:14.883000
2024-07-07 15:23:12.212,OnTrack,3619,-2838,1998,pos,0 days 01:19:59.671000,0 days 02:18:15.183000
2024-07-07 15:23:12.392,OnTrack,3549,-2965,2000,pos,0 days 01:19:59.851000,0 days 02:18:15.363000
2024-07-07 15:23:12.572,OnTrack,3478,-3090,2003,pos,0 days 01:20:00.031000,0 days 02:18:15.543000
2024-07-07 15:23:12.892,OnTrack,3348,-3309,2007,pos,0 days 01:20:00.351000,0 days 02:18:15.863000
2024-07-07 15:23:13.092,OnTrack,3199,-3530,2012,pos,0 days 01:20:00.551000,0 days 02:18:16.063000
2024-07-07 15:23:13.372,OnTrack,3132,-3616,2014,pos,0 days 01:20:00.831000,0 days 02:18:16.343000
2024-07-07 15:23:13.592,OnTrack,3022,-3744,2017,pos,0 days 01:20:01.051000,0 days 02:18:16.563000
2024-07-07 15:23:13.852,OnTrack,2845,-3904,2021,pos,0 days 01:20:01.311000,0 days 02:18:16.823000
2024-07-07 15:23:14.313,OnTrack,2602,-4040,2026,pos,0 days 01:20:01.772000,0 days 02:18:17.284000
2024-07-07 15:23:14.712,OnTrack,2404,-4101,2029,pos,0 days 01:20:02.171000,0 days 02:18:17.683000
2024-07-07 15:23:14.873,OnTrack,2308,-4114,2030,pos,0 days 01:20:02.332000,0 days 02:18:17.844000
2024-07-07 15:23:15.052,OnTrack,2199,-4116,2031,pos,0 days 01:20:02.511000,0 days 02:18:18.023000
2024-07-07 15:23:15.332,OnTrack,2006,-4085,2033,pos,0 days 01:20:02.791000,0 days 02:18:18.303000
2024-07-07 15:23:15.673,OnTrack,1831,-4021,2033,pos,0 days 01:20:03.132000,0 days 02:18:18.644000
2024-07-07 15:23:15.832,OnTrack,1742,-3972,2033,pos,0 days 01:20:03.291000,0 days 02:18:18.803000
2024-07-07 15:23:16.193,OnTrack,1557,-3831,2031,pos,0 days 01:20:03.652000,0 days 02:18:19.164000
2024-07-07 15:23:16.352,OnTrack,1482,-3756,2031,pos,0 days 01:20:03.811000,0 days 02:18:19.323000
2024-07-07 15:23:16.533,OnTrack,1405,-3665,2029,pos,0 days 01:20:03.992000,0 days 02:18:19.504000
2024-07-07 15:23:16.793,OnTrack,1304,-3521,2027,pos,0 days 01:20:04.252000,0 days 02:18:19.764000
2024-07-07 15:23:16.992,OnTrack,1195,-3329,2022,pos,0 days 01:20:04.451000,0 days 02:18:19.963000
2024-07-07 15:23:17.393,OnTrack,1104,-3156,2016,pos,0 days 01:20:04.852000,0 days 02:18:20.364000
2024-07-07 15:23:17.572,OnTrack,1043,-3045,2012,pos,0 days 01:20:05.031000,0 days 02:18:20.543000
2024-07-07 15:23:17.832,OnTrack,948,-2886,2005,pos,0 days 01:20:05.291000,0 days 02:18:20.803000
2024-07-07 15:23:17.952,OnTrack,900,-2814,2001,pos,0 days 01:20:05.411000,0 days 02:18:20.923000
2024-07-07 15:23:18.172,OnTrack,746,-2599,1991,pos,0 days 01:20:05.631000,0 days 02:18:21.143000
2024-07-07 15:23:18.512,OnTrack,658,-2481,1988,pos,0 days 01:20:05.971000,0 days 02:18:21.483000
2024-07-07 15:23:18.712,OnTrack,570,-2361,1985,pos,0 days 01:20:06.171000,0 days 02:18:21.683000
2024-07-07 15:23:18.891,OnTrack,490,-2254,1984,pos,0 days 01:20:06.350000,0 days 02:18:21.862000
2024-07-07 15:23:19.132,OnTrack,369,-2092,1985,pos,0 days 01:20:06.591000,0 days 02:18:22.103000
2024-07-07 15:23:19.453,OnTrack,222,-1904,1986,pos,0 days 01:20:06.912000,0 days 02:18:22.424000
2024-07-07 15:23:19.733,OnTrack,70,-1721,1986,pos,0 days 01:20:07.192000,0 days 02:18:22.704000
2024-07-07 15:23:20.072,OnTrack,-123,-1500,1985,pos,0 days 01:20:07.531000,0 days 02:18:23.043000
2024-07-07 15:23:20.432,OnTrack,-240,-1369,1983,pos,0 days 01:20:07.891000,0 days 02:18:23.403000
2024-07-07 15:23:20.652,OnTrack,-327,-1270,1981,pos,0 days 01:20:08.111000,0 days 02:18:23.623000
2024-07-07 15:23:20.853,OnTrack,-399,-1191,1980,pos,0 days 01:20:08.312000,0 days 02:18:23.824000
2024-07-07 15:23:21.192,OnTrack,-504,-1082,1977,pos,0 days 01:20:08.651000,0 days 02:18:24.163000
2024-07-07 15:23:21.352,OnTrack,-578,-1021,1976,pos,0 days 01:20:08.811000,0 days 02:18:24.323000
2024-07-07 15:23:21.673,OnTrack,-649,-976,1976,pos,0 days 01:20:09.132000,0 days 02:18:24.644000
2024-07-07 15:23:21.852,OnTrack,-703,-950,1975,pos,0 days 01:20:09.311000,0 days 02:18:24.823000
2024-07-07 15:23:22.052,OnTrack,-763,-928,1976,pos,0 days 01:20:09.511000,0 days 02:18:25.023000
2024-07-07 15:23:22.432,OnTrack,-913,-912,1976,pos,0 days 01:20:09.891000,0 days 02:18:25.403000
2024-07-07 15:23:22.773,OnTrack,-975,-918,1977,pos,0 days 01:20:10.232000,0 days 02:18:25.744000
2024-07-07 15:23:23.053,OnTrack,-1057,-945,1978,pos,0 days 01:20:10.512000,0 days 02:18:26.024000
2024-07-07 15:23:23.373,OnTrack,-1165,-1013,1980,pos,0 days 01:20:10.832000,0 days 02:18:26.344000
2024-07-07 15:23:23.873,OnTrack,-1265,-1090,1981,pos,0 days 01:20:11.332000,0 days 02:18:26.844000
2024-07-07 15:23:23.893,OnTrack,-1270,-1094,1981,pos,0 days 01:20:11.352000,0 days 02:18:26.864000
2024-07-07 15:23:24.232,OnTrack,-1410,-1163,1981,pos,0 days 01:20:11.691000,0 days 02:18:27.203000
2024-07-07 15:23:24.632,OnTrack,-1493,-1173,1981,pos,0 days 01:20:12.091000,0 days 02:18:27.603000
2024-07-07 15:23:24.851,OnTrack,-1566,-1164,1980,pos,0 days 01:20:12.310000,0 days 02:18:27.822000
2024-07-07 15:23:24.972,OnTrack,-1606,-1154,1980,pos,0 days 01:20:12.431000,0 days 02:18:27.943000
2024-07-07 15:23:25.292,OnTrack,-1712,-1117,1978,pos,0 days 01:20:12.751000,0 days 02:18:28.263000
2024-07-07 15:23:25.492,OnTrack,-1777,-1084,1978,pos,0 days 01:20:12.951000,0 days 02:18:28.463000
2024-07-07 15:23:25.712,OnTrack,-1847,-1039,1977,pos,0 days 01:20:13.171000,0 days 02:18:28.683000
2024-07-07 15:23:25.932,OnTrack,-1912,-983,1976,pos,0 days 01:20:13.391000,0 days 02:18:28.903000
2024-07-07 15:23:26.112,OnTrack,-1995,-888,1975,pos,0 days 01:20:13.571000,0 days 02:18:29.083000
2024-07-07 15:23:26.553,OnTrack,-2119,-728,1974,pos,0 days 01:20:14.012000,0 days 02:18:29.524000
2024-07-07 15:23:26.792,OnTrack,-2149,-678,1974,pos,0 days 01:20:14.251000,0 days 02:18:29.763000
2024-07-07 15:23:27.093,OnTrack,-2251,-443,1973,pos,0 days 01:20:14.552000,0 days 02:18:30.064000
2024-07-07 15:23:27.532,OnTrack,-2293,-272,1970,pos,0 days 01:20:14.991000,0 days 02:18:30.503000
2024-07-07 15:23:27.752,OnTrack,-2308,-152,1969,pos,0 days 01:20:15.211000,0 days 02:18:30.723000
2024-07-07 15:23:27.972,OnTrack,-2314,-16,1967,pos,0 days 01:20:15.431000,0 days 02:18:30.943000
2024-07-07 15:23:28.213,OnTrack,-2298,190,1966,pos,0 days 01:20:15.672000,0 days 02:18:31.184000
2024-07-07 15:23:28.612,OnTrack,-2251,398,1963,pos,0 days 01:20:16.071000,0 days 02:18:31.583000
2024-07-07 15:23:28.872,OnTrack,-2199,533,1963,pos,0 days 01:20:16.331000,0 days 02:18:31.843000
2024-07-07 15:23:29.212,OnTrack,-2093,734,1962,pos,0 days 01:20:16.671000,0 days 02:18:32.183000
2024-07-07 15:23:29.392,OnTrack,-2033,827,1962,pos,0 days 01:20:16.851000,0 days 02:18:32.363000
2024-07-07 15:23:29.593,OnTrack,-1950,943,1962,pos,0 days 01:20:17.052000,0 days 02:18:32.564000
2024-07-07 15:23:29.772,OnTrack,-1877,1045,1963,pos,0 days 01:20:17.231000,0 days 02:18:32.743000
2024-07-07 15:23:29.992,OnTrack,-1750,1218,1963,pos,0 days 01:20:17.451000,0 days 02:18:32.963000
2024-07-07 15:23:30.373,OnTrack,-1619,1388,1964,pos,0 days 01:20:17.832000,0 days 02:18:33.344000
2024-07-07 15:23:30.571,OnTrack,-1528,1502,1965,pos,0 days 01:20:18.030000,0 days 02:18:33.542000
2024-07-07 15:23:30.892,OnTrack,-1382,1687,1967,pos,0 days 01:20:18.351000,0 days 02:18:33.863000
2024-07-07 15:23:31.052,OnTrack,-1311,1783,1968,pos,0 days 01:20:18.511000,0 days 02:18:34.023000
2024-07-07 15:23:31.131,OnTrack,-1280,1825,1969,pos,0 days 01:20:18.590000,0 days 02:18:34.102000
2024-07-07 15:23:31.432,OnTrack,-1079,2102,1972,pos,0 days 01:20:18.891000,0 days 02:18:34.403000
2024-07-07 15:23:31.892,OnTrack,-933,2302,1975,pos,0 days 01:20:19.351000,0 days 02:18:34.863000
2024-07-07 15:23:32.072,OnTrack,-851,2415,1977,pos,0 days 01:20:19.531000,0 days 02:18:35.043000
2024-07-07 15:23:32.252,OnTrack,-768,2529,1979,pos,0 days 01:20:19.711000,0 days 02:18:35.223000
2024-07-07 15:23:32.432,OnTrack,-685,2644,1981,pos,0 days 01:20:19.891000,0 days 02:18:35.403000
2024-07-07 15:23:32.672,OnTrack,-576,2800,1984,pos,0 days 01:20:20.131000,0 days 02:18:35.643000
2024-07-07 15:23:32.872,OnTrack,-486,2932,1986,pos,0 days 01:20:20.331000,0 days 02:18:35.843000
2024-07-07 15:23:33.152,OnTrack,-361,3118,1989,pos,0 days 01:20:20.611000,0 days 02:18:36.123000
2024-07-07 15:23:33.333,OnTrack,-281,3240,1991,pos,0 days 01:20:20.792000,0 days 02:18:36.304000
2024-07-07 15:23:33.532,OnTrack,-135,3455,1995,pos,0 days 01:20:20.991000,0 days 02:18:36.503000
2024-07-07 15:23:33.952,OnTrack,8,3653,1998,pos,0 days 01:20:21.411000,0 days 02:18:36.923000
2024-07-07 15:23:34.193,OnTrack,158,3847,2002,pos,0 days 01:20:21.652000,0 days 02:18:37.164000
2024-07-07 15:23:34.572,OnTrack,394,4109,2009,pos,0 days 01:20:22.031000,0 days 02:18:37.543000
2024-07-07 15:23:34.952,OnTrack,545,4245,2011,pos,0 days 01:20:22.411000,0 days 02:18:37.923000
2024-07-07 15:23:35.053,OnTrack,616,4297,2012,pos,0 days 01:20:22.512000,0 days 02:18:38.024000
2024-07-07 15:23:35.372,OnTrack,906,4441,2014,pos,0 days 01:20:22.831000,0 days 02:18:38.343000
2024-07-07 15:23:35.813,OnTrack,1300,4515,2017,pos,0 days 01:20:23.272000,0 days 02:18:38.784000
2024-07-07 15:23:36.252,OnTrack,1653,4515,2021,pos,0 days 01:20:23.711000,0 days 02:18:39.223000
2024-07-07 15:23:36.532,OnTrack,1783,4503,2023,pos,0 days 01:20:23.991000,0 days 02:18:39.503000
2024-07-07 15:23:36.772,OnTrack,1978,4477,2025,pos,0 days 01:20:24.231000,0 days 02:18:39.743000
2024-07-07 15:23:37.072,OnTrack,2221,4448,2027,pos,0 days 01:20:24.531000,0 days 02:18:40.043000
2024-07-07 15:23:37.252,OnTrack,2359,4440,2029,pos,0 days 01:20:24.711000,0 days 02:18:40.223000
2024-07-07 15:23:37.472,OnTrack,2612,4443,2032,pos,0 days 01:20:24.931000,0 days 02:18:40.443000
2024-07-07 15:23:37.911,OnTrack,2923,4495,2037,pos,0 days 01:20:25.370000,0 days 02:18:40.882000
2024-07-07 15:23:38.072,OnTrack,3139,4571,2040,pos,0 days 01:20:25.531000,0 days 02:18:41.043000
2024-07-07 15:23:38.592,OnTrack,3513,4795,2047,pos,0 days 01:20:26.051000,0 days 02:18:41.563000
2024-07-07 15:23:38.852,OnTrack,3589,4856,2048,pos,0 days 01:20:26.311000,0 days 02:18:41.823000
2024-07-07 15:23:39.072,OnTrack,3720,4974,2049,pos,0 days 01:20:26.531000,0 days 02:18:42.043000
2024-07-07 15:23:39.372,OnTrack,3889,5145,2050,pos,0 days 01:20:26.831000,0 days 02:18:42.343000
2024-07-07 15:23:39.572,OnTrack,4069,5322,2051,pos,0 days 01:20:27.031000,0 days 02:18:42.543000
2024-07-07 15:23:39.932,OnTrack,4195,5441,2052,pos,0 days 01:20:27.391000,0 days 02:18:42.903000
2024-07-07 15:23:40.212,OnTrack,4334,5566,2053,pos,0 days 01:20:27.671000,0 days 02:18:43.183000
2024-07-07 15:23:40.372,OnTrack,4411,5631,2054,pos,0 days 01:20:27.831000,0 days 02:18:43.343000
2024-07-07 15:23:40.532,OnTrack,4477,5686,2054,pos,0 days 01:20:27.991000,0 days 02:18:43.503000
2024-07-07 15:23:40.852,OnTrack,4599,5784,2055,pos,0 days 01:20:28.311000,0 days 02:18:43.823000
2024-07-07 15:23:40.932,OnTrack,4629,5806,2055,pos,0 days 01:20:28.391000,0 days 02:18:43.903000
2024-07-07 15:23:41.212,OnTrack,4719,5859,2055,pos,0 days 01:20:28.671000,0 days 02:18:44.183000
2024-07-07 15:23:41.472,OnTrack,4809,5890,2054,pos,0 days 01:20:28.931000,0 days 02:18:44.443000
2024-07-07 15:23:41.672,OnTrack,4876,5899,2053,pos,0 days 01:20:29.131000,0 days 02:18:44.643000
2024-07-07 15:23:41.912,OnTrack,4954,5899,2053,pos,0 days 01:20:29.371000,0 days 02:18:44.883000
2024-07-07 15:23:42.073,OnTrack,5032,5886,2053,pos,0 days 01:20:29.532000,0 days 02:18:45.044000
2024-07-07 15:23:42.413,OnTrack,5099,5863,2054,pos,0 days 01:20:29.872000,0 days 02:18:45.384000
2024-07-07 15:23:42.693,OnTrack,5167,5824,2055,pos,0 days 01:20:30.152000,0 days 02:18:45.664000
2024-07-07 15:23:42.933,OnTrack,5243,5759,2057,pos,0 days 01:20:30.392000,0 days 02:18:45.904000
2024-07-07 15:23:43.352,OnTrack,5312,5657,2059,pos,0 days 01:20:30.811000,0 days 02:18:46.323000
2024-07-07 15:23:43.772,OnTrack,5349,5561,2059,pos,0 days 01:20:31.231000,0 days 02:18:46.743000
2024-07-07 15:23:44.211,OnTrack,5376,5441,2060,pos,0 days 01:20:31.670000,0 days 02:18:47.182000
2024-07-07 15:23:44.272,OnTrack,5378,5421,2060,pos,0 days 01:20:31.731000,0 days 02:18:47.243000
2024-07-07 15:23:44.552,OnTrack,5392,5278,2063,pos,0 days 01:20:32.011000,0 days 02:18:47.523000
2024-07-07 15:23:44.992,OnTrack,5406,5162,2065,pos,0 days 01:20:32.451000,0 days 02:18:47.963000
2024-07-07 15:23:45.072,OnTrack,5411,5132,2065,pos,0 days 01:20:32.531000,0 days 02:18:48.043000
2024-07-07 15:23:45.452,OnTrack,5449,5008,2066,pos,0 days 01:20:32.911000,0 days 02:18:48.423000
2024-07-07 15:23:45.632,OnTrack,5492,4928,2066,pos,0 days 01:20:33.091000,0 days 02:18:48.603000
2024-07-07 15:23:46.052,OnTrack,5550,4856,2065,pos,0 days 01:20:33.511000,0 days 02:18:49.023000
2024-07-07 15:23:46.092,OnTrack,5558,4848,2065,pos,0 days 01:20:33.551000,0 days 02:18:49.063000
2024-07-07 15:23:46.332,OnTrack,5605,4805,2065,pos,0 days 01:20:33.791000,0 days 02:18:49.303000
2024-07-07 15:23:46.532,OnTrack,5646,4775,2064,pos,0 days 01:20:33.991000,0 days 02:18:49.503000
2024-07-07 15:23:46.772,OnTrack,5695,4749,2064,pos,0 days 01:20:34.231000,0 days 02:18:49.743000
2024-07-07 15:23:46.932,OnTrack,5732,4735,2065,pos,0 days 01:20:34.391000,0 days 02:18:49.903000
2024-07-07 15:23:47.152,OnTrack,5781,4730,2064,pos,0 days 01:20:34.611000,0 days 02:18:50.123000
2024-07-07 15:23:47.412,OnTrack,5839,4743,2064,pos,0 days 01:20:34.871000,0 days 02:18:50.383000
2024-07-07 15:23:47.692,OnTrack,5896,4775,2063,pos,0 days 01:20:35.151000,0 days 02:18:50.663000
2024-07-07 15:23:47.852,OnTrack,5927,4799,2064,pos,0 days 01:20:35.311000,0 days 02:18:50.823000
2024-07-07 15:23:48.053,OnTrack,5962,4832,2064,pos,0 days 01:20:35.512000,0 days 02:18:51.024000
2024-07-07 15:23:48.333,OnTrack,6008,4883,2064,pos,0 days 01:20:35.792000,0 days 02:18:51.304000
2024-07-07 15:23:48.512,OnTrack,6039,4923,2065,pos,0 days 01:20:35.971000,0 days 02:18:51.483000
2024-07-07 15:23:48.673,OnTrack,6063,4957,2065,pos,0 days 01:20:36.132000,0 days 02:18:51.644000
2024-07-07 15:23:48.853,OnTrack,6093,5003,2065,pos,0 days 01:20:36.312000,0 days 02:18:51.824000
2024-07-07 15:23:49.092,OnTrack,6129,5068,2065,pos,0 days 01:20:36.551000,0 days 02:18:52.063000
2024-07-07 15:23:49.272,OnTrack,6155,5122,2065,pos,0 days 01:20:36.731000,0 days 02:18:52.243000
2024-07-07 15:23:49.453,OnTrack,6179,5179,2065,pos,0 days 01:20:36.912000,0 days 02:18:52.424000
2024-07-07 15:23:49.632,OnTrack,6202,5242,2065,pos,0 days 01:20:37.091000,0 days 02:18:52.603000
2024-07-07 15:23:49.872,OnTrack,6232,5332,2065,pos,0 days 01:20:37.331000,0 days 02:18:52.843000
2024-07-07 15:23:50.112,OnTrack,6260,5431,2064,pos,0 days 01:20:37.571000,0 days 02:18:53.083000
2024-07-07 15:23:50.293,OnTrack,6280,5511,2065,pos,0 days 01:20:37.752000,0 days 02:18:53.264000
2024-07-07 15:23:50.431,OnTrack,6294,5576,2065,pos,0 days 01:20:37.890000,0 days 02:18:53.402000
2024-07-07 15:23:50.691,OnTrack,6326,5768,2065,pos,0 days 01:20:38.150000,0 days 02:18:53.662000
2024-07-07 15:23:50.932,OnTrack,6333,5901,2064,pos,0 days 01:20:38.391000,0 days 02:18:53.903000
2024-07-07 15:23:51.152,OnTrack,6329,6016,2064,pos,0 days 01:20:38.611000,0 days 02:18:54.123000
2024-07-07 15:23:51.392,OnTrack,6314,6158,2063,pos,0 days 01:20:38.851000,0 days 02:18:54.363000
2024-07-07 15:23:51.551,OnTrack,6297,6250,2063,pos,0 days 01:20:39.010000,0 days 02:18:54.522000
2024-07-07 15:23:51.752,OnTrack,6268,6367,2062,pos,0 days 01:20:39.211000,0 days 02:18:54.723000
2024-07-07 15:23:52.012,OnTrack,6214,6516,2063,pos,0 days 01:20:39.471000,0 days 02:18:54.983000
2024-07-07 15:23:52.212,OnTrack,6159,6629,2063,pos,0 days 01:20:39.671000,0 days 02:18:55.183000
2024-07-07 15:23:52.372,OnTrack,6113,6713,2063,pos,0 days 01:20:39.831000,0 days 02:18:55.343000
2024-07-07 15:23:52.552,OnTrack,6049,6811,2063,pos,0 days 01:20:40.011000,0 days 02:18:55.523000
2024-07-07 15:23:52.812,OnTrack,5940,6952,2064,pos,0 days 01:20:40.271000,0 days 02:18:55.783000
2024-07-07 15:23:53.092,OnTrack,5739,7152,2064,pos,0 days 01:20:40.551000,0 days 02:18:56.063000
2024-07-07 15:23:53.392,OnTrack,5655,7224,2064,pos,0 days 01:20:40.851000,0 days 02:18:56.363000
2024-07-07 15:23:53.732,OnTrack,5410,7414,2064,pos,0 days 01:20:41.191000,0 days 02:18:56.703000
2024-07-07 15:23:54.073,OnTrack,5275,7519,2064,pos,0 days 01:20:41.532000,0 days 02:18:57.044000
2024-07-07 15:23:54.293,OnTrack,5150,7619,2064,pos,0 days 01:20:41.752000,0 days 02:18:57.264000
2024-07-07 15:23:54.512,OnTrack,5026,7722,2064,pos,0 days 01:20:41.971000,0 days 02:18:57.483000
2024-07-07 15:23:54.672,OnTrack,4935,7798,2064,pos,0 days 01:20:42.131000,0 days 02:18:57.643000
2024-07-07 15:23:54.873,OnTrack,4822,7894,2064,pos,0 days 01:20:42.332000,0 days 02:18:57.844000
2024-07-07 15:23:55.133,OnTrack,4673,8022,2065,pos,0 days 01:20:42.592000,0 days 02:18:58.104000
2024-07-07 15:23:55.372,OnTrack,4535,8141,2065,pos,0 days 01:20:42.831000,0 days 02:18:58.343000
2024-07-07 15:23:55.532,OnTrack,4442,8220,2064,pos,0 days 01:20:42.991000,0 days 02:18:58.503000
2024-07-07 15:23:55.693,OnTrack,4266,8371,2064,pos,0 days 01:20:43.152000,0 days 02:18:58.664000
2024-07-07 15:23:56.132,OnTrack,4088,8523,2064,pos,0 days 01:20:43.591000,0 days 02:18:59.103000
2024-07-07 15:23:56.313,OnTrack,3981,8615,2063,pos,0 days 01:20:43.772000,0 days 02:18:59.284000
2024-07-07 15:23:56.452,OnTrack,3898,8687,2063,pos,0 days 01:20:43.911000,0 days 02:18:59.423000
2024-07-07 15:23:56.613,OnTrack,3809,8764,2063,pos,0 days 01:20:44.072000,0 days 02:18:59.584000
2024-07-07 15:23:56.813,OnTrack,3690,8869,2063,pos,0 days 01:20:44.272000,0 days 02:18:59.784000
2024-07-07 15:23:57.072,OnTrack,3535,9006,2063,pos,0 days 01:20:44.531000,0 days 02:19:00.043000
2024-07-07 15:23:57.332,OnTrack,3373,9148,2063,pos,0 days 01:20:44.791000,0 days 02:19:00.303000
2024-07-07 15:23:57.491,OnTrack,3276,9233,2064,pos,0 days 01:20:44.950000,0 days 02:19:00.462000
2024-07-07 15:23:57.772,OnTrack,3058,9425,2063,pos,0 days 01:20:45.231000,0 days 02:19:00.743000
2024-07-07 15:23:58.192,OnTrack,2790,9658,2061,pos,0 days 01:20:45.651000,0 days 02:19:01.163000
2024-07-07 15:23:58.532,OnTrack,2643,9785,2059,pos,0 days 01:20:45.991000,0 days 02:19:01.503000
2024-07-07 15:23:58.712,OnTrack,2534,9880,2058,pos,0 days 01:20:46.171000,0 days 02:19:01.683000
2024-07-07 15:23:58.932,OnTrack,2401,9997,2056,pos,0 days 01:20:46.391000,0 days 02:19:01.903000
2024-07-07 15:23:59.132,OnTrack,2283,10102,2054,pos,0 days 01:20:46.591000,0 days 02:19:02.103000
2024-07-07 15:23:59.292,OnTrack,2188,10187,2053,pos,0 days 01:20:46.751000,0 days 02:19:02.263000
2024-07-07 15:23:59.512,OnTrack,2072,10291,2051,pos,0 days 01:20:46.971000,0 days 02:19:02.483000
2024-07-07 15:23:59.892,OnTrack,1776,10552,2046,pos,0 days 01:20:47.351000,0 days 02:19:02.863000
2024-07-07 15:24:00.273,OnTrack,1620,10678,2044,pos,0 days 01:20:47.732000,0 days 02:19:03.244000
2024-07-07 15:24:00.432,OnTrack,1516,10751,2042,pos,0 days 01:20:47.891000,0 days 02:19:03.403000
2024-07-07 15:24:00.672,OnTrack,1382,10828,2040,pos,0 days 01:20:48.131000,0 days 02:19:03.643000
2024-07-07 15:24:00.893,OnTrack,1183,10910,2037,pos,0 days 01:20:48.352000,0 days 02:19:03.864000
2024-07-07 15:24:01.232,OnTrack,1068,10939,2036,pos,0 days 01:20:48.691000,0 days 02:19:04.203000
2024-07-07 15:24:01.552,OnTrack,897,10949,2035,pos,0 days 01:20:49.011000,0 days 02:19:04.523000
2024-07-07 15:24:01.612,OnTrack,865,10949,2034,pos,0 days 01:20:49.071000,0 days 02:19:04.583000
2024-07-07 15:24:01.812,OnTrack,767,10945,2034,pos,0 days 01:20:49.271000,0 days 02:19:04.783000
2024-07-07 15:24:02.052,OnTrack,660,10924,2033,pos,0 days 01:20:49.511000,0 days 02:19:05.023000
2024-07-07 15:24:02.352,OnTrack,508,10859,2032,pos,0 days 01:20:49.811000,0 days 02:19:05.323000
2024-07-07 15:24:02.733,OnTrack,401,10777,2032,pos,0 days 01:20:50.192000,0 days 02:19:05.704000
2024-07-07 15:24:02.952,OnTrack,314,10658,2032,pos,0 days 01:20:50.411000,0 days 02:19:05.923000
2024-07-07 15:24:03.912,OnTrack,197,10315,2033,pos,0 days 01:20:51.371000,0 days 02:19:06.883000
2024-07-07 15:24:04.232,OnTrack,187,10147,2034,pos,0 days 01:20:51.691000,0 days 02:19:07.203000
2024-07-07 15:24:04.532,OnTrack,180,10022,2035,pos,0 days 01:20:51.991000,0 days 02:19:07.503000
2024-07-07 15:24:04.752,OnTrack,170,9918,2035,pos,0 days 01:20:52.211000,0 days 02:19:07.723000
2024-07-07 15:24:04.932,OnTrack,151,9825,2036,pos,0 days 01:20:52.391000,0 days 02:19:07.903000
2024-07-07 15:24:05.112,OnTrack,123,9753,2037,pos,0 days 01:20:52.571000,0 days 02:19:08.083000
2024-07-07 15:24:05.412,OnTrack,58,9647,2039,pos,0 days 01:20:52.871000,0 days 02:19:08.383000
2024-07-07 15:24:05.632,OnTrack,0,9584,2039,pos,0 days 01:20:53.091000,0 days 02:19:08.603000
2024-07-07 15:24:05.892,OnTrack,-106,9504,2040,pos,0 days 01:20:53.351000,0 days 02:19:08.863000
2024-07-07 15:24:06.212,OnTrack,-174,9471,2040,pos,0 days 01:20:53.671000,0 days 02:19:09.183000
2024-07-07 15:24:06.492,OnTrack,-263,9446,2041,pos,0 days 01:20:53.951000,0 days 02:19:09.463000
2024-07-07 15:24:06.672,OnTrack,-360,9443,2040,pos,0 days 01:20:54.131000,0 days 02:19:09.643000
2024-07-07 15:24:06.952,OnTrack,-403,9450,2040,pos,0 days 01:20:54.411000,0 days 02:19:09.923000
2024-07-07 15:24:07.332,OnTrack,-514,9499,2039,pos,0 days 01:20:54.791000,0 days 02:19:10.303000
2024-07-07 15:24:07.612,OnTrack,-567,9539,2038,pos,0 days 01:20:55.071000,0 days 02:19:10.583000
2024-07-07 15:24:07.872,OnTrack,-623,9596,2037,pos,0 days 01:20:55.331000,0 days 02:19:10.843000
2024-07-07 15:24:08.072,OnTrack,-660,9645,2036,pos,0 days 01:20:55.531000,0 days 02:19:11.043000
2024-07-07 15:24:08.332,OnTrack,-711,9739,2034,pos,0 days 01:20:55.791000,0 days 02:19:11.303000
2024-07-07 15:24:08.592,OnTrack,-733,9794,2033,pos,0 days 01:20:56.051000,0 days 02:19:11.563000
2024-07-07 15:24:08.932,OnTrack,-763,9910,2033,pos,0 days 01:20:56.391000,0 days 02:19:11.903000
2024-07-07 15:24:09.113,OnTrack,-773,9975,2032,pos,0 days 01:20:56.572000,0 days 02:19:12.084000
2024-07-07 15:24:09.273,OnTrack,-776,10036,2032,pos,0 days 01:20:56.732000,0 days 02:19:12.244000
2024-07-07 15:24:09.593,OnTrack,-771,10164,2031,pos,0 days 01:20:57.052000,0 days 02:19:12.564000
2024-07-07 15:24:09.653,OnTrack,-768,10189,2031,pos,0 days 01:20:57.112000,0 days 02:19:12.624000
2024-07-07 15:24:09.973,OnTrack,-747,10324,2030,pos,0 days 01:20:57.432000,0 days 02:19:12.944000
2024-07-07 15:24:10.132,OnTrack,-730,10395,2029,pos,0 days 01:20:57.591000,0 days 02:19:13.103000
2024-07-07 15:24:10.291,OnTrack,-712,10461,2029,pos,0 days 01:20:57.750000,0 days 02:19:13.262000
2024-07-07 15:24:10.432,OnTrack,-695,10514,2028,pos,0 days 01:20:57.891000,0 days 02:19:13.403000
2024-07-07 15:24:10.652,OnTrack,-656,10618,2026,pos,0 days 01:20:58.111000,0 days 02:19:13.623000
2024-07-07 15:24:11.012,OnTrack,-544,10868,2023,pos,0 days 01:20:58.471000,0 days 02:19:13.983000
2024-07-07 15:24:11.332,OnTrack,-496,10962,2022,pos,0 days 01:20:58.791000,0 days 02:19:14.303000
2024-07-07 15:24:11.592,OnTrack,-423,11099,2021,pos,0 days 01:20:59.051000,0 days 02:19:14.563000
2024-07-07 15:24:11.691,OnTrack,-393,11153,2021,pos,0 days 01:20:59.150000,0 days 02:19:14.662000
2024-07-07 15:24:11.912,OnTrack,-324,11271,2021,pos,0 days 01:20:59.371000,0 days 02:19:14.883000
2024-07-07 15:24:12.253,OnTrack,-187,11475,2021,pos,0 days 01:20:59.712000,0 days 02:19:15.224000
2024-07-07 15:24:12.552,OnTrack,-82,11612,2021,pos,0 days 01:21:00.011000,0 days 02:19:15.523000
2024-07-07 15:24:12.852,OnTrack,108,11826,2022,pos,0 days 01:21:00.311000,0 days 02:19:15.823000
2024-07-07 15:24:13.272,OnTrack,257,11972,2024,pos,0 days 01:21:00.731000,0 days 02:19:16.243000
2024-07-07 15:24:13.432,OnTrack,341,12049,2024,pos,0 days 01:21:00.891000,0 days 02:19:16.403000
2024-07-07 15:24:13.532,OnTrack,395,12095,2024,pos,0 days 01:21:00.991000,0 days 02:19:16.503000
2024-07-07 15:24:13.852,OnTrack,572,12233,2024,pos,0 days 01:21:01.311000,0 days 02:19:16.823000
2024-07-07 15:24:14.012,OnTrack,675,12304,2024,pos,0 days 01:21:01.471000,0 days 02:19:16.983000
2024-07-07 15:24:14.233,OnTrack,813,12388,2024,pos,0 days 01:21:01.692000,0 days 02:19:17.204000
2024-07-07 15:24:14.412,OnTrack,1030,12492,2025,pos,0 days 01:21:01.871000,0 days 02:19:17.383000
2024-07-07 15:24:14.892,OnTrack,1271,12586,2025,pos,0 days 01:21:02.351000,0 days 02:19:17.863000
2024-07-07 15:24:15.132,OnTrack,1491,12654,2025,pos,0 days 01:21:02.591000,0 days 02:19:18.103000
2024-07-07 15:24:15.533,OnTrack,1810,12728,2026,pos,0 days 01:21:02.992000,0 days 02:19:18.504000
2024-07-07 15:24:15.772,OnTrack,1933,12750,2027,pos,0 days 01:21:03.231000,0 days 02:19:18.743000
2024-07-07 15:24:16.133,OnTrack,2335,12803,2030,pos,0 days 01:21:03.592000,0 days 02:19:19.104000
2024-07-07 15:24:16.493,OnTrack,2526,12824,2031,pos,0 days 01:21:03.952000,0 days 02:19:19.464000
2024-07-07 15:24:16.752,OnTrack,2734,12846,2033,pos,0 days 01:21:04.211000,0 days 02:19:19.723000
2024-07-07 15:24:16.932,OnTrack,2912,12864,2035,pos,0 days 01:21:04.391000,0 days 02:19:19.903000
2024-07-07 15:24:17.371,OnTrack,3334,12908,2039,pos,0 days 01:21:04.830000,0 days 02:19:20.342000
2024-07-07 15:24:17.592,OnTrack,3415,12917,2039,pos,0 days 01:21:05.051000,0 days 02:19:20.563000
2024-07-07 15:24:17.972,OnTrack,3723,12951,2038,pos,0 days 01:21:05.431000,0 days 02:19:20.943000
2024-07-07 15:24:18.152,OnTrack,3870,12967,2042,pos,0 days 01:21:05.611000,0 days 02:19:21.123000
2024-07-07 15:24:18.352,OnTrack,4097,12994,2043,pos,0 days 01:21:05.811000,0 days 02:19:21.323000
2024-07-07 15:24:18.812,OnTrack,4406,13035,2045,pos,0 days 01:21:06.271000,0 days 02:19:21.783000
2024-07-07 15:24:18.972,OnTrack,4535,13052,2046,pos,0 days 01:21:06.431000,0 days 02:19:21.943000
2024-07-07 15:24:19.152,OnTrack,4680,13071,2047,pos,0 days 01:21:06.611000,0 days 02:19:22.123000
2024-07-07 15:24:19.452,OnTrack,5001,13104,2048,pos,0 days 01:21:06.911000,0 days 02:19:22.423000
2024-07-07 15:24:19.692,OnTrack,5114,13112,2049,pos,0 days 01:21:07.151000,0 days 02:19:22.663000
2024-07-07 15:24:20.072,OnTrack,5503,13084,2051,pos,0 days 01:21:07.531000,0 days 02:19:23.043000
2024-07-07 15:24:20.332,OnTrack,5610,13057,2051,pos,0 days 01:21:07.791000,0 days 02:19:23.303000
2024-07-07 15:24:20.672,OnTrack,5851,12964,2053,pos,0 days 01:21:08.131000,0 days 02:19:23.643000
2024-07-07 15:24:20.912,OnTrack,6067,12827,2054,pos,0 days 01:21:08.371000,0 days 02:19:23.883000
2024-07-07 15:24:21.172,OnTrack,6159,12753,2055,pos,0 days 01:21:08.631000,0 days 02:19:24.143000
2024-07-07 15:24:21.352,OnTrack,6254,12662,2055,pos,0 days 01:21:08.811000,0 days 02:19:24.323000
2024-07-07 15:24:21.672,OnTrack,6395,12477,2056,pos,0 days 01:21:09.131000,0 days 02:19:24.643000
2024-07-07 15:24:21.853,OnTrack,6461,12359,2057,pos,0 days 01:21:09.312000,0 days 02:19:24.824000
2024-07-07 15:24:22.053,OnTrack,6525,12222,2058,pos,0 days 01:21:09.512000,0 days 02:19:25.024000
2024-07-07 15:24:22.212,OnTrack,6568,12117,2059,pos,0 days 01:21:09.671000,0 days 02:19:25.183000
2024-07-07 15:24:22.393,OnTrack,6616,11982,2060,pos,0 days 01:21:09.852000,0 days 02:19:25.364000
2024-07-07 15:24:22.673,OnTrack,6675,11786,2061,pos,0 days 01:21:10.132000,0 days 02:19:25.644000
2024-07-07 15:24:22.873,OnTrack,6716,11630,2062,pos,0 days 01:21:10.332000,0 days 02:19:25.844000
2024-07-07 15:24:23.132,OnTrack,6763,11436,2064,pos,0 days 01:21:10.591000,0 days 02:19:26.103000
2024-07-07 15:24:23.371,OnTrack,6821,11163,2066,pos,0 days 01:21:10.830000,0 days 02:19:26.342000
2024-07-07 15:24:23.671,OnTrack,6846,11029,2067,pos,0 days 01:21:11.130000,0 days 02:19:26.642000
2024-07-07 15:24:23.931,OnTrack,6892,10735,2069,pos,0 days 01:21:11.390000,0 days 02:19:26.902000
2024-07-07 15:24:24.332,OnTrack,6920,10514,2071,pos,0 days 01:21:11.791000,0 days 02:19:27.303000
2024-07-07 15:24:24.632,OnTrack,6954,10164,2073,pos,0 days 01:21:12.091000,0 days 02:19:27.603000
2024-07-07 15:24:25.052,OnTrack,6972,9875,2074,pos,0 days 01:21:12.511000,0 days 02:19:28.023000
2024-07-07 15:24:25.332,OnTrack,6980,9599,2075,pos,0 days 01:21:12.791000,0 days 02:19:28.303000
2024-07-07 15:24:25.832,OnTrack,6987,9314,2074,pos,0 days 01:21:13.291000,0 days 02:19:28.803000
2024-07-07 15:24:25.912,OnTrack,6989,9241,2074,pos,0 days 01:21:13.371000,0 days 02:19:28.883000
2024-07-07 15:24:26.133,OnTrack,6997,9064,2073,pos,0 days 01:21:13.592000,0 days 02:19:29.104000
2024-07-07 15:24:26.312,OnTrack,7008,8922,2072,pos,0 days 01:21:13.771000,0 days 02:19:29.283000
2024-07-07 15:24:26.532,OnTrack,7029,8744,2071,pos,0 days 01:21:13.991000,0 days 02:19:29.503000
2024-07-07 15:24:26.713,OnTrack,7053,8597,2070,pos,0 days 01:21:14.172000,0 days 02:19:29.684000
2024-07-07 15:24:26.993,OnTrack,7130,8257,2068,pos,0 days 01:21:14.452000,0 days 02:19:29.964000
2024-07-07 15:24:27.452,OnTrack,7204,8003,2066,pos,0 days 01:21:14.911000,0 days 02:19:30.423000
2024-07-07 15:24:27.632,OnTrack,7252,7863,2064,pos,0 days 01:21:15.091000,0 days 02:19:30.603000
2024-07-07 15:24:27.892,OnTrack,7329,7663,2061,pos,0 days 01:21:15.351000,0 days 02:19:30.863000
2024-07-07 15:24:28.093,OnTrack,7412,7456,2060,pos,0 days 01:21:15.552000,0 days 02:19:31.064000
2024-07-07 15:24:28.452,OnTrack,7512,7140,2058,pos,0 days 01:21:15.911000,0 days 02:19:31.423000
2024-07-07 15:24:28.772,OnTrack,7535,7006,2058,pos,0 days 01:21:16.231000,0 days 02:19:31.743000
2024-07-07 15:24:29.173,OnTrack,7519,6683,2058,pos,0 days 01:21:16.632000,0 days 02:19:32.144000
2024-07-07 15:24:29.573,OnTrack,7460,6394,2060,pos,0 days 01:21:17.032000,0 days 02:19:32.544000
2024-07-07 15:24:29.773,OnTrack,7422,6246,2061,pos,0 days 01:21:17.232000,0 days 02:19:32.744000
2024-07-07 15:24:29.952,OnTrack,7388,6112,2062,pos,0 days 01:21:17.411000,0 days 02:19:32.923000
2024-07-07 15:24:30.112,OnTrack,7362,5994,2062,pos,0 days 01:21:17.571000,0 days 02:19:33.083000
2024-07-07 15:24:30.312,OnTrack,7327,5779,2063,pos,0 days 01:21:17.771000,0 days 02:19:33.283000
2024-07-07 15:24:30.812,OnTrack,7321,5510,2062,pos,0 days 01:21:18.271000,0 days 02:19:33.783000
2024-07-07 15:24:30.991,OnTrack,7359,5318,2061,pos,0 days 01:21:18.450000,0 days 02:19:33.962000
2024-07-07 15:24:31.352,OnTrack,7450,5101,2059,pos,0 days 01:21:18.811000,0 days 02:19:34.323000
2024-07-07 15:24:31.652,OnTrack,7508,4997,2057,pos,0 days 01:21:19.111000,0 days 02:19:34.623000
2024-07-07 15:24:31.972,OnTrack,7616,4819,2055,pos,0 days 01:21:19.431000,0 days 02:19:34.943000
2024-07-07 15:24:32.212,OnTrack,7692,4678,2053,pos,0 days 01:21:19.671000,0 days 02:19:35.183000
2024-07-07 15:24:32.393,OnTrack,7734,4583,2051,pos,0 days 01:21:19.852000,0 days 02:19:35.364000
2024-07-07 15:24:32.652,OnTrack,7784,4383,2049,pos,0 days 01:21:20.111000,0 days 02:19:35.623000
2024-07-07 15:24:32.912,OnTrack,7790,4302,2047,pos,0 days 01:21:20.371000,0 days 02:19:35.883000
2024-07-07 15:24:33.233,OnTrack,7757,4071,2043,pos,0 days 01:21:20.692000,0 days 02:19:36.204000
2024-07-07 15:24:33.632,OnTrack,7680,3868,2040,pos,0 days 01:21:21.091000,0 days 02:19:36.603000
2024-07-07 15:24:33.992,OnTrack,7598,3728,2039,pos,0 days 01:21:21.451000,0 days 02:19:36.963000
2024-07-07 15:24:34.172,OnTrack,7534,3643,2038,pos,0 days 01:21:21.631000,0 days 02:19:37.143000
2024-07-07 15:24:34.393,OnTrack,7441,3549,2036,pos,0 days 01:21:21.852000,0 days 02:19:37.364000
2024-07-07 15:24:34.653,OnTrack,7261,3424,2033,pos,0 days 01:21:22.112000,0 days 02:19:37.624000
2024-07-07 15:24:35.092,OnTrack,6997,3284,2031,pos,0 days 01:21:22.551000,0 days 02:19:38.063000
2024-07-07 15:24:35.413,OnTrack,6881,3210,2029,pos,0 days 01:21:22.872000,0 days 02:19:38.384000
2024-07-07 15:24:35.592,OnTrack,6788,3134,2028,pos,0 days 01:21:23.051000,0 days 02:19:38.563000
2024-07-07 15:24:35.872,OnTrack,6649,2997,2028,pos,0 days 01:21:23.331000,0 days 02:19:38.843000
2024-07-07 15:24:36.152,OnTrack,6517,2852,2028,pos,0 days 01:21:23.611000,0 days 02:19:39.123000
2024-07-07 15:24:36.372,OnTrack,6420,2732,2027,pos,0 days 01:21:23.831000,0 days 02:19:39.343000
2024-07-07 15:24:36.532,OnTrack,6316,2582,2027,pos,0 days 01:21:23.991000,0 days 02:19:39.503000
2024-07-07 15:24:36.872,OnTrack,6224,2432,2026,pos,0 days 01:21:24.331000,0 days 02:19:39.843000
2024-07-07 15:24:37.112,OnTrack,6139,2277,2026,pos,0 days 01:21:24.571000,0 days 02:19:40.083000
2024-07-07 15:24:37.292,OnTrack,6077,2159,2025,pos,0 days 01:21:24.751000,0 days 02:19:40.263000
2024-07-07 15:24:37.612,OnTrack,5971,1945,2025,pos,0 days 01:21:25.071000,0 days 02:19:40.583000
2024-07-07 15:24:37.832,OnTrack,5898,1796,2024,pos,0 days 01:21:25.291000,0 days 02:19:40.803000
2024-07-07 15:24:38.052,OnTrack,5825,1645,2023,pos,0 days 01:21:25.511000,0 days 02:19:41.023000
2024-07-07 15:24:38.272,OnTrack,5728,1444,2022,pos,0 days 01:21:25.731000,0 days 02:19:41.243000
2024-07-07 15:24:38.552,OnTrack,5658,1297,2021,pos,0 days 01:21:26.011000,0 days 02:19:41.523000
2024-07-07 15:24:38.712,OnTrack,5604,1184,2021,pos,0 days 01:21:26.171000,0 days 02:19:41.683000
2024-07-07 15:24:39.052,OnTrack,5465,892,2019,pos,0 days 01:21:26.511000,0 days 02:19:42.023000
2024-07-07 15:24:39.352,OnTrack,5390,735,2018,pos,0 days 01:21:26.811000,0 days 02:19:42.323000
2024-07-07 15:24:39.712,OnTrack,5258,463,2016,pos,0 days 01:21:27.171000,0 days 02:19:42.683000
2024-07-07 15:24:40.073,OnTrack,5139,216,2014,pos,0 days 01:21:27.532000,0 days 02:19:43.044000
2024-07-07 15:24:40.252,OnTrack,5075,85,2012,pos,0 days 01:21:27.711000,0 days 02:19:43.223000
2024-07-07 15:24:40.412,OnTrack,5019,-31,2012,pos,0 days 01:21:27.871000,0 days 02:19:43.383000
2024-07-07 15:24:40.633,OnTrack,4942,-192,2011,pos,0 days 01:21:28.092000,0 days 02:19:43.604000
2024-07-07 15:24:40.952,OnTrack,4829,-427,2009,pos,0 days 01:21:28.411000,0 days 02:19:43.923000
2024-07-07 15:24:40.992,OnTrack,4814,-457,2009,pos,0 days 01:21:28.451000,0 days 02:19:43.963000
2024-07-07 15:24:41.193,OnTrack,4743,-604,2008,pos,0 days 01:21:28.652000,0 days 02:19:44.164000
2024-07-07 15:24:41.393,OnTrack,4672,-752,2008,pos,0 days 01:21:28.852000,0 days 02:19:44.364000
2024-07-07 15:24:41.713,OnTrack,4557,-990,2006,pos,0 days 01:21:29.172000,0 days 02:19:44.684000
2024-07-07 15:24:41.892,OnTrack,4492,-1124,2005,pos,0 days 01:21:29.351000,0 days 02:19:44.863000
2024-07-07 15:24:42.092,OnTrack,4419,-1273,2003,pos,0 days 01:21:29.551000,0 days 02:19:45.063000
2024-07-07 15:24:42.293,OnTrack,4346,-1422,2001,pos,0 days 01:21:29.752000,0 days 02:19:45.264000
2024-07-07 15:24:42.533,OnTrack,4258,-1600,1999,pos,0 days 01:21:29.992000,0 days 02:19:45.504000
2024-07-07 15:24:42.753,OnTrack,4132,-1851,1996,pos,0 days 01:21:30.212000,0 days 02:19:45.724000
2024-07-07 15:24:43.132,OnTrack,4006,-2102,1994,pos,0 days 01:21:30.591000,0 days 02:19:46.103000
2024-07-07 15:24:43.572,OnTrack,3870,-2365,1994,pos,0 days 01:21:31.031000,0 days 02:19:46.543000
2024-07-07 15:24:43.732,OnTrack,3777,-2542,1995,pos,0 days 01:21:31.191000,0 days 02:19:46.703000
2024-07-07 15:24:44.192,OnTrack,3576,-2917,1999,pos,0 days 01:21:31.651000,0 days 02:19:47.163000
2024-07-07 15:24:44.532,OnTrack,3441,-3154,2004,pos,0 days 01:21:31.991000,0 days 02:19:47.503000
2024-07-07 15:24:44.852,OnTrack,3367,-3278,2006,pos,0 days 01:21:32.311000,0 days 02:19:47.823000
2024-07-07 15:24:45.152,OnTrack,3243,-3470,2011,pos,0 days 01:21:32.611000,0 days 02:19:48.123000
2024-07-07 15:24:45.412,OnTrack,3088,-3669,2016,pos,0 days 01:21:32.871000,0 days 02:19:48.383000
2024-07-07 15:24:45.812,OnTrack,2928,-3836,2020,pos,0 days 01:21:33.271000,0 days 02:19:48.783000
2024-07-07 15:24:45.992,OnTrack,2839,-3907,2021,pos,0 days 01:21:33.451000,0 days 02:19:48.963000
2024-07-07 15:24:46.252,OnTrack,2672,-4008,2025,pos,0 days 01:21:33.711000,0 days 02:19:49.223000
2024-07-07 15:24:46.532,OnTrack,2551,-4060,2026,pos,0 days 01:21:33.991000,0 days 02:19:49.503000
2024-07-07 15:24:46.853,OnTrack,2398,-4102,2029,pos,0 days 01:21:34.312000,0 days 02:19:49.824000
2024-07-07 15:24:46.972,OnTrack,2336,-4111,2030,pos,0 days 01:21:34.431000,0 days 02:19:49.943000
2024-07-07 15:24:47.212,OnTrack,2195,-4115,2032,pos,0 days 01:21:34.671000,0 days 02:19:50.183000
2024-07-07 15:24:47.453,OnTrack,2056,-4097,2032,pos,0 days 01:21:34.912000,0 days 02:19:50.424000
2024-07-07 15:24:47.673,OnTrack,1886,-4045,2033,pos,0 days 01:21:35.132000,0 days 02:19:50.644000
2024-07-07 15:24:47.973,OnTrack,1765,-3986,2033,pos,0 days 01:21:35.432000,0 days 02:19:50.944000
2024-07-07 15:24:48.273,OnTrack,1554,-3828,2031,pos,0 days 01:21:35.732000,0 days 02:19:51.244000
2024-07-07 15:24:48.573,OnTrack,1473,-3746,2030,pos,0 days 01:21:36.032000,0 days 02:19:51.544000
2024-07-07 15:24:48.853,OnTrack,1359,-3603,2029,pos,0 days 01:21:36.312000,0 days 02:19:51.824000
2024-07-07 15:24:49.133,OnTrack,1259,-3445,2025,pos,0 days 01:21:36.592000,0 days 02:19:52.104000
2024-07-07 15:24:49.353,OnTrack,1187,-3313,2022,pos,0 days 01:21:36.812000,0 days 02:19:52.324000
2024-07-07 15:24:49.572,OnTrack,1084,-3119,2015,pos,0 days 01:21:37.031000,0 days 02:19:52.543000
2024-07-07 15:24:49.832,OnTrack,1030,-3022,2011,pos,0 days 01:21:37.291000,0 days 02:19:52.803000
2024-07-07 15:24:50.172,OnTrack,853,-2746,1998,pos,0 days 01:21:37.631000,0 days 02:19:53.143000
2024-07-07 15:24:50.552,OnTrack,745,-2598,1991,pos,0 days 01:21:38.011000,0 days 02:19:53.523000
2024-07-07 15:24:50.812,OnTrack,609,-2414,1986,pos,0 days 01:21:38.271000,0 days 02:19:53.783000
2024-07-07 15:24:51.232,OnTrack,424,-2166,1984,pos,0 days 01:21:38.691000,0 days 02:19:54.203000
2024-07-07 15:24:51.431,OnTrack,265,-1958,1986,pos,0 days 01:21:38.890000,0 days 02:19:54.402000
2024-07-07 15:24:51.692,OnTrack,210,-1888,1986,pos,0 days 01:21:39.151000,0 days 02:19:54.663000
2024-07-07 15:24:51.932,OnTrack,96,-1751,1986,pos,0 days 01:21:39.391000,0 days 02:19:54.903000
2024-07-07 15:24:52.232,OnTrack,-78,-1551,1986,pos,0 days 01:21:39.691000,0 days 02:19:55.203000
2024-07-07 15:24:52.512,OnTrack,-173,-1444,1984,pos,0 days 01:21:39.971000,0 days 02:19:55.483000
2024-07-07 15:24:52.792,OnTrack,-289,-1313,1982,pos,0 days 01:21:40.251000,0 days 02:19:55.763000
2024-07-07 15:24:53.032,OnTrack,-376,-1216,1980,pos,0 days 01:21:40.491000,0 days 02:19:56.003000
2024-07-07 15:24:53.192,OnTrack,-473,-1113,1978,pos,0 days 01:21:40.651000,0 days 02:19:56.163000
2024-07-07 15:24:53.572,OnTrack,-543,-1048,1977,pos,0 days 01:21:41.031000,0 days 02:19:56.543000
2024-07-07 15:24:53.832,OnTrack,-622,-992,1976,pos,0 days 01:21:41.291000,0 days 02:19:56.803000
2024-07-07 15:24:54.112,OnTrack,-710,-947,1975,pos,0 days 01:21:41.571000,0 days 02:19:57.083000
2024-07-07 15:24:54.312,OnTrack,-795,-921,1976,pos,0 days 01:21:41.771000,0 days 02:19:57.283000
2024-07-07 15:24:54.672,OnTrack,-868,-913,1976,pos,0 days 01:21:42.131000,0 days 02:19:57.643000
2024-07-07 15:24:54.852,OnTrack,-920,-913,1976,pos,0 days 01:21:42.311000,0 days 02:19:57.823000
2024-07-07 15:24:54.972,OnTrack,-952,-915,1977,pos,0 days 01:21:42.431000,0 days 02:19:57.943000
2024-07-07 15:24:55.172,OnTrack,-1004,-925,1978,pos,0 days 01:21:42.631000,0 days 02:19:58.143000
2024-07-07 15:24:55.412,OnTrack,-1063,-948,1978,pos,0 days 01:21:42.871000,0 days 02:19:58.383000
2024-07-07 15:24:55.712,OnTrack,-1133,-990,1979,pos,0 days 01:21:43.171000,0 days 02:19:58.683000
2024-07-07 15:24:55.873,OnTrack,-1171,-1018,1980,pos,0 days 01:21:43.332000,0 days 02:19:58.844000
2024-07-07 15:24:55.992,OnTrack,-1202,-1042,1980,pos,0 days 01:21:43.451000,0 days 02:19:58.963000
2024-07-07 15:24:56.291,OnTrack,-1315,-1123,1981,pos,0 days 01:21:43.750000,0 days 02:19:59.262000
2024-07-07 15:24:56.772,OnTrack,-1444,-1170,1981,pos,0 days 01:21:44.231000,0 days 02:19:59.743000
2024-07-07 15:24:57.131,OnTrack,-1572,-1162,1980,pos,0 days 01:21:44.590000,0 days 02:20:00.102000
2024-07-07 15:24:57.492,OnTrack,-1643,-1143,1979,pos,0 days 01:21:44.951000,0 days 02:20:00.463000
2024-07-07 15:24:57.691,OnTrack,-1706,-1119,1978,pos,0 days 01:21:45.150000,0 days 02:20:00.662000
2024-07-07 15:24:57.892,OnTrack,-1769,-1089,1978,pos,0 days 01:21:45.351000,0 days 02:20:00.863000
2024-07-07 15:24:58.152,OnTrack,-1845,-1040,1977,pos,0 days 01:21:45.611000,0 days 02:20:01.123000
2024-07-07 15:24:58.412,OnTrack,-1923,-972,1976,pos,0 days 01:21:45.871000,0 days 02:20:01.383000
2024-07-07 15:24:58.592,OnTrack,-1998,-885,1975,pos,0 days 01:21:46.051000,0 days 02:20:01.563000
2024-07-07 15:24:59.052,OnTrack,-2096,-759,1974,pos,0 days 01:21:46.511000,0 days 02:20:02.023000
2024-07-07 15:24:59.172,OnTrack,-2162,-655,1974,pos,0 days 01:21:46.631000,0 days 02:20:02.143000
2024-07-07 15:24:59.673,OnTrack,-2244,-465,1973,pos,0 days 01:21:47.132000,0 days 02:20:02.644000
2024-07-07 15:24:59.852,OnTrack,-2284,-319,1971,pos,0 days 01:21:47.311000,0 days 02:20:02.823000
2024-07-07 15:25:00.292,OnTrack,-2310,-127,1968,pos,0 days 01:21:47.751000,0 days 02:20:03.263000
2024-07-07 15:25:00.493,OnTrack,-2314,-9,1967,pos,0 days 01:21:47.952000,0 days 02:20:03.464000
2024-07-07 15:25:00.693,OnTrack,-2308,110,1966,pos,0 days 01:21:48.152000,0 days 02:20:03.664000
2024-07-07 15:25:00.872,OnTrack,-2282,282,1964,pos,0 days 01:21:48.331000,0 days 02:20:03.843000
2024-07-07 15:25:01.333,OnTrack,-2213,502,1963,pos,0 days 01:21:48.792000,0 days 02:20:04.304000
2024-07-07 15:25:01.492,OnTrack,-2136,658,1962,pos,0 days 01:21:48.951000,0 days 02:20:04.463000
2024-07-07 15:25:01.772,OnTrack,-2076,762,1962,pos,0 days 01:21:49.231000,0 days 02:20:04.743000
2024-07-07 15:25:02.053,OnTrack,-1967,921,1962,pos,0 days 01:21:49.512000,0 days 02:20:05.024000
2024-07-07 15:25:02.333,OnTrack,-1800,1150,1963,pos,0 days 01:21:49.792000,0 days 02:20:05.304000
2024-07-07 15:25:02.772,OnTrack,-1637,1366,1964,pos,0 days 01:21:50.231000,0 days 02:20:05.743000
2024-07-07 15:25:03.091,OnTrack,-1519,1514,1965,pos,0 days 01:21:50.550000,0 days 02:20:06.062000
2024-07-07 15:25:03.391,OnTrack,-1355,1724,1968,pos,0 days 01:21:50.850000,0 days 02:20:06.362000
2024-07-07 15:25:03.692,OnTrack,-1185,1956,1970,pos,0 days 01:21:51.151000,0 days 02:20:06.663000
2024-07-07 15:25:04.152,OnTrack,-1041,2154,1973,pos,0 days 01:21:51.611000,0 days 02:20:07.123000
2024-07-07 15:25:04.352,OnTrack,-950,2279,1975,pos,0 days 01:21:51.811000,0 days 02:20:07.323000
2024-07-07 15:25:04.612,OnTrack,-784,2506,1979,pos,0 days 01:21:52.071000,0 days 02:20:07.583000
2024-07-07 15:25:04.912,OnTrack,-692,2634,1981,pos,0 days 01:21:52.371000,0 days 02:20:07.883000
2024-07-07 15:25:05.092,OnTrack,-610,2751,1983,pos,0 days 01:21:52.551000,0 days 02:20:08.063000
2024-07-07 15:25:05.272,OnTrack,-528,2869,1985,pos,0 days 01:21:52.731000,0 days 02:20:08.243000
2024-07-07 15:25:05.633,OnTrack,-305,3203,1991,pos,0 days 01:21:53.092000,0 days 02:20:08.604000
2024-07-07 15:25:05.873,OnTrack,-261,3270,1992,pos,0 days 01:21:53.332000,0 days 02:20:08.844000
2024-07-07 15:25:06.232,OnTrack,-95,3511,1996,pos,0 days 01:21:53.691000,0 days 02:20:09.203000
2024-07-07 15:25:06.392,OnTrack,30,3683,1998,pos,0 days 01:21:53.851000,0 days 02:20:09.363000
2024-07-07 15:25:06.713,OnTrack,141,3826,2002,pos,0 days 01:21:54.172000,0 days 02:20:09.684000
2024-07-07 15:25:06.993,OnTrack,291,4002,2006,pos,0 days 01:21:54.452000,0 days 02:20:09.964000
2024-07-07 15:25:07.212,OnTrack,417,4132,2010,pos,0 days 01:21:54.671000,0 days 02:20:10.183000
2024-07-07 15:25:07.412,OnTrack,532,4235,2011,pos,0 days 01:21:54.871000,0 days 02:20:10.383000
2024-07-07 15:25:07.672,OnTrack,798,4399,2013,pos,0 days 01:21:55.131000,0 days 02:20:10.643000
2024-07-07 15:25:08.073,OnTrack,1013,4472,2015,pos,0 days 01:21:55.532000,0 days 02:20:11.044000
2024-07-07 15:25:08.232,OnTrack,1141,4498,2016,pos,0 days 01:21:55.691000,0 days 02:20:11.203000
2024-07-07 15:25:08.492,OnTrack,1353,4518,2017,pos,0 days 01:21:55.951000,0 days 02:20:11.463000
2024-07-07 15:25:08.653,OnTrack,1483,4520,2019,pos,0 days 01:21:56.112000,0 days 02:20:11.624000
2024-07-07 15:25:08.852,OnTrack,1646,4515,2021,pos,0 days 01:21:56.311000,0 days 02:20:11.823000
2024-07-07 15:25:09.173,OnTrack,1936,4483,2025,pos,0 days 01:21:56.632000,0 days 02:20:12.144000
2024-07-07 15:25:09.552,OnTrack,2242,4446,2027,pos,0 days 01:21:57.011000,0 days 02:20:12.523000
2024-07-07 15:25:09.911,OnTrack,2503,4439,2030,pos,0 days 01:21:57.370000,0 days 02:20:12.882000
2024-07-07 15:25:10.092,OnTrack,2648,4446,2033,pos,0 days 01:21:57.551000,0 days 02:20:13.063000
2024-07-07 15:25:10.332,OnTrack,2957,4505,2037,pos,0 days 01:21:57.791000,0 days 02:20:13.303000
2024-07-07 15:25:10.692,OnTrack,3135,4569,2040,pos,0 days 01:21:58.151000,0 days 02:20:13.663000
2024-07-07 15:25:10.932,OnTrack,3310,4657,2043,pos,0 days 01:21:58.391000,0 days 02:20:13.903000
2024-07-07 15:25:11.172,OnTrack,3467,4761,2046,pos,0 days 01:21:58.631000,0 days 02:20:14.143000
2024-07-07 15:25:11.292,OnTrack,3551,4825,2047,pos,0 days 01:21:58.751000,0 days 02:20:14.263000
2024-07-07 15:25:11.492,OnTrack,3673,4931,2049,pos,0 days 01:21:58.951000,0 days 02:20:14.463000
2024-07-07 15:25:11.712,OnTrack,3801,5055,2049,pos,0 days 01:21:59.171000,0 days 02:20:14.683000
2024-07-07 15:25:11.992,OnTrack,3959,5214,2050,pos,0 days 01:21:59.451000,0 days 02:20:14.963000
2024-07-07 15:25:12.272,OnTrack,4117,5368,2051,pos,0 days 01:21:59.731000,0 days 02:20:15.243000
2024-07-07 15:25:12.292,OnTrack,4128,5378,2051,pos,0 days 01:21:59.751000,0 days 02:20:15.263000
2024-07-07 15:25:12.693,OnTrack,4332,5564,2053,pos,0 days 01:22:00.152000,0 days 02:20:15.664000
2024-07-07 15:25:12.852,OnTrack,4455,5667,2054,pos,0 days 01:22:00.311000,0 days 02:20:15.823000
2024-07-07 15:25:13.172,OnTrack,4533,5732,2055,pos,0 days 01:22:00.631000,0 days 02:20:16.143000
2024-07-07 15:25:13.412,OnTrack,4626,5804,2055,pos,0 days 01:22:00.871000,0 days 02:20:16.383000
2024-07-07 15:25:13.592,OnTrack,4688,5843,2055,pos,0 days 01:22:01.051000,0 days 02:20:16.563000
2024-07-07 15:25:13.872,OnTrack,4782,5883,2054,pos,0 days 01:22:01.331000,0 days 02:20:16.843000
2024-07-07 15:25:14.033,OnTrack,4838,5895,2054,pos,0 days 01:22:01.492000,0 days 02:20:17.004000
2024-07-07 15:25:14.333,OnTrack,4941,5900,2053,pos,0 days 01:22:01.792000,0 days 02:20:17.304000
2024-07-07 15:25:14.413,OnTrack,4967,5898,2053,pos,0 days 01:22:01.872000,0 days 02:20:17.384000
2024-07-07 15:25:14.732,OnTrack,5094,5866,2054,pos,0 days 01:22:02.191000,0 days 02:20:17.703000
2024-07-07 15:25:15.112,OnTrack,5196,5803,2056,pos,0 days 01:22:02.571000,0 days 02:20:18.083000
2024-07-07 15:25:15.433,OnTrack,5239,5764,2057,pos,0 days 01:22:02.892000,0 days 02:20:18.404000
2024-07-07 15:25:15.652,OnTrack,5280,5714,2058,pos,0 days 01:22:03.111000,0 days 02:20:18.623000
2024-07-07 15:25:15.932,OnTrack,5320,5641,2059,pos,0 days 01:22:03.391000,0 days 02:20:18.903000
2024-07-07 15:25:16.171,OnTrack,5346,5571,2059,pos,0 days 01:22:03.630000,0 days 02:20:19.142000
2024-07-07 15:25:16.352,OnTrack,5361,5516,2060,pos,0 days 01:22:03.811000,0 days 02:20:19.323000
2024-07-07 15:25:16.412,OnTrack,5366,5497,2060,pos,0 days 01:22:03.871000,0 days 02:20:19.383000
2024-07-07 15:25:16.672,OnTrack,5379,5412,2060,pos,0 days 01:22:04.131000,0 days 02:20:19.643000
2024-07-07 15:25:16.852,OnTrack,5386,5354,2061,pos,0 days 01:22:04.311000,0 days 02:20:19.823000
2024-07-07 15:25:17.172,OnTrack,5396,5238,2063,pos,0 days 01:22:04.631000,0 days 02:20:20.143000
2024-07-07 15:25:17.332,OnTrack,5402,5183,2065,pos,0 days 01:22:04.791000,0 days 02:20:20.303000
2024-07-07 15:25:17.632,OnTrack,5433,5048,2066,pos,0 days 01:22:05.091000,0 days 02:20:20.603000
2024-07-07 15:25:17.852,OnTrack,5454,4997,2066,pos,0 days 01:22:05.311000,0 days 02:20:20.823000
2024-07-07 15:25:18.172,OnTrack,5507,4907,2066,pos,0 days 01:22:05.631000,0 days 02:20:21.143000
2024-07-07 15:25:18.432,OnTrack,5558,4847,2065,pos,0 days 01:22:05.891000,0 days 02:20:21.403000
2024-07-07 15:25:18.472,OnTrack,5566,4839,2065,pos,0 days 01:22:05.931000,0 days 02:20:21.443000
2024-07-07 15:25:18.673,OnTrack,5608,4802,2065,pos,0 days 01:22:06.132000,0 days 02:20:21.644000
2024-07-07 15:25:18.973,OnTrack,5672,4760,2064,pos,0 days 01:22:06.432000,0 days 02:20:21.944000
2024-07-07 15:25:19.192,OnTrack,5720,4739,2065,pos,0 days 01:22:06.651000,0 days 02:20:22.163000
2024-07-07 15:25:19.432,OnTrack,5790,4731,2064,pos,0 days 01:22:06.891000,0 days 02:20:22.403000
2024-07-07 15:25:19.793,OnTrack,5850,4748,2064,pos,0 days 01:22:07.252000,0 days 02:20:22.764000
2024-07-07 15:25:20.073,OnTrack,5916,4791,2063,pos,0 days 01:22:07.532000,0 days 02:20:23.044000
2024-07-07 15:25:20.353,OnTrack,5955,4825,2064,pos,0 days 01:22:07.812000,0 days 02:20:23.324000
2024-07-07 15:25:20.653,OnTrack,6018,4895,2064,pos,0 days 01:22:08.112000,0 days 02:20:23.624000
2024-07-07 15:25:20.992,OnTrack,6058,4949,2065,pos,0 days 01:22:08.451000,0 days 02:20:23.963000
2024-07-07 15:25:21.272,OnTrack,6100,5016,2065,pos,0 days 01:22:08.731000,0 days 02:20:24.243000
2024-07-07 15:25:21.513,OnTrack,6135,5080,2065,pos,0 days 01:22:08.972000,0 days 02:20:24.484000
2024-07-07 15:25:21.673,OnTrack,6157,5127,2065,pos,0 days 01:22:09.132000,0 days 02:20:24.644000
2024-07-07 15:25:21.953,OnTrack,6200,5237,2065,pos,0 days 01:22:09.412000,0 days 02:20:24.924000
2024-07-07 15:25:22.253,OnTrack,6230,5325,2065,pos,0 days 01:22:09.712000,0 days 02:20:25.224000
2024-07-07 15:25:22.472,OnTrack,6255,5413,2065,pos,0 days 01:22:09.931000,0 days 02:20:25.443000
2024-07-07 15:25:22.772,OnTrack,6287,5544,2065,pos,0 days 01:22:10.231000,0 days 02:20:25.743000
2024-07-07 15:25:22.991,OnTrack,6314,5686,2065,pos,0 days 01:22:10.450000,0 days 02:20:25.962000
2024-07-07 15:25:23.271,OnTrack,6329,5815,2064,pos,0 days 01:22:10.730000,0 days 02:20:26.242000
2024-07-07 15:25:23.592,OnTrack,6327,6042,2064,pos,0 days 01:22:11.051000,0 days 02:20:26.563000
2024-07-07 15:25:23.872,OnTrack,6317,6136,2063,pos,0 days 01:22:11.331000,0 days 02:20:26.843000
2024-07-07 15:25:24.152,OnTrack,6285,6304,2063,pos,0 days 01:22:11.611000,0 days 02:20:27.123000
2024-07-07 15:25:24.412,OnTrack,6239,6454,2062,pos,0 days 01:22:11.871000,0 days 02:20:27.383000
2024-07-07 15:25:24.572,OnTrack,6201,6546,2062,pos,0 days 01:22:12.031000,0 days 02:20:27.543000
2024-07-07 15:25:24.792,OnTrack,6137,6671,2063,pos,0 days 01:22:12.251000,0 days 02:20:27.763000
2024-07-07 15:25:25.032,OnTrack,6039,6825,2064,pos,0 days 01:22:12.491000,0 days 02:20:28.003000
2024-07-07 15:25:25.412,OnTrack,5897,7001,2064,pos,0 days 01:22:12.871000,0 days 02:20:28.383000
2024-07-07 15:25:25.493,OnTrack,5859,7040,2064,pos,0 days 01:22:12.952000,0 days 02:20:28.464000
2024-07-07 15:25:25.692,OnTrack,5760,7134,2064,pos,0 days 01:22:13.151000,0 days 02:20:28.663000
2024-07-07 15:25:26.013,OnTrack,5588,7278,2064,pos,0 days 01:22:13.472000,0 days 02:20:28.984000
2024-07-07 15:25:26.212,OnTrack,5442,7390,2064,pos,0 days 01:22:13.671000,0 days 02:20:29.183000
2024-07-07 15:25:26.492,OnTrack,5317,7486,2064,pos,0 days 01:22:13.951000,0 days 02:20:29.463000
2024-07-07 15:25:26.833,OnTrack,5125,7640,2064,pos,0 days 01:22:14.292000,0 days 02:20:29.804000
2024-07-07 15:25:27.052,OnTrack,5001,7743,2064,pos,0 days 01:22:14.511000,0 days 02:20:30.023000
2024-07-07 15:25:27.113,OnTrack,4967,7771,2064,pos,0 days 01:22:14.572000,0 days 02:20:30.084000
2024-07-07 15:25:27.373,OnTrack,4819,7897,2064,pos,0 days 01:22:14.832000,0 days 02:20:30.344000
2024-07-07 15:25:27.612,OnTrack,4683,8014,2065,pos,0 days 01:22:15.071000,0 days 02:20:30.583000
2024-07-07 15:25:27.852,OnTrack,4545,8132,2064,pos,0 days 01:22:15.311000,0 days 02:20:30.823000
2024-07-07 15:25:28.072,OnTrack,4336,8311,2064,pos,0 days 01:22:15.531000,0 days 02:20:31.043000
2024-07-07 15:25:28.333,OnTrack,4271,8366,2064,pos,0 days 01:22:15.792000,0 days 02:20:31.304000
2024-07-07 15:25:28.573,OnTrack,4124,8493,2064,pos,0 days 01:22:16.032000,0 days 02:20:31.544000
2024-07-07 15:25:28.853,OnTrack,3958,8635,2063,pos,0 days 01:22:16.312000,0 days 02:20:31.824000
2024-07-07 15:25:29.152,OnTrack,3769,8800,2063,pos,0 days 01:22:16.611000,0 days 02:20:32.123000
2024-07-07 15:25:29.372,OnTrack,3650,8904,2063,pos,0 days 01:22:16.831000,0 days 02:20:32.343000
2024-07-07 15:25:29.592,OnTrack,3519,9020,2063,pos,0 days 01:22:17.051000,0 days 02:20:32.563000
2024-07-07 15:25:29.872,OnTrack,3351,9167,2064,pos,0 days 01:22:17.331000,0 days 02:20:32.843000
2024-07-07 15:25:30.092,OnTrack,3218,9284,2064,pos,0 days 01:22:17.551000,0 days 02:20:33.063000
2024-07-07 15:25:30.372,OnTrack,2964,9507,2062,pos,0 days 01:22:17.831000,0 days 02:20:33.343000
2024-07-07 15:25:30.611,OnTrack,2903,9560,2062,pos,0 days 01:22:18.070000,0 days 02:20:33.582000
2024-07-07 15:25:30.912,OnTrack,2718,9720,2060,pos,0 days 01:22:18.371000,0 days 02:20:33.883000
2024-07-07 15:25:31.172,OnTrack,2510,9901,2058,pos,0 days 01:22:18.631000,0 days 02:20:34.143000
2024-07-07 15:25:31.552,OnTrack,2325,10065,2055,pos,0 days 01:22:19.011000,0 days 02:20:34.523000
2024-07-07 15:25:31.612,OnTrack,2289,10097,2054,pos,0 days 01:22:19.071000,0 days 02:20:34.583000
2024-07-07 15:25:31.972,OnTrack,2026,10332,2050,pos,0 days 01:22:19.431000,0 days 02:20:34.943000
2024-07-07 15:25:32.412,OnTrack,1813,10521,2047,pos,0 days 01:22:19.871000,0 days 02:20:35.383000
2024-07-07 15:25:32.612,OnTrack,1691,10621,2045,pos,0 days 01:22:20.071000,0 days 02:20:35.583000
2024-07-07 15:25:32.672,OnTrack,1655,10650,2044,pos,0 days 01:22:20.131000,0 days 02:20:35.643000
2024-07-07 15:25:33.012,OnTrack,1422,10806,2041,pos,0 days 01:22:20.471000,0 days 02:20:35.983000
2024-07-07 15:25:33.312,OnTrack,1290,10871,2038,pos,0 days 01:22:20.771000,0 days 02:20:36.283000
2024-07-07 15:25:33.612,OnTrack,1125,10926,2036,pos,0 days 01:22:21.071000,0 days 02:20:36.583000
2024-07-07 15:25:33.752,OnTrack,1059,10940,2036,pos,0 days 01:22:21.211000,0 days 02:20:36.723000
2024-07-07 15:25:34.013,OnTrack,916,10949,2035,pos,0 days 01:22:21.472000,0 days 02:20:36.984000
2024-07-07 15:25:34.253,OnTrack,798,10947,2034,pos,0 days 01:22:21.712000,0 days 02:20:37.224000
2024-07-07 15:25:34.432,OnTrack,711,10937,2033,pos,0 days 01:22:21.891000,0 days 02:20:37.403000
2024-07-07 15:25:34.513,OnTrack,677,10929,2033,pos,0 days 01:22:21.972000,0 days 02:20:37.484000
2024-07-07 15:25:34.713,OnTrack,591,10899,2032,pos,0 days 01:22:22.172000,0 days 02:20:37.684000
2024-07-07 15:25:34.932,OnTrack,501,10855,2032,pos,0 days 01:22:22.391000,0 days 02:20:37.903000
2024-07-07 15:25:35.153,OnTrack,428,10803,2032,pos,0 days 01:22:22.612000,0 days 02:20:38.124000
2024-07-07 15:25:35.313,OnTrack,379,10752,2032,pos,0 days 01:22:22.772000,0 days 02:20:38.284000
2024-07-07 15:25:35.553,OnTrack,322,10671,2032,pos,0 days 01:22:23.012000,0 days 02:20:38.524000
2024-07-07 15:25:35.771,OnTrack,274,10584,2033,pos,0 days 01:22:23.230000,0 days 02:20:38.742000
2024-07-07 15:25:35.952,OnTrack,242,10513,2033,pos,0 days 01:22:23.411000,0 days 02:20:38.923000
2024-07-07 15:25:36.212,OnTrack,210,10407,2033,pos,0 days 01:22:23.671000,0 days 02:20:39.183000
2024-07-07 15:25:36.432,OnTrack,197,10308,2033,pos,0 days 01:22:23.891000,0 days 02:20:39.403000
2024-07-07 15:25:36.611,OnTrack,191,10223,2034,pos,0 days 01:22:24.070000,0 days 02:20:39.582000
2024-07-07 15:25:36.812,OnTrack,186,10127,2034,pos,0 days 01:22:24.271000,0 days 02:20:39.783000
2024-07-07 15:25:37.092,OnTrack,171,9922,2035,pos,0 days 01:22:24.551000,0 days 02:20:40.063000
2024-07-07 15:25:37.412,OnTrack,155,9842,2036,pos,0 days 01:22:24.871000,0 days 02:20:40.383000
2024-07-07 15:25:37.672,OnTrack,115,9738,2037,pos,0 days 01:22:25.131000,0 days 02:20:40.643000
2024-07-07 15:25:37.932,OnTrack,60,9650,2039,pos,0 days 01:22:25.391000,0 days 02:20:40.903000
2024-07-07 15:25:38.092,OnTrack,20,9603,2039,pos,0 days 01:22:25.551000,0 days 02:20:41.063000
2024-07-07 15:25:38.332,OnTrack,-47,9544,2040,pos,0 days 01:22:25.791000,0 days 02:20:41.303000
2024-07-07 15:25:38.533,OnTrack,-106,9505,2040,pos,0 days 01:22:25.992000,0 days 02:20:41.504000
2024-07-07 15:25:38.813,OnTrack,-191,9465,2040,pos,0 days 01:22:26.272000,0 days 02:20:41.784000
2024-07-07 15:25:38.992,OnTrack,-246,9449,2041,pos,0 days 01:22:26.451000,0 days 02:20:41.963000
2024-07-07 15:25:39.152,OnTrack,-335,9441,2040,pos,0 days 01:22:26.611000,0 days 02:20:42.123000
2024-07-07 15:25:39.472,OnTrack,-387,9446,2041,pos,0 days 01:22:26.931000,0 days 02:20:42.443000
2024-07-07 15:25:39.752,OnTrack,-458,9469,2040,pos,0 days 01:22:27.211000,0 days 02:20:42.723000
2024-07-07 15:25:40.052,OnTrack,-557,9531,2038,pos,0 days 01:22:27.511000,0 days 02:20:43.023000
2024-07-07 15:25:40.312,OnTrack,-592,9562,2038,pos,0 days 01:22:27.771000,0 days 02:20:43.283000
2024-07-07 15:25:40.612,OnTrack,-651,9632,2036,pos,0 days 01:22:28.071000,0 days 02:20:43.583000
2024-07-07 15:25:40.813,OnTrack,-684,9685,2035,pos,0 days 01:22:28.272000,0 days 02:20:43.784000
2024-07-07 15:25:40.993,OnTrack,-710,9737,2034,pos,0 days 01:22:28.452000,0 days 02:20:43.964000
2024-07-07 15:25:41.293,OnTrack,-747,9840,2033,pos,0 days 01:22:28.752000,0 days 02:20:44.264000
2024-07-07 15:25:41.633,OnTrack,-770,9954,2032,pos,0 days 01:22:29.092000,0 days 02:20:44.604000
2024-07-07 15:25:41.793,OnTrack,-775,10015,2032,pos,0 days 01:22:29.252000,0 days 02:20:44.764000
2024-07-07 15:25:42.052,OnTrack,-774,10122,2031,pos,0 days 01:22:29.511000,0 days 02:20:45.023000
2024-07-07 15:25:42.232,OnTrack,-767,10200,2031,pos,0 days 01:22:29.691000,0 days 02:20:45.203000
2024-07-07 15:25:42.412,OnTrack,-755,10281,2030,pos,0 days 01:22:29.871000,0 days 02:20:45.383000
2024-07-07 15:25:42.692,OnTrack,-726,10411,2029,pos,0 days 01:22:30.151000,0 days 02:20:45.663000
2024-07-07 15:25:42.871,OnTrack,-695,10513,2028,pos,0 days 01:22:30.330000,0 days 02:20:45.842000
2024-07-07 15:25:43.052,OnTrack,-640,10659,2026,pos,0 days 01:22:30.511000,0 days 02:20:46.023000
2024-07-07 15:25:43.512,OnTrack,-533,10891,2023,pos,0 days 01:22:30.971000,0 days 02:20:46.483000
2024-07-07 15:25:43.932,OnTrack,-443,11061,2021,pos,0 days 01:22:31.391000,0 days 02:20:46.903000
2024-07-07 15:25:44.132,OnTrack,-365,11203,2021,pos,0 days 01:22:31.591000,0 days 02:20:47.103000
2024-07-07 15:25:44.513,OnTrack,-256,11377,2021,pos,0 days 01:22:31.972000,0 days 02:20:47.484000
2024-07-07 15:25:44.732,OnTrack,-139,11538,2021,pos,0 days 01:22:32.191000,0 days 02:20:47.703000
2024-07-07 15:25:45.073,OnTrack,-29,11676,2021,pos,0 days 01:22:32.532000,0 days 02:20:48.044000
2024-07-07 15:25:45.373,OnTrack,111,11830,2022,pos,0 days 01:22:32.832000,0 days 02:20:48.344000
2024-07-07 15:25:45.592,OnTrack,222,11939,2023,pos,0 days 01:22:33.051000,0 days 02:20:48.563000
2024-07-07 15:25:45.792,OnTrack,326,12036,2024,pos,0 days 01:22:33.251000,0 days 02:20:48.763000
2024-07-07 15:25:46.012,OnTrack,517,12192,2024,pos,0 days 01:22:33.471000,0 days 02:20:48.983000
2024-07-07 15:25:46.312,OnTrack,710,12327,2024,pos,0 days 01:22:33.771000,0 days 02:20:49.283000
2024-07-07 15:25:46.793,OnTrack,981,12470,2025,pos,0 days 01:22:34.252000,0 days 02:20:49.764000
2024-07-07 15:25:47.172,OnTrack,1199,12560,2025,pos,0 days 01:22:34.631000,0 days 02:20:50.143000
2024-07-07 15:25:47.353,OnTrack,1330,12606,2025,pos,0 days 01:22:34.812000,0 days 02:20:50.324000
2024-07-07 15:25:47.613,OnTrack,1584,12678,2025,pos,0 days 01:22:35.072000,0 days 02:20:50.584000
2024-07-07 15:25:48.032,OnTrack,1938,12751,2027,pos,0 days 01:22:35.491000,0 days 02:20:51.003000
2024-07-07 15:25:48.413,OnTrack,2162,12783,2029,pos,0 days 01:22:35.872000,0 days 02:20:51.384000
2024-07-07 15:25:48.653,OnTrack,2464,12818,2031,pos,0 days 01:22:36.112000,0 days 02:20:51.624000
2024-07-07 15:25:48.952,OnTrack,2592,12831,2032,pos,0 days 01:22:36.411000,0 days 02:20:51.923000
2024-07-07 15:25:49.212,OnTrack,2801,12853,2034,pos,0 days 01:22:36.671000,0 days 02:20:52.183000
2024-07-07 15:25:49.412,OnTrack,2963,12869,2036,pos,0 days 01:22:36.871000,0 days 02:20:52.383000
2024-07-07 15:25:49.632,OnTrack,3141,12887,2037,pos,0 days 01:22:37.091000,0 days 02:20:52.603000
2024-07-07 15:25:49.912,OnTrack,3435,12919,2039,pos,0 days 01:22:37.371000,0 days 02:20:52.883000
2024-07-07 15:25:50.312,OnTrack,3697,12948,2036,pos,0 days 01:22:37.771000,0 days 02:20:53.283000
2024-07-07 15:25:50.532,OnTrack,3878,12968,2042,pos,0 days 01:22:37.991000,0 days 02:20:53.503000
2024-07-07 15:25:50.752,OnTrack,4059,12989,2043,pos,0 days 01:22:38.211000,0 days 02:20:53.723000
2024-07-07 15:25:50.912,OnTrack,4190,13006,2044,pos,0 days 01:22:38.371000,0 days 02:20:53.883000
2024-07-07 15:25:51.072,OnTrack,4312,13022,2045,pos,0 days 01:22:38.531000,0 days 02:20:54.043000
2024-07-07 15:25:51.392,OnTrack,4662,13069,2047,pos,0 days 01:22:38.851000,0 days 02:20:54.363000
2024-07-07 15:25:51.772,OnTrack,4889,13094,2048,pos,0 days 01:22:39.231000,0 days 02:20:54.743000
2024-07-07 15:25:51.992,OnTrack,5131,13113,2049,pos,0 days 01:22:39.451000,0 days 02:20:54.963000
2024-07-07 15:25:52.312,OnTrack,5414,13100,2050,pos,0 days 01:22:39.771000,0 days 02:20:55.283000
2024-07-07 15:25:52.713,OnTrack,5622,13054,2051,pos,0 days 01:22:40.172000,0 days 02:20:55.684000
2024-07-07 15:25:53.072,OnTrack,5877,12950,2053,pos,0 days 01:22:40.531000,0 days 02:20:56.043000
2024-07-07 15:25:53.233,OnTrack,5982,12887,2053,pos,0 days 01:22:40.692000,0 days 02:20:56.204000
2024-07-07 15:25:53.452,OnTrack,6164,12749,2055,pos,0 days 01:22:40.911000,0 days 02:20:56.423000
2024-07-07 15:25:53.793,OnTrack,6300,12610,2055,pos,0 days 01:22:41.252000,0 days 02:20:56.764000
2024-07-07 15:25:53.952,OnTrack,6371,12514,2056,pos,0 days 01:22:41.411000,0 days 02:20:56.923000
2024-07-07 15:25:54.153,OnTrack,6449,12382,2057,pos,0 days 01:22:41.612000,0 days 02:20:57.124000
2024-07-07 15:25:54.413,OnTrack,6534,12201,2058,pos,0 days 01:22:41.872000,0 days 02:20:57.384000
2024-07-07 15:25:54.713,OnTrack,6612,11993,2059,pos,0 days 01:22:42.172000,0 days 02:20:57.684000
2024-07-07 15:25:54.953,OnTrack,6668,11809,2061,pos,0 days 01:22:42.412000,0 days 02:20:57.924000
2024-07-07 15:25:55.072,OnTrack,6692,11720,2061,pos,0 days 01:22:42.531000,0 days 02:20:58.043000
2024-07-07 15:25:55.233,OnTrack,6723,11601,2063,pos,0 days 01:22:42.692000,0 days 02:20:58.204000
2024-07-07 15:25:55.391,OnTrack,6752,11481,2063,pos,0 days 01:22:42.850000,0 days 02:20:58.362000
2024-07-07 15:25:55.712,OnTrack,6806,11238,2065,pos,0 days 01:22:43.171000,0 days 02:20:58.683000
2024-07-07 15:25:55.931,OnTrack,6839,11068,2066,pos,0 days 01:22:43.390000,0 days 02:20:58.902000
2024-07-07 15:25:56.052,OnTrack,6856,10969,2067,pos,0 days 01:22:43.511000,0 days 02:20:59.023000
2024-07-07 15:25:56.332,OnTrack,6890,10751,2069,pos,0 days 01:22:43.791000,0 days 02:20:59.303000
2024-07-07 15:25:56.552,OnTrack,6920,10515,2071,pos,0 days 01:22:44.011000,0 days 02:20:59.523000
2024-07-07 15:25:56.892,OnTrack,6941,10309,2072,pos,0 days 01:22:44.351000,0 days 02:20:59.863000
2024-07-07 15:25:57.092,OnTrack,6955,10149,2073,pos,0 days 01:22:44.551000,0 days 02:21:00.063000
2024-07-07 15:25:57.853,OnTrack,6981,9544,2075,pos,0 days 01:22:45.312000,0 days 02:21:00.824000
2024-07-07 15:25:58.112,OnTrack,6991,9210,2074,pos,0 days 01:22:45.571000,0 days 02:21:01.083000
2024-07-07 15:25:58.512,OnTrack,7010,8905,2072,pos,0 days 01:22:45.971000,0 days 02:21:01.483000
2024-07-07 15:25:58.872,OnTrack,7032,8725,2071,pos,0 days 01:22:46.331000,0 days 02:21:01.843000
2024-07-07 15:25:59.253,OnTrack,7098,8384,2069,pos,0 days 01:22:46.712000,0 days 02:21:02.224000
2024-07-07 15:25:59.612,OnTrack,7197,8024,2066,pos,0 days 01:22:47.071000,0 days 02:21:02.583000
2024-07-07 15:26:00.053,OnTrack,7301,7735,2062,pos,0 days 01:22:47.512000,0 days 02:21:03.024000
2024-07-07 15:26:00.313,OnTrack,7363,7579,2060,pos,0 days 01:22:47.772000,0 days 02:21:03.284000
2024-07-07 15:26:00.573,OnTrack,7442,7377,2059,pos,0 days 01:22:48.032000,0 days 02:21:03.544000
2024-07-07 15:26:00.712,OnTrack,7478,7269,2058,pos,0 days 01:22:48.171000,0 days 02:21:03.683000
2024-07-07 15:26:01.012,OnTrack,7529,7047,2058,pos,0 days 01:22:48.471000,0 days 02:21:03.983000
2024-07-07 15:26:01.273,OnTrack,7538,6860,2058,pos,0 days 01:22:48.732000,0 days 02:21:04.244000
2024-07-07 15:26:01.473,OnTrack,7506,6604,2058,pos,0 days 01:22:48.932000,0 days 02:21:04.444000
2024-07-07 15:26:01.892,OnTrack,7456,6378,2060,pos,0 days 01:22:49.351000,0 days 02:21:04.863000
2024-07-07 15:26:02.131,OnTrack,7410,6201,2061,pos,0 days 01:22:49.590000,0 days 02:21:05.102000
2024-07-07 15:26:02.312,OnTrack,7378,6068,2062,pos,0 days 01:22:49.771000,0 days 02:21:05.283000
2024-07-07 15:26:02.512,OnTrack,7334,5833,2063,pos,0 days 01:22:49.971000,0 days 02:21:05.483000
2024-07-07 15:26:02.912,OnTrack,7317,5635,2063,pos,0 days 01:22:50.371000,0 days 02:21:05.883000
2024-07-07 15:26:03.172,OnTrack,7333,5420,2062,pos,0 days 01:22:50.631000,0 days 02:21:06.143000
2024-07-07 15:26:03.412,OnTrack,7364,5302,2061,pos,0 days 01:22:50.871000,0 days 02:21:06.383000
2024-07-07 15:26:03.652,OnTrack,7425,5149,2059,pos,0 days 01:22:51.111000,0 days 02:21:06.623000
2024-07-07 15:26:03.952,OnTrack,7525,4968,2057,pos,0 days 01:22:51.411000,0 days 02:21:06.923000
2024-07-07 15:26:04.132,OnTrack,7617,4816,2054,pos,0 days 01:22:51.591000,0 days 02:21:07.103000
2024-07-07 15:26:04.552,OnTrack,7717,4624,2052,pos,0 days 01:22:52.011000,0 days 02:21:07.523000
2024-07-07 15:26:04.772,OnTrack,7770,4465,2050,pos,0 days 01:22:52.231000,0 days 02:21:07.743000
2024-07-07 15:26:05.132,OnTrack,7790,4293,2047,pos,0 days 01:22:52.591000,0 days 02:21:08.103000
2024-07-07 15:26:05.432,OnTrack,7752,4051,2043,pos,0 days 01:22:52.891000,0 days 02:21:08.403000
2024-07-07 15:26:05.692,OnTrack,7726,3974,2042,pos,0 days 01:22:53.151000,0 days 02:21:08.663000
2024-07-07 15:26:05.872,OnTrack,7687,3883,2040,pos,0 days 01:22:53.331000,0 days 02:21:08.843000
2024-07-07 15:26:06.192,OnTrack,7593,3720,2039,pos,0 days 01:22:53.651000,0 days 02:21:09.163000
2024-07-07 15:26:06.412,OnTrack,7507,3613,2037,pos,0 days 01:22:53.871000,0 days 02:21:09.383000
2024-07-07 15:26:06.593,OnTrack,7428,3538,2036,pos,0 days 01:22:54.052000,0 days 02:21:09.564000
2024-07-07 15:26:06.752,OnTrack,7348,3478,2035,pos,0 days 01:22:54.211000,0 days 02:21:09.723000
2024-07-07 15:26:06.913,OnTrack,7261,3424,2033,pos,0 days 01:22:54.372000,0 days 02:21:09.884000
2024-07-07 15:26:07.173,OnTrack,7111,3345,2032,pos,0 days 01:22:54.632000,0 days 02:21:10.144000
2024-07-07 15:26:07.393,OnTrack,6984,3276,2030,pos,0 days 01:22:54.852000,0 days 02:21:10.364000
2024-07-07 15:26:07.653,OnTrack,6801,3145,2029,pos,0 days 01:22:55.112000,0 days 02:21:10.624000
2024-07-07 15:26:08.033,OnTrack,6651,2999,2028,pos,0 days 01:22:55.492000,0 days 02:21:11.004000
2024-07-07 15:26:08.253,OnTrack,6546,2885,2027,pos,0 days 01:22:55.712000,0 days 02:21:11.224000
2024-07-07 15:26:08.452,OnTrack,6455,2778,2027,pos,0 days 01:22:55.911000,0 days 02:21:11.423000
2024-07-07 15:26:08.632,OnTrack,6322,2592,2027,pos,0 days 01:22:56.091000,0 days 02:21:11.603000
2024-07-07 15:26:09.092,OnTrack,6163,2323,2026,pos,0 days 01:22:56.551000,0 days 02:21:12.063000
2024-07-07 15:26:09.392,OnTrack,6094,2191,2025,pos,0 days 01:22:56.851000,0 days 02:21:12.363000
2024-07-07 15:26:09.672,OnTrack,6000,2004,2025,pos,0 days 01:22:57.131000,0 days 02:21:12.643000
2024-07-07 15:26:09.972,OnTrack,5900,1801,2024,pos,0 days 01:22:57.431000,0 days 02:21:12.943000
2024-07-07 15:26:10.052,OnTrack,5874,1746,2024,pos,0 days 01:22:57.511000,0 days 02:21:13.023000
2024-07-07 15:26:10.272,OnTrack,5804,1602,2023,pos,0 days 01:22:57.731000,0 days 02:21:13.243000
2024-07-07 15:26:10.492,OnTrack,5727,1442,2022,pos,0 days 01:22:57.951000,0 days 02:21:13.463000
2024-07-07 15:26:10.812,OnTrack,5613,1204,2021,pos,0 days 01:22:58.271000,0 days 02:21:13.783000
2024-07-07 15:26:11.052,OnTrack,5543,1055,2020,pos,0 days 01:22:58.511000,0 days 02:21:14.023000
2024-07-07 15:26:11.352,OnTrack,5438,835,2019,pos,0 days 01:22:58.811000,0 days 02:21:14.323000
2024-07-07 15:26:11.552,OnTrack,5369,692,2017,pos,0 days 01:22:59.011000,0 days 02:21:14.523000
2024-07-07 15:26:11.832,OnTrack,5251,448,2016,pos,0 days 01:22:59.291000,0 days 02:21:14.803000
2024-07-07 15:26:12.172,OnTrack,5153,246,2014,pos,0 days 01:22:59.631000,0 days 02:21:15.143000
2024-07-07 15:26:12.392,OnTrack,5047,27,2012,pos,0 days 01:22:59.851000,0 days 02:21:15.363000
2024-07-07 15:26:12.732,OnTrack,4956,-162,2011,pos,0 days 01:23:00.191000,0 days 02:21:15.703000
2024-07-07 15:26:12.893,OnTrack,4900,-279,2010,pos,0 days 01:23:00.352000,0 days 02:21:15.864000
2024-07-07 15:26:13.173,OnTrack,4801,-485,2009,pos,0 days 01:23:00.632000,0 days 02:21:16.144000
2024-07-07 15:26:13.393,OnTrack,4679,-736,2008,pos,0 days 01:23:00.852000,0 days 02:21:16.364000
2024-07-07 15:26:13.713,OnTrack,4610,-879,2007,pos,0 days 01:23:01.172000,0 days 02:21:16.684000
2024-07-07 15:26:14.112,OnTrack,4463,-1183,2004,pos,0 days 01:23:01.571000,0 days 02:21:17.083000
2024-07-07 15:26:14.213,OnTrack,4426,-1258,2003,pos,0 days 01:23:01.672000,0 days 02:21:17.184000
2024-07-07 15:26:14.372,OnTrack,4368,-1377,2002,pos,0 days 01:23:01.831000,0 days 02:21:17.343000
2024-07-07 15:26:14.553,OnTrack,4305,-1503,2000,pos,0 days 01:23:02.012000,0 days 02:21:17.524000
2024-07-07 15:26:14.833,OnTrack,4198,-1719,1998,pos,0 days 01:23:02.292000,0 days 02:21:17.804000
2024-07-07 15:26:15.073,OnTrack,4113,-1890,1996,pos,0 days 01:23:02.532000,0 days 02:21:18.044000
2024-07-07 15:26:15.191,OnTrack,4068,-1979,1995,pos,0 days 01:23:02.650000,0 days 02:21:18.162000
2024-07-07 15:26:15.471,OnTrack,3958,-2194,1994,pos,0 days 01:23:02.930000,0 days 02:21:18.442000
2024-07-07 15:26:15.692,OnTrack,3823,-2455,1994,pos,0 days 01:23:03.151000,0 days 02:21:18.663000
2024-07-07 15:26:15.992,OnTrack,3761,-2573,1995,pos,0 days 01:23:03.451000,0 days 02:21:18.963000
2024-07-07 15:26:16.292,OnTrack,3607,-2861,1998,pos,0 days 01:23:03.751000,0 days 02:21:19.263000
2024-07-07 15:26:16.592,OnTrack,3528,-3002,2001,pos,0 days 01:23:04.051000,0 days 02:21:19.563000
2024-07-07 15:26:16.872,OnTrack,3415,-3198,2005,pos,0 days 01:23:04.331000,0 days 02:21:19.843000
2024-07-07 15:26:17.052,OnTrack,3341,-3321,2007,pos,0 days 01:23:04.511000,0 days 02:21:20.023000
2024-07-07 15:26:17.212,OnTrack,3276,-3421,2010,pos,0 days 01:23:04.671000,0 days 02:21:20.183000
2024-07-07 15:26:17.512,OnTrack,3131,-3618,2015,pos,0 days 01:23:04.971000,0 days 02:21:20.483000
2024-07-07 15:26:17.772,OnTrack,2972,-3795,2018,pos,0 days 01:23:05.231000,0 days 02:21:20.743000
2024-07-07 15:26:18.092,OnTrack,2837,-3909,2021,pos,0 days 01:23:05.551000,0 days 02:21:21.063000
2024-07-07 15:26:18.352,OnTrack,2688,-4000,2024,pos,0 days 01:23:05.811000,0 days 02:21:21.323000
2024-07-07 15:26:18.612,OnTrack,2524,-4070,2027,pos,0 days 01:23:06.071000,0 days 02:21:21.583000
2024-07-07 15:26:19.032,OnTrack,2299,-4115,2030,pos,0 days 01:23:06.491000,0 days 02:21:22.003000
2024-07-07 15:26:19.212,OnTrack,2189,-4115,2032,pos,0 days 01:23:06.671000,0 days 02:21:22.183000
2024-07-07 15:26:19.393,OnTrack,1994,-4082,2033,pos,0 days 01:23:06.852000,0 days 02:21:22.364000
2024-07-07 15:26:19.733,OnTrack,1876,-4041,2033,pos,0 days 01:23:07.192000,0 days 02:21:22.704000
2024-07-07 15:26:19.953,OnTrack,1753,-3979,2033,pos,0 days 01:23:07.412000,0 days 02:21:22.924000
2024-07-07 15:26:20.233,OnTrack,1606,-3874,2032,pos,0 days 01:23:07.692000,0 days 02:21:23.204000
2024-07-07 15:26:20.493,OnTrack,1483,-3756,2031,pos,0 days 01:23:07.952000,0 days 02:21:23.464000
2024-07-07 15:26:20.672,OnTrack,1409,-3671,2030,pos,0 days 01:23:08.131000,0 days 02:21:23.643000
2024-07-07 15:26:20.833,OnTrack,1291,-3499,2027,pos,0 days 01:23:08.292000,0 days 02:21:23.804000
2024-07-07 15:26:21.133,OnTrack,1236,-3405,2024,pos,0 days 01:23:08.592000,0 days 02:21:24.104000
2024-07-07 15:26:21.333,OnTrack,1171,-3283,2021,pos,0 days 01:23:08.792000,0 days 02:21:24.304000
2024-07-07 15:26:21.573,OnTrack,1093,-3136,2016,pos,0 days 01:23:09.032000,0 days 02:21:24.544000
2024-07-07 15:26:21.872,OnTrack,988,-2952,2008,pos,0 days 01:23:09.331000,0 days 02:21:24.843000
2024-07-07 15:26:22.152,OnTrack,878,-2782,2000,pos,0 days 01:23:09.611000,0 days 02:21:25.123000
2024-07-07 15:26:22.272,OnTrack,767,-2628,1993,pos,0 days 01:23:09.731000,0 days 02:21:25.243000
2024-07-07 15:26:22.732,OnTrack,625,-2436,1987,pos,0 days 01:23:10.191000,0 days 02:21:25.703000
2024-07-07 15:26:22.912,OnTrack,545,-2327,1985,pos,0 days 01:23:10.371000,0 days 02:21:25.883000
2024-07-07 15:26:23.852,OnTrack,93,-1748,1986,pos,0 days 01:23:11.311000,0 days 02:21:26.823000
2024-07-07 15:26:24.052,OnTrack,0,-1641,1986,pos,0 days 01:23:11.511000,0 days 02:21:27.023000
2024-07-07 15:26:24.432,OnTrack,-199,-1416,1984,pos,0 days 01:23:11.891000,0 days 02:21:27.403000
2024-07-07 15:26:24.833,OnTrack,-393,-1197,1980,pos,0 days 01:23:12.292000,0 days 02:21:27.804000
2024-07-07 15:26:25.192,OnTrack,-479,-1106,1978,pos,0 days 01:23:12.651000,0 days 02:21:28.163000
2024-07-07 15:26:25.393,OnTrack,-577,-1022,1976,pos,0 days 01:23:12.852000,0 days 02:21:28.364000
2024-07-07 15:26:25.832,OnTrack,-699,-951,1975,pos,0 days 01:23:13.291000,0 days 02:21:28.803000
2024-07-07 15:26:26.253,OnTrack,-800,-919,1976,pos,0 days 01:23:13.712000,0 days 02:21:29.224000
2024-07-07 15:26:26.433,OnTrack,-853,-914,1976,pos,0 days 01:23:13.892000,0 days 02:21:29.404000
2024-07-07 15:26:26.612,OnTrack,-909,-912,1976,pos,0 days 01:23:14.071000,0 days 02:21:29.583000
2024-07-07 15:26:26.773,OnTrack,-954,-915,1977,pos,0 days 01:23:14.232000,0 days 02:21:29.744000
2024-07-07 15:26:26.952,OnTrack,-1003,-925,1978,pos,0 days 01:23:14.411000,0 days 02:21:29.923000
2024-07-07 15:26:27.293,OnTrack,-1091,-963,1978,pos,0 days 01:23:14.752000,0 days 02:21:30.264000
2024-07-07 15:26:27.533,OnTrack,-1152,-1003,1980,pos,0 days 01:23:14.992000,0 days 02:21:30.504000
2024-07-07 15:26:27.732,OnTrack,-1202,-1042,1980,pos,0 days 01:23:15.191000,0 days 02:21:30.703000
2024-07-07 15:26:27.913,OnTrack,-1257,-1084,1981,pos,0 days 01:23:15.372000,0 days 02:21:30.884000
2024-07-07 15:26:28.213,OnTrack,-1332,-1132,1981,pos,0 days 01:23:15.672000,0 days 02:21:31.184000
2024-07-07 15:26:28.472,OnTrack,-1446,-1170,1981,pos,0 days 01:23:15.931000,0 days 02:21:31.443000
2024-07-07 15:26:28.932,OnTrack,-1552,-1166,1980,pos,0 days 01:23:16.391000,0 days 02:21:31.903000
2024-07-07 15:26:29.192,OnTrack,-1654,-1139,1979,pos,0 days 01:23:16.651000,0 days 02:21:32.163000
2024-07-07 15:26:29.512,OnTrack,-1787,-1079,1978,pos,0 days 01:23:16.971000,0 days 02:21:32.483000
2024-07-07 15:26:29.951,OnTrack,-1877,-1015,1977,pos,0 days 01:23:17.410000,0 days 02:21:32.922000
2024-07-07 15:26:30.112,OnTrack,-1922,-973,1976,pos,0 days 01:23:17.571000,0 days 02:21:33.083000
2024-07-07 15:26:30.392,OnTrack,-1996,-887,1975,pos,0 days 01:23:17.851000,0 days 02:21:33.363000
2024-07-07 15:26:30.492,OnTrack,-2022,-854,1975,pos,0 days 01:23:17.951000,0 days 02:21:33.463000
2024-07-07 15:26:30.832,OnTrack,-2138,-698,1974,pos,0 days 01:23:18.291000,0 days 02:21:33.803000
2024-07-07 15:26:31.232,OnTrack,-2230,-504,1973,pos,0 days 01:23:18.691000,0 days 02:21:34.203000
2024-07-07 15:26:31.633,OnTrack,-2288,-299,1971,pos,0 days 01:23:19.092000,0 days 02:21:34.604000
2024-07-07 15:26:31.933,OnTrack,-2302,-211,1970,pos,0 days 01:23:19.392000,0 days 02:21:34.904000
2024-07-07 15:26:32.272,OnTrack,-2314,-14,1967,pos,0 days 01:23:19.731000,0 days 02:21:35.243000
2024-07-07 15:26:32.433,OnTrack,-2311,81,1966,pos,0 days 01:23:19.892000,0 days 02:21:35.404000
2024-07-07 15:26:32.672,OnTrack,-2286,263,1965,pos,0 days 01:23:20.131000,0 days 02:21:35.643000
2024-07-07 15:26:33.013,OnTrack,-2239,435,1963,pos,0 days 01:23:20.472000,0 days 02:21:35.984000
2024-07-07 15:26:33.253,OnTrack,-2177,580,1963,pos,0 days 01:23:20.712000,0 days 02:21:36.224000
2024-07-07 15:26:33.513,OnTrack,-2062,783,1962,pos,0 days 01:23:20.972000,0 days 02:21:36.484000
2024-07-07 15:26:33.913,OnTrack,-1864,1062,1963,pos,0 days 01:23:21.372000,0 days 02:21:36.884000
2024-07-07 15:26:34.312,OnTrack,-1755,1211,1963,pos,0 days 01:23:21.771000,0 days 02:21:37.283000
Lap_data
Time,Driver,DriverNumber,LapTime,LapNumber,Stint,PitOutTime,PitInTime,Sector1Time,Sector2Time,Sector3Time,Sector1SessionTime,Sector2SessionTime,Sector3SessionTime,SpeedI1,SpeedI2,SpeedFL,SpeedST,IsPersonalBest,Compound,TyreLife,FreshTyre,Team,LapStartTime,LapStartDate,TrackStatus,Position,Deleted,DeletedReason,FastF1Generated,IsAccurate
0 days 00:59:58.030000,ZHO,24,0 days 00:01:42.231000,1.0000000000,1.0000000000,,,,0 days 00:00:40.040000,0 days 00:00:25.831000,,0 days 00:59:32.350000,0 days 00:59:58.093000,292.0000000000,257.0000000000,245.0000000000,309.0000000000,False,SOFT,1.0000000000,True,Kick Sauber,0 days 00:58:15.512000,2024-07-07 14:03:12.541,1,15.0000000000,False,,False,False
0 days 01:01:31.593000,ZHO,24,0 days 00:01:33.563000,2.0000000000,1.0000000000,,,0 days 00:00:29.847000,0 days 00:00:38.170000,0 days 00:00:25.546000,0 days 01:00:27.879000,0 days 01:01:06.049000,0 days 01:01:31.595000,312.0000000000,259.0000000000,246.0000000000,329.0000000000,True,SOFT,2.0000000000,True,Kick Sauber,0 days 00:59:58.030000,2024-07-07 14:04:55.059,1,14.0000000000,False,,False,True
0 days 01:03:05.080000,ZHO,24,0 days 00:01:33.487000,3.0000000000,1.0000000000,,,0 days 00:00:29.885000,0 days 00:00:38.053000,0 days 00:00:25.549000,0 days 01:02:01.480000,0 days 01:02:39.533000,0 days 01:03:05.082000,307.0000000000,258.0000000000,246.0000000000,321.0000000000,True,SOFT,3.0000000000,True,Kick Sauber,0 days 01:01:31.593000,2024-07-07 14:06:28.622,1,14.0000000000,False,,False,True
0 days 01:04:38.301000,ZHO,24,0 days 00:01:33.221000,4.0000000000,1.0000000000,,,0 days 00:00:29.724000,0 days 00:00:38.020000,0 days 00:00:25.477000,0 days 01:03:34.806000,0 days 01:04:12.826000,0 days 01:04:38.303000,309.0000000000,258.0000000000,245.0000000000,321.0000000000,True,SOFT,4.0000000000,True,Kick Sauber,0 days 01:03:05.080000,2024-07-07 14:08:02.109,1,14.0000000000,False,,False,True
0 days 01:06:11.572000,ZHO,24,0 days 00:01:33.271000,5.0000000000,1.0000000000,,,0 days 00:00:29.833000,0 days 00:00:37.992000,0 days 00:00:25.446000,0 days 01:05:08.136000,0 days 01:05:46.128000,0 days 01:06:11.574000,311.0000000000,258.0000000000,245.0000000000,323.0000000000,False,SOFT,5.0000000000,True,Kick Sauber,0 days 01:04:38.301000,2024-07-07 14:09:35.330,1,14.0000000000,False,,False,True
0 days 01:07:45.360000,ZHO,24,0 days 00:01:33.788000,6.0000000000,1.0000000000,,,0 days 00:00:29.781000,0 days 00:00:37.972000,0 days 00:00:26.035000,0 days 01:06:41.355000,0 days 01:07:19.327000,0 days 01:07:45.362000,306.0000000000,253.0000000000,245.0000000000,299.0000000000,False,SOFT,6.0000000000,True,Kick Sauber,0 days 01:06:11.572000,2024-07-07 14:11:08.601,1,14.0000000000,False,,False,True
0 days 01:09:19.870000,ZHO,24,0 days 00:01:34.510000,7.0000000000,1.0000000000,,,0 days 00:00:30.318000,0 days 00:00:38.563000,0 days 00:00:25.629000,0 days 01:08:15.680000,0 days 01:08:54.243000,0 days 01:09:19.872000,285.0000000000,257.0000000000,244.0000000000,316.0000000000,False,SOFT,7.0000000000,True,Kick Sauber,0 days 01:07:45.360000,2024-07-07 14:12:42.389,1,15.0000000000,False,,False,True
0 days 01:10:56.193000,ZHO,24,0 days 00:01:36.323000,8.0000000000,1.0000000000,,,0 days 00:00:30.293000,0 days 00:00:39.586000,0 days 00:00:26.444000,0 days 01:09:50.165000,0 days 01:10:29.751000,0 days 01:10:56.195000,287.0000000000,253.0000000000,244.0000000000,313.0000000000,False,SOFT,8.0000000000,True,Kick Sauber,0 days 01:09:19.870000,2024-07-07 14:14:16.899,1,18.0000000000,False,,False,True
0 days 01:12:31.515000,ZHO,24,0 days 00:01:35.322000,9.0000000000,1.0000000000,,,0 days 00:00:30.439000,0 days 00:00:38.755000,0 days 00:00:26.128000,0 days 01:11:26.634000,0 days 01:12:05.389000,0 days 01:12:31.517000,,253.0000000000,243.0000000000,291.0000000000,False,SOFT,9.0000000000,True,Kick Sauber,0 days 01:10:56.193000,2024-07-07 14:15:53.222,1,18.0000000000,False,,False,True
0 days 01:14:07.343000,ZHO,24,0 days 00:01:35.828000,10.0000000000,1.0000000000,,,0 days 00:00:30.416000,0 days 00:00:38.453000,0 days 00:00:26.959000,0 days 01:13:01.933000,0 days 01:13:40.386000,0 days 01:14:07.345000,286.0000000000,252.0000000000,244.0000000000,279.0000000000,False,SOFT,10.0000000000,True,Kick Sauber,0 days 01:12:31.515000,2024-07-07 14:17:28.544,1,19.0000000000,False,,False,True
0 days 01:15:42.355000,ZHO,24,0 days 00:01:35.012000,11.0000000000,1.0000000000,,,0 days 00:00:30.324000,0 days 00:00:38.656000,0 days 00:00:26.032000,0 days 01:14:37.669000,0 days 01:15:16.325000,0 days 01:15:42.357000,289.0000000000,251.0000000000,244.0000000000,292.0000000000,False,SOFT,11.0000000000,True,Kick Sauber,0 days 01:14:07.343000,2024-07-07 14:19:04.372,1,19.0000000000,False,,False,True
0 days 01:17:16.590000,ZHO,24,0 days 00:01:34.235000,12.0000000000,1.0000000000,,0 days 01:17:10.690000,0 days 00:00:30.257000,0 days 00:00:38.295000,0 days 00:00:25.683000,0 days 01:16:12.614000,0 days 01:16:50.909000,0 days 01:17:16.592000,285.0000000000,253.0000000000,,290.0000000000,False,SOFT,12.0000000000,True,Kick Sauber,0 days 01:15:42.355000,2024-07-07 14:20:39.384,1,19.0000000000,False,,False,False
0 days 01:19:11.639000,ZHO,24,0 days 00:01:55.049000,13.0000000000,2.0000000000,0 days 01:17:39.833000,,0 days 00:00:51.314000,0 days 00:00:38.044000,0 days 00:00:25.691000,0 days 01:18:07.906000,0 days 01:18:45.950000,0 days 01:19:11.641000,283.0000000000,253.0000000000,247.0000000000,287.0000000000,False,MEDIUM,1.0000000000,True,Kick Sauber,0 days 01:17:16.590000,2024-07-07 14:22:13.619,1,19.0000000000,False,,False,False
0 days 01:20:44.089000,ZHO,24,0 days 00:01:32.450000,14.0000000000,2.0000000000,,,0 days 00:00:29.389000,0 days 00:00:37.429000,0 days 00:00:25.632000,0 days 01:19:41.030000,0 days 01:20:18.459000,0 days 01:20:44.091000,285.0000000000,254.0000000000,246.0000000000,288.0000000000,True,MEDIUM,2.0000000000,True,Kick Sauber,0 days 01:19:11.639000,2024-07-07 14:24:08.668,1,19.0000000000,False,,False,True
0 days 01:22:16.568000,ZHO,24,0 days 00:01:32.479000,15.0000000000,2.0000000000,,,0 days 00:00:29.508000,0 days 00:00:37.561000,0 days 00:00:25.410000,0 days 01:21:13.599000,0 days 01:21:51.160000,0 days 01:22:16.570000,286.0000000000,256.0000000000,246.0000000000,289.0000000000,False,MEDIUM,3.0000000000,True,Kick Sauber,0 days 01:20:44.089000,2024-07-07 14:25:41.118,1,19.0000000000,False,,False,True
0 days 01:23:51.770000,ZHO,24,0 days 00:01:35.202000,16.0000000000,2.0000000000,,,0 days 00:00:29.675000,0 days 00:00:37.297000,0 days 00:00:28.230000,0 days 01:22:46.245000,0 days 01:23:23.542000,0 days 01:23:51.772000,284.0000000000,255.0000000000,233.0000000000,290.0000000000,False,MEDIUM,4.0000000000,True,Kick Sauber,0 days 01:22:16.568000,2024-07-07 14:27:13.597,1,19.0000000000,False,,False,True
0 days 01:25:29.876000,ZHO,24,0 days 00:01:38.106000,17.0000000000,2.0000000000,,,0 days 00:00:30.887000,0 days 00:00:39.097000,0 days 00:00:28.122000,0 days 01:24:22.659000,0 days 01:25:01.756000,0 days 01:25:29.878000,287.0000000000,254.0000000000,212.0000000000,298.0000000000,False,MEDIUM,5.0000000000,True,Kick Sauber,0 days 01:23:51.770000,2024-07-07 14:28:48.799,1,19.0000000000,False,,False,True
0 days 01:27:09.513000,ZHO,24,0 days 00:01:39.637000,18.0000000000,2.0000000000,,,0 days 00:00:32.577000,0 days 00:00:39.367000,0 days 00:00:27.693000,0 days 01:26:02.455000,0 days 01:26:41.822000,0 days 01:27:09.515000,278.0000000000,248.0000000000,229.0000000000,291.0000000000,False,MEDIUM,6.0000000000,True,Kick Sauber,0 days 01:25:29.876000,2024-07-07 14:30:26.905,1,19.0000000000,False,,False,True
0 days 01:28:55.826000,ZHO,24,0 days 00:01:46.313000,19.0000000000,2.0000000000,,0 days 01:28:49.813000,0 days 00:00:37.038000,0 days 00:00:42.017000,0 days 00:00:27.258000,0 days 01:27:46.553000,0 days 01:28:28.570000,0 days 01:28:55.828000,277.0000000000,238.0000000000,,292.0000000000,False,MEDIUM,7.0000000000,True,Kick Sauber,0 days 01:27:09.513000,2024-07-07 14:32:06.542,1,19.0000000000,False,,False,False
0 days 01:31:01.781000,ZHO,24,0 days 00:02:05.955000,20.0000000000,3.0000000000,0 days 01:29:19.709000,,0 days 00:00:55.824000,0 days 00:00:42.117000,0 days 00:00:28.014000,0 days 01:29:51.652000,0 days 01:30:33.769000,0 days 01:31:01.783000,283.0000000000,243.0000000000,232.0000000000,287.0000000000,False,INTERMEDIATE,1.0000000000,True,Kick Sauber,0 days 01:28:55.826000,2024-07-07 14:33:52.855,1,19.0000000000,False,,False,False
0 days 01:32:46.341000,ZHO,24,0 days 00:01:44.560000,21.0000000000,3.0000000000,,,0 days 00:00:32.701000,0 days 00:00:42.512000,0 days 00:00:29.347000,0 days 01:31:34.484000,0 days 01:32:16.996000,0 days 01:32:46.343000,282.0000000000,242.0000000000,213.0000000000,289.0000000000,False,INTERMEDIATE,2.0000000000,True,Kick Sauber,0 days 01:31:01.781000,2024-07-07 14:35:58.810,1,19.0000000000,False,,False,True
0 days 01:34:36.589000,ZHO,24,0 days 00:01:50.248000,22.0000000000,3.0000000000,,,0 days 00:00:35.886000,0 days 00:00:44.530000,0 days 00:00:29.832000,0 days 01:33:22.229000,0 days 01:34:06.759000,0 days 01:34:36.591000,283.0000000000,239.0000000000,214.0000000000,287.0000000000,False,INTERMEDIATE,3.0000000000,True,Kick Sauber,0 days 01:32:46.341000,2024-07-07 14:37:43.370,1,19.0000000000,False,,False,True
0 days 01:36:26.670000,ZHO,24,0 days 00:01:50.081000,23.0000000000,3.0000000000,,,0 days 00:00:34.464000,0 days 00:00:45.680000,0 days 00:00:29.937000,0 days 01:35:11.055000,0 days 01:35:56.735000,0 days 01:36:26.672000,288.0000000000,236.0000000000,211.0000000000,297.0000000000,False,INTERMEDIATE,4.0000000000,True,Kick Sauber,0 days 01:34:36.589000,2024-07-07 14:39:33.618,1,19.0000000000,False,,False,True
0 days 01:38:15.537000,ZHO,24,0 days 00:01:48.867000,24.0000000000,3.0000000000,,,0 days 00:00:34.457000,0 days 00:00:44.454000,0 days 00:00:29.956000,0 days 01:37:01.129000,0 days 01:37:45.583000,0 days 01:38:15.539000,289.0000000000,236.0000000000,207.0000000000,295.0000000000,False,INTERMEDIATE,5.0000000000,True,Kick Sauber,0 days 01:36:26.670000,2024-07-07 14:41:23.699,1,19.0000000000,False,,False,True
0 days 01:40:03.782000,ZHO,24,0 days 00:01:48.245000,25.0000000000,3.0000000000,,,0 days 00:00:33.856000,0 days 00:00:44.552000,0 days 00:00:29.837000,0 days 01:38:49.395000,0 days 01:39:33.947000,0 days 01:40:03.784000,283.0000000000,239.0000000000,215.0000000000,294.0000000000,False,INTERMEDIATE,6.0000000000,True,Kick Sauber,0 days 01:38:15.537000,2024-07-07 14:43:12.566,1,19.0000000000,False,,False,True
0 days 01:41:48.895000,ZHO,24,0 days 00:01:45.113000,26.0000000000,3.0000000000,,0 days 01:41:42.992000,0 days 00:00:33.799000,0 days 00:00:44.098000,0 days 00:00:27.216000,0 days 01:40:37.583000,0 days 01:41:21.681000,0 days 01:41:48.897000,280.0000000000,235.0000000000,,288.0000000000,False,INTERMEDIATE,7.0000000000,True,Kick Sauber,0 days 01:40:03.782000,2024-07-07 14:45:00.811,1,19.0000000000,False,,False,False
0 days 01:43:53.410000,ZHO,24,0 days 00:02:04.515000,27.0000000000,4.0000000000,0 days 01:42:12.065000,,0 days 00:00:53.952000,0 days 00:00:42.035000,0 days 00:00:28.528000,0 days 01:42:42.849000,0 days 01:43:24.884000,0 days 01:43:53.412000,279.0000000000,244.0000000000,227.0000000000,285.0000000000,False,INTERMEDIATE,1.0000000000,True,Kick Sauber,0 days 01:41:48.895000,2024-07-07 14:46:45.924,1,19.0000000000,False,,False,False
0 days 01:45:35.276000,ZHO,24,0 days 00:01:41.866000,28.0000000000,4.0000000000,,,0 days 00:00:32.137000,0 days 00:00:41.252000,0 days 00:00:28.477000,0 days 01:44:25.549000,0 days 01:45:06.801000,0 days 01:45:35.278000,,241.0000000000,231.0000000000,286.0000000000,False,INTERMEDIATE,2.0000000000,True,Kick Sauber,0 days 01:43:53.410000,2024-07-07 14:48:50.439,1,19.0000000000,False,,False,True
0 days 01:47:17.269000,ZHO,24,0 days 00:01:41.993000,29.0000000000,4.0000000000,,,0 days 00:00:32.073000,0 days 00:00:41.304000,0 days 00:00:28.616000,0 days 01:46:07.351000,0 days 01:46:48.655000,0 days 01:47:17.271000,283.0000000000,239.0000000000,231.0000000000,289.0000000000,False,INTERMEDIATE,3.0000000000,True,Kick Sauber,0 days 01:45:35.276000,2024-07-07 14:50:32.305,1,19.0000000000,False,,False,True
0 days 01:49:00.426000,ZHO,24,0 days 00:01:43.157000,30.0000000000,4.0000000000,,,0 days 00:00:32.392000,0 days 00:00:41.648000,0 days 00:00:29.117000,0 days 01:47:49.663000,0 days 01:48:31.311000,0 days 01:49:00.428000,282.0000000000,239.0000000000,225.0000000000,286.0000000000,False,INTERMEDIATE,4.0000000000,True,Kick Sauber,0 days 01:47:17.269000,2024-07-07 14:52:14.298,1,19.0000000000,False,,False,True
0 days 01:50:44.742000,ZHO,24,0 days 00:01:44.316000,31.0000000000,4.0000000000,,,0 days 00:00:32.443000,0 days 00:00:42.381000,0 days 00:00:29.492000,0 days 01:49:32.871000,0 days 01:50:15.252000,0 days 01:50:44.744000,,238.0000000000,220.0000000000,287.0000000000,False,INTERMEDIATE,5.0000000000,True,Kick Sauber,0 days 01:49:00.426000,2024-07-07 14:53:57.455,1,19.0000000000,False,,False,True
0 days 01:52:29.771000,ZHO,24,0 days 00:01:45.029000,32.0000000000,4.0000000000,,,0 days 00:00:32.927000,0 days 00:00:42.695000,0 days 00:00:29.407000,0 days 01:51:17.671000,0 days 01:52:00.366000,0 days 01:52:29.773000,283.0000000000,240.0000000000,220.0000000000,286.0000000000,False,INTERMEDIATE,6.0000000000,True,Kick Sauber,0 days 01:50:44.742000,2024-07-07 14:55:41.771,1,19.0000000000,False,,False,True
0 days 01:54:15.183000,ZHO,24,0 days 00:01:45.412000,33.0000000000,4.0000000000,,,0 days 00:00:33.253000,0 days 00:00:43.030000,0 days 00:00:29.129000,0 days 01:53:03.026000,0 days 01:53:46.056000,0 days 01:54:15.185000,282.0000000000,239.0000000000,225.0000000000,287.0000000000,False,INTERMEDIATE,7.0000000000,True,Kick Sauber,0 days 01:52:29.771000,2024-07-07 14:57:26.800,1,19.0000000000,False,,False,True
0 days 01:56:03.193000,ZHO,24,0 days 00:01:48.010000,34.0000000000,4.0000000000,,,0 days 00:00:33.092000,0 days 00:00:45.140000,0 days 00:00:29.778000,0 days 01:54:48.277000,0 days 01:55:33.417000,0 days 01:56:03.195000,,233.0000000000,230.0000000000,277.0000000000,False,INTERMEDIATE,8.0000000000,True,Kick Sauber,0 days 01:54:15.183000,2024-07-07 14:59:12.212,1,18.0000000000,False,,False,True
0 days 01:57:45.762000,ZHO,24,0 days 00:01:42.569000,35.0000000000,4.0000000000,,,0 days 00:00:32.458000,0 days 00:00:42.080000,0 days 00:00:28.031000,0 days 01:56:35.653000,0 days 01:57:17.733000,0 days 01:57:45.764000,293.0000000000,243.0000000000,234.0000000000,297.0000000000,False,INTERMEDIATE,9.0000000000,True,Kick Sauber,0 days 01:56:03.193000,2024-07-07 15:01:00.222,1,18.0000000000,False,,False,True
0 days 01:59:28.585000,ZHO,24,0 days 00:01:42.823000,36.0000000000,4.0000000000,,,0 days 00:00:32.080000,0 days 00:00:42.606000,0 days 00:00:28.137000,0 days 01:58:17.844000,0 days 01:59:00.450000,0 days 01:59:28.587000,286.0000000000,247.0000000000,228.0000000000,294.0000000000,False,INTERMEDIATE,10.0000000000,True,Kick Sauber,0 days 01:57:45.762000,2024-07-07 15:02:42.791,1,18.0000000000,False,,False,True
0 days 02:01:10.193000,ZHO,24,0 days 00:01:41.608000,37.0000000000,4.0000000000,,0 days 02:01:04.272000,0 days 00:00:32.279000,0 days 00:00:42.421000,0 days 00:00:26.908000,0 days 02:00:00.866000,0 days 02:00:43.287000,0 days 02:01:10.195000,280.0000000000,238.0000000000,,287.0000000000,False,INTERMEDIATE,11.0000000000,True,Kick Sauber,0 days 01:59:28.585000,2024-07-07 15:04:25.614,1,18.0000000000,False,,False,False
0 days 02:03:16.922000,ZHO,24,0 days 00:02:06.729000,38.0000000000,5.0000000000,0 days 02:01:37.255000,,0 days 00:00:59.418000,0 days 00:00:40.462000,0 days 00:00:26.849000,0 days 02:02:09.613000,0 days 02:02:50.075000,0 days 02:03:16.924000,275.0000000000,250.0000000000,244.0000000000,288.0000000000,False,SOFT,2.0000000000,False,Kick Sauber,0 days 02:01:10.193000,2024-07-07 15:06:07.222,1,18.0000000000,False,,False,False
0 days 02:04:49.618000,ZHO,24,0 days 00:01:32.696000,39.0000000000,5.0000000000,,,0 days 00:00:29.452000,0 days 00:00:37.479000,0 days 00:00:25.765000,0 days 02:03:46.376000,0 days 02:04:23.855000,0 days 02:04:49.620000,284.0000000000,254.0000000000,233.0000000000,289.0000000000,False,SOFT,3.0000000000,False,Kick Sauber,0 days 02:03:16.922000,2024-07-07 15:08:13.951,1,18.0000000000,False,,False,True
0 days 02:06:22.788000,ZHO,24,0 days 00:01:33.170000,40.0000000000,5.0000000000,,,0 days 00:00:30.316000,0 days 00:00:37.298000,0 days 00:00:25.556000,0 days 02:05:19.936000,0 days 02:05:57.234000,0 days 02:06:22.790000,305.0000000000,256.0000000000,249.0000000000,293.0000000000,False,SOFT,4.0000000000,False,Kick Sauber,0 days 02:04:49.618000,2024-07-07 15:09:46.647,1,18.0000000000,False,,False,True
0 days 02:07:53.939000,ZHO,24,0 days 00:01:31.151000,41.0000000000,5.0000000000,,,0 days 00:00:29.163000,0 days 00:00:36.746000,0 days 00:00:25.242000,0 days 02:06:51.953000,0 days 02:07:28.699000,0 days 02:07:53.941000,285.0000000000,257.0000000000,249.0000000000,292.0000000000,True,SOFT,5.0000000000,False,Kick Sauber,0 days 02:06:22.788000,2024-07-07 15:11:19.817,1,18.0000000000,False,,False,True
0 days 02:09:25.060000,ZHO,24,0 days 00:01:31.121000,42.0000000000,5.0000000000,,,0 days 00:00:29.293000,0 days 00:00:36.625000,0 days 00:00:25.203000,0 days 02:08:23.234000,0 days 02:08:59.859000,0 days 02:09:25.062000,286.0000000000,260.0000000000,249.0000000000,292.0000000000,True,SOFT,6.0000000000,False,Kick Sauber,0 days 02:07:53.939000,2024-07-07 15:12:50.968,1,18.0000000000,False,,False,True
0 days 02:10:56.074000,ZHO,24,0 days 00:01:31.014000,43.0000000000,5.0000000000,,,0 days 00:00:29.221000,0 days 00:00:36.708000,0 days 00:00:25.085000,0 days 02:09:54.283000,0 days 02:10:30.991000,0 days 02:10:56.076000,,259.0000000000,249.0000000000,293.0000000000,True,SOFT,7.0000000000,False,Kick Sauber,0 days 02:09:25.060000,2024-07-07 15:14:22.089,1,18.0000000000,False,,False,True
0 days 02:12:27.452000,ZHO,24,0 days 00:01:31.378000,44.0000000000,5.0000000000,,,0 days 00:00:29.293000,0 days 00:00:36.883000,0 days 00:00:25.202000,0 days 02:11:25.369000,0 days 02:12:02.252000,0 days 02:12:27.454000,285.0000000000,258.0000000000,250.0000000000,293.0000000000,False,SOFT,8.0000000000,False,Kick Sauber,0 days 02:10:56.074000,2024-07-07 15:15:53.103,1,18.0000000000,False,,False,True
0 days 02:13:58.812000,ZHO,24,0 days 00:01:31.360000,45.0000000000,5.0000000000,,,0 days 00:00:29.387000,0 days 00:00:36.896000,0 days 00:00:25.077000,0 days 02:12:56.841000,0 days 02:13:33.737000,0 days 02:13:58.814000,,258.0000000000,249.0000000000,291.0000000000,False,SOFT,9.0000000000,False,Kick Sauber,0 days 02:12:27.452000,2024-07-07 15:17:24.481,1,18.0000000000,False,,False,True
0 days 02:15:30.242000,ZHO,24,0 days 00:01:31.430000,46.0000000000,5.0000000000,,,0 days 00:00:29.359000,0 days 00:00:37.049000,0 days 00:00:25.022000,0 days 02:14:28.173000,0 days 02:15:05.222000,0 days 02:15:30.244000,284.0000000000,260.0000000000,250.0000000000,291.0000000000,False,SOFT,10.0000000000,False,Kick Sauber,0 days 02:13:58.812000,2024-07-07 15:18:55.841,1,18.0000000000,False,,False,True
0 days 02:17:01.525000,ZHO,24,0 days 00:01:31.283000,47.0000000000,5.0000000000,,,0 days 00:00:29.365000,0 days 00:00:36.915000,0 days 00:00:25.003000,0 days 02:15:59.609000,0 days 02:16:36.524000,0 days 02:17:01.527000,286.0000000000,259.0000000000,249.0000000000,291.0000000000,False,SOFT,11.0000000000,False,Kick Sauber,0 days 02:15:30.242000,2024-07-07 15:20:27.271,1,18.0000000000,False,,False,True
0 days 02:18:33.081000,ZHO,24,0 days 00:01:31.556000,48.0000000000,5.0000000000,,,0 days 00:00:29.466000,0 days 00:00:37.132000,0 days 00:00:24.958000,0 days 02:17:30.993000,0 days 02:18:08.125000,0 days 02:18:33.083000,285.0000000000,260.0000000000,249.0000000000,292.0000000000,False,SOFT,12.0000000000,False,Kick Sauber,0 days 02:17:01.525000,2024-07-07 15:21:58.554,1,18.0000000000,False,,False,True
0 days 02:20:05.585000,ZHO,24,0 days 00:01:32.504000,49.0000000000,5.0000000000,,,0 days 00:00:29.613000,0 days 00:00:37.473000,0 days 00:00:25.418000,0 days 02:19:02.696000,0 days 02:19:40.169000,0 days 02:20:05.587000,287.0000000000,258.0000000000,249.0000000000,294.0000000000,False,SOFT,13.0000000000,False,Kick Sauber,0 days 02:18:33.081000,2024-07-07 15:23:30.110,1,18.0000000000,False,,False,True
0 days 02:21:37.334000,ZHO,24,0 days 00:01:31.749000,50.0000000000,5.0000000000,,,0 days 00:00:29.598000,0 days 00:00:37.130000,0 days 00:00:25.021000,0 days 02:20:35.185000,0 days 02:21:12.315000,0 days 02:21:37.336000,288.0000000000,259.0000000000,248.0000000000,295.0000000000,False,SOFT,14.0000000000,False,Kick Sauber,0 days 02:20:05.585000,2024-07-07 15:25:02.614,1,18.0000000000,False,,False,True
