F1 for AiM
Racer,Guanyu Zhou
Vehicle,Kick Sauber
Track,Circuit de Barcelona-Catalunya
Championship,Season 2024
Car_data
Date,RPM,Speed,nGear,Throttle,Brake,DRS,Source,Time,SessionTime
2024-06-23 13:03:14.547,10610,0,1,23,True,1,car,0 days 00:00:00.134000,0 days 00:56:57.229000
2024-06-23 13:03:14.867,9937,0,1,23,True,1,car,0 days 00:00:00.454000,0 days 00:56:57.549000
2024-06-23 13:03:15.306,6857,11,1,22,True,1,car,0 days 00:00:00.893000,0 days 00:56:57.988000
2024-06-23 13:03:15.707,4986,23,1,23,True,1,car,0 days 00:00:01.294000,0 days 00:56:58.389000
2024-06-23 13:03:16.107,5339,36,1,29,True,1,car,0 days 00:00:01.694000,0 days 00:56:58.789000
2024-06-23 13:03:16.347,5718,47,1,40,True,1,car,0 days 00:00:01.934000,0 days 00:56:59.029000
2024-06-23 13:03:16.547,6789,55,1,48,True,1,car,0 days 00:00:02.134000,0 days 00:56:59.229000
2024-06-23 13:03:16.707,7104,59,1,50,True,1,car,0 days 00:00:02.294000,0 days 00:56:59.389000
2024-06-23 13:03:16.947,8504,72,1,57,True,1,car,0 days 00:00:02.534000,0 days 00:56:59.629000
2024-06-23 13:03:17.387,10761,89,1,67,True,1,car,0 days 00:00:02.974000,0 days 00:57:00.069000
2024-06-23 13:03:17.707,10613,102,1,74,True,1,car,0 days 00:00:03.294000,0 days 00:57:00.389000
2024-06-23 13:03:18.027,10846,122,2,88,True,1,car,0 days 00:00:03.614000,0 days 00:57:00.709000
2024-06-23 13:03:18.467,11024,144,3,100,True,1,car,0 days 00:00:04.054000,0 days 00:57:01.149000
2024-06-23 13:03:18.867,10697,163,4,100,True,1,car,0 days 00:00:04.454000,0 days 00:57:01.549000
2024-06-23 13:03:19.187,11206,176,4,100,True,1,car,0 days 00:00:04.774000,0 days 00:57:01.869000
2024-06-23 13:03:19.347,11630,184,4,100,True,1,car,0 days 00:00:04.934000,0 days 00:57:02.029000
2024-06-23 13:03:19.667,10289,195,5,100,True,1,car,0 days 00:00:05.254000,0 days 00:57:02.349000
2024-06-23 13:03:19.947,10909,204,5,100,True,1,car,0 days 00:00:05.534000,0 days 00:57:02.629000
2024-06-23 13:03:20.307,11508,214,5,100,True,1,car,0 days 00:00:05.894000,0 days 00:57:02.989000
2024-06-23 13:03:20.507,11386,219,5,100,True,1,car,0 days 00:00:06.094000,0 days 00:57:03.189000
2024-06-23 13:03:20.947,10645,232,6,100,True,1,car,0 days 00:00:06.534000,0 days 00:57:03.629000
2024-06-23 13:03:21.347,11193,243,6,100,True,1,car,0 days 00:00:06.934000,0 days 00:57:04.029000
2024-06-23 13:03:21.587,11516,248,6,100,True,1,car,0 days 00:00:07.174000,0 days 00:57:04.269000
2024-06-23 13:03:21.866,11670,252,6,100,True,1,car,0 days 00:00:07.453000,0 days 00:57:04.548000
2024-06-23 13:03:22.107,10752,259,6,100,True,1,car,0 days 00:00:07.694000,0 days 00:57:04.789000
2024-06-23 13:03:22.347,10361,264,7,100,True,1,car,0 days 00:00:07.934000,0 days 00:57:05.029000
2024-06-23 13:03:22.547,10733,265,7,100,True,1,car,0 days 00:00:08.134000,0 days 00:57:05.229000
2024-06-23 13:03:22.787,10733,267,7,100,True,1,car,0 days 00:00:08.374000,0 days 00:57:05.469000
2024-06-23 13:03:23.227,10921,272,7,100,True,1,car,0 days 00:00:08.814000,0 days 00:57:05.909000
2024-06-23 13:03:23.427,10997,274,7,100,True,1,car,0 days 00:00:09.014000,0 days 00:57:06.109000
2024-06-23 13:03:23.827,11082,277,7,100,True,1,car,0 days 00:00:09.414000,0 days 00:57:06.509000
2024-06-23 13:03:23.987,11154,278,7,100,True,1,car,0 days 00:00:09.574000,0 days 00:57:06.669000
2024-06-23 13:03:24.307,11226,280,7,100,True,1,car,0 days 00:00:09.894000,0 days 00:57:06.989000
2024-06-23 13:03:24.547,11320,282,7,100,True,1,car,0 days 00:00:10.134000,0 days 00:57:07.229000
2024-06-23 13:03:24.827,11405,284,7,100,True,1,car,0 days 00:00:10.414000,0 days 00:57:07.509000
2024-06-23 13:03:25.067,11480,287,7,100,True,1,car,0 days 00:00:10.654000,0 days 00:57:07.749000
2024-06-23 13:03:25.347,11549,289,7,100,True,1,car,0 days 00:00:10.934000,0 days 00:57:08.029000
2024-06-23 13:03:25.587,11629,289,7,100,True,1,car,0 days 00:00:11.174000,0 days 00:57:08.269000
2024-06-23 13:03:25.907,10724,290,7,100,True,1,car,0 days 00:00:11.494000,0 days 00:57:08.589000
2024-06-23 13:03:26.147,10573,290,8,100,True,1,car,0 days 00:00:11.734000,0 days 00:57:08.829000
2024-06-23 13:03:26.387,10492,292,8,100,True,1,car,0 days 00:00:11.974000,0 days 00:57:09.069000
2024-06-23 13:03:26.627,10012,286,8,87,True,1,car,0 days 00:00:12.214000,0 days 00:57:09.309000
2024-06-23 13:03:26.787,10094,279,8,0,False,1,car,0 days 00:00:12.374000,0 days 00:57:09.469000
2024-06-23 13:03:27.067,9533,271,8,0,True,1,car,0 days 00:00:12.654000,0 days 00:57:09.749000
2024-06-23 13:03:27.467,9432,237,7,0,True,1,car,0 days 00:00:13.054000,0 days 00:57:10.149000
2024-06-23 13:03:27.867,9452,210,6,0,True,1,car,0 days 00:00:13.454000,0 days 00:57:10.549000
2024-06-23 13:03:28.067,9141,198,6,0,True,1,car,0 days 00:00:13.654000,0 days 00:57:10.749000
2024-06-23 13:03:28.347,9840,184,5,0,True,1,car,0 days 00:00:13.934000,0 days 00:57:11.029000
2024-06-23 13:03:28.707,9055,167,5,0,True,1,car,0 days 00:00:14.294000,0 days 00:57:11.389000
2024-06-23 13:03:28.987,9132,149,4,0,True,1,car,0 days 00:00:14.574000,0 days 00:57:11.669000
2024-06-23 13:03:29.227,8557,137,4,0,True,1,car,0 days 00:00:14.814000,0 days 00:57:11.909000
2024-06-23 13:03:29.427,7886,131,4,0,True,1,car,0 days 00:00:15.014000,0 days 00:57:12.109000
2024-06-23 13:03:29.787,8555,122,4,0,True,1,car,0 days 00:00:15.374000,0 days 00:57:12.469000
2024-06-23 13:03:30.187,8356,116,3,0,True,1,car,0 days 00:00:15.774000,0 days 00:57:12.869000
2024-06-23 13:03:30.347,8315,115,3,0,True,1,car,0 days 00:00:15.934000,0 days 00:57:13.029000
2024-06-23 13:03:30.507,8113,112,3,7,False,1,car,0 days 00:00:16.094000,0 days 00:57:13.189000
2024-06-23 13:03:30.867,8361,112,3,17,False,1,car,0 days 00:00:16.454000,0 days 00:57:13.549000
2024-06-23 13:03:31.027,8249,111,3,9,False,1,car,0 days 00:00:16.614000,0 days 00:57:13.709000
2024-06-23 13:03:31.267,8138,111,3,10,False,1,car,0 days 00:00:16.854000,0 days 00:57:13.949000
2024-06-23 13:03:31.507,8472,110,3,32,False,1,car,0 days 00:00:17.094000,0 days 00:57:14.189000
2024-06-23 13:03:31.707,8399,112,3,43,False,1,car,0 days 00:00:17.294000,0 days 00:57:14.389000
2024-06-23 13:03:31.907,8739,114,3,42,False,1,car,0 days 00:00:17.494000,0 days 00:57:14.589000
2024-06-23 13:03:32.107,8903,117,3,45,False,1,car,0 days 00:00:17.694000,0 days 00:57:14.789000
2024-06-23 13:03:32.427,9080,123,3,50,False,1,car,0 days 00:00:18.014000,0 days 00:57:15.109000
2024-06-23 13:03:32.787,9494,125,3,0,False,1,car,0 days 00:00:18.374000,0 days 00:57:15.469000
2024-06-23 13:03:32.987,8988,121,3,2,False,1,car,0 days 00:00:18.574000,0 days 00:57:15.669000
2024-06-23 13:03:33.307,8472,121,3,24,False,1,car,0 days 00:00:18.894000,0 days 00:57:15.989000
2024-06-23 13:03:33.667,8990,119,3,41,False,1,car,0 days 00:00:19.254000,0 days 00:57:16.349000
2024-06-23 13:03:34.067,9640,125,3,65,False,1,car,0 days 00:00:19.654000,0 days 00:57:16.749000
2024-06-23 13:03:34.347,10224,133,3,80,False,1,car,0 days 00:00:19.934000,0 days 00:57:17.029000
2024-06-23 13:03:34.667,11073,141,3,83,False,1,car,0 days 00:00:20.254000,0 days 00:57:17.349000
2024-06-23 13:03:34.947,10377,155,4,100,False,1,car,0 days 00:00:20.534000,0 days 00:57:17.629000
2024-06-23 13:03:35.188,11185,163,4,100,False,1,car,0 days 00:00:20.775000,0 days 00:57:17.870000
2024-06-23 13:03:35.347,10912,170,4,100,False,1,car,0 days 00:00:20.934000,0 days 00:57:18.029000
2024-06-23 13:03:35.507,11067,170,4,100,False,1,car,0 days 00:00:21.094000,0 days 00:57:18.189000
2024-06-23 13:03:35.827,11309,186,4,100,False,1,car,0 days 00:00:21.414000,0 days 00:57:18.509000
2024-06-23 13:03:36.027,10478,193,5,100,False,1,car,0 days 00:00:21.614000,0 days 00:57:18.709000
2024-06-23 13:03:36.347,10829,200,5,81,False,1,car,0 days 00:00:21.934000,0 days 00:57:19.029000
2024-06-23 13:03:36.547,10947,205,5,65,False,1,car,0 days 00:00:22.134000,0 days 00:57:19.229000
2024-06-23 13:03:36.827,9453,202,5,13,False,1,car,0 days 00:00:22.414000,0 days 00:57:19.509000
2024-06-23 13:03:37.027,9079,199,6,15,False,1,car,0 days 00:00:22.614000,0 days 00:57:19.709000
2024-06-23 13:03:37.187,8964,199,6,21,False,1,car,0 days 00:00:22.774000,0 days 00:57:19.869000
2024-06-23 13:03:37.507,9124,195,6,72,False,1,car,0 days 00:00:23.094000,0 days 00:57:20.189000
2024-06-23 13:03:37.787,9136,198,6,84,False,1,car,0 days 00:00:23.374000,0 days 00:57:20.469000
2024-06-23 13:03:37.987,9232,202,6,79,False,1,car,0 days 00:00:23.574000,0 days 00:57:20.669000
2024-06-23 13:03:38.267,9377,203,6,70,False,1,car,0 days 00:00:23.854000,0 days 00:57:20.949000
2024-06-23 13:03:38.667,9480,207,6,53,False,1,car,0 days 00:00:24.254000,0 days 00:57:21.349000
2024-06-23 13:03:38.827,9542,205,6,68,False,1,car,0 days 00:00:24.414000,0 days 00:57:21.509000
2024-06-23 13:03:39.147,9616,208,6,59,False,1,car,0 days 00:00:24.734000,0 days 00:57:21.829000
2024-06-23 13:03:39.347,9464,208,6,36,False,1,car,0 days 00:00:24.934000,0 days 00:57:22.029000
2024-06-23 13:03:39.667,9942,204,6,52,False,1,car,0 days 00:00:25.254000,0 days 00:57:22.349000
2024-06-23 13:03:39.907,11032,204,5,78,False,1,car,0 days 00:00:25.494000,0 days 00:57:22.589000
2024-06-23 13:03:40.107,11196,207,5,65,False,1,car,0 days 00:00:25.694000,0 days 00:57:22.789000
2024-06-23 13:03:40.547,11496,214,5,80,False,1,car,0 days 00:00:26.134000,0 days 00:57:23.229000
2024-06-23 13:03:40.867,11554,220,5,100,False,1,car,0 days 00:00:26.454000,0 days 00:57:23.549000
2024-06-23 13:03:41.187,10534,226,6,100,False,1,car,0 days 00:00:26.774000,0 days 00:57:23.869000
2024-06-23 13:03:41.467,10759,234,6,100,False,1,car,0 days 00:00:27.054000,0 days 00:57:24.149000
2024-06-23 13:03:41.707,11011,237,6,100,False,1,car,0 days 00:00:27.294000,0 days 00:57:24.389000
2024-06-23 13:03:42.028,11163,243,6,100,False,1,car,0 days 00:00:27.615000,0 days 00:57:24.710000
2024-06-23 13:03:42.227,11311,249,6,100,False,1,car,0 days 00:00:27.814000,0 days 00:57:24.909000
2024-06-23 13:03:42.507,11597,252,6,100,False,1,car,0 days 00:00:28.094000,0 days 00:57:25.189000
2024-06-23 13:03:42.667,11664,256,6,100,False,1,car,0 days 00:00:28.254000,0 days 00:57:25.349000
2024-06-23 13:03:42.867,11164,258,6,100,False,1,car,0 days 00:00:28.454000,0 days 00:57:25.549000
2024-06-23 13:03:43.227,10617,263,6,100,False,1,car,0 days 00:00:28.814000,0 days 00:57:25.909000
2024-06-23 13:03:43.467,10671,267,7,100,False,1,car,0 days 00:00:29.054000,0 days 00:57:26.149000
2024-06-23 13:03:43.787,10852,270,7,100,False,1,car,0 days 00:00:29.374000,0 days 00:57:26.469000
2024-06-23 13:03:44.147,11077,277,7,100,False,1,car,0 days 00:00:29.734000,0 days 00:57:26.829000
2024-06-23 13:03:44.347,11215,279,7,100,False,1,car,0 days 00:00:29.934000,0 days 00:57:27.029000
2024-06-23 13:03:44.667,10692,279,7,0,True,1,car,0 days 00:00:30.254000,0 days 00:57:27.349000
2024-06-23 13:03:44.827,10604,263,7,0,True,1,car,0 days 00:00:30.414000,0 days 00:57:27.509000
2024-06-23 13:03:45.107,9519,243,7,0,True,1,car,0 days 00:00:30.694000,0 days 00:57:27.789000
2024-06-23 13:03:45.347,9779,218,6,0,True,1,car,0 days 00:00:30.934000,0 days 00:57:28.029000
2024-06-23 13:03:45.547,9145,203,6,0,True,1,car,0 days 00:00:31.134000,0 days 00:57:28.229000
2024-06-23 13:03:45.907,9465,184,5,0,True,1,car,0 days 00:00:31.494000,0 days 00:57:28.589000
2024-06-23 13:03:46.187,9278,170,5,0,True,1,car,0 days 00:00:31.774000,0 days 00:57:28.869000
2024-06-23 13:03:46.547,9377,158,4,0,True,1,car,0 days 00:00:32.134000,0 days 00:57:29.229000
2024-06-23 13:03:46.747,9060,147,4,0,True,1,car,0 days 00:00:32.334000,0 days 00:57:29.429000
2024-06-23 13:03:46.907,8685,144,4,0,True,1,car,0 days 00:00:32.494000,0 days 00:57:29.589000
2024-06-23 13:03:47.187,9201,138,4,0,True,1,car,0 days 00:00:32.774000,0 days 00:57:29.869000
2024-06-23 13:03:47.547,9408,128,3,0,False,1,car,0 days 00:00:33.134000,0 days 00:57:30.229000
2024-06-23 13:03:47.787,9212,126,3,0,False,1,car,0 days 00:00:33.374000,0 days 00:57:30.469000
2024-06-23 13:03:47.947,8999,124,3,5,False,1,car,0 days 00:00:33.534000,0 days 00:57:30.629000
2024-06-23 13:03:48.187,8865,121,3,8,False,1,car,0 days 00:00:33.774000,0 days 00:57:30.869000
2024-06-23 13:03:48.548,9009,119,3,48,False,1,car,0 days 00:00:34.135000,0 days 00:57:31.230000
2024-06-23 13:03:48.787,9228,122,3,55,False,1,car,0 days 00:00:34.374000,0 days 00:57:31.469000
2024-06-23 13:03:48.987,9673,125,3,58,False,1,car,0 days 00:00:34.574000,0 days 00:57:31.669000
2024-06-23 13:03:49.187,9675,129,3,61,False,1,car,0 days 00:00:34.774000,0 days 00:57:31.869000
2024-06-23 13:03:49.427,10456,136,3,61,False,1,car,0 days 00:00:35.014000,0 days 00:57:32.109000
2024-06-23 13:03:49.627,10723,140,3,69,False,1,car,0 days 00:00:35.214000,0 days 00:57:32.309000
2024-06-23 13:03:49.787,10023,142,3,65,False,1,car,0 days 00:00:35.374000,0 days 00:57:32.469000
2024-06-23 13:03:50.107,9648,151,4,73,False,1,car,0 days 00:00:35.694000,0 days 00:57:32.789000
2024-06-23 13:03:50.387,10278,157,4,72,False,1,car,0 days 00:00:35.974000,0 days 00:57:33.069000
2024-06-23 13:03:50.667,10838,165,4,80,False,1,car,0 days 00:00:36.254000,0 days 00:57:33.349000
2024-06-23 13:03:50.867,10912,169,4,70,False,1,car,0 days 00:00:36.454000,0 days 00:57:33.549000
2024-06-23 13:03:51.347,9659,182,5,82,False,1,car,0 days 00:00:36.934000,0 days 00:57:34.029000
2024-06-23 13:03:51.667,10164,184,5,86,False,1,car,0 days 00:00:37.254000,0 days 00:57:34.349000
2024-06-23 13:03:51.907,10723,196,5,93,False,1,car,0 days 00:00:37.494000,0 days 00:57:34.589000
2024-06-23 13:03:52.147,11165,205,5,100,False,1,car,0 days 00:00:37.734000,0 days 00:57:34.829000
2024-06-23 13:03:52.547,10161,217,5,100,False,1,car,0 days 00:00:38.134000,0 days 00:57:35.229000
2024-06-23 13:03:52.987,10410,228,6,100,False,1,car,0 days 00:00:38.574000,0 days 00:57:35.669000
2024-06-23 13:03:53.947,9299,196,6,0,True,1,car,0 days 00:00:39.534000,0 days 00:57:36.629000
2024-06-23 13:03:54.147,9869,183,5,0,True,1,car,0 days 00:00:39.734000,0 days 00:57:36.829000
2024-06-23 13:03:54.507,9590,177,5,0,True,1,car,0 days 00:00:40.094000,0 days 00:57:37.189000
2024-06-23 13:03:54.707,9290,157,4,0,True,1,car,0 days 00:00:40.294000,0 days 00:57:37.389000
2024-06-23 13:03:54.988,8762,141,4,0,True,1,car,0 days 00:00:40.575000,0 days 00:57:37.670000
2024-06-23 13:03:55.188,9323,133,4,0,True,1,car,0 days 00:00:40.775000,0 days 00:57:37.870000
2024-06-23 13:03:55.348,9044,125,3,0,True,1,car,0 days 00:00:40.935000,0 days 00:57:38.030000
2024-06-23 13:03:55.508,8693,122,3,0,True,1,car,0 days 00:00:41.095000,0 days 00:57:38.190000
2024-06-23 13:03:55.867,7878,110,3,0,True,1,car,0 days 00:00:41.454000,0 days 00:57:38.549000
2024-06-23 13:03:56.107,7410,106,3,0,True,1,car,0 days 00:00:41.694000,0 days 00:57:38.789000
2024-06-23 13:03:56.307,8073,98,3,0,True,1,car,0 days 00:00:41.894000,0 days 00:57:38.989000
2024-06-23 13:03:56.587,7856,91,2,0,True,1,car,0 days 00:00:42.174000,0 days 00:57:39.269000
2024-06-23 13:03:56.907,7769,87,2,0,False,1,car,0 days 00:00:42.494000,0 days 00:57:39.589000
2024-06-23 13:03:57.267,7875,88,2,22,False,1,car,0 days 00:00:42.854000,0 days 00:57:39.949000
2024-06-23 13:03:57.667,8261,91,2,31,False,1,car,0 days 00:00:43.254000,0 days 00:57:40.349000
2024-06-23 13:03:57.867,8510,92,2,41,False,1,car,0 days 00:00:43.454000,0 days 00:57:40.549000
2024-06-23 13:03:58.107,8848,97,2,43,False,1,car,0 days 00:00:43.694000,0 days 00:57:40.789000
2024-06-23 13:03:58.467,8292,105,3,53,False,1,car,0 days 00:00:44.054000,0 days 00:57:41.149000
2024-06-23 13:03:58.707,9074,110,3,60,False,1,car,0 days 00:00:44.294000,0 days 00:57:41.389000
2024-06-23 13:03:58.907,9554,116,3,63,False,1,car,0 days 00:00:44.494000,0 days 00:57:41.589000
2024-06-23 13:03:59.227,10259,123,3,64,False,1,car,0 days 00:00:44.814000,0 days 00:57:41.909000
2024-06-23 13:03:59.467,10368,129,3,78,False,1,car,0 days 00:00:45.054000,0 days 00:57:42.149000
2024-06-23 13:03:59.667,10625,142,3,82,False,1,car,0 days 00:00:45.254000,0 days 00:57:42.349000
2024-06-23 13:03:59.907,10140,151,4,95,False,1,car,0 days 00:00:45.494000,0 days 00:57:42.589000
2024-06-23 13:04:00.147,10560,165,4,100,False,1,car,0 days 00:00:45.734000,0 days 00:57:42.829000
2024-06-23 13:04:00.347,11302,174,4,100,False,1,car,0 days 00:00:45.934000,0 days 00:57:43.029000
2024-06-23 13:04:00.507,10838,179,4,100,False,1,car,0 days 00:00:46.094000,0 days 00:57:43.189000
2024-06-23 13:04:00.787,10322,190,5,100,False,1,car,0 days 00:00:46.374000,0 days 00:57:43.469000
2024-06-23 13:04:00.947,10575,197,5,100,False,1,car,0 days 00:00:46.534000,0 days 00:57:43.629000
2024-06-23 13:04:01.147,10959,205,5,100,False,1,car,0 days 00:00:46.734000,0 days 00:57:43.829000
2024-06-23 13:04:01.347,11252,210,5,100,False,1,car,0 days 00:00:46.934000,0 days 00:57:44.029000
2024-06-23 13:04:01.548,11538,218,5,100,False,1,car,0 days 00:00:47.135000,0 days 00:57:44.230000
2024-06-23 13:04:01.748,10797,221,6,100,False,1,car,0 days 00:00:47.335000,0 days 00:57:44.430000
2024-06-23 13:04:02.028,10504,231,6,100,False,1,car,0 days 00:00:47.615000,0 days 00:57:44.710000
2024-06-23 13:04:02.467,10910,240,6,100,False,1,car,0 days 00:00:48.054000,0 days 00:57:45.149000
2024-06-23 13:04:02.827,11285,246,6,100,False,1,car,0 days 00:00:48.414000,0 days 00:57:45.509000
2024-06-23 13:04:03.307,11180,250,6,100,False,1,car,0 days 00:00:48.894000,0 days 00:57:45.989000
2024-06-23 13:04:04.347,9093,179,5,0,True,1,car,0 days 00:00:49.934000,0 days 00:57:47.029000
2024-06-23 13:04:04.547,9598,167,4,0,True,1,car,0 days 00:00:50.134000,0 days 00:57:47.229000
2024-06-23 13:04:04.867,8759,154,4,0,True,1,car,0 days 00:00:50.454000,0 days 00:57:47.549000
2024-06-23 13:04:05.067,9896,136,4,0,True,1,car,0 days 00:00:50.654000,0 days 00:57:47.749000
2024-06-23 13:04:05.507,8857,124,3,0,True,1,car,0 days 00:00:51.094000,0 days 00:57:48.189000
2024-06-23 13:04:05.707,8543,118,3,0,True,1,car,0 days 00:00:51.294000,0 days 00:57:48.389000
2024-06-23 13:04:05.867,8600,116,3,0,False,1,car,0 days 00:00:51.454000,0 days 00:57:48.549000
2024-06-23 13:04:06.067,8563,113,3,12,False,1,car,0 days 00:00:51.654000,0 days 00:57:48.749000
2024-06-23 13:04:06.347,8469,111,3,16,False,1,car,0 days 00:00:51.934000,0 days 00:57:49.029000
2024-06-23 13:04:06.707,8603,111,3,30,False,1,car,0 days 00:00:52.294000,0 days 00:57:49.389000
2024-06-23 13:04:07.107,8903,116,3,52,False,1,car,0 days 00:00:52.694000,0 days 00:57:49.789000
2024-06-23 13:04:07.467,9779,124,3,70,False,1,car,0 days 00:00:53.054000,0 days 00:57:50.149000
2024-06-23 13:04:07.627,10024,130,3,70,False,1,car,0 days 00:00:53.214000,0 days 00:57:50.309000
2024-06-23 13:04:07.827,10809,134,3,86,False,1,car,0 days 00:00:53.414000,0 days 00:57:50.509000
2024-06-23 13:04:08.068,10513,148,3,100,False,1,car,0 days 00:00:53.655000,0 days 00:57:50.750000
2024-06-23 13:04:08.228,10067,152,4,100,False,1,car,0 days 00:00:53.815000,0 days 00:57:50.910000
2024-06-23 13:04:08.508,10524,165,4,89,False,1,car,0 days 00:00:54.095000,0 days 00:57:51.190000
2024-06-23 13:04:08.708,11059,168,4,78,False,1,car,0 days 00:00:54.295000,0 days 00:57:51.390000
2024-06-23 13:04:09.027,10923,170,4,58,False,1,car,0 days 00:00:54.614000,0 days 00:57:51.709000
2024-06-23 13:04:09.267,10365,171,4,43,False,1,car,0 days 00:00:54.854000,0 days 00:57:51.949000
2024-06-23 13:04:09.507,10597,171,4,48,False,1,car,0 days 00:00:55.094000,0 days 00:57:52.189000
2024-06-23 13:04:09.827,11240,176,4,68,False,1,car,0 days 00:00:55.414000,0 days 00:57:52.509000
2024-06-23 13:04:10.107,11093,182,4,93,False,1,car,0 days 00:00:55.694000,0 days 00:57:52.789000
2024-06-23 13:04:10.387,10435,192,5,100,False,1,car,0 days 00:00:55.974000,0 days 00:57:53.069000
2024-06-23 13:04:10.547,10577,199,5,100,False,1,car,0 days 00:00:56.134000,0 days 00:57:53.229000
2024-06-23 13:04:10.747,10894,203,5,100,False,1,car,0 days 00:00:56.334000,0 days 00:57:53.429000
2024-06-23 13:04:11.027,11222,208,5,100,False,1,car,0 days 00:00:56.614000,0 days 00:57:53.709000
2024-06-23 13:04:11.467,10100,214,6,100,False,1,car,0 days 00:00:57.054000,0 days 00:57:54.149000
2024-06-23 13:04:11.747,10041,219,6,91,False,1,car,0 days 00:00:57.334000,0 days 00:57:54.429000
2024-06-23 13:04:12.107,9598,211,6,18,True,1,car,0 days 00:00:57.694000,0 days 00:57:54.789000
2024-06-23 13:04:12.507,9356,207,6,22,False,1,car,0 days 00:00:58.094000,0 days 00:57:55.189000
2024-06-23 13:04:12.827,10604,201,5,1,False,1,car,0 days 00:00:58.414000,0 days 00:57:55.509000
2024-06-23 13:04:13.067,10665,197,5,40,False,1,car,0 days 00:00:58.654000,0 days 00:57:55.749000
2024-06-23 13:04:13.227,10408,196,5,48,False,1,car,0 days 00:00:58.814000,0 days 00:57:55.909000
2024-06-23 13:04:13.427,10404,194,5,50,False,1,car,0 days 00:00:59.014000,0 days 00:57:56.109000
2024-06-23 13:04:13.667,10399,195,5,58,False,1,car,0 days 00:00:59.254000,0 days 00:57:56.349000
2024-06-23 13:04:13.907,10539,196,5,58,False,1,car,0 days 00:00:59.494000,0 days 00:57:56.589000
2024-06-23 13:04:14.107,10836,197,5,98,False,1,car,0 days 00:00:59.694000,0 days 00:57:56.789000
2024-06-23 13:04:14.387,11137,208,5,100,False,1,car,0 days 00:00:59.974000,0 days 00:57:57.069000
2024-06-23 13:04:14.587,11352,212,5,100,False,1,car,0 days 00:01:00.174000,0 days 00:57:57.269000
2024-06-23 13:04:14.748,11638,217,5,100,False,1,car,0 days 00:01:00.335000,0 days 00:57:57.430000
2024-06-23 13:04:14.948,11302,221,5,100,False,1,car,0 days 00:01:00.535000,0 days 00:57:57.630000
2024-06-23 13:04:15.228,10545,225,6,100,False,1,car,0 days 00:01:00.815000,0 days 00:57:57.910000
2024-06-23 13:04:15.428,10595,233,6,100,False,1,car,0 days 00:01:01.015000,0 days 00:57:58.110000
2024-06-23 13:04:15.827,11009,240,6,100,False,1,car,0 days 00:01:01.414000,0 days 00:57:58.509000
2024-06-23 13:04:16.107,11279,244,6,100,False,1,car,0 days 00:01:01.694000,0 days 00:57:58.789000
2024-06-23 13:04:16.387,11415,249,6,100,False,1,car,0 days 00:01:01.974000,0 days 00:57:59.069000
2024-06-23 13:04:16.827,11458,259,6,100,False,1,car,0 days 00:01:02.414000,0 days 00:57:59.509000
2024-06-23 13:04:17.067,10003,261,7,100,False,1,car,0 days 00:01:02.654000,0 days 00:57:59.749000
2024-06-23 13:04:17.267,10688,264,7,100,False,1,car,0 days 00:01:02.854000,0 days 00:57:59.949000
2024-06-23 13:04:17.427,10704,266,7,100,False,1,car,0 days 00:01:03.014000,0 days 00:58:00.109000
2024-06-23 13:04:17.587,10722,267,7,100,False,1,car,0 days 00:01:03.174000,0 days 00:58:00.269000
2024-06-23 13:04:17.827,10896,272,7,100,False,1,car,0 days 00:01:03.414000,0 days 00:58:00.509000
2024-06-23 13:04:17.987,10952,273,7,100,False,1,car,0 days 00:01:03.574000,0 days 00:58:00.669000
2024-06-23 13:04:18.267,11085,276,7,100,False,1,car,0 days 00:01:03.854000,0 days 00:58:00.949000
2024-06-23 13:04:18.427,11122,278,7,100,False,1,car,0 days 00:01:04.014000,0 days 00:58:01.109000
2024-06-23 13:04:18.707,11225,279,7,100,False,1,car,0 days 00:01:04.294000,0 days 00:58:01.389000
2024-06-23 13:04:19.187,11256,281,7,100,False,1,car,0 days 00:01:04.774000,0 days 00:58:01.869000
2024-06-23 13:04:19.507,11258,282,7,100,False,1,car,0 days 00:01:05.094000,0 days 00:58:02.189000
2024-06-23 13:04:19.787,11255,282,7,100,False,1,car,0 days 00:01:05.374000,0 days 00:58:02.469000
2024-06-23 13:04:20.107,10122,254,7,0,True,1,car,0 days 00:01:05.694000,0 days 00:58:02.789000
2024-06-23 13:04:20.427,9185,222,7,0,True,1,car,0 days 00:01:06.014000,0 days 00:58:03.109000
2024-06-23 13:04:20.787,9543,189,6,0,True,1,car,0 days 00:01:06.374000,0 days 00:58:03.469000
2024-06-23 13:04:20.947,9246,175,5,0,True,1,car,0 days 00:01:06.534000,0 days 00:58:03.629000
2024-06-23 13:04:21.147,8933,160,5,0,True,1,car,0 days 00:01:06.734000,0 days 00:58:03.829000
2024-06-23 13:04:21.428,8934,142,4,0,True,1,car,0 days 00:01:07.015000,0 days 00:58:04.110000
2024-06-23 13:04:21.868,9107,130,3,0,True,1,car,0 days 00:01:07.455000,0 days 00:58:04.550000
2024-06-23 13:04:22.148,8585,117,3,0,True,1,car,0 days 00:01:07.735000,0 days 00:58:04.830000
2024-06-23 13:04:22.308,8300,116,3,0,True,1,car,0 days 00:01:07.895000,0 days 00:58:04.990000
2024-06-23 13:04:22.627,7939,111,3,0,True,1,car,0 days 00:01:08.214000,0 days 00:58:05.309000
2024-06-23 13:04:22.787,7781,106,3,0,True,1,car,0 days 00:01:08.374000,0 days 00:58:05.469000
2024-06-23 13:04:23.027,7472,102,3,1,False,1,car,0 days 00:01:08.614000,0 days 00:58:05.709000
2024-06-23 13:04:23.187,7480,101,3,0,False,1,car,0 days 00:01:08.774000,0 days 00:58:05.869000
2024-06-23 13:04:23.467,7589,99,3,12,False,1,car,0 days 00:01:09.054000,0 days 00:58:06.149000
2024-06-23 13:04:23.667,7545,99,3,23,False,1,car,0 days 00:01:09.254000,0 days 00:58:06.349000
2024-06-23 13:04:23.867,7571,99,3,26,False,1,car,0 days 00:01:09.454000,0 days 00:58:06.549000
2024-06-23 13:04:24.027,7921,101,3,30,False,1,car,0 days 00:01:09.614000,0 days 00:58:06.709000
2024-06-23 13:04:24.187,7696,101,3,37,False,1,car,0 days 00:01:09.774000,0 days 00:58:06.869000
2024-06-23 13:04:24.547,8034,105,3,41,False,1,car,0 days 00:01:10.134000,0 days 00:58:07.229000
2024-06-23 13:04:24.747,8334,108,3,42,False,1,car,0 days 00:01:10.334000,0 days 00:58:07.429000
2024-06-23 13:04:24.907,8399,109,3,43,False,1,car,0 days 00:01:10.494000,0 days 00:58:07.589000
2024-06-23 13:04:25.187,8911,112,3,53,False,1,car,0 days 00:01:10.774000,0 days 00:58:07.869000
2024-06-23 13:04:25.347,9045,117,3,57,False,1,car,0 days 00:01:10.934000,0 days 00:58:08.029000
2024-06-23 13:04:25.627,9535,124,3,63,False,1,car,0 days 00:01:11.214000,0 days 00:58:08.309000
2024-06-23 13:04:25.827,9988,130,3,72,False,1,car,0 days 00:01:11.414000,0 days 00:58:08.509000
2024-06-23 13:04:26.107,10727,137,3,78,False,1,car,0 days 00:01:11.694000,0 days 00:58:08.789000
2024-06-23 13:04:26.347,9607,148,4,78,False,1,car,0 days 00:01:11.934000,0 days 00:58:09.029000
2024-06-23 13:04:26.507,9999,151,4,91,False,1,car,0 days 00:01:12.094000,0 days 00:58:09.189000
2024-06-23 13:04:26.827,10732,167,4,100,False,1,car,0 days 00:01:12.414000,0 days 00:58:09.509000
2024-06-23 13:04:27.027,11165,175,4,100,False,1,car,0 days 00:01:12.614000,0 days 00:58:09.709000
2024-06-23 13:04:27.227,11032,177,4,100,False,1,car,0 days 00:01:12.814000,0 days 00:58:09.909000
2024-06-23 13:04:27.427,9876,185,4,100,False,1,car,0 days 00:01:13.014000,0 days 00:58:10.109000
2024-06-23 13:04:27.788,10109,189,5,100,False,1,car,0 days 00:01:13.375000,0 days 00:58:10.470000
2024-06-23 13:04:28.268,9267,182,5,0,True,1,car,0 days 00:01:13.855000,0 days 00:58:10.950000
2024-06-23 13:04:28.508,8637,175,5,0,True,1,car,0 days 00:01:14.095000,0 days 00:58:11.190000
2024-06-23 13:04:28.748,9439,155,5,0,True,1,car,0 days 00:01:14.335000,0 days 00:58:11.430000
2024-06-23 13:04:28.948,8990,147,4,0,True,1,car,0 days 00:01:14.535000,0 days 00:58:11.630000
2024-06-23 13:04:29.307,8233,136,4,0,True,1,car,0 days 00:01:14.894000,0 days 00:58:11.989000
2024-06-23 13:04:29.467,7995,131,4,0,True,1,car,0 days 00:01:15.054000,0 days 00:58:12.149000
2024-06-23 13:04:29.747,8929,122,4,0,True,1,car,0 days 00:01:15.334000,0 days 00:58:12.429000
2024-06-23 13:04:29.987,8566,119,3,0,True,1,car,0 days 00:01:15.574000,0 days 00:58:12.669000
2024-06-23 13:04:30.227,8350,113,3,0,False,1,car,0 days 00:01:15.814000,0 days 00:58:12.909000
2024-06-23 13:04:30.427,8231,111,3,0,False,1,car,0 days 00:01:16.014000,0 days 00:58:13.109000
2024-06-23 13:04:30.587,8181,109,3,0,False,1,car,0 days 00:01:16.174000,0 days 00:58:13.269000
2024-06-23 13:04:30.867,7997,107,3,0,False,1,car,0 days 00:01:16.454000,0 days 00:58:13.549000
2024-06-23 13:04:31.107,7753,106,3,0,False,1,car,0 days 00:01:16.694000,0 days 00:58:13.789000
2024-06-23 13:04:31.507,8186,105,3,41,False,1,car,0 days 00:01:17.094000,0 days 00:58:14.189000
2024-06-23 13:04:31.827,8578,109,3,51,False,1,car,0 days 00:01:17.414000,0 days 00:58:14.509000
2024-06-23 13:04:32.027,8880,113,3,54,False,1,car,0 days 00:01:17.614000,0 days 00:58:14.709000
2024-06-23 13:04:32.347,9270,120,3,54,False,1,car,0 days 00:01:17.934000,0 days 00:58:15.029000
2024-06-23 13:04:32.507,9520,120,3,57,False,1,car,0 days 00:01:18.094000,0 days 00:58:15.189000
2024-06-23 13:04:32.787,8910,129,3,72,False,1,car,0 days 00:01:18.374000,0 days 00:58:15.469000
2024-06-23 13:04:32.987,8784,135,4,73,False,1,car,0 days 00:01:18.574000,0 days 00:58:15.669000
2024-06-23 13:04:33.347,9691,149,4,89,False,1,car,0 days 00:01:18.934000,0 days 00:58:16.029000
2024-06-23 13:04:33.667,10411,161,4,100,False,1,car,0 days 00:01:19.254000,0 days 00:58:16.349000
2024-06-23 13:04:33.867,10949,169,4,100,False,1,car,0 days 00:01:19.454000,0 days 00:58:16.549000
2024-06-23 13:04:34.187,11369,182,4,100,False,1,car,0 days 00:01:19.774000,0 days 00:58:16.869000
2024-06-23 13:04:34.508,10400,190,5,100,False,1,car,0 days 00:01:20.095000,0 days 00:58:17.190000
2024-06-23 13:04:34.748,10922,202,5,100,False,1,car,0 days 00:01:20.335000,0 days 00:58:17.430000
2024-06-23 13:04:34.988,11312,208,5,100,False,1,car,0 days 00:01:20.575000,0 days 00:58:17.670000
2024-06-23 13:04:35.228,11529,216,5,91,False,1,car,0 days 00:01:20.815000,0 days 00:58:17.910000
2024-06-23 13:04:35.388,10829,219,5,78,False,1,car,0 days 00:01:20.975000,0 days 00:58:18.070000
2024-06-23 13:04:35.668,10080,222,6,49,False,1,car,0 days 00:01:21.255000,0 days 00:58:18.350000
2024-06-23 13:04:35.868,10179,220,6,45,False,1,car,0 days 00:01:21.455000,0 days 00:58:18.550000
2024-06-23 13:04:36.187,10119,218,6,50,False,1,car,0 days 00:01:21.774000,0 days 00:58:18.869000
2024-06-23 13:04:36.387,9939,218,6,64,False,1,car,0 days 00:01:21.974000,0 days 00:58:19.069000
2024-06-23 13:04:36.547,10049,217,6,68,False,1,car,0 days 00:01:22.134000,0 days 00:58:19.229000
2024-06-23 13:04:36.907,10033,217,6,63,False,1,car,0 days 00:01:22.494000,0 days 00:58:19.589000
2024-06-23 13:04:37.067,10246,219,6,79,False,1,car,0 days 00:01:22.654000,0 days 00:58:19.749000
2024-06-23 13:04:37.387,10349,223,6,100,False,1,car,0 days 00:01:22.974000,0 days 00:58:20.069000
2024-06-23 13:04:37.707,10629,228,6,100,False,1,car,0 days 00:01:23.294000,0 days 00:58:20.389000
2024-06-23 13:04:38.027,10846,234,6,100,False,1,car,0 days 00:01:23.614000,0 days 00:58:20.709000
2024-06-23 13:04:38.347,11007,238,6,100,False,1,car,0 days 00:01:23.934000,0 days 00:58:21.029000
2024-06-23 13:04:38.547,11119,242,6,100,False,1,car,0 days 00:01:24.134000,0 days 00:58:21.229000
2024-06-23 13:04:38.867,11186,247,6,100,False,1,car,0 days 00:01:24.454000,0 days 00:58:21.549000
2024-06-23 13:04:39.107,11378,248,6,100,False,1,car,0 days 00:01:24.694000,0 days 00:58:21.789000
2024-06-23 13:04:39.387,10800,250,6,29,True,1,car,0 days 00:01:24.974000,0 days 00:58:22.069000
2024-06-23 13:04:39.587,10704,240,6,0,True,1,car,0 days 00:01:25.174000,0 days 00:58:22.269000
2024-06-23 13:04:39.907,10085,225,6,0,True,1,car,0 days 00:01:25.494000,0 days 00:58:22.589000
2024-06-23 13:04:40.067,9869,220,6,0,True,1,car,0 days 00:01:25.654000,0 days 00:58:22.749000
2024-06-23 13:04:40.227,9826,218,6,0,False,1,car,0 days 00:01:25.814000,0 days 00:58:22.909000
2024-06-23 13:04:40.467,9945,213,6,25,False,1,car,0 days 00:01:26.054000,0 days 00:58:23.149000
2024-06-23 13:04:40.787,9611,209,6,56,False,1,car,0 days 00:01:26.374000,0 days 00:58:23.469000
2024-06-23 13:04:41.108,9867,210,6,80,False,1,car,0 days 00:01:26.695000,0 days 00:58:23.790000
2024-06-23 13:04:41.268,9851,210,6,83,False,1,car,0 days 00:01:26.855000,0 days 00:58:23.950000
2024-06-23 13:04:41.548,10156,218,6,100,False,1,car,0 days 00:01:27.135000,0 days 00:58:24.230000
2024-06-23 13:04:41.908,10489,224,6,100,False,1,car,0 days 00:01:27.495000,0 days 00:58:24.590000
2024-06-23 13:04:42.148,10680,231,6,100,False,1,car,0 days 00:01:27.735000,0 days 00:58:24.830000
2024-06-23 13:04:42.308,10767,232,6,100,False,1,car,0 days 00:01:27.895000,0 days 00:58:24.990000
2024-06-23 13:04:42.548,10953,237,6,100,False,1,car,0 days 00:01:28.135000,0 days 00:58:25.230000
2024-06-23 13:04:42.747,11074,239,6,100,False,1,car,0 days 00:01:28.334000,0 days 00:58:25.429000
2024-06-23 13:04:43.067,11326,244,6,100,False,1,car,0 days 00:01:28.654000,0 days 00:58:25.749000
2024-06-23 13:04:43.387,11485,251,6,100,False,1,car,0 days 00:01:28.974000,0 days 00:58:26.069000
2024-06-23 13:04:43.587,11560,255,6,100,False,1,car,0 days 00:01:29.174000,0 days 00:58:26.269000
2024-06-23 13:04:43.747,11729,256,6,100,False,1,car,0 days 00:01:29.334000,0 days 00:58:26.429000
2024-06-23 13:04:43.987,10746,260,6,100,False,1,car,0 days 00:01:29.574000,0 days 00:58:26.669000
2024-06-23 13:04:44.267,10341,263,7,100,False,1,car,0 days 00:01:29.854000,0 days 00:58:26.949000
2024-06-23 13:04:44.667,10770,267,7,100,False,1,car,0 days 00:01:30.254000,0 days 00:58:27.349000
2024-06-23 13:04:45.027,10952,274,7,100,False,1,car,0 days 00:01:30.614000,0 days 00:58:27.709000
2024-06-23 13:04:45.387,11079,276,7,100,False,1,car,0 days 00:01:30.974000,0 days 00:58:28.069000
2024-06-23 13:04:45.627,11207,280,7,100,False,1,car,0 days 00:01:31.214000,0 days 00:58:28.309000
2024-06-23 13:04:45.867,11227,281,7,100,False,1,car,0 days 00:01:31.454000,0 days 00:58:28.549000
2024-06-23 13:04:46.187,11331,284,7,100,False,1,car,0 days 00:01:31.774000,0 days 00:58:28.869000
2024-06-23 13:04:46.427,11473,285,7,100,False,1,car,0 days 00:01:32.014000,0 days 00:58:29.109000
2024-06-23 13:04:46.747,11530,288,7,100,False,1,car,0 days 00:01:32.334000,0 days 00:58:29.429000
2024-06-23 13:04:47.227,11679,291,7,100,False,1,car,0 days 00:01:32.814000,0 days 00:58:29.909000
2024-06-23 13:04:47.387,10979,291,7,100,False,1,car,0 days 00:01:32.974000,0 days 00:58:30.069000
2024-06-23 13:04:47.548,10571,293,8,100,False,1,car,0 days 00:01:33.135000,0 days 00:58:30.230000
2024-06-23 13:04:47.828,10541,295,8,100,False,1,car,0 days 00:01:33.415000,0 days 00:58:30.510000
2024-06-23 13:04:48.068,10522,295,8,100,False,1,car,0 days 00:01:33.655000,0 days 00:58:30.750000
2024-06-23 13:04:48.428,10608,298,8,100,False,1,car,0 days 00:01:34.015000,0 days 00:58:31.110000
2024-06-23 13:04:48.868,10666,299,8,100,False,1,car,0 days 00:01:34.455000,0 days 00:58:31.550000
2024-06-23 13:04:49.028,10703,301,8,100,False,1,car,0 days 00:01:34.615000,0 days 00:58:31.710000
2024-06-23 13:04:49.268,10716,303,8,100,False,1,car,0 days 00:01:34.855000,0 days 00:58:31.950000
2024-06-23 13:04:49.507,10778,302,8,100,False,1,car,0 days 00:01:35.094000,0 days 00:58:32.189000
2024-06-23 13:04:49.867,10801,304,8,100,False,1,car,0 days 00:01:35.454000,0 days 00:58:32.549000
2024-06-23 13:04:50.067,10821,303,8,100,False,0,car,0 days 00:01:35.654000,0 days 00:58:32.749000
2024-06-23 13:04:50.227,10833,304,8,100,False,0,car,0 days 00:01:35.814000,0 days 00:58:32.909000
2024-06-23 13:04:50.507,10894,304,8,100,False,0,car,0 days 00:01:36.094000,0 days 00:58:33.189000
2024-06-23 13:04:50.667,10912,305,8,100,False,0,car,0 days 00:01:36.254000,0 days 00:58:33.349000
2024-06-23 13:04:50.947,10906,307,8,100,False,0,car,0 days 00:01:36.534000,0 days 00:58:33.629000
2024-06-23 13:04:51.267,10906,307,8,100,False,0,car,0 days 00:01:36.854000,0 days 00:58:33.949000
2024-06-23 13:04:51.427,10953,307,8,100,False,0,car,0 days 00:01:37.014000,0 days 00:58:34.109000
2024-06-23 13:04:51.707,10998,308,8,100,False,0,car,0 days 00:01:37.294000,0 days 00:58:34.389000
2024-06-23 13:04:51.987,11002,309,8,100,False,0,car,0 days 00:01:37.574000,0 days 00:58:34.669000
2024-06-23 13:04:52.267,11043,310,8,100,False,0,car,0 days 00:01:37.854000,0 days 00:58:34.949000
2024-06-23 13:04:52.627,11050,311,8,100,False,0,car,0 days 00:01:38.214000,0 days 00:58:35.309000
2024-06-23 13:04:53.027,11063,311,8,100,False,0,car,0 days 00:01:38.614000,0 days 00:58:35.709000
2024-06-23 13:04:53.227,11063,311,8,100,False,0,car,0 days 00:01:38.814000,0 days 00:58:35.909000
2024-06-23 13:04:53.387,11041,312,8,100,False,0,car,0 days 00:01:38.974000,0 days 00:58:36.069000
2024-06-23 13:04:53.627,10611,307,8,0,True,0,car,0 days 00:01:39.214000,0 days 00:58:36.309000
2024-06-23 13:04:53.827,9987,278,8,0,True,0,car,0 days 00:01:39.414000,0 days 00:58:36.509000
2024-06-23 13:04:54.067,9369,258,8,0,True,0,car,0 days 00:01:39.654000,0 days 00:58:36.749000
2024-06-23 13:04:54.268,9387,241,8,0,True,0,car,0 days 00:01:39.855000,0 days 00:58:36.950000
2024-06-23 13:04:54.468,8906,225,8,0,True,0,car,0 days 00:01:40.055000,0 days 00:58:37.150000
2024-06-23 13:04:54.908,9410,195,6,0,True,0,car,0 days 00:01:40.495000,0 days 00:58:37.590000
2024-06-23 13:04:55.108,9390,183,5,0,True,0,car,0 days 00:01:40.695000,0 days 00:58:37.790000
2024-06-23 13:04:55.428,9182,167,5,0,True,0,car,0 days 00:01:41.015000,0 days 00:58:38.110000
2024-06-23 13:04:55.748,9333,152,4,0,True,0,car,0 days 00:01:41.335000,0 days 00:58:38.430000
2024-06-23 13:04:55.948,8991,146,4,0,True,0,car,0 days 00:01:41.535000,0 days 00:58:38.630000
2024-06-23 13:04:56.108,8649,144,4,0,True,0,car,0 days 00:01:41.695000,0 days 00:58:38.790000
2024-06-23 13:04:56.267,8570,138,4,0,True,0,car,0 days 00:01:41.854000,0 days 00:58:38.949000
2024-06-23 13:04:56.507,8237,134,4,0,True,0,car,0 days 00:01:42.094000,0 days 00:58:39.189000
2024-06-23 13:04:56.747,8057,130,4,0,False,0,car,0 days 00:01:42.334000,0 days 00:58:39.429000
2024-06-23 13:04:56.947,8034,129,4,0,False,0,car,0 days 00:01:42.534000,0 days 00:58:39.629000
2024-06-23 13:04:57.107,7867,128,4,0,False,0,car,0 days 00:01:42.694000,0 days 00:58:39.789000
2024-06-23 13:04:57.307,7785,125,4,0,False,0,car,0 days 00:01:42.894000,0 days 00:58:39.989000
2024-06-23 13:04:57.507,7652,124,4,10,False,0,car,0 days 00:01:43.094000,0 days 00:58:40.189000
2024-06-23 13:04:57.787,7787,123,4,47,False,0,car,0 days 00:01:43.374000,0 days 00:58:40.469000
2024-06-23 13:04:58.907,8148,145,4,60,False,0,car,0 days 00:01:44.494000,0 days 00:58:41.589000
2024-06-23 13:04:59.107,8013,148,5,55,False,0,car,0 days 00:01:44.694000,0 days 00:58:41.789000
2024-06-23 13:04:59.587,8187,152,5,54,False,0,car,0 days 00:01:45.174000,0 days 00:58:42.269000
2024-06-23 13:04:59.787,8376,155,5,59,False,0,car,0 days 00:01:45.374000,0 days 00:58:42.469000
2024-06-23 13:04:59.947,8533,157,5,67,False,0,car,0 days 00:01:45.534000,0 days 00:58:42.629000
2024-06-23 13:05:00.387,9096,166,5,83,False,0,car,0 days 00:01:45.974000,0 days 00:58:43.069000
2024-06-23 13:05:00.748,9715,177,5,94,False,0,car,0 days 00:01:46.335000,0 days 00:58:43.430000
2024-06-23 13:05:00.908,9959,180,5,100,False,0,car,0 days 00:01:46.495000,0 days 00:58:43.590000
2024-06-23 13:05:01.108,10241,187,5,100,False,0,car,0 days 00:01:46.695000,0 days 00:58:43.790000
2024-06-23 13:05:01.348,10544,197,5,100,False,0,car,0 days 00:01:46.935000,0 days 00:58:44.030000
2024-06-23 13:05:01.548,10686,201,5,75,False,0,car,0 days 00:01:47.135000,0 days 00:58:44.230000
2024-06-23 13:05:01.788,9329,204,5,67,False,0,car,0 days 00:01:47.375000,0 days 00:58:44.470000
2024-06-23 13:05:01.988,9383,205,6,53,False,0,car,0 days 00:01:47.575000,0 days 00:58:44.670000
2024-06-23 13:05:02.188,9336,204,6,53,False,0,car,0 days 00:01:47.775000,0 days 00:58:44.870000
2024-06-23 13:05:02.348,9385,204,6,57,False,0,car,0 days 00:01:47.935000,0 days 00:58:45.030000
2024-06-23 13:05:02.708,9427,204,6,61,False,0,car,0 days 00:01:48.295000,0 days 00:58:45.390000
2024-06-23 13:05:02.907,9471,204,6,63,False,0,car,0 days 00:01:48.494000,0 days 00:58:45.589000
2024-06-23 13:05:03.267,9462,205,6,59,False,0,car,0 days 00:01:48.854000,0 days 00:58:45.949000
2024-06-23 13:05:03.467,9471,205,6,61,False,0,car,0 days 00:01:49.054000,0 days 00:58:46.149000
2024-06-23 13:05:03.707,9471,205,6,61,False,0,car,0 days 00:01:49.294000,0 days 00:58:46.389000
2024-06-23 13:05:03.987,9583,206,6,69,False,0,car,0 days 00:01:49.574000,0 days 00:58:46.669000
2024-06-23 13:05:04.227,9754,211,6,82,False,0,car,0 days 00:01:49.814000,0 days 00:58:46.909000
2024-06-23 13:05:04.467,9806,211,6,80,False,0,car,0 days 00:01:50.054000,0 days 00:58:47.149000
2024-06-23 13:05:04.787,10113,216,6,100,False,0,car,0 days 00:01:50.374000,0 days 00:58:47.469000
2024-06-23 13:05:05.107,10378,220,6,100,False,0,car,0 days 00:01:50.694000,0 days 00:58:47.789000
2024-06-23 13:05:05.587,10683,230,6,100,False,0,car,0 days 00:01:51.174000,0 days 00:58:48.269000
2024-06-23 13:05:05.907,10936,235,6,100,False,0,car,0 days 00:01:51.494000,0 days 00:58:48.589000
2024-06-23 13:05:06.387,11281,245,6,100,False,0,car,0 days 00:01:51.974000,0 days 00:58:49.069000
2024-06-23 13:05:06.667,11497,247,6,100,False,0,car,0 days 00:01:52.254000,0 days 00:58:49.349000
2024-06-23 13:05:06.987,11647,252,6,100,False,0,car,0 days 00:01:52.574000,0 days 00:58:49.669000
2024-06-23 13:05:07.187,11672,255,6,100,False,0,car,0 days 00:01:52.774000,0 days 00:58:49.869000
2024-06-23 13:05:07.348,10552,258,7,100,False,0,car,0 days 00:01:52.935000,0 days 00:58:50.030000
2024-06-23 13:05:07.548,10543,260,7,100,False,0,car,0 days 00:01:53.135000,0 days 00:58:50.230000
2024-06-23 13:05:07.708,10586,262,7,100,False,0,car,0 days 00:01:53.295000,0 days 00:58:50.390000
2024-06-23 13:05:07.868,10684,265,7,100,False,0,car,0 days 00:01:53.455000,0 days 00:58:50.550000
2024-06-23 13:05:08.228,10824,270,7,100,False,0,car,0 days 00:01:53.815000,0 days 00:58:50.910000
2024-06-23 13:05:08.628,11065,276,7,100,False,0,car,0 days 00:01:54.215000,0 days 00:58:51.310000
2024-06-23 13:05:08.948,11207,280,7,100,False,0,car,0 days 00:01:54.535000,0 days 00:58:51.630000
2024-06-23 13:05:09.228,11329,283,7,100,False,0,car,0 days 00:01:54.815000,0 days 00:58:51.910000
2024-06-23 13:05:09.588,11359,283,7,100,True,0,car,0 days 00:01:55.175000,0 days 00:58:52.270000
2024-06-23 13:05:09.987,10067,255,7,0,True,0,car,0 days 00:01:55.574000,0 days 00:58:52.669000
2024-06-23 13:05:10.147,9589,235,7,0,True,0,car,0 days 00:01:55.734000,0 days 00:58:52.829000
2024-06-23 13:05:10.347,9791,218,7,0,True,0,car,0 days 00:01:55.934000,0 days 00:58:53.029000
2024-06-23 13:05:10.707,9616,194,6,0,True,0,car,0 days 00:01:56.294000,0 days 00:58:53.389000
2024-06-23 13:05:10.907,9476,180,5,0,True,0,car,0 days 00:01:56.494000,0 days 00:58:53.589000
2024-06-23 13:05:11.067,8816,171,5,0,True,0,car,0 days 00:01:56.654000,0 days 00:58:53.749000
2024-06-23 13:05:11.427,9493,155,5,0,True,0,car,0 days 00:01:57.014000,0 days 00:58:54.109000
2024-06-23 13:05:11.627,9080,149,4,0,True,0,car,0 days 00:01:57.214000,0 days 00:58:54.309000
2024-06-23 13:05:11.827,8936,144,4,0,True,0,car,0 days 00:01:57.414000,0 days 00:58:54.509000
2024-06-23 13:05:12.107,8663,140,4,0,True,0,car,0 days 00:01:57.694000,0 days 00:58:54.789000
2024-06-23 13:05:12.547,8226,132,4,0,False,0,car,0 days 00:01:58.134000,0 days 00:58:55.229000
2024-06-23 13:05:12.787,8065,130,4,0,False,0,car,0 days 00:01:58.374000,0 days 00:58:55.469000
2024-06-23 13:05:13.147,7849,126,4,0,False,0,car,0 days 00:01:58.734000,0 days 00:58:55.829000
2024-06-23 13:05:13.387,7725,124,4,0,False,0,car,0 days 00:01:58.974000,0 days 00:58:56.069000
2024-06-23 13:05:13.787,7876,122,4,41,False,0,car,0 days 00:01:59.374000,0 days 00:58:56.469000
2024-06-23 13:05:14.148,7992,127,4,46,False,0,car,0 days 00:01:59.735000,0 days 00:58:56.830000
2024-06-23 13:05:14.388,8370,129,4,52,False,0,car,0 days 00:01:59.975000,0 days 00:58:57.070000
2024-06-23 13:05:14.668,8902,134,4,65,False,0,car,0 days 00:02:00.255000,0 days 00:58:57.350000
2024-06-23 13:05:14.988,9160,140,4,74,False,0,car,0 days 00:02:00.575000,0 days 00:58:57.670000
2024-06-23 13:05:15.428,10148,157,4,75,False,0,car,0 days 00:02:01.015000,0 days 00:58:58.110000
2024-06-23 13:05:15.628,10729,165,4,100,False,0,car,0 days 00:02:01.215000,0 days 00:58:58.310000
2024-06-23 13:05:15.948,11303,177,4,100,False,0,car,0 days 00:02:01.535000,0 days 00:58:58.630000
2024-06-23 13:05:16.347,10585,189,4,100,False,0,car,0 days 00:02:01.934000,0 days 00:58:59.029000
2024-06-23 13:05:16.547,10477,192,5,100,False,0,car,0 days 00:02:02.134000,0 days 00:58:59.229000
2024-06-23 13:05:16.867,10971,203,5,100,False,0,car,0 days 00:02:02.454000,0 days 00:58:59.549000
2024-06-23 13:05:17.147,11226,213,5,100,False,0,car,0 days 00:02:02.734000,0 days 00:58:59.829000
2024-06-23 13:05:17.427,11612,217,5,100,False,0,car,0 days 00:02:03.014000,0 days 00:59:00.109000
2024-06-23 13:05:17.667,11992,224,5,100,False,0,car,0 days 00:02:03.254000,0 days 00:59:00.349000
2024-06-23 13:05:18.027,10675,233,6,100,False,0,car,0 days 00:02:03.614000,0 days 00:59:00.709000
2024-06-23 13:05:18.307,10846,235,6,100,False,0,car,0 days 00:02:03.894000,0 days 00:59:00.989000
2024-06-23 13:05:18.587,10729,229,6,0,True,0,car,0 days 00:02:04.174000,0 days 00:59:01.269000
2024-06-23 13:05:18.907,9151,201,6,0,True,0,car,0 days 00:02:04.494000,0 days 00:59:01.589000
2024-06-23 13:05:19.107,9456,184,6,0,True,0,car,0 days 00:02:04.694000,0 days 00:59:01.789000
2024-06-23 13:05:19.267,8896,171,5,0,True,0,car,0 days 00:02:04.854000,0 days 00:59:01.949000
2024-06-23 13:05:19.467,9689,164,5,0,True,0,car,0 days 00:02:05.054000,0 days 00:59:02.149000
2024-06-23 13:05:19.667,9241,145,4,0,True,0,car,0 days 00:02:05.254000,0 days 00:59:02.349000
2024-06-23 13:05:19.947,8887,131,4,0,True,0,car,0 days 00:02:05.534000,0 days 00:59:02.629000
2024-06-23 13:05:20.347,8603,119,3,0,True,0,car,0 days 00:02:05.934000,0 days 00:59:03.029000
2024-06-23 13:05:20.588,8282,114,3,0,True,0,car,0 days 00:02:06.175000,0 days 00:59:03.270000
2024-06-23 13:05:20.748,7975,110,3,0,True,0,car,0 days 00:02:06.335000,0 days 00:59:03.430000
2024-06-23 13:05:21.028,7829,105,3,0,True,0,car,0 days 00:02:06.615000,0 days 00:59:03.710000
2024-06-23 13:05:21.228,7549,101,3,0,True,0,car,0 days 00:02:06.815000,0 days 00:59:03.910000
2024-06-23 13:05:21.508,7238,99,3,0,True,0,car,0 days 00:02:07.095000,0 days 00:59:04.190000
2024-06-23 13:05:21.708,7094,97,3,0,False,0,car,0 days 00:02:07.295000,0 days 00:59:04.390000
2024-06-23 13:05:21.988,7294,94,3,14,False,0,car,0 days 00:02:07.575000,0 days 00:59:04.670000
2024-06-23 13:05:22.228,7262,95,3,29,False,0,car,0 days 00:02:07.815000,0 days 00:59:04.910000
2024-06-23 13:05:22.668,7992,102,3,49,False,0,car,0 days 00:02:08.255000,0 days 00:59:05.350000
2024-06-23 13:05:23.028,8483,111,3,55,False,0,car,0 days 00:02:08.615000,0 days 00:59:05.710000
2024-06-23 13:05:23.267,9010,116,3,62,False,0,car,0 days 00:02:08.854000,0 days 00:59:05.949000
2024-06-23 13:05:23.427,9200,122,3,65,False,0,car,0 days 00:02:09.014000,0 days 00:59:06.109000
2024-06-23 13:05:23.667,8442,129,3,73,False,0,car,0 days 00:02:09.254000,0 days 00:59:06.349000
2024-06-23 13:05:23.947,9154,141,4,85,False,0,car,0 days 00:02:09.534000,0 days 00:59:06.629000
2024-06-23 13:05:24.267,10033,154,4,100,False,0,car,0 days 00:02:09.854000,0 days 00:59:06.949000
2024-06-23 13:05:24.467,10661,164,4,100,False,0,car,0 days 00:02:10.054000,0 days 00:59:07.149000
2024-06-23 13:05:24.627,10824,173,4,100,False,0,car,0 days 00:02:10.214000,0 days 00:59:07.309000
2024-06-23 13:05:24.907,9968,182,4,100,False,0,car,0 days 00:02:10.494000,0 days 00:59:07.589000
2024-06-23 13:05:25.107,10309,189,5,100,False,0,car,0 days 00:02:10.694000,0 days 00:59:07.789000
2024-06-23 13:05:25.307,10684,196,5,100,False,0,car,0 days 00:02:10.894000,0 days 00:59:07.989000
2024-06-23 13:05:25.507,11014,203,5,100,False,0,car,0 days 00:02:11.094000,0 days 00:59:08.189000
2024-06-23 13:05:25.667,11208,210,5,100,False,0,car,0 days 00:02:11.254000,0 days 00:59:08.349000
2024-06-23 13:05:25.867,11506,216,5,100,False,0,car,0 days 00:02:11.454000,0 days 00:59:08.549000
2024-06-23 13:05:26.187,10261,223,5,100,False,0,car,0 days 00:02:11.774000,0 days 00:59:08.869000
2024-06-23 13:05:26.427,10669,230,6,100,False,0,car,0 days 00:02:12.014000,0 days 00:59:09.109000
2024-06-23 13:05:26.787,10972,239,6,100,False,0,car,0 days 00:02:12.374000,0 days 00:59:09.469000
2024-06-23 13:05:26.988,11159,243,6,100,False,0,car,0 days 00:02:12.575000,0 days 00:59:09.670000
2024-06-23 13:05:27.228,11381,248,6,100,False,0,car,0 days 00:02:12.815000,0 days 00:59:09.910000
2024-06-23 13:05:27.548,11513,254,6,100,False,0,car,0 days 00:02:13.135000,0 days 00:59:10.230000
2024-06-23 13:05:27.828,11551,248,6,100,True,0,car,0 days 00:02:13.415000,0 days 00:59:10.510000
2024-06-23 13:05:28.228,9740,214,6,0,True,0,car,0 days 00:02:13.815000,0 days 00:59:10.910000
2024-06-23 13:05:28.668,9316,180,6,0,True,0,car,0 days 00:02:14.255000,0 days 00:59:11.350000
2024-06-23 13:05:28.868,8973,165,5,0,True,0,car,0 days 00:02:14.455000,0 days 00:59:11.550000
2024-06-23 13:05:29.068,9419,153,5,0,True,0,car,0 days 00:02:14.655000,0 days 00:59:11.750000
2024-06-23 13:05:29.348,8561,139,4,0,True,0,car,0 days 00:02:14.935000,0 days 00:59:12.030000
2024-06-23 13:05:29.588,8353,135,4,0,False,0,car,0 days 00:02:15.175000,0 days 00:59:12.270000
2024-06-23 13:05:29.867,8265,130,4,0,False,0,car,0 days 00:02:15.454000,0 days 00:59:12.549000
2024-06-23 13:05:30.067,8265,129,4,0,False,0,car,0 days 00:02:15.654000,0 days 00:59:12.749000
2024-06-23 13:05:30.227,7980,126,4,1,False,0,car,0 days 00:02:15.814000,0 days 00:59:12.909000
2024-06-23 13:05:30.387,7864,126,4,5,False,0,car,0 days 00:02:15.974000,0 days 00:59:13.069000
2024-06-23 13:05:30.627,7906,124,4,23,False,0,car,0 days 00:02:16.214000,0 days 00:59:13.309000
2024-06-23 13:05:30.907,8162,125,4,37,False,0,car,0 days 00:02:16.494000,0 days 00:59:13.589000
2024-06-23 13:05:31.267,8292,128,4,53,False,0,car,0 days 00:02:16.854000,0 days 00:59:13.949000
2024-06-23 13:05:31.627,8956,134,4,72,False,0,car,0 days 00:02:17.214000,0 days 00:59:14.309000
2024-06-23 13:05:31.827,9110,145,4,83,False,0,car,0 days 00:02:17.414000,0 days 00:59:14.509000
2024-06-23 13:05:32.147,10207,157,4,100,False,0,car,0 days 00:02:17.734000,0 days 00:59:14.829000
2024-06-23 13:05:32.507,10620,171,4,100,False,0,car,0 days 00:02:18.094000,0 days 00:59:15.189000
2024-06-23 13:05:32.907,10018,184,5,100,False,0,car,0 days 00:02:18.494000,0 days 00:59:15.589000
2024-06-23 13:05:33.187,10469,192,5,100,False,0,car,0 days 00:02:18.774000,0 days 00:59:15.869000
2024-06-23 13:05:33.347,10723,198,5,100,False,0,car,0 days 00:02:18.934000,0 days 00:59:16.029000
2024-06-23 13:05:33.507,10980,202,5,100,False,0,car,0 days 00:02:19.094000,0 days 00:59:16.189000
2024-06-23 13:05:33.748,11255,210,5,100,False,0,car,0 days 00:02:19.335000,0 days 00:59:16.430000
2024-06-23 13:05:34.228,11431,223,5,100,False,0,car,0 days 00:02:19.815000,0 days 00:59:16.910000
2024-06-23 13:05:34.428,10591,225,5,100,False,0,car,0 days 00:02:20.015000,0 days 00:59:17.110000
2024-06-23 13:05:34.708,10692,230,6,100,False,0,car,0 days 00:02:20.295000,0 days 00:59:17.390000
2024-06-23 13:05:34.908,10905,235,6,100,False,0,car,0 days 00:02:20.495000,0 days 00:59:17.590000
2024-06-23 13:05:35.188,10938,238,6,99,False,0,car,0 days 00:02:20.775000,0 days 00:59:17.870000
2024-06-23 13:05:35.348,10709,241,6,3,True,0,car,0 days 00:02:20.935000,0 days 00:59:18.030000
2024-06-23 13:05:35.548,10842,234,6,0,True,0,car,0 days 00:02:21.135000,0 days 00:59:18.230000
2024-06-23 13:05:35.868,10196,223,6,0,True,0,car,0 days 00:02:21.455000,0 days 00:59:18.550000
2024-06-23 13:05:36.228,9781,216,6,0,False,0,car,0 days 00:02:21.815000,0 days 00:59:18.910000
2024-06-23 13:05:36.428,9603,209,6,12,False,0,car,0 days 00:02:22.015000,0 days 00:59:19.110000
2024-06-23 13:05:36.667,9671,207,6,41,False,0,car,0 days 00:02:22.254000,0 days 00:59:19.349000
2024-06-23 13:05:36.907,9446,206,6,47,False,0,car,0 days 00:02:22.494000,0 days 00:59:19.589000
2024-06-23 13:05:37.187,9540,204,6,71,False,0,car,0 days 00:02:22.774000,0 days 00:59:19.869000
2024-06-23 13:05:37.427,9661,208,6,89,False,0,car,0 days 00:02:23.014000,0 days 00:59:20.109000
2024-06-23 13:05:37.667,9815,211,6,100,False,0,car,0 days 00:02:23.254000,0 days 00:59:20.349000
2024-06-23 13:05:37.867,10025,214,6,100,False,8,car,0 days 00:02:23.454000,0 days 00:59:20.549000
2024-06-23 13:05:38.307,10411,224,6,100,False,8,car,0 days 00:02:23.894000,0 days 00:59:20.989000
2024-06-23 13:05:38.707,10752,228,6,100,False,8,car,0 days 00:02:24.294000,0 days 00:59:21.389000
2024-06-23 13:05:38.867,10818,234,6,100,False,8,car,0 days 00:02:24.454000,0 days 00:59:21.549000
2024-06-23 13:05:39.187,11057,242,6,100,False,12,car,0 days 00:02:24.774000,0 days 00:59:21.869000
2024-06-23 13:05:39.347,11408,243,6,100,False,12,car,0 days 00:02:24.934000,0 days 00:59:22.029000
2024-06-23 13:05:39.507,11492,248,6,100,False,12,car,0 days 00:02:25.094000,0 days 00:59:22.189000
2024-06-23 13:05:39.867,11758,257,6,100,False,12,car,0 days 00:02:25.454000,0 days 00:59:22.549000
2024-06-23 13:05:40.067,10741,261,6,100,False,12,car,0 days 00:02:25.654000,0 days 00:59:22.749000
2024-06-23 13:05:40.348,10726,266,7,100,False,12,car,0 days 00:02:25.935000,0 days 00:59:23.030000
2024-06-23 13:05:40.508,10889,266,7,100,False,12,car,0 days 00:02:26.095000,0 days 00:59:23.190000
2024-06-23 13:05:40.708,11023,272,7,100,False,12,car,0 days 00:02:26.295000,0 days 00:59:23.390000
2024-06-23 13:05:40.908,11069,276,7,100,False,12,car,0 days 00:02:26.495000,0 days 00:59:23.590000
2024-06-23 13:05:41.108,11282,278,7,100,False,12,car,0 days 00:02:26.695000,0 days 00:59:23.790000
2024-06-23 13:05:41.308,11379,283,7,100,False,12,car,0 days 00:02:26.895000,0 days 00:59:23.990000
2024-06-23 13:05:41.468,11446,286,7,100,False,12,car,0 days 00:02:27.055000,0 days 00:59:24.150000
2024-06-23 13:05:41.788,11625,289,7,100,False,12,car,0 days 00:02:27.375000,0 days 00:59:24.470000
2024-06-23 13:05:41.988,11745,291,7,100,False,12,car,0 days 00:02:27.575000,0 days 00:59:24.670000
2024-06-23 13:05:42.148,10625,295,7,100,False,12,car,0 days 00:02:27.735000,0 days 00:59:24.830000
2024-06-23 13:05:42.348,10566,298,8,100,False,12,car,0 days 00:02:27.935000,0 days 00:59:25.030000
2024-06-23 13:05:42.548,10660,301,8,100,False,12,car,0 days 00:02:28.135000,0 days 00:59:25.230000
2024-06-23 13:05:42.908,10653,301,8,0,True,10,car,0 days 00:02:28.495000,0 days 00:59:25.590000
2024-06-23 13:05:43.068,10078,301,8,0,True,10,car,0 days 00:02:28.655000,0 days 00:59:25.750000
2024-06-23 13:05:43.307,9487,280,8,0,True,8,car,0 days 00:02:28.894000,0 days 00:59:25.989000
2024-06-23 13:05:43.707,8408,247,8,0,True,8,car,0 days 00:02:29.294000,0 days 00:59:26.389000
2024-06-23 13:05:43.867,8772,221,8,0,True,8,car,0 days 00:02:29.454000,0 days 00:59:26.549000
2024-06-23 13:05:44.147,8674,197,7,0,True,0,car,0 days 00:02:29.734000,0 days 00:59:26.829000
2024-06-23 13:05:44.427,8448,173,6,0,True,0,car,0 days 00:02:30.014000,0 days 00:59:27.109000
2024-06-23 13:05:44.747,8506,153,5,0,True,0,car,0 days 00:02:30.334000,0 days 00:59:27.429000
2024-06-23 13:05:44.947,8759,142,5,0,True,0,car,0 days 00:02:30.534000,0 days 00:59:27.629000
2024-06-23 13:05:45.267,8252,130,4,0,True,0,car,0 days 00:02:30.854000,0 days 00:59:27.949000
2024-06-23 13:05:45.467,7530,123,4,0,True,0,car,0 days 00:02:31.054000,0 days 00:59:28.149000
2024-06-23 13:05:45.667,7514,117,4,0,True,0,car,0 days 00:02:31.254000,0 days 00:59:28.349000
2024-06-23 13:05:45.907,7866,112,4,0,True,0,car,0 days 00:02:31.494000,0 days 00:59:28.589000
2024-06-23 13:05:46.107,7834,107,3,0,True,0,car,0 days 00:02:31.694000,0 days 00:59:28.789000
2024-06-23 13:05:46.387,7540,103,3,0,True,0,car,0 days 00:02:31.974000,0 days 00:59:29.069000
2024-06-23 13:05:46.627,7443,101,3,0,False,0,car,0 days 00:02:32.214000,0 days 00:59:29.309000
2024-06-23 13:05:46.908,7310,99,3,0,False,0,car,0 days 00:02:32.495000,0 days 00:59:29.590000
2024-06-23 13:05:47.108,7498,98,3,13,False,0,car,0 days 00:02:32.695000,0 days 00:59:29.790000
2024-06-23 13:05:47.308,7434,97,3,21,False,0,car,0 days 00:02:32.895000,0 days 00:59:29.990000
2024-06-23 13:05:47.748,7545,100,3,30,False,0,car,0 days 00:02:33.335000,0 days 00:59:30.430000
2024-06-23 13:05:48.188,8006,105,3,43,False,0,car,0 days 00:02:33.775000,0 days 00:59:30.870000
2024-06-23 13:05:48.388,8244,107,3,47,False,0,car,0 days 00:02:33.975000,0 days 00:59:31.070000
2024-06-23 13:05:48.548,8493,111,3,54,False,0,car,0 days 00:02:34.135000,0 days 00:59:31.230000
2024-06-23 13:05:48.828,8362,118,3,59,False,0,car,0 days 00:02:34.415000,0 days 00:59:31.510000
2024-06-23 13:05:49.028,8017,123,3,62,False,0,car,0 days 00:02:34.615000,0 days 00:59:31.710000
2024-06-23 13:05:49.188,8111,126,4,67,False,0,car,0 days 00:02:34.775000,0 days 00:59:31.870000
2024-06-23 13:05:49.428,8766,131,4,74,False,0,car,0 days 00:02:35.015000,0 days 00:59:32.110000
2024-06-23 13:05:49.748,9440,145,4,83,False,0,car,0 days 00:02:35.335000,0 days 00:59:32.430000
2024-06-23 13:05:49.948,9750,153,4,86,False,0,car,0 days 00:02:35.535000,0 days 00:59:32.630000
2024-06-23 13:05:50.267,10310,163,4,91,False,0,car,0 days 00:02:35.854000,0 days 00:59:32.949000
2024-06-23 13:05:50.667,9836,178,4,100,False,0,car,0 days 00:02:36.254000,0 days 00:59:33.349000
2024-06-23 13:05:50.947,10144,188,5,100,False,0,car,0 days 00:02:36.534000,0 days 00:59:33.629000
2024-06-23 13:05:51.147,10334,193,5,100,False,0,car,0 days 00:02:36.734000,0 days 00:59:33.829000
2024-06-23 13:05:51.387,10003,196,5,0,True,0,car,0 days 00:02:36.974000,0 days 00:59:34.069000
2024-06-23 13:05:51.667,9230,179,5,0,True,0,car,0 days 00:02:37.254000,0 days 00:59:34.349000
2024-06-23 13:05:52.067,8502,158,5,0,True,0,car,0 days 00:02:37.654000,0 days 00:59:34.749000
2024-06-23 13:05:52.307,9053,148,5,0,True,0,car,0 days 00:02:37.894000,0 days 00:59:34.989000
2024-06-23 13:05:52.507,8486,141,4,0,True,0,car,0 days 00:02:38.094000,0 days 00:59:35.189000
2024-06-23 13:05:52.707,8038,134,4,0,True,0,car,0 days 00:02:38.294000,0 days 00:59:35.389000
2024-06-23 13:05:52.867,7888,134,4,0,True,0,car,0 days 00:02:38.454000,0 days 00:59:35.549000
2024-06-23 13:05:53.027,7785,134,4,0,True,0,car,0 days 00:02:38.614000,0 days 00:59:35.709000
2024-06-23 13:05:53.348,7337,118,4,0,True,0,car,0 days 00:02:38.935000,0 days 00:59:36.030000
2024-06-23 13:05:53.548,7190,115,4,0,True,0,car,0 days 00:02:39.135000,0 days 00:59:36.230000
2024-06-23 13:05:53.828,7288,112,4,12,False,0,car,0 days 00:02:39.415000,0 days 00:59:36.510000
2024-06-23 13:05:54.068,7147,112,4,30,False,0,car,0 days 00:02:39.655000,0 days 00:59:36.750000
2024-06-23 13:05:54.228,7166,113,4,30,False,0,car,0 days 00:02:39.815000,0 days 00:59:36.910000
2024-06-23 13:05:54.588,7334,113,4,37,False,0,car,0 days 00:02:40.175000,0 days 00:59:37.270000
2024-06-23 13:05:54.868,7478,116,4,40,False,0,car,0 days 00:02:40.455000,0 days 00:59:37.550000
2024-06-23 13:05:55.108,7655,118,4,42,False,0,car,0 days 00:02:40.695000,0 days 00:59:37.790000
2024-06-23 13:05:55.308,7850,119,4,47,False,0,car,0 days 00:02:40.895000,0 days 00:59:37.990000
2024-06-23 13:05:55.548,7990,123,4,51,False,0,car,0 days 00:02:41.135000,0 days 00:59:38.230000
2024-06-23 13:05:55.788,8310,126,4,59,False,0,car,0 days 00:02:41.375000,0 days 00:59:38.470000
2024-06-23 13:05:56.148,8997,135,4,70,False,0,car,0 days 00:02:41.735000,0 days 00:59:38.830000
2024-06-23 13:05:56.308,9270,140,4,72,False,0,car,0 days 00:02:41.895000,0 days 00:59:38.990000
2024-06-23 13:05:56.508,9666,145,4,79,False,0,car,0 days 00:02:42.095000,0 days 00:59:39.190000
2024-06-23 13:05:56.827,10197,155,4,80,False,0,car,0 days 00:02:42.414000,0 days 00:59:39.509000
2024-06-23 13:05:57.147,10833,168,4,85,False,0,car,0 days 00:02:42.734000,0 days 00:59:39.829000
2024-06-23 13:05:57.427,11154,177,4,93,False,0,car,0 days 00:02:43.014000,0 days 00:59:40.109000
2024-06-23 13:05:57.707,10112,184,4,100,False,0,car,0 days 00:02:43.294000,0 days 00:59:40.389000
2024-06-23 13:05:57.987,10495,194,5,100,False,0,car,0 days 00:02:43.574000,0 days 00:59:40.669000
2024-06-23 13:05:58.147,10819,201,5,100,False,0,car,0 days 00:02:43.734000,0 days 00:59:40.829000
2024-06-23 13:05:58.467,11242,211,5,100,False,0,car,0 days 00:02:44.054000,0 days 00:59:41.149000
2024-06-23 13:05:58.787,10431,221,5,100,False,0,car,0 days 00:02:44.374000,0 days 00:59:41.469000
2024-06-23 13:05:59.067,10315,225,6,76,False,0,car,0 days 00:02:44.654000,0 days 00:59:41.749000
2024-06-23 13:05:59.387,10473,228,6,57,False,0,car,0 days 00:02:44.974000,0 days 00:59:42.069000
2024-06-23 13:05:59.587,10210,226,6,49,False,0,car,0 days 00:02:45.174000,0 days 00:59:42.269000
2024-06-23 13:05:59.908,10414,226,6,69,False,0,car,0 days 00:02:45.495000,0 days 00:59:42.590000
2024-06-23 13:06:00.188,10480,227,6,70,False,0,car,0 days 00:02:45.775000,0 days 00:59:42.870000
2024-06-23 13:06:00.548,10695,227,6,92,False,0,car,0 days 00:02:46.135000,0 days 00:59:43.230000
2024-06-23 13:06:00.788,10805,232,6,100,False,0,car,0 days 00:02:46.375000,0 days 00:59:43.470000
2024-06-23 13:06:01.068,11003,238,6,100,False,0,car,0 days 00:02:46.655000,0 days 00:59:43.750000
2024-06-23 13:06:01.348,11170,242,6,100,False,0,car,0 days 00:02:46.935000,0 days 00:59:44.030000
2024-06-23 13:06:01.708,11422,248,6,100,False,0,car,0 days 00:02:47.295000,0 days 00:59:44.390000
2024-06-23 13:06:01.948,11569,252,6,100,False,0,car,0 days 00:02:47.535000,0 days 00:59:44.630000
2024-06-23 13:06:02.308,11715,256,6,98,False,0,car,0 days 00:02:47.895000,0 days 00:59:44.990000
2024-06-23 13:06:02.548,11939,257,6,25,True,0,car,0 days 00:02:48.135000,0 days 00:59:45.230000
2024-06-23 13:06:02.828,10904,242,6,11,True,0,car,0 days 00:02:48.415000,0 days 00:59:45.510000
2024-06-23 13:06:03.228,10566,236,6,19,False,0,car,0 days 00:02:48.815000,0 days 00:59:45.910000
2024-06-23 13:06:03.627,10169,226,6,17,False,0,car,0 days 00:02:49.214000,0 days 00:59:46.309000
2024-06-23 13:06:04.027,10160,219,6,71,False,0,car,0 days 00:02:49.614000,0 days 00:59:46.709000
2024-06-23 13:06:04.267,10392,220,6,100,False,0,car,0 days 00:02:49.854000,0 days 00:59:46.949000
2024-06-23 13:06:04.427,10436,226,6,100,False,0,car,0 days 00:02:50.014000,0 days 00:59:47.109000
2024-06-23 13:06:04.587,10589,227,6,100,False,0,car,0 days 00:02:50.174000,0 days 00:59:47.269000
2024-06-23 13:06:04.787,10701,230,6,100,False,0,car,0 days 00:02:50.374000,0 days 00:59:47.469000
2024-06-23 13:06:04.947,10829,232,6,100,False,0,car,0 days 00:02:50.534000,0 days 00:59:47.629000
2024-06-23 13:06:05.227,11052,238,6,100,False,0,car,0 days 00:02:50.814000,0 days 00:59:47.909000
2024-06-23 13:06:05.507,11208,240,6,100,False,8,car,0 days 00:02:51.094000,0 days 00:59:48.189000
2024-06-23 13:06:05.707,11264,243,6,100,False,8,car,0 days 00:02:51.294000,0 days 00:59:48.389000
2024-06-23 13:06:06.067,11524,249,6,100,False,8,car,0 days 00:02:51.654000,0 days 00:59:48.749000
2024-06-23 13:06:06.267,11578,254,6,100,False,8,car,0 days 00:02:51.854000,0 days 00:59:48.949000
2024-06-23 13:06:06.588,11091,258,6,100,False,8,car,0 days 00:02:52.175000,0 days 00:59:49.270000
2024-06-23 13:06:06.868,10671,262,7,100,False,8,car,0 days 00:02:52.455000,0 days 00:59:49.550000
2024-06-23 13:06:07.028,10649,264,7,100,False,8,car,0 days 00:02:52.615000,0 days 00:59:49.710000
2024-06-23 13:06:07.308,10649,268,7,100,False,8,car,0 days 00:02:52.895000,0 days 00:59:49.990000
2024-06-23 13:06:07.668,10935,273,7,100,False,8,car,0 days 00:02:53.255000,0 days 00:59:50.350000
2024-06-23 13:06:08.108,11149,278,7,100,False,14,car,0 days 00:02:53.695000,0 days 00:59:50.790000
2024-06-23 13:06:08.268,11224,278,7,100,False,14,car,0 days 00:02:53.855000,0 days 00:59:50.950000
2024-06-23 13:06:08.508,11493,283,7,100,False,12,car,0 days 00:02:54.095000,0 days 00:59:51.190000
2024-06-23 13:06:08.708,11575,286,7,100,False,12,car,0 days 00:02:54.295000,0 days 00:59:51.390000
2024-06-23 13:06:09.028,11713,290,7,100,False,12,car,0 days 00:02:54.615000,0 days 00:59:51.710000
2024-06-23 13:06:09.228,10733,295,7,100,False,12,car,0 days 00:02:54.815000,0 days 00:59:51.910000
2024-06-23 13:06:09.428,10687,298,8,100,False,12,car,0 days 00:02:55.015000,0 days 00:59:52.110000
2024-06-23 13:06:09.788,10738,302,8,100,False,12,car,0 days 00:02:55.375000,0 days 00:59:52.470000
2024-06-23 13:06:10.028,10841,305,8,100,False,12,car,0 days 00:02:55.615000,0 days 00:59:52.710000
2024-06-23 13:06:10.227,11009,307,8,100,False,12,car,0 days 00:02:55.814000,0 days 00:59:52.909000
2024-06-23 13:06:10.627,11099,312,8,100,False,12,car,0 days 00:02:56.214000,0 days 00:59:53.309000
2024-06-23 13:06:11.027,11273,316,8,100,False,12,car,0 days 00:02:56.614000,0 days 00:59:53.709000
2024-06-23 13:06:11.187,11289,317,8,100,False,12,car,0 days 00:02:56.774000,0 days 00:59:53.869000
2024-06-23 13:06:11.387,11321,318,8,100,False,12,car,0 days 00:02:56.974000,0 days 00:59:54.069000
2024-06-23 13:06:11.667,11414,321,8,100,False,12,car,0 days 00:02:57.254000,0 days 00:59:54.349000
2024-06-23 13:06:12.107,11534,325,8,100,False,12,car,0 days 00:02:57.694000,0 days 00:59:54.789000
2024-06-23 13:06:12.387,11663,327,8,100,False,12,car,0 days 00:02:57.974000,0 days 00:59:55.069000
2024-06-23 13:06:12.587,11696,328,8,100,False,12,car,0 days 00:02:58.174000,0 days 00:59:55.269000
2024-06-23 13:06:12.867,11717,330,8,100,False,12,car,0 days 00:02:58.454000,0 days 00:59:55.549000
2024-06-23 13:06:13.027,11754,331,8,100,False,12,car,0 days 00:02:58.614000,0 days 00:59:55.709000
2024-06-23 13:06:13.308,11780,332,8,100,False,12,car,0 days 00:02:58.895000,0 days 00:59:55.990000
2024-06-23 13:06:13.468,11824,332,8,100,False,12,car,0 days 00:02:59.055000,0 days 00:59:56.150000
2024-06-23 13:06:13.668,11849,334,8,100,False,12,car,0 days 00:02:59.255000,0 days 00:59:56.350000
2024-06-23 13:06:13.908,11913,335,8,100,False,12,car,0 days 00:02:59.495000,0 days 00:59:56.590000
2024-06-23 13:06:14.068,11952,336,8,100,False,12,car,0 days 00:02:59.655000,0 days 00:59:56.750000
2024-06-23 13:06:14.228,12002,338,8,100,False,12,car,0 days 00:02:59.815000,0 days 00:59:56.910000
2024-06-23 13:06:14.428,12040,338,8,100,False,12,car,0 days 00:03:00.015000,0 days 00:59:57.110000
2024-06-23 13:06:14.628,12048,339,8,100,False,12,car,0 days 00:03:00.215000,0 days 00:59:57.310000
2024-06-23 13:06:14.828,12060,339,8,100,False,12,car,0 days 00:03:00.415000,0 days 00:59:57.510000
2024-06-23 13:06:15.148,12008,339,8,100,False,12,car,0 days 00:03:00.735000,0 days 00:59:57.830000
2024-06-23 13:06:15.388,12018,337,8,100,False,12,car,0 days 00:03:00.975000,0 days 00:59:58.070000
2024-06-23 13:06:15.628,12015,339,8,100,False,12,car,0 days 00:03:01.215000,0 days 00:59:58.310000
2024-06-23 13:06:15.788,11710,337,8,0,True,12,car,0 days 00:03:01.375000,0 days 00:59:58.470000
2024-06-23 13:06:16.108,11168,318,8,0,True,0,car,0 days 00:03:01.695000,0 days 00:59:58.790000
2024-06-23 13:06:16.308,10416,308,8,0,True,0,car,0 days 00:03:01.895000,0 days 00:59:58.990000
2024-06-23 13:06:16.668,10277,258,8,0,True,0,car,0 days 00:03:02.255000,0 days 00:59:59.350000
2024-06-23 13:06:16.828,9553,236,8,0,True,0,car,0 days 00:03:02.415000,0 days 00:59:59.510000
2024-06-23 13:06:17.187,9795,212,7,0,True,0,car,0 days 00:03:02.774000,0 days 00:59:59.869000
2024-06-23 13:06:17.347,8853,195,6,0,True,0,car,0 days 00:03:02.934000,0 days 01:00:00.029000
2024-06-23 13:06:17.627,9556,179,6,0,True,0,car,0 days 00:03:03.214000,0 days 01:00:00.309000
2024-06-23 13:06:17.787,8436,164,5,0,True,0,car,0 days 00:03:03.374000,0 days 01:00:00.469000
2024-06-23 13:06:18.067,9372,148,5,0,True,0,car,0 days 00:03:03.654000,0 days 01:00:00.749000
2024-06-23 13:06:18.547,8600,137,4,0,True,0,car,0 days 00:03:04.134000,0 days 01:00:01.229000
2024-06-23 13:06:18.747,8511,136,4,0,False,0,car,0 days 00:03:04.334000,0 days 01:00:01.429000
2024-06-23 13:06:19.107,8340,133,4,0,False,0,car,0 days 00:03:04.694000,0 days 01:00:01.789000
2024-06-23 13:06:19.307,8132,131,4,1,False,0,car,0 days 00:03:04.894000,0 days 01:00:01.989000
2024-06-23 13:06:19.788,8038,127,4,22,False,0,car,0 days 00:03:05.375000,0 days 01:00:02.470000
2024-06-23 13:06:20.108,8119,128,4,48,False,0,car,0 days 00:03:05.695000,0 days 01:00:02.790000
2024-06-23 13:06:20.308,8176,129,4,53,False,0,car,0 days 00:03:05.895000,0 days 01:00:02.990000
2024-06-23 13:06:20.588,8847,135,4,64,False,0,car,0 days 00:03:06.175000,0 days 01:00:03.270000
2024-06-23 13:06:21.028,9259,150,4,69,False,0,car,0 days 00:03:06.615000,0 days 01:00:03.710000
2024-06-23 13:06:21.188,8220,150,4,51,False,0,car,0 days 00:03:06.775000,0 days 01:00:03.870000
2024-06-23 13:06:21.628,8320,154,5,51,False,0,car,0 days 00:03:07.215000,0 days 01:00:04.310000
2024-06-23 13:06:21.828,8559,155,5,57,False,0,car,0 days 00:03:07.415000,0 days 01:00:04.510000
2024-06-23 13:06:21.988,8544,157,5,62,False,0,car,0 days 00:03:07.575000,0 days 01:00:04.670000
2024-06-23 13:06:22.148,8782,157,5,73,False,0,car,0 days 00:03:07.735000,0 days 01:00:04.830000
2024-06-23 13:06:22.308,8962,163,5,75,False,0,car,0 days 00:03:07.895000,0 days 01:00:04.990000
2024-06-23 13:06:22.668,9354,172,5,100,False,0,car,0 days 00:03:08.255000,0 days 01:00:05.350000
2024-06-23 13:06:22.948,9929,177,5,100,False,0,car,0 days 00:03:08.535000,0 days 01:00:05.630000
2024-06-23 13:06:23.228,10217,184,5,100,False,0,car,0 days 00:03:08.815000,0 days 01:00:05.910000
2024-06-23 13:06:23.668,10891,202,5,85,False,0,car,0 days 00:03:09.255000,0 days 01:00:06.350000
2024-06-23 13:06:23.867,10837,205,5,85,False,0,car,0 days 00:03:09.454000,0 days 01:00:06.549000
2024-06-23 13:06:24.187,9577,207,6,62,False,0,car,0 days 00:03:09.774000,0 days 01:00:06.869000
2024-06-23 13:06:24.587,9607,209,6,63,False,0,car,0 days 00:03:10.174000,0 days 01:00:07.269000
2024-06-23 13:06:24.867,9681,209,6,70,False,0,car,0 days 00:03:10.454000,0 days 01:00:07.549000
2024-06-23 13:06:25.067,9674,211,6,65,False,0,car,0 days 00:03:10.654000,0 days 01:00:07.749000
2024-06-23 13:06:25.267,9669,210,6,56,False,0,car,0 days 00:03:10.854000,0 days 01:00:07.949000
2024-06-23 13:06:25.467,9646,209,6,52,False,0,car,0 days 00:03:11.054000,0 days 01:00:08.149000
2024-06-23 13:06:25.707,9595,208,6,55,False,0,car,0 days 00:03:11.294000,0 days 01:00:08.389000
2024-06-23 13:06:25.907,9655,209,6,65,False,0,car,0 days 00:03:11.494000,0 days 01:00:08.589000
2024-06-23 13:06:26.147,9674,209,6,69,False,0,car,0 days 00:03:11.734000,0 days 01:00:08.829000
2024-06-23 13:06:26.468,9784,211,6,78,False,0,car,0 days 00:03:12.055000,0 days 01:00:09.150000
2024-06-23 13:06:26.748,9930,214,6,84,False,0,car,0 days 00:03:12.335000,0 days 01:00:09.430000
2024-06-23 13:06:27.028,10177,218,6,89,False,0,car,0 days 00:03:12.615000,0 days 01:00:09.710000
2024-06-23 13:06:27.428,10466,224,6,100,False,0,car,0 days 00:03:13.015000,0 days 01:00:10.110000
2024-06-23 13:06:27.788,10714,228,6,100,False,0,car,0 days 00:03:13.375000,0 days 01:00:10.470000
2024-06-23 13:06:27.948,10813,234,6,100,False,0,car,0 days 00:03:13.535000,0 days 01:00:10.630000
2024-06-23 13:06:28.268,11033,239,6,100,False,0,car,0 days 00:03:13.855000,0 days 01:00:10.950000
2024-06-23 13:06:28.628,11286,243,6,100,False,0,car,0 days 00:03:14.215000,0 days 01:00:11.310000
2024-06-23 13:06:28.828,11413,248,6,100,False,0,car,0 days 00:03:14.415000,0 days 01:00:11.510000
2024-06-23 13:06:29.068,11523,251,6,100,False,0,car,0 days 00:03:14.655000,0 days 01:00:11.750000
2024-06-23 13:06:29.508,11698,254,6,100,False,0,car,0 days 00:03:15.095000,0 days 01:00:12.190000
2024-06-23 13:06:29.708,10298,258,6,100,False,0,car,0 days 00:03:15.295000,0 days 01:00:12.390000
2024-06-23 13:06:29.868,10535,261,7,100,False,0,car,0 days 00:03:15.455000,0 days 01:00:12.550000
2024-06-23 13:06:30.148,10638,265,7,100,False,0,car,0 days 00:03:15.735000,0 days 01:00:12.830000
2024-06-23 13:06:30.348,10709,267,7,100,False,0,car,0 days 00:03:15.935000,0 days 01:00:13.030000
2024-06-23 13:06:30.627,10804,269,7,100,False,0,car,0 days 00:03:16.214000,0 days 01:00:13.309000
2024-06-23 13:06:30.827,10844,269,7,100,False,0,car,0 days 00:03:16.414000,0 days 01:00:13.509000
2024-06-23 13:06:31.187,10899,273,7,100,False,0,car,0 days 00:03:16.774000,0 days 01:00:13.869000
2024-06-23 13:06:31.467,10965,274,7,100,False,0,car,0 days 00:03:17.054000,0 days 01:00:14.149000
2024-06-23 13:06:31.707,10503,274,7,26,True,0,car,0 days 00:03:17.294000,0 days 01:00:14.389000
2024-06-23 13:06:31.947,10377,260,7,0,True,0,car,0 days 00:03:17.534000,0 days 01:00:14.629000
2024-06-23 13:06:32.147,9758,246,7,0,True,0,car,0 days 00:03:17.734000,0 days 01:00:14.829000
2024-06-23 13:06:32.427,9481,222,7,0,True,0,car,0 days 00:03:18.014000,0 days 01:00:15.109000
2024-06-23 13:06:32.627,9497,206,7,0,True,0,car,0 days 00:03:18.214000,0 days 01:00:15.309000
2024-06-23 13:06:32.828,9098,198,6,0,True,0,car,0 days 00:03:18.415000,0 days 01:00:15.510000
2024-06-23 13:06:33.948,9148,147,4,0,True,0,car,0 days 00:03:19.535000,0 days 01:00:16.630000
2024-06-23 13:06:34.188,8857,142,4,0,True,0,car,0 days 00:03:19.775000,0 days 01:00:16.870000
2024-06-23 13:06:34.508,8566,137,4,0,True,0,car,0 days 00:03:20.095000,0 days 01:00:17.190000
2024-06-23 13:06:34.788,8301,133,4,0,False,0,car,0 days 00:03:20.375000,0 days 01:00:17.470000
2024-06-23 13:06:35.228,7972,128,4,0,False,0,car,0 days 00:03:20.815000,0 days 01:00:17.910000
2024-06-23 13:06:35.388,7898,127,4,0,False,0,car,0 days 00:03:20.975000,0 days 01:00:18.070000
2024-06-23 13:06:35.868,7824,124,4,42,False,0,car,0 days 00:03:21.455000,0 days 01:00:18.550000
2024-06-23 13:06:36.228,8214,127,4,52,False,0,car,0 days 00:03:21.815000,0 days 01:00:18.910000
2024-06-23 13:06:36.668,8660,135,4,64,False,0,car,0 days 00:03:22.255000,0 days 01:00:19.350000
2024-06-23 13:06:36.868,9119,141,4,70,False,0,car,0 days 00:03:22.455000,0 days 01:00:19.550000
2024-06-23 13:06:37.068,9318,145,4,76,False,0,car,0 days 00:03:22.655000,0 days 01:00:19.750000
2024-06-23 13:06:37.467,10152,157,4,84,False,0,car,0 days 00:03:23.054000,0 days 01:00:20.149000
2024-06-23 13:06:37.827,10877,171,4,100,False,0,car,0 days 00:03:23.414000,0 days 01:00:20.509000
2024-06-23 13:06:38.107,11394,179,4,100,False,0,car,0 days 00:03:23.694000,0 days 01:00:20.789000
2024-06-23 13:06:38.267,10274,182,4,100,False,0,car,0 days 00:03:23.854000,0 days 01:00:20.949000
2024-06-23 13:06:38.547,10395,192,5,100,False,0,car,0 days 00:03:24.134000,0 days 01:00:21.229000
2024-06-23 13:06:38.827,10768,198,5,100,False,0,car,0 days 00:03:24.414000,0 days 01:00:21.509000
2024-06-23 13:06:39.027,11052,205,5,100,False,0,car,0 days 00:03:24.614000,0 days 01:00:21.709000
2024-06-23 13:06:39.508,11541,216,5,100,False,0,car,0 days 00:03:25.095000,0 days 01:00:22.190000
2024-06-23 13:06:39.708,11750,220,5,100,False,0,car,0 days 00:03:25.295000,0 days 01:00:22.390000
2024-06-23 13:06:40.108,10420,227,6,100,False,0,car,0 days 00:03:25.695000,0 days 01:00:22.790000
2024-06-23 13:06:40.348,10592,231,6,100,False,0,car,0 days 00:03:25.935000,0 days 01:00:23.030000
2024-06-23 13:06:40.708,10273,224,6,0,True,0,car,0 days 00:03:26.295000,0 days 01:00:23.390000
2024-06-23 13:06:40.988,9098,202,6,0,True,0,car,0 days 00:03:26.575000,0 days 01:00:23.670000
2024-06-23 13:06:41.148,8461,194,6,0,True,0,car,0 days 00:03:26.735000,0 days 01:00:23.830000
2024-06-23 13:06:41.388,8866,172,6,0,True,0,car,0 days 00:03:26.975000,0 days 01:00:24.070000
2024-06-23 13:06:41.588,8148,156,5,0,True,0,car,0 days 00:03:27.175000,0 days 01:00:24.270000
2024-06-23 13:06:41.948,8319,140,4,0,True,0,car,0 days 00:03:27.535000,0 days 01:00:24.630000
2024-06-23 13:06:42.188,7968,132,4,0,True,0,car,0 days 00:03:27.775000,0 days 01:00:24.870000
2024-06-23 13:06:42.348,8702,124,3,0,True,0,car,0 days 00:03:27.935000,0 days 01:00:25.030000
2024-06-23 13:06:42.788,8072,111,3,0,True,0,car,0 days 00:03:28.375000,0 days 01:00:25.470000
2024-06-23 13:06:43.188,7791,106,3,0,True,0,car,0 days 00:03:28.775000,0 days 01:00:25.870000
2024-06-23 13:06:43.388,7579,103,3,0,True,0,car,0 days 00:03:28.975000,0 days 01:00:26.070000
2024-06-23 13:06:43.628,7310,101,3,0,True,0,car,0 days 00:03:29.215000,0 days 01:00:26.310000
2024-06-23 13:06:43.868,7306,98,3,0,False,0,car,0 days 00:03:29.455000,0 days 01:00:26.550000
2024-06-23 13:06:44.227,7039,95,3,0,False,0,car,0 days 00:03:29.814000,0 days 01:00:26.909000
2024-06-23 13:06:44.467,7168,94,3,21,False,0,car,0 days 00:03:30.054000,0 days 01:00:27.149000
2024-06-23 13:06:44.667,7391,95,3,37,False,0,car,0 days 00:03:30.254000,0 days 01:00:27.349000
2024-06-23 13:06:45.027,7808,101,3,44,False,0,car,0 days 00:03:30.614000,0 days 01:00:27.709000
2024-06-23 13:06:45.227,8165,103,3,50,False,0,car,0 days 00:03:30.814000,0 days 01:00:27.909000
2024-06-23 13:06:45.627,8835,112,3,55,False,0,car,0 days 00:03:31.214000,0 days 01:00:28.309000
2024-06-23 13:06:45.787,9103,112,3,64,False,0,car,0 days 00:03:31.374000,0 days 01:00:28.469000
2024-06-23 13:06:46.068,9925,128,3,73,False,0,car,0 days 00:03:31.655000,0 days 01:00:28.750000
2024-06-23 13:06:46.468,9284,143,3,96,False,0,car,0 days 00:03:32.055000,0 days 01:00:29.150000
2024-06-23 13:06:46.708,10182,153,4,100,False,0,car,0 days 00:03:32.295000,0 days 01:00:29.390000
2024-06-23 13:06:47.108,10829,171,4,100,False,0,car,0 days 00:03:32.695000,0 days 01:00:29.790000
2024-06-23 13:06:47.388,10309,184,4,100,False,0,car,0 days 00:03:32.975000,0 days 01:00:30.070000
2024-06-23 13:06:47.588,10344,191,4,100,False,0,car,0 days 00:03:33.175000,0 days 01:00:30.270000
2024-06-23 13:06:47.868,10802,201,5,100,False,0,car,0 days 00:03:33.455000,0 days 01:00:30.550000
2024-06-23 13:06:48.988,10607,231,6,100,False,0,car,0 days 00:03:34.575000,0 days 01:00:31.670000
2024-06-23 13:06:49.188,10889,236,6,100,False,0,car,0 days 00:03:34.775000,0 days 01:00:31.870000
2024-06-23 13:06:49.388,11017,238,6,100,False,0,car,0 days 00:03:34.975000,0 days 01:00:32.070000
2024-06-23 13:06:49.628,11235,242,6,100,False,0,car,0 days 00:03:35.215000,0 days 01:00:32.310000
2024-06-23 13:06:49.788,11279,242,6,100,False,0,car,0 days 00:03:35.375000,0 days 01:00:32.470000
2024-06-23 13:06:50.188,11460,250,6,92,True,0,car,0 days 00:03:35.775000,0 days 01:00:32.870000
2024-06-23 13:06:50.667,9677,214,6,0,True,0,car,0 days 00:03:36.254000,0 days 01:00:33.349000
2024-06-23 13:06:50.867,8875,196,6,0,True,0,car,0 days 00:03:36.454000,0 days 01:00:33.549000
2024-06-23 13:06:51.147,8984,173,6,0,True,0,car,0 days 00:03:36.734000,0 days 01:00:33.829000
2024-06-23 13:06:51.347,8380,159,5,0,True,0,car,0 days 00:03:36.934000,0 days 01:00:34.029000
2024-06-23 13:06:51.667,8825,145,4,0,True,0,car,0 days 00:03:37.254000,0 days 01:00:34.349000
2024-06-23 13:06:51.867,8681,139,4,0,True,0,car,0 days 00:03:37.454000,0 days 01:00:34.549000
2024-06-23 13:06:52.027,8525,135,4,0,True,0,car,0 days 00:03:37.614000,0 days 01:00:34.709000
2024-06-23 13:06:52.307,8272,132,4,0,False,0,car,0 days 00:03:37.894000,0 days 01:00:34.989000
2024-06-23 13:06:52.628,8191,128,4,8,False,0,car,0 days 00:03:38.215000,0 days 01:00:35.310000
2024-06-23 13:06:52.828,8132,128,4,24,False,0,car,0 days 00:03:38.415000,0 days 01:00:35.510000
2024-06-23 13:06:53.028,8272,128,4,24,False,0,car,0 days 00:03:38.615000,0 days 01:00:35.710000
2024-06-23 13:06:53.188,8346,128,4,27,False,0,car,0 days 00:03:38.775000,0 days 01:00:35.870000
2024-06-23 13:06:53.428,8310,129,4,47,False,0,car,0 days 00:03:39.015000,0 days 01:00:36.110000
2024-06-23 13:06:53.708,8587,132,4,62,False,0,car,0 days 00:03:39.295000,0 days 01:00:36.390000
2024-06-23 13:06:54.028,9306,139,4,77,False,0,car,0 days 00:03:39.615000,0 days 01:00:36.710000
2024-06-23 13:06:54.308,9928,151,4,100,False,0,car,0 days 00:03:39.895000,0 days 01:00:36.990000
2024-06-23 13:06:54.748,11152,164,4,100,False,0,car,0 days 00:03:40.335000,0 days 01:00:37.430000
2024-06-23 13:06:54.988,10703,179,4,100,False,0,car,0 days 00:03:40.575000,0 days 01:00:37.670000
2024-06-23 13:06:55.348,10409,192,5,100,False,0,car,0 days 00:03:40.935000,0 days 01:00:38.030000
2024-06-23 13:06:55.628,10836,200,5,100,False,0,car,0 days 00:03:41.215000,0 days 01:00:38.310000
2024-06-23 13:06:55.988,11217,209,5,100,False,0,car,0 days 00:03:41.575000,0 days 01:00:38.670000
2024-06-23 13:06:56.148,11327,214,5,100,False,0,car,0 days 00:03:41.735000,0 days 01:00:38.830000
2024-06-23 13:06:56.308,11568,214,5,100,False,0,car,0 days 00:03:41.895000,0 days 01:00:38.990000
2024-06-23 13:06:56.508,11776,214,5,100,False,0,car,0 days 00:03:42.095000,0 days 01:00:39.190000
2024-06-23 13:06:56.828,10558,228,5,100,False,0,car,0 days 00:03:42.415000,0 days 01:00:39.510000
2024-06-23 13:06:57.188,10735,235,6,100,False,0,car,0 days 00:03:42.775000,0 days 01:00:39.870000
2024-06-23 13:06:57.467,10919,237,6,96,False,0,car,0 days 00:03:43.054000,0 days 01:00:40.149000
2024-06-23 13:06:57.827,10369,233,6,0,True,0,car,0 days 00:03:43.414000,0 days 01:00:40.509000
2024-06-23 13:06:58.147,10013,219,6,0,True,0,car,0 days 00:03:43.734000,0 days 01:00:40.829000
2024-06-23 13:06:58.387,9669,215,6,0,False,0,car,0 days 00:03:43.974000,0 days 01:00:41.069000
2024-06-23 13:06:58.707,9658,211,6,34,False,0,car,0 days 00:03:44.294000,0 days 01:00:41.389000
2024-06-23 13:06:59.067,9492,206,6,60,False,0,car,0 days 00:03:44.654000,0 days 01:00:41.749000
2024-06-23 13:06:59.308,9530,207,6,68,False,0,car,0 days 00:03:44.895000,0 days 01:00:41.990000
2024-06-23 13:06:59.508,9568,206,6,73,False,0,car,0 days 00:03:45.095000,0 days 01:00:42.190000
2024-06-23 13:06:59.868,9957,212,6,100,False,0,car,0 days 00:03:45.455000,0 days 01:00:42.550000
2024-06-23 13:07:00.068,10079,216,6,100,False,0,car,0 days 00:03:45.655000,0 days 01:00:42.750000
2024-06-23 13:07:00.468,10422,225,6,100,False,8,car,0 days 00:03:46.055000,0 days 01:00:43.150000
2024-06-23 13:07:00.628,10562,226,6,100,False,8,car,0 days 00:03:46.215000,0 days 01:00:43.310000
2024-06-23 13:07:00.988,10805,233,6,100,False,8,car,0 days 00:03:46.575000,0 days 01:00:43.670000
2024-06-23 13:07:01.188,10891,237,6,100,False,14,car,0 days 00:03:46.775000,0 days 01:00:43.870000
2024-06-23 13:07:01.468,11217,243,6,100,False,14,car,0 days 00:03:47.055000,0 days 01:00:44.150000
2024-06-23 13:07:01.668,11457,248,6,100,False,12,car,0 days 00:03:47.255000,0 days 01:00:44.350000
2024-06-23 13:07:02.028,11526,255,6,100,False,12,car,0 days 00:03:47.615000,0 days 01:00:44.710000
2024-06-23 13:07:02.348,10613,262,7,100,False,12,car,0 days 00:03:47.935000,0 days 01:00:45.030000
2024-06-23 13:07:02.508,10613,262,7,100,False,12,car,0 days 00:03:48.095000,0 days 01:00:45.190000
2024-06-23 13:07:02.788,10864,270,7,100,False,12,car,0 days 00:03:48.375000,0 days 01:00:45.470000
2024-06-23 13:07:03.228,11186,278,7,100,False,12,car,0 days 00:03:48.815000,0 days 01:00:45.910000
2024-06-23 13:07:03.468,11306,281,7,100,False,12,car,0 days 00:03:49.055000,0 days 01:00:46.150000
2024-06-23 13:07:03.668,11422,283,7,100,False,12,car,0 days 00:03:49.255000,0 days 01:00:46.350000
2024-06-23 13:07:03.868,11542,287,7,100,False,12,car,0 days 00:03:49.455000,0 days 01:00:46.550000
2024-06-23 13:07:04.267,11721,292,7,100,False,12,car,0 days 00:03:49.854000,0 days 01:00:46.949000
2024-06-23 13:07:04.707,10534,295,8,100,False,12,car,0 days 00:03:50.294000,0 days 01:00:47.389000
2024-06-23 13:07:05.027,10636,298,8,100,False,10,car,0 days 00:03:50.614000,0 days 01:00:47.709000
2024-06-23 13:07:05.507,9964,283,8,0,True,8,car,0 days 00:03:51.094000,0 days 01:00:48.189000
2024-06-23 13:07:05.668,9358,266,8,0,True,8,car,0 days 00:03:51.255000,0 days 01:00:48.350000
2024-06-23 13:07:05.908,8600,256,8,0,True,8,car,0 days 00:03:51.495000,0 days 01:00:48.590000
2024-06-23 13:07:06.068,8885,239,8,0,True,8,car,0 days 00:03:51.655000,0 days 01:00:48.750000
2024-06-23 13:07:06.348,8176,219,7,0,True,8,car,0 days 00:03:51.935000,0 days 01:00:49.030000
2024-06-23 13:07:06.508,8675,219,7,0,True,0,car,0 days 00:03:52.095000,0 days 01:00:49.190000
2024-06-23 13:07:06.748,9029,179,6,0,True,0,car,0 days 00:03:52.335000,0 days 01:00:49.430000
2024-06-23 13:07:07.148,8978,147,5,0,True,0,car,0 days 00:03:52.735000,0 days 01:00:49.830000
2024-06-23 13:07:07.348,8518,138,4,0,True,0,car,0 days 00:03:52.935000,0 days 01:00:50.030000
2024-06-23 13:07:07.708,7874,129,4,0,True,0,car,0 days 00:03:53.295000,0 days 01:00:50.390000
2024-06-23 13:07:08.028,7269,117,4,0,True,0,car,0 days 00:03:53.615000,0 days 01:00:50.710000
2024-06-23 13:07:08.188,7269,114,4,0,True,0,car,0 days 00:03:53.775000,0 days 01:00:50.870000
2024-06-23 13:07:08.348,8110,109,3,0,True,0,car,0 days 00:03:53.935000,0 days 01:00:51.030000
2024-06-23 13:07:08.548,7851,106,3,0,True,0,car,0 days 00:03:54.135000,0 days 01:00:51.230000
2024-06-23 13:07:08.828,7437,102,3,0,True,0,car,0 days 00:03:54.415000,0 days 01:00:51.510000
2024-06-23 13:07:09.028,7277,99,3,0,True,0,car,0 days 00:03:54.615000,0 days 01:00:51.710000
2024-06-23 13:07:09.228,7152,96,3,0,False,0,car,0 days 00:03:54.815000,0 days 01:00:51.910000
2024-06-23 13:07:09.668,7174,95,3,24,False,0,car,0 days 00:03:55.255000,0 days 01:00:52.350000
2024-06-23 13:07:09.868,7382,96,3,30,False,0,car,0 days 00:03:55.455000,0 days 01:00:52.550000
2024-06-23 13:07:10.108,7523,97,3,35,False,0,car,0 days 00:03:55.695000,0 days 01:00:52.790000
2024-06-23 13:07:10.268,7627,98,3,38,False,0,car,0 days 00:03:55.855000,0 days 01:00:52.950000
2024-06-23 13:07:10.508,7805,102,3,43,False,0,car,0 days 00:03:56.095000,0 days 01:00:53.190000
2024-06-23 13:07:10.828,8254,107,3,48,False,0,car,0 days 00:03:56.415000,0 days 01:00:53.510000
2024-06-23 13:07:11.267,9155,118,3,63,False,0,car,0 days 00:03:56.854000,0 days 01:00:53.949000
2024-06-23 13:07:11.427,9290,121,3,68,False,0,car,0 days 00:03:57.014000,0 days 01:00:54.109000
2024-06-23 13:07:11.707,8548,130,3,75,False,0,car,0 days 00:03:57.294000,0 days 01:00:54.389000
2024-06-23 13:07:11.907,8838,136,4,81,False,0,car,0 days 00:03:57.494000,0 days 01:00:54.589000
2024-06-23 13:07:12.107,9404,144,4,85,False,0,car,0 days 00:03:57.694000,0 days 01:00:54.789000
2024-06-23 13:07:12.548,10587,164,4,100,False,0,car,0 days 00:03:58.135000,0 days 01:00:55.230000
2024-06-23 13:07:12.748,11048,172,4,100,False,0,car,0 days 00:03:58.335000,0 days 01:00:55.430000
2024-06-23 13:07:13.108,11347,180,4,100,False,0,car,0 days 00:03:58.695000,0 days 01:00:55.790000
2024-06-23 13:07:13.388,10184,190,5,100,False,0,car,0 days 00:03:58.975000,0 days 01:00:56.070000
2024-06-23 13:07:13.628,10274,195,5,100,True,0,car,0 days 00:03:59.215000,0 days 01:00:56.310000
2024-06-23 13:07:13.908,9699,184,5,0,True,0,car,0 days 00:03:59.495000,0 days 01:00:56.590000
2024-06-23 13:07:14.188,9088,167,5,0,True,0,car,0 days 00:03:59.775000,0 days 01:00:56.870000
2024-06-23 13:07:14.428,9466,153,5,0,True,0,car,0 days 00:04:00.015000,0 days 01:00:57.110000
2024-06-23 13:07:14.788,8857,144,4,0,True,0,car,0 days 00:04:00.375000,0 days 01:00:57.470000
2024-06-23 13:07:15.228,8167,130,4,0,True,0,car,0 days 00:04:00.815000,0 days 01:00:57.910000
2024-06-23 13:07:16.308,6931,112,4,0,True,0,car,0 days 00:04:01.895000,0 days 01:00:58.990000
2024-06-23 13:07:16.628,6769,107,4,0,False,0,car,0 days 00:04:02.215000,0 days 01:00:59.310000
2024-06-23 13:07:16.948,6955,106,4,32,False,0,car,0 days 00:04:02.535000,0 days 01:00:59.630000
2024-06-23 13:07:17.268,7026,108,4,35,False,0,car,0 days 00:04:02.855000,0 days 01:00:59.950000
2024-06-23 13:07:17.428,7026,109,4,35,False,0,car,0 days 00:04:03.015000,0 days 01:01:00.110000
2024-06-23 13:07:17.627,7416,111,4,45,False,0,car,0 days 00:04:03.214000,0 days 01:01:00.309000
2024-06-23 13:07:17.867,7712,115,4,49,False,0,car,0 days 00:04:03.454000,0 days 01:01:00.549000
2024-06-23 13:07:18.267,8266,122,4,59,False,0,car,0 days 00:04:03.854000,0 days 01:01:00.949000
2024-06-23 13:07:18.467,8438,126,4,64,False,0,car,0 days 00:04:04.054000,0 days 01:01:01.149000
2024-06-23 13:07:18.667,8794,132,4,71,False,0,car,0 days 00:04:04.254000,0 days 01:01:01.349000
2024-06-23 13:07:18.948,8955,140,4,73,False,0,car,0 days 00:04:04.535000,0 days 01:01:01.630000
2024-06-23 13:07:19.308,9457,150,4,79,False,0,car,0 days 00:04:04.895000,0 days 01:01:01.990000
2024-06-23 13:07:19.748,11353,172,4,100,False,0,car,0 days 00:04:05.335000,0 days 01:01:02.430000
2024-06-23 13:07:19.948,10483,172,4,100,False,0,car,0 days 00:04:05.535000,0 days 01:01:02.630000
2024-06-23 13:07:20.108,9910,183,4,100,False,0,car,0 days 00:04:05.695000,0 days 01:01:02.790000
2024-06-23 13:07:20.348,10487,193,5,100,False,0,car,0 days 00:04:05.935000,0 days 01:01:03.030000
2024-06-23 13:07:20.508,10484,196,5,100,False,0,car,0 days 00:04:06.095000,0 days 01:01:03.190000
2024-06-23 13:07:20.748,11105,205,5,100,False,0,car,0 days 00:04:06.335000,0 days 01:01:03.430000
2024-06-23 13:07:20.988,11542,212,5,100,False,0,car,0 days 00:04:06.575000,0 days 01:01:03.670000
2024-06-23 13:07:21.188,10820,216,5,100,False,0,car,0 days 00:04:06.775000,0 days 01:01:03.870000
2024-06-23 13:07:21.388,10434,221,5,98,False,0,car,0 days 00:04:06.975000,0 days 01:01:04.070000
2024-06-23 13:07:21.708,10473,226,6,71,False,0,car,0 days 00:04:07.295000,0 days 01:01:04.390000
2024-06-23 13:07:21.948,10597,229,6,81,False,0,car,0 days 00:04:07.535000,0 days 01:01:04.630000
2024-06-23 13:07:22.228,10631,231,6,77,False,0,car,0 days 00:04:07.815000,0 days 01:01:04.910000
2024-06-23 13:07:22.508,10547,231,6,65,False,0,car,0 days 00:04:08.095000,0 days 01:01:05.190000
2024-06-23 13:07:22.828,10719,231,6,91,False,0,car,0 days 00:04:08.415000,0 days 01:01:05.510000
2024-06-23 13:07:23.188,10897,238,6,100,False,0,car,0 days 00:04:08.775000,0 days 01:01:05.870000
2024-06-23 13:07:23.428,11083,241,6,100,False,0,car,0 days 00:04:09.015000,0 days 01:01:06.110000
2024-06-23 13:07:23.748,11207,244,6,100,False,0,car,0 days 00:04:09.335000,0 days 01:01:06.430000
2024-06-23 13:07:23.948,11269,245,6,100,False,0,car,0 days 00:04:09.535000,0 days 01:01:06.630000
2024-06-23 13:07:24.148,11349,249,6,100,False,0,car,0 days 00:04:09.735000,0 days 01:01:06.830000
2024-06-23 13:07:24.307,11412,249,6,100,False,0,car,0 days 00:04:09.894000,0 days 01:01:06.989000
2024-06-23 13:07:24.547,11518,252,6,100,False,0,car,0 days 00:04:10.134000,0 days 01:01:07.229000
2024-06-23 13:07:24.747,11588,254,6,100,False,0,car,0 days 00:04:10.334000,0 days 01:01:07.429000
2024-06-23 13:07:25.027,11489,254,6,93,True,0,car,0 days 00:04:10.614000,0 days 01:01:07.709000
2024-06-23 13:07:25.267,11145,246,6,9,True,0,car,0 days 00:04:10.854000,0 days 01:01:07.949000
2024-06-23 13:07:25.708,10683,235,6,10,False,0,car,0 days 00:04:11.295000,0 days 01:01:08.390000
2024-06-23 13:07:25.948,10414,228,6,26,False,0,car,0 days 00:04:11.535000,0 days 01:01:08.630000
2024-06-23 13:07:26.148,10286,225,6,30,False,0,car,0 days 00:04:11.735000,0 days 01:01:08.830000
2024-06-23 13:07:26.508,10220,220,6,68,False,0,car,0 days 00:04:12.095000,0 days 01:01:09.190000
2024-06-23 13:07:26.748,10350,221,6,85,False,0,car,0 days 00:04:12.335000,0 days 01:01:09.430000
2024-06-23 13:07:26.948,10422,224,6,100,False,0,car,0 days 00:04:12.535000,0 days 01:01:09.630000
2024-06-23 13:07:27.228,10615,228,6,100,False,0,car,0 days 00:04:12.815000,0 days 01:01:09.910000
2024-06-23 13:07:27.548,10818,233,6,100,False,0,car,0 days 00:04:13.135000,0 days 01:01:10.230000
2024-06-23 13:07:27.708,10901,235,6,100,False,0,car,0 days 00:04:13.295000,0 days 01:01:10.390000
2024-06-23 13:07:27.868,11014,239,6,100,False,8,car,0 days 00:04:13.455000,0 days 01:01:10.550000
2024-06-23 13:07:28.148,11152,241,6,100,False,8,car,0 days 00:04:13.735000,0 days 01:01:10.830000
2024-06-23 13:07:28.428,11374,244,6,100,False,8,car,0 days 00:04:14.015000,0 days 01:01:11.110000
2024-06-23 13:07:28.628,11426,247,6,100,False,8,car,0 days 00:04:14.215000,0 days 01:01:11.310000
2024-06-23 13:07:28.788,11480,250,6,100,False,8,car,0 days 00:04:14.375000,0 days 01:01:11.470000
2024-06-23 13:07:29.068,11683,254,6,100,False,8,car,0 days 00:04:14.655000,0 days 01:01:11.750000
2024-06-23 13:07:29.388,10501,257,6,100,False,8,car,0 days 00:04:14.975000,0 days 01:01:12.070000
2024-06-23 13:07:29.588,10545,260,7,100,False,8,car,0 days 00:04:15.175000,0 days 01:01:12.270000
2024-06-23 13:07:29.748,10525,263,7,100,False,8,car,0 days 00:04:15.335000,0 days 01:01:12.430000
2024-06-23 13:07:30.028,10724,267,7,100,False,10,car,0 days 00:04:15.615000,0 days 01:01:12.710000
2024-06-23 13:07:30.388,10839,271,7,100,False,12,car,0 days 00:04:15.975000,0 days 01:01:13.070000
2024-06-23 13:07:30.548,10950,274,7,100,False,12,car,0 days 00:04:16.135000,0 days 01:01:13.230000
2024-06-23 13:07:30.748,11124,277,7,100,False,12,car,0 days 00:04:16.335000,0 days 01:01:13.430000
2024-06-23 13:07:31.028,11201,280,7,100,False,12,car,0 days 00:04:16.615000,0 days 01:01:13.710000
2024-06-23 13:07:31.507,11501,286,7,100,False,12,car,0 days 00:04:17.094000,0 days 01:01:14.189000
2024-06-23 13:07:31.947,11367,292,7,100,False,12,car,0 days 00:04:17.534000,0 days 01:01:14.629000
2024-06-23 13:07:32.108,10809,293,7,100,False,12,car,0 days 00:04:17.695000,0 days 01:01:14.790000
2024-06-23 13:07:32.268,10609,296,8,100,False,12,car,0 days 00:04:17.855000,0 days 01:01:14.950000
2024-06-23 13:07:32.748,10651,300,8,100,False,12,car,0 days 00:04:18.335000,0 days 01:01:15.430000
2024-06-23 13:07:32.948,10776,303,8,100,False,12,car,0 days 00:04:18.535000,0 days 01:01:15.630000
2024-06-23 13:07:33.188,10870,305,8,100,False,12,car,0 days 00:04:18.775000,0 days 01:01:15.870000
2024-06-23 13:07:33.348,10920,307,8,100,False,12,car,0 days 00:04:18.935000,0 days 01:01:16.030000
2024-06-23 13:07:33.628,10997,309,8,100,False,12,car,0 days 00:04:19.215000,0 days 01:01:16.310000
2024-06-23 13:07:33.828,11080,310,8,100,False,12,car,0 days 00:04:19.415000,0 days 01:01:16.510000
2024-06-23 13:07:33.988,11111,312,8,100,False,12,car,0 days 00:04:19.575000,0 days 01:01:16.670000
2024-06-23 13:07:34.348,11184,315,8,100,False,12,car,0 days 00:04:19.935000,0 days 01:01:17.030000
2024-06-23 13:07:34.508,11234,315,8,100,False,12,car,0 days 00:04:20.095000,0 days 01:01:17.190000
2024-06-23 13:07:34.868,11307,318,8,100,False,12,car,0 days 00:04:20.455000,0 days 01:01:17.550000
2024-06-23 13:07:35.268,11398,320,8,100,False,12,car,0 days 00:04:20.855000,0 days 01:01:17.950000
2024-06-23 13:07:35.588,11462,322,8,100,False,12,car,0 days 00:04:21.175000,0 days 01:01:18.270000
2024-06-23 13:07:35.908,11559,323,8,100,False,12,car,0 days 00:04:21.495000,0 days 01:01:18.590000
2024-06-23 13:07:36.108,11556,325,8,100,False,12,car,0 days 00:04:21.695000,0 days 01:01:18.790000
2024-06-23 13:07:36.508,11618,327,8,100,False,12,car,0 days 00:04:22.095000,0 days 01:01:19.190000
2024-06-23 13:07:36.708,11638,327,8,100,False,12,car,0 days 00:04:22.295000,0 days 01:01:19.390000
2024-06-23 13:07:36.948,11682,328,8,100,False,12,car,0 days 00:04:22.535000,0 days 01:01:19.630000
2024-06-23 13:07:37.268,11688,328,8,100,False,12,car,0 days 00:04:22.855000,0 days 01:01:19.950000
2024-06-23 13:07:37.508,11689,329,8,100,False,12,car,0 days 00:04:23.095000,0 days 01:01:20.190000
2024-06-23 13:07:37.827,11713,329,8,100,False,12,car,0 days 00:04:23.414000,0 days 01:01:20.509000
2024-06-23 13:07:38.067,11615,328,8,100,False,12,car,0 days 00:04:23.654000,0 days 01:01:20.749000
2024-06-23 13:07:38.427,11551,326,8,100,False,8,car,0 days 00:04:24.014000,0 days 01:01:21.109000
2024-06-23 13:07:38.588,11587,325,8,100,False,8,car,0 days 00:04:24.175000,0 days 01:01:21.270000
2024-06-23 13:07:38.908,10828,321,8,0,True,0,car,0 days 00:04:24.495000,0 days 01:01:21.590000
2024-06-23 13:07:39.228,10101,279,8,0,True,0,car,0 days 00:04:24.815000,0 days 01:01:21.910000
2024-06-23 13:07:39.468,9008,257,8,0,True,0,car,0 days 00:04:25.055000,0 days 01:01:22.150000
2024-06-23 13:07:39.628,9148,236,8,0,True,0,car,0 days 00:04:25.215000,0 days 01:01:22.310000
2024-06-23 13:07:39.788,8948,226,7,0,True,0,car,0 days 00:04:25.375000,0 days 01:01:22.470000
2024-06-23 13:07:39.988,9256,216,7,0,True,0,car,0 days 00:04:25.575000,0 days 01:01:22.670000
2024-06-23 13:07:40.428,8992,169,6,0,True,0,car,0 days 00:04:26.015000,0 days 01:01:23.110000
2024-06-23 13:07:40.628,9645,166,5,0,True,0,car,0 days 00:04:26.215000,0 days 01:01:23.310000
2024-06-23 13:07:41.108,8958,146,4,0,True,0,car,0 days 00:04:26.695000,0 days 01:01:23.790000
2024-06-23 13:07:41.348,8736,139,4,0,True,0,car,0 days 00:04:26.935000,0 days 01:01:24.030000
2024-06-23 13:07:41.588,8542,137,4,0,True,0,car,0 days 00:04:27.175000,0 days 01:01:24.270000
2024-06-23 13:07:41.828,8318,134,4,0,False,0,car,0 days 00:04:27.415000,0 days 01:01:24.510000
2024-06-23 13:07:42.028,8351,134,4,4,False,0,car,0 days 00:04:27.615000,0 days 01:01:24.710000
2024-06-23 13:07:42.268,8315,130,4,31,False,0,car,0 days 00:04:27.855000,0 days 01:01:24.950000
2024-06-23 13:07:42.708,8426,132,4,52,False,0,car,0 days 00:04:28.295000,0 days 01:01:25.390000
2024-06-23 13:07:42.948,8779,136,4,61,False,0,car,0 days 00:04:28.535000,0 days 01:01:25.630000
2024-06-23 13:07:43.108,8903,137,4,62,False,0,car,0 days 00:04:28.695000,0 days 01:01:25.790000
2024-06-23 13:07:43.508,9401,148,4,67,False,0,car,0 days 00:04:29.095000,0 days 01:01:26.190000
2024-06-23 13:07:43.748,8543,153,4,57,False,0,car,0 days 00:04:29.335000,0 days 01:01:26.430000
2024-06-23 13:07:44.108,8399,156,5,57,False,0,car,0 days 00:04:29.695000,0 days 01:01:26.790000
2024-06-23 13:07:44.268,8399,158,5,57,False,0,car,0 days 00:04:29.855000,0 days 01:01:26.950000
2024-06-23 13:07:44.468,8709,159,5,69,False,0,car,0 days 00:04:30.055000,0 days 01:01:27.150000
2024-06-23 13:07:44.827,9021,168,5,74,False,0,car,0 days 00:04:30.414000,0 days 01:01:27.509000
2024-06-23 13:07:44.987,9334,172,5,83,False,0,car,0 days 00:04:30.574000,0 days 01:01:27.669000
2024-06-23 13:07:45.188,9449,176,5,87,False,0,car,0 days 00:04:30.775000,0 days 01:01:27.870000
2024-06-23 13:07:45.428,10025,185,5,88,False,0,car,0 days 00:04:31.015000,0 days 01:01:28.110000
2024-06-23 13:07:45.668,10396,191,5,100,False,0,car,0 days 00:04:31.255000,0 days 01:01:28.350000
2024-06-23 13:07:46.028,10745,203,5,100,False,0,car,0 days 00:04:31.615000,0 days 01:01:28.710000
2024-06-23 13:07:46.188,10889,207,5,100,False,0,car,0 days 00:04:31.775000,0 days 01:01:28.870000
2024-06-23 13:07:46.348,9909,208,5,65,False,0,car,0 days 00:04:31.935000,0 days 01:01:29.030000
2024-06-23 13:07:46.588,9563,209,6,57,False,0,car,0 days 00:04:32.175000,0 days 01:01:29.270000
2024-06-23 13:07:46.868,9507,206,6,50,False,0,car,0 days 00:04:32.455000,0 days 01:01:29.550000
2024-06-23 13:07:47.028,9478,206,6,53,False,0,car,0 days 00:04:32.615000,0 days 01:01:29.710000
2024-06-23 13:07:47.508,9498,207,6,60,False,0,car,0 days 00:04:33.095000,0 days 01:01:30.190000
2024-06-23 13:07:47.708,9532,206,6,61,False,0,car,0 days 00:04:33.295000,0 days 01:01:30.390000
2024-06-23 13:07:47.908,9593,207,6,67,False,0,car,0 days 00:04:33.495000,0 days 01:01:30.590000
2024-06-23 13:07:48.268,9630,209,6,72,False,0,car,0 days 00:04:33.855000,0 days 01:01:30.950000
2024-06-23 13:07:48.508,9977,210,6,82,False,0,car,0 days 00:04:34.095000,0 days 01:01:31.190000
2024-06-23 13:07:48.828,10153,215,6,100,False,0,car,0 days 00:04:34.415000,0 days 01:01:31.510000
2024-06-23 13:07:49.068,10348,219,6,100,False,0,car,0 days 00:04:34.655000,0 days 01:01:31.750000
2024-06-23 13:07:49.348,10570,224,6,100,False,0,car,0 days 00:04:34.935000,0 days 01:01:32.030000
2024-06-23 13:07:49.668,10831,231,6,91,False,0,car,0 days 00:04:35.255000,0 days 01:01:32.350000
2024-06-23 13:07:49.988,10892,232,6,100,False,0,car,0 days 00:04:35.575000,0 days 01:01:32.670000
2024-06-23 13:07:50.268,11163,239,6,100,False,0,car,0 days 00:04:35.855000,0 days 01:01:32.950000
2024-06-23 13:07:50.548,11344,244,6,96,False,0,car,0 days 00:04:36.135000,0 days 01:01:33.230000
2024-06-23 13:07:50.748,11424,244,6,94,False,0,car,0 days 00:04:36.335000,0 days 01:01:33.430000
2024-06-23 13:07:50.908,11435,247,6,100,False,0,car,0 days 00:04:36.495000,0 days 01:01:33.590000
2024-06-23 13:07:51.188,11562,249,6,100,False,0,car,0 days 00:04:36.775000,0 days 01:01:33.870000
2024-06-23 13:07:51.347,11702,253,6,100,False,0,car,0 days 00:04:36.934000,0 days 01:01:34.029000
2024-06-23 13:07:51.627,10996,255,6,100,False,0,car,0 days 00:04:37.214000,0 days 01:01:34.309000
2024-06-23 13:07:51.788,10576,259,7,100,False,0,car,0 days 00:04:37.375000,0 days 01:01:34.470000
2024-06-23 13:07:52.028,10509,262,7,100,False,0,car,0 days 00:04:37.615000,0 days 01:01:34.710000
2024-06-23 13:07:52.428,10794,268,7,100,False,0,car,0 days 00:04:38.015000,0 days 01:01:35.110000
2024-06-23 13:07:52.588,10868,270,7,100,False,0,car,0 days 00:04:38.175000,0 days 01:01:35.270000
2024-06-23 13:07:52.788,10930,273,7,100,False,0,car,0 days 00:04:38.375000,0 days 01:01:35.470000
2024-06-23 13:07:53.028,11031,274,7,100,False,0,car,0 days 00:04:38.615000,0 days 01:01:35.710000
2024-06-23 13:07:53.908,11201,280,7,100,False,0,car,0 days 00:04:39.495000,0 days 01:01:36.590000
2024-06-23 13:07:54.148,11082,281,7,44,False,0,car,0 days 00:04:39.735000,0 days 01:01:36.830000
2024-06-23 13:07:54.428,10604,269,7,0,True,0,car,0 days 00:04:40.015000,0 days 01:01:37.110000
2024-06-23 13:07:54.708,9468,241,7,0,True,0,car,0 days 00:04:40.295000,0 days 01:01:37.390000
2024-06-23 13:07:54.908,8744,221,7,0,True,0,car,0 days 00:04:40.495000,0 days 01:01:37.590000
2024-06-23 13:07:55.148,8900,195,7,0,True,0,car,0 days 00:04:40.735000,0 days 01:01:37.830000
2024-06-23 13:07:55.428,9167,174,6,0,True,0,car,0 days 00:04:41.015000,0 days 01:01:38.110000
2024-06-23 13:07:55.788,8541,160,5,0,True,0,car,0 days 00:04:41.375000,0 days 01:01:38.470000
2024-06-23 13:07:55.948,9451,153,4,0,True,0,car,0 days 00:04:41.535000,0 days 01:01:38.630000
2024-06-23 13:07:56.228,8993,144,4,0,True,0,car,0 days 00:04:41.815000,0 days 01:01:38.910000
2024-06-23 13:07:56.628,8611,138,4,0,True,0,car,0 days 00:04:42.215000,0 days 01:01:39.310000
2024-06-23 13:07:56.828,8326,134,4,0,True,0,car,0 days 00:04:42.415000,0 days 01:01:39.510000
2024-06-23 13:07:57.028,8161,132,4,0,False,0,car,0 days 00:04:42.615000,0 days 01:01:39.710000
2024-06-23 13:07:57.188,8064,130,4,0,False,0,car,0 days 00:04:42.775000,0 days 01:01:39.870000
2024-06-23 13:07:57.388,8018,127,4,0,False,0,car,0 days 00:04:42.975000,0 days 01:01:40.070000
2024-06-23 13:07:57.628,7709,125,4,0,False,0,car,0 days 00:04:43.215000,0 days 01:01:40.310000
2024-06-23 13:07:57.987,7579,122,4,0,False,0,car,0 days 00:04:43.574000,0 days 01:01:40.669000
2024-06-23 13:07:58.267,7779,121,4,40,False,0,car,0 days 00:04:43.854000,0 days 01:01:40.949000
2024-06-23 13:07:58.428,7901,122,4,43,False,0,car,0 days 00:04:44.015000,0 days 01:01:41.110000
2024-06-23 13:07:58.708,8052,124,4,48,False,0,car,0 days 00:04:44.295000,0 days 01:01:41.390000
2024-06-23 13:07:59.068,8380,128,4,56,False,0,car,0 days 00:04:44.655000,0 days 01:01:41.750000
2024-06-23 13:07:59.228,8592,133,4,56,False,0,car,0 days 00:04:44.815000,0 days 01:01:41.910000
2024-06-23 13:07:59.468,8822,137,4,61,False,0,car,0 days 00:04:45.055000,0 days 01:01:42.150000
2024-06-23 13:07:59.868,9404,146,4,69,False,0,car,0 days 00:04:45.455000,0 days 01:01:42.550000
2024-06-23 13:08:00.108,9724,151,4,73,False,0,car,0 days 00:04:45.695000,0 days 01:01:42.790000
2024-06-23 13:08:00.348,10220,158,4,78,False,0,car,0 days 00:04:45.935000,0 days 01:01:43.030000
2024-06-23 13:08:00.748,10985,167,4,86,False,0,car,0 days 00:04:46.335000,0 days 01:01:43.430000
2024-06-23 13:08:00.948,11038,178,4,91,False,0,car,0 days 00:04:46.535000,0 days 01:01:43.630000
2024-06-23 13:08:01.148,10068,180,4,100,False,0,car,0 days 00:04:46.735000,0 days 01:01:43.830000
2024-06-23 13:08:01.348,10387,191,5,100,False,0,car,0 days 00:04:46.935000,0 days 01:01:44.030000
2024-06-23 13:08:01.508,10506,193,5,100,False,0,car,0 days 00:04:47.095000,0 days 01:01:44.190000
2024-06-23 13:08:01.668,10795,199,5,100,False,0,car,0 days 00:04:47.255000,0 days 01:01:44.350000
2024-06-23 13:08:01.948,11041,204,5,100,False,0,car,0 days 00:04:47.535000,0 days 01:01:44.630000
2024-06-23 13:08:02.108,11355,204,5,100,False,0,car,0 days 00:04:47.695000,0 days 01:01:44.790000
2024-06-23 13:08:02.268,11546,215,5,100,False,0,car,0 days 00:04:47.855000,0 days 01:01:44.950000
2024-06-23 13:08:02.468,11145,219,5,100,False,0,car,0 days 00:04:48.055000,0 days 01:01:45.150000
2024-06-23 13:08:02.788,10493,224,6,100,False,0,car,0 days 00:04:48.375000,0 days 01:01:45.470000
2024-06-23 13:08:02.988,10325,228,6,100,False,0,car,0 days 00:04:48.575000,0 days 01:01:45.670000
2024-06-23 13:08:03.188,10361,230,6,39,True,0,car,0 days 00:04:48.775000,0 days 01:01:45.870000
2024-06-23 13:08:03.348,9994,220,6,0,True,0,car,0 days 00:04:48.935000,0 days 01:01:46.030000
2024-06-23 13:08:03.588,9284,205,6,0,True,0,car,0 days 00:04:49.175000,0 days 01:01:46.270000
2024-06-23 13:08:04.068,8762,168,6,0,True,0,car,0 days 00:04:49.655000,0 days 01:01:46.750000
2024-06-23 13:08:04.308,8117,154,5,0,True,0,car,0 days 00:04:49.895000,0 days 01:01:46.990000
2024-06-23 13:08:04.548,8722,140,4,0,True,0,car,0 days 00:04:50.135000,0 days 01:01:47.230000
2024-06-23 13:08:04.868,8390,126,4,0,True,0,car,0 days 00:04:50.455000,0 days 01:01:47.550000
2024-06-23 13:08:05.148,8460,117,3,0,True,0,car,0 days 00:04:50.735000,0 days 01:01:47.830000
2024-06-23 13:08:05.428,8170,111,3,0,True,0,car,0 days 00:04:51.015000,0 days 01:01:48.110000
2024-06-23 13:08:05.668,7958,108,3,0,True,0,car,0 days 00:04:51.255000,0 days 01:01:48.350000
2024-06-23 13:08:06.108,7618,104,3,0,True,0,car,0 days 00:04:51.695000,0 days 01:01:48.790000
2024-06-23 13:08:06.508,7303,99,3,0,False,0,car,0 days 00:04:52.095000,0 days 01:01:49.190000
2024-06-23 13:08:06.708,7110,98,3,0,False,0,car,0 days 00:04:52.295000,0 days 01:01:49.390000
2024-06-23 13:08:06.868,7598,95,3,20,False,0,car,0 days 00:04:52.455000,0 days 01:01:49.550000
2024-06-23 13:08:07.188,7458,96,3,36,False,0,car,0 days 00:04:52.775000,0 days 01:01:49.870000
2024-06-23 13:08:07.388,7623,98,3,39,False,0,car,0 days 00:04:52.975000,0 days 01:01:50.070000
2024-06-23 13:08:07.748,7984,103,3,48,False,0,car,0 days 00:04:53.335000,0 days 01:01:50.430000
2024-06-23 13:08:07.948,8122,109,3,53,False,0,car,0 days 00:04:53.535000,0 days 01:01:50.630000
2024-06-23 13:08:08.348,9333,120,3,63,False,0,car,0 days 00:04:53.935000,0 days 01:01:51.030000
2024-06-23 13:08:08.508,9612,120,3,68,False,0,car,0 days 00:04:54.095000,0 days 01:01:51.190000
2024-06-23 13:08:08.748,8964,133,3,77,False,0,car,0 days 00:04:54.335000,0 days 01:01:51.430000
2024-06-23 13:08:08.948,9048,142,4,80,False,0,car,0 days 00:04:54.535000,0 days 01:01:51.630000
2024-06-23 13:08:09.268,10025,145,4,95,False,0,car,0 days 00:04:54.855000,0 days 01:01:51.950000
2024-06-23 13:08:09.468,10696,164,4,100,False,0,car,0 days 00:04:55.055000,0 days 01:01:52.150000
2024-06-23 13:08:09.668,11258,171,4,100,False,0,car,0 days 00:04:55.255000,0 days 01:01:52.350000
2024-06-23 13:08:09.868,10838,180,4,100,False,0,car,0 days 00:04:55.455000,0 days 01:01:52.550000
2024-06-23 13:08:10.228,10323,194,5,100,False,0,car,0 days 00:04:55.815000,0 days 01:01:52.910000
2024-06-23 13:08:10.428,10805,202,5,100,False,0,car,0 days 00:04:56.015000,0 days 01:01:53.110000
2024-06-23 13:08:10.948,11605,217,5,100,False,0,car,0 days 00:04:56.535000,0 days 01:01:53.630000
2024-06-23 13:08:11.188,11864,223,5,100,False,0,car,0 days 00:04:56.775000,0 days 01:01:53.870000
2024-06-23 13:08:11.548,10639,233,6,100,False,0,car,0 days 00:04:57.135000,0 days 01:01:54.230000
2024-06-23 13:08:11.868,10909,238,6,100,False,0,car,0 days 00:04:57.455000,0 days 01:01:54.550000
2024-06-23 13:08:12.308,11153,241,6,100,False,0,car,0 days 00:04:57.895000,0 days 01:01:54.990000
2024-06-23 13:08:12.468,11292,246,6,100,False,0,car,0 days 00:04:58.055000,0 days 01:01:55.150000
2024-06-23 13:08:12.748,11418,250,6,100,False,0,car,0 days 00:04:58.335000,0 days 01:01:55.430000
2024-06-23 13:08:12.948,11711,243,6,0,True,0,car,0 days 00:04:58.535000,0 days 01:01:55.630000
2024-06-23 13:08:13.188,10063,225,6,0,True,0,car,0 days 00:04:58.775000,0 days 01:01:55.870000
2024-06-23 13:08:13.548,9047,186,6,0,True,0,car,0 days 00:04:59.135000,0 days 01:01:56.230000
2024-06-23 13:08:13.708,9326,179,6,0,True,0,car,0 days 00:04:59.295000,0 days 01:01:56.390000
2024-06-23 13:08:14.028,9708,155,5,0,True,0,car,0 days 00:04:59.615000,0 days 01:01:56.710000
2024-06-23 13:08:14.188,9261,150,4,0,True,0,car,0 days 00:04:59.775000,0 days 01:01:56.870000
2024-06-23 13:08:14.348,8958,146,4,0,True,0,car,0 days 00:04:59.935000,0 days 01:01:57.030000
2024-06-23 13:08:14.548,8818,140,4,0,False,0,car,0 days 00:05:00.135000,0 days 01:01:57.230000
2024-06-23 13:08:14.708,8722,140,4,0,False,0,car,0 days 00:05:00.295000,0 days 01:01:57.390000
2024-06-23 13:08:14.908,8671,138,4,0,False,0,car,0 days 00:05:00.495000,0 days 01:01:57.590000
2024-06-23 13:08:15.108,8472,135,4,0,False,0,car,0 days 00:05:00.695000,0 days 01:01:57.790000
2024-06-23 13:08:15.348,8399,132,4,18,False,0,car,0 days 00:05:00.935000,0 days 01:01:58.030000
2024-06-23 13:08:15.628,8233,131,4,26,False,0,car,0 days 00:05:01.215000,0 days 01:01:58.310000
2024-06-23 13:08:15.988,8501,131,4,46,False,0,car,0 days 00:05:01.575000,0 days 01:01:58.670000
2024-06-23 13:08:16.188,8562,133,4,51,False,0,car,0 days 00:05:01.775000,0 days 01:01:58.870000
2024-06-23 13:08:16.428,9027,137,4,64,False,0,car,0 days 00:05:02.015000,0 days 01:01:59.110000
2024-06-23 13:08:16.748,9617,147,4,84,False,0,car,0 days 00:05:02.335000,0 days 01:01:59.430000
2024-06-23 13:08:17.108,10257,150,4,100,False,0,car,0 days 00:05:02.695000,0 days 01:01:59.790000
2024-06-23 13:08:17.308,11093,169,4,100,False,0,car,0 days 00:05:02.895000,0 days 01:01:59.990000
2024-06-23 13:08:17.468,9973,175,4,100,False,0,car,0 days 00:05:03.055000,0 days 01:02:00.150000
2024-06-23 13:08:17.748,9982,184,5,100,False,0,car,0 days 00:05:03.335000,0 days 01:02:00.430000
2024-06-23 13:08:18.109,10523,193,5,100,False,0,car,0 days 00:05:03.696000,0 days 01:02:00.791000
2024-06-23 13:08:18.388,10872,202,5,100,False,0,car,0 days 00:05:03.975000,0 days 01:02:01.070000
2024-06-23 13:08:18.548,11096,207,5,100,False,0,car,0 days 00:05:04.135000,0 days 01:02:01.230000
2024-06-23 13:08:18.828,11531,214,5,100,False,0,car,0 days 00:05:04.415000,0 days 01:02:01.510000
2024-06-23 13:08:18.988,11647,217,5,100,False,0,car,0 days 00:05:04.575000,0 days 01:02:01.670000
2024-06-23 13:08:19.268,10628,225,5,100,False,0,car,0 days 00:05:04.855000,0 days 01:02:01.950000
2024-06-23 13:08:19.588,10552,229,6,100,False,0,car,0 days 00:05:05.175000,0 days 01:02:02.270000
2024-06-23 13:08:19.868,10741,234,6,100,False,0,car,0 days 00:05:05.455000,0 days 01:02:02.550000
2024-06-23 13:08:20.148,10812,238,6,91,False,0,car,0 days 00:05:05.735000,0 days 01:02:02.830000
2024-06-23 13:08:20.308,10931,238,6,81,False,0,car,0 days 00:05:05.895000,0 days 01:02:02.990000
2024-06-23 13:08:20.508,10720,236,6,0,True,0,car,0 days 00:05:06.095000,0 days 01:02:03.190000
2024-06-23 13:08:20.788,10424,230,6,6,False,0,car,0 days 00:05:06.375000,0 days 01:02:03.470000
2024-06-23 13:08:21.108,10070,223,6,24,False,0,car,0 days 00:05:06.695000,0 days 01:02:03.790000
2024-06-23 13:08:21.268,9801,219,6,23,False,0,car,0 days 00:05:06.855000,0 days 01:02:03.950000
2024-06-23 13:08:21.748,9785,213,6,54,False,0,car,0 days 00:05:07.335000,0 days 01:02:04.430000
2024-06-23 13:08:22.148,9893,212,6,86,False,0,car,0 days 00:05:07.735000,0 days 01:02:04.830000
2024-06-23 13:08:22.388,9947,214,6,88,False,0,car,0 days 00:05:07.975000,0 days 01:02:05.070000
2024-06-23 13:08:22.628,10244,217,6,100,False,8,car,0 days 00:05:08.215000,0 days 01:02:05.310000
2024-06-23 13:08:22.868,10374,222,6,100,False,8,car,0 days 00:05:08.455000,0 days 01:02:05.550000
2024-06-23 13:08:23.188,10604,228,6,100,False,8,car,0 days 00:05:08.775000,0 days 01:02:05.870000
2024-06-23 13:08:23.388,10779,231,6,100,False,8,car,0 days 00:05:08.975000,0 days 01:02:06.070000
2024-06-23 13:08:23.548,10881,236,6,100,False,8,car,0 days 00:05:09.135000,0 days 01:02:06.230000
2024-06-23 13:08:23.988,11351,243,6,100,False,12,car,0 days 00:05:09.575000,0 days 01:02:06.670000
2024-06-23 13:08:24.148,11404,249,6,100,False,12,car,0 days 00:05:09.735000,0 days 01:02:06.830000
2024-06-23 13:08:24.308,11571,250,6,100,False,12,car,0 days 00:05:09.895000,0 days 01:02:06.990000
2024-06-23 13:08:24.548,11545,257,6,100,False,12,car,0 days 00:05:10.135000,0 days 01:02:07.230000
2024-06-23 13:08:24.829,10702,263,6,100,False,12,car,0 days 00:05:10.416000,0 days 01:02:07.511000
2024-06-23 13:08:25.148,10819,266,7,100,False,12,car,0 days 00:05:10.735000,0 days 01:02:07.830000
2024-06-23 13:08:25.388,10961,273,7,100,False,12,car,0 days 00:05:10.975000,0 days 01:02:08.070000
2024-06-23 13:08:25.668,11176,278,7,100,False,12,car,0 days 00:05:11.255000,0 days 01:02:08.350000
2024-06-23 13:08:25.948,11358,282,7,100,False,12,car,0 days 00:05:11.535000,0 days 01:02:08.630000
2024-06-23 13:08:26.268,11512,287,7,100,False,12,car,0 days 00:05:11.855000,0 days 01:02:08.950000
2024-06-23 13:08:26.548,11677,291,7,100,False,12,car,0 days 00:05:12.135000,0 days 01:02:09.230000
2024-06-23 13:08:26.708,11729,292,7,100,False,12,car,0 days 00:05:12.295000,0 days 01:02:09.390000
2024-06-23 13:08:26.948,10630,295,7,100,False,12,car,0 days 00:05:12.535000,0 days 01:02:09.630000
2024-06-23 13:08:27.108,10562,296,7,100,False,12,car,0 days 00:05:12.695000,0 days 01:02:09.790000
2024-06-23 13:08:27.428,10667,299,8,100,False,12,car,0 days 00:05:13.015000,0 days 01:02:10.110000
2024-06-23 13:08:27.588,10670,299,8,100,False,12,car,0 days 00:05:13.175000,0 days 01:02:10.270000
2024-06-23 13:08:27.908,10345,291,8,0,True,8,car,0 days 00:05:13.495000,0 days 01:02:10.590000
2024-06-23 13:08:28.148,9548,266,8,0,True,8,car,0 days 00:05:13.735000,0 days 01:02:10.830000
2024-06-23 13:08:28.308,8880,253,8,0,True,8,car,0 days 00:05:13.895000,0 days 01:02:10.990000
2024-06-23 13:08:28.668,9018,231,8,0,True,8,car,0 days 00:05:14.255000,0 days 01:02:11.350000
2024-06-23 13:08:28.868,8698,194,8,0,True,0,car,0 days 00:05:14.455000,0 days 01:02:11.550000
2024-06-23 13:08:29.108,8839,177,6,0,True,0,car,0 days 00:05:14.695000,0 days 01:02:11.790000
2024-06-23 13:08:29.268,8582,164,5,0,True,0,car,0 days 00:05:14.855000,0 days 01:02:11.950000
2024-06-23 13:08:29.628,8905,143,5,0,True,0,car,0 days 00:05:15.215000,0 days 01:02:12.310000
2024-06-23 13:08:29.948,8077,131,4,0,True,0,car,0 days 00:05:15.535000,0 days 01:02:12.630000
2024-06-23 13:08:30.188,7606,125,4,0,True,0,car,0 days 00:05:15.775000,0 days 01:02:12.870000
2024-06-23 13:08:30.388,7557,119,4,0,True,0,car,0 days 00:05:15.975000,0 days 01:02:13.070000
2024-06-23 13:08:30.668,7277,114,4,0,True,0,car,0 days 00:05:16.255000,0 days 01:02:13.350000
2024-06-23 13:08:31.068,6560,106,4,0,True,0,car,0 days 00:05:16.655000,0 days 01:02:13.750000
2024-06-23 13:08:31.229,6560,103,4,0,False,0,car,0 days 00:05:16.816000,0 days 01:02:13.911000
2024-06-23 13:08:31.429,6540,102,4,0,False,0,car,0 days 00:05:17.016000,0 days 01:02:14.111000
2024-06-23 13:08:31.628,6256,99,4,0,False,0,car,0 days 00:05:17.215000,0 days 01:02:14.310000
2024-06-23 13:08:31.868,6333,98,4,10,False,0,car,0 days 00:05:17.455000,0 days 01:02:14.550000
2024-06-23 13:08:32.068,6262,98,4,18,False,0,car,0 days 00:05:17.655000,0 days 01:02:14.750000
2024-06-23 13:08:32.228,6310,98,4,21,False,0,car,0 days 00:05:17.815000,0 days 01:02:14.910000
2024-06-23 13:08:32.428,6347,99,4,23,False,0,car,0 days 00:05:18.015000,0 days 01:02:15.110000
2024-06-23 13:08:32.628,6446,101,4,30,False,0,car,0 days 00:05:18.215000,0 days 01:02:15.310000
2024-06-23 13:08:32.788,6548,101,4,32,False,0,car,0 days 00:05:18.375000,0 days 01:02:15.470000
2024-06-23 13:08:33.108,6808,104,4,41,False,0,car,0 days 00:05:18.695000,0 days 01:02:15.790000
2024-06-23 13:08:33.548,7175,113,4,50,False,0,car,0 days 00:05:19.135000,0 days 01:02:16.230000
2024-06-23 13:08:33.868,7856,119,4,62,False,0,car,0 days 00:05:19.455000,0 days 01:02:16.550000
2024-06-23 13:08:34.108,7966,125,4,64,False,0,car,0 days 00:05:19.695000,0 days 01:02:16.790000
2024-06-23 13:08:34.268,8574,131,4,77,False,0,car,0 days 00:05:19.855000,0 days 01:02:16.950000
2024-06-23 13:08:34.548,9160,139,4,88,False,0,car,0 days 00:05:20.135000,0 days 01:02:17.230000
2024-06-23 13:08:34.828,9824,155,4,100,False,0,car,0 days 00:05:20.415000,0 days 01:02:17.510000
2024-06-23 13:08:35.108,10617,159,4,100,False,0,car,0 days 00:05:20.695000,0 days 01:02:17.790000
2024-06-23 13:08:35.428,11243,178,4,100,False,0,car,0 days 00:05:21.015000,0 days 01:02:18.110000
2024-06-23 13:08:35.748,11616,187,4,100,False,0,car,0 days 00:05:21.335000,0 days 01:02:18.430000
2024-06-23 13:08:36.108,10085,193,5,100,False,0,car,0 days 00:05:21.695000,0 days 01:02:18.790000
2024-06-23 13:08:36.348,10344,187,5,0,True,0,car,0 days 00:05:21.935000,0 days 01:02:19.030000
2024-06-23 13:08:36.548,9045,174,5,0,True,0,car,0 days 00:05:22.135000,0 days 01:02:19.230000
2024-06-23 13:08:36.788,9985,163,5,0,True,0,car,0 days 00:05:22.375000,0 days 01:02:19.470000
2024-06-23 13:08:37.028,9655,155,4,0,True,0,car,0 days 00:05:22.615000,0 days 01:02:19.710000
2024-06-23 13:08:37.308,8975,142,4,0,True,0,car,0 days 00:05:22.895000,0 days 01:02:19.990000
2024-06-23 13:08:37.508,8327,136,4,0,True,0,car,0 days 00:05:23.095000,0 days 01:02:20.190000
2024-06-23 13:08:37.869,7797,124,4,0,True,0,car,0 days 00:05:23.456000,0 days 01:02:20.551000
2024-06-23 13:08:38.029,7635,120,4,0,True,0,car,0 days 00:05:23.616000,0 days 01:02:20.711000
2024-06-23 13:08:38.508,7101,114,4,0,True,0,car,0 days 00:05:24.095000,0 days 01:02:21.190000
2024-06-23 13:08:38.868,6767,108,4,0,True,0,car,0 days 00:05:24.455000,0 days 01:02:21.550000
2024-06-23 13:08:39.228,6975,105,4,15,False,0,car,0 days 00:05:24.815000,0 days 01:02:21.910000
2024-06-23 13:08:39.468,6841,106,4,32,False,0,car,0 days 00:05:25.055000,0 days 01:02:22.150000
2024-06-23 13:08:39.788,7068,109,4,40,False,0,car,0 days 00:05:25.375000,0 days 01:02:22.470000
2024-06-23 13:08:40.028,7298,112,4,42,False,0,car,0 days 00:05:25.615000,0 days 01:02:22.710000
2024-06-23 13:08:40.188,7415,114,4,47,False,0,car,0 days 00:05:25.775000,0 days 01:02:22.870000
2024-06-23 13:08:40.468,7800,116,4,54,False,0,car,0 days 00:05:26.055000,0 days 01:02:23.150000
2024-06-23 13:08:40.708,8146,122,4,58,False,0,car,0 days 00:05:26.295000,0 days 01:02:23.390000
2024-06-23 13:08:40.908,8356,126,4,58,False,0,car,0 days 00:05:26.495000,0 days 01:02:23.590000
2024-06-23 13:08:41.108,8613,131,4,69,False,0,car,0 days 00:05:26.695000,0 days 01:02:23.790000
2024-06-23 13:08:41.308,9024,137,4,74,False,0,car,0 days 00:05:26.895000,0 days 01:02:23.990000
2024-06-23 13:08:41.588,9757,147,4,81,False,0,car,0 days 00:05:27.175000,0 days 01:02:24.270000
2024-06-23 13:08:41.788,10408,153,4,83,False,0,car,0 days 00:05:27.375000,0 days 01:02:24.470000
2024-06-23 13:08:41.948,10691,159,4,83,False,0,car,0 days 00:05:27.535000,0 days 01:02:24.630000
2024-06-23 13:08:42.108,10893,162,4,100,False,0,car,0 days 00:05:27.695000,0 days 01:02:24.790000
2024-06-23 13:08:42.348,11211,175,4,100,False,0,car,0 days 00:05:27.935000,0 days 01:02:25.030000
2024-06-23 13:08:42.628,10371,187,4,100,False,0,car,0 days 00:05:28.215000,0 days 01:02:25.310000
2024-06-23 13:08:43.028,10668,197,5,100,False,0,car,0 days 00:05:28.615000,0 days 01:02:25.710000
2024-06-23 13:08:43.228,10974,203,5,100,False,0,car,0 days 00:05:28.815000,0 days 01:02:25.910000
2024-06-23 13:08:43.428,11170,212,5,100,False,0,car,0 days 00:05:29.015000,0 days 01:02:26.110000
2024-06-23 13:08:43.708,11553,217,5,100,False,0,car,0 days 00:05:29.295000,0 days 01:02:26.390000
2024-06-23 13:08:44.028,10407,225,6,94,False,0,car,0 days 00:05:29.615000,0 days 01:02:26.710000
2024-06-23 13:08:44.429,10559,229,6,84,False,0,car,0 days 00:05:30.016000,0 days 01:02:27.111000
2024-06-23 13:08:44.669,10711,231,6,85,False,0,car,0 days 00:05:30.256000,0 days 01:02:27.351000
2024-06-23 13:08:45.148,10632,233,6,76,False,0,car,0 days 00:05:30.735000,0 days 01:02:27.830000
2024-06-23 13:08:45.428,11016,239,6,100,False,0,car,0 days 00:05:31.015000,0 days 01:02:28.110000
2024-06-23 13:08:45.668,11144,239,6,100,False,0,car,0 days 00:05:31.255000,0 days 01:02:28.350000
2024-06-23 13:08:46.108,11335,244,6,97,False,0,car,0 days 00:05:31.695000,0 days 01:02:28.790000
2024-06-23 13:08:46.388,11355,248,6,100,False,0,car,0 days 00:05:31.975000,0 days 01:02:29.070000
2024-06-23 13:08:46.548,11446,249,6,100,False,0,car,0 days 00:05:32.135000,0 days 01:02:29.230000
2024-06-23 13:08:46.788,11492,252,6,100,False,0,car,0 days 00:05:32.375000,0 days 01:02:29.470000
2024-06-23 13:08:46.988,11587,253,6,100,False,0,car,0 days 00:05:32.575000,0 days 01:02:29.670000
2024-06-23 13:08:47.148,11683,257,6,100,False,0,car,0 days 00:05:32.735000,0 days 01:02:29.830000
2024-06-23 13:08:47.428,10983,257,6,81,False,0,car,0 days 00:05:33.015000,0 days 01:02:30.110000
2024-06-23 13:08:47.828,9973,252,7,13,True,0,car,0 days 00:05:33.415000,0 days 01:02:30.510000
2024-06-23 13:08:48.068,9686,246,7,3,True,0,car,0 days 00:05:33.655000,0 days 01:02:30.750000
2024-06-23 13:08:48.308,9600,242,7,0,False,0,car,0 days 00:05:33.895000,0 days 01:02:30.990000
2024-06-23 13:08:48.548,10522,233,7,0,False,0,car,0 days 00:05:34.135000,0 days 01:02:31.230000
2024-06-23 13:08:48.708,10482,230,7,38,False,0,car,0 days 00:05:34.295000,0 days 01:02:31.390000
2024-06-23 13:08:49.028,10484,228,6,73,False,0,car,0 days 00:05:34.615000,0 days 01:02:31.710000
2024-06-23 13:08:49.228,10556,228,6,65,False,0,car,0 days 00:05:34.815000,0 days 01:02:31.910000
2024-06-23 13:08:49.388,10684,228,6,100,False,0,car,0 days 00:05:34.975000,0 days 01:02:32.070000
2024-06-23 13:08:49.548,10747,230,6,100,False,0,car,0 days 00:05:35.135000,0 days 01:02:32.230000
2024-06-23 13:08:49.868,10863,236,6,100,False,0,car,0 days 00:05:35.455000,0 days 01:02:32.550000
2024-06-23 13:08:50.108,11007,237,6,100,False,0,car,0 days 00:05:35.695000,0 days 01:02:32.790000
2024-06-23 13:08:50.388,11129,242,6,100,False,8,car,0 days 00:05:35.975000,0 days 01:02:33.070000
2024-06-23 13:08:50.708,11326,245,6,100,False,8,car,0 days 00:05:36.295000,0 days 01:02:33.390000
2024-06-23 13:08:50.909,11363,246,6,100,False,8,car,0 days 00:05:36.496000,0 days 01:02:33.591000
2024-06-23 13:08:51.149,11554,252,6,100,False,8,car,0 days 00:05:36.736000,0 days 01:02:33.831000
2024-06-23 13:08:51.349,11688,254,6,100,False,8,car,0 days 00:05:36.936000,0 days 01:02:34.031000
2024-06-23 13:08:51.749,10645,261,7,100,False,8,car,0 days 00:05:37.336000,0 days 01:02:34.431000
2024-06-23 13:08:52.068,10583,265,7,100,False,10,car,0 days 00:05:37.655000,0 days 01:02:34.750000
2024-06-23 13:08:52.308,10665,267,7,100,False,10,car,0 days 00:05:37.895000,0 days 01:02:34.990000
2024-06-23 13:08:52.628,10870,272,7,100,False,8,car,0 days 00:05:38.215000,0 days 01:02:35.310000
2024-06-23 13:08:52.988,11079,273,7,100,False,12,car,0 days 00:05:38.575000,0 days 01:02:35.670000
2024-06-23 13:08:53.308,11264,280,7,100,False,12,car,0 days 00:05:38.895000,0 days 01:02:35.990000
2024-06-23 13:08:53.588,11417,285,7,100,False,12,car,0 days 00:05:39.175000,0 days 01:02:36.270000
2024-06-23 13:08:53.748,11523,286,7,100,False,12,car,0 days 00:05:39.335000,0 days 01:02:36.430000
2024-06-23 13:08:54.188,11721,292,7,100,False,12,car,0 days 00:05:39.775000,0 days 01:02:36.870000
2024-06-23 13:08:54.588,10719,297,8,100,False,12,car,0 days 00:05:40.175000,0 days 01:02:37.270000
2024-06-23 13:08:55.068,10799,302,8,100,False,12,car,0 days 00:05:40.655000,0 days 01:02:37.750000
2024-06-23 13:08:55.348,10906,305,8,100,False,12,car,0 days 00:05:40.935000,0 days 01:02:38.030000
2024-06-23 13:08:55.508,10935,305,8,100,False,12,car,0 days 00:05:41.095000,0 days 01:02:38.190000
2024-06-23 13:08:55.788,11005,308,8,100,False,12,car,0 days 00:05:41.375000,0 days 01:02:38.470000
2024-06-23 13:08:56.028,11077,312,8,100,False,12,car,0 days 00:05:41.615000,0 days 01:02:38.710000
2024-06-23 13:08:56.188,11123,312,8,100,False,12,car,0 days 00:05:41.775000,0 days 01:02:38.870000
2024-06-23 13:08:56.428,11181,315,8,100,False,12,car,0 days 00:05:42.015000,0 days 01:02:39.110000
2024-06-23 13:08:56.668,11253,316,8,100,False,12,car,0 days 00:05:42.255000,0 days 01:02:39.350000
2024-06-23 13:08:56.868,11320,317,8,100,False,12,car,0 days 00:05:42.455000,0 days 01:02:39.550000
2024-06-23 13:08:57.148,11351,318,8,100,False,12,car,0 days 00:05:42.735000,0 days 01:02:39.830000
2024-06-23 13:08:57.549,11456,321,8,100,False,12,car,0 days 00:05:43.136000,0 days 01:02:40.231000
2024-06-23 13:08:57.909,11485,322,8,100,False,12,car,0 days 00:05:43.496000,0 days 01:02:40.591000
2024-06-23 13:08:58.069,11557,323,8,100,False,12,car,0 days 00:05:43.656000,0 days 01:02:40.751000
2024-06-23 13:08:58.349,11593,325,8,100,False,12,car,0 days 00:05:43.936000,0 days 01:02:41.031000
2024-06-23 13:08:58.588,11610,327,8,100,False,12,car,0 days 00:05:44.175000,0 days 01:02:41.270000
2024-06-23 13:08:58.828,11637,327,8,100,False,12,car,0 days 00:05:44.415000,0 days 01:02:41.510000
2024-06-23 13:08:59.068,11676,328,8,100,False,12,car,0 days 00:05:44.655000,0 days 01:02:41.750000
2024-06-23 13:08:59.388,11750,329,8,100,False,12,car,0 days 00:05:44.975000,0 days 01:02:42.070000
2024-06-23 13:08:59.548,11751,330,8,100,False,12,car,0 days 00:05:45.135000,0 days 01:02:42.230000
2024-06-23 13:08:59.788,11777,331,8,100,False,12,car,0 days 00:05:45.375000,0 days 01:02:42.470000
2024-06-23 13:09:00.228,11844,333,8,100,False,12,car,0 days 00:05:45.815000,0 days 01:02:42.910000
2024-06-23 13:09:00.508,11838,333,8,100,False,12,car,0 days 00:05:46.095000,0 days 01:02:43.190000
2024-06-23 13:09:00.828,11868,333,8,100,False,10,car,0 days 00:05:46.415000,0 days 01:02:43.510000
2024-06-23 13:09:01.228,11445,311,8,0,True,0,car,0 days 00:05:46.815000,0 days 01:02:43.910000
2024-06-23 13:09:01.588,10110,276,8,0,True,0,car,0 days 00:05:47.175000,0 days 01:02:44.270000
2024-06-23 13:09:01.748,9289,255,8,0,True,0,car,0 days 00:05:47.335000,0 days 01:02:44.430000
2024-06-23 13:09:01.988,9257,233,8,0,True,0,car,0 days 00:05:47.575000,0 days 01:02:44.670000
2024-06-23 13:09:02.148,9183,214,7,0,True,0,car,0 days 00:05:47.735000,0 days 01:02:44.830000
2024-06-23 13:09:02.508,8902,189,6,0,True,0,car,0 days 00:05:48.095000,0 days 01:02:45.190000
2024-06-23 13:09:02.908,8996,164,5,0,True,0,car,0 days 00:05:48.495000,0 days 01:02:45.590000
2024-06-23 13:09:03.108,9549,154,5,0,True,0,car,0 days 00:05:48.695000,0 days 01:02:45.790000
2024-06-23 13:09:03.388,8997,146,4,0,True,0,car,0 days 00:05:48.975000,0 days 01:02:46.070000
2024-06-23 13:09:03.628,8794,141,4,0,True,0,car,0 days 00:05:49.215000,0 days 01:02:46.310000
2024-06-23 13:09:03.948,8456,133,4,0,False,0,car,0 days 00:05:49.535000,0 days 01:02:46.630000
2024-06-23 13:09:04.149,8316,132,4,4,False,0,car,0 days 00:05:49.736000,0 days 01:02:46.831000
2024-06-23 13:09:04.309,8215,132,4,10,False,0,car,0 days 00:05:49.896000,0 days 01:02:46.991000
2024-06-23 13:09:04.589,8209,129,4,31,False,0,car,0 days 00:05:50.176000,0 days 01:02:47.271000
2024-06-23 13:09:04.909,8518,130,4,59,False,0,car,0 days 00:05:50.496000,0 days 01:02:47.591000
2024-06-23 13:09:05.149,8810,136,4,62,False,0,car,0 days 00:05:50.736000,0 days 01:02:47.831000
2024-06-23 13:09:05.468,9126,143,4,67,False,0,car,0 days 00:05:51.055000,0 days 01:02:48.150000
2024-06-23 13:09:05.748,9390,150,4,63,False,0,car,0 days 00:05:51.335000,0 days 01:02:48.430000
2024-06-23 13:09:05.988,9833,154,4,63,False,0,car,0 days 00:05:51.575000,0 days 01:02:48.670000
2024-06-23 13:09:06.388,8537,158,4,59,False,0,car,0 days 00:05:51.975000,0 days 01:02:49.070000
2024-06-23 13:09:06.708,8764,163,5,63,False,0,car,0 days 00:05:52.295000,0 days 01:02:49.390000
2024-06-23 13:09:06.908,8933,164,5,67,False,0,car,0 days 00:05:52.495000,0 days 01:02:49.590000
2024-06-23 13:09:07.188,9241,170,5,74,False,0,car,0 days 00:05:52.775000,0 days 01:02:49.870000
2024-06-23 13:09:07.348,9483,174,5,80,False,0,car,0 days 00:05:52.935000,0 days 01:02:50.030000
2024-06-23 13:09:07.548,9680,178,5,84,False,0,car,0 days 00:05:53.135000,0 days 01:02:50.230000
2024-06-23 13:09:07.708,9683,180,5,84,False,0,car,0 days 00:05:53.295000,0 days 01:02:50.390000
2024-06-23 13:09:07.988,10304,189,5,100,False,0,car,0 days 00:05:53.575000,0 days 01:02:50.670000
2024-06-23 13:09:08.188,10512,189,5,100,False,0,car,0 days 00:05:53.775000,0 days 01:02:50.870000
2024-06-23 13:09:08.508,10981,205,5,98,False,0,car,0 days 00:05:54.095000,0 days 01:02:51.190000
2024-06-23 13:09:08.668,10221,209,5,74,False,0,car,0 days 00:05:54.255000,0 days 01:02:51.350000
2024-06-23 13:09:09.108,9628,209,6,55,False,0,car,0 days 00:05:54.695000,0 days 01:02:51.790000
2024-06-23 13:09:09.508,9593,208,6,62,False,0,car,0 days 00:05:55.095000,0 days 01:02:52.190000
2024-06-23 13:09:09.908,9613,208,6,65,False,0,car,0 days 00:05:55.495000,0 days 01:02:52.590000
2024-06-23 13:09:10.068,9681,209,6,62,False,0,car,0 days 00:05:55.655000,0 days 01:02:52.750000
2024-06-23 13:09:10.508,9594,209,6,51,False,0,car,0 days 00:05:56.095000,0 days 01:02:53.190000
2024-06-23 13:09:10.669,9714,207,6,69,False,0,car,0 days 00:05:56.256000,0 days 01:02:53.351000
2024-06-23 13:09:10.869,9658,207,6,80,False,0,car,0 days 00:05:56.456000,0 days 01:02:53.551000
2024-06-23 13:09:11.149,9989,213,6,100,False,0,car,0 days 00:05:56.736000,0 days 01:02:53.831000
2024-06-23 13:09:11.469,10237,218,6,100,False,0,car,0 days 00:05:57.056000,0 days 01:02:54.151000
2024-06-23 13:09:11.709,10333,222,6,100,False,0,car,0 days 00:05:57.296000,0 days 01:02:54.391000
2024-06-23 13:09:12.028,10638,229,6,100,False,0,car,0 days 00:05:57.615000,0 days 01:02:54.710000
2024-06-23 13:09:12.348,10811,234,6,100,False,0,car,0 days 00:05:57.935000,0 days 01:02:55.030000
2024-06-23 13:09:12.548,11008,237,6,100,False,0,car,0 days 00:05:58.135000,0 days 01:02:55.230000
2024-06-23 13:09:12.828,11100,238,6,100,False,0,car,0 days 00:05:58.415000,0 days 01:02:55.510000
2024-06-23 13:09:13.108,11289,244,6,100,False,0,car,0 days 00:05:58.695000,0 days 01:02:55.790000
2024-06-23 13:09:13.348,11462,249,6,100,False,0,car,0 days 00:05:58.935000,0 days 01:02:56.030000
2024-06-23 13:09:13.628,11548,251,6,100,False,0,car,0 days 00:05:59.215000,0 days 01:02:56.310000
2024-06-23 13:09:13.988,11228,257,6,100,False,0,car,0 days 00:05:59.575000,0 days 01:02:56.670000
2024-06-23 13:09:14.228,10411,260,6,100,False,0,car,0 days 00:05:59.815000,0 days 01:02:56.910000
2024-06-23 13:09:14.468,10609,263,7,100,False,0,car,0 days 00:06:00.055000,0 days 01:02:57.150000
2024-06-23 13:09:14.828,10740,267,7,100,False,0,car,0 days 00:06:00.415000,0 days 01:02:57.510000
2024-06-23 13:09:15.028,10840,270,7,100,False,0,car,0 days 00:06:00.615000,0 days 01:02:57.710000
2024-06-23 13:09:15.228,10935,273,7,100,False,0,car,0 days 00:06:00.815000,0 days 01:02:57.910000
2024-06-23 13:09:15.388,11038,274,7,100,False,0,car,0 days 00:06:00.975000,0 days 01:02:58.070000
2024-06-23 13:09:15.588,11158,276,7,100,False,0,car,0 days 00:06:01.175000,0 days 01:02:58.270000
2024-06-23 13:09:16.068,11370,283,7,100,False,0,car,0 days 00:06:01.655000,0 days 01:02:58.750000
2024-06-23 13:09:16.308,11396,284,7,100,False,0,car,0 days 00:06:01.895000,0 days 01:02:58.990000
2024-06-23 13:09:16.668,10930,279,7,0,True,0,car,0 days 00:06:02.255000,0 days 01:02:59.350000
2024-06-23 13:09:17.068,9433,234,7,0,True,0,car,0 days 00:06:02.655000,0 days 01:02:59.750000
2024-06-23 13:09:17.269,9532,213,7,0,True,0,car,0 days 00:06:02.856000,0 days 01:02:59.951000
2024-06-23 13:09:17.469,9224,195,6,0,True,0,car,0 days 00:06:03.056000,0 days 01:03:00.151000
2024-06-23 13:09:17.749,9235,174,5,0,True,0,car,0 days 00:06:03.336000,0 days 01:03:00.431000
2024-06-23 13:09:17.989,10061,164,5,0,True,0,car,0 days 00:06:03.576000,0 days 01:03:00.671000
2024-06-23 13:09:18.229,9585,153,4,0,True,0,car,0 days 00:06:03.816000,0 days 01:03:00.911000
2024-06-23 13:09:18.469,8977,146,4,0,True,0,car,0 days 00:06:04.056000,0 days 01:03:01.151000
2024-06-23 13:09:18.629,8824,141,4,0,True,0,car,0 days 00:06:04.216000,0 days 01:03:01.311000
2024-06-23 13:09:18.868,8330,135,4,0,True,0,car,0 days 00:06:04.455000,0 days 01:03:01.550000
2024-06-23 13:09:19.268,7930,127,4,0,True,0,car,0 days 00:06:04.855000,0 days 01:03:01.950000
2024-06-23 13:09:19.428,7868,125,4,0,False,0,car,0 days 00:06:05.015000,0 days 01:03:02.110000
2024-06-23 13:09:19.668,7827,124,4,23,False,0,car,0 days 00:06:05.255000,0 days 01:03:02.350000
2024-06-23 13:09:19.828,7910,124,4,18,False,0,car,0 days 00:06:05.415000,0 days 01:03:02.510000
2024-06-23 13:09:19.988,7936,124,4,24,False,0,car,0 days 00:06:05.575000,0 days 01:03:02.670000
2024-06-23 13:09:20.228,7941,123,4,40,False,0,car,0 days 00:06:05.815000,0 days 01:03:02.910000
2024-06-23 13:09:20.548,8033,126,4,45,False,0,car,0 days 00:06:06.135000,0 days 01:03:03.230000
2024-06-23 13:09:20.788,8129,127,4,44,False,0,car,0 days 00:06:06.375000,0 days 01:03:03.470000
2024-06-23 13:09:20.988,8189,129,4,53,False,0,car,0 days 00:06:06.575000,0 days 01:03:03.670000
2024-06-23 13:09:21.188,8527,132,4,57,False,0,car,0 days 00:06:06.775000,0 days 01:03:03.870000
2024-06-23 13:09:21.548,9015,139,4,68,False,0,car,0 days 00:06:07.135000,0 days 01:03:04.230000
2024-06-23 13:09:21.748,9328,145,4,73,False,0,car,0 days 00:06:07.335000,0 days 01:03:04.430000
2024-06-23 13:09:22.068,9952,154,4,82,False,0,car,0 days 00:06:07.655000,0 days 01:03:04.750000
2024-06-23 13:09:22.348,10444,163,4,89,False,0,car,0 days 00:06:07.935000,0 days 01:03:05.030000
2024-06-23 13:09:22.828,11362,178,4,100,False,0,car,0 days 00:06:08.415000,0 days 01:03:05.510000
2024-06-23 13:09:23.068,10177,186,5,98,False,0,car,0 days 00:06:08.655000,0 days 01:03:05.750000
2024-06-23 13:09:23.268,10435,186,5,92,False,0,car,0 days 00:06:08.855000,0 days 01:03:05.950000
2024-06-23 13:09:23.628,10849,201,5,100,False,0,car,0 days 00:06:09.215000,0 days 01:03:06.310000
2024-06-23 13:09:23.989,11421,211,5,100,False,0,car,0 days 00:06:09.576000,0 days 01:03:06.671000
2024-06-23 13:09:24.469,10381,224,5,100,False,0,car,0 days 00:06:10.056000,0 days 01:03:07.151000
2024-06-23 13:09:24.629,10444,229,6,100,False,0,car,0 days 00:06:10.216000,0 days 01:03:07.311000
2024-06-23 13:09:24.869,10675,232,6,100,False,0,car,0 days 00:06:10.456000,0 days 01:03:07.551000
2024-06-23 13:09:25.309,10637,230,6,0,True,0,car,0 days 00:06:10.896000,0 days 01:03:07.991000
2024-06-23 13:09:25.548,9941,209,6,0,True,0,car,0 days 00:06:11.135000,0 days 01:03:08.230000
2024-06-23 13:09:25.708,9381,199,6,0,True,0,car,0 days 00:06:11.295000,0 days 01:03:08.390000
2024-06-23 13:09:25.948,8298,174,6,0,True,0,car,0 days 00:06:11.535000,0 days 01:03:08.630000
2024-06-23 13:09:26.108,8647,167,6,0,True,0,car,0 days 00:06:11.695000,0 days 01:03:08.790000
2024-06-23 13:09:26.468,8584,137,4,0,True,0,car,0 days 00:06:12.055000,0 days 01:03:09.150000
2024-06-23 13:09:26.748,9112,123,3,0,True,0,car,0 days 00:06:12.335000,0 days 01:03:09.430000
2024-06-23 13:09:26.988,8628,117,3,0,True,0,car,0 days 00:06:12.575000,0 days 01:03:09.670000
2024-06-23 13:09:27.868,7283,99,3,0,True,0,car,0 days 00:06:13.455000,0 days 01:03:10.550000
2024-06-23 13:09:28.188,7127,96,3,0,False,0,car,0 days 00:06:13.775000,0 days 01:03:10.870000
2024-06-23 13:09:28.388,7064,95,3,0,False,0,car,0 days 00:06:13.975000,0 days 01:03:11.070000
2024-06-23 13:09:28.588,7175,95,3,9,False,0,car,0 days 00:06:14.175000,0 days 01:03:11.270000
2024-06-23 13:09:28.788,6817,94,3,0,False,0,car,0 days 00:06:14.375000,0 days 01:03:11.470000
2024-06-23 13:09:28.948,7040,92,3,0,False,0,car,0 days 00:06:14.535000,0 days 01:03:11.630000
2024-06-23 13:09:29.428,7250,94,3,29,False,0,car,0 days 00:06:15.015000,0 days 01:03:12.110000
2024-06-23 13:09:29.788,7329,96,3,38,False,0,car,0 days 00:06:15.375000,0 days 01:03:12.470000
2024-06-23 13:09:29.948,7899,101,3,44,False,0,car,0 days 00:06:15.535000,0 days 01:03:12.630000
2024-06-23 13:09:30.148,8185,106,3,50,False,0,car,0 days 00:06:15.735000,0 days 01:03:12.830000
2024-06-23 13:09:30.308,8438,108,3,54,False,0,car,0 days 00:06:15.895000,0 days 01:03:12.990000
2024-06-23 13:09:30.549,8989,116,3,63,False,0,car,0 days 00:06:16.136000,0 days 01:03:13.231000
2024-06-23 13:09:30.789,8909,123,3,65,False,0,car,0 days 00:06:16.376000,0 days 01:03:13.471000
2024-06-23 13:09:31.069,8714,133,4,74,False,0,car,0 days 00:06:16.656000,0 days 01:03:13.751000
2024-06-23 13:09:31.269,9234,141,4,83,False,0,car,0 days 00:06:16.856000,0 days 01:03:13.951000
2024-06-23 13:09:31.549,9976,153,4,96,False,0,car,0 days 00:06:17.136000,0 days 01:03:14.231000
2024-06-23 13:09:31.749,10446,163,4,100,False,0,car,0 days 00:06:17.336000,0 days 01:03:14.431000
2024-06-23 13:09:32.069,11014,177,4,100,False,0,car,0 days 00:06:17.656000,0 days 01:03:14.751000
2024-06-23 13:09:32.268,10081,177,4,100,False,0,car,0 days 00:06:17.855000,0 days 01:03:14.950000
2024-06-23 13:09:32.468,10456,193,5,100,False,0,car,0 days 00:06:18.055000,0 days 01:03:15.150000
2024-06-23 13:09:32.628,10610,196,5,100,False,0,car,0 days 00:06:18.215000,0 days 01:03:15.310000
2024-06-23 13:09:32.788,10792,200,5,100,False,0,car,0 days 00:06:18.375000,0 days 01:03:15.470000
2024-06-23 13:09:33.028,11227,213,5,100,False,0,car,0 days 00:06:18.615000,0 days 01:03:15.710000
2024-06-23 13:09:33.348,10945,220,5,100,False,0,car,0 days 00:06:18.935000,0 days 01:03:16.030000
2024-06-23 13:09:33.508,10255,223,5,100,False,0,car,0 days 00:06:19.095000,0 days 01:03:16.190000
2024-06-23 13:09:33.708,10485,228,6,100,False,0,car,0 days 00:06:19.295000,0 days 01:03:16.390000
2024-06-23 13:09:33.868,10785,233,6,100,False,0,car,0 days 00:06:19.455000,0 days 01:03:16.550000
2024-06-23 13:09:34.348,11136,244,6,100,False,0,car,0 days 00:06:19.935000,0 days 01:03:17.030000
2024-06-23 13:09:34.588,11435,247,6,100,False,0,car,0 days 00:06:20.175000,0 days 01:03:17.270000
2024-06-23 13:09:34.868,11507,251,6,100,False,0,car,0 days 00:06:20.455000,0 days 01:03:17.550000
2024-06-23 13:09:35.068,10903,250,6,0,True,0,car,0 days 00:06:20.655000,0 days 01:03:17.750000
2024-06-23 13:09:35.388,10330,245,6,0,True,0,car,0 days 00:06:20.975000,0 days 01:03:18.070000
2024-06-23 13:09:35.588,9910,210,6,0,True,0,car,0 days 00:06:21.175000,0 days 01:03:18.270000
2024-06-23 13:09:35.828,9721,183,6,0,True,0,car,0 days 00:06:21.415000,0 days 01:03:18.510000
2024-06-23 13:09:35.988,9023,174,5,0,True,0,car,0 days 00:06:21.575000,0 days 01:03:18.670000
2024-06-23 13:09:36.148,8791,159,5,0,True,0,car,0 days 00:06:21.735000,0 days 01:03:18.830000
2024-06-23 13:09:36.348,9359,151,4,0,True,0,car,0 days 00:06:21.935000,0 days 01:03:19.030000
2024-06-23 13:09:36.548,9004,144,4,0,True,0,car,0 days 00:06:22.135000,0 days 01:03:19.230000
2024-06-23 13:09:36.708,8741,140,4,0,True,0,car,0 days 00:06:22.295000,0 days 01:03:19.390000
2024-06-23 13:09:36.989,8410,134,4,0,True,0,car,0 days 00:06:22.576000,0 days 01:03:19.671000
2024-06-23 13:09:37.189,8243,132,4,0,False,0,car,0 days 00:06:22.776000,0 days 01:03:19.871000
2024-06-23 13:09:37.389,8104,130,4,0,False,0,car,0 days 00:06:22.976000,0 days 01:03:20.071000
2024-06-23 13:09:37.629,7989,127,4,1,False,0,car,0 days 00:06:23.216000,0 days 01:03:20.311000
2024-06-23 13:09:37.949,7948,124,4,28,False,0,car,0 days 00:06:23.536000,0 days 01:03:20.631000
2024-06-23 13:09:38.189,7948,125,4,28,False,0,car,0 days 00:06:23.776000,0 days 01:03:20.871000
2024-06-23 13:09:38.389,8067,126,4,47,False,0,car,0 days 00:06:23.976000,0 days 01:03:21.071000
2024-06-23 13:09:38.789,8635,130,4,62,False,0,car,0 days 00:06:24.376000,0 days 01:03:21.471000
2024-06-23 13:09:38.988,8912,137,4,74,False,0,car,0 days 00:06:24.575000,0 days 01:03:21.670000
2024-06-23 13:09:39.348,9767,152,4,88,False,0,car,0 days 00:06:24.935000,0 days 01:03:22.030000
2024-06-23 13:09:39.548,10207,161,4,91,False,0,car,0 days 00:06:25.135000,0 days 01:03:22.230000
2024-06-23 13:09:39.868,9313,170,5,95,False,0,car,0 days 00:06:25.455000,0 days 01:03:22.550000
2024-06-23 13:09:40.068,9732,176,5,100,False,0,car,0 days 00:06:25.655000,0 days 01:03:22.750000
2024-06-23 13:09:40.468,10342,189,5,100,False,0,car,0 days 00:06:26.055000,0 days 01:03:23.150000
2024-06-23 13:09:40.708,10514,195,5,100,False,0,car,0 days 00:06:26.295000,0 days 01:03:23.390000
2024-06-23 13:09:40.908,10931,201,5,100,False,0,car,0 days 00:06:26.495000,0 days 01:03:23.590000
2024-06-23 13:09:41.108,11141,206,5,100,False,0,car,0 days 00:06:26.695000,0 days 01:03:23.790000
2024-06-23 13:09:41.548,11234,220,5,100,False,0,car,0 days 00:06:27.135000,0 days 01:03:24.230000
2024-06-23 13:09:41.708,10479,223,5,100,False,0,car,0 days 00:06:27.295000,0 days 01:03:24.390000
2024-06-23 13:09:41.868,10494,224,6,100,False,0,car,0 days 00:06:27.455000,0 days 01:03:24.550000
2024-06-23 13:09:42.268,10779,235,6,100,False,0,car,0 days 00:06:27.855000,0 days 01:03:24.950000
2024-06-23 13:09:42.548,10901,239,6,85,False,0,car,0 days 00:06:28.135000,0 days 01:03:25.230000
2024-06-23 13:09:42.788,10642,232,6,0,True,0,car,0 days 00:06:28.375000,0 days 01:03:25.470000
2024-06-23 13:09:42.948,10225,226,6,0,True,0,car,0 days 00:06:28.535000,0 days 01:03:25.630000
2024-06-23 13:09:43.188,10053,221,6,0,True,0,car,0 days 00:06:28.775000,0 days 01:03:25.870000
2024-06-23 13:09:43.468,9839,214,6,46,False,0,car,0 days 00:06:29.055000,0 days 01:03:26.150000
2024-06-23 13:09:43.749,9756,213,6,58,False,0,car,0 days 00:06:29.336000,0 days 01:03:26.431000
2024-06-23 13:09:44.149,9818,212,6,57,False,0,car,0 days 00:06:29.736000,0 days 01:03:26.831000
2024-06-23 13:09:44.309,9768,210,6,57,False,0,car,0 days 00:06:29.896000,0 days 01:03:26.991000
2024-06-23 13:09:44.589,9840,210,6,78,False,0,car,0 days 00:06:30.176000,0 days 01:03:27.271000
2024-06-23 13:09:44.909,10037,212,6,100,False,0,car,0 days 00:06:30.496000,0 days 01:03:27.591000
2024-06-23 13:09:45.069,10158,217,6,100,False,0,car,0 days 00:06:30.656000,0 days 01:03:27.751000
2024-06-23 13:09:45.269,10318,218,6,100,False,8,car,0 days 00:06:30.856000,0 days 01:03:27.951000
2024-06-23 13:09:45.589,10531,225,6,100,False,8,car,0 days 00:06:31.176000,0 days 01:03:28.271000
2024-06-23 13:09:45.748,10589,228,6,100,False,8,car,0 days 00:06:31.335000,0 days 01:03:28.430000
2024-06-23 13:09:46.028,10766,233,6,100,False,8,car,0 days 00:06:31.615000,0 days 01:03:28.710000
2024-06-23 13:09:46.268,11113,240,6,100,False,14,car,0 days 00:06:31.855000,0 days 01:03:28.950000
2024-06-23 13:09:46.548,11375,246,6,100,False,12,car,0 days 00:06:32.135000,0 days 01:03:29.230000
2024-06-23 13:09:46.708,11515,248,6,100,False,12,car,0 days 00:06:32.295000,0 days 01:03:29.390000
2024-06-23 13:09:47.068,11843,257,6,100,False,12,car,0 days 00:06:32.655000,0 days 01:03:29.750000
2024-06-23 13:09:47.228,11143,261,6,100,False,12,car,0 days 00:06:32.815000,0 days 01:03:29.910000
2024-06-23 13:09:47.708,10898,270,7,100,False,12,car,0 days 00:06:33.295000,0 days 01:03:30.390000
2024-06-23 13:09:47.908,11061,273,7,100,False,12,car,0 days 00:06:33.495000,0 days 01:03:30.590000
2024-06-23 13:09:48.228,11274,279,7,100,False,12,car,0 days 00:06:33.815000,0 days 01:03:30.910000
2024-06-23 13:09:48.428,11389,285,7,100,False,12,car,0 days 00:06:34.015000,0 days 01:03:31.110000
2024-06-23 13:09:48.748,11641,289,7,100,False,12,car,0 days 00:06:34.335000,0 days 01:03:31.430000
2024-06-23 13:09:48.988,10760,293,7,100,False,12,car,0 days 00:06:34.575000,0 days 01:03:31.670000
2024-06-23 13:09:49.308,10640,297,8,100,False,12,car,0 days 00:06:34.895000,0 days 01:03:31.990000
2024-06-23 13:09:49.508,10604,300,8,100,False,12,car,0 days 00:06:35.095000,0 days 01:03:32.190000
2024-06-23 13:09:49.708,10464,293,8,0,True,8,car,0 days 00:06:35.295000,0 days 01:03:32.390000
2024-06-23 13:09:49.908,9748,277,8,0,True,10,car,0 days 00:06:35.495000,0 days 01:03:32.590000
2024-06-23 13:09:50.149,9364,271,8,0,True,8,car,0 days 00:06:35.736000,0 days 01:03:32.831000
2024-06-23 13:09:50.309,9068,260,8,0,True,8,car,0 days 00:06:35.896000,0 days 01:03:32.991000
2024-06-23 13:09:50.629,8462,247,8,0,True,8,car,0 days 00:06:36.216000,0 days 01:03:33.311000
2024-06-23 13:09:51.029,8347,224,7,0,True,8,car,0 days 00:06:36.616000,0 days 01:03:33.711000
2024-06-23 13:09:51.189,9068,194,7,0,True,8,car,0 days 00:06:36.776000,0 days 01:03:33.871000
2024-06-23 13:09:51.549,9027,178,6,0,True,8,car,0 days 00:06:37.136000,0 days 01:03:34.231000
2024-06-23 13:09:51.909,8888,157,5,0,True,0,car,0 days 00:06:37.496000,0 days 01:03:34.591000
2024-06-23 13:09:52.309,8840,140,4,0,True,0,car,0 days 00:06:37.896000,0 days 01:03:34.991000
2024-06-23 13:09:52.548,8027,130,4,0,True,0,car,0 days 00:06:38.135000,0 days 01:03:35.230000
2024-06-23 13:09:52.908,7426,121,4,0,True,0,car,0 days 00:06:38.495000,0 days 01:03:35.590000
2024-06-23 13:09:53.068,8406,116,4,0,True,0,car,0 days 00:06:38.655000,0 days 01:03:35.750000
2024-06-23 13:09:53.308,8388,113,3,0,True,0,car,0 days 00:06:38.895000,0 days 01:03:35.990000
2024-06-23 13:09:53.548,8053,109,3,0,True,0,car,0 days 00:06:39.135000,0 days 01:03:36.230000
2024-06-23 13:09:53.708,7964,108,3,0,True,0,car,0 days 00:06:39.295000,0 days 01:03:36.390000
2024-06-23 13:09:53.948,7628,104,3,0,False,0,car,0 days 00:06:39.535000,0 days 01:03:36.630000
2024-06-23 13:09:54.148,7496,101,3,0,True,0,car,0 days 00:06:39.735000,0 days 01:03:36.830000
2024-06-23 13:09:54.508,7322,98,3,0,False,0,car,0 days 00:06:40.095000,0 days 01:03:37.190000
2024-06-23 13:09:54.708,7149,96,3,0,False,0,car,0 days 00:06:40.295000,0 days 01:03:37.390000
2024-06-23 13:09:55.148,7297,95,3,31,False,0,car,0 days 00:06:40.735000,0 days 01:03:37.830000
2024-06-23 13:09:55.308,7288,96,3,31,False,0,car,0 days 00:06:40.895000,0 days 01:03:37.990000
2024-06-23 13:09:55.788,7818,101,3,44,False,0,car,0 days 00:06:41.375000,0 days 01:03:38.470000
2024-06-23 13:09:55.948,8080,104,3,47,False,0,car,0 days 00:06:41.535000,0 days 01:03:38.630000
2024-06-23 13:09:56.148,8288,106,3,51,False,0,car,0 days 00:06:41.735000,0 days 01:03:38.830000
2024-06-23 13:09:56.348,8548,112,3,56,False,0,car,0 days 00:06:41.935000,0 days 01:03:39.030000
2024-06-23 13:09:56.508,8825,115,3,59,False,0,car,0 days 00:06:42.095000,0 days 01:03:39.190000
2024-06-23 13:09:56.789,9457,122,3,67,False,0,car,0 days 00:06:42.376000,0 days 01:03:39.471000
2024-06-23 13:09:56.949,9410,128,3,73,False,0,car,0 days 00:06:42.536000,0 days 01:03:39.631000
2024-06-23 13:09:57.109,8587,132,3,73,False,0,car,0 days 00:06:42.696000,0 days 01:03:39.791000
2024-06-23 13:09:57.269,9012,138,4,81,False,0,car,0 days 00:06:42.856000,0 days 01:03:39.951000
2024-06-23 13:09:57.669,9990,154,4,96,False,0,car,0 days 00:06:43.256000,0 days 01:03:40.351000
2024-06-23 13:09:57.989,10713,166,4,100,False,0,car,0 days 00:06:43.576000,0 days 01:03:40.671000
2024-06-23 13:09:58.429,11293,180,4,100,False,0,car,0 days 00:06:44.016000,0 days 01:03:41.111000
2024-06-23 13:09:58.629,10032,189,4,100,False,0,car,0 days 00:06:44.216000,0 days 01:03:41.311000
2024-06-23 13:09:58.829,10305,193,5,100,False,0,car,0 days 00:06:44.416000,0 days 01:03:41.511000
2024-06-23 13:09:58.989,10046,191,5,47,True,0,car,0 days 00:06:44.576000,0 days 01:03:41.671000
2024-06-23 13:09:59.148,9906,177,5,0,True,0,car,0 days 00:06:44.735000,0 days 01:03:41.830000
2024-06-23 13:09:59.388,9367,167,5,0,True,0,car,0 days 00:06:44.975000,0 days 01:03:42.070000
2024-06-23 13:09:59.708,9444,153,4,0,True,0,car,0 days 00:06:45.295000,0 days 01:03:42.390000
2024-06-23 13:09:59.908,8906,153,4,0,True,0,car,0 days 00:06:45.495000,0 days 01:03:42.590000
2024-06-23 13:10:00.348,8204,130,4,0,True,0,car,0 days 00:06:45.935000,0 days 01:03:43.030000
2024-06-23 13:10:00.508,8056,130,4,0,True,0,car,0 days 00:06:46.095000,0 days 01:03:43.190000
2024-06-23 13:10:00.748,7681,122,4,0,True,0,car,0 days 00:06:46.335000,0 days 01:03:43.430000
2024-06-23 13:10:00.988,7414,119,4,0,True,0,car,0 days 00:06:46.575000,0 days 01:03:43.670000
2024-06-23 13:10:01.308,7222,116,4,0,False,0,car,0 days 00:06:46.895000,0 days 01:03:43.990000
2024-06-23 13:10:01.588,6987,113,4,0,False,0,car,0 days 00:06:47.175000,0 days 01:03:44.270000
2024-06-23 13:10:01.748,6957,111,4,0,False,0,car,0 days 00:06:47.335000,0 days 01:03:44.430000
2024-06-23 13:10:01.948,6850,109,4,0,False,0,car,0 days 00:06:47.535000,0 days 01:03:44.630000
2024-06-23 13:10:02.108,6808,108,4,0,False,0,car,0 days 00:06:47.695000,0 days 01:03:44.790000
2024-06-23 13:10:02.428,6831,107,4,36,False,0,car,0 days 00:06:48.015000,0 days 01:03:45.110000
2024-06-23 13:10:02.828,7151,111,4,39,False,0,car,0 days 00:06:48.415000,0 days 01:03:45.510000
2024-06-23 13:10:02.988,7286,111,4,44,False,0,car,0 days 00:06:48.575000,0 days 01:03:45.670000
2024-06-23 13:10:03.188,7455,115,4,48,False,0,car,0 days 00:06:48.775000,0 days 01:03:45.870000
2024-06-23 13:10:03.349,7704,119,4,55,False,0,car,0 days 00:06:48.936000,0 days 01:03:46.031000
2024-06-23 13:10:03.549,8016,123,4,57,False,0,car,0 days 00:06:49.136000,0 days 01:03:46.231000
2024-06-23 13:10:03.909,8479,127,4,67,False,0,car,0 days 00:06:49.496000,0 days 01:03:46.591000
2024-06-23 13:10:04.189,9110,138,4,73,False,0,car,0 days 00:06:49.776000,0 days 01:03:46.871000
2024-06-23 13:10:04.429,9479,147,4,80,False,0,car,0 days 00:06:50.016000,0 days 01:03:47.111000
2024-06-23 13:10:04.589,9884,151,4,85,False,0,car,0 days 00:06:50.176000,0 days 01:03:47.271000
2024-06-23 13:10:04.909,10702,163,4,100,False,0,car,0 days 00:06:50.496000,0 days 01:03:47.591000
2024-06-23 13:10:05.229,10498,176,4,100,False,0,car,0 days 00:06:50.816000,0 days 01:03:47.911000
2024-06-23 13:10:05.589,10299,185,5,100,False,0,car,0 days 00:06:51.176000,0 days 01:03:48.271000
2024-06-23 13:10:05.908,10996,200,5,100,False,0,car,0 days 00:06:51.495000,0 days 01:03:48.590000
2024-06-23 13:10:06.108,10948,206,5,100,False,0,car,0 days 00:06:51.695000,0 days 01:03:48.790000
2024-06-23 13:10:06.348,11313,215,5,100,False,0,car,0 days 00:06:51.935000,0 days 01:03:49.030000
2024-06-23 13:10:06.628,9884,219,6,100,False,0,car,0 days 00:06:52.215000,0 days 01:03:49.310000
2024-06-23 13:10:07.028,10556,230,6,98,False,0,car,0 days 00:06:52.615000,0 days 01:03:49.710000
2024-06-23 13:10:07.228,10321,230,6,72,False,0,car,0 days 00:06:52.815000,0 days 01:03:49.910000
2024-06-23 13:10:07.428,11074,230,6,69,False,0,car,0 days 00:06:53.015000,0 days 01:03:50.110000
2024-06-23 13:10:07.828,10620,231,6,90,False,0,car,0 days 00:06:53.415000,0 days 01:03:50.510000
2024-06-23 13:10:07.988,10676,232,6,79,False,0,car,0 days 00:06:53.575000,0 days 01:03:50.670000
2024-06-23 13:10:08.268,10920,234,6,100,False,0,car,0 days 00:06:53.855000,0 days 01:03:50.950000
2024-06-23 13:10:08.508,11070,238,6,100,False,0,car,0 days 00:06:54.095000,0 days 01:03:51.190000
2024-06-23 13:10:08.748,11239,243,6,100,False,0,car,0 days 00:06:54.335000,0 days 01:03:51.430000
2024-06-23 13:10:08.988,11313,244,6,100,False,0,car,0 days 00:06:54.575000,0 days 01:03:51.670000
2024-06-23 13:10:09.188,11455,249,6,100,False,0,car,0 days 00:06:54.775000,0 days 01:03:51.870000
2024-06-23 13:10:09.348,11637,252,6,100,False,0,car,0 days 00:06:54.935000,0 days 01:03:52.030000
2024-06-23 13:10:09.588,11693,254,6,100,False,0,car,0 days 00:06:55.175000,0 days 01:03:52.270000
2024-06-23 13:10:09.788,11309,257,6,100,False,0,car,0 days 00:06:55.375000,0 days 01:03:52.470000
2024-06-23 13:10:10.109,10574,258,7,100,False,0,car,0 days 00:06:55.696000,0 days 01:03:52.791000
2024-06-23 13:10:10.309,10608,259,7,0,True,0,car,0 days 00:06:55.896000,0 days 01:03:52.991000
2024-06-23 13:10:10.589,9668,245,7,0,True,0,car,0 days 00:06:56.176000,0 days 01:03:53.271000
2024-06-23 13:10:10.829,10613,236,7,0,True,0,car,0 days 00:06:56.416000,0 days 01:03:53.511000
2024-06-23 13:10:11.109,10480,231,6,1,False,0,car,0 days 00:06:56.696000,0 days 01:03:53.791000
2024-06-23 13:10:11.349,10415,227,6,58,False,0,car,0 days 00:06:56.936000,0 days 01:03:54.031000
2024-06-23 13:10:11.749,10429,226,6,70,False,0,car,0 days 00:06:57.336000,0 days 01:03:54.431000
2024-06-23 13:10:12.149,10574,226,6,100,False,0,car,0 days 00:06:57.736000,0 days 01:03:54.831000
2024-06-23 13:10:12.469,10687,231,6,100,False,0,car,0 days 00:06:58.056000,0 days 01:03:55.151000
2024-06-23 13:10:12.748,10924,235,6,100,False,0,car,0 days 00:06:58.335000,0 days 01:03:55.430000
2024-06-23 13:10:13.148,11093,239,6,100,False,8,car,0 days 00:06:58.735000,0 days 01:03:55.830000
2024-06-23 13:10:13.628,11303,246,6,100,False,8,car,0 days 00:06:59.215000,0 days 01:03:56.310000
2024-06-23 13:10:13.828,11424,250,6,100,False,8,car,0 days 00:06:59.415000,0 days 01:03:56.510000
2024-06-23 13:10:13.988,11555,252,6,100,False,8,car,0 days 00:06:59.575000,0 days 01:03:56.670000
2024-06-23 13:10:14.268,11270,255,6,100,False,8,car,0 days 00:06:59.855000,0 days 01:03:56.950000
2024-06-23 13:10:14.428,10290,258,6,100,False,8,car,0 days 00:07:00.015000,0 days 01:03:57.110000
2024-06-23 13:10:14.588,10550,258,7,100,False,8,car,0 days 00:07:00.175000,0 days 01:03:57.270000
2024-06-23 13:10:14.828,10627,264,7,100,False,8,car,0 days 00:07:00.415000,0 days 01:03:57.510000
2024-06-23 13:10:15.108,10756,266,7,100,False,8,car,0 days 00:07:00.695000,0 days 01:03:57.790000
2024-06-23 13:10:15.508,10994,272,7,100,False,14,car,0 days 00:07:01.095000,0 days 01:03:58.190000
2024-06-23 13:10:15.788,11150,276,7,100,False,12,car,0 days 00:07:01.375000,0 days 01:03:58.470000
2024-06-23 13:10:16.148,11394,283,7,100,False,12,car,0 days 00:07:01.735000,0 days 01:03:58.830000
2024-06-23 13:10:16.469,11536,287,7,100,False,12,car,0 days 00:07:02.056000,0 days 01:03:59.151000
2024-06-23 13:10:17.429,10469,299,7,100,False,12,car,0 days 00:07:03.016000,0 days 01:04:00.111000
2024-06-23 13:10:17.669,10633,299,8,100,False,12,car,0 days 00:07:03.256000,0 days 01:04:00.351000
2024-06-23 13:10:17.909,10810,302,8,100,False,12,car,0 days 00:07:03.496000,0 days 01:04:00.591000
2024-06-23 13:10:18.069,10887,305,8,100,False,12,car,0 days 00:07:03.656000,0 days 01:04:00.751000
2024-06-23 13:10:18.309,10965,307,8,100,False,12,car,0 days 00:07:03.896000,0 days 01:04:00.991000
2024-06-23 13:10:18.469,11019,309,8,100,False,12,car,0 days 00:07:04.056000,0 days 01:04:01.151000
2024-06-23 13:10:18.629,11028,311,8,100,False,12,car,0 days 00:07:04.216000,0 days 01:04:01.311000
2024-06-23 13:10:18.869,11142,313,8,100,False,12,car,0 days 00:07:04.456000,0 days 01:04:01.551000
2024-06-23 13:10:19.189,11198,314,8,100,False,12,car,0 days 00:07:04.776000,0 days 01:04:01.871000
2024-06-23 13:10:19.468,11275,317,8,100,False,12,car,0 days 00:07:05.055000,0 days 01:04:02.150000
2024-06-23 13:10:19.748,11349,318,8,100,False,12,car,0 days 00:07:05.335000,0 days 01:04:02.430000
2024-06-23 13:10:19.908,11397,320,8,100,False,12,car,0 days 00:07:05.495000,0 days 01:04:02.590000
2024-06-23 13:10:20.068,11451,320,8,100,False,12,car,0 days 00:07:05.655000,0 days 01:04:02.750000
2024-06-23 13:10:20.388,11466,323,8,100,False,12,car,0 days 00:07:05.975000,0 days 01:04:03.070000
2024-06-23 13:10:20.828,11552,324,8,100,False,12,car,0 days 00:07:06.415000,0 days 01:04:03.510000
2024-06-23 13:10:21.028,11595,326,8,100,False,12,car,0 days 00:07:06.615000,0 days 01:04:03.710000
2024-06-23 13:10:21.188,11639,327,8,100,False,12,car,0 days 00:07:06.775000,0 days 01:04:03.870000
2024-06-23 13:10:21.388,11671,328,8,100,False,12,car,0 days 00:07:06.975000,0 days 01:04:04.070000
2024-06-23 13:10:21.588,11687,329,8,100,False,12,car,0 days 00:07:07.175000,0 days 01:04:04.270000
2024-06-23 13:10:21.788,11739,330,8,100,False,12,car,0 days 00:07:07.375000,0 days 01:04:04.470000
2024-06-23 13:10:21.988,11755,329,8,100,False,12,car,0 days 00:07:07.575000,0 days 01:04:04.670000
2024-06-23 13:10:22.228,11821,332,8,100,False,12,car,0 days 00:07:07.815000,0 days 01:04:04.910000
2024-06-23 13:10:22.508,11840,333,8,100,False,12,car,0 days 00:07:08.095000,0 days 01:04:05.190000
2024-06-23 13:10:22.868,11865,334,8,100,False,12,car,0 days 00:07:08.455000,0 days 01:04:05.550000
2024-06-23 13:10:23.309,11744,331,8,100,False,8,car,0 days 00:07:08.896000,0 days 01:04:05.991000
2024-06-23 13:10:23.669,11573,328,8,100,False,8,car,0 days 00:07:09.256000,0 days 01:04:06.351000
2024-06-23 13:10:23.829,11573,320,8,100,True,8,car,0 days 00:07:09.416000,0 days 01:04:06.511000
2024-06-23 13:10:24.029,11161,305,8,0,True,0,car,0 days 00:07:09.616000,0 days 01:04:06.711000
2024-06-23 13:10:24.229,10286,294,8,0,True,0,car,0 days 00:07:09.816000,0 days 01:04:06.911000
2024-06-23 13:10:24.709,9229,236,7,0,True,0,car,0 days 00:07:10.296000,0 days 01:04:07.391000
2024-06-23 13:10:24.869,9679,216,7,0,True,0,car,0 days 00:07:10.456000,0 days 01:04:07.551000
2024-06-23 13:10:25.149,9023,199,6,0,True,0,car,0 days 00:07:10.736000,0 days 01:04:07.831000
2024-06-23 13:10:25.309,9472,183,6,0,True,0,car,0 days 00:07:10.896000,0 days 01:04:07.991000
2024-06-23 13:10:25.709,9621,158,5,0,True,0,car,0 days 00:07:11.296000,0 days 01:04:08.391000
2024-06-23 13:10:26.028,9014,146,4,0,True,0,car,0 days 00:07:11.615000,0 days 01:04:08.710000
2024-06-23 13:10:26.228,8748,139,4,0,True,0,car,0 days 00:07:11.815000,0 days 01:04:08.910000
2024-06-23 13:10:26.468,8424,134,4,0,True,0,car,0 days 00:07:12.055000,0 days 01:04:09.150000
2024-06-23 13:10:26.628,8255,131,4,0,True,0,car,0 days 00:07:12.215000,0 days 01:04:09.310000
2024-06-23 13:10:26.908,7933,130,4,0,True,0,car,0 days 00:07:12.495000,0 days 01:04:09.590000
2024-06-23 13:10:27.108,7943,126,4,0,False,0,car,0 days 00:07:12.695000,0 days 01:04:09.790000
2024-06-23 13:10:27.308,7876,123,4,6,False,0,car,0 days 00:07:12.895000,0 days 01:04:09.990000
2024-06-23 13:10:27.508,7716,123,4,11,False,0,car,0 days 00:07:13.095000,0 days 01:04:10.190000
2024-06-23 13:10:27.868,8162,124,4,50,False,0,car,0 days 00:07:13.455000,0 days 01:04:10.550000
2024-06-23 13:10:28.068,8236,128,4,57,False,0,car,0 days 00:07:13.655000,0 days 01:04:10.750000
2024-06-23 13:10:28.388,8820,134,4,64,False,0,car,0 days 00:07:13.975000,0 days 01:04:11.070000
2024-06-23 13:10:28.548,8965,140,4,67,False,0,car,0 days 00:07:14.135000,0 days 01:04:11.230000
2024-06-23 13:10:28.788,9395,146,4,67,False,0,car,0 days 00:07:14.375000,0 days 01:04:11.470000
2024-06-23 13:10:29.068,8239,150,4,56,False,0,car,0 days 00:07:14.655000,0 days 01:04:11.750000
2024-06-23 13:10:29.308,8270,153,5,55,False,0,car,0 days 00:07:14.895000,0 days 01:04:11.990000
2024-06-23 13:10:29.508,8374,154,5,55,False,0,car,0 days 00:07:15.095000,0 days 01:04:12.190000
2024-06-23 13:10:29.789,8609,158,5,60,False,0,car,0 days 00:07:15.376000,0 days 01:04:12.471000
2024-06-23 13:10:30.029,8743,163,5,67,False,0,car,0 days 00:07:15.616000,0 days 01:04:12.711000
2024-06-23 13:10:30.469,9341,171,5,76,False,0,car,0 days 00:07:16.056000,0 days 01:04:13.151000
2024-06-23 13:10:30.629,9475,175,5,79,False,0,car,0 days 00:07:16.216000,0 days 01:04:13.311000
2024-06-23 13:10:30.869,9737,180,5,82,False,0,car,0 days 00:07:16.456000,0 days 01:04:13.551000
2024-06-23 13:10:31.069,10221,186,5,100,False,0,car,0 days 00:07:16.656000,0 days 01:04:13.751000
2024-06-23 13:10:31.229,10446,193,5,100,False,0,car,0 days 00:07:16.816000,0 days 01:04:13.911000
2024-06-23 13:10:31.629,10735,200,5,77,False,0,car,0 days 00:07:17.216000,0 days 01:04:14.311000
2024-06-23 13:10:31.949,10870,204,5,61,False,0,car,0 days 00:07:17.536000,0 days 01:04:14.631000
2024-06-23 13:10:32.229,10865,204,5,59,False,0,car,0 days 00:07:17.816000,0 days 01:04:14.911000
2024-06-23 13:10:32.669,10560,202,5,1,False,0,car,0 days 00:07:18.256000,0 days 01:04:15.351000
2024-06-23 13:10:32.908,10326,196,5,34,False,0,car,0 days 00:07:18.495000,0 days 01:04:15.590000
2024-06-23 13:10:33.108,10415,195,5,42,False,0,car,0 days 00:07:18.695000,0 days 01:04:15.790000
2024-06-23 13:10:33.428,10366,194,5,54,False,0,car,0 days 00:07:19.015000,0 days 01:04:16.110000
2024-06-23 13:10:33.668,10399,194,5,57,False,0,car,0 days 00:07:19.255000,0 days 01:04:16.350000
2024-06-23 13:10:33.988,10615,194,5,71,False,0,car,0 days 00:07:19.575000,0 days 01:04:16.670000
2024-06-23 13:10:34.148,10680,197,5,76,False,0,car,0 days 00:07:19.735000,0 days 01:04:16.830000
2024-06-23 13:10:34.388,10862,200,5,76,False,0,car,0 days 00:07:19.975000,0 days 01:04:17.070000
2024-06-23 13:10:34.668,10974,203,5,72,False,0,car,0 days 00:07:20.255000,0 days 01:04:17.350000
2024-06-23 13:10:34.868,11180,204,5,90,False,0,car,0 days 00:07:20.455000,0 days 01:04:17.550000
2024-06-23 13:10:35.108,11425,210,5,100,False,0,car,0 days 00:07:20.695000,0 days 01:04:17.790000
2024-06-23 13:10:35.388,11344,217,5,100,False,0,car,0 days 00:07:20.975000,0 days 01:04:18.070000
2024-06-23 13:10:35.548,10370,220,5,100,False,0,car,0 days 00:07:21.135000,0 days 01:04:18.230000
2024-06-23 13:10:35.828,10507,228,6,100,False,0,car,0 days 00:07:21.415000,0 days 01:04:18.510000
2024-06-23 13:10:36.149,10754,232,6,100,False,0,car,0 days 00:07:21.736000,0 days 01:04:18.831000
2024-06-23 13:10:36.349,10937,236,6,100,False,0,car,0 days 00:07:21.936000,0 days 01:04:19.031000
2024-06-23 13:10:36.629,11065,241,6,100,False,0,car,0 days 00:07:22.216000,0 days 01:04:19.311000
2024-06-23 13:10:36.829,11191,244,6,100,False,0,car,0 days 00:07:22.416000,0 days 01:04:19.511000
2024-06-23 13:10:37.069,11412,246,6,100,False,0,car,0 days 00:07:22.656000,0 days 01:04:19.751000
2024-06-23 13:10:37.389,11590,251,6,100,False,0,car,0 days 00:07:22.976000,0 days 01:04:20.071000
2024-06-23 13:10:37.629,11713,255,6,100,False,0,car,0 days 00:07:23.216000,0 days 01:04:20.311000
2024-06-23 13:10:37.869,10504,257,7,100,False,0,car,0 days 00:07:23.456000,0 days 01:04:20.551000
2024-06-23 13:10:38.069,10513,262,7,100,False,0,car,0 days 00:07:23.656000,0 days 01:04:20.751000
2024-06-23 13:10:38.269,10555,263,7,100,False,0,car,0 days 00:07:23.856000,0 days 01:04:20.951000
2024-06-23 13:10:38.589,10791,268,7,100,False,0,car,0 days 00:07:24.176000,0 days 01:04:21.271000
2024-06-23 13:10:38.749,10878,270,7,100,False,0,car,0 days 00:07:24.336000,0 days 01:04:21.431000
2024-06-23 13:10:38.949,10951,272,7,100,False,0,car,0 days 00:07:24.536000,0 days 01:04:21.631000
2024-06-23 13:10:39.229,11037,276,7,100,False,0,car,0 days 00:07:24.816000,0 days 01:04:21.911000
2024-06-23 13:10:39.429,11078,277,7,100,False,0,car,0 days 00:07:25.016000,0 days 01:04:22.111000
2024-06-23 13:10:39.868,10849,275,7,93,False,0,car,0 days 00:07:25.455000,0 days 01:04:22.550000
2024-06-23 13:10:40.108,10729,275,7,93,True,0,car,0 days 00:07:25.695000,0 days 01:04:22.790000
2024-06-23 13:10:40.268,9697,240,7,0,True,0,car,0 days 00:07:25.855000,0 days 01:04:22.950000
2024-06-23 13:10:40.508,9160,223,7,0,True,0,car,0 days 00:07:26.095000,0 days 01:04:23.190000
2024-06-23 13:10:40.708,9313,206,7,0,True,0,car,0 days 00:07:26.295000,0 days 01:04:23.390000
2024-06-23 13:10:40.948,9700,199,6,0,True,0,car,0 days 00:07:26.535000,0 days 01:04:23.630000
2024-06-23 13:10:41.108,9338,179,6,0,True,0,car,0 days 00:07:26.695000,0 days 01:04:23.790000
2024-06-23 13:10:41.268,9012,168,5,0,True,0,car,0 days 00:07:26.855000,0 days 01:04:23.950000
2024-06-23 13:10:41.508,9747,161,5,0,True,0,car,0 days 00:07:27.095000,0 days 01:04:24.190000
2024-06-23 13:10:41.948,9079,145,4,0,True,0,car,0 days 00:07:27.535000,0 days 01:04:24.630000
2024-06-23 13:10:42.268,8789,136,4,0,True,0,car,0 days 00:07:27.855000,0 days 01:04:24.950000
2024-06-23 13:10:42.468,8166,131,4,0,True,0,car,0 days 00:07:28.055000,0 days 01:04:25.150000
2024-06-23 13:10:42.708,8019,128,4,0,True,0,car,0 days 00:07:28.295000,0 days 01:04:25.390000
2024-06-23 13:10:42.909,9139,125,4,0,True,0,car,0 days 00:07:28.496000,0 days 01:04:25.591000
2024-06-23 13:10:43.149,9024,121,3,0,True,0,car,0 days 00:07:28.736000,0 days 01:04:25.831000
2024-06-23 13:10:43.349,8869,118,3,1,False,0,car,0 days 00:07:28.936000,0 days 01:04:26.031000
2024-06-23 13:10:43.589,9035,119,3,38,False,0,car,0 days 00:07:29.176000,0 days 01:04:26.271000
2024-06-23 13:10:43.949,9410,124,3,57,False,0,car,0 days 00:07:29.536000,0 days 01:04:26.631000
2024-06-23 13:10:44.909,9093,141,3,69,False,0,car,0 days 00:07:30.496000,0 days 01:04:27.591000
2024-06-23 13:10:45.189,9458,148,4,76,False,0,car,0 days 00:07:30.776000,0 days 01:04:27.871000
2024-06-23 13:10:45.589,10436,160,4,87,False,0,car,0 days 00:07:31.176000,0 days 01:04:28.271000
2024-06-23 13:10:45.829,10923,171,4,100,False,0,car,0 days 00:07:31.416000,0 days 01:04:28.511000
2024-06-23 13:10:46.149,11510,182,4,100,False,0,car,0 days 00:07:31.736000,0 days 01:04:28.831000
2024-06-23 13:10:46.348,11046,187,4,100,False,0,car,0 days 00:07:31.935000,0 days 01:04:29.030000
2024-06-23 13:10:46.548,10358,195,5,100,False,0,car,0 days 00:07:32.135000,0 days 01:04:29.230000
2024-06-23 13:10:46.708,10742,197,5,100,False,0,car,0 days 00:07:32.295000,0 days 01:04:29.390000
2024-06-23 13:10:46.868,10934,203,5,100,False,0,car,0 days 00:07:32.455000,0 days 01:04:29.550000
2024-06-23 13:10:47.068,11184,207,5,100,False,0,car,0 days 00:07:32.655000,0 days 01:04:29.750000
2024-06-23 13:10:47.388,11570,213,5,100,False,0,car,0 days 00:07:32.975000,0 days 01:04:30.070000
2024-06-23 13:10:47.588,11718,218,5,100,False,0,car,0 days 00:07:33.175000,0 days 01:04:30.270000
2024-06-23 13:10:47.748,11018,225,5,100,False,0,car,0 days 00:07:33.335000,0 days 01:04:30.430000
2024-06-23 13:10:47.908,10683,228,6,100,False,0,car,0 days 00:07:33.495000,0 days 01:04:30.590000
2024-06-23 13:10:48.228,10811,236,6,100,False,0,car,0 days 00:07:33.815000,0 days 01:04:30.910000
2024-06-23 13:10:48.388,10860,238,6,100,False,0,car,0 days 00:07:33.975000,0 days 01:04:31.070000
2024-06-23 13:10:48.868,9617,211,6,0,True,0,car,0 days 00:07:34.455000,0 days 01:04:31.550000
2024-06-23 13:10:49.028,9185,191,6,0,True,0,car,0 days 00:07:34.615000,0 days 01:04:31.710000
2024-06-23 13:10:49.188,9636,185,6,0,True,0,car,0 days 00:07:34.775000,0 days 01:04:31.870000
2024-06-23 13:10:49.509,9356,165,5,0,True,0,car,0 days 00:07:35.096000,0 days 01:04:32.191000
2024-06-23 13:10:49.909,9356,142,4,0,True,0,car,0 days 00:07:35.496000,0 days 01:04:32.591000
2024-06-23 13:10:50.069,9469,130,4,0,True,0,car,0 days 00:07:35.656000,0 days 01:04:32.751000
2024-06-23 13:10:50.509,8334,116,3,0,True,0,car,0 days 00:07:36.096000,0 days 01:04:33.191000
2024-06-23 13:10:50.709,8040,111,3,0,True,0,car,0 days 00:07:36.296000,0 days 01:04:33.391000
2024-06-23 13:10:50.909,7667,106,3,0,True,0,car,0 days 00:07:36.496000,0 days 01:04:33.591000
2024-06-23 13:10:51.069,7604,103,3,0,True,0,car,0 days 00:07:36.656000,0 days 01:04:33.751000
2024-06-23 13:10:51.269,7338,100,3,0,True,0,car,0 days 00:07:36.856000,0 days 01:04:33.951000
2024-06-23 13:10:51.549,7141,97,3,0,True,0,car,0 days 00:07:37.136000,0 days 01:04:34.231000
2024-06-23 13:10:51.709,6982,96,3,0,True,0,car,0 days 00:07:37.296000,0 days 01:04:34.391000
2024-06-23 13:10:51.909,6913,93,3,0,False,0,car,0 days 00:07:37.496000,0 days 01:04:34.591000
2024-06-23 13:10:52.069,6898,92,3,0,False,0,car,0 days 00:07:37.656000,0 days 01:04:34.751000
2024-06-23 13:10:52.349,6766,91,3,0,False,0,car,0 days 00:07:37.936000,0 days 01:04:35.031000
2024-06-23 13:10:52.669,7040,93,3,26,False,0,car,0 days 00:07:38.256000,0 days 01:04:35.351000
2024-06-23 13:10:52.948,7308,97,3,38,False,0,car,0 days 00:07:38.535000,0 days 01:04:35.630000
2024-06-23 13:10:53.108,7722,99,3,42,False,0,car,0 days 00:07:38.695000,0 days 01:04:35.790000
2024-06-23 13:10:53.348,8095,105,3,51,False,0,car,0 days 00:07:38.935000,0 days 01:04:36.030000
2024-06-23 13:10:53.708,8764,112,3,55,False,0,car,0 days 00:07:39.295000,0 days 01:04:36.390000
2024-06-23 13:10:53.948,8988,122,3,62,False,0,car,0 days 00:07:39.535000,0 days 01:04:36.630000
2024-06-23 13:10:54.388,8927,136,3,73,False,0,car,0 days 00:07:39.975000,0 days 01:04:37.070000
2024-06-23 13:10:54.588,9442,143,4,80,False,0,car,0 days 00:07:40.175000,0 days 01:04:37.270000
2024-06-23 13:10:54.788,9910,151,4,85,False,0,car,0 days 00:07:40.375000,0 days 01:04:37.470000
2024-06-23 13:10:54.988,10803,160,4,100,False,0,car,0 days 00:07:40.575000,0 days 01:04:37.670000
2024-06-23 13:10:55.148,10869,168,4,100,False,0,car,0 days 00:07:40.735000,0 days 01:04:37.830000
2024-06-23 13:10:55.428,11465,177,4,100,False,0,car,0 days 00:07:41.015000,0 days 01:04:38.110000
2024-06-23 13:10:55.868,10559,197,5,100,False,0,car,0 days 00:07:41.455000,0 days 01:04:38.550000
2024-06-23 13:10:56.229,11145,210,5,100,False,0,car,0 days 00:07:41.816000,0 days 01:04:38.911000
2024-06-23 13:10:56.389,11435,213,5,100,False,0,car,0 days 00:07:41.976000,0 days 01:04:39.071000
2024-06-23 13:10:56.709,10470,222,5,100,False,0,car,0 days 00:07:42.296000,0 days 01:04:39.391000
2024-06-23 13:10:56.989,10415,229,6,100,False,0,car,0 days 00:07:42.576000,0 days 01:04:39.671000
2024-06-23 13:10:57.149,10677,234,6,100,False,0,car,0 days 00:07:42.736000,0 days 01:04:39.831000
2024-06-23 13:10:57.429,10964,240,6,100,False,0,car,0 days 00:07:43.016000,0 days 01:04:40.111000
2024-06-23 13:10:57.629,11061,244,6,100,False,0,car,0 days 00:07:43.216000,0 days 01:04:40.311000
2024-06-23 13:10:57.869,11263,246,6,100,False,0,car,0 days 00:07:43.456000,0 days 01:04:40.551000
2024-06-23 13:10:58.389,11018,244,6,0,True,0,car,0 days 00:07:43.976000,0 days 01:04:41.071000
2024-06-23 13:10:58.629,10557,221,6,0,True,0,car,0 days 00:07:44.216000,0 days 01:04:41.311000
2024-06-23 13:10:58.909,9220,205,6,0,True,0,car,0 days 00:07:44.496000,0 days 01:04:41.591000
2024-06-23 13:10:59.229,9314,179,6,0,True,0,car,0 days 00:07:44.816000,0 days 01:04:41.911000
2024-06-23 13:10:59.429,8620,160,5,0,True,0,car,0 days 00:07:45.016000,0 days 01:04:42.111000
2024-06-23 13:10:59.668,9367,160,4,0,True,0,car,0 days 00:07:45.255000,0 days 01:04:42.350000
2024-06-23 13:10:59.948,8998,142,4,0,True,0,car,0 days 00:07:45.535000,0 days 01:04:42.630000
2024-06-23 13:11:00.228,8686,139,4,0,True,0,car,0 days 00:07:45.815000,0 days 01:04:42.910000
2024-06-23 13:11:00.468,8352,134,4,0,True,0,car,0 days 00:07:46.055000,0 days 01:04:43.150000
2024-06-23 13:11:00.828,8194,130,4,0,True,0,car,0 days 00:07:46.415000,0 days 01:04:43.510000
2024-06-23 13:11:01.188,8080,127,4,27,False,0,car,0 days 00:07:46.775000,0 days 01:04:43.870000
2024-06-23 13:11:01.348,8317,127,4,43,False,0,car,0 days 00:07:46.935000,0 days 01:04:44.030000
2024-06-23 13:11:01.588,8419,130,4,52,False,0,car,0 days 00:07:47.175000,0 days 01:04:44.270000
2024-06-23 13:11:01.868,8881,135,4,71,False,0,car,0 days 00:07:47.455000,0 days 01:04:44.550000
2024-06-23 13:11:02.028,9049,140,4,75,False,0,car,0 days 00:07:47.615000,0 days 01:04:44.710000
2024-06-23 13:11:02.188,9325,144,4,77,False,0,car,0 days 00:07:47.775000,0 days 01:04:44.870000
2024-06-23 13:11:02.388,10047,151,4,100,False,0,car,0 days 00:07:47.975000,0 days 01:04:45.070000
2024-06-23 13:11:02.629,10403,161,4,100,False,0,car,0 days 00:07:48.216000,0 days 01:04:45.311000
2024-06-23 13:11:02.909,11449,174,4,100,False,0,car,0 days 00:07:48.496000,0 days 01:04:45.591000
2024-06-23 13:11:03.309,10241,186,5,100,False,0,car,0 days 00:07:48.896000,0 days 01:04:45.991000
2024-06-23 13:11:03.669,10696,197,5,100,False,0,car,0 days 00:07:49.256000,0 days 01:04:46.351000
2024-06-23 13:11:03.829,10831,200,5,100,False,0,car,0 days 00:07:49.416000,0 days 01:04:46.511000
2024-06-23 13:11:04.069,11081,205,5,100,False,0,car,0 days 00:07:49.656000,0 days 01:04:46.751000
2024-06-23 13:11:04.349,11467,213,5,100,False,0,car,0 days 00:07:49.936000,0 days 01:04:47.031000
2024-06-23 13:11:04.629,10722,223,5,100,False,0,car,0 days 00:07:50.216000,0 days 01:04:47.311000
2024-06-23 13:11:04.909,10492,227,6,100,False,0,car,0 days 00:07:50.496000,0 days 01:04:47.591000
2024-06-23 13:11:05.109,10651,233,6,100,False,0,car,0 days 00:07:50.696000,0 days 01:04:47.791000
2024-06-23 13:11:05.469,10946,237,6,100,False,0,car,0 days 00:07:51.056000,0 days 01:04:48.151000
2024-06-23 13:11:05.709,11031,241,6,100,False,0,car,0 days 00:07:51.296000,0 days 01:04:48.391000
2024-06-23 13:11:05.869,10428,238,6,13,True,0,car,0 days 00:07:51.456000,0 days 01:04:48.551000
2024-06-23 13:11:06.189,10248,225,6,0,True,0,car,0 days 00:07:51.776000,0 days 01:04:48.871000
2024-06-23 13:11:06.388,10153,221,6,0,False,0,car,0 days 00:07:51.975000,0 days 01:04:49.070000
2024-06-23 13:11:06.748,10119,217,6,55,False,0,car,0 days 00:07:52.335000,0 days 01:04:49.430000
2024-06-23 13:11:06.988,9946,216,6,56,False,0,car,0 days 00:07:52.575000,0 days 01:04:49.670000
2024-06-23 13:11:07.148,9878,214,6,67,False,0,car,0 days 00:07:52.735000,0 days 01:04:49.830000
2024-06-23 13:11:07.388,10016,216,6,71,False,0,car,0 days 00:07:52.975000,0 days 01:04:50.070000
2024-06-23 13:11:07.548,10025,216,6,72,False,0,car,0 days 00:07:53.135000,0 days 01:04:50.230000
2024-06-23 13:11:07.828,10196,216,6,80,False,0,car,0 days 00:07:53.415000,0 days 01:04:50.510000
2024-06-23 13:11:08.108,10311,221,6,100,False,0,car,0 days 00:07:53.695000,0 days 01:04:50.790000
2024-06-23 13:11:08.468,10582,226,6,100,False,8,car,0 days 00:07:54.055000,0 days 01:04:51.150000
2024-06-23 13:11:08.748,10760,232,6,100,False,8,car,0 days 00:07:54.335000,0 days 01:04:51.430000
2024-06-23 13:11:08.988,10926,234,6,100,False,8,car,0 days 00:07:54.575000,0 days 01:04:51.670000
2024-06-23 13:11:09.309,11198,241,6,100,False,14,car,0 days 00:07:54.896000,0 days 01:04:51.991000
2024-06-23 13:11:09.469,11438,243,6,100,False,14,car,0 days 00:07:55.056000,0 days 01:04:52.151000
2024-06-23 13:11:09.909,11960,252,6,100,False,12,car,0 days 00:07:55.496000,0 days 01:04:52.591000
2024-06-23 13:11:10.109,11453,259,6,100,False,12,car,0 days 00:07:55.696000,0 days 01:04:52.791000
2024-06-23 13:11:10.549,10737,268,7,100,False,12,car,0 days 00:07:56.136000,0 days 01:04:53.231000
2024-06-23 13:11:10.909,11011,273,7,100,False,12,car,0 days 00:07:56.496000,0 days 01:04:53.591000
2024-06-23 13:11:11.069,11140,273,7,100,False,12,car,0 days 00:07:56.656000,0 days 01:04:53.751000
2024-06-23 13:11:11.389,11290,280,7,100,False,12,car,0 days 00:07:56.976000,0 days 01:04:54.071000
2024-06-23 13:11:11.629,11419,286,7,100,False,12,car,0 days 00:07:57.216000,0 days 01:04:54.311000
2024-06-23 13:11:11.909,11568,289,7,100,False,12,car,0 days 00:07:57.496000,0 days 01:04:54.591000
2024-06-23 13:11:12.109,11689,291,7,100,False,12,car,0 days 00:07:57.696000,0 days 01:04:54.791000
2024-06-23 13:11:12.429,10520,295,7,100,False,12,car,0 days 00:07:58.016000,0 days 01:04:55.111000
2024-06-23 13:11:12.709,10656,299,8,100,False,12,car,0 days 00:07:58.296000,0 days 01:04:55.391000
2024-06-23 13:11:12.989,10779,301,8,100,False,12,car,0 days 00:07:58.576000,0 days 01:04:55.671000
2024-06-23 13:11:13.148,10079,298,8,0,True,8,car,0 days 00:07:58.735000,0 days 01:04:55.830000
2024-06-23 13:11:13.388,10070,291,8,0,True,8,car,0 days 00:07:58.975000,0 days 01:04:56.070000
2024-06-23 13:11:13.628,9248,263,8,0,True,8,car,0 days 00:07:59.215000,0 days 01:04:56.310000
2024-06-23 13:11:13.828,9120,254,8,0,True,8,car,0 days 00:07:59.415000,0 days 01:04:56.510000
2024-06-23 13:11:14.028,8975,237,8,0,True,8,car,0 days 00:07:59.615000,0 days 01:04:56.710000
2024-06-23 13:11:14.308,9087,210,8,0,True,8,car,0 days 00:07:59.895000,0 days 01:04:56.990000
2024-06-23 13:11:14.508,9183,193,6,0,True,0,car,0 days 00:08:00.095000,0 days 01:04:57.190000
2024-06-23 13:11:14.668,9199,178,5,0,True,0,car,0 days 00:08:00.255000,0 days 01:04:57.350000
2024-06-23 13:11:14.868,8792,165,5,0,True,0,car,0 days 00:08:00.455000,0 days 01:04:57.550000
2024-06-23 13:11:15.108,9240,153,4,0,True,0,car,0 days 00:08:00.695000,0 days 01:04:57.790000
2024-06-23 13:11:15.308,8670,139,4,0,True,0,car,0 days 00:08:00.895000,0 days 01:04:57.990000
2024-06-23 13:11:15.468,8177,139,4,0,True,0,car,0 days 00:08:01.055000,0 days 01:04:58.150000
2024-06-23 13:11:15.669,8121,129,4,0,True,0,car,0 days 00:08:01.256000,0 days 01:04:58.351000
2024-06-23 13:11:15.989,8651,117,3,0,True,0,car,0 days 00:08:01.576000,0 days 01:04:58.671000
2024-06-23 13:11:16.149,8310,114,3,0,True,0,car,0 days 00:08:01.736000,0 days 01:04:58.831000
2024-06-23 13:11:16.389,7811,105,3,0,True,0,car,0 days 00:08:01.976000,0 days 01:04:59.071000
2024-06-23 13:11:16.589,7551,101,3,0,True,0,car,0 days 00:08:02.176000,0 days 01:04:59.271000
2024-06-23 13:11:16.749,7394,99,3,0,True,0,car,0 days 00:08:02.336000,0 days 01:04:59.431000
2024-06-23 13:11:16.949,7190,94,3,0,True,0,car,0 days 00:08:02.536000,0 days 01:04:59.631000
2024-06-23 13:11:17.349,6623,91,3,0,False,0,car,0 days 00:08:02.936000,0 days 01:05:00.031000
2024-06-23 13:11:17.509,6920,90,3,5,False,0,car,0 days 00:08:03.096000,0 days 01:05:00.191000
2024-06-23 13:11:17.669,6765,90,3,25,False,0,car,0 days 00:08:03.256000,0 days 01:05:00.351000
2024-06-23 13:11:18.029,7216,92,3,30,False,0,car,0 days 00:08:03.616000,0 days 01:05:00.711000
2024-06-23 13:11:18.189,7271,95,3,32,False,0,car,0 days 00:08:03.776000,0 days 01:05:00.871000
2024-06-23 13:11:18.349,7271,97,3,34,False,0,car,0 days 00:08:03.936000,0 days 01:05:01.031000
2024-06-23 13:11:18.629,7648,99,3,41,False,0,car,0 days 00:08:04.216000,0 days 01:05:01.311000
2024-06-23 13:11:18.829,7890,102,3,44,False,0,car,0 days 00:08:04.416000,0 days 01:05:01.511000
2024-06-23 13:11:19.269,8669,113,3,57,False,0,car,0 days 00:08:04.856000,0 days 01:05:01.951000
2024-06-23 13:11:19.469,9114,118,3,63,False,0,car,0 days 00:08:05.056000,0 days 01:05:02.151000
2024-06-23 13:11:19.789,9903,124,3,71,False,0,car,0 days 00:08:05.376000,0 days 01:05:02.471000
2024-06-23 13:11:20.068,10725,135,3,79,False,0,car,0 days 00:08:05.655000,0 days 01:05:02.750000
2024-06-23 13:11:20.228,10165,142,3,79,False,0,car,0 days 00:08:05.815000,0 days 01:05:02.910000
2024-06-23 13:11:20.468,9847,153,4,88,False,0,car,0 days 00:08:06.055000,0 days 01:05:03.150000
2024-06-23 13:11:20.628,10228,157,4,94,False,0,car,0 days 00:08:06.215000,0 days 01:05:03.310000
2024-06-23 13:11:20.868,10893,170,4,100,False,0,car,0 days 00:08:06.455000,0 days 01:05:03.550000
2024-06-23 13:11:21.068,11280,176,4,100,False,0,car,0 days 00:08:06.655000,0 days 01:05:03.750000
2024-06-23 13:11:21.268,11218,180,4,100,False,0,car,0 days 00:08:06.855000,0 days 01:05:03.950000
2024-06-23 13:11:21.508,9946,188,5,100,False,0,car,0 days 00:08:07.095000,0 days 01:05:04.190000
2024-06-23 13:11:21.948,9860,193,5,0,True,0,car,0 days 00:08:07.535000,0 days 01:05:04.630000
2024-06-23 13:11:22.188,9190,180,5,0,True,0,car,0 days 00:08:07.775000,0 days 01:05:04.870000
2024-06-23 13:11:22.469,9847,163,5,0,True,0,car,0 days 00:08:08.056000,0 days 01:05:05.151000
2024-06-23 13:11:22.709,9294,153,4,0,True,0,car,0 days 00:08:08.296000,0 days 01:05:05.391000
2024-06-23 13:11:22.989,8419,140,4,0,True,0,car,0 days 00:08:08.576000,0 days 01:05:05.671000
2024-06-23 13:11:23.389,7846,129,4,0,True,0,car,0 days 00:08:08.976000,0 days 01:05:06.071000
2024-06-23 13:11:23.629,7398,121,4,0,True,0,car,0 days 00:08:09.216000,0 days 01:05:06.311000
2024-06-23 13:11:23.789,7284,117,4,0,False,0,car,0 days 00:08:09.376000,0 days 01:05:06.471000
2024-06-23 13:11:24.029,6992,114,4,0,True,0,car,0 days 00:08:09.616000,0 days 01:05:06.711000
2024-06-23 13:11:24.189,6808,112,4,0,True,0,car,0 days 00:08:09.776000,0 days 01:05:06.871000
2024-06-23 13:11:24.349,6806,109,4,0,True,0,car,0 days 00:08:09.936000,0 days 01:05:07.031000
2024-06-23 13:11:24.629,6611,105,4,3,False,0,car,0 days 00:08:10.216000,0 days 01:05:07.311000
2024-06-23 13:11:24.789,6676,104,4,0,False,0,car,0 days 00:08:10.376000,0 days 01:05:07.471000
2024-06-23 13:11:25.269,6315,102,4,0,False,0,car,0 days 00:08:10.856000,0 days 01:05:07.951000
2024-06-23 13:11:25.469,6569,100,4,24,False,0,car,0 days 00:08:11.056000,0 days 01:05:08.151000
2024-06-23 13:11:25.749,6756,102,4,40,False,0,car,0 days 00:08:11.336000,0 days 01:05:08.431000
2024-06-23 13:11:25.989,6922,105,4,42,False,0,car,0 days 00:08:11.576000,0 days 01:05:08.671000
2024-06-23 13:11:26.189,7232,107,4,49,False,0,car,0 days 00:08:11.776000,0 days 01:05:08.871000
2024-06-23 13:11:26.389,7560,114,4,54,False,0,car,0 days 00:08:11.976000,0 days 01:05:09.071000
2024-06-23 13:11:26.628,8002,119,4,61,False,0,car,0 days 00:08:12.215000,0 days 01:05:09.310000
2024-06-23 13:11:26.948,8531,125,4,72,False,0,car,0 days 00:08:12.535000,0 days 01:05:09.630000
2024-06-23 13:11:27.188,9045,134,4,79,False,0,car,0 days 00:08:12.775000,0 days 01:05:09.870000
2024-06-23 13:11:27.428,9540,141,4,83,False,0,car,0 days 00:08:13.015000,0 days 01:05:10.110000
2024-06-23 13:11:27.708,9785,148,4,97,False,0,car,0 days 00:08:13.295000,0 days 01:05:10.390000
2024-06-23 13:11:27.988,11038,166,4,100,False,0,car,0 days 00:08:13.575000,0 days 01:05:10.670000
2024-06-23 13:11:28.308,10701,178,4,100,False,0,car,0 days 00:08:13.895000,0 days 01:05:10.990000
2024-06-23 13:11:28.708,10848,188,5,100,False,0,car,0 days 00:08:14.295000,0 days 01:05:11.390000
2024-06-23 13:11:29.109,11459,204,5,100,False,0,car,0 days 00:08:14.696000,0 days 01:05:11.791000
2024-06-23 13:11:29.309,11540,210,5,100,False,0,car,0 days 00:08:14.896000,0 days 01:05:11.991000
2024-06-23 13:11:29.549,10306,218,6,100,False,0,car,0 days 00:08:15.136000,0 days 01:05:12.231000
2024-06-23 13:11:29.829,10446,224,6,100,False,0,car,0 days 00:08:15.416000,0 days 01:05:12.511000
2024-06-23 13:11:30.229,10660,230,6,84,False,0,car,0 days 00:08:15.816000,0 days 01:05:12.911000
2024-06-23 13:11:30.469,10876,232,6,88,False,0,car,0 days 00:08:16.056000,0 days 01:05:13.151000
2024-06-23 13:11:30.669,10955,232,6,76,False,0,car,0 days 00:08:16.256000,0 days 01:05:13.351000
2024-06-23 13:11:31.029,11015,237,6,93,False,0,car,0 days 00:08:16.616000,0 days 01:05:13.711000
2024-06-23 13:11:31.229,11091,239,6,100,False,0,car,0 days 00:08:16.816000,0 days 01:05:13.911000
2024-06-23 13:11:31.429,11237,243,6,100,False,0,car,0 days 00:08:17.016000,0 days 01:05:14.111000
2024-06-23 13:11:31.709,11449,246,6,100,False,0,car,0 days 00:08:17.296000,0 days 01:05:14.391000
2024-06-23 13:11:32.149,11575,250,6,100,False,0,car,0 days 00:08:17.736000,0 days 01:05:14.831000
2024-06-23 13:11:32.349,11588,253,6,100,False,0,car,0 days 00:08:17.936000,0 days 01:05:15.031000
2024-06-23 13:11:32.589,10148,253,7,100,False,0,car,0 days 00:08:18.176000,0 days 01:05:15.271000
2024-06-23 13:11:32.949,10314,258,7,100,False,0,car,0 days 00:08:18.536000,0 days 01:05:15.631000
2024-06-23 13:11:33.388,10098,261,7,68,True,0,car,0 days 00:08:18.975000,0 days 01:05:16.070000
2024-06-23 13:11:33.708,10507,252,7,0,True,0,car,0 days 00:08:19.295000,0 days 01:05:16.390000
2024-06-23 13:11:33.908,10821,242,7,0,True,0,car,0 days 00:08:19.495000,0 days 01:05:16.590000
2024-06-23 13:11:34.068,10750,237,6,0,False,0,car,0 days 00:08:19.655000,0 days 01:05:16.750000
2024-06-23 13:11:34.228,10586,232,6,0,False,0,car,0 days 00:08:19.815000,0 days 01:05:16.910000
2024-06-23 13:11:34.548,10599,228,6,85,False,0,car,0 days 00:08:20.135000,0 days 01:05:17.230000
2024-06-23 13:11:34.748,10801,230,6,78,False,0,car,0 days 00:08:20.335000,0 days 01:05:17.430000
2024-06-23 13:11:34.948,10727,230,6,77,False,0,car,0 days 00:08:20.535000,0 days 01:05:17.630000
2024-06-23 13:11:35.389,10766,235,6,85,False,0,car,0 days 00:08:20.976000,0 days 01:05:18.071000
2024-06-23 13:11:35.589,11016,232,6,77,False,0,car,0 days 00:08:21.176000,0 days 01:05:18.271000
2024-06-23 13:11:35.789,10933,234,6,89,False,0,car,0 days 00:08:21.376000,0 days 01:05:18.471000
2024-06-23 13:11:36.029,11068,236,6,100,False,8,car,0 days 00:08:21.616000,0 days 01:05:18.711000
2024-06-23 13:11:36.229,11117,237,6,100,False,8,car,0 days 00:08:21.816000,0 days 01:05:18.911000
2024-06-23 13:11:36.389,11192,240,6,100,False,8,car,0 days 00:08:21.976000,0 days 01:05:19.071000
2024-06-23 13:11:36.669,11546,246,6,100,False,8,car,0 days 00:08:22.256000,0 days 01:05:19.351000
2024-06-23 13:11:37.109,11746,254,6,100,False,8,car,0 days 00:08:22.696000,0 days 01:05:19.791000
2024-06-23 13:11:37.469,10411,259,7,100,False,8,car,0 days 00:08:23.056000,0 days 01:05:20.151000
2024-06-23 13:11:37.629,10581,261,7,100,False,8,car,0 days 00:08:23.216000,0 days 01:05:20.311000
2024-06-23 13:11:37.909,10761,265,7,100,False,8,car,0 days 00:08:23.496000,0 days 01:05:20.591000
2024-06-23 13:11:38.109,10887,270,7,100,False,8,car,0 days 00:08:23.696000,0 days 01:05:20.791000
2024-06-23 13:11:38.349,10938,274,7,100,False,8,car,0 days 00:08:23.936000,0 days 01:05:21.031000
2024-06-23 13:11:38.589,11195,276,7,100,False,14,car,0 days 00:08:24.176000,0 days 01:05:21.271000
2024-06-23 13:11:38.949,11385,282,7,100,False,12,car,0 days 00:08:24.536000,0 days 01:05:21.631000
2024-06-23 13:11:39.269,11590,288,7,100,False,12,car,0 days 00:08:24.856000,0 days 01:05:21.951000
2024-06-23 13:11:39.629,11130,294,7,100,False,12,car,0 days 00:08:25.216000,0 days 01:05:22.311000
2024-06-23 13:11:40.028,10710,300,8,100,False,12,car,0 days 00:08:25.615000,0 days 01:05:22.710000
2024-06-23 13:11:40.188,10766,300,8,100,False,12,car,0 days 00:08:25.775000,0 days 01:05:22.870000
2024-06-23 13:11:40.348,10836,304,8,100,False,12,car,0 days 00:08:25.935000,0 days 01:05:23.030000
2024-06-23 13:11:40.668,11016,308,8,100,False,12,car,0 days 00:08:26.255000,0 days 01:05:23.350000
2024-06-23 13:11:40.828,11105,309,8,100,False,12,car,0 days 00:08:26.415000,0 days 01:05:23.510000
2024-06-23 13:11:41.068,11225,312,8,100,False,12,car,0 days 00:08:26.655000,0 days 01:05:23.750000
2024-06-23 13:11:41.388,11369,316,8,100,False,12,car,0 days 00:08:26.975000,0 days 01:05:24.070000
2024-06-23 13:11:41.548,11388,319,8,100,False,12,car,0 days 00:08:27.135000,0 days 01:05:24.230000
2024-06-23 13:11:41.908,11439,321,8,100,False,12,car,0 days 00:08:27.495000,0 days 01:05:24.590000
2024-06-23 13:11:42.109,11440,322,8,100,False,12,car,0 days 00:08:27.696000,0 days 01:05:24.791000
2024-06-23 13:11:42.309,11476,322,8,100,False,12,car,0 days 00:08:27.896000,0 days 01:05:24.991000
2024-06-23 13:11:42.749,11497,323,8,100,False,12,car,0 days 00:08:28.336000,0 days 01:05:25.431000
2024-06-23 13:11:43.069,11515,324,8,100,False,12,car,0 days 00:08:28.656000,0 days 01:05:25.751000
2024-06-23 13:11:43.229,11543,325,8,100,False,12,car,0 days 00:08:28.816000,0 days 01:05:25.911000
2024-06-23 13:11:43.469,11596,325,8,100,False,12,car,0 days 00:08:29.056000,0 days 01:05:26.151000
2024-06-23 13:11:43.749,11586,326,8,100,False,12,car,0 days 00:08:29.336000,0 days 01:05:26.431000
2024-06-23 13:11:43.989,11635,326,8,100,False,12,car,0 days 00:08:29.576000,0 days 01:05:26.671000
2024-06-23 13:11:44.349,11610,327,8,100,False,12,car,0 days 00:08:29.936000,0 days 01:05:27.031000
2024-06-23 13:11:44.589,11627,328,8,100,False,12,car,0 days 00:08:30.176000,0 days 01:05:27.271000
2024-06-23 13:11:44.749,11665,328,8,100,False,12,car,0 days 00:08:30.336000,0 days 01:05:27.431000
2024-06-23 13:11:45.069,11692,329,8,100,False,12,car,0 days 00:08:30.656000,0 days 01:05:27.751000
2024-06-23 13:11:45.349,11672,328,8,100,False,12,car,0 days 00:08:30.936000,0 days 01:05:28.031000
2024-06-23 13:11:45.669,11712,329,8,100,False,12,car,0 days 00:08:31.256000,0 days 01:05:28.351000
2024-06-23 13:11:45.909,11700,329,8,100,False,12,car,0 days 00:08:31.496000,0 days 01:05:28.591000
2024-06-23 13:11:46.269,11729,331,8,100,False,12,car,0 days 00:08:31.856000,0 days 01:05:28.951000
2024-06-23 13:11:46.549,11722,330,8,100,False,12,car,0 days 00:08:32.136000,0 days 01:05:29.231000
2024-06-23 13:11:46.908,11659,328,8,100,True,0,car,0 days 00:08:32.495000,0 days 01:05:29.590000
2024-06-23 13:11:47.308,10213,301,8,0,True,0,car,0 days 00:08:32.895000,0 days 01:05:29.990000
2024-06-23 13:11:47.668,9970,250,7,0,True,0,car,0 days 00:08:33.255000,0 days 01:05:30.350000
2024-06-23 13:11:47.908,9708,225,7,0,True,0,car,0 days 00:08:33.495000,0 days 01:05:30.590000
2024-06-23 13:11:48.108,9258,205,6,0,True,0,car,0 days 00:08:33.695000,0 days 01:05:30.790000
2024-06-23 13:11:48.509,9347,181,5,0,True,0,car,0 days 00:08:34.096000,0 days 01:05:31.191000
2024-06-23 13:11:48.909,9262,154,4,0,True,0,car,0 days 00:08:34.496000,0 days 01:05:31.591000
2024-06-23 13:11:49.109,8932,147,4,0,True,0,car,0 days 00:08:34.696000,0 days 01:05:31.791000
2024-06-23 13:11:49.309,8675,142,4,0,False,0,car,0 days 00:08:34.896000,0 days 01:05:31.991000
2024-06-23 13:11:49.669,8349,132,4,0,True,0,car,0 days 00:08:35.256000,0 days 01:05:32.351000
2024-06-23 13:11:49.949,8215,129,4,5,False,0,car,0 days 00:08:35.536000,0 days 01:05:32.631000
2024-06-23 13:11:50.229,7629,126,4,9,True,0,car,0 days 00:08:35.816000,0 days 01:05:32.911000
2024-06-23 13:11:50.509,7980,124,4,27,True,0,car,0 days 00:08:36.096000,0 days 01:05:33.191000
2024-06-23 13:11:50.789,8087,125,4,48,False,0,car,0 days 00:08:36.376000,0 days 01:05:33.471000
2024-06-23 13:11:51.109,8592,129,4,61,False,0,car,0 days 00:08:36.696000,0 days 01:05:33.791000
2024-06-23 13:11:51.469,9101,140,4,69,False,0,car,0 days 00:08:37.056000,0 days 01:05:34.151000
2024-06-23 13:11:51.789,8902,144,4,4,False,0,car,0 days 00:08:37.376000,0 days 01:05:34.471000
2024-06-23 13:11:51.949,9219,141,4,25,False,0,car,0 days 00:08:37.536000,0 days 01:05:34.631000
2024-06-23 13:11:52.349,9019,141,4,48,False,0,car,0 days 00:08:37.936000,0 days 01:05:35.031000
2024-06-23 13:11:52.549,9093,142,4,58,False,0,car,0 days 00:08:38.136000,0 days 01:05:35.231000
2024-06-23 13:11:52.829,9463,147,4,69,False,0,car,0 days 00:08:38.416000,0 days 01:05:35.511000
2024-06-23 13:11:53.229,10155,158,4,79,False,0,car,0 days 00:08:38.816000,0 days 01:05:35.911000
2024-06-23 13:11:53.389,10533,161,4,82,False,0,car,0 days 00:08:38.976000,0 days 01:05:36.071000
2024-06-23 13:11:53.668,11136,170,4,90,False,0,car,0 days 00:08:39.255000,0 days 01:05:36.350000
2024-06-23 13:11:53.868,11177,176,4,100,False,0,car,0 days 00:08:39.455000,0 days 01:05:36.550000
2024-06-23 13:11:54.188,10257,187,5,100,False,0,car,0 days 00:08:39.775000,0 days 01:05:36.870000
2024-06-23 13:11:54.468,10539,196,5,94,False,0,car,0 days 00:08:40.055000,0 days 01:05:37.150000
2024-06-23 13:11:54.788,10748,200,5,67,False,0,car,0 days 00:08:40.375000,0 days 01:05:37.470000
2024-06-23 13:11:55.068,10572,201,5,42,False,0,car,0 days 00:08:40.655000,0 days 01:05:37.750000
2024-06-23 13:11:55.509,10376,197,5,38,False,0,car,0 days 00:08:41.096000,0 days 01:05:38.191000
2024-06-23 13:11:55.789,10370,194,5,42,False,0,car,0 days 00:08:41.376000,0 days 01:05:38.471000
2024-06-23 13:11:55.989,10327,193,5,44,False,0,car,0 days 00:08:41.576000,0 days 01:05:38.671000
2024-06-23 13:11:56.349,9849,190,5,6,False,0,car,0 days 00:08:41.936000,0 days 01:05:39.031000
2024-06-23 13:11:57.389,10331,189,5,82,False,0,car,0 days 00:08:42.976000,0 days 01:05:40.071000
2024-06-23 13:11:57.749,10669,196,5,82,False,0,car,0 days 00:08:43.336000,0 days 01:05:40.431000
2024-06-23 13:11:58.069,11315,202,5,100,False,0,car,0 days 00:08:43.656000,0 days 01:05:40.751000
2024-06-23 13:11:58.429,11440,209,5,100,False,0,car,0 days 00:08:44.016000,0 days 01:05:41.111000
2024-06-23 13:11:58.669,11544,216,5,100,False,0,car,0 days 00:08:44.256000,0 days 01:05:41.351000
2024-06-23 13:11:58.989,10500,223,6,100,False,0,car,0 days 00:08:44.576000,0 days 01:05:41.671000
2024-06-23 13:11:59.349,10668,228,6,100,False,0,car,0 days 00:08:44.936000,0 days 01:05:42.031000
2024-06-23 13:11:59.509,10817,232,6,100,False,0,car,0 days 00:08:45.096000,0 days 01:05:42.191000
2024-06-23 13:11:59.869,11136,238,6,100,False,0,car,0 days 00:08:45.456000,0 days 01:05:42.551000
2024-06-23 13:12:00.149,11265,243,6,100,False,0,car,0 days 00:08:45.736000,0 days 01:05:42.831000
2024-06-23 13:12:00.348,11446,248,6,100,False,0,car,0 days 00:08:45.935000,0 days 01:05:43.030000
2024-06-23 13:12:00.588,11581,248,6,100,False,0,car,0 days 00:08:46.175000,0 days 01:05:43.270000
2024-06-23 13:12:00.868,11713,254,6,100,False,0,car,0 days 00:08:46.455000,0 days 01:05:43.550000
2024-06-23 13:12:01.188,10620,258,6,100,False,0,car,0 days 00:08:46.775000,0 days 01:05:43.870000
2024-06-23 13:12:01.468,10619,262,7,100,False,0,car,0 days 00:08:47.055000,0 days 01:05:44.150000
2024-06-23 13:12:01.789,10730,266,7,100,False,0,car,0 days 00:08:47.376000,0 days 01:05:44.471000
2024-06-23 13:12:02.069,10840,268,7,100,False,0,car,0 days 00:08:47.656000,0 days 01:05:44.751000
2024-06-23 13:12:02.349,10900,271,7,100,False,0,car,0 days 00:08:47.936000,0 days 01:05:45.031000
2024-06-23 13:12:02.629,10937,274,7,100,False,0,car,0 days 00:08:48.216000,0 days 01:05:45.311000
2024-06-23 13:12:02.789,10944,273,7,100,False,0,car,0 days 00:08:48.376000,0 days 01:05:45.471000
2024-06-23 13:12:02.949,11010,274,7,100,False,0,car,0 days 00:08:48.536000,0 days 01:05:45.631000
2024-06-23 13:12:03.269,10559,269,7,0,False,0,car,0 days 00:08:48.856000,0 days 01:05:45.951000
2024-06-23 13:12:03.429,10030,259,7,0,True,0,car,0 days 00:08:49.016000,0 days 01:05:46.111000
2024-06-23 13:12:03.669,9929,232,7,0,True,0,car,0 days 00:08:49.256000,0 days 01:05:46.351000
2024-06-23 13:12:03.989,10349,206,6,0,True,0,car,0 days 00:08:49.576000,0 days 01:05:46.671000
2024-06-23 13:12:04.149,10039,192,5,0,True,0,car,0 days 00:08:49.736000,0 days 01:05:46.831000
2024-06-23 13:12:04.509,8989,177,5,0,True,0,car,0 days 00:08:50.096000,0 days 01:05:47.191000
2024-06-23 13:12:04.669,9829,168,5,0,True,0,car,0 days 00:08:50.256000,0 days 01:05:47.351000
2024-06-23 13:12:04.909,9616,160,4,0,True,0,car,0 days 00:08:50.496000,0 days 01:05:47.591000
2024-06-23 13:12:05.309,8849,147,4,0,True,0,car,0 days 00:08:50.896000,0 days 01:05:47.991000
2024-06-23 13:12:05.509,8506,141,4,0,True,0,car,0 days 00:08:51.096000,0 days 01:05:48.191000
2024-06-23 13:12:05.909,8122,133,4,0,True,0,car,0 days 00:08:51.496000,0 days 01:05:48.591000
2024-06-23 13:12:06.229,7909,126,4,0,True,0,car,0 days 00:08:51.816000,0 days 01:05:48.911000
2024-06-23 13:12:06.549,7589,122,4,0,False,0,car,0 days 00:08:52.136000,0 days 01:05:49.231000
2024-06-23 13:12:06.749,7747,120,4,32,False,0,car,0 days 00:08:52.336000,0 days 01:05:49.431000
2024-06-23 13:12:06.948,7948,121,4,46,False,0,car,0 days 00:08:52.535000,0 days 01:05:49.630000
2024-06-23 13:12:07.188,8030,124,4,45,False,0,car,0 days 00:08:52.775000,0 days 01:05:49.870000
2024-06-23 13:12:07.388,8182,126,4,50,False,0,car,0 days 00:08:52.975000,0 days 01:05:50.070000
2024-06-23 13:12:07.748,8531,132,4,58,False,0,car,0 days 00:08:53.335000,0 days 01:05:50.430000
2024-06-23 13:12:08.148,9028,140,4,68,False,0,car,0 days 00:08:53.735000,0 days 01:05:50.830000
2024-06-23 13:12:08.349,9365,145,4,74,False,0,car,0 days 00:08:53.936000,0 days 01:05:51.031000
2024-06-23 13:12:08.549,9809,150,4,79,False,0,car,0 days 00:08:54.136000,0 days 01:05:51.231000
2024-06-23 13:12:08.749,10269,156,4,91,False,0,car,0 days 00:08:54.336000,0 days 01:05:51.431000
2024-06-23 13:12:08.949,10646,164,4,92,False,0,car,0 days 00:08:54.536000,0 days 01:05:51.631000
2024-06-23 13:12:09.389,11733,179,4,100,False,0,car,0 days 00:08:54.976000,0 days 01:05:52.071000
2024-06-23 13:12:09.749,10347,185,5,100,False,0,car,0 days 00:08:55.336000,0 days 01:05:52.431000
2024-06-23 13:12:09.949,10510,197,5,100,False,0,car,0 days 00:08:55.536000,0 days 01:05:52.631000
2024-06-23 13:12:10.269,11147,205,5,100,False,0,car,0 days 00:08:55.856000,0 days 01:05:52.951000
2024-06-23 13:12:10.429,11250,210,5,100,False,0,car,0 days 00:08:56.016000,0 days 01:05:53.111000
2024-06-23 13:12:10.669,11643,215,5,100,False,0,car,0 days 00:08:56.256000,0 days 01:05:53.351000
2024-06-23 13:12:11.069,11732,223,5,100,False,0,car,0 days 00:08:56.656000,0 days 01:05:53.751000
2024-06-23 13:12:11.509,10542,228,6,100,False,0,car,0 days 00:08:57.096000,0 days 01:05:54.191000
2024-06-23 13:12:11.669,10617,230,6,100,False,0,car,0 days 00:08:57.256000,0 days 01:05:54.351000
2024-06-23 13:12:12.109,9531,216,6,0,True,0,car,0 days 00:08:57.696000,0 days 01:05:54.791000
2024-06-23 13:12:12.269,8956,199,6,0,True,0,car,0 days 00:08:57.856000,0 days 01:05:54.951000
2024-06-23 13:12:12.509,9115,182,6,0,True,0,car,0 days 00:08:58.096000,0 days 01:05:55.191000
2024-06-23 13:12:12.869,9149,152,4,0,True,0,car,0 days 00:08:58.456000,0 days 01:05:55.551000
2024-06-23 13:12:13.029,8624,147,4,0,True,0,car,0 days 00:08:58.616000,0 days 01:05:55.711000
2024-06-23 13:12:13.269,9401,132,4,0,True,0,car,0 days 00:08:58.856000,0 days 01:05:55.951000
2024-06-23 13:12:13.589,8701,123,3,0,True,0,car,0 days 00:08:59.176000,0 days 01:05:56.271000
2024-06-23 13:12:13.788,8368,117,3,0,True,0,car,0 days 00:08:59.375000,0 days 01:05:56.470000
2024-06-23 13:12:14.028,8083,113,3,0,True,0,car,0 days 00:08:59.615000,0 days 01:05:56.710000
2024-06-23 13:12:14.348,7711,105,3,0,True,0,car,0 days 00:08:59.935000,0 days 01:05:57.030000
2024-06-23 13:12:14.508,7459,103,3,0,True,0,car,0 days 00:09:00.095000,0 days 01:05:57.190000
2024-06-23 13:12:14.748,7244,98,3,0,True,0,car,0 days 00:09:00.335000,0 days 01:05:57.430000
2024-06-23 13:12:15.029,7002,94,3,0,False,0,car,0 days 00:09:00.616000,0 days 01:05:57.711000
2024-06-23 13:12:15.429,6982,92,3,14,False,0,car,0 days 00:09:01.016000,0 days 01:05:58.111000
2024-06-23 13:12:15.709,7191,93,3,29,False,0,car,0 days 00:09:01.296000,0 days 01:05:58.391000
2024-06-23 13:12:15.989,7572,97,3,36,False,0,car,0 days 00:09:01.576000,0 days 01:05:58.671000
2024-06-23 13:12:16.269,8000,101,3,44,False,0,car,0 days 00:09:01.856000,0 days 01:05:58.951000
2024-06-23 13:12:16.509,8436,105,3,50,False,0,car,0 days 00:09:02.096000,0 days 01:05:59.191000
2024-06-23 13:12:16.709,8792,109,3,57,False,0,car,0 days 00:09:02.296000,0 days 01:05:59.391000
2024-06-23 13:12:17.069,9806,122,3,75,False,0,car,0 days 00:09:02.656000,0 days 01:05:59.751000
2024-06-23 13:12:17.269,9752,130,3,80,False,0,car,0 days 00:09:02.856000,0 days 01:05:59.951000
2024-06-23 13:12:17.429,9752,134,3,89,False,0,car,0 days 00:09:03.016000,0 days 01:06:00.111000
2024-06-23 13:12:17.629,9773,145,4,100,False,0,car,0 days 00:09:03.216000,0 days 01:06:00.311000
2024-06-23 13:12:17.789,10233,152,4,100,False,0,car,0 days 00:09:03.376000,0 days 01:06:00.471000
2024-06-23 13:12:18.149,11107,171,4,100,False,0,car,0 days 00:09:03.736000,0 days 01:06:00.831000
2024-06-23 13:12:18.349,10514,179,4,100,False,0,car,0 days 00:09:03.936000,0 days 01:06:01.031000
2024-06-23 13:12:18.669,10374,191,5,100,False,0,car,0 days 00:09:04.256000,0 days 01:06:01.351000
2024-06-23 13:12:18.829,10424,193,5,100,False,0,car,0 days 00:09:04.416000,0 days 01:06:01.511000
2024-06-23 13:12:19.069,11070,204,5,100,False,0,car,0 days 00:09:04.656000,0 days 01:06:01.751000
2024-06-23 13:12:19.309,11386,209,5,100,False,0,car,0 days 00:09:04.896000,0 days 01:06:01.991000
2024-06-23 13:12:19.549,11666,218,5,100,False,0,car,0 days 00:09:05.136000,0 days 01:06:02.231000
2024-06-23 13:12:19.909,10708,225,5,100,False,0,car,0 days 00:09:05.496000,0 days 01:06:02.591000
2024-06-23 13:12:20.269,10841,233,6,100,False,0,car,0 days 00:09:05.856000,0 days 01:06:02.951000
2024-06-23 13:12:20.428,11032,239,6,100,False,0,car,0 days 00:09:06.015000,0 days 01:06:03.110000
2024-06-23 13:12:20.708,11203,243,6,100,False,0,car,0 days 00:09:06.295000,0 days 01:06:03.390000
2024-06-23 13:12:20.908,11334,246,6,100,False,0,car,0 days 00:09:06.495000,0 days 01:06:03.590000
2024-06-23 13:12:21.188,11452,250,6,100,False,0,car,0 days 00:09:06.775000,0 days 01:06:03.870000
2024-06-23 13:12:21.469,10839,245,6,0,True,0,car,0 days 00:09:07.056000,0 days 01:06:04.151000
2024-06-23 13:12:21.749,9985,220,6,0,True,0,car,0 days 00:09:07.336000,0 days 01:06:04.431000
2024-06-23 13:12:21.949,9185,203,6,0,True,0,car,0 days 00:09:07.536000,0 days 01:06:04.631000
2024-06-23 13:12:22.189,9456,186,6,0,True,0,car,0 days 00:09:07.776000,0 days 01:06:04.871000
2024-06-23 13:12:22.429,8749,174,5,0,True,0,car,0 days 00:09:08.016000,0 days 01:06:05.111000
2024-06-23 13:12:22.869,9240,151,4,0,True,0,car,0 days 00:09:08.456000,0 days 01:06:05.551000
2024-06-23 13:12:23.109,8832,144,4,0,True,0,car,0 days 00:09:08.696000,0 days 01:06:05.791000
2024-06-23 13:12:23.309,8480,138,4,0,True,0,car,0 days 00:09:08.896000,0 days 01:06:05.991000
2024-06-23 13:12:23.709,8222,131,4,0,True,0,car,0 days 00:09:09.296000,0 days 01:06:06.391000
2024-06-23 13:12:23.869,8056,128,4,0,False,0,car,0 days 00:09:09.456000,0 days 01:06:06.551000
2024-06-23 13:12:24.149,8227,126,4,37,False,0,car,0 days 00:09:09.736000,0 days 01:06:06.831000
2024-06-23 13:12:24.469,8337,128,4,48,False,0,car,0 days 00:09:10.056000,0 days 01:06:07.151000
2024-06-23 13:12:24.709,8651,129,4,56,False,0,car,0 days 00:09:10.296000,0 days 01:06:07.391000
2024-06-23 13:12:25.029,9060,138,4,65,False,0,car,0 days 00:09:10.616000,0 days 01:06:07.711000
2024-06-23 13:12:25.229,9716,144,4,89,False,0,car,0 days 00:09:10.816000,0 days 01:06:07.911000
2024-06-23 13:12:25.549,10264,157,4,100,False,0,car,0 days 00:09:11.136000,0 days 01:06:08.231000
2024-06-23 13:12:25.749,10904,166,4,100,False,0,car,0 days 00:09:11.336000,0 days 01:06:08.431000
2024-06-23 13:12:25.989,10228,173,4,100,False,0,car,0 days 00:09:11.576000,0 days 01:06:08.671000
2024-06-23 13:12:26.189,9922,178,5,100,False,0,car,0 days 00:09:11.776000,0 days 01:06:08.871000
2024-06-23 13:12:26.469,10372,187,5,100,False,0,car,0 days 00:09:12.056000,0 days 01:06:09.151000
2024-06-23 13:12:26.669,10668,193,5,100,False,0,car,0 days 00:09:12.256000,0 days 01:06:09.351000
2024-06-23 13:12:27.029,11030,201,5,100,False,0,car,0 days 00:09:12.616000,0 days 01:06:09.711000
2024-06-23 13:12:27.468,11541,215,5,100,False,0,car,0 days 00:09:13.055000,0 days 01:06:10.150000
2024-06-23 13:12:27.868,10472,224,6,100,False,0,car,0 days 00:09:13.455000,0 days 01:06:10.550000
2024-06-23 13:12:28.029,10586,228,6,100,False,0,car,0 days 00:09:13.616000,0 days 01:06:10.711000
2024-06-23 13:12:28.469,10854,236,6,100,False,0,car,0 days 00:09:14.056000,0 days 01:06:11.151000
2024-06-23 13:12:28.909,10506,238,6,92,False,0,car,0 days 00:09:14.496000,0 days 01:06:11.591000
2024-06-23 13:12:29.149,10644,235,6,0,False,0,car,0 days 00:09:14.736000,0 days 01:06:11.831000
2024-06-23 13:12:29.429,10541,229,6,0,False,0,car,0 days 00:09:15.016000,0 days 01:06:12.111000
2024-06-23 13:12:29.909,10293,222,6,55,False,0,car,0 days 00:09:15.496000,0 days 01:06:12.591000
2024-06-23 13:12:30.309,10238,219,6,64,False,0,car,0 days 00:09:15.896000,0 days 01:06:12.991000
2024-06-23 13:12:30.509,10197,219,6,74,False,0,car,0 days 00:09:16.096000,0 days 01:06:13.191000
2024-06-23 13:12:30.669,10446,219,6,91,False,0,car,0 days 00:09:16.256000,0 days 01:06:13.351000
2024-06-23 13:12:30.829,10390,221,6,100,False,0,car,0 days 00:09:16.416000,0 days 01:06:13.511000
2024-06-23 13:12:31.029,10485,224,6,72,False,0,car,0 days 00:09:16.616000,0 days 01:06:13.711000
2024-06-23 13:12:31.309,10693,226,6,100,False,0,car,0 days 00:09:16.896000,0 days 01:06:13.991000
2024-06-23 13:12:31.509,10838,232,6,100,False,0,car,0 days 00:09:17.096000,0 days 01:06:14.191000
2024-06-23 13:12:31.669,10876,233,6,100,False,0,car,0 days 00:09:17.256000,0 days 01:06:14.351000
2024-06-23 13:12:31.909,11035,237,6,100,False,0,car,0 days 00:09:17.496000,0 days 01:06:14.591000
2024-06-23 13:12:32.069,11157,240,6,100,False,0,car,0 days 00:09:17.656000,0 days 01:06:14.751000
2024-06-23 13:12:32.309,11318,244,6,100,False,0,car,0 days 00:09:17.896000,0 days 01:06:14.991000
2024-06-23 13:12:32.509,11448,248,6,100,False,0,car,0 days 00:09:18.096000,0 days 01:06:15.191000
2024-06-23 13:12:32.709,11579,249,6,100,False,0,car,0 days 00:09:18.296000,0 days 01:06:15.391000
2024-06-23 13:12:32.989,11780,255,6,100,False,0,car,0 days 00:09:18.576000,0 days 01:06:15.671000
2024-06-23 13:12:33.309,11444,260,6,100,False,0,car,0 days 00:09:18.896000,0 days 01:06:15.991000
2024-06-23 13:12:33.509,10614,262,7,100,False,0,car,0 days 00:09:19.096000,0 days 01:06:16.191000
2024-06-23 13:12:33.908,10778,267,7,100,False,0,car,0 days 00:09:19.495000,0 days 01:06:16.590000
2024-06-23 13:12:34.268,10922,271,7,100,False,0,car,0 days 00:09:19.855000,0 days 01:06:16.950000
2024-06-23 13:12:34.428,10991,272,7,100,False,0,car,0 days 00:09:20.015000,0 days 01:06:17.110000
2024-06-23 13:12:34.749,11121,276,7,100,False,0,car,0 days 00:09:20.336000,0 days 01:06:17.431000
2024-06-23 13:12:35.069,11268,279,7,100,False,0,car,0 days 00:09:20.656000,0 days 01:06:17.751000
2024-06-23 13:12:35.269,11292,281,7,100,False,0,car,0 days 00:09:20.856000,0 days 01:06:17.951000
2024-06-23 13:12:35.629,11416,285,7,100,False,0,car,0 days 00:09:21.216000,0 days 01:06:18.311000
2024-06-23 13:12:35.829,11480,287,7,100,False,0,car,0 days 00:09:21.416000,0 days 01:06:18.511000
2024-06-23 13:12:36.029,11487,286,7,100,False,0,car,0 days 00:09:21.616000,0 days 01:06:18.711000
2024-06-23 13:12:36.269,11506,288,7,100,False,0,car,0 days 00:09:21.856000,0 days 01:06:18.951000
2024-06-23 13:12:36.709,10448,274,7,0,True,0,car,0 days 00:09:22.296000,0 days 01:06:19.391000
2024-06-23 13:12:36.989,9234,239,7,0,True,0,car,0 days 00:09:22.576000,0 days 01:06:19.671000
2024-06-23 13:12:37.149,9007,219,7,0,True,0,car,0 days 00:09:22.736000,0 days 01:06:19.831000
2024-06-23 13:12:37.429,9037,209,7,0,True,0,car,0 days 00:09:23.016000,0 days 01:06:20.111000
2024-06-23 13:12:37.669,8674,170,6,0,True,0,car,0 days 00:09:23.256000,0 days 01:06:20.351000
2024-06-23 13:12:37.949,9329,157,4,0,True,0,car,0 days 00:09:23.536000,0 days 01:06:20.631000
2024-06-23 13:12:38.149,8589,146,4,0,True,0,car,0 days 00:09:23.736000,0 days 01:06:20.831000
2024-06-23 13:12:38.469,9097,128,4,0,True,0,car,0 days 00:09:24.056000,0 days 01:06:21.151000
2024-06-23 13:12:38.749,8682,119,3,0,True,0,car,0 days 00:09:24.336000,0 days 01:06:21.431000
2024-06-23 13:12:39.029,8153,111,3,0,True,0,car,0 days 00:09:24.616000,0 days 01:06:21.711000
2024-06-23 13:12:39.229,7898,109,3,0,True,0,car,0 days 00:09:24.816000,0 days 01:06:21.911000
2024-06-23 13:12:39.549,7561,105,3,0,True,0,car,0 days 00:09:25.136000,0 days 01:06:22.231000
2024-06-23 13:12:39.789,7416,102,3,0,False,0,car,0 days 00:09:25.376000,0 days 01:06:22.471000
2024-06-23 13:12:40.189,7146,98,3,7,False,0,car,0 days 00:09:25.776000,0 days 01:06:22.871000
2024-06-23 13:12:40.429,7182,97,3,6,False,0,car,0 days 00:09:26.016000,0 days 01:06:23.111000
2024-06-23 13:12:40.628,7142,95,3,21,False,0,car,0 days 00:09:26.215000,0 days 01:06:23.310000
2024-06-23 13:12:41.068,7220,97,3,26,False,0,car,0 days 00:09:26.655000,0 days 01:06:23.750000
2024-06-23 13:12:41.229,7675,99,3,40,False,0,car,0 days 00:09:26.816000,0 days 01:06:23.911000
2024-06-23 13:12:41.509,8167,102,3,46,False,0,car,0 days 00:09:27.096000,0 days 01:06:24.191000
2024-06-23 13:12:41.829,8691,111,3,57,False,0,car,0 days 00:09:27.416000,0 days 01:06:24.511000
2024-06-23 13:12:42.069,9032,113,3,59,False,0,car,0 days 00:09:27.656000,0 days 01:06:24.751000
2024-06-23 13:12:42.429,9925,122,3,72,False,0,car,0 days 00:09:28.016000,0 days 01:06:25.111000
2024-06-23 13:12:42.629,9731,131,3,75,False,0,car,0 days 00:09:28.216000,0 days 01:06:25.311000
2024-06-23 13:12:42.869,9424,141,4,82,False,0,car,0 days 00:09:28.456000,0 days 01:06:25.551000
2024-06-23 13:12:43.149,9955,152,4,88,False,0,car,0 days 00:09:28.736000,0 days 01:06:25.831000
2024-06-23 13:12:43.429,10626,163,4,97,False,0,car,0 days 00:09:29.016000,0 days 01:06:26.111000
2024-06-23 13:12:43.749,11235,174,4,100,False,0,car,0 days 00:09:29.336000,0 days 01:06:26.431000
2024-06-23 13:12:44.349,10272,192,5,100,False,0,car,0 days 00:09:29.936000,0 days 01:06:27.031000
2024-06-23 13:12:44.669,10313,199,5,81,False,0,car,0 days 00:09:30.256000,0 days 01:06:27.351000
2024-06-23 13:12:45.069,9236,177,5,0,True,0,car,0 days 00:09:30.656000,0 days 01:06:27.751000
2024-06-23 13:12:45.229,10241,167,5,0,True,0,car,0 days 00:09:30.816000,0 days 01:06:27.911000
2024-06-23 13:12:45.509,9293,156,4,0,True,0,car,0 days 00:09:31.096000,0 days 01:06:28.191000
2024-06-23 13:12:45.749,8842,148,4,0,True,0,car,0 days 00:09:31.336000,0 days 01:06:28.431000
2024-06-23 13:12:46.069,8356,134,4,0,True,0,car,0 days 00:09:31.656000,0 days 01:06:28.751000
2024-06-23 13:12:46.509,7523,124,4,0,True,0,car,0 days 00:09:32.096000,0 days 01:06:29.191000
2024-06-23 13:12:46.669,7358,119,4,0,True,0,car,0 days 00:09:32.256000,0 days 01:06:29.351000
2024-06-23 13:12:46.829,7186,115,4,0,True,0,car,0 days 00:09:32.416000,0 days 01:06:29.511000
2024-06-23 13:12:47.069,6902,111,4,0,True,0,car,0 days 00:09:32.656000,0 days 01:06:29.751000
2024-06-23 13:12:47.468,6513,106,4,0,False,0,car,0 days 00:09:33.055000,0 days 01:06:30.150000
2024-06-23 13:12:47.709,6751,104,4,18,False,0,car,0 days 00:09:33.296000,0 days 01:06:30.391000
2024-06-23 13:12:47.909,6815,104,4,35,False,0,car,0 days 00:09:33.496000,0 days 01:06:30.591000
2024-06-23 13:12:48.189,6988,105,4,37,False,0,car,0 days 00:09:33.776000,0 days 01:06:30.871000
2024-06-23 13:12:48.349,7146,109,4,44,False,0,car,0 days 00:09:33.936000,0 days 01:06:31.031000
2024-06-23 13:12:48.589,7401,111,4,50,False,0,car,0 days 00:09:34.176000,0 days 01:06:31.271000
2024-06-23 13:12:48.829,7687,117,4,55,False,0,car,0 days 00:09:34.416000,0 days 01:06:31.511000
2024-06-23 13:12:48.989,8042,117,4,60,False,0,car,0 days 00:09:34.576000,0 days 01:06:31.671000
2024-06-23 13:12:49.429,8882,133,4,71,False,0,car,0 days 00:09:35.016000,0 days 01:06:32.111000
2024-06-23 13:12:49.709,9301,135,4,74,False,0,car,0 days 00:09:35.296000,0 days 01:06:32.391000
2024-06-23 13:12:49.949,9589,148,4,82,False,0,car,0 days 00:09:35.536000,0 days 01:06:32.631000
2024-06-23 13:12:50.189,10053,153,4,85,False,0,car,0 days 00:09:35.776000,0 days 01:06:32.871000
2024-06-23 13:12:50.469,11221,166,4,100,False,0,car,0 days 00:09:36.056000,0 days 01:06:33.151000
2024-06-23 13:12:50.869,10210,183,4,100,False,0,car,0 days 00:09:36.456000,0 days 01:06:33.551000
2024-06-23 13:12:51.229,10494,193,5,100,False,0,car,0 days 00:09:36.816000,0 days 01:06:33.911000
2024-06-23 13:12:51.429,10843,199,5,100,False,0,car,0 days 00:09:37.016000,0 days 01:06:34.111000
2024-06-23 13:12:51.629,11279,205,5,100,False,0,car,0 days 00:09:37.216000,0 days 01:06:34.311000
2024-06-23 13:12:52.109,10181,217,6,100,False,0,car,0 days 00:09:37.696000,0 days 01:06:34.791000
2024-06-23 13:12:52.389,10632,226,6,100,False,0,car,0 days 00:09:37.976000,0 days 01:06:35.071000
2024-06-23 13:12:52.629,10769,230,6,94,False,0,car,0 days 00:09:38.216000,0 days 01:06:35.311000
2024-06-23 13:12:52.909,10833,235,6,89,False,0,car,0 days 00:09:38.496000,0 days 01:06:35.591000
2024-06-23 13:12:53.269,10907,236,6,73,False,0,car,0 days 00:09:38.856000,0 days 01:06:35.951000
2024-06-23 13:12:53.509,11018,236,6,81,False,0,car,0 days 00:09:39.096000,0 days 01:06:36.191000
2024-06-23 13:12:53.669,11147,238,6,86,False,0,car,0 days 00:09:39.256000,0 days 01:06:36.351000
2024-06-23 13:12:53.909,11197,240,6,100,False,0,car,0 days 00:09:39.496000,0 days 01:06:36.591000
2024-06-23 13:12:54.068,11225,242,6,100,False,0,car,0 days 00:09:39.655000,0 days 01:06:36.750000
2024-06-23 13:12:54.228,11340,245,6,100,False,0,car,0 days 00:09:39.815000,0 days 01:06:36.910000
2024-06-23 13:12:54.589,11497,248,6,100,False,0,car,0 days 00:09:40.176000,0 days 01:06:37.271000
2024-06-23 13:12:54.749,11642,251,6,100,False,0,car,0 days 00:09:40.336000,0 days 01:06:37.431000
2024-06-23 13:12:54.949,11683,254,6,100,False,0,car,0 days 00:09:40.536000,0 days 01:06:37.631000
2024-06-23 13:12:55.389,10446,259,7,100,False,0,car,0 days 00:09:40.976000,0 days 01:06:38.071000
2024-06-23 13:12:55.629,10379,260,7,100,False,0,car,0 days 00:09:41.216000,0 days 01:06:38.311000
2024-06-23 13:12:55.949,10239,254,7,0,True,0,car,0 days 00:09:41.536000,0 days 01:06:38.631000
2024-06-23 13:12:56.389,10704,239,6,0,False,0,car,0 days 00:09:41.976000,0 days 01:06:39.071000
2024-06-23 13:12:56.789,10514,229,6,12,False,0,car,0 days 00:09:42.376000,0 days 01:06:39.471000
2024-06-23 13:12:57.269,10530,229,6,74,False,0,car,0 days 00:09:42.856000,0 days 01:06:39.951000
2024-06-23 13:12:57.629,10566,228,6,79,False,0,car,0 days 00:09:43.216000,0 days 01:06:40.311000
2024-06-23 13:12:57.789,10706,228,6,92,False,0,car,0 days 00:09:43.376000,0 days 01:06:40.471000
2024-06-23 13:12:58.029,10865,233,6,100,False,0,car,0 days 00:09:43.616000,0 days 01:06:40.711000
2024-06-23 13:12:58.509,11127,239,6,100,False,0,car,0 days 00:09:44.096000,0 days 01:06:41.191000
2024-06-23 13:12:58.909,11355,243,6,100,False,0,car,0 days 00:09:44.496000,0 days 01:06:41.591000
2024-06-23 13:12:59.269,11456,248,6,100,False,0,car,0 days 00:09:44.856000,0 days 01:06:41.951000
2024-06-23 13:12:59.469,11609,253,6,100,False,0,car,0 days 00:09:45.056000,0 days 01:06:42.151000
2024-06-23 13:12:59.669,10967,255,6,100,False,0,car,0 days 00:09:45.256000,0 days 01:06:42.351000
2024-06-23 13:12:59.989,10453,260,7,100,False,0,car,0 days 00:09:45.576000,0 days 01:06:42.671000
2024-06-23 13:13:00.269,10613,262,7,100,False,0,car,0 days 00:09:45.856000,0 days 01:06:42.951000
2024-06-23 13:13:00.509,10742,265,7,100,False,0,car,0 days 00:09:46.096000,0 days 01:06:43.191000
2024-06-23 13:13:00.709,10840,268,7,100,False,0,car,0 days 00:09:46.296000,0 days 01:06:43.391000
2024-06-23 13:13:01.029,10973,272,7,100,False,0,car,0 days 00:09:46.616000,0 days 01:06:43.711000
2024-06-23 13:13:01.389,11161,276,7,100,False,0,car,0 days 00:09:46.976000,0 days 01:06:44.071000
2024-06-23 13:13:01.549,11172,278,7,100,False,0,car,0 days 00:09:47.136000,0 days 01:06:44.231000
2024-06-23 13:13:01.989,11357,282,7,100,False,0,car,0 days 00:09:47.576000,0 days 01:06:44.671000
2024-06-23 13:13:02.189,11437,284,7,100,False,0,car,0 days 00:09:47.776000,0 days 01:06:44.871000
2024-06-23 13:13:02.389,11445,285,7,100,False,0,car,0 days 00:09:47.976000,0 days 01:06:45.071000
2024-06-23 13:13:02.589,11582,288,7,100,False,0,car,0 days 00:09:48.176000,0 days 01:06:45.271000
2024-06-23 13:13:02.949,11681,291,7,100,False,0,car,0 days 00:09:48.536000,0 days 01:06:45.631000
2024-06-23 13:13:03.229,11681,294,7,100,False,0,car,0 days 00:09:48.816000,0 days 01:06:45.911000
2024-06-23 13:13:03.589,10701,294,8,100,False,0,car,0 days 00:09:49.176000,0 days 01:06:46.271000
2024-06-23 13:13:04.069,10607,298,8,100,False,0,car,0 days 00:09:49.656000,0 days 01:06:46.751000
2024-06-23 13:13:04.229,10643,297,8,100,False,0,car,0 days 00:09:49.816000,0 days 01:06:46.911000
2024-06-23 13:13:04.629,10695,300,8,100,False,0,car,0 days 00:09:50.216000,0 days 01:06:47.311000
2024-06-23 13:13:05.029,10758,302,8,100,False,0,car,0 days 00:09:50.616000,0 days 01:06:47.711000
2024-06-23 13:13:05.269,10778,302,8,100,False,0,car,0 days 00:09:50.856000,0 days 01:06:47.951000
2024-06-23 13:13:05.669,10815,304,8,100,False,0,car,0 days 00:09:51.256000,0 days 01:06:48.351000
2024-06-23 13:13:06.029,10897,306,8,100,False,0,car,0 days 00:09:51.616000,0 days 01:06:48.711000
2024-06-23 13:13:06.229,10921,307,8,100,False,0,car,0 days 00:09:51.816000,0 days 01:06:48.911000
2024-06-23 13:13:06.469,10924,307,8,100,False,0,car,0 days 00:09:52.056000,0 days 01:06:49.151000
2024-06-23 13:13:06.949,10975,308,8,100,False,0,car,0 days 00:09:52.536000,0 days 01:06:49.631000
2024-06-23 13:13:07.229,10971,308,8,100,False,0,car,0 days 00:09:52.816000,0 days 01:06:49.911000
2024-06-23 13:13:07.429,10966,308,8,100,False,0,car,0 days 00:09:53.016000,0 days 01:06:50.111000
2024-06-23 13:13:07.709,11011,309,8,100,False,0,car,0 days 00:09:53.296000,0 days 01:06:50.391000
2024-06-23 13:13:07.869,11037,309,8,100,False,0,car,0 days 00:09:53.456000,0 days 01:06:50.551000
2024-06-23 13:13:08.109,11020,309,8,100,False,0,car,0 days 00:09:53.696000,0 days 01:06:50.791000
2024-06-23 13:13:08.389,11039,311,8,100,False,0,car,0 days 00:09:53.976000,0 days 01:06:51.071000
2024-06-23 13:13:08.549,11027,311,8,100,False,0,car,0 days 00:09:54.136000,0 days 01:06:51.231000
2024-06-23 13:13:08.709,11052,310,8,100,False,0,car,0 days 00:09:54.296000,0 days 01:06:51.391000
2024-06-23 13:13:09.029,11002,309,8,100,False,0,car,0 days 00:09:54.616000,0 days 01:06:51.711000
2024-06-23 13:13:09.269,10980,309,8,100,False,0,car,0 days 00:09:54.856000,0 days 01:06:51.951000
2024-06-23 13:13:09.509,10949,308,8,100,False,0,car,0 days 00:09:55.096000,0 days 01:06:52.191000
2024-06-23 13:13:09.709,10287,308,8,41,False,0,car,0 days 00:09:55.296000,0 days 01:06:52.391000
2024-06-23 13:13:09.989,10373,296,8,0,True,0,car,0 days 00:09:55.576000,0 days 01:06:52.671000
2024-06-23 13:13:10.229,9628,282,8,0,True,0,car,0 days 00:09:55.816000,0 days 01:06:52.911000
2024-06-23 13:13:10.469,9284,264,8,0,True,0,car,0 days 00:09:56.056000,0 days 01:06:53.151000
2024-06-23 13:13:10.829,8981,216,7,0,True,0,car,0 days 00:09:56.416000,0 days 01:06:53.511000
2024-06-23 13:13:11.109,8738,200,6,0,True,0,car,0 days 00:09:56.696000,0 days 01:06:53.791000
2024-06-23 13:13:11.509,8706,172,5,0,True,0,car,0 days 00:09:57.096000,0 days 01:06:54.191000
2024-06-23 13:13:11.909,9331,156,4,0,True,0,car,0 days 00:09:57.496000,0 days 01:06:54.591000
2024-06-23 13:13:12.149,9077,146,4,0,True,0,car,0 days 00:09:57.736000,0 days 01:06:54.831000
2024-06-23 13:13:12.309,8778,146,4,0,True,0,car,0 days 00:09:57.896000,0 days 01:06:54.991000
2024-06-23 13:13:12.629,8628,136,4,0,True,0,car,0 days 00:09:58.216000,0 days 01:06:55.311000
2024-06-23 13:13:12.949,8403,133,4,16,False,0,car,0 days 00:09:58.536000,0 days 01:06:55.631000
2024-06-23 13:13:13.109,8536,132,4,25,False,0,car,0 days 00:09:58.696000,0 days 01:06:55.791000
2024-06-23 13:13:13.269,8508,132,4,43,False,0,car,0 days 00:09:58.856000,0 days 01:06:55.951000
2024-06-23 13:13:13.469,8863,134,4,57,False,0,car,0 days 00:09:59.056000,0 days 01:06:56.151000
2024-06-23 13:13:13.789,9124,139,4,67,False,0,car,0 days 00:09:59.376000,0 days 01:06:56.471000
2024-06-23 13:13:14.150,9599,148,4,73,False,0,car,0 days 00:09:59.737000,0 days 01:06:56.832000
2024-06-23 13:13:14.309,9802,151,4,73,False,0,car,0 days 00:09:59.896000,0 days 01:06:56.991000
2024-06-23 13:13:14.469,9102,157,4,65,False,0,car,0 days 00:10:00.056000,0 days 01:06:57.151000
2024-06-23 13:13:14.669,8650,159,5,64,False,0,car,0 days 00:10:00.256000,0 days 01:06:57.351000
2024-06-23 13:13:14.869,8726,163,5,49,False,0,car,0 days 00:10:00.456000,0 days 01:06:57.551000
2024-06-23 13:13:15.189,8584,160,5,41,False,0,car,0 days 00:10:00.776000,0 days 01:06:57.871000
2024-06-23 13:13:15.509,8854,163,5,60,False,0,car,0 days 00:10:01.096000,0 days 01:06:58.191000
2024-06-23 13:13:15.749,8992,166,5,71,False,0,car,0 days 00:10:01.336000,0 days 01:06:58.431000
2024-06-23 13:13:15.989,9390,169,5,80,False,0,car,0 days 00:10:01.576000,0 days 01:06:58.671000
2024-06-23 13:13:16.149,9428,174,5,84,False,0,car,0 days 00:10:01.736000,0 days 01:06:58.831000
2024-06-23 13:13:16.469,9962,182,5,100,False,0,car,0 days 00:10:02.056000,0 days 01:06:59.151000
2024-06-23 13:13:16.869,10501,195,5,100,False,0,car,0 days 00:10:02.456000,0 days 01:06:59.551000
2024-06-23 13:13:17.229,10890,203,5,73,False,0,car,0 days 00:10:02.816000,0 days 01:06:59.911000
2024-06-23 13:13:17.509,10865,205,5,56,False,0,car,0 days 00:10:03.096000,0 days 01:07:00.191000
2024-06-23 13:13:17.869,10938,205,5,60,False,0,car,0 days 00:10:03.456000,0 days 01:07:00.551000
2024-06-23 13:13:18.149,10945,205,5,60,False,0,car,0 days 00:10:03.736000,0 days 01:07:00.831000
2024-06-23 13:13:18.469,10888,206,5,57,False,0,car,0 days 00:10:04.056000,0 days 01:07:01.151000
2024-06-23 13:13:18.749,10646,200,5,0,False,0,car,0 days 00:10:04.336000,0 days 01:07:01.431000
2024-06-23 13:13:19.149,10317,194,5,43,False,0,car,0 days 00:10:04.736000,0 days 01:07:01.831000
2024-06-23 13:13:19.349,10330,193,5,58,False,0,car,0 days 00:10:04.936000,0 days 01:07:02.031000
2024-06-23 13:13:19.509,10346,193,5,62,False,0,car,0 days 00:10:05.096000,0 days 01:07:02.191000
2024-06-23 13:13:19.989,10792,197,5,84,False,0,car,0 days 00:10:05.576000,0 days 01:07:02.671000
2024-06-23 13:13:20.189,10932,200,5,83,False,0,car,0 days 00:10:05.776000,0 days 01:07:02.871000
2024-06-23 13:13:20.549,11398,210,5,100,False,0,car,0 days 00:10:06.136000,0 days 01:07:03.231000
2024-06-23 13:13:20.989,10758,219,5,100,False,0,car,0 days 00:10:06.576000,0 days 01:07:03.671000
2024-06-23 13:13:21.309,10553,224,6,100,False,0,car,0 days 00:10:06.896000,0 days 01:07:03.991000
2024-06-23 13:13:21.469,10585,229,6,100,False,0,car,0 days 00:10:07.056000,0 days 01:07:04.151000
2024-06-23 13:13:21.789,10924,234,6,100,False,0,car,0 days 00:10:07.376000,0 days 01:07:04.471000
2024-06-23 13:13:22.189,11182,240,6,100,False,0,car,0 days 00:10:07.776000,0 days 01:07:04.871000
2024-06-23 13:13:22.389,11246,245,6,100,False,0,car,0 days 00:10:07.976000,0 days 01:07:05.071000
2024-06-23 13:13:22.709,11514,249,6,100,False,0,car,0 days 00:10:08.296000,0 days 01:07:05.391000
2024-06-23 13:13:23.069,11696,255,6,100,False,0,car,0 days 00:10:08.656000,0 days 01:07:05.751000
2024-06-23 13:13:23.469,10362,260,6,100,False,0,car,0 days 00:10:09.056000,0 days 01:07:06.151000
2024-06-23 13:13:23.709,10638,263,7,100,False,0,car,0 days 00:10:09.296000,0 days 01:07:06.391000
2024-06-23 13:13:24.069,10738,267,7,100,False,0,car,0 days 00:10:09.656000,0 days 01:07:06.751000
2024-06-23 13:13:24.349,10845,270,7,100,False,0,car,0 days 00:10:09.936000,0 days 01:07:07.031000
2024-06-23 13:13:24.709,10979,273,7,100,False,0,car,0 days 00:10:10.296000,0 days 01:07:07.391000
2024-06-23 13:13:24.869,11006,274,7,100,False,0,car,0 days 00:10:10.456000,0 days 01:07:07.551000
2024-06-23 13:13:25.069,11022,276,7,100,False,0,car,0 days 00:10:10.656000,0 days 01:07:07.751000
2024-06-23 13:13:25.309,11060,276,7,100,False,0,car,0 days 00:10:10.896000,0 days 01:07:07.991000
2024-06-23 13:13:25.509,10759,276,7,100,False,0,car,0 days 00:10:11.096000,0 days 01:07:08.191000
2024-06-23 13:13:25.709,10255,271,7,0,True,0,car,0 days 00:10:11.296000,0 days 01:07:08.391000
2024-06-23 13:13:25.909,9792,252,7,0,True,0,car,0 days 00:10:11.496000,0 days 01:07:08.591000
2024-06-23 13:13:26.069,8987,228,7,0,True,0,car,0 days 00:10:11.656000,0 days 01:07:08.751000
2024-06-23 13:13:26.269,9337,207,6,0,True,0,car,0 days 00:10:11.856000,0 days 01:07:08.951000
2024-06-23 13:13:26.549,9678,187,5,0,True,0,car,0 days 00:10:12.136000,0 days 01:07:09.231000
2024-06-23 13:13:26.909,9812,181,5,0,True,0,car,0 days 00:10:12.496000,0 days 01:07:09.591000
2024-06-23 13:13:27.109,9606,165,4,0,True,0,car,0 days 00:10:12.696000,0 days 01:07:09.791000
2024-06-23 13:13:27.270,9487,155,4,0,True,0,car,0 days 00:10:12.857000,0 days 01:07:09.952000
2024-06-23 13:13:27.590,9016,147,4,0,True,0,car,0 days 00:10:13.177000,0 days 01:07:10.272000
2024-06-23 13:13:27.749,8856,143,4,0,True,0,car,0 days 00:10:13.336000,0 days 01:07:10.431000
2024-06-23 13:13:27.989,8445,139,4,0,True,0,car,0 days 00:10:13.576000,0 days 01:07:10.671000
2024-06-23 13:13:28.189,8233,134,4,0,True,0,car,0 days 00:10:13.776000,0 days 01:07:10.871000
2024-06-23 13:13:28.389,8132,131,4,0,False,0,car,0 days 00:10:13.976000,0 days 01:07:11.071000
2024-06-23 13:13:28.589,8103,129,4,0,False,0,car,0 days 00:10:14.176000,0 days 01:07:11.271000
2024-06-23 13:13:28.829,7847,126,4,0,False,0,car,0 days 00:10:14.416000,0 days 01:07:11.511000
2024-06-23 13:13:29.109,8041,123,4,12,False,0,car,0 days 00:10:14.696000,0 days 01:07:11.791000
2024-06-23 13:13:29.349,7781,122,4,42,False,0,car,0 days 00:10:14.936000,0 days 01:07:12.031000
2024-06-23 13:13:29.749,8242,126,4,54,False,0,car,0 days 00:10:15.336000,0 days 01:07:12.431000
2024-06-23 13:13:30.029,8541,129,4,55,False,0,car,0 days 00:10:15.616000,0 days 01:07:12.711000
2024-06-23 13:13:30.469,9023,140,4,69,False,0,car,0 days 00:10:16.056000,0 days 01:07:13.151000
2024-06-23 13:13:30.709,9631,145,4,74,False,0,car,0 days 00:10:16.296000,0 days 01:07:13.391000
2024-06-23 13:13:31.069,10150,156,4,81,False,0,car,0 days 00:10:16.656000,0 days 01:07:13.751000
2024-06-23 13:13:31.229,10600,159,4,84,False,0,car,0 days 00:10:16.816000,0 days 01:07:13.911000
2024-06-23 13:13:31.549,10600,169,4,87,False,0,car,0 days 00:10:17.136000,0 days 01:07:14.231000
2024-06-23 13:13:31.749,11463,180,4,100,False,0,car,0 days 00:10:17.336000,0 days 01:07:14.431000
2024-06-23 13:13:32.109,10419,189,5,100,False,0,car,0 days 00:10:17.696000,0 days 01:07:14.791000
2024-06-23 13:13:32.269,10605,195,5,100,False,0,car,0 days 00:10:17.856000,0 days 01:07:14.951000
2024-06-23 13:13:32.669,11010,206,5,100,False,0,car,0 days 00:10:18.256000,0 days 01:07:15.351000
2024-06-23 13:13:33.109,11723,217,5,100,False,0,car,0 days 00:10:18.696000,0 days 01:07:15.791000
2024-06-23 13:13:33.309,10743,221,5,100,False,0,car,0 days 00:10:18.896000,0 days 01:07:15.991000
2024-06-23 13:13:33.589,10451,227,6,100,False,0,car,0 days 00:10:19.176000,0 days 01:07:16.271000
2024-06-23 13:13:33.870,10611,231,6,100,False,0,car,0 days 00:10:19.457000,0 days 01:07:16.552000
2024-06-23 13:13:34.070,10685,233,6,100,False,0,car,0 days 00:10:19.657000,0 days 01:07:16.752000
2024-06-23 13:13:34.429,9803,215,6,0,True,0,car,0 days 00:10:20.016000,0 days 01:07:17.111000
2024-06-23 13:13:34.789,9370,187,6,0,True,0,car,0 days 00:10:20.376000,0 days 01:07:17.471000
2024-06-23 13:13:34.949,8857,171,5,0,True,0,car,0 days 00:10:20.536000,0 days 01:07:17.631000
2024-06-23 13:13:35.109,9572,164,5,0,True,0,car,0 days 00:10:20.696000,0 days 01:07:17.791000
2024-06-23 13:13:35.549,9029,144,3,0,True,0,car,0 days 00:10:21.136000,0 days 01:07:18.231000
2024-06-23 13:13:35.749,9190,128,3,0,True,0,car,0 days 00:10:21.336000,0 days 01:07:18.431000
2024-06-23 13:13:36.109,8479,119,3,0,True,0,car,0 days 00:10:21.696000,0 days 01:07:18.791000
2024-06-23 13:13:36.309,8017,115,3,0,True,0,car,0 days 00:10:21.896000,0 days 01:07:18.991000
2024-06-23 13:13:36.629,7656,106,3,0,True,0,car,0 days 00:10:22.216000,0 days 01:07:19.311000
2024-06-23 13:13:36.949,7370,101,3,0,True,0,car,0 days 00:10:22.536000,0 days 01:07:19.631000
2024-06-23 13:13:37.429,6774,92,3,0,False,0,car,0 days 00:10:23.016000,0 days 01:07:20.111000
2024-06-23 13:13:37.709,6965,91,3,12,False,0,car,0 days 00:10:23.296000,0 days 01:07:20.391000
2024-06-23 13:13:38.029,7142,92,3,24,False,0,car,0 days 00:10:23.616000,0 days 01:07:20.711000
2024-06-23 13:13:38.429,7501,96,3,34,False,0,car,0 days 00:10:24.016000,0 days 01:07:21.111000
2024-06-23 13:13:38.709,8007,100,3,45,False,0,car,0 days 00:10:24.296000,0 days 01:07:21.391000
2024-06-23 13:13:38.869,8021,104,3,51,False,0,car,0 days 00:10:24.456000,0 days 01:07:21.551000
2024-06-23 13:13:39.149,8782,111,3,60,False,0,car,0 days 00:10:24.736000,0 days 01:07:21.831000
2024-06-23 13:13:39.349,9296,118,3,68,False,0,car,0 days 00:10:24.936000,0 days 01:07:22.031000
2024-06-23 13:13:39.709,10530,129,3,84,False,0,car,0 days 00:10:25.296000,0 days 01:07:22.391000
2024-06-23 13:13:39.909,10415,138,3,85,False,0,car,0 days 00:10:25.496000,0 days 01:07:22.591000
2024-06-23 13:13:40.149,10209,151,4,100,False,0,car,0 days 00:10:25.736000,0 days 01:07:22.831000
2024-06-23 13:13:40.309,10543,151,4,100,False,0,car,0 days 00:10:25.896000,0 days 01:07:22.991000
2024-06-23 13:13:40.910,11381,182,4,100,False,0,car,0 days 00:10:26.497000,0 days 01:07:23.592000
2024-06-23 13:13:41.109,10277,189,4,100,False,0,car,0 days 00:10:26.696000,0 days 01:07:23.791000
2024-06-23 13:13:41.349,10648,200,5,100,False,0,car,0 days 00:10:26.936000,0 days 01:07:24.031000
2024-06-23 13:13:41.749,11375,213,5,100,False,0,car,0 days 00:10:27.336000,0 days 01:07:24.431000
2024-06-23 13:13:42.029,11806,218,5,100,False,0,car,0 days 00:10:27.616000,0 days 01:07:24.711000
2024-06-23 13:13:42.189,11923,223,5,100,False,0,car,0 days 00:10:27.776000,0 days 01:07:24.871000
2024-06-23 13:13:42.349,11363,226,6,100,False,0,car,0 days 00:10:27.936000,0 days 01:07:25.031000
2024-06-23 13:13:43.389,11381,246,6,100,False,0,car,0 days 00:10:28.976000,0 days 01:07:26.071000
2024-06-23 13:13:43.549,11381,249,6,100,False,0,car,0 days 00:10:29.136000,0 days 01:07:26.231000
2024-06-23 13:13:43.829,11042,249,6,100,True,0,car,0 days 00:10:29.416000,0 days 01:07:26.511000
2024-06-23 13:13:44.029,10434,232,6,0,True,0,car,0 days 00:10:29.616000,0 days 01:07:26.711000
2024-06-23 13:13:44.229,9481,210,6,0,True,0,car,0 days 00:10:29.816000,0 days 01:07:26.911000
2024-06-23 13:13:44.429,9957,192,6,0,True,0,car,0 days 00:10:30.016000,0 days 01:07:27.111000
2024-06-23 13:13:44.869,9494,163,5,0,True,0,car,0 days 00:10:30.456000,0 days 01:07:27.551000
2024-06-23 13:13:45.029,9323,153,4,0,True,0,car,0 days 00:10:30.616000,0 days 01:07:27.711000
2024-06-23 13:13:45.309,8917,147,4,0,True,0,car,0 days 00:10:30.896000,0 days 01:07:27.991000
2024-06-23 13:13:45.589,8668,141,4,0,True,0,car,0 days 00:10:31.176000,0 days 01:07:28.271000
2024-06-23 13:13:45.829,8465,137,4,0,False,0,car,0 days 00:10:31.416000,0 days 01:07:28.511000
2024-06-23 13:13:46.109,8240,134,4,4,False,0,car,0 days 00:10:31.696000,0 days 01:07:28.791000
2024-06-23 13:13:46.269,8250,132,4,9,False,0,car,0 days 00:10:31.856000,0 days 01:07:28.951000
2024-06-23 13:13:46.549,8275,129,4,32,False,0,car,0 days 00:10:32.136000,0 days 01:07:29.231000
2024-06-23 13:13:46.789,8426,130,4,48,False,0,car,0 days 00:10:32.376000,0 days 01:07:29.471000
2024-06-23 13:13:47.110,8745,134,4,59,False,0,car,0 days 00:10:32.697000,0 days 01:07:29.792000
2024-06-23 13:13:47.350,9294,140,4,76,False,0,car,0 days 00:10:32.937000,0 days 01:07:30.032000
2024-06-23 13:13:47.550,9243,147,4,78,False,0,car,0 days 00:10:33.137000,0 days 01:07:30.232000
2024-06-23 13:13:47.909,10866,159,4,100,False,0,car,0 days 00:10:33.496000,0 days 01:07:30.591000
2024-06-23 13:13:48.149,11342,172,4,100,False,0,car,0 days 00:10:33.736000,0 days 01:07:30.831000
2024-06-23 13:13:48.309,11070,172,4,100,False,0,car,0 days 00:10:33.896000,0 days 01:07:30.991000
2024-06-23 13:13:48.509,10116,181,5,100,False,0,car,0 days 00:10:34.096000,0 days 01:07:31.191000
2024-06-23 13:13:48.749,10496,190,5,100,False,0,car,0 days 00:10:34.336000,0 days 01:07:31.431000
2024-06-23 13:13:49.109,10919,199,5,100,False,0,car,0 days 00:10:34.696000,0 days 01:07:31.791000
2024-06-23 13:13:49.389,11285,206,5,100,False,0,car,0 days 00:10:34.976000,0 days 01:07:32.071000
2024-06-23 13:13:49.629,11509,215,5,100,False,0,car,0 days 00:10:35.216000,0 days 01:07:32.311000
2024-06-23 13:13:50.069,11181,225,5,100,False,0,car,0 days 00:10:35.656000,0 days 01:07:32.751000
2024-06-23 13:13:50.269,10771,228,6,100,False,0,car,0 days 00:10:35.856000,0 days 01:07:32.951000
2024-06-23 13:13:50.589,10850,234,6,100,False,0,car,0 days 00:10:36.176000,0 days 01:07:33.271000
2024-06-23 13:13:50.949,10997,240,6,100,False,0,car,0 days 00:10:36.536000,0 days 01:07:33.631000
2024-06-23 13:13:51.309,10825,242,6,93,False,0,car,0 days 00:10:36.896000,0 days 01:07:33.991000
2024-06-23 13:13:51.509,10789,238,6,0,False,0,car,0 days 00:10:37.096000,0 days 01:07:34.191000
2024-06-23 13:13:51.829,10208,228,6,0,False,0,car,0 days 00:10:37.416000,0 days 01:07:34.511000
2024-06-23 13:13:51.989,10297,226,6,0,False,0,car,0 days 00:10:37.576000,0 days 01:07:34.671000
2024-06-23 13:13:52.229,10202,221,6,0,False,0,car,0 days 00:10:37.816000,0 days 01:07:34.911000
2024-06-23 13:13:52.469,10015,217,6,48,False,0,car,0 days 00:10:38.056000,0 days 01:07:35.151000
2024-06-23 13:13:52.869,9904,213,6,62,False,0,car,0 days 00:10:38.456000,0 days 01:07:35.551000
2024-06-23 13:13:53.109,9957,214,6,62,False,0,car,0 days 00:10:38.696000,0 days 01:07:35.791000
2024-06-23 13:13:53.389,10162,216,6,100,False,0,car,0 days 00:10:38.976000,0 days 01:07:36.071000
2024-06-23 13:13:53.750,10411,222,6,100,False,0,car,0 days 00:10:39.337000,0 days 01:07:36.432000
2024-06-23 13:13:53.950,10522,226,6,100,False,0,car,0 days 00:10:39.537000,0 days 01:07:36.632000
2024-06-23 13:13:54.190,10804,229,6,100,False,0,car,0 days 00:10:39.777000,0 days 01:07:36.872000
2024-06-23 13:13:54.390,10954,234,6,100,False,0,car,0 days 00:10:39.977000,0 days 01:07:37.072000
2024-06-23 13:13:54.550,10975,238,6,100,False,0,car,0 days 00:10:40.137000,0 days 01:07:37.232000
2024-06-23 13:13:54.749,11157,240,6,100,False,0,car,0 days 00:10:40.336000,0 days 01:07:37.431000
2024-06-23 13:13:55.069,11349,246,6,100,False,0,car,0 days 00:10:40.656000,0 days 01:07:37.751000
2024-06-23 13:13:55.389,11645,252,6,100,False,0,car,0 days 00:10:40.976000,0 days 01:07:38.071000
2024-06-23 13:13:55.629,11767,257,6,100,False,0,car,0 days 00:10:41.216000,0 days 01:07:38.311000
2024-06-23 13:13:55.869,11234,261,6,100,False,0,car,0 days 00:10:41.456000,0 days 01:07:38.551000
2024-06-23 13:13:56.029,10814,262,7,100,False,0,car,0 days 00:10:41.616000,0 days 01:07:38.711000
2024-06-23 13:13:56.189,10691,264,7,100,False,0,car,0 days 00:10:41.776000,0 days 01:07:38.871000
2024-06-23 13:13:56.509,10813,267,7,100,False,0,car,0 days 00:10:42.096000,0 days 01:07:39.191000
2024-06-23 13:13:56.709,10862,270,7,100,False,0,car,0 days 00:10:42.296000,0 days 01:07:39.391000
2024-06-23 13:13:56.909,10976,273,7,100,False,0,car,0 days 00:10:42.496000,0 days 01:07:39.591000
2024-06-23 13:13:57.149,11081,276,7,100,False,0,car,0 days 00:10:42.736000,0 days 01:07:39.831000
2024-06-23 13:13:57.309,11156,276,7,100,False,0,car,0 days 00:10:42.896000,0 days 01:07:39.991000
2024-06-23 13:13:57.589,11284,280,7,100,False,0,car,0 days 00:10:43.176000,0 days 01:07:40.271000
2024-06-23 13:13:57.829,11347,284,7,100,False,0,car,0 days 00:10:43.416000,0 days 01:07:40.511000
2024-06-23 13:13:58.029,11386,284,7,100,False,0,car,0 days 00:10:43.616000,0 days 01:07:40.711000
2024-06-23 13:13:58.389,11431,285,7,100,False,0,car,0 days 00:10:43.976000,0 days 01:07:41.071000
2024-06-23 13:13:58.709,11482,288,7,100,True,0,car,0 days 00:10:44.296000,0 days 01:07:41.391000
2024-06-23 13:13:58.949,11669,270,7,0,True,0,car,0 days 00:10:44.536000,0 days 01:07:41.631000
2024-06-23 13:13:59.149,10829,251,7,0,True,0,car,0 days 00:10:44.736000,0 days 01:07:41.831000
2024-06-23 13:13:59.549,8905,216,7,0,True,0,car,0 days 00:10:45.136000,0 days 01:07:42.231000
2024-06-23 13:13:59.829,8732,200,7,0,True,0,car,0 days 00:10:45.416000,0 days 01:07:42.511000
2024-06-23 13:14:00.150,9205,169,5,0,True,0,car,0 days 00:10:45.737000,0 days 01:07:42.832000
2024-06-23 13:14:00.430,9088,155,5,0,True,0,car,0 days 00:10:46.017000,0 days 01:07:43.112000
2024-06-23 13:14:00.590,8854,144,4,0,True,0,car,0 days 00:10:46.177000,0 days 01:07:43.272000
2024-06-23 13:14:00.790,8447,135,4,0,True,0,car,0 days 00:10:46.377000,0 days 01:07:43.472000
2024-06-23 13:14:01.110,9034,126,3,0,True,0,car,0 days 00:10:46.697000,0 days 01:07:43.792000
2024-06-23 13:14:01.389,8550,119,3,0,True,0,car,0 days 00:10:46.976000,0 days 01:07:44.071000
2024-06-23 13:14:01.629,8370,114,3,0,True,0,car,0 days 00:10:47.216000,0 days 01:07:44.311000
2024-06-23 13:14:01.949,7865,107,3,0,True,0,car,0 days 00:10:47.536000,0 days 01:07:44.631000
2024-06-23 13:14:02.149,7788,105,3,0,True,0,car,0 days 00:10:47.736000,0 days 01:07:44.831000
2024-06-23 13:14:02.509,7434,101,3,0,True,0,car,0 days 00:10:48.096000,0 days 01:07:45.191000
2024-06-23 13:14:02.949,7178,96,3,5,False,0,car,0 days 00:10:48.536000,0 days 01:07:45.631000
2024-06-23 13:14:03.149,7436,95,3,27,False,0,car,0 days 00:10:48.736000,0 days 01:07:45.831000
2024-06-23 13:14:03.309,7221,95,3,27,False,0,car,0 days 00:10:48.896000,0 days 01:07:45.991000
2024-06-23 13:14:03.629,7758,98,3,37,False,0,car,0 days 00:10:49.216000,0 days 01:07:46.311000
2024-06-23 13:14:03.949,7948,103,3,48,False,0,car,0 days 00:10:49.536000,0 days 01:07:46.631000
2024-06-23 13:14:04.189,8307,106,3,52,False,0,car,0 days 00:10:49.776000,0 days 01:07:46.871000
2024-06-23 13:14:04.349,8601,111,3,58,False,0,car,0 days 00:10:49.936000,0 days 01:07:47.031000
2024-06-23 13:14:04.749,8994,121,3,61,False,0,car,0 days 00:10:50.336000,0 days 01:07:47.431000
2024-06-23 13:14:05.029,10114,127,3,73,False,0,car,0 days 00:10:50.616000,0 days 01:07:47.711000
2024-06-23 13:14:05.389,10644,141,3,78,False,0,car,0 days 00:10:50.976000,0 days 01:07:48.071000
2024-06-23 13:14:05.549,9576,148,4,78,False,0,car,0 days 00:10:51.136000,0 days 01:07:48.231000
2024-06-23 13:14:05.709,10100,151,4,85,False,0,car,0 days 00:10:51.296000,0 days 01:07:48.391000
2024-06-23 13:14:06.029,10619,165,4,87,False,0,car,0 days 00:10:51.616000,0 days 01:07:48.711000
2024-06-23 13:14:06.469,11240,178,4,96,False,0,car,0 days 00:10:52.056000,0 days 01:07:49.151000
2024-06-23 13:14:06.830,10403,191,4,100,False,0,car,0 days 00:10:52.417000,0 days 01:07:49.512000
2024-06-23 13:14:07.230,10221,188,5,0,True,0,car,0 days 00:10:52.817000,0 days 01:07:49.912000
2024-06-23 13:14:07.390,9280,181,5,0,True,0,car,0 days 00:10:52.977000,0 days 01:07:50.072000
2024-06-23 13:14:07.670,10087,166,5,0,True,0,car,0 days 00:10:53.257000,0 days 01:07:50.352000
2024-06-23 13:14:07.910,9230,156,4,0,True,0,car,0 days 00:10:53.497000,0 days 01:07:50.592000
2024-06-23 13:14:08.069,8972,147,4,0,True,0,car,0 days 00:10:53.656000,0 days 01:07:50.751000
2024-06-23 13:14:08.229,8634,143,4,0,True,0,car,0 days 00:10:53.816000,0 days 01:07:50.911000
2024-06-23 13:14:08.389,8494,137,4,0,True,0,car,0 days 00:10:53.976000,0 days 01:07:51.071000
2024-06-23 13:14:08.629,7947,132,4,0,True,0,car,0 days 00:10:54.216000,0 days 01:07:51.311000
2024-06-23 13:14:08.909,7454,124,4,0,True,0,car,0 days 00:10:54.496000,0 days 01:07:51.591000
2024-06-23 13:14:09.269,7200,115,4,0,True,0,car,0 days 00:10:54.856000,0 days 01:07:51.951000
2024-06-23 13:14:09.509,6832,112,4,0,True,0,car,0 days 00:10:55.096000,0 days 01:07:52.191000
2024-06-23 13:14:09.749,6419,108,4,0,True,0,car,0 days 00:10:55.336000,0 days 01:07:52.431000
2024-06-23 13:14:10.149,6281,101,4,20,False,0,car,0 days 00:10:55.736000,0 days 01:07:52.831000
2024-06-23 13:14:10.309,6664,101,4,32,False,0,car,0 days 00:10:55.896000,0 days 01:07:52.991000
2024-06-23 13:14:10.469,6730,103,4,39,False,0,car,0 days 00:10:56.056000,0 days 01:07:53.151000
2024-06-23 13:14:10.709,6999,105,4,41,False,0,car,0 days 00:10:56.296000,0 days 01:07:53.391000
2024-06-23 13:14:10.949,7054,109,4,42,False,0,car,0 days 00:10:56.536000,0 days 01:07:53.631000
2024-06-23 13:14:11.149,7330,111,4,50,False,0,car,0 days 00:10:56.736000,0 days 01:07:53.831000
2024-06-23 13:14:11.469,7727,118,4,59,False,0,car,0 days 00:10:57.056000,0 days 01:07:54.151000
2024-06-23 13:14:11.669,8066,123,4,65,False,0,car,0 days 00:10:57.256000,0 days 01:07:54.351000
2024-06-23 13:14:11.949,8834,131,4,73,False,0,car,0 days 00:10:57.536000,0 days 01:07:54.631000
2024-06-23 13:14:12.109,9220,134,4,73,False,0,car,0 days 00:10:57.696000,0 days 01:07:54.791000
2024-06-23 13:14:12.309,9252,139,4,78,False,0,car,0 days 00:10:57.896000,0 days 01:07:54.991000
2024-06-23 13:14:12.629,10194,150,4,87,False,0,car,0 days 00:10:58.216000,0 days 01:07:55.311000
2024-06-23 13:14:12.789,10593,157,4,90,False,0,car,0 days 00:10:58.376000,0 days 01:07:55.471000
2024-06-23 13:14:12.989,11033,165,4,100,False,0,car,0 days 00:10:58.576000,0 days 01:07:55.671000
2024-06-23 13:14:13.230,11606,173,4,100,False,0,car,0 days 00:10:58.817000,0 days 01:07:55.912000
2024-06-23 13:14:13.630,10513,191,5,100,False,0,car,0 days 00:10:59.217000,0 days 01:07:56.312000
2024-06-23 13:14:14.030,11025,203,5,100,False,0,car,0 days 00:10:59.617000,0 days 01:07:56.712000
2024-06-23 13:14:14.310,11385,209,5,100,False,0,car,0 days 00:10:59.897000,0 days 01:07:56.992000
2024-06-23 13:14:14.510,10405,215,5,100,False,0,car,0 days 00:11:00.097000,0 days 01:07:57.192000
2024-06-23 13:14:14.869,10438,225,6,100,False,0,car,0 days 00:11:00.456000,0 days 01:07:57.551000
2024-06-23 13:14:15.029,10655,227,6,100,False,0,car,0 days 00:11:00.616000,0 days 01:07:57.711000
2024-06-23 13:14:15.269,10673,232,6,84,False,0,car,0 days 00:11:00.856000,0 days 01:07:57.951000
2024-06-23 13:14:15.429,10792,234,6,84,False,0,car,0 days 00:11:01.016000,0 days 01:07:58.111000
2024-06-23 13:14:15.589,10789,234,6,81,False,0,car,0 days 00:11:01.176000,0 days 01:07:58.271000
2024-06-23 13:14:15.949,11019,237,6,84,False,0,car,0 days 00:11:01.536000,0 days 01:07:58.631000
2024-06-23 13:14:16.309,11116,240,6,100,False,0,car,0 days 00:11:01.896000,0 days 01:07:58.991000
2024-06-23 13:14:16.629,11209,242,6,86,False,0,car,0 days 00:11:02.216000,0 days 01:07:59.311000
2024-06-23 13:14:16.909,11402,244,6,100,False,0,car,0 days 00:11:02.496000,0 days 01:07:59.591000
2024-06-23 13:14:17.149,11486,249,6,100,False,0,car,0 days 00:11:02.736000,0 days 01:07:59.831000
2024-06-23 13:14:17.349,11582,253,6,100,False,0,car,0 days 00:11:02.936000,0 days 01:08:00.031000
2024-06-23 13:14:17.549,11653,255,6,100,False,0,car,0 days 00:11:03.136000,0 days 01:08:00.231000
2024-06-23 13:14:17.869,10344,258,7,100,False,0,car,0 days 00:11:03.456000,0 days 01:08:00.551000
2024-06-23 13:14:18.029,10516,259,7,100,False,0,car,0 days 00:11:03.616000,0 days 01:08:00.711000
2024-06-23 13:14:18.349,9798,260,7,8,True,0,car,0 days 00:11:03.936000,0 days 01:08:01.031000
2024-06-23 13:14:18.709,10019,245,7,0,True,0,car,0 days 00:11:04.296000,0 days 01:08:01.391000
2024-06-23 13:14:18.949,10536,235,6,0,True,0,car,0 days 00:11:04.536000,0 days 01:08:01.631000
2024-06-23 13:14:19.189,10533,232,6,0,False,0,car,0 days 00:11:04.776000,0 days 01:08:01.871000
2024-06-23 13:14:19.589,10475,228,6,70,False,0,car,0 days 00:11:05.176000,0 days 01:08:02.271000
2024-06-23 13:14:19.830,10483,228,6,71,False,0,car,0 days 00:11:05.417000,0 days 01:08:02.512000
2024-06-23 13:14:19.990,10527,227,6,71,False,0,car,0 days 00:11:05.577000,0 days 01:08:02.672000
2024-06-23 13:14:20.190,10741,227,6,84,False,0,car,0 days 00:11:05.777000,0 days 01:08:02.872000
2024-06-23 13:14:20.350,10728,230,6,100,False,0,car,0 days 00:11:05.937000,0 days 01:08:03.032000
2024-06-23 13:14:20.550,10812,232,6,100,False,0,car,0 days 00:11:06.137000,0 days 01:08:03.232000
2024-06-23 13:14:20.750,10918,236,6,100,False,0,car,0 days 00:11:06.337000,0 days 01:08:03.432000
2024-06-23 13:14:20.910,11058,237,6,100,False,0,car,0 days 00:11:06.497000,0 days 01:08:03.592000
2024-06-23 13:14:21.190,11179,241,6,100,False,0,car,0 days 00:11:06.777000,0 days 01:08:03.872000
2024-06-23 13:14:21.430,11303,245,6,100,False,0,car,0 days 00:11:07.017000,0 days 01:08:04.112000
2024-06-23 13:14:21.589,11406,247,6,100,False,0,car,0 days 00:11:07.176000,0 days 01:08:04.271000
2024-06-23 13:14:21.789,11558,249,6,100,False,0,car,0 days 00:11:07.376000,0 days 01:08:04.471000
2024-06-23 13:14:21.949,11639,252,6,100,False,0,car,0 days 00:11:07.536000,0 days 01:08:04.631000
2024-06-23 13:14:22.269,11730,256,6,100,False,0,car,0 days 00:11:07.856000,0 days 01:08:04.951000
2024-06-23 13:14:22.509,10556,258,7,100,False,0,car,0 days 00:11:08.096000,0 days 01:08:05.191000
2024-06-23 13:14:22.669,10428,262,7,100,False,0,car,0 days 00:11:08.256000,0 days 01:08:05.351000
2024-06-23 13:14:22.909,10610,264,7,100,False,0,car,0 days 00:11:08.496000,0 days 01:08:05.591000
2024-06-23 13:14:23.229,10828,268,7,100,False,0,car,0 days 00:11:08.816000,0 days 01:08:05.911000
2024-06-23 13:14:23.469,10903,271,7,100,False,0,car,0 days 00:11:09.056000,0 days 01:08:06.151000
2024-06-23 13:14:23.989,11142,277,7,100,False,0,car,0 days 00:11:09.576000,0 days 01:08:06.671000
2024-06-23 13:14:24.309,11228,281,7,100,False,0,car,0 days 00:11:09.896000,0 days 01:08:06.991000
2024-06-23 13:14:24.589,11378,282,7,100,False,0,car,0 days 00:11:10.176000,0 days 01:08:07.271000
2024-06-23 13:14:24.789,11437,284,7,100,False,0,car,0 days 00:11:10.376000,0 days 01:08:07.471000
2024-06-23 13:14:24.949,11445,285,7,100,False,0,car,0 days 00:11:10.536000,0 days 01:08:07.631000
2024-06-23 13:14:25.109,11488,286,7,100,False,0,car,0 days 00:11:10.696000,0 days 01:08:07.791000
2024-06-23 13:14:25.429,11569,289,7,100,False,0,car,0 days 00:11:11.016000,0 days 01:08:08.111000
2024-06-23 13:14:25.629,11611,289,7,100,False,0,car,0 days 00:11:11.216000,0 days 01:08:08.311000
2024-06-23 13:14:25.789,10771,290,7,100,False,0,car,0 days 00:11:11.376000,0 days 01:08:08.471000
2024-06-23 13:14:26.149,10529,293,8,100,False,0,car,0 days 00:11:11.736000,0 days 01:08:08.831000
2024-06-23 13:14:26.309,10548,294,8,100,False,0,car,0 days 00:11:11.896000,0 days 01:08:08.991000
2024-06-23 13:14:26.670,10574,296,8,100,False,0,car,0 days 00:11:12.257000,0 days 01:08:09.352000
2024-06-23 13:14:26.910,10597,298,8,100,False,0,car,0 days 00:11:12.497000,0 days 01:08:09.592000
2024-06-23 13:14:27.070,10635,298,8,100,False,0,car,0 days 00:11:12.657000,0 days 01:08:09.752000
2024-06-23 13:14:27.230,10649,299,8,100,False,0,car,0 days 00:11:12.817000,0 days 01:08:09.912000
2024-06-23 13:14:27.510,10718,300,8,100,False,0,car,0 days 00:11:13.097000,0 days 01:08:10.192000
2024-06-23 13:14:27.910,10802,302,8,100,False,0,car,0 days 00:11:13.497000,0 days 01:08:10.592000
2024-06-23 13:14:28.190,10853,304,8,100,False,0,car,0 days 00:11:13.777000,0 days 01:08:10.872000
2024-06-23 13:14:28.549,10870,305,8,100,False,0,car,0 days 00:11:14.136000,0 days 01:08:11.231000
2024-06-23 13:14:28.749,10882,305,8,100,False,0,car,0 days 00:11:14.336000,0 days 01:08:11.431000
2024-06-23 13:14:28.949,10900,306,8,100,False,0,car,0 days 00:11:14.536000,0 days 01:08:11.631000
2024-06-23 13:14:29.349,10933,306,8,100,False,0,car,0 days 00:11:14.936000,0 days 01:08:12.031000
2024-06-23 13:14:29.509,10960,307,8,100,False,0,car,0 days 00:11:15.096000,0 days 01:08:12.191000
2024-06-23 13:14:29.709,10964,307,8,100,False,0,car,0 days 00:11:15.296000,0 days 01:08:12.391000
2024-06-23 13:14:29.949,10949,308,8,100,False,0,car,0 days 00:11:15.536000,0 days 01:08:12.631000
2024-06-23 13:14:30.389,10995,307,8,100,False,0,car,0 days 00:11:15.976000,0 days 01:08:13.071000
2024-06-23 13:14:30.589,10979,309,8,100,False,0,car,0 days 00:11:16.176000,0 days 01:08:13.271000
2024-06-23 13:14:30.949,10998,309,8,100,False,0,car,0 days 00:11:16.536000,0 days 01:08:13.631000
2024-06-23 13:14:31.109,10994,309,8,100,False,0,car,0 days 00:11:16.696000,0 days 01:08:13.791000
2024-06-23 13:14:31.469,10927,310,8,100,False,0,car,0 days 00:11:17.056000,0 days 01:08:14.151000
2024-06-23 13:14:31.749,10913,307,8,100,False,0,car,0 days 00:11:17.336000,0 days 01:08:14.431000
2024-06-23 13:14:31.949,10920,306,8,100,False,0,car,0 days 00:11:17.536000,0 days 01:08:14.631000
2024-06-23 13:14:32.309,10840,305,8,100,False,0,car,0 days 00:11:17.896000,0 days 01:08:14.991000
2024-06-23 13:14:32.629,10266,298,8,0,True,0,car,0 days 00:11:18.216000,0 days 01:08:15.311000
2024-06-23 13:14:32.990,9605,277,8,0,True,0,car,0 days 00:11:18.577000,0 days 01:08:15.672000
2024-06-23 13:14:33.230,8389,239,8,0,True,0,car,0 days 00:11:18.817000,0 days 01:08:15.912000
2024-06-23 13:14:33.470,8518,219,7,0,True,0,car,0 days 00:11:19.057000,0 days 01:08:16.152000
2024-06-23 13:14:33.710,8606,200,7,0,True,0,car,0 days 00:11:19.297000,0 days 01:08:16.392000
2024-06-23 13:14:33.990,9027,175,6,0,True,0,car,0 days 00:11:19.577000,0 days 01:08:16.672000
2024-06-23 13:14:34.230,9660,159,5,0,True,0,car,0 days 00:11:19.817000,0 days 01:08:16.912000
2024-06-23 13:14:34.430,9240,153,4,0,True,0,car,0 days 00:11:20.017000,0 days 01:08:17.112000
2024-06-23 13:14:34.590,9100,150,4,0,True,0,car,0 days 00:11:20.177000,0 days 01:08:17.272000
2024-06-23 13:14:34.750,9060,146,4,0,True,0,car,0 days 00:11:20.337000,0 days 01:08:17.432000
2024-06-23 13:14:35.029,8672,139,4,0,True,0,car,0 days 00:11:20.616000,0 days 01:08:17.711000
2024-06-23 13:14:35.349,8410,135,4,0,False,0,car,0 days 00:11:20.936000,0 days 01:08:18.031000
2024-06-23 13:14:35.669,8346,131,4,23,False,0,car,0 days 00:11:21.256000,0 days 01:08:18.351000
2024-06-23 13:14:35.949,8485,131,4,46,False,0,car,0 days 00:11:21.536000,0 days 01:08:18.631000
2024-06-23 13:14:36.389,9162,137,4,67,False,0,car,0 days 00:11:21.976000,0 days 01:08:19.071000
2024-06-23 13:14:36.669,9344,144,4,74,False,0,car,0 days 00:11:22.256000,0 days 01:08:19.351000
2024-06-23 13:14:36.829,9764,151,4,74,False,0,car,0 days 00:11:22.416000,0 days 01:08:19.511000
2024-06-23 13:14:37.029,9548,157,4,74,False,0,car,0 days 00:11:22.616000,0 days 01:08:19.711000
2024-06-23 13:14:37.349,8678,159,5,58,False,0,car,0 days 00:11:22.936000,0 days 01:08:20.031000
2024-06-23 13:14:37.629,8799,162,5,58,False,0,car,0 days 00:11:23.216000,0 days 01:08:20.311000
2024-06-23 13:14:37.789,8924,164,5,62,False,0,car,0 days 00:11:23.376000,0 days 01:08:20.471000
2024-06-23 13:14:38.189,9226,168,5,72,False,0,car,0 days 00:11:23.776000,0 days 01:08:20.871000
2024-06-23 13:14:38.669,9777,179,5,91,False,0,car,0 days 00:11:24.256000,0 days 01:08:21.351000
2024-06-23 13:14:39.029,10431,187,5,100,False,0,car,0 days 00:11:24.616000,0 days 01:08:21.711000
2024-06-23 13:14:39.229,10652,197,5,100,False,0,car,0 days 00:11:24.816000,0 days 01:08:21.911000
2024-06-23 13:14:39.389,10917,197,5,100,False,0,car,0 days 00:11:24.976000,0 days 01:08:22.071000
2024-06-23 13:14:39.550,11036,206,5,100,False,0,car,0 days 00:11:25.137000,0 days 01:08:22.232000
2024-06-23 13:14:39.750,11407,211,5,81,False,0,car,0 days 00:11:25.337000,0 days 01:08:22.432000
2024-06-23 13:14:39.990,10007,212,5,62,False,0,car,0 days 00:11:25.577000,0 days 01:08:22.672000
2024-06-23 13:14:40.190,9726,211,6,57,False,0,car,0 days 00:11:25.777000,0 days 01:08:22.872000
2024-06-23 13:14:40.430,9641,209,6,51,False,0,car,0 days 00:11:26.017000,0 days 01:08:23.112000
2024-06-23 13:14:40.630,9567,208,6,51,False,0,car,0 days 00:11:26.217000,0 days 01:08:23.312000
2024-06-23 13:14:40.830,9572,209,6,54,False,0,car,0 days 00:11:26.417000,0 days 01:08:23.512000
2024-06-23 13:14:41.070,9510,207,6,55,False,0,car,0 days 00:11:26.657000,0 days 01:08:23.752000
2024-06-23 13:14:41.350,9554,203,6,0,False,0,car,0 days 00:11:26.937000,0 days 01:08:24.032000
2024-06-23 13:14:41.669,9382,202,6,59,False,0,car,0 days 00:11:27.256000,0 days 01:08:24.351000
2024-06-23 13:14:41.909,9534,203,6,78,False,0,car,0 days 00:11:27.496000,0 days 01:08:24.591000
2024-06-23 13:14:42.189,9663,206,6,83,False,0,car,0 days 00:11:27.776000,0 days 01:08:24.871000
2024-06-23 13:14:42.389,9825,210,6,83,False,0,car,0 days 00:11:27.976000,0 days 01:08:25.071000
2024-06-23 13:14:42.589,9915,212,6,86,False,0,car,0 days 00:11:28.176000,0 days 01:08:25.271000
2024-06-23 13:14:42.789,10163,214,6,99,False,0,car,0 days 00:11:28.376000,0 days 01:08:25.471000
2024-06-23 13:14:43.069,10372,220,6,100,False,0,car,0 days 00:11:28.656000,0 days 01:08:25.751000
2024-06-23 13:14:43.309,10653,224,6,100,False,0,car,0 days 00:11:28.896000,0 days 01:08:25.991000
2024-06-23 13:14:43.589,10654,228,6,92,False,0,car,0 days 00:11:29.176000,0 days 01:08:26.271000
2024-06-23 13:14:43.749,10841,234,6,100,False,0,car,0 days 00:11:29.336000,0 days 01:08:26.431000
2024-06-23 13:14:43.989,11005,234,6,94,False,0,car,0 days 00:11:29.576000,0 days 01:08:26.671000
2024-06-23 13:14:44.149,11108,240,6,100,False,0,car,0 days 00:11:29.736000,0 days 01:08:26.831000
2024-06-23 13:14:44.309,11267,241,6,100,False,0,car,0 days 00:11:29.896000,0 days 01:08:26.991000
2024-06-23 13:14:44.589,11369,245,6,100,False,0,car,0 days 00:11:30.176000,0 days 01:08:27.271000
2024-06-23 13:14:44.829,11526,249,6,100,False,0,car,0 days 00:11:30.416000,0 days 01:08:27.511000
2024-06-23 13:14:45.109,11699,252,6,100,False,0,car,0 days 00:11:30.696000,0 days 01:08:27.791000
2024-06-23 13:14:45.469,11179,257,6,100,False,0,car,0 days 00:11:31.056000,0 days 01:08:28.151000
2024-06-23 13:14:45.869,10601,261,7,100,False,0,car,0 days 00:11:31.456000,0 days 01:08:28.551000
2024-06-23 13:14:46.190,10706,266,7,100,False,0,car,0 days 00:11:31.777000,0 days 01:08:28.872000
2024-06-23 13:14:46.510,10890,269,7,100,False,0,car,0 days 00:11:32.097000,0 days 01:08:29.192000
2024-06-23 13:14:46.870,10904,273,7,100,False,0,car,0 days 00:11:32.457000,0 days 01:08:29.552000
2024-06-23 13:14:47.030,10966,273,7,100,False,0,car,0 days 00:11:32.617000,0 days 01:08:29.712000
2024-06-23 13:14:47.230,11041,274,7,100,False,0,car,0 days 00:11:32.817000,0 days 01:08:29.912000
2024-06-23 13:14:47.430,11032,275,7,100,False,0,car,0 days 00:11:33.017000,0 days 01:08:30.112000
2024-06-23 13:14:47.670,11069,275,7,100,False,0,car,0 days 00:11:33.257000,0 days 01:08:30.352000
2024-06-23 13:14:48.110,10109,258,7,0,True,0,car,0 days 00:11:33.697000,0 days 01:08:30.792000
2024-06-23 13:14:48.549,9458,209,7,0,True,0,car,0 days 00:11:34.136000,0 days 01:08:31.231000
2024-06-23 13:14:48.829,8577,194,6,0,True,0,car,0 days 00:11:34.416000,0 days 01:08:31.511000
2024-06-23 13:14:49.149,8833,170,5,0,True,0,car,0 days 00:11:34.736000,0 days 01:08:31.831000
2024-06-23 13:14:49.549,9372,157,4,0,True,0,car,0 days 00:11:35.136000,0 days 01:08:32.231000
2024-06-23 13:14:49.989,8848,143,4,0,True,0,car,0 days 00:11:35.576000,0 days 01:08:32.671000
2024-06-23 13:14:50.309,8495,138,4,0,True,0,car,0 days 00:11:35.896000,0 days 01:08:32.991000
2024-06-23 13:14:50.629,8117,132,4,0,True,0,car,0 days 00:11:36.216000,0 days 01:08:33.311000
2024-06-23 13:14:50.789,7955,132,4,0,False,0,car,0 days 00:11:36.376000,0 days 01:08:33.471000
2024-06-23 13:14:51.189,7652,124,4,0,False,0,car,0 days 00:11:36.776000,0 days 01:08:33.871000
2024-06-23 13:14:51.629,7511,120,4,23,False,0,car,0 days 00:11:37.216000,0 days 01:08:34.311000
2024-06-23 13:14:51.869,7801,120,4,49,False,0,car,0 days 00:11:37.456000,0 days 01:08:34.551000
2024-06-23 13:14:52.069,8013,122,4,53,False,0,car,0 days 00:11:37.656000,0 days 01:08:34.751000
2024-06-23 13:14:52.229,8272,127,4,53,False,0,car,0 days 00:11:37.816000,0 days 01:08:34.911000
2024-06-23 13:14:52.429,8454,131,4,55,False,0,car,0 days 00:11:38.016000,0 days 01:08:35.111000
2024-06-23 13:14:52.629,8815,135,4,64,False,0,car,0 days 00:11:38.216000,0 days 01:08:35.311000
2024-06-23 13:14:52.870,9055,140,4,70,False,0,car,0 days 00:11:38.457000,0 days 01:08:35.552000
2024-06-23 13:14:53.230,9946,151,4,79,False,0,car,0 days 00:11:38.817000,0 days 01:08:35.912000
2024-06-23 13:14:53.470,10277,157,4,85,False,0,car,0 days 00:11:39.057000,0 days 01:08:36.152000
2024-06-23 13:14:53.630,10676,164,4,85,False,0,car,0 days 00:11:39.217000,0 days 01:08:36.312000
2024-06-23 13:14:53.950,11281,175,4,100,False,0,car,0 days 00:11:39.537000,0 days 01:08:36.632000
2024-06-23 13:14:54.230,10507,175,4,100,False,0,car,0 days 00:11:39.817000,0 days 01:08:36.912000
2024-06-23 13:14:54.510,10426,190,5,100,False,0,car,0 days 00:11:40.097000,0 days 01:08:37.192000
2024-06-23 13:14:54.670,10648,196,5,100,False,0,car,0 days 00:11:40.257000,0 days 01:08:37.352000
2024-06-23 13:14:54.830,10957,203,5,100,False,0,car,0 days 00:11:40.417000,0 days 01:08:37.512000
2024-06-23 13:14:55.070,11193,208,5,100,False,0,car,0 days 00:11:40.657000,0 days 01:08:37.752000
2024-06-23 13:14:55.389,11649,215,5,100,False,0,car,0 days 00:11:40.976000,0 days 01:08:38.071000
2024-06-23 13:14:55.589,11837,219,5,100,False,0,car,0 days 00:11:41.176000,0 days 01:08:38.271000
2024-06-23 13:14:56.029,10545,226,6,100,False,0,car,0 days 00:11:41.616000,0 days 01:08:38.711000
2024-06-23 13:14:56.189,10615,230,6,100,False,0,car,0 days 00:11:41.776000,0 days 01:08:38.871000
2024-06-23 13:14:56.469,10680,234,6,100,False,0,car,0 days 00:11:42.056000,0 days 01:08:39.151000
2024-06-23 13:14:56.869,9708,213,6,0,True,0,car,0 days 00:11:42.456000,0 days 01:08:39.551000
2024-06-23 13:14:57.109,9232,195,6,0,True,0,car,0 days 00:11:42.696000,0 days 01:08:39.791000
2024-06-23 13:14:57.309,9299,183,6,0,True,0,car,0 days 00:11:42.896000,0 days 01:08:39.991000
2024-06-23 13:14:57.469,8724,166,5,0,True,0,car,0 days 00:11:43.056000,0 days 01:08:40.151000
2024-06-23 13:14:57.629,9348,159,5,0,True,0,car,0 days 00:11:43.216000,0 days 01:08:40.311000
2024-06-23 13:14:57.869,9206,142,4,0,True,0,car,0 days 00:11:43.456000,0 days 01:08:40.551000
2024-06-23 13:14:58.029,9599,134,4,0,True,0,car,0 days 00:11:43.616000,0 days 01:08:40.711000
2024-06-23 13:14:58.309,8974,127,3,0,True,0,car,0 days 00:11:43.896000,0 days 01:08:40.991000
2024-06-23 13:14:58.589,8510,118,3,0,True,0,car,0 days 00:11:44.176000,0 days 01:08:41.271000
2024-06-23 13:14:58.869,8037,113,3,0,True,0,car,0 days 00:11:44.456000,0 days 01:08:41.551000
2024-06-23 13:14:59.029,7615,106,3,0,True,0,car,0 days 00:11:44.616000,0 days 01:08:41.711000
2024-06-23 13:14:59.229,7240,103,3,0,True,0,car,0 days 00:11:44.816000,0 days 01:08:41.911000
2024-06-23 13:14:59.470,7183,97,3,0,False,0,car,0 days 00:11:45.057000,0 days 01:08:42.152000
2024-06-23 13:14:59.630,6971,95,3,0,False,0,car,0 days 00:11:45.217000,0 days 01:08:42.312000
2024-06-23 13:14:59.950,6858,92,3,0,False,0,car,0 days 00:11:45.537000,0 days 01:08:42.632000
2024-06-23 13:15:00.230,6896,91,3,5,False,0,car,0 days 00:11:45.817000,0 days 01:08:42.912000
2024-06-23 13:15:00.630,7199,95,3,36,False,0,car,0 days 00:11:46.217000,0 days 01:08:43.312000
2024-06-23 13:15:00.790,7587,97,3,45,False,0,car,0 days 00:11:46.377000,0 days 01:08:43.472000
2024-06-23 13:15:01.190,8293,103,3,55,False,0,car,0 days 00:11:46.777000,0 days 01:08:43.872000
2024-06-23 13:15:01.630,9415,120,3,64,False,0,car,0 days 00:11:47.217000,0 days 01:08:44.312000
2024-06-23 13:15:01.989,9102,132,3,81,False,0,car,0 days 00:11:47.576000,0 days 01:08:44.671000
2024-06-23 13:15:02.269,9605,145,4,100,False,0,car,0 days 00:11:47.856000,0 days 01:08:44.951000
2024-06-23 13:15:02.429,9885,154,4,100,False,0,car,0 days 00:11:48.016000,0 days 01:08:45.111000
2024-06-23 13:15:02.869,11179,169,4,100,False,0,car,0 days 00:11:48.456000,0 days 01:08:45.551000
2024-06-23 13:15:03.069,11555,181,4,100,False,0,car,0 days 00:11:48.656000,0 days 01:08:45.751000
2024-06-23 13:15:03.509,10625,195,5,100,False,0,car,0 days 00:11:49.096000,0 days 01:08:46.191000
2024-06-23 13:15:03.909,11169,209,5,100,False,0,car,0 days 00:11:49.496000,0 days 01:08:46.591000
2024-06-23 13:15:04.269,11742,221,5,100,False,0,car,0 days 00:11:49.856000,0 days 01:08:46.951000
2024-06-23 13:15:04.589,10264,228,6,100,False,0,car,0 days 00:11:50.176000,0 days 01:08:47.271000
2024-06-23 13:15:04.909,10872,233,6,100,False,0,car,0 days 00:11:50.496000,0 days 01:08:47.591000
2024-06-23 13:15:05.149,11054,238,6,100,False,0,car,0 days 00:11:50.736000,0 days 01:08:47.831000
2024-06-23 13:15:05.349,11095,243,6,100,False,0,car,0 days 00:11:50.936000,0 days 01:08:48.031000
2024-06-23 13:15:05.629,11214,247,6,100,False,0,car,0 days 00:11:51.216000,0 days 01:08:48.311000
2024-06-23 13:15:05.950,11383,250,6,100,False,0,car,0 days 00:11:51.537000,0 days 01:08:48.632000
2024-06-23 13:15:06.350,10317,228,6,0,True,0,car,0 days 00:11:51.937000,0 days 01:08:49.032000
2024-06-23 13:15:06.750,8774,193,6,0,True,0,car,0 days 00:11:52.337000,0 days 01:08:49.432000
2024-06-23 13:15:06.910,9474,187,6,0,True,0,car,0 days 00:11:52.497000,0 days 01:08:49.592000
2024-06-23 13:15:07.150,9017,167,5,0,True,0,car,0 days 00:11:52.737000,0 days 01:08:49.832000
2024-06-23 13:15:07.310,9602,167,5,0,True,0,car,0 days 00:11:52.897000,0 days 01:08:49.992000
2024-06-23 13:15:07.510,9287,157,5,0,True,0,car,0 days 00:11:53.097000,0 days 01:08:50.192000
2024-06-23 13:15:07.750,9045,145,4,0,True,0,car,0 days 00:11:53.337000,0 days 01:08:50.432000
2024-06-23 13:15:08.150,8602,138,4,0,True,0,car,0 days 00:11:53.737000,0 days 01:08:50.832000
2024-06-23 13:15:08.310,8457,137,4,0,False,0,car,0 days 00:11:53.897000,0 days 01:08:50.992000
2024-06-23 13:15:08.470,8373,135,4,1,False,0,car,0 days 00:11:54.057000,0 days 01:08:51.152000
2024-06-23 13:15:08.749,8312,131,4,29,False,0,car,0 days 00:11:54.336000,0 days 01:08:51.431000
2024-06-23 13:15:08.909,8305,131,4,39,False,0,car,0 days 00:11:54.496000,0 days 01:08:51.591000
2024-06-23 13:15:09.109,8501,132,4,47,False,0,car,0 days 00:11:54.696000,0 days 01:08:51.791000
2024-06-23 13:15:09.349,8800,135,4,61,False,0,car,0 days 00:11:54.936000,0 days 01:08:52.031000
2024-06-23 13:15:09.549,9000,135,4,70,False,0,car,0 days 00:11:55.136000,0 days 01:08:52.231000
2024-06-23 13:15:09.869,9864,149,4,86,False,0,car,0 days 00:11:55.456000,0 days 01:08:52.551000
2024-06-23 13:15:10.229,10461,165,4,100,False,0,car,0 days 00:11:55.816000,0 days 01:08:52.911000
2024-06-23 13:15:10.549,11571,177,4,100,False,0,car,0 days 00:11:56.136000,0 days 01:08:53.231000
2024-06-23 13:15:10.749,11014,182,4,100,False,0,car,0 days 00:11:56.336000,0 days 01:08:53.431000
2024-06-23 13:15:11.069,10405,192,5,100,False,0,car,0 days 00:11:56.656000,0 days 01:08:53.751000
2024-06-23 13:15:11.269,10536,197,5,100,False,0,car,0 days 00:11:56.856000,0 days 01:08:53.951000
2024-06-23 13:15:11.429,10975,200,5,100,False,0,car,0 days 00:11:57.016000,0 days 01:08:54.111000
2024-06-23 13:15:11.869,11450,211,5,100,False,0,car,0 days 00:11:57.456000,0 days 01:08:54.551000
2024-06-23 13:15:12.189,11812,221,5,100,False,0,car,0 days 00:11:57.776000,0 days 01:08:54.871000
2024-06-23 13:15:12.470,10563,228,6,100,False,0,car,0 days 00:11:58.057000,0 days 01:08:55.152000
2024-06-23 13:15:12.910,10826,235,6,100,False,0,car,0 days 00:11:58.497000,0 days 01:08:55.592000
2024-06-23 13:15:13.830,10661,236,6,0,False,0,car,0 days 00:11:59.417000,0 days 01:08:56.512000
2024-06-23 13:15:14.190,10183,228,6,0,False,0,car,0 days 00:11:59.777000,0 days 01:08:56.872000
2024-06-23 13:15:14.390,10150,222,6,0,False,0,car,0 days 00:11:59.977000,0 days 01:08:57.072000
2024-06-23 13:15:14.590,9990,218,6,9,False,0,car,0 days 00:12:00.177000,0 days 01:08:57.272000
2024-06-23 13:15:14.750,9841,216,6,49,False,0,car,0 days 00:12:00.337000,0 days 01:08:57.432000
2024-06-23 13:15:14.990,9818,212,6,61,False,0,car,0 days 00:12:00.577000,0 days 01:08:57.672000
2024-06-23 13:15:15.150,9835,212,6,72,False,0,car,0 days 00:12:00.737000,0 days 01:08:57.832000
2024-06-23 13:15:15.549,10108,217,6,100,False,0,car,0 days 00:12:01.136000,0 days 01:08:58.231000
2024-06-23 13:15:15.749,10260,220,6,100,False,0,car,0 days 00:12:01.336000,0 days 01:08:58.431000
2024-06-23 13:15:15.909,10416,222,6,100,False,0,car,0 days 00:12:01.496000,0 days 01:08:58.591000
2024-06-23 13:15:16.149,10572,228,6,100,False,0,car,0 days 00:12:01.736000,0 days 01:08:58.831000
2024-06-23 13:15:16.349,10700,230,6,100,False,0,car,0 days 00:12:01.936000,0 days 01:08:59.031000
2024-06-23 13:15:16.629,10889,235,6,100,False,0,car,0 days 00:12:02.216000,0 days 01:08:59.311000
2024-06-23 13:15:16.989,11197,239,6,100,False,0,car,0 days 00:12:02.576000,0 days 01:08:59.671000
2024-06-23 13:15:17.189,11339,248,6,100,False,0,car,0 days 00:12:02.776000,0 days 01:08:59.871000
2024-06-23 13:15:17.389,11551,250,6,100,False,0,car,0 days 00:12:02.976000,0 days 01:09:00.071000
2024-06-23 13:15:17.549,11644,254,6,100,False,0,car,0 days 00:12:03.136000,0 days 01:09:00.231000
2024-06-23 13:15:17.749,11758,255,6,100,False,0,car,0 days 00:12:03.336000,0 days 01:09:00.431000
2024-06-23 13:15:17.989,10358,259,6,100,False,0,car,0 days 00:12:03.576000,0 days 01:09:00.671000
2024-06-23 13:15:18.189,10708,262,7,100,False,0,car,0 days 00:12:03.776000,0 days 01:09:00.871000
2024-06-23 13:15:18.349,10708,265,7,100,False,0,car,0 days 00:12:03.936000,0 days 01:09:01.031000
2024-06-23 13:15:18.589,10729,268,7,100,False,0,car,0 days 00:12:04.176000,0 days 01:09:01.271000
2024-06-23 13:15:18.829,10884,269,7,100,False,0,car,0 days 00:12:04.416000,0 days 01:09:01.511000
2024-06-23 13:15:19.070,10981,273,7,100,False,0,car,0 days 00:12:04.657000,0 days 01:09:01.752000
2024-06-23 13:15:19.270,11047,275,7,100,False,0,car,0 days 00:12:04.857000,0 days 01:09:01.952000
2024-06-23 13:15:19.470,11139,277,7,100,False,0,car,0 days 00:12:05.057000,0 days 01:09:02.152000
2024-06-23 13:15:19.750,11240,280,7,100,False,0,car,0 days 00:12:05.337000,0 days 01:09:02.432000
2024-06-23 13:15:20.190,11373,284,7,100,False,0,car,0 days 00:12:05.777000,0 days 01:09:02.872000
2024-06-23 13:15:20.470,11430,286,7,100,False,0,car,0 days 00:12:06.057000,0 days 01:09:03.152000
2024-06-23 13:15:20.630,11436,285,7,100,False,0,car,0 days 00:12:06.217000,0 days 01:09:03.312000
2024-06-23 13:15:20.910,11446,287,7,96,False,0,car,0 days 00:12:06.497000,0 days 01:09:03.592000
2024-06-23 13:15:21.230,11378,273,7,0,True,0,car,0 days 00:12:06.817000,0 days 01:09:03.912000
2024-06-23 13:15:21.550,9848,248,7,0,True,0,car,0 days 00:12:07.137000,0 days 01:09:04.232000
2024-06-23 13:15:21.790,9022,236,7,0,True,0,car,0 days 00:12:07.377000,0 days 01:09:04.472000
2024-06-23 13:15:22.189,9554,188,6,0,True,0,car,0 days 00:12:07.776000,0 days 01:09:04.871000
2024-06-23 13:15:22.389,9084,179,6,0,True,0,car,0 days 00:12:07.976000,0 days 01:09:05.071000
2024-06-23 13:15:22.829,8720,148,4,0,True,0,car,0 days 00:12:08.416000,0 days 01:09:05.511000
2024-06-23 13:15:23.149,9692,131,3,0,True,0,car,0 days 00:12:08.736000,0 days 01:09:05.831000
2024-06-23 13:15:23.429,8971,122,3,0,True,0,car,0 days 00:12:09.016000,0 days 01:09:06.111000
2024-06-23 13:15:23.829,8553,116,3,0,True,0,car,0 days 00:12:09.416000,0 days 01:09:06.511000
2024-06-23 13:15:24.069,8084,113,3,0,True,0,car,0 days 00:12:09.656000,0 days 01:09:06.751000
2024-06-23 13:15:24.309,7845,108,3,0,True,0,car,0 days 00:12:09.896000,0 days 01:09:06.991000
2024-06-23 13:15:24.589,7589,103,3,0,True,0,car,0 days 00:12:10.176000,0 days 01:09:07.271000
2024-06-23 13:15:24.869,7275,98,3,0,True,0,car,0 days 00:12:10.456000,0 days 01:09:07.551000
2024-06-23 13:15:25.309,7110,95,3,0,False,0,car,0 days 00:12:10.896000,0 days 01:09:07.991000
2024-06-23 13:15:25.750,7457,97,3,38,False,0,car,0 days 00:12:11.337000,0 days 01:09:08.432000
2024-06-23 13:15:25.990,7766,99,3,40,False,0,car,0 days 00:12:11.577000,0 days 01:09:08.672000
2024-06-23 13:15:26.270,8009,104,3,49,False,0,car,0 days 00:12:11.857000,0 days 01:09:08.952000
2024-06-23 13:15:26.430,8366,108,3,51,False,0,car,0 days 00:12:12.017000,0 days 01:09:09.112000
2024-06-23 13:15:26.710,8622,112,3,55,False,0,car,0 days 00:12:12.297000,0 days 01:09:09.392000
2024-06-23 13:15:27.150,9890,126,3,73,False,0,car,0 days 00:12:12.737000,0 days 01:09:09.832000
2024-06-23 13:15:27.310,9107,129,3,76,False,0,car,0 days 00:12:12.897000,0 days 01:09:09.992000
2024-06-23 13:15:27.710,9296,144,4,85,False,0,car,0 days 00:12:13.297000,0 days 01:09:10.392000
2024-06-23 13:15:28.110,10639,161,4,100,False,0,car,0 days 00:12:13.697000,0 days 01:09:10.792000
2024-06-23 13:15:28.310,11052,169,4,100,False,0,car,0 days 00:12:13.897000,0 days 01:09:10.992000
2024-06-23 13:15:28.550,11540,179,4,100,False,0,car,0 days 00:12:14.137000,0 days 01:09:11.232000
2024-06-23 13:15:28.909,11732,189,4,100,False,0,car,0 days 00:12:14.496000,0 days 01:09:11.591000
2024-06-23 13:15:29.229,10504,195,5,100,False,0,car,0 days 00:12:14.816000,0 days 01:09:11.911000
2024-06-23 13:15:29.389,9804,198,5,0,True,0,car,0 days 00:12:14.976000,0 days 01:09:12.071000
2024-06-23 13:15:29.589,9751,184,5,0,True,0,car,0 days 00:12:15.176000,0 days 01:09:12.271000
2024-06-23 13:15:29.789,8911,180,5,0,True,0,car,0 days 00:12:15.376000,0 days 01:09:12.471000
2024-06-23 13:15:29.989,8487,164,5,0,True,0,car,0 days 00:12:15.576000,0 days 01:09:12.671000
2024-06-23 13:15:30.269,9235,151,4,0,True,0,car,0 days 00:12:15.856000,0 days 01:09:12.951000
2024-06-23 13:15:30.629,8329,141,4,0,True,0,car,0 days 00:12:16.216000,0 days 01:09:13.311000
2024-06-23 13:15:30.789,8224,134,4,0,True,0,car,0 days 00:12:16.376000,0 days 01:09:13.471000
2024-06-23 13:15:31.109,7526,124,4,0,True,0,car,0 days 00:12:16.696000,0 days 01:09:13.791000
2024-06-23 13:15:31.309,7480,121,4,0,False,0,car,0 days 00:12:16.896000,0 days 01:09:13.991000
2024-06-23 13:15:31.549,7296,116,4,0,True,0,car,0 days 00:12:17.136000,0 days 01:09:14.231000
2024-06-23 13:15:31.909,6955,112,4,0,False,0,car,0 days 00:12:17.496000,0 days 01:09:14.591000
2024-06-23 13:15:32.190,6770,107,4,3,False,0,car,0 days 00:12:17.777000,0 days 01:09:14.872000
2024-06-23 13:15:32.510,6989,107,4,34,False,0,car,0 days 00:12:18.097000,0 days 01:09:15.192000
2024-06-23 13:15:32.950,7210,111,4,42,False,0,car,0 days 00:12:18.537000,0 days 01:09:15.632000
2024-06-23 13:15:33.110,7336,112,4,43,False,0,car,0 days 00:12:18.697000,0 days 01:09:15.792000
2024-06-23 13:15:33.310,7578,115,4,47,False,0,car,0 days 00:12:18.897000,0 days 01:09:15.992000
2024-06-23 13:15:33.510,7861,118,4,54,False,0,car,0 days 00:12:19.097000,0 days 01:09:16.192000
2024-06-23 13:15:33.670,7949,121,4,56,False,0,car,0 days 00:12:19.257000,0 days 01:09:16.352000
2024-06-23 13:15:33.830,8292,123,4,60,False,0,car,0 days 00:12:19.417000,0 days 01:09:16.512000
2024-06-23 13:15:34.030,8743,131,4,67,False,0,car,0 days 00:12:19.617000,0 days 01:09:16.712000
2024-06-23 13:15:34.350,9081,138,4,72,False,0,car,0 days 00:12:19.937000,0 days 01:09:17.032000
2024-06-23 13:15:34.590,9443,143,4,79,False,0,car,0 days 00:12:20.177000,0 days 01:09:17.272000
2024-06-23 13:15:34.950,10401,155,4,87,False,0,car,0 days 00:12:20.537000,0 days 01:09:17.632000
2024-06-23 13:15:35.150,11099,162,4,100,False,0,car,0 days 00:12:20.737000,0 days 01:09:17.832000
2024-06-23 13:15:35.390,11496,174,4,100,False,0,car,0 days 00:12:20.977000,0 days 01:09:18.072000
2024-06-23 13:15:35.589,10796,181,5,100,False,0,car,0 days 00:12:21.176000,0 days 01:09:18.271000
2024-06-23 13:15:35.949,10659,196,5,100,False,0,car,0 days 00:12:21.536000,0 days 01:09:18.631000
2024-06-23 13:15:36.109,10845,196,5,100,False,0,car,0 days 00:12:21.696000,0 days 01:09:18.791000
2024-06-23 13:15:36.309,11081,205,5,100,False,0,car,0 days 00:12:21.896000,0 days 01:09:18.991000
2024-06-23 13:15:36.549,11546,213,5,100,False,0,car,0 days 00:12:22.136000,0 days 01:09:19.231000
2024-06-23 13:15:36.709,10706,216,5,100,False,0,car,0 days 00:12:22.296000,0 days 01:09:19.391000
2024-06-23 13:15:36.909,10243,221,6,100,False,0,car,0 days 00:12:22.496000,0 days 01:09:19.591000
2024-06-23 13:15:37.229,10553,228,6,84,False,0,car,0 days 00:12:22.816000,0 days 01:09:19.911000
2024-06-23 13:15:37.389,10560,228,6,78,False,0,car,0 days 00:12:22.976000,0 days 01:09:20.071000
2024-06-23 13:15:37.589,10841,231,6,82,False,0,car,0 days 00:12:23.176000,0 days 01:09:20.271000
2024-06-23 13:15:37.829,10764,231,6,74,False,0,car,0 days 00:12:23.416000,0 days 01:09:20.511000
2024-06-23 13:15:38.229,10862,234,6,98,False,0,car,0 days 00:12:23.816000,0 days 01:09:20.911000
2024-06-23 13:15:38.469,10921,234,6,100,False,0,car,0 days 00:12:24.056000,0 days 01:09:21.151000
2024-06-23 13:15:38.709,11100,238,6,100,False,0,car,0 days 00:12:24.296000,0 days 01:09:21.391000
2024-06-23 13:15:38.990,11213,242,6,100,False,0,car,0 days 00:12:24.577000,0 days 01:09:21.672000
2024-06-23 13:15:39.190,11317,245,6,100,False,0,car,0 days 00:12:24.777000,0 days 01:09:21.872000
2024-06-23 13:15:39.390,11386,248,6,100,False,0,car,0 days 00:12:24.977000,0 days 01:09:22.072000
2024-06-23 13:15:39.710,11552,251,6,100,False,0,car,0 days 00:12:25.297000,0 days 01:09:22.392000
2024-06-23 13:15:39.910,11447,253,6,100,False,0,car,0 days 00:12:25.497000,0 days 01:09:22.592000
2024-06-23 13:15:40.270,9879,252,7,0,True,0,car,0 days 00:12:25.857000,0 days 01:09:22.952000
2024-06-23 13:15:40.510,9295,236,7,0,True,0,car,0 days 00:12:26.097000,0 days 01:09:23.192000
2024-06-23 13:15:40.710,9554,219,6,0,True,0,car,0 days 00:12:26.297000,0 days 01:09:23.392000
2024-06-23 13:15:40.870,9451,211,6,0,True,0,car,0 days 00:12:26.457000,0 days 01:09:23.552000
2024-06-23 13:15:41.030,9991,197,6,0,True,0,car,0 days 00:12:26.617000,0 days 01:09:23.712000
2024-06-23 13:15:41.230,9674,185,5,0,True,0,car,0 days 00:12:26.817000,0 days 01:09:23.912000
2024-06-23 13:15:41.550,9550,181,5,32,False,0,car,0 days 00:12:27.137000,0 days 01:09:24.232000
2024-06-23 13:15:41.830,9378,178,5,27,False,0,car,0 days 00:12:27.417000,0 days 01:09:24.512000
2024-06-23 13:15:42.070,9206,176,5,7,True,0,car,0 days 00:12:27.657000,0 days 01:09:24.752000
2024-06-23 13:15:42.269,9037,171,5,14,False,0,car,0 days 00:12:27.856000,0 days 01:09:24.951000
2024-06-23 13:15:42.629,9063,170,5,52,False,0,car,0 days 00:12:28.216000,0 days 01:09:25.311000
2024-06-23 13:15:42.829,9134,170,5,59,False,0,car,0 days 00:12:28.416000,0 days 01:09:25.511000
2024-06-23 13:15:43.109,9740,176,5,100,False,0,car,0 days 00:12:28.696000,0 days 01:09:25.791000
2024-06-23 13:15:43.389,9958,184,5,100,False,0,car,0 days 00:12:28.976000,0 days 01:09:26.071000
2024-06-23 13:15:43.669,10438,193,5,100,False,0,car,0 days 00:12:29.256000,0 days 01:09:26.351000
2024-06-23 13:15:44.109,11163,206,5,100,False,0,car,0 days 00:12:29.696000,0 days 01:09:26.791000
2024-06-23 13:15:44.269,11288,211,5,100,False,0,car,0 days 00:12:29.856000,0 days 01:09:26.951000
2024-06-23 13:15:44.629,11090,219,5,100,False,0,car,0 days 00:12:30.216000,0 days 01:09:27.311000
2024-06-23 13:15:44.949,10134,225,6,0,True,0,car,0 days 00:12:30.536000,0 days 01:09:27.631000
2024-06-23 13:15:45.149,9918,210,6,0,True,0,car,0 days 00:12:30.736000,0 days 01:09:27.831000
2024-06-23 13:15:45.309,9173,201,6,0,True,0,car,0 days 00:12:30.896000,0 days 01:09:27.991000
2024-06-23 13:15:45.630,9038,174,5,0,True,0,car,0 days 00:12:31.217000,0 days 01:09:28.312000
2024-06-23 13:15:45.990,9597,145,4,0,True,0,car,0 days 00:12:31.577000,0 days 01:09:28.672000
2024-06-23 13:15:46.350,9628,115,3,0,True,0,car,0 days 00:12:31.937000,0 days 01:09:29.032000
2024-06-23 13:15:46.510,9019,107,3,0,True,0,car,0 days 00:12:32.097000,0 days 01:09:29.192000
2024-06-23 13:15:46.670,8742,95,2,0,True,0,car,0 days 00:12:32.257000,0 days 01:09:29.352000
2024-06-23 13:15:47.030,6889,75,2,0,True,0,car,0 days 00:12:32.617000,0 days 01:09:29.712000
2024-06-23 13:15:47.230,6411,77,2,29,False,0,car,0 days 00:12:32.817000,0 days 01:09:29.912000
2024-06-23 13:15:47.550,6916,78,2,49,False,0,car,0 days 00:12:33.137000,0 days 01:09:30.232000
2024-06-23 13:15:47.830,6814,79,2,54,False,0,car,0 days 00:12:33.417000,0 days 01:09:30.512000
2024-06-23 13:15:47.990,6866,79,2,55,False,0,car,0 days 00:12:33.577000,0 days 01:09:30.672000
2024-06-23 13:15:48.270,6915,79,2,57,False,0,car,0 days 00:12:33.857000,0 days 01:09:30.952000
2024-06-23 13:15:48.510,6913,80,2,59,False,0,car,0 days 00:12:34.097000,0 days 01:09:31.192000
2024-06-23 13:15:48.910,6965,80,2,59,False,0,car,0 days 00:12:34.497000,0 days 01:09:31.592000
2024-06-23 13:15:49.269,6901,80,2,63,False,0,car,0 days 00:12:34.856000,0 days 01:09:31.951000
2024-06-23 13:15:49.549,6863,80,2,64,False,0,car,0 days 00:12:35.136000,0 days 01:09:32.231000
2024-06-23 13:15:49.789,6961,80,2,68,False,0,car,0 days 00:12:35.376000,0 days 01:09:32.471000
2024-06-23 13:15:50.109,6896,80,2,67,False,0,car,0 days 00:12:35.696000,0 days 01:09:32.791000
2024-06-23 13:15:50.309,6944,80,2,68,False,0,car,0 days 00:12:35.896000,0 days 01:09:32.991000
2024-06-23 13:15:50.709,6888,80,2,67,False,0,car,0 days 00:12:36.296000,0 days 01:09:33.391000
2024-06-23 13:15:50.949,6906,80,2,67,False,0,car,0 days 00:12:36.536000,0 days 01:09:33.631000
2024-06-23 13:15:51.309,6881,80,2,67,False,0,car,0 days 00:12:36.896000,0 days 01:09:33.991000
2024-06-23 13:15:51.589,6857,80,2,67,False,0,car,0 days 00:12:37.176000,0 days 01:09:34.271000
2024-06-23 13:15:52.030,6896,79,2,67,False,0,car,0 days 00:12:37.617000,0 days 01:09:34.712000
2024-06-23 13:15:52.310,6849,79,2,67,False,0,car,0 days 00:12:37.897000,0 days 01:09:34.992000
2024-06-23 13:15:52.550,6874,79,2,72,False,0,car,0 days 00:12:38.137000,0 days 01:09:35.232000
2024-06-23 13:15:52.710,6887,79,2,72,False,0,car,0 days 00:12:38.297000,0 days 01:09:35.392000
2024-06-23 13:15:53.110,6906,79,2,72,False,0,car,0 days 00:12:38.697000,0 days 01:09:35.792000
2024-06-23 13:15:53.470,6824,79,2,72,False,0,car,0 days 00:12:39.057000,0 days 01:09:36.152000
2024-06-23 13:15:53.630,6864,79,2,72,False,0,car,0 days 00:12:39.217000,0 days 01:09:36.312000
2024-06-23 13:15:53.790,6875,79,2,72,False,0,car,0 days 00:12:39.377000,0 days 01:09:36.472000
2024-06-23 13:15:54.150,6910,79,2,72,False,0,car,0 days 00:12:39.737000,0 days 01:09:36.832000
2024-06-23 13:15:54.510,6968,80,2,72,False,0,car,0 days 00:12:40.097000,0 days 01:09:37.192000
2024-06-23 13:15:54.670,6865,80,2,72,False,0,car,0 days 00:12:40.257000,0 days 01:09:37.352000
2024-06-23 13:15:54.950,6918,80,2,72,False,0,car,0 days 00:12:40.537000,0 days 01:09:37.632000
2024-06-23 13:15:55.230,6930,80,2,72,False,0,car,0 days 00:12:40.817000,0 days 01:09:37.912000
2024-06-23 13:15:55.510,6968,80,2,72,False,0,car,0 days 00:12:41.097000,0 days 01:09:38.192000
2024-06-23 13:15:55.669,6968,80,2,72,False,0,car,0 days 00:12:41.256000,0 days 01:09:38.351000
2024-06-23 13:15:55.949,6903,80,2,72,False,0,car,0 days 00:12:41.536000,0 days 01:09:38.631000
2024-06-23 13:15:56.349,6841,80,2,73,False,0,car,0 days 00:12:41.936000,0 days 01:09:39.031000
2024-06-23 13:15:56.709,6932,80,2,100,False,0,car,0 days 00:12:42.296000,0 days 01:09:39.391000
2024-06-23 13:15:56.949,6877,80,2,100,False,0,car,0 days 00:12:42.536000,0 days 01:09:39.631000
2024-06-23 13:15:57.229,6918,79,2,100,False,0,car,0 days 00:12:42.816000,0 days 01:09:39.911000
2024-06-23 13:15:57.389,6854,80,2,100,False,0,car,0 days 00:12:42.976000,0 days 01:09:40.071000
2024-06-23 13:15:57.629,6920,79,2,100,False,0,car,0 days 00:12:43.216000,0 days 01:09:40.311000
2024-06-23 13:15:57.949,6912,79,2,100,False,0,car,0 days 00:12:43.536000,0 days 01:09:40.631000
2024-06-23 13:15:58.189,6871,80,2,100,False,0,car,0 days 00:12:43.776000,0 days 01:09:40.871000
2024-06-23 13:15:58.470,6888,80,2,100,False,0,car,0 days 00:12:44.057000,0 days 01:09:41.152000
2024-06-23 13:15:58.710,6916,80,2,100,False,0,car,0 days 00:12:44.297000,0 days 01:09:41.392000
2024-06-23 13:15:58.990,6913,80,2,100,False,0,car,0 days 00:12:44.577000,0 days 01:09:41.672000
2024-06-23 13:15:59.190,6911,80,2,100,False,0,car,0 days 00:12:44.777000,0 days 01:09:41.872000
2024-06-23 13:15:59.550,6896,80,2,100,False,0,car,0 days 00:12:45.137000,0 days 01:09:42.232000
2024-06-23 13:15:59.830,6820,79,2,97,False,0,car,0 days 00:12:45.417000,0 days 01:09:42.512000
2024-06-23 13:16:00.110,6470,77,2,0,True,0,car,0 days 00:12:45.697000,0 days 01:09:42.792000
2024-06-23 13:16:00.430,7880,69,1,0,True,0,car,0 days 00:12:46.017000,0 days 01:09:43.112000
2024-06-23 13:16:00.630,7424,66,1,0,True,0,car,0 days 00:12:46.217000,0 days 01:09:43.312000
2024-06-23 13:16:00.870,7424,65,1,0,True,0,car,0 days 00:12:46.457000,0 days 01:09:43.552000
2024-06-23 13:16:01.030,6444,60,1,0,True,0,car,0 days 00:12:46.617000,0 days 01:09:43.712000
2024-06-23 13:16:01.230,5044,56,1,0,True,0,car,0 days 00:12:46.817000,0 days 01:09:43.912000
2024-06-23 13:16:01.550,3815,50,1,0,True,0,car,0 days 00:12:47.137000,0 days 01:09:44.232000
2024-06-23 13:16:01.750,3840,45,1,0,True,0,car,0 days 00:12:47.337000,0 days 01:09:44.432000
2024-06-23 13:16:01.950,3955,39,1,0,True,0,car,0 days 00:12:47.537000,0 days 01:09:44.632000
2024-06-23 13:16:02.270,3834,30,1,0,True,0,car,0 days 00:12:47.857000,0 days 01:09:44.952000
2024-06-23 13:16:02.669,3875,17,1,0,True,0,car,0 days 00:12:48.256000,0 days 01:09:45.351000
2024-06-23 13:16:02.829,3682,10,1,0,True,0,car,0 days 00:12:48.416000,0 days 01:09:45.511000
2024-06-23 13:16:03.189,4327,2,1,6,True,0,car,0 days 00:12:48.776000,0 days 01:09:45.871000
2024-06-23 13:16:03.669,7687,2,1,22,True,0,car,0 days 00:12:49.256000,0 days 01:09:46.351000
2024-06-23 13:16:03.869,9087,2,1,25,True,0,car,0 days 00:12:49.456000,0 days 01:09:46.551000
2024-06-23 13:16:04.029,10207,2,1,25,True,0,car,0 days 00:12:49.616000,0 days 01:09:46.711000
2024-06-23 13:16:04.269,10630,2,1,26,True,0,car,0 days 00:12:49.856000,0 days 01:09:46.951000
2024-06-23 13:16:04.429,10725,2,1,26,True,0,car,0 days 00:12:50.016000,0 days 01:09:47.111000
2024-06-23 13:16:04.669,10662,2,1,26,True,0,car,0 days 00:12:50.256000,0 days 01:09:47.351000
2024-06-23 13:16:05.150,10598,2,1,27,True,0,car,0 days 00:12:50.737000,0 days 01:09:47.832000
2024-06-23 13:16:05.550,10661,2,1,26,True,0,car,0 days 00:12:51.137000,0 days 01:09:48.232000
2024-06-23 13:16:05.870,10061,2,1,27,False,0,car,0 days 00:12:51.457000,0 days 01:09:48.552000
2024-06-23 13:16:06.310,8330,9,1,34,False,0,car,0 days 00:12:51.897000,0 days 01:09:48.992000
2024-06-23 13:16:06.510,7812,13,1,26,False,0,car,0 days 00:12:52.097000,0 days 01:09:49.192000
2024-06-23 13:16:06.670,7114,17,1,25,False,0,car,0 days 00:12:52.257000,0 days 01:09:49.352000
2024-06-23 13:16:07.190,6522,29,1,29,False,0,car,0 days 00:12:52.777000,0 days 01:09:49.872000
2024-06-23 13:16:07.390,6662,34,1,38,False,0,car,0 days 00:12:52.977000,0 days 01:09:50.072000
2024-06-23 13:16:07.710,7221,39,1,30,False,0,car,0 days 00:12:53.297000,0 days 01:09:50.392000
2024-06-23 13:16:07.910,7512,47,1,44,False,0,car,0 days 00:12:53.497000,0 days 01:09:50.592000
2024-06-23 13:16:08.110,8834,52,1,43,False,0,car,0 days 00:12:53.697000,0 days 01:09:50.792000
2024-06-23 13:16:08.310,8694,58,1,44,False,0,car,0 days 00:12:53.897000,0 days 01:09:50.992000
2024-06-23 13:16:08.510,7294,64,1,51,False,0,car,0 days 00:12:54.097000,0 days 01:09:51.192000
2024-06-23 13:16:08.710,7205,70,2,61,False,0,car,0 days 00:12:54.297000,0 days 01:09:51.392000
2024-06-23 13:16:08.950,6873,75,2,69,False,0,car,0 days 00:12:54.537000,0 days 01:09:51.632000
2024-06-23 13:16:09.110,6786,75,2,69,False,0,car,0 days 00:12:54.697000,0 days 01:09:51.792000
2024-06-23 13:16:09.389,6854,79,2,72,False,0,car,0 days 00:12:54.976000,0 days 01:09:52.071000
2024-06-23 13:16:09.789,6798,79,2,50,False,0,car,0 days 00:12:55.376000,0 days 01:09:52.471000
2024-06-23 13:16:09.989,7394,80,2,37,False,0,car,0 days 00:12:55.576000,0 days 01:09:52.671000
2024-06-23 13:16:10.269,7928,86,2,48,False,0,car,0 days 00:12:55.856000,0 days 01:09:52.951000
2024-06-23 13:16:10.509,8524,92,2,57,False,0,car,0 days 00:12:56.096000,0 days 01:09:53.191000
2024-06-23 13:16:10.709,8805,99,2,61,False,0,car,0 days 00:12:56.296000,0 days 01:09:53.391000
2024-06-23 13:16:10.949,10022,106,2,69,False,0,car,0 days 00:12:56.536000,0 days 01:09:53.631000
2024-06-23 13:16:11.269,9204,121,2,73,False,0,car,0 days 00:12:56.856000,0 days 01:09:53.951000
2024-06-23 13:16:11.469,9764,128,3,77,False,0,car,0 days 00:12:57.056000,0 days 01:09:54.151000
2024-06-23 13:16:11.790,10670,141,3,83,False,0,car,0 days 00:12:57.377000,0 days 01:09:54.472000
2024-06-23 13:16:12.030,10160,154,3,92,False,0,car,0 days 00:12:57.617000,0 days 01:09:54.712000
2024-06-23 13:16:12.270,10550,162,4,100,False,0,car,0 days 00:12:57.857000,0 days 01:09:54.952000
2024-06-23 13:16:12.430,10935,171,4,100,False,0,car,0 days 00:12:58.017000,0 days 01:09:55.112000
2024-06-23 13:16:12.710,11391,179,4,100,False,0,car,0 days 00:12:58.297000,0 days 01:09:55.392000
2024-06-23 13:16:13.110,10386,187,5,100,False,0,car,0 days 00:12:58.697000,0 days 01:09:55.792000
2024-06-23 13:16:13.310,10760,200,5,100,False,0,car,0 days 00:12:58.897000,0 days 01:09:55.992000
2024-06-23 13:16:13.710,11341,211,5,100,False,0,car,0 days 00:12:59.297000,0 days 01:09:56.392000
2024-06-23 13:16:14.030,11752,221,5,100,False,0,car,0 days 00:12:59.617000,0 days 01:09:56.712000
2024-06-23 13:16:14.230,11583,226,5,100,False,0,car,0 days 00:12:59.817000,0 days 01:09:56.912000
2024-06-23 13:16:14.470,10427,231,5,100,False,0,car,0 days 00:13:00.057000,0 days 01:09:57.152000
2024-06-23 13:16:14.670,10870,234,6,100,False,0,car,0 days 00:13:00.257000,0 days 01:09:57.352000
2024-06-23 13:16:14.950,11063,238,6,100,False,0,car,0 days 00:13:00.537000,0 days 01:09:57.632000
2024-06-23 13:16:15.110,11172,243,6,100,False,0,car,0 days 00:13:00.697000,0 days 01:09:57.792000
2024-06-23 13:16:15.270,11265,246,6,100,False,0,car,0 days 00:13:00.857000,0 days 01:09:57.952000
2024-06-23 13:16:15.510,11495,249,6,100,False,0,car,0 days 00:13:01.097000,0 days 01:09:58.192000
2024-06-23 13:16:15.790,11598,253,6,100,False,0,car,0 days 00:13:01.377000,0 days 01:09:58.472000
2024-06-23 13:16:15.949,11709,256,6,100,False,0,car,0 days 00:13:01.536000,0 days 01:09:58.631000
2024-06-23 13:16:16.269,10449,256,6,100,False,0,car,0 days 00:13:01.856000,0 days 01:09:58.951000
2024-06-23 13:16:16.469,10825,260,7,100,False,0,car,0 days 00:13:02.056000,0 days 01:09:59.151000
2024-06-23 13:16:16.669,10190,260,7,100,False,0,car,0 days 00:13:02.256000,0 days 01:09:59.351000
2024-06-23 13:16:17.029,10446,262,7,100,False,0,car,0 days 00:13:02.616000,0 days 01:09:59.711000
2024-06-23 13:16:17.429,10330,252,7,0,True,0,car,0 days 00:13:03.016000,0 days 01:10:00.111000
2024-06-23 13:16:17.589,9283,252,7,0,True,0,car,0 days 00:13:03.176000,0 days 01:10:00.271000
2024-06-23 13:16:17.869,9309,212,7,0,True,0,car,0 days 00:13:03.456000,0 days 01:10:00.551000
2024-06-23 13:16:18.069,8965,198,7,0,True,0,car,0 days 00:13:03.656000,0 days 01:10:00.751000
2024-06-23 13:16:18.230,9588,185,7,0,True,0,car,0 days 00:13:03.817000,0 days 01:10:00.912000
2024-06-23 13:16:18.630,9805,159,5,0,True,0,car,0 days 00:13:04.217000,0 days 01:10:01.312000
2024-06-23 13:16:18.870,8993,152,4,0,True,0,car,0 days 00:13:04.457000,0 days 01:10:01.552000
2024-06-23 13:16:19.110,8544,136,4,0,True,0,car,0 days 00:13:04.697000,0 days 01:10:01.792000
2024-06-23 13:16:19.510,9296,128,3,0,False,0,car,0 days 00:13:05.097000,0 days 01:10:02.192000
2024-06-23 13:16:19.670,9170,125,3,0,False,0,car,0 days 00:13:05.257000,0 days 01:10:02.352000
2024-06-23 13:16:20.110,8809,121,3,0,False,0,car,0 days 00:13:05.697000,0 days 01:10:02.792000
2024-06-23 13:16:20.270,8732,118,3,3,False,0,car,0 days 00:13:05.857000,0 days 01:10:02.952000
2024-06-23 13:16:20.430,8843,117,3,3,False,0,car,0 days 00:13:06.017000,0 days 01:10:03.112000
2024-06-23 13:16:20.870,8902,116,3,41,False,0,car,0 days 00:13:06.457000,0 days 01:10:03.552000
2024-06-23 13:16:21.310,9313,121,3,59,False,0,car,0 days 00:13:06.897000,0 days 01:10:03.992000
2024-06-23 13:16:21.590,9919,128,3,71,False,0,car,0 days 00:13:07.177000,0 days 01:10:04.272000
2024-06-23 13:16:21.990,10401,142,3,77,False,0,car,0 days 00:13:07.577000,0 days 01:10:04.672000
2024-06-23 13:16:22.310,9609,152,4,76,False,0,car,0 days 00:13:07.897000,0 days 01:10:04.992000
2024-06-23 13:16:22.589,9872,159,4,51,False,0,car,0 days 00:13:08.176000,0 days 01:10:05.271000
2024-06-23 13:16:22.789,9809,159,4,42,False,0,car,0 days 00:13:08.376000,0 days 01:10:05.471000
2024-06-23 13:16:23.189,10285,160,4,67,False,0,car,0 days 00:13:08.776000,0 days 01:10:05.871000
2024-06-23 13:16:23.389,10410,163,4,80,False,0,car,0 days 00:13:08.976000,0 days 01:10:06.071000
2024-06-23 13:16:23.669,10975,172,4,91,False,0,car,0 days 00:13:09.256000,0 days 01:10:06.351000
2024-06-23 13:16:23.869,11395,179,4,100,False,0,car,0 days 00:13:09.456000,0 days 01:10:06.551000
2024-06-23 13:16:24.069,11769,185,4,100,False,0,car,0 days 00:13:09.656000,0 days 01:10:06.751000
2024-06-23 13:16:24.429,10539,196,4,100,False,0,car,0 days 00:13:10.016000,0 days 01:10:07.111000
2024-06-23 13:16:24.589,10636,200,5,100,False,0,car,0 days 00:13:10.176000,0 days 01:10:07.271000
2024-06-23 13:16:24.830,11052,208,5,100,False,0,car,0 days 00:13:10.417000,0 days 01:10:07.512000
2024-06-23 13:16:25.030,11319,213,5,100,False,0,car,0 days 00:13:10.617000,0 days 01:10:07.712000
2024-06-23 13:16:25.230,11426,214,5,82,False,0,car,0 days 00:13:10.817000,0 days 01:10:07.912000
2024-06-23 13:16:25.390,11546,216,5,81,False,0,car,0 days 00:13:10.977000,0 days 01:10:08.072000
2024-06-23 13:16:25.590,10784,218,5,79,False,0,car,0 days 00:13:11.177000,0 days 01:10:08.272000
2024-06-23 13:16:25.750,9995,219,6,59,False,0,car,0 days 00:13:11.337000,0 days 01:10:08.432000
2024-06-23 13:16:26.110,10096,218,6,73,False,0,car,0 days 00:13:11.697000,0 days 01:10:08.792000
2024-06-23 13:16:26.950,10099,220,6,71,False,0,car,0 days 00:13:12.537000,0 days 01:10:09.632000
2024-06-23 13:16:27.390,10211,222,6,77,False,0,car,0 days 00:13:12.977000,0 days 01:10:10.072000
2024-06-23 13:16:27.630,10425,224,6,85,False,0,car,0 days 00:13:13.217000,0 days 01:10:10.312000
2024-06-23 13:16:27.790,10519,226,6,100,False,0,car,0 days 00:13:13.377000,0 days 01:10:10.472000
2024-06-23 13:16:28.230,10829,229,6,100,False,0,car,0 days 00:13:13.817000,0 days 01:10:10.912000
2024-06-23 13:16:28.430,10926,236,6,100,False,0,car,0 days 00:13:14.017000,0 days 01:10:11.112000
2024-06-23 13:16:28.670,11051,240,6,100,False,0,car,0 days 00:13:14.257000,0 days 01:10:11.352000
2024-06-23 13:16:28.950,11280,244,6,100,False,0,car,0 days 00:13:14.537000,0 days 01:10:11.632000
2024-06-23 13:16:29.110,11342,246,6,100,False,0,car,0 days 00:13:14.697000,0 days 01:10:11.792000
2024-06-23 13:16:29.389,11479,249,6,100,False,0,car,0 days 00:13:14.976000,0 days 01:10:12.071000
2024-06-23 13:16:29.629,11565,254,6,100,False,0,car,0 days 00:13:15.216000,0 days 01:10:12.311000
2024-06-23 13:16:29.789,11682,255,6,100,False,0,car,0 days 00:13:15.376000,0 days 01:10:12.471000
2024-06-23 13:16:30.269,10542,260,7,100,False,0,car,0 days 00:13:15.856000,0 days 01:10:12.951000
2024-06-23 13:16:30.509,10630,263,7,100,False,0,car,0 days 00:13:16.096000,0 days 01:10:13.191000
2024-06-23 13:16:30.669,10662,265,7,100,False,0,car,0 days 00:13:16.256000,0 days 01:10:13.351000
2024-06-23 13:16:30.909,10710,267,7,100,False,0,car,0 days 00:13:16.496000,0 days 01:10:13.591000
2024-06-23 13:16:31.109,10849,271,7,100,False,0,car,0 days 00:13:16.696000,0 days 01:10:13.791000
2024-06-23 13:16:31.550,11006,274,7,100,False,0,car,0 days 00:13:17.137000,0 days 01:10:14.232000
2024-06-23 13:16:31.950,11127,278,7,100,False,0,car,0 days 00:13:17.537000,0 days 01:10:14.632000
2024-06-23 13:16:32.270,11153,279,7,100,False,0,car,0 days 00:13:17.857000,0 days 01:10:14.952000
2024-06-23 13:16:32.430,11142,279,7,100,False,0,car,0 days 00:13:18.017000,0 days 01:10:15.112000
2024-06-23 13:16:32.590,11136,279,7,100,False,0,car,0 days 00:13:18.177000,0 days 01:10:15.272000
2024-06-23 13:16:32.870,11140,279,7,100,False,0,car,0 days 00:13:18.457000,0 days 01:10:15.552000
2024-06-23 13:16:33.110,10790,276,7,0,True,0,car,0 days 00:13:18.697000,0 days 01:10:15.792000
2024-06-23 13:16:33.510,9876,232,7,0,True,0,car,0 days 00:13:19.097000,0 days 01:10:16.192000
2024-06-23 13:16:33.710,9605,212,7,0,True,0,car,0 days 00:13:19.297000,0 days 01:10:16.392000
2024-06-23 13:16:34.030,9555,190,6,0,True,0,car,0 days 00:13:19.617000,0 days 01:10:16.712000
2024-06-23 13:16:34.190,9247,190,5,0,True,0,car,0 days 00:13:19.777000,0 days 01:10:16.872000
2024-06-23 13:16:34.390,10371,170,5,0,True,0,car,0 days 00:13:19.977000,0 days 01:10:17.072000
2024-06-23 13:16:34.790,9619,157,4,0,True,0,car,0 days 00:13:20.377000,0 days 01:10:17.472000
2024-06-23 13:16:34.990,9404,152,4,0,False,0,car,0 days 00:13:20.577000,0 days 01:10:17.672000
2024-06-23 13:16:35.190,9161,149,4,0,False,0,car,0 days 00:13:20.777000,0 days 01:10:17.872000
2024-06-23 13:16:35.430,8983,144,4,0,False,0,car,0 days 00:13:21.017000,0 days 01:10:18.112000
2024-06-23 13:16:35.910,8665,139,4,16,False,0,car,0 days 00:13:21.497000,0 days 01:10:18.592000
2024-06-23 13:16:36.069,8772,138,4,41,False,0,car,0 days 00:13:21.656000,0 days 01:10:18.751000
2024-06-23 13:16:36.469,8978,140,4,59,False,0,car,0 days 00:13:22.056000,0 days 01:10:19.151000
2024-06-23 13:16:36.709,9345,144,4,63,False,0,car,0 days 00:13:22.296000,0 days 01:10:19.391000
2024-06-23 13:16:36.869,9444,147,4,74,False,0,car,0 days 00:13:22.456000,0 days 01:10:19.551000
2024-06-23 13:16:37.029,9853,152,4,77,False,0,car,0 days 00:13:22.616000,0 days 01:10:19.711000
2024-06-23 13:16:37.229,10218,158,4,81,False,0,car,0 days 00:13:22.816000,0 days 01:10:19.911000
2024-06-23 13:16:37.469,10475,165,4,87,False,0,car,0 days 00:13:23.056000,0 days 01:10:20.151000
2024-06-23 13:16:37.669,11033,171,4,100,False,0,car,0 days 00:13:23.256000,0 days 01:10:20.351000
2024-06-23 13:16:37.909,11424,178,4,100,False,0,car,0 days 00:13:23.496000,0 days 01:10:20.591000
2024-06-23 13:16:38.150,10304,187,4,100,False,0,car,0 days 00:13:23.737000,0 days 01:10:20.832000
2024-06-23 13:16:38.310,10290,191,5,100,False,0,car,0 days 00:13:23.897000,0 days 01:10:20.992000
2024-06-23 13:16:38.590,10695,198,5,100,False,0,car,0 days 00:13:24.177000,0 days 01:10:21.272000
2024-06-23 13:16:38.830,11066,206,5,100,False,0,car,0 days 00:13:24.417000,0 days 01:10:21.512000
2024-06-23 13:16:39.070,11306,211,5,100,False,0,car,0 days 00:13:24.657000,0 days 01:10:21.752000
2024-06-23 13:16:39.310,11595,216,5,100,False,0,car,0 days 00:13:24.897000,0 days 01:10:21.992000
2024-06-23 13:16:39.510,11742,219,5,100,False,0,car,0 days 00:13:25.097000,0 days 01:10:22.192000
2024-06-23 13:16:39.830,10472,228,5,100,False,0,car,0 days 00:13:25.417000,0 days 01:10:22.512000
2024-06-23 13:16:40.070,10642,232,6,100,False,0,car,0 days 00:13:25.657000,0 days 01:10:22.752000
2024-06-23 13:16:40.430,10808,237,6,100,False,0,car,0 days 00:13:26.017000,0 days 01:10:23.112000
2024-06-23 13:16:40.830,10884,239,6,100,False,0,car,0 days 00:13:26.417000,0 days 01:10:23.512000
2024-06-23 13:16:41.230,9762,210,6,0,True,0,car,0 days 00:13:26.817000,0 days 01:10:23.912000
2024-06-23 13:16:41.390,8895,200,6,0,True,0,car,0 days 00:13:26.977000,0 days 01:10:24.072000
2024-06-23 13:16:41.670,9145,175,5,0,True,0,car,0 days 00:13:27.257000,0 days 01:10:24.352000
2024-06-23 13:16:41.870,9824,160,5,0,True,0,car,0 days 00:13:27.457000,0 days 01:10:24.552000
2024-06-23 13:16:42.030,9660,154,5,0,True,0,car,0 days 00:13:27.617000,0 days 01:10:24.712000
2024-06-23 13:16:42.310,9732,139,4,0,True,0,car,0 days 00:13:27.897000,0 days 01:10:24.992000
2024-06-23 13:16:42.470,9706,132,3,0,True,0,car,0 days 00:13:28.057000,0 days 01:10:25.152000
2024-06-23 13:16:42.630,9091,126,3,0,True,0,car,0 days 00:13:28.217000,0 days 01:10:25.312000
2024-06-23 13:16:42.949,8840,120,3,0,True,0,car,0 days 00:13:28.536000,0 days 01:10:25.631000
2024-06-23 13:16:43.189,8378,116,3,0,True,0,car,0 days 00:13:28.776000,0 days 01:10:25.871000
2024-06-23 13:16:43.389,8193,112,3,0,True,0,car,0 days 00:13:28.976000,0 days 01:10:26.071000
2024-06-23 13:16:43.589,7984,109,3,0,True,0,car,0 days 00:13:29.176000,0 days 01:10:26.271000
2024-06-23 13:16:43.909,7582,105,3,0,True,0,car,0 days 00:13:29.496000,0 days 01:10:26.591000
2024-06-23 13:16:44.149,7542,101,3,3,True,0,car,0 days 00:13:29.736000,0 days 01:10:26.831000
2024-06-23 13:16:44.550,7712,103,3,39,True,0,car,0 days 00:13:30.137000,0 days 01:10:27.232000
2024-06-23 13:16:44.710,8173,105,3,50,True,0,car,0 days 00:13:30.297000,0 days 01:10:27.392000
2024-06-23 13:16:44.910,8487,109,3,56,True,0,car,0 days 00:13:30.497000,0 days 01:10:27.592000
2024-06-23 13:16:45.230,9259,120,3,68,True,0,car,0 days 00:13:30.817000,0 days 01:10:27.912000
2024-06-23 13:16:45.550,10281,132,3,82,True,0,car,0 days 00:13:31.137000,0 days 01:10:28.232000
2024-06-23 13:16:45.870,10967,148,3,100,True,0,car,0 days 00:13:31.457000,0 days 01:10:28.552000
2024-06-23 13:16:46.070,10058,157,3,100,True,0,car,0 days 00:13:31.657000,0 days 01:10:28.752000
2024-06-23 13:16:46.350,10869,170,4,100,True,0,car,0 days 00:13:31.937000,0 days 01:10:29.032000
2024-06-23 13:16:46.550,11461,180,4,100,True,0,car,0 days 00:13:32.137000,0 days 01:10:29.232000
2024-06-23 13:16:46.790,10932,186,4,100,True,0,car,0 days 00:13:32.377000,0 days 01:10:29.472000
2024-06-23 13:16:47.070,10575,198,5,100,True,0,car,0 days 00:13:32.657000,0 days 01:10:29.752000
2024-06-23 13:16:47.430,11224,211,5,100,True,0,car,0 days 00:13:33.017000,0 days 01:10:30.112000
2024-06-23 13:16:47.710,11636,216,5,100,True,0,car,0 days 00:13:33.297000,0 days 01:10:30.392000
2024-06-23 13:16:47.910,11636,221,5,100,True,0,car,0 days 00:13:33.497000,0 days 01:10:30.592000
2024-06-23 13:16:48.190,10435,230,5,100,True,0,car,0 days 00:13:33.777000,0 days 01:10:30.872000
2024-06-23 13:16:48.470,10747,236,6,100,True,0,car,0 days 00:13:34.057000,0 days 01:10:31.152000
2024-06-23 13:16:48.670,11024,239,6,100,True,0,car,0 days 00:13:34.257000,0 days 01:10:31.352000
2024-06-23 13:16:48.950,11239,244,6,100,True,0,car,0 days 00:13:34.537000,0 days 01:10:31.632000
2024-06-23 13:16:49.230,11431,249,6,100,True,0,car,0 days 00:13:34.817000,0 days 01:10:31.912000
2024-06-23 13:16:49.430,11517,251,6,100,True,0,car,0 days 00:13:35.017000,0 days 01:10:32.112000
2024-06-23 13:16:49.709,11564,252,6,100,True,0,car,0 days 00:13:35.296000,0 days 01:10:32.391000
2024-06-23 13:16:49.949,11541,254,6,100,True,0,car,0 days 00:13:35.536000,0 days 01:10:32.631000
2024-06-23 13:16:50.149,11852,244,6,0,True,0,car,0 days 00:13:35.736000,0 days 01:10:32.831000
2024-06-23 13:16:50.509,9612,214,6,0,True,0,car,0 days 00:13:36.096000,0 days 01:10:33.191000
2024-06-23 13:16:50.789,9734,186,6,0,True,0,car,0 days 00:13:36.376000,0 days 01:10:33.471000
2024-06-23 13:16:50.949,8985,178,5,0,True,0,car,0 days 00:13:36.536000,0 days 01:10:33.631000
2024-06-23 13:16:51.110,9245,178,5,0,True,0,car,0 days 00:13:36.697000,0 days 01:10:33.792000
2024-06-23 13:16:51.270,9623,157,5,0,True,0,car,0 days 00:13:36.857000,0 days 01:10:33.952000
2024-06-23 13:16:51.550,9136,149,4,0,True,0,car,0 days 00:13:37.137000,0 days 01:10:34.232000
2024-06-23 13:16:51.790,9018,143,4,0,False,0,car,0 days 00:13:37.377000,0 days 01:10:34.472000
2024-06-23 13:16:52.190,8828,139,4,16,False,0,car,0 days 00:13:37.777000,0 days 01:10:34.872000
2024-06-23 13:16:52.350,8655,137,4,40,False,0,car,0 days 00:13:37.937000,0 days 01:10:35.032000
2024-06-23 13:16:52.550,9026,139,4,55,False,0,car,0 days 00:13:38.137000,0 days 01:10:35.232000
2024-06-23 13:16:52.750,9195,141,4,63,False,0,car,0 days 00:13:38.337000,0 days 01:10:35.432000
2024-06-23 13:16:53.030,9473,145,4,78,False,0,car,0 days 00:13:38.617000,0 days 01:10:35.712000
2024-06-23 13:16:53.190,10153,151,4,100,False,0,car,0 days 00:13:38.777000,0 days 01:10:35.872000
2024-06-23 13:16:53.510,10598,164,4,100,False,0,car,0 days 00:13:39.097000,0 days 01:10:36.192000
2024-06-23 13:16:53.670,10945,173,4,100,False,0,car,0 days 00:13:39.257000,0 days 01:10:36.352000
2024-06-23 13:16:53.910,11406,179,4,100,False,0,car,0 days 00:13:39.497000,0 days 01:10:36.592000
2024-06-23 13:16:54.310,10179,192,4,100,False,0,car,0 days 00:13:39.897000,0 days 01:10:36.992000
2024-06-23 13:16:54.510,10742,197,5,100,False,0,car,0 days 00:13:40.097000,0 days 01:10:37.192000
2024-06-23 13:16:54.670,10888,203,5,100,False,0,car,0 days 00:13:40.257000,0 days 01:10:37.352000
2024-06-23 13:16:54.830,11027,207,5,100,False,0,car,0 days 00:13:40.417000,0 days 01:10:37.512000
2024-06-23 13:16:55.150,11510,216,5,100,False,0,car,0 days 00:13:40.737000,0 days 01:10:37.832000
2024-06-23 13:16:55.430,11831,223,5,100,False,0,car,0 days 00:13:41.017000,0 days 01:10:38.112000
2024-06-23 13:16:55.670,11271,227,5,100,False,0,car,0 days 00:13:41.257000,0 days 01:10:38.352000
2024-06-23 13:16:56.030,10791,228,6,100,False,0,car,0 days 00:13:41.617000,0 days 01:10:38.712000
2024-06-23 13:16:56.389,10997,240,6,100,False,0,car,0 days 00:13:41.976000,0 days 01:10:39.071000
2024-06-23 13:16:56.709,11004,242,6,100,False,0,car,0 days 00:13:42.296000,0 days 01:10:39.391000
2024-06-23 13:16:56.909,11122,243,6,100,False,0,car,0 days 00:13:42.496000,0 days 01:10:39.591000
2024-06-23 13:16:57.109,11224,244,6,0,False,0,car,0 days 00:13:42.696000,0 days 01:10:39.791000
2024-06-23 13:16:57.469,10624,233,6,0,False,0,car,0 days 00:13:43.056000,0 days 01:10:40.151000
2024-06-23 13:16:57.790,10106,227,6,50,False,0,car,0 days 00:13:43.377000,0 days 01:10:40.472000
2024-06-23 13:16:57.990,10387,225,6,76,False,0,car,0 days 00:13:43.577000,0 days 01:10:40.672000
2024-06-23 13:16:58.230,10360,226,6,67,False,0,car,0 days 00:13:43.817000,0 days 01:10:40.912000
2024-06-23 13:16:58.390,10355,224,6,62,False,0,car,0 days 00:13:43.977000,0 days 01:10:41.072000
2024-06-23 13:16:58.750,10653,228,6,100,False,0,car,0 days 00:13:44.337000,0 days 01:10:41.432000
2024-06-23 13:16:58.910,10759,228,6,100,False,0,car,0 days 00:13:44.497000,0 days 01:10:41.592000
2024-06-23 13:16:59.070,10752,232,6,100,False,0,car,0 days 00:13:44.657000,0 days 01:10:41.752000
2024-06-23 13:16:59.230,10893,234,6,100,False,0,car,0 days 00:13:44.817000,0 days 01:10:41.912000
2024-06-23 13:16:59.550,11106,240,6,100,False,0,car,0 days 00:13:45.137000,0 days 01:10:42.232000
2024-06-23 13:16:59.990,11305,246,6,100,False,0,car,0 days 00:13:45.577000,0 days 01:10:42.672000
2024-06-23 13:17:00.270,11528,251,6,100,False,0,car,0 days 00:13:45.857000,0 days 01:10:42.952000
2024-06-23 13:17:00.590,11706,256,6,100,False,0,car,0 days 00:13:46.177000,0 days 01:10:43.272000
2024-06-23 13:17:00.950,10964,261,6,100,False,0,car,0 days 00:13:46.537000,0 days 01:10:43.632000
2024-06-23 13:17:01.230,10471,264,7,100,False,0,car,0 days 00:13:46.817000,0 days 01:10:43.912000
2024-06-23 13:17:01.390,10639,264,7,100,False,0,car,0 days 00:13:46.977000,0 days 01:10:44.072000
2024-06-23 13:17:01.550,10827,268,7,100,False,0,car,0 days 00:13:47.137000,0 days 01:10:44.232000
2024-06-23 13:17:01.750,10844,270,7,100,False,0,car,0 days 00:13:47.337000,0 days 01:10:44.432000
2024-06-23 13:17:01.950,10929,273,7,100,False,0,car,0 days 00:13:47.537000,0 days 01:10:44.632000
2024-06-23 13:17:02.190,10975,275,7,100,False,0,car,0 days 00:13:47.777000,0 days 01:10:44.872000
2024-06-23 13:17:02.470,11143,278,7,100,False,0,car,0 days 00:13:48.057000,0 days 01:10:45.152000
2024-06-23 13:17:02.750,11228,281,7,100,False,0,car,0 days 00:13:48.337000,0 days 01:10:45.432000
2024-06-23 13:17:03.069,11314,283,7,100,False,0,car,0 days 00:13:48.656000,0 days 01:10:45.751000
2024-06-23 13:17:03.509,11460,287,7,100,False,0,car,0 days 00:13:49.096000,0 days 01:10:46.191000
2024-06-23 13:17:03.709,11472,288,7,100,False,0,car,0 days 00:13:49.296000,0 days 01:10:46.391000
2024-06-23 13:17:04.069,11534,288,7,100,False,0,car,0 days 00:13:49.656000,0 days 01:10:46.751000
2024-06-23 13:17:04.550,11051,282,7,0,True,0,car,0 days 00:13:50.137000,0 days 01:10:47.232000
2024-06-23 13:17:04.870,10041,251,7,0,True,0,car,0 days 00:13:50.457000,0 days 01:10:47.552000
2024-06-23 13:17:05.150,9542,216,7,0,True,0,car,0 days 00:13:50.737000,0 days 01:10:47.832000
2024-06-23 13:17:05.310,9542,204,7,0,True,0,car,0 days 00:13:50.897000,0 days 01:10:47.992000
2024-06-23 13:17:05.590,9542,175,6,0,True,0,car,0 days 00:13:51.177000,0 days 01:10:48.272000
2024-06-23 13:17:06.030,8955,144,4,0,True,0,car,0 days 00:13:51.617000,0 days 01:10:48.712000
2024-06-23 13:17:06.230,8419,137,4,0,True,0,car,0 days 00:13:51.817000,0 days 01:10:48.912000
2024-06-23 13:17:06.430,8100,131,4,0,True,0,car,0 days 00:13:52.017000,0 days 01:10:49.112000
2024-06-23 13:17:06.710,7870,125,4,0,True,0,car,0 days 00:13:52.297000,0 days 01:10:49.392000
2024-06-23 13:17:06.950,7368,119,4,0,True,0,car,0 days 00:13:52.537000,0 days 01:10:49.632000
2024-06-23 13:17:07.270,7051,116,4,0,True,0,car,0 days 00:13:52.857000,0 days 01:10:49.952000
2024-06-23 13:17:07.510,7059,112,4,0,False,0,car,0 days 00:13:53.097000,0 days 01:10:50.192000
2024-06-23 13:17:07.750,6611,109,4,0,False,0,car,0 days 00:13:53.337000,0 days 01:10:50.432000
2024-06-23 13:17:07.950,6644,106,4,0,False,0,car,0 days 00:13:53.537000,0 days 01:10:50.632000
2024-06-23 13:17:08.270,6757,104,4,30,False,0,car,0 days 00:13:53.857000,0 days 01:10:50.952000
2024-06-23 13:17:08.710,7038,108,4,40,False,0,car,0 days 00:13:54.297000,0 days 01:10:51.392000
2024-06-23 13:17:08.950,7206,110,4,45,False,0,car,0 days 00:13:54.537000,0 days 01:10:51.632000
2024-06-23 13:17:09.270,7564,117,4,53,False,0,car,0 days 00:13:54.857000,0 days 01:10:51.952000
2024-06-23 13:17:09.510,7734,120,4,58,False,0,car,0 days 00:13:55.097000,0 days 01:10:52.192000
2024-06-23 13:17:09.749,8274,128,4,69,False,0,car,0 days 00:13:55.336000,0 days 01:10:52.431000
2024-06-23 13:17:09.949,8633,134,4,77,False,0,car,0 days 00:13:55.536000,0 days 01:10:52.631000
2024-06-23 13:17:10.189,9184,141,4,84,False,0,car,0 days 00:13:55.776000,0 days 01:10:52.871000
2024-06-23 13:17:10.509,9996,153,4,100,False,0,car,0 days 00:13:56.096000,0 days 01:10:53.191000
2024-06-23 13:17:10.830,10777,168,4,100,False,0,car,0 days 00:13:56.417000,0 days 01:10:53.512000
2024-06-23 13:17:11.150,11221,180,4,100,False,0,car,0 days 00:13:56.737000,0 days 01:10:53.832000
2024-06-23 13:17:11.310,11762,183,4,100,False,0,car,0 days 00:13:56.897000,0 days 01:10:53.992000
2024-06-23 13:17:11.510,11127,190,4,100,False,0,car,0 days 00:13:57.097000,0 days 01:10:54.192000
2024-06-23 13:17:11.670,10308,192,4,100,False,0,car,0 days 00:13:57.257000,0 days 01:10:54.352000
2024-06-23 13:17:11.990,10447,200,5,100,False,0,car,0 days 00:13:57.577000,0 days 01:10:54.672000
2024-06-23 13:17:12.270,10322,200,5,0,True,0,car,0 days 00:13:57.857000,0 days 01:10:54.952000
2024-06-23 13:17:12.550,9465,181,5,0,True,0,car,0 days 00:13:58.137000,0 days 01:10:55.232000
2024-06-23 13:17:12.750,9338,171,5,0,True,0,car,0 days 00:13:58.337000,0 days 01:10:55.432000
2024-06-23 13:17:13.030,9735,161,4,0,True,0,car,0 days 00:13:58.617000,0 days 01:10:55.712000
2024-06-23 13:17:13.310,9198,150,4,0,True,0,car,0 days 00:13:58.897000,0 days 01:10:55.992000
2024-06-23 13:17:13.550,8687,142,4,0,True,0,car,0 days 00:13:59.137000,0 days 01:10:56.232000
2024-06-23 13:17:13.910,8208,139,4,0,True,0,car,0 days 00:13:59.497000,0 days 01:10:56.592000
2024-06-23 13:17:14.110,8128,132,4,0,False,0,car,0 days 00:13:59.697000,0 days 01:10:56.792000
2024-06-23 13:17:14.270,8111,128,4,0,False,0,car,0 days 00:13:59.857000,0 days 01:10:56.952000
2024-06-23 13:17:14.470,7898,126,4,0,False,0,car,0 days 00:14:00.057000,0 days 01:10:57.152000
2024-06-23 13:17:14.750,7768,123,4,23,False,0,car,0 days 00:14:00.337000,0 days 01:10:57.432000
2024-06-23 13:17:14.950,7815,123,4,32,False,0,car,0 days 00:14:00.537000,0 days 01:10:57.632000
2024-06-23 13:17:15.110,7946,123,4,37,False,0,car,0 days 00:14:00.697000,0 days 01:10:57.792000
2024-06-23 13:17:15.310,8050,124,4,42,False,0,car,0 days 00:14:00.897000,0 days 01:10:57.992000
2024-06-23 13:17:15.550,8118,127,4,50,False,0,car,0 days 00:14:01.137000,0 days 01:10:58.232000
2024-06-23 13:17:15.870,8527,132,4,58,False,0,car,0 days 00:14:01.457000,0 days 01:10:58.552000
2024-06-23 13:17:16.070,8739,136,4,61,False,0,car,0 days 00:14:01.657000,0 days 01:10:58.752000
2024-06-23 13:17:16.429,9354,143,4,71,False,0,car,0 days 00:14:02.016000,0 days 01:10:59.111000
2024-06-23 13:17:16.829,10206,157,4,87,False,0,car,0 days 00:14:02.416000,0 days 01:10:59.511000
2024-06-23 13:17:16.989,10461,161,4,94,False,0,car,0 days 00:14:02.576000,0 days 01:10:59.671000
2024-06-23 13:17:17.349,11346,177,4,100,False,0,car,0 days 00:14:02.936000,0 days 01:11:00.031000
2024-06-23 13:17:17.670,11187,187,4,100,False,0,car,0 days 00:14:03.257000,0 days 01:11:00.352000
2024-06-23 13:17:17.990,10492,197,5,100,False,0,car,0 days 00:14:03.577000,0 days 01:11:00.672000
2024-06-23 13:17:18.190,10932,204,5,100,False,0,car,0 days 00:14:03.777000,0 days 01:11:00.872000
2024-06-23 13:17:18.550,11472,215,5,100,False,0,car,0 days 00:14:04.137000,0 days 01:11:01.232000
2024-06-23 13:17:18.910,11859,223,5,100,False,0,car,0 days 00:14:04.497000,0 days 01:11:01.592000
2024-06-23 13:17:19.190,10149,228,6,97,False,0,car,0 days 00:14:04.777000,0 days 01:11:01.872000
2024-06-23 13:17:19.390,10702,232,6,78,False,0,car,0 days 00:14:04.977000,0 days 01:11:02.072000
2024-06-23 13:17:19.790,11084,235,6,90,False,0,car,0 days 00:14:05.377000,0 days 01:11:02.472000
2024-06-23 13:17:20.230,10995,239,6,100,False,0,car,0 days 00:14:05.817000,0 days 01:11:02.912000
2024-06-23 13:17:20.550,11255,242,6,100,False,0,car,0 days 00:14:06.137000,0 days 01:11:03.232000
2024-06-23 13:17:20.710,11342,245,6,100,False,0,car,0 days 00:14:06.297000,0 days 01:11:03.392000
2024-06-23 13:17:21.030,11474,248,6,100,False,0,car,0 days 00:14:06.617000,0 days 01:11:03.712000
2024-06-23 13:17:21.190,11474,250,6,100,False,0,car,0 days 00:14:06.777000,0 days 01:11:03.872000
2024-06-23 13:17:21.430,11627,253,6,100,False,0,car,0 days 00:14:07.017000,0 days 01:11:04.112000
2024-06-23 13:17:21.590,11712,253,6,100,False,0,car,0 days 00:14:07.177000,0 days 01:11:04.272000
2024-06-23 13:17:21.790,11623,257,6,100,False,0,car,0 days 00:14:07.377000,0 days 01:11:04.472000
2024-06-23 13:17:22.270,10221,260,7,100,False,0,car,0 days 00:14:07.857000,0 days 01:11:04.952000
2024-06-23 13:17:22.430,10431,260,7,100,False,0,car,0 days 00:14:08.017000,0 days 01:11:05.112000
2024-06-23 13:17:22.790,9691,260,7,7,True,0,car,0 days 00:14:08.377000,0 days 01:11:05.472000
2024-06-23 13:17:23.070,10038,248,7,0,True,0,car,0 days 00:14:08.657000,0 days 01:11:05.752000
2024-06-23 13:17:23.429,11020,236,6,39,False,0,car,0 days 00:14:09.016000,0 days 01:11:06.111000
2024-06-23 13:17:23.909,10801,234,6,75,False,0,car,0 days 00:14:09.496000,0 days 01:11:06.591000
2024-06-23 13:17:24.070,10791,235,6,82,False,0,car,0 days 00:14:09.657000,0 days 01:11:06.752000
2024-06-23 13:17:24.510,10897,236,6,100,False,0,car,0 days 00:14:10.097000,0 days 01:11:07.192000
2024-06-23 13:17:24.750,11141,239,6,100,False,0,car,0 days 00:14:10.337000,0 days 01:11:07.432000
2024-06-23 13:17:25.030,11213,243,6,100,False,0,car,0 days 00:14:10.617000,0 days 01:11:07.712000
2024-06-23 13:17:25.190,11213,244,6,100,False,0,car,0 days 00:14:10.777000,0 days 01:11:07.872000
2024-06-23 13:17:25.390,11384,246,6,100,False,0,car,0 days 00:14:10.977000,0 days 01:11:08.072000
2024-06-23 13:17:25.630,11450,251,6,100,False,0,car,0 days 00:14:11.217000,0 days 01:11:08.312000
2024-06-23 13:17:25.950,11678,254,6,100,False,0,car,0 days 00:14:11.537000,0 days 01:11:08.632000
2024-06-23 13:17:26.190,11749,257,6,100,False,0,car,0 days 00:14:11.777000,0 days 01:11:08.872000
2024-06-23 13:17:26.470,10705,260,6,100,False,0,car,0 days 00:14:12.057000,0 days 01:11:09.152000
2024-06-23 13:17:26.670,10548,261,7,100,False,0,car,0 days 00:14:12.257000,0 days 01:11:09.352000
2024-06-23 13:17:26.950,10655,266,7,100,False,0,car,0 days 00:14:12.537000,0 days 01:11:09.632000
2024-06-23 13:17:27.110,10728,267,7,100,False,0,car,0 days 00:14:12.697000,0 days 01:11:09.792000
2024-06-23 13:17:27.390,10876,271,7,100,False,0,car,0 days 00:14:12.977000,0 days 01:11:10.072000
2024-06-23 13:17:27.670,10953,273,7,100,False,0,car,0 days 00:14:13.257000,0 days 01:11:10.352000
2024-06-23 13:17:27.990,11047,276,7,100,False,0,car,0 days 00:14:13.577000,0 days 01:11:10.672000
2024-06-23 13:17:28.190,11116,278,7,100,False,0,car,0 days 00:14:13.777000,0 days 01:11:10.872000
2024-06-23 13:17:28.390,11184,280,7,100,False,0,car,0 days 00:14:13.977000,0 days 01:11:11.072000
2024-06-23 13:17:28.590,11285,281,7,100,False,0,car,0 days 00:14:14.177000,0 days 01:11:11.272000
2024-06-23 13:17:28.830,11346,283,7,100,False,0,car,0 days 00:14:14.417000,0 days 01:11:11.512000
2024-06-23 13:17:28.990,11394,284,7,100,False,0,car,0 days 00:14:14.577000,0 days 01:11:11.672000
2024-06-23 13:17:29.430,11547,288,7,100,False,0,car,0 days 00:14:15.017000,0 days 01:11:12.112000
2024-06-23 13:17:29.630,11565,288,7,100,False,0,car,0 days 00:14:15.217000,0 days 01:11:12.312000
2024-06-23 13:17:30.069,11617,291,7,100,False,0,car,0 days 00:14:15.656000,0 days 01:11:12.751000
2024-06-23 13:17:30.429,11419,292,7,100,False,0,car,0 days 00:14:16.016000,0 days 01:11:13.111000
2024-06-23 13:17:30.630,10132,293,7,100,False,0,car,0 days 00:14:16.217000,0 days 01:11:13.312000
2024-06-23 13:17:30.790,10448,294,8,100,False,0,car,0 days 00:14:16.377000,0 days 01:11:13.472000
2024-06-23 13:17:31.110,10452,294,8,100,False,0,car,0 days 00:14:16.697000,0 days 01:11:13.792000
2024-06-23 13:17:31.390,10487,294,8,100,False,0,car,0 days 00:14:16.977000,0 days 01:11:14.072000
2024-06-23 13:17:31.710,10476,295,8,100,False,0,car,0 days 00:14:17.297000,0 days 01:11:14.392000
2024-06-23 13:17:32.150,10544,296,8,100,False,0,car,0 days 00:14:17.737000,0 days 01:11:14.832000
2024-06-23 13:17:32.390,10557,296,8,100,False,0,car,0 days 00:14:17.977000,0 days 01:11:15.072000
2024-06-23 13:17:32.750,10573,298,8,100,False,0,car,0 days 00:14:18.337000,0 days 01:11:15.432000
2024-06-23 13:17:33.150,10589,298,8,100,False,0,car,0 days 00:14:18.737000,0 days 01:11:15.832000
2024-06-23 13:17:33.550,10622,298,8,100,False,0,car,0 days 00:14:19.137000,0 days 01:11:16.232000
2024-06-23 13:17:33.870,10632,299,8,100,False,0,car,0 days 00:14:19.457000,0 days 01:11:16.552000
2024-06-23 13:17:34.150,10656,300,8,100,False,0,car,0 days 00:14:19.737000,0 days 01:11:16.832000
2024-06-23 13:17:34.470,10642,300,8,100,False,0,car,0 days 00:14:20.057000,0 days 01:11:17.152000
2024-06-23 13:17:34.670,10680,300,8,100,False,0,car,0 days 00:14:20.257000,0 days 01:11:17.352000
2024-06-23 13:17:34.830,10663,300,8,100,False,0,car,0 days 00:14:20.417000,0 days 01:11:17.512000
2024-06-23 13:17:35.110,10688,301,8,100,False,0,car,0 days 00:14:20.697000,0 days 01:11:17.792000
2024-06-23 13:17:35.390,10703,300,8,100,False,0,car,0 days 00:14:20.977000,0 days 01:11:18.072000
2024-06-23 13:17:35.790,10672,300,8,100,False,0,car,0 days 00:14:21.377000,0 days 01:11:18.472000
2024-06-23 13:17:35.950,10664,300,8,100,False,0,car,0 days 00:14:21.537000,0 days 01:11:18.632000
2024-06-23 13:17:36.150,10694,300,8,100,False,0,car,0 days 00:14:21.737000,0 days 01:11:18.832000
2024-06-23 13:17:36.350,10678,301,8,100,False,0,car,0 days 00:14:21.937000,0 days 01:11:19.032000
2024-06-23 13:17:36.829,10673,301,8,100,False,0,car,0 days 00:14:22.416000,0 days 01:11:19.511000
2024-06-23 13:17:36.989,10574,300,8,76,False,0,car,0 days 00:14:22.576000,0 days 01:11:19.671000
2024-06-23 13:17:37.230,10346,291,8,0,True,0,car,0 days 00:14:22.817000,0 days 01:11:19.912000
2024-06-23 13:17:37.670,9642,249,8,0,True,0,car,0 days 00:14:23.257000,0 days 01:11:20.352000
2024-06-23 13:17:37.870,8881,224,8,0,True,0,car,0 days 00:14:23.457000,0 days 01:11:20.552000
2024-06-23 13:17:38.190,9205,196,7,0,True,0,car,0 days 00:14:23.777000,0 days 01:11:20.872000
2024-06-23 13:17:38.470,9311,176,6,0,True,0,car,0 days 00:14:24.057000,0 days 01:11:21.152000
2024-06-23 13:17:38.630,8951,169,5,0,True,0,car,0 days 00:14:24.217000,0 days 01:11:21.312000
2024-06-23 13:17:38.990,9681,157,4,0,True,0,car,0 days 00:14:24.577000,0 days 01:11:21.672000
2024-06-23 13:17:39.230,9429,150,4,0,False,0,car,0 days 00:14:24.817000,0 days 01:11:21.912000
2024-06-23 13:17:39.590,8987,146,4,0,False,0,car,0 days 00:14:25.177000,0 days 01:11:22.272000
2024-06-23 13:17:39.950,8910,142,4,35,False,0,car,0 days 00:14:25.537000,0 days 01:11:22.632000
2024-06-23 13:17:40.350,9204,143,4,57,False,0,car,0 days 00:14:25.937000,0 days 01:11:23.032000
2024-06-23 13:17:40.510,9196,145,4,58,False,0,car,0 days 00:14:26.097000,0 days 01:11:23.192000
2024-06-23 13:17:40.670,9535,146,4,70,False,0,car,0 days 00:14:26.257000,0 days 01:11:23.352000
2024-06-23 13:17:41.030,9845,158,4,71,False,0,car,0 days 00:14:26.617000,0 days 01:11:23.712000
2024-06-23 13:17:41.190,10003,160,4,71,False,0,car,0 days 00:14:26.777000,0 days 01:11:23.872000
2024-06-23 13:17:41.430,8840,165,4,61,False,0,car,0 days 00:14:27.017000,0 days 01:11:24.112000
2024-06-23 13:17:41.790,9031,168,5,68,False,0,car,0 days 00:14:27.377000,0 days 01:11:24.472000
2024-06-23 13:17:42.030,9269,171,5,74,False,0,car,0 days 00:14:27.617000,0 days 01:11:24.712000
2024-06-23 13:17:42.350,9700,177,5,87,False,0,car,0 days 00:14:27.937000,0 days 01:11:25.032000
2024-06-23 13:17:42.670,10067,187,5,100,False,0,car,0 days 00:14:28.257000,0 days 01:11:25.352000
2024-06-23 13:17:42.870,10322,187,5,100,False,0,car,0 days 00:14:28.457000,0 days 01:11:25.552000
2024-06-23 13:17:43.190,10747,200,5,100,False,0,car,0 days 00:14:28.777000,0 days 01:11:25.872000
2024-06-23 13:17:43.349,11039,207,5,100,False,0,car,0 days 00:14:28.936000,0 days 01:11:26.031000
2024-06-23 13:17:43.509,11153,209,5,100,False,0,car,0 days 00:14:29.096000,0 days 01:11:26.191000
2024-06-23 13:17:43.830,9898,216,5,75,False,0,car,0 days 00:14:29.417000,0 days 01:11:26.512000
2024-06-23 13:17:44.110,9962,217,6,62,False,0,car,0 days 00:14:29.697000,0 days 01:11:26.792000
2024-06-23 13:17:44.430,9836,215,6,53,False,0,car,0 days 00:14:30.017000,0 days 01:11:27.112000
2024-06-23 13:17:44.670,9766,213,6,57,False,0,car,0 days 00:14:30.257000,0 days 01:11:27.352000
2024-06-23 13:17:44.990,9743,212,6,58,False,0,car,0 days 00:14:30.577000,0 days 01:11:27.672000
2024-06-23 13:17:45.150,9742,211,6,57,False,0,car,0 days 00:14:30.737000,0 days 01:11:27.832000
2024-06-23 13:17:45.390,9724,211,6,55,False,0,car,0 days 00:14:30.977000,0 days 01:11:28.072000
2024-06-23 13:17:45.870,9628,209,6,63,False,0,car,0 days 00:14:31.457000,0 days 01:11:28.552000
2024-06-23 13:17:46.110,9715,210,6,69,False,0,car,0 days 00:14:31.697000,0 days 01:11:28.792000
2024-06-23 13:17:46.510,9809,214,6,79,False,0,car,0 days 00:14:32.097000,0 days 01:11:29.192000
2024-06-23 13:17:46.670,10038,217,6,90,False,0,car,0 days 00:14:32.257000,0 days 01:11:29.352000
2024-06-23 13:17:46.950,10238,221,6,100,False,0,car,0 days 00:14:32.537000,0 days 01:11:29.632000
2024-06-23 13:17:47.270,10498,227,6,96,False,0,car,0 days 00:14:32.857000,0 days 01:11:29.952000
2024-06-23 13:17:47.550,10728,231,6,100,False,0,car,0 days 00:14:33.137000,0 days 01:11:30.232000
2024-06-23 13:17:47.910,10943,237,6,100,False,0,car,0 days 00:14:33.497000,0 days 01:11:30.592000
2024-06-23 13:17:48.070,11068,240,6,100,False,0,car,0 days 00:14:33.657000,0 days 01:11:30.752000
2024-06-23 13:17:48.230,11188,241,6,100,False,0,car,0 days 00:14:33.817000,0 days 01:11:30.912000
2024-06-23 13:17:48.430,11310,246,6,100,False,0,car,0 days 00:14:34.017000,0 days 01:11:31.112000
2024-06-23 13:17:48.670,11429,249,6,100,False,0,car,0 days 00:14:34.257000,0 days 01:11:31.352000
2024-06-23 13:17:48.910,11533,252,6,100,False,0,car,0 days 00:14:34.497000,0 days 01:11:31.592000
2024-06-23 13:17:49.150,10573,256,6,100,False,0,car,0 days 00:14:34.737000,0 days 01:11:31.832000
2024-06-23 13:17:49.350,10465,256,7,100,False,0,car,0 days 00:14:34.937000,0 days 01:11:32.032000
2024-06-23 13:17:49.590,10457,261,7,100,False,0,car,0 days 00:14:35.177000,0 days 01:11:32.272000
2024-06-23 13:17:49.790,10566,263,7,100,False,0,car,0 days 00:14:35.377000,0 days 01:11:32.472000
2024-06-23 13:17:49.950,10606,265,7,100,False,0,car,0 days 00:14:35.537000,0 days 01:11:32.632000
2024-06-23 13:17:50.350,10816,269,7,100,False,0,car,0 days 00:14:35.937000,0 days 01:11:33.032000
2024-06-23 13:17:50.510,10895,271,7,100,False,0,car,0 days 00:14:36.097000,0 days 01:11:33.192000
2024-06-23 13:17:50.830,10974,275,7,100,False,0,car,0 days 00:14:36.417000,0 days 01:11:33.512000
2024-06-23 13:17:51.030,11072,277,7,100,False,0,car,0 days 00:14:36.617000,0 days 01:11:33.712000
2024-06-23 13:17:51.190,11072,278,7,100,False,0,car,0 days 00:14:36.777000,0 days 01:11:33.872000
2024-06-23 13:17:51.390,11141,279,7,100,False,0,car,0 days 00:14:36.977000,0 days 01:11:34.072000
2024-06-23 13:17:51.550,11160,279,7,100,False,0,car,0 days 00:14:37.137000,0 days 01:11:34.232000
2024-06-23 13:17:51.750,11147,279,7,92,False,0,car,0 days 00:14:37.337000,0 days 01:11:34.432000
2024-06-23 13:17:52.070,10348,265,7,0,True,0,car,0 days 00:14:37.657000,0 days 01:11:34.752000
2024-06-23 13:17:52.270,9762,248,7,0,True,0,car,0 days 00:14:37.857000,0 days 01:11:34.952000
2024-06-23 13:17:52.470,9009,224,7,0,True,0,car,0 days 00:14:38.057000,0 days 01:11:35.152000
2024-06-23 13:17:52.630,9399,204,7,0,True,0,car,0 days 00:14:38.217000,0 days 01:11:35.312000
2024-06-23 13:17:52.990,9714,184,6,0,True,0,car,0 days 00:14:38.577000,0 days 01:11:35.672000
2024-06-23 13:17:53.310,9739,170,5,0,True,0,car,0 days 00:14:38.897000,0 days 01:11:35.992000
2024-06-23 13:17:53.510,9996,164,4,0,True,0,car,0 days 00:14:39.097000,0 days 01:11:36.192000
2024-06-23 13:17:53.870,9317,152,4,0,True,0,car,0 days 00:14:39.457000,0 days 01:11:36.552000
2024-06-23 13:17:54.110,9028,146,4,0,True,0,car,0 days 00:14:39.697000,0 days 01:11:36.792000
2024-06-23 13:17:54.470,8697,139,4,0,False,0,car,0 days 00:14:40.057000,0 days 01:11:37.152000
2024-06-23 13:17:54.870,8299,134,4,20,False,0,car,0 days 00:14:40.457000,0 days 01:11:37.552000
2024-06-23 13:17:55.110,8574,134,4,40,False,0,car,0 days 00:14:40.697000,0 days 01:11:37.792000
2024-06-23 13:17:55.270,8599,134,4,51,False,0,car,0 days 00:14:40.857000,0 days 01:11:37.952000
2024-06-23 13:17:55.510,8815,137,4,58,False,0,car,0 days 00:14:41.097000,0 days 01:11:38.192000
2024-06-23 13:17:55.870,9224,144,4,67,False,0,car,0 days 00:14:41.457000,0 days 01:11:38.552000
2024-06-23 13:17:56.030,9533,146,4,72,False,0,car,0 days 00:14:41.617000,0 days 01:11:38.712000
2024-06-23 13:17:56.350,9932,156,4,75,False,0,car,0 days 00:14:41.937000,0 days 01:11:39.032000
2024-06-23 13:17:56.829,10781,163,4,83,False,0,car,0 days 00:14:42.416000,0 days 01:11:39.511000
2024-06-23 13:17:57.070,11188,174,4,86,False,0,car,0 days 00:14:42.657000,0 days 01:11:39.752000
2024-06-23 13:17:57.390,10845,184,4,100,False,0,car,0 days 00:14:42.977000,0 days 01:11:40.072000
2024-06-23 13:17:57.750,10519,195,5,100,False,0,car,0 days 00:14:43.337000,0 days 01:11:40.432000
2024-06-23 13:17:57.910,10699,199,5,100,False,0,car,0 days 00:14:43.497000,0 days 01:11:40.592000
2024-06-23 13:17:58.150,11044,206,5,100,False,0,car,0 days 00:14:43.737000,0 days 01:11:40.832000
2024-06-23 13:17:58.590,11528,217,5,100,False,0,car,0 days 00:14:44.177000,0 days 01:11:41.272000
2024-06-23 13:17:58.830,11864,223,5,100,False,0,car,0 days 00:14:44.417000,0 days 01:11:41.512000
2024-06-23 13:17:59.230,10721,232,6,100,False,0,car,0 days 00:14:44.817000,0 days 01:11:41.912000
2024-06-23 13:17:59.510,10731,235,6,100,False,0,car,0 days 00:14:45.097000,0 days 01:11:42.192000
2024-06-23 13:17:59.910,10904,238,6,100,False,0,car,0 days 00:14:45.497000,0 days 01:11:42.592000
2024-06-23 13:18:00.070,10484,240,6,0,True,0,car,0 days 00:14:45.657000,0 days 01:11:42.752000
2024-06-23 13:18:00.270,10038,229,6,0,True,0,car,0 days 00:14:45.857000,0 days 01:11:42.952000
2024-06-23 13:18:00.430,9401,212,6,0,True,0,car,0 days 00:14:46.017000,0 days 01:11:43.112000
2024-06-23 13:18:00.910,9370,167,6,0,True,0,car,0 days 00:14:46.497000,0 days 01:11:43.592000
2024-06-23 13:18:01.310,9782,143,4,0,True,0,car,0 days 00:14:46.897000,0 days 01:11:43.992000
2024-06-23 13:18:01.710,9104,128,3,0,True,0,car,0 days 00:14:47.297000,0 days 01:11:44.392000
2024-06-23 13:18:01.950,8573,120,3,0,True,0,car,0 days 00:14:47.537000,0 days 01:11:44.632000
2024-06-23 13:18:02.310,8025,111,3,0,True,0,car,0 days 00:14:47.897000,0 days 01:11:44.992000
2024-06-23 13:18:02.670,7501,103,3,0,True,0,car,0 days 00:14:48.257000,0 days 01:11:45.352000
2024-06-23 13:18:02.990,7272,99,3,0,True,0,car,0 days 00:14:48.577000,0 days 01:11:45.672000
2024-06-23 13:18:03.190,7288,98,3,0,False,0,car,0 days 00:14:48.777000,0 days 01:11:45.872000
2024-06-23 13:18:03.590,7330,96,3,27,False,0,car,0 days 00:14:49.177000,0 days 01:11:46.272000
2024-06-23 13:18:03.830,7530,100,3,40,False,0,car,0 days 00:14:49.417000,0 days 01:11:46.512000
2024-06-23 13:18:04.190,8095,106,3,52,False,0,car,0 days 00:14:49.777000,0 days 01:11:46.872000
2024-06-23 13:18:04.550,8725,116,3,60,False,0,car,0 days 00:14:50.137000,0 days 01:11:47.232000
2024-06-23 13:18:04.910,9790,126,3,76,False,0,car,0 days 00:14:50.497000,0 days 01:11:47.592000
2024-06-23 13:18:05.190,9889,140,3,91,False,0,car,0 days 00:14:50.777000,0 days 01:11:47.872000
2024-06-23 13:18:05.430,9701,153,4,100,False,0,car,0 days 00:14:51.017000,0 days 01:11:48.112000
2024-06-23 13:18:05.710,10416,162,4,100,False,0,car,0 days 00:14:51.297000,0 days 01:11:48.392000
2024-06-23 13:18:06.030,10820,179,4,100,False,0,car,0 days 00:14:51.617000,0 days 01:11:48.712000
2024-06-23 13:18:06.470,10422,193,5,100,False,0,car,0 days 00:14:52.057000,0 days 01:11:49.152000
2024-06-23 13:18:06.710,10525,201,5,100,False,0,car,0 days 00:14:52.297000,0 days 01:11:49.392000
2024-06-23 13:18:07.070,11345,213,5,100,False,0,car,0 days 00:14:52.657000,0 days 01:11:49.752000
2024-06-23 13:18:07.510,11245,221,5,100,False,0,car,0 days 00:14:53.097000,0 days 01:11:50.192000
2024-06-23 13:18:07.750,10631,227,6,100,False,0,car,0 days 00:14:53.337000,0 days 01:11:50.432000
2024-06-23 13:18:07.950,10778,233,6,100,False,0,car,0 days 00:14:53.537000,0 days 01:11:50.632000
2024-06-23 13:18:08.150,10909,238,6,100,False,0,car,0 days 00:14:53.737000,0 days 01:11:50.832000
2024-06-23 13:18:08.390,11115,242,6,100,False,0,car,0 days 00:14:53.977000,0 days 01:11:51.072000
2024-06-23 13:18:08.590,11274,245,6,100,False,0,car,0 days 00:14:54.177000,0 days 01:11:51.272000
2024-06-23 13:18:08.830,11427,250,6,100,False,0,car,0 days 00:14:54.417000,0 days 01:11:51.512000
2024-06-23 13:18:09.110,11441,251,6,100,False,0,car,0 days 00:14:54.697000,0 days 01:11:51.792000
2024-06-23 13:18:09.550,10406,226,6,0,True,0,car,0 days 00:14:55.137000,0 days 01:11:52.232000
2024-06-23 13:18:09.950,9949,191,6,0,True,0,car,0 days 00:14:55.537000,0 days 01:11:52.632000
2024-06-23 13:18:10.310,9546,169,5,0,True,0,car,0 days 00:14:55.897000,0 days 01:11:52.992000
2024-06-23 13:18:10.510,9723,160,5,0,True,0,car,0 days 00:14:56.097000,0 days 01:11:53.192000
2024-06-23 13:18:10.790,9316,150,4,0,True,0,car,0 days 00:14:56.377000,0 days 01:11:53.472000
2024-06-23 13:18:11.030,9011,143,4,0,True,0,car,0 days 00:14:56.617000,0 days 01:11:53.712000
2024-06-23 13:18:11.350,8657,140,4,0,False,0,car,0 days 00:14:56.937000,0 days 01:11:54.032000
2024-06-23 13:18:11.630,8600,136,4,0,False,0,car,0 days 00:14:57.217000,0 days 01:11:54.312000
2024-06-23 13:18:12.030,8805,137,4,47,False,0,car,0 days 00:14:57.617000,0 days 01:11:54.712000
2024-06-23 13:18:12.190,8976,138,4,59,False,0,car,0 days 00:14:57.777000,0 days 01:11:54.872000
2024-06-23 13:18:12.390,8976,142,4,59,False,0,car,0 days 00:14:57.977000,0 days 01:11:55.072000
2024-06-23 13:18:12.830,9801,152,4,86,False,0,car,0 days 00:14:58.417000,0 days 01:11:55.512000
2024-06-23 13:18:13.070,10664,165,4,100,False,0,car,0 days 00:14:58.657000,0 days 01:11:55.752000
2024-06-23 13:18:13.390,10664,177,4,100,False,0,car,0 days 00:14:58.977000,0 days 01:11:56.072000
2024-06-23 13:18:13.710,10033,185,5,100,False,0,car,0 days 00:14:59.297000,0 days 01:11:56.392000
2024-06-23 13:18:13.910,10191,188,5,100,False,0,car,0 days 00:14:59.497000,0 days 01:11:56.592000
2024-06-23 13:18:14.190,10744,201,5,100,False,0,car,0 days 00:14:59.777000,0 days 01:11:56.872000
2024-06-23 13:18:14.470,11166,208,5,100,False,0,car,0 days 00:15:00.057000,0 days 01:11:57.152000
2024-06-23 13:18:14.910,11638,218,5,100,False,0,car,0 days 00:15:00.497000,0 days 01:11:57.592000
2024-06-23 13:18:15.350,10715,229,6,100,False,0,car,0 days 00:15:00.937000,0 days 01:11:58.032000
2024-06-23 13:18:15.750,10835,237,6,100,False,0,car,0 days 00:15:01.337000,0 days 01:11:58.432000
2024-06-23 13:18:16.150,10966,242,6,100,False,0,car,0 days 00:15:01.737000,0 days 01:11:58.832000
2024-06-23 13:18:16.390,10966,237,6,100,False,0,car,0 days 00:15:01.977000,0 days 01:11:59.072000
2024-06-23 13:18:16.550,10673,234,6,0,False,0,car,0 days 00:15:02.137000,0 days 01:11:59.232000
2024-06-23 13:18:16.791,10384,229,6,0,False,0,car,0 days 00:15:02.378000,0 days 01:11:59.473000
2024-06-23 13:18:17.030,10108,223,6,0,False,0,car,0 days 00:15:02.617000,0 days 01:11:59.712000
2024-06-23 13:18:17.230,9935,219,6,13,False,0,car,0 days 00:15:02.817000,0 days 01:11:59.912000
2024-06-23 13:18:17.630,9837,215,6,51,False,0,car,0 days 00:15:03.217000,0 days 01:12:00.312000
2024-06-23 13:18:17.790,9837,215,6,52,False,0,car,0 days 00:15:03.377000,0 days 01:12:00.472000
2024-06-23 13:18:18.150,9876,214,6,85,False,0,car,0 days 00:15:03.737000,0 days 01:12:00.832000
2024-06-23 13:18:18.390,10067,217,6,100,False,0,car,0 days 00:15:03.977000,0 days 01:12:01.072000
2024-06-23 13:18:18.790,10352,224,6,100,False,0,car,0 days 00:15:04.377000,0 days 01:12:01.472000
2024-06-23 13:18:18.990,10559,228,6,100,False,0,car,0 days 00:15:04.577000,0 days 01:12:01.672000
2024-06-23 13:18:19.270,10772,233,6,100,False,0,car,0 days 00:15:04.857000,0 days 01:12:01.952000
2024-06-23 13:18:19.470,10901,237,6,100,False,0,car,0 days 00:15:05.057000,0 days 01:12:02.152000
2024-06-23 13:18:19.750,11187,243,6,100,False,0,car,0 days 00:15:05.337000,0 days 01:12:02.432000
2024-06-23 13:18:19.990,11249,245,6,100,False,0,car,0 days 00:15:05.577000,0 days 01:12:02.672000
2024-06-23 13:18:20.230,11519,250,6,100,False,0,car,0 days 00:15:05.817000,0 days 01:12:02.912000
2024-06-23 13:18:20.430,11681,255,6,100,False,0,car,0 days 00:15:06.017000,0 days 01:12:03.112000
2024-06-23 13:18:20.710,11796,258,6,100,False,0,car,0 days 00:15:06.297000,0 days 01:12:03.392000
2024-06-23 13:18:21.110,10717,263,7,100,False,0,car,0 days 00:15:06.697000,0 days 01:12:03.792000
2024-06-23 13:18:21.430,10720,268,7,100,False,0,car,0 days 00:15:07.017000,0 days 01:12:04.112000
2024-06-23 13:18:21.590,10774,270,7,100,False,0,car,0 days 00:15:07.177000,0 days 01:12:04.272000
2024-06-23 13:18:21.830,10928,273,7,100,False,0,car,0 days 00:15:07.417000,0 days 01:12:04.512000
2024-06-23 13:18:22.110,11007,274,7,100,False,0,car,0 days 00:15:07.697000,0 days 01:12:04.792000
2024-06-23 13:18:22.590,11199,279,7,100,False,0,car,0 days 00:15:08.177000,0 days 01:12:05.272000
2024-06-23 13:18:22.990,11284,282,7,100,False,0,car,0 days 00:15:08.577000,0 days 01:12:05.672000
2024-06-23 13:18:23.231,11392,285,7,100,False,0,car,0 days 00:15:08.818000,0 days 01:12:05.913000
2024-06-23 13:18:23.591,11460,286,7,100,False,0,car,0 days 00:15:09.178000,0 days 01:12:06.273000
2024-06-23 13:18:23.750,11462,288,7,100,False,0,car,0 days 00:15:09.337000,0 days 01:12:06.432000
2024-06-23 13:18:23.950,11655,286,7,0,False,0,car,0 days 00:15:09.537000,0 days 01:12:06.632000
2024-06-23 13:18:24.110,11655,286,7,0,True,0,car,0 days 00:15:09.697000,0 days 01:12:06.792000
2024-06-23 13:18:24.390,10460,264,7,0,True,0,car,0 days 00:15:09.977000,0 days 01:12:07.072000
2024-06-23 13:18:24.670,9679,234,7,0,True,0,car,0 days 00:15:10.257000,0 days 01:12:07.352000
2024-06-23 13:18:25.030,9019,194,7,0,True,0,car,0 days 00:15:10.617000,0 days 01:12:07.712000
2024-06-23 13:18:25.270,9272,176,7,0,True,0,car,0 days 00:15:10.857000,0 days 01:12:07.952000
2024-06-23 13:18:25.670,9101,149,5,0,True,0,car,0 days 00:15:11.257000,0 days 01:12:08.352000
2024-06-23 13:18:26.030,9188,132,4,0,True,0,car,0 days 00:15:11.617000,0 days 01:12:08.712000
2024-06-23 13:18:26.270,9175,129,3,0,True,0,car,0 days 00:15:11.857000,0 days 01:12:08.952000
2024-06-23 13:18:26.510,8757,120,3,0,True,0,car,0 days 00:15:12.097000,0 days 01:12:09.192000
2024-06-23 13:18:26.910,8330,113,3,0,True,0,car,0 days 00:15:12.497000,0 days 01:12:09.592000
2024-06-23 13:18:27.310,8085,109,3,0,False,0,car,0 days 00:15:12.897000,0 days 01:12:09.992000
2024-06-23 13:18:27.550,7854,106,3,0,False,0,car,0 days 00:15:13.137000,0 days 01:12:10.232000
2024-06-23 13:18:27.910,7855,102,3,20,False,0,car,0 days 00:15:13.497000,0 days 01:12:10.592000
2024-06-23 13:18:28.150,7919,104,3,37,False,0,car,0 days 00:15:13.737000,0 days 01:12:10.832000
2024-06-23 13:18:28.350,8021,107,3,38,False,0,car,0 days 00:15:13.937000,0 days 01:12:11.032000
2024-06-23 13:18:28.750,8626,111,3,52,False,0,car,0 days 00:15:14.337000,0 days 01:12:11.432000
2024-06-23 13:18:28.910,8626,113,3,52,False,0,car,0 days 00:15:14.497000,0 days 01:12:11.592000
2024-06-23 13:18:29.390,9443,122,3,63,False,0,car,0 days 00:15:14.977000,0 days 01:12:12.072000
2024-06-23 13:18:29.710,10129,129,3,71,False,0,car,0 days 00:15:15.297000,0 days 01:12:12.392000
2024-06-23 13:18:29.911,10676,138,3,75,False,0,car,0 days 00:15:15.498000,0 days 01:12:12.593000
2024-06-23 13:18:30.071,10300,145,3,78,False,0,car,0 days 00:15:15.658000,0 days 01:12:12.753000
2024-06-23 13:18:30.391,9812,153,4,81,False,0,car,0 days 00:15:15.978000,0 days 01:12:13.073000
2024-06-23 13:18:30.710,10587,164,4,88,False,0,car,0 days 00:15:16.297000,0 days 01:12:13.392000
2024-06-23 13:18:30.950,11196,175,4,100,False,0,car,0 days 00:15:16.537000,0 days 01:12:13.632000
2024-06-23 13:18:31.470,10468,190,4,100,False,0,car,0 days 00:15:17.057000,0 days 01:12:14.152000
2024-06-23 13:18:31.870,10474,197,5,0,True,0,car,0 days 00:15:17.457000,0 days 01:12:14.552000
2024-06-23 13:18:32.030,10459,187,5,0,True,0,car,0 days 00:15:17.617000,0 days 01:12:14.712000
2024-06-23 13:18:32.270,9368,179,5,0,True,0,car,0 days 00:15:17.857000,0 days 01:12:14.952000
2024-06-23 13:18:32.550,8609,166,5,0,True,0,car,0 days 00:15:18.137000,0 days 01:12:15.232000
2024-06-23 13:18:32.750,8889,158,5,0,True,0,car,0 days 00:15:18.337000,0 days 01:12:15.432000
2024-06-23 13:18:33.110,9065,151,4,0,True,0,car,0 days 00:15:18.697000,0 days 01:12:15.792000
2024-06-23 13:18:33.430,8335,136,4,0,True,0,car,0 days 00:15:19.017000,0 days 01:12:16.112000
2024-06-23 13:18:33.710,8129,130,4,0,True,0,car,0 days 00:15:19.297000,0 days 01:12:16.392000
2024-06-23 13:18:34.030,7856,124,4,0,False,0,car,0 days 00:15:19.617000,0 days 01:12:16.712000
2024-06-23 13:18:34.270,7520,122,4,0,False,0,car,0 days 00:15:19.857000,0 days 01:12:16.952000
2024-06-23 13:18:34.430,7530,120,4,0,False,0,car,0 days 00:15:20.017000,0 days 01:12:17.112000
2024-06-23 13:18:34.630,7506,118,4,12,False,0,car,0 days 00:15:20.217000,0 days 01:12:17.312000
2024-06-23 13:18:34.830,7526,119,4,26,False,0,car,0 days 00:15:20.417000,0 days 01:12:17.512000
2024-06-23 13:18:35.030,7617,119,4,29,False,0,car,0 days 00:15:20.617000,0 days 01:12:17.712000
2024-06-23 13:18:35.230,7639,119,4,35,False,0,car,0 days 00:15:20.817000,0 days 01:12:17.912000
2024-06-23 13:18:35.550,7943,122,4,51,False,0,car,0 days 00:15:21.137000,0 days 01:12:18.232000
2024-06-23 13:18:35.790,8163,126,4,56,False,0,car,0 days 00:15:21.377000,0 days 01:12:18.472000
2024-06-23 13:18:36.030,8555,132,4,61,False,0,car,0 days 00:15:21.617000,0 days 01:12:18.712000
2024-06-23 13:18:36.351,9051,140,4,72,False,0,car,0 days 00:15:21.938000,0 days 01:12:19.033000
2024-06-23 13:18:36.671,9612,148,4,80,False,0,car,0 days 00:15:22.258000,0 days 01:12:19.353000
2024-06-23 13:18:36.911,10109,155,4,86,False,0,car,0 days 00:15:22.498000,0 days 01:12:19.593000
2024-06-23 13:18:37.111,10618,163,4,89,False,0,car,0 days 00:15:22.698000,0 days 01:12:19.793000
2024-06-23 13:18:37.310,10618,169,4,89,False,0,car,0 days 00:15:22.897000,0 days 01:12:19.992000
2024-06-23 13:18:37.470,11270,178,4,100,False,0,car,0 days 00:15:23.057000,0 days 01:12:20.152000
2024-06-23 13:18:37.630,11130,185,4,100,False,0,car,0 days 00:15:23.217000,0 days 01:12:20.312000
2024-06-23 13:18:37.950,10611,195,5,100,False,0,car,0 days 00:15:23.537000,0 days 01:12:20.632000
2024-06-23 13:18:38.190,10845,202,5,100,False,0,car,0 days 00:15:23.777000,0 days 01:12:20.872000
2024-06-23 13:18:38.510,11211,212,5,100,False,0,car,0 days 00:15:24.097000,0 days 01:12:21.192000
2024-06-23 13:18:38.710,11539,213,5,100,False,0,car,0 days 00:15:24.297000,0 days 01:12:21.392000
2024-06-23 13:18:38.950,10559,225,5,100,False,0,car,0 days 00:15:24.537000,0 days 01:12:21.632000
2024-06-23 13:18:39.390,10371,230,6,73,False,0,car,0 days 00:15:24.977000,0 days 01:12:22.072000
2024-06-23 13:18:39.630,10472,231,6,67,False,0,car,0 days 00:15:25.217000,0 days 01:12:22.312000
2024-06-23 13:18:39.830,10726,231,6,71,False,0,car,0 days 00:15:25.417000,0 days 01:12:22.512000
2024-06-23 13:18:39.990,10579,231,6,69,False,0,car,0 days 00:15:25.577000,0 days 01:12:22.672000
2024-06-23 13:18:40.470,10717,233,6,85,False,0,car,0 days 00:15:26.057000,0 days 01:12:23.152000
2024-06-23 13:18:40.830,10982,238,6,100,False,0,car,0 days 00:15:26.417000,0 days 01:12:23.512000
2024-06-23 13:18:41.110,11111,241,6,100,False,0,car,0 days 00:15:26.697000,0 days 01:12:23.792000
2024-06-23 13:18:41.270,11237,244,6,100,False,0,car,0 days 00:15:26.857000,0 days 01:12:23.952000
2024-06-23 13:18:41.630,11356,250,6,100,False,0,car,0 days 00:15:27.217000,0 days 01:12:24.312000
2024-06-23 13:18:42.110,11681,256,6,100,False,0,car,0 days 00:15:27.697000,0 days 01:12:24.792000
2024-06-23 13:18:42.430,10401,258,6,100,False,0,car,0 days 00:15:28.017000,0 days 01:12:25.112000
2024-06-23 13:18:42.670,10358,258,7,0,True,0,car,0 days 00:15:28.257000,0 days 01:12:25.352000
2024-06-23 13:18:42.870,9992,249,7,0,True,0,car,0 days 00:15:28.457000,0 days 01:12:25.552000
2024-06-23 13:18:43.351,10601,232,6,0,False,0,car,0 days 00:15:28.938000,0 days 01:12:26.033000
2024-06-23 13:18:43.511,10296,228,6,0,False,0,car,0 days 00:15:29.098000,0 days 01:12:26.193000
2024-06-23 13:18:43.831,10129,223,6,59,False,0,car,0 days 00:15:29.418000,0 days 01:12:26.513000
2024-06-23 13:18:44.150,10262,222,6,73,False,0,car,0 days 00:15:29.737000,0 days 01:12:26.832000
2024-06-23 13:18:44.350,10262,222,6,77,False,0,car,0 days 00:15:29.937000,0 days 01:12:27.032000
2024-06-23 13:18:44.590,10208,223,6,86,False,0,car,0 days 00:15:30.177000,0 days 01:12:27.272000
2024-06-23 13:18:44.990,10647,231,6,100,False,0,car,0 days 00:15:30.577000,0 days 01:12:27.672000
2024-06-23 13:18:45.230,10841,235,6,100,False,0,car,0 days 00:15:30.817000,0 days 01:12:27.912000
2024-06-23 13:18:45.550,11090,239,6,100,False,0,car,0 days 00:15:31.137000,0 days 01:12:28.232000
2024-06-23 13:18:45.710,11086,241,6,100,False,0,car,0 days 00:15:31.297000,0 days 01:12:28.392000
2024-06-23 13:18:45.990,11248,245,6,100,False,0,car,0 days 00:15:31.577000,0 days 01:12:28.672000
2024-06-23 13:18:46.470,11613,253,6,100,False,0,car,0 days 00:15:32.057000,0 days 01:12:29.152000
2024-06-23 13:18:46.630,11719,256,6,100,False,0,car,0 days 00:15:32.217000,0 days 01:12:29.312000
2024-06-23 13:18:46.910,10319,257,6,100,False,0,car,0 days 00:15:32.497000,0 days 01:12:29.592000
2024-06-23 13:18:47.150,10442,262,7,100,False,0,car,0 days 00:15:32.737000,0 days 01:12:29.832000
2024-06-23 13:18:47.470,10682,266,7,100,False,0,car,0 days 00:15:33.057000,0 days 01:12:30.152000
2024-06-23 13:18:47.910,10851,271,7,100,False,0,car,0 days 00:15:33.497000,0 days 01:12:30.592000
2024-06-23 13:18:48.230,11043,275,7,100,False,0,car,0 days 00:15:33.817000,0 days 01:12:30.912000
2024-06-23 13:18:48.510,11075,276,7,100,False,0,car,0 days 00:15:34.097000,0 days 01:12:31.192000
2024-06-23 13:18:48.670,11172,279,7,100,False,0,car,0 days 00:15:34.257000,0 days 01:12:31.352000
2024-06-23 13:18:48.950,11225,281,7,100,False,0,car,0 days 00:15:34.537000,0 days 01:12:31.632000
2024-06-23 13:18:49.350,11392,285,7,100,False,0,car,0 days 00:15:34.937000,0 days 01:12:32.032000
2024-06-23 13:18:49.671,11474,286,7,100,False,0,car,0 days 00:15:35.258000,0 days 01:12:32.353000
2024-06-23 13:18:49.871,11500,288,7,100,False,0,car,0 days 00:15:35.458000,0 days 01:12:32.553000
2024-06-23 13:18:50.151,11584,289,7,100,False,0,car,0 days 00:15:35.738000,0 days 01:12:32.833000
2024-06-23 13:18:50.351,11642,291,7,100,False,0,car,0 days 00:15:35.938000,0 days 01:12:33.033000
2024-06-23 13:18:50.630,11698,292,7,100,False,0,car,0 days 00:15:36.217000,0 days 01:12:33.312000
2024-06-23 13:18:50.950,10916,294,7,100,False,0,car,0 days 00:15:36.537000,0 days 01:12:33.632000
2024-06-23 13:18:51.390,10521,294,8,100,False,0,car,0 days 00:15:36.977000,0 days 01:12:34.072000
2024-06-23 13:18:51.550,10502,295,8,100,False,0,car,0 days 00:15:37.137000,0 days 01:12:34.232000
2024-06-23 13:18:51.710,10461,295,8,100,False,0,car,0 days 00:15:37.297000,0 days 01:12:34.392000
2024-06-23 13:18:51.990,10505,297,8,100,False,0,car,0 days 00:15:37.577000,0 days 01:12:34.672000
2024-06-23 13:18:52.150,10559,297,8,100,False,0,car,0 days 00:15:37.737000,0 days 01:12:34.832000
2024-06-23 13:18:52.470,10574,297,8,100,False,0,car,0 days 00:15:38.057000,0 days 01:12:35.152000
2024-06-23 13:18:52.830,10599,298,8,100,False,0,car,0 days 00:15:38.417000,0 days 01:12:35.512000
2024-06-23 13:18:53.030,10659,299,8,100,False,0,car,0 days 00:15:38.617000,0 days 01:12:35.712000
2024-06-23 13:18:53.310,10631,299,8,100,False,0,car,0 days 00:15:38.897000,0 days 01:12:35.992000
2024-06-23 13:18:53.590,10663,300,8,100,False,0,car,0 days 00:15:39.177000,0 days 01:12:36.272000
2024-06-23 13:18:53.790,10700,301,8,100,False,0,car,0 days 00:15:39.377000,0 days 01:12:36.472000
2024-06-23 13:18:53.990,10699,301,8,100,False,0,car,0 days 00:15:39.577000,0 days 01:12:36.672000
2024-06-23 13:18:54.270,10717,302,8,100,False,0,car,0 days 00:15:39.857000,0 days 01:12:36.952000
2024-06-23 13:18:54.430,10717,301,8,100,False,0,car,0 days 00:15:40.017000,0 days 01:12:37.112000
2024-06-23 13:18:54.670,10725,302,8,100,False,0,car,0 days 00:15:40.257000,0 days 01:12:37.352000
2024-06-23 13:18:54.870,10712,302,8,100,False,0,car,0 days 00:15:40.457000,0 days 01:12:37.552000
2024-06-23 13:18:55.190,10731,302,8,100,False,0,car,0 days 00:15:40.777000,0 days 01:12:37.872000
2024-06-23 13:18:55.550,10716,302,8,100,False,0,car,0 days 00:15:41.137000,0 days 01:12:38.232000
2024-06-23 13:18:55.750,10711,302,8,100,False,0,car,0 days 00:15:41.337000,0 days 01:12:38.432000
2024-06-23 13:18:55.910,10726,302,8,100,False,0,car,0 days 00:15:41.497000,0 days 01:12:38.592000
2024-06-23 13:18:56.151,10693,302,8,100,False,0,car,0 days 00:15:41.738000,0 days 01:12:38.833000
2024-06-23 13:18:56.471,10685,300,8,100,False,0,car,0 days 00:15:42.058000,0 days 01:12:39.153000
2024-06-23 13:18:56.751,10608,300,8,100,False,0,car,0 days 00:15:42.338000,0 days 01:12:39.433000
2024-06-23 13:18:56.951,10522,300,8,100,False,0,car,0 days 00:15:42.538000,0 days 01:12:39.633000
2024-06-23 13:18:57.191,10550,295,8,0,False,0,car,0 days 00:15:42.778000,0 days 01:12:39.873000
2024-06-23 13:18:57.350,10167,288,8,0,False,0,car,0 days 00:15:42.937000,0 days 01:12:40.032000
2024-06-23 13:18:57.590,9825,279,8,0,True,0,car,0 days 00:15:43.177000,0 days 01:12:40.272000
2024-06-23 13:18:57.910,8763,253,8,0,True,0,car,0 days 00:15:43.497000,0 days 01:12:40.592000
2024-06-23 13:18:58.070,8894,239,8,0,True,0,car,0 days 00:15:43.657000,0 days 01:12:40.752000
2024-06-23 13:18:58.270,9256,215,7,0,True,0,car,0 days 00:15:43.857000,0 days 01:12:40.952000
2024-06-23 13:18:58.470,9013,188,7,0,True,0,car,0 days 00:15:44.057000,0 days 01:12:41.152000
2024-06-23 13:18:58.750,9175,167,6,0,True,0,car,0 days 00:15:44.337000,0 days 01:12:41.432000
2024-06-23 13:18:58.950,10059,159,6,0,True,0,car,0 days 00:15:44.537000,0 days 01:12:41.632000
2024-06-23 13:18:59.110,9773,158,5,0,True,0,car,0 days 00:15:44.697000,0 days 01:12:41.792000
2024-06-23 13:18:59.310,9352,153,4,0,False,0,car,0 days 00:15:44.897000,0 days 01:12:41.992000
2024-06-23 13:18:59.470,9198,148,4,0,False,0,car,0 days 00:15:45.057000,0 days 01:12:42.152000
2024-06-23 13:18:59.710,9036,148,4,0,False,0,car,0 days 00:15:45.297000,0 days 01:12:42.392000
2024-06-23 13:18:59.910,8852,142,4,0,False,0,car,0 days 00:15:45.497000,0 days 01:12:42.592000
2024-06-23 13:19:00.070,8720,141,4,37,False,0,car,0 days 00:15:45.657000,0 days 01:12:42.752000
2024-06-23 13:19:00.270,8892,140,4,57,False,0,car,0 days 00:15:45.857000,0 days 01:12:42.952000
2024-06-23 13:19:00.510,9267,144,4,64,False,0,car,0 days 00:15:46.097000,0 days 01:12:43.192000
2024-06-23 13:19:00.710,9571,148,4,74,False,0,car,0 days 00:15:46.297000,0 days 01:12:43.392000
2024-06-23 13:19:01.030,10106,159,4,85,False,0,car,0 days 00:15:46.617000,0 days 01:12:43.712000
2024-06-23 13:19:01.190,10388,163,4,79,False,0,car,0 days 00:15:46.777000,0 days 01:12:43.872000
2024-06-23 13:19:01.390,9268,167,4,68,False,0,car,0 days 00:15:46.977000,0 days 01:12:44.072000
2024-06-23 13:19:01.670,9196,171,5,68,False,0,car,0 days 00:15:47.257000,0 days 01:12:44.352000
2024-06-23 13:19:02.030,9509,176,5,69,False,0,car,0 days 00:15:47.617000,0 days 01:12:44.712000
2024-06-23 13:19:02.270,9642,179,5,78,False,0,car,0 days 00:15:47.857000,0 days 01:12:44.952000
2024-06-23 13:19:02.550,10052,186,5,84,False,0,car,0 days 00:15:48.137000,0 days 01:12:45.232000
2024-06-23 13:19:02.951,10372,191,5,89,False,0,car,0 days 00:15:48.538000,0 days 01:12:45.633000
2024-06-23 13:19:03.231,10725,201,5,100,False,0,car,0 days 00:15:48.818000,0 days 01:12:45.913000
2024-06-23 13:19:03.431,11000,206,5,100,False,0,car,0 days 00:15:49.018000,0 days 01:12:46.113000
2024-06-23 13:19:03.711,10300,213,5,87,False,0,car,0 days 00:15:49.298000,0 days 01:12:46.393000
2024-06-23 13:19:03.871,9960,216,5,87,False,0,car,0 days 00:15:49.458000,0 days 01:12:46.553000
2024-06-23 13:19:04.110,9941,217,6,71,False,0,car,0 days 00:15:49.697000,0 days 01:12:46.792000
2024-06-23 13:19:04.310,9941,216,6,71,False,0,car,0 days 00:15:49.897000,0 days 01:12:46.992000
2024-06-23 13:19:04.510,9547,213,6,0,False,0,car,0 days 00:15:50.097000,0 days 01:12:47.192000
2024-06-23 13:19:04.790,9449,206,6,0,False,0,car,0 days 00:15:50.377000,0 days 01:12:47.472000
2024-06-23 13:19:04.950,9450,201,6,30,False,0,car,0 days 00:15:50.537000,0 days 01:12:47.632000
2024-06-23 13:19:05.190,9091,200,6,49,False,0,car,0 days 00:15:50.777000,0 days 01:12:47.872000
2024-06-23 13:19:05.630,9264,200,6,70,False,0,car,0 days 00:15:51.217000,0 days 01:12:48.312000
2024-06-23 13:19:05.830,9264,202,6,74,False,0,car,0 days 00:15:51.417000,0 days 01:12:48.512000
2024-06-23 13:19:06.230,9565,207,6,81,False,0,car,0 days 00:15:51.817000,0 days 01:12:48.912000
2024-06-23 13:19:06.550,9782,213,6,87,False,0,car,0 days 00:15:52.137000,0 days 01:12:49.232000
2024-06-23 13:19:06.870,10063,215,6,87,False,0,car,0 days 00:15:52.457000,0 days 01:12:49.552000
2024-06-23 13:19:07.230,10199,222,6,87,False,0,car,0 days 00:15:52.817000,0 days 01:12:49.912000
2024-06-23 13:19:07.390,10409,224,6,100,False,0,car,0 days 00:15:52.977000,0 days 01:12:50.072000
2024-06-23 13:19:07.630,10503,228,6,100,False,0,car,0 days 00:15:53.217000,0 days 01:12:50.312000
2024-06-23 13:19:07.990,10867,235,6,100,False,0,car,0 days 00:15:53.577000,0 days 01:12:50.672000
2024-06-23 13:19:08.270,11059,239,6,100,False,0,car,0 days 00:15:53.857000,0 days 01:12:50.952000
2024-06-23 13:19:08.590,11273,245,6,100,False,0,car,0 days 00:15:54.177000,0 days 01:12:51.272000
2024-06-23 13:19:08.870,11458,249,6,100,False,0,car,0 days 00:15:54.457000,0 days 01:12:51.552000
2024-06-23 13:19:09.271,11632,254,6,100,False,0,car,0 days 00:15:54.858000,0 days 01:12:51.953000
2024-06-23 13:19:09.671,10772,259,6,100,False,0,car,0 days 00:15:55.258000,0 days 01:12:52.353000
2024-06-23 13:19:09.911,10565,261,6,100,False,0,car,0 days 00:15:55.498000,0 days 01:12:52.593000
2024-06-23 13:19:10.191,10676,266,7,100,False,0,car,0 days 00:15:55.778000,0 days 01:12:52.873000
2024-06-23 13:19:10.431,10707,268,7,100,False,0,car,0 days 00:15:56.018000,0 days 01:12:53.113000
2024-06-23 13:19:10.751,10896,273,7,100,False,0,car,0 days 00:15:56.338000,0 days 01:12:53.433000
2024-06-23 13:19:10.910,10936,272,7,100,False,0,car,0 days 00:15:56.497000,0 days 01:12:53.592000
2024-06-23 13:19:11.110,10994,274,7,100,False,0,car,0 days 00:15:56.697000,0 days 01:12:53.792000
2024-06-23 13:19:11.270,11077,276,7,100,False,0,car,0 days 00:15:56.857000,0 days 01:12:53.952000
2024-06-23 13:19:11.470,11055,277,7,100,False,0,car,0 days 00:15:57.057000,0 days 01:12:54.152000
2024-06-23 13:19:11.630,11136,278,7,100,False,0,car,0 days 00:15:57.217000,0 days 01:12:54.312000
2024-06-23 13:19:11.990,11085,278,7,100,False,0,car,0 days 00:15:57.577000,0 days 01:12:54.672000
2024-06-23 13:19:12.310,10437,267,7,0,True,0,car,0 days 00:15:57.897000,0 days 01:12:54.992000
2024-06-23 13:19:12.630,9584,229,7,0,True,0,car,0 days 00:15:58.217000,0 days 01:12:55.312000
2024-06-23 13:19:12.910,9383,209,7,0,True,0,car,0 days 00:15:58.497000,0 days 01:12:55.592000
2024-06-23 13:19:13.150,9756,195,7,0,True,0,car,0 days 00:15:58.737000,0 days 01:12:55.832000
2024-06-23 13:19:13.470,9232,173,5,0,True,0,car,0 days 00:15:59.057000,0 days 01:12:56.152000
2024-06-23 13:19:13.750,8912,162,5,0,True,0,car,0 days 00:15:59.337000,0 days 01:12:56.432000
2024-06-23 13:19:14.070,9335,152,4,0,True,0,car,0 days 00:15:59.657000,0 days 01:12:56.752000
2024-06-23 13:19:14.310,9136,146,4,0,True,0,car,0 days 00:15:59.897000,0 days 01:12:56.992000
2024-06-23 13:19:14.590,8754,141,4,0,True,0,car,0 days 00:16:00.177000,0 days 01:12:57.272000
2024-06-23 13:19:14.950,8365,135,4,0,False,0,car,0 days 00:16:00.537000,0 days 01:12:57.632000
2024-06-23 13:19:15.190,8219,132,4,6,False,0,car,0 days 00:16:00.777000,0 days 01:12:57.872000
2024-06-23 13:19:15.470,8239,131,4,39,False,0,car,0 days 00:16:01.057000,0 days 01:12:58.152000
2024-06-23 13:19:15.710,8462,132,4,55,False,0,car,0 days 00:16:01.297000,0 days 01:12:58.392000
2024-06-23 13:19:15.871,8728,135,4,59,False,0,car,0 days 00:16:01.458000,0 days 01:12:58.553000
2024-06-23 13:19:16.111,9004,139,4,64,False,0,car,0 days 00:16:01.698000,0 days 01:12:58.793000
2024-06-23 13:19:16.271,9004,143,4,64,False,0,car,0 days 00:16:01.858000,0 days 01:12:58.953000
2024-06-23 13:19:16.511,9665,147,4,78,False,0,car,0 days 00:16:02.098000,0 days 01:12:59.193000
2024-06-23 13:19:16.951,10249,163,4,81,False,0,car,0 days 00:16:02.538000,0 days 01:12:59.633000
2024-06-23 13:19:17.231,10849,169,4,87,False,0,car,0 days 00:16:02.818000,0 days 01:12:59.913000
2024-06-23 13:19:17.550,10546,178,4,100,False,0,car,0 days 00:16:03.137000,0 days 01:13:00.232000
2024-06-23 13:19:17.790,10026,187,5,100,False,0,car,0 days 00:16:03.377000,0 days 01:13:00.472000
2024-06-23 13:19:18.030,10501,193,5,100,False,0,car,0 days 00:16:03.617000,0 days 01:13:00.712000
2024-06-23 13:19:18.350,10717,204,5,100,False,0,car,0 days 00:16:03.937000,0 days 01:13:01.032000
2024-06-23 13:19:18.670,11358,212,5,100,False,0,car,0 days 00:16:04.257000,0 days 01:13:01.352000
2024-06-23 13:19:18.950,11749,219,5,100,False,0,car,0 days 00:16:04.537000,0 days 01:13:01.632000
2024-06-23 13:19:19.350,10414,228,6,100,False,0,car,0 days 00:16:04.937000,0 days 01:13:02.032000
2024-06-23 13:19:19.550,10483,231,6,100,False,0,car,0 days 00:16:05.137000,0 days 01:13:02.232000
2024-06-23 13:19:19.830,10765,236,6,100,False,0,car,0 days 00:16:05.417000,0 days 01:13:02.512000
2024-06-23 13:19:20.030,10813,237,6,100,False,0,car,0 days 00:16:05.617000,0 days 01:13:02.712000
2024-06-23 13:19:20.190,10871,238,6,100,True,0,car,0 days 00:16:05.777000,0 days 01:13:02.872000
2024-06-23 13:19:20.470,10331,225,6,0,True,0,car,0 days 00:16:06.057000,0 days 01:13:03.152000
2024-06-23 13:19:20.830,8754,185,6,0,True,0,car,0 days 00:16:06.417000,0 days 01:13:03.512000
2024-06-23 13:19:21.030,9664,169,6,0,True,0,car,0 days 00:16:06.617000,0 days 01:13:03.712000
2024-06-23 13:19:21.190,9713,161,5,0,True,0,car,0 days 00:16:06.777000,0 days 01:13:03.872000
2024-06-23 13:19:21.350,9088,148,4,0,True,0,car,0 days 00:16:06.937000,0 days 01:13:04.032000
2024-06-23 13:19:21.550,9218,138,4,0,True,0,car,0 days 00:16:07.137000,0 days 01:13:04.232000
2024-06-23 13:19:21.710,9494,134,4,0,True,0,car,0 days 00:16:07.297000,0 days 01:13:04.392000
2024-06-23 13:19:22.110,8543,121,3,0,True,0,car,0 days 00:16:07.697000,0 days 01:13:04.792000
2024-06-23 13:19:22.431,8313,112,3,0,True,0,car,0 days 00:16:08.018000,0 days 01:13:05.113000
2024-06-23 13:19:22.671,7763,107,3,0,True,0,car,0 days 00:16:08.258000,0 days 01:13:05.353000
2024-06-23 13:19:22.831,7763,103,3,0,True,0,car,0 days 00:16:08.418000,0 days 01:13:05.513000
2024-06-23 13:19:23.031,7289,99,3,0,True,0,car,0 days 00:16:08.618000,0 days 01:13:05.713000
2024-06-23 13:19:23.311,7283,98,3,0,False,0,car,0 days 00:16:08.898000,0 days 01:13:05.993000
2024-06-23 13:19:23.551,7288,96,3,23,False,0,car,0 days 00:16:09.138000,0 days 01:13:06.233000
2024-06-23 13:19:23.791,7425,98,3,37,False,0,car,0 days 00:16:09.378000,0 days 01:13:06.473000
2024-06-23 13:19:24.071,7807,102,3,44,False,0,car,0 days 00:16:09.658000,0 days 01:13:06.753000
2024-06-23 13:19:24.270,8047,105,3,49,False,0,car,0 days 00:16:09.857000,0 days 01:13:06.952000
2024-06-23 13:19:24.470,8271,109,3,50,False,0,car,0 days 00:16:10.057000,0 days 01:13:07.152000
2024-06-23 13:19:24.950,9331,123,3,71,False,0,car,0 days 00:16:10.537000,0 days 01:13:07.632000
2024-06-23 13:19:25.350,10171,140,3,92,False,0,car,0 days 00:16:10.937000,0 days 01:13:08.032000
2024-06-23 13:19:25.630,9881,149,3,100,False,0,car,0 days 00:16:11.217000,0 days 01:13:08.312000
2024-06-23 13:19:25.990,10861,168,4,100,False,0,car,0 days 00:16:11.577000,0 days 01:13:08.672000
2024-06-23 13:19:26.230,11122,175,4,100,False,0,car,0 days 00:16:11.817000,0 days 01:13:08.912000
2024-06-23 13:19:26.430,10739,183,4,100,False,0,car,0 days 00:16:12.017000,0 days 01:13:09.112000
2024-06-23 13:19:26.790,9684,194,5,100,False,0,car,0 days 00:16:12.377000,0 days 01:13:09.472000
2024-06-23 13:19:26.950,10524,204,5,100,False,0,car,0 days 00:16:12.537000,0 days 01:13:09.632000
2024-06-23 13:19:27.270,11308,213,5,100,False,0,car,0 days 00:16:12.857000,0 days 01:13:09.952000
2024-06-23 13:19:27.630,11703,222,5,100,False,0,car,0 days 00:16:13.217000,0 days 01:13:10.312000
2024-06-23 13:19:27.790,11438,226,5,100,False,0,car,0 days 00:16:13.377000,0 days 01:13:10.472000
2024-06-23 13:19:27.990,10853,229,5,100,False,0,car,0 days 00:16:13.577000,0 days 01:13:10.672000
2024-06-23 13:19:28.150,10715,234,6,100,False,0,car,0 days 00:16:13.737000,0 days 01:13:10.832000
2024-06-23 13:19:28.430,10956,234,6,100,False,0,car,0 days 00:16:14.017000,0 days 01:13:11.112000
2024-06-23 13:19:28.590,11099,241,6,100,False,0,car,0 days 00:16:14.177000,0 days 01:13:11.272000
2024-06-23 13:19:28.910,11301,247,6,100,False,0,car,0 days 00:16:14.497000,0 days 01:13:11.592000
2024-06-23 13:19:29.151,11414,250,6,100,False,0,car,0 days 00:16:14.738000,0 days 01:13:11.833000
2024-06-23 13:19:29.351,11474,251,6,100,False,0,car,0 days 00:16:14.938000,0 days 01:13:12.033000
2024-06-23 13:19:29.671,11617,245,6,0,True,0,car,0 days 00:16:15.258000,0 days 01:13:12.353000
2024-06-23 13:19:30.071,9919,208,6,0,True,0,car,0 days 00:16:15.658000,0 days 01:13:12.753000
2024-06-23 13:19:30.311,10073,193,6,0,True,0,car,0 days 00:16:15.898000,0 days 01:13:12.993000
2024-06-23 13:19:30.631,8870,170,5,0,True,0,car,0 days 00:16:16.218000,0 days 01:13:13.313000
2024-06-23 13:19:30.831,10055,158,5,0,True,0,car,0 days 00:16:16.418000,0 days 01:13:13.513000
2024-06-23 13:19:31.030,9436,154,4,0,True,0,car,0 days 00:16:16.617000,0 days 01:13:13.712000
2024-06-23 13:19:31.350,9136,145,4,0,False,0,car,0 days 00:16:16.937000,0 days 01:13:14.032000
2024-06-23 13:19:31.750,8738,140,4,3,False,0,car,0 days 00:16:17.337000,0 days 01:13:14.432000
2024-06-23 13:19:32.150,8826,136,4,41,False,0,car,0 days 00:16:17.737000,0 days 01:13:14.832000
2024-06-23 13:19:32.350,8728,137,4,46,False,0,car,0 days 00:16:17.937000,0 days 01:13:15.032000
2024-06-23 13:19:32.590,8863,137,4,57,False,0,car,0 days 00:16:18.177000,0 days 01:13:15.272000
2024-06-23 13:19:32.830,9030,143,4,63,False,0,car,0 days 00:16:18.417000,0 days 01:13:15.512000
2024-06-23 13:19:33.190,10328,143,4,100,False,0,car,0 days 00:16:18.777000,0 days 01:13:15.872000
2024-06-23 13:19:33.350,10204,163,4,100,False,0,car,0 days 00:16:18.937000,0 days 01:13:16.032000
2024-06-23 13:19:33.590,10752,171,4,100,False,0,car,0 days 00:16:19.177000,0 days 01:13:16.272000
2024-06-23 13:19:33.790,11428,177,4,100,False,0,car,0 days 00:16:19.377000,0 days 01:13:16.472000
2024-06-23 13:19:34.150,10210,189,5,100,False,0,car,0 days 00:16:19.737000,0 days 01:13:16.832000
2024-06-23 13:19:34.350,10521,196,5,100,False,0,car,0 days 00:16:19.937000,0 days 01:13:17.032000
2024-06-23 13:19:34.590,10787,201,5,100,False,0,car,0 days 00:16:20.177000,0 days 01:13:17.272000
2024-06-23 13:19:34.750,11040,203,5,100,False,0,car,0 days 00:16:20.337000,0 days 01:13:17.432000
2024-06-23 13:19:35.070,11440,213,5,100,False,0,car,0 days 00:16:20.657000,0 days 01:13:17.752000
2024-06-23 13:19:35.230,11543,216,5,100,False,0,car,0 days 00:16:20.817000,0 days 01:13:17.912000
2024-06-23 13:19:35.430,11679,223,5,100,False,0,car,0 days 00:16:21.017000,0 days 01:13:18.112000
2024-06-23 13:19:35.911,10666,233,6,100,False,0,car,0 days 00:16:21.498000,0 days 01:13:18.593000
2024-06-23 13:19:36.231,10844,238,6,100,False,0,car,0 days 00:16:21.818000,0 days 01:13:18.913000
2024-06-23 13:19:36.511,10996,239,6,100,False,0,car,0 days 00:16:22.098000,0 days 01:13:19.193000
2024-06-23 13:19:36.791,10706,241,6,16,False,0,car,0 days 00:16:22.378000,0 days 01:13:19.473000
2024-06-23 13:19:37.031,10784,236,6,0,False,0,car,0 days 00:16:22.618000,0 days 01:13:19.713000
2024-06-23 13:19:37.271,10784,229,6,0,False,0,car,0 days 00:16:22.858000,0 days 01:13:19.953000
2024-06-23 13:19:37.471,10504,225,6,38,False,0,car,0 days 00:16:23.058000,0 days 01:13:20.153000
2024-06-23 13:19:37.710,10236,223,6,50,False,0,car,0 days 00:16:23.297000,0 days 01:13:20.392000
2024-06-23 13:19:37.870,10174,220,6,62,False,0,car,0 days 00:16:23.457000,0 days 01:13:20.552000
2024-06-23 13:19:38.070,10173,221,6,73,False,0,car,0 days 00:16:23.657000,0 days 01:13:20.752000
2024-06-23 13:19:38.230,10256,221,6,75,False,0,car,0 days 00:16:23.817000,0 days 01:13:20.912000
2024-06-23 13:19:38.590,10452,224,6,100,False,0,car,0 days 00:16:24.177000,0 days 01:13:21.272000
2024-06-23 13:19:38.990,10616,229,6,100,False,0,car,0 days 00:16:24.577000,0 days 01:13:21.672000
2024-06-23 13:19:39.310,10905,235,6,100,False,0,car,0 days 00:16:24.897000,0 days 01:13:21.992000
2024-06-23 13:19:39.550,11059,240,6,100,False,0,car,0 days 00:16:25.137000,0 days 01:13:22.232000
2024-06-23 13:19:39.790,11176,243,6,100,False,0,car,0 days 00:16:25.377000,0 days 01:13:22.472000
2024-06-23 13:19:40.230,11480,252,6,100,False,0,car,0 days 00:16:25.817000,0 days 01:13:22.912000
2024-06-23 13:19:40.470,11679,254,6,100,False,0,car,0 days 00:16:26.057000,0 days 01:13:23.152000
2024-06-23 13:19:40.710,11119,259,6,100,False,0,car,0 days 00:16:26.297000,0 days 01:13:23.392000
2024-06-23 13:19:40.950,10690,262,7,100,False,0,car,0 days 00:16:26.537000,0 days 01:13:23.632000
2024-06-23 13:19:41.150,10625,265,7,100,False,0,car,0 days 00:16:26.737000,0 days 01:13:23.832000
2024-06-23 13:19:41.430,10713,268,7,100,False,0,car,0 days 00:16:27.017000,0 days 01:13:24.112000
2024-06-23 13:19:41.670,10848,270,7,100,False,0,car,0 days 00:16:27.257000,0 days 01:13:24.352000
2024-06-23 13:19:42.070,10994,276,7,100,False,0,car,0 days 00:16:27.657000,0 days 01:13:24.752000
2024-06-23 13:19:42.351,11050,278,7,100,False,0,car,0 days 00:16:27.938000,0 days 01:13:25.033000
2024-06-23 13:19:42.671,11195,280,7,100,False,0,car,0 days 00:16:28.258000,0 days 01:13:25.353000
2024-06-23 13:19:42.871,11306,283,7,100,False,0,car,0 days 00:16:28.458000,0 days 01:13:25.553000
2024-06-23 13:19:43.271,11406,286,7,100,False,0,car,0 days 00:16:28.858000,0 days 01:13:25.953000
2024-06-23 13:19:43.431,11438,286,7,100,False,0,car,0 days 00:16:29.018000,0 days 01:13:26.113000
2024-06-23 13:19:43.591,11438,287,7,100,False,0,car,0 days 00:16:29.178000,0 days 01:13:26.273000
2024-06-23 13:19:43.791,11488,286,7,100,False,0,car,0 days 00:16:29.378000,0 days 01:13:26.473000
2024-06-23 13:19:44.151,11437,287,7,100,False,0,car,0 days 00:16:29.738000,0 days 01:13:26.833000
2024-06-23 13:19:44.550,10838,267,7,0,True,0,car,0 days 00:16:30.137000,0 days 01:13:27.232000
2024-06-23 13:19:44.710,10055,256,7,0,True,0,car,0 days 00:16:30.297000,0 days 01:13:27.392000
2024-06-23 13:19:45.150,9336,199,7,0,True,0,car,0 days 00:16:30.737000,0 days 01:13:27.832000
2024-06-23 13:19:45.390,8953,181,7,0,True,0,car,0 days 00:16:30.977000,0 days 01:13:28.072000
2024-06-23 13:19:45.550,9323,166,6,0,True,0,car,0 days 00:16:31.137000,0 days 01:13:28.232000
2024-06-23 13:19:45.830,9254,146,5,0,True,0,car,0 days 00:16:31.417000,0 days 01:13:28.512000
2024-06-23 13:19:46.190,9575,134,4,0,True,0,car,0 days 00:16:31.777000,0 days 01:13:28.872000
2024-06-23 13:19:46.590,8825,122,3,0,True,0,car,0 days 00:16:32.177000,0 days 01:13:29.272000
2024-06-23 13:19:46.950,8520,115,3,0,True,0,car,0 days 00:16:32.537000,0 days 01:13:29.632000
2024-06-23 13:19:47.190,8267,113,3,0,True,0,car,0 days 00:16:32.777000,0 days 01:13:29.872000
2024-06-23 13:19:47.350,8161,109,3,0,True,0,car,0 days 00:16:32.937000,0 days 01:13:30.032000
2024-06-23 13:19:47.550,7934,108,3,0,True,0,car,0 days 00:16:33.137000,0 days 01:13:30.232000
2024-06-23 13:19:47.790,7973,106,3,0,False,0,car,0 days 00:16:33.377000,0 days 01:13:30.472000
2024-06-23 13:19:48.070,7512,103,3,14,False,0,car,0 days 00:16:33.657000,0 days 01:13:30.752000
2024-06-23 13:19:48.350,7777,102,3,31,False,0,car,0 days 00:16:33.937000,0 days 01:13:31.032000
2024-06-23 13:19:48.550,7870,104,3,35,False,0,car,0 days 00:16:34.137000,0 days 01:13:31.232000
2024-06-23 13:19:48.791,7996,105,3,42,False,0,car,0 days 00:16:34.378000,0 days 01:13:31.473000
2024-06-23 13:19:49.191,8491,110,3,49,False,0,car,0 days 00:16:34.778000,0 days 01:13:31.873000
2024-06-23 13:19:49.471,8715,116,3,54,False,0,car,0 days 00:16:35.058000,0 days 01:13:32.153000
2024-06-23 13:19:49.711,9316,121,3,65,False,0,car,0 days 00:16:35.298000,0 days 01:13:32.393000
2024-06-23 13:19:50.111,10335,133,3,76,False,0,car,0 days 00:16:35.698000,0 days 01:13:32.793000
2024-06-23 13:19:50.271,10378,140,3,86,False,0,car,0 days 00:16:35.858000,0 days 01:13:32.953000
2024-06-23 13:19:50.431,9678,145,3,87,False,0,car,0 days 00:16:36.018000,0 days 01:13:33.113000
2024-06-23 13:19:50.711,10582,156,3,100,False,0,car,0 days 00:16:36.298000,0 days 01:13:33.393000
2024-06-23 13:19:51.150,11187,176,4,100,False,0,car,0 days 00:16:36.737000,0 days 01:13:33.832000
2024-06-23 13:19:51.510,10333,184,4,100,False,0,car,0 days 00:16:37.097000,0 days 01:13:34.192000
2024-06-23 13:19:51.830,10293,196,5,100,False,0,car,0 days 00:16:37.417000,0 days 01:13:34.512000
2024-06-23 13:19:51.990,10646,197,5,100,True,0,car,0 days 00:16:37.577000,0 days 01:13:34.672000
2024-06-23 13:19:52.230,9647,194,5,0,True,0,car,0 days 00:16:37.817000,0 days 01:13:34.912000
2024-06-23 13:19:52.430,9559,176,5,0,True,0,car,0 days 00:16:38.017000,0 days 01:13:35.112000
2024-06-23 13:19:52.590,8867,171,5,0,True,0,car,0 days 00:16:38.177000,0 days 01:13:35.272000
2024-06-23 13:19:52.830,9885,158,5,0,True,0,car,0 days 00:16:38.417000,0 days 01:13:35.512000
2024-06-23 13:19:53.110,9289,152,4,0,True,0,car,0 days 00:16:38.697000,0 days 01:13:35.792000
2024-06-23 13:19:53.310,8884,146,4,0,True,0,car,0 days 00:16:38.897000,0 days 01:13:35.992000
2024-06-23 13:19:53.590,8405,137,4,0,True,0,car,0 days 00:16:39.177000,0 days 01:13:36.272000
2024-06-23 13:19:54.030,7957,128,4,0,True,0,car,0 days 00:16:39.617000,0 days 01:13:36.712000
2024-06-23 13:19:54.310,7744,123,4,0,False,0,car,0 days 00:16:39.897000,0 days 01:13:36.992000
2024-06-23 13:19:54.510,7438,120,4,0,False,0,car,0 days 00:16:40.097000,0 days 01:13:37.192000
2024-06-23 13:19:54.790,7318,118,4,0,False,0,car,0 days 00:16:40.377000,0 days 01:13:37.472000
2024-06-23 13:19:55.190,7186,112,4,26,False,0,car,0 days 00:16:40.777000,0 days 01:13:37.872000
2024-06-23 13:19:55.431,7366,114,4,39,False,0,car,0 days 00:16:41.018000,0 days 01:13:38.113000
2024-06-23 13:19:55.671,7590,116,4,46,False,0,car,0 days 00:16:41.258000,0 days 01:13:38.353000
2024-06-23 13:19:55.951,7888,121,4,58,False,0,car,0 days 00:16:41.538000,0 days 01:13:38.633000
2024-06-23 13:19:56.191,8160,125,4,62,False,0,car,0 days 00:16:41.778000,0 days 01:13:38.873000
2024-06-23 13:19:56.391,8467,131,4,69,False,0,car,0 days 00:16:41.978000,0 days 01:13:39.073000
2024-06-23 13:19:56.591,8877,136,4,73,False,0,car,0 days 00:16:42.178000,0 days 01:13:39.273000
2024-06-23 13:19:56.831,9342,145,4,79,False,0,car,0 days 00:16:42.418000,0 days 01:13:39.513000
2024-06-23 13:19:56.991,9872,145,4,83,False,0,car,0 days 00:16:42.578000,0 days 01:13:39.673000
2024-06-23 13:19:57.311,10606,159,4,85,False,0,car,0 days 00:16:42.898000,0 days 01:13:39.993000
2024-06-23 13:19:57.671,11282,173,4,100,False,0,car,0 days 00:16:43.258000,0 days 01:13:40.353000
2024-06-23 13:19:57.950,10092,184,4,100,False,0,car,0 days 00:16:43.537000,0 days 01:13:40.632000
2024-06-23 13:19:58.230,10540,195,5,100,False,0,car,0 days 00:16:43.817000,0 days 01:13:40.912000
2024-06-23 13:19:58.430,11016,195,5,100,False,0,car,0 days 00:16:44.017000,0 days 01:13:41.112000
2024-06-23 13:19:58.670,11120,208,5,100,False,0,car,0 days 00:16:44.257000,0 days 01:13:41.352000
2024-06-23 13:19:58.830,11136,214,5,100,False,0,car,0 days 00:16:44.417000,0 days 01:13:41.512000
2024-06-23 13:19:59.150,10672,221,5,100,False,0,car,0 days 00:16:44.737000,0 days 01:13:41.832000
2024-06-23 13:19:59.310,10543,223,6,98,False,0,car,0 days 00:16:44.897000,0 days 01:13:41.992000
2024-06-23 13:19:59.590,10603,228,6,83,False,0,car,0 days 00:16:45.177000,0 days 01:13:42.272000
2024-06-23 13:19:59.790,10696,231,6,83,False,0,car,0 days 00:16:45.377000,0 days 01:13:42.472000
2024-06-23 13:20:00.030,10629,234,6,75,False,0,car,0 days 00:16:45.617000,0 days 01:13:42.712000
2024-06-23 13:20:00.430,10830,235,6,78,False,0,car,0 days 00:16:46.017000,0 days 01:13:43.112000
2024-06-23 13:20:00.750,11021,237,6,98,False,0,car,0 days 00:16:46.337000,0 days 01:13:43.432000
2024-06-23 13:20:00.990,11202,241,6,100,False,0,car,0 days 00:16:46.577000,0 days 01:13:43.672000
2024-06-23 13:20:01.270,11291,241,6,100,False,0,car,0 days 00:16:46.857000,0 days 01:13:43.952000
2024-06-23 13:20:01.670,11473,250,6,100,False,0,car,0 days 00:16:47.257000,0 days 01:13:44.352000
2024-06-23 13:20:01.871,11551,252,6,100,False,0,car,0 days 00:16:47.458000,0 days 01:13:44.553000
2024-06-23 13:20:02.191,11717,256,6,100,False,0,car,0 days 00:16:47.778000,0 days 01:13:44.873000
2024-06-23 13:20:02.511,10420,258,6,100,False,0,car,0 days 00:16:48.098000,0 days 01:13:45.193000
2024-06-23 13:20:02.871,10334,259,7,100,False,0,car,0 days 00:16:48.458000,0 days 01:13:45.553000
2024-06-23 13:20:03.151,9728,255,7,0,True,0,car,0 days 00:16:48.738000,0 days 01:13:45.833000
2024-06-23 13:20:03.391,10212,247,7,0,True,0,car,0 days 00:16:48.978000,0 days 01:13:46.073000
2024-06-23 13:20:03.751,10698,235,6,12,False,0,car,0 days 00:16:49.338000,0 days 01:13:46.433000
2024-06-23 13:20:03.911,10399,233,6,53,False,0,car,0 days 00:16:49.498000,0 days 01:13:46.593000
2024-06-23 13:20:04.111,10716,231,6,56,False,0,car,0 days 00:16:49.698000,0 days 01:13:46.793000
2024-06-23 13:20:04.351,10592,230,6,82,False,0,car,0 days 00:16:49.938000,0 days 01:13:47.033000
2024-06-23 13:20:04.710,10702,230,6,85,False,0,car,0 days 00:16:50.297000,0 days 01:13:47.392000
2024-06-23 13:20:04.950,10891,234,6,100,False,0,car,0 days 00:16:50.537000,0 days 01:13:47.632000
2024-06-23 13:20:05.110,10877,237,6,100,False,0,car,0 days 00:16:50.697000,0 days 01:13:47.792000
2024-06-23 13:20:05.310,11030,237,6,100,False,0,car,0 days 00:16:50.897000,0 days 01:13:47.992000
2024-06-23 13:20:05.630,11204,242,6,100,False,0,car,0 days 00:16:51.217000,0 days 01:13:48.312000
2024-06-23 13:20:05.910,11322,245,6,100,False,0,car,0 days 00:16:51.497000,0 days 01:13:48.592000
2024-06-23 13:20:06.190,11438,250,6,100,False,0,car,0 days 00:16:51.777000,0 days 01:13:48.872000
2024-06-23 13:20:06.630,11711,255,6,100,False,0,car,0 days 00:16:52.217000,0 days 01:13:49.312000
2024-06-23 13:20:06.910,11864,259,6,100,False,0,car,0 days 00:16:52.497000,0 days 01:13:49.592000
2024-06-23 13:20:07.110,10735,263,6,100,False,0,car,0 days 00:16:52.697000,0 days 01:13:49.792000
2024-06-23 13:20:07.470,10610,267,7,100,False,0,car,0 days 00:16:53.057000,0 days 01:13:50.152000
2024-06-23 13:20:07.790,10852,268,7,100,False,0,car,0 days 00:16:53.377000,0 days 01:13:50.472000
2024-06-23 13:20:08.070,10933,273,7,100,False,0,car,0 days 00:16:53.657000,0 days 01:13:50.752000
2024-06-23 13:20:08.270,11005,274,7,100,False,0,car,0 days 00:16:53.857000,0 days 01:13:50.952000
2024-06-23 13:20:08.511,11079,276,7,100,False,0,car,0 days 00:16:54.098000,0 days 01:13:51.193000
2024-06-23 13:20:08.671,11167,279,7,100,False,0,car,0 days 00:16:54.258000,0 days 01:13:51.353000
2024-06-23 13:20:09.111,11242,282,7,100,False,0,car,0 days 00:16:54.698000,0 days 01:13:51.793000
2024-06-23 13:20:09.551,11396,285,7,100,False,0,car,0 days 00:16:55.138000,0 days 01:13:52.233000
2024-06-23 13:20:09.751,11396,288,7,100,False,0,car,0 days 00:16:55.338000,0 days 01:13:52.433000
2024-06-23 13:20:10.151,11618,291,7,100,False,0,car,0 days 00:16:55.738000,0 days 01:13:52.833000
2024-06-23 13:20:10.311,11618,291,7,100,False,0,car,0 days 00:16:55.898000,0 days 01:13:52.993000
2024-06-23 13:20:10.751,10778,293,8,100,False,0,car,0 days 00:16:56.338000,0 days 01:13:53.433000
2024-06-23 13:20:11.031,10379,293,8,100,False,0,car,0 days 00:16:56.618000,0 days 01:13:53.713000
2024-06-23 13:20:11.271,10447,294,8,100,False,0,car,0 days 00:16:56.858000,0 days 01:13:53.953000
2024-06-23 13:20:11.590,10484,295,8,100,False,0,car,0 days 00:16:57.177000,0 days 01:13:54.272000
2024-06-23 13:20:11.830,10518,297,8,100,False,0,car,0 days 00:16:57.417000,0 days 01:13:54.512000
2024-06-23 13:20:12.190,10545,296,8,100,False,0,car,0 days 00:16:57.777000,0 days 01:13:54.872000
2024-06-23 13:20:12.550,10587,298,8,100,False,0,car,0 days 00:16:58.137000,0 days 01:13:55.232000
2024-06-23 13:20:12.870,10605,297,8,100,False,0,car,0 days 00:16:58.457000,0 days 01:13:55.552000
2024-06-23 13:20:13.190,10607,299,8,100,False,0,car,0 days 00:16:58.777000,0 days 01:13:55.872000
2024-06-23 13:20:13.590,10617,298,8,100,False,0,car,0 days 00:16:59.177000,0 days 01:13:56.272000
2024-06-23 13:20:13.790,10639,298,8,100,False,0,car,0 days 00:16:59.377000,0 days 01:13:56.472000
2024-06-23 13:20:13.950,10652,299,8,100,False,0,car,0 days 00:16:59.537000,0 days 01:13:56.632000
2024-06-23 13:20:14.270,10686,301,8,100,False,0,car,0 days 00:16:59.857000,0 days 01:13:56.952000
2024-06-23 13:20:14.630,10752,301,8,100,False,0,car,0 days 00:17:00.217000,0 days 01:13:57.312000
2024-06-23 13:20:14.950,10746,302,8,100,False,0,car,0 days 00:17:00.537000,0 days 01:13:57.632000
2024-06-23 13:20:15.271,10725,303,8,100,False,0,car,0 days 00:17:00.858000,0 days 01:13:57.953000
2024-06-23 13:20:15.551,10762,302,8,100,False,0,car,0 days 00:17:01.138000,0 days 01:13:58.233000
2024-06-23 13:20:15.871,10749,303,8,100,False,0,car,0 days 00:17:01.458000,0 days 01:13:58.553000
2024-06-23 13:20:16.031,10775,302,8,100,False,0,car,0 days 00:17:01.618000,0 days 01:13:58.713000
2024-06-23 13:20:16.351,10778,303,8,100,False,0,car,0 days 00:17:01.938000,0 days 01:13:59.033000
2024-06-23 13:20:16.631,10734,302,8,100,False,0,car,0 days 00:17:02.218000,0 days 01:13:59.313000
2024-06-23 13:20:16.871,10704,302,8,100,False,0,car,0 days 00:17:02.458000,0 days 01:13:59.553000
2024-06-23 13:20:17.191,10642,299,8,73,False,0,car,0 days 00:17:02.778000,0 days 01:13:59.873000
2024-06-23 13:20:17.591,10108,294,8,0,True,0,car,0 days 00:17:03.178000,0 days 01:14:00.273000
2024-06-23 13:20:17.751,9677,268,8,0,True,0,car,0 days 00:17:03.338000,0 days 01:14:00.433000
2024-06-23 13:20:17.951,8836,243,8,0,True,0,car,0 days 00:17:03.538000,0 days 01:14:00.633000
2024-06-23 13:20:18.150,8914,221,8,0,True,0,car,0 days 00:17:03.737000,0 days 01:14:00.832000
2024-06-23 13:20:18.310,8230,210,8,0,True,0,car,0 days 00:17:03.897000,0 days 01:14:00.992000
2024-06-23 13:20:18.590,8553,191,7,0,True,0,car,0 days 00:17:04.177000,0 days 01:14:01.272000
2024-06-23 13:20:18.870,8577,165,5,0,True,0,car,0 days 00:17:04.457000,0 days 01:14:01.552000
2024-06-23 13:20:19.270,9134,152,4,0,True,0,car,0 days 00:17:04.857000,0 days 01:14:01.952000
2024-06-23 13:20:19.590,8802,141,4,0,False,0,car,0 days 00:17:05.177000,0 days 01:14:02.272000
2024-06-23 13:20:19.870,8555,139,4,0,False,0,car,0 days 00:17:05.457000,0 days 01:14:02.552000
2024-06-23 13:20:20.030,8555,139,4,0,False,0,car,0 days 00:17:05.617000,0 days 01:14:02.712000
2024-06-23 13:20:20.310,8689,134,4,41,False,0,car,0 days 00:17:05.897000,0 days 01:14:02.992000
2024-06-23 13:20:20.470,8585,137,4,53,False,0,car,0 days 00:17:06.057000,0 days 01:14:03.152000
2024-06-23 13:20:20.830,9119,140,4,64,False,0,car,0 days 00:17:06.417000,0 days 01:14:03.512000
2024-06-23 13:20:21.030,9366,148,4,68,False,0,car,0 days 00:17:06.617000,0 days 01:14:03.712000
2024-06-23 13:20:21.350,9849,152,4,73,False,0,car,0 days 00:17:06.937000,0 days 01:14:04.032000
2024-06-23 13:20:21.711,8690,163,4,57,False,0,car,0 days 00:17:07.298000,0 days 01:14:04.393000
2024-06-23 13:20:21.911,8807,164,5,52,False,0,car,0 days 00:17:07.498000,0 days 01:14:04.593000
2024-06-23 13:20:22.231,8845,166,5,56,False,0,car,0 days 00:17:07.818000,0 days 01:14:04.913000
2024-06-23 13:20:22.471,9075,166,5,69,False,0,car,0 days 00:17:08.058000,0 days 01:14:05.153000
2024-06-23 13:20:22.751,9326,172,5,80,False,0,car,0 days 00:17:08.338000,0 days 01:14:05.433000
2024-06-23 13:20:22.911,9533,175,5,83,False,0,car,0 days 00:17:08.498000,0 days 01:14:05.593000
2024-06-23 13:20:23.191,9824,183,5,100,False,0,car,0 days 00:17:08.778000,0 days 01:14:05.873000
2024-06-23 13:20:23.391,10190,188,5,100,False,0,car,0 days 00:17:08.978000,0 days 01:14:06.073000
2024-06-23 13:20:23.591,10554,194,5,100,False,0,car,0 days 00:17:09.178000,0 days 01:14:06.273000
2024-06-23 13:20:24.071,11114,206,5,94,False,0,car,0 days 00:17:09.658000,0 days 01:14:06.753000
2024-06-23 13:20:24.311,11307,213,5,72,False,0,car,0 days 00:17:09.898000,0 days 01:14:06.993000
2024-06-23 13:20:24.511,11391,214,5,59,False,0,car,0 days 00:17:10.098000,0 days 01:14:07.193000
2024-06-23 13:20:24.870,11287,212,5,50,False,0,car,0 days 00:17:10.457000,0 days 01:14:07.552000
2024-06-23 13:20:25.030,11151,212,5,47,False,0,car,0 days 00:17:10.617000,0 days 01:14:07.712000
2024-06-23 13:20:25.310,11023,207,5,49,False,0,car,0 days 00:17:10.897000,0 days 01:14:07.992000
2024-06-23 13:20:25.590,10845,205,5,47,False,0,car,0 days 00:17:11.177000,0 days 01:14:08.272000
2024-06-23 13:20:25.750,10812,202,5,54,False,0,car,0 days 00:17:11.337000,0 days 01:14:08.432000
2024-06-23 13:20:26.070,11001,203,5,75,False,0,car,0 days 00:17:11.657000,0 days 01:14:08.752000
2024-06-23 13:20:26.430,11148,210,5,83,False,0,car,0 days 00:17:12.017000,0 days 01:14:09.112000
2024-06-23 13:20:26.710,11247,211,5,82,False,0,car,0 days 00:17:12.297000,0 days 01:14:09.392000
2024-06-23 13:20:26.910,11458,215,5,89,False,0,car,0 days 00:17:12.497000,0 days 01:14:09.592000
2024-06-23 13:20:27.110,11734,217,5,96,False,0,car,0 days 00:17:12.697000,0 days 01:14:09.792000
2024-06-23 13:20:27.550,11077,226,5,100,False,0,car,0 days 00:17:13.137000,0 days 01:14:10.232000
2024-06-23 13:20:27.710,10669,226,6,100,False,0,car,0 days 00:17:13.297000,0 days 01:14:10.392000
2024-06-23 13:20:28.150,10969,236,6,100,False,0,car,0 days 00:17:13.737000,0 days 01:14:10.832000
2024-06-23 13:20:28.311,11070,238,6,100,False,0,car,0 days 00:17:13.898000,0 days 01:14:10.993000
2024-06-23 13:20:28.471,11180,243,6,100,False,0,car,0 days 00:17:14.058000,0 days 01:14:11.153000
2024-06-23 13:20:28.671,11256,245,6,100,False,0,car,0 days 00:17:14.258000,0 days 01:14:11.353000
2024-06-23 13:20:28.831,11388,245,6,100,False,0,car,0 days 00:17:14.418000,0 days 01:14:11.513000
2024-06-23 13:20:29.191,11605,252,6,100,False,0,car,0 days 00:17:14.778000,0 days 01:14:11.873000
2024-06-23 13:20:29.391,11691,254,6,100,False,0,car,0 days 00:17:14.978000,0 days 01:14:12.073000
2024-06-23 13:20:29.551,11801,257,6,100,False,0,car,0 days 00:17:15.138000,0 days 01:14:12.233000
2024-06-23 13:20:29.991,10528,262,7,100,False,0,car,0 days 00:17:15.578000,0 days 01:14:12.673000
2024-06-23 13:20:30.151,10532,263,7,100,False,0,car,0 days 00:17:15.738000,0 days 01:14:12.833000
2024-06-23 13:20:30.831,10923,273,7,100,False,0,car,0 days 00:17:16.418000,0 days 01:14:13.513000
2024-06-23 13:20:31.151,11044,275,7,100,False,0,car,0 days 00:17:16.738000,0 days 01:14:13.833000
2024-06-23 13:20:31.550,11176,279,7,100,False,0,car,0 days 00:17:17.137000,0 days 01:14:14.232000
2024-06-23 13:20:31.710,11155,279,7,100,False,0,car,0 days 00:17:17.297000,0 days 01:14:14.392000
2024-06-23 13:20:32.110,11192,280,7,100,False,0,car,0 days 00:17:17.697000,0 days 01:14:14.792000
2024-06-23 13:20:32.390,10931,269,7,0,True,0,car,0 days 00:17:17.977000,0 days 01:14:15.072000
2024-06-23 13:20:32.630,10231,254,7,0,True,0,car,0 days 00:17:18.217000,0 days 01:14:15.312000
2024-06-23 13:20:32.950,9751,211,7,0,True,0,car,0 days 00:17:18.537000,0 days 01:14:15.632000
2024-06-23 13:20:33.110,9153,203,6,0,True,0,car,0 days 00:17:18.697000,0 days 01:14:15.792000
2024-06-23 13:20:33.390,9612,183,5,0,True,0,car,0 days 00:17:18.977000,0 days 01:14:16.072000
2024-06-23 13:20:33.550,9539,172,5,0,True,0,car,0 days 00:17:19.137000,0 days 01:14:16.232000
2024-06-23 13:20:33.750,10086,167,5,0,True,0,car,0 days 00:17:19.337000,0 days 01:14:16.432000
2024-06-23 13:20:33.950,9730,157,4,0,True,0,car,0 days 00:17:19.537000,0 days 01:14:16.632000
2024-06-23 13:20:34.270,9450,149,4,0,True,0,car,0 days 00:17:19.857000,0 days 01:14:16.952000
2024-06-23 13:20:34.470,9079,149,4,0,True,0,car,0 days 00:17:20.057000,0 days 01:14:17.152000
2024-06-23 13:20:34.710,8913,144,4,0,False,0,car,0 days 00:17:20.297000,0 days 01:14:17.392000
2024-06-23 13:20:34.991,8605,141,4,0,False,0,car,0 days 00:17:20.578000,0 days 01:14:17.673000
2024-06-23 13:20:35.191,8354,137,4,0,True,0,car,0 days 00:17:20.778000,0 days 01:14:17.873000
2024-06-23 13:20:35.471,8277,131,4,0,False,0,car,0 days 00:17:21.058000,0 days 01:14:18.153000
2024-06-23 13:20:35.671,8196,128,4,11,False,0,car,0 days 00:17:21.258000,0 days 01:14:18.353000
2024-06-23 13:20:35.911,8066,127,4,40,False,0,car,0 days 00:17:21.498000,0 days 01:14:18.593000
2024-06-23 13:20:36.191,8286,129,4,51,False,0,car,0 days 00:17:21.778000,0 days 01:14:18.873000
2024-06-23 13:20:36.471,8606,133,4,59,False,0,car,0 days 00:17:22.058000,0 days 01:14:19.153000
2024-06-23 13:20:36.831,9017,139,4,64,False,0,car,0 days 00:17:22.418000,0 days 01:14:19.513000
2024-06-23 13:20:37.031,9385,147,4,74,False,0,car,0 days 00:17:22.618000,0 days 01:14:19.713000
2024-06-23 13:20:37.231,9713,150,4,76,False,0,car,0 days 00:17:22.818000,0 days 01:14:19.913000
2024-06-23 13:20:37.511,10207,158,4,83,False,0,car,0 days 00:17:23.098000,0 days 01:14:20.193000
2024-06-23 13:20:37.791,10804,164,4,96,False,0,car,0 days 00:17:23.378000,0 days 01:14:20.473000
2024-06-23 13:20:38.071,11305,175,4,100,False,0,car,0 days 00:17:23.658000,0 days 01:14:20.753000
2024-06-23 13:20:38.231,10727,185,4,100,False,0,car,0 days 00:17:23.818000,0 days 01:14:20.913000
2024-06-23 13:20:38.470,10283,191,5,100,False,0,car,0 days 00:17:24.057000,0 days 01:14:21.152000
2024-06-23 13:20:38.630,10468,194,5,100,False,0,car,0 days 00:17:24.217000,0 days 01:14:21.312000
2024-06-23 13:20:38.870,10845,202,5,100,False,0,car,0 days 00:17:24.457000,0 days 01:14:21.552000
2024-06-23 13:20:39.150,11252,209,5,100,False,0,car,0 days 00:17:24.737000,0 days 01:14:21.832000
2024-06-23 13:20:39.310,11387,212,5,100,False,0,car,0 days 00:17:24.897000,0 days 01:14:21.992000
2024-06-23 13:20:39.590,11727,219,5,100,False,0,car,0 days 00:17:25.177000,0 days 01:14:22.272000
2024-06-23 13:20:39.790,11395,224,5,100,False,0,car,0 days 00:17:25.377000,0 days 01:14:22.472000
2024-06-23 13:20:39.990,10253,227,6,100,False,0,car,0 days 00:17:25.577000,0 days 01:14:22.672000
2024-06-23 13:20:40.310,10672,233,6,100,False,0,car,0 days 00:17:25.897000,0 days 01:14:22.992000
2024-06-23 13:20:40.590,10773,236,6,100,False,0,car,0 days 00:17:26.177000,0 days 01:14:23.272000
2024-06-23 13:20:40.990,9723,233,6,0,True,0,car,0 days 00:17:26.577000,0 days 01:14:23.672000
2024-06-23 13:20:41.190,9156,203,6,0,True,0,car,0 days 00:17:26.777000,0 days 01:14:23.872000
2024-06-23 13:20:41.391,9549,184,6,0,True,0,car,0 days 00:17:26.978000,0 days 01:14:24.073000
2024-06-23 13:20:41.551,9165,175,5,0,True,0,car,0 days 00:17:27.138000,0 days 01:14:24.233000
2024-06-23 13:20:41.911,9004,147,4,0,True,0,car,0 days 00:17:27.498000,0 days 01:14:24.593000
2024-06-23 13:20:42.111,9810,138,4,0,True,0,car,0 days 00:17:27.698000,0 days 01:14:24.793000
2024-06-23 13:20:42.271,9364,130,3,0,True,0,car,0 days 00:17:27.858000,0 days 01:14:24.953000
2024-06-23 13:20:42.551,8884,122,3,0,True,0,car,0 days 00:17:28.138000,0 days 01:14:25.233000
2024-06-23 13:20:42.791,8418,116,3,0,True,0,car,0 days 00:17:28.378000,0 days 01:14:25.473000
2024-06-23 13:20:42.951,8278,112,3,0,True,0,car,0 days 00:17:28.538000,0 days 01:14:25.633000
2024-06-23 13:20:43.311,7844,108,3,0,True,0,car,0 days 00:17:28.898000,0 days 01:14:25.993000
2024-06-23 13:20:43.471,7322,102,3,0,True,0,car,0 days 00:17:29.058000,0 days 01:14:26.153000
2024-06-23 13:20:43.711,7191,97,3,0,True,0,car,0 days 00:17:29.298000,0 days 01:14:26.393000
2024-06-23 13:20:43.871,7126,95,3,0,False,0,car,0 days 00:17:29.458000,0 days 01:14:26.553000
2024-06-23 13:20:44.151,7062,93,3,14,False,0,car,0 days 00:17:29.738000,0 days 01:14:26.833000
2024-06-23 13:20:44.311,7119,93,3,20,False,0,car,0 days 00:17:29.898000,0 days 01:14:26.993000
2024-06-23 13:20:44.631,7359,96,3,38,False,0,car,0 days 00:17:30.218000,0 days 01:14:27.313000
2024-06-23 13:20:44.871,7718,100,3,45,False,0,car,0 days 00:17:30.458000,0 days 01:14:27.553000
2024-06-23 13:20:45.190,8108,106,3,51,False,0,car,0 days 00:17:30.777000,0 days 01:14:27.872000
2024-06-23 13:20:45.350,8543,111,3,59,False,0,car,0 days 00:17:30.937000,0 days 01:14:28.032000
2024-06-23 13:20:45.550,8917,113,3,62,False,0,car,0 days 00:17:31.137000,0 days 01:14:28.232000
2024-06-23 13:20:45.750,9397,123,3,74,False,0,car,0 days 00:17:31.337000,0 days 01:14:28.432000
2024-06-23 13:20:46.030,10165,136,3,80,False,0,car,0 days 00:17:31.617000,0 days 01:14:28.712000
2024-06-23 13:20:46.310,9980,147,3,100,False,0,car,0 days 00:17:31.897000,0 days 01:14:28.992000
2024-06-23 13:20:46.470,10104,154,4,100,False,0,car,0 days 00:17:32.057000,0 days 01:14:29.152000
2024-06-23 13:20:46.750,10896,169,4,100,False,0,car,0 days 00:17:32.337000,0 days 01:14:29.432000
2024-06-23 13:20:47.070,11598,182,4,100,False,0,car,0 days 00:17:32.657000,0 days 01:14:29.752000
2024-06-23 13:20:47.470,10437,196,5,100,False,0,car,0 days 00:17:33.057000,0 days 01:14:30.152000
2024-06-23 13:20:47.830,11006,209,5,100,False,0,car,0 days 00:17:33.417000,0 days 01:14:30.512000
2024-06-23 13:20:48.231,11599,220,5,100,False,0,car,0 days 00:17:33.818000,0 days 01:14:30.913000
2024-06-23 13:20:48.391,11823,222,5,100,False,0,car,0 days 00:17:33.978000,0 days 01:14:31.073000
2024-06-23 13:20:48.631,10471,229,5,100,False,0,car,0 days 00:17:34.218000,0 days 01:14:31.313000
2024-06-23 13:20:48.791,10746,232,6,100,False,0,car,0 days 00:17:34.378000,0 days 01:14:31.473000
2024-06-23 13:20:49.031,10832,238,6,100,False,0,car,0 days 00:17:34.618000,0 days 01:14:31.713000
2024-06-23 13:20:49.311,11109,243,6,100,False,0,car,0 days 00:17:34.898000,0 days 01:14:31.993000
2024-06-23 13:20:49.631,11318,247,6,100,False,0,car,0 days 00:17:35.218000,0 days 01:14:32.313000
2024-06-23 13:20:49.951,11446,251,6,100,False,0,car,0 days 00:17:35.538000,0 days 01:14:32.633000
2024-06-23 13:20:50.231,11508,252,6,82,False,0,car,0 days 00:17:35.818000,0 days 01:14:32.913000
2024-06-23 13:20:50.511,10737,233,6,0,True,0,car,0 days 00:17:36.098000,0 days 01:14:33.193000
2024-06-23 13:20:50.951,10140,196,5,0,True,0,car,0 days 00:17:36.538000,0 days 01:14:33.633000
2024-06-23 13:20:51.111,9412,181,5,0,True,0,car,0 days 00:17:36.698000,0 days 01:14:33.793000
2024-06-23 13:20:51.271,10392,168,5,0,True,0,car,0 days 00:17:36.858000,0 days 01:14:33.953000
2024-06-23 13:20:51.551,9675,157,4,0,True,0,car,0 days 00:17:37.138000,0 days 01:14:34.233000
2024-06-23 13:20:51.750,9458,150,4,0,True,0,car,0 days 00:17:37.337000,0 days 01:14:34.432000
2024-06-23 13:20:52.110,9142,147,4,0,False,0,car,0 days 00:17:37.697000,0 days 01:14:34.792000
2024-06-23 13:20:52.350,8953,143,4,0,False,0,car,0 days 00:17:37.937000,0 days 01:14:35.032000
2024-06-23 13:20:52.630,8707,139,4,18,False,0,car,0 days 00:17:38.217000,0 days 01:14:35.312000
2024-06-23 13:20:52.990,8863,137,4,49,False,0,car,0 days 00:17:38.577000,0 days 01:14:35.672000
2024-06-23 13:20:53.190,8898,138,4,57,False,0,car,0 days 00:17:38.777000,0 days 01:14:35.872000
2024-06-23 13:20:53.390,9245,142,4,69,False,0,car,0 days 00:17:38.977000,0 days 01:14:36.072000
2024-06-23 13:20:53.750,9825,152,4,100,False,0,car,0 days 00:17:39.337000,0 days 01:14:36.432000
2024-06-23 13:20:53.950,10281,160,4,100,False,0,car,0 days 00:17:39.537000,0 days 01:14:36.632000
2024-06-23 13:20:54.310,11622,173,4,100,False,0,car,0 days 00:17:39.897000,0 days 01:14:36.992000
2024-06-23 13:20:54.551,11490,182,4,100,False,0,car,0 days 00:17:40.138000,0 days 01:14:37.233000
2024-06-23 13:20:55.311,10953,203,5,100,False,0,car,0 days 00:17:40.898000,0 days 01:14:37.993000
2024-06-23 13:20:55.591,11353,211,5,100,False,0,car,0 days 00:17:41.178000,0 days 01:14:38.273000
2024-06-23 13:20:55.751,11576,217,5,100,False,0,car,0 days 00:17:41.338000,0 days 01:14:38.433000
2024-06-23 13:20:56.031,11792,223,5,100,False,0,car,0 days 00:17:41.618000,0 days 01:14:38.713000
2024-06-23 13:20:56.191,11476,227,5,100,False,0,car,0 days 00:17:41.778000,0 days 01:14:38.873000
2024-06-23 13:20:56.511,10618,231,6,100,False,0,car,0 days 00:17:42.098000,0 days 01:14:39.193000
2024-06-23 13:20:56.671,10840,236,6,100,False,0,car,0 days 00:17:42.258000,0 days 01:14:39.353000
2024-06-23 13:20:56.831,10882,240,6,100,False,0,car,0 days 00:17:42.418000,0 days 01:14:39.513000
2024-06-23 13:20:56.991,11014,241,6,100,False,0,car,0 days 00:17:42.578000,0 days 01:14:39.673000
2024-06-23 13:20:57.191,11050,242,6,100,False,0,car,0 days 00:17:42.778000,0 days 01:14:39.873000
2024-06-23 13:20:57.391,10675,243,6,37,False,0,car,0 days 00:17:42.978000,0 days 01:14:40.073000
2024-06-23 13:20:57.671,10914,239,6,0,False,0,car,0 days 00:17:43.258000,0 days 01:14:40.353000
2024-06-23 13:20:57.871,10508,233,6,6,False,0,car,0 days 00:17:43.458000,0 days 01:14:40.553000
2024-06-23 13:20:58.351,10424,226,6,68,False,0,car,0 days 00:17:43.938000,0 days 01:14:41.033000
2024-06-23 13:20:58.510,10458,226,6,69,False,0,car,0 days 00:17:44.097000,0 days 01:14:41.192000
2024-06-23 13:20:58.710,10498,226,6,72,False,0,car,0 days 00:17:44.297000,0 days 01:14:41.392000
2024-06-23 13:20:59.070,10591,227,6,100,False,0,car,0 days 00:17:44.657000,0 days 01:14:41.752000
2024-06-23 13:20:59.350,10729,232,6,100,False,0,car,0 days 00:17:44.937000,0 days 01:14:42.032000
2024-06-23 13:20:59.630,10869,235,6,100,False,0,car,0 days 00:17:45.217000,0 days 01:14:42.312000
2024-06-23 13:20:59.830,10992,238,6,100,False,0,car,0 days 00:17:45.417000,0 days 01:14:42.512000
2024-06-23 13:21:00.190,11124,242,6,100,False,0,car,0 days 00:17:45.777000,0 days 01:14:42.872000
2024-06-23 13:21:00.350,11319,246,6,100,False,0,car,0 days 00:17:45.937000,0 days 01:14:43.032000
2024-06-23 13:21:00.590,11530,251,6,100,False,0,car,0 days 00:17:46.177000,0 days 01:14:43.272000
2024-06-23 13:21:00.950,11706,254,6,100,False,0,car,0 days 00:17:46.537000,0 days 01:14:43.632000
2024-06-23 13:21:01.111,11755,256,6,100,False,0,car,0 days 00:17:46.698000,0 days 01:14:43.793000
2024-06-23 13:21:01.351,10900,260,6,100,False,0,car,0 days 00:17:46.938000,0 days 01:14:44.033000
2024-06-23 13:21:01.631,10497,266,7,100,False,0,car,0 days 00:17:47.218000,0 days 01:14:44.313000
2024-06-23 13:21:01.831,10703,267,7,100,False,0,car,0 days 00:17:47.418000,0 days 01:14:44.513000
2024-06-23 13:21:02.031,10797,270,7,100,False,0,car,0 days 00:17:47.618000,0 days 01:14:44.713000
2024-06-23 13:21:02.311,10909,271,7,100,False,0,car,0 days 00:17:47.898000,0 days 01:14:44.993000
2024-06-23 13:21:02.511,10988,274,7,100,False,0,car,0 days 00:17:48.098000,0 days 01:14:45.193000
2024-06-23 13:21:02.791,11120,277,7,100,False,0,car,0 days 00:17:48.378000,0 days 01:14:45.473000
2024-06-23 13:21:03.071,11191,280,7,100,False,0,car,0 days 00:17:48.658000,0 days 01:14:45.753000
2024-06-23 13:21:03.231,11240,281,7,100,False,0,car,0 days 00:17:48.818000,0 days 01:14:45.913000
2024-06-23 13:21:03.431,11309,282,7,100,False,0,car,0 days 00:17:49.018000,0 days 01:14:46.113000
2024-06-23 13:21:03.671,11422,283,7,100,False,0,car,0 days 00:17:49.258000,0 days 01:14:46.353000
2024-06-23 13:21:03.871,11483,286,7,100,False,0,car,0 days 00:17:49.458000,0 days 01:14:46.553000
2024-06-23 13:21:04.151,11544,287,7,100,False,0,car,0 days 00:17:49.738000,0 days 01:14:46.833000
2024-06-23 13:21:04.311,11530,289,7,100,False,0,car,0 days 00:17:49.898000,0 days 01:14:46.993000
2024-06-23 13:21:04.511,11547,289,7,100,False,0,car,0 days 00:17:50.098000,0 days 01:14:47.193000
2024-06-23 13:21:04.831,11549,289,7,98,False,0,car,0 days 00:17:50.418000,0 days 01:14:47.513000
2024-06-23 13:21:05.150,10637,264,7,0,True,0,car,0 days 00:17:50.737000,0 days 01:14:47.832000
2024-06-23 13:21:05.350,9895,252,7,0,True,0,car,0 days 00:17:50.937000,0 days 01:14:48.032000
2024-06-23 13:21:05.590,9335,229,7,0,True,0,car,0 days 00:17:51.177000,0 days 01:14:48.272000
2024-06-23 13:21:06.070,9096,169,5,0,True,0,car,0 days 00:17:51.657000,0 days 01:14:48.752000
2024-06-23 13:21:06.230,9505,164,5,0,True,0,car,0 days 00:17:51.817000,0 days 01:14:48.912000
2024-06-23 13:21:06.710,9895,139,4,0,True,0,car,0 days 00:17:52.297000,0 days 01:14:49.392000
2024-06-23 13:21:06.870,9577,131,3,0,True,0,car,0 days 00:17:52.457000,0 days 01:14:49.552000
2024-06-23 13:21:07.030,9221,128,3,0,True,0,car,0 days 00:17:52.617000,0 days 01:14:49.712000
2024-06-23 13:21:07.310,8623,118,3,0,True,0,car,0 days 00:17:52.897000,0 days 01:14:49.992000
2024-06-23 13:21:07.671,8187,112,3,0,True,0,car,0 days 00:17:53.258000,0 days 01:14:50.353000
2024-06-23 13:21:07.951,7911,107,3,0,True,0,car,0 days 00:17:53.538000,0 days 01:14:50.633000
2024-06-23 13:21:08.351,7674,102,3,0,True,0,car,0 days 00:17:53.938000,0 days 01:14:51.033000
2024-06-23 13:21:08.671,7625,99,3,7,False,0,car,0 days 00:17:54.258000,0 days 01:14:51.353000
2024-06-23 13:21:08.911,7646,99,3,24,False,0,car,0 days 00:17:54.498000,0 days 01:14:51.593000
2024-06-23 13:21:09.111,7574,100,3,32,False,0,car,0 days 00:17:54.698000,0 days 01:14:51.793000
2024-06-23 13:21:09.591,7958,104,3,43,False,0,car,0 days 00:17:55.178000,0 days 01:14:52.273000
2024-06-23 13:21:09.831,8207,108,3,46,False,0,car,0 days 00:17:55.418000,0 days 01:14:52.513000
2024-06-23 13:21:10.071,8572,112,3,53,False,0,car,0 days 00:17:55.658000,0 days 01:14:52.753000
2024-06-23 13:21:10.311,8954,114,3,60,False,0,car,0 days 00:17:55.898000,0 days 01:14:52.993000
2024-06-23 13:21:10.631,9495,124,3,67,False,0,car,0 days 00:17:56.218000,0 days 01:14:53.313000
2024-06-23 13:21:10.791,10077,131,3,75,False,0,car,0 days 00:17:56.378000,0 days 01:14:53.473000
2024-06-23 13:21:11.031,9644,137,3,80,False,0,car,0 days 00:17:56.618000,0 days 01:14:53.713000
2024-06-23 13:21:11.471,10144,157,4,100,False,0,car,0 days 00:17:57.058000,0 days 01:14:54.153000
2024-06-23 13:21:11.711,10728,166,4,100,False,0,car,0 days 00:17:57.298000,0 days 01:14:54.393000
2024-06-23 13:21:12.030,11304,177,4,100,False,0,car,0 days 00:17:57.617000,0 days 01:14:54.712000
2024-06-23 13:21:12.270,10516,186,4,100,False,0,car,0 days 00:17:57.857000,0 days 01:14:54.952000
2024-06-23 13:21:12.430,10189,189,5,100,False,0,car,0 days 00:17:58.017000,0 days 01:14:55.112000
2024-06-23 13:21:12.750,10495,196,5,12,False,0,car,0 days 00:17:58.337000,0 days 01:14:55.432000
2024-06-23 13:21:12.990,9655,187,5,0,True,0,car,0 days 00:17:58.577000,0 days 01:14:55.672000
2024-06-23 13:21:13.230,8945,171,5,0,True,0,car,0 days 00:17:58.817000,0 days 01:14:55.912000
2024-06-23 13:21:13.550,9910,164,4,0,True,0,car,0 days 00:17:59.137000,0 days 01:14:56.232000
2024-06-23 13:21:13.910,9142,150,4,0,True,0,car,0 days 00:17:59.497000,0 days 01:14:56.592000
2024-06-23 13:21:14.150,8687,141,4,0,True,0,car,0 days 00:17:59.737000,0 days 01:14:56.832000
2024-06-23 13:21:14.511,8267,133,4,0,True,0,car,0 days 00:18:00.098000,0 days 01:14:57.193000
2024-06-23 13:21:14.751,8022,127,4,0,True,0,car,0 days 00:18:00.338000,0 days 01:14:57.433000
2024-06-23 13:21:15.231,7436,119,4,0,False,0,car,0 days 00:18:00.818000,0 days 01:14:57.913000
2024-06-23 13:21:15.391,7239,117,4,0,True,0,car,0 days 00:18:00.978000,0 days 01:14:58.073000
2024-06-23 13:21:15.791,7299,112,4,22,False,0,car,0 days 00:18:01.378000,0 days 01:14:58.473000
2024-06-23 13:21:16.071,7335,113,4,39,False,0,car,0 days 00:18:01.658000,0 days 01:14:58.753000
2024-06-23 13:21:16.351,7498,116,4,43,False,0,car,0 days 00:18:01.938000,0 days 01:14:59.033000
2024-06-23 13:21:16.591,7761,119,4,52,False,0,car,0 days 00:18:02.178000,0 days 01:14:59.273000
2024-06-23 13:21:16.871,7997,124,4,55,False,0,car,0 days 00:18:02.458000,0 days 01:14:59.553000
2024-06-23 13:21:17.031,8250,128,4,61,False,0,car,0 days 00:18:02.618000,0 days 01:14:59.713000
2024-06-23 13:21:17.271,8724,134,4,70,False,0,car,0 days 00:18:02.858000,0 days 01:14:59.953000
2024-06-23 13:21:17.631,9291,144,4,72,False,0,car,0 days 00:18:03.218000,0 days 01:15:00.313000
2024-06-23 13:21:17.791,9627,144,4,76,False,0,car,0 days 00:18:03.378000,0 days 01:15:00.473000
2024-06-23 13:21:17.991,10209,154,4,84,False,0,car,0 days 00:18:03.578000,0 days 01:15:00.673000
2024-06-23 13:21:18.231,10772,161,4,100,False,0,car,0 days 00:18:03.818000,0 days 01:15:00.913000
2024-06-23 13:21:18.471,11255,173,4,100,False,0,car,0 days 00:18:04.058000,0 days 01:15:01.153000
2024-06-23 13:21:18.630,11530,176,4,100,False,0,car,0 days 00:18:04.217000,0 days 01:15:01.312000
2024-06-23 13:21:18.830,11023,189,4,100,False,0,car,0 days 00:18:04.417000,0 days 01:15:01.512000
2024-06-23 13:21:19.150,10586,199,5,100,False,0,car,0 days 00:18:04.737000,0 days 01:15:01.832000
2024-06-23 13:21:19.470,10988,207,5,100,False,0,car,0 days 00:18:05.057000,0 days 01:15:02.152000
2024-06-23 13:21:19.630,11284,214,5,100,False,0,car,0 days 00:18:05.217000,0 days 01:15:02.312000
2024-06-23 13:21:19.950,10644,221,5,100,False,0,car,0 days 00:18:05.537000,0 days 01:15:02.632000
2024-06-23 13:21:20.350,10623,230,6,100,False,0,car,0 days 00:18:05.937000,0 days 01:15:03.032000
2024-06-23 13:21:20.590,10879,235,6,94,False,0,car,0 days 00:18:06.177000,0 days 01:15:03.272000
2024-06-23 13:21:20.791,11021,236,6,95,False,0,car,0 days 00:18:06.378000,0 days 01:15:03.473000
2024-06-23 13:21:21.151,11117,238,6,85,False,0,car,0 days 00:18:06.738000,0 days 01:15:03.833000
2024-06-23 13:21:21.511,11277,241,6,81,False,0,car,0 days 00:18:07.098000,0 days 01:15:04.193000
2024-06-23 13:21:21.871,11274,245,6,100,False,0,car,0 days 00:18:07.458000,0 days 01:15:04.553000
2024-06-23 13:21:22.071,11432,247,6,100,False,0,car,0 days 00:18:07.658000,0 days 01:15:04.753000
2024-06-23 13:21:22.311,11507,250,6,100,False,0,car,0 days 00:18:07.898000,0 days 01:15:04.993000
2024-06-23 13:21:22.511,11553,251,6,100,False,0,car,0 days 00:18:08.098000,0 days 01:15:05.193000
2024-06-23 13:21:22.791,11763,256,6,100,False,0,car,0 days 00:18:08.378000,0 days 01:15:05.473000
2024-06-23 13:21:23.071,10783,258,6,100,False,0,car,0 days 00:18:08.658000,0 days 01:15:05.753000
2024-06-23 13:21:23.271,10468,259,7,100,False,0,car,0 days 00:18:08.858000,0 days 01:15:05.953000
2024-06-23 13:21:23.431,10405,260,7,100,False,0,car,0 days 00:18:09.018000,0 days 01:15:06.113000
2024-06-23 13:21:23.791,10623,260,7,100,True,0,car,0 days 00:18:09.378000,0 days 01:15:06.473000
2024-06-23 13:21:24.071,10075,245,7,0,True,0,car,0 days 00:18:09.658000,0 days 01:15:06.753000
2024-06-23 13:21:24.351,10622,236,6,0,False,0,car,0 days 00:18:09.938000,0 days 01:15:07.033000
2024-06-23 13:21:24.711,10715,231,6,58,False,0,car,0 days 00:18:10.298000,0 days 01:15:07.393000
2024-06-23 13:21:24.911,10611,229,6,69,False,0,car,0 days 00:18:10.498000,0 days 01:15:07.593000
2024-06-23 13:21:25.311,10745,230,6,81,False,0,car,0 days 00:18:10.898000,0 days 01:15:07.993000
2024-06-23 13:21:25.470,10692,231,6,79,False,0,car,0 days 00:18:11.057000,0 days 01:15:08.152000
2024-06-23 13:21:25.670,10898,234,6,100,False,0,car,0 days 00:18:11.257000,0 days 01:15:08.352000
2024-06-23 13:21:25.950,11029,238,6,100,False,0,car,0 days 00:18:11.537000,0 days 01:15:08.632000
2024-06-23 13:21:26.390,11233,244,6,100,False,0,car,0 days 00:18:11.977000,0 days 01:15:09.072000
2024-06-23 13:21:26.550,11368,245,6,100,False,0,car,0 days 00:18:12.137000,0 days 01:15:09.232000
2024-06-23 13:21:27.030,11612,252,6,100,False,0,car,0 days 00:18:12.617000,0 days 01:15:09.712000
2024-06-23 13:21:27.431,11724,260,6,100,False,0,car,0 days 00:18:13.018000,0 days 01:15:10.113000
2024-06-23 13:21:27.751,11584,264,7,100,False,0,car,0 days 00:18:13.338000,0 days 01:15:10.433000
2024-06-23 13:21:28.071,10709,266,7,100,False,0,car,0 days 00:18:13.658000,0 days 01:15:10.753000
2024-06-23 13:21:28.351,10845,269,7,100,False,0,car,0 days 00:18:13.938000,0 days 01:15:11.033000
2024-06-23 13:21:28.631,10903,273,7,100,False,0,car,0 days 00:18:14.218000,0 days 01:15:11.313000
2024-06-23 13:21:28.831,10983,275,7,100,False,0,car,0 days 00:18:14.418000,0 days 01:15:11.513000
2024-06-23 13:21:29.191,11142,278,7,100,False,0,car,0 days 00:18:14.778000,0 days 01:15:11.873000
2024-06-23 13:21:29.391,11228,280,7,100,False,0,car,0 days 00:18:14.978000,0 days 01:15:12.073000
2024-06-23 13:21:29.711,11310,281,7,100,False,0,car,0 days 00:18:15.298000,0 days 01:15:12.393000
2024-06-23 13:21:29.991,11399,284,7,100,False,0,car,0 days 00:18:15.578000,0 days 01:15:12.673000
2024-06-23 13:21:30.351,11496,288,7,100,False,0,car,0 days 00:18:15.938000,0 days 01:15:13.033000
2024-06-23 13:21:30.711,11585,291,7,100,False,0,car,0 days 00:18:16.298000,0 days 01:15:13.393000
2024-06-23 13:21:30.951,11626,290,7,100,False,0,car,0 days 00:18:16.538000,0 days 01:15:13.633000
2024-06-23 13:21:31.151,11661,292,7,100,False,0,car,0 days 00:18:16.738000,0 days 01:15:13.833000
2024-06-23 13:21:31.311,11694,292,7,100,False,0,car,0 days 00:18:16.898000,0 days 01:15:13.993000
2024-06-23 13:21:31.591,11753,294,7,100,False,0,car,0 days 00:18:17.178000,0 days 01:15:14.273000
2024-06-23 13:21:31.831,11227,295,7,100,False,0,car,0 days 00:18:17.418000,0 days 01:15:14.513000
2024-06-23 13:21:32.150,10511,296,8,100,False,0,car,0 days 00:18:17.737000,0 days 01:15:14.832000
2024-06-23 13:21:32.390,10570,297,8,100,False,0,car,0 days 00:18:17.977000,0 days 01:15:15.072000
2024-06-23 13:21:32.630,10568,298,8,100,False,0,car,0 days 00:18:18.217000,0 days 01:15:15.312000
2024-06-23 13:21:32.830,10585,299,8,100,False,0,car,0 days 00:18:18.417000,0 days 01:15:15.512000
2024-06-23 13:21:33.150,10656,300,8,100,False,0,car,0 days 00:18:18.737000,0 days 01:15:15.832000
2024-06-23 13:21:33.470,10670,301,8,100,False,0,car,0 days 00:18:19.057000,0 days 01:15:16.152000
2024-06-23 13:21:33.630,10670,302,8,100,False,0,car,0 days 00:18:19.217000,0 days 01:15:16.312000
2024-06-23 13:21:33.830,10692,301,8,100,False,0,car,0 days 00:18:19.417000,0 days 01:15:16.512000
2024-06-23 13:21:34.231,10763,303,8,100,False,0,car,0 days 00:18:19.818000,0 days 01:15:16.913000
2024-06-23 13:21:34.471,10777,304,8,100,False,0,car,0 days 00:18:20.058000,0 days 01:15:17.153000
2024-06-23 13:21:34.671,10786,304,8,100,False,0,car,0 days 00:18:20.258000,0 days 01:15:17.353000
2024-06-23 13:21:34.871,10789,304,8,100,False,0,car,0 days 00:18:20.458000,0 days 01:15:17.553000
2024-06-23 13:21:35.231,10842,305,8,100,False,0,car,0 days 00:18:20.818000,0 days 01:15:17.913000
2024-06-23 13:21:35.391,10858,305,8,100,False,0,car,0 days 00:18:20.978000,0 days 01:15:18.073000
2024-06-23 13:21:35.551,10872,305,8,100,False,0,car,0 days 00:18:21.138000,0 days 01:15:18.233000
2024-06-23 13:21:35.791,10884,306,8,100,False,0,car,0 days 00:18:21.378000,0 days 01:15:18.473000
2024-06-23 13:21:36.071,10873,307,8,100,False,0,car,0 days 00:18:21.658000,0 days 01:15:18.753000
2024-06-23 13:21:36.311,10891,306,8,100,False,0,car,0 days 00:18:21.898000,0 days 01:15:18.993000
2024-06-23 13:21:36.471,10894,308,8,100,False,0,car,0 days 00:18:22.058000,0 days 01:15:19.153000
2024-06-23 13:21:36.711,10852,306,8,55,False,0,car,0 days 00:18:22.298000,0 days 01:15:19.393000
2024-06-23 13:21:37.031,10563,296,8,0,False,0,car,0 days 00:18:22.618000,0 days 01:15:19.713000
2024-06-23 13:21:37.311,10094,291,8,0,False,0,car,0 days 00:18:22.898000,0 days 01:15:19.993000
2024-06-23 13:21:37.791,9558,277,8,0,True,0,car,0 days 00:18:23.378000,0 days 01:15:20.473000
2024-06-23 13:21:37.991,9123,260,8,0,True,0,car,0 days 00:18:23.578000,0 days 01:15:20.673000
2024-06-23 13:21:38.191,9347,244,8,0,True,0,car,0 days 00:18:23.778000,0 days 01:15:20.873000
2024-06-23 13:21:38.431,8986,220,7,0,True,0,car,0 days 00:18:24.018000,0 days 01:15:21.113000
2024-06-23 13:21:38.791,9044,201,6,0,True,0,car,0 days 00:18:24.378000,0 days 01:15:21.473000
2024-06-23 13:21:38.950,8759,195,6,0,True,0,car,0 days 00:18:24.537000,0 days 01:15:21.632000
2024-06-23 13:21:39.270,9223,175,5,0,True,0,car,0 days 00:18:24.857000,0 days 01:15:21.952000
2024-06-23 13:21:39.670,9449,153,5,0,True,0,car,0 days 00:18:25.257000,0 days 01:15:22.352000
2024-06-23 13:21:39.910,8887,153,4,0,True,0,car,0 days 00:18:25.497000,0 days 01:15:22.592000
2024-06-23 13:21:40.150,8601,137,4,0,True,0,car,0 days 00:18:25.737000,0 days 01:15:22.832000
2024-06-23 13:21:40.430,8479,136,4,0,False,0,car,0 days 00:18:26.017000,0 days 01:15:23.112000
2024-06-23 13:21:40.591,8368,134,4,0,False,0,car,0 days 00:18:26.178000,0 days 01:15:23.273000
2024-06-23 13:21:40.831,8410,132,4,0,False,0,car,0 days 00:18:26.418000,0 days 01:15:23.513000
2024-06-23 13:21:41.151,8212,130,4,19,False,0,car,0 days 00:18:26.738000,0 days 01:15:23.833000
2024-06-23 13:21:41.351,8249,130,4,19,False,0,car,0 days 00:18:26.938000,0 days 01:15:24.033000
2024-06-23 13:21:41.711,8485,130,4,40,False,0,car,0 days 00:18:27.298000,0 days 01:15:24.393000
2024-06-23 13:21:41.911,8292,132,4,59,False,0,car,0 days 00:18:27.498000,0 days 01:15:24.593000
2024-06-23 13:21:42.111,8940,136,4,64,False,0,car,0 days 00:18:27.698000,0 days 01:15:24.793000
2024-06-23 13:21:42.271,9161,139,4,67,False,0,car,0 days 00:18:27.858000,0 days 01:15:24.953000
2024-06-23 13:21:42.631,9609,153,4,75,False,0,car,0 days 00:18:28.218000,0 days 01:15:25.313000
2024-06-23 13:21:42.991,8981,160,4,61,False,0,car,0 days 00:18:28.578000,0 days 01:15:25.673000
2024-06-23 13:21:43.311,8635,161,5,47,False,0,car,0 days 00:18:28.898000,0 days 01:15:25.993000
2024-06-23 13:21:43.671,8671,162,5,55,False,0,car,0 days 00:18:29.258000,0 days 01:15:26.353000
2024-06-23 13:21:43.831,8671,165,5,55,False,0,car,0 days 00:18:29.418000,0 days 01:15:26.513000
2024-06-23 13:21:44.031,9068,167,5,65,False,0,car,0 days 00:18:29.618000,0 days 01:15:26.713000
2024-06-23 13:21:44.391,9540,174,5,83,False,0,car,0 days 00:18:29.978000,0 days 01:15:27.073000
2024-06-23 13:21:44.671,9842,181,5,83,False,0,car,0 days 00:18:30.258000,0 days 01:15:27.353000
2024-06-23 13:21:44.991,10330,188,5,100,False,0,car,0 days 00:18:30.578000,0 days 01:15:27.673000
2024-06-23 13:21:45.431,10857,205,5,100,False,0,car,0 days 00:18:31.018000,0 days 01:15:28.113000
2024-06-23 13:21:45.670,11108,208,5,77,False,0,car,0 days 00:18:31.257000,0 days 01:15:28.352000
2024-06-23 13:21:45.990,10915,210,5,68,False,0,car,0 days 00:18:31.577000,0 days 01:15:28.672000
2024-06-23 13:21:46.150,11108,206,5,0,False,0,car,0 days 00:18:31.737000,0 days 01:15:28.832000
2024-06-23 13:21:46.510,10758,203,5,19,False,0,car,0 days 00:18:32.097000,0 days 01:15:29.192000
2024-06-23 13:21:46.790,10699,199,5,53,False,0,car,0 days 00:18:32.377000,0 days 01:15:29.472000
2024-06-23 13:21:46.950,10489,199,5,61,False,0,car,0 days 00:18:32.537000,0 days 01:15:29.632000
2024-06-23 13:21:47.231,10667,199,5,60,False,0,car,0 days 00:18:32.818000,0 days 01:15:29.913000
2024-06-23 13:21:47.511,10746,199,5,61,False,0,car,0 days 00:18:33.098000,0 days 01:15:30.193000
2024-06-23 13:21:47.711,10813,199,5,72,False,0,car,0 days 00:18:33.298000,0 days 01:15:30.393000
2024-06-23 13:21:47.951,10930,203,5,77,False,0,car,0 days 00:18:33.538000,0 days 01:15:30.633000
2024-06-23 13:21:48.271,11368,210,5,100,False,0,car,0 days 00:18:33.858000,0 days 01:15:30.953000
2024-06-23 13:21:48.511,11513,214,5,100,False,0,car,0 days 00:18:34.098000,0 days 01:15:31.193000
2024-06-23 13:21:48.951,10443,222,5,100,False,0,car,0 days 00:18:34.538000,0 days 01:15:31.633000
2024-06-23 13:21:49.191,10608,228,6,100,False,0,car,0 days 00:18:34.778000,0 days 01:15:31.873000
2024-06-23 13:21:49.351,10608,231,6,100,False,0,car,0 days 00:18:34.938000,0 days 01:15:32.033000
2024-06-23 13:21:49.511,10804,233,6,100,False,0,car,0 days 00:18:35.098000,0 days 01:15:32.193000
2024-06-23 13:21:49.831,11042,239,6,100,False,0,car,0 days 00:18:35.418000,0 days 01:15:32.513000
2024-06-23 13:21:50.151,11188,243,6,100,False,0,car,0 days 00:18:35.738000,0 days 01:15:32.833000
2024-06-23 13:21:50.431,11394,248,6,100,False,0,car,0 days 00:18:36.018000,0 days 01:15:33.113000
2024-06-23 13:21:50.751,11536,252,6,100,False,0,car,0 days 00:18:36.338000,0 days 01:15:33.433000
2024-06-23 13:21:50.951,11623,254,6,100,False,0,car,0 days 00:18:36.538000,0 days 01:15:33.633000
2024-06-23 13:21:51.151,11773,257,6,100,False,0,car,0 days 00:18:36.738000,0 days 01:15:33.833000
2024-06-23 13:21:51.471,11807,261,6,100,False,0,car,0 days 00:18:37.058000,0 days 01:15:34.153000
2024-06-23 13:21:51.831,10674,266,7,100,False,0,car,0 days 00:18:37.418000,0 days 01:15:34.513000
2024-06-23 13:21:52.111,10788,268,7,100,False,0,car,0 days 00:18:37.698000,0 days 01:15:34.793000
2024-06-23 13:21:52.310,10898,270,7,100,False,0,car,0 days 00:18:37.897000,0 days 01:15:34.992000
2024-06-23 13:21:52.630,11013,277,7,100,False,0,car,0 days 00:18:38.217000,0 days 01:15:35.312000
2024-06-23 13:21:52.790,11069,277,7,100,False,0,car,0 days 00:18:38.377000,0 days 01:15:35.472000
2024-06-23 13:21:53.070,11165,278,7,100,False,0,car,0 days 00:18:38.657000,0 days 01:15:35.752000
2024-06-23 13:21:53.310,11171,279,7,100,False,0,car,0 days 00:18:38.897000,0 days 01:15:35.992000
2024-06-23 13:21:53.550,11192,280,7,100,False,0,car,0 days 00:18:39.137000,0 days 01:15:36.232000
2024-06-23 13:21:53.791,10964,277,7,0,True,0,car,0 days 00:18:39.378000,0 days 01:15:36.473000
2024-06-23 13:21:54.151,9660,244,7,0,True,0,car,0 days 00:18:39.738000,0 days 01:15:36.833000
2024-06-23 13:21:54.431,9555,211,7,0,True,0,car,0 days 00:18:40.018000,0 days 01:15:37.113000
2024-06-23 13:21:54.711,9533,195,6,0,True,0,car,0 days 00:18:40.298000,0 days 01:15:37.393000
2024-06-23 13:21:54.991,9264,170,5,0,True,0,car,0 days 00:18:40.578000,0 days 01:15:37.673000
2024-06-23 13:21:55.271,9742,157,4,0,True,0,car,0 days 00:18:40.858000,0 days 01:15:37.953000
2024-06-23 13:21:55.511,9335,154,4,0,True,0,car,0 days 00:18:41.098000,0 days 01:15:38.193000
2024-06-23 13:21:55.791,9037,145,4,0,True,0,car,0 days 00:18:41.378000,0 days 01:15:38.473000
2024-06-23 13:21:56.031,8757,143,4,0,True,0,car,0 days 00:18:41.618000,0 days 01:15:38.713000
2024-06-23 13:21:56.391,8306,135,4,0,True,0,car,0 days 00:18:41.978000,0 days 01:15:39.073000
2024-06-23 13:21:56.551,8292,132,4,0,False,0,car,0 days 00:18:42.138000,0 days 01:15:39.233000
2024-06-23 13:21:56.791,7974,131,4,0,False,0,car,0 days 00:18:42.378000,0 days 01:15:39.473000
2024-06-23 13:21:56.991,7820,127,4,0,False,0,car,0 days 00:18:42.578000,0 days 01:15:39.673000
2024-06-23 13:21:57.191,7969,125,4,0,False,0,car,0 days 00:18:42.778000,0 days 01:15:39.873000
2024-06-23 13:21:57.431,8075,124,4,16,False,0,car,0 days 00:18:43.018000,0 days 01:15:40.113000
2024-06-23 13:21:57.671,8280,128,4,55,False,0,car,0 days 00:18:43.258000,0 days 01:15:40.353000
2024-06-23 13:21:57.911,8562,132,4,61,False,0,car,0 days 00:18:43.498000,0 days 01:15:40.593000
2024-06-23 13:21:58.231,8843,142,4,67,False,0,car,0 days 00:18:43.818000,0 days 01:15:40.913000
2024-06-23 13:21:58.431,9484,148,4,77,False,0,car,0 days 00:18:44.018000,0 days 01:15:41.113000
2024-06-23 13:21:58.751,9915,157,4,83,False,0,car,0 days 00:18:44.338000,0 days 01:15:41.433000
2024-06-23 13:21:58.990,10662,161,4,89,False,0,car,0 days 00:18:44.577000,0 days 01:15:41.672000
2024-06-23 13:21:59.310,11291,175,4,100,False,0,car,0 days 00:18:44.897000,0 days 01:15:41.992000
2024-06-23 13:21:59.710,10608,185,4,100,False,0,car,0 days 00:18:45.297000,0 days 01:15:42.392000
2024-06-23 13:21:59.870,10521,191,5,100,False,0,car,0 days 00:18:45.457000,0 days 01:15:42.552000
2024-06-23 13:22:00.110,10846,197,5,100,False,0,car,0 days 00:18:45.697000,0 days 01:15:42.792000
2024-06-23 13:22:00.551,11373,212,5,100,False,0,car,0 days 00:18:46.138000,0 days 01:15:43.233000
2024-06-23 13:22:00.991,10870,222,5,100,False,0,car,0 days 00:18:46.578000,0 days 01:15:43.673000
2024-06-23 13:22:01.271,10516,228,6,100,False,0,car,0 days 00:18:46.858000,0 days 01:15:43.953000
2024-06-23 13:22:01.471,10680,233,6,100,False,0,car,0 days 00:18:47.058000,0 days 01:15:44.153000
2024-06-23 13:22:01.791,10860,237,6,100,False,0,car,0 days 00:18:47.378000,0 days 01:15:44.473000
2024-06-23 13:22:02.151,11480,230,6,0,True,0,car,0 days 00:18:47.738000,0 days 01:15:44.833000
2024-06-23 13:22:02.351,10158,212,6,0,True,0,car,0 days 00:18:47.938000,0 days 01:15:45.033000
2024-06-23 13:22:02.511,9075,202,6,0,True,0,car,0 days 00:18:48.098000,0 days 01:15:45.193000
2024-06-23 13:22:02.751,9476,176,6,0,True,0,car,0 days 00:18:48.338000,0 days 01:15:45.433000
2024-06-23 13:22:02.911,9494,168,5,0,True,0,car,0 days 00:18:48.498000,0 days 01:15:45.593000
2024-06-23 13:22:03.271,8970,145,4,0,True,0,car,0 days 00:18:48.858000,0 days 01:15:45.953000
2024-06-23 13:22:03.671,9201,128,3,0,True,0,car,0 days 00:18:49.258000,0 days 01:15:46.353000
2024-06-23 13:22:03.831,9191,123,3,0,True,0,car,0 days 00:18:49.418000,0 days 01:15:46.513000
2024-06-23 13:22:04.111,8453,116,3,0,True,0,car,0 days 00:18:49.698000,0 days 01:15:46.793000
2024-06-23 13:22:04.311,8109,114,3,0,True,0,car,0 days 00:18:49.898000,0 days 01:15:46.993000
2024-06-23 13:22:04.511,7866,110,3,0,True,0,car,0 days 00:18:50.098000,0 days 01:15:47.193000
2024-06-23 13:22:04.671,7642,104,3,0,True,0,car,0 days 00:18:50.258000,0 days 01:15:47.353000
2024-06-23 13:22:04.911,7216,102,3,0,True,0,car,0 days 00:18:50.498000,0 days 01:15:47.593000
2024-06-23 13:22:05.111,7092,97,3,0,True,0,car,0 days 00:18:50.698000,0 days 01:15:47.793000
2024-06-23 13:22:05.311,6833,93,3,0,True,0,car,0 days 00:18:50.898000,0 days 01:15:47.993000
2024-06-23 13:22:05.671,7074,91,3,8,False,0,car,0 days 00:18:51.258000,0 days 01:15:48.353000
2024-06-23 13:22:05.910,7084,91,3,31,False,0,car,0 days 00:18:51.497000,0 days 01:15:48.592000
2024-06-23 13:22:06.150,7460,97,3,41,False,0,car,0 days 00:18:51.737000,0 days 01:15:48.832000
2024-06-23 13:22:06.590,8219,104,3,46,False,0,car,0 days 00:18:52.177000,0 days 01:15:49.272000
2024-06-23 13:22:06.790,8560,106,3,54,False,0,car,0 days 00:18:52.377000,0 days 01:15:49.472000
2024-06-23 13:22:06.951,8697,115,3,61,False,0,car,0 days 00:18:52.538000,0 days 01:15:49.633000
2024-06-23 13:22:07.991,10427,156,3,100,False,0,car,0 days 00:18:53.578000,0 days 01:15:50.673000
2024-06-23 13:22:08.151,10444,166,4,100,False,0,car,0 days 00:18:53.738000,0 days 01:15:50.833000
2024-06-23 13:22:08.391,11251,174,4,100,False,0,car,0 days 00:18:53.978000,0 days 01:15:51.073000
2024-06-23 13:22:08.591,10986,182,4,100,False,0,car,0 days 00:18:54.178000,0 days 01:15:51.273000
2024-06-23 13:22:08.831,10422,189,4,100,False,0,car,0 days 00:18:54.418000,0 days 01:15:51.513000
2024-06-23 13:22:09.111,10687,196,5,100,False,0,car,0 days 00:18:54.698000,0 days 01:15:51.793000
2024-06-23 13:22:09.431,11223,209,5,100,False,0,car,0 days 00:18:55.018000,0 days 01:15:52.113000
2024-06-23 13:22:09.671,11651,219,5,100,False,0,car,0 days 00:18:55.258000,0 days 01:15:52.353000
2024-06-23 13:22:09.911,11392,223,5,100,False,0,car,0 days 00:18:55.498000,0 days 01:15:52.593000
2024-06-23 13:22:10.151,10475,231,6,100,False,0,car,0 days 00:18:55.738000,0 days 01:15:52.833000
2024-06-23 13:22:10.311,10812,231,6,100,False,0,car,0 days 00:18:55.898000,0 days 01:15:52.993000
2024-06-23 13:22:10.511,10942,236,6,100,False,0,car,0 days 00:18:56.098000,0 days 01:15:53.193000
2024-06-23 13:22:10.791,11207,244,6,100,False,0,car,0 days 00:18:56.378000,0 days 01:15:53.473000
2024-06-23 13:22:11.151,11376,248,6,100,False,0,car,0 days 00:18:56.738000,0 days 01:15:53.833000
2024-06-23 13:22:11.391,11500,250,6,100,False,0,car,0 days 00:18:56.978000,0 days 01:15:54.073000
2024-06-23 13:22:11.671,11381,252,6,85,False,0,car,0 days 00:18:57.258000,0 days 01:15:54.353000
2024-06-23 13:22:12.111,9629,226,6,0,True,0,car,0 days 00:18:57.698000,0 days 01:15:54.793000
2024-06-23 13:22:12.391,9794,198,6,0,True,0,car,0 days 00:18:57.978000,0 days 01:15:55.073000
2024-06-23 13:22:12.630,9316,174,5,0,True,0,car,0 days 00:18:58.217000,0 days 01:15:55.312000
2024-06-23 13:22:12.870,9869,162,4,0,True,0,car,0 days 00:18:58.457000,0 days 01:15:55.552000
2024-06-23 13:22:13.030,9528,156,4,0,True,0,car,0 days 00:18:58.617000,0 days 01:15:55.712000
2024-06-23 13:22:13.190,9286,156,4,0,True,0,car,0 days 00:18:58.777000,0 days 01:15:55.872000
2024-06-23 13:22:13.431,9138,156,4,0,True,0,car,0 days 00:18:59.018000,0 days 01:15:56.113000
2024-06-23 13:22:13.591,8966,143,4,0,False,0,car,0 days 00:18:59.178000,0 days 01:15:56.273000
2024-06-23 13:22:13.871,8678,139,4,0,False,0,car,0 days 00:18:59.458000,0 days 01:15:56.553000
2024-06-23 13:22:14.031,8571,137,4,0,False,0,car,0 days 00:18:59.618000,0 days 01:15:56.713000
2024-06-23 13:22:14.311,8530,135,4,19,False,0,car,0 days 00:18:59.898000,0 days 01:15:56.993000
2024-06-23 13:22:14.471,8595,134,4,39,False,0,car,0 days 00:19:00.058000,0 days 01:15:57.153000
2024-06-23 13:22:14.671,8623,135,4,47,False,0,car,0 days 00:19:00.258000,0 days 01:15:57.353000
2024-06-23 13:22:14.871,9053,137,4,57,False,0,car,0 days 00:19:00.458000,0 days 01:15:57.553000
2024-06-23 13:22:15.031,9128,139,4,62,False,0,car,0 days 00:19:00.618000,0 days 01:15:57.713000
2024-06-23 13:22:15.391,9784,152,4,79,False,0,car,0 days 00:19:00.978000,0 days 01:15:58.073000
2024-06-23 13:22:15.551,10484,156,4,100,False,0,car,0 days 00:19:01.138000,0 days 01:15:58.233000
2024-06-23 13:22:15.831,10539,169,4,100,False,0,car,0 days 00:19:01.418000,0 days 01:15:58.513000
2024-06-23 13:22:16.111,11472,172,4,100,False,0,car,0 days 00:19:01.698000,0 days 01:15:58.793000
2024-06-23 13:22:16.311,10352,184,4,100,False,0,car,0 days 00:19:01.898000,0 days 01:15:58.993000
2024-06-23 13:22:16.551,10287,191,5,100,False,0,car,0 days 00:19:02.138000,0 days 01:15:59.233000
2024-06-23 13:22:16.751,10694,197,5,100,False,0,car,0 days 00:19:02.338000,0 days 01:15:59.433000
2024-06-23 13:22:16.951,10959,203,5,100,False,0,car,0 days 00:19:02.538000,0 days 01:15:59.633000
2024-06-23 13:22:17.151,11199,209,5,100,False,0,car,0 days 00:19:02.738000,0 days 01:15:59.833000
2024-06-23 13:22:17.311,11466,212,5,100,False,0,car,0 days 00:19:02.898000,0 days 01:15:59.993000
2024-06-23 13:22:17.551,11682,217,5,100,False,0,car,0 days 00:19:03.138000,0 days 01:16:00.233000
2024-06-23 13:22:17.791,10512,224,6,100,False,0,car,0 days 00:19:03.378000,0 days 01:16:00.473000
2024-06-23 13:22:18.191,10745,233,6,100,False,0,car,0 days 00:19:03.778000,0 days 01:16:00.873000
2024-06-23 13:22:18.431,10864,236,6,100,False,0,car,0 days 00:19:04.018000,0 days 01:16:01.113000
2024-06-23 13:22:18.591,10959,238,6,100,False,0,car,0 days 00:19:04.178000,0 days 01:16:01.273000
2024-06-23 13:22:18.831,11031,242,6,100,False,0,car,0 days 00:19:04.418000,0 days 01:16:01.513000
2024-06-23 13:22:19.071,10923,242,6,89,False,0,car,0 days 00:19:04.658000,0 days 01:16:01.753000
2024-06-23 13:22:19.270,10661,237,6,0,False,0,car,0 days 00:19:04.857000,0 days 01:16:01.952000
2024-06-23 13:22:19.430,10598,237,6,0,False,0,car,0 days 00:19:05.017000,0 days 01:16:02.112000
2024-06-23 13:22:19.670,10193,229,6,0,False,0,car,0 days 00:19:05.257000,0 days 01:16:02.352000
2024-06-23 13:22:19.870,10112,224,6,45,False,0,car,0 days 00:19:05.457000,0 days 01:16:02.552000
2024-06-23 13:22:20.311,10076,219,6,58,False,0,car,0 days 00:19:05.898000,0 days 01:16:02.993000
2024-06-23 13:22:20.511,10102,217,6,56,False,0,car,0 days 00:19:06.098000,0 days 01:16:03.193000
2024-06-23 13:22:20.911,10249,219,6,84,False,0,car,0 days 00:19:06.498000,0 days 01:16:03.593000
2024-06-23 13:22:21.151,10368,224,6,100,False,8,car,0 days 00:19:06.738000,0 days 01:16:03.833000
2024-06-23 13:22:21.351,10548,229,6,100,False,8,car,0 days 00:19:06.938000,0 days 01:16:04.033000
2024-06-23 13:22:21.751,10896,234,6,100,False,8,car,0 days 00:19:07.338000,0 days 01:16:04.433000
2024-06-23 13:22:21.991,11029,237,6,100,False,8,car,0 days 00:19:07.578000,0 days 01:16:04.673000
2024-06-23 13:22:22.271,11270,243,6,100,False,14,car,0 days 00:19:07.858000,0 days 01:16:04.953000
2024-06-23 13:22:22.511,11522,248,6,100,False,12,car,0 days 00:19:08.098000,0 days 01:16:05.193000
2024-06-23 13:22:22.711,11551,252,6,100,False,12,car,0 days 00:19:08.298000,0 days 01:16:05.393000
2024-06-23 13:22:22.871,11681,256,6,100,False,12,car,0 days 00:19:08.458000,0 days 01:16:05.553000
2024-06-23 13:22:23.071,11541,259,6,100,False,12,car,0 days 00:19:08.658000,0 days 01:16:05.753000
2024-06-23 13:22:23.231,10585,263,7,100,False,12,car,0 days 00:19:08.818000,0 days 01:16:05.913000
2024-06-23 13:22:23.471,10790,266,7,100,False,12,car,0 days 00:19:09.058000,0 days 01:16:06.153000
2024-06-23 13:22:23.751,10854,273,7,100,False,12,car,0 days 00:19:09.338000,0 days 01:16:06.433000
2024-06-23 13:22:23.951,11033,275,7,100,False,12,car,0 days 00:19:09.538000,0 days 01:16:06.633000
2024-06-23 13:22:24.431,11301,280,7,100,False,12,car,0 days 00:19:10.018000,0 days 01:16:07.113000
2024-06-23 13:22:24.751,11464,286,7,100,False,12,car,0 days 00:19:10.338000,0 days 01:16:07.433000
2024-06-23 13:22:24.951,11559,289,7,100,False,12,car,0 days 00:19:10.538000,0 days 01:16:07.633000
2024-06-23 13:22:25.231,11704,292,7,100,False,12,car,0 days 00:19:10.818000,0 days 01:16:07.913000
2024-06-23 13:22:25.631,10607,296,8,100,False,12,car,0 days 00:19:11.218000,0 days 01:16:08.313000
2024-06-23 13:22:25.831,10560,297,8,100,False,12,car,0 days 00:19:11.418000,0 days 01:16:08.513000
2024-06-23 13:22:25.990,10573,298,8,100,False,12,car,0 days 00:19:11.577000,0 days 01:16:08.672000
2024-06-23 13:22:26.430,10056,299,8,1,False,12,car,0 days 00:19:12.017000,0 days 01:16:09.112000
2024-06-23 13:22:26.711,9687,260,8,0,True,8,car,0 days 00:19:12.298000,0 days 01:16:09.393000
2024-06-23 13:22:27.071,8691,224,8,0,True,8,car,0 days 00:19:12.658000,0 days 01:16:09.753000
2024-06-23 13:22:27.231,8898,203,8,0,True,8,car,0 days 00:19:12.818000,0 days 01:16:09.913000
2024-06-23 13:22:27.431,8480,184,8,0,True,0,car,0 days 00:19:13.018000,0 days 01:16:10.113000
2024-06-23 13:22:27.911,9064,155,5,0,True,0,car,0 days 00:19:13.498000,0 days 01:16:10.593000
2024-06-23 13:22:28.351,8054,132,4,0,True,0,car,0 days 00:19:13.938000,0 days 01:16:11.033000
2024-06-23 13:22:28.511,9127,129,4,0,True,0,car,0 days 00:19:14.098000,0 days 01:16:11.193000
2024-06-23 13:22:28.671,8790,120,3,0,True,0,car,0 days 00:19:14.258000,0 days 01:16:11.353000
2024-06-23 13:22:28.991,8226,115,3,0,True,0,car,0 days 00:19:14.578000,0 days 01:16:11.673000
2024-06-23 13:22:29.311,7799,107,3,0,True,0,car,0 days 00:19:14.898000,0 days 01:16:11.993000
2024-06-23 13:22:29.791,7491,102,3,0,False,0,car,0 days 00:19:15.378000,0 days 01:16:12.473000
2024-06-23 13:22:30.071,7266,99,3,0,False,0,car,0 days 00:19:15.658000,0 days 01:16:12.753000
2024-06-23 13:22:30.231,7178,98,3,0,False,0,car,0 days 00:19:15.818000,0 days 01:16:12.913000
2024-06-23 13:22:30.471,7179,95,3,13,False,0,car,0 days 00:19:16.058000,0 days 01:16:13.153000
2024-06-23 13:22:30.631,7177,96,3,20,False,0,car,0 days 00:19:16.218000,0 days 01:16:13.313000
2024-06-23 13:22:30.991,7605,98,3,37,False,0,car,0 days 00:19:16.578000,0 days 01:16:13.673000
2024-06-23 13:22:31.151,7745,100,3,39,False,0,car,0 days 00:19:16.738000,0 days 01:16:13.833000
2024-06-23 13:22:31.431,8100,104,3,47,False,0,car,0 days 00:19:17.018000,0 days 01:16:14.113000
2024-06-23 13:22:31.751,8621,108,3,56,False,0,car,0 days 00:19:17.338000,0 days 01:16:14.433000
2024-06-23 13:22:32.031,9062,118,3,62,False,0,car,0 days 00:19:17.618000,0 days 01:16:14.713000
2024-06-23 13:22:32.431,10060,128,3,75,False,0,car,0 days 00:19:18.018000,0 days 01:16:15.113000
2024-06-23 13:22:32.591,10228,135,3,76,False,0,car,0 days 00:19:18.178000,0 days 01:16:15.273000
2024-06-23 13:22:32.990,10116,149,4,93,False,0,car,0 days 00:19:18.577000,0 days 01:16:15.672000
2024-06-23 13:22:33.271,10426,161,4,100,False,0,car,0 days 00:19:18.858000,0 days 01:16:15.953000
2024-06-23 13:22:33.511,10986,170,4,100,False,0,car,0 days 00:19:19.098000,0 days 01:16:16.193000
2024-06-23 13:22:33.871,9996,180,4,100,False,0,car,0 days 00:19:19.458000,0 days 01:16:16.553000
2024-06-23 13:22:34.031,10161,189,5,100,False,0,car,0 days 00:19:19.618000,0 days 01:16:16.713000
2024-06-23 13:22:34.191,10381,192,5,100,False,0,car,0 days 00:19:19.778000,0 days 01:16:16.873000
2024-06-23 13:22:34.351,10520,196,5,100,False,0,car,0 days 00:19:19.938000,0 days 01:16:17.033000
2024-06-23 13:22:34.631,9564,187,5,0,True,0,car,0 days 00:19:20.218000,0 days 01:16:17.313000
2024-06-23 13:22:34.871,9380,187,5,0,True,0,car,0 days 00:19:20.458000,0 days 01:16:17.553000
2024-06-23 13:22:35.071,9660,165,5,0,True,0,car,0 days 00:19:20.658000,0 days 01:16:17.753000
2024-06-23 13:22:35.231,9591,156,4,0,True,0,car,0 days 00:19:20.818000,0 days 01:16:17.913000
2024-06-23 13:22:35.671,8531,141,4,0,True,0,car,0 days 00:19:21.258000,0 days 01:16:18.353000
2024-06-23 13:22:35.831,8299,136,4,0,True,0,car,0 days 00:19:21.418000,0 days 01:16:18.513000
2024-06-23 13:22:35.991,7997,134,4,0,True,0,car,0 days 00:19:21.578000,0 days 01:16:18.673000
2024-06-23 13:22:36.271,7771,125,4,0,True,0,car,0 days 00:19:21.858000,0 days 01:16:18.953000
2024-06-23 13:22:36.511,7504,122,4,0,True,0,car,0 days 00:19:22.098000,0 days 01:16:19.193000
2024-06-23 13:22:36.711,7346,120,4,0,False,0,car,0 days 00:19:22.298000,0 days 01:16:19.393000
2024-06-23 13:22:36.871,7388,119,4,10,False,0,car,0 days 00:19:22.458000,0 days 01:16:19.553000
2024-06-23 13:22:37.111,7409,117,4,12,False,0,car,0 days 00:19:22.698000,0 days 01:16:19.793000
2024-06-23 13:22:37.271,7269,115,4,12,False,0,car,0 days 00:19:22.858000,0 days 01:16:19.953000
2024-06-23 13:22:37.551,7222,113,4,8,False,0,car,0 days 00:19:23.138000,0 days 01:16:20.233000
2024-06-23 13:22:37.711,6990,113,4,8,False,0,car,0 days 00:19:23.298000,0 days 01:16:20.393000
2024-06-23 13:22:37.951,7202,112,4,35,False,0,car,0 days 00:19:23.538000,0 days 01:16:20.633000
2024-06-23 13:22:38.271,7497,115,4,42,False,0,car,0 days 00:19:23.858000,0 days 01:16:20.953000
2024-06-23 13:22:38.471,7739,117,4,50,False,0,car,0 days 00:19:24.058000,0 days 01:16:21.153000
2024-06-23 13:22:38.671,7953,121,4,56,False,0,car,0 days 00:19:24.258000,0 days 01:16:21.353000
2024-06-23 13:22:39.031,8291,129,4,63,False,0,car,0 days 00:19:24.618000,0 days 01:16:21.713000
2024-06-23 13:22:39.271,8987,135,4,72,False,0,car,0 days 00:19:24.858000,0 days 01:16:21.953000
2024-06-23 13:22:39.510,9396,141,4,76,False,0,car,0 days 00:19:25.097000,0 days 01:16:22.192000
2024-06-23 13:22:39.710,9869,147,4,81,False,0,car,0 days 00:19:25.297000,0 days 01:16:22.392000
2024-06-23 13:22:40.031,10710,162,4,100,False,0,car,0 days 00:19:25.618000,0 days 01:16:22.713000
2024-06-23 13:22:40.311,10570,171,4,100,False,0,car,0 days 00:19:25.898000,0 days 01:16:22.993000
2024-06-23 13:22:40.671,10086,185,5,100,False,0,car,0 days 00:19:26.258000,0 days 01:16:23.353000
2024-06-23 13:22:40.871,10494,192,5,100,False,0,car,0 days 00:19:26.458000,0 days 01:16:23.553000
2024-06-23 13:22:41.071,10796,200,5,100,False,0,car,0 days 00:19:26.658000,0 days 01:16:23.753000
2024-06-23 13:22:41.271,11099,204,5,100,False,0,car,0 days 00:19:26.858000,0 days 01:16:23.953000
2024-06-23 13:22:41.471,11426,211,5,100,False,0,car,0 days 00:19:27.058000,0 days 01:16:24.153000
2024-06-23 13:22:41.631,11007,217,5,100,False,0,car,0 days 00:19:27.218000,0 days 01:16:24.313000
2024-06-23 13:22:42.031,10427,226,6,100,False,0,car,0 days 00:19:27.618000,0 days 01:16:24.713000
2024-06-23 13:22:42.231,10652,228,6,100,False,0,car,0 days 00:19:27.818000,0 days 01:16:24.913000
2024-06-23 13:22:42.471,10789,233,6,89,False,0,car,0 days 00:19:28.058000,0 days 01:16:25.153000
2024-06-23 13:22:42.631,11091,237,6,82,False,0,car,0 days 00:19:28.218000,0 days 01:16:25.313000
2024-06-23 13:22:42.831,11046,237,6,84,False,0,car,0 days 00:19:28.418000,0 days 01:16:25.513000
2024-06-23 13:22:43.071,10871,238,6,87,False,0,car,0 days 00:19:28.658000,0 days 01:16:25.753000
2024-06-23 13:22:43.391,10941,238,6,72,False,0,car,0 days 00:19:28.978000,0 days 01:16:26.073000
2024-06-23 13:22:43.751,11021,241,6,100,False,0,car,0 days 00:19:29.338000,0 days 01:16:26.433000
2024-06-23 13:22:44.031,11285,243,6,100,False,0,car,0 days 00:19:29.618000,0 days 01:16:26.713000
2024-06-23 13:22:44.311,11513,249,6,100,False,0,car,0 days 00:19:29.898000,0 days 01:16:26.993000
2024-06-23 13:22:44.751,11672,256,6,100,False,0,car,0 days 00:19:30.338000,0 days 01:16:27.433000
2024-06-23 13:22:44.991,10874,258,6,100,False,0,car,0 days 00:19:30.578000,0 days 01:16:27.673000
2024-06-23 13:22:45.351,10461,262,7,100,False,0,car,0 days 00:19:30.938000,0 days 01:16:28.033000
2024-06-23 13:22:45.551,10205,261,7,0,True,0,car,0 days 00:19:31.138000,0 days 01:16:28.233000
2024-06-23 13:22:45.951,10702,243,7,0,True,0,car,0 days 00:19:31.538000,0 days 01:16:28.633000
2024-06-23 13:22:46.230,10673,237,6,0,False,0,car,0 days 00:19:31.817000,0 days 01:16:28.912000
2024-06-23 13:22:46.391,10780,231,6,10,False,0,car,0 days 00:19:31.978000,0 days 01:16:29.073000
2024-06-23 13:22:46.791,10292,225,6,63,False,0,car,0 days 00:19:32.378000,0 days 01:16:29.473000
2024-06-23 13:22:47.151,10352,224,6,56,False,0,car,0 days 00:19:32.738000,0 days 01:16:29.833000
2024-06-23 13:22:47.311,10360,225,6,68,False,0,car,0 days 00:19:32.898000,0 days 01:16:29.993000
2024-06-23 13:22:47.551,10467,226,6,100,False,0,car,0 days 00:19:33.138000,0 days 01:16:30.233000
2024-06-23 13:22:47.791,10604,228,6,88,False,0,car,0 days 00:19:33.378000,0 days 01:16:30.473000
2024-06-23 13:22:48.231,10942,236,6,100,False,0,car,0 days 00:19:33.818000,0 days 01:16:30.913000
2024-06-23 13:22:48.391,11040,238,6,100,False,0,car,0 days 00:19:33.978000,0 days 01:16:31.073000
2024-06-23 13:22:48.591,11218,242,6,100,False,0,car,0 days 00:19:34.178000,0 days 01:16:31.273000
2024-06-23 13:22:48.831,11314,247,6,100,False,0,car,0 days 00:19:34.418000,0 days 01:16:31.513000
2024-06-23 13:22:49.071,11578,251,6,100,False,0,car,0 days 00:19:34.658000,0 days 01:16:31.753000
2024-06-23 13:22:49.511,11335,256,6,100,False,0,car,0 days 00:19:35.098000,0 days 01:16:32.193000
2024-06-23 13:22:49.871,10641,262,7,100,False,0,car,0 days 00:19:35.458000,0 days 01:16:32.553000
2024-06-23 13:22:50.071,10624,264,7,100,False,0,car,0 days 00:19:35.658000,0 days 01:16:32.753000
2024-06-23 13:22:50.471,10806,269,7,100,False,0,car,0 days 00:19:36.058000,0 days 01:16:33.153000
2024-06-23 13:22:50.831,10960,273,7,100,False,0,car,0 days 00:19:36.418000,0 days 01:16:33.513000
2024-06-23 13:22:51.111,11089,276,7,100,False,0,car,0 days 00:19:36.698000,0 days 01:16:33.793000
2024-06-23 13:22:51.591,11236,281,7,100,False,0,car,0 days 00:19:37.178000,0 days 01:16:34.273000
2024-06-23 13:22:51.791,11341,282,7,100,False,0,car,0 days 00:19:37.378000,0 days 01:16:34.473000
2024-06-23 13:22:51.951,11411,285,7,100,False,0,car,0 days 00:19:37.538000,0 days 01:16:34.633000
2024-06-23 13:22:52.111,11480,285,7,100,False,0,car,0 days 00:19:37.698000,0 days 01:16:34.793000
2024-06-23 13:22:52.431,11522,287,7,100,False,0,car,0 days 00:19:38.018000,0 days 01:16:35.113000
2024-06-23 13:22:52.711,11583,289,7,100,False,0,car,0 days 00:19:38.298000,0 days 01:16:35.393000
2024-06-23 13:22:52.951,11617,291,7,100,False,0,car,0 days 00:19:38.538000,0 days 01:16:35.633000
2024-06-23 13:22:53.111,11680,292,7,100,False,0,car,0 days 00:19:38.698000,0 days 01:16:35.793000
2024-06-23 13:22:53.351,11171,293,7,100,False,0,car,0 days 00:19:38.938000,0 days 01:16:36.033000
2024-06-23 13:22:53.591,10551,294,8,100,False,0,car,0 days 00:19:39.178000,0 days 01:16:36.273000
2024-06-23 13:22:54.031,10566,297,8,100,False,0,car,0 days 00:19:39.618000,0 days 01:16:36.713000
2024-06-23 13:22:54.471,10671,298,8,100,False,0,car,0 days 00:19:40.058000,0 days 01:16:37.153000
2024-06-23 13:22:54.631,10643,300,8,100,False,0,car,0 days 00:19:40.218000,0 days 01:16:37.313000
2024-06-23 13:22:54.871,10699,301,8,100,False,0,car,0 days 00:19:40.458000,0 days 01:16:37.553000
2024-06-23 13:22:55.151,10708,301,8,100,False,0,car,0 days 00:19:40.738000,0 days 01:16:37.833000
2024-06-23 13:22:55.511,10765,302,8,100,False,0,car,0 days 00:19:41.098000,0 days 01:16:38.193000
2024-06-23 13:22:55.831,10788,302,8,100,False,0,car,0 days 00:19:41.418000,0 days 01:16:38.513000
2024-06-23 13:22:55.991,10820,303,8,100,False,0,car,0 days 00:19:41.578000,0 days 01:16:38.673000
2024-06-23 13:22:56.231,10838,303,8,100,False,0,car,0 days 00:19:41.818000,0 days 01:16:38.913000
2024-06-23 13:22:56.431,10855,303,8,100,False,0,car,0 days 00:19:42.018000,0 days 01:16:39.113000
2024-06-23 13:22:56.671,10880,306,8,100,False,0,car,0 days 00:19:42.258000,0 days 01:16:39.353000
2024-06-23 13:22:56.951,10891,307,8,100,False,0,car,0 days 00:19:42.538000,0 days 01:16:39.633000
2024-06-23 13:22:57.191,10913,307,8,100,False,0,car,0 days 00:19:42.778000,0 days 01:16:39.873000
2024-06-23 13:22:57.391,10929,307,8,100,False,0,car,0 days 00:19:42.978000,0 days 01:16:40.073000
2024-06-23 13:22:57.711,10956,308,8,100,False,0,car,0 days 00:19:43.298000,0 days 01:16:40.393000
2024-06-23 13:22:57.871,10922,307,8,100,False,0,car,0 days 00:19:43.458000,0 days 01:16:40.553000
2024-06-23 13:22:58.111,10912,308,8,100,False,0,car,0 days 00:19:43.698000,0 days 01:16:40.793000
2024-06-23 13:22:58.271,10903,307,8,100,False,0,car,0 days 00:19:43.858000,0 days 01:16:40.953000
2024-06-23 13:22:58.471,10900,307,8,100,False,0,car,0 days 00:19:44.058000,0 days 01:16:41.153000
2024-06-23 13:22:58.711,10868,306,8,100,False,0,car,0 days 00:19:44.298000,0 days 01:16:41.393000
2024-06-23 13:22:58.911,10843,307,8,100,False,0,car,0 days 00:19:44.498000,0 days 01:16:41.593000
2024-06-23 13:22:59.191,10824,305,8,100,False,0,car,0 days 00:19:44.778000,0 days 01:16:41.873000
2024-06-23 13:22:59.391,10787,305,8,100,False,0,car,0 days 00:19:44.978000,0 days 01:16:42.073000
2024-06-23 13:22:59.551,10797,304,8,100,False,0,car,0 days 00:19:45.138000,0 days 01:16:42.233000
2024-06-23 13:22:59.911,10490,298,8,0,True,0,car,0 days 00:19:45.498000,0 days 01:16:42.593000
2024-06-23 13:23:00.151,9800,278,8,0,True,0,car,0 days 00:19:45.738000,0 days 01:16:42.833000
2024-06-23 13:23:00.591,8820,234,8,0,True,0,car,0 days 00:19:46.178000,0 days 01:16:43.273000
2024-06-23 13:23:00.831,8820,205,7,0,True,0,car,0 days 00:19:46.418000,0 days 01:16:43.513000
2024-06-23 13:23:01.231,9078,177,6,0,True,0,car,0 days 00:19:46.818000,0 days 01:16:43.913000
2024-06-23 13:23:01.591,9684,162,5,0,True,0,car,0 days 00:19:47.178000,0 days 01:16:44.273000
2024-06-23 13:23:02.031,9098,147,4,0,True,0,car,0 days 00:19:47.618000,0 days 01:16:44.713000
2024-06-23 13:23:02.191,8873,145,4,0,False,0,car,0 days 00:19:47.778000,0 days 01:16:44.873000
2024-06-23 13:23:02.431,8767,142,4,0,False,0,car,0 days 00:19:48.018000,0 days 01:16:45.113000
2024-06-23 13:23:02.671,8594,138,4,2,False,0,car,0 days 00:19:48.258000,0 days 01:16:45.353000
2024-06-23 13:23:02.911,8438,137,4,18,False,0,car,0 days 00:19:48.498000,0 days 01:16:45.593000
2024-06-23 13:23:03.311,8876,137,4,50,False,0,car,0 days 00:19:48.898000,0 days 01:16:45.993000
2024-06-23 13:23:03.631,9125,142,4,62,False,0,car,0 days 00:19:49.218000,0 days 01:16:46.313000
2024-06-23 13:23:03.911,9533,148,4,73,False,0,car,0 days 00:19:49.498000,0 days 01:16:46.593000
2024-06-23 13:23:04.071,9658,155,4,72,False,0,car,0 days 00:19:49.658000,0 days 01:16:46.753000
2024-06-23 13:23:04.231,9018,158,4,57,False,0,car,0 days 00:19:49.818000,0 days 01:16:46.913000
2024-06-23 13:23:04.551,8505,159,5,50,False,0,car,0 days 00:19:50.138000,0 days 01:16:47.233000
2024-06-23 13:23:04.711,8686,160,5,53,False,0,car,0 days 00:19:50.298000,0 days 01:16:47.393000
2024-06-23 13:23:04.951,8852,163,5,67,False,0,car,0 days 00:19:50.538000,0 days 01:16:47.633000
2024-06-23 13:23:05.111,9035,164,5,68,False,0,car,0 days 00:19:50.698000,0 days 01:16:47.793000
2024-06-23 13:23:05.351,9287,169,5,83,False,0,car,0 days 00:19:50.938000,0 days 01:16:48.033000
2024-06-23 13:23:05.551,9581,176,5,84,False,0,car,0 days 00:19:51.138000,0 days 01:16:48.233000
2024-06-23 13:23:05.831,9926,181,5,85,False,0,car,0 days 00:19:51.418000,0 days 01:16:48.513000
2024-06-23 13:23:06.192,10456,189,5,100,False,0,car,0 days 00:19:51.779000,0 days 01:16:48.874000
2024-06-23 13:23:06.591,10954,202,5,100,False,0,car,0 days 00:19:52.178000,0 days 01:16:49.273000
2024-06-23 13:23:06.871,11119,208,5,75,False,0,car,0 days 00:19:52.458000,0 days 01:16:49.553000
2024-06-23 13:23:07.191,9712,211,6,61,False,0,car,0 days 00:19:52.778000,0 days 01:16:49.873000
2024-06-23 13:23:07.351,9628,212,6,43,False,0,car,0 days 00:19:52.938000,0 days 01:16:50.033000
2024-06-23 13:23:07.631,9252,207,6,0,False,0,car,0 days 00:19:53.218000,0 days 01:16:50.313000
2024-06-23 13:23:07.791,9379,204,6,18,False,0,car,0 days 00:19:53.378000,0 days 01:16:50.473000
2024-06-23 13:23:08.151,9134,199,6,58,False,0,car,0 days 00:19:53.738000,0 days 01:16:50.833000
2024-06-23 13:23:08.431,9323,200,6,70,False,0,car,0 days 00:19:54.018000,0 days 01:16:51.113000
2024-06-23 13:23:08.631,9477,202,6,75,False,0,car,0 days 00:19:54.218000,0 days 01:16:51.313000
2024-06-23 13:23:08.951,9669,206,6,81,False,0,car,0 days 00:19:54.538000,0 days 01:16:51.633000
2024-06-23 13:23:09.231,9940,210,6,85,False,0,car,0 days 00:19:54.818000,0 days 01:16:51.913000
2024-06-23 13:23:09.711,10207,217,6,88,False,0,car,0 days 00:19:55.298000,0 days 01:16:52.393000
2024-06-23 13:23:09.911,10219,219,6,85,False,0,car,0 days 00:19:55.498000,0 days 01:16:52.593000
2024-06-23 13:23:10.111,10450,221,6,100,False,0,car,0 days 00:19:55.698000,0 days 01:16:52.793000
2024-06-23 13:23:10.391,10663,226,6,100,False,0,car,0 days 00:19:55.978000,0 days 01:16:53.073000
2024-06-23 13:23:10.711,10863,233,6,100,False,0,car,0 days 00:19:56.298000,0 days 01:16:53.393000
2024-06-23 13:23:11.031,11139,238,6,100,False,0,car,0 days 00:19:56.618000,0 days 01:16:53.713000
2024-06-23 13:23:11.231,11255,242,6,100,False,0,car,0 days 00:19:56.818000,0 days 01:16:53.913000
2024-06-23 13:23:11.551,11399,247,6,100,False,0,car,0 days 00:19:57.138000,0 days 01:16:54.233000
2024-06-23 13:23:11.951,11625,252,6,100,False,0,car,0 days 00:19:57.538000,0 days 01:16:54.633000
2024-06-23 13:23:12.271,11710,256,6,100,False,0,car,0 days 00:19:57.858000,0 days 01:16:54.953000
2024-06-23 13:23:12.471,10870,259,7,100,False,0,car,0 days 00:19:58.058000,0 days 01:16:55.153000
2024-06-23 13:23:12.672,10567,261,7,100,False,0,car,0 days 00:19:58.259000,0 days 01:16:55.354000
2024-06-23 13:23:12.991,10729,265,7,100,False,0,car,0 days 00:19:58.578000,0 days 01:16:55.673000
2024-06-23 13:23:13.191,10812,267,7,100,False,0,car,0 days 00:19:58.778000,0 days 01:16:55.873000
2024-06-23 13:23:13.431,10862,271,7,100,False,0,car,0 days 00:19:59.018000,0 days 01:16:56.113000
2024-06-23 13:23:13.751,10962,273,7,100,False,0,car,0 days 00:19:59.338000,0 days 01:16:56.433000
2024-06-23 13:23:14.031,10995,275,7,100,False,0,car,0 days 00:19:59.618000,0 days 01:16:56.713000
2024-06-23 13:23:14.431,11084,276,7,100,False,0,car,0 days 00:20:00.018000,0 days 01:16:57.113000
2024-06-23 13:23:14.791,11110,278,7,100,False,0,car,0 days 00:20:00.378000,0 days 01:16:57.473000
2024-06-23 13:23:14.951,10410,277,7,15,True,0,car,0 days 00:20:00.538000,0 days 01:16:57.633000
2024-06-23 13:23:15.191,10130,265,7,0,True,0,car,0 days 00:20:00.778000,0 days 01:16:57.873000
2024-06-23 13:23:15.471,9552,232,7,0,True,0,car,0 days 00:20:01.058000,0 days 01:16:58.153000
2024-06-23 13:23:15.791,8945,204,7,0,True,0,car,0 days 00:20:01.378000,0 days 01:16:58.473000
2024-06-23 13:23:15.951,9276,189,6,0,True,0,car,0 days 00:20:01.538000,0 days 01:16:58.633000
2024-06-23 13:23:16.191,8679,175,5,0,True,0,car,0 days 00:20:01.778000,0 days 01:16:58.873000
2024-06-23 13:23:16.391,8912,168,5,0,True,0,car,0 days 00:20:01.978000,0 days 01:16:59.073000
2024-06-23 13:23:16.711,9282,155,4,0,True,0,car,0 days 00:20:02.298000,0 days 01:16:59.393000
2024-06-23 13:23:16.871,9162,149,4,0,True,0,car,0 days 00:20:02.458000,0 days 01:16:59.553000
2024-06-23 13:23:17.071,8902,145,4,0,True,0,car,0 days 00:20:02.658000,0 days 01:16:59.753000
2024-06-23 13:23:17.311,8604,141,4,0,True,0,car,0 days 00:20:02.898000,0 days 01:16:59.993000
2024-06-23 13:23:17.671,8365,135,4,0,False,0,car,0 days 00:20:03.258000,0 days 01:17:00.353000
2024-06-23 13:23:17.911,8212,133,4,0,False,0,car,0 days 00:20:03.498000,0 days 01:17:00.593000
2024-06-23 13:23:18.151,7988,129,4,0,False,0,car,0 days 00:20:03.738000,0 days 01:17:00.833000
2024-06-23 13:23:18.471,8053,127,4,20,False,0,car,0 days 00:20:04.058000,0 days 01:17:01.153000
2024-06-23 13:23:18.671,8231,127,4,43,False,0,car,0 days 00:20:04.258000,0 days 01:17:01.353000
2024-06-23 13:23:19.312,8883,135,4,63,False,0,car,0 days 00:20:04.899000,0 days 01:17:01.994000
2024-06-23 13:23:19.672,9493,144,4,73,False,0,car,0 days 00:20:05.259000,0 days 01:17:02.354000
2024-06-23 13:23:19.911,9730,147,4,77,False,0,car,0 days 00:20:05.498000,0 days 01:17:02.593000
2024-06-23 13:23:20.111,10282,155,4,81,False,0,car,0 days 00:20:05.698000,0 days 01:17:02.793000
2024-06-23 13:23:20.391,10652,161,4,89,False,0,car,0 days 00:20:05.978000,0 days 01:17:03.073000
2024-06-23 13:23:20.751,11437,179,4,100,False,0,car,0 days 00:20:06.338000,0 days 01:17:03.433000
2024-06-23 13:23:21.031,10372,188,4,100,False,0,car,0 days 00:20:06.618000,0 days 01:17:03.713000
2024-06-23 13:23:21.311,10651,194,5,100,False,0,car,0 days 00:20:06.898000,0 days 01:17:03.993000
2024-06-23 13:23:21.511,10891,199,5,100,False,0,car,0 days 00:20:07.098000,0 days 01:17:04.193000
2024-06-23 13:23:21.751,11174,208,5,100,False,0,car,0 days 00:20:07.338000,0 days 01:17:04.433000
2024-06-23 13:23:21.951,11417,212,5,100,False,0,car,0 days 00:20:07.538000,0 days 01:17:04.633000
2024-06-23 13:23:22.151,11637,218,5,100,False,0,car,0 days 00:20:07.738000,0 days 01:17:04.833000
2024-06-23 13:23:22.351,11766,222,5,100,False,0,car,0 days 00:20:07.938000,0 days 01:17:05.033000
2024-06-23 13:23:22.671,10440,226,5,100,False,0,car,0 days 00:20:08.258000,0 days 01:17:05.353000
2024-06-23 13:23:22.831,10504,228,6,100,False,0,car,0 days 00:20:08.418000,0 days 01:17:05.513000
2024-06-23 13:23:23.111,10737,233,6,100,False,0,car,0 days 00:20:08.698000,0 days 01:17:05.793000
2024-06-23 13:23:23.271,10790,236,6,100,False,0,car,0 days 00:20:08.858000,0 days 01:17:05.953000
2024-06-23 13:23:23.631,10359,228,6,100,True,0,car,0 days 00:20:09.218000,0 days 01:17:06.313000
2024-06-23 13:23:24.031,9405,197,6,0,True,0,car,0 days 00:20:09.618000,0 days 01:17:06.713000
2024-06-23 13:23:24.431,9482,156,5,0,True,0,car,0 days 00:20:10.018000,0 days 01:17:07.113000
2024-06-23 13:23:24.591,8854,150,4,0,True,0,car,0 days 00:20:10.178000,0 days 01:17:07.273000
2024-06-23 13:23:25.071,9149,127,3,0,True,0,car,0 days 00:20:10.658000,0 days 01:17:07.753000
2024-06-23 13:23:25.431,8537,121,3,0,True,0,car,0 days 00:20:11.018000,0 days 01:17:08.113000
2024-06-23 13:23:25.591,8268,114,3,0,True,0,car,0 days 00:20:11.178000,0 days 01:17:08.273000
2024-06-23 13:23:25.872,7741,108,3,0,True,0,car,0 days 00:20:11.459000,0 days 01:17:08.554000
2024-06-23 13:23:26.032,7504,104,3,0,True,0,car,0 days 00:20:11.619000,0 days 01:17:08.714000
2024-06-23 13:23:26.192,7375,102,3,0,True,0,car,0 days 00:20:11.779000,0 days 01:17:08.874000
2024-06-23 13:23:26.471,6967,98,3,0,True,0,car,0 days 00:20:12.058000,0 days 01:17:09.153000
2024-06-23 13:23:26.711,6856,94,3,0,False,0,car,0 days 00:20:12.298000,0 days 01:17:09.393000
2024-06-23 13:23:26.951,7239,91,3,18,False,0,car,0 days 00:20:12.538000,0 days 01:17:09.633000
2024-06-23 13:23:27.271,7429,94,3,40,False,0,car,0 days 00:20:12.858000,0 days 01:17:09.953000
2024-06-23 13:23:27.431,7429,97,3,44,False,0,car,0 days 00:20:13.018000,0 days 01:17:10.113000
2024-06-23 13:23:27.711,8134,101,3,50,False,0,car,0 days 00:20:13.298000,0 days 01:17:10.393000
2024-06-23 13:23:27.911,8364,105,3,56,False,0,car,0 days 00:20:13.498000,0 days 01:17:10.593000
2024-06-23 13:23:28.111,8887,111,3,60,False,0,car,0 days 00:20:13.698000,0 days 01:17:10.793000
2024-06-23 13:23:28.311,9265,118,3,65,False,0,car,0 days 00:20:13.898000,0 days 01:17:10.993000
2024-06-23 13:23:28.631,10196,132,3,72,False,0,car,0 days 00:20:14.218000,0 days 01:17:11.313000
2024-06-23 13:23:28.871,9666,141,3,86,False,0,car,0 days 00:20:14.458000,0 days 01:17:11.553000
2024-06-23 13:23:29.191,10169,153,4,100,False,0,car,0 days 00:20:14.778000,0 days 01:17:11.873000
2024-06-23 13:23:29.391,10691,163,4,100,False,0,car,0 days 00:20:14.978000,0 days 01:17:12.073000
2024-06-23 13:23:29.631,11363,173,4,100,False,0,car,0 days 00:20:15.218000,0 days 01:17:12.313000
2024-06-23 13:23:30.031,10352,191,4,100,False,0,car,0 days 00:20:15.618000,0 days 01:17:12.713000
2024-06-23 13:23:30.271,10792,198,5,100,False,0,car,0 days 00:20:15.858000,0 days 01:17:12.953000
2024-06-23 13:23:30.631,11087,211,5,100,False,0,car,0 days 00:20:16.218000,0 days 01:17:13.313000
2024-06-23 13:23:30.831,11539,215,5,100,False,0,car,0 days 00:20:16.418000,0 days 01:17:13.513000
2024-06-23 13:23:31.111,11526,222,5,100,False,0,car,0 days 00:20:16.698000,0 days 01:17:13.793000
2024-06-23 13:23:31.271,10466,227,5,100,False,0,car,0 days 00:20:16.858000,0 days 01:17:13.953000
2024-06-23 13:23:31.471,10868,231,6,100,False,0,car,0 days 00:20:17.058000,0 days 01:17:14.153000
2024-06-23 13:23:31.711,10920,235,6,100,False,0,car,0 days 00:20:17.298000,0 days 01:17:14.393000
2024-06-23 13:23:32.031,11093,243,6,100,False,0,car,0 days 00:20:17.618000,0 days 01:17:14.713000
2024-06-23 13:23:32.352,11254,246,6,100,False,0,car,0 days 00:20:17.939000,0 days 01:17:15.034000
2024-06-23 13:23:32.712,11381,248,6,100,False,0,car,0 days 00:20:18.299000,0 days 01:17:15.394000
2024-06-23 13:23:32.912,11678,251,6,100,True,0,car,0 days 00:20:18.499000,0 days 01:17:15.594000
2024-06-23 13:23:33.112,10943,242,6,0,True,0,car,0 days 00:20:18.699000,0 days 01:17:15.794000
2024-06-23 13:23:33.271,10218,225,6,0,True,0,car,0 days 00:20:18.858000,0 days 01:17:15.953000
2024-06-23 13:23:33.511,9619,207,6,0,True,0,car,0 days 00:20:19.098000,0 days 01:17:16.193000
2024-06-23 13:23:33.751,9441,181,5,0,True,0,car,0 days 00:20:19.338000,0 days 01:17:16.433000
2024-06-23 13:23:33.951,9765,169,5,0,True,0,car,0 days 00:20:19.538000,0 days 01:17:16.633000
2024-06-23 13:23:34.151,9748,160,4,0,True,0,car,0 days 00:20:19.738000,0 days 01:17:16.833000
2024-06-23 13:23:34.391,9472,153,4,0,True,0,car,0 days 00:20:19.978000,0 days 01:17:17.073000
2024-06-23 13:23:34.791,8838,145,4,0,False,0,car,0 days 00:20:20.378000,0 days 01:17:17.473000
2024-06-23 13:23:35.031,8684,140,4,0,False,0,car,0 days 00:20:20.618000,0 days 01:17:17.713000
2024-06-23 13:23:35.271,8527,137,4,0,False,0,car,0 days 00:20:20.858000,0 days 01:17:17.953000
2024-06-23 13:23:35.591,8601,134,4,31,False,0,car,0 days 00:20:21.178000,0 days 01:17:18.273000
2024-06-23 13:23:35.751,8617,134,4,41,False,0,car,0 days 00:20:21.338000,0 days 01:17:18.433000
2024-06-23 13:23:36.071,8759,135,4,53,False,0,car,0 days 00:20:21.658000,0 days 01:17:18.753000
2024-06-23 13:23:36.471,9466,143,4,73,False,0,car,0 days 00:20:22.058000,0 days 01:17:19.153000
2024-06-23 13:23:36.671,9940,149,4,83,False,0,car,0 days 00:20:22.258000,0 days 01:17:19.353000
2024-06-23 13:23:37.031,11333,165,4,100,False,0,car,0 days 00:20:22.618000,0 days 01:17:19.713000
2024-06-23 13:23:37.231,11469,171,4,91,False,0,car,0 days 00:20:22.818000,0 days 01:17:19.913000
2024-06-23 13:23:37.471,11935,179,4,100,False,0,car,0 days 00:20:23.058000,0 days 01:17:20.153000
2024-06-23 13:23:37.751,10318,189,4,100,False,0,car,0 days 00:20:23.338000,0 days 01:17:20.433000
2024-06-23 13:23:38.031,10657,198,5,100,False,0,car,0 days 00:20:23.618000,0 days 01:17:20.713000
2024-06-23 13:23:38.311,11094,204,5,100,False,0,car,0 days 00:20:23.898000,0 days 01:17:20.993000
2024-06-23 13:23:38.711,11565,213,5,100,False,0,car,0 days 00:20:24.298000,0 days 01:17:21.393000
2024-06-23 13:23:38.952,11769,223,5,100,False,0,car,0 days 00:20:24.539000,0 days 01:17:21.634000
2024-06-23 13:23:39.192,10925,226,5,100,False,0,car,0 days 00:20:24.779000,0 days 01:17:21.874000
2024-06-23 13:23:39.392,10563,229,6,100,False,0,car,0 days 00:20:24.979000,0 days 01:17:22.074000
2024-06-23 13:23:39.632,10707,233,6,100,False,0,car,0 days 00:20:25.219000,0 days 01:17:22.314000
2024-06-23 13:23:39.951,10776,238,6,100,False,0,car,0 days 00:20:25.538000,0 days 01:17:22.633000
2024-06-23 13:23:40.271,10672,239,6,13,False,0,car,0 days 00:20:25.858000,0 days 01:17:22.953000
2024-06-23 13:23:40.631,10487,231,6,0,False,0,car,0 days 00:20:26.218000,0 days 01:17:23.313000
2024-06-23 13:23:40.791,10398,229,6,0,False,0,car,0 days 00:20:26.378000,0 days 01:17:23.473000
2024-06-23 13:23:40.991,10223,224,6,3,False,0,car,0 days 00:20:26.578000,0 days 01:17:23.673000
2024-06-23 13:23:41.231,10069,220,6,46,False,0,car,0 days 00:20:26.818000,0 days 01:17:23.913000
2024-06-23 13:23:41.431,9996,217,6,55,False,0,car,0 days 00:20:27.018000,0 days 01:17:24.113000
2024-06-23 13:23:41.631,9996,216,6,59,False,0,car,0 days 00:20:27.218000,0 days 01:17:24.313000
2024-06-23 13:23:42.071,10152,218,6,100,False,0,car,0 days 00:20:27.658000,0 days 01:17:24.753000
2024-06-23 13:23:42.391,10467,222,6,100,False,0,car,0 days 00:20:27.978000,0 days 01:17:25.073000
2024-06-23 13:23:42.711,10617,229,6,100,False,0,car,0 days 00:20:28.298000,0 days 01:17:25.393000
2024-06-23 13:23:42.951,10812,235,6,100,False,0,car,0 days 00:20:28.538000,0 days 01:17:25.633000
2024-06-23 13:23:43.191,11006,238,6,100,False,0,car,0 days 00:20:28.778000,0 days 01:17:25.873000
2024-06-23 13:23:43.511,11270,243,6,100,False,0,car,0 days 00:20:29.098000,0 days 01:17:26.193000
2024-06-23 13:23:43.671,11310,247,6,100,False,0,car,0 days 00:20:29.258000,0 days 01:17:26.353000
2024-06-23 13:23:44.151,11691,254,6,100,False,0,car,0 days 00:20:29.738000,0 days 01:17:26.833000
2024-06-23 13:23:44.391,11506,258,6,100,False,0,car,0 days 00:20:29.978000,0 days 01:17:27.073000
2024-06-23 13:23:44.631,10656,262,6,100,False,0,car,0 days 00:20:30.218000,0 days 01:17:27.313000
2024-06-23 13:23:44.791,10593,262,7,100,False,0,car,0 days 00:20:30.378000,0 days 01:17:27.473000
2024-06-23 13:23:45.151,10758,267,7,100,False,0,car,0 days 00:20:30.738000,0 days 01:17:27.833000
2024-06-23 13:23:45.512,10931,271,7,100,False,0,car,0 days 00:20:31.099000,0 days 01:17:28.194000
2024-06-23 13:23:45.672,10961,273,7,100,False,0,car,0 days 00:20:31.259000,0 days 01:17:28.354000
2024-06-23 13:23:46.112,11158,278,7,100,False,0,car,0 days 00:20:31.699000,0 days 01:17:28.794000
2024-06-23 13:23:46.312,11241,280,7,100,False,0,car,0 days 00:20:31.899000,0 days 01:17:28.994000
2024-06-23 13:23:46.512,11238,280,7,100,False,0,car,0 days 00:20:32.099000,0 days 01:17:29.194000
2024-06-23 13:23:46.751,11272,282,7,100,False,0,car,0 days 00:20:32.338000,0 days 01:17:29.433000
2024-06-23 13:23:46.911,11314,282,7,100,False,0,car,0 days 00:20:32.498000,0 days 01:17:29.593000
2024-06-23 13:23:47.071,11329,283,7,100,False,0,car,0 days 00:20:32.658000,0 days 01:17:29.753000
2024-06-23 13:23:47.311,11393,283,7,100,False,0,car,0 days 00:20:32.898000,0 days 01:17:29.993000
2024-06-23 13:23:47.471,11373,285,7,100,False,0,car,0 days 00:20:33.058000,0 days 01:17:30.153000
2024-06-23 13:23:47.671,11293,285,7,100,False,0,car,0 days 00:20:33.258000,0 days 01:17:30.353000
2024-06-23 13:23:47.991,10300,268,7,0,True,0,car,0 days 00:20:33.578000,0 days 01:17:30.673000
2024-06-23 13:23:48.271,10123,237,7,0,True,0,car,0 days 00:20:33.858000,0 days 01:17:30.953000
2024-06-23 13:23:48.591,9199,225,6,0,True,0,car,0 days 00:20:34.178000,0 days 01:17:31.273000
2024-06-23 13:23:48.791,9553,196,6,0,True,0,car,0 days 00:20:34.378000,0 days 01:17:31.473000
2024-06-23 13:23:49.031,8628,171,5,0,True,0,car,0 days 00:20:34.618000,0 days 01:17:31.713000
2024-06-23 13:23:49.191,9395,158,5,0,True,0,car,0 days 00:20:34.778000,0 days 01:17:31.873000
2024-06-23 13:23:49.351,8991,158,4,0,True,0,car,0 days 00:20:34.938000,0 days 01:17:32.033000
2024-06-23 13:23:49.671,8192,134,4,0,True,0,car,0 days 00:20:35.258000,0 days 01:17:32.353000
2024-06-23 13:23:49.991,8127,123,4,0,True,0,car,0 days 00:20:35.578000,0 days 01:17:32.673000
2024-06-23 13:23:50.431,8301,115,3,0,True,0,car,0 days 00:20:36.018000,0 days 01:17:33.113000
2024-06-23 13:23:50.591,8093,111,3,0,True,0,car,0 days 00:20:36.178000,0 days 01:17:33.273000
2024-06-23 13:23:50.791,7946,110,3,0,True,0,car,0 days 00:20:36.378000,0 days 01:17:33.473000
2024-06-23 13:23:51.071,7822,107,3,0,True,0,car,0 days 00:20:36.658000,0 days 01:17:33.753000
2024-06-23 13:23:51.551,7395,101,3,0,False,0,car,0 days 00:20:37.138000,0 days 01:17:34.233000
2024-06-23 13:23:51.831,7539,98,3,18,False,0,car,0 days 00:20:37.418000,0 days 01:17:34.513000
2024-06-23 13:23:52.071,7603,100,3,34,False,0,car,0 days 00:20:37.658000,0 days 01:17:34.753000
2024-06-23 13:23:52.352,7748,103,3,39,False,0,car,0 days 00:20:37.939000,0 days 01:17:35.034000
2024-06-23 13:23:52.712,8293,104,3,46,False,0,car,0 days 00:20:38.299000,0 days 01:17:35.394000
2024-06-23 13:23:52.992,8540,110,3,53,False,0,car,0 days 00:20:38.579000,0 days 01:17:35.674000
2024-06-23 13:23:53.391,9204,120,3,62,False,0,car,0 days 00:20:38.978000,0 days 01:17:36.073000
2024-06-23 13:23:53.551,9204,126,3,63,False,0,car,0 days 00:20:39.138000,0 days 01:17:36.233000
2024-06-23 13:23:53.871,8742,134,4,75,False,0,car,0 days 00:20:39.458000,0 days 01:17:36.553000
2024-06-23 13:23:54.071,9085,137,4,79,False,0,car,0 days 00:20:39.658000,0 days 01:17:36.753000
2024-06-23 13:23:54.431,10137,155,4,88,False,0,car,0 days 00:20:40.018000,0 days 01:17:37.113000
2024-06-23 13:23:54.711,10824,159,4,100,False,0,car,0 days 00:20:40.298000,0 days 01:17:37.393000
2024-06-23 13:23:55.071,11419,179,4,100,False,0,car,0 days 00:20:40.658000,0 days 01:17:37.753000
2024-06-23 13:23:55.391,10935,187,4,100,False,0,car,0 days 00:20:40.978000,0 days 01:17:38.073000
2024-06-23 13:23:55.551,10334,190,5,100,False,0,car,0 days 00:20:41.138000,0 days 01:17:38.233000
2024-06-23 13:23:55.911,9841,198,5,0,True,0,car,0 days 00:20:41.498000,0 days 01:17:38.593000
2024-06-23 13:23:56.271,9327,176,5,0,True,0,car,0 days 00:20:41.858000,0 days 01:17:38.953000
2024-06-23 13:23:56.711,9403,157,4,0,True,0,car,0 days 00:20:42.298000,0 days 01:17:39.393000
2024-06-23 13:23:57.151,8672,142,4,0,True,0,car,0 days 00:20:42.738000,0 days 01:17:39.833000
2024-06-23 13:23:57.311,8439,138,4,0,True,0,car,0 days 00:20:42.898000,0 days 01:17:39.993000
2024-06-23 13:23:57.551,8094,132,4,0,True,0,car,0 days 00:20:43.138000,0 days 01:17:40.233000
2024-06-23 13:23:57.871,7844,126,4,0,True,0,car,0 days 00:20:43.458000,0 days 01:17:40.553000
2024-06-23 13:23:58.031,7828,123,4,0,False,0,car,0 days 00:20:43.618000,0 days 01:17:40.713000
2024-06-23 13:23:58.311,7562,121,4,0,True,0,car,0 days 00:20:43.898000,0 days 01:17:40.993000
2024-06-23 13:23:58.511,7363,118,4,0,False,0,car,0 days 00:20:44.098000,0 days 01:17:41.193000
2024-06-23 13:23:58.832,7195,116,4,0,False,0,car,0 days 00:20:44.419000,0 days 01:17:41.514000
2024-06-23 13:23:59.032,7307,113,4,1,False,0,car,0 days 00:20:44.619000,0 days 01:17:41.714000
2024-06-23 13:23:59.192,7260,113,4,28,False,0,car,0 days 00:20:44.779000,0 days 01:17:41.874000
2024-06-23 13:23:59.432,7382,115,4,40,False,0,car,0 days 00:20:45.019000,0 days 01:17:42.114000
2024-06-23 13:23:59.712,7753,117,4,45,False,0,car,0 days 00:20:45.299000,0 days 01:17:42.394000
2024-06-23 13:23:59.992,8149,120,4,50,False,0,car,0 days 00:20:45.579000,0 days 01:17:42.674000
2024-06-23 13:24:00.231,8227,123,4,50,False,0,car,0 days 00:20:45.818000,0 days 01:17:42.913000
2024-06-23 13:24:00.671,8541,132,4,68,False,0,car,0 days 00:20:46.258000,0 days 01:17:43.353000
2024-06-23 13:24:00.951,9245,140,4,74,False,0,car,0 days 00:20:46.538000,0 days 01:17:43.633000
2024-06-23 13:24:01.231,9777,146,4,81,False,0,car,0 days 00:20:46.818000,0 days 01:17:43.913000
2024-06-23 13:24:01.471,10181,156,4,82,False,0,car,0 days 00:20:47.058000,0 days 01:17:44.153000
2024-06-23 13:24:01.831,11092,172,4,100,False,0,car,0 days 00:20:47.418000,0 days 01:17:44.513000
2024-06-23 13:24:02.031,11017,180,4,100,False,0,car,0 days 00:20:47.618000,0 days 01:17:44.713000
2024-06-23 13:24:02.351,10447,191,5,100,False,0,car,0 days 00:20:47.938000,0 days 01:17:45.033000
2024-06-23 13:24:02.591,10888,198,5,100,False,0,car,0 days 00:20:48.178000,0 days 01:17:45.273000
2024-06-23 13:24:02.911,11131,207,5,100,False,0,car,0 days 00:20:48.498000,0 days 01:17:45.593000
2024-06-23 13:24:03.071,11497,212,5,100,False,0,car,0 days 00:20:48.658000,0 days 01:17:45.753000
2024-06-23 13:24:03.271,10834,220,5,100,False,0,car,0 days 00:20:48.858000,0 days 01:17:45.953000
2024-06-23 13:24:03.431,10475,223,5,100,False,0,car,0 days 00:20:49.018000,0 days 01:17:46.113000
2024-06-23 13:24:03.671,10513,228,6,100,False,0,car,0 days 00:20:49.258000,0 days 01:17:46.353000
2024-06-23 13:24:03.951,10760,233,6,85,False,0,car,0 days 00:20:49.538000,0 days 01:17:46.633000
2024-06-23 13:24:04.191,10847,234,6,73,False,0,car,0 days 00:20:49.778000,0 days 01:17:46.873000
2024-06-23 13:24:04.431,10870,235,6,79,False,0,car,0 days 00:20:50.018000,0 days 01:17:47.113000
2024-06-23 13:24:04.711,11008,236,6,99,False,0,car,0 days 00:20:50.298000,0 days 01:17:47.393000
2024-06-23 13:24:04.951,11169,241,6,100,False,0,car,0 days 00:20:50.538000,0 days 01:17:47.633000
2024-06-23 13:24:05.191,11266,243,6,100,False,0,car,0 days 00:20:50.778000,0 days 01:17:47.873000
2024-06-23 13:24:05.392,11372,246,6,100,False,0,car,0 days 00:20:50.979000,0 days 01:17:48.074000
2024-06-23 13:24:05.592,11413,248,6,100,False,0,car,0 days 00:20:51.179000,0 days 01:17:48.274000
2024-06-23 13:24:05.992,11569,252,6,100,False,0,car,0 days 00:20:51.579000,0 days 01:17:48.674000
2024-06-23 13:24:06.232,11622,255,6,100,False,0,car,0 days 00:20:51.819000,0 days 01:17:48.914000
2024-06-23 13:24:06.472,11693,255,6,100,False,0,car,0 days 00:20:52.059000,0 days 01:17:49.154000
2024-06-23 13:24:06.752,11186,258,6,100,False,0,car,0 days 00:20:52.339000,0 days 01:17:49.434000
2024-06-23 13:24:07.071,10196,259,7,100,True,0,car,0 days 00:20:52.658000,0 days 01:17:49.753000
2024-06-23 13:24:07.311,9776,253,7,0,True,0,car,0 days 00:20:52.898000,0 days 01:17:49.993000
2024-06-23 13:24:07.511,9773,249,7,0,True,0,car,0 days 00:20:53.098000,0 days 01:17:50.193000
2024-06-23 13:24:07.671,9985,239,7,0,False,0,car,0 days 00:20:53.258000,0 days 01:17:50.353000
2024-06-23 13:24:07.911,10819,234,6,1,False,0,car,0 days 00:20:53.498000,0 days 01:17:50.593000
2024-06-23 13:24:08.271,10585,229,6,69,False,0,car,0 days 00:20:53.858000,0 days 01:17:50.953000
2024-06-23 13:24:08.471,10530,230,6,76,False,0,car,0 days 00:20:54.058000,0 days 01:17:51.153000
2024-06-23 13:24:08.951,10721,232,6,86,False,0,car,0 days 00:20:54.538000,0 days 01:17:51.633000
2024-06-23 13:24:09.271,10966,237,6,100,False,0,car,0 days 00:20:54.858000,0 days 01:17:51.953000
2024-06-23 13:24:09.551,11183,242,6,100,False,0,car,0 days 00:20:55.138000,0 days 01:17:52.233000
2024-06-23 13:24:09.991,11389,246,6,100,False,0,car,0 days 00:20:55.578000,0 days 01:17:52.673000
2024-06-23 13:24:10.191,11558,250,6,100,False,0,car,0 days 00:20:55.778000,0 days 01:17:52.873000
2024-06-23 13:24:10.431,11647,253,6,100,False,0,car,0 days 00:20:56.018000,0 days 01:17:53.113000
2024-06-23 13:24:10.671,11768,255,6,100,False,0,car,0 days 00:20:56.258000,0 days 01:17:53.353000
2024-06-23 13:24:10.871,11077,260,6,100,False,0,car,0 days 00:20:56.458000,0 days 01:17:53.553000
2024-06-23 13:24:11.191,10726,264,7,100,False,0,car,0 days 00:20:56.778000,0 days 01:17:53.873000
2024-06-23 13:24:11.351,10642,265,7,100,False,0,car,0 days 00:20:56.938000,0 days 01:17:54.033000
2024-06-23 13:24:11.551,10731,268,7,100,False,0,car,0 days 00:20:57.138000,0 days 01:17:54.233000
2024-06-23 13:24:11.751,10822,270,7,100,False,0,car,0 days 00:20:57.338000,0 days 01:17:54.433000
2024-06-23 13:24:11.912,10925,271,7,100,False,0,car,0 days 00:20:57.499000,0 days 01:17:54.594000
2024-06-23 13:24:12.152,11009,273,7,100,False,0,car,0 days 00:20:57.739000,0 days 01:17:54.834000
2024-06-23 13:24:12.392,11108,276,7,100,False,0,car,0 days 00:20:57.979000,0 days 01:17:55.074000
2024-06-23 13:24:12.832,11289,279,7,100,False,0,car,0 days 00:20:58.419000,0 days 01:17:55.514000
2024-06-23 13:24:13.072,11334,283,7,100,False,0,car,0 days 00:20:58.659000,0 days 01:17:55.754000
2024-06-23 13:24:13.392,11484,285,7,100,False,0,car,0 days 00:20:58.979000,0 days 01:17:56.074000
2024-06-23 13:24:13.551,11499,287,7,100,False,0,car,0 days 00:20:59.138000,0 days 01:17:56.233000
2024-06-23 13:24:13.871,11608,289,7,100,False,0,car,0 days 00:20:59.458000,0 days 01:17:56.553000
2024-06-23 13:24:14.271,11544,293,7,100,False,0,car,0 days 00:20:59.858000,0 days 01:17:56.953000
2024-06-23 13:24:14.471,10004,294,7,100,False,0,car,0 days 00:21:00.058000,0 days 01:17:57.153000
2024-06-23 13:24:14.711,10515,295,8,100,False,0,car,0 days 00:21:00.298000,0 days 01:17:57.393000
2024-06-23 13:24:15.031,10587,296,8,100,False,0,car,0 days 00:21:00.618000,0 days 01:17:57.713000
2024-06-23 13:24:15.311,10613,298,8,100,False,0,car,0 days 00:21:00.898000,0 days 01:17:57.993000
2024-06-23 13:24:15.711,10691,299,8,100,False,0,car,0 days 00:21:01.298000,0 days 01:17:58.393000
2024-06-23 13:24:16.071,10733,301,8,100,False,0,car,0 days 00:21:01.658000,0 days 01:17:58.753000
2024-06-23 13:24:16.231,10725,302,8,100,False,0,car,0 days 00:21:01.818000,0 days 01:17:58.913000
2024-06-23 13:24:16.671,10739,303,8,100,False,0,car,0 days 00:21:02.258000,0 days 01:17:59.353000
2024-06-23 13:24:16.991,10820,304,8,100,False,0,car,0 days 00:21:02.578000,0 days 01:17:59.673000
2024-06-23 13:24:17.271,10815,304,8,100,False,0,car,0 days 00:21:02.858000,0 days 01:17:59.953000
2024-06-23 13:24:17.511,10843,305,8,100,False,0,car,0 days 00:21:03.098000,0 days 01:18:00.193000
2024-06-23 13:24:17.751,10859,306,8,100,False,0,car,0 days 00:21:03.338000,0 days 01:18:00.433000
2024-06-23 13:24:18.071,10914,307,8,100,False,0,car,0 days 00:21:03.658000,0 days 01:18:00.753000
2024-06-23 13:24:18.231,10878,308,8,100,False,0,car,0 days 00:21:03.818000,0 days 01:18:00.913000
2024-06-23 13:24:18.592,10911,308,8,100,False,0,car,0 days 00:21:04.179000,0 days 01:18:01.274000
2024-06-23 13:24:18.832,10961,308,8,100,False,0,car,0 days 00:21:04.419000,0 days 01:18:01.514000
2024-06-23 13:24:19.232,10943,308,8,100,False,0,car,0 days 00:21:04.819000,0 days 01:18:01.914000
2024-06-23 13:24:19.432,10923,308,8,100,False,0,car,0 days 00:21:05.019000,0 days 01:18:02.114000
2024-06-23 13:24:19.712,10912,307,8,100,False,0,car,0 days 00:21:05.299000,0 days 01:18:02.394000
2024-06-23 13:24:19.992,10882,306,8,100,False,0,car,0 days 00:21:05.579000,0 days 01:18:02.674000
2024-06-23 13:24:20.152,10882,305,8,100,False,0,car,0 days 00:21:05.739000,0 days 01:18:02.834000
2024-06-23 13:24:20.311,10806,305,8,100,False,0,car,0 days 00:21:05.898000,0 days 01:18:02.993000
2024-06-23 13:24:20.671,10798,303,8,100,False,0,car,0 days 00:21:06.258000,0 days 01:18:03.353000
2024-06-23 13:24:20.871,10756,302,8,100,False,0,car,0 days 00:21:06.458000,0 days 01:18:03.553000
2024-06-23 13:24:21.151,10703,297,8,0,False,0,car,0 days 00:21:06.738000,0 days 01:18:03.833000
2024-06-23 13:24:21.311,10158,295,8,0,True,0,car,0 days 00:21:06.898000,0 days 01:18:03.993000
2024-06-23 13:24:21.591,9509,274,8,0,True,0,car,0 days 00:21:07.178000,0 days 01:18:04.273000
2024-06-23 13:24:21.751,8757,252,8,0,True,0,car,0 days 00:21:07.338000,0 days 01:18:04.433000
2024-06-23 13:24:22.031,8556,218,8,0,True,0,car,0 days 00:21:07.618000,0 days 01:18:04.713000
2024-06-23 13:24:22.191,8696,218,7,0,True,0,car,0 days 00:21:07.778000,0 days 01:18:04.873000
2024-06-23 13:24:22.351,8931,199,6,0,True,0,car,0 days 00:21:07.938000,0 days 01:18:05.033000
2024-06-23 13:24:22.551,9177,177,6,0,True,0,car,0 days 00:21:08.138000,0 days 01:18:05.233000
2024-06-23 13:24:22.751,8645,167,5,0,True,0,car,0 days 00:21:08.338000,0 days 01:18:05.433000
2024-06-23 13:24:23.111,9335,155,4,0,True,0,car,0 days 00:21:08.698000,0 days 01:18:05.793000
2024-06-23 13:24:23.351,9149,148,4,0,True,0,car,0 days 00:21:08.938000,0 days 01:18:06.033000
2024-06-23 13:24:23.631,8696,142,4,0,True,0,car,0 days 00:21:09.218000,0 days 01:18:06.313000
2024-06-23 13:24:23.791,8510,138,4,0,False,0,car,0 days 00:21:09.378000,0 days 01:18:06.473000
2024-06-23 13:24:24.031,8539,136,4,1,False,0,car,0 days 00:21:09.618000,0 days 01:18:06.713000
2024-06-23 13:24:24.311,8476,133,4,36,False,0,car,0 days 00:21:09.898000,0 days 01:18:06.993000
2024-06-23 13:24:24.471,8646,135,4,53,False,0,car,0 days 00:21:10.058000,0 days 01:18:07.153000
2024-06-23 13:24:24.671,8949,138,4,61,False,0,car,0 days 00:21:10.258000,0 days 01:18:07.353000
2024-06-23 13:24:24.951,9313,143,4,73,False,0,car,0 days 00:21:10.538000,0 days 01:18:07.633000
2024-06-23 13:24:25.232,9812,149,4,78,False,0,car,0 days 00:21:10.819000,0 days 01:18:07.914000
2024-06-23 13:24:25.552,9482,162,4,69,False,0,car,0 days 00:21:11.139000,0 days 01:18:08.234000
2024-06-23 13:24:25.752,8888,165,5,61,False,0,car,0 days 00:21:11.339000,0 days 01:18:08.434000
2024-06-23 13:24:25.952,8948,167,5,55,False,0,car,0 days 00:21:11.539000,0 days 01:18:08.634000
2024-06-23 13:24:26.192,9102,167,5,55,False,0,car,0 days 00:21:11.779000,0 days 01:18:08.874000
2024-06-23 13:24:26.472,9228,170,5,70,False,0,car,0 days 00:21:12.059000,0 days 01:18:09.154000
2024-06-23 13:24:26.792,9702,175,5,82,False,0,car,0 days 00:21:12.379000,0 days 01:18:09.474000
2024-06-23 13:24:26.992,9844,181,5,88,False,0,car,0 days 00:21:12.579000,0 days 01:18:09.674000
2024-06-23 13:24:27.231,10403,188,5,95,False,0,car,0 days 00:21:12.818000,0 days 01:18:09.913000
2024-06-23 13:24:27.511,10592,190,5,100,False,0,car,0 days 00:21:13.098000,0 days 01:18:10.193000
2024-06-23 13:24:27.791,11001,200,5,100,False,0,car,0 days 00:21:13.378000,0 days 01:18:10.473000
2024-06-23 13:24:28.071,11281,211,5,100,False,0,car,0 days 00:21:13.658000,0 days 01:18:10.753000
2024-06-23 13:24:28.231,10161,212,5,85,False,0,car,0 days 00:21:13.818000,0 days 01:18:10.913000
2024-06-23 13:24:28.591,9851,216,6,55,False,0,car,0 days 00:21:14.178000,0 days 01:18:11.273000
2024-06-23 13:24:28.751,9581,215,6,0,False,0,car,0 days 00:21:14.338000,0 days 01:18:11.433000
2024-06-23 13:24:28.951,9598,209,6,0,False,0,car,0 days 00:21:14.538000,0 days 01:18:11.633000
2024-06-23 13:24:29.231,9530,203,6,18,False,0,car,0 days 00:21:14.818000,0 days 01:18:11.913000
2024-06-23 13:24:29.671,9258,201,6,60,False,0,car,0 days 00:21:15.258000,0 days 01:18:12.353000
2024-06-23 13:24:29.911,9333,201,6,70,False,0,car,0 days 00:21:15.498000,0 days 01:18:12.593000
2024-06-23 13:24:30.111,9516,202,6,78,False,0,car,0 days 00:21:15.698000,0 days 01:18:12.793000
2024-06-23 13:24:30.311,9637,206,6,81,False,0,car,0 days 00:21:15.898000,0 days 01:18:12.993000
2024-06-23 13:24:30.631,9857,210,6,76,False,0,car,0 days 00:21:16.218000,0 days 01:18:13.313000
2024-06-23 13:24:30.831,9952,212,6,87,False,0,car,0 days 00:21:16.418000,0 days 01:18:13.513000
2024-06-23 13:24:31.071,10026,213,6,87,False,0,car,0 days 00:21:16.658000,0 days 01:18:13.753000
2024-06-23 13:24:31.552,10429,224,6,100,False,0,car,0 days 00:21:17.139000,0 days 01:18:14.234000
2024-06-23 13:24:31.752,10630,228,6,100,False,0,car,0 days 00:21:17.339000,0 days 01:18:14.434000
2024-06-23 13:24:32.152,10818,235,6,94,False,0,car,0 days 00:21:17.739000,0 days 01:18:14.834000
2024-06-23 13:24:32.312,11096,237,6,100,False,0,car,0 days 00:21:17.899000,0 days 01:18:14.994000
2024-06-23 13:24:32.512,11200,241,6,100,False,0,car,0 days 00:21:18.099000,0 days 01:18:15.194000
2024-06-23 13:24:32.712,11366,242,6,100,False,0,car,0 days 00:21:18.299000,0 days 01:18:15.394000
2024-06-23 13:24:32.872,11402,248,6,100,False,0,car,0 days 00:21:18.459000,0 days 01:18:15.554000
2024-06-23 13:24:33.152,11580,251,6,100,False,0,car,0 days 00:21:18.739000,0 days 01:18:15.834000
2024-06-23 13:24:33.592,10824,256,7,100,False,0,car,0 days 00:21:19.179000,0 days 01:18:16.274000
2024-06-23 13:24:33.831,10495,261,7,100,False,0,car,0 days 00:21:19.418000,0 days 01:18:16.513000
2024-06-23 13:24:34.111,10652,263,7,100,False,0,car,0 days 00:21:19.698000,0 days 01:18:16.793000
2024-06-23 13:24:34.311,10754,266,7,100,False,0,car,0 days 00:21:19.898000,0 days 01:18:16.993000
2024-06-23 13:24:34.631,10839,270,7,100,False,0,car,0 days 00:21:20.218000,0 days 01:18:17.313000
2024-06-23 13:24:35.031,10941,274,7,100,False,0,car,0 days 00:21:20.618000,0 days 01:18:17.713000
2024-06-23 13:24:35.391,11015,274,7,100,False,0,car,0 days 00:21:20.978000,0 days 01:18:18.073000
2024-06-23 13:24:35.671,11033,275,7,100,False,0,car,0 days 00:21:21.258000,0 days 01:18:18.353000
2024-06-23 13:24:35.991,11046,276,7,100,False,0,car,0 days 00:21:21.578000,0 days 01:18:18.673000
2024-06-23 13:24:36.351,11117,272,7,0,True,0,car,0 days 00:21:21.938000,0 days 01:18:19.033000
2024-06-23 13:24:36.671,9888,250,7,0,True,0,car,0 days 00:21:22.258000,0 days 01:18:19.353000
2024-06-23 13:24:37.031,9423,230,7,0,True,0,car,0 days 00:21:22.618000,0 days 01:18:19.713000
2024-06-23 13:24:37.471,9587,186,5,0,True,0,car,0 days 00:21:23.058000,0 days 01:18:20.153000
2024-06-23 13:24:37.631,9374,170,5,0,True,0,car,0 days 00:21:23.218000,0 days 01:18:20.313000
2024-06-23 13:24:38.071,9408,155,4,0,True,0,car,0 days 00:21:23.658000,0 days 01:18:20.753000
2024-06-23 13:24:38.432,8912,144,4,0,True,0,car,0 days 00:21:24.019000,0 days 01:18:21.114000
2024-06-23 13:24:38.632,8676,140,4,0,True,0,car,0 days 00:21:24.219000,0 days 01:18:21.314000
2024-06-23 13:24:38.872,8565,137,4,0,False,0,car,0 days 00:21:24.459000,0 days 01:18:21.554000
2024-06-23 13:24:39.112,8316,134,4,0,False,0,car,0 days 00:21:24.699000,0 days 01:18:21.794000
2024-06-23 13:24:39.272,8201,131,4,0,False,0,car,0 days 00:21:24.859000,0 days 01:18:21.954000
2024-06-23 13:24:39.592,8128,128,4,6,False,0,car,0 days 00:21:25.179000,0 days 01:18:22.274000
2024-06-23 13:24:39.952,8241,128,4,48,False,0,car,0 days 00:21:25.539000,0 days 01:18:22.634000
2024-06-23 13:24:40.272,8466,132,4,55,False,0,car,0 days 00:21:25.859000,0 days 01:18:22.954000
2024-06-23 13:24:40.432,8716,135,4,60,False,0,car,0 days 00:21:26.019000,0 days 01:18:23.114000
2024-06-23 13:24:40.671,9000,138,4,69,False,0,car,0 days 00:21:26.258000,0 days 01:18:23.353000
2024-06-23 13:24:40.991,9671,147,4,76,False,0,car,0 days 00:21:26.578000,0 days 01:18:23.673000
2024-06-23 13:24:41.391,10367,159,4,83,False,0,car,0 days 00:21:26.978000,0 days 01:18:24.073000
2024-06-23 13:24:41.791,11212,171,4,94,False,0,car,0 days 00:21:27.378000,0 days 01:18:24.473000
2024-06-23 13:24:42.231,10538,189,4,100,False,0,car,0 days 00:21:27.818000,0 days 01:18:24.913000
2024-06-23 13:24:42.391,10464,190,5,100,False,0,car,0 days 00:21:27.978000,0 days 01:18:25.073000
2024-06-23 13:24:42.551,10716,196,5,100,False,0,car,0 days 00:21:28.138000,0 days 01:18:25.233000
2024-06-23 13:24:42.871,11049,200,5,100,False,0,car,0 days 00:21:28.458000,0 days 01:18:25.553000
2024-06-23 13:24:43.031,11227,208,5,100,False,0,car,0 days 00:21:28.618000,0 days 01:18:25.713000
2024-06-23 13:24:43.351,11682,217,5,100,False,0,car,0 days 00:21:28.938000,0 days 01:18:26.033000
2024-06-23 13:24:43.551,11854,222,5,100,False,0,car,0 days 00:21:29.138000,0 days 01:18:26.233000
2024-06-23 13:24:43.751,10594,225,6,100,False,0,car,0 days 00:21:29.338000,0 days 01:18:26.433000
2024-06-23 13:24:43.951,10614,229,6,100,False,0,car,0 days 00:21:29.538000,0 days 01:18:26.633000
2024-06-23 13:24:44.311,10778,233,6,100,False,0,car,0 days 00:21:29.898000,0 days 01:18:26.993000
2024-06-23 13:24:44.631,10879,237,6,100,False,0,car,0 days 00:21:30.218000,0 days 01:18:27.313000
2024-06-23 13:24:45.032,9759,216,6,0,True,0,car,0 days 00:21:30.619000,0 days 01:18:27.714000
2024-06-23 13:24:45.232,9263,195,6,0,True,0,car,0 days 00:21:30.819000,0 days 01:18:27.914000
2024-06-23 13:24:45.632,9182,159,5,0,True,0,car,0 days 00:21:31.219000,0 days 01:18:28.314000
2024-06-23 13:24:45.792,9199,152,4,0,True,0,car,0 days 00:21:31.379000,0 days 01:18:28.474000
2024-06-23 13:24:45.992,9802,142,4,0,True,0,car,0 days 00:21:31.579000,0 days 01:18:28.674000
2024-06-23 13:24:46.232,9766,130,3,0,True,0,car,0 days 00:21:31.819000,0 days 01:18:28.914000
2024-06-23 13:24:46.552,8583,122,3,0,True,0,car,0 days 00:21:32.139000,0 days 01:18:29.234000
2024-06-23 13:24:46.752,8274,114,3,0,True,0,car,0 days 00:21:32.339000,0 days 01:18:29.434000
2024-06-23 13:24:46.912,7767,114,3,0,True,0,car,0 days 00:21:32.499000,0 days 01:18:29.594000
2024-06-23 13:24:47.152,7479,106,3,0,True,0,car,0 days 00:21:32.739000,0 days 01:18:29.834000
2024-06-23 13:24:47.351,7289,106,3,0,True,0,car,0 days 00:21:32.938000,0 days 01:18:30.033000
2024-06-23 13:24:47.711,7000,95,3,0,True,0,car,0 days 00:21:33.298000,0 days 01:18:30.393000
2024-06-23 13:24:47.951,6809,92,3,0,False,0,car,0 days 00:21:33.538000,0 days 01:18:30.633000
2024-06-23 13:24:48.191,6918,91,3,0,False,0,car,0 days 00:21:33.778000,0 days 01:18:30.873000
2024-06-23 13:24:48.511,7366,93,3,35,False,0,car,0 days 00:21:34.098000,0 days 01:18:31.193000
2024-06-23 13:24:48.671,7447,95,3,41,False,0,car,0 days 00:21:34.258000,0 days 01:18:31.353000
2024-06-23 13:24:48.871,7613,99,3,43,False,0,car,0 days 00:21:34.458000,0 days 01:18:31.553000
2024-06-23 13:24:49.111,7966,101,3,50,False,0,car,0 days 00:21:34.698000,0 days 01:18:31.793000
2024-06-23 13:24:49.311,8593,108,3,57,False,0,car,0 days 00:21:34.898000,0 days 01:18:31.993000
2024-06-23 13:24:49.671,9356,119,3,70,False,0,car,0 days 00:21:35.258000,0 days 01:18:32.353000
2024-06-23 13:24:49.871,10083,128,3,82,False,0,car,0 days 00:21:35.458000,0 days 01:18:32.553000
2024-06-23 13:24:50.231,9610,146,3,100,False,0,car,0 days 00:21:35.818000,0 days 01:18:32.913000
2024-06-23 13:24:50.431,10030,156,4,100,False,0,car,0 days 00:21:36.018000,0 days 01:18:33.113000
2024-06-23 13:24:50.671,10417,165,4,100,False,0,car,0 days 00:21:36.258000,0 days 01:18:33.353000
2024-06-23 13:24:50.911,11389,174,4,100,False,0,car,0 days 00:21:36.498000,0 days 01:18:33.593000
2024-06-23 13:24:51.231,10363,186,4,100,False,0,car,0 days 00:21:36.818000,0 days 01:18:33.913000
2024-06-23 13:24:51.472,10511,196,5,100,False,0,car,0 days 00:21:37.059000,0 days 01:18:34.154000
2024-06-23 13:24:51.712,10967,203,5,100,False,0,car,0 days 00:21:37.299000,0 days 01:18:34.394000
2024-06-23 13:24:52.072,11466,215,5,100,False,0,car,0 days 00:21:37.659000,0 days 01:18:34.754000
2024-06-23 13:24:52.392,11713,222,5,100,False,0,car,0 days 00:21:37.979000,0 days 01:18:35.074000
2024-06-23 13:24:52.592,10706,227,6,100,False,0,car,0 days 00:21:38.179000,0 days 01:18:35.274000
2024-06-23 13:24:52.832,10821,234,6,100,False,0,car,0 days 00:21:38.419000,0 days 01:18:35.514000
2024-06-23 13:24:53.112,10888,238,6,100,False,0,car,0 days 00:21:38.699000,0 days 01:18:35.794000
2024-06-23 13:24:53.272,11015,239,6,100,False,0,car,0 days 00:21:38.859000,0 days 01:18:35.954000
2024-06-23 13:24:53.432,11120,241,6,100,False,0,car,0 days 00:21:39.019000,0 days 01:18:36.114000
2024-06-23 13:24:53.672,11203,245,6,100,False,0,car,0 days 00:21:39.259000,0 days 01:18:36.354000
2024-06-23 13:24:54.031,11401,250,6,100,False,0,car,0 days 00:21:39.618000,0 days 01:18:36.713000
2024-06-23 13:24:54.391,10492,239,6,0,True,0,car,0 days 00:21:39.978000,0 days 01:18:37.073000
2024-06-23 13:24:54.671,9384,207,6,0,True,0,car,0 days 00:21:40.258000,0 days 01:18:37.353000
2024-06-23 13:24:55.031,9077,190,5,0,True,0,car,0 days 00:21:40.618000,0 days 01:18:37.713000
2024-06-23 13:24:55.231,9980,169,5,0,True,0,car,0 days 00:21:40.818000,0 days 01:18:37.913000
2024-06-23 13:24:55.391,9544,158,4,0,True,0,car,0 days 00:21:40.978000,0 days 01:18:38.073000
2024-06-23 13:24:55.711,9239,149,4,0,True,0,car,0 days 00:21:41.298000,0 days 01:18:38.393000
2024-06-23 13:24:55.951,8914,143,4,0,False,0,car,0 days 00:21:41.538000,0 days 01:18:38.633000
2024-06-23 13:24:56.271,8831,140,4,0,False,0,car,0 days 00:21:41.858000,0 days 01:18:38.953000
2024-06-23 13:24:56.431,8573,139,4,0,False,0,car,0 days 00:21:42.018000,0 days 01:18:39.113000
2024-06-23 13:24:56.631,8553,135,4,9,False,0,car,0 days 00:21:42.218000,0 days 01:18:39.313000
2024-06-23 13:24:56.791,8588,135,4,31,False,0,car,0 days 00:21:42.378000,0 days 01:18:39.473000
2024-06-23 13:24:57.151,8679,135,4,47,False,0,car,0 days 00:21:42.738000,0 days 01:18:39.833000
2024-06-23 13:24:57.511,9082,139,4,62,False,0,car,0 days 00:21:43.098000,0 days 01:18:40.193000
2024-06-23 13:24:57.952,10028,152,4,85,False,0,car,0 days 00:21:43.539000,0 days 01:18:40.634000
2024-06-23 13:24:58.272,10623,163,4,84,False,0,car,0 days 00:21:43.859000,0 days 01:18:40.954000
2024-06-23 13:24:58.472,10878,170,4,89,False,0,car,0 days 00:21:44.059000,0 days 01:18:41.154000
2024-06-23 13:24:58.792,11558,180,4,100,False,0,car,0 days 00:21:44.379000,0 days 01:18:41.474000
2024-06-23 13:24:59.032,10438,190,4,100,False,0,car,0 days 00:21:44.619000,0 days 01:18:41.714000
2024-06-23 13:24:59.272,10623,195,5,100,False,0,car,0 days 00:21:44.859000,0 days 01:18:41.954000
2024-06-23 13:24:59.512,11037,201,5,100,False,0,car,0 days 00:21:45.099000,0 days 01:18:42.194000
2024-06-23 13:24:59.832,11442,213,5,100,False,0,car,0 days 00:21:45.419000,0 days 01:18:42.514000
2024-06-23 13:25:00.032,11651,220,5,100,False,0,car,0 days 00:21:45.619000,0 days 01:18:42.714000
2024-06-23 13:25:00.392,10824,226,5,100,False,0,car,0 days 00:21:45.979000,0 days 01:18:43.074000
2024-06-23 13:25:00.552,10605,228,6,100,False,0,car,0 days 00:21:46.139000,0 days 01:18:43.234000
2024-06-23 13:25:00.711,10643,230,6,100,False,0,car,0 days 00:21:46.298000,0 days 01:18:43.393000
2024-06-23 13:25:01.031,10829,234,6,100,False,0,car,0 days 00:21:46.618000,0 days 01:18:43.713000
2024-06-23 13:25:01.191,10863,238,6,100,False,0,car,0 days 00:21:46.778000,0 days 01:18:43.873000
2024-06-23 13:25:01.431,11008,240,6,0,False,0,car,0 days 00:21:47.018000,0 days 01:18:44.113000
2024-06-23 13:25:01.871,10273,230,6,2,False,0,car,0 days 00:21:47.458000,0 days 01:18:44.553000
2024-06-23 13:25:02.231,10168,222,6,36,False,0,car,0 days 00:21:47.818000,0 days 01:18:44.913000
2024-06-23 13:25:02.551,10106,219,6,49,False,0,car,0 days 00:21:48.138000,0 days 01:18:45.233000
2024-06-23 13:25:02.791,9995,216,6,58,False,0,car,0 days 00:21:48.378000,0 days 01:18:45.473000
2024-06-23 13:25:03.111,10030,216,6,77,False,0,car,0 days 00:21:48.698000,0 days 01:18:45.793000
2024-06-23 13:25:03.271,10144,218,6,83,False,0,car,0 days 00:21:48.858000,0 days 01:18:45.953000
2024-06-23 13:25:03.551,10319,219,6,100,False,0,car,0 days 00:21:49.138000,0 days 01:18:46.233000
2024-06-23 13:25:03.751,10452,225,6,100,False,0,car,0 days 00:21:49.338000,0 days 01:18:46.433000
2024-06-23 13:25:04.111,10741,230,6,100,False,0,car,0 days 00:21:49.698000,0 days 01:18:46.793000
2024-06-23 13:25:04.391,10913,233,6,100,False,0,car,0 days 00:21:49.978000,0 days 01:18:47.073000
2024-06-23 13:25:04.552,11005,239,6,100,False,0,car,0 days 00:21:50.139000,0 days 01:18:47.234000
2024-06-23 13:25:04.832,11229,243,6,100,False,0,car,0 days 00:21:50.419000,0 days 01:18:47.514000
2024-06-23 13:25:05.112,11422,247,6,100,False,0,car,0 days 00:21:50.699000,0 days 01:18:47.794000
2024-06-23 13:25:05.272,11511,250,6,100,False,0,car,0 days 00:21:50.859000,0 days 01:18:47.954000
2024-06-23 13:25:05.552,11665,255,6,100,False,0,car,0 days 00:21:51.139000,0 days 01:18:48.234000
2024-06-23 13:25:05.712,11454,255,6,100,False,0,car,0 days 00:21:51.299000,0 days 01:18:48.394000
2024-06-23 13:25:05.872,11237,261,6,100,False,0,car,0 days 00:21:51.459000,0 days 01:18:48.554000
2024-06-23 13:25:06.112,10580,262,7,100,False,0,car,0 days 00:21:51.699000,0 days 01:18:48.794000
2024-06-23 13:25:06.392,10714,265,7,100,False,0,car,0 days 00:21:51.979000,0 days 01:18:49.074000
2024-06-23 13:25:06.672,10784,268,7,100,False,0,car,0 days 00:21:52.259000,0 days 01:18:49.354000
2024-06-23 13:25:06.832,10870,271,7,100,False,0,car,0 days 00:21:52.419000,0 days 01:18:49.514000
2024-06-23 13:25:07.032,10979,273,7,100,False,0,car,0 days 00:21:52.619000,0 days 01:18:49.714000
2024-06-23 13:25:07.232,11047,274,7,100,False,0,car,0 days 00:21:52.819000,0 days 01:18:49.914000
2024-06-23 13:25:07.671,11132,278,7,100,False,0,car,0 days 00:21:53.258000,0 days 01:18:50.353000
2024-06-23 13:25:07.871,11192,280,7,100,False,0,car,0 days 00:21:53.458000,0 days 01:18:50.553000
2024-06-23 13:25:08.151,11220,280,7,100,False,0,car,0 days 00:21:53.738000,0 days 01:18:50.833000
2024-06-23 13:25:08.351,11240,282,7,100,False,0,car,0 days 00:21:53.938000,0 days 01:18:51.033000
2024-06-23 13:25:08.511,11274,281,7,100,False,0,car,0 days 00:21:54.098000,0 days 01:18:51.193000
2024-06-23 13:25:08.831,11313,283,7,100,False,0,car,0 days 00:21:54.418000,0 days 01:18:51.513000
2024-06-23 13:25:09.031,11628,283,7,0,False,0,car,0 days 00:21:54.618000,0 days 01:18:51.713000
2024-06-23 13:25:09.351,10340,275,7,0,True,0,car,0 days 00:21:54.938000,0 days 01:18:52.033000
2024-06-23 13:25:09.631,9168,231,7,0,True,0,car,0 days 00:21:55.218000,0 days 01:18:52.313000
2024-06-23 13:25:09.791,8696,231,7,0,True,0,car,0 days 00:21:55.378000,0 days 01:18:52.473000
2024-06-23 13:25:10.151,9454,186,6,0,True,0,car,0 days 00:21:55.738000,0 days 01:18:52.833000
2024-06-23 13:25:10.391,8821,172,5,0,True,0,car,0 days 00:21:55.978000,0 days 01:18:53.073000
2024-06-23 13:25:10.591,8961,158,4,0,True,0,car,0 days 00:21:56.178000,0 days 01:18:53.273000
2024-06-23 13:25:10.911,9205,152,4,0,True,0,car,0 days 00:21:56.498000,0 days 01:18:53.593000
2024-06-23 13:25:11.072,9516,133,4,0,True,0,car,0 days 00:21:56.659000,0 days 01:18:53.754000
2024-06-23 13:25:11.272,9384,126,3,0,True,0,car,0 days 00:21:56.859000,0 days 01:18:53.954000
2024-06-23 13:25:11.472,8712,120,3,0,True,0,car,0 days 00:21:57.059000,0 days 01:18:54.154000
2024-06-23 13:25:11.672,8486,116,3,0,True,0,car,0 days 00:21:57.259000,0 days 01:18:54.354000
2024-06-23 13:25:11.952,8011,114,3,0,True,0,car,0 days 00:21:57.539000,0 days 01:18:54.634000
2024-06-23 13:25:12.192,7897,108,3,0,True,0,car,0 days 00:21:57.779000,0 days 01:18:54.874000
2024-06-23 13:25:12.592,7584,103,3,0,False,0,car,0 days 00:21:58.179000,0 days 01:18:55.274000
2024-06-23 13:25:12.752,7383,101,3,0,False,0,car,0 days 00:21:58.339000,0 days 01:18:55.434000
2024-06-23 13:25:13.152,7536,98,3,26,False,0,car,0 days 00:21:58.739000,0 days 01:18:55.834000
2024-06-23 13:25:13.392,7698,100,3,32,False,0,car,0 days 00:21:58.979000,0 days 01:18:56.074000
2024-06-23 13:25:13.592,7817,101,3,37,False,0,car,0 days 00:21:59.179000,0 days 01:18:56.274000
2024-06-23 13:25:13.792,8006,102,3,41,False,0,car,0 days 00:21:59.379000,0 days 01:18:56.474000
2024-06-23 13:25:14.072,8168,107,3,47,False,0,car,0 days 00:21:59.659000,0 days 01:18:56.754000
2024-06-23 13:25:14.431,8735,112,3,52,False,0,car,0 days 00:22:00.018000,0 days 01:18:57.113000
2024-06-23 13:25:14.791,9512,122,3,64,False,0,car,0 days 00:22:00.378000,0 days 01:18:57.473000
2024-06-23 13:25:15.151,8723,134,3,73,False,0,car,0 days 00:22:00.738000,0 days 01:18:57.833000
2024-06-23 13:25:15.391,9228,140,4,81,False,0,car,0 days 00:22:00.978000,0 days 01:18:58.073000
2024-06-23 13:25:15.591,9793,147,4,88,False,0,car,0 days 00:22:01.178000,0 days 01:18:58.273000
2024-06-23 13:25:15.751,10073,155,4,92,False,0,car,0 days 00:22:01.338000,0 days 01:18:58.433000
2024-06-23 13:25:15.951,10650,163,4,100,False,0,car,0 days 00:22:01.538000,0 days 01:18:58.633000
2024-06-23 13:25:16.271,11062,175,4,100,False,0,car,0 days 00:22:01.858000,0 days 01:18:58.953000
2024-06-23 13:25:16.551,11741,185,4,100,False,0,car,0 days 00:22:02.138000,0 days 01:18:59.233000
2024-06-23 13:25:16.831,10394,193,5,100,False,0,car,0 days 00:22:02.418000,0 days 01:18:59.513000
2024-06-23 13:25:16.991,10326,193,5,100,False,0,car,0 days 00:22:02.578000,0 days 01:18:59.673000
2024-06-23 13:25:17.231,10470,189,5,0,True,0,car,0 days 00:22:02.818000,0 days 01:18:59.913000
2024-06-23 13:25:17.431,9258,179,5,0,True,0,car,0 days 00:22:03.018000,0 days 01:19:00.113000
2024-06-23 13:25:17.752,9991,164,4,0,True,0,car,0 days 00:22:03.339000,0 days 01:19:00.434000
2024-06-23 13:25:18.112,9011,152,4,0,True,0,car,0 days 00:22:03.699000,0 days 01:19:00.794000
2024-06-23 13:25:18.272,8833,145,4,0,True,0,car,0 days 00:22:03.859000,0 days 01:19:00.954000
2024-06-23 13:25:18.552,8055,136,4,0,True,0,car,0 days 00:22:04.139000,0 days 01:19:01.234000
2024-06-23 13:25:18.872,7590,127,4,0,True,0,car,0 days 00:22:04.459000,0 days 01:19:01.554000
2024-06-23 13:25:19.192,7409,122,4,0,True,0,car,0 days 00:22:04.779000,0 days 01:19:01.874000
2024-06-23 13:25:19.352,7281,118,4,0,True,0,car,0 days 00:22:04.939000,0 days 01:19:02.034000
2024-06-23 13:25:19.792,7025,113,4,0,False,0,car,0 days 00:22:05.379000,0 days 01:19:02.474000
2024-06-23 13:25:19.992,6933,111,4,0,False,0,car,0 days 00:22:05.579000,0 days 01:19:02.674000
2024-06-23 13:25:20.192,6887,109,4,0,False,0,car,0 days 00:22:05.779000,0 days 01:19:02.874000
2024-06-23 13:25:20.392,6786,107,4,18,False,0,car,0 days 00:22:05.979000,0 days 01:19:03.074000
2024-06-23 13:25:20.592,7026,108,4,31,False,0,car,0 days 00:22:06.179000,0 days 01:19:03.274000
2024-06-23 13:25:20.752,7112,109,4,39,False,0,car,0 days 00:22:06.339000,0 days 01:19:03.434000
2024-06-23 13:25:20.991,7315,112,4,42,False,0,car,0 days 00:22:06.578000,0 days 01:19:03.673000
2024-06-23 13:25:21.151,7486,114,4,47,False,0,car,0 days 00:22:06.738000,0 days 01:19:03.833000
2024-06-23 13:25:21.351,7672,116,4,52,False,0,car,0 days 00:22:06.938000,0 days 01:19:04.033000
2024-06-23 13:25:21.511,7909,120,4,54,False,0,car,0 days 00:22:07.098000,0 days 01:19:04.193000
2024-06-23 13:25:21.751,8110,125,4,61,False,0,car,0 days 00:22:07.338000,0 days 01:19:04.433000
2024-06-23 13:25:21.951,8568,131,4,69,False,0,car,0 days 00:22:07.538000,0 days 01:19:04.633000
2024-06-23 13:25:22.191,9104,137,4,73,False,0,car,0 days 00:22:07.778000,0 days 01:19:04.873000
2024-06-23 13:25:22.551,9821,149,4,84,False,0,car,0 days 00:22:08.138000,0 days 01:19:05.233000
2024-06-23 13:25:22.831,10479,160,4,87,False,0,car,0 days 00:22:08.418000,0 days 01:19:05.513000
2024-06-23 13:25:23.231,11747,176,4,100,False,0,car,0 days 00:22:08.818000,0 days 01:19:05.913000
2024-06-23 13:25:23.471,10441,181,4,100,False,0,car,0 days 00:22:09.058000,0 days 01:19:06.153000
2024-06-23 13:25:23.711,10364,190,4,100,False,0,car,0 days 00:22:09.298000,0 days 01:19:06.393000
2024-06-23 13:25:23.991,10984,201,5,100,False,0,car,0 days 00:22:09.578000,0 days 01:19:06.673000
2024-06-23 13:25:24.272,11287,210,5,100,False,0,car,0 days 00:22:09.859000,0 days 01:19:06.954000
2024-06-23 13:25:24.632,10554,220,5,100,False,0,car,0 days 00:22:10.219000,0 days 01:19:07.314000
2024-06-23 13:25:25.032,10631,229,6,100,False,0,car,0 days 00:22:10.619000,0 days 01:19:07.714000
2024-06-23 13:25:25.312,10791,229,6,92,False,0,car,0 days 00:22:10.899000,0 days 01:19:07.994000
2024-06-23 13:25:25.712,10853,237,6,85,False,0,car,0 days 00:22:11.299000,0 days 01:19:08.394000
2024-06-23 13:25:26.152,11166,239,6,89,False,0,car,0 days 00:22:11.739000,0 days 01:19:08.834000
2024-06-23 13:25:26.552,11267,244,6,100,False,0,car,0 days 00:22:12.139000,0 days 01:19:09.234000
2024-06-23 13:25:26.952,11393,248,6,100,False,0,car,0 days 00:22:12.539000,0 days 01:19:09.634000
2024-06-23 13:25:27.312,11506,250,6,100,False,0,car,0 days 00:22:12.899000,0 days 01:19:09.994000
2024-06-23 13:25:27.552,11581,253,6,100,False,0,car,0 days 00:22:13.139000,0 days 01:19:10.234000
2024-06-23 13:25:27.751,11681,255,6,100,False,0,car,0 days 00:22:13.338000,0 days 01:19:10.433000
2024-06-23 13:25:27.911,11701,257,6,100,False,0,car,0 days 00:22:13.498000,0 days 01:19:10.593000
2024-06-23 13:25:28.151,10441,259,7,100,False,0,car,0 days 00:22:13.738000,0 days 01:19:10.833000
2024-06-23 13:25:28.311,10600,259,7,100,False,0,car,0 days 00:22:13.898000,0 days 01:19:10.993000
2024-06-23 13:25:28.591,9987,259,7,0,True,0,car,0 days 00:22:14.178000,0 days 01:19:11.273000
2024-06-23 13:25:28.751,9952,248,7,0,True,0,car,0 days 00:22:14.338000,0 days 01:19:11.433000
2024-06-23 13:25:29.231,10598,232,6,0,False,0,car,0 days 00:22:14.818000,0 days 01:19:11.913000
2024-06-23 13:25:29.431,10416,230,6,46,False,0,car,0 days 00:22:15.018000,0 days 01:19:12.113000
2024-06-23 13:25:29.631,10440,228,6,61,False,0,car,0 days 00:22:15.218000,0 days 01:19:12.313000
2024-06-23 13:25:30.031,10529,227,6,74,False,0,car,0 days 00:22:15.618000,0 days 01:19:12.713000
2024-06-23 13:25:30.191,10557,227,6,81,False,0,car,0 days 00:22:15.778000,0 days 01:19:12.873000
2024-06-23 13:25:30.631,10867,232,6,100,False,0,car,0 days 00:22:16.218000,0 days 01:19:13.313000
2024-06-23 13:25:30.792,10988,235,6,100,False,0,car,0 days 00:22:16.379000,0 days 01:19:13.474000
2024-06-23 13:25:30.952,11048,240,6,100,False,0,car,0 days 00:22:16.539000,0 days 01:19:13.634000
2024-06-23 13:25:31.192,11118,243,6,100,False,0,car,0 days 00:22:16.779000,0 days 01:19:13.874000
2024-06-23 13:25:31.472,11331,245,6,100,False,0,car,0 days 00:22:17.059000,0 days 01:19:14.154000
2024-06-23 13:25:31.672,11394,250,6,100,False,0,car,0 days 00:22:17.259000,0 days 01:19:14.354000
2024-06-23 13:25:31.872,11597,253,6,100,False,0,car,0 days 00:22:17.459000,0 days 01:19:14.554000
2024-06-23 13:25:32.312,10775,259,6,100,False,0,car,0 days 00:22:17.899000,0 days 01:19:14.994000
2024-06-23 13:25:32.552,10563,262,7,100,False,0,car,0 days 00:22:18.139000,0 days 01:19:15.234000
2024-06-23 13:25:32.832,10681,266,7,100,False,0,car,0 days 00:22:18.419000,0 days 01:19:15.514000
2024-06-23 13:25:33.032,10782,269,7,100,False,0,car,0 days 00:22:18.619000,0 days 01:19:15.714000
2024-06-23 13:25:33.232,10882,269,7,100,False,0,car,0 days 00:22:18.819000,0 days 01:19:15.914000
2024-06-23 13:25:33.472,10940,272,7,100,False,0,car,0 days 00:22:19.059000,0 days 01:19:16.154000
2024-06-23 13:25:33.752,11099,276,7,100,False,0,car,0 days 00:22:19.339000,0 days 01:19:16.434000
2024-06-23 13:25:34.152,11261,280,7,100,False,0,car,0 days 00:22:19.739000,0 days 01:19:16.834000
2024-06-23 13:25:34.431,11344,283,7,100,False,0,car,0 days 00:22:20.018000,0 days 01:19:17.113000
2024-06-23 13:25:34.751,11473,285,7,100,False,0,car,0 days 00:22:20.338000,0 days 01:19:17.433000
2024-06-23 13:25:35.231,11568,286,7,100,False,0,car,0 days 00:22:20.818000,0 days 01:19:17.913000
2024-06-23 13:25:35.471,11637,291,7,100,False,0,car,0 days 00:22:21.058000,0 days 01:19:18.153000
2024-06-23 13:25:35.751,11704,292,7,100,False,0,car,0 days 00:22:21.338000,0 days 01:19:18.433000
2024-06-23 13:25:35.991,10444,294,8,100,False,0,car,0 days 00:22:21.578000,0 days 01:19:18.673000
2024-06-23 13:25:36.471,10581,297,8,100,False,0,car,0 days 00:22:22.058000,0 days 01:19:19.153000
2024-06-23 13:25:36.791,10598,297,8,100,False,0,car,0 days 00:22:22.378000,0 days 01:19:19.473000
2024-06-23 13:25:37.071,10668,299,8,100,False,0,car,0 days 00:22:22.658000,0 days 01:19:19.753000
2024-06-23 13:25:37.231,10665,300,8,100,False,0,car,0 days 00:22:22.818000,0 days 01:19:19.913000
2024-06-23 13:25:37.472,10701,300,8,100,False,0,car,0 days 00:22:23.059000,0 days 01:19:20.154000
2024-06-23 13:25:37.632,10710,302,8,100,False,0,car,0 days 00:22:23.219000,0 days 01:19:20.314000
2024-06-23 13:25:37.832,10744,302,8,100,False,0,car,0 days 00:22:23.419000,0 days 01:19:20.514000
2024-06-23 13:25:38.152,10766,302,8,100,False,0,car,0 days 00:22:23.739000,0 days 01:19:20.834000
2024-06-23 13:25:38.472,10803,303,8,100,False,0,car,0 days 00:22:24.059000,0 days 01:19:21.154000
2024-06-23 13:25:38.712,10808,303,8,100,False,0,car,0 days 00:22:24.299000,0 days 01:19:21.394000
2024-06-23 13:25:38.912,10807,303,8,100,False,0,car,0 days 00:22:24.499000,0 days 01:19:21.594000
2024-06-23 13:25:39.192,10817,304,8,100,False,0,car,0 days 00:22:24.779000,0 days 01:19:21.874000
2024-06-23 13:25:39.552,10838,304,8,100,False,0,car,0 days 00:22:25.139000,0 days 01:19:22.234000
2024-06-23 13:25:39.712,10817,304,8,100,False,0,car,0 days 00:22:25.299000,0 days 01:19:22.394000
2024-06-23 13:25:40.112,10824,304,8,100,False,0,car,0 days 00:22:25.699000,0 days 01:19:22.794000
2024-06-23 13:25:40.352,10829,305,8,100,False,0,car,0 days 00:22:25.939000,0 days 01:19:23.034000
2024-06-23 13:25:40.552,10806,306,8,100,False,0,car,0 days 00:22:26.139000,0 days 01:19:23.234000
2024-06-23 13:25:40.832,10775,304,8,100,False,0,car,0 days 00:22:26.419000,0 days 01:19:23.514000
2024-06-23 13:25:41.191,10756,303,8,100,False,0,car,0 days 00:22:26.778000,0 days 01:19:23.873000
2024-06-23 13:25:41.391,10747,302,8,100,False,0,car,0 days 00:22:26.978000,0 days 01:19:24.073000
2024-06-23 13:25:41.631,10731,301,8,100,False,0,car,0 days 00:22:27.218000,0 days 01:19:24.313000
2024-06-23 13:25:41.911,10674,301,8,100,False,0,car,0 days 00:22:27.498000,0 days 01:19:24.593000
2024-06-23 13:25:42.271,10634,300,8,100,False,0,car,0 days 00:22:27.858000,0 days 01:19:24.953000
2024-06-23 13:25:42.511,10464,297,8,0,False,0,car,0 days 00:22:28.098000,0 days 01:19:25.193000
2024-06-23 13:25:42.751,9869,295,8,0,True,0,car,0 days 00:22:28.338000,0 days 01:19:25.433000
2024-06-23 13:25:43.071,9596,262,8,0,True,0,car,0 days 00:22:28.658000,0 days 01:19:25.753000
2024-06-23 13:25:43.391,8846,228,8,0,True,0,car,0 days 00:22:28.978000,0 days 01:19:26.073000
2024-06-23 13:25:43.551,8207,218,8,0,True,0,car,0 days 00:22:29.138000,0 days 01:19:26.233000
2024-06-23 13:25:43.831,8313,192,7,0,True,0,car,0 days 00:22:29.418000,0 days 01:19:26.513000
2024-06-23 13:25:44.112,8548,171,6,0,True,0,car,0 days 00:22:29.699000,0 days 01:19:26.794000
2024-06-23 13:25:44.352,9382,160,6,0,True,0,car,0 days 00:22:29.939000,0 days 01:19:27.034000
2024-06-23 13:25:44.632,9319,148,4,0,True,0,car,0 days 00:22:30.219000,0 days 01:19:27.314000
2024-06-23 13:25:44.872,8937,143,4,0,True,0,car,0 days 00:22:30.459000,0 days 01:19:27.554000
2024-06-23 13:25:45.072,8713,140,4,0,True,0,car,0 days 00:22:30.659000,0 days 01:19:27.754000
2024-06-23 13:25:45.312,8461,138,4,0,False,0,car,0 days 00:22:30.899000,0 days 01:19:27.994000
2024-06-23 13:25:45.552,8516,133,4,26,False,0,car,0 days 00:22:31.139000,0 days 01:19:28.234000
2024-06-23 13:25:45.952,8679,135,4,53,False,0,car,0 days 00:22:31.539000,0 days 01:19:28.634000
2024-06-23 13:25:46.192,9013,138,4,59,False,0,car,0 days 00:22:31.779000,0 days 01:19:28.874000
2024-06-23 13:25:46.552,9523,147,4,77,False,0,car,0 days 00:22:32.139000,0 days 01:19:29.234000
2024-06-23 13:25:46.952,9366,158,4,72,False,0,car,0 days 00:22:32.539000,0 days 01:19:29.634000
2024-06-23 13:25:47.192,8874,164,5,69,False,0,car,0 days 00:22:32.779000,0 days 01:19:29.874000
2024-06-23 13:25:47.592,9150,168,5,64,False,0,car,0 days 00:22:33.179000,0 days 01:19:30.274000
2024-06-23 13:25:48.071,9590,177,5,83,False,0,car,0 days 00:22:33.658000,0 days 01:19:30.753000
2024-06-23 13:25:48.431,10172,187,5,87,False,0,car,0 days 00:22:34.018000,0 days 01:19:31.113000
2024-06-23 13:25:48.671,10274,191,5,99,False,0,car,0 days 00:22:34.258000,0 days 01:19:31.353000
2024-06-23 13:25:48.871,10713,197,5,100,False,0,car,0 days 00:22:34.458000,0 days 01:19:31.553000
2024-06-23 13:25:49.271,11103,207,5,100,False,0,car,0 days 00:22:34.858000,0 days 01:19:31.953000
2024-06-23 13:25:49.551,9918,215,6,64,False,0,car,0 days 00:22:35.138000,0 days 01:19:32.233000
2024-06-23 13:25:49.831,9689,216,6,51,False,0,car,0 days 00:22:35.418000,0 days 01:19:32.513000
2024-06-23 13:25:49.991,9733,214,6,0,False,0,car,0 days 00:22:35.578000,0 days 01:19:32.673000
2024-06-23 13:25:50.151,9395,209,6,0,False,0,car,0 days 00:22:35.738000,0 days 01:19:32.833000
2024-06-23 13:25:50.512,9095,205,6,0,False,0,car,0 days 00:22:36.099000,0 days 01:19:33.194000
2024-06-23 13:25:50.952,9033,196,6,53,False,0,car,0 days 00:22:36.539000,0 days 01:19:33.634000
2024-06-23 13:25:51.192,9006,195,6,62,False,0,car,0 days 00:22:36.779000,0 days 01:19:33.874000
2024-06-23 13:25:51.472,9222,198,6,77,False,0,car,0 days 00:22:37.059000,0 days 01:19:34.154000
2024-06-23 13:25:51.632,9314,199,6,79,False,0,car,0 days 00:22:37.219000,0 days 01:19:34.314000
2024-06-23 13:25:51.912,9601,204,6,86,False,0,car,0 days 00:22:37.499000,0 days 01:19:34.594000
2024-06-23 13:25:52.072,9578,205,6,83,False,0,car,0 days 00:22:37.659000,0 days 01:19:34.754000
2024-06-23 13:25:52.312,9900,210,6,91,False,0,car,0 days 00:22:37.899000,0 days 01:19:34.994000
2024-06-23 13:25:52.592,10088,214,6,100,False,0,car,0 days 00:22:38.179000,0 days 01:19:35.274000
2024-06-23 13:25:52.952,10322,222,6,100,False,0,car,0 days 00:22:38.539000,0 days 01:19:35.634000
2024-06-23 13:25:53.152,10489,224,6,100,False,0,car,0 days 00:22:38.739000,0 days 01:19:35.834000
2024-06-23 13:25:53.472,10755,232,6,100,False,0,car,0 days 00:22:39.059000,0 days 01:19:36.154000
2024-06-23 13:25:53.752,10953,237,6,100,False,0,car,0 days 00:22:39.339000,0 days 01:19:36.434000
2024-06-23 13:25:54.152,11175,243,6,100,False,0,car,0 days 00:22:39.739000,0 days 01:19:36.834000
2024-06-23 13:25:54.352,11362,247,6,100,False,0,car,0 days 00:22:39.939000,0 days 01:19:37.034000
2024-06-23 13:25:54.591,11510,250,6,100,False,0,car,0 days 00:22:40.178000,0 days 01:19:37.273000
2024-06-23 13:25:54.791,11510,252,6,100,False,0,car,0 days 00:22:40.378000,0 days 01:19:37.473000
2024-06-23 13:25:54.951,11691,253,6,100,False,0,car,0 days 00:22:40.538000,0 days 01:19:37.633000
2024-06-23 13:25:55.111,11790,255,6,100,False,0,car,0 days 00:22:40.698000,0 days 01:19:37.793000
2024-06-23 13:25:55.391,10614,258,7,100,False,0,car,0 days 00:22:40.978000,0 days 01:19:38.073000
2024-06-23 13:25:55.791,10606,264,7,100,False,0,car,0 days 00:22:41.378000,0 days 01:19:38.473000
2024-06-23 13:25:56.071,10707,266,7,100,False,0,car,0 days 00:22:41.658000,0 days 01:19:38.753000
2024-06-23 13:25:56.511,10813,269,7,100,False,0,car,0 days 00:22:42.098000,0 days 01:19:39.193000
2024-06-23 13:25:56.751,10871,272,7,100,False,0,car,0 days 00:22:42.338000,0 days 01:19:39.433000
2024-06-23 13:25:57.072,10919,272,7,100,False,0,car,0 days 00:22:42.659000,0 days 01:19:39.754000
2024-06-23 13:25:57.232,10977,274,7,100,False,0,car,0 days 00:22:42.819000,0 days 01:19:39.914000
2024-06-23 13:25:57.432,10987,275,7,100,False,0,car,0 days 00:22:43.019000,0 days 01:19:40.114000
2024-06-23 13:25:57.592,10987,275,7,100,False,0,car,0 days 00:22:43.179000,0 days 01:19:40.274000
2024-06-23 13:25:57.792,11008,275,7,100,True,0,car,0 days 00:22:43.379000,0 days 01:19:40.474000
2024-06-23 13:25:57.992,10427,271,7,0,True,0,car,0 days 00:22:43.579000,0 days 01:19:40.674000
2024-06-23 13:25:58.272,9427,239,7,0,True,0,car,0 days 00:22:43.859000,0 days 01:19:40.954000
2024-06-23 13:25:58.552,8877,206,7,0,True,0,car,0 days 00:22:44.139000,0 days 01:19:41.234000
2024-06-23 13:25:58.832,9142,185,6,0,True,0,car,0 days 00:22:44.419000,0 days 01:19:41.514000
2024-06-23 13:25:59.112,8802,171,5,0,True,0,car,0 days 00:22:44.699000,0 days 01:19:41.794000
2024-06-23 13:25:59.392,9587,157,5,0,True,0,car,0 days 00:22:44.979000,0 days 01:19:42.074000
2024-06-23 13:25:59.832,8949,150,4,0,True,0,car,0 days 00:22:45.419000,0 days 01:19:42.514000
2024-06-23 13:26:00.232,8550,137,4,0,False,0,car,0 days 00:22:45.819000,0 days 01:19:42.914000
2024-06-23 13:26:00.432,8366,136,4,0,False,0,car,0 days 00:22:46.019000,0 days 01:19:43.114000
2024-06-23 13:26:00.752,8281,131,4,0,False,0,car,0 days 00:22:46.339000,0 days 01:19:43.434000
2024-06-23 13:26:01.072,7974,129,4,1,False,0,car,0 days 00:22:46.659000,0 days 01:19:43.754000
2024-06-23 13:26:01.431,8183,126,4,43,False,0,car,0 days 00:22:47.018000,0 days 01:19:44.113000
2024-06-23 13:26:01.631,8208,129,4,49,False,0,car,0 days 00:22:47.218000,0 days 01:19:44.313000
2024-06-23 13:26:02.071,8664,135,4,61,False,0,car,0 days 00:22:47.658000,0 days 01:19:44.753000
2024-06-23 13:26:02.471,9259,144,4,69,False,0,car,0 days 00:22:48.058000,0 days 01:19:45.153000
2024-06-23 13:26:02.711,9788,146,4,76,False,0,car,0 days 00:22:48.298000,0 days 01:19:45.393000
2024-06-23 13:26:02.911,10226,153,4,82,False,0,car,0 days 00:22:48.498000,0 days 01:19:45.593000
2024-06-23 13:26:03.111,10585,160,4,85,False,0,car,0 days 00:22:48.698000,0 days 01:19:45.793000
2024-06-23 13:26:03.271,10848,167,4,94,False,0,car,0 days 00:22:48.858000,0 days 01:19:45.953000
2024-06-23 13:26:03.631,11544,182,4,100,False,0,car,0 days 00:22:49.218000,0 days 01:19:46.313000
2024-06-23 13:26:03.952,10362,191,5,100,False,0,car,0 days 00:22:49.539000,0 days 01:19:46.634000
2024-06-23 13:26:04.232,10782,199,5,100,False,0,car,0 days 00:22:49.819000,0 days 01:19:46.914000
2024-06-23 13:26:04.512,11144,205,5,100,False,0,car,0 days 00:22:50.099000,0 days 01:19:47.194000
2024-06-23 13:26:04.672,11262,210,5,100,False,0,car,0 days 00:22:50.259000,0 days 01:19:47.354000
2024-06-23 13:26:04.872,11539,215,5,100,False,0,car,0 days 00:22:50.459000,0 days 01:19:47.554000
2024-06-23 13:26:05.112,11813,220,5,100,False,0,car,0 days 00:22:50.699000,0 days 01:19:47.794000
2024-06-23 13:26:05.312,10973,224,5,100,False,0,car,0 days 00:22:50.899000,0 days 01:19:47.994000
2024-06-23 13:26:05.592,10348,228,6,100,False,0,car,0 days 00:22:51.179000,0 days 01:19:48.274000
2024-06-23 13:26:05.832,10650,232,6,100,False,0,car,0 days 00:22:51.419000,0 days 01:19:48.514000
2024-06-23 13:26:06.192,10710,235,6,100,False,0,car,0 days 00:22:51.779000,0 days 01:19:48.874000
2024-06-23 13:26:06.432,10757,237,6,0,True,0,car,0 days 00:22:52.019000,0 days 01:19:49.114000
2024-06-23 13:26:06.792,8719,204,6,0,True,0,car,0 days 00:22:52.379000,0 days 01:19:49.474000
2024-06-23 13:26:06.992,9539,177,5,0,True,0,car,0 days 00:22:52.579000,0 days 01:19:49.674000
2024-06-23 13:26:07.272,9411,162,4,0,True,0,car,0 days 00:22:52.859000,0 days 01:19:49.954000
2024-06-23 13:26:07.512,9247,162,4,0,True,0,car,0 days 00:22:53.099000,0 days 01:19:50.194000
2024-06-23 13:26:07.752,9405,129,3,0,True,0,car,0 days 00:22:53.339000,0 days 01:19:50.434000
2024-06-23 13:26:08.031,8715,120,3,0,True,0,car,0 days 00:22:53.618000,0 days 01:19:50.713000
2024-06-23 13:26:08.271,8267,120,3,0,True,0,car,0 days 00:22:53.858000,0 days 01:19:50.953000
2024-06-23 13:26:08.551,7727,107,3,0,True,0,car,0 days 00:22:54.138000,0 days 01:19:51.233000
2024-06-23 13:26:08.911,7257,101,3,0,True,0,car,0 days 00:22:54.498000,0 days 01:19:51.593000
2024-06-23 13:26:09.111,7058,98,3,0,True,0,car,0 days 00:22:54.698000,0 days 01:19:51.793000
2024-06-23 13:26:09.271,7036,94,3,0,True,0,car,0 days 00:22:54.858000,0 days 01:19:51.953000
2024-06-23 13:26:09.551,6821,92,3,0,False,0,car,0 days 00:22:55.138000,0 days 01:19:52.233000
2024-06-23 13:26:09.831,7062,91,3,20,False,0,car,0 days 00:22:55.418000,0 days 01:19:52.513000
2024-06-23 13:26:09.991,7176,93,3,34,False,0,car,0 days 00:22:55.578000,0 days 01:19:52.673000
2024-06-23 13:26:10.272,7498,97,3,41,False,0,car,0 days 00:22:55.859000,0 days 01:19:52.954000
2024-06-23 13:26:10.512,7821,101,3,44,False,0,car,0 days 00:22:56.099000,0 days 01:19:53.194000
2024-06-23 13:26:10.752,8290,107,3,56,False,0,car,0 days 00:22:56.339000,0 days 01:19:53.434000
2024-06-23 13:26:10.952,8703,112,3,59,False,0,car,0 days 00:22:56.539000,0 days 01:19:53.634000
2024-06-23 13:26:11.312,9587,121,3,67,False,0,car,0 days 00:22:56.899000,0 days 01:19:53.994000
2024-06-23 13:26:11.712,10009,137,3,83,False,0,car,0 days 00:22:57.299000,0 days 01:19:54.394000
2024-06-23 13:26:11.872,9466,146,4,100,False,0,car,0 days 00:22:57.459000,0 days 01:19:54.554000
2024-06-23 13:26:12.192,10361,159,4,100,False,0,car,0 days 00:22:57.779000,0 days 01:19:54.874000
2024-06-23 13:26:12.512,11353,174,4,100,False,0,car,0 days 00:22:58.099000,0 days 01:19:55.194000
2024-06-23 13:26:12.792,10778,185,4,100,False,0,car,0 days 00:22:58.379000,0 days 01:19:55.474000
2024-06-23 13:26:12.992,10522,188,5,100,False,0,car,0 days 00:22:58.579000,0 days 01:19:55.674000
2024-06-23 13:26:13.272,10795,203,5,100,False,0,car,0 days 00:22:58.859000,0 days 01:19:55.954000
2024-06-23 13:26:13.432,11132,208,5,100,False,0,car,0 days 00:22:59.019000,0 days 01:19:56.114000
2024-06-23 13:26:13.592,11301,212,5,100,False,0,car,0 days 00:22:59.179000,0 days 01:19:56.274000
2024-06-23 13:26:13.952,11172,222,5,100,False,0,car,0 days 00:22:59.539000,0 days 01:19:56.634000
2024-06-23 13:26:14.192,10257,227,5,100,False,0,car,0 days 00:22:59.779000,0 days 01:19:56.874000
2024-06-23 13:26:14.392,10781,232,6,100,False,0,car,0 days 00:22:59.979000,0 days 01:19:57.074000
2024-06-23 13:26:14.632,10907,238,6,100,False,0,car,0 days 00:23:00.219000,0 days 01:19:57.314000
2024-06-23 13:26:14.911,11112,241,6,100,False,0,car,0 days 00:23:00.498000,0 days 01:19:57.593000
2024-06-23 13:26:15.071,11112,244,6,100,False,0,car,0 days 00:23:00.658000,0 days 01:19:57.753000
2024-06-23 13:26:15.231,11268,245,6,100,False,0,car,0 days 00:23:00.818000,0 days 01:19:57.913000
2024-06-23 13:26:15.431,11376,249,6,100,False,0,car,0 days 00:23:01.018000,0 days 01:19:58.113000
2024-06-23 13:26:15.671,11444,250,6,100,False,0,car,0 days 00:23:01.258000,0 days 01:19:58.353000
2024-06-23 13:26:15.911,10983,247,6,0,True,0,car,0 days 00:23:01.498000,0 days 01:19:58.593000
2024-06-23 13:26:16.231,9855,210,6,0,True,0,car,0 days 00:23:01.818000,0 days 01:19:58.913000
2024-06-23 13:26:16.591,9548,184,5,0,True,0,car,0 days 00:23:02.178000,0 days 01:19:59.273000
2024-06-23 13:26:16.751,9586,171,5,0,True,0,car,0 days 00:23:02.338000,0 days 01:19:59.433000
2024-06-23 13:26:16.992,9783,161,4,0,True,0,car,0 days 00:23:02.579000,0 days 01:19:59.674000
2024-06-23 13:26:17.272,9239,150,4,0,True,0,car,0 days 00:23:02.859000,0 days 01:19:59.954000
2024-06-23 13:26:17.632,8814,142,4,0,False,0,car,0 days 00:23:03.219000,0 days 01:20:00.314000
2024-06-23 13:26:17.872,8700,139,4,0,False,0,car,0 days 00:23:03.459000,0 days 01:20:00.554000
2024-06-23 13:26:18.072,8480,136,4,1,False,0,car,0 days 00:23:03.659000,0 days 01:20:00.754000
2024-06-23 13:26:18.352,8127,133,4,30,False,0,car,0 days 00:23:03.939000,0 days 01:20:01.034000
2024-06-23 13:26:18.632,8604,134,4,45,False,0,car,0 days 00:23:04.219000,0 days 01:20:01.314000
2024-06-23 13:26:18.792,8637,134,4,51,False,0,car,0 days 00:23:04.379000,0 days 01:20:01.474000
2024-06-23 13:26:19.192,9319,143,4,74,False,0,car,0 days 00:23:04.779000,0 days 01:20:01.874000
2024-06-23 13:26:19.632,9987,159,4,80,False,0,car,0 days 00:23:05.219000,0 days 01:20:02.314000
2024-06-23 13:26:19.792,10362,163,4,91,False,0,car,0 days 00:23:05.379000,0 days 01:20:02.474000
2024-06-23 13:26:19.952,11023,170,4,100,False,0,car,0 days 00:23:05.539000,0 days 01:20:02.634000
2024-06-23 13:26:20.232,11361,177,4,100,False,0,car,0 days 00:23:05.819000,0 days 01:20:02.914000
2024-06-23 13:26:20.392,10661,183,4,100,False,0,car,0 days 00:23:05.979000,0 days 01:20:03.074000
2024-06-23 13:26:20.712,10617,187,5,100,False,0,car,0 days 00:23:06.299000,0 days 01:20:03.394000
2024-06-23 13:26:20.872,10766,200,5,100,False,0,car,0 days 00:23:06.459000,0 days 01:20:03.554000
2024-06-23 13:26:21.192,11177,207,5,100,False,0,car,0 days 00:23:06.779000,0 days 01:20:03.874000
2024-06-23 13:26:21.392,11506,209,5,100,False,0,car,0 days 00:23:06.979000,0 days 01:20:04.074000
2024-06-23 13:26:21.591,11662,218,5,100,False,0,car,0 days 00:23:07.178000,0 days 01:20:04.273000
2024-06-23 13:26:21.831,11009,225,5,100,False,0,car,0 days 00:23:07.418000,0 days 01:20:04.513000
2024-06-23 13:26:22.271,10584,232,6,100,False,0,car,0 days 00:23:07.858000,0 days 01:20:04.953000
2024-06-23 13:26:22.671,10865,237,6,100,False,0,car,0 days 00:23:08.258000,0 days 01:20:05.353000
2024-06-23 13:26:22.911,10899,241,6,100,False,0,car,0 days 00:23:08.498000,0 days 01:20:05.593000
2024-06-23 13:26:23.071,10484,238,6,0,False,0,car,0 days 00:23:08.658000,0 days 01:20:05.753000
2024-06-23 13:26:23.351,10732,232,6,0,False,0,car,0 days 00:23:08.938000,0 days 01:20:06.033000
2024-06-23 13:26:23.512,10318,231,6,0,False,0,car,0 days 00:23:09.099000,0 days 01:20:06.194000
2024-06-23 13:26:23.712,10193,226,6,0,False,0,car,0 days 00:23:09.299000,0 days 01:20:06.394000
2024-06-23 13:26:23.952,10161,226,6,45,False,0,car,0 days 00:23:09.539000,0 days 01:20:06.634000
2024-06-23 13:26:24.112,9977,220,6,46,False,0,car,0 days 00:23:09.699000,0 days 01:20:06.794000
2024-06-23 13:26:24.272,9944,216,6,54,False,0,car,0 days 00:23:09.859000,0 days 01:20:06.954000
2024-06-23 13:26:24.472,9970,215,6,63,False,0,car,0 days 00:23:10.059000,0 days 01:20:07.154000
2024-06-23 13:26:24.752,10116,216,6,80,False,0,car,0 days 00:23:10.339000,0 days 01:20:07.434000
2024-06-23 13:26:25.072,10233,220,6,100,False,0,car,0 days 00:23:10.659000,0 days 01:20:07.754000
2024-06-23 13:26:25.312,10488,222,6,100,False,0,car,0 days 00:23:10.899000,0 days 01:20:07.994000
2024-06-23 13:26:25.512,10619,226,6,100,False,0,car,0 days 00:23:11.099000,0 days 01:20:08.194000
2024-06-23 13:26:25.712,10729,229,6,100,False,0,car,0 days 00:23:11.299000,0 days 01:20:08.394000
2024-06-23 13:26:25.872,10807,231,6,100,False,0,car,0 days 00:23:11.459000,0 days 01:20:08.554000
2024-06-23 13:26:26.952,11562,251,6,100,False,0,car,0 days 00:23:12.539000,0 days 01:20:09.634000
2024-06-23 13:26:27.112,11678,253,6,100,False,0,car,0 days 00:23:12.699000,0 days 01:20:09.794000
2024-06-23 13:26:27.352,11810,258,6,100,False,0,car,0 days 00:23:12.939000,0 days 01:20:10.034000
2024-06-23 13:26:27.512,10970,259,6,100,False,0,car,0 days 00:23:13.099000,0 days 01:20:10.194000
2024-06-23 13:26:27.672,10630,262,7,100,False,0,car,0 days 00:23:13.259000,0 days 01:20:10.354000
2024-06-23 13:26:27.952,10639,266,7,100,False,0,car,0 days 00:23:13.539000,0 days 01:20:10.634000
2024-06-23 13:26:28.191,10736,269,7,100,False,0,car,0 days 00:23:13.778000,0 days 01:20:10.873000
2024-06-23 13:26:28.431,10841,271,7,100,False,0,car,0 days 00:23:14.018000,0 days 01:20:11.113000
2024-06-23 13:26:28.591,10841,272,7,100,False,0,car,0 days 00:23:14.178000,0 days 01:20:11.273000
2024-06-23 13:26:28.911,11071,272,7,100,False,0,car,0 days 00:23:14.498000,0 days 01:20:11.593000
2024-06-23 13:26:29.191,11137,279,7,100,False,0,car,0 days 00:23:14.778000,0 days 01:20:11.873000
2024-06-23 13:26:29.351,11177,279,7,100,False,0,car,0 days 00:23:14.938000,0 days 01:20:12.033000
2024-06-23 13:26:29.671,11211,280,7,100,False,0,car,0 days 00:23:15.258000,0 days 01:20:12.353000
2024-06-23 13:26:30.072,11294,282,7,100,False,0,car,0 days 00:23:15.659000,0 days 01:20:12.754000
2024-06-23 13:26:30.352,11325,282,7,97,False,0,car,0 days 00:23:15.939000,0 days 01:20:13.034000
2024-06-23 13:26:30.712,10951,280,7,0,True,0,car,0 days 00:23:16.299000,0 days 01:20:13.394000
2024-06-23 13:26:31.112,9641,249,7,0,True,0,car,0 days 00:23:16.699000,0 days 01:20:13.794000
2024-06-23 13:26:31.272,8872,227,7,0,True,0,car,0 days 00:23:16.859000,0 days 01:20:13.954000
2024-06-23 13:26:31.552,9277,199,6,0,True,0,car,0 days 00:23:17.139000,0 days 01:20:14.234000
2024-06-23 13:26:31.832,9293,174,6,0,True,0,car,0 days 00:23:17.419000,0 days 01:20:14.514000
2024-06-23 13:26:32.032,9363,161,6,0,True,0,car,0 days 00:23:17.619000,0 days 01:20:14.714000
2024-06-23 13:26:32.232,9033,148,5,0,True,0,car,0 days 00:23:17.819000,0 days 01:20:14.914000
2024-06-23 13:26:32.432,8478,138,4,0,True,0,car,0 days 00:23:18.019000,0 days 01:20:15.114000
2024-06-23 13:26:32.632,8205,132,4,0,True,0,car,0 days 00:23:18.219000,0 days 01:20:15.314000
2024-06-23 13:26:32.992,8438,123,4,0,True,0,car,0 days 00:23:18.579000,0 days 01:20:15.674000
2024-06-23 13:26:33.272,8628,118,3,0,True,0,car,0 days 00:23:18.859000,0 days 01:20:15.954000
2024-06-23 13:26:33.472,8441,115,3,0,True,0,car,0 days 00:23:19.059000,0 days 01:20:16.154000
2024-06-23 13:26:33.792,8294,112,3,0,True,0,car,0 days 00:23:19.379000,0 days 01:20:16.474000
2024-06-23 13:26:34.112,8012,108,3,0,False,0,car,0 days 00:23:19.699000,0 days 01:20:16.794000
2024-06-23 13:26:34.472,7754,104,3,0,False,0,car,0 days 00:23:20.059000,0 days 01:20:17.154000
2024-06-23 13:26:34.632,7544,102,3,3,False,0,car,0 days 00:23:20.219000,0 days 01:20:17.314000
2024-06-23 13:26:34.792,7654,102,3,21,False,0,car,0 days 00:23:20.379000,0 days 01:20:17.474000
2024-06-23 13:26:35.111,7983,103,3,34,False,0,car,0 days 00:23:20.698000,0 days 01:20:17.793000
2024-06-23 13:26:35.311,7995,104,3,37,False,0,car,0 days 00:23:20.898000,0 days 01:20:17.993000
2024-06-23 13:26:35.671,8374,108,3,46,False,0,car,0 days 00:23:21.258000,0 days 01:20:18.353000
2024-06-23 13:26:35.951,8730,114,3,51,False,0,car,0 days 00:23:21.538000,0 days 01:20:18.633000
2024-06-23 13:26:36.271,9215,120,3,62,False,0,car,0 days 00:23:21.858000,0 days 01:20:18.953000
2024-06-23 13:26:36.592,9966,129,3,69,False,0,car,0 days 00:23:22.179000,0 days 01:20:19.274000
2024-06-23 13:26:36.832,9987,138,3,74,False,0,car,0 days 00:23:22.419000,0 days 01:20:19.514000
2024-06-23 13:26:37.192,9798,149,4,83,False,0,car,0 days 00:23:22.779000,0 days 01:20:19.874000
2024-06-23 13:26:37.432,10191,155,4,83,False,0,car,0 days 00:23:23.019000,0 days 01:20:20.114000
2024-06-23 13:26:37.672,10896,166,4,95,False,0,car,0 days 00:23:23.259000,0 days 01:20:20.354000
2024-06-23 13:26:38.072,10836,180,4,100,False,0,car,0 days 00:23:23.659000,0 days 01:20:20.754000
2024-06-23 13:26:38.232,9984,187,5,100,False,0,car,0 days 00:23:23.819000,0 days 01:20:20.914000
2024-06-23 13:26:38.472,10230,191,5,100,False,0,car,0 days 00:23:24.059000,0 days 01:20:21.154000
2024-06-23 13:26:38.632,10227,197,5,100,False,0,car,0 days 00:23:24.219000,0 days 01:20:21.314000
2024-06-23 13:26:39.072,9517,177,5,0,True,0,car,0 days 00:23:24.659000,0 days 01:20:21.754000
2024-06-23 13:26:39.352,9809,161,4,0,True,0,car,0 days 00:23:24.939000,0 days 01:20:22.034000
2024-06-23 13:26:39.592,9348,153,4,0,True,0,car,0 days 00:23:25.179000,0 days 01:20:22.274000
2024-06-23 13:26:39.752,8832,145,4,0,True,0,car,0 days 00:23:25.339000,0 days 01:20:22.434000
2024-06-23 13:26:39.992,8457,139,4,0,True,0,car,0 days 00:23:25.579000,0 days 01:20:22.674000
2024-06-23 13:26:40.152,8245,133,4,0,True,0,car,0 days 00:23:25.739000,0 days 01:20:22.834000
2024-06-23 13:26:40.432,7713,125,4,0,True,0,car,0 days 00:23:26.019000,0 days 01:20:23.114000
2024-06-23 13:26:40.632,7529,123,4,0,True,0,car,0 days 00:23:26.219000,0 days 01:20:23.314000
2024-06-23 13:26:40.952,6994,116,4,0,False,0,car,0 days 00:23:26.539000,0 days 01:20:23.634000
2024-06-23 13:26:41.112,7019,114,4,0,False,0,car,0 days 00:23:26.699000,0 days 01:20:23.794000
2024-06-23 13:26:41.272,6986,112,4,0,False,0,car,0 days 00:23:26.859000,0 days 01:20:23.954000
2024-06-23 13:26:41.472,6804,111,4,0,False,0,car,0 days 00:23:27.059000,0 days 01:20:24.154000
2024-06-23 13:26:41.671,6806,109,4,0,False,0,car,0 days 00:23:27.258000,0 days 01:20:24.353000
2024-06-23 13:26:41.951,6873,107,4,29,False,0,car,0 days 00:23:27.538000,0 days 01:20:24.633000
2024-06-23 13:26:42.111,7020,107,4,35,False,0,car,0 days 00:23:27.698000,0 days 01:20:24.793000
2024-06-23 13:26:42.431,7187,111,4,41,False,0,car,0 days 00:23:28.018000,0 days 01:20:25.113000
2024-06-23 13:26:42.831,7706,118,4,53,False,0,car,0 days 00:23:28.418000,0 days 01:20:25.513000
2024-06-23 13:26:43.152,8262,125,4,58,False,0,car,0 days 00:23:28.739000,0 days 01:20:25.834000
2024-06-23 13:26:43.432,8563,130,4,62,False,0,car,0 days 00:23:29.019000,0 days 01:20:26.114000
2024-06-23 13:26:43.592,8726,134,4,69,False,0,car,0 days 00:23:29.179000,0 days 01:20:26.274000
2024-06-23 13:26:43.872,9262,143,4,75,False,0,car,0 days 00:23:29.459000,0 days 01:20:26.554000
2024-06-23 13:26:44.032,9682,148,4,78,False,0,car,0 days 00:23:29.619000,0 days 01:20:26.714000
2024-06-23 13:26:44.192,9880,152,4,85,False,0,car,0 days 00:23:29.779000,0 days 01:20:26.874000
2024-06-23 13:26:44.392,10435,159,4,90,False,0,car,0 days 00:23:29.979000,0 days 01:20:27.074000
2024-06-23 13:26:44.552,11080,168,4,100,False,0,car,0 days 00:23:30.139000,0 days 01:20:27.234000
2024-06-23 13:26:44.832,11499,179,4,100,False,0,car,0 days 00:23:30.419000,0 days 01:20:27.514000
2024-06-23 13:26:45.032,10519,183,4,100,False,0,car,0 days 00:23:30.619000,0 days 01:20:27.714000
2024-06-23 13:26:45.312,10588,192,5,100,False,0,car,0 days 00:23:30.899000,0 days 01:20:27.994000
2024-06-23 13:26:45.472,10826,199,5,100,False,0,car,0 days 00:23:31.059000,0 days 01:20:28.154000
2024-06-23 13:26:45.752,11069,209,5,100,False,0,car,0 days 00:23:31.339000,0 days 01:20:28.434000
2024-06-23 13:26:46.032,11602,217,5,100,False,0,car,0 days 00:23:31.619000,0 days 01:20:28.714000
2024-06-23 13:26:46.192,11602,220,5,100,False,0,car,0 days 00:23:31.779000,0 days 01:20:28.874000
2024-06-23 13:26:46.432,10335,224,6,100,False,0,car,0 days 00:23:32.019000,0 days 01:20:29.114000
2024-06-23 13:26:46.672,10532,228,6,87,False,0,car,0 days 00:23:32.259000,0 days 01:20:29.354000
2024-06-23 13:26:46.832,10658,231,6,88,False,0,car,0 days 00:23:32.419000,0 days 01:20:29.514000
2024-06-23 13:26:47.072,10786,233,6,79,False,0,car,0 days 00:23:32.659000,0 days 01:20:29.754000
2024-06-23 13:26:47.272,10840,234,6,77,False,0,car,0 days 00:23:32.859000,0 days 01:20:29.954000
2024-06-23 13:26:47.552,10802,234,6,85,False,0,car,0 days 00:23:33.139000,0 days 01:20:30.234000
2024-06-23 13:26:47.992,11118,239,6,100,False,0,car,0 days 00:23:33.579000,0 days 01:20:30.674000
2024-06-23 13:26:48.272,11280,244,6,100,False,0,car,0 days 00:23:33.859000,0 days 01:20:30.954000
2024-06-23 13:26:48.551,11297,246,6,100,False,0,car,0 days 00:23:34.138000,0 days 01:20:31.233000
2024-06-23 13:26:48.831,11437,248,6,100,False,0,car,0 days 00:23:34.418000,0 days 01:20:31.513000
2024-06-23 13:26:49.231,11540,252,6,100,False,0,car,0 days 00:23:34.818000,0 days 01:20:31.913000
2024-06-23 13:26:49.591,11590,254,6,100,False,0,car,0 days 00:23:35.178000,0 days 01:20:32.273000
2024-06-23 13:26:49.792,11644,256,6,100,False,0,car,0 days 00:23:35.379000,0 days 01:20:32.474000
2024-06-23 13:26:50.072,11009,253,6,0,True,0,car,0 days 00:23:35.659000,0 days 01:20:32.754000
2024-06-23 13:26:50.232,11107,244,6,0,True,0,car,0 days 00:23:35.819000,0 days 01:20:32.914000
2024-06-23 13:26:50.672,10636,233,6,44,False,0,car,0 days 00:23:36.259000,0 days 01:20:33.354000
2024-06-23 13:26:50.952,10711,230,6,62,False,0,car,0 days 00:23:36.539000,0 days 01:20:33.634000
2024-06-23 13:26:51.312,10480,229,6,60,False,0,car,0 days 00:23:36.899000,0 days 01:20:33.994000
2024-06-23 13:26:51.752,10582,228,6,82,False,0,car,0 days 00:23:37.339000,0 days 01:20:34.434000
2024-06-23 13:26:52.112,10860,232,6,100,False,0,car,0 days 00:23:37.699000,0 days 01:20:34.794000
2024-06-23 13:26:52.552,11073,239,6,100,False,0,car,0 days 00:23:38.139000,0 days 01:20:35.234000
2024-06-23 13:26:52.952,11319,244,6,100,False,0,car,0 days 00:23:38.539000,0 days 01:20:35.634000
2024-06-23 13:26:53.112,11425,247,6,100,False,0,car,0 days 00:23:38.699000,0 days 01:20:35.794000
2024-06-23 13:26:53.312,11542,250,6,100,False,0,car,0 days 00:23:38.899000,0 days 01:20:35.994000
2024-06-23 13:26:53.512,11651,253,6,100,False,0,car,0 days 00:23:39.099000,0 days 01:20:36.194000
2024-06-23 13:26:53.992,10182,260,7,100,False,0,car,0 days 00:23:39.579000,0 days 01:20:36.674000
2024-06-23 13:26:54.312,10655,265,7,100,False,0,car,0 days 00:23:39.899000,0 days 01:20:36.994000
2024-06-23 13:26:54.472,10655,267,7,100,False,0,car,0 days 00:23:40.059000,0 days 01:20:37.154000
2024-06-23 13:26:54.832,10892,270,7,100,False,0,car,0 days 00:23:40.419000,0 days 01:20:37.514000
2024-06-23 13:26:55.151,11051,274,7,100,False,0,car,0 days 00:23:40.738000,0 days 01:20:37.833000
2024-06-23 13:26:55.471,11145,277,7,100,False,0,car,0 days 00:23:41.058000,0 days 01:20:38.153000
2024-06-23 13:26:55.631,11213,280,7,100,False,0,car,0 days 00:23:41.218000,0 days 01:20:38.313000
2024-06-23 13:26:55.831,11290,283,7,100,False,0,car,0 days 00:23:41.418000,0 days 01:20:38.513000
2024-06-23 13:26:56.071,11380,284,7,100,False,0,car,0 days 00:23:41.658000,0 days 01:20:38.753000
2024-06-23 13:26:56.432,11503,287,7,100,False,0,car,0 days 00:23:42.019000,0 days 01:20:39.114000
2024-06-23 13:26:56.592,11492,287,7,100,False,0,car,0 days 00:23:42.179000,0 days 01:20:39.274000
2024-06-23 13:26:56.912,11572,289,7,100,False,0,car,0 days 00:23:42.499000,0 days 01:20:39.594000
2024-06-23 13:26:57.192,11625,290,7,100,False,0,car,0 days 00:23:42.779000,0 days 01:20:39.874000
2024-06-23 13:26:57.472,11699,292,7,100,False,0,car,0 days 00:23:43.059000,0 days 01:20:40.154000
2024-06-23 13:26:57.632,11740,294,7,100,False,0,car,0 days 00:23:43.219000,0 days 01:20:40.314000
2024-06-23 13:26:57.992,10377,296,7,100,False,0,car,0 days 00:23:43.579000,0 days 01:20:40.674000
2024-06-23 13:26:58.152,10602,297,8,100,False,0,car,0 days 00:23:43.739000,0 days 01:20:40.834000
2024-06-23 13:26:58.312,10574,297,8,100,False,0,car,0 days 00:23:43.899000,0 days 01:20:40.994000
2024-06-23 13:26:58.512,10603,298,8,100,False,0,car,0 days 00:23:44.099000,0 days 01:20:41.194000
2024-06-23 13:26:58.952,10671,301,8,100,False,0,car,0 days 00:23:44.539000,0 days 01:20:41.634000
2024-06-23 13:26:59.232,10684,300,8,100,False,0,car,0 days 00:23:44.819000,0 days 01:20:41.914000
2024-06-23 13:26:59.472,10679,301,8,100,False,0,car,0 days 00:23:45.059000,0 days 01:20:42.154000
2024-06-23 13:26:59.752,10750,302,8,100,False,0,car,0 days 00:23:45.339000,0 days 01:20:42.434000
2024-06-23 13:26:59.912,10767,302,8,100,False,0,car,0 days 00:23:45.499000,0 days 01:20:42.594000
2024-06-23 13:27:00.192,10801,303,8,100,False,0,car,0 days 00:23:45.779000,0 days 01:20:42.874000
2024-06-23 13:27:00.392,10829,304,8,100,False,0,car,0 days 00:23:45.979000,0 days 01:20:43.074000
2024-06-23 13:27:00.592,10860,304,8,100,False,0,car,0 days 00:23:46.179000,0 days 01:20:43.274000
2024-06-23 13:27:00.792,10865,306,8,100,False,0,car,0 days 00:23:46.379000,0 days 01:20:43.474000
2024-06-23 13:27:00.992,10861,306,8,100,False,0,car,0 days 00:23:46.579000,0 days 01:20:43.674000
2024-06-23 13:27:01.272,10907,306,8,100,False,0,car,0 days 00:23:46.859000,0 days 01:20:43.954000
2024-06-23 13:27:01.592,10913,307,8,100,False,0,car,0 days 00:23:47.179000,0 days 01:20:44.274000
2024-06-23 13:27:01.911,10923,308,8,100,False,0,car,0 days 00:23:47.498000,0 days 01:20:44.593000
2024-06-23 13:27:02.231,10917,307,8,100,False,0,car,0 days 00:23:47.818000,0 days 01:20:44.913000
2024-06-23 13:27:02.431,10872,307,8,100,False,0,car,0 days 00:23:48.018000,0 days 01:20:45.113000
2024-06-23 13:27:02.751,10882,306,8,100,False,0,car,0 days 00:23:48.338000,0 days 01:20:45.433000
2024-06-23 13:27:02.952,10855,306,8,100,False,0,car,0 days 00:23:48.539000,0 days 01:20:45.634000
2024-06-23 13:27:03.112,10840,305,8,100,False,0,car,0 days 00:23:48.699000,0 days 01:20:45.794000
2024-06-23 13:27:03.272,10826,305,8,100,False,0,car,0 days 00:23:48.859000,0 days 01:20:45.954000
2024-06-23 13:27:03.512,10796,304,8,100,False,0,car,0 days 00:23:49.099000,0 days 01:20:46.194000
2024-06-23 13:27:03.672,10796,302,8,100,False,0,car,0 days 00:23:49.259000,0 days 01:20:46.354000
2024-06-23 13:27:03.992,10525,303,8,0,False,0,car,0 days 00:23:49.579000,0 days 01:20:46.674000
2024-06-23 13:27:04.192,10454,296,8,0,False,0,car,0 days 00:23:49.779000,0 days 01:20:46.874000
2024-06-23 13:27:04.352,10073,290,8,0,True,0,car,0 days 00:23:49.939000,0 days 01:20:47.034000
2024-06-23 13:27:04.592,9713,277,8,0,True,0,car,0 days 00:23:50.179000,0 days 01:20:47.274000
2024-06-23 13:27:04.872,8666,247,8,0,True,0,car,0 days 00:23:50.459000,0 days 01:20:47.554000
2024-06-23 13:27:05.152,8874,213,8,0,True,0,car,0 days 00:23:50.739000,0 days 01:20:47.834000
2024-06-23 13:27:05.312,9173,203,8,0,True,0,car,0 days 00:23:50.899000,0 days 01:20:47.994000
2024-06-23 13:27:05.632,8985,174,6,0,True,0,car,0 days 00:23:51.219000,0 days 01:20:48.314000
2024-06-23 13:27:05.912,9474,164,5,0,True,0,car,0 days 00:23:51.499000,0 days 01:20:48.594000
2024-06-23 13:27:06.192,9352,153,4,0,True,0,car,0 days 00:23:51.779000,0 days 01:20:48.874000
2024-06-23 13:27:06.392,9040,148,4,0,True,0,car,0 days 00:23:51.979000,0 days 01:20:49.074000
2024-06-23 13:27:06.632,8730,142,4,0,True,0,car,0 days 00:23:52.219000,0 days 01:20:49.314000
2024-06-23 13:27:06.832,8625,138,4,0,False,0,car,0 days 00:23:52.419000,0 days 01:20:49.514000
2024-06-23 13:27:07.112,8468,134,4,15,False,0,car,0 days 00:23:52.699000,0 days 01:20:49.794000
2024-06-23 13:27:07.472,9058,138,4,64,False,0,car,0 days 00:23:53.059000,0 days 01:20:50.154000
2024-06-23 13:27:07.672,9382,138,4,70,False,0,car,0 days 00:23:53.259000,0 days 01:20:50.354000
2024-06-23 13:27:07.832,9931,145,4,71,False,0,car,0 days 00:23:53.419000,0 days 01:20:50.514000
2024-06-23 13:27:08.072,9755,150,4,76,False,0,car,0 days 00:23:53.659000,0 days 01:20:50.754000
2024-06-23 13:27:08.512,9995,162,4,67,False,0,car,0 days 00:23:54.099000,0 days 01:20:51.194000
2024-06-23 13:27:08.831,8950,166,5,57,False,0,car,0 days 00:23:54.418000,0 days 01:20:51.513000
2024-06-23 13:27:09.111,9182,168,5,62,False,0,car,0 days 00:23:54.698000,0 days 01:20:51.793000
2024-06-23 13:27:09.311,9285,171,5,71,False,0,car,0 days 00:23:54.898000,0 days 01:20:51.993000
2024-06-23 13:27:09.512,9437,173,5,73,False,0,car,0 days 00:23:55.099000,0 days 01:20:52.194000
2024-06-23 13:27:09.672,9534,177,5,78,False,0,car,0 days 00:23:55.259000,0 days 01:20:52.354000
2024-06-23 13:27:09.912,9931,181,5,82,False,0,car,0 days 00:23:55.499000,0 days 01:20:52.594000
2024-06-23 13:27:10.192,10291,187,5,94,False,0,car,0 days 00:23:55.779000,0 days 01:20:52.874000
2024-06-23 13:27:10.512,10781,196,5,100,False,0,car,0 days 00:23:56.099000,0 days 01:20:53.194000
2024-06-23 13:27:10.912,10750,208,5,100,False,0,car,0 days 00:23:56.499000,0 days 01:20:53.594000
2024-06-23 13:27:11.192,9780,213,6,63,False,0,car,0 days 00:23:56.779000,0 days 01:20:53.874000
2024-06-23 13:27:11.352,9800,213,6,54,False,0,car,0 days 00:23:56.939000,0 days 01:20:54.034000
2024-06-23 13:27:11.672,9742,211,6,55,False,0,car,0 days 00:23:57.259000,0 days 01:20:54.354000
2024-06-23 13:27:11.872,9773,211,6,60,False,0,car,0 days 00:23:57.459000,0 days 01:20:54.554000
2024-06-23 13:27:12.152,9693,211,6,55,False,0,car,0 days 00:23:57.739000,0 days 01:20:54.834000
2024-06-23 13:27:12.392,9658,208,6,0,False,0,car,0 days 00:23:57.979000,0 days 01:20:55.074000
2024-06-23 13:27:13.472,9302,199,6,68,False,0,car,0 days 00:23:59.059000,0 days 01:20:56.154000
2024-06-23 13:27:13.672,9350,200,6,76,False,0,car,0 days 00:23:59.259000,0 days 01:20:56.354000
2024-06-23 13:27:13.912,9529,202,6,76,False,0,car,0 days 00:23:59.499000,0 days 01:20:56.594000
2024-06-23 13:27:14.192,9607,208,6,83,False,0,car,0 days 00:23:59.779000,0 days 01:20:56.874000
2024-06-23 13:27:14.472,9869,212,6,89,False,0,car,0 days 00:24:00.059000,0 days 01:20:57.154000
2024-06-23 13:27:14.752,10097,217,6,100,False,0,car,0 days 00:24:00.339000,0 days 01:20:57.434000
2024-06-23 13:27:15.072,10280,223,6,100,False,0,car,0 days 00:24:00.659000,0 days 01:20:57.754000
2024-06-23 13:27:15.351,10636,227,6,100,False,0,car,0 days 00:24:00.938000,0 days 01:20:58.033000
2024-06-23 13:27:15.591,10771,234,6,100,False,0,car,0 days 00:24:01.178000,0 days 01:20:58.273000
2024-06-23 13:27:15.831,10915,236,6,100,False,0,car,0 days 00:24:01.418000,0 days 01:20:58.513000
2024-06-23 13:27:16.072,11134,241,6,100,False,0,car,0 days 00:24:01.659000,0 days 01:20:58.754000
2024-06-23 13:27:16.232,11268,244,6,100,False,0,car,0 days 00:24:01.819000,0 days 01:20:58.914000
2024-06-23 13:27:16.472,11413,248,6,100,False,0,car,0 days 00:24:02.059000,0 days 01:20:59.154000
2024-06-23 13:27:16.952,11701,256,6,100,False,0,car,0 days 00:24:02.539000,0 days 01:20:59.634000
2024-06-23 13:27:17.272,10748,259,6,100,False,0,car,0 days 00:24:02.859000,0 days 01:20:59.954000
2024-06-23 13:27:17.792,10655,265,7,100,False,0,car,0 days 00:24:03.379000,0 days 01:21:00.474000
2024-06-23 13:27:18.032,10715,266,7,100,False,0,car,0 days 00:24:03.619000,0 days 01:21:00.714000
2024-06-23 13:27:18.352,10785,269,7,100,False,0,car,0 days 00:24:03.939000,0 days 01:21:01.034000
2024-06-23 13:27:18.592,10840,271,7,100,False,0,car,0 days 00:24:04.179000,0 days 01:21:01.274000
2024-06-23 13:27:18.832,10889,272,7,100,False,0,car,0 days 00:24:04.419000,0 days 01:21:01.514000
2024-06-23 13:27:19.072,10933,274,7,100,False,0,car,0 days 00:24:04.659000,0 days 01:21:01.754000
2024-06-23 13:27:19.272,10922,274,7,100,False,0,car,0 days 00:24:04.859000,0 days 01:21:01.954000
2024-06-23 13:27:19.512,10804,274,7,69,True,0,car,0 days 00:24:05.099000,0 days 01:21:02.194000
2024-06-23 13:27:19.672,10756,264,7,0,True,0,car,0 days 00:24:05.259000,0 days 01:21:02.354000
2024-06-23 13:27:20.032,8917,223,7,0,True,0,car,0 days 00:24:05.619000,0 days 01:21:02.714000
2024-06-23 13:27:20.272,9044,204,7,0,True,0,car,0 days 00:24:05.859000,0 days 01:21:02.954000
2024-06-23 13:27:20.432,9387,196,6,0,True,0,car,0 days 00:24:06.019000,0 days 01:21:03.114000
2024-06-23 13:27:20.592,9352,183,6,0,True,0,car,0 days 00:24:06.179000,0 days 01:21:03.274000
2024-06-23 13:27:20.992,9306,164,5,0,True,0,car,0 days 00:24:06.579000,0 days 01:21:03.674000
2024-06-23 13:27:21.272,9378,153,4,0,True,0,car,0 days 00:24:06.859000,0 days 01:21:03.954000
2024-06-23 13:27:21.632,8764,141,4,0,True,0,car,0 days 00:24:07.219000,0 days 01:21:04.314000
2024-06-23 13:27:21.832,8626,140,4,0,False,0,car,0 days 00:24:07.419000,0 days 01:21:04.514000
2024-06-23 13:27:22.271,8294,133,4,0,False,0,car,0 days 00:24:07.858000,0 days 01:21:04.953000
2024-06-23 13:27:22.431,8276,131,4,0,False,0,car,0 days 00:24:08.018000,0 days 01:21:05.113000
2024-06-23 13:27:22.872,8153,129,4,41,False,0,car,0 days 00:24:08.459000,0 days 01:21:05.554000
2024-06-23 13:27:23.312,8642,133,4,52,False,0,car,0 days 00:24:08.899000,0 days 01:21:05.994000
2024-06-23 13:27:23.712,8819,139,4,59,False,0,car,0 days 00:24:09.299000,0 days 01:21:06.394000
2024-06-23 13:27:23.912,9348,143,4,67,False,0,car,0 days 00:24:09.499000,0 days 01:21:06.594000
2024-06-23 13:27:24.112,9712,147,4,73,False,0,car,0 days 00:24:09.699000,0 days 01:21:06.794000
2024-06-23 13:27:24.312,9955,152,4,76,False,0,car,0 days 00:24:09.899000,0 days 01:21:06.994000
2024-06-23 13:27:24.512,10227,158,4,80,False,0,car,0 days 00:24:10.099000,0 days 01:21:07.194000
2024-06-23 13:27:24.792,10802,166,4,85,False,0,car,0 days 00:24:10.379000,0 days 01:21:07.474000
2024-06-23 13:27:25.152,10847,179,4,99,False,0,car,0 days 00:24:10.739000,0 days 01:21:07.834000
2024-06-23 13:27:25.352,10078,187,5,100,False,0,car,0 days 00:24:10.939000,0 days 01:21:08.034000
2024-06-23 13:27:25.752,10737,197,5,100,False,0,car,0 days 00:24:11.339000,0 days 01:21:08.434000
2024-06-23 13:27:26.032,11106,205,5,100,False,0,car,0 days 00:24:11.619000,0 days 01:21:08.714000
2024-06-23 13:27:26.272,11366,212,5,100,False,0,car,0 days 00:24:11.859000,0 days 01:21:08.954000
2024-06-23 13:27:26.552,11634,218,5,100,False,0,car,0 days 00:24:12.139000,0 days 01:21:09.234000
2024-06-23 13:27:26.792,11107,222,5,100,False,0,car,0 days 00:24:12.379000,0 days 01:21:09.474000
2024-06-23 13:27:26.992,10051,224,6,100,False,0,car,0 days 00:24:12.579000,0 days 01:21:09.674000
2024-06-23 13:27:27.232,10595,229,6,100,False,0,car,0 days 00:24:12.819000,0 days 01:21:09.914000
2024-06-23 13:27:27.512,10712,234,6,100,False,0,car,0 days 00:24:13.099000,0 days 01:21:10.194000
2024-06-23 13:27:27.792,10748,238,6,100,True,0,car,0 days 00:24:13.379000,0 days 01:21:10.474000
2024-06-23 13:27:28.032,10222,223,6,0,True,0,car,0 days 00:24:13.619000,0 days 01:21:10.714000
2024-06-23 13:27:28.192,9522,213,6,0,True,0,car,0 days 00:24:13.779000,0 days 01:21:10.874000
2024-06-23 13:27:28.472,9222,183,6,0,True,0,car,0 days 00:24:14.059000,0 days 01:21:11.154000
2024-06-23 13:27:28.672,8565,166,5,0,True,0,car,0 days 00:24:14.259000,0 days 01:21:11.354000
2024-06-23 13:27:28.991,9026,148,5,0,True,0,car,0 days 00:24:14.578000,0 days 01:21:11.673000
2024-06-23 13:27:29.192,8679,139,4,0,True,0,car,0 days 00:24:14.779000,0 days 01:21:11.874000
2024-06-23 13:27:29.432,9083,128,4,0,True,0,car,0 days 00:24:15.019000,0 days 01:21:12.114000
2024-06-23 13:27:29.592,8860,125,3,0,True,0,car,0 days 00:24:15.179000,0 days 01:21:12.274000
2024-06-23 13:27:29.752,8348,118,3,0,True,0,car,0 days 00:24:15.339000,0 days 01:21:12.434000
2024-06-23 13:27:30.072,7777,110,3,0,True,0,car,0 days 00:24:15.659000,0 days 01:21:12.754000
2024-06-23 13:27:30.272,7640,104,3,0,True,0,car,0 days 00:24:15.859000,0 days 01:21:12.954000
2024-06-23 13:27:30.432,7449,100,3,0,True,0,car,0 days 00:24:16.019000,0 days 01:21:13.114000
2024-06-23 13:27:30.672,7203,97,3,0,True,0,car,0 days 00:24:16.259000,0 days 01:21:13.354000
2024-06-23 13:27:30.912,7020,96,3,0,False,0,car,0 days 00:24:16.499000,0 days 01:21:13.594000
2024-06-23 13:27:31.232,7019,94,3,7,False,0,car,0 days 00:24:16.819000,0 days 01:21:13.914000
2024-06-23 13:27:31.472,7221,94,3,32,False,0,car,0 days 00:24:17.059000,0 days 01:21:14.154000
2024-06-23 13:27:31.632,7390,97,3,37,False,0,car,0 days 00:24:17.219000,0 days 01:21:14.314000
2024-06-23 13:27:31.992,7780,102,3,44,False,0,car,0 days 00:24:17.579000,0 days 01:21:14.674000
2024-06-23 13:27:32.152,8139,105,3,48,False,0,car,0 days 00:24:17.739000,0 days 01:21:14.834000
2024-06-23 13:27:32.472,8642,112,3,57,False,0,car,0 days 00:24:18.059000,0 days 01:21:15.154000
2024-06-23 13:27:32.712,9198,118,3,62,False,0,car,0 days 00:24:18.299000,0 days 01:21:15.394000
2024-06-23 13:27:32.952,10000,128,3,78,False,0,car,0 days 00:24:18.539000,0 days 01:21:15.634000
2024-06-23 13:27:33.352,10540,148,3,100,False,0,car,0 days 00:24:18.939000,0 days 01:21:16.034000
2024-06-23 13:27:33.632,10558,156,3,100,False,0,car,0 days 00:24:19.219000,0 days 01:21:16.314000
2024-06-23 13:27:33.792,10629,167,4,100,False,0,car,0 days 00:24:19.379000,0 days 01:21:16.474000
2024-06-23 13:27:34.032,11475,178,4,100,False,0,car,0 days 00:24:19.619000,0 days 01:21:16.714000
2024-06-23 13:27:34.272,11061,187,4,100,False,0,car,0 days 00:24:19.859000,0 days 01:21:16.954000
2024-06-23 13:27:34.472,10423,191,4,100,False,0,car,0 days 00:24:20.059000,0 days 01:21:17.154000
2024-06-23 13:27:34.632,10736,200,5,100,False,0,car,0 days 00:24:20.219000,0 days 01:21:17.314000
2024-06-23 13:27:35.112,11528,213,5,100,False,0,car,0 days 00:24:20.699000,0 days 01:21:17.794000
2024-06-23 13:27:35.272,11541,218,5,100,False,0,car,0 days 00:24:20.859000,0 days 01:21:17.954000
2024-06-23 13:27:35.591,10607,226,5,100,False,0,car,0 days 00:24:21.178000,0 days 01:21:18.273000
2024-06-23 13:27:35.872,10686,233,6,100,False,0,car,0 days 00:24:21.459000,0 days 01:21:18.554000
2024-06-23 13:27:36.232,11003,240,6,100,False,0,car,0 days 00:24:21.819000,0 days 01:21:18.914000
2024-06-23 13:27:36.472,11129,242,6,100,False,0,car,0 days 00:24:22.059000,0 days 01:21:19.154000
2024-06-23 13:27:36.712,11298,245,6,100,False,0,car,0 days 00:24:22.299000,0 days 01:21:19.394000
2024-06-23 13:27:36.952,11404,249,6,100,False,0,car,0 days 00:24:22.539000,0 days 01:21:19.634000
2024-06-23 13:27:37.152,11439,250,6,100,False,0,car,0 days 00:24:22.739000,0 days 01:21:19.834000
2024-06-23 13:27:37.392,11324,243,6,0,True,0,car,0 days 00:24:22.979000,0 days 01:21:20.074000
2024-06-23 13:27:37.712,10302,217,6,0,True,0,car,0 days 00:24:23.299000,0 days 01:21:20.394000
2024-06-23 13:27:37.872,10205,198,6,0,True,0,car,0 days 00:24:23.459000,0 days 01:21:20.554000
2024-06-23 13:27:38.072,9456,183,6,0,True,0,car,0 days 00:24:23.659000,0 days 01:21:20.754000
2024-06-23 13:27:38.312,9880,168,5,0,True,0,car,0 days 00:24:23.899000,0 days 01:21:20.994000
2024-06-23 13:27:38.752,9072,147,4,0,True,0,car,0 days 00:24:24.339000,0 days 01:21:21.434000
2024-06-23 13:27:38.912,8982,144,4,0,False,0,car,0 days 00:24:24.499000,0 days 01:21:21.594000
2024-06-23 13:27:39.112,8722,141,4,0,False,0,car,0 days 00:24:24.699000,0 days 01:21:21.794000
2024-06-23 13:27:39.272,8576,139,4,0,False,0,car,0 days 00:24:24.859000,0 days 01:21:21.954000
2024-06-23 13:27:39.512,8423,136,4,0,False,0,car,0 days 00:24:25.099000,0 days 01:21:22.194000
2024-06-23 13:27:39.752,8288,133,4,29,False,0,car,0 days 00:24:25.339000,0 days 01:21:22.434000
2024-06-23 13:27:40.032,8471,132,4,43,False,0,car,0 days 00:24:25.619000,0 days 01:21:22.714000
2024-06-23 13:27:40.352,8774,135,4,56,False,0,car,0 days 00:24:25.939000,0 days 01:21:23.034000
2024-06-23 13:27:40.512,8940,137,4,60,False,0,car,0 days 00:24:26.099000,0 days 01:21:23.194000
2024-06-23 13:27:40.872,9771,147,4,92,False,0,car,0 days 00:24:26.459000,0 days 01:21:23.554000
2024-06-23 13:27:41.032,10039,156,4,100,False,0,car,0 days 00:24:26.619000,0 days 01:21:23.714000
2024-06-23 13:27:41.432,11428,173,4,100,False,0,car,0 days 00:24:27.019000,0 days 01:21:24.114000
2024-06-23 13:27:41.752,11612,183,4,100,False,0,car,0 days 00:24:27.339000,0 days 01:21:24.434000
2024-06-23 13:27:42.032,10394,192,5,100,False,0,car,0 days 00:24:27.619000,0 days 01:21:24.714000
2024-06-23 13:27:42.312,10705,198,5,100,False,0,car,0 days 00:24:27.899000,0 days 01:21:24.994000
2024-06-23 13:27:42.632,11211,208,5,100,False,0,car,0 days 00:24:28.219000,0 days 01:21:25.314000
2024-06-23 13:27:42.912,11606,212,5,100,False,0,car,0 days 00:24:28.499000,0 days 01:21:25.594000
2024-06-23 13:27:43.152,11767,219,5,100,False,0,car,0 days 00:24:28.739000,0 days 01:21:25.834000
2024-06-23 13:27:43.432,11668,227,5,100,False,0,car,0 days 00:24:29.019000,0 days 01:21:26.114000
2024-06-23 13:27:43.752,10721,232,6,100,False,0,car,0 days 00:24:29.339000,0 days 01:21:26.434000
2024-06-23 13:27:43.952,10815,234,6,100,False,0,car,0 days 00:24:29.539000,0 days 01:21:26.634000
2024-06-23 13:27:44.352,10929,239,6,96,False,0,car,0 days 00:24:29.939000,0 days 01:21:27.034000
2024-06-23 13:27:44.512,11045,240,6,0,False,0,car,0 days 00:24:30.099000,0 days 01:21:27.194000
2024-06-23 13:27:44.712,10640,234,6,0,False,0,car,0 days 00:24:30.299000,0 days 01:21:27.394000
2024-06-23 13:27:44.912,10330,230,6,0,False,0,car,0 days 00:24:30.499000,0 days 01:21:27.594000
2024-06-23 13:27:45.192,10245,225,6,36,False,0,car,0 days 00:24:30.779000,0 days 01:21:27.874000
2024-06-23 13:27:45.392,10155,222,6,42,False,0,car,0 days 00:24:30.979000,0 days 01:21:28.074000
2024-06-23 13:27:45.672,10020,218,6,53,False,0,car,0 days 00:24:31.259000,0 days 01:21:28.354000
2024-06-23 13:27:45.952,9998,217,6,61,False,0,car,0 days 00:24:31.539000,0 days 01:21:28.634000
2024-06-23 13:27:46.232,10113,218,6,82,False,0,car,0 days 00:24:31.819000,0 days 01:21:28.914000
2024-06-23 13:27:46.392,10217,219,6,100,False,0,car,0 days 00:24:31.979000,0 days 01:21:29.074000
2024-06-23 13:27:46.752,10527,227,6,100,False,0,car,0 days 00:24:32.339000,0 days 01:21:29.434000
2024-06-23 13:27:46.992,10704,229,6,100,False,0,car,0 days 00:24:32.579000,0 days 01:21:29.674000
2024-06-23 13:27:47.152,10830,232,6,100,False,0,car,0 days 00:24:32.739000,0 days 01:21:29.834000
2024-06-23 13:27:47.472,10937,237,6,100,False,0,car,0 days 00:24:33.059000,0 days 01:21:30.154000
2024-06-23 13:27:47.672,11095,241,6,100,False,0,car,0 days 00:24:33.259000,0 days 01:21:30.354000
2024-06-23 13:27:47.952,11297,246,6,100,False,0,car,0 days 00:24:33.539000,0 days 01:21:30.634000
2024-06-23 13:27:48.952,10284,261,7,100,False,0,car,0 days 00:24:34.539000,0 days 01:21:31.634000
2024-06-23 13:27:49.152,10664,264,7,100,False,0,car,0 days 00:24:34.739000,0 days 01:21:31.834000
2024-06-23 13:27:49.472,10724,267,7,100,False,0,car,0 days 00:24:35.059000,0 days 01:21:32.154000
2024-06-23 13:27:49.632,10832,270,7,100,False,0,car,0 days 00:24:35.219000,0 days 01:21:32.314000
2024-06-23 13:27:49.872,10920,272,7,100,False,0,car,0 days 00:24:35.459000,0 days 01:21:32.554000
2024-06-23 13:27:50.152,11022,275,7,100,False,0,car,0 days 00:24:35.739000,0 days 01:21:32.834000
2024-06-23 13:27:50.472,11106,278,7,100,False,0,car,0 days 00:24:36.059000,0 days 01:21:33.154000
2024-06-23 13:27:50.832,11236,280,7,100,False,0,car,0 days 00:24:36.419000,0 days 01:21:33.514000
2024-06-23 13:27:51.232,11274,281,7,100,False,0,car,0 days 00:24:36.819000,0 days 01:21:33.914000
2024-06-23 13:27:51.632,11312,283,7,100,False,0,car,0 days 00:24:37.219000,0 days 01:21:34.314000
2024-06-23 13:27:51.912,11335,284,7,99,False,0,car,0 days 00:24:37.499000,0 days 01:21:34.594000
2024-06-23 13:27:52.232,11335,274,7,99,True,0,car,0 days 00:24:37.819000,0 days 01:21:34.914000
2024-06-23 13:27:52.472,10318,262,7,0,True,0,car,0 days 00:24:38.059000,0 days 01:21:35.154000
2024-06-23 13:27:52.632,9852,253,7,0,True,0,car,0 days 00:24:38.219000,0 days 01:21:35.314000
2024-06-23 13:27:52.792,9463,253,7,0,True,0,car,0 days 00:24:38.379000,0 days 01:21:35.474000
2024-06-23 13:27:53.112,8968,198,7,0,True,0,car,0 days 00:24:38.699000,0 days 01:21:35.794000
2024-06-23 13:27:53.272,9458,180,6,0,True,0,car,0 days 00:24:38.859000,0 days 01:21:35.954000
2024-06-23 13:27:53.752,9656,149,5,0,True,0,car,0 days 00:24:39.339000,0 days 01:21:36.434000
2024-06-23 13:27:54.112,9391,136,4,0,True,0,car,0 days 00:24:39.699000,0 days 01:21:36.794000
2024-06-23 13:27:54.432,9008,127,3,0,True,0,car,0 days 00:24:40.019000,0 days 01:21:37.114000
2024-06-23 13:27:54.752,8431,117,3,0,True,0,car,0 days 00:24:40.339000,0 days 01:21:37.434000
2024-06-23 13:27:55.192,8169,110,3,0,True,0,car,0 days 00:24:40.779000,0 days 01:21:37.874000
2024-06-23 13:27:55.432,7793,106,3,0,True,0,car,0 days 00:24:41.019000,0 days 01:21:38.114000
2024-06-23 13:27:55.672,7686,104,3,0,False,0,car,0 days 00:24:41.259000,0 days 01:21:38.354000
2024-06-23 13:27:55.832,7552,102,3,0,False,0,car,0 days 00:24:41.419000,0 days 01:21:38.514000
2024-06-23 13:27:56.192,7350,99,3,1,False,0,car,0 days 00:24:41.779000,0 days 01:21:38.874000
2024-06-23 13:27:56.352,7334,98,3,14,False,0,car,0 days 00:24:41.939000,0 days 01:21:39.034000
2024-06-23 13:27:56.552,7471,98,3,29,False,0,car,0 days 00:24:42.139000,0 days 01:21:39.234000
2024-06-23 13:27:56.832,7647,100,3,34,False,0,car,0 days 00:24:42.419000,0 days 01:21:39.514000
2024-06-23 13:27:56.992,7745,101,3,41,False,0,car,0 days 00:24:42.579000,0 days 01:21:39.674000
2024-06-23 13:27:57.232,8019,106,3,46,False,0,car,0 days 00:24:42.819000,0 days 01:21:39.914000
2024-06-23 13:27:57.632,8718,115,3,58,False,0,car,0 days 00:24:43.219000,0 days 01:21:40.314000
2024-06-23 13:27:57.952,9432,123,3,67,False,0,car,0 days 00:24:43.539000,0 days 01:21:40.634000
2024-06-23 13:27:58.112,9720,126,3,71,False,0,car,0 days 00:24:43.699000,0 days 01:21:40.794000
2024-06-23 13:27:58.432,8949,135,3,77,False,0,car,0 days 00:24:44.019000,0 days 01:21:41.114000
2024-06-23 13:27:58.872,9992,153,4,89,False,0,car,0 days 00:24:44.459000,0 days 01:21:41.554000
2024-06-23 13:27:59.112,10336,162,4,93,False,0,car,0 days 00:24:44.699000,0 days 01:21:41.794000
2024-06-23 13:27:59.432,11283,176,4,100,False,0,car,0 days 00:24:45.019000,0 days 01:21:42.114000
2024-06-23 13:27:59.632,11216,183,4,100,False,0,car,0 days 00:24:45.219000,0 days 01:21:42.314000
2024-06-23 13:28:00.112,10336,194,5,100,False,0,car,0 days 00:24:45.699000,0 days 01:21:42.794000
2024-06-23 13:28:00.512,9697,183,5,0,True,0,car,0 days 00:24:46.099000,0 days 01:21:43.194000
2024-06-23 13:28:00.912,9946,163,5,0,True,0,car,0 days 00:24:46.499000,0 days 01:21:43.594000
2024-06-23 13:28:01.872,7907,129,4,0,True,0,car,0 days 00:24:47.459000,0 days 01:21:44.554000
2024-06-23 13:28:02.193,7716,123,4,0,True,0,car,0 days 00:24:47.780000,0 days 01:21:44.875000
2024-06-23 13:28:02.552,7310,117,4,0,False,0,car,0 days 00:24:48.139000,0 days 01:21:45.234000
2024-06-23 13:28:02.832,7070,114,4,0,False,0,car,0 days 00:24:48.419000,0 days 01:21:45.514000
2024-06-23 13:28:03.072,6950,112,4,0,False,0,car,0 days 00:24:48.659000,0 days 01:21:45.754000
2024-06-23 13:28:03.432,6924,108,4,13,False,0,car,0 days 00:24:49.019000,0 days 01:21:46.114000
2024-06-23 13:28:03.672,7014,109,4,35,False,0,car,0 days 00:24:49.259000,0 days 01:21:46.354000
2024-06-23 13:28:03.872,7135,110,4,39,False,0,car,0 days 00:24:49.459000,0 days 01:21:46.554000
2024-06-23 13:28:04.192,7453,114,4,45,False,0,car,0 days 00:24:49.779000,0 days 01:21:46.874000
2024-06-23 13:28:04.392,7548,117,4,47,False,0,car,0 days 00:24:49.979000,0 days 01:21:47.074000
2024-06-23 13:28:04.632,7976,121,4,55,False,0,car,0 days 00:24:50.219000,0 days 01:21:47.314000
2024-06-23 13:28:04.992,8484,130,4,61,False,0,car,0 days 00:24:50.579000,0 days 01:21:47.674000
2024-06-23 13:28:05.232,8929,137,4,65,False,0,car,0 days 00:24:50.819000,0 days 01:21:47.914000
2024-06-23 13:28:05.672,9634,148,4,79,False,0,car,0 days 00:24:51.259000,0 days 01:21:48.354000
2024-06-23 13:28:05.952,10313,158,4,86,False,0,car,0 days 00:24:51.539000,0 days 01:21:48.634000
2024-06-23 13:28:06.312,11184,166,4,100,False,0,car,0 days 00:24:51.899000,0 days 01:21:48.994000
2024-06-23 13:28:06.552,10642,182,4,100,False,0,car,0 days 00:24:52.139000,0 days 01:21:49.234000
2024-06-23 13:28:06.792,10219,190,5,100,False,0,car,0 days 00:24:52.379000,0 days 01:21:49.474000
2024-06-23 13:28:07.112,10861,199,5,100,False,0,car,0 days 00:24:52.699000,0 days 01:21:49.794000
2024-06-23 13:28:07.312,11067,206,5,100,False,0,car,0 days 00:24:52.899000,0 days 01:21:49.994000
2024-06-23 13:28:07.752,11294,220,5,100,False,0,car,0 days 00:24:53.339000,0 days 01:21:50.434000
2024-06-23 13:28:08.112,10506,226,6,98,False,0,car,0 days 00:24:53.699000,0 days 01:21:50.794000
2024-06-23 13:28:08.432,10722,232,6,78,False,0,car,0 days 00:24:54.019000,0 days 01:21:51.114000
2024-06-23 13:28:08.793,10870,233,6,79,False,0,car,0 days 00:24:54.380000,0 days 01:21:51.475000
2024-06-23 13:28:08.993,10912,235,6,91,False,0,car,0 days 00:24:54.580000,0 days 01:21:51.675000
2024-06-23 13:28:09.312,10552,236,6,100,False,0,car,0 days 00:24:54.899000,0 days 01:21:51.994000
2024-06-23 13:28:09.592,11089,240,6,100,False,0,car,0 days 00:24:55.179000,0 days 01:21:52.274000
2024-06-23 13:28:09.752,11127,242,6,100,False,0,car,0 days 00:24:55.339000,0 days 01:21:52.434000
2024-06-23 13:28:10.192,11335,246,6,100,False,0,car,0 days 00:24:55.779000,0 days 01:21:52.874000
2024-06-23 13:28:10.352,11375,248,6,100,False,0,car,0 days 00:24:55.939000,0 days 01:21:53.034000
2024-06-23 13:28:10.552,11425,250,6,100,False,0,car,0 days 00:24:56.139000,0 days 01:21:53.234000
2024-06-23 13:28:10.912,11590,253,6,100,False,0,car,0 days 00:24:56.499000,0 days 01:21:53.594000
2024-06-23 13:28:11.112,11615,254,6,100,False,0,car,0 days 00:24:56.699000,0 days 01:21:53.794000
2024-06-23 13:28:11.352,11717,256,6,100,False,0,car,0 days 00:24:56.939000,0 days 01:21:54.034000
2024-06-23 13:28:11.552,11865,257,6,0,False,0,car,0 days 00:24:57.139000,0 days 01:21:54.234000
2024-06-23 13:28:11.792,11297,250,6,0,True,0,car,0 days 00:24:57.379000,0 days 01:21:54.474000
2024-06-23 13:28:12.032,10944,240,6,0,False,0,car,0 days 00:24:57.619000,0 days 01:21:54.714000
2024-06-23 13:28:12.232,10851,236,6,23,False,0,car,0 days 00:24:57.819000,0 days 01:21:54.914000
2024-06-23 13:28:12.592,10583,231,6,63,False,0,car,0 days 00:24:58.179000,0 days 01:21:55.274000
2024-06-23 13:28:12.872,10700,230,6,70,False,0,car,0 days 00:24:58.459000,0 days 01:21:55.554000
2024-06-23 13:28:13.032,10693,230,6,70,False,0,car,0 days 00:24:58.619000,0 days 01:21:55.714000
2024-06-23 13:28:13.232,10602,229,6,69,False,0,car,0 days 00:24:58.819000,0 days 01:21:55.914000
2024-06-23 13:28:13.392,10602,232,6,73,False,0,car,0 days 00:24:58.979000,0 days 01:21:56.074000
2024-06-23 13:28:13.632,10879,233,6,100,False,0,car,0 days 00:24:59.219000,0 days 01:21:56.314000
2024-06-23 13:28:13.872,10945,235,6,100,False,0,car,0 days 00:24:59.459000,0 days 01:21:56.554000
2024-06-23 13:28:14.072,11118,239,6,100,False,0,car,0 days 00:24:59.659000,0 days 01:21:56.754000
2024-06-23 13:28:14.352,11231,243,6,100,False,0,car,0 days 00:24:59.939000,0 days 01:21:57.034000
2024-06-23 13:28:14.712,11412,246,6,100,False,0,car,0 days 00:25:00.299000,0 days 01:21:57.394000
2024-06-23 13:28:14.912,11576,251,6,100,False,0,car,0 days 00:25:00.499000,0 days 01:21:57.594000
2024-06-23 13:28:15.072,11700,252,6,100,False,0,car,0 days 00:25:00.659000,0 days 01:21:57.754000
2024-06-23 13:28:15.233,11755,256,6,100,False,0,car,0 days 00:25:00.820000,0 days 01:21:57.915000
2024-06-23 13:28:15.473,10635,260,6,100,False,0,car,0 days 00:25:01.060000,0 days 01:21:58.155000
2024-06-23 13:28:15.753,10689,265,7,100,False,0,car,0 days 00:25:01.340000,0 days 01:21:58.435000
2024-06-23 13:28:16.112,10712,268,7,100,False,0,car,0 days 00:25:01.699000,0 days 01:21:58.794000
2024-06-23 13:28:16.432,10922,272,7,100,False,0,car,0 days 00:25:02.019000,0 days 01:21:59.114000
2024-06-23 13:28:16.792,11040,276,7,100,False,0,car,0 days 00:25:02.379000,0 days 01:21:59.474000
2024-06-23 13:28:16.992,11136,277,7,100,False,0,car,0 days 00:25:02.579000,0 days 01:21:59.674000
2024-06-23 13:28:17.152,11228,279,7,100,False,0,car,0 days 00:25:02.739000,0 days 01:21:59.834000
2024-06-23 13:28:17.392,11228,282,7,100,False,0,car,0 days 00:25:02.979000,0 days 01:22:00.074000
2024-06-23 13:28:17.712,11420,284,7,100,False,0,car,0 days 00:25:03.299000,0 days 01:22:00.394000
2024-06-23 13:28:17.992,11494,287,7,100,False,0,car,0 days 00:25:03.579000,0 days 01:22:00.674000
2024-06-23 13:28:18.192,11571,289,7,100,False,0,car,0 days 00:25:03.779000,0 days 01:22:00.874000
2024-06-23 13:28:18.352,11645,290,7,100,False,0,car,0 days 00:25:03.939000,0 days 01:22:01.034000
2024-06-23 13:28:18.592,11696,292,7,100,False,0,car,0 days 00:25:04.179000,0 days 01:22:01.274000
2024-06-23 13:28:18.792,11167,294,7,100,False,0,car,0 days 00:25:04.379000,0 days 01:22:01.474000
2024-06-23 13:28:19.032,10425,296,7,100,False,0,car,0 days 00:25:04.619000,0 days 01:22:01.714000
2024-06-23 13:28:19.392,10566,297,8,100,False,0,car,0 days 00:25:04.979000,0 days 01:22:02.074000
2024-06-23 13:28:19.712,10594,298,8,100,False,0,car,0 days 00:25:05.299000,0 days 01:22:02.394000
2024-06-23 13:28:20.112,10689,300,8,100,False,0,car,0 days 00:25:05.699000,0 days 01:22:02.794000
2024-06-23 13:28:20.472,10718,302,8,100,False,0,car,0 days 00:25:06.059000,0 days 01:22:03.154000
2024-06-23 13:28:20.792,10771,303,8,100,False,0,car,0 days 00:25:06.379000,0 days 01:22:03.474000
2024-06-23 13:28:21.072,10800,304,8,100,False,0,car,0 days 00:25:06.659000,0 days 01:22:03.754000
2024-06-23 13:28:21.232,10830,304,8,100,False,0,car,0 days 00:25:06.819000,0 days 01:22:03.914000
2024-06-23 13:28:21.512,10848,305,8,100,False,0,car,0 days 00:25:07.099000,0 days 01:22:04.194000
2024-06-23 13:28:21.953,10887,308,8,100,False,0,car,0 days 00:25:07.540000,0 days 01:22:04.635000
2024-06-23 13:28:22.313,10929,307,8,100,False,0,car,0 days 00:25:07.900000,0 days 01:22:04.995000
2024-06-23 13:28:22.513,10950,308,8,100,False,0,car,0 days 00:25:08.100000,0 days 01:22:05.195000
2024-06-23 13:28:22.792,11022,308,8,100,False,0,car,0 days 00:25:08.379000,0 days 01:22:05.474000
2024-06-23 13:28:22.952,10997,309,8,100,False,0,car,0 days 00:25:08.539000,0 days 01:22:05.634000
2024-06-23 13:28:23.112,11005,309,8,100,False,0,car,0 days 00:25:08.699000,0 days 01:22:05.794000
2024-06-23 13:28:23.312,11011,310,8,100,False,0,car,0 days 00:25:08.899000,0 days 01:22:05.994000
2024-06-23 13:28:23.472,11020,310,8,100,False,0,car,0 days 00:25:09.059000,0 days 01:22:06.154000
2024-06-23 13:28:23.752,11032,311,8,100,False,0,car,0 days 00:25:09.339000,0 days 01:22:06.434000
2024-06-23 13:28:23.952,11026,310,8,100,False,0,car,0 days 00:25:09.539000,0 days 01:22:06.634000
2024-06-23 13:28:24.112,11001,310,8,100,False,0,car,0 days 00:25:09.699000,0 days 01:22:06.794000
2024-06-23 13:28:24.312,11024,310,8,100,False,0,car,0 days 00:25:09.899000,0 days 01:22:06.994000
2024-06-23 13:28:24.672,10937,309,8,100,False,0,car,0 days 00:25:10.259000,0 days 01:22:07.354000
2024-06-23 13:28:25.432,10787,305,8,100,False,0,car,0 days 00:25:11.019000,0 days 01:22:08.114000
2024-06-23 13:28:25.832,10485,296,8,0,True,0,car,0 days 00:25:11.419000,0 days 01:22:08.514000
2024-06-23 13:28:26.032,9974,290,8,0,True,0,car,0 days 00:25:11.619000,0 days 01:22:08.714000
2024-06-23 13:28:26.192,9433,271,8,0,True,0,car,0 days 00:25:11.779000,0 days 01:22:08.874000
2024-06-23 13:28:26.512,8464,232,8,0,True,0,car,0 days 00:25:12.099000,0 days 01:22:09.194000
2024-06-23 13:28:26.712,8935,211,8,0,True,0,car,0 days 00:25:12.299000,0 days 01:22:09.394000
2024-06-23 13:28:26.992,9153,184,8,0,True,0,car,0 days 00:25:12.579000,0 days 01:22:09.674000
2024-06-23 13:28:27.152,8922,172,7,0,True,0,car,0 days 00:25:12.739000,0 days 01:22:09.834000
2024-06-23 13:28:27.512,9721,159,5,0,True,0,car,0 days 00:25:13.099000,0 days 01:22:10.194000
2024-06-23 13:28:27.952,8928,144,4,0,True,0,car,0 days 00:25:13.539000,0 days 01:22:10.634000
2024-06-23 13:28:28.393,8523,138,4,0,False,0,car,0 days 00:25:13.980000,0 days 01:22:11.075000
2024-06-23 13:28:28.793,8492,134,4,39,False,0,car,0 days 00:25:14.380000,0 days 01:22:11.475000
2024-06-23 13:28:29.073,8811,135,4,55,False,0,car,0 days 00:25:14.660000,0 days 01:22:11.755000
2024-06-23 13:28:29.233,8920,138,4,55,False,0,car,0 days 00:25:14.820000,0 days 01:22:11.915000
2024-06-23 13:28:29.512,9119,142,4,65,False,0,car,0 days 00:25:15.099000,0 days 01:22:12.194000
2024-06-23 13:28:29.792,9615,151,4,72,False,0,car,0 days 00:25:15.379000,0 days 01:22:12.474000
2024-06-23 13:28:30.072,8505,156,4,55,False,0,car,0 days 00:25:15.659000,0 days 01:22:12.754000
2024-06-23 13:28:30.352,8512,159,5,55,False,0,car,0 days 00:25:15.939000,0 days 01:22:13.034000
2024-06-23 13:28:30.552,8555,161,5,55,False,0,car,0 days 00:25:16.139000,0 days 01:22:13.234000
2024-06-23 13:28:30.712,8818,162,5,65,False,0,car,0 days 00:25:16.299000,0 days 01:22:13.394000
2024-06-23 13:28:30.952,9017,166,5,74,False,0,car,0 days 00:25:16.539000,0 days 01:22:13.634000
2024-06-23 13:28:31.312,9554,173,5,85,False,0,car,0 days 00:25:16.899000,0 days 01:22:13.994000
2024-06-23 13:28:31.552,9900,181,5,87,False,0,car,0 days 00:25:17.139000,0 days 01:22:14.234000
2024-06-23 13:28:31.752,10089,187,5,89,False,0,car,0 days 00:25:17.339000,0 days 01:22:14.434000
2024-06-23 13:28:31.992,10514,192,5,100,False,0,car,0 days 00:25:17.579000,0 days 01:22:14.674000
2024-06-23 13:28:32.232,10702,198,5,100,False,0,car,0 days 00:25:17.819000,0 days 01:22:14.914000
2024-06-23 13:28:32.672,11257,212,5,78,False,0,car,0 days 00:25:18.259000,0 days 01:22:15.354000
2024-06-23 13:28:32.872,10803,213,5,63,False,0,car,0 days 00:25:18.459000,0 days 01:22:15.554000
2024-06-23 13:28:33.232,9741,213,5,57,False,0,car,0 days 00:25:18.819000,0 days 01:22:15.914000
2024-06-23 13:28:33.632,9353,206,6,0,False,0,car,0 days 00:25:19.219000,0 days 01:22:16.314000
2024-06-23 13:28:33.872,9218,202,6,27,False,0,car,0 days 00:25:19.459000,0 days 01:22:16.554000
2024-06-23 13:28:34.072,9144,200,6,44,False,0,car,0 days 00:25:19.659000,0 days 01:22:16.754000
2024-06-23 13:28:34.232,9190,198,6,54,False,0,car,0 days 00:25:19.819000,0 days 01:22:16.914000
2024-06-23 13:28:34.432,9225,198,6,67,False,0,car,0 days 00:25:20.019000,0 days 01:22:17.114000
2024-06-23 13:28:34.752,9357,201,6,77,False,0,car,0 days 00:25:20.339000,0 days 01:22:17.434000
2024-06-23 13:28:35.033,9563,205,6,77,False,0,car,0 days 00:25:20.620000,0 days 01:22:17.715000
2024-06-23 13:28:35.233,9724,208,6,81,False,0,car,0 days 00:25:20.820000,0 days 01:22:17.915000
2024-06-23 13:28:35.393,9738,210,6,82,False,0,car,0 days 00:25:20.980000,0 days 01:22:18.075000
2024-06-23 13:28:35.633,9964,213,6,85,False,0,car,0 days 00:25:21.220000,0 days 01:22:18.315000
2024-06-23 13:28:35.913,10135,216,6,100,False,0,car,0 days 00:25:21.500000,0 days 01:22:18.595000
2024-06-23 13:28:36.192,10387,223,6,100,False,0,car,0 days 00:25:21.779000,0 days 01:22:18.874000
2024-06-23 13:28:36.592,10692,232,6,100,False,0,car,0 days 00:25:22.179000,0 days 01:22:19.274000
2024-06-23 13:28:36.992,10966,238,6,100,False,0,car,0 days 00:25:22.579000,0 days 01:22:19.674000
2024-06-23 13:28:37.352,11247,243,6,100,False,0,car,0 days 00:25:22.939000,0 days 01:22:20.034000
2024-06-23 13:28:37.792,11498,250,6,100,False,0,car,0 days 00:25:23.379000,0 days 01:22:20.474000
2024-06-23 13:28:37.992,11637,253,6,100,False,0,car,0 days 00:25:23.579000,0 days 01:22:20.674000
2024-06-23 13:28:38.192,11746,256,6,100,False,0,car,0 days 00:25:23.779000,0 days 01:22:20.874000
2024-06-23 13:28:38.432,10739,259,6,100,False,0,car,0 days 00:25:24.019000,0 days 01:22:21.114000
2024-06-23 13:28:38.632,10480,262,7,100,False,0,car,0 days 00:25:24.219000,0 days 01:22:21.314000
2024-06-23 13:28:39.032,10747,266,7,100,False,0,car,0 days 00:25:24.619000,0 days 01:22:21.714000
2024-06-23 13:28:39.392,10827,270,7,100,False,0,car,0 days 00:25:24.979000,0 days 01:22:22.074000
2024-06-23 13:28:39.552,10908,271,7,100,False,0,car,0 days 00:25:25.139000,0 days 01:22:22.234000
2024-06-23 13:28:39.792,10959,273,7,100,False,0,car,0 days 00:25:25.379000,0 days 01:22:22.474000
2024-06-23 13:28:39.952,10988,275,7,100,False,0,car,0 days 00:25:25.539000,0 days 01:22:22.634000
2024-06-23 13:28:40.272,11049,275,7,100,False,0,car,0 days 00:25:25.859000,0 days 01:22:22.954000
2024-06-23 13:28:40.432,11046,276,7,100,False,0,car,0 days 00:25:26.019000,0 days 01:22:23.114000
2024-06-23 13:28:40.712,11076,276,7,100,False,0,car,0 days 00:25:26.299000,0 days 01:22:23.394000
2024-06-23 13:28:41.152,10138,265,7,0,True,0,car,0 days 00:25:26.739000,0 days 01:22:23.834000
2024-06-23 13:28:41.312,9565,242,7,0,True,0,car,0 days 00:25:26.899000,0 days 01:22:23.994000
2024-06-23 13:28:41.512,9268,221,7,0,True,0,car,0 days 00:25:27.099000,0 days 01:22:24.194000
2024-06-23 13:28:41.713,9116,203,7,0,True,0,car,0 days 00:25:27.300000,0 days 01:22:24.395000
2024-06-23 13:28:41.873,9859,189,6,0,True,0,car,0 days 00:25:27.460000,0 days 01:22:24.555000
2024-06-23 13:28:42.233,9107,169,5,0,True,0,car,0 days 00:25:27.820000,0 days 01:22:24.915000
2024-06-23 13:28:42.553,9678,158,4,0,True,0,car,0 days 00:25:28.140000,0 days 01:22:25.235000
2024-06-23 13:28:42.753,9346,152,4,0,True,0,car,0 days 00:25:28.340000,0 days 01:22:25.435000
2024-06-23 13:28:43.072,8853,143,4,0,True,0,car,0 days 00:25:28.659000,0 days 01:22:25.754000
2024-06-23 13:28:43.312,8728,139,4,0,True,0,car,0 days 00:25:28.899000,0 days 01:22:25.994000
2024-06-23 13:28:43.592,8330,134,4,0,False,0,car,0 days 00:25:29.179000,0 days 01:22:26.274000
2024-06-23 13:28:43.872,8084,130,4,1,False,0,car,0 days 00:25:29.459000,0 days 01:22:26.554000
2024-06-23 13:28:44.232,8310,129,4,44,False,0,car,0 days 00:25:29.819000,0 days 01:22:26.914000
2024-06-23 13:28:44.432,8434,129,4,51,False,0,car,0 days 00:25:30.019000,0 days 01:22:27.114000
2024-06-23 13:28:44.792,8747,133,4,58,False,0,car,0 days 00:25:30.379000,0 days 01:22:27.474000
2024-06-23 13:28:44.992,8995,138,4,64,False,0,car,0 days 00:25:30.579000,0 days 01:22:27.674000
2024-06-23 13:28:45.352,9534,147,4,74,False,0,car,0 days 00:25:30.939000,0 days 01:22:28.034000
2024-06-23 13:28:45.512,9682,150,4,76,False,0,car,0 days 00:25:31.099000,0 days 01:22:28.194000
2024-06-23 13:28:45.712,9963,153,4,80,False,0,car,0 days 00:25:31.299000,0 days 01:22:28.394000
2024-06-23 13:28:45.992,10776,166,4,85,False,0,car,0 days 00:25:31.579000,0 days 01:22:28.674000
2024-06-23 13:28:46.272,11344,175,4,100,False,0,car,0 days 00:25:31.859000,0 days 01:22:28.954000
2024-06-23 13:28:46.432,11372,181,4,100,False,0,car,0 days 00:25:32.019000,0 days 01:22:29.114000
2024-06-23 13:28:46.712,10076,187,4,100,False,0,car,0 days 00:25:32.299000,0 days 01:22:29.394000
2024-06-23 13:28:46.872,10454,194,5,100,False,0,car,0 days 00:25:32.459000,0 days 01:22:29.554000
2024-06-23 13:28:47.152,10921,202,5,100,False,0,car,0 days 00:25:32.739000,0 days 01:22:29.834000
2024-06-23 13:28:47.432,11224,209,5,100,False,0,car,0 days 00:25:33.019000,0 days 01:22:30.114000
2024-06-23 13:28:47.672,11479,213,5,100,False,0,car,0 days 00:25:33.259000,0 days 01:22:30.354000
2024-06-23 13:28:47.872,11771,218,5,100,False,0,car,0 days 00:25:33.459000,0 days 01:22:30.554000
2024-06-23 13:28:48.113,11076,223,5,100,False,0,car,0 days 00:25:33.700000,0 days 01:22:30.795000
2024-06-23 13:28:48.553,10632,231,6,100,False,0,car,0 days 00:25:34.140000,0 days 01:22:31.235000
2024-06-23 13:28:48.793,10747,235,6,100,False,0,car,0 days 00:25:34.380000,0 days 01:22:31.475000
2024-06-23 13:28:49.033,10858,239,6,100,False,0,car,0 days 00:25:34.620000,0 days 01:22:31.715000
2024-06-23 13:28:49.313,9896,233,6,0,True,0,car,0 days 00:25:34.900000,0 days 01:22:31.995000
2024-06-23 13:28:49.552,9390,204,6,0,True,0,car,0 days 00:25:35.139000,0 days 01:22:32.234000
2024-06-23 13:28:49.872,9081,194,6,0,True,0,car,0 days 00:25:35.459000,0 days 01:22:32.554000
2024-06-23 13:28:50.072,9110,159,5,0,True,0,car,0 days 00:25:35.659000,0 days 01:22:32.754000
2024-06-23 13:28:50.352,8698,142,4,0,True,0,car,0 days 00:25:35.939000,0 days 01:22:33.034000
2024-06-23 13:28:50.672,9216,133,3,0,True,0,car,0 days 00:25:36.259000,0 days 01:22:33.354000
2024-06-23 13:28:51.072,8378,120,3,0,True,0,car,0 days 00:25:36.659000,0 days 01:22:33.754000
2024-06-23 13:28:51.352,7921,109,3,0,True,0,car,0 days 00:25:36.939000,0 days 01:22:34.034000
2024-06-23 13:28:51.592,7612,104,3,0,True,0,car,0 days 00:25:37.179000,0 days 01:22:34.274000
2024-06-23 13:28:51.912,7231,99,3,0,True,0,car,0 days 00:25:37.499000,0 days 01:22:34.594000
2024-06-23 13:28:52.192,6996,94,3,0,False,0,car,0 days 00:25:37.779000,0 days 01:22:34.874000
2024-06-23 13:28:52.432,6851,92,3,0,False,0,car,0 days 00:25:38.019000,0 days 01:22:35.114000
2024-06-23 13:28:52.632,7001,91,3,12,False,0,car,0 days 00:25:38.219000,0 days 01:22:35.314000
2024-06-23 13:28:52.792,6963,92,3,28,False,0,car,0 days 00:25:38.379000,0 days 01:22:35.474000
2024-06-23 13:28:53.112,7328,95,3,38,False,0,car,0 days 00:25:38.699000,0 days 01:22:35.794000
2024-06-23 13:28:53.312,7612,98,3,42,False,0,car,0 days 00:25:38.899000,0 days 01:22:35.994000
2024-06-23 13:28:53.552,8186,104,3,47,False,0,car,0 days 00:25:39.139000,0 days 01:22:36.234000
2024-06-23 13:28:53.912,8421,110,3,55,False,0,car,0 days 00:25:39.499000,0 days 01:22:36.594000
2024-06-23 13:28:54.072,8963,116,3,63,False,0,car,0 days 00:25:39.659000,0 days 01:22:36.754000
2024-06-23 13:28:54.312,9511,123,3,71,False,0,car,0 days 00:25:39.899000,0 days 01:22:36.994000
2024-06-23 13:28:54.472,8966,131,3,79,False,0,car,0 days 00:25:40.059000,0 days 01:22:37.154000
2024-06-23 13:28:54.753,9292,142,4,100,False,0,car,0 days 00:25:40.340000,0 days 01:22:37.435000
2024-06-23 13:28:54.953,9935,152,4,100,False,0,car,0 days 00:25:40.540000,0 days 01:22:37.635000
2024-06-23 13:28:55.113,10073,158,4,100,False,0,car,0 days 00:25:40.700000,0 days 01:22:37.795000
2024-06-23 13:28:55.273,10935,168,4,100,False,0,car,0 days 00:25:40.860000,0 days 01:22:37.955000
2024-06-23 13:28:55.553,11465,175,4,100,False,0,car,0 days 00:25:41.140000,0 days 01:22:38.235000
2024-06-23 13:28:55.713,10625,184,4,100,False,0,car,0 days 00:25:41.300000,0 days 01:22:38.395000
2024-06-23 13:28:56.033,10539,198,5,100,False,0,car,0 days 00:25:41.620000,0 days 01:22:38.715000
2024-06-23 13:28:56.272,10931,201,5,100,False,0,car,0 days 00:25:41.859000,0 days 01:22:38.954000
2024-06-23 13:28:56.472,11235,210,5,100,False,0,car,0 days 00:25:42.059000,0 days 01:22:39.154000
2024-06-23 13:28:56.632,11500,216,5,100,False,0,car,0 days 00:25:42.219000,0 days 01:22:39.314000
2024-06-23 13:28:56.912,11788,221,5,100,False,0,car,0 days 00:25:42.499000,0 days 01:22:39.594000
2024-06-23 13:28:57.232,10303,224,6,100,False,0,car,0 days 00:25:42.819000,0 days 01:22:39.914000
2024-06-23 13:28:57.512,10780,235,6,100,False,0,car,0 days 00:25:43.099000,0 days 01:22:40.194000
2024-06-23 13:28:57.952,11134,244,6,100,False,0,car,0 days 00:25:43.539000,0 days 01:22:40.634000
2024-06-23 13:28:58.272,11311,247,6,100,False,0,car,0 days 00:25:43.859000,0 days 01:22:40.954000
2024-06-23 13:28:58.472,11408,249,6,100,False,0,car,0 days 00:25:44.059000,0 days 01:22:41.154000
2024-06-23 13:28:58.672,11441,250,6,100,False,0,car,0 days 00:25:44.259000,0 days 01:22:41.354000
2024-06-23 13:28:58.952,10901,238,6,0,True,0,car,0 days 00:25:44.539000,0 days 01:22:41.634000
2024-06-23 13:28:59.312,9272,206,6,0,True,0,car,0 days 00:25:44.899000,0 days 01:22:41.994000
2024-06-23 13:28:59.552,9496,180,5,0,True,0,car,0 days 00:25:45.139000,0 days 01:22:42.234000
2024-06-23 13:28:59.912,9711,159,5,0,True,0,car,0 days 00:25:45.499000,0 days 01:22:42.594000
2024-06-23 13:29:00.152,9105,151,4,0,True,0,car,0 days 00:25:45.739000,0 days 01:22:42.834000
2024-06-23 13:29:00.592,8658,140,4,0,True,0,car,0 days 00:25:46.179000,0 days 01:22:43.274000
2024-06-23 13:29:00.752,8628,137,4,0,False,0,car,0 days 00:25:46.339000,0 days 01:22:43.434000
2024-06-23 13:29:00.912,8429,135,4,0,False,0,car,0 days 00:25:46.499000,0 days 01:22:43.594000
2024-06-23 13:29:01.072,8410,133,4,9,False,0,car,0 days 00:25:46.659000,0 days 01:22:43.754000
2024-06-23 13:29:01.273,8517,131,4,34,False,0,car,0 days 00:25:46.860000,0 days 01:22:43.955000
2024-06-23 13:29:01.513,8421,131,4,42,False,0,car,0 days 00:25:47.100000,0 days 01:22:44.195000
2024-06-23 13:29:01.753,8680,133,4,54,False,0,car,0 days 00:25:47.340000,0 days 01:22:44.435000
2024-06-23 13:29:01.953,9030,137,4,65,False,0,car,0 days 00:25:47.540000,0 days 01:22:44.635000
2024-06-23 13:29:02.433,10065,152,4,86,False,0,car,0 days 00:25:48.020000,0 days 01:22:45.115000
2024-06-23 13:29:02.593,10014,156,4,100,False,0,car,0 days 00:25:48.180000,0 days 01:22:45.275000
2024-06-23 13:29:02.753,10968,165,4,100,False,0,car,0 days 00:25:48.340000,0 days 01:22:45.435000
2024-06-23 13:29:03.032,11323,175,4,100,False,0,car,0 days 00:25:48.619000,0 days 01:22:45.714000
2024-06-23 13:29:03.272,11055,182,4,100,False,0,car,0 days 00:25:48.859000,0 days 01:22:45.954000
2024-06-23 13:29:03.712,10532,189,5,100,False,0,car,0 days 00:25:49.299000,0 days 01:22:46.394000
2024-06-23 13:29:04.072,11076,206,5,100,False,0,car,0 days 00:25:49.659000,0 days 01:22:46.754000
2024-06-23 13:29:04.272,11333,211,5,100,False,0,car,0 days 00:25:49.859000,0 days 01:22:46.954000
2024-06-23 13:29:04.592,11691,219,5,100,False,0,car,0 days 00:25:50.179000,0 days 01:22:47.274000
2024-06-23 13:29:04.872,10852,225,5,100,False,0,car,0 days 00:25:50.459000,0 days 01:22:47.554000
2024-06-23 13:29:05.352,10760,234,6,100,False,0,car,0 days 00:25:50.939000,0 days 01:22:48.034000
2024-06-23 13:29:05.712,10869,238,6,100,False,0,car,0 days 00:25:51.299000,0 days 01:22:48.394000
2024-06-23 13:29:05.872,10572,239,6,17,False,0,car,0 days 00:25:51.459000,0 days 01:22:48.554000
2024-06-23 13:29:06.072,10561,236,6,0,False,0,car,0 days 00:25:51.659000,0 days 01:22:48.754000
2024-06-23 13:29:06.232,10535,231,6,0,False,0,car,0 days 00:25:51.819000,0 days 01:22:48.914000
2024-06-23 13:29:06.472,10273,227,6,1,False,0,car,0 days 00:25:52.059000,0 days 01:22:49.154000
2024-06-23 13:29:06.752,10231,221,6,39,False,0,car,0 days 00:25:52.339000,0 days 01:22:49.434000
2024-06-23 13:29:07.032,9998,221,6,51,False,0,car,0 days 00:25:52.619000,0 days 01:22:49.714000
2024-06-23 13:29:07.392,10022,217,6,68,False,0,car,0 days 00:25:52.979000,0 days 01:22:50.074000
2024-06-23 13:29:07.672,10116,216,6,83,False,0,car,0 days 00:25:53.259000,0 days 01:22:50.354000
2024-06-23 13:29:08.033,10314,223,6,100,False,0,car,0 days 00:25:53.620000,0 days 01:22:50.715000
2024-06-23 13:29:08.793,10873,234,6,100,False,0,car,0 days 00:25:54.380000,0 days 01:22:51.475000
2024-06-23 13:29:09.073,11031,240,6,100,False,0,car,0 days 00:25:54.660000,0 days 01:22:51.755000
2024-06-23 13:29:09.433,11311,247,6,100,False,0,car,0 days 00:25:55.020000,0 days 01:22:52.115000
2024-06-23 13:29:09.712,11476,251,6,100,False,0,car,0 days 00:25:55.299000,0 days 01:22:52.394000
2024-06-23 13:29:09.952,11690,255,6,100,False,0,car,0 days 00:25:55.539000,0 days 01:22:52.634000
2024-06-23 13:29:10.232,10935,258,6,100,False,0,car,0 days 00:25:55.819000,0 days 01:22:52.914000
2024-06-23 13:29:10.592,10521,263,7,100,False,0,car,0 days 00:25:56.179000,0 days 01:22:53.274000
2024-06-23 13:29:10.872,10731,265,7,100,False,0,car,0 days 00:25:56.459000,0 days 01:22:53.554000
2024-06-23 13:29:11.192,10882,271,7,100,False,0,car,0 days 00:25:56.779000,0 days 01:22:53.874000
2024-06-23 13:29:11.352,10953,274,7,100,False,0,car,0 days 00:25:56.939000,0 days 01:22:54.034000
2024-06-23 13:29:11.592,11015,275,7,100,False,0,car,0 days 00:25:57.179000,0 days 01:22:54.274000
2024-06-23 13:29:11.792,11128,277,7,100,False,0,car,0 days 00:25:57.379000,0 days 01:22:54.474000
2024-06-23 13:29:12.072,11223,281,7,100,False,0,car,0 days 00:25:57.659000,0 days 01:22:54.754000
2024-06-23 13:29:12.352,11300,282,7,100,False,0,car,0 days 00:25:57.939000,0 days 01:22:55.034000
2024-06-23 13:29:12.512,11326,283,7,100,False,0,car,0 days 00:25:58.099000,0 days 01:22:55.194000
2024-06-23 13:29:12.912,11352,284,7,100,False,0,car,0 days 00:25:58.499000,0 days 01:22:55.594000
2024-06-23 13:29:13.232,11436,286,7,100,False,0,car,0 days 00:25:58.819000,0 days 01:22:55.914000
2024-06-23 13:29:13.392,11411,285,7,94,False,0,car,0 days 00:25:58.979000,0 days 01:22:56.074000
2024-06-23 13:29:13.672,11067,284,7,0,True,0,car,0 days 00:25:59.259000,0 days 01:22:56.354000
2024-06-23 13:29:13.912,10519,267,7,0,True,0,car,0 days 00:25:59.499000,0 days 01:22:56.594000
2024-06-23 13:29:14.112,9649,245,7,0,True,0,car,0 days 00:25:59.699000,0 days 01:22:56.794000
2024-06-23 13:29:14.433,9621,212,7,0,True,0,car,0 days 00:26:00.020000,0 days 01:22:57.115000
2024-06-23 13:29:14.713,9542,182,6,0,True,0,car,0 days 00:26:00.300000,0 days 01:22:57.395000
2024-06-23 13:29:14.913,8783,167,5,0,True,0,car,0 days 00:26:00.500000,0 days 01:22:57.595000
2024-06-23 13:29:15.193,9391,150,4,0,True,0,car,0 days 00:26:00.780000,0 days 01:22:57.875000
2024-06-23 13:29:15.393,8571,140,4,0,True,0,car,0 days 00:26:00.980000,0 days 01:22:58.075000
2024-06-23 13:29:15.593,9431,134,4,0,True,0,car,0 days 00:26:01.180000,0 days 01:22:58.275000
2024-06-23 13:29:15.913,9177,124,3,0,True,0,car,0 days 00:26:01.500000,0 days 01:22:58.595000
2024-06-23 13:29:16.313,8673,118,3,0,True,0,car,0 days 00:26:01.900000,0 days 01:22:58.995000
2024-06-23 13:29:16.472,8438,116,3,0,True,0,car,0 days 00:26:02.059000,0 days 01:22:59.154000
2024-06-23 13:29:16.752,8203,111,3,0,True,0,car,0 days 00:26:02.339000,0 days 01:22:59.434000
2024-06-23 13:29:16.952,8123,109,3,0,False,0,car,0 days 00:26:02.539000,0 days 01:22:59.634000
2024-06-23 13:29:17.112,8106,108,3,0,False,0,car,0 days 00:26:02.699000,0 days 01:22:59.794000
2024-06-23 13:29:17.432,7812,105,3,5,False,0,car,0 days 00:26:03.019000,0 days 01:23:00.114000
2024-06-23 13:29:17.832,7849,103,3,14,False,0,car,0 days 00:26:03.419000,0 days 01:23:00.514000
2024-06-23 13:29:17.992,7724,103,3,27,False,0,car,0 days 00:26:03.579000,0 days 01:23:00.674000
2024-06-23 13:29:18.432,8072,107,3,40,False,0,car,0 days 00:26:04.019000,0 days 01:23:01.114000
2024-06-23 13:29:18.752,8369,111,3,46,False,0,car,0 days 00:26:04.339000,0 days 01:23:01.434000
2024-06-23 13:29:18.992,8581,114,3,55,False,0,car,0 days 00:26:04.579000,0 days 01:23:01.674000
2024-06-23 13:29:19.192,9098,114,3,60,False,0,car,0 days 00:26:04.779000,0 days 01:23:01.874000
2024-06-23 13:29:19.352,9464,124,3,65,False,0,car,0 days 00:26:04.939000,0 days 01:23:02.034000
2024-06-23 13:29:19.512,9700,126,3,67,False,0,car,0 days 00:26:05.099000,0 days 01:23:02.194000
2024-06-23 13:29:19.792,10027,136,3,72,False,0,car,0 days 00:26:05.379000,0 days 01:23:02.474000
2024-06-23 13:29:20.072,9410,146,4,85,False,0,car,0 days 00:26:05.659000,0 days 01:23:02.754000
2024-06-23 13:29:20.272,9935,154,4,86,False,0,car,0 days 00:26:05.859000,0 days 01:23:02.954000
2024-06-23 13:29:20.672,10423,164,4,89,False,0,car,0 days 00:26:06.259000,0 days 01:23:03.354000
2024-06-23 13:29:20.832,10563,164,4,89,False,0,car,0 days 00:26:06.419000,0 days 01:23:03.514000
2024-06-23 13:29:21.033,11603,183,4,100,False,0,car,0 days 00:26:06.620000,0 days 01:23:03.715000
2024-06-23 13:29:21.353,10252,191,5,100,False,0,car,0 days 00:26:06.940000,0 days 01:23:04.035000
2024-06-23 13:29:21.553,10072,196,5,39,False,0,car,0 days 00:26:07.140000,0 days 01:23:04.235000
2024-06-23 13:29:21.753,9498,187,5,0,True,0,car,0 days 00:26:07.340000,0 days 01:23:04.435000
2024-06-23 13:29:21.913,9411,181,5,0,True,0,car,0 days 00:26:07.500000,0 days 01:23:04.595000
2024-06-23 13:29:22.153,9074,166,5,0,True,0,car,0 days 00:26:07.740000,0 days 01:23:04.835000
2024-06-23 13:29:22.313,9903,161,5,0,True,0,car,0 days 00:26:07.900000,0 days 01:23:04.995000
2024-06-23 13:29:22.753,8771,143,4,0,True,0,car,0 days 00:26:08.340000,0 days 01:23:05.435000
2024-06-23 13:29:22.953,8378,140,4,0,True,0,car,0 days 00:26:08.540000,0 days 01:23:05.635000
2024-06-23 13:29:23.352,7738,125,4,0,True,0,car,0 days 00:26:08.939000,0 days 01:23:06.034000
2024-06-23 13:29:23.752,7388,118,4,0,False,0,car,0 days 00:26:09.339000,0 days 01:23:06.434000
2024-06-23 13:29:23.992,7242,116,4,0,False,0,car,0 days 00:26:09.579000,0 days 01:23:06.674000
2024-06-23 13:29:24.352,6800,111,4,0,False,0,car,0 days 00:26:09.939000,0 days 01:23:07.034000
2024-06-23 13:29:24.632,6906,108,4,0,False,0,car,0 days 00:26:10.219000,0 days 01:23:07.314000
2024-06-23 13:29:24.832,6899,108,4,22,False,0,car,0 days 00:26:10.419000,0 days 01:23:07.514000
2024-06-23 13:29:25.032,7031,109,4,36,False,0,car,0 days 00:26:10.619000,0 days 01:23:07.714000
2024-06-23 13:29:25.232,7266,110,4,40,False,0,car,0 days 00:26:10.819000,0 days 01:23:07.914000
2024-06-23 13:29:25.432,7463,114,4,46,False,0,car,0 days 00:26:11.019000,0 days 01:23:08.114000
2024-06-23 13:29:25.632,7674,117,4,48,False,0,car,0 days 00:26:11.219000,0 days 01:23:08.314000
2024-06-23 13:29:25.872,7934,119,4,55,False,0,car,0 days 00:26:11.459000,0 days 01:23:08.554000
2024-06-23 13:29:26.272,8465,129,4,61,False,0,car,0 days 00:26:11.859000,0 days 01:23:08.954000
2024-06-23 13:29:26.632,8886,139,4,65,False,0,car,0 days 00:26:12.219000,0 days 01:23:09.314000
2024-06-23 13:29:26.872,9503,146,4,78,False,0,car,0 days 00:26:12.459000,0 days 01:23:09.554000
2024-06-23 13:29:27.032,9842,152,4,82,False,0,car,0 days 00:26:12.619000,0 days 01:23:09.714000
2024-06-23 13:29:27.272,10427,159,4,87,False,0,car,0 days 00:26:12.859000,0 days 01:23:09.954000
2024-06-23 13:29:27.633,10958,174,4,100,False,0,car,0 days 00:26:13.220000,0 days 01:23:10.315000
2024-06-23 13:29:27.833,10678,181,4,100,False,0,car,0 days 00:26:13.420000,0 days 01:23:10.515000
2024-06-23 13:29:28.073,10151,188,5,100,False,0,car,0 days 00:26:13.660000,0 days 01:23:10.755000
2024-06-23 13:29:28.233,10541,195,5,100,False,0,car,0 days 00:26:13.820000,0 days 01:23:10.915000
2024-06-23 13:29:28.593,11275,205,5,100,False,0,car,0 days 00:26:14.180000,0 days 01:23:11.275000
2024-06-23 13:29:28.873,11461,214,5,100,False,0,car,0 days 00:26:14.460000,0 days 01:23:11.555000
2024-06-23 13:29:29.153,10532,221,5,100,False,0,car,0 days 00:26:14.740000,0 days 01:23:11.835000
2024-06-23 13:29:29.433,10564,225,5,96,False,0,car,0 days 00:26:15.020000,0 days 01:23:12.115000
2024-06-23 13:29:29.713,10727,229,6,95,False,0,car,0 days 00:26:15.300000,0 days 01:23:12.395000
2024-06-23 13:29:30.112,10896,236,6,83,False,0,car,0 days 00:26:15.699000,0 days 01:23:12.794000
2024-06-23 13:29:30.312,11030,237,6,75,False,0,car,0 days 00:26:15.899000,0 days 01:23:12.994000
2024-06-23 13:29:30.552,10892,238,6,94,False,0,car,0 days 00:26:16.139000,0 days 01:23:13.234000
2024-06-23 13:29:30.872,11234,242,6,100,False,0,car,0 days 00:26:16.459000,0 days 01:23:13.554000
2024-06-23 13:29:31.072,11303,244,6,100,False,0,car,0 days 00:26:16.659000,0 days 01:23:13.754000
2024-06-23 13:29:31.312,11395,247,6,100,False,0,car,0 days 00:26:16.899000,0 days 01:23:13.994000
2024-06-23 13:29:31.632,11457,251,6,100,False,0,car,0 days 00:26:17.219000,0 days 01:23:14.314000
2024-06-23 13:29:31.792,11457,251,6,100,False,0,car,0 days 00:26:17.379000,0 days 01:23:14.474000
2024-06-23 13:29:32.232,11525,256,6,100,False,0,car,0 days 00:26:17.819000,0 days 01:23:14.914000
2024-06-23 13:29:32.472,9845,258,6,100,False,0,car,0 days 00:26:18.059000,0 days 01:23:15.154000
2024-06-23 13:29:32.872,9708,257,7,0,True,0,car,0 days 00:26:18.459000,0 days 01:23:15.554000
2024-06-23 13:29:33.112,9844,248,7,0,True,0,car,0 days 00:26:18.699000,0 days 01:23:15.794000
2024-06-23 13:29:33.392,10568,238,7,0,False,0,car,0 days 00:26:18.979000,0 days 01:23:16.074000
2024-06-23 13:29:33.552,10502,233,6,0,False,0,car,0 days 00:26:19.139000,0 days 01:23:16.234000
2024-06-23 13:29:33.912,10489,227,6,41,False,0,car,0 days 00:26:19.499000,0 days 01:23:16.594000
2024-06-23 13:29:34.193,10465,225,6,74,False,0,car,0 days 00:26:19.780000,0 days 01:23:16.875000
2024-06-23 13:29:34.433,10427,226,6,70,False,0,car,0 days 00:26:20.020000,0 days 01:23:17.115000
2024-06-23 13:29:34.713,10563,227,6,85,False,0,car,0 days 00:26:20.300000,0 days 01:23:17.395000
2024-06-23 13:29:35.113,10857,233,6,100,False,0,car,0 days 00:26:20.700000,0 days 01:23:17.795000
2024-06-23 13:29:35.273,10899,236,6,100,False,0,car,0 days 00:26:20.860000,0 days 01:23:17.955000
2024-06-23 13:29:35.433,10899,236,6,100,False,0,car,0 days 00:26:21.020000,0 days 01:23:18.115000
2024-06-23 13:29:35.673,11206,242,6,100,False,0,car,0 days 00:26:21.260000,0 days 01:23:18.355000
2024-06-23 13:29:35.953,11385,244,6,100,False,0,car,0 days 00:26:21.540000,0 days 01:23:18.635000
2024-06-23 13:29:36.113,11348,247,6,100,False,0,car,0 days 00:26:21.700000,0 days 01:23:18.795000
2024-06-23 13:29:36.513,11607,253,6,100,False,0,car,0 days 00:26:22.100000,0 days 01:23:19.195000
2024-06-23 13:29:36.752,11795,257,6,100,False,0,car,0 days 00:26:22.339000,0 days 01:23:19.434000
2024-06-23 13:29:36.912,11095,259,6,100,False,0,car,0 days 00:26:22.499000,0 days 01:23:19.594000
2024-06-23 13:29:37.272,10720,265,7,100,False,0,car,0 days 00:26:22.859000,0 days 01:23:19.954000
2024-06-23 13:29:37.552,10755,267,7,100,False,0,car,0 days 00:26:23.139000,0 days 01:23:20.234000
2024-06-23 13:29:37.912,10840,270,7,100,False,0,car,0 days 00:26:23.499000,0 days 01:23:20.594000
2024-06-23 13:29:38.192,10996,275,7,100,False,0,car,0 days 00:26:23.779000,0 days 01:23:20.874000
2024-06-23 13:29:38.632,11188,276,7,100,False,0,car,0 days 00:26:24.219000,0 days 01:23:21.314000
2024-06-23 13:29:38.872,11295,281,7,100,False,0,car,0 days 00:26:24.459000,0 days 01:23:21.554000
2024-06-23 13:29:39.232,11388,284,7,100,False,0,car,0 days 00:26:24.819000,0 days 01:23:21.914000
2024-06-23 13:29:39.632,11537,288,7,100,False,0,car,0 days 00:26:25.219000,0 days 01:23:22.314000
2024-06-23 13:29:39.992,11592,290,7,100,False,0,car,0 days 00:26:25.579000,0 days 01:23:22.674000
2024-06-23 13:29:40.312,11664,291,7,100,False,0,car,0 days 00:26:25.899000,0 days 01:23:22.994000
2024-06-23 13:29:40.672,10300,294,7,100,False,0,car,0 days 00:26:26.259000,0 days 01:23:23.354000
2024-06-23 13:29:41.073,10536,295,8,100,False,0,car,0 days 00:26:26.660000,0 days 01:23:23.755000
2024-06-23 13:29:41.353,10527,297,8,100,False,0,car,0 days 00:26:26.940000,0 days 01:23:24.035000
2024-06-23 13:29:41.633,10606,297,8,100,False,0,car,0 days 00:26:27.220000,0 days 01:23:24.315000
2024-06-23 13:29:41.913,10624,299,8,100,False,0,car,0 days 00:26:27.500000,0 days 01:23:24.595000
2024-06-23 13:29:42.153,10657,300,8,100,False,0,car,0 days 00:26:27.740000,0 days 01:23:24.835000
2024-06-23 13:29:42.593,10705,301,8,100,False,0,car,0 days 00:26:28.180000,0 days 01:23:25.275000
2024-06-23 13:29:42.873,10746,302,8,100,False,0,car,0 days 00:26:28.460000,0 days 01:23:25.555000
2024-06-23 13:29:43.153,10754,302,8,100,False,0,car,0 days 00:26:28.740000,0 days 01:23:25.835000
2024-06-23 13:29:43.392,10763,303,8,100,False,0,car,0 days 00:26:28.979000,0 days 01:23:26.074000
2024-06-23 13:29:43.552,10799,304,8,100,False,0,car,0 days 00:26:29.139000,0 days 01:23:26.234000
2024-06-23 13:29:43.712,10803,304,8,100,False,0,car,0 days 00:26:29.299000,0 days 01:23:26.394000
2024-06-23 13:29:43.952,10865,305,8,100,False,0,car,0 days 00:26:29.539000,0 days 01:23:26.634000
2024-06-23 13:29:44.192,10870,306,8,100,False,0,car,0 days 00:26:29.779000,0 days 01:23:26.874000
2024-06-23 13:29:44.432,10891,306,8,100,False,0,car,0 days 00:26:30.019000,0 days 01:23:27.114000
2024-06-23 13:29:44.672,10925,307,8,100,False,0,car,0 days 00:26:30.259000,0 days 01:23:27.354000
2024-06-23 13:29:44.992,10917,307,8,100,False,0,car,0 days 00:26:30.579000,0 days 01:23:27.674000
2024-06-23 13:29:45.152,10919,308,8,100,False,0,car,0 days 00:26:30.739000,0 days 01:23:27.834000
2024-06-23 13:29:45.392,10895,308,8,100,False,0,car,0 days 00:26:30.979000,0 days 01:23:28.074000
2024-06-23 13:29:45.552,10939,307,8,100,False,0,car,0 days 00:26:31.139000,0 days 01:23:28.234000
2024-06-23 13:29:45.792,10939,306,8,100,False,0,car,0 days 00:26:31.379000,0 days 01:23:28.474000
2024-06-23 13:29:45.952,10853,305,8,100,False,0,car,0 days 00:26:31.539000,0 days 01:23:28.634000
2024-06-23 13:29:46.192,10827,305,8,100,False,0,car,0 days 00:26:31.779000,0 days 01:23:28.874000
2024-06-23 13:29:46.352,10815,304,8,100,False,0,car,0 days 00:26:31.939000,0 days 01:23:29.034000
2024-06-23 13:29:46.632,10763,303,8,100,False,0,car,0 days 00:26:32.219000,0 days 01:23:29.314000
2024-06-23 13:29:47.152,10531,293,8,0,False,0,car,0 days 00:26:32.739000,0 days 01:23:29.834000
2024-06-23 13:29:47.513,9683,276,8,0,True,0,car,0 days 00:26:33.100000,0 days 01:23:30.195000
2024-06-23 13:29:47.673,9263,255,8,0,True,0,car,0 days 00:26:33.260000,0 days 01:23:30.355000
2024-06-23 13:29:47.913,8876,231,8,0,True,0,car,0 days 00:26:33.500000,0 days 01:23:30.595000
2024-06-23 13:29:48.113,9120,211,7,0,True,0,car,0 days 00:26:33.700000,0 days 01:23:30.795000
2024-06-23 13:29:48.313,8610,200,7,0,True,0,car,0 days 00:26:33.900000,0 days 01:23:30.995000
2024-06-23 13:29:48.513,9113,177,7,0,True,0,car,0 days 00:26:34.100000,0 days 01:23:31.195000
2024-06-23 13:29:48.873,9780,157,5,0,True,0,car,0 days 00:26:34.460000,0 days 01:23:31.555000
2024-06-23 13:29:49.073,9424,155,4,0,True,0,car,0 days 00:26:34.660000,0 days 01:23:31.755000
2024-06-23 13:29:49.353,9064,147,4,0,True,0,car,0 days 00:26:34.940000,0 days 01:23:32.035000
2024-06-23 13:29:49.553,8983,143,4,0,False,0,car,0 days 00:26:35.140000,0 days 01:23:32.235000
2024-06-23 13:29:49.873,8513,138,4,3,False,0,car,0 days 00:26:35.460000,0 days 01:23:32.555000
2024-06-23 13:29:50.192,8420,135,4,30,False,0,car,0 days 00:26:35.779000,0 days 01:23:32.874000
2024-06-23 13:29:50.392,8405,135,4,50,False,0,car,0 days 00:26:35.979000,0 days 01:23:33.074000
2024-06-23 13:29:50.592,8889,139,4,57,False,0,car,0 days 00:26:36.179000,0 days 01:23:33.274000
2024-06-23 13:29:50.872,9046,143,4,61,False,0,car,0 days 00:26:36.459000,0 days 01:23:33.554000
2024-06-23 13:29:51.112,9659,148,4,74,False,0,car,0 days 00:26:36.699000,0 days 01:23:33.794000
2024-06-23 13:29:51.432,8985,160,4,72,False,0,car,0 days 00:26:37.019000,0 days 01:23:34.114000
2024-06-23 13:29:51.752,8833,163,5,61,False,0,car,0 days 00:26:37.339000,0 days 01:23:34.434000
2024-06-23 13:29:52.072,9001,165,5,64,False,0,car,0 days 00:26:37.659000,0 days 01:23:34.754000
2024-06-23 13:29:52.472,9265,172,5,73,False,0,car,0 days 00:26:38.059000,0 days 01:23:35.154000
2024-06-23 13:29:52.632,9498,175,5,77,False,0,car,0 days 00:26:38.219000,0 days 01:23:35.314000
2024-06-23 13:29:52.992,9987,182,5,85,False,0,car,0 days 00:26:38.579000,0 days 01:23:35.674000
2024-06-23 13:29:53.192,10077,188,5,89,False,0,car,0 days 00:26:38.779000,0 days 01:23:35.874000
2024-06-23 13:29:53.432,10485,196,5,100,False,0,car,0 days 00:26:39.019000,0 days 01:23:36.114000
2024-06-23 13:29:53.712,10866,202,5,100,False,0,car,0 days 00:26:39.299000,0 days 01:23:36.394000
2024-06-23 13:29:53.873,10866,207,5,100,False,0,car,0 days 00:26:39.460000,0 days 01:23:36.555000
2024-06-23 13:29:54.033,11374,213,5,100,False,0,car,0 days 00:26:39.620000,0 days 01:23:36.715000
2024-06-23 13:29:54.233,10534,216,5,83,False,0,car,0 days 00:26:39.820000,0 days 01:23:36.915000
2024-06-23 13:29:54.513,9728,215,6,37,False,0,car,0 days 00:26:40.100000,0 days 01:23:37.195000
2024-06-23 13:29:54.913,9555,207,6,0,False,0,car,0 days 00:26:40.500000,0 days 01:23:37.595000
2024-06-23 13:29:55.353,9230,199,6,51,False,0,car,0 days 00:26:40.940000,0 days 01:23:38.035000
2024-06-23 13:29:55.713,9251,200,6,64,False,0,car,0 days 00:26:41.300000,0 days 01:23:38.395000
2024-06-23 13:29:55.993,9388,201,6,76,False,0,car,0 days 00:26:41.580000,0 days 01:23:38.675000
2024-06-23 13:29:56.193,9563,204,6,79,False,0,car,0 days 00:26:41.780000,0 days 01:23:38.875000
2024-06-23 13:29:56.513,9735,206,6,82,False,0,car,0 days 00:26:42.100000,0 days 01:23:39.195000
2024-06-23 13:29:56.673,9796,210,6,82,False,0,car,0 days 00:26:42.260000,0 days 01:23:39.355000
2024-06-23 13:29:56.912,9881,212,6,82,False,0,car,0 days 00:26:42.499000,0 days 01:23:39.594000
2024-06-23 13:29:57.192,9991,215,6,83,False,0,car,0 days 00:26:42.779000,0 days 01:23:39.874000
2024-06-23 13:29:57.632,10388,223,6,100,False,0,car,0 days 00:26:43.219000,0 days 01:23:40.314000
2024-06-23 13:29:57.872,10546,228,6,100,False,0,car,0 days 00:26:43.459000,0 days 01:23:40.554000
2024-06-23 13:29:58.232,10788,235,6,100,False,0,car,0 days 00:26:43.819000,0 days 01:23:40.914000
2024-06-23 13:29:58.432,10953,235,6,100,False,0,car,0 days 00:26:44.019000,0 days 01:23:41.114000
2024-06-23 13:29:58.592,11070,239,6,100,False,0,car,0 days 00:26:44.179000,0 days 01:23:41.274000
2024-06-23 13:29:59.032,11364,246,6,100,False,0,car,0 days 00:26:44.619000,0 days 01:23:41.714000
2024-06-23 13:29:59.272,11477,250,6,100,False,0,car,0 days 00:26:44.859000,0 days 01:23:41.954000
2024-06-23 13:29:59.512,11627,252,6,100,False,0,car,0 days 00:26:45.099000,0 days 01:23:42.194000
2024-06-23 13:29:59.872,11799,257,6,100,False,0,car,0 days 00:26:45.459000,0 days 01:23:42.554000
2024-06-23 13:30:00.032,11659,261,6,100,False,0,car,0 days 00:26:45.619000,0 days 01:23:42.714000
2024-06-23 13:30:00.232,10415,263,7,100,False,0,car,0 days 00:26:45.819000,0 days 01:23:42.914000
2024-06-23 13:30:00.473,10654,265,7,100,False,0,car,0 days 00:26:46.060000,0 days 01:23:43.155000
2024-06-23 13:30:00.673,10754,267,7,100,False,0,car,0 days 00:26:46.260000,0 days 01:23:43.355000
2024-06-23 13:30:00.873,10816,269,7,100,False,0,car,0 days 00:26:46.460000,0 days 01:23:43.555000
2024-06-23 13:30:01.313,10896,272,7,100,False,0,car,0 days 00:26:46.900000,0 days 01:23:43.995000
2024-06-23 13:30:01.513,10920,273,7,100,False,0,car,0 days 00:26:47.100000,0 days 01:23:44.195000
2024-06-23 13:30:01.673,10972,273,7,100,False,0,car,0 days 00:26:47.260000,0 days 01:23:44.355000
2024-06-23 13:30:02.073,11027,276,7,100,False,0,car,0 days 00:26:47.660000,0 days 01:23:44.755000
2024-06-23 13:30:02.273,10997,275,7,99,False,0,car,0 days 00:26:47.860000,0 days 01:23:44.955000
2024-06-23 13:30:02.713,10066,251,7,0,True,0,car,0 days 00:26:48.300000,0 days 01:23:45.395000
2024-06-23 13:30:02.873,9099,229,7,0,True,0,car,0 days 00:26:48.460000,0 days 01:23:45.555000
2024-06-23 13:30:03.113,9364,229,7,0,True,0,car,0 days 00:26:48.700000,0 days 01:23:45.795000
2024-06-23 13:30:03.473,9366,182,5,0,True,0,car,0 days 00:26:49.060000,0 days 01:23:46.155000
2024-06-23 13:30:03.752,10012,168,5,0,True,0,car,0 days 00:26:49.339000,0 days 01:23:46.434000
2024-06-23 13:30:04.072,9636,157,4,0,True,0,car,0 days 00:26:49.659000,0 days 01:23:46.754000
2024-06-23 13:30:04.392,9099,148,4,0,True,0,car,0 days 00:26:49.979000,0 days 01:23:47.074000
2024-06-23 13:30:04.672,8666,140,4,0,True,0,car,0 days 00:26:50.259000,0 days 01:23:47.354000
2024-06-23 13:30:05.032,8258,132,4,0,False,0,car,0 days 00:26:50.619000,0 days 01:23:47.714000
2024-06-23 13:30:05.352,7967,128,4,0,False,0,car,0 days 00:26:50.939000,0 days 01:23:48.034000
2024-06-23 13:30:05.592,7924,126,4,11,False,0,car,0 days 00:26:51.179000,0 days 01:23:48.274000
2024-06-23 13:30:05.752,7947,125,4,34,False,0,car,0 days 00:26:51.339000,0 days 01:23:48.434000
2024-06-23 13:30:05.992,8114,126,4,46,False,0,car,0 days 00:26:51.579000,0 days 01:23:48.674000
2024-06-23 13:30:06.392,8409,130,4,55,False,0,car,0 days 00:26:51.979000,0 days 01:23:49.074000
2024-06-23 13:30:06.632,8696,133,4,62,False,0,car,0 days 00:26:52.219000,0 days 01:23:49.314000
2024-06-23 13:30:06.992,9275,143,4,74,False,0,car,0 days 00:26:52.579000,0 days 01:23:49.674000
2024-06-23 13:30:07.273,9808,151,4,82,False,0,car,0 days 00:26:52.860000,0 days 01:23:49.955000
2024-06-23 13:30:07.713,10666,165,4,100,False,0,car,0 days 00:26:53.300000,0 days 01:23:50.395000
2024-06-23 13:30:07.873,11176,173,4,100,False,0,car,0 days 00:26:53.460000,0 days 01:23:50.555000
2024-06-23 13:30:08.033,11243,181,4,100,False,0,car,0 days 00:26:53.620000,0 days 01:23:50.715000
2024-06-23 13:30:08.393,10043,184,4,100,False,0,car,0 days 00:26:53.980000,0 days 01:23:51.075000
2024-06-23 13:30:08.553,10594,194,5,100,False,0,car,0 days 00:26:54.140000,0 days 01:23:51.235000
2024-06-23 13:30:08.793,10841,201,5,100,False,0,car,0 days 00:26:54.380000,0 days 01:23:51.475000
2024-06-23 13:30:09.033,11219,208,5,100,False,0,car,0 days 00:26:54.620000,0 days 01:23:51.715000
2024-06-23 13:30:09.193,11373,211,5,100,False,0,car,0 days 00:26:54.780000,0 days 01:23:51.875000
2024-06-23 13:30:09.513,11672,216,5,100,False,0,car,0 days 00:26:55.100000,0 days 01:23:52.195000
2024-06-23 13:30:09.673,11789,223,5,100,False,0,car,0 days 00:26:55.260000,0 days 01:23:52.355000
2024-06-23 13:30:09.953,10949,228,6,100,False,0,car,0 days 00:26:55.540000,0 days 01:23:52.635000
2024-06-23 13:30:10.193,10538,231,6,100,False,0,car,0 days 00:26:55.780000,0 days 01:23:52.875000
2024-06-23 13:30:10.552,10822,236,6,100,False,0,car,0 days 00:26:56.139000,0 days 01:23:53.234000
2024-06-23 13:30:10.712,10800,236,6,100,True,0,car,0 days 00:26:56.299000,0 days 01:23:53.394000
2024-06-23 13:30:10.872,10612,229,6,0,True,0,car,0 days 00:26:56.459000,0 days 01:23:53.554000
2024-06-23 13:30:11.072,9802,211,6,0,True,0,car,0 days 00:26:56.659000,0 days 01:23:53.754000
2024-06-23 13:30:11.352,9091,183,6,0,True,0,car,0 days 00:26:56.939000,0 days 01:23:54.034000
2024-06-23 13:30:11.672,8855,159,6,0,True,0,car,0 days 00:26:57.259000,0 days 01:23:54.354000
2024-06-23 13:30:11.912,8943,147,5,0,True,0,car,0 days 00:26:57.499000,0 days 01:23:54.594000
2024-06-23 13:30:12.112,9219,138,4,0,True,0,car,0 days 00:26:57.699000,0 days 01:23:54.794000
2024-06-23 13:30:12.392,9107,127,3,0,True,0,car,0 days 00:26:57.979000,0 days 01:23:55.074000
2024-06-23 13:30:12.672,8491,118,3,0,True,0,car,0 days 00:26:58.259000,0 days 01:23:55.354000
2024-06-23 13:30:12.952,7913,109,3,0,True,0,car,0 days 00:26:58.539000,0 days 01:23:55.634000
2024-06-23 13:30:13.312,7504,103,3,0,True,0,car,0 days 00:26:58.899000,0 days 01:23:55.994000
2024-06-23 13:30:13.472,7119,98,3,0,True,0,car,0 days 00:26:59.059000,0 days 01:23:56.154000
2024-06-23 13:30:13.753,6984,94,3,0,False,0,car,0 days 00:26:59.340000,0 days 01:23:56.435000
2024-06-23 13:30:14.073,6956,92,3,0,False,0,car,0 days 00:26:59.660000,0 days 01:23:56.755000
2024-06-23 13:30:14.313,7162,92,3,27,False,0,car,0 days 00:26:59.900000,0 days 01:23:56.995000
2024-06-23 13:30:14.633,7340,97,3,39,False,0,car,0 days 00:27:00.220000,0 days 01:23:57.315000
2024-06-23 13:30:14.793,7649,99,3,42,False,0,car,0 days 00:27:00.380000,0 days 01:23:57.475000
2024-06-23 13:30:15.033,7945,104,3,46,False,0,car,0 days 00:27:00.620000,0 days 01:23:57.715000
2024-06-23 13:30:15.233,8148,108,3,51,False,0,car,0 days 00:27:00.820000,0 days 01:23:57.915000
2024-06-23 13:30:15.553,9000,117,3,67,False,0,car,0 days 00:27:01.140000,0 days 01:23:58.235000
2024-06-23 13:30:15.873,9311,128,3,76,False,0,car,0 days 00:27:01.460000,0 days 01:23:58.555000
2024-06-23 13:30:16.153,9244,141,3,90,False,0,car,0 days 00:27:01.740000,0 days 01:23:58.835000
2024-06-23 13:30:16.313,9491,145,3,100,False,0,car,0 days 00:27:01.900000,0 days 01:23:58.995000
2024-06-23 13:30:16.793,10798,169,4,100,False,0,car,0 days 00:27:02.380000,0 days 01:23:59.475000
2024-06-23 13:30:17.072,11406,182,4,100,False,0,car,0 days 00:27:02.659000,0 days 01:23:59.754000
2024-06-23 13:30:17.392,10320,192,5,100,False,0,car,0 days 00:27:02.979000,0 days 01:24:00.074000
2024-06-23 13:30:17.552,10646,200,5,100,False,0,car,0 days 00:27:03.139000,0 days 01:24:00.234000
2024-06-23 13:30:17.952,11300,212,5,100,False,0,car,0 days 00:27:03.539000,0 days 01:24:00.634000
2024-06-23 13:30:18.232,11586,220,5,100,False,0,car,0 days 00:27:03.819000,0 days 01:24:00.914000
2024-06-23 13:30:18.472,11306,226,5,100,False,0,car,0 days 00:27:04.059000,0 days 01:24:01.154000
2024-06-23 13:30:18.832,10547,234,6,100,False,0,car,0 days 00:27:04.419000,0 days 01:24:01.514000
2024-06-23 13:30:18.992,10759,236,6,100,False,0,car,0 days 00:27:04.579000,0 days 01:24:01.674000
2024-06-23 13:30:19.232,10968,242,6,100,False,0,car,0 days 00:27:04.819000,0 days 01:24:01.914000
2024-06-23 13:30:19.432,11105,244,6,100,False,0,car,0 days 00:27:05.019000,0 days 01:24:02.114000
2024-06-23 13:30:19.792,11306,248,6,100,False,0,car,0 days 00:27:05.379000,0 days 01:24:02.474000
2024-06-23 13:30:20.112,11438,251,6,100,False,0,car,0 days 00:27:05.699000,0 days 01:24:02.794000
2024-06-23 13:30:20.313,11448,249,6,0,True,0,car,0 days 00:27:05.900000,0 days 01:24:02.995000
2024-06-23 13:30:20.633,9975,212,6,0,True,0,car,0 days 00:27:06.220000,0 days 01:24:03.315000
2024-06-23 13:30:20.873,9128,195,6,0,True,0,car,0 days 00:27:06.460000,0 days 01:24:03.555000
2024-06-23 13:30:21.033,9682,180,6,0,True,0,car,0 days 00:27:06.620000,0 days 01:24:03.715000
2024-06-23 13:30:21.193,9262,174,5,0,True,0,car,0 days 00:27:06.780000,0 days 01:24:03.875000
2024-06-23 13:30:21.513,9653,162,4,0,True,0,car,0 days 00:27:07.100000,0 days 01:24:04.195000
2024-06-23 13:30:21.953,8921,142,4,0,True,0,car,0 days 00:27:07.540000,0 days 01:24:04.635000
2024-06-23 13:30:22.273,8613,138,4,0,False,0,car,0 days 00:27:07.860000,0 days 01:24:04.955000
2024-06-23 13:30:22.553,8346,133,4,0,False,0,car,0 days 00:27:08.140000,0 days 01:24:05.235000
2024-06-23 13:30:22.713,8328,132,4,4,False,0,car,0 days 00:27:08.300000,0 days 01:24:05.395000
2024-06-23 13:30:22.913,8368,130,4,34,False,0,car,0 days 00:27:08.500000,0 days 01:24:05.595000
2024-06-23 13:30:23.113,8349,130,4,39,False,0,car,0 days 00:27:08.700000,0 days 01:24:05.795000
2024-06-23 13:30:23.313,8278,132,4,40,False,0,car,0 days 00:27:08.900000,0 days 01:24:05.995000
2024-06-23 13:30:23.473,8698,133,4,58,False,0,car,0 days 00:27:09.060000,0 days 01:24:06.155000
2024-06-23 13:30:23.832,9178,143,4,75,False,0,car,0 days 00:27:09.419000,0 days 01:24:06.514000
2024-06-23 13:30:24.072,9652,152,4,87,False,0,car,0 days 00:27:09.659000,0 days 01:24:06.754000
2024-06-23 13:30:24.392,10800,163,4,97,False,0,car,0 days 00:27:09.979000,0 days 01:24:07.074000
2024-06-23 13:30:24.592,11060,171,4,100,False,0,car,0 days 00:27:10.179000,0 days 01:24:07.274000
2024-06-23 13:30:24.872,11613,181,4,100,False,0,car,0 days 00:27:10.459000,0 days 01:24:07.554000
2024-06-23 13:30:25.192,10339,190,4,100,False,0,car,0 days 00:27:10.779000,0 days 01:24:07.874000
2024-06-23 13:30:25.392,10591,197,5,100,False,0,car,0 days 00:27:10.979000,0 days 01:24:08.074000
2024-06-23 13:30:25.552,10865,202,5,100,False,0,car,0 days 00:27:11.139000,0 days 01:24:08.234000
2024-06-23 13:30:25.792,11157,209,5,100,False,0,car,0 days 00:27:11.379000,0 days 01:24:08.474000
2024-06-23 13:30:26.072,11525,216,5,100,False,0,car,0 days 00:27:11.659000,0 days 01:24:08.754000
2024-06-23 13:30:26.232,11663,221,5,100,False,0,car,0 days 00:27:11.819000,0 days 01:24:08.914000
2024-06-23 13:30:26.392,11378,224,5,100,False,0,car,0 days 00:27:11.979000,0 days 01:24:09.074000
2024-06-23 13:30:26.552,10758,228,5,100,False,0,car,0 days 00:27:12.139000,0 days 01:24:09.234000
2024-06-23 13:30:26.793,10628,231,6,100,False,0,car,0 days 00:27:12.380000,0 days 01:24:09.475000
2024-06-23 13:30:26.993,10738,233,6,100,False,0,car,0 days 00:27:12.580000,0 days 01:24:09.675000
2024-06-23 13:30:27.273,10815,237,6,100,False,0,car,0 days 00:27:12.860000,0 days 01:24:09.955000
2024-06-23 13:30:27.513,10821,239,6,42,False,0,car,0 days 00:27:13.100000,0 days 01:24:10.195000
2024-06-23 13:30:27.673,10606,235,6,0,False,0,car,0 days 00:27:13.260000,0 days 01:24:10.355000
2024-06-23 13:30:28.033,10411,227,6,0,False,0,car,0 days 00:27:13.620000,0 days 01:24:10.715000
2024-06-23 13:30:28.513,10110,220,6,59,False,0,car,0 days 00:27:14.100000,0 days 01:24:11.195000
2024-06-23 13:30:28.753,10131,220,6,67,False,0,car,0 days 00:27:14.340000,0 days 01:24:11.435000
2024-06-23 13:30:29.073,10247,220,6,78,False,0,car,0 days 00:27:14.660000,0 days 01:24:11.755000
2024-06-23 13:30:29.393,10328,220,6,83,False,0,car,0 days 00:27:14.980000,0 days 01:24:12.075000
2024-06-23 13:30:29.793,10611,227,6,100,False,0,car,0 days 00:27:15.380000,0 days 01:24:12.475000
2024-06-23 13:30:29.993,10767,231,6,98,False,0,car,0 days 00:27:15.580000,0 days 01:24:12.675000
2024-06-23 13:30:30.233,10918,236,6,100,False,0,car,0 days 00:27:15.820000,0 days 01:24:12.915000
2024-06-23 13:30:30.512,11002,239,6,100,False,0,car,0 days 00:27:16.099000,0 days 01:24:13.194000
2024-06-23 13:30:30.712,11194,240,6,100,False,0,car,0 days 00:27:16.299000,0 days 01:24:13.394000
2024-06-23 13:30:30.912,11307,245,6,100,False,0,car,0 days 00:27:16.499000,0 days 01:24:13.594000
2024-06-23 13:30:31.152,11468,251,6,100,False,0,car,0 days 00:27:16.739000,0 days 01:24:13.834000
2024-06-23 13:30:31.432,11601,255,6,100,False,0,car,0 days 00:27:17.019000,0 days 01:24:14.114000
2024-06-23 13:30:31.632,11749,258,6,100,False,0,car,0 days 00:27:17.219000,0 days 01:24:14.314000
2024-06-23 13:30:31.992,10649,261,7,100,False,0,car,0 days 00:27:17.579000,0 days 01:24:14.674000
2024-06-23 13:30:32.192,10636,266,7,100,False,0,car,0 days 00:27:17.779000,0 days 01:24:14.874000
2024-06-23 13:30:32.352,10655,268,7,100,False,0,car,0 days 00:27:17.939000,0 days 01:24:15.034000
2024-06-23 13:30:32.552,10828,270,7,100,False,0,car,0 days 00:27:18.139000,0 days 01:24:15.234000
2024-06-23 13:30:32.712,10882,271,7,100,False,0,car,0 days 00:27:18.299000,0 days 01:24:15.394000
2024-06-23 13:30:33.032,11025,275,7,100,False,0,car,0 days 00:27:18.619000,0 days 01:24:15.714000
2024-06-23 13:30:33.272,11128,277,7,100,False,0,car,0 days 00:27:18.859000,0 days 01:24:15.954000
2024-06-23 13:30:33.553,11205,281,7,100,False,0,car,0 days 00:27:19.140000,0 days 01:24:16.235000
2024-06-23 13:30:33.753,11258,282,7,100,False,0,car,0 days 00:27:19.340000,0 days 01:24:16.435000
2024-06-23 13:30:34.113,11320,282,7,100,False,0,car,0 days 00:27:19.700000,0 days 01:24:16.795000
2024-06-23 13:30:34.473,11352,284,7,100,False,0,car,0 days 00:27:20.060000,0 days 01:24:17.155000
2024-06-23 13:30:34.873,11413,285,7,100,False,0,car,0 days 00:27:20.460000,0 days 01:24:17.555000
2024-06-23 13:30:35.033,11413,285,7,100,False,0,car,0 days 00:27:20.620000,0 days 01:24:17.715000
2024-06-23 13:30:35.353,11151,275,7,0,True,0,car,0 days 00:27:20.940000,0 days 01:24:18.035000
2024-06-23 13:30:35.553,10524,248,7,0,True,0,car,0 days 00:27:21.140000,0 days 01:24:18.235000
2024-06-23 13:30:35.713,9404,236,7,0,True,0,car,0 days 00:27:21.300000,0 days 01:24:18.395000
2024-06-23 13:30:35.993,9208,202,7,0,True,0,car,0 days 00:27:21.580000,0 days 01:24:18.675000
2024-06-23 13:30:36.313,9468,183,6,0,True,0,car,0 days 00:27:21.900000,0 days 01:24:18.995000
2024-06-23 13:30:36.473,9048,162,5,0,True,0,car,0 days 00:27:22.060000,0 days 01:24:19.155000
2024-06-23 13:30:36.793,8729,144,4,0,True,0,car,0 days 00:27:22.380000,0 days 01:24:19.475000
2024-06-23 13:30:36.953,8611,144,4,0,True,0,car,0 days 00:27:22.540000,0 days 01:24:19.635000
2024-06-23 13:30:37.113,9488,132,4,0,True,0,car,0 days 00:27:22.700000,0 days 01:24:19.795000
2024-06-23 13:30:37.312,9220,127,3,0,True,0,car,0 days 00:27:22.899000,0 days 01:24:19.994000
2024-06-23 13:30:37.632,8754,120,3,0,True,0,car,0 days 00:27:23.219000,0 days 01:24:20.314000
2024-06-23 13:30:38.032,8259,112,3,0,True,0,car,0 days 00:27:23.619000,0 days 01:24:20.714000
2024-06-23 13:30:38.192,8066,110,3,0,True,0,car,0 days 00:27:23.779000,0 days 01:24:20.874000
2024-06-23 13:30:38.512,7795,106,3,0,True,0,car,0 days 00:27:24.099000,0 days 01:24:21.194000
2024-06-23 13:30:38.912,7488,102,3,0,False,0,car,0 days 00:27:24.499000,0 days 01:24:21.594000
2024-06-23 13:30:39.232,7295,99,3,14,False,0,car,0 days 00:27:24.819000,0 days 01:24:21.914000
2024-06-23 13:30:39.392,7665,99,3,25,False,0,car,0 days 00:27:24.979000,0 days 01:24:22.074000
2024-06-23 13:30:39.552,7618,99,3,36,False,0,car,0 days 00:27:25.139000,0 days 01:24:22.234000
2024-06-23 13:30:39.872,7954,104,3,43,False,0,car,0 days 00:27:25.459000,0 days 01:24:22.554000
2024-06-23 13:30:40.113,8248,107,3,50,False,0,car,0 days 00:27:25.700000,0 days 01:24:22.795000
2024-06-23 13:30:40.313,8511,109,3,52,False,0,car,0 days 00:27:25.900000,0 days 01:24:22.995000
2024-06-23 13:30:40.673,9300,120,3,64,False,0,car,0 days 00:27:26.260000,0 days 01:24:23.355000
2024-06-23 13:30:40.833,9563,125,3,67,False,0,car,0 days 00:27:26.420000,0 days 01:24:23.515000
2024-06-23 13:30:41.153,9050,135,3,74,False,0,car,0 days 00:27:26.740000,0 days 01:24:23.835000
2024-06-23 13:30:41.313,9025,137,4,78,False,0,car,0 days 00:27:26.900000,0 days 01:24:23.995000
2024-06-23 13:30:41.473,9437,145,4,85,False,0,car,0 days 00:27:27.060000,0 days 01:24:24.155000
2024-06-23 13:30:41.753,10228,156,4,100,False,0,car,0 days 00:27:27.340000,0 days 01:24:24.435000
2024-06-23 13:30:41.913,10461,156,4,100,False,0,car,0 days 00:27:27.500000,0 days 01:24:24.595000
2024-06-23 13:30:42.193,11080,169,4,100,False,0,car,0 days 00:27:27.780000,0 days 01:24:24.875000
2024-06-23 13:30:42.393,11489,179,4,100,False,0,car,0 days 00:27:27.980000,0 days 01:24:25.075000
2024-06-23 13:30:42.553,10649,182,4,100,False,0,car,0 days 00:27:28.140000,0 days 01:24:25.235000
2024-06-23 13:30:42.753,10145,190,5,100,False,0,car,0 days 00:27:28.340000,0 days 01:24:25.435000
2024-06-23 13:30:43.033,10379,196,5,100,False,0,car,0 days 00:27:28.620000,0 days 01:24:25.715000
2024-06-23 13:30:43.313,9760,187,5,0,True,0,car,0 days 00:27:28.900000,0 days 01:24:25.995000
2024-06-23 13:30:43.553,9190,169,5,0,True,0,car,0 days 00:27:29.140000,0 days 01:24:26.235000
2024-06-23 13:30:43.713,9889,165,5,0,True,0,car,0 days 00:27:29.300000,0 days 01:24:26.395000
2024-06-23 13:30:43.992,9429,151,4,0,True,0,car,0 days 00:27:29.579000,0 days 01:24:26.674000
2024-06-23 13:30:44.232,8789,144,4,0,True,0,car,0 days 00:27:29.819000,0 days 01:24:26.914000
2024-06-23 13:30:44.432,8372,135,4,0,True,0,car,0 days 00:27:30.019000,0 days 01:24:27.114000
2024-06-23 13:30:44.792,7824,127,4,0,True,0,car,0 days 00:27:30.379000,0 days 01:24:27.474000
2024-06-23 13:30:45.112,7629,122,4,0,False,0,car,0 days 00:27:30.699000,0 days 01:24:27.794000
2024-06-23 13:30:45.392,7381,119,4,0,False,0,car,0 days 00:27:30.979000,0 days 01:24:28.074000
2024-06-23 13:30:45.672,7269,117,4,0,False,0,car,0 days 00:27:31.259000,0 days 01:24:28.354000
2024-06-23 13:30:46.032,7003,112,4,0,False,0,car,0 days 00:27:31.619000,0 days 01:24:28.714000
2024-06-23 13:30:46.192,6920,111,4,0,False,0,car,0 days 00:27:31.779000,0 days 01:24:28.874000
2024-06-23 13:30:46.633,6895,109,4,22,False,0,car,0 days 00:27:32.220000,0 days 01:24:29.315000
2024-06-23 13:30:46.913,7125,110,4,37,False,0,car,0 days 00:27:32.500000,0 days 01:24:29.595000
2024-06-23 13:30:47.193,7366,113,4,46,False,0,car,0 days 00:27:32.780000,0 days 01:24:29.875000
2024-06-23 13:30:47.473,7716,116,4,55,False,0,car,0 days 00:27:33.060000,0 days 01:24:30.155000
2024-06-23 13:30:47.633,7874,122,4,58,False,0,car,0 days 00:27:33.220000,0 days 01:24:30.315000
2024-06-23 13:30:47.873,8409,124,4,64,False,0,car,0 days 00:27:33.460000,0 days 01:24:30.555000
2024-06-23 13:30:48.033,8754,132,4,69,False,0,car,0 days 00:27:33.620000,0 days 01:24:30.715000
2024-06-23 13:30:48.353,9256,135,4,79,False,0,car,0 days 00:27:33.940000,0 days 01:24:31.035000
2024-06-23 13:30:48.633,9674,152,4,84,False,0,car,0 days 00:27:34.220000,0 days 01:24:31.315000
2024-06-23 13:30:48.833,10459,160,4,91,False,0,car,0 days 00:27:34.420000,0 days 01:24:31.515000
2024-06-23 13:30:49.113,11086,168,4,100,False,0,car,0 days 00:27:34.700000,0 days 01:24:31.795000
2024-06-23 13:30:49.273,11434,173,4,100,False,0,car,0 days 00:27:34.860000,0 days 01:24:31.955000
2024-06-23 13:30:49.593,10043,187,5,100,False,0,car,0 days 00:27:35.180000,0 days 01:24:32.275000
2024-06-23 13:30:49.793,10335,194,5,100,False,0,car,0 days 00:27:35.380000,0 days 01:24:32.475000
2024-06-23 13:30:50.113,11068,204,5,100,False,0,car,0 days 00:27:35.700000,0 days 01:24:32.795000
2024-06-23 13:30:50.353,11390,213,5,100,False,0,car,0 days 00:27:35.940000,0 days 01:24:33.035000
2024-06-23 13:30:50.593,11544,218,5,100,False,0,car,0 days 00:27:36.180000,0 days 01:24:33.275000
2024-06-23 13:30:50.752,10715,223,5,100,False,0,car,0 days 00:27:36.339000,0 days 01:24:33.434000
2024-06-23 13:30:50.992,10479,227,6,83,False,0,car,0 days 00:27:36.579000,0 days 01:24:33.674000
2024-06-23 13:30:51.152,10574,230,6,82,False,0,car,0 days 00:27:36.739000,0 days 01:24:33.834000
2024-06-23 13:30:51.312,10658,231,6,80,False,0,car,0 days 00:27:36.899000,0 days 01:24:33.994000
2024-06-23 13:30:51.592,10632,232,6,76,False,0,car,0 days 00:27:37.179000,0 days 01:24:34.274000
2024-06-23 13:30:51.992,10812,233,6,82,False,0,car,0 days 00:27:37.579000,0 days 01:24:34.674000
2024-06-23 13:30:52.192,10931,236,6,100,False,0,car,0 days 00:27:37.779000,0 days 01:24:34.874000
2024-06-23 13:30:52.392,11037,238,6,100,False,0,car,0 days 00:27:37.979000,0 days 01:24:35.074000
2024-06-23 13:30:52.632,11158,243,6,100,False,0,car,0 days 00:27:38.219000,0 days 01:24:35.314000
2024-06-23 13:30:52.952,11332,247,6,100,False,0,car,0 days 00:27:38.539000,0 days 01:24:35.634000
2024-06-23 13:30:53.233,11358,249,6,100,False,0,car,0 days 00:27:38.820000,0 days 01:24:35.915000
2024-06-23 13:30:53.433,11426,251,6,100,False,0,car,0 days 00:27:39.020000,0 days 01:24:36.115000
2024-06-23 13:30:53.713,11563,253,6,100,False,0,car,0 days 00:27:39.300000,0 days 01:24:36.395000
2024-06-23 13:30:53.953,11675,256,6,100,False,0,car,0 days 00:27:39.540000,0 days 01:24:36.635000
2024-06-23 13:30:54.273,11748,257,6,100,False,0,car,0 days 00:27:39.860000,0 days 01:24:36.955000
2024-06-23 13:30:54.553,11491,256,6,3,False,0,car,0 days 00:27:40.140000,0 days 01:24:37.235000
2024-06-23 13:30:54.913,11232,254,6,0,False,0,car,0 days 00:27:40.500000,0 days 01:24:37.595000
2024-06-23 13:30:55.113,10940,245,6,0,False,0,car,0 days 00:27:40.700000,0 days 01:24:37.795000
2024-06-23 13:30:55.473,10775,234,6,63,False,0,car,0 days 00:27:41.060000,0 days 01:24:38.155000
2024-06-23 13:30:55.713,10775,234,6,70,False,0,car,0 days 00:27:41.300000,0 days 01:24:38.395000
2024-06-23 13:30:55.993,10720,231,6,60,False,0,car,0 days 00:27:41.580000,0 days 01:24:38.675000
2024-06-23 13:30:56.193,10529,230,6,63,False,0,car,0 days 00:27:41.780000,0 days 01:24:38.875000
2024-06-23 13:30:56.393,10801,231,6,100,False,0,car,0 days 00:27:41.980000,0 days 01:24:39.075000
2024-06-23 13:30:56.593,10925,234,6,100,False,0,car,0 days 00:27:42.180000,0 days 01:24:39.275000
2024-06-23 13:30:56.753,11034,237,6,100,False,0,car,0 days 00:27:42.340000,0 days 01:24:39.435000
2024-06-23 13:30:57.153,11280,243,6,100,False,0,car,0 days 00:27:42.740000,0 days 01:24:39.835000
2024-06-23 13:30:57.632,11466,248,6,100,False,0,car,0 days 00:27:43.219000,0 days 01:24:40.314000
2024-06-23 13:30:57.832,11550,254,6,100,False,0,car,0 days 00:27:43.419000,0 days 01:24:40.514000
2024-06-23 13:30:58.032,11689,255,6,100,False,0,car,0 days 00:27:43.619000,0 days 01:24:40.714000
2024-06-23 13:30:58.352,10891,261,6,100,False,0,car,0 days 00:27:43.939000,0 days 01:24:41.034000
2024-06-23 13:30:58.632,10555,262,7,100,False,0,car,0 days 00:27:44.219000,0 days 01:24:41.314000
2024-06-23 13:30:58.872,10700,267,7,100,False,0,car,0 days 00:27:44.459000,0 days 01:24:41.554000
2024-06-23 13:30:59.072,10794,269,7,100,False,0,car,0 days 00:27:44.659000,0 days 01:24:41.754000
2024-06-23 13:30:59.392,10878,272,7,100,False,0,car,0 days 00:27:44.979000,0 days 01:24:42.074000
2024-06-23 13:30:59.673,11045,275,7,100,False,0,car,0 days 00:27:45.260000,0 days 01:24:42.355000
2024-06-23 13:30:59.953,11165,279,7,100,False,0,car,0 days 00:27:45.540000,0 days 01:24:42.635000
2024-06-23 13:31:00.313,11264,281,7,100,False,0,car,0 days 00:27:45.900000,0 days 01:24:42.995000
2024-06-23 13:31:00.513,11291,282,7,100,False,0,car,0 days 00:27:46.100000,0 days 01:24:43.195000
2024-06-23 13:31:00.793,11398,285,7,100,False,0,car,0 days 00:27:46.380000,0 days 01:24:43.475000
2024-06-23 13:31:00.953,11461,286,7,100,False,0,car,0 days 00:27:46.540000,0 days 01:24:43.635000
2024-06-23 13:31:01.193,11507,287,7,100,False,0,car,0 days 00:27:46.780000,0 days 01:24:43.875000
2024-06-23 13:31:01.393,11578,288,7,100,False,0,car,0 days 00:27:46.980000,0 days 01:24:44.075000
2024-06-23 13:31:01.633,11584,290,7,100,False,0,car,0 days 00:27:47.220000,0 days 01:24:44.315000
2024-06-23 13:31:01.793,11632,291,7,100,False,0,car,0 days 00:27:47.380000,0 days 01:24:44.475000
2024-06-23 13:31:01.993,11679,291,7,100,False,0,car,0 days 00:27:47.580000,0 days 01:24:44.675000
2024-06-23 13:31:02.233,11704,292,7,100,False,0,car,0 days 00:27:47.820000,0 days 01:24:44.915000
2024-06-23 13:31:02.553,10401,295,8,100,False,0,car,0 days 00:27:48.140000,0 days 01:24:45.235000
2024-06-23 13:31:02.833,10374,294,8,100,False,0,car,0 days 00:27:48.420000,0 days 01:24:45.515000
2024-06-23 13:31:03.193,10537,297,8,100,False,0,car,0 days 00:27:48.780000,0 days 01:24:45.875000
2024-06-23 13:31:03.393,10537,297,8,100,False,0,car,0 days 00:27:48.980000,0 days 01:24:46.075000
2024-06-23 13:31:03.753,10640,298,8,100,False,0,car,0 days 00:27:49.340000,0 days 01:24:46.435000
2024-06-23 13:31:03.953,10671,299,8,100,False,0,car,0 days 00:27:49.540000,0 days 01:24:46.635000
2024-06-23 13:31:04.152,10693,300,8,100,False,0,car,0 days 00:27:49.739000,0 days 01:24:46.834000
2024-06-23 13:31:04.432,10687,301,8,100,False,0,car,0 days 00:27:50.019000,0 days 01:24:47.114000
2024-06-23 13:31:04.632,10707,301,8,100,False,0,car,0 days 00:27:50.219000,0 days 01:24:47.314000
2024-06-23 13:31:04.992,10743,301,8,100,False,0,car,0 days 00:27:50.579000,0 days 01:24:47.674000
2024-06-23 13:31:05.192,10765,302,8,100,False,0,car,0 days 00:27:50.779000,0 days 01:24:47.874000
2024-06-23 13:31:05.432,10785,304,8,100,False,0,car,0 days 00:27:51.019000,0 days 01:24:48.114000
2024-06-23 13:31:05.632,10824,304,8,100,False,0,car,0 days 00:27:51.219000,0 days 01:24:48.314000
2024-06-23 13:31:05.872,10841,304,8,100,False,0,car,0 days 00:27:51.459000,0 days 01:24:48.554000
2024-06-23 13:31:06.152,10847,305,8,100,False,0,car,0 days 00:27:51.739000,0 days 01:24:48.834000
2024-06-23 13:31:06.553,10883,306,8,100,False,0,car,0 days 00:27:52.140000,0 days 01:24:49.235000
2024-06-23 13:31:06.713,10900,307,8,100,False,0,car,0 days 00:27:52.300000,0 days 01:24:49.395000
2024-06-23 13:31:07.193,10868,309,8,100,False,0,car,0 days 00:27:52.780000,0 days 01:24:49.875000
2024-06-23 13:31:07.433,10863,306,8,100,False,0,car,0 days 00:27:53.020000,0 days 01:24:50.115000
2024-06-23 13:31:07.793,10764,305,8,100,False,0,car,0 days 00:27:53.380000,0 days 01:24:50.475000
2024-06-23 13:31:08.193,10722,302,8,100,False,0,car,0 days 00:27:53.780000,0 days 01:24:50.875000
2024-06-23 13:31:08.553,10579,298,8,0,False,0,car,0 days 00:27:54.140000,0 days 01:24:51.235000
2024-06-23 13:31:08.793,10171,285,8,0,True,0,car,0 days 00:27:54.380000,0 days 01:24:51.475000
2024-06-23 13:31:09.073,9063,256,8,0,True,0,car,0 days 00:27:54.660000,0 days 01:24:51.755000
2024-06-23 13:31:09.273,9118,234,8,0,True,0,car,0 days 00:27:54.860000,0 days 01:24:51.955000
2024-06-23 13:31:09.673,9090,200,7,0,True,0,car,0 days 00:27:55.260000,0 days 01:24:52.355000
2024-06-23 13:31:10.073,9101,174,5,0,True,0,car,0 days 00:27:55.660000,0 days 01:24:52.755000
2024-06-23 13:31:10.393,9856,161,5,0,True,0,car,0 days 00:27:55.980000,0 days 01:24:53.075000
2024-06-23 13:31:10.833,9292,148,4,0,True,0,car,0 days 00:27:56.420000,0 days 01:24:53.515000
2024-06-23 13:31:11.272,8805,142,4,0,False,0,car,0 days 00:27:56.859000,0 days 01:24:53.954000
2024-06-23 13:31:11.992,8917,139,4,51,False,0,car,0 days 00:27:57.579000,0 days 01:24:54.674000
2024-06-23 13:31:12.152,9061,140,4,59,False,0,car,0 days 00:27:57.739000,0 days 01:24:54.834000
2024-06-23 13:31:12.392,9317,144,4,64,False,0,car,0 days 00:27:57.979000,0 days 01:24:55.074000
2024-06-23 13:31:12.552,9512,149,4,72,False,0,car,0 days 00:27:58.139000,0 days 01:24:55.234000
2024-06-23 13:31:12.913,9830,154,4,74,False,0,car,0 days 00:27:58.500000,0 days 01:24:55.595000
2024-06-23 13:31:13.193,8743,163,4,51,False,0,car,0 days 00:27:58.780000,0 days 01:24:55.875000
2024-06-23 13:31:13.593,8925,164,5,59,False,0,car,0 days 00:27:59.180000,0 days 01:24:56.275000
2024-06-23 13:31:13.873,9054,168,5,68,False,0,car,0 days 00:27:59.460000,0 days 01:24:56.555000
2024-06-23 13:31:14.193,9414,173,5,76,False,0,car,0 days 00:27:59.780000,0 days 01:24:56.875000
2024-06-23 13:31:14.393,9532,176,5,80,False,0,car,0 days 00:27:59.980000,0 days 01:24:57.075000
2024-06-23 13:31:14.593,9796,181,5,89,False,0,car,0 days 00:28:00.180000,0 days 01:24:57.275000
2024-06-23 13:31:14.793,10009,186,5,89,False,0,car,0 days 00:28:00.380000,0 days 01:24:57.475000
2024-06-23 13:31:15.073,10529,195,5,100,False,0,car,0 days 00:28:00.660000,0 days 01:24:57.755000
2024-06-23 13:31:15.233,10656,201,5,100,False,0,car,0 days 00:28:00.820000,0 days 01:24:57.915000
2024-06-23 13:31:15.473,11052,208,5,98,False,0,car,0 days 00:28:01.060000,0 days 01:24:58.155000
2024-06-23 13:31:15.833,11212,211,5,63,False,0,car,0 days 00:28:01.420000,0 days 01:24:58.515000
2024-06-23 13:31:15.993,11197,212,5,55,False,0,car,0 days 00:28:01.580000,0 days 01:24:58.675000
2024-06-23 13:31:16.313,11076,209,5,41,False,0,car,0 days 00:28:01.900000,0 days 01:24:58.995000
2024-06-23 13:31:16.553,10844,205,5,37,False,0,car,0 days 00:28:02.140000,0 days 01:24:59.235000
2024-06-23 13:31:16.793,10801,202,5,38,False,0,car,0 days 00:28:02.380000,0 days 01:24:59.475000
2024-06-23 13:31:17.113,10714,200,5,63,False,0,car,0 days 00:28:02.700000,0 days 01:24:59.795000
2024-06-23 13:31:17.273,10792,202,5,69,False,0,car,0 days 00:28:02.860000,0 days 01:24:59.955000
2024-06-23 13:31:17.433,10792,202,5,68,False,0,car,0 days 00:28:03.020000,0 days 01:25:00.115000
2024-06-23 13:31:17.712,10968,203,5,71,False,0,car,0 days 00:28:03.299000,0 days 01:25:00.394000
2024-06-23 13:31:17.912,11066,204,5,72,False,0,car,0 days 00:28:03.499000,0 days 01:25:00.594000
2024-06-23 13:31:18.312,11254,208,5,86,False,0,car,0 days 00:28:03.899000,0 days 01:25:00.994000
2024-06-23 13:31:18.512,11419,212,5,85,False,0,car,0 days 00:28:04.099000,0 days 01:25:01.194000
2024-06-23 13:31:18.872,11845,218,5,97,False,0,car,0 days 00:28:04.459000,0 days 01:25:01.554000
2024-06-23 13:31:19.192,11975,224,5,100,False,0,car,0 days 00:28:04.779000,0 days 01:25:01.874000
2024-06-23 13:31:19.352,11135,228,5,100,False,0,car,0 days 00:28:04.939000,0 days 01:25:02.034000
2024-06-23 13:31:19.713,10601,233,6,100,False,0,car,0 days 00:28:05.300000,0 days 01:25:02.395000
2024-06-23 13:31:20.033,10988,240,6,100,False,0,car,0 days 00:28:05.620000,0 days 01:25:02.715000
2024-06-23 13:31:20.233,11144,243,6,100,False,0,car,0 days 00:28:05.820000,0 days 01:25:02.915000
2024-06-23 13:31:20.513,11326,245,6,100,False,0,car,0 days 00:28:06.100000,0 days 01:25:03.195000
2024-06-23 13:31:20.673,11444,248,6,100,False,0,car,0 days 00:28:06.260000,0 days 01:25:03.355000
2024-06-23 13:31:20.873,11512,253,6,100,False,0,car,0 days 00:28:06.460000,0 days 01:25:03.555000
2024-06-23 13:31:21.113,11684,253,6,100,False,0,car,0 days 00:28:06.700000,0 days 01:25:03.795000
2024-06-23 13:31:21.433,11774,259,6,100,False,0,car,0 days 00:28:07.020000,0 days 01:25:04.115000
2024-06-23 13:31:21.793,10626,263,7,100,False,0,car,0 days 00:28:07.380000,0 days 01:25:04.475000
2024-06-23 13:31:22.273,10822,269,7,100,False,0,car,0 days 00:28:07.860000,0 days 01:25:04.955000
2024-06-23 13:31:22.713,10915,272,7,100,False,0,car,0 days 00:28:08.300000,0 days 01:25:05.395000
2024-06-23 13:31:22.873,10953,273,7,100,False,0,car,0 days 00:28:08.460000,0 days 01:25:05.555000
2024-06-23 13:31:23.033,10953,274,7,100,False,0,car,0 days 00:28:08.620000,0 days 01:25:05.715000
2024-06-23 13:31:23.353,11062,276,7,100,False,0,car,0 days 00:28:08.940000,0 days 01:25:06.035000
2024-06-23 13:31:23.673,11073,277,7,100,False,0,car,0 days 00:28:09.260000,0 days 01:25:06.355000
2024-06-23 13:31:23.913,10505,277,7,0,False,0,car,0 days 00:28:09.500000,0 days 01:25:06.595000
2024-06-23 13:31:24.113,10147,262,7,0,True,0,car,0 days 00:28:09.700000,0 days 01:25:06.795000
2024-06-23 13:31:24.313,9337,252,7,0,True,0,car,0 days 00:28:09.900000,0 days 01:25:06.995000
2024-06-23 13:31:24.712,9397,200,7,0,True,0,car,0 days 00:28:10.299000,0 days 01:25:07.394000
2024-06-23 13:31:25.112,8898,173,5,0,True,0,car,0 days 00:28:10.699000,0 days 01:25:07.794000
2024-06-23 13:31:25.272,9111,167,5,0,True,0,car,0 days 00:28:10.859000,0 days 01:25:07.954000
2024-06-23 13:31:25.472,9515,156,4,0,True,0,car,0 days 00:28:11.059000,0 days 01:25:08.154000
2024-06-23 13:31:25.792,9016,146,4,0,True,0,car,0 days 00:28:11.379000,0 days 01:25:08.474000
2024-06-23 13:31:25.993,8904,141,4,0,True,0,car,0 days 00:28:11.580000,0 days 01:25:08.675000
2024-06-23 13:31:26.153,8539,138,4,0,True,0,car,0 days 00:28:11.740000,0 days 01:25:08.835000
2024-06-23 13:31:26.313,8452,136,4,0,True,0,car,0 days 00:28:11.900000,0 days 01:25:08.995000
2024-06-23 13:31:26.473,8301,133,4,0,False,0,car,0 days 00:28:12.060000,0 days 01:25:09.155000
2024-06-23 13:31:26.753,8151,130,4,0,False,0,car,0 days 00:28:12.340000,0 days 01:25:09.435000
2024-06-23 13:31:26.953,7942,127,4,0,False,0,car,0 days 00:28:12.540000,0 days 01:25:09.635000
2024-06-23 13:31:27.113,7833,126,4,0,False,0,car,0 days 00:28:12.700000,0 days 01:25:09.795000
2024-06-23 13:31:27.313,7764,124,4,27,False,0,car,0 days 00:28:12.900000,0 days 01:25:09.995000
2024-06-23 13:31:27.513,7982,124,4,42,False,0,car,0 days 00:28:13.100000,0 days 01:25:10.195000
2024-06-23 13:31:27.793,8176,127,4,50,False,0,car,0 days 00:28:13.380000,0 days 01:25:10.475000
2024-06-23 13:31:28.113,8410,131,4,57,False,0,car,0 days 00:28:13.700000,0 days 01:25:10.795000
2024-06-23 13:31:28.473,8915,139,4,67,False,0,car,0 days 00:28:14.060000,0 days 01:25:11.155000
2024-06-23 13:31:28.753,9449,148,4,78,False,0,car,0 days 00:28:14.340000,0 days 01:25:11.435000
2024-06-23 13:31:28.993,9917,154,4,84,False,0,car,0 days 00:28:14.580000,0 days 01:25:11.675000
2024-06-23 13:31:29.153,10267,160,4,87,False,0,car,0 days 00:28:14.740000,0 days 01:25:11.835000
2024-06-23 13:31:29.393,10732,167,4,90,False,0,car,0 days 00:28:14.980000,0 days 01:25:12.075000
2024-06-23 13:31:29.713,10497,177,4,100,False,0,car,0 days 00:28:15.300000,0 days 01:25:12.395000
2024-06-23 13:31:29.873,9963,184,5,100,False,0,car,0 days 00:28:15.460000,0 days 01:25:12.555000
2024-06-23 13:31:30.233,10394,196,5,100,False,0,car,0 days 00:28:15.820000,0 days 01:25:12.915000
2024-06-23 13:31:30.553,10967,203,5,100,False,0,car,0 days 00:28:16.140000,0 days 01:25:13.235000
2024-06-23 13:31:30.713,11080,206,5,100,False,0,car,0 days 00:28:16.300000,0 days 01:25:13.395000
2024-06-23 13:31:30.953,11478,215,5,100,False,0,car,0 days 00:28:16.540000,0 days 01:25:13.635000
2024-06-23 13:31:31.272,11816,222,5,100,False,0,car,0 days 00:28:16.859000,0 days 01:25:13.954000
2024-06-23 13:31:31.472,11620,226,5,100,False,0,car,0 days 00:28:17.059000,0 days 01:25:14.154000
2024-06-23 13:31:31.792,10545,229,6,100,False,0,car,0 days 00:28:17.379000,0 days 01:25:14.474000
2024-06-23 13:31:32.152,10736,236,6,100,False,0,car,0 days 00:28:17.739000,0 days 01:25:14.834000
2024-06-23 13:31:32.472,11149,236,6,0,False,0,car,0 days 00:28:18.059000,0 days 01:25:15.154000
2024-06-23 13:31:32.753,9885,206,6,0,True,0,car,0 days 00:28:18.340000,0 days 01:25:15.435000
2024-06-23 13:31:32.993,9185,186,6,0,True,0,car,0 days 00:28:18.580000,0 days 01:25:15.675000
2024-06-23 13:31:33.393,9417,154,5,0,True,0,car,0 days 00:28:18.980000,0 days 01:25:16.075000
2024-06-23 13:31:33.593,9497,144,4,0,True,0,car,0 days 00:28:19.180000,0 days 01:25:16.275000
2024-06-23 13:31:33.833,9583,131,4,0,True,0,car,0 days 00:28:19.420000,0 days 01:25:16.515000
2024-06-23 13:31:34.233,8596,118,3,0,True,0,car,0 days 00:28:19.820000,0 days 01:25:16.915000
2024-06-23 13:31:34.433,8323,113,3,0,True,0,car,0 days 00:28:20.020000,0 days 01:25:17.115000
2024-06-23 13:31:34.673,7787,108,3,0,True,0,car,0 days 00:28:20.260000,0 days 01:25:17.355000
2024-06-23 13:31:34.913,7418,102,3,0,True,0,car,0 days 00:28:20.500000,0 days 01:25:17.595000
2024-06-23 13:31:35.153,7060,96,3,0,True,0,car,0 days 00:28:20.740000,0 days 01:25:17.835000
2024-06-23 13:31:35.473,6918,93,3,0,False,0,car,0 days 00:28:21.060000,0 days 01:25:18.155000
2024-06-23 13:31:35.913,7179,91,3,15,False,0,car,0 days 00:28:21.500000,0 days 01:25:18.595000
2024-06-23 13:31:36.073,7014,92,3,29,False,0,car,0 days 00:28:21.660000,0 days 01:25:18.755000
2024-06-23 13:31:36.233,7295,94,3,36,False,0,car,0 days 00:28:21.820000,0 days 01:25:18.915000
2024-06-23 13:31:36.473,7632,98,3,42,False,0,car,0 days 00:28:22.060000,0 days 01:25:19.155000
2024-06-23 13:31:36.633,7716,102,3,44,False,0,car,0 days 00:28:22.220000,0 days 01:25:19.315000
2024-06-23 13:31:36.833,8072,105,3,48,False,0,car,0 days 00:28:22.420000,0 days 01:25:19.515000
2024-06-23 13:31:37.113,8536,111,3,57,False,0,car,0 days 00:28:22.700000,0 days 01:25:19.795000
2024-06-23 13:31:37.353,9213,119,3,67,False,0,car,0 days 00:28:22.940000,0 days 01:25:20.035000
2024-06-23 13:31:37.673,10285,131,3,80,False,0,car,0 days 00:28:23.260000,0 days 01:25:20.355000
2024-06-23 13:31:38.152,10098,154,4,100,False,0,car,0 days 00:28:23.739000,0 days 01:25:20.834000
2024-06-23 13:31:38.352,10424,164,4,100,False,0,car,0 days 00:28:23.939000,0 days 01:25:21.034000
2024-06-23 13:31:38.552,10764,172,4,100,False,0,car,0 days 00:28:24.139000,0 days 01:25:21.234000
2024-06-23 13:31:38.712,11319,176,4,100,False,0,car,0 days 00:28:24.299000,0 days 01:25:21.394000
2024-06-23 13:31:38.992,10426,187,4,100,False,0,car,0 days 00:28:24.579000,0 days 01:25:21.674000
2024-06-23 13:31:39.393,10802,202,5,100,False,0,car,0 days 00:28:24.980000,0 days 01:25:22.075000
2024-06-23 13:31:39.553,11092,208,5,100,False,0,car,0 days 00:28:25.140000,0 days 01:25:22.235000
2024-06-23 13:31:39.833,11434,216,5,100,False,0,car,0 days 00:28:25.420000,0 days 01:25:22.515000
2024-06-23 13:31:40.233,11005,227,5,100,False,0,car,0 days 00:28:25.820000,0 days 01:25:22.915000
2024-06-23 13:31:40.433,10484,229,6,100,False,0,car,0 days 00:28:26.020000,0 days 01:25:23.115000
2024-06-23 13:31:40.793,10950,238,6,100,False,0,car,0 days 00:28:26.380000,0 days 01:25:23.475000
2024-06-23 13:31:41.033,11056,243,6,100,False,0,car,0 days 00:28:26.620000,0 days 01:25:23.715000
2024-06-23 13:31:41.313,11289,245,6,100,False,0,car,0 days 00:28:26.900000,0 days 01:25:23.995000
2024-06-23 13:31:41.513,11351,248,6,100,False,0,car,0 days 00:28:27.100000,0 days 01:25:24.195000
2024-06-23 13:31:41.873,11195,251,6,0,False,0,car,0 days 00:28:27.460000,0 days 01:25:24.555000
2024-06-23 13:31:42.033,11475,239,6,0,True,0,car,0 days 00:28:27.620000,0 days 01:25:24.715000
2024-06-23 13:31:42.273,10087,221,6,0,True,0,car,0 days 00:28:27.860000,0 days 01:25:24.955000
2024-06-23 13:31:42.553,10072,202,6,0,True,0,car,0 days 00:28:28.140000,0 days 01:25:25.235000
2024-06-23 13:31:42.753,9396,177,5,0,True,0,car,0 days 00:28:28.340000,0 days 01:25:25.435000
2024-06-23 13:31:42.953,9752,164,5,0,True,0,car,0 days 00:28:28.540000,0 days 01:25:25.635000
2024-06-23 13:31:43.313,9582,156,4,0,True,0,car,0 days 00:28:28.900000,0 days 01:25:25.995000
2024-06-23 13:31:43.713,8846,143,4,0,True,0,car,0 days 00:28:29.300000,0 days 01:25:26.395000
2024-06-23 13:31:43.913,8708,139,4,0,False,0,car,0 days 00:28:29.500000,0 days 01:25:26.595000
2024-06-23 13:31:44.073,8523,136,4,0,False,0,car,0 days 00:28:29.660000,0 days 01:25:26.755000
2024-06-23 13:31:44.313,8382,134,4,5,False,0,car,0 days 00:28:29.900000,0 days 01:25:26.995000
2024-06-23 13:31:44.513,8406,132,4,20,False,0,car,0 days 00:28:30.100000,0 days 01:25:27.195000
2024-06-23 13:31:44.952,8598,134,4,49,False,0,car,0 days 00:28:30.539000,0 days 01:25:27.634000
2024-06-23 13:31:45.192,8896,137,4,62,False,0,car,0 days 00:28:30.779000,0 days 01:25:27.874000
2024-06-23 13:31:45.432,9372,145,4,76,False,0,car,0 days 00:28:31.019000,0 days 01:25:28.114000
2024-06-23 13:31:45.713,10098,148,4,89,False,0,car,0 days 00:28:31.300000,0 days 01:25:28.395000
2024-06-23 13:31:45.913,10249,157,4,94,False,0,car,0 days 00:28:31.500000,0 days 01:25:28.595000
2024-06-23 13:31:46.153,11437,173,4,87,False,0,car,0 days 00:28:31.740000,0 days 01:25:28.835000
2024-06-23 13:31:46.313,11456,175,4,95,False,0,car,0 days 00:28:31.900000,0 days 01:25:28.995000
2024-06-23 13:31:46.593,11366,185,4,100,False,0,car,0 days 00:28:32.180000,0 days 01:25:29.275000
2024-06-23 13:31:46.953,10261,196,5,100,False,0,car,0 days 00:28:32.540000,0 days 01:25:29.635000
2024-06-23 13:31:47.233,10976,203,5,100,False,0,car,0 days 00:28:32.820000,0 days 01:25:29.915000
2024-06-23 13:31:47.513,11361,211,5,100,False,0,car,0 days 00:28:33.100000,0 days 01:25:30.195000
2024-06-23 13:31:47.873,11816,221,5,100,False,0,car,0 days 00:28:33.460000,0 days 01:25:30.555000
2024-06-23 13:31:48.113,10556,226,5,100,False,0,car,0 days 00:28:33.700000,0 days 01:25:30.795000
2024-06-23 13:31:48.313,10711,231,6,100,False,0,car,0 days 00:28:33.900000,0 days 01:25:30.995000
2024-06-23 13:31:48.473,10739,233,6,100,False,0,car,0 days 00:28:34.060000,0 days 01:25:31.155000
2024-06-23 13:31:48.673,10847,237,6,100,False,0,car,0 days 00:28:34.260000,0 days 01:25:31.355000
2024-06-23 13:31:48.913,10959,241,6,100,False,0,car,0 days 00:28:34.500000,0 days 01:25:31.595000
2024-06-23 13:31:49.153,10885,240,6,0,False,0,car,0 days 00:28:34.740000,0 days 01:25:31.835000
2024-06-23 13:31:49.313,10885,240,6,0,False,0,car,0 days 00:28:34.900000,0 days 01:25:31.995000
2024-06-23 13:31:49.473,10597,234,6,0,False,0,car,0 days 00:28:35.060000,0 days 01:25:32.155000
2024-06-23 13:31:49.713,10433,229,6,0,False,0,car,0 days 00:28:35.300000,0 days 01:25:32.395000
2024-06-23 13:31:49.873,10437,224,6,30,False,0,car,0 days 00:28:35.460000,0 days 01:25:32.555000
2024-06-23 13:31:50.193,10199,219,6,50,False,0,car,0 days 00:28:35.780000,0 days 01:25:32.875000
2024-06-23 13:31:50.393,9988,217,6,59,False,0,car,0 days 00:28:35.980000,0 days 01:25:33.075000
2024-06-23 13:31:50.633,10023,216,6,63,False,0,car,0 days 00:28:36.220000,0 days 01:25:33.315000
2024-06-23 13:31:50.833,10118,218,6,77,False,0,car,0 days 00:28:36.420000,0 days 01:25:33.515000
2024-06-23 13:31:51.033,10231,218,6,85,False,0,car,0 days 00:28:36.620000,0 days 01:25:33.715000
2024-06-23 13:31:51.193,10403,222,6,100,False,0,car,0 days 00:28:36.780000,0 days 01:25:33.875000
2024-06-23 13:31:51.472,10535,225,6,100,False,0,car,0 days 00:28:37.059000,0 days 01:25:34.154000
2024-06-23 13:31:51.672,10755,230,6,100,False,0,car,0 days 00:28:37.259000,0 days 01:25:34.354000
2024-06-23 13:31:52.072,10962,237,6,100,False,0,car,0 days 00:28:37.659000,0 days 01:25:34.754000
2024-06-23 13:31:52.232,11032,240,6,100,False,0,car,0 days 00:28:37.819000,0 days 01:25:34.914000
2024-06-23 13:31:52.513,11329,245,6,100,False,0,car,0 days 00:28:38.100000,0 days 01:25:35.195000
2024-06-23 13:31:52.833,11488,252,6,100,False,0,car,0 days 00:28:38.420000,0 days 01:25:35.515000
2024-06-23 13:31:53.073,11594,253,6,100,False,0,car,0 days 00:28:38.660000,0 days 01:25:35.755000
2024-06-23 13:31:53.313,11161,258,6,100,False,0,car,0 days 00:28:38.900000,0 days 01:25:35.995000
2024-06-23 13:31:53.633,10654,262,7,100,False,0,car,0 days 00:28:39.220000,0 days 01:25:36.315000
2024-06-23 13:31:53.993,10676,267,7,100,False,0,car,0 days 00:28:39.580000,0 days 01:25:36.675000
2024-06-23 13:31:54.313,10851,270,7,100,False,0,car,0 days 00:28:39.900000,0 days 01:25:36.995000
2024-06-23 13:31:54.473,10939,272,7,100,False,0,car,0 days 00:28:40.060000,0 days 01:25:37.155000
2024-06-23 13:31:54.633,10984,273,7,100,False,0,car,0 days 00:28:40.220000,0 days 01:25:37.315000
2024-06-23 13:31:54.993,11159,279,7,100,False,0,car,0 days 00:28:40.580000,0 days 01:25:37.675000
2024-06-23 13:31:55.153,11210,280,7,100,False,0,car,0 days 00:28:40.740000,0 days 01:25:37.835000
2024-06-23 13:31:55.313,11210,282,7,100,False,0,car,0 days 00:28:40.900000,0 days 01:25:37.995000
2024-06-23 13:31:55.473,11313,283,7,100,False,0,car,0 days 00:28:41.060000,0 days 01:25:38.155000
2024-06-23 13:31:55.713,11409,285,7,100,False,0,car,0 days 00:28:41.300000,0 days 01:25:38.395000
2024-06-23 13:31:56.033,11476,287,7,100,False,0,car,0 days 00:28:41.620000,0 days 01:25:38.715000
2024-06-23 13:31:56.353,11480,287,7,100,False,0,car,0 days 00:28:41.940000,0 days 01:25:39.035000
2024-06-23 13:31:56.593,11253,289,7,100,False,0,car,0 days 00:28:42.180000,0 days 01:25:39.275000
2024-06-23 13:31:56.873,11252,282,7,0,False,0,car,0 days 00:28:42.460000,0 days 01:25:39.555000
2024-06-23 13:31:57.033,10626,260,7,0,True,0,car,0 days 00:28:42.620000,0 days 01:25:39.715000
2024-06-23 13:31:57.353,9746,226,7,0,True,0,car,0 days 00:28:42.940000,0 days 01:25:40.035000
2024-06-23 13:31:57.673,9045,204,7,0,True,0,car,0 days 00:28:43.260000,0 days 01:25:40.355000
2024-06-23 13:31:57.913,9091,176,7,0,True,0,car,0 days 00:28:43.500000,0 days 01:25:40.595000
2024-06-23 13:31:58.112,9196,159,5,0,True,0,car,0 days 00:28:43.699000,0 days 01:25:40.794000
2024-06-23 13:31:58.432,8797,140,4,0,True,0,car,0 days 00:28:44.019000,0 days 01:25:41.114000
2024-06-23 13:31:58.672,9812,131,4,0,True,0,car,0 days 00:28:44.259000,0 days 01:25:41.354000
2024-06-23 13:31:59.073,8851,120,3,0,True,0,car,0 days 00:28:44.660000,0 days 01:25:41.755000
2024-06-23 13:31:59.273,8555,117,3,0,True,0,car,0 days 00:28:44.860000,0 days 01:25:41.955000
2024-06-23 13:31:59.513,8355,114,3,0,True,0,car,0 days 00:28:45.100000,0 days 01:25:42.195000
2024-06-23 13:31:59.713,8151,112,3,0,True,0,car,0 days 00:28:45.300000,0 days 01:25:42.395000
2024-06-23 13:31:59.913,8074,110,3,0,False,0,car,0 days 00:28:45.500000,0 days 01:25:42.595000
2024-06-23 13:32:00.273,7773,105,3,0,False,0,car,0 days 00:28:45.860000,0 days 01:25:42.955000
2024-06-23 13:32:00.513,7534,103,3,0,False,0,car,0 days 00:28:46.100000,0 days 01:25:43.195000
2024-06-23 13:32:00.713,7524,101,3,0,False,0,car,0 days 00:28:46.300000,0 days 01:25:43.395000
2024-06-23 13:32:00.953,7320,99,3,3,False,0,car,0 days 00:28:46.540000,0 days 01:25:43.635000
2024-06-23 13:32:01.113,7572,98,3,12,False,0,car,0 days 00:28:46.700000,0 days 01:25:43.795000
2024-06-23 13:32:01.273,7408,97,3,21,False,0,car,0 days 00:28:46.860000,0 days 01:25:43.955000
2024-06-23 13:32:01.513,7708,100,3,39,False,0,car,0 days 00:28:47.100000,0 days 01:25:44.195000
2024-06-23 13:32:01.793,7874,103,3,44,False,0,car,0 days 00:28:47.380000,0 days 01:25:44.475000
2024-06-23 13:32:02.113,8341,108,3,54,False,0,car,0 days 00:28:47.700000,0 days 01:25:44.795000
2024-06-23 13:32:02.353,8762,115,3,59,False,0,car,0 days 00:28:47.940000,0 days 01:25:45.035000
2024-06-23 13:32:02.513,9031,118,3,61,False,0,car,0 days 00:28:48.100000,0 days 01:25:45.195000
2024-06-23 13:32:02.793,9661,127,3,70,False,0,car,0 days 00:28:48.380000,0 days 01:25:45.475000
2024-06-23 13:32:03.113,10457,136,3,77,False,0,car,0 days 00:28:48.700000,0 days 01:25:45.795000
2024-06-23 13:32:03.393,9655,147,3,82,False,0,car,0 days 00:28:48.980000,0 days 01:25:46.075000
2024-06-23 13:32:03.593,9845,155,4,88,False,0,car,0 days 00:28:49.180000,0 days 01:25:46.275000
2024-06-23 13:32:03.753,10577,163,4,100,False,0,car,0 days 00:28:49.340000,0 days 01:25:46.435000
2024-06-23 13:32:04.073,11236,175,4,100,False,0,car,0 days 00:28:49.660000,0 days 01:25:46.755000
2024-06-23 13:32:04.433,10922,185,4,100,False,0,car,0 days 00:28:50.020000,0 days 01:25:47.115000
2024-06-23 13:32:04.633,10100,191,4,100,False,0,car,0 days 00:28:50.220000,0 days 01:25:47.315000
2024-06-23 13:32:04.872,10187,198,5,78,False,0,car,0 days 00:28:50.459000,0 days 01:25:47.554000
2024-06-23 13:32:05.152,9722,183,5,0,True,0,car,0 days 00:28:50.739000,0 days 01:25:47.834000
2024-06-23 13:32:05.433,9388,166,5,0,True,0,car,0 days 00:28:51.020000,0 days 01:25:48.115000
2024-06-23 13:32:05.873,9190,151,4,0,True,0,car,0 days 00:28:51.460000,0 days 01:25:48.555000
2024-06-23 13:32:06.033,8935,143,4,0,True,0,car,0 days 00:28:51.620000,0 days 01:25:48.715000
2024-06-23 13:32:06.193,8564,139,4,0,True,0,car,0 days 00:28:51.780000,0 days 01:25:48.875000
2024-06-23 13:32:06.433,8128,131,4,0,True,0,car,0 days 00:28:52.020000,0 days 01:25:49.115000
2024-06-23 13:32:06.673,7927,125,4,0,True,0,car,0 days 00:28:52.260000,0 days 01:25:49.355000
2024-06-23 13:32:06.833,7638,122,4,0,True,0,car,0 days 00:28:52.420000,0 days 01:25:49.515000
2024-06-23 13:32:07.033,7426,118,4,0,True,0,car,0 days 00:28:52.620000,0 days 01:25:49.715000
2024-06-23 13:32:07.273,7051,115,4,0,False,0,car,0 days 00:28:52.860000,0 days 01:25:49.955000
2024-06-23 13:32:07.513,7000,112,4,0,True,0,car,0 days 00:28:53.100000,0 days 01:25:50.195000
2024-06-23 13:32:07.713,6713,109,4,0,True,0,car,0 days 00:28:53.300000,0 days 01:25:50.395000
2024-06-23 13:32:08.033,6638,106,4,14,False,0,car,0 days 00:28:53.620000,0 days 01:25:50.715000
2024-06-23 13:32:08.193,6824,106,4,32,False,0,car,0 days 00:28:53.780000,0 days 01:25:50.875000
2024-06-23 13:32:08.513,6965,109,4,38,False,0,car,0 days 00:28:54.100000,0 days 01:25:51.195000
2024-06-23 13:32:08.953,7596,115,4,50,False,0,car,0 days 00:28:54.540000,0 days 01:25:51.635000
2024-06-23 13:32:09.153,7664,119,4,50,False,0,car,0 days 00:28:54.740000,0 days 01:25:51.835000
2024-06-23 13:32:09.393,8136,123,4,58,False,0,car,0 days 00:28:54.980000,0 days 01:25:52.075000
2024-06-23 13:32:09.553,8276,127,4,62,False,0,car,0 days 00:28:55.140000,0 days 01:25:52.235000
2024-06-23 13:32:09.713,8429,130,4,62,False,0,car,0 days 00:28:55.300000,0 days 01:25:52.395000
2024-06-23 13:32:09.953,9061,138,4,71,False,0,car,0 days 00:28:55.540000,0 days 01:25:52.635000
2024-06-23 13:32:10.153,9201,144,4,79,False,0,car,0 days 00:28:55.740000,0 days 01:25:52.835000
2024-06-23 13:32:10.393,9784,150,4,84,False,0,car,0 days 00:28:55.980000,0 days 01:25:53.075000
2024-06-23 13:32:10.833,10977,170,4,89,False,0,car,0 days 00:28:56.420000,0 days 01:25:53.515000
2024-06-23 13:32:11.233,10621,184,4,100,False,0,car,0 days 00:28:56.820000,0 days 01:25:53.915000
2024-06-23 13:32:11.512,10306,191,5,100,False,0,car,0 days 00:28:57.099000,0 days 01:25:54.194000
2024-06-23 13:32:11.752,10699,202,5,100,False,0,car,0 days 00:28:57.339000,0 days 01:25:54.434000
2024-06-23 13:32:11.912,11051,205,5,100,False,0,car,0 days 00:28:57.499000,0 days 01:25:54.594000
2024-06-23 13:32:12.193,11346,213,5,100,False,0,car,0 days 00:28:57.780000,0 days 01:25:54.875000
2024-06-23 13:32:12.473,10690,221,5,100,False,0,car,0 days 00:28:58.060000,0 days 01:25:55.155000
2024-06-23 13:32:12.793,10472,226,6,92,False,0,car,0 days 00:28:58.380000,0 days 01:25:55.475000
2024-06-23 13:32:12.993,10552,229,6,76,False,0,car,0 days 00:28:58.580000,0 days 01:25:55.675000
2024-06-23 13:32:13.153,10763,230,6,82,False,0,car,0 days 00:28:58.740000,0 days 01:25:55.835000
2024-06-23 13:32:13.433,10857,234,6,83,False,0,car,0 days 00:28:59.020000,0 days 01:25:56.115000
2024-06-23 13:32:13.713,10979,236,6,88,False,0,car,0 days 00:28:59.300000,0 days 01:25:56.395000
2024-06-23 13:32:13.953,10976,238,6,100,False,0,car,0 days 00:28:59.540000,0 days 01:25:56.635000
2024-06-23 13:32:14.193,10976,242,6,100,False,0,car,0 days 00:28:59.780000,0 days 01:25:56.875000
2024-06-23 13:32:14.513,11299,245,6,100,False,0,car,0 days 00:29:00.100000,0 days 01:25:57.195000
2024-06-23 13:32:14.833,11463,250,6,100,False,0,car,0 days 00:29:00.420000,0 days 01:25:57.515000
2024-06-23 13:32:15.313,11676,255,6,100,False,0,car,0 days 00:29:00.900000,0 days 01:25:57.995000
2024-06-23 13:32:15.553,10993,255,6,100,False,0,car,0 days 00:29:01.140000,0 days 01:25:58.235000
2024-06-23 13:32:15.793,10125,259,7,100,False,0,car,0 days 00:29:01.380000,0 days 01:25:58.475000
2024-06-23 13:32:15.993,10514,261,7,100,False,0,car,0 days 00:29:01.580000,0 days 01:25:58.675000
2024-06-23 13:32:16.313,9771,258,7,35,True,0,car,0 days 00:29:01.900000,0 days 01:25:58.995000
2024-06-23 13:32:16.473,9779,248,7,0,True,0,car,0 days 00:29:02.060000,0 days 01:25:59.155000
2024-06-23 13:32:16.753,10920,240,6,0,False,0,car,0 days 00:29:02.340000,0 days 01:25:59.435000
2024-06-23 13:32:16.993,10673,234,6,44,False,0,car,0 days 00:29:02.580000,0 days 01:25:59.675000
2024-06-23 13:32:17.233,10681,232,6,55,False,0,car,0 days 00:29:02.820000,0 days 01:25:59.915000
2024-06-23 13:32:17.433,10569,230,6,61,False,0,car,0 days 00:29:03.020000,0 days 01:26:00.115000
2024-06-23 13:32:17.793,10662,228,6,74,False,0,car,0 days 00:29:03.380000,0 days 01:26:00.475000
2024-06-23 13:32:18.153,10648,232,6,91,False,0,car,0 days 00:29:03.740000,0 days 01:26:00.835000
2024-06-23 13:32:18.392,11022,236,6,100,False,0,car,0 days 00:29:03.979000,0 days 01:26:01.074000
2024-06-23 13:32:18.793,11206,243,6,100,False,0,car,0 days 00:29:04.380000,0 days 01:26:01.475000
2024-06-23 13:32:18.993,11206,244,6,100,False,0,car,0 days 00:29:04.580000,0 days 01:26:01.675000
2024-06-23 13:32:19.153,11354,248,6,100,False,0,car,0 days 00:29:04.740000,0 days 01:26:01.835000
2024-06-23 13:32:19.393,11465,250,6,100,False,0,car,0 days 00:29:04.980000,0 days 01:26:02.075000
2024-06-23 13:32:19.553,11605,253,6,100,False,0,car,0 days 00:29:05.140000,0 days 01:26:02.235000
2024-06-23 13:32:19.793,11741,256,6,100,False,0,car,0 days 00:29:05.380000,0 days 01:26:02.475000
2024-06-23 13:32:20.113,10784,260,6,100,False,0,car,0 days 00:29:05.700000,0 days 01:26:02.795000
2024-06-23 13:32:20.433,10538,266,7,100,False,0,car,0 days 00:29:06.020000,0 days 01:26:03.115000
2024-06-23 13:32:20.593,10661,267,7,100,False,0,car,0 days 00:29:06.180000,0 days 01:26:03.275000
2024-06-23 13:32:20.833,10762,269,7,100,False,0,car,0 days 00:29:06.420000,0 days 01:26:03.515000
2024-06-23 13:32:21.073,10851,271,7,100,False,0,car,0 days 00:29:06.660000,0 days 01:26:03.755000
2024-06-23 13:32:21.393,11027,275,7,100,False,0,car,0 days 00:29:06.980000,0 days 01:26:04.075000
2024-06-23 13:32:21.713,11134,278,7,100,False,0,car,0 days 00:29:07.300000,0 days 01:26:04.395000
2024-06-23 13:32:22.153,11335,283,7,100,False,0,car,0 days 00:29:07.740000,0 days 01:26:04.835000
2024-06-23 13:32:22.473,11446,285,7,100,False,0,car,0 days 00:29:08.060000,0 days 01:26:05.155000
2024-06-23 13:32:22.953,11546,290,7,100,False,0,car,0 days 00:29:08.540000,0 days 01:26:05.635000
2024-06-23 13:32:23.353,11650,291,7,100,False,0,car,0 days 00:29:08.940000,0 days 01:26:06.035000
2024-06-23 13:32:23.633,11684,291,7,100,False,0,car,0 days 00:29:09.220000,0 days 01:26:06.315000
2024-06-23 13:32:23.913,10733,294,7,100,False,0,car,0 days 00:29:09.500000,0 days 01:26:06.595000
2024-06-23 13:32:24.273,10600,296,8,100,False,0,car,0 days 00:29:09.860000,0 days 01:26:06.955000
2024-06-23 13:32:24.473,10581,297,8,100,False,0,car,0 days 00:29:10.060000,0 days 01:26:07.155000
2024-06-23 13:32:24.753,10612,299,8,100,False,0,car,0 days 00:29:10.340000,0 days 01:26:07.435000
2024-06-23 13:32:24.912,10655,299,8,100,False,0,car,0 days 00:29:10.499000,0 days 01:26:07.594000
2024-06-23 13:32:25.233,10685,300,8,100,False,0,car,0 days 00:29:10.820000,0 days 01:26:07.915000
2024-06-23 13:32:25.553,10683,301,8,100,False,0,car,0 days 00:29:11.140000,0 days 01:26:08.235000
2024-06-23 13:32:25.913,10730,303,8,100,False,0,car,0 days 00:29:11.500000,0 days 01:26:08.595000
2024-06-23 13:32:26.193,10787,303,8,100,False,0,car,0 days 00:29:11.780000,0 days 01:26:08.875000
2024-06-23 13:32:26.353,10777,303,8,100,False,0,car,0 days 00:29:11.940000,0 days 01:26:09.035000
2024-06-23 13:32:26.513,10791,303,8,100,False,0,car,0 days 00:29:12.100000,0 days 01:26:09.195000
2024-06-23 13:32:26.753,10830,305,8,100,False,0,car,0 days 00:29:12.340000,0 days 01:26:09.435000
2024-06-23 13:32:26.913,10865,305,8,100,False,0,car,0 days 00:29:12.500000,0 days 01:26:09.595000
2024-06-23 13:32:27.193,10848,305,8,100,False,0,car,0 days 00:29:12.780000,0 days 01:26:09.875000
2024-06-23 13:32:27.433,10850,306,8,100,False,0,car,0 days 00:29:13.020000,0 days 01:26:10.115000
2024-06-23 13:32:27.753,10890,306,8,100,False,0,car,0 days 00:29:13.340000,0 days 01:26:10.435000
2024-06-23 13:32:28.113,10930,307,8,100,False,0,car,0 days 00:29:13.700000,0 days 01:26:10.795000
2024-06-23 13:32:28.473,10935,308,8,100,False,0,car,0 days 00:29:14.060000,0 days 01:26:11.155000
2024-06-23 13:32:28.793,10946,308,8,100,False,0,car,0 days 00:29:14.380000,0 days 01:26:11.475000
2024-06-23 13:32:29.033,10989,309,8,100,False,0,car,0 days 00:29:14.620000,0 days 01:26:11.715000
2024-06-23 13:32:29.353,10985,309,8,100,False,0,car,0 days 00:29:14.940000,0 days 01:26:12.035000
2024-06-23 13:32:29.593,10974,308,8,100,False,0,car,0 days 00:29:15.180000,0 days 01:26:12.275000
2024-06-23 13:32:29.833,10918,307,8,100,False,0,car,0 days 00:29:15.420000,0 days 01:26:12.515000
2024-06-23 13:32:30.153,10596,303,8,50,False,0,car,0 days 00:29:15.740000,0 days 01:26:12.835000
2024-06-23 13:32:30.393,10323,301,8,0,False,0,car,0 days 00:29:15.980000,0 days 01:26:13.075000
2024-06-23 13:32:30.673,9906,280,8,0,True,0,car,0 days 00:29:16.260000,0 days 01:26:13.355000
2024-06-23 13:32:30.833,9504,280,8,0,True,0,car,0 days 00:29:16.420000,0 days 01:26:13.515000
2024-06-23 13:32:31.073,8789,238,8,0,True,0,car,0 days 00:29:16.660000,0 days 01:26:13.755000
2024-06-23 13:32:31.313,8872,218,8,0,True,0,car,0 days 00:29:16.900000,0 days 01:26:13.995000
2024-06-23 13:32:31.513,8909,200,8,0,True,0,car,0 days 00:29:17.100000,0 days 01:26:14.195000
2024-06-23 13:32:31.793,9084,177,6,0,True,0,car,0 days 00:29:17.380000,0 days 01:26:14.475000
2024-06-23 13:32:32.153,8620,159,5,0,True,0,car,0 days 00:29:17.740000,0 days 01:26:14.835000
2024-06-23 13:32:32.433,9334,149,4,0,True,0,car,0 days 00:29:18.020000,0 days 01:26:15.115000
2024-06-23 13:32:32.633,9108,145,4,0,True,0,car,0 days 00:29:18.220000,0 days 01:26:15.315000
2024-06-23 13:32:32.873,8968,140,4,0,True,0,car,0 days 00:29:18.460000,0 days 01:26:15.555000
2024-06-23 13:32:33.313,8438,134,4,0,False,0,car,0 days 00:29:18.900000,0 days 01:26:15.995000
2024-06-23 13:32:33.513,8337,133,4,18,False,0,car,0 days 00:29:19.100000,0 days 01:26:16.195000
2024-06-23 13:32:33.833,8665,135,4,48,False,0,car,0 days 00:29:19.420000,0 days 01:26:16.515000
2024-06-23 13:32:34.113,8867,136,4,57,False,0,car,0 days 00:29:19.700000,0 days 01:26:16.795000
2024-06-23 13:32:34.313,9218,143,4,63,False,0,car,0 days 00:29:19.900000,0 days 01:26:16.995000
2024-06-23 13:32:34.753,9466,156,4,52,False,0,car,0 days 00:29:20.340000,0 days 01:26:17.435000
2024-06-23 13:32:34.953,8267,156,5,52,False,0,car,0 days 00:29:20.540000,0 days 01:26:17.635000
2024-06-23 13:32:35.273,8499,157,5,53,False,0,car,0 days 00:29:20.860000,0 days 01:26:17.955000
2024-06-23 13:32:35.513,8637,160,5,59,False,0,car,0 days 00:29:21.100000,0 days 01:26:18.195000
2024-06-23 13:32:35.713,8840,163,5,67,False,0,car,0 days 00:29:21.300000,0 days 01:26:18.395000
2024-06-23 13:32:35.913,8984,165,5,71,False,0,car,0 days 00:29:21.500000,0 days 01:26:18.595000
2024-06-23 13:32:36.393,9799,178,5,87,False,0,car,0 days 00:29:21.980000,0 days 01:26:19.075000
2024-06-23 13:32:36.673,10148,186,5,93,False,0,car,0 days 00:29:22.260000,0 days 01:26:19.355000
2024-06-23 13:32:36.993,10529,196,5,100,False,0,car,0 days 00:29:22.580000,0 days 01:26:19.675000
2024-06-23 13:32:37.433,11154,211,5,100,False,0,car,0 days 00:29:23.020000,0 days 01:26:20.115000
2024-06-23 13:32:37.793,11357,212,5,69,False,0,car,0 days 00:29:23.380000,0 days 01:26:20.475000
2024-06-23 13:32:38.233,10811,207,5,0,False,0,car,0 days 00:29:23.820000,0 days 01:26:20.915000
2024-06-23 13:32:38.673,10367,196,5,24,False,0,car,0 days 00:29:24.260000,0 days 01:26:21.355000
2024-06-23 13:32:39.033,10518,196,5,60,False,0,car,0 days 00:29:24.620000,0 days 01:26:21.715000
2024-06-23 13:32:39.433,10656,198,5,72,False,0,car,0 days 00:29:25.020000,0 days 01:26:22.115000
2024-06-23 13:32:39.593,10817,198,5,75,False,0,car,0 days 00:29:25.180000,0 days 01:26:22.275000
2024-06-23 13:32:39.793,10919,202,5,76,False,0,car,0 days 00:29:25.380000,0 days 01:26:22.475000
2024-06-23 13:32:39.993,11078,206,5,76,False,0,car,0 days 00:29:25.580000,0 days 01:26:22.675000
2024-06-23 13:32:40.153,11187,209,5,85,False,0,car,0 days 00:29:25.740000,0 days 01:26:22.835000
2024-06-23 13:32:40.433,11394,213,5,83,False,0,car,0 days 00:29:26.020000,0 days 01:26:23.115000
2024-06-23 13:32:40.593,11667,213,5,100,False,0,car,0 days 00:29:26.180000,0 days 01:26:23.275000
2024-06-23 13:32:40.793,11660,220,5,100,False,0,car,0 days 00:29:26.380000,0 days 01:26:23.475000
2024-06-23 13:32:41.073,10395,226,6,100,False,0,car,0 days 00:29:26.660000,0 days 01:26:23.755000
2024-06-23 13:32:41.513,10835,233,6,100,False,0,car,0 days 00:29:27.100000,0 days 01:26:24.195000
2024-06-23 13:32:41.673,10968,237,6,100,False,0,car,0 days 00:29:27.260000,0 days 01:26:24.355000
2024-06-23 13:32:41.953,11114,240,6,100,False,0,car,0 days 00:29:27.540000,0 days 01:26:24.635000
2024-06-23 13:32:42.113,11255,243,6,100,False,0,car,0 days 00:29:27.700000,0 days 01:26:24.795000
2024-06-23 13:32:42.473,11510,248,6,100,False,0,car,0 days 00:29:28.060000,0 days 01:26:25.155000
2024-06-23 13:32:42.713,11614,252,6,100,False,0,car,0 days 00:29:28.300000,0 days 01:26:25.395000
2024-06-23 13:32:43.233,10676,259,6,100,False,0,car,0 days 00:29:28.820000,0 days 01:26:25.915000
2024-06-23 13:32:43.593,10623,261,7,100,False,0,car,0 days 00:29:29.180000,0 days 01:26:26.275000
2024-06-23 13:32:43.833,10750,266,7,100,False,0,car,0 days 00:29:29.420000,0 days 01:26:26.515000
2024-06-23 13:32:44.233,10916,272,7,100,False,0,car,0 days 00:29:29.820000,0 days 01:26:26.915000
2024-06-23 13:32:44.433,11013,274,7,100,False,0,car,0 days 00:29:30.020000,0 days 01:26:27.115000
2024-06-23 13:32:44.753,11128,279,7,100,False,0,car,0 days 00:29:30.340000,0 days 01:26:27.435000
2024-06-23 13:32:45.034,11215,280,7,100,False,0,car,0 days 00:29:30.621000,0 days 01:26:27.716000
2024-06-23 13:32:45.353,11253,281,7,100,False,0,car,0 days 00:29:30.940000,0 days 01:26:28.035000
2024-06-23 13:32:45.633,11192,280,7,100,False,0,car,0 days 00:29:31.220000,0 days 01:26:28.315000
2024-06-23 13:32:45.793,10731,277,7,50,True,0,car,0 days 00:29:31.380000,0 days 01:26:28.475000
2024-06-23 13:32:46.113,9758,245,7,0,True,0,car,0 days 00:29:31.700000,0 days 01:26:28.795000
2024-06-23 13:32:46.393,9441,222,7,0,True,0,car,0 days 00:29:31.980000,0 days 01:26:29.075000
2024-06-23 13:32:46.593,9320,195,6,0,True,0,car,0 days 00:29:32.180000,0 days 01:26:29.275000
2024-06-23 13:32:46.913,9007,176,5,0,True,0,car,0 days 00:29:32.500000,0 days 01:26:29.595000
2024-06-23 13:32:47.073,9847,170,5,0,True,0,car,0 days 00:29:32.660000,0 days 01:26:29.755000
2024-06-23 13:32:47.353,9664,158,4,0,True,0,car,0 days 00:29:32.940000,0 days 01:26:30.035000
2024-06-23 13:32:47.753,8963,142,4,0,True,0,car,0 days 00:29:33.340000,0 days 01:26:30.435000
2024-06-23 13:32:48.073,8526,138,4,0,True,0,car,0 days 00:29:33.660000,0 days 01:26:30.755000
2024-06-23 13:32:48.273,8386,135,4,0,False,0,car,0 days 00:29:33.860000,0 days 01:26:30.955000
2024-06-23 13:32:48.473,8288,133,4,0,False,0,car,0 days 00:29:34.060000,0 days 01:26:31.155000
2024-06-23 13:32:48.673,8065,131,4,0,False,0,car,0 days 00:29:34.260000,0 days 01:26:31.355000
2024-06-23 13:32:48.993,7849,126,4,0,False,0,car,0 days 00:29:34.580000,0 days 01:26:31.675000
2024-06-23 13:32:49.193,8008,124,4,10,False,0,car,0 days 00:29:34.780000,0 days 01:26:31.875000
2024-06-23 13:32:49.473,8108,124,4,46,False,0,car,0 days 00:29:35.060000,0 days 01:26:32.155000
2024-06-23 13:32:49.833,8276,130,4,55,False,0,car,0 days 00:29:35.420000,0 days 01:26:32.515000
2024-06-23 13:32:50.193,8993,136,4,67,False,0,car,0 days 00:29:35.780000,0 days 01:26:32.875000
2024-06-23 13:32:50.553,9616,149,4,78,False,0,car,0 days 00:29:36.140000,0 days 01:26:33.235000
2024-06-23 13:32:50.833,10087,155,4,80,False,0,car,0 days 00:29:36.420000,0 days 01:26:33.515000
2024-06-23 13:32:51.193,11037,166,4,100,False,0,car,0 days 00:29:36.780000,0 days 01:26:33.875000
2024-06-23 13:32:51.674,10151,185,4,100,False,0,car,0 days 00:29:37.261000,0 days 01:26:34.356000
2024-06-23 13:32:51.834,10325,190,5,100,False,0,car,0 days 00:29:37.421000,0 days 01:26:34.516000
2024-06-23 13:32:52.073,10765,197,5,100,False,0,car,0 days 00:29:37.660000,0 days 01:26:34.755000
2024-06-23 13:32:52.513,11260,210,5,100,False,0,car,0 days 00:29:38.100000,0 days 01:26:35.195000
2024-06-23 13:32:52.673,11504,210,5,100,False,0,car,0 days 00:29:38.260000,0 days 01:26:35.355000
2024-06-23 13:32:52.913,11728,217,5,100,False,0,car,0 days 00:29:38.500000,0 days 01:26:35.595000
2024-06-23 13:32:53.353,10570,232,6,100,False,0,car,0 days 00:29:38.940000,0 days 01:26:36.035000
2024-06-23 13:32:53.673,10791,237,6,100,False,0,car,0 days 00:29:39.260000,0 days 01:26:36.355000
2024-06-23 13:32:53.953,10874,237,6,100,False,0,car,0 days 00:29:39.540000,0 days 01:26:36.635000
2024-06-23 13:32:54.113,10913,239,6,100,False,0,car,0 days 00:29:39.700000,0 days 01:26:36.795000
2024-06-23 13:32:54.513,9634,221,6,0,True,0,car,0 days 00:29:40.100000,0 days 01:26:37.195000
2024-06-23 13:32:54.793,9426,189,6,0,True,0,car,0 days 00:29:40.380000,0 days 01:26:37.475000
2024-06-23 13:32:55.193,9285,151,4,0,True,0,car,0 days 00:29:40.780000,0 days 01:26:37.875000
2024-06-23 13:32:55.553,10106,137,3,0,True,0,car,0 days 00:29:41.140000,0 days 01:26:38.235000
2024-06-23 13:32:55.713,9299,130,3,0,True,0,car,0 days 00:29:41.300000,0 days 01:26:38.395000
2024-06-23 13:32:55.873,9014,126,3,0,True,0,car,0 days 00:29:41.460000,0 days 01:26:38.555000
2024-06-23 13:32:56.273,8082,116,3,0,True,0,car,0 days 00:29:41.860000,0 days 01:26:38.955000
2024-06-23 13:32:56.633,7637,106,3,0,True,0,car,0 days 00:29:42.220000,0 days 01:26:39.315000
2024-06-23 13:32:56.793,7559,102,3,0,True,0,car,0 days 00:29:42.380000,0 days 01:26:39.475000
2024-06-23 13:32:57.073,7131,98,3,0,True,0,car,0 days 00:29:42.660000,0 days 01:26:39.755000
2024-06-23 13:32:57.433,6942,94,3,0,False,0,car,0 days 00:29:43.020000,0 days 01:26:40.115000
2024-06-23 13:32:57.713,6780,92,3,7,False,0,car,0 days 00:29:43.300000,0 days 01:26:40.395000
2024-06-23 13:32:57.993,7269,94,3,32,False,0,car,0 days 00:29:43.580000,0 days 01:26:40.675000
2024-06-23 13:32:58.234,7565,98,3,38,False,0,car,0 days 00:29:43.821000,0 days 01:26:40.916000
2024-06-23 13:32:58.514,7904,101,3,44,False,0,car,0 days 00:29:44.101000,0 days 01:26:41.196000
2024-06-23 13:32:58.833,8449,112,3,56,False,0,car,0 days 00:29:44.420000,0 days 01:26:41.515000
2024-06-23 13:32:59.033,9009,116,3,62,False,0,car,0 days 00:29:44.620000,0 days 01:26:41.715000
2024-06-23 13:32:59.353,10039,127,3,80,False,0,car,0 days 00:29:44.940000,0 days 01:26:42.035000
2024-06-23 13:32:59.553,10984,136,3,88,False,0,car,0 days 00:29:45.140000,0 days 01:26:42.235000
2024-06-23 13:32:59.833,9652,151,3,100,False,0,car,0 days 00:29:45.420000,0 days 01:26:42.515000
2024-06-23 13:33:00.153,10627,164,4,100,False,0,car,0 days 00:29:45.740000,0 days 01:26:42.835000
2024-06-23 13:33:00.513,11017,177,4,100,False,0,car,0 days 00:29:46.100000,0 days 01:26:43.195000
2024-06-23 13:33:00.993,10687,200,5,100,False,0,car,0 days 00:29:46.580000,0 days 01:26:43.675000
2024-06-23 13:33:01.353,11194,213,5,100,False,0,car,0 days 00:29:46.940000,0 days 01:26:44.035000
2024-06-23 13:33:01.753,11777,221,5,100,False,0,car,0 days 00:29:47.340000,0 days 01:26:44.435000
2024-06-23 13:33:01.953,10572,225,5,100,False,0,car,0 days 00:29:47.540000,0 days 01:26:44.635000
2024-06-23 13:33:02.153,10572,230,6,100,False,0,car,0 days 00:29:47.740000,0 days 01:26:44.835000
2024-06-23 13:33:02.313,10853,233,6,100,False,0,car,0 days 00:29:47.900000,0 days 01:26:44.995000
2024-06-23 13:33:02.633,11063,240,6,100,False,0,car,0 days 00:29:48.220000,0 days 01:26:45.315000
2024-06-23 13:33:02.873,11274,245,6,100,False,0,car,0 days 00:29:48.460000,0 days 01:26:45.555000
2024-06-23 13:33:03.233,11455,249,6,100,False,0,car,0 days 00:29:48.820000,0 days 01:26:45.915000
2024-06-23 13:33:03.593,11515,252,6,100,False,0,car,0 days 00:29:49.180000,0 days 01:26:46.275000
2024-06-23 13:33:03.833,11003,237,6,0,True,0,car,0 days 00:29:49.420000,0 days 01:26:46.515000
2024-06-23 13:33:04.313,9730,194,6,0,True,0,car,0 days 00:29:49.900000,0 days 01:26:46.995000
2024-06-23 13:33:04.593,8949,179,5,0,True,0,car,0 days 00:29:50.180000,0 days 01:26:47.275000
2024-06-23 13:33:04.794,9509,161,5,0,True,0,car,0 days 00:29:50.381000,0 days 01:26:47.476000
2024-06-23 13:33:05.114,9117,148,4,0,True,0,car,0 days 00:29:50.701000,0 days 01:26:47.796000
2024-06-23 13:33:05.313,9052,145,4,0,False,0,car,0 days 00:29:50.900000,0 days 01:26:47.995000
2024-06-23 13:33:05.473,8798,141,4,0,False,0,car,0 days 00:29:51.060000,0 days 01:26:48.155000
2024-06-23 13:33:05.633,8749,140,4,0,False,0,car,0 days 00:29:51.220000,0 days 01:26:48.315000
2024-06-23 13:33:05.833,8483,137,4,0,False,0,car,0 days 00:29:51.420000,0 days 01:26:48.515000
2024-06-23 13:33:06.153,8578,133,4,12,False,0,car,0 days 00:29:51.740000,0 days 01:26:48.835000
2024-06-23 13:33:06.513,8479,132,4,42,False,0,car,0 days 00:29:52.100000,0 days 01:26:49.195000
2024-06-23 13:33:06.753,8758,134,4,55,False,0,car,0 days 00:29:52.340000,0 days 01:26:49.435000
2024-06-23 13:33:06.953,8913,137,4,59,False,0,car,0 days 00:29:52.540000,0 days 01:26:49.635000
2024-06-23 13:33:07.313,9723,144,4,78,False,0,car,0 days 00:29:52.900000,0 days 01:26:49.995000
2024-06-23 13:33:07.793,11090,165,4,100,False,0,car,0 days 00:29:53.380000,0 days 01:26:50.475000
2024-06-23 13:33:08.073,11593,176,4,100,False,0,car,0 days 00:29:53.660000,0 days 01:26:50.755000
2024-06-23 13:33:08.273,10753,183,5,100,False,0,car,0 days 00:29:53.860000,0 days 01:26:50.955000
2024-06-23 13:33:08.593,10417,192,5,100,False,0,car,0 days 00:29:54.180000,0 days 01:26:51.275000
2024-06-23 13:33:09.033,11064,207,5,100,False,0,car,0 days 00:29:54.620000,0 days 01:26:51.715000
2024-06-23 13:33:09.473,11548,216,5,100,False,0,car,0 days 00:29:55.060000,0 days 01:26:52.155000
2024-06-23 13:33:09.873,10843,229,5,100,False,0,car,0 days 00:29:55.460000,0 days 01:26:52.555000
2024-06-23 13:33:10.033,10636,231,6,100,False,0,car,0 days 00:29:55.620000,0 days 01:26:52.715000
2024-06-23 13:33:10.273,10781,237,6,100,False,0,car,0 days 00:29:55.860000,0 days 01:26:52.955000
2024-06-23 13:33:10.593,10855,238,6,100,False,0,car,0 days 00:29:56.180000,0 days 01:26:53.275000
2024-06-23 13:33:10.753,10987,239,6,100,False,0,car,0 days 00:29:56.340000,0 days 01:26:53.435000
2024-06-23 13:33:11.033,10725,236,6,0,False,0,car,0 days 00:29:56.620000,0 days 01:26:53.715000
2024-06-23 13:33:11.314,10618,231,6,0,False,0,car,0 days 00:29:56.901000,0 days 01:26:53.996000
2024-06-23 13:33:11.674,10156,223,6,29,False,0,car,0 days 00:29:57.261000,0 days 01:26:54.356000
2024-06-23 13:33:12.034,10006,217,6,35,False,0,car,0 days 00:29:57.621000,0 days 01:26:54.716000
2024-06-23 13:33:12.313,9983,216,6,56,False,0,car,0 days 00:29:57.900000,0 days 01:26:54.995000
2024-06-23 13:33:12.593,10029,215,6,73,False,0,car,0 days 00:29:58.180000,0 days 01:26:55.275000
2024-06-23 13:33:12.873,10188,217,6,100,False,0,car,0 days 00:29:58.460000,0 days 01:26:55.555000
2024-06-23 13:33:13.233,10463,223,6,100,False,0,car,0 days 00:29:58.820000,0 days 01:26:55.915000
2024-06-23 13:33:13.393,10663,227,6,100,False,0,car,0 days 00:29:58.980000,0 days 01:26:56.075000
2024-06-23 13:33:13.633,10799,231,6,100,False,0,car,0 days 00:29:59.220000,0 days 01:26:56.315000
2024-06-23 13:33:13.793,10862,236,6,100,False,0,car,0 days 00:29:59.380000,0 days 01:26:56.475000
2024-06-23 13:33:14.073,11112,239,6,100,False,0,car,0 days 00:29:59.660000,0 days 01:26:56.755000
2024-06-23 13:33:14.353,11187,245,6,100,False,0,car,0 days 00:29:59.940000,0 days 01:26:57.035000
2024-06-23 13:33:14.513,11385,247,6,100,False,0,car,0 days 00:30:00.100000,0 days 01:26:57.195000
2024-06-23 13:33:14.753,11538,252,6,100,False,0,car,0 days 00:30:00.340000,0 days 01:26:57.435000
2024-06-23 13:33:14.993,11722,254,6,100,False,0,car,0 days 00:30:00.580000,0 days 01:26:57.675000
2024-06-23 13:33:15.153,11799,260,6,100,False,0,car,0 days 00:30:00.740000,0 days 01:26:57.835000
2024-06-23 13:33:15.393,10288,260,7,100,False,0,car,0 days 00:30:00.980000,0 days 01:26:58.075000
2024-06-23 13:33:15.673,10715,265,7,100,False,0,car,0 days 00:30:01.260000,0 days 01:26:58.355000
2024-06-23 13:33:15.953,10786,269,7,100,False,0,car,0 days 00:30:01.540000,0 days 01:26:58.635000
2024-06-23 13:33:16.193,10918,271,7,100,False,0,car,0 days 00:30:01.780000,0 days 01:26:58.875000
2024-06-23 13:33:16.433,11033,275,7,100,False,0,car,0 days 00:30:02.020000,0 days 01:26:59.115000
2024-06-23 13:33:16.593,11064,276,7,100,False,0,car,0 days 00:30:02.180000,0 days 01:26:59.275000
2024-06-23 13:33:16.753,11159,278,7,100,False,0,car,0 days 00:30:02.340000,0 days 01:26:59.435000
2024-06-23 13:33:17.273,11381,283,7,100,False,0,car,0 days 00:30:02.860000,0 days 01:26:59.955000
2024-06-23 13:33:17.433,11427,285,7,100,False,0,car,0 days 00:30:03.020000,0 days 01:27:00.115000
2024-06-23 13:33:17.673,11494,286,7,100,False,0,car,0 days 00:30:03.260000,0 days 01:27:00.355000
2024-06-23 13:33:18.074,11567,289,7,100,False,0,car,0 days 00:30:03.661000,0 days 01:27:00.756000
2024-06-23 13:33:18.234,11553,290,7,100,False,0,car,0 days 00:30:03.821000,0 days 01:27:00.916000
2024-06-23 13:33:18.714,10726,277,7,0,True,0,car,0 days 00:30:04.301000,0 days 01:27:01.396000
2024-06-23 13:33:19.073,9153,249,7,0,True,0,car,0 days 00:30:04.660000,0 days 01:27:01.755000
2024-06-23 13:33:19.433,9139,195,7,0,True,0,car,0 days 00:30:05.020000,0 days 01:27:02.115000
2024-06-23 13:33:19.753,8868,170,6,0,True,0,car,0 days 00:30:05.340000,0 days 01:27:02.435000
2024-06-23 13:33:19.953,9665,156,5,0,True,0,car,0 days 00:30:05.540000,0 days 01:27:02.635000
2024-06-23 13:33:20.113,8866,149,4,0,True,0,car,0 days 00:30:05.700000,0 days 01:27:02.795000
2024-06-23 13:33:20.273,8720,145,4,0,True,0,car,0 days 00:30:05.860000,0 days 01:27:02.955000
2024-06-23 13:33:20.513,9532,134,4,0,True,0,car,0 days 00:30:06.100000,0 days 01:27:03.195000
2024-06-23 13:33:20.673,9392,128,3,0,True,0,car,0 days 00:30:06.260000,0 days 01:27:03.355000
2024-06-23 13:33:20.873,8900,122,3,0,True,0,car,0 days 00:30:06.460000,0 days 01:27:03.555000
2024-06-23 13:33:21.113,8486,119,3,0,True,0,car,0 days 00:30:06.700000,0 days 01:27:03.795000
2024-06-23 13:33:21.273,8308,115,3,0,True,0,car,0 days 00:30:06.860000,0 days 01:27:03.955000
2024-06-23 13:33:21.473,8151,112,3,0,True,0,car,0 days 00:30:07.060000,0 days 01:27:04.155000
2024-06-23 13:33:21.673,7954,109,3,0,True,0,car,0 days 00:30:07.260000,0 days 01:27:04.355000
2024-06-23 13:33:22.033,7657,106,3,0,True,0,car,0 days 00:30:07.620000,0 days 01:27:04.715000
2024-06-23 13:33:22.233,7489,101,3,0,False,0,car,0 days 00:30:07.820000,0 days 01:27:04.915000
2024-06-23 13:33:22.593,7557,98,3,13,False,0,car,0 days 00:30:08.180000,0 days 01:27:05.275000
2024-06-23 13:33:22.793,7446,97,3,25,False,0,car,0 days 00:30:08.380000,0 days 01:27:05.475000
2024-06-23 13:33:23.273,7843,102,3,39,False,0,car,0 days 00:30:08.860000,0 days 01:27:05.955000
2024-06-23 13:33:23.433,8005,104,3,42,False,0,car,0 days 00:30:09.020000,0 days 01:27:06.115000
2024-06-23 13:33:23.593,8236,105,3,44,False,0,car,0 days 00:30:09.180000,0 days 01:27:06.275000
2024-06-23 13:33:23.953,8710,113,3,55,False,0,car,0 days 00:30:09.540000,0 days 01:27:06.635000
2024-06-23 13:33:24.153,9041,118,3,59,False,0,car,0 days 00:30:09.740000,0 days 01:27:06.835000
2024-06-23 13:33:24.434,8153,125,3,64,False,0,car,0 days 00:30:10.021000,0 days 01:27:07.116000
2024-06-23 13:33:24.674,8547,131,4,71,False,0,car,0 days 00:30:10.261000,0 days 01:27:07.356000
2024-06-23 13:33:25.114,9469,145,4,81,False,0,car,0 days 00:30:10.701000,0 days 01:27:07.796000
2024-06-23 13:33:25.314,10079,152,4,85,False,0,car,0 days 00:30:10.901000,0 days 01:27:07.996000
2024-06-23 13:33:25.553,10528,163,4,99,False,0,car,0 days 00:30:11.140000,0 days 01:27:08.235000
2024-06-23 13:33:25.953,11407,178,4,100,False,0,car,0 days 00:30:11.540000,0 days 01:27:08.635000
2024-06-23 13:33:26.153,10642,185,4,100,False,0,car,0 days 00:30:11.740000,0 days 01:27:08.835000
2024-06-23 13:33:26.353,10176,191,5,100,False,0,car,0 days 00:30:11.940000,0 days 01:27:09.035000
2024-06-23 13:33:26.633,9908,197,5,100,True,0,car,0 days 00:30:12.220000,0 days 01:27:09.315000
2024-06-23 13:33:26.873,9882,186,5,0,True,0,car,0 days 00:30:12.460000,0 days 01:27:09.555000
2024-06-23 13:33:27.113,9726,180,5,0,True,0,car,0 days 00:30:12.700000,0 days 01:27:09.795000
2024-06-23 13:33:27.273,9785,165,4,0,True,0,car,0 days 00:30:12.860000,0 days 01:27:09.955000
2024-06-23 13:33:27.473,9296,154,4,0,True,0,car,0 days 00:30:13.060000,0 days 01:27:10.155000
2024-06-23 13:33:27.753,8817,144,4,0,True,0,car,0 days 00:30:13.340000,0 days 01:27:10.435000
2024-06-23 13:33:27.913,8510,141,4,0,True,0,car,0 days 00:30:13.500000,0 days 01:27:10.595000
2024-06-23 13:33:28.273,7856,129,4,0,True,0,car,0 days 00:30:13.860000,0 days 01:27:10.955000
2024-06-23 13:33:28.553,7689,123,4,0,True,0,car,0 days 00:30:14.140000,0 days 01:27:11.235000
2024-06-23 13:33:28.753,7544,120,4,0,False,0,car,0 days 00:30:14.340000,0 days 01:27:11.435000
2024-06-23 13:33:28.913,7304,119,4,0,True,0,car,0 days 00:30:14.500000,0 days 01:27:11.595000
2024-06-23 13:33:29.153,7286,115,4,0,True,0,car,0 days 00:30:14.740000,0 days 01:27:11.835000
2024-06-23 13:33:29.353,6913,112,4,0,True,0,car,0 days 00:30:14.940000,0 days 01:27:12.035000
2024-06-23 13:33:29.633,7043,108,4,0,False,0,car,0 days 00:30:15.220000,0 days 01:27:12.315000
2024-06-23 13:33:29.913,6984,108,4,29,False,0,car,0 days 00:30:15.500000,0 days 01:27:12.595000
2024-06-23 13:33:30.073,7120,109,4,35,False,0,car,0 days 00:30:15.660000,0 days 01:27:12.755000
2024-06-23 13:33:30.313,7248,111,4,37,False,0,car,0 days 00:30:15.900000,0 days 01:27:12.995000
2024-06-23 13:33:30.513,7321,113,4,39,False,0,car,0 days 00:30:16.100000,0 days 01:27:13.195000
2024-06-23 13:33:30.673,7492,113,4,44,False,0,car,0 days 00:30:16.260000,0 days 01:27:13.355000
2024-06-23 13:33:30.913,7699,118,4,44,False,0,car,0 days 00:30:16.500000,0 days 01:27:13.595000
2024-06-23 13:33:31.154,8000,123,4,59,False,0,car,0 days 00:30:16.741000,0 days 01:27:13.836000
2024-06-23 13:33:31.434,8548,130,4,62,False,0,car,0 days 00:30:17.021000,0 days 01:27:14.116000
2024-06-23 13:33:31.794,9351,138,4,72,False,0,car,0 days 00:30:17.381000,0 days 01:27:14.476000
2024-06-23 13:33:32.034,9571,147,4,77,False,0,car,0 days 00:30:17.621000,0 days 01:27:14.716000
2024-06-23 13:33:32.313,10411,153,4,86,False,0,car,0 days 00:30:17.900000,0 days 01:27:14.995000
2024-06-23 13:33:32.633,11010,165,4,96,False,0,car,0 days 00:30:18.220000,0 days 01:27:15.315000
2024-06-23 13:33:32.993,10677,182,4,100,False,0,car,0 days 00:30:18.580000,0 days 01:27:15.675000
2024-06-23 13:33:33.233,10522,192,5,100,False,0,car,0 days 00:30:18.820000,0 days 01:27:15.915000
2024-06-23 13:33:33.553,10845,195,5,100,False,0,car,0 days 00:30:19.140000,0 days 01:27:16.235000
2024-06-23 13:33:33.873,11254,210,5,100,False,0,car,0 days 00:30:19.460000,0 days 01:27:16.555000
2024-06-23 13:33:34.233,10474,218,5,100,False,0,car,0 days 00:30:19.820000,0 days 01:27:16.915000
2024-06-23 13:33:34.633,10467,226,6,82,False,0,car,0 days 00:30:20.220000,0 days 01:27:17.315000
2024-06-23 13:33:34.993,10728,230,6,90,False,0,car,0 days 00:30:20.580000,0 days 01:27:17.675000
2024-06-23 13:33:35.153,10714,230,6,81,False,0,car,0 days 00:30:20.740000,0 days 01:27:17.835000
2024-06-23 13:33:35.353,10834,235,6,79,False,0,car,0 days 00:30:20.940000,0 days 01:27:18.035000
2024-06-23 13:33:35.633,11163,234,6,75,False,0,car,0 days 00:30:21.220000,0 days 01:27:18.315000
2024-06-23 13:33:35.793,10657,237,6,100,False,0,car,0 days 00:30:21.380000,0 days 01:27:18.475000
2024-06-23 13:33:35.993,11095,239,6,100,False,0,car,0 days 00:30:21.580000,0 days 01:27:18.675000
2024-06-23 13:33:36.193,11271,242,6,100,False,0,car,0 days 00:30:21.780000,0 days 01:27:18.875000
2024-06-23 13:33:36.473,11346,246,6,100,False,0,car,0 days 00:30:22.060000,0 days 01:27:19.155000
2024-06-23 13:33:36.713,11460,248,6,100,False,0,car,0 days 00:30:22.300000,0 days 01:27:19.395000
2024-06-23 13:33:36.873,11600,250,6,100,False,0,car,0 days 00:30:22.460000,0 days 01:27:19.555000
2024-06-23 13:33:37.033,11649,254,6,100,False,0,car,0 days 00:30:22.620000,0 days 01:27:19.715000
2024-06-23 13:33:37.353,11057,257,6,100,False,0,car,0 days 00:30:22.940000,0 days 01:27:20.035000
2024-06-23 13:33:37.513,10571,258,6,100,False,0,car,0 days 00:30:23.100000,0 days 01:27:20.195000
2024-06-23 13:33:37.914,10555,260,7,100,False,0,car,0 days 00:30:23.501000,0 days 01:27:20.596000
2024-06-23 13:33:38.274,9979,247,7,0,True,0,car,0 days 00:30:23.861000,0 days 01:27:20.956000
2024-06-23 13:33:38.474,10456,239,7,0,False,0,car,0 days 00:30:24.061000,0 days 01:27:21.156000
2024-06-23 13:33:38.714,10600,233,6,46,False,0,car,0 days 00:30:24.301000,0 days 01:27:21.396000
2024-06-23 13:33:38.874,10587,229,6,52,False,0,car,0 days 00:30:24.461000,0 days 01:27:21.556000
2024-06-23 13:33:39.193,10581,229,6,74,False,0,car,0 days 00:30:24.780000,0 days 01:27:21.875000
2024-06-23 13:33:39.393,10583,230,6,76,False,0,car,0 days 00:30:24.980000,0 days 01:27:22.075000
2024-06-23 13:33:39.633,10628,229,6,76,False,0,car,0 days 00:30:25.220000,0 days 01:27:22.315000
2024-06-23 13:33:39.873,10897,233,6,100,False,0,car,0 days 00:30:25.460000,0 days 01:27:22.555000
2024-06-23 13:33:40.153,10991,237,6,100,False,0,car,0 days 00:30:25.740000,0 days 01:27:22.835000
2024-06-23 13:33:40.313,11118,239,6,100,False,0,car,0 days 00:30:25.900000,0 days 01:27:22.995000
2024-06-23 13:33:40.513,11236,241,6,100,False,0,car,0 days 00:30:26.100000,0 days 01:27:23.195000
2024-06-23 13:33:40.873,11446,247,6,100,False,0,car,0 days 00:30:26.460000,0 days 01:27:23.555000
2024-06-23 13:33:41.033,11561,249,6,100,False,0,car,0 days 00:30:26.620000,0 days 01:27:23.715000
2024-06-23 13:33:41.433,11732,255,6,100,False,0,car,0 days 00:30:27.020000,0 days 01:27:24.115000
2024-06-23 13:33:41.873,10458,261,7,100,False,0,car,0 days 00:30:27.460000,0 days 01:27:24.555000
2024-06-23 13:33:42.033,10679,264,7,100,False,0,car,0 days 00:30:27.620000,0 days 01:27:24.715000
2024-06-23 13:33:42.233,10698,265,7,100,False,0,car,0 days 00:30:27.820000,0 days 01:27:24.915000
2024-06-23 13:33:42.553,10843,269,7,100,False,0,car,0 days 00:30:28.140000,0 days 01:27:25.235000
2024-06-23 13:33:42.833,10961,272,7,100,False,0,car,0 days 00:30:28.420000,0 days 01:27:25.515000
2024-06-23 13:33:42.993,11050,275,7,100,False,0,car,0 days 00:30:28.580000,0 days 01:27:25.675000
2024-06-23 13:33:43.273,11147,277,7,100,False,0,car,0 days 00:30:28.860000,0 days 01:27:25.955000
2024-06-23 13:33:43.553,11237,280,7,100,False,0,car,0 days 00:30:29.140000,0 days 01:27:26.235000
2024-06-23 13:33:43.953,11370,284,7,100,False,0,car,0 days 00:30:29.540000,0 days 01:27:26.635000
2024-06-23 13:33:44.274,11484,286,7,100,False,0,car,0 days 00:30:29.861000,0 days 01:27:26.956000
2024-06-23 13:33:44.474,11553,287,7,100,False,0,car,0 days 00:30:30.061000,0 days 01:27:27.156000
2024-06-23 13:33:44.754,11584,289,7,100,False,0,car,0 days 00:30:30.341000,0 days 01:27:27.436000
2024-06-23 13:33:45.194,11699,291,7,100,False,0,car,0 days 00:30:30.781000,0 days 01:27:27.876000
2024-06-23 13:33:45.394,11559,292,7,100,False,0,car,0 days 00:30:30.981000,0 days 01:27:28.076000
2024-06-23 13:33:45.753,10384,292,8,100,False,0,car,0 days 00:30:31.340000,0 days 01:27:28.435000
2024-06-23 13:33:45.953,10471,296,8,100,False,0,car,0 days 00:30:31.540000,0 days 01:27:28.635000
2024-06-23 13:33:46.273,10623,298,8,100,False,0,car,0 days 00:30:31.860000,0 days 01:27:28.955000
2024-06-23 13:33:46.553,10648,299,8,100,False,0,car,0 days 00:30:32.140000,0 days 01:27:29.235000
2024-06-23 13:33:46.873,10707,300,8,100,False,0,car,0 days 00:30:32.460000,0 days 01:27:29.555000
2024-06-23 13:33:47.153,10743,302,8,100,False,0,car,0 days 00:30:32.740000,0 days 01:27:29.835000
2024-06-23 13:33:47.433,10770,302,8,100,False,0,car,0 days 00:30:33.020000,0 days 01:27:30.115000
2024-06-23 13:33:47.713,10791,302,8,100,False,0,car,0 days 00:30:33.300000,0 days 01:27:30.395000
2024-06-23 13:33:48.113,10828,304,8,100,False,0,car,0 days 00:30:33.700000,0 days 01:27:30.795000
2024-06-23 13:33:48.273,10865,305,8,100,False,0,car,0 days 00:30:33.860000,0 days 01:27:30.955000
2024-06-23 13:33:48.473,10874,305,8,100,False,0,car,0 days 00:30:34.060000,0 days 01:27:31.155000
2024-06-23 13:33:48.793,10887,306,8,100,False,0,car,0 days 00:30:34.380000,0 days 01:27:31.475000
2024-06-23 13:33:49.033,10893,307,8,100,False,0,car,0 days 00:30:34.620000,0 days 01:27:31.715000
2024-06-23 13:33:49.393,10941,307,8,100,False,0,car,0 days 00:30:34.980000,0 days 01:27:32.075000
2024-06-23 13:33:49.553,10947,308,8,100,False,0,car,0 days 00:30:35.140000,0 days 01:27:32.235000
2024-06-23 13:33:49.913,10967,308,8,100,False,0,car,0 days 00:30:35.500000,0 days 01:27:32.595000
2024-06-23 13:33:50.113,10992,309,8,100,False,0,car,0 days 00:30:35.700000,0 days 01:27:32.795000
2024-06-23 13:33:50.353,10996,309,8,100,False,0,car,0 days 00:30:35.940000,0 days 01:27:33.035000
2024-06-23 13:33:50.593,11009,310,8,100,False,0,car,0 days 00:30:36.180000,0 days 01:27:33.275000
2024-06-23 13:33:50.874,11022,310,8,100,False,0,car,0 days 00:30:36.461000,0 days 01:27:33.556000
2024-06-23 13:33:51.114,10956,309,8,100,False,0,car,0 days 00:30:36.701000,0 days 01:27:33.796000
2024-06-23 13:33:51.314,10976,309,8,100,False,0,car,0 days 00:30:36.901000,0 days 01:27:33.996000
2024-06-23 13:33:51.634,10928,309,8,99,False,0,car,0 days 00:30:37.221000,0 days 01:27:34.316000
2024-06-23 13:33:51.994,10756,302,8,0,False,0,car,0 days 00:30:37.581000,0 days 01:27:34.676000
2024-06-23 13:33:52.194,10467,296,8,0,True,0,car,0 days 00:30:37.781000,0 days 01:27:34.876000
2024-06-23 13:33:52.433,10016,273,8,0,True,0,car,0 days 00:30:38.020000,0 days 01:27:35.115000
2024-06-23 13:33:52.633,9039,249,8,0,True,0,car,0 days 00:30:38.220000,0 days 01:27:35.315000
2024-06-23 13:33:52.833,8985,238,8,0,True,0,car,0 days 00:30:38.420000,0 days 01:27:35.515000
2024-06-23 13:33:53.273,9067,193,6,0,True,0,car,0 days 00:30:38.860000,0 days 01:27:35.955000
2024-06-23 13:33:53.593,9299,179,5,0,True,0,car,0 days 00:30:39.180000,0 days 01:27:36.275000
2024-06-23 13:33:53.753,10024,164,5,0,True,0,car,0 days 00:30:39.340000,0 days 01:27:36.435000
2024-06-23 13:33:53.953,9755,158,4,0,True,0,car,0 days 00:30:39.540000,0 days 01:27:36.635000
2024-06-23 13:33:54.233,9341,149,4,0,True,0,car,0 days 00:30:39.820000,0 days 01:27:36.915000
2024-06-23 13:33:54.553,8742,142,4,0,False,0,car,0 days 00:30:40.140000,0 days 01:27:37.235000
2024-06-23 13:33:54.873,8546,137,4,0,True,0,car,0 days 00:30:40.460000,0 days 01:27:37.555000
2024-06-23 13:33:55.193,8571,134,4,23,False,0,car,0 days 00:30:40.780000,0 days 01:27:37.875000
2024-06-23 13:33:55.593,8770,135,4,52,False,0,car,0 days 00:30:41.180000,0 days 01:27:38.275000
2024-06-23 13:33:55.833,9072,140,4,55,False,0,car,0 days 00:30:41.420000,0 days 01:27:38.515000
2024-06-23 13:33:56.313,9703,149,4,71,False,0,car,0 days 00:30:41.900000,0 days 01:27:38.995000
2024-06-23 13:33:56.673,10047,157,4,55,False,0,car,0 days 00:30:42.260000,0 days 01:27:39.355000
2024-06-23 13:33:56.873,9207,158,4,52,False,0,car,0 days 00:30:42.460000,0 days 01:27:39.555000
2024-06-23 13:33:57.193,8773,161,5,58,False,0,car,0 days 00:30:42.780000,0 days 01:27:39.875000
2024-06-23 13:33:57.434,8841,162,5,60,False,0,car,0 days 00:30:43.021000,0 days 01:27:40.116000
2024-06-23 13:33:57.754,9283,169,5,82,False,0,car,0 days 00:30:43.341000,0 days 01:27:40.436000
2024-06-23 13:33:57.914,9570,172,5,84,False,0,car,0 days 00:30:43.501000,0 days 01:27:40.596000
2024-06-23 13:33:58.194,9941,180,5,100,False,0,car,0 days 00:30:43.781000,0 days 01:27:40.876000
2024-06-23 13:33:58.394,10302,186,5,100,False,0,car,0 days 00:30:43.981000,0 days 01:27:41.076000
2024-06-23 13:33:58.634,10554,195,5,100,False,0,car,0 days 00:30:44.221000,0 days 01:27:41.316000
2024-06-23 13:33:58.994,11165,201,5,100,False,0,car,0 days 00:30:44.581000,0 days 01:27:41.676000
2024-06-23 13:33:59.154,11339,211,5,82,False,0,car,0 days 00:30:44.741000,0 days 01:27:41.836000
2024-06-23 13:33:59.353,11364,212,5,67,False,0,car,0 days 00:30:44.940000,0 days 01:27:42.035000
2024-06-23 13:33:59.713,11031,213,5,0,False,0,car,0 days 00:30:45.300000,0 days 01:27:42.395000
2024-06-23 13:33:59.913,10898,209,5,0,False,0,car,0 days 00:30:45.500000,0 days 01:27:42.595000
2024-06-23 13:34:00.233,10528,202,5,20,False,0,car,0 days 00:30:45.820000,0 days 01:27:42.915000
2024-06-23 13:34:00.473,10542,199,5,50,False,0,car,0 days 00:30:46.060000,0 days 01:27:43.155000
2024-06-23 13:34:00.793,10646,198,5,64,False,0,car,0 days 00:30:46.380000,0 days 01:27:43.475000
2024-06-23 13:34:01.153,10791,199,5,75,False,0,car,0 days 00:30:46.740000,0 days 01:27:43.835000
2024-06-23 13:34:01.433,10961,203,5,75,False,0,car,0 days 00:30:47.020000,0 days 01:27:44.115000
2024-06-23 13:34:01.633,11151,205,5,83,False,0,car,0 days 00:30:47.220000,0 days 01:27:44.315000
2024-06-23 13:34:02.073,11647,215,5,100,False,0,car,0 days 00:30:47.660000,0 days 01:27:44.755000
2024-06-23 13:34:02.433,11340,221,5,100,False,0,car,0 days 00:30:48.020000,0 days 01:27:45.115000
2024-06-23 13:34:02.673,10607,226,6,100,False,0,car,0 days 00:30:48.260000,0 days 01:27:45.355000
2024-06-23 13:34:03.073,10888,231,6,100,False,0,car,0 days 00:30:48.660000,0 days 01:27:45.755000
2024-06-23 13:34:03.273,11005,234,6,100,False,0,car,0 days 00:30:48.860000,0 days 01:27:45.955000
2024-06-23 13:34:03.593,11205,241,6,100,False,0,car,0 days 00:30:49.180000,0 days 01:27:46.275000
2024-06-23 13:34:03.793,11317,245,6,100,False,0,car,0 days 00:30:49.380000,0 days 01:27:46.475000
2024-06-23 13:34:04.234,11591,251,6,100,False,0,car,0 days 00:30:49.821000,0 days 01:27:46.916000
2024-06-23 13:34:04.634,11711,257,6,100,False,0,car,0 days 00:30:50.221000,0 days 01:27:47.316000
2024-06-23 13:34:04.914,10591,259,7,100,False,0,car,0 days 00:30:50.501000,0 days 01:27:47.596000
2024-06-23 13:34:05.074,10552,261,7,100,False,0,car,0 days 00:30:50.661000,0 days 01:27:47.756000
2024-06-23 13:34:05.234,10611,263,7,100,False,0,car,0 days 00:30:50.821000,0 days 01:27:47.916000
2024-06-23 13:34:05.474,10716,265,7,100,False,0,car,0 days 00:30:51.061000,0 days 01:27:48.156000
2024-06-23 13:34:05.634,10794,267,7,100,False,0,car,0 days 00:30:51.221000,0 days 01:27:48.316000
2024-06-23 13:34:05.794,10877,269,7,100,False,0,car,0 days 00:30:51.381000,0 days 01:27:48.476000
2024-06-23 13:34:06.033,10968,270,7,100,False,0,car,0 days 00:30:51.620000,0 days 01:27:48.715000
2024-06-23 13:34:06.233,11070,275,7,100,False,0,car,0 days 00:30:51.820000,0 days 01:27:48.915000
2024-06-23 13:34:06.513,11153,276,7,100,False,0,car,0 days 00:30:52.100000,0 days 01:27:49.195000
2024-06-23 13:34:06.673,11172,278,7,100,False,0,car,0 days 00:30:52.260000,0 days 01:27:49.355000
2024-06-23 13:34:07.073,11187,280,7,100,False,0,car,0 days 00:30:52.660000,0 days 01:27:49.755000
2024-06-23 13:34:07.233,11152,279,7,100,False,0,car,0 days 00:30:52.820000,0 days 01:27:49.915000
2024-06-23 13:34:07.473,11012,279,7,0,True,0,car,0 days 00:30:53.060000,0 days 01:27:50.155000
2024-06-23 13:34:07.633,9892,264,7,0,True,0,car,0 days 00:30:53.220000,0 days 01:27:50.315000
2024-06-23 13:34:07.993,9360,216,6,0,True,0,car,0 days 00:30:53.580000,0 days 01:27:50.675000
2024-06-23 13:34:08.153,9944,197,6,0,True,0,car,0 days 00:30:53.740000,0 days 01:27:50.835000
2024-06-23 13:34:08.313,9347,197,6,0,True,0,car,0 days 00:30:53.900000,0 days 01:27:50.995000
2024-06-23 13:34:08.633,9448,165,5,0,True,0,car,0 days 00:30:54.220000,0 days 01:27:51.315000
2024-06-23 13:34:08.873,9435,157,4,0,True,0,car,0 days 00:30:54.460000,0 days 01:27:51.555000
2024-06-23 13:34:09.073,9186,155,4,0,True,0,car,0 days 00:30:54.660000,0 days 01:27:51.755000
2024-06-23 13:34:09.313,8917,146,4,0,True,0,car,0 days 00:30:54.900000,0 days 01:27:51.995000
2024-06-23 13:34:09.473,8649,141,4,0,True,0,car,0 days 00:30:55.060000,0 days 01:27:52.155000
2024-06-23 13:34:09.833,8411,135,4,0,False,0,car,0 days 00:30:55.420000,0 days 01:27:52.515000
2024-06-23 13:34:09.993,8234,135,4,0,True,0,car,0 days 00:30:55.580000,0 days 01:27:52.675000
2024-06-23 13:34:10.474,7784,126,4,0,False,0,car,0 days 00:30:56.061000,0 days 01:27:53.156000
2024-06-23 13:34:10.634,8059,124,4,0,False,0,car,0 days 00:30:56.221000,0 days 01:27:53.316000
2024-06-23 13:34:10.834,7838,124,4,35,False,0,car,0 days 00:30:56.421000,0 days 01:27:53.516000
2024-06-23 13:34:11.074,8161,126,4,50,False,0,car,0 days 00:30:56.661000,0 days 01:27:53.756000
2024-06-23 13:34:11.314,8415,128,4,51,False,0,car,0 days 00:30:56.901000,0 days 01:27:53.996000
2024-06-23 13:34:11.674,8873,135,4,62,False,0,car,0 days 00:30:57.261000,0 days 01:27:54.356000
2024-06-23 13:34:11.874,9264,139,4,71,False,0,car,0 days 00:30:57.461000,0 days 01:27:54.556000
2024-06-23 13:34:12.314,10009,150,4,77,False,0,car,0 days 00:30:57.901000,0 days 01:27:54.996000
2024-06-23 13:34:12.554,10206,159,4,85,False,0,car,0 days 00:30:58.141000,0 days 01:27:55.236000
2024-06-23 13:34:12.873,11138,169,4,100,False,0,car,0 days 00:30:58.460000,0 days 01:27:55.555000
2024-06-23 13:34:13.313,10290,184,4,100,False,0,car,0 days 00:30:58.900000,0 days 01:27:55.995000
2024-06-23 13:34:13.713,10701,196,5,100,False,0,car,0 days 00:30:59.300000,0 days 01:27:56.395000
2024-06-23 13:34:13.913,10973,201,5,100,False,0,car,0 days 00:30:59.500000,0 days 01:27:56.595000
2024-06-23 13:34:14.073,11214,207,5,100,False,0,car,0 days 00:30:59.660000,0 days 01:27:56.755000
2024-06-23 13:34:14.273,11358,208,5,100,False,0,car,0 days 00:30:59.860000,0 days 01:27:56.955000
2024-06-23 13:34:14.513,11665,216,5,100,False,0,car,0 days 00:31:00.100000,0 days 01:27:57.195000
2024-06-23 13:34:14.793,10777,220,5,100,False,0,car,0 days 00:31:00.380000,0 days 01:27:57.475000
2024-06-23 13:34:15.033,10484,230,6,100,False,0,car,0 days 00:31:00.620000,0 days 01:27:57.715000
2024-06-23 13:34:15.313,10739,231,6,100,False,0,car,0 days 00:31:00.900000,0 days 01:27:57.995000
2024-06-23 13:34:15.553,10883,236,6,100,False,0,car,0 days 00:31:01.140000,0 days 01:27:58.235000
2024-06-23 13:34:15.713,10817,238,6,100,False,0,car,0 days 00:31:01.300000,0 days 01:27:58.395000
2024-06-23 13:34:16.033,9758,214,6,0,True,0,car,0 days 00:31:01.620000,0 days 01:27:58.715000
2024-06-23 13:34:16.193,9359,205,6,0,True,0,car,0 days 00:31:01.780000,0 days 01:27:58.875000
2024-06-23 13:34:16.353,9594,187,6,0,True,0,car,0 days 00:31:01.940000,0 days 01:27:59.035000
2024-06-23 13:34:16.513,9174,180,6,0,True,0,car,0 days 00:31:02.100000,0 days 01:27:59.195000
2024-06-23 13:34:16.713,9486,163,6,0,True,0,car,0 days 00:31:02.300000,0 days 01:27:59.395000
2024-06-23 13:34:16.994,9445,144,4,0,True,0,car,0 days 00:31:02.581000,0 days 01:27:59.676000
2024-06-23 13:34:17.194,9265,134,3,0,True,0,car,0 days 00:31:02.781000,0 days 01:27:59.876000
2024-06-23 13:34:17.434,8869,123,3,0,True,0,car,0 days 00:31:03.021000,0 days 01:28:00.116000
2024-06-23 13:34:17.754,8347,118,3,0,True,0,car,0 days 00:31:03.341000,0 days 01:28:00.436000
2024-06-23 13:34:17.914,8094,118,3,0,True,0,car,0 days 00:31:03.501000,0 days 01:28:00.596000
2024-06-23 13:34:18.114,7634,109,3,0,True,0,car,0 days 00:31:03.701000,0 days 01:28:00.796000
2024-06-23 13:34:18.354,7454,104,3,0,True,0,car,0 days 00:31:03.941000,0 days 01:28:01.036000
2024-06-23 13:34:18.594,7306,99,3,0,True,0,car,0 days 00:31:04.181000,0 days 01:28:01.276000
2024-06-23 13:34:18.754,6900,97,3,0,True,0,car,0 days 00:31:04.341000,0 days 01:28:01.436000
2024-06-23 13:34:19.074,6803,92,3,0,False,0,car,0 days 00:31:04.661000,0 days 01:28:01.756000
2024-06-23 13:34:19.314,6955,90,3,10,False,0,car,0 days 00:31:04.901000,0 days 01:28:01.996000
2024-06-23 13:34:19.593,7069,92,3,28,False,0,car,0 days 00:31:05.180000,0 days 01:28:02.275000
2024-06-23 13:34:19.913,7385,93,3,35,False,0,car,0 days 00:31:05.500000,0 days 01:28:02.595000
2024-06-23 13:34:20.233,7817,98,3,44,False,0,car,0 days 00:31:05.820000,0 days 01:28:02.915000
2024-06-23 13:34:20.473,8294,104,3,52,False,0,car,0 days 00:31:06.060000,0 days 01:28:03.155000
2024-06-23 13:34:20.633,8686,111,3,58,False,0,car,0 days 00:31:06.220000,0 days 01:28:03.315000
2024-06-23 13:34:20.873,9312,115,3,69,False,0,car,0 days 00:31:06.460000,0 days 01:28:03.555000
2024-06-23 13:34:21.353,11219,138,3,100,False,0,car,0 days 00:31:06.940000,0 days 01:28:04.035000
2024-06-23 13:34:21.553,10590,149,4,100,False,0,car,0 days 00:31:07.140000,0 days 01:28:04.235000
2024-06-23 13:34:21.913,10939,164,4,100,False,0,car,0 days 00:31:07.500000,0 days 01:28:04.595000
2024-06-23 13:34:22.113,11122,173,4,100,False,0,car,0 days 00:31:07.700000,0 days 01:28:04.795000
2024-06-23 13:34:22.353,11029,185,4,100,False,0,car,0 days 00:31:07.940000,0 days 01:28:05.035000
2024-06-23 13:34:22.633,10524,192,5,100,False,0,car,0 days 00:31:08.220000,0 days 01:28:05.315000
2024-06-23 13:34:22.833,10832,203,5,100,False,0,car,0 days 00:31:08.420000,0 days 01:28:05.515000
2024-06-23 13:34:23.153,10993,212,5,100,False,0,car,0 days 00:31:08.740000,0 days 01:28:05.835000
2024-06-23 13:34:23.513,11804,220,5,100,False,0,car,0 days 00:31:09.100000,0 days 01:28:06.195000
2024-06-23 13:34:23.714,11037,225,5,100,False,0,car,0 days 00:31:09.301000,0 days 01:28:06.396000
2024-06-23 13:34:23.954,10786,232,6,100,False,0,car,0 days 00:31:09.541000,0 days 01:28:06.636000
2024-06-23 13:34:24.154,10855,237,6,100,False,0,car,0 days 00:31:09.741000,0 days 01:28:06.836000
2024-06-23 13:34:24.554,11230,244,6,100,False,0,car,0 days 00:31:10.141000,0 days 01:28:07.236000
2024-06-23 13:34:24.834,11395,247,6,100,False,0,car,0 days 00:31:10.421000,0 days 01:28:07.516000
2024-06-23 13:34:25.194,11536,252,6,100,False,0,car,0 days 00:31:10.781000,0 days 01:28:07.876000
2024-06-23 13:34:25.594,10579,233,6,0,True,0,car,0 days 00:31:11.181000,0 days 01:28:08.276000
2024-06-23 13:34:25.994,9950,198,6,0,True,0,car,0 days 00:31:11.581000,0 days 01:28:08.676000
2024-06-23 13:34:26.193,9274,184,5,0,True,0,car,0 days 00:31:11.780000,0 days 01:28:08.875000
2024-06-23 13:34:26.353,9740,176,5,0,True,0,car,0 days 00:31:11.940000,0 days 01:28:09.035000
2024-06-23 13:34:26.633,9697,159,4,0,True,0,car,0 days 00:31:12.220000,0 days 01:28:09.315000
2024-06-23 13:34:26.793,9275,152,4,0,True,0,car,0 days 00:31:12.380000,0 days 01:28:09.475000
2024-06-23 13:34:26.953,9292,147,4,0,False,0,car,0 days 00:31:12.540000,0 days 01:28:09.635000
2024-06-23 13:34:27.153,8898,145,4,0,False,0,car,0 days 00:31:12.740000,0 days 01:28:09.835000
2024-06-23 13:34:27.433,8802,142,4,0,False,0,car,0 days 00:31:13.020000,0 days 01:28:10.115000
2024-06-23 13:34:27.633,8678,138,4,0,False,0,car,0 days 00:31:13.220000,0 days 01:28:10.315000
2024-06-23 13:34:27.993,8710,135,4,26,False,0,car,0 days 00:31:13.580000,0 days 01:28:10.675000
2024-06-23 13:34:28.233,8658,134,4,39,False,0,car,0 days 00:31:13.820000,0 days 01:28:10.915000
2024-06-23 13:34:28.433,8799,135,4,49,False,0,car,0 days 00:31:14.020000,0 days 01:28:11.115000
2024-06-23 13:34:28.633,9109,139,4,59,False,0,car,0 days 00:31:14.220000,0 days 01:28:11.315000
2024-06-23 13:34:28.793,9509,141,4,74,False,0,car,0 days 00:31:14.380000,0 days 01:28:11.475000
2024-06-23 13:34:28.993,9704,146,4,77,False,0,car,0 days 00:31:14.580000,0 days 01:28:11.675000
2024-06-23 13:34:29.313,10674,154,4,100,False,0,car,0 days 00:31:14.900000,0 days 01:28:11.995000
2024-06-23 13:34:29.553,11994,170,4,100,False,0,car,0 days 00:31:15.140000,0 days 01:28:12.235000
2024-06-23 13:34:29.953,9937,180,5,100,False,0,car,0 days 00:31:15.540000,0 days 01:28:12.635000
2024-06-23 13:34:30.354,10519,196,5,100,False,0,car,0 days 00:31:15.941000,0 days 01:28:13.036000
2024-06-23 13:34:30.554,10868,201,5,100,False,0,car,0 days 00:31:16.141000,0 days 01:28:13.236000
2024-06-23 13:34:30.754,11105,206,5,100,False,0,car,0 days 00:31:16.341000,0 days 01:28:13.436000
2024-06-23 13:34:30.994,11389,213,5,100,False,0,car,0 days 00:31:16.581000,0 days 01:28:13.676000
2024-06-23 13:34:31.274,11739,220,5,100,False,0,car,0 days 00:31:16.861000,0 days 01:28:13.956000
2024-06-23 13:34:31.514,10672,225,5,100,False,0,car,0 days 00:31:17.101000,0 days 01:28:14.196000
2024-06-23 13:34:31.714,10590,229,6,100,False,0,car,0 days 00:31:17.301000,0 days 01:28:14.396000
2024-06-23 13:34:31.954,10828,237,6,100,False,0,car,0 days 00:31:17.541000,0 days 01:28:14.636000
2024-06-23 13:34:32.114,10921,237,6,100,False,0,car,0 days 00:31:17.701000,0 days 01:28:14.796000
2024-06-23 13:34:32.394,11060,241,6,100,False,0,car,0 days 00:31:17.981000,0 days 01:28:15.076000
2024-06-23 13:34:32.754,10930,241,6,0,False,0,car,0 days 00:31:18.341000,0 days 01:28:15.436000
2024-06-23 13:34:32.993,10574,234,6,0,False,0,car,0 days 00:31:18.580000,0 days 01:28:15.675000
2024-06-23 13:34:33.193,10289,231,6,0,False,0,car,0 days 00:31:18.780000,0 days 01:28:15.875000
2024-06-23 13:34:33.353,10611,225,6,29,False,0,car,0 days 00:31:18.940000,0 days 01:28:16.035000
2024-06-23 13:34:33.593,10028,222,6,22,False,0,car,0 days 00:31:19.180000,0 days 01:28:16.275000
2024-06-23 13:34:33.793,10028,216,6,24,False,0,car,0 days 00:31:19.380000,0 days 01:28:16.475000
2024-06-23 13:34:34.033,9881,214,6,62,False,0,car,0 days 00:31:19.620000,0 days 01:28:16.715000
2024-06-23 13:34:34.193,10034,215,6,68,False,0,car,0 days 00:31:19.780000,0 days 01:28:16.875000
2024-06-23 13:34:34.353,10011,216,6,81,False,0,car,0 days 00:31:19.940000,0 days 01:28:17.035000
2024-06-23 13:34:34.673,10306,219,6,86,False,0,car,0 days 00:31:20.260000,0 days 01:28:17.355000
2024-06-23 13:34:34.873,10469,222,6,100,False,0,car,0 days 00:31:20.460000,0 days 01:28:17.555000
2024-06-23 13:34:35.233,10673,227,6,100,False,0,car,0 days 00:31:20.820000,0 days 01:28:17.915000
2024-06-23 13:34:35.713,10998,237,6,100,False,0,car,0 days 00:31:21.300000,0 days 01:28:18.395000
2024-06-23 13:34:35.913,11119,241,6,100,False,0,car,0 days 00:31:21.500000,0 days 01:28:18.595000
2024-06-23 13:34:36.273,11380,247,6,100,False,0,car,0 days 00:31:21.860000,0 days 01:28:18.955000
2024-06-23 13:34:36.553,11474,253,6,100,False,0,car,0 days 00:31:22.140000,0 days 01:28:19.235000
2024-06-23 13:34:36.834,11746,257,6,100,False,0,car,0 days 00:31:22.421000,0 days 01:28:19.516000
2024-06-23 13:34:37.114,11606,259,6,100,False,0,car,0 days 00:31:22.701000,0 days 01:28:19.796000
2024-06-23 13:34:37.394,10732,262,7,100,False,0,car,0 days 00:31:22.981000,0 days 01:28:20.076000
2024-06-23 13:34:37.674,10683,267,7,100,False,0,car,0 days 00:31:23.261000,0 days 01:28:20.356000
2024-06-23 13:34:38.154,10929,274,7,100,False,0,car,0 days 00:31:23.741000,0 days 01:28:20.836000
2024-06-23 13:34:38.314,11049,276,7,100,False,0,car,0 days 00:31:23.901000,0 days 01:28:20.996000
2024-06-23 13:34:38.474,11087,277,7,100,False,0,car,0 days 00:31:24.061000,0 days 01:28:21.156000
2024-06-23 13:34:38.714,11187,279,7,100,False,0,car,0 days 00:31:24.301000,0 days 01:28:21.396000
2024-06-23 13:34:38.994,11323,282,7,100,False,0,car,0 days 00:31:24.581000,0 days 01:28:21.676000
2024-06-23 13:34:39.154,11349,283,7,100,False,0,car,0 days 00:31:24.741000,0 days 01:28:21.836000
2024-06-23 13:34:39.314,11423,284,7,100,False,0,car,0 days 00:31:24.901000,0 days 01:28:21.996000
2024-06-23 13:34:39.474,11439,286,7,100,False,0,car,0 days 00:31:25.061000,0 days 01:28:22.156000
2024-06-23 13:34:39.713,11477,287,7,100,False,0,car,0 days 00:31:25.300000,0 days 01:28:22.395000
2024-06-23 13:34:39.913,11477,286,7,100,False,0,car,0 days 00:31:25.500000,0 days 01:28:22.595000
2024-06-23 13:34:40.193,11274,282,7,0,False,0,car,0 days 00:31:25.780000,0 days 01:28:22.875000
2024-06-23 13:34:40.433,10852,276,7,0,True,0,car,0 days 00:31:26.020000,0 days 01:28:23.115000
2024-06-23 13:34:40.753,9503,237,7,0,True,0,car,0 days 00:31:26.340000,0 days 01:28:23.435000
2024-06-23 13:34:40.913,9570,214,7,0,True,0,car,0 days 00:31:26.500000,0 days 01:28:23.595000
2024-06-23 13:34:41.193,8980,188,6,0,True,0,car,0 days 00:31:26.780000,0 days 01:28:23.875000
2024-06-23 13:34:41.433,9216,169,5,0,True,0,car,0 days 00:31:27.020000,0 days 01:28:24.115000
2024-06-23 13:34:41.633,9630,156,5,0,True,0,car,0 days 00:31:27.220000,0 days 01:28:24.315000
2024-06-23 13:34:41.833,8967,156,4,0,True,0,car,0 days 00:31:27.420000,0 days 01:28:24.515000
2024-06-23 13:34:42.073,8755,137,4,0,True,0,car,0 days 00:31:27.660000,0 days 01:28:24.755000
2024-06-23 13:34:42.313,9293,131,3,0,True,0,car,0 days 00:31:27.900000,0 days 01:28:24.995000
2024-06-23 13:34:42.473,9157,125,3,0,True,0,car,0 days 00:31:28.060000,0 days 01:28:25.155000
2024-06-23 13:34:42.753,8758,119,3,0,True,0,car,0 days 00:31:28.340000,0 days 01:28:25.435000
2024-06-23 13:34:42.953,8382,115,3,0,True,0,car,0 days 00:31:28.540000,0 days 01:28:25.635000
2024-06-23 13:34:43.233,8044,115,3,0,True,0,car,0 days 00:31:28.820000,0 days 01:28:25.915000
2024-06-23 13:34:43.514,7666,108,3,0,True,0,car,0 days 00:31:29.101000,0 days 01:28:26.196000
2024-06-23 13:34:43.754,7574,103,3,0,False,0,car,0 days 00:31:29.341000,0 days 01:28:26.436000
2024-06-23 13:34:43.914,7482,103,3,0,False,0,car,0 days 00:31:29.501000,0 days 01:28:26.596000
2024-06-23 13:34:44.194,7322,99,3,1,False,0,car,0 days 00:31:29.781000,0 days 01:28:26.876000
2024-06-23 13:34:44.594,7539,98,3,27,False,0,car,0 days 00:31:30.181000,0 days 01:28:27.276000
2024-06-23 13:34:44.914,7716,100,3,36,False,0,car,0 days 00:31:30.501000,0 days 01:28:27.596000
2024-06-23 13:34:45.194,7987,103,3,43,False,0,car,0 days 00:31:30.781000,0 days 01:28:27.876000
2024-06-23 13:34:45.514,8459,108,3,49,False,0,car,0 days 00:31:31.101000,0 days 01:28:28.196000
2024-06-23 13:34:45.834,8871,116,3,56,False,0,car,0 days 00:31:31.421000,0 days 01:28:28.516000
2024-06-23 13:34:45.994,9227,118,3,62,False,0,car,0 days 00:31:31.581000,0 days 01:28:28.676000
2024-06-23 13:34:46.234,8334,128,3,65,False,0,car,0 days 00:31:31.821000,0 days 01:28:28.916000
2024-06-23 13:34:46.513,8832,129,4,73,False,0,car,0 days 00:31:32.100000,0 days 01:28:29.195000
2024-06-23 13:34:46.673,9032,139,4,79,False,0,car,0 days 00:31:32.260000,0 days 01:28:29.355000
2024-06-23 13:34:46.913,9790,146,4,84,False,0,car,0 days 00:31:32.500000,0 days 01:28:29.595000
2024-06-23 13:34:47.193,10084,157,4,85,False,0,car,0 days 00:31:32.780000,0 days 01:28:29.875000
2024-06-23 13:34:47.553,11063,171,4,93,False,0,car,0 days 00:31:33.140000,0 days 01:28:30.235000
2024-06-23 13:34:47.753,11475,179,4,100,False,0,car,0 days 00:31:33.340000,0 days 01:28:30.435000
2024-06-23 13:34:47.993,10788,182,4,100,False,0,car,0 days 00:31:33.580000,0 days 01:28:30.675000
2024-06-23 13:34:48.153,10364,192,5,100,False,0,car,0 days 00:31:33.740000,0 days 01:28:30.835000
2024-06-23 13:34:48.353,10549,195,5,100,False,0,car,0 days 00:31:33.940000,0 days 01:28:31.035000
2024-06-23 13:34:48.593,10178,189,5,0,True,0,car,0 days 00:31:34.180000,0 days 01:28:31.275000
2024-06-23 13:34:48.833,9528,171,5,0,True,0,car,0 days 00:31:34.420000,0 days 01:28:31.515000
2024-06-23 13:34:49.113,9850,161,4,0,True,0,car,0 days 00:31:34.700000,0 days 01:28:31.795000
2024-06-23 13:34:49.313,8994,152,4,0,True,0,car,0 days 00:31:34.900000,0 days 01:28:31.995000
2024-06-23 13:34:49.513,8604,144,4,0,True,0,car,0 days 00:31:35.100000,0 days 01:28:32.195000
2024-06-23 13:34:49.713,8449,138,4,0,True,0,car,0 days 00:31:35.300000,0 days 01:28:32.395000
2024-06-23 13:34:49.994,7977,131,4,0,True,0,car,0 days 00:31:35.581000,0 days 01:28:32.676000
2024-06-23 13:34:50.194,7677,128,4,0,True,0,car,0 days 00:31:35.781000,0 days 01:28:32.876000
2024-06-23 13:34:50.554,7434,121,4,0,True,0,car,0 days 00:31:36.141000,0 days 01:28:33.236000
2024-06-23 13:34:50.834,7025,118,4,0,False,0,car,0 days 00:31:36.421000,0 days 01:28:33.516000
2024-06-23 13:34:50.994,7032,115,4,0,True,0,car,0 days 00:31:36.581000,0 days 01:28:33.676000
2024-06-23 13:34:51.274,7079,110,4,0,False,0,car,0 days 00:31:36.861000,0 days 01:28:33.956000
2024-06-23 13:34:51.434,6803,109,4,0,False,0,car,0 days 00:31:37.021000,0 days 01:28:34.116000
2024-06-23 13:34:51.634,6844,107,4,11,False,0,car,0 days 00:31:37.221000,0 days 01:28:34.316000
2024-06-23 13:34:51.914,7080,109,4,37,False,0,car,0 days 00:31:37.501000,0 days 01:28:34.596000
2024-06-23 13:34:52.114,7266,109,4,40,False,0,car,0 days 00:31:37.701000,0 days 01:28:34.796000
2024-06-23 13:34:52.474,7477,115,4,46,False,0,car,0 days 00:31:38.061000,0 days 01:28:35.156000
2024-06-23 13:34:52.634,7709,118,4,48,False,0,car,0 days 00:31:38.221000,0 days 01:28:35.316000
2024-06-23 13:34:52.834,8083,122,4,53,False,0,car,0 days 00:31:38.421000,0 days 01:28:35.516000
2024-06-23 13:34:53.193,8448,128,4,61,False,0,car,0 days 00:31:38.780000,0 days 01:28:35.875000
2024-06-23 13:34:53.473,9018,135,4,72,False,0,car,0 days 00:31:39.060000,0 days 01:28:36.155000
2024-06-23 13:34:53.753,9557,145,4,79,False,0,car,0 days 00:31:39.340000,0 days 01:28:36.435000
2024-06-23 13:34:54.193,10509,151,4,85,False,0,car,0 days 00:31:39.780000,0 days 01:28:36.875000
2024-06-23 13:34:54.393,11104,167,4,100,False,0,car,0 days 00:31:39.980000,0 days 01:28:37.075000
2024-06-23 13:34:54.553,11321,171,4,100,False,0,car,0 days 00:31:40.140000,0 days 01:28:37.235000
2024-06-23 13:34:54.753,10061,182,4,100,False,0,car,0 days 00:31:40.340000,0 days 01:28:37.435000
2024-06-23 13:34:54.993,10388,190,5,100,False,0,car,0 days 00:31:40.580000,0 days 01:28:37.675000
2024-06-23 13:34:55.193,10726,197,5,100,False,0,car,0 days 00:31:40.780000,0 days 01:28:37.875000
2024-06-23 13:34:55.473,11086,207,5,100,False,0,car,0 days 00:31:41.060000,0 days 01:28:38.155000
2024-06-23 13:34:55.713,11568,212,5,100,False,0,car,0 days 00:31:41.300000,0 days 01:28:38.395000
2024-06-23 13:34:55.953,10831,214,6,100,False,0,car,0 days 00:31:41.540000,0 days 01:28:38.635000
2024-06-23 13:34:56.153,10415,223,6,91,False,0,car,0 days 00:31:41.740000,0 days 01:28:38.835000
2024-06-23 13:34:56.313,10523,226,6,91,False,0,car,0 days 00:31:41.900000,0 days 01:28:38.995000
2024-06-23 13:34:56.594,10675,231,6,91,False,0,car,0 days 00:31:42.181000,0 days 01:28:39.276000
2024-06-23 13:34:56.794,10952,234,6,89,False,0,car,0 days 00:31:42.381000,0 days 01:28:39.476000
2024-06-23 13:34:56.954,10923,235,6,79,False,0,car,0 days 00:31:42.541000,0 days 01:28:39.636000
2024-06-23 13:34:57.234,11029,236,6,80,False,0,car,0 days 00:31:42.821000,0 days 01:28:39.916000
2024-06-23 13:34:57.434,10383,237,6,75,False,0,car,0 days 00:31:43.021000,0 days 01:28:40.116000
2024-06-23 13:34:57.594,11111,239,6,100,False,0,car,0 days 00:31:43.181000,0 days 01:28:40.276000
2024-06-23 13:34:57.874,11266,243,6,100,False,0,car,0 days 00:31:43.461000,0 days 01:28:40.556000
2024-06-23 13:34:58.114,11398,245,6,100,False,0,car,0 days 00:31:43.701000,0 days 01:28:40.796000
2024-06-23 13:34:58.514,11639,251,6,100,False,0,car,0 days 00:31:44.101000,0 days 01:28:41.196000
2024-06-23 13:34:58.674,11695,255,6,100,False,0,car,0 days 00:31:44.261000,0 days 01:28:41.356000
2024-06-23 13:34:58.914,11475,257,6,100,False,0,car,0 days 00:31:44.501000,0 days 01:28:41.596000
2024-06-23 13:34:59.194,10258,261,6,100,False,0,car,0 days 00:31:44.781000,0 days 01:28:41.876000
2024-06-23 13:34:59.554,10459,264,7,100,False,0,car,0 days 00:31:45.141000,0 days 01:28:42.236000
2024-06-23 13:34:59.714,10500,261,7,0,True,0,car,0 days 00:31:45.301000,0 days 01:28:42.396000
2024-06-23 13:34:59.953,10254,246,7,0,True,0,car,0 days 00:31:45.540000,0 days 01:28:42.635000
2024-06-23 13:35:00.353,10648,233,6,27,False,0,car,0 days 00:31:45.940000,0 days 01:28:43.035000
2024-06-23 13:35:00.553,10789,233,6,65,False,0,car,0 days 00:31:46.140000,0 days 01:28:43.235000
2024-06-23 13:35:00.873,10532,231,6,65,False,0,car,0 days 00:31:46.460000,0 days 01:28:43.555000
2024-06-23 13:35:01.033,10470,229,6,60,False,0,car,0 days 00:31:46.620000,0 days 01:28:43.715000
2024-06-23 13:35:01.353,10558,227,6,71,False,0,car,0 days 00:31:46.940000,0 days 01:28:44.035000
2024-06-23 13:35:01.673,10730,230,6,98,False,0,car,0 days 00:31:47.260000,0 days 01:28:44.355000
2024-06-23 13:35:02.033,10963,235,6,100,False,0,car,0 days 00:31:47.620000,0 days 01:28:44.715000
2024-06-23 13:35:02.193,11088,235,6,100,False,0,car,0 days 00:31:47.780000,0 days 01:28:44.875000
2024-06-23 13:35:02.633,11281,243,6,100,False,0,car,0 days 00:31:48.220000,0 days 01:28:45.315000
2024-06-23 13:35:02.793,11408,246,6,100,False,0,car,0 days 00:31:48.380000,0 days 01:28:45.475000
2024-06-23 13:35:03.234,11680,255,6,100,False,0,car,0 days 00:31:48.821000,0 days 01:28:45.916000
2024-06-23 13:35:03.474,11804,257,6,100,False,0,car,0 days 00:31:49.061000,0 days 01:28:46.156000
2024-06-23 13:35:03.874,10709,263,7,100,False,0,car,0 days 00:31:49.461000,0 days 01:28:46.556000
2024-06-23 13:35:04.274,10641,268,7,100,False,0,car,0 days 00:31:49.861000,0 days 01:28:46.956000
2024-06-23 13:35:04.514,10872,270,7,100,False,0,car,0 days 00:31:50.101000,0 days 01:28:47.196000
2024-06-23 13:35:04.674,10951,273,7,100,False,0,car,0 days 00:31:50.261000,0 days 01:28:47.356000
2024-06-23 13:35:04.874,10991,276,7,100,False,0,car,0 days 00:31:50.461000,0 days 01:28:47.556000
2024-06-23 13:35:05.314,11231,279,7,100,False,0,car,0 days 00:31:50.901000,0 days 01:28:47.996000
2024-06-23 13:35:05.594,11335,282,7,100,False,0,car,0 days 00:31:51.181000,0 days 01:28:48.276000
2024-06-23 13:35:05.834,11386,285,7,100,False,0,car,0 days 00:31:51.421000,0 days 01:28:48.516000
2024-06-23 13:35:06.034,11483,285,7,100,False,0,car,0 days 00:31:51.621000,0 days 01:28:48.716000
2024-06-23 13:35:06.234,11522,287,7,100,False,0,car,0 days 00:31:51.821000,0 days 01:28:48.916000
2024-06-23 13:35:06.474,11602,290,7,100,False,0,car,0 days 00:31:52.061000,0 days 01:28:49.156000
2024-06-23 13:35:06.673,11657,292,7,100,False,0,car,0 days 00:31:52.260000,0 days 01:28:49.355000
2024-06-23 13:35:06.873,11728,292,7,100,False,0,car,0 days 00:31:52.460000,0 days 01:28:49.555000
2024-06-23 13:35:07.193,10899,294,7,100,False,0,car,0 days 00:31:52.780000,0 days 01:28:49.875000
2024-06-23 13:35:07.353,10342,296,7,100,False,0,car,0 days 00:31:52.940000,0 days 01:28:50.035000
2024-06-23 13:35:07.753,10620,298,8,100,False,0,car,0 days 00:31:53.340000,0 days 01:28:50.435000
2024-06-23 13:35:07.913,10637,299,8,100,False,0,car,0 days 00:31:53.500000,0 days 01:28:50.595000
2024-06-23 13:35:08.073,10665,299,8,100,False,0,car,0 days 00:31:53.660000,0 days 01:28:50.755000
2024-06-23 13:35:08.313,10681,300,8,100,False,0,car,0 days 00:31:53.900000,0 days 01:28:50.995000
2024-06-23 13:35:08.593,10748,302,8,100,False,0,car,0 days 00:31:54.180000,0 days 01:28:51.275000
2024-06-23 13:35:08.793,10759,302,8,100,False,0,car,0 days 00:31:54.380000,0 days 01:28:51.475000
2024-06-23 13:35:09.113,10818,304,8,100,False,0,car,0 days 00:31:54.700000,0 days 01:28:51.795000
2024-06-23 13:35:09.273,10822,305,8,100,False,0,car,0 days 00:31:54.860000,0 days 01:28:51.955000
2024-06-23 13:35:09.513,10865,304,8,100,False,0,car,0 days 00:31:55.100000,0 days 01:28:52.195000
2024-06-23 13:35:09.714,10865,305,8,100,False,0,car,0 days 00:31:55.301000,0 days 01:28:52.396000
2024-06-23 13:35:10.074,10876,306,8,100,False,0,car,0 days 00:31:55.661000,0 days 01:28:52.756000
2024-06-23 13:35:10.354,10924,307,8,100,False,0,car,0 days 00:31:55.941000,0 days 01:28:53.036000
2024-06-23 13:35:10.634,10937,307,8,100,False,0,car,0 days 00:31:56.221000,0 days 01:28:53.316000
2024-06-23 13:35:10.874,10946,308,8,100,False,0,car,0 days 00:31:56.461000,0 days 01:28:53.556000
2024-06-23 13:35:11.114,10953,307,8,100,False,0,car,0 days 00:31:56.701000,0 days 01:28:53.796000
2024-06-23 13:35:11.474,10954,309,8,100,False,0,car,0 days 00:31:57.061000,0 days 01:28:54.156000
2024-06-23 13:35:11.674,10975,308,8,100,False,0,car,0 days 00:31:57.261000,0 days 01:28:54.356000
2024-06-23 13:35:11.914,10975,308,8,100,False,0,car,0 days 00:31:57.501000,0 days 01:28:54.596000
2024-06-23 13:35:12.074,10990,309,8,100,False,0,car,0 days 00:31:57.661000,0 days 01:28:54.756000
2024-06-23 13:35:12.274,11001,310,8,100,False,0,car,0 days 00:31:57.861000,0 days 01:28:54.956000
2024-06-23 13:35:12.594,10975,310,8,100,False,0,car,0 days 00:31:58.181000,0 days 01:28:55.276000
2024-06-23 13:35:12.914,10976,309,8,100,False,0,car,0 days 00:31:58.501000,0 days 01:28:55.596000
2024-06-23 13:35:13.154,10903,308,8,100,False,0,car,0 days 00:31:58.741000,0 days 01:28:55.836000
2024-06-23 13:35:13.433,10883,307,8,100,False,0,car,0 days 00:31:59.020000,0 days 01:28:56.115000
2024-06-23 13:35:13.753,10962,304,8,0,False,0,car,0 days 00:31:59.340000,0 days 01:28:56.435000
2024-06-23 13:35:13.953,10302,297,8,0,True,0,car,0 days 00:31:59.540000,0 days 01:28:56.635000
2024-06-23 13:35:14.273,9901,268,8,0,True,0,car,0 days 00:31:59.860000,0 days 01:28:56.955000
2024-06-23 13:35:14.713,8917,220,8,0,True,0,car,0 days 00:32:00.300000,0 days 01:28:57.395000
2024-06-23 13:35:14.913,8664,200,7,0,True,0,car,0 days 00:32:00.500000,0 days 01:28:57.595000
2024-06-23 13:35:15.233,8869,171,6,0,True,0,car,0 days 00:32:00.820000,0 days 01:28:57.915000
2024-06-23 13:35:15.593,9608,159,4,0,True,0,car,0 days 00:32:01.180000,0 days 01:28:58.275000
2024-06-23 13:35:15.993,9137,148,4,0,True,0,car,0 days 00:32:01.580000,0 days 01:28:58.675000
2024-06-23 13:35:16.194,8997,144,4,0,True,0,car,0 days 00:32:01.781000,0 days 01:28:58.876000
2024-06-23 13:35:16.434,8756,140,4,0,False,0,car,0 days 00:32:02.021000,0 days 01:28:59.116000
2024-06-23 13:35:16.634,8546,138,4,0,False,0,car,0 days 00:32:02.221000,0 days 01:28:59.316000
2024-06-23 13:35:17.034,8690,135,4,35,False,0,car,0 days 00:32:02.621000,0 days 01:28:59.716000
2024-06-23 13:35:17.354,8883,137,4,57,False,0,car,0 days 00:32:02.941000,0 days 01:29:00.036000
2024-06-23 13:35:17.554,9137,140,4,62,False,0,car,0 days 00:32:03.141000,0 days 01:29:00.236000
2024-06-23 13:35:17.754,9283,145,4,65,False,0,car,0 days 00:32:03.341000,0 days 01:29:00.436000
2024-06-23 13:35:17.954,9593,150,4,73,False,0,car,0 days 00:32:03.541000,0 days 01:29:00.636000
2024-06-23 13:35:18.234,9554,159,4,72,False,0,car,0 days 00:32:03.821000,0 days 01:29:00.916000
2024-06-23 13:35:18.474,8572,160,5,48,False,0,car,0 days 00:32:04.061000,0 days 01:29:01.156000
2024-06-23 13:35:18.634,8607,161,5,49,False,0,car,0 days 00:32:04.221000,0 days 01:29:01.316000
2024-06-23 13:35:18.834,8742,160,5,53,False,0,car,0 days 00:32:04.421000,0 days 01:29:01.516000
2024-06-23 13:35:19.034,8888,163,5,61,False,0,car,0 days 00:32:04.621000,0 days 01:29:01.716000
2024-06-23 13:35:19.274,9011,167,5,71,False,0,car,0 days 00:32:04.861000,0 days 01:29:01.956000
2024-06-23 13:35:19.754,9584,176,5,82,False,0,car,0 days 00:32:05.341000,0 days 01:29:02.436000
2024-06-23 13:35:19.993,9968,181,5,90,False,0,car,0 days 00:32:05.580000,0 days 01:29:02.675000
2024-06-23 13:35:20.313,10430,190,5,100,False,0,car,0 days 00:32:05.900000,0 days 01:29:02.995000
2024-06-23 13:35:20.513,10676,195,5,100,False,0,car,0 days 00:32:06.100000,0 days 01:29:03.195000
2024-06-23 13:35:20.793,11115,206,5,100,False,0,car,0 days 00:32:06.380000,0 days 01:29:03.475000
2024-06-23 13:35:21.193,11366,211,5,70,False,0,car,0 days 00:32:06.780000,0 days 01:29:03.875000
2024-06-23 13:35:21.393,11301,213,5,58,False,0,car,0 days 00:32:06.980000,0 days 01:29:04.075000
2024-06-23 13:35:21.553,11287,212,5,58,False,0,car,0 days 00:32:07.140000,0 days 01:29:04.235000
2024-06-23 13:35:21.953,11102,208,5,0,False,0,car,0 days 00:32:07.540000,0 days 01:29:04.635000
2024-06-23 13:35:22.273,10633,203,5,8,False,0,car,0 days 00:32:07.860000,0 days 01:29:04.955000
2024-06-23 13:35:22.553,10615,198,5,53,False,0,car,0 days 00:32:08.140000,0 days 01:29:05.235000
2024-06-23 13:35:22.753,10623,198,5,70,False,0,car,0 days 00:32:08.340000,0 days 01:29:05.435000
2024-06-23 13:35:22.914,10605,197,5,72,False,0,car,0 days 00:32:08.501000,0 days 01:29:05.596000
2024-06-23 13:35:23.234,10895,203,5,76,False,0,car,0 days 00:32:08.821000,0 days 01:29:05.916000
2024-06-23 13:35:23.634,11241,207,5,82,False,0,car,0 days 00:32:09.221000,0 days 01:29:06.316000
2024-06-23 13:35:23.794,11433,208,5,100,False,0,car,0 days 00:32:09.381000,0 days 01:29:06.476000
2024-06-23 13:35:24.194,11646,218,5,100,False,0,car,0 days 00:32:09.781000,0 days 01:29:06.876000
2024-06-23 13:35:24.434,11412,222,5,100,False,0,car,0 days 00:32:10.021000,0 days 01:29:07.116000
2024-06-23 13:35:24.594,10525,226,6,100,False,0,car,0 days 00:32:10.181000,0 days 01:29:07.276000
2024-06-23 13:35:24.874,10715,232,6,100,False,0,car,0 days 00:32:10.461000,0 days 01:29:07.556000
2024-06-23 13:35:25.074,10865,235,6,100,False,0,car,0 days 00:32:10.661000,0 days 01:29:07.756000
2024-06-23 13:35:25.274,10997,237,6,100,False,0,car,0 days 00:32:10.861000,0 days 01:29:07.956000
2024-06-23 13:35:25.674,11256,244,6,100,False,0,car,0 days 00:32:11.261000,0 days 01:29:08.356000
2024-06-23 13:35:25.954,11441,248,6,100,False,0,car,0 days 00:32:11.541000,0 days 01:29:08.636000
2024-06-23 13:35:26.154,11553,251,6,100,False,0,car,0 days 00:32:11.741000,0 days 01:29:08.836000
2024-06-23 13:35:26.514,11433,255,6,100,False,0,car,0 days 00:32:12.101000,0 days 01:29:09.196000
2024-06-23 13:35:26.753,10658,259,7,100,False,0,car,0 days 00:32:12.340000,0 days 01:29:09.435000
2024-06-23 13:35:26.953,10503,263,7,100,False,0,car,0 days 00:32:12.540000,0 days 01:29:09.635000
2024-06-23 13:35:27.233,10662,265,7,100,False,0,car,0 days 00:32:12.820000,0 days 01:29:09.915000
2024-06-23 13:35:27.473,10746,268,7,100,False,0,car,0 days 00:32:13.060000,0 days 01:29:10.155000
2024-06-23 13:35:27.953,10987,272,7,100,False,0,car,0 days 00:32:13.540000,0 days 01:29:10.635000
2024-06-23 13:35:28.353,11039,276,7,100,False,0,car,0 days 00:32:13.940000,0 days 01:29:11.035000
2024-06-23 13:35:28.673,11084,276,7,100,False,0,car,0 days 00:32:14.260000,0 days 01:29:11.355000
2024-06-23 13:35:28.993,10954,277,7,100,False,0,car,0 days 00:32:14.580000,0 days 01:29:11.675000
2024-06-23 13:35:29.273,10642,265,7,0,True,0,car,0 days 00:32:14.860000,0 days 01:29:11.955000
2024-06-23 13:35:29.514,9480,244,7,0,True,0,car,0 days 00:32:15.101000,0 days 01:29:12.196000
2024-06-23 13:35:29.674,10039,223,7,0,True,0,car,0 days 00:32:15.261000,0 days 01:29:12.356000
2024-06-23 13:35:29.874,9489,211,6,0,True,0,car,0 days 00:32:15.461000,0 days 01:29:12.556000
2024-06-23 13:35:30.034,9796,188,6,0,True,0,car,0 days 00:32:15.621000,0 days 01:29:12.716000
2024-06-23 13:35:30.314,9354,176,5,0,True,0,car,0 days 00:32:15.901000,0 days 01:29:12.996000
2024-06-23 13:35:30.474,10142,166,5,0,True,0,car,0 days 00:32:16.061000,0 days 01:29:13.156000
2024-06-23 13:35:30.674,9680,159,4,0,True,0,car,0 days 00:32:16.261000,0 days 01:29:13.356000
2024-06-23 13:35:30.874,9561,153,4,0,True,0,car,0 days 00:32:16.461000,0 days 01:29:13.556000
2024-06-23 13:35:31.074,9127,148,4,0,True,0,car,0 days 00:32:16.661000,0 days 01:29:13.756000
2024-06-23 13:35:31.354,8625,141,4,0,True,0,car,0 days 00:32:16.941000,0 days 01:29:14.036000
2024-06-23 13:35:31.634,8177,138,4,0,True,0,car,0 days 00:32:17.221000,0 days 01:29:14.316000
2024-06-23 13:35:31.834,8185,130,4,0,True,0,car,0 days 00:32:17.421000,0 days 01:29:14.516000
2024-06-23 13:35:32.154,7672,125,4,0,False,0,car,0 days 00:32:17.741000,0 days 01:29:14.836000
2024-06-23 13:35:32.354,7716,122,4,0,False,0,car,0 days 00:32:17.941000,0 days 01:29:15.036000
2024-06-23 13:35:32.634,7577,120,4,35,False,0,car,0 days 00:32:18.221000,0 days 01:29:15.316000
2024-06-23 13:35:32.914,8136,123,4,52,False,0,car,0 days 00:32:18.501000,0 days 01:29:15.596000
2024-06-23 13:35:33.234,8272,127,4,53,False,0,car,0 days 00:32:18.821000,0 days 01:29:15.916000
2024-06-23 13:35:33.633,8911,138,4,62,False,0,car,0 days 00:32:19.220000,0 days 01:29:16.315000
2024-06-23 13:35:33.873,9166,142,4,72,False,0,car,0 days 00:32:19.460000,0 days 01:29:16.555000
2024-06-23 13:35:34.153,9836,151,4,85,False,0,car,0 days 00:32:19.740000,0 days 01:29:16.835000
2024-06-23 13:35:34.433,10495,162,4,91,False,0,car,0 days 00:32:20.020000,0 days 01:29:17.115000
2024-06-23 13:35:34.633,10997,170,4,100,False,0,car,0 days 00:32:20.220000,0 days 01:29:17.315000
2024-06-23 13:35:34.873,11471,178,4,100,False,0,car,0 days 00:32:20.460000,0 days 01:29:17.555000
2024-06-23 13:35:35.033,11218,185,4,100,False,0,car,0 days 00:32:20.620000,0 days 01:29:17.715000
2024-06-23 13:35:35.353,10352,194,5,100,False,0,car,0 days 00:32:20.940000,0 days 01:29:18.035000
2024-06-23 13:35:35.553,10813,199,5,100,False,0,car,0 days 00:32:21.140000,0 days 01:29:18.235000
2024-06-23 13:35:35.753,11095,205,5,100,False,0,car,0 days 00:32:21.340000,0 days 01:29:18.435000
2024-06-23 13:35:36.034,11478,213,5,100,False,0,car,0 days 00:32:21.621000,0 days 01:29:18.716000
2024-06-23 13:35:36.314,11690,217,5,100,False,0,car,0 days 00:32:21.901000,0 days 01:29:18.996000
2024-06-23 13:35:36.554,11344,224,5,100,False,0,car,0 days 00:32:22.141000,0 days 01:29:19.236000
2024-06-23 13:35:36.954,10619,233,6,100,False,0,car,0 days 00:32:22.541000,0 days 01:29:19.636000
2024-06-23 13:35:37.274,10753,238,6,100,False,0,car,0 days 00:32:22.861000,0 days 01:29:19.956000
2024-06-23 13:35:37.474,10915,239,6,100,False,0,car,0 days 00:32:23.061000,0 days 01:29:20.156000
2024-06-23 13:35:37.674,10869,240,6,0,True,0,car,0 days 00:32:23.261000,0 days 01:29:20.356000
2024-06-23 13:35:38.034,9678,195,6,0,True,0,car,0 days 00:32:23.621000,0 days 01:29:20.716000
2024-06-23 13:35:38.234,9280,185,6,0,True,0,car,0 days 00:32:23.821000,0 days 01:29:20.916000
2024-06-23 13:35:38.394,10075,170,6,0,True,0,car,0 days 00:32:23.981000,0 days 01:29:21.076000
2024-06-23 13:35:38.554,9524,155,5,0,True,0,car,0 days 00:32:24.141000,0 days 01:29:21.236000
2024-06-23 13:35:38.754,9715,145,4,0,True,0,car,0 days 00:32:24.341000,0 days 01:29:21.436000
2024-06-23 13:35:38.994,9675,141,3,0,True,0,car,0 days 00:32:24.581000,0 days 01:29:21.676000
2024-06-23 13:35:39.234,9087,130,3,0,True,0,car,0 days 00:32:24.821000,0 days 01:29:21.916000
2024-06-23 13:35:39.554,8489,119,3,0,True,0,car,0 days 00:32:25.141000,0 days 01:29:22.236000
2024-06-23 13:35:39.874,7916,111,3,0,True,0,car,0 days 00:32:25.461000,0 days 01:29:22.556000
2024-06-23 13:35:40.034,7562,107,3,0,True,0,car,0 days 00:32:25.621000,0 days 01:29:22.716000
2024-06-23 13:35:40.313,7182,101,3,0,True,0,car,0 days 00:32:25.900000,0 days 01:29:22.995000
2024-06-23 13:35:40.513,6998,98,3,0,True,0,car,0 days 00:32:26.100000,0 days 01:29:23.195000
2024-06-23 13:35:40.793,6867,92,3,0,False,0,car,0 days 00:32:26.380000,0 days 01:29:23.475000
2024-06-23 13:35:41.033,6950,91,3,0,False,0,car,0 days 00:32:26.620000,0 days 01:29:23.715000
2024-06-23 13:35:41.193,6939,90,3,19,False,0,car,0 days 00:32:26.780000,0 days 01:29:23.875000
2024-06-23 13:35:41.433,7101,92,3,30,False,0,car,0 days 00:32:27.020000,0 days 01:29:24.115000
2024-06-23 13:35:41.633,7387,96,3,34,False,0,car,0 days 00:32:27.220000,0 days 01:29:24.315000
2024-06-23 13:35:41.913,7670,98,3,40,False,0,car,0 days 00:32:27.500000,0 days 01:29:24.595000
2024-06-23 13:35:42.273,7991,107,3,51,False,0,car,0 days 00:32:27.860000,0 days 01:29:24.955000
2024-06-23 13:35:42.473,8668,112,3,59,False,0,car,0 days 00:32:28.060000,0 days 01:29:25.155000
2024-06-23 13:35:42.674,9282,115,3,70,False,0,car,0 days 00:32:28.261000,0 days 01:29:25.356000
2024-06-23 13:35:42.874,9870,126,3,77,False,0,car,0 days 00:32:28.461000,0 days 01:29:25.556000
2024-06-23 13:35:43.154,11155,139,3,91,False,0,car,0 days 00:32:28.741000,0 days 01:29:25.836000
2024-06-23 13:35:43.394,10733,148,3,100,False,0,car,0 days 00:32:28.981000,0 days 01:29:26.076000
2024-06-23 13:35:43.634,10812,163,4,100,False,0,car,0 days 00:32:29.221000,0 days 01:29:26.316000
2024-06-23 13:35:43.994,11269,172,4,100,False,0,car,0 days 00:32:29.581000,0 days 01:29:26.676000
2024-06-23 13:35:44.234,10297,187,4,100,False,0,car,0 days 00:32:29.821000,0 days 01:29:26.916000
2024-06-23 13:35:44.394,10294,192,5,100,False,0,car,0 days 00:32:29.981000,0 days 01:29:27.076000
2024-06-23 13:35:44.594,10736,199,5,100,False,0,car,0 days 00:32:30.181000,0 days 01:29:27.276000
2024-06-23 13:35:44.794,11080,202,5,100,False,0,car,0 days 00:32:30.381000,0 days 01:29:27.476000
2024-06-23 13:35:44.954,11258,212,5,100,False,0,car,0 days 00:32:30.541000,0 days 01:29:27.636000
2024-06-23 13:35:45.274,11710,219,5,100,False,0,car,0 days 00:32:30.861000,0 days 01:29:27.956000
2024-06-23 13:35:45.434,11407,224,5,100,False,0,car,0 days 00:32:31.021000,0 days 01:29:28.116000
2024-06-23 13:35:45.714,10633,230,6,100,False,0,car,0 days 00:32:31.301000,0 days 01:29:28.396000
2024-06-23 13:35:45.994,10948,236,6,100,False,0,car,0 days 00:32:31.581000,0 days 01:29:28.676000
2024-06-23 13:35:46.154,11023,239,6,100,False,0,car,0 days 00:32:31.741000,0 days 01:29:28.836000
2024-06-23 13:35:46.394,11192,244,6,100,False,0,car,0 days 00:32:31.981000,0 days 01:29:29.076000
2024-06-23 13:35:46.714,11374,247,6,100,False,0,car,0 days 00:32:32.301000,0 days 01:29:29.396000
2024-06-23 13:35:46.873,11403,249,6,100,False,0,car,0 days 00:32:32.460000,0 days 01:29:29.555000
2024-06-23 13:35:47.073,11459,250,6,100,False,0,car,0 days 00:32:32.660000,0 days 01:29:29.755000
2024-06-23 13:35:47.233,11443,249,6,100,True,0,car,0 days 00:32:32.820000,0 days 01:29:29.915000
2024-06-23 13:35:47.513,10253,231,6,0,True,0,car,0 days 00:32:33.100000,0 days 01:29:30.195000
2024-06-23 13:35:47.953,9493,182,5,0,True,0,car,0 days 00:32:33.540000,0 days 01:29:30.635000
2024-06-23 13:35:48.153,9648,169,5,0,True,0,car,0 days 00:32:33.740000,0 days 01:29:30.835000
2024-06-23 13:35:48.513,9274,153,4,0,True,0,car,0 days 00:32:34.100000,0 days 01:29:31.195000
2024-06-23 13:35:48.753,8956,144,4,0,True,0,car,0 days 00:32:34.340000,0 days 01:29:31.435000
2024-06-23 13:35:48.913,8724,143,4,0,True,0,car,0 days 00:32:34.500000,0 days 01:29:31.595000
2024-06-23 13:35:49.073,8569,138,4,0,True,0,car,0 days 00:32:34.660000,0 days 01:29:31.755000
2024-06-23 13:35:49.354,8425,136,4,0,False,0,car,0 days 00:32:34.941000,0 days 01:29:32.036000
2024-06-23 13:35:49.514,8282,136,4,0,False,0,car,0 days 00:32:35.101000,0 days 01:29:32.196000
2024-06-23 13:35:49.714,8195,131,4,10,False,0,car,0 days 00:32:35.301000,0 days 01:29:32.396000
2024-06-23 13:35:49.874,8342,130,4,34,False,0,car,0 days 00:32:35.461000,0 days 01:29:32.556000
2024-06-23 13:35:50.074,8432,130,4,45,False,0,car,0 days 00:32:35.661000,0 days 01:29:32.756000
2024-06-23 13:35:50.314,8675,131,4,57,False,0,car,0 days 00:32:35.901000,0 days 01:29:32.996000
2024-06-23 13:35:50.514,9222,136,4,70,False,0,car,0 days 00:32:36.101000,0 days 01:29:33.196000
2024-06-23 13:35:50.794,9541,141,4,87,False,0,car,0 days 00:32:36.381000,0 days 01:29:33.476000
2024-06-23 13:35:51.034,10540,158,4,100,False,0,car,0 days 00:32:36.621000,0 days 01:29:33.716000
2024-06-23 13:35:51.394,11080,171,4,100,False,0,car,0 days 00:32:36.981000,0 days 01:29:34.076000
2024-06-23 13:35:51.674,9750,178,5,100,False,0,car,0 days 00:32:37.261000,0 days 01:29:34.356000
2024-06-23 13:35:51.994,10461,190,5,100,False,0,car,0 days 00:32:37.581000,0 days 01:29:34.676000
2024-06-23 13:35:52.194,10754,192,5,100,False,0,car,0 days 00:32:37.781000,0 days 01:29:34.876000
2024-06-23 13:35:52.554,11081,207,5,100,False,0,car,0 days 00:32:38.141000,0 days 01:29:35.236000
2024-06-23 13:35:52.754,11396,213,5,100,False,0,car,0 days 00:32:38.341000,0 days 01:29:35.436000
2024-06-23 13:35:52.994,11660,217,5,100,False,0,car,0 days 00:32:38.581000,0 days 01:29:35.676000
2024-06-23 13:35:53.194,11720,222,5,100,False,0,car,0 days 00:32:38.781000,0 days 01:29:35.876000
2024-06-23 13:35:53.474,10757,229,6,100,False,0,car,0 days 00:32:39.061000,0 days 01:29:36.156000
2024-06-23 13:35:53.633,10763,233,6,100,False,0,car,0 days 00:32:39.220000,0 days 01:29:36.315000
2024-06-23 13:35:53.833,10817,237,6,100,False,0,car,0 days 00:32:39.420000,0 days 01:29:36.515000
2024-06-23 13:35:54.073,10932,238,6,100,False,0,car,0 days 00:32:39.660000,0 days 01:29:36.755000
2024-06-23 13:35:54.393,10905,241,6,100,False,0,car,0 days 00:32:39.980000,0 days 01:29:37.075000
2024-06-23 13:35:54.593,10827,241,6,35,False,0,car,0 days 00:32:40.180000,0 days 01:29:37.275000
2024-06-23 13:35:54.793,10739,238,6,0,False,0,car,0 days 00:32:40.380000,0 days 01:29:37.475000
2024-06-23 13:35:54.953,10570,232,6,0,False,0,car,0 days 00:32:40.540000,0 days 01:29:37.635000
2024-06-23 13:35:55.193,10419,228,6,39,False,0,car,0 days 00:32:40.780000,0 days 01:29:37.875000
2024-06-23 13:35:55.513,10279,225,6,52,False,0,car,0 days 00:32:41.100000,0 days 01:29:38.195000
2024-06-23 13:35:55.834,10160,220,6,52,False,0,car,0 days 00:32:41.421000,0 days 01:29:38.516000
2024-06-23 13:35:56.034,10048,217,6,67,False,0,car,0 days 00:32:41.621000,0 days 01:29:38.716000
2024-06-23 13:35:56.354,10332,221,6,88,False,0,car,0 days 00:32:41.941000,0 days 01:29:39.036000
2024-06-23 13:35:56.554,10435,223,6,100,False,0,car,0 days 00:32:42.141000,0 days 01:29:39.236000
2024-06-23 13:35:56.834,10634,228,6,100,False,0,car,0 days 00:32:42.421000,0 days 01:29:39.516000
2024-06-23 13:35:57.154,10770,234,6,100,False,0,car,0 days 00:32:42.741000,0 days 01:29:39.836000
2024-06-23 13:35:57.554,11120,241,6,100,False,0,car,0 days 00:32:43.141000,0 days 01:29:40.236000
2024-06-23 13:35:57.954,11419,248,6,100,False,0,car,0 days 00:32:43.541000,0 days 01:29:40.636000
2024-06-23 13:35:58.154,11529,251,6,100,False,0,car,0 days 00:32:43.741000,0 days 01:29:40.836000
2024-06-23 13:35:58.434,11711,255,6,100,False,0,car,0 days 00:32:44.021000,0 days 01:29:41.116000
2024-06-23 13:35:58.594,11669,258,6,100,False,0,car,0 days 00:32:44.181000,0 days 01:29:41.276000
2024-06-23 13:35:58.834,10553,261,6,100,False,0,car,0 days 00:32:44.421000,0 days 01:29:41.516000
2024-06-23 13:35:59.234,10725,267,7,100,False,0,car,0 days 00:32:44.821000,0 days 01:29:41.916000
2024-06-23 13:35:59.474,10807,269,7,100,False,0,car,0 days 00:32:45.061000,0 days 01:29:42.156000
2024-06-23 13:35:59.874,11001,273,7,100,False,0,car,0 days 00:32:45.461000,0 days 01:29:42.556000
2024-06-23 13:36:00.074,11062,276,7,100,False,0,car,0 days 00:32:45.661000,0 days 01:29:42.756000
2024-06-23 13:36:00.353,11159,279,7,100,False,0,car,0 days 00:32:45.940000,0 days 01:29:43.035000
2024-06-23 13:36:00.633,11301,283,7,100,False,0,car,0 days 00:32:46.220000,0 days 01:29:43.315000
2024-06-23 13:36:00.793,11367,283,7,100,False,0,car,0 days 00:32:46.380000,0 days 01:29:43.475000
2024-06-23 13:36:00.953,11386,285,7,100,False,0,car,0 days 00:32:46.540000,0 days 01:29:43.635000
2024-06-23 13:36:01.153,11412,285,7,100,False,0,car,0 days 00:32:46.740000,0 days 01:29:43.835000
2024-06-23 13:36:01.473,11458,285,7,100,False,0,car,0 days 00:32:47.060000,0 days 01:29:44.155000
2024-06-23 13:36:01.793,11473,287,7,100,False,0,car,0 days 00:32:47.380000,0 days 01:29:44.475000
2024-06-23 13:36:02.153,11071,279,7,0,True,0,car,0 days 00:32:47.740000,0 days 01:29:44.835000
2024-06-23 13:36:02.354,9811,249,7,0,True,0,car,0 days 00:32:47.941000,0 days 01:29:45.036000
2024-06-23 13:36:02.754,9484,209,6,0,True,0,car,0 days 00:32:48.341000,0 days 01:29:45.436000
2024-06-23 13:36:02.914,9768,201,6,0,True,0,car,0 days 00:32:48.501000,0 days 01:29:45.596000
2024-06-23 13:36:03.354,9831,160,5,0,True,0,car,0 days 00:32:48.941000,0 days 01:29:46.036000
2024-06-23 13:36:03.514,9179,154,4,0,True,0,car,0 days 00:32:49.101000,0 days 01:29:46.196000
2024-06-23 13:36:03.914,9673,139,4,0,True,0,car,0 days 00:32:49.501000,0 days 01:29:46.596000
2024-06-23 13:36:04.194,9154,126,3,0,True,0,car,0 days 00:32:49.781000,0 days 01:29:46.876000
2024-06-23 13:36:04.394,8627,120,3,0,True,0,car,0 days 00:32:49.981000,0 days 01:29:47.076000
2024-06-23 13:36:04.554,8468,118,3,0,True,0,car,0 days 00:32:50.141000,0 days 01:29:47.236000
2024-06-23 13:36:04.794,8154,113,3,0,True,0,car,0 days 00:32:50.381000,0 days 01:29:47.476000
2024-06-23 13:36:04.954,8094,111,3,0,True,0,car,0 days 00:32:50.541000,0 days 01:29:47.636000
2024-06-23 13:36:05.234,7881,106,3,0,True,0,car,0 days 00:32:50.821000,0 days 01:29:47.916000
2024-06-23 13:36:05.394,7751,105,3,0,False,0,car,0 days 00:32:50.981000,0 days 01:29:48.076000
2024-06-23 13:36:05.594,7623,105,3,0,True,0,car,0 days 00:32:51.181000,0 days 01:29:48.276000
2024-06-23 13:36:05.794,7449,101,3,0,False,0,car,0 days 00:32:51.381000,0 days 01:29:48.476000
2024-06-23 13:36:05.954,7248,99,3,7,False,0,car,0 days 00:32:51.541000,0 days 01:29:48.636000
2024-06-23 13:36:06.194,7344,98,3,14,False,0,car,0 days 00:32:51.781000,0 days 01:29:48.876000
2024-06-23 13:36:06.394,7520,99,3,27,False,0,car,0 days 00:32:51.981000,0 days 01:29:49.076000
2024-06-23 13:36:06.634,7807,100,3,35,False,0,car,0 days 00:32:52.221000,0 days 01:29:49.316000
2024-06-23 13:36:06.794,7888,102,3,40,False,0,car,0 days 00:32:52.381000,0 days 01:29:49.476000
2024-06-23 13:36:07.073,8233,106,3,46,False,0,car,0 days 00:32:52.660000,0 days 01:29:49.755000
2024-06-23 13:36:07.393,8585,111,3,52,False,0,car,0 days 00:32:52.980000,0 days 01:29:50.075000
2024-06-23 13:36:07.633,9103,113,3,56,False,0,car,0 days 00:32:53.220000,0 days 01:29:50.315000
2024-06-23 13:36:07.833,9545,119,3,67,False,0,car,0 days 00:32:53.420000,0 days 01:29:50.515000
2024-06-23 13:36:08.233,10491,134,3,72,False,0,car,0 days 00:32:53.820000,0 days 01:29:50.915000
2024-06-23 13:36:08.673,9825,146,4,83,False,0,car,0 days 00:32:54.260000,0 days 01:29:51.355000
2024-06-23 13:36:08.874,10195,155,4,100,False,0,car,0 days 00:32:54.461000,0 days 01:29:51.556000
2024-06-23 13:36:09.074,10794,163,4,100,False,0,car,0 days 00:32:54.661000,0 days 01:29:51.756000
2024-06-23 13:36:09.234,11197,171,4,100,False,0,car,0 days 00:32:54.821000,0 days 01:29:51.916000
2024-06-23 13:36:09.394,11337,171,4,100,False,0,car,0 days 00:32:54.981000,0 days 01:29:52.076000
2024-06-23 13:36:09.754,10174,188,5,100,False,0,car,0 days 00:32:55.341000,0 days 01:29:52.436000
2024-06-23 13:36:10.034,10308,196,5,100,False,0,car,0 days 00:32:55.621000,0 days 01:29:52.716000
2024-06-23 13:36:10.234,9548,197,5,34,True,0,car,0 days 00:32:55.821000,0 days 01:29:52.916000
2024-06-23 13:36:10.554,9011,176,5,0,True,0,car,0 days 00:32:56.141000,0 days 01:29:53.236000
2024-06-23 13:36:10.754,10104,165,5,0,True,0,car,0 days 00:32:56.341000,0 days 01:29:53.436000
2024-06-23 13:36:11.154,8958,148,4,0,True,0,car,0 days 00:32:56.741000,0 days 01:29:53.836000
2024-06-23 13:36:11.394,8348,140,4,0,True,0,car,0 days 00:32:56.981000,0 days 01:29:54.076000
2024-06-23 13:36:11.674,7972,131,4,0,True,0,car,0 days 00:32:57.261000,0 days 01:29:54.356000
2024-06-23 13:36:11.874,7972,125,4,0,True,0,car,0 days 00:32:57.461000,0 days 01:29:54.556000
2024-06-23 13:36:12.114,7398,121,4,0,True,0,car,0 days 00:32:57.701000,0 days 01:29:54.796000
2024-06-23 13:36:12.274,7290,118,4,0,True,0,car,0 days 00:32:57.861000,0 days 01:29:54.956000
2024-06-23 13:36:12.554,6955,115,4,0,True,0,car,0 days 00:32:58.141000,0 days 01:29:55.236000
2024-06-23 13:36:12.714,6928,111,4,0,False,0,car,0 days 00:32:58.301000,0 days 01:29:55.396000
2024-06-23 13:36:13.034,6624,107,4,0,False,0,car,0 days 00:32:58.621000,0 days 01:29:55.716000
2024-06-23 13:36:13.394,7054,107,4,36,False,0,car,0 days 00:32:58.981000,0 days 01:29:56.076000
2024-06-23 13:36:13.674,7192,111,4,42,False,0,car,0 days 00:32:59.261000,0 days 01:29:56.356000
2024-06-23 13:36:14.073,7640,115,4,48,False,0,car,0 days 00:32:59.660000,0 days 01:29:56.755000
2024-06-23 13:36:14.473,8076,122,4,57,False,0,car,0 days 00:33:00.060000,0 days 01:29:57.155000
2024-06-23 13:36:14.873,8940,129,4,74,False,0,car,0 days 00:33:00.460000,0 days 01:29:57.555000
2024-06-23 13:36:15.273,9690,144,4,82,False,0,car,0 days 00:33:00.860000,0 days 01:29:57.955000
2024-06-23 13:36:15.634,10482,158,4,89,False,0,car,0 days 00:33:01.221000,0 days 01:29:58.316000
2024-06-23 13:36:15.834,10871,168,4,100,False,0,car,0 days 00:33:01.421000,0 days 01:29:58.516000
2024-06-23 13:36:15.994,11188,171,4,100,False,0,car,0 days 00:33:01.581000,0 days 01:29:58.676000
2024-06-23 13:36:16.194,11267,179,4,100,False,0,car,0 days 00:33:01.781000,0 days 01:29:58.876000
2024-06-23 13:36:16.474,10277,189,5,100,False,0,car,0 days 00:33:02.061000,0 days 01:29:59.156000
2024-06-23 13:36:16.674,10888,196,5,100,False,0,car,0 days 00:33:02.261000,0 days 01:29:59.356000
2024-06-23 13:36:16.834,11016,202,5,100,False,0,car,0 days 00:33:02.421000,0 days 01:29:59.516000
2024-06-23 13:36:17.034,11347,208,5,100,False,0,car,0 days 00:33:02.621000,0 days 01:29:59.716000
2024-06-23 13:36:17.314,11560,215,5,100,False,0,car,0 days 00:33:02.901000,0 days 01:29:59.996000
2024-06-23 13:36:17.674,10625,224,6,100,False,0,car,0 days 00:33:03.261000,0 days 01:30:00.356000
2024-06-23 13:36:17.834,10390,229,6,100,False,0,car,0 days 00:33:03.421000,0 days 01:30:00.516000
2024-06-23 13:36:18.114,10787,233,6,91,False,0,car,0 days 00:33:03.701000,0 days 01:30:00.796000
2024-06-23 13:36:18.274,10887,234,6,86,False,0,car,0 days 00:33:03.861000,0 days 01:30:00.956000
2024-06-23 13:36:18.514,11031,237,6,82,False,0,car,0 days 00:33:04.101000,0 days 01:30:01.196000
2024-06-23 13:36:18.754,11074,240,6,94,False,0,car,0 days 00:33:04.341000,0 days 01:30:01.436000
2024-06-23 13:36:19.034,10878,239,6,79,False,0,car,0 days 00:33:04.621000,0 days 01:30:01.716000
2024-06-23 13:36:19.274,11273,243,6,100,False,0,car,0 days 00:33:04.861000,0 days 01:30:01.956000
2024-06-23 13:36:19.554,11348,244,6,100,False,0,car,0 days 00:33:05.141000,0 days 01:30:02.236000
2024-06-23 13:36:19.834,11521,247,6,100,False,0,car,0 days 00:33:05.421000,0 days 01:30:02.516000
2024-06-23 13:36:20.234,11674,253,6,100,False,0,car,0 days 00:33:05.821000,0 days 01:30:02.916000
2024-06-23 13:36:20.434,11254,254,6,100,False,0,car,0 days 00:33:06.021000,0 days 01:30:03.116000
2024-06-23 13:36:20.713,10376,258,7,100,False,0,car,0 days 00:33:06.300000,0 days 01:30:03.395000
2024-06-23 13:36:21.073,10507,261,7,100,False,0,car,0 days 00:33:06.660000,0 days 01:30:03.755000
2024-06-23 13:36:21.273,10239,260,7,0,True,0,car,0 days 00:33:06.860000,0 days 01:30:03.955000
2024-06-23 13:36:21.673,10281,244,7,0,True,0,car,0 days 00:33:07.260000,0 days 01:30:04.355000
2024-06-23 13:36:21.913,10739,240,6,0,False,0,car,0 days 00:33:07.500000,0 days 01:30:04.595000
2024-06-23 13:36:22.234,10604,230,6,42,False,0,car,0 days 00:33:07.821000,0 days 01:30:04.916000
2024-06-23 13:36:22.434,10575,229,6,71,False,0,car,0 days 00:33:08.021000,0 days 01:30:05.116000
2024-06-23 13:36:22.914,10690,230,6,74,False,0,car,0 days 00:33:08.501000,0 days 01:30:05.596000
2024-06-23 13:36:23.234,10876,232,6,100,False,0,car,0 days 00:33:08.821000,0 days 01:30:05.916000
2024-06-23 13:36:23.474,10987,237,6,95,False,0,car,0 days 00:33:09.061000,0 days 01:30:06.156000
2024-06-23 13:36:23.674,11054,238,6,100,False,0,car,0 days 00:33:09.261000,0 days 01:30:06.356000
2024-06-23 13:36:23.874,11154,242,6,100,False,0,car,0 days 00:33:09.461000,0 days 01:30:06.556000
2024-06-23 13:36:24.114,11398,244,6,100,False,8,car,0 days 00:33:09.701000,0 days 01:30:06.796000
2024-06-23 13:36:24.314,11457,247,6,100,False,8,car,0 days 00:33:09.901000,0 days 01:30:06.996000
2024-06-23 13:36:24.594,11581,251,6,100,False,8,car,0 days 00:33:10.181000,0 days 01:30:07.276000
2024-06-23 13:36:24.794,11713,255,6,100,False,8,car,0 days 00:33:10.381000,0 days 01:30:07.476000
2024-06-23 13:36:24.994,11059,259,6,100,False,8,car,0 days 00:33:10.581000,0 days 01:30:07.676000
2024-06-23 13:36:25.194,10331,260,7,100,False,8,car,0 days 00:33:10.781000,0 days 01:30:07.876000
2024-06-23 13:36:25.394,10653,264,7,100,False,8,car,0 days 00:33:10.981000,0 days 01:30:08.076000
2024-06-23 13:36:25.674,10758,267,7,100,False,8,car,0 days 00:33:11.261000,0 days 01:30:08.356000
2024-06-23 13:36:25.994,10962,272,7,100,False,8,car,0 days 00:33:11.581000,0 days 01:30:08.676000
2024-06-23 13:36:26.234,11023,275,7,100,False,10,car,0 days 00:33:11.821000,0 days 01:30:08.916000
2024-06-23 13:36:26.474,11162,275,7,100,False,14,car,0 days 00:33:12.061000,0 days 01:30:09.156000
2024-06-23 13:36:26.794,11371,282,7,100,False,12,car,0 days 00:33:12.381000,0 days 01:30:09.476000
2024-06-23 13:36:27.234,11600,288,7,100,False,12,car,0 days 00:33:12.821000,0 days 01:30:09.916000
2024-06-23 13:36:27.433,11673,290,7,100,False,12,car,0 days 00:33:13.020000,0 days 01:30:10.115000
2024-06-23 13:36:27.793,10644,295,8,100,False,12,car,0 days 00:33:13.380000,0 days 01:30:10.475000
2024-06-23 13:36:27.993,10641,298,8,100,False,12,car,0 days 00:33:13.580000,0 days 01:30:10.675000
2024-06-23 13:36:28.233,10719,299,8,100,False,12,car,0 days 00:33:13.820000,0 days 01:30:10.915000
2024-06-23 13:36:28.433,10779,302,8,100,False,12,car,0 days 00:33:14.020000,0 days 01:30:11.115000
2024-06-23 13:36:28.634,10830,304,8,100,False,12,car,0 days 00:33:14.221000,0 days 01:30:11.316000
2024-06-23 13:36:28.834,10872,306,8,100,False,12,car,0 days 00:33:14.421000,0 days 01:30:11.516000
2024-06-23 13:36:29.034,10949,308,8,100,False,12,car,0 days 00:33:14.621000,0 days 01:30:11.716000
2024-06-23 13:36:29.314,11044,309,8,100,False,12,car,0 days 00:33:14.901000,0 days 01:30:11.996000
2024-06-23 13:36:29.634,11107,312,8,100,False,12,car,0 days 00:33:15.221000,0 days 01:30:12.316000
2024-06-23 13:36:29.994,11207,314,8,100,False,12,car,0 days 00:33:15.581000,0 days 01:30:12.676000
2024-06-23 13:36:30.274,11255,317,8,100,False,12,car,0 days 00:33:15.861000,0 days 01:30:12.956000
2024-06-23 13:36:30.434,11305,318,8,100,False,12,car,0 days 00:33:16.021000,0 days 01:30:13.116000
2024-06-23 13:36:30.714,11337,319,8,100,False,12,car,0 days 00:33:16.301000,0 days 01:30:13.396000
2024-06-23 13:36:30.914,11374,320,8,100,False,12,car,0 days 00:33:16.501000,0 days 01:30:13.596000
2024-06-23 13:36:31.114,11411,320,8,100,False,12,car,0 days 00:33:16.701000,0 days 01:30:13.796000
2024-06-23 13:36:31.434,11448,322,8,100,False,12,car,0 days 00:33:17.021000,0 days 01:30:14.116000
2024-06-23 13:36:31.634,11468,323,8,100,False,12,car,0 days 00:33:17.221000,0 days 01:30:14.316000
2024-06-23 13:36:31.874,11495,324,8,100,False,12,car,0 days 00:33:17.461000,0 days 01:30:14.556000
2024-06-23 13:36:32.114,11535,325,8,100,False,12,car,0 days 00:33:17.701000,0 days 01:30:14.796000
2024-06-23 13:36:32.354,11556,325,8,100,False,12,car,0 days 00:33:17.941000,0 days 01:30:15.036000
2024-06-23 13:36:32.594,11597,326,8,100,False,12,car,0 days 00:33:18.181000,0 days 01:30:15.276000
2024-06-23 13:36:32.834,11665,327,8,100,False,12,car,0 days 00:33:18.421000,0 days 01:30:15.516000
2024-06-23 13:36:33.034,11671,328,8,100,False,12,car,0 days 00:33:18.621000,0 days 01:30:15.716000
2024-06-23 13:36:33.354,11664,328,8,100,False,12,car,0 days 00:33:18.941000,0 days 01:30:16.036000
2024-06-23 13:36:33.634,11696,330,8,100,False,12,car,0 days 00:33:19.221000,0 days 01:30:16.316000
2024-06-23 13:36:33.874,11696,328,8,100,False,12,car,0 days 00:33:19.461000,0 days 01:30:16.556000
2024-06-23 13:36:34.113,11667,329,8,100,False,12,car,0 days 00:33:19.700000,0 days 01:30:16.795000
2024-06-23 13:36:34.273,11660,329,8,100,False,12,car,0 days 00:33:19.860000,0 days 01:30:16.955000
2024-06-23 13:36:34.553,11607,327,8,100,False,12,car,0 days 00:33:20.140000,0 days 01:30:17.235000
2024-06-23 13:36:34.753,11540,327,8,100,False,12,car,0 days 00:33:20.340000,0 days 01:30:17.435000
2024-06-23 13:36:35.033,11540,323,8,100,True,12,car,0 days 00:33:20.620000,0 days 01:30:17.715000
2024-06-23 13:36:35.314,10686,304,8,0,True,0,car,0 days 00:33:20.901000,0 days 01:30:17.996000
2024-06-23 13:36:35.474,9589,274,8,0,True,0,car,0 days 00:33:21.061000,0 days 01:30:18.156000
2024-06-23 13:36:35.834,10021,225,8,0,True,0,car,0 days 00:33:21.421000,0 days 01:30:18.516000
2024-06-23 13:36:36.074,9201,205,6,0,True,0,car,0 days 00:33:21.661000,0 days 01:30:18.756000
2024-06-23 13:36:36.354,9308,180,6,0,True,0,car,0 days 00:33:21.941000,0 days 01:30:19.036000
2024-06-23 13:36:36.514,9295,173,5,0,True,0,car,0 days 00:33:22.101000,0 days 01:30:19.196000
2024-06-23 13:36:36.714,9884,164,5,0,True,0,car,0 days 00:33:22.301000,0 days 01:30:19.396000
2024-06-23 13:36:36.914,9495,159,5,0,True,0,car,0 days 00:33:22.501000,0 days 01:30:19.596000
2024-06-23 13:36:37.154,9232,150,4,0,True,0,car,0 days 00:33:22.741000,0 days 01:30:19.836000
2024-06-23 13:36:37.474,8945,143,4,0,True,0,car,0 days 00:33:23.061000,0 days 01:30:20.156000
2024-06-23 13:36:37.714,8601,140,4,0,False,0,car,0 days 00:33:23.301000,0 days 01:30:20.396000
2024-06-23 13:36:37.954,8561,137,4,37,False,0,car,0 days 00:33:23.541000,0 days 01:30:20.636000
2024-06-23 13:36:38.314,8689,137,4,51,False,0,car,0 days 00:33:23.901000,0 days 01:30:20.996000
2024-06-23 13:36:38.474,8984,140,4,57,False,0,car,0 days 00:33:24.061000,0 days 01:30:21.156000
2024-06-23 13:36:38.754,9293,145,4,67,False,0,car,0 days 00:33:24.341000,0 days 01:30:21.436000
2024-06-23 13:36:39.074,9734,153,4,72,False,0,car,0 days 00:33:24.661000,0 days 01:30:21.756000
2024-06-23 13:36:39.314,8407,159,5,56,False,0,car,0 days 00:33:24.901000,0 days 01:30:21.996000
2024-06-23 13:36:39.474,8407,159,5,56,False,0,car,0 days 00:33:25.061000,0 days 01:30:22.156000
2024-06-23 13:36:39.634,8607,159,5,53,False,0,car,0 days 00:33:25.221000,0 days 01:30:22.316000
2024-06-23 13:36:39.874,8789,162,5,59,False,0,car,0 days 00:33:25.461000,0 days 01:30:22.556000
2024-06-23 13:36:40.074,8898,164,5,64,False,0,car,0 days 00:33:25.661000,0 days 01:30:22.756000
2024-06-23 13:36:40.514,9413,170,5,78,False,0,car,0 days 00:33:26.101000,0 days 01:30:23.196000
2024-06-23 13:36:40.953,9834,183,5,89,False,0,car,0 days 00:33:26.540000,0 days 01:30:23.635000
2024-06-23 13:36:41.233,10266,192,5,100,False,0,car,0 days 00:33:26.820000,0 days 01:30:23.915000
2024-06-23 13:36:41.393,10626,195,5,100,False,0,car,0 days 00:33:26.980000,0 days 01:30:24.075000
2024-06-23 13:36:41.754,10958,202,5,96,False,0,car,0 days 00:33:27.341000,0 days 01:30:24.436000
2024-06-23 13:36:42.074,9747,211,6,74,False,0,car,0 days 00:33:27.661000,0 days 01:30:24.756000
2024-06-23 13:36:42.314,9676,214,6,61,False,0,car,0 days 00:33:27.901000,0 days 01:30:24.996000
2024-06-23 13:36:42.674,9606,209,6,8,False,0,car,0 days 00:33:28.261000,0 days 01:30:25.356000
2024-06-23 13:36:42.874,9171,206,6,30,False,0,car,0 days 00:33:28.461000,0 days 01:30:25.556000
2024-06-23 13:36:43.154,9534,203,6,67,False,0,car,0 days 00:33:28.741000,0 days 01:30:25.836000
2024-06-23 13:36:43.474,9477,204,6,72,False,0,car,0 days 00:33:29.061000,0 days 01:30:26.156000
2024-06-23 13:36:43.674,9563,205,6,78,False,0,car,0 days 00:33:29.261000,0 days 01:30:26.356000
2024-06-23 13:36:44.034,9707,212,6,83,False,0,car,0 days 00:33:29.621000,0 days 01:30:26.716000
2024-06-23 13:36:44.274,9951,215,6,83,False,0,car,0 days 00:33:29.861000,0 days 01:30:26.956000
2024-06-23 13:36:44.594,10115,218,6,92,False,0,car,0 days 00:33:30.181000,0 days 01:30:27.276000
2024-06-23 13:36:44.794,10333,222,6,100,False,0,car,0 days 00:33:30.381000,0 days 01:30:27.476000
2024-06-23 13:36:44.994,10648,227,6,98,False,0,car,0 days 00:33:30.581000,0 days 01:30:27.676000
2024-06-23 13:36:45.194,10676,229,6,96,False,0,car,0 days 00:33:30.781000,0 days 01:30:27.876000
2024-06-23 13:36:45.394,10802,230,6,100,False,0,car,0 days 00:33:30.981000,0 days 01:30:28.076000
2024-06-23 13:36:45.794,11066,238,6,100,False,0,car,0 days 00:33:31.381000,0 days 01:30:28.476000
2024-06-23 13:36:45.954,11225,243,6,100,False,0,car,0 days 00:33:31.541000,0 days 01:30:28.636000
2024-06-23 13:36:46.194,11386,245,6,100,False,0,car,0 days 00:33:31.781000,0 days 01:30:28.876000
2024-06-23 13:36:46.514,11522,249,6,100,False,0,car,0 days 00:33:32.101000,0 days 01:30:29.196000
2024-06-23 13:36:46.794,11636,253,6,100,False,0,car,0 days 00:33:32.381000,0 days 01:30:29.476000
2024-06-23 13:36:46.954,11769,256,6,100,False,0,car,0 days 00:33:32.541000,0 days 01:30:29.636000
2024-06-23 13:36:47.154,10509,258,6,100,False,0,car,0 days 00:33:32.741000,0 days 01:30:29.836000
2024-06-23 13:36:47.314,10604,259,7,100,False,0,car,0 days 00:33:32.901000,0 days 01:30:29.996000
2024-06-23 13:36:47.513,10604,263,7,100,False,0,car,0 days 00:33:33.100000,0 days 01:30:30.195000
2024-06-23 13:36:47.793,10715,266,7,100,False,0,car,0 days 00:33:33.380000,0 days 01:30:30.475000
2024-06-23 13:36:47.993,10765,268,7,100,False,0,car,0 days 00:33:33.580000,0 days 01:30:30.675000
2024-06-23 13:36:48.153,10867,270,7,100,False,0,car,0 days 00:33:33.740000,0 days 01:30:30.835000
2024-06-23 13:36:48.394,10948,272,7,100,False,0,car,0 days 00:33:33.981000,0 days 01:30:31.076000
2024-06-23 13:36:48.594,11014,274,7,100,False,0,car,0 days 00:33:34.181000,0 days 01:30:31.276000
2024-06-23 13:36:48.834,11109,277,7,100,False,0,car,0 days 00:33:34.421000,0 days 01:30:31.516000
2024-06-23 13:36:49.034,11178,280,7,100,False,0,car,0 days 00:33:34.621000,0 days 01:30:31.716000
2024-06-23 13:36:49.234,11203,281,7,100,False,0,car,0 days 00:33:34.821000,0 days 01:30:31.916000
2024-06-23 13:36:49.554,11268,280,7,100,False,0,car,0 days 00:33:35.141000,0 days 01:30:32.236000
2024-06-23 13:36:49.754,11245,281,7,100,False,0,car,0 days 00:33:35.341000,0 days 01:30:32.436000
2024-06-23 13:36:49.994,11246,281,7,100,False,0,car,0 days 00:33:35.581000,0 days 01:30:32.676000
2024-06-23 13:36:50.394,9834,251,7,0,True,0,car,0 days 00:33:35.981000,0 days 01:30:33.076000
2024-06-23 13:36:50.594,9106,229,7,0,True,0,car,0 days 00:33:36.181000,0 days 01:30:33.276000
2024-06-23 13:36:50.754,9386,209,6,0,True,0,car,0 days 00:33:36.341000,0 days 01:30:33.436000
2024-06-23 13:36:50.954,9372,193,6,0,True,0,car,0 days 00:33:36.541000,0 days 01:30:33.636000
2024-06-23 13:36:51.194,9336,180,5,0,True,0,car,0 days 00:33:36.781000,0 days 01:30:33.876000
2024-06-23 13:36:51.394,10036,171,5,0,True,0,car,0 days 00:33:36.981000,0 days 01:30:34.076000
2024-06-23 13:36:51.554,10128,164,4,0,True,0,car,0 days 00:33:37.141000,0 days 01:30:34.236000
2024-06-23 13:36:51.714,9713,161,4,0,True,0,car,0 days 00:33:37.301000,0 days 01:30:34.396000
2024-06-23 13:36:51.914,9579,155,4,0,True,0,car,0 days 00:33:37.501000,0 days 01:30:34.596000
2024-06-23 13:36:52.154,9051,148,4,0,True,0,car,0 days 00:33:37.741000,0 days 01:30:34.836000
2024-06-23 13:36:52.474,8847,142,4,0,True,0,car,0 days 00:33:38.061000,0 days 01:30:35.156000
2024-06-23 13:36:52.714,8488,138,4,0,True,0,car,0 days 00:33:38.301000,0 days 01:30:35.396000
2024-06-23 13:36:52.994,8477,133,4,0,False,0,car,0 days 00:33:38.581000,0 days 01:30:35.676000
2024-06-23 13:36:53.194,8080,131,4,18,False,0,car,0 days 00:33:38.781000,0 days 01:30:35.876000
2024-06-23 13:36:53.474,8489,131,4,49,False,0,car,0 days 00:33:39.061000,0 days 01:30:36.156000
2024-06-23 13:36:53.834,8685,135,4,53,False,0,car,0 days 00:33:39.421000,0 days 01:30:36.516000
2024-06-23 13:36:54.233,9173,141,4,63,False,0,car,0 days 00:33:39.820000,0 days 01:30:36.915000
2024-06-23 13:36:54.393,9281,143,4,67,False,0,car,0 days 00:33:39.980000,0 days 01:30:37.075000
2024-06-23 13:36:54.713,9936,149,4,74,False,0,car,0 days 00:33:40.300000,0 days 01:30:37.395000
2024-06-23 13:36:55.114,10452,160,4,81,False,0,car,0 days 00:33:40.701000,0 days 01:30:37.796000
2024-06-23 13:36:55.274,10753,166,4,85,False,0,car,0 days 00:33:40.861000,0 days 01:30:37.956000
2024-06-23 13:36:55.514,11308,173,4,100,False,0,car,0 days 00:33:41.101000,0 days 01:30:38.196000
2024-06-23 13:36:55.754,10307,184,4,100,False,0,car,0 days 00:33:41.341000,0 days 01:30:38.436000
2024-06-23 13:36:56.034,10435,192,5,100,False,0,car,0 days 00:33:41.621000,0 days 01:30:38.716000
2024-06-23 13:36:56.274,10735,199,5,100,False,0,car,0 days 00:33:41.861000,0 days 01:30:38.956000
2024-06-23 13:36:56.754,11418,212,5,100,False,0,car,0 days 00:33:42.341000,0 days 01:30:39.436000
2024-06-23 13:36:57.034,11734,220,5,100,False,0,car,0 days 00:33:42.621000,0 days 01:30:39.716000
2024-06-23 13:36:57.354,11471,226,5,100,False,0,car,0 days 00:33:42.941000,0 days 01:30:40.036000
2024-06-23 13:36:57.714,10611,231,6,100,False,0,car,0 days 00:33:43.301000,0 days 01:30:40.396000
2024-06-23 13:36:57.874,10700,234,6,100,False,0,car,0 days 00:33:43.461000,0 days 01:30:40.556000
2024-06-23 13:36:58.194,10813,236,6,100,False,0,car,0 days 00:33:43.781000,0 days 01:30:40.876000
2024-06-23 13:36:58.434,10280,226,6,0,True,0,car,0 days 00:33:44.021000,0 days 01:30:41.116000
2024-06-23 13:36:58.714,9345,205,6,0,True,0,car,0 days 00:33:44.301000,0 days 01:30:41.396000
2024-06-23 13:36:58.914,9205,194,6,0,True,0,car,0 days 00:33:44.501000,0 days 01:30:41.596000
2024-06-23 13:36:59.154,10224,160,5,0,True,0,car,0 days 00:33:44.741000,0 days 01:30:41.836000
2024-06-23 13:36:59.514,8937,144,4,0,True,0,car,0 days 00:33:45.101000,0 days 01:30:42.196000
2024-06-23 13:36:59.714,9722,136,3,0,True,0,car,0 days 00:33:45.301000,0 days 01:30:42.396000
2024-06-23 13:36:59.954,9224,127,3,0,True,0,car,0 days 00:33:45.541000,0 days 01:30:42.636000
2024-06-23 13:37:00.234,8642,122,3,0,True,0,car,0 days 00:33:45.821000,0 days 01:30:42.916000
2024-06-23 13:37:00.514,8235,114,3,0,True,0,car,0 days 00:33:46.101000,0 days 01:30:43.196000
2024-06-23 13:37:00.834,7627,108,3,0,True,0,car,0 days 00:33:46.421000,0 days 01:30:43.516000
2024-06-23 13:37:01.033,7508,103,3,0,True,0,car,0 days 00:33:46.620000,0 days 01:30:43.715000
2024-06-23 13:37:01.233,7373,100,3,0,True,0,car,0 days 00:33:46.820000,0 days 01:30:43.915000
2024-06-23 13:37:01.714,7232,97,3,17,False,0,car,0 days 00:33:47.301000,0 days 01:30:44.396000
2024-06-23 13:37:02.074,7525,99,3,38,False,0,car,0 days 00:33:47.661000,0 days 01:30:44.756000
2024-06-23 13:37:02.394,7974,102,3,44,False,0,car,0 days 00:33:47.981000,0 days 01:30:45.076000
2024-06-23 13:37:02.594,8240,107,3,49,False,0,car,0 days 00:33:48.181000,0 days 01:30:45.276000
2024-06-23 13:37:02.874,8687,113,3,55,False,0,car,0 days 00:33:48.461000,0 days 01:30:45.556000
2024-06-23 13:37:03.274,10010,127,3,75,False,0,car,0 days 00:33:48.861000,0 days 01:30:45.956000
2024-06-23 13:37:03.754,9413,147,4,86,False,0,car,0 days 00:33:49.341000,0 days 01:30:46.436000
2024-06-23 13:37:04.034,10706,161,4,100,False,0,car,0 days 00:33:49.621000,0 days 01:30:46.716000
2024-06-23 13:37:04.234,11002,167,4,100,False,0,car,0 days 00:33:49.821000,0 days 01:30:46.916000
2024-06-23 13:37:04.554,11498,179,4,100,False,0,car,0 days 00:33:50.141000,0 days 01:30:47.236000
2024-06-23 13:37:04.754,10423,191,5,100,False,0,car,0 days 00:33:50.341000,0 days 01:30:47.436000
2024-06-23 13:37:04.914,10489,194,5,100,False,0,car,0 days 00:33:50.501000,0 days 01:30:47.596000
2024-06-23 13:37:05.114,10884,200,5,100,False,0,car,0 days 00:33:50.701000,0 days 01:30:47.796000
2024-06-23 13:37:05.314,11236,204,5,100,False,0,car,0 days 00:33:50.901000,0 days 01:30:47.996000
2024-06-23 13:37:05.554,11544,216,5,100,False,0,car,0 days 00:33:51.141000,0 days 01:30:48.236000
2024-06-23 13:37:05.714,11670,218,5,100,False,0,car,0 days 00:33:51.301000,0 days 01:30:48.396000
2024-06-23 13:37:05.954,10550,226,5,100,False,0,car,0 days 00:33:51.541000,0 days 01:30:48.636000
2024-06-23 13:37:06.394,10857,236,6,100,False,0,car,0 days 00:33:51.981000,0 days 01:30:49.076000
2024-06-23 13:37:06.594,10989,239,6,100,False,0,car,0 days 00:33:52.181000,0 days 01:30:49.276000
2024-06-23 13:37:06.994,11235,246,6,100,False,0,car,0 days 00:33:52.581000,0 days 01:30:49.676000
2024-06-23 13:37:07.434,11453,249,6,100,False,0,car,0 days 00:33:53.021000,0 days 01:30:50.116000
2024-06-23 13:37:07.594,11469,250,6,100,False,0,car,0 days 00:33:53.181000,0 days 01:30:50.276000
2024-06-23 13:37:07.873,11305,249,6,0,True,0,car,0 days 00:33:53.460000,0 days 01:30:50.555000
2024-06-23 13:37:08.234,9104,210,6,0,True,0,car,0 days 00:33:53.821000,0 days 01:30:50.916000
2024-06-23 13:37:08.674,9594,167,5,0,True,0,car,0 days 00:33:54.261000,0 days 01:30:51.356000
2024-06-23 13:37:08.914,9398,160,4,0,True,0,car,0 days 00:33:54.501000,0 days 01:30:51.596000
2024-06-23 13:37:09.234,9089,147,4,0,False,0,car,0 days 00:33:54.821000,0 days 01:30:51.916000
2024-06-23 13:37:09.434,9089,143,4,0,False,0,car,0 days 00:33:55.021000,0 days 01:30:52.116000
2024-06-23 13:37:09.754,8695,140,4,0,False,0,car,0 days 00:33:55.341000,0 days 01:30:52.436000
2024-06-23 13:37:10.034,8516,135,4,0,False,0,car,0 days 00:33:55.621000,0 days 01:30:52.716000
2024-06-23 13:37:10.314,8447,133,4,26,False,0,car,0 days 00:33:55.901000,0 days 01:30:52.996000
2024-06-23 13:37:10.514,8520,133,4,35,False,0,car,0 days 00:33:56.101000,0 days 01:30:53.196000
2024-06-23 13:37:10.794,8593,134,4,49,False,0,car,0 days 00:33:56.381000,0 days 01:30:53.476000
2024-06-23 13:37:11.114,9118,139,4,69,False,0,car,0 days 00:33:56.701000,0 days 01:30:53.796000
2024-06-23 13:37:11.354,9641,147,4,82,False,0,car,0 days 00:33:56.941000,0 days 01:30:54.036000
2024-06-23 13:37:11.514,9861,152,4,95,False,0,car,0 days 00:33:57.101000,0 days 01:30:54.196000
2024-06-23 13:37:11.834,10872,164,4,87,False,0,car,0 days 00:33:57.421000,0 days 01:30:54.516000
2024-06-23 13:37:12.034,11230,175,4,100,False,0,car,0 days 00:33:57.621000,0 days 01:30:54.716000
2024-06-23 13:37:12.354,10747,185,4,100,False,0,car,0 days 00:33:57.941000,0 days 01:30:55.036000
2024-06-23 13:37:12.554,10368,190,5,100,False,0,car,0 days 00:33:58.141000,0 days 01:30:55.236000
2024-06-23 13:37:13.034,11022,203,5,100,False,0,car,0 days 00:33:58.621000,0 days 01:30:55.716000
2024-06-23 13:37:13.394,11437,210,5,100,False,0,car,0 days 00:33:58.981000,0 days 01:30:56.076000
2024-06-23 13:37:13.754,11343,224,5,100,False,0,car,0 days 00:33:59.341000,0 days 01:30:56.436000
2024-06-23 13:37:13.914,10395,225,5,100,False,0,car,0 days 00:33:59.501000,0 days 01:30:56.596000
2024-06-23 13:37:14.154,10524,229,6,100,False,0,car,0 days 00:33:59.741000,0 days 01:30:56.836000
2024-06-23 13:37:14.314,10664,234,6,100,False,0,car,0 days 00:33:59.901000,0 days 01:30:56.996000
2024-06-23 13:37:14.674,10812,237,6,100,False,0,car,0 days 00:34:00.261000,0 days 01:30:57.356000
2024-06-23 13:37:14.954,10943,239,6,99,False,0,car,0 days 00:34:00.541000,0 days 01:30:57.636000
2024-06-23 13:37:15.194,10545,238,6,0,False,0,car,0 days 00:34:00.781000,0 days 01:30:57.876000
2024-06-23 13:37:15.434,10409,230,6,0,False,0,car,0 days 00:34:01.021000,0 days 01:30:58.116000
2024-06-23 13:37:15.834,10180,223,6,10,False,0,car,0 days 00:34:01.421000,0 days 01:30:58.516000
2024-06-23 13:37:15.994,10125,220,6,52,False,0,car,0 days 00:34:01.581000,0 days 01:30:58.676000
2024-06-23 13:37:16.274,10160,218,6,80,False,0,car,0 days 00:34:01.861000,0 days 01:30:58.956000
2024-06-23 13:37:16.434,10218,220,6,82,False,0,car,0 days 00:34:02.021000,0 days 01:30:59.116000
2024-06-23 13:37:16.674,10330,222,6,100,False,0,car,0 days 00:34:02.261000,0 days 01:30:59.356000
2024-06-23 13:37:16.834,10456,224,6,100,False,0,car,0 days 00:34:02.421000,0 days 01:30:59.516000
2024-06-23 13:37:17.034,10585,228,6,100,False,0,car,0 days 00:34:02.621000,0 days 01:30:59.716000
2024-06-23 13:37:17.234,10754,231,6,100,False,0,car,0 days 00:34:02.821000,0 days 01:30:59.916000
2024-06-23 13:37:17.514,10992,235,6,100,False,0,car,0 days 00:34:03.101000,0 days 01:31:00.196000
2024-06-23 13:37:17.794,11073,239,6,100,False,0,car,0 days 00:34:03.381000,0 days 01:31:00.476000
2024-06-23 13:37:17.994,11207,242,6,100,False,0,car,0 days 00:34:03.581000,0 days 01:31:00.676000
2024-06-23 13:37:18.314,11499,248,6,100,False,0,car,0 days 00:34:03.901000,0 days 01:31:00.996000
2024-06-23 13:37:18.514,11625,252,6,100,False,0,car,0 days 00:34:04.101000,0 days 01:31:01.196000
2024-06-23 13:37:18.754,11863,254,6,100,False,0,car,0 days 00:34:04.341000,0 days 01:31:01.436000
2024-06-23 13:37:18.914,11817,255,6,100,False,0,car,0 days 00:34:04.501000,0 days 01:31:01.596000
2024-06-23 13:37:19.354,10714,263,7,100,False,0,car,0 days 00:34:04.941000,0 days 01:31:02.036000
2024-06-23 13:37:19.634,10658,266,7,100,False,0,car,0 days 00:34:05.221000,0 days 01:31:02.316000
2024-06-23 13:37:19.954,10859,271,7,100,False,0,car,0 days 00:34:05.541000,0 days 01:31:02.636000
2024-06-23 13:37:20.354,11018,274,7,100,False,0,car,0 days 00:34:05.941000,0 days 01:31:03.036000
2024-06-23 13:37:20.514,11089,276,7,100,False,0,car,0 days 00:34:06.101000,0 days 01:31:03.196000
2024-06-23 13:37:20.794,11150,279,7,100,False,0,car,0 days 00:34:06.381000,0 days 01:31:03.476000
2024-06-23 13:37:21.074,11256,280,7,100,False,0,car,0 days 00:34:06.661000,0 days 01:31:03.756000
2024-06-23 13:37:21.394,11352,283,7,100,False,0,car,0 days 00:34:06.981000,0 days 01:31:04.076000
2024-06-23 13:37:21.554,11419,285,7,100,False,0,car,0 days 00:34:07.141000,0 days 01:31:04.236000
2024-06-23 13:37:21.834,11407,287,7,100,False,0,car,0 days 00:34:07.421000,0 days 01:31:04.516000
2024-06-23 13:37:21.994,11407,287,7,100,False,0,car,0 days 00:34:07.581000,0 days 01:31:04.676000
2024-06-23 13:37:22.354,11456,287,7,100,False,0,car,0 days 00:34:07.941000,0 days 01:31:05.036000
2024-06-23 13:37:22.594,11820,286,7,0,True,0,car,0 days 00:34:08.181000,0 days 01:31:05.276000
2024-06-23 13:37:22.834,11289,273,7,0,True,0,car,0 days 00:34:08.421000,0 days 01:31:05.516000
2024-06-23 13:37:22.994,10589,252,7,0,True,0,car,0 days 00:34:08.581000,0 days 01:31:05.676000
2024-06-23 13:37:23.234,9559,227,7,0,True,0,car,0 days 00:34:08.821000,0 days 01:31:05.916000
2024-06-23 13:37:23.434,9398,205,7,0,True,0,car,0 days 00:34:09.021000,0 days 01:31:06.116000
2024-06-23 13:37:23.794,8962,170,5,0,True,0,car,0 days 00:34:09.381000,0 days 01:31:06.476000
2024-06-23 13:37:24.034,9267,152,4,0,True,0,car,0 days 00:34:09.621000,0 days 01:31:06.716000
2024-06-23 13:37:24.274,8799,143,4,0,True,0,car,0 days 00:34:09.861000,0 days 01:31:06.956000
2024-06-23 13:37:24.554,9609,132,3,0,True,0,car,0 days 00:34:10.141000,0 days 01:31:07.236000
2024-06-23 13:37:24.914,8850,124,3,0,True,0,car,0 days 00:34:10.501000,0 days 01:31:07.596000
2024-06-23 13:37:25.274,8346,115,3,0,True,0,car,0 days 00:34:10.861000,0 days 01:31:07.956000
2024-06-23 13:37:25.434,8135,113,3,0,True,0,car,0 days 00:34:11.021000,0 days 01:31:08.116000
2024-06-23 13:37:25.594,8046,109,3,0,False,0,car,0 days 00:34:11.181000,0 days 01:31:08.276000
2024-06-23 13:37:25.794,8076,108,3,0,False,0,car,0 days 00:34:11.381000,0 days 01:31:08.476000
2024-06-23 13:37:25.994,7798,106,3,0,False,0,car,0 days 00:34:11.581000,0 days 01:31:08.676000
2024-06-23 13:37:26.354,7528,102,3,0,False,0,car,0 days 00:34:11.941000,0 days 01:31:09.036000
2024-06-23 13:37:26.634,7264,101,3,0,False,0,car,0 days 00:34:12.221000,0 days 01:31:09.316000
2024-06-23 13:37:26.954,7532,99,3,35,False,0,car,0 days 00:34:12.541000,0 days 01:31:09.636000
2024-06-23 13:37:27.114,7742,100,3,37,False,0,car,0 days 00:34:12.701000,0 days 01:31:09.796000
2024-06-23 13:37:27.314,7882,102,3,40,False,0,car,0 days 00:34:12.901000,0 days 01:31:09.996000
2024-06-23 13:37:27.514,8131,105,3,47,False,0,car,0 days 00:34:13.101000,0 days 01:31:10.196000
2024-06-23 13:37:27.795,8444,111,3,53,False,0,car,0 days 00:34:13.382000,0 days 01:31:10.477000
2024-06-23 13:37:28.194,9297,120,3,64,False,0,car,0 days 00:34:13.781000,0 days 01:31:10.876000
2024-06-23 13:37:28.394,8781,126,3,69,False,0,car,0 days 00:34:13.981000,0 days 01:31:11.076000
2024-06-23 13:37:28.714,9129,129,4,83,False,0,car,0 days 00:34:14.301000,0 days 01:31:11.396000
2024-06-23 13:37:29.074,10079,153,4,100,False,0,car,0 days 00:34:14.661000,0 days 01:31:11.756000
2024-06-23 13:37:29.314,10699,161,4,100,False,0,car,0 days 00:34:14.901000,0 days 01:31:11.996000
2024-06-23 13:37:29.474,11055,169,4,100,False,0,car,0 days 00:34:15.061000,0 days 01:31:12.156000
2024-06-23 13:37:29.834,11712,180,4,100,False,0,car,0 days 00:34:15.421000,0 days 01:31:12.516000
2024-06-23 13:37:30.034,10732,189,4,100,False,0,car,0 days 00:34:15.621000,0 days 01:31:12.716000
2024-06-23 13:37:30.274,10278,194,5,100,False,0,car,0 days 00:34:15.861000,0 days 01:31:12.956000
2024-06-23 13:37:30.554,10489,195,5,100,True,0,car,0 days 00:34:16.141000,0 days 01:31:13.236000
2024-06-23 13:37:30.754,9886,183,5,0,True,0,car,0 days 00:34:16.341000,0 days 01:31:13.436000
2024-06-23 13:37:31.034,9916,167,5,0,True,0,car,0 days 00:34:16.621000,0 days 01:31:13.716000
2024-06-23 13:37:31.194,9929,162,4,0,True,0,car,0 days 00:34:16.781000,0 days 01:31:13.876000
2024-06-23 13:37:31.514,8999,150,4,0,True,0,car,0 days 00:34:17.101000,0 days 01:31:14.196000
2024-06-23 13:37:31.674,8718,143,4,0,True,0,car,0 days 00:34:17.261000,0 days 01:31:14.356000
2024-06-23 13:37:31.834,8468,139,4,0,True,0,car,0 days 00:34:17.421000,0 days 01:31:14.516000
2024-06-23 13:37:32.074,8190,132,4,0,True,0,car,0 days 00:34:17.661000,0 days 01:31:14.756000
2024-06-23 13:37:32.274,7880,128,4,0,True,0,car,0 days 00:34:17.861000,0 days 01:31:14.956000
2024-06-23 13:37:32.474,7707,124,4,0,True,0,car,0 days 00:34:18.061000,0 days 01:31:15.156000
2024-06-23 13:37:32.714,7426,121,4,0,True,0,car,0 days 00:34:18.301000,0 days 01:31:15.396000
2024-06-23 13:37:32.914,7221,118,4,0,False,0,car,0 days 00:34:18.501000,0 days 01:31:15.596000
2024-06-23 13:37:33.274,7220,114,4,0,False,0,car,0 days 00:34:18.861000,0 days 01:31:15.956000
2024-06-23 13:37:33.514,7078,111,4,0,False,0,car,0 days 00:34:19.101000,0 days 01:31:16.196000
2024-06-23 13:37:33.874,7141,111,4,36,False,0,car,0 days 00:34:19.461000,0 days 01:31:16.556000
2024-06-23 13:37:34.114,7372,112,4,42,False,0,car,0 days 00:34:19.701000,0 days 01:31:16.796000
2024-06-23 13:37:34.594,7673,119,4,51,False,0,car,0 days 00:34:20.181000,0 days 01:31:17.276000
2024-06-23 13:37:34.994,8327,127,4,59,False,0,car,0 days 00:34:20.581000,0 days 01:31:17.676000
2024-06-23 13:37:35.394,8789,135,4,65,False,0,car,0 days 00:34:20.981000,0 days 01:31:18.076000
2024-06-23 13:37:35.594,9300,141,4,73,False,0,car,0 days 00:34:21.181000,0 days 01:31:18.276000
2024-06-23 13:37:35.874,10038,150,4,83,False,0,car,0 days 00:34:21.461000,0 days 01:31:18.556000
2024-06-23 13:37:36.114,10684,156,4,82,False,0,car,0 days 00:34:21.701000,0 days 01:31:18.796000
2024-06-23 13:37:36.354,11225,167,4,100,False,0,car,0 days 00:34:21.941000,0 days 01:31:19.036000
2024-06-23 13:37:36.554,11672,175,4,100,False,0,car,0 days 00:34:22.141000,0 days 01:31:19.236000
2024-06-23 13:37:37.034,10407,191,5,100,False,0,car,0 days 00:34:22.621000,0 days 01:31:19.716000
2024-06-23 13:37:37.314,10966,201,5,100,False,0,car,0 days 00:34:22.901000,0 days 01:31:19.996000
2024-06-23 13:37:37.514,11312,207,5,100,False,0,car,0 days 00:34:23.101000,0 days 01:31:20.196000
2024-06-23 13:37:37.834,11577,218,5,100,False,0,car,0 days 00:34:23.421000,0 days 01:31:20.516000
2024-06-23 13:37:38.034,10597,223,5,98,False,0,car,0 days 00:34:23.621000,0 days 01:31:20.716000
2024-06-23 13:37:38.394,10556,228,6,87,False,0,car,0 days 00:34:23.981000,0 days 01:31:21.076000
2024-06-23 13:37:38.714,10679,233,6,83,False,0,car,0 days 00:34:24.301000,0 days 01:31:21.396000
2024-06-23 13:37:38.954,10915,235,6,85,False,0,car,0 days 00:34:24.541000,0 days 01:31:21.636000
2024-06-23 13:37:39.154,10907,237,6,83,False,0,car,0 days 00:34:24.741000,0 days 01:31:21.836000
2024-06-23 13:37:39.514,10993,239,6,100,False,0,car,0 days 00:34:25.101000,0 days 01:31:22.196000
2024-06-23 13:37:39.954,11306,245,6,100,False,0,car,0 days 00:34:25.541000,0 days 01:31:22.636000
2024-06-23 13:37:40.154,11438,248,6,100,False,0,car,0 days 00:34:25.741000,0 days 01:31:22.836000
2024-06-23 13:37:40.314,11565,250,6,100,False,0,car,0 days 00:34:25.901000,0 days 01:31:22.996000
2024-06-23 13:37:40.514,11570,253,6,100,False,0,car,0 days 00:34:26.101000,0 days 01:31:23.196000
2024-06-23 13:37:40.674,11668,255,6,100,False,0,car,0 days 00:34:26.261000,0 days 01:31:23.356000
2024-06-23 13:37:40.955,11305,257,6,100,False,0,car,0 days 00:34:26.542000,0 days 01:31:23.637000
2024-06-23 13:37:41.195,10018,259,7,100,False,0,car,0 days 00:34:26.782000,0 days 01:31:23.877000
2024-06-23 13:37:41.394,10523,260,7,100,False,0,car,0 days 00:34:26.981000,0 days 01:31:24.076000
2024-06-23 13:37:41.834,9913,246,7,0,True,0,car,0 days 00:34:27.421000,0 days 01:31:24.516000
2024-06-23 13:37:41.994,10183,242,7,0,True,0,car,0 days 00:34:27.581000,0 days 01:31:24.676000
2024-06-23 13:37:42.234,10530,236,7,0,True,0,car,0 days 00:34:27.821000,0 days 01:31:24.916000
2024-06-23 13:37:42.514,10352,232,6,36,False,0,car,0 days 00:34:28.101000,0 days 01:31:25.196000
2024-06-23 13:37:42.794,10352,225,6,71,False,0,car,0 days 00:34:28.381000,0 days 01:31:25.476000
2024-06-23 13:37:43.034,10441,226,6,80,False,0,car,0 days 00:34:28.621000,0 days 01:31:25.716000
2024-06-23 13:37:43.314,10533,227,6,78,False,0,car,0 days 00:34:28.901000,0 days 01:31:25.996000
2024-06-23 13:37:43.594,10717,231,6,100,False,0,car,0 days 00:34:29.181000,0 days 01:31:26.276000
2024-06-23 13:37:43.794,10856,234,6,100,False,0,car,0 days 00:34:29.381000,0 days 01:31:26.476000
2024-06-23 13:37:43.994,10842,237,6,88,False,0,car,0 days 00:34:29.581000,0 days 01:31:26.676000
2024-06-23 13:37:44.234,11076,241,6,100,False,0,car,0 days 00:34:29.821000,0 days 01:31:26.916000
2024-06-23 13:37:44.434,11294,243,6,100,False,0,car,0 days 00:34:30.021000,0 days 01:31:27.116000
2024-06-23 13:37:44.674,11256,245,6,100,False,0,car,0 days 00:34:30.261000,0 days 01:31:27.356000
2024-06-23 13:37:45.074,11556,252,6,100,False,0,car,0 days 00:34:30.661000,0 days 01:31:27.756000
2024-06-23 13:37:45.354,11724,255,6,100,False,0,car,0 days 00:34:30.941000,0 days 01:31:28.036000
2024-06-23 13:37:45.514,11631,258,6,100,False,0,car,0 days 00:34:31.101000,0 days 01:31:28.196000
2024-06-23 13:37:45.874,10301,263,7,100,False,0,car,0 days 00:34:31.461000,0 days 01:31:28.556000
2024-06-23 13:37:46.074,10695,264,7,100,False,0,car,0 days 00:34:31.661000,0 days 01:31:28.756000
2024-06-23 13:37:46.274,10751,266,7,100,False,0,car,0 days 00:34:31.861000,0 days 01:31:28.956000
2024-06-23 13:37:46.554,10843,271,7,100,False,0,car,0 days 00:34:32.141000,0 days 01:31:29.236000
2024-06-23 13:37:46.794,10891,273,7,100,False,0,car,0 days 00:34:32.381000,0 days 01:31:29.476000
2024-06-23 13:37:46.954,11015,275,7,100,False,0,car,0 days 00:34:32.541000,0 days 01:31:29.636000
2024-06-23 13:37:47.194,11077,278,7,100,False,0,car,0 days 00:34:32.781000,0 days 01:31:29.876000
2024-06-23 13:37:47.434,11178,279,7,100,False,0,car,0 days 00:34:33.021000,0 days 01:31:30.116000
2024-06-23 13:37:47.835,11335,282,7,100,False,0,car,0 days 00:34:33.422000,0 days 01:31:30.517000
2024-06-23 13:37:47.995,11340,283,7,100,False,0,car,0 days 00:34:33.582000,0 days 01:31:30.677000
2024-06-23 13:37:48.154,11402,284,7,100,False,0,car,0 days 00:34:33.741000,0 days 01:31:30.836000
2024-06-23 13:37:48.394,11402,286,7,100,False,0,car,0 days 00:34:33.981000,0 days 01:31:31.076000
2024-06-23 13:37:48.674,11544,288,7,100,False,0,car,0 days 00:34:34.261000,0 days 01:31:31.356000
2024-06-23 13:37:48.874,11560,289,7,100,False,0,car,0 days 00:34:34.461000,0 days 01:31:31.556000
2024-06-23 13:37:49.114,11629,290,7,100,False,0,car,0 days 00:34:34.701000,0 days 01:31:31.796000
2024-06-23 13:37:49.354,11629,292,7,100,False,0,car,0 days 00:34:34.941000,0 days 01:31:32.036000
2024-06-23 13:37:49.674,11753,295,7,100,False,0,car,0 days 00:34:35.261000,0 days 01:31:32.356000
2024-06-23 13:37:49.914,11630,294,7,100,False,0,car,0 days 00:34:35.501000,0 days 01:31:32.596000
2024-06-23 13:37:50.234,10480,295,8,100,False,0,car,0 days 00:34:35.821000,0 days 01:31:32.916000
2024-06-23 13:37:50.474,10482,297,8,100,False,0,car,0 days 00:34:36.061000,0 days 01:31:33.156000
2024-06-23 13:37:50.714,10589,298,8,100,False,0,car,0 days 00:34:36.301000,0 days 01:31:33.396000
2024-06-23 13:37:50.874,10612,298,8,100,False,0,car,0 days 00:34:36.461000,0 days 01:31:33.556000
2024-06-23 13:37:51.034,10648,298,8,100,False,0,car,0 days 00:34:36.621000,0 days 01:31:33.716000
2024-06-23 13:37:51.314,10690,298,8,100,False,0,car,0 days 00:34:36.901000,0 days 01:31:33.996000
2024-06-23 13:37:51.474,10690,299,8,100,False,0,car,0 days 00:34:37.061000,0 days 01:31:34.156000
2024-06-23 13:37:51.714,10695,301,8,100,False,0,car,0 days 00:34:37.301000,0 days 01:31:34.396000
2024-06-23 13:37:51.874,10699,301,8,100,False,0,car,0 days 00:34:37.461000,0 days 01:31:34.556000
2024-06-23 13:37:52.074,10722,301,8,100,False,0,car,0 days 00:34:37.661000,0 days 01:31:34.756000
2024-06-23 13:37:52.394,10749,302,8,100,False,0,car,0 days 00:34:37.981000,0 days 01:31:35.076000
2024-06-23 13:37:52.714,10768,303,8,100,False,0,car,0 days 00:34:38.301000,0 days 01:31:35.396000
2024-06-23 13:37:52.994,10780,302,8,100,False,0,car,0 days 00:34:38.581000,0 days 01:31:35.676000
2024-06-23 13:37:53.234,10791,304,8,100,False,0,car,0 days 00:34:38.821000,0 days 01:31:35.916000
2024-06-23 13:37:53.434,10811,305,8,100,False,0,car,0 days 00:34:39.021000,0 days 01:31:36.116000
2024-06-23 13:37:53.754,10810,304,8,100,False,0,car,0 days 00:34:39.341000,0 days 01:31:36.436000
2024-06-23 13:37:53.954,10836,304,8,100,False,0,car,0 days 00:34:39.541000,0 days 01:31:36.636000
2024-06-23 13:37:54.155,10863,306,8,100,False,0,car,0 days 00:34:39.742000,0 days 01:31:36.837000
2024-06-23 13:37:54.355,10865,305,8,100,False,0,car,0 days 00:34:39.942000,0 days 01:31:37.037000
2024-06-23 13:37:54.595,10863,306,8,100,False,0,car,0 days 00:34:40.182000,0 days 01:31:37.277000
2024-06-23 13:37:54.754,10876,306,8,100,False,0,car,0 days 00:34:40.341000,0 days 01:31:37.436000
2024-06-23 13:37:54.994,10860,306,8,100,False,0,car,0 days 00:34:40.581000,0 days 01:31:37.676000
2024-06-23 13:37:55.194,10808,305,8,100,False,0,car,0 days 00:34:40.781000,0 days 01:31:37.876000
2024-06-23 13:37:55.354,10800,305,8,100,False,0,car,0 days 00:34:40.941000,0 days 01:31:38.036000
2024-06-23 13:37:55.594,10773,303,8,100,False,0,car,0 days 00:34:41.181000,0 days 01:31:38.276000
2024-06-23 13:37:55.874,10711,301,8,100,False,0,car,0 days 00:34:41.461000,0 days 01:31:38.556000
2024-06-23 13:37:56.034,10437,298,8,9,False,0,car,0 days 00:34:41.621000,0 days 01:31:38.716000
2024-06-23 13:37:56.314,10305,292,8,0,True,0,car,0 days 00:34:41.901000,0 days 01:31:38.996000
2024-06-23 13:37:56.514,9685,275,8,0,True,0,car,0 days 00:34:42.101000,0 days 01:31:39.196000
2024-06-23 13:37:56.874,8782,223,8,0,True,0,car,0 days 00:34:42.461000,0 days 01:31:39.556000
2024-06-23 13:37:57.034,9129,212,7,0,True,0,car,0 days 00:34:42.621000,0 days 01:31:39.716000
2024-06-23 13:37:57.234,9364,192,7,0,True,0,car,0 days 00:34:42.821000,0 days 01:31:39.916000
2024-06-23 13:37:57.514,8999,179,6,0,True,0,car,0 days 00:34:43.101000,0 days 01:31:40.196000
2024-06-23 13:37:57.794,9765,160,4,0,True,0,car,0 days 00:34:43.381000,0 days 01:31:40.476000
2024-06-23 13:37:58.074,9338,152,4,0,True,0,car,0 days 00:34:43.661000,0 days 01:31:40.756000
2024-06-23 13:37:58.274,8945,148,4,0,True,0,car,0 days 00:34:43.861000,0 days 01:31:40.956000
2024-06-23 13:37:58.514,8756,141,4,0,False,0,car,0 days 00:34:44.101000,0 days 01:31:41.196000
2024-06-23 13:37:58.874,8437,136,4,29,False,0,car,0 days 00:34:44.461000,0 days 01:31:41.556000
2024-06-23 13:37:59.154,8863,136,4,54,False,0,car,0 days 00:34:44.741000,0 days 01:31:41.836000
2024-06-23 13:37:59.394,8863,136,4,54,False,0,car,0 days 00:34:44.981000,0 days 01:31:42.076000
2024-06-23 13:37:59.754,9525,147,4,73,False,0,car,0 days 00:34:45.341000,0 days 01:31:42.436000
2024-06-23 13:37:59.914,9759,150,4,78,False,0,car,0 days 00:34:45.501000,0 days 01:31:42.596000
2024-06-23 13:38:00.154,10013,161,4,67,False,0,car,0 days 00:34:45.741000,0 days 01:31:42.836000
2024-06-23 13:38:00.634,8957,165,5,55,False,0,car,0 days 00:34:46.221000,0 days 01:31:43.316000
2024-06-23 13:38:00.875,9093,167,5,63,False,0,car,0 days 00:34:46.462000,0 days 01:31:43.557000
2024-06-23 13:38:01.275,9383,173,5,76,False,0,car,0 days 00:34:46.862000,0 days 01:31:43.957000
2024-06-23 13:38:01.714,9887,179,5,80,False,0,car,0 days 00:34:47.301000,0 days 01:31:44.396000
2024-06-23 13:38:01.914,10027,183,5,80,False,0,car,0 days 00:34:47.501000,0 days 01:31:44.596000
2024-06-23 13:38:02.074,10282,189,5,100,False,0,car,0 days 00:34:47.661000,0 days 01:31:44.756000
2024-06-23 13:38:02.234,10542,194,5,100,False,0,car,0 days 00:34:47.821000,0 days 01:31:44.916000
2024-06-23 13:38:02.394,10619,197,5,100,False,0,car,0 days 00:34:47.981000,0 days 01:31:45.076000
2024-06-23 13:38:02.674,11041,207,5,100,False,0,car,0 days 00:34:48.261000,0 days 01:31:45.356000
2024-06-23 13:38:02.834,11339,209,5,98,False,0,car,0 days 00:34:48.421000,0 days 01:31:45.516000
2024-06-23 13:38:03.034,11529,214,5,83,False,0,car,0 days 00:34:48.621000,0 days 01:31:45.716000
2024-06-23 13:38:03.234,11487,216,5,79,False,0,car,0 days 00:34:48.821000,0 days 01:31:45.916000
2024-06-23 13:38:03.434,11408,217,5,55,False,0,car,0 days 00:34:49.021000,0 days 01:31:46.116000
2024-06-23 13:38:03.674,11042,212,5,0,False,0,car,0 days 00:34:49.261000,0 days 01:31:46.356000
2024-06-23 13:38:03.834,10924,207,5,0,False,0,car,0 days 00:34:49.421000,0 days 01:31:46.516000
2024-06-23 13:38:04.194,10653,201,5,16,False,0,car,0 days 00:34:49.781000,0 days 01:31:46.876000
2024-06-23 13:38:04.354,10597,198,5,48,False,0,car,0 days 00:34:49.941000,0 days 01:31:47.036000
2024-06-23 13:38:04.634,10680,198,5,67,False,0,car,0 days 00:34:50.221000,0 days 01:31:47.316000
2024-06-23 13:38:05.034,10921,201,5,74,False,0,car,0 days 00:34:50.621000,0 days 01:31:47.716000
2024-06-23 13:38:05.314,11110,205,5,82,False,0,car,0 days 00:34:50.901000,0 days 01:31:47.996000
2024-06-23 13:38:05.594,11250,208,5,84,False,0,car,0 days 00:34:51.181000,0 days 01:31:48.276000
2024-06-23 13:38:05.914,11688,215,5,94,False,0,car,0 days 00:34:51.501000,0 days 01:31:48.596000
2024-06-23 13:38:06.154,11869,220,5,100,False,0,car,0 days 00:34:51.741000,0 days 01:31:48.836000
2024-06-23 13:38:06.314,11029,223,5,100,False,0,car,0 days 00:34:51.901000,0 days 01:31:48.996000
2024-06-23 13:38:06.634,10714,229,5,100,False,0,car,0 days 00:34:52.221000,0 days 01:31:49.316000
2024-06-23 13:38:06.874,10880,234,6,97,False,0,car,0 days 00:34:52.461000,0 days 01:31:49.556000
2024-06-23 13:38:07.275,11116,240,6,100,False,0,car,0 days 00:34:52.862000,0 days 01:31:49.957000
2024-06-23 13:38:07.475,11276,244,6,100,False,0,car,0 days 00:34:53.062000,0 days 01:31:50.157000
2024-06-23 13:38:07.755,11440,249,6,100,False,0,car,0 days 00:34:53.342000,0 days 01:31:50.437000
2024-06-23 13:38:08.035,11603,252,6,100,False,0,car,0 days 00:34:53.622000,0 days 01:31:50.717000
2024-06-23 13:38:08.274,11736,254,6,100,False,0,car,0 days 00:34:53.861000,0 days 01:31:50.956000
2024-06-23 13:38:08.554,11268,260,6,100,False,0,car,0 days 00:34:54.141000,0 days 01:31:51.236000
2024-06-23 13:38:08.914,10619,261,7,100,False,0,car,0 days 00:34:54.501000,0 days 01:31:51.596000
2024-06-23 13:38:09.074,10704,266,7,100,False,0,car,0 days 00:34:54.661000,0 days 01:31:51.756000
2024-06-23 13:38:09.234,10793,268,7,100,False,0,car,0 days 00:34:54.821000,0 days 01:31:51.916000
2024-06-23 13:38:09.434,10851,268,7,100,False,0,car,0 days 00:34:55.021000,0 days 01:31:52.116000
2024-06-23 13:38:09.794,11010,274,7,100,False,0,car,0 days 00:34:55.381000,0 days 01:31:52.476000
2024-06-23 13:38:10.034,11108,278,7,100,False,0,car,0 days 00:34:55.621000,0 days 01:31:52.716000
2024-06-23 13:38:10.434,11188,280,7,100,False,0,car,0 days 00:34:56.021000,0 days 01:31:53.116000
2024-06-23 13:38:10.794,11190,280,7,100,False,0,car,0 days 00:34:56.381000,0 days 01:31:53.476000
2024-06-23 13:38:11.034,11489,280,7,100,True,0,car,0 days 00:34:56.621000,0 days 01:31:53.716000
2024-06-23 13:38:11.234,11013,266,7,0,True,0,car,0 days 00:34:56.821000,0 days 01:31:53.916000
2024-06-23 13:38:11.434,9736,256,7,0,True,0,car,0 days 00:34:57.021000,0 days 01:31:54.116000
2024-06-23 13:38:11.594,9122,233,7,0,True,0,car,0 days 00:34:57.181000,0 days 01:31:54.276000
2024-06-23 13:38:11.754,9559,214,7,0,True,0,car,0 days 00:34:57.341000,0 days 01:31:54.436000
2024-06-23 13:38:12.034,9428,193,6,0,True,0,car,0 days 00:34:57.621000,0 days 01:31:54.716000
2024-06-23 13:38:12.234,9276,184,6,0,True,0,car,0 days 00:34:57.821000,0 days 01:31:54.916000
2024-06-23 13:38:12.434,9711,174,5,0,True,0,car,0 days 00:34:58.021000,0 days 01:31:55.116000
2024-06-23 13:38:12.634,9916,166,5,0,True,0,car,0 days 00:34:58.221000,0 days 01:31:55.316000
2024-06-23 13:38:12.914,9476,158,4,0,True,0,car,0 days 00:34:58.501000,0 days 01:31:55.596000
2024-06-23 13:38:13.314,8912,145,4,0,True,0,car,0 days 00:34:58.901000,0 days 01:31:55.996000
2024-06-23 13:38:13.794,8426,133,4,0,True,0,car,0 days 00:34:59.381000,0 days 01:31:56.476000
2024-06-23 13:38:13.995,8219,131,4,0,False,0,car,0 days 00:34:59.582000,0 days 01:31:56.677000
2024-06-23 13:38:14.355,7932,127,4,36,False,0,car,0 days 00:34:59.942000,0 days 01:31:57.037000
2024-06-23 13:38:14.515,8337,128,4,45,False,0,car,0 days 00:35:00.102000,0 days 01:31:57.197000
2024-06-23 13:38:14.835,8550,132,4,53,False,0,car,0 days 00:35:00.422000,0 days 01:31:57.517000
2024-06-23 13:38:14.994,8632,133,4,56,False,0,car,0 days 00:35:00.581000,0 days 01:31:57.676000
2024-06-23 13:38:15.434,9289,142,4,61,False,0,car,0 days 00:35:01.021000,0 days 01:31:58.116000
2024-06-23 13:38:15.674,9547,145,4,67,False,0,car,0 days 00:35:01.261000,0 days 01:31:58.356000
2024-06-23 13:38:15.954,9970,153,4,80,False,0,car,0 days 00:35:01.541000,0 days 01:31:58.636000
2024-06-23 13:38:16.114,10311,156,4,82,False,0,car,0 days 00:35:01.701000,0 days 01:31:58.796000
2024-06-23 13:38:16.394,10733,165,4,86,False,0,car,0 days 00:35:01.981000,0 days 01:31:59.076000
2024-06-23 13:38:16.594,11190,173,4,90,False,0,car,0 days 00:35:02.181000,0 days 01:31:59.276000
2024-06-23 13:38:16.834,11771,183,4,100,False,0,car,0 days 00:35:02.421000,0 days 01:31:59.516000
2024-06-23 13:38:17.194,10511,192,5,100,False,0,car,0 days 00:35:02.781000,0 days 01:31:59.876000
2024-06-23 13:38:17.434,10914,198,5,100,False,0,car,0 days 00:35:03.021000,0 days 01:32:00.116000
2024-06-23 13:38:17.754,11226,208,5,100,False,0,car,0 days 00:35:03.341000,0 days 01:32:00.436000
2024-06-23 13:38:17.954,11479,214,5,100,False,0,car,0 days 00:35:03.541000,0 days 01:32:00.636000
2024-06-23 13:38:18.274,11845,221,5,100,False,0,car,0 days 00:35:03.861000,0 days 01:32:00.956000
2024-06-23 13:38:18.554,10863,228,5,100,False,0,car,0 days 00:35:04.141000,0 days 01:32:01.236000
2024-06-23 13:38:18.874,10614,233,6,100,False,0,car,0 days 00:35:04.461000,0 days 01:32:01.556000
2024-06-23 13:38:19.194,10784,237,6,100,False,0,car,0 days 00:35:04.781000,0 days 01:32:01.876000
2024-06-23 13:38:19.554,10675,230,6,0,True,0,car,0 days 00:35:05.141000,0 days 01:32:02.236000
2024-06-23 13:38:19.754,9750,210,6,0,True,0,car,0 days 00:35:05.341000,0 days 01:32:02.436000
2024-06-23 13:38:19.994,9540,190,6,0,True,0,car,0 days 00:35:05.581000,0 days 01:32:02.676000
2024-06-23 13:38:20.354,9535,173,5,0,True,0,car,0 days 00:35:05.941000,0 days 01:32:03.036000
2024-06-23 13:38:20.715,9680,140,4,0,True,0,car,0 days 00:35:06.302000,0 days 01:32:03.397000
2024-06-23 13:38:20.875,9486,131,3,0,True,0,car,0 days 00:35:06.462000,0 days 01:32:03.557000
2024-06-23 13:38:21.075,8959,126,3,0,True,0,car,0 days 00:35:06.662000,0 days 01:32:03.757000
2024-06-23 13:38:21.315,8412,120,3,0,True,0,car,0 days 00:35:06.902000,0 days 01:32:03.997000
2024-06-23 13:38:21.475,8059,114,3,0,True,0,car,0 days 00:35:07.062000,0 days 01:32:04.157000
2024-06-23 13:38:21.714,7833,109,3,0,True,0,car,0 days 00:35:07.301000,0 days 01:32:04.396000
2024-06-23 13:38:21.994,7542,104,3,0,True,0,car,0 days 00:35:07.581000,0 days 01:32:04.676000
2024-06-23 13:38:22.314,6918,98,3,0,True,0,car,0 days 00:35:07.901000,0 days 01:32:04.996000
2024-06-23 13:38:22.594,7012,94,3,0,False,0,car,0 days 00:35:08.181000,0 days 01:32:05.276000
2024-06-23 13:38:23.314,7290,95,3,36,False,0,car,0 days 00:35:08.901000,0 days 01:32:05.996000
2024-06-23 13:38:23.674,7948,102,3,48,False,0,car,0 days 00:35:09.261000,0 days 01:32:06.356000
2024-06-23 13:38:24.074,8798,112,3,61,False,0,car,0 days 00:35:09.661000,0 days 01:32:06.756000
2024-06-23 13:38:24.474,9809,125,3,76,False,0,car,0 days 00:35:10.061000,0 days 01:32:07.156000
2024-06-23 13:38:24.634,10344,134,3,78,False,0,car,0 days 00:35:10.221000,0 days 01:32:07.316000
2024-06-23 13:38:24.834,9463,138,3,85,False,0,car,0 days 00:35:10.421000,0 days 01:32:07.516000
2024-06-23 13:38:25.074,9963,151,4,100,False,0,car,0 days 00:35:10.661000,0 days 01:32:07.756000
2024-06-23 13:38:25.354,10727,166,4,100,False,0,car,0 days 00:35:10.941000,0 days 01:32:08.036000
2024-06-23 13:38:25.554,11352,176,4,100,False,0,car,0 days 00:35:11.141000,0 days 01:32:08.236000
2024-06-23 13:38:25.834,10531,187,4,100,False,0,car,0 days 00:35:11.421000,0 days 01:32:08.516000
2024-06-23 13:38:26.114,10506,190,5,100,False,0,car,0 days 00:35:11.701000,0 days 01:32:08.796000
2024-06-23 13:38:26.314,10908,197,5,100,False,0,car,0 days 00:35:11.901000,0 days 01:32:08.996000
2024-06-23 13:38:26.674,11381,213,5,100,False,0,car,0 days 00:35:12.261000,0 days 01:32:09.356000
2024-06-23 13:38:26.955,11809,219,5,100,False,0,car,0 days 00:35:12.542000,0 days 01:32:09.637000
2024-06-23 13:38:27.275,10740,229,5,100,False,0,car,0 days 00:35:12.862000,0 days 01:32:09.957000
2024-06-23 13:38:27.795,11014,239,6,100,False,0,car,0 days 00:35:13.382000,0 days 01:32:10.477000
2024-06-23 13:38:28.115,11301,245,6,100,False,0,car,0 days 00:35:13.702000,0 days 01:32:10.797000
2024-06-23 13:38:28.315,11349,248,6,100,False,0,car,0 days 00:35:13.902000,0 days 01:32:10.997000
2024-06-23 13:38:28.474,11349,249,6,100,False,0,car,0 days 00:35:14.061000,0 days 01:32:11.156000
2024-06-23 13:38:28.794,11461,251,6,100,False,0,car,0 days 00:35:14.381000,0 days 01:32:11.476000
2024-06-23 13:38:29.114,10742,236,6,0,True,0,car,0 days 00:35:14.701000,0 days 01:32:11.796000
2024-06-23 13:38:29.274,9729,214,6,0,True,0,car,0 days 00:35:14.861000,0 days 01:32:11.956000
2024-06-23 13:38:29.594,9632,185,6,0,True,0,car,0 days 00:35:15.181000,0 days 01:32:12.276000
2024-06-23 13:38:29.874,9807,161,5,0,True,0,car,0 days 00:35:15.461000,0 days 01:32:12.556000
2024-06-23 13:38:30.114,9152,155,4,0,True,0,car,0 days 00:35:15.701000,0 days 01:32:12.796000
2024-06-23 13:38:30.354,8944,143,4,0,False,0,car,0 days 00:35:15.941000,0 days 01:32:13.036000
2024-06-23 13:38:30.634,8688,140,4,0,False,0,car,0 days 00:35:16.221000,0 days 01:32:13.316000
2024-06-23 13:38:31.034,8410,136,4,0,False,0,car,0 days 00:35:16.621000,0 days 01:32:13.716000
2024-06-23 13:38:31.234,8203,133,4,0,False,0,car,0 days 00:35:16.821000,0 days 01:32:13.916000
2024-06-23 13:38:31.434,8092,130,4,13,False,0,car,0 days 00:35:17.021000,0 days 01:32:14.116000
2024-06-23 13:38:31.634,8528,130,4,32,False,0,car,0 days 00:35:17.221000,0 days 01:32:14.316000
2024-06-23 13:38:31.994,8536,132,4,51,False,0,car,0 days 00:35:17.581000,0 days 01:32:14.676000
2024-06-23 13:38:32.194,8872,135,4,61,False,0,car,0 days 00:35:17.781000,0 days 01:32:14.876000
2024-06-23 13:38:32.394,9095,140,4,71,False,0,car,0 days 00:35:17.981000,0 days 01:32:15.076000
2024-06-23 13:38:32.674,9829,149,4,89,False,0,car,0 days 00:35:18.261000,0 days 01:32:15.356000
2024-06-23 13:38:32.834,10284,158,4,100,False,0,car,0 days 00:35:18.421000,0 days 01:32:15.516000
2024-06-23 13:38:33.034,10596,162,4,100,False,0,car,0 days 00:35:18.621000,0 days 01:32:15.716000
2024-06-23 13:38:33.434,11571,180,4,100,False,0,car,0 days 00:35:19.021000,0 days 01:32:16.116000
2024-06-23 13:38:33.715,10380,186,4,100,False,0,car,0 days 00:35:19.302000,0 days 01:32:16.397000
2024-06-23 13:38:33.995,10695,195,5,100,False,0,car,0 days 00:35:19.582000,0 days 01:32:16.677000
2024-06-23 13:38:34.235,11038,205,5,100,False,0,car,0 days 00:35:19.822000,0 days 01:32:16.917000
2024-06-23 13:38:34.475,11151,207,5,100,False,0,car,0 days 00:35:20.062000,0 days 01:32:17.157000
2024-06-23 13:38:34.995,11123,224,5,100,False,0,car,0 days 00:35:20.582000,0 days 01:32:17.677000
2024-06-23 13:38:35.394,10789,227,6,100,False,0,car,0 days 00:35:20.981000,0 days 01:32:18.076000
2024-06-23 13:38:35.714,10935,237,6,100,False,0,car,0 days 00:35:21.301000,0 days 01:32:18.396000
2024-06-23 13:38:35.914,10984,239,6,100,False,0,car,0 days 00:35:21.501000,0 days 01:32:18.596000
2024-06-23 13:38:36.074,10992,239,6,100,False,0,car,0 days 00:35:21.661000,0 days 01:32:18.756000
2024-06-23 13:38:36.314,10768,241,6,0,False,0,car,0 days 00:35:21.901000,0 days 01:32:18.996000
2024-06-23 13:38:36.474,10762,236,6,0,False,0,car,0 days 00:35:22.061000,0 days 01:32:19.156000
2024-06-23 13:38:36.794,10372,230,6,0,False,0,car,0 days 00:35:22.381000,0 days 01:32:19.476000
2024-06-23 13:38:37.074,10154,223,6,32,False,0,car,0 days 00:35:22.661000,0 days 01:32:19.756000
2024-06-23 13:38:37.274,10221,221,6,61,False,0,car,0 days 00:35:22.861000,0 days 01:32:19.956000
2024-06-23 13:38:37.554,10189,220,6,71,False,0,car,0 days 00:35:23.141000,0 days 01:32:20.236000
2024-06-23 13:38:37.714,10205,220,6,72,False,0,car,0 days 00:35:23.301000,0 days 01:32:20.396000
2024-06-23 13:38:37.994,10441,223,6,92,False,0,car,0 days 00:35:23.581000,0 days 01:32:20.676000
2024-06-23 13:38:38.274,10577,227,6,100,False,0,car,0 days 00:35:23.861000,0 days 01:32:20.956000
2024-06-23 13:38:38.474,10689,229,6,100,False,0,car,0 days 00:35:24.061000,0 days 01:32:21.156000
2024-06-23 13:38:38.634,10861,232,6,100,False,0,car,0 days 00:35:24.221000,0 days 01:32:21.316000
2024-06-23 13:38:39.074,11107,239,6,100,False,0,car,0 days 00:35:24.661000,0 days 01:32:21.756000
2024-06-23 13:38:39.234,11220,244,6,100,False,0,car,0 days 00:35:24.821000,0 days 01:32:21.916000
2024-06-23 13:38:39.394,11278,244,6,100,False,0,car,0 days 00:35:24.981000,0 days 01:32:22.076000
2024-06-23 13:38:39.714,11521,249,6,100,False,0,car,0 days 00:35:25.301000,0 days 01:32:22.396000
2024-06-23 13:38:39.994,11617,254,6,100,False,0,car,0 days 00:35:25.581000,0 days 01:32:22.676000
2024-06-23 13:38:40.235,10884,258,6,100,False,0,car,0 days 00:35:25.822000,0 days 01:32:22.917000
2024-06-23 13:38:40.555,10468,263,7,100,False,0,car,0 days 00:35:26.142000,0 days 01:32:23.237000
2024-06-23 13:38:40.875,10721,267,7,100,False,0,car,0 days 00:35:26.462000,0 days 01:32:23.557000
2024-06-23 13:38:41.195,10843,270,7,100,False,0,car,0 days 00:35:26.782000,0 days 01:32:23.877000
2024-06-23 13:38:41.475,10957,273,7,100,False,0,car,0 days 00:35:27.062000,0 days 01:32:24.157000
2024-06-23 13:38:41.755,11054,276,7,100,False,0,car,0 days 00:35:27.342000,0 days 01:32:24.437000
2024-06-23 13:38:41.954,11146,278,7,100,False,0,car,0 days 00:35:27.541000,0 days 01:32:24.636000
2024-06-23 13:38:42.234,11255,280,7,100,False,0,car,0 days 00:35:27.821000,0 days 01:32:24.916000
2024-06-23 13:38:42.474,11296,283,7,100,False,0,car,0 days 00:35:28.061000,0 days 01:32:25.156000
2024-06-23 13:38:42.714,11359,283,7,100,False,0,car,0 days 00:35:28.301000,0 days 01:32:25.396000
2024-06-23 13:38:42.874,11435,285,7,100,False,0,car,0 days 00:35:28.461000,0 days 01:32:25.556000
2024-06-23 13:38:43.314,11481,286,7,100,False,0,car,0 days 00:35:28.901000,0 days 01:32:25.996000
2024-06-23 13:38:43.594,11492,287,7,100,False,0,car,0 days 00:35:29.181000,0 days 01:32:26.276000
2024-06-23 13:38:43.994,10743,274,7,0,True,0,car,0 days 00:35:29.581000,0 days 01:32:26.676000
2024-06-23 13:38:44.194,10506,256,7,0,True,0,car,0 days 00:35:29.781000,0 days 01:32:26.876000
2024-06-23 13:38:44.554,9309,217,7,0,True,0,car,0 days 00:35:30.141000,0 days 01:32:27.236000
2024-06-23 13:38:44.754,9214,187,6,0,True,0,car,0 days 00:35:30.341000,0 days 01:32:27.436000
2024-06-23 13:38:44.914,9302,187,6,0,True,0,car,0 days 00:35:30.501000,0 days 01:32:27.596000
2024-06-23 13:38:45.234,9324,157,6,0,True,0,car,0 days 00:35:30.821000,0 days 01:32:27.916000
2024-06-23 13:38:45.554,8998,138,4,0,True,0,car,0 days 00:35:31.141000,0 days 01:32:28.236000
2024-06-23 13:38:45.794,9497,131,4,0,True,0,car,0 days 00:35:31.381000,0 days 01:32:28.476000
2024-06-23 13:38:45.994,9241,125,3,0,True,0,car,0 days 00:35:31.581000,0 days 01:32:28.676000
2024-06-23 13:38:46.234,8896,119,3,0,True,0,car,0 days 00:35:31.821000,0 days 01:32:28.916000
2024-06-23 13:38:46.554,8260,114,3,0,True,0,car,0 days 00:35:32.141000,0 days 01:32:29.236000
2024-06-23 13:38:47.075,7944,109,3,0,False,0,car,0 days 00:35:32.662000,0 days 01:32:29.757000
2024-06-23 13:38:47.235,7866,106,3,0,False,0,car,0 days 00:35:32.822000,0 days 01:32:29.917000
2024-06-23 13:38:47.475,7669,104,3,0,False,0,car,0 days 00:35:33.062000,0 days 01:32:30.157000
2024-06-23 13:38:47.715,7378,101,3,0,False,0,car,0 days 00:35:33.302000,0 days 01:32:30.397000
2024-06-23 13:38:47.915,7414,99,3,0,False,0,car,0 days 00:35:33.502000,0 days 01:32:30.597000
2024-06-23 13:38:48.155,7348,97,3,30,False,0,car,0 days 00:35:33.742000,0 days 01:32:30.837000
2024-06-23 13:38:48.475,7677,100,3,42,False,0,car,0 days 00:35:34.062000,0 days 01:32:31.157000
2024-06-23 13:38:48.634,7959,103,3,46,False,0,car,0 days 00:35:34.221000,0 days 01:32:31.316000
2024-06-23 13:38:49.114,8518,111,3,56,False,0,car,0 days 00:35:34.701000,0 days 01:32:31.796000
2024-06-23 13:38:49.314,8896,114,3,60,False,0,car,0 days 00:35:34.901000,0 days 01:32:31.996000
2024-06-23 13:38:49.674,8081,127,4,67,False,0,car,0 days 00:35:35.261000,0 days 01:32:32.356000
2024-06-23 13:38:49.834,8591,130,4,72,False,0,car,0 days 00:35:35.421000,0 days 01:32:32.516000
2024-06-23 13:38:50.034,8954,141,4,75,False,0,car,0 days 00:35:35.621000,0 days 01:32:32.716000
2024-06-23 13:38:50.354,9755,151,4,85,False,0,car,0 days 00:35:35.941000,0 days 01:32:33.036000
2024-06-23 13:38:50.514,10344,156,4,87,False,0,car,0 days 00:35:36.101000,0 days 01:32:33.196000
2024-06-23 13:38:50.674,10821,163,4,90,False,0,car,0 days 00:35:36.261000,0 days 01:32:33.356000
2024-06-23 13:38:50.954,11038,173,4,90,False,0,car,0 days 00:35:36.541000,0 days 01:32:33.636000
2024-06-23 13:38:51.194,11625,181,4,100,False,0,car,0 days 00:35:36.781000,0 days 01:32:33.876000
2024-06-23 13:38:51.394,11066,186,4,100,False,0,car,0 days 00:35:36.981000,0 days 01:32:34.076000
2024-06-23 13:38:51.634,10338,194,5,100,False,0,car,0 days 00:35:37.221000,0 days 01:32:34.316000
2024-06-23 13:38:51.834,10198,198,5,100,True,0,car,0 days 00:35:37.421000,0 days 01:32:34.516000
2024-06-23 13:38:52.074,9865,185,5,0,True,0,car,0 days 00:35:37.661000,0 days 01:32:34.756000
2024-06-23 13:38:52.234,9725,180,5,0,True,0,car,0 days 00:35:37.821000,0 days 01:32:34.916000
2024-06-23 13:38:52.474,9234,165,5,0,True,0,car,0 days 00:35:38.061000,0 days 01:32:35.156000
2024-06-23 13:38:52.714,9419,156,4,0,True,0,car,0 days 00:35:38.301000,0 days 01:32:35.396000
2024-06-23 13:38:53.194,8525,139,4,0,True,0,car,0 days 00:35:38.781000,0 days 01:32:35.876000
2024-06-23 13:38:53.595,7803,127,4,0,True,0,car,0 days 00:35:39.182000,0 days 01:32:36.277000
2024-06-23 13:38:53.835,7535,124,4,0,True,0,car,0 days 00:35:39.422000,0 days 01:32:36.517000
2024-06-23 13:38:54.155,7242,117,4,0,False,0,car,0 days 00:35:39.742000,0 days 01:32:36.837000
2024-06-23 13:38:54.355,6945,114,4,0,True,0,car,0 days 00:35:39.942000,0 days 01:32:37.037000
2024-06-23 13:38:54.635,6991,110,4,0,False,0,car,0 days 00:35:40.222000,0 days 01:32:37.317000
2024-06-23 13:38:54.915,6831,108,4,6,False,0,car,0 days 00:35:40.502000,0 days 01:32:37.597000
2024-06-23 13:38:55.195,6904,108,4,32,False,0,car,0 days 00:35:40.782000,0 days 01:32:37.877000
2024-06-23 13:38:55.594,7249,111,4,44,False,0,car,0 days 00:35:41.181000,0 days 01:32:38.276000
2024-06-23 13:38:55.754,7317,114,4,46,False,0,car,0 days 00:35:41.341000,0 days 01:32:38.436000
2024-06-23 13:38:56.074,7858,120,4,57,False,0,car,0 days 00:35:41.661000,0 days 01:32:38.756000
2024-06-23 13:38:56.314,8381,126,4,61,False,0,car,0 days 00:35:41.901000,0 days 01:32:38.996000
2024-06-23 13:38:56.674,8842,135,4,63,False,0,car,0 days 00:35:42.261000,0 days 01:32:39.356000
2024-06-23 13:38:56.914,9021,140,4,71,False,0,car,0 days 00:35:42.501000,0 days 01:32:39.596000
2024-06-23 13:38:57.194,9675,149,4,81,False,0,car,0 days 00:35:42.781000,0 days 01:32:39.876000
2024-06-23 13:38:57.474,9941,159,4,83,False,0,car,0 days 00:35:43.061000,0 days 01:32:40.156000
2024-06-23 13:38:57.634,10781,168,4,100,False,0,car,0 days 00:35:43.221000,0 days 01:32:40.316000
2024-06-23 13:38:57.794,11031,168,4,100,False,0,car,0 days 00:35:43.381000,0 days 01:32:40.476000
2024-06-23 13:38:58.154,9963,188,5,100,False,0,car,0 days 00:35:43.741000,0 days 01:32:40.836000
2024-06-23 13:38:58.314,10334,191,5,100,False,0,car,0 days 00:35:43.901000,0 days 01:32:40.996000
2024-06-23 13:38:58.674,10950,204,5,100,False,0,car,0 days 00:35:44.261000,0 days 01:32:41.356000
2024-06-23 13:38:58.874,11263,211,5,100,False,0,car,0 days 00:35:44.461000,0 days 01:32:41.556000
2024-06-23 13:38:59.074,11618,216,5,100,False,0,car,0 days 00:35:44.661000,0 days 01:32:41.756000
2024-06-23 13:38:59.354,10390,220,6,100,False,0,car,0 days 00:35:44.941000,0 days 01:32:42.036000
2024-06-23 13:38:59.514,10390,225,6,100,False,0,car,0 days 00:35:45.101000,0 days 01:32:42.196000
2024-06-23 13:38:59.834,10670,232,6,100,False,0,car,0 days 00:35:45.421000,0 days 01:32:42.516000
2024-06-23 13:39:00.155,11118,238,6,82,False,0,car,0 days 00:35:45.742000,0 days 01:32:42.837000
2024-06-23 13:39:00.315,10957,239,6,80,False,0,car,0 days 00:35:45.902000,0 days 01:32:42.997000
2024-06-23 13:39:00.515,11127,240,6,96,False,0,car,0 days 00:35:46.102000,0 days 01:32:43.197000
2024-06-23 13:39:00.795,10877,240,6,79,False,0,car,0 days 00:35:46.382000,0 days 01:32:43.477000
2024-06-23 13:39:00.995,11327,244,6,96,False,0,car,0 days 00:35:46.582000,0 days 01:32:43.677000
2024-06-23 13:39:01.155,11407,244,6,96,False,0,car,0 days 00:35:46.742000,0 days 01:32:43.837000
2024-06-23 13:39:01.595,11506,249,6,100,False,0,car,0 days 00:35:47.182000,0 days 01:32:44.277000
2024-06-23 13:39:01.755,11548,253,6,100,False,0,car,0 days 00:35:47.342000,0 days 01:32:44.437000
2024-06-23 13:39:02.035,11583,256,6,100,False,0,car,0 days 00:35:47.622000,0 days 01:32:44.717000
2024-06-23 13:39:02.274,10479,258,6,100,False,0,car,0 days 00:35:47.861000,0 days 01:32:44.956000
2024-06-23 13:39:02.554,10475,260,7,100,False,0,car,0 days 00:35:48.141000,0 days 01:32:45.236000
2024-06-23 13:39:02.874,10422,262,7,100,False,0,car,0 days 00:35:48.461000,0 days 01:32:45.556000
2024-06-23 13:39:03.034,10159,257,7,30,True,0,car,0 days 00:35:48.621000,0 days 01:32:45.716000
2024-06-23 13:39:03.194,9778,252,7,0,True,0,car,0 days 00:35:48.781000,0 days 01:32:45.876000
2024-06-23 13:39:03.394,9866,245,7,0,True,0,car,0 days 00:35:48.981000,0 days 01:32:46.076000
2024-06-23 13:39:03.714,10749,236,6,12,False,0,car,0 days 00:35:49.301000,0 days 01:32:46.396000
2024-06-23 13:39:03.914,10470,232,6,48,False,0,car,0 days 00:35:49.501000,0 days 01:32:46.596000
2024-06-23 13:39:04.234,10571,228,6,70,False,0,car,0 days 00:35:49.821000,0 days 01:32:46.916000
2024-06-23 13:39:04.394,10624,230,6,80,False,0,car,0 days 00:35:49.981000,0 days 01:32:47.076000
2024-06-23 13:39:04.554,10643,231,6,74,False,0,car,0 days 00:35:50.141000,0 days 01:32:47.236000
2024-06-23 13:39:04.874,10861,233,6,100,False,0,car,0 days 00:35:50.461000,0 days 01:32:47.556000
2024-06-23 13:39:05.114,10940,237,6,100,False,0,car,0 days 00:35:50.701000,0 days 01:32:47.796000
2024-06-23 13:39:05.314,11074,238,6,100,False,0,car,0 days 00:35:50.901000,0 days 01:32:47.996000
2024-06-23 13:39:05.674,11292,242,6,100,False,0,car,0 days 00:35:51.261000,0 days 01:32:48.356000
2024-06-23 13:39:05.914,11453,245,6,100,False,0,car,0 days 00:35:51.501000,0 days 01:32:48.596000
2024-06-23 13:39:06.194,11482,250,6,100,False,0,car,0 days 00:35:51.781000,0 days 01:32:48.876000
2024-06-23 13:39:06.475,11704,253,6,100,False,0,car,0 days 00:35:52.062000,0 days 01:32:49.157000
2024-06-23 13:39:06.715,11866,257,6,100,False,0,car,0 days 00:35:52.302000,0 days 01:32:49.397000
2024-06-23 13:39:06.915,11166,260,6,100,False,0,car,0 days 00:35:52.502000,0 days 01:32:49.597000
2024-06-23 13:39:07.115,10699,263,7,100,False,0,car,0 days 00:35:52.702000,0 days 01:32:49.797000
2024-06-23 13:39:07.275,10630,266,7,100,False,0,car,0 days 00:35:52.862000,0 days 01:32:49.957000
2024-06-23 13:39:07.595,10792,269,7,100,False,0,car,0 days 00:35:53.182000,0 days 01:32:50.277000
2024-06-23 13:39:07.835,10922,272,7,100,False,0,car,0 days 00:35:53.422000,0 days 01:32:50.517000
2024-06-23 13:39:08.195,11037,275,7,100,False,0,car,0 days 00:35:53.782000,0 days 01:32:50.877000
2024-06-23 13:39:08.595,11179,279,7,100,False,0,car,0 days 00:35:54.182000,0 days 01:32:51.277000
2024-06-23 13:39:08.874,11242,281,7,100,False,0,car,0 days 00:35:54.461000,0 days 01:32:51.556000
2024-06-23 13:39:09.034,11340,282,7,100,False,0,car,0 days 00:35:54.621000,0 days 01:32:51.716000
2024-06-23 13:39:09.274,11386,285,7,100,False,0,car,0 days 00:35:54.861000,0 days 01:32:51.956000
2024-06-23 13:39:09.554,11478,286,7,100,False,0,car,0 days 00:35:55.141000,0 days 01:32:52.236000
2024-06-23 13:39:09.794,11523,287,7,100,False,0,car,0 days 00:35:55.381000,0 days 01:32:52.476000
2024-06-23 13:39:09.954,11590,289,7,100,False,0,car,0 days 00:35:55.541000,0 days 01:32:52.636000
2024-06-23 13:39:10.114,11611,289,7,100,False,0,car,0 days 00:35:55.701000,0 days 01:32:52.796000
2024-06-23 13:39:10.434,11667,292,7,100,False,0,car,0 days 00:35:56.021000,0 days 01:32:53.116000
2024-06-23 13:39:10.754,10728,293,7,100,False,0,car,0 days 00:35:56.341000,0 days 01:32:53.436000
2024-06-23 13:39:10.994,10600,294,7,100,False,0,car,0 days 00:35:56.581000,0 days 01:32:53.676000
2024-06-23 13:39:11.154,10588,295,8,100,False,0,car,0 days 00:35:56.741000,0 days 01:32:53.836000
2024-06-23 13:39:11.394,10548,296,8,100,False,0,car,0 days 00:35:56.981000,0 days 01:32:54.076000
2024-06-23 13:39:11.554,10535,297,8,100,False,0,car,0 days 00:35:57.141000,0 days 01:32:54.236000
2024-06-23 13:39:11.874,10583,298,8,100,False,0,car,0 days 00:35:57.461000,0 days 01:32:54.556000
2024-06-23 13:39:12.114,10582,298,8,100,False,0,car,0 days 00:35:57.701000,0 days 01:32:54.796000
2024-06-23 13:39:12.394,10652,299,8,100,False,0,car,0 days 00:35:57.981000,0 days 01:32:55.076000
2024-06-23 13:39:12.714,10659,300,8,100,False,0,car,0 days 00:35:58.301000,0 days 01:32:55.396000
2024-06-23 13:39:12.914,10668,300,8,100,False,0,car,0 days 00:35:58.501000,0 days 01:32:55.596000
2024-06-23 13:39:13.235,10716,301,8,100,False,0,car,0 days 00:35:58.822000,0 days 01:32:55.917000
2024-06-23 13:39:13.635,10716,302,8,100,False,0,car,0 days 00:35:59.222000,0 days 01:32:56.317000
2024-06-23 13:39:13.795,10719,302,8,100,False,0,car,0 days 00:35:59.382000,0 days 01:32:56.477000
2024-06-23 13:39:14.035,10752,303,8,100,False,0,car,0 days 00:35:59.622000,0 days 01:32:56.717000
2024-06-23 13:39:14.275,10781,302,8,100,False,0,car,0 days 00:35:59.862000,0 days 01:32:56.957000
2024-06-23 13:39:14.635,10786,303,8,100,False,0,car,0 days 00:36:00.222000,0 days 01:32:57.317000
2024-06-23 13:39:14.795,10779,304,8,100,False,0,car,0 days 00:36:00.382000,0 days 01:32:57.477000
2024-06-23 13:39:15.155,10790,305,8,100,False,0,car,0 days 00:36:00.742000,0 days 01:32:57.837000
2024-06-23 13:39:15.475,10817,304,8,100,False,0,car,0 days 00:36:01.062000,0 days 01:32:58.157000
2024-06-23 13:39:15.754,10830,304,8,100,False,0,car,0 days 00:36:01.341000,0 days 01:32:58.436000
2024-06-23 13:39:16.074,10822,305,8,100,False,0,car,0 days 00:36:01.661000,0 days 01:32:58.756000
2024-06-23 13:39:16.434,10843,305,8,100,False,0,car,0 days 00:36:02.021000,0 days 01:32:59.116000
2024-06-23 13:39:16.754,10753,302,8,100,False,0,car,0 days 00:36:02.341000,0 days 01:32:59.436000
2024-06-23 13:39:16.994,10693,301,8,100,False,0,car,0 days 00:36:02.581000,0 days 01:32:59.676000
2024-06-23 13:39:17.434,10333,297,8,0,True,0,car,0 days 00:36:03.021000,0 days 01:33:00.116000
2024-06-23 13:39:17.794,9194,264,8,0,True,0,car,0 days 00:36:03.381000,0 days 01:33:00.476000
2024-06-23 13:39:17.954,9436,250,8,0,True,0,car,0 days 00:36:03.541000,0 days 01:33:00.636000
2024-06-23 13:39:18.194,8825,214,7,0,True,0,car,0 days 00:36:03.781000,0 days 01:33:00.876000
2024-06-23 13:39:18.474,9085,186,6,0,True,0,car,0 days 00:36:04.061000,0 days 01:33:01.156000
2024-06-23 13:39:18.714,8908,178,6,0,True,0,car,0 days 00:36:04.301000,0 days 01:33:01.396000
2024-06-23 13:39:19.114,9587,157,4,0,True,0,car,0 days 00:36:04.701000,0 days 01:33:01.796000
2024-06-23 13:39:19.354,9249,150,4,0,True,0,car,0 days 00:36:04.941000,0 days 01:33:02.036000
2024-06-23 13:39:19.554,9040,145,4,0,True,0,car,0 days 00:36:05.141000,0 days 01:33:02.236000
2024-06-23 13:39:19.875,8768,140,4,0,False,0,car,0 days 00:36:05.462000,0 days 01:33:02.557000
2024-06-23 13:39:20.155,8768,138,4,0,False,0,car,0 days 00:36:05.742000,0 days 01:33:02.837000
2024-06-23 13:39:20.395,8868,137,4,48,False,0,car,0 days 00:36:05.982000,0 days 01:33:03.077000
2024-06-23 13:39:20.715,9048,140,4,61,False,0,car,0 days 00:36:06.302000,0 days 01:33:03.397000
2024-06-23 13:39:20.915,9426,143,4,67,False,0,car,0 days 00:36:06.502000,0 days 01:33:03.597000
2024-06-23 13:39:21.115,9607,147,4,69,False,0,car,0 days 00:36:06.702000,0 days 01:33:03.797000
2024-06-23 13:39:21.275,9762,153,4,75,False,0,car,0 days 00:36:06.862000,0 days 01:33:03.957000
2024-06-23 13:39:21.475,9520,160,4,61,False,0,car,0 days 00:36:07.062000,0 days 01:33:04.157000
2024-06-23 13:39:21.795,8779,162,5,56,False,0,car,0 days 00:36:07.382000,0 days 01:33:04.477000
2024-06-23 13:39:21.955,8899,163,5,58,False,0,car,0 days 00:36:07.542000,0 days 01:33:04.637000
2024-06-23 13:39:22.115,8899,165,5,58,False,0,car,0 days 00:36:07.702000,0 days 01:33:04.797000
2024-06-23 13:39:22.274,9086,167,5,71,False,0,car,0 days 00:36:07.861000,0 days 01:33:04.956000
2024-06-23 13:39:22.594,9386,172,5,76,False,0,car,0 days 00:36:08.181000,0 days 01:33:05.276000
2024-06-23 13:39:22.994,9846,180,5,83,False,0,car,0 days 00:36:08.581000,0 days 01:33:05.676000
2024-06-23 13:39:23.194,10033,184,5,85,False,0,car,0 days 00:36:08.781000,0 days 01:33:05.876000
2024-06-23 13:39:23.594,10601,195,5,100,False,0,car,0 days 00:36:09.181000,0 days 01:33:06.276000
2024-06-23 13:39:23.754,10832,202,5,100,False,0,car,0 days 00:36:09.341000,0 days 01:33:06.436000
2024-06-23 13:39:24.114,11279,210,5,90,False,0,car,0 days 00:36:09.701000,0 days 01:33:06.796000
2024-06-23 13:39:24.514,10255,217,5,78,False,0,car,0 days 00:36:10.101000,0 days 01:33:07.196000
2024-06-23 13:39:24.674,10025,219,6,72,False,0,car,0 days 00:36:10.261000,0 days 01:33:07.356000
2024-06-23 13:39:24.874,10051,218,6,63,False,0,car,0 days 00:36:10.461000,0 days 01:33:07.556000
2024-06-23 13:39:25.074,10063,220,6,61,False,0,car,0 days 00:36:10.661000,0 days 01:33:07.756000
2024-06-23 13:39:25.274,9681,220,6,0,False,0,car,0 days 00:36:10.861000,0 days 01:33:07.956000
2024-06-23 13:39:25.714,9644,210,6,22,False,0,car,0 days 00:36:11.301000,0 days 01:33:08.396000
2024-06-23 13:39:25.914,9490,206,6,42,False,0,car,0 days 00:36:11.501000,0 days 01:33:08.596000
2024-06-23 13:39:26.315,9519,205,6,71,False,0,car,0 days 00:36:11.902000,0 days 01:33:08.997000
2024-06-23 13:39:26.635,9723,208,6,81,False,0,car,0 days 00:36:12.222000,0 days 01:33:09.317000
2024-06-23 13:39:26.915,9826,211,6,84,False,0,car,0 days 00:36:12.502000,0 days 01:33:09.597000
2024-06-23 13:39:27.395,10259,218,6,100,False,0,car,0 days 00:36:12.982000,0 days 01:33:10.077000
2024-06-23 13:39:27.635,10537,225,6,100,False,0,car,0 days 00:36:13.222000,0 days 01:33:10.317000
2024-06-23 13:39:27.835,10678,228,6,100,False,0,car,0 days 00:36:13.422000,0 days 01:33:10.517000
2024-06-23 13:39:28.155,10966,236,6,100,False,0,car,0 days 00:36:13.742000,0 days 01:33:10.837000
2024-06-23 13:39:28.555,11226,242,6,100,False,0,car,0 days 00:36:14.142000,0 days 01:33:11.237000
2024-06-23 13:39:28.795,11226,245,6,100,False,0,car,0 days 00:36:14.382000,0 days 01:33:11.477000
2024-06-23 13:39:28.994,11458,248,6,100,False,0,car,0 days 00:36:14.581000,0 days 01:33:11.676000
2024-06-23 13:39:29.354,11663,255,6,100,False,0,car,0 days 00:36:14.941000,0 days 01:33:12.036000
2024-06-23 13:39:29.634,10935,257,6,100,False,0,car,0 days 00:36:15.221000,0 days 01:33:12.316000
2024-06-23 13:39:29.834,10396,260,7,100,False,0,car,0 days 00:36:15.421000,0 days 01:33:12.516000
2024-06-23 13:39:30.034,10536,263,7,100,False,0,car,0 days 00:36:15.621000,0 days 01:33:12.716000
2024-06-23 13:39:30.394,10707,266,7,100,False,0,car,0 days 00:36:15.981000,0 days 01:33:13.076000
2024-06-23 13:39:30.554,10778,269,7,100,False,0,car,0 days 00:36:16.141000,0 days 01:33:13.236000
2024-06-23 13:39:30.754,10858,271,7,100,False,0,car,0 days 00:36:16.341000,0 days 01:33:13.436000
2024-06-23 13:39:31.074,11007,274,7,100,False,0,car,0 days 00:36:16.661000,0 days 01:33:13.756000
2024-06-23 13:39:31.234,11066,276,7,100,False,0,car,0 days 00:36:16.821000,0 days 01:33:13.916000
2024-06-23 13:39:31.394,11078,278,7,100,False,0,car,0 days 00:36:16.981000,0 days 01:33:14.076000
2024-06-23 13:39:31.674,11131,278,7,100,False,0,car,0 days 00:36:17.261000,0 days 01:33:14.356000
2024-06-23 13:39:32.154,11129,279,7,100,False,0,car,0 days 00:36:17.741000,0 days 01:33:14.836000
2024-06-23 13:39:32.554,10199,257,7,0,True,0,car,0 days 00:36:18.141000,0 days 01:33:15.236000
2024-06-23 13:39:32.714,9687,257,7,0,True,0,car,0 days 00:36:18.301000,0 days 01:33:15.396000
2024-06-23 13:39:32.915,9268,221,7,0,True,0,car,0 days 00:36:18.502000,0 days 01:33:15.597000
2024-06-23 13:39:33.115,9115,202,7,0,True,0,car,0 days 00:36:18.702000,0 days 01:33:15.797000
2024-06-23 13:39:33.355,9478,182,6,0,True,0,car,0 days 00:36:18.942000,0 days 01:33:16.037000
2024-06-23 13:39:33.635,8983,167,5,0,True,0,car,0 days 00:36:19.222000,0 days 01:33:16.317000
2024-06-23 13:39:33.875,9830,161,5,0,True,0,car,0 days 00:36:19.462000,0 days 01:33:16.557000
2024-06-23 13:39:34.155,9528,156,4,0,True,0,car,0 days 00:36:19.742000,0 days 01:33:16.837000
2024-06-23 13:39:34.355,9173,148,4,0,True,0,car,0 days 00:36:19.942000,0 days 01:33:17.037000
2024-06-23 13:39:34.755,8765,140,4,0,True,0,car,0 days 00:36:20.342000,0 days 01:33:17.437000
2024-06-23 13:39:34.955,8455,140,4,0,False,0,car,0 days 00:36:20.542000,0 days 01:33:17.637000
2024-06-23 13:39:35.195,8415,134,4,0,False,0,car,0 days 00:36:20.782000,0 days 01:33:17.877000
2024-06-23 13:39:35.475,8327,130,4,19,False,0,car,0 days 00:36:21.062000,0 days 01:33:18.157000
2024-06-23 13:39:35.834,8422,131,4,51,False,0,car,0 days 00:36:21.421000,0 days 01:33:18.516000
2024-06-23 13:39:36.034,8599,132,4,53,False,0,car,0 days 00:36:21.621000,0 days 01:33:18.716000
2024-06-23 13:39:36.354,8957,139,4,62,False,0,car,0 days 00:36:21.941000,0 days 01:33:19.036000
2024-06-23 13:39:36.594,9230,143,4,68,False,0,car,0 days 00:36:22.181000,0 days 01:33:19.276000
2024-06-23 13:39:37.314,10512,161,4,84,False,0,car,0 days 00:36:22.901000,0 days 01:33:19.996000
2024-06-23 13:39:37.514,10834,167,4,92,False,0,car,0 days 00:36:23.101000,0 days 01:33:20.196000
2024-06-23 13:39:37.714,11128,174,4,94,False,0,car,0 days 00:36:23.301000,0 days 01:33:20.396000
2024-06-23 13:39:37.994,10237,184,4,100,False,0,car,0 days 00:36:23.581000,0 days 01:33:20.676000
2024-06-23 13:39:38.314,10490,190,5,100,False,0,car,0 days 00:36:23.901000,0 days 01:33:20.996000
2024-06-23 13:39:38.714,11047,202,5,100,False,0,car,0 days 00:36:24.301000,0 days 01:33:21.396000
2024-06-23 13:39:39.034,11503,216,5,100,False,0,car,0 days 00:36:24.621000,0 days 01:33:21.716000
2024-06-23 13:39:39.194,11635,218,5,100,False,0,car,0 days 00:36:24.781000,0 days 01:33:21.876000
2024-06-23 13:39:39.475,11426,224,5,100,False,0,car,0 days 00:36:25.062000,0 days 01:33:22.157000
2024-06-23 13:39:39.635,10586,229,5,100,False,0,car,0 days 00:36:25.222000,0 days 01:33:22.317000
2024-06-23 13:39:39.915,10644,232,6,100,False,0,car,0 days 00:36:25.502000,0 days 01:33:22.597000
2024-06-23 13:39:40.115,10762,235,6,100,False,0,car,0 days 00:36:25.702000,0 days 01:33:22.797000
2024-06-23 13:39:40.355,10892,237,6,100,False,0,car,0 days 00:36:25.942000,0 days 01:33:23.037000
2024-06-23 13:39:40.595,10901,238,6,90,True,0,car,0 days 00:36:26.182000,0 days 01:33:23.277000
2024-06-23 13:39:40.795,10369,227,6,0,True,0,car,0 days 00:36:26.382000,0 days 01:33:23.477000
2024-06-23 13:39:40.955,9716,206,6,0,True,0,car,0 days 00:36:26.542000,0 days 01:33:23.637000
2024-06-23 13:39:41.315,9147,177,6,0,True,0,car,0 days 00:36:26.902000,0 days 01:33:23.997000
2024-06-23 13:39:41.595,9367,154,5,0,True,0,car,0 days 00:36:27.182000,0 days 01:33:24.277000
2024-06-23 13:39:41.755,9340,144,5,0,True,0,car,0 days 00:36:27.342000,0 days 01:33:24.437000
2024-06-23 13:39:42.235,8962,125,3,0,True,0,car,0 days 00:36:27.822000,0 days 01:33:24.917000
2024-06-23 13:39:42.395,8764,122,3,0,True,0,car,0 days 00:36:27.982000,0 days 01:33:25.077000
2024-06-23 13:39:42.594,8327,116,3,0,True,0,car,0 days 00:36:28.181000,0 days 01:33:25.276000
2024-06-23 13:39:42.834,7874,108,3,0,True,0,car,0 days 00:36:28.421000,0 days 01:33:25.516000
2024-06-23 13:39:43.034,7617,105,3,0,True,0,car,0 days 00:36:28.621000,0 days 01:33:25.716000
2024-06-23 13:39:43.354,7313,99,3,0,True,0,car,0 days 00:36:28.941000,0 days 01:33:26.036000
2024-06-23 13:39:43.674,7094,96,3,0,True,0,car,0 days 00:36:29.261000,0 days 01:33:26.356000
2024-06-23 13:39:43.954,6884,93,3,2,False,0,car,0 days 00:36:29.541000,0 days 01:33:26.636000
2024-06-23 13:39:44.154,7233,94,3,34,False,0,car,0 days 00:36:29.741000,0 days 01:33:26.836000
2024-06-23 13:39:44.354,7373,96,3,37,False,0,car,0 days 00:36:29.941000,0 days 01:33:27.036000
2024-06-23 13:39:44.514,7474,97,3,39,False,0,car,0 days 00:36:30.101000,0 days 01:33:27.196000
2024-06-23 13:39:44.874,7973,103,3,47,False,0,car,0 days 00:36:30.461000,0 days 01:33:27.556000
2024-06-23 13:39:45.034,8314,106,3,51,False,0,car,0 days 00:36:30.621000,0 days 01:33:27.716000
2024-06-23 13:39:45.274,8821,113,3,62,False,0,car,0 days 00:36:30.861000,0 days 01:33:27.956000
2024-06-23 13:39:45.434,9134,120,3,65,False,0,car,0 days 00:36:31.021000,0 days 01:33:28.116000
2024-06-23 13:39:45.714,8421,127,3,74,False,0,car,0 days 00:36:31.301000,0 days 01:33:28.396000
2024-06-23 13:39:45.955,9216,141,4,88,False,0,car,0 days 00:36:31.542000,0 days 01:33:28.637000
2024-06-23 13:39:46.275,10022,149,4,100,False,0,car,0 days 00:36:31.862000,0 days 01:33:28.957000
2024-06-23 13:39:46.435,10576,163,4,100,False,0,car,0 days 00:36:32.022000,0 days 01:33:29.117000
2024-06-23 13:39:46.795,11038,177,4,100,False,0,car,0 days 00:36:32.382000,0 days 01:33:29.477000
2024-06-23 13:39:47.035,10744,188,4,100,False,0,car,0 days 00:36:32.622000,0 days 01:33:29.717000
2024-06-23 13:39:47.355,10653,199,5,100,False,0,car,0 days 00:36:32.942000,0 days 01:33:30.037000
2024-06-23 13:39:47.675,10958,209,5,100,False,0,car,0 days 00:36:33.262000,0 days 01:33:30.357000
2024-06-23 13:39:47.915,11453,215,5,100,False,0,car,0 days 00:36:33.502000,0 days 01:33:30.597000
2024-06-23 13:39:48.275,10867,226,5,100,False,0,car,0 days 00:36:33.862000,0 days 01:33:30.957000
2024-06-23 13:39:48.435,10487,230,5,100,False,0,car,0 days 00:36:34.022000,0 days 01:33:31.117000
2024-06-23 13:39:48.675,10602,235,6,100,False,0,car,0 days 00:36:34.262000,0 days 01:33:31.357000
2024-06-23 13:39:49.354,11270,247,6,100,False,0,car,0 days 00:36:34.941000,0 days 01:33:32.036000
2024-06-23 13:39:49.634,11416,250,6,100,False,0,car,0 days 00:36:35.221000,0 days 01:33:32.316000
2024-06-23 13:39:49.874,11470,251,6,100,False,0,car,0 days 00:36:35.461000,0 days 01:33:32.556000
2024-06-23 13:39:50.194,11424,250,6,0,True,0,car,0 days 00:36:35.781000,0 days 01:33:32.876000
2024-06-23 13:39:50.434,10076,212,6,0,True,0,car,0 days 00:36:36.021000,0 days 01:33:33.116000
2024-06-23 13:39:50.634,9364,193,6,0,True,0,car,0 days 00:36:36.221000,0 days 01:33:33.316000
2024-06-23 13:39:51.354,9242,151,4,0,True,0,car,0 days 00:36:36.941000,0 days 01:33:34.036000
2024-06-23 13:39:51.674,8910,145,4,0,True,0,car,0 days 00:36:37.261000,0 days 01:33:34.356000
2024-06-23 13:39:51.834,8767,140,4,0,True,0,car,0 days 00:36:37.421000,0 days 01:33:34.516000
2024-06-23 13:39:52.034,8568,140,4,0,False,0,car,0 days 00:36:37.621000,0 days 01:33:34.716000
2024-06-23 13:39:52.354,8478,134,4,5,False,0,car,0 days 00:36:37.941000,0 days 01:33:35.036000
2024-06-23 13:39:52.555,8410,131,4,20,False,0,car,0 days 00:36:38.142000,0 days 01:33:35.237000
2024-06-23 13:39:52.795,8345,132,4,36,False,0,car,0 days 00:36:38.382000,0 days 01:33:35.477000
2024-06-23 13:39:52.955,8626,133,4,48,False,0,car,0 days 00:36:38.542000,0 days 01:33:35.637000
2024-06-23 13:39:53.315,8979,137,4,63,False,0,car,0 days 00:36:38.902000,0 days 01:33:35.997000
2024-06-23 13:39:53.595,9797,145,4,73,False,0,car,0 days 00:36:39.182000,0 days 01:33:36.277000
2024-06-23 13:39:53.795,9992,148,4,83,False,0,car,0 days 00:36:39.382000,0 days 01:33:36.477000
2024-06-23 13:39:54.075,10678,164,4,98,False,0,car,0 days 00:36:39.662000,0 days 01:33:36.757000
2024-06-23 13:39:54.235,11312,167,4,96,False,0,car,0 days 00:36:39.822000,0 days 01:33:36.917000
2024-06-23 13:39:54.475,11156,177,4,100,False,0,car,0 days 00:36:40.062000,0 days 01:33:37.157000
2024-06-23 13:39:54.795,10022,187,5,100,False,0,car,0 days 00:36:40.382000,0 days 01:33:37.477000
2024-06-23 13:39:55.115,10646,197,5,100,False,0,car,0 days 00:36:40.702000,0 days 01:33:37.797000
2024-06-23 13:39:55.355,11032,203,5,100,False,0,car,0 days 00:36:40.942000,0 days 01:33:38.037000
2024-06-23 13:39:55.515,11214,203,5,100,False,0,car,0 days 00:36:41.102000,0 days 01:33:38.197000
2024-06-23 13:39:55.875,11690,219,5,100,False,0,car,0 days 00:36:41.462000,0 days 01:33:38.557000
2024-06-23 13:39:56.074,11392,221,5,100,False,0,car,0 days 00:36:41.661000,0 days 01:33:38.756000
2024-06-23 13:39:56.234,10272,225,5,100,False,0,car,0 days 00:36:41.821000,0 days 01:33:38.916000
2024-06-23 13:39:56.394,10693,230,6,100,False,0,car,0 days 00:36:41.981000,0 days 01:33:39.076000
2024-06-23 13:39:56.634,10783,234,6,100,False,0,car,0 days 00:36:42.221000,0 days 01:33:39.316000
2024-06-23 13:39:56.874,10908,238,6,100,False,0,car,0 days 00:36:42.461000,0 days 01:33:39.556000
2024-06-23 13:39:57.154,11005,241,6,99,False,0,car,0 days 00:36:42.741000,0 days 01:33:39.836000
2024-06-23 13:39:57.354,10878,242,6,39,False,0,car,0 days 00:36:42.941000,0 days 01:33:40.036000
2024-06-23 13:39:57.674,10601,235,6,14,False,0,car,0 days 00:36:43.261000,0 days 01:33:40.356000
2024-06-23 13:39:57.994,10720,228,6,48,False,0,car,0 days 00:36:43.581000,0 days 01:33:40.676000
2024-06-23 13:39:58.154,10461,227,6,59,False,0,car,0 days 00:36:43.741000,0 days 01:33:40.836000
2024-06-23 13:39:58.474,10287,225,6,55,False,0,car,0 days 00:36:44.061000,0 days 01:33:41.156000
2024-06-23 13:39:58.634,10338,221,6,60,False,0,car,0 days 00:36:44.221000,0 days 01:33:41.316000
2024-06-23 13:39:58.954,10368,224,6,78,False,0,car,0 days 00:36:44.541000,0 days 01:33:41.636000
2024-06-23 13:39:59.195,10431,224,6,77,False,0,car,0 days 00:36:44.782000,0 days 01:33:41.877000
2024-06-23 13:39:59.435,10649,228,6,100,False,0,car,0 days 00:36:45.022000,0 days 01:33:42.117000
2024-06-23 13:39:59.755,10720,232,6,94,False,0,car,0 days 00:36:45.342000,0 days 01:33:42.437000
2024-06-23 13:40:00.155,11008,239,6,100,False,0,car,0 days 00:36:45.742000,0 days 01:33:42.837000
2024-06-23 13:40:00.315,11102,242,6,100,False,0,car,0 days 00:36:45.902000,0 days 01:33:42.997000
2024-06-23 13:40:00.475,11283,244,6,100,False,0,car,0 days 00:36:46.062000,0 days 01:33:43.157000
2024-06-23 13:40:00.715,11402,249,6,100,False,0,car,0 days 00:36:46.302000,0 days 01:33:43.397000
2024-06-23 13:40:00.875,11505,251,6,100,False,0,car,0 days 00:36:46.462000,0 days 01:33:43.557000
2024-06-23 13:40:01.235,11750,257,6,100,False,0,car,0 days 00:36:46.822000,0 days 01:33:43.917000
2024-06-23 13:40:01.435,11610,259,6,100,False,0,car,0 days 00:36:47.022000,0 days 01:33:44.117000
2024-06-23 13:40:01.635,10490,262,6,100,False,0,car,0 days 00:36:47.222000,0 days 01:33:44.317000
2024-06-23 13:40:01.835,10759,265,7,100,False,0,car,0 days 00:36:47.422000,0 days 01:33:44.517000
2024-06-23 13:40:02.075,10737,268,7,100,False,0,car,0 days 00:36:47.662000,0 days 01:33:44.757000
2024-06-23 13:40:02.435,10932,272,7,100,False,0,car,0 days 00:36:48.022000,0 days 01:33:45.117000
2024-06-23 13:40:02.674,10992,275,7,100,False,0,car,0 days 00:36:48.261000,0 days 01:33:45.356000
2024-06-23 13:40:02.994,11095,277,7,100,False,0,car,0 days 00:36:48.581000,0 days 01:33:45.676000
2024-06-23 13:40:03.354,11231,280,7,100,False,0,car,0 days 00:36:48.941000,0 days 01:33:46.036000
2024-06-23 13:40:03.514,11285,281,7,100,False,0,car,0 days 00:36:49.101000,0 days 01:33:46.196000
2024-06-23 13:40:03.674,11375,283,7,100,False,0,car,0 days 00:36:49.261000,0 days 01:33:46.356000
2024-06-23 13:40:03.834,11403,284,7,100,False,0,car,0 days 00:36:49.421000,0 days 01:33:46.516000
2024-06-23 13:40:03.994,11399,286,7,100,False,0,car,0 days 00:36:49.581000,0 days 01:33:46.676000
2024-06-23 13:40:04.354,11476,287,7,100,False,0,car,0 days 00:36:49.941000,0 days 01:33:47.036000
2024-06-23 13:40:04.514,11485,287,7,100,False,0,car,0 days 00:36:50.101000,0 days 01:33:47.196000
2024-06-23 13:40:04.674,11762,287,7,0,False,0,car,0 days 00:36:50.261000,0 days 01:33:47.356000
2024-06-23 13:40:04.834,11894,287,7,0,False,0,car,0 days 00:36:50.421000,0 days 01:33:47.516000
2024-06-23 13:40:05.034,10802,263,7,0,True,0,car,0 days 00:36:50.621000,0 days 01:33:47.716000
2024-06-23 13:40:05.394,9070,230,7,0,True,0,car,0 days 00:36:50.981000,0 days 01:33:48.076000
2024-06-23 13:40:05.594,9102,220,7,0,True,0,car,0 days 00:36:51.181000,0 days 01:33:48.276000
2024-06-23 13:40:06.035,9112,169,6,0,True,0,car,0 days 00:36:51.622000,0 days 01:33:48.717000
2024-06-23 13:40:06.315,9331,156,5,0,True,0,car,0 days 00:36:51.902000,0 days 01:33:48.997000
2024-06-23 13:40:06.635,8417,136,4,0,True,0,car,0 days 00:36:52.222000,0 days 01:33:49.317000
2024-06-23 13:40:06.795,8062,133,4,0,True,0,car,0 days 00:36:52.382000,0 days 01:33:49.477000
2024-06-23 13:40:06.995,7900,129,4,0,True,0,car,0 days 00:36:52.582000,0 days 01:33:49.677000
2024-06-23 13:40:07.235,8531,118,4,0,True,0,car,0 days 00:36:52.822000,0 days 01:33:49.917000
2024-06-23 13:40:07.435,8371,118,3,0,True,0,car,0 days 00:36:53.022000,0 days 01:33:50.117000
2024-06-23 13:40:07.715,8175,111,3,0,False,0,car,0 days 00:36:53.302000,0 days 01:33:50.397000
2024-06-23 13:40:08.115,8019,108,3,0,False,0,car,0 days 00:36:53.702000,0 days 01:33:50.797000
2024-06-23 13:40:08.275,7865,106,3,0,False,0,car,0 days 00:36:53.862000,0 days 01:33:50.957000
2024-06-23 13:40:08.435,7805,104,3,0,False,0,car,0 days 00:36:54.022000,0 days 01:33:51.117000
2024-06-23 13:40:08.595,7805,104,3,6,False,0,car,0 days 00:36:54.182000,0 days 01:33:51.277000
2024-06-23 13:40:08.915,7743,102,3,16,False,0,car,0 days 00:36:54.502000,0 days 01:33:51.597000
2024-06-23 13:40:09.115,7746,101,3,25,False,0,car,0 days 00:36:54.702000,0 days 01:33:51.797000
2024-06-23 13:40:09.554,8112,105,3,42,False,0,car,0 days 00:36:55.141000,0 days 01:33:52.236000
2024-06-23 13:40:09.754,8271,108,3,46,False,0,car,0 days 00:36:55.341000,0 days 01:33:52.436000
2024-06-23 13:40:09.914,8438,110,3,48,False,0,car,0 days 00:36:55.501000,0 days 01:33:52.596000
2024-06-23 13:40:10.154,8389,113,3,53,False,0,car,0 days 00:36:55.741000,0 days 01:33:52.836000
2024-06-23 13:40:10.514,7893,120,4,60,False,0,car,0 days 00:36:56.101000,0 days 01:33:53.196000
2024-06-23 13:40:10.714,8170,127,4,62,False,0,car,0 days 00:36:56.301000,0 days 01:33:53.396000
2024-06-23 13:40:10.874,8565,132,4,68,False,0,car,0 days 00:36:56.461000,0 days 01:33:53.556000
2024-06-23 13:40:11.314,9307,141,4,76,False,0,car,0 days 00:36:56.901000,0 days 01:33:53.996000
2024-06-23 13:40:11.474,9817,150,4,82,False,0,car,0 days 00:36:57.061000,0 days 01:33:54.156000
2024-06-23 13:40:11.714,10021,158,4,85,False,0,car,0 days 00:36:57.301000,0 days 01:33:54.396000
2024-06-23 13:40:11.914,10659,165,4,87,False,0,car,0 days 00:36:57.501000,0 days 01:33:54.596000
2024-06-23 13:40:12.114,11191,172,4,98,False,0,car,0 days 00:36:57.701000,0 days 01:33:54.796000
2024-06-23 13:40:12.315,11525,178,4,100,False,0,car,0 days 00:36:57.902000,0 days 01:33:54.997000
2024-06-23 13:40:12.675,10212,191,5,100,False,0,car,0 days 00:36:58.262000,0 days 01:33:55.357000
2024-06-23 13:40:13.115,9981,189,5,0,True,0,car,0 days 00:36:58.702000,0 days 01:33:55.797000
2024-06-23 13:40:13.395,10305,171,5,0,True,0,car,0 days 00:36:58.982000,0 days 01:33:56.077000
2024-06-23 13:40:13.675,9795,156,4,0,True,0,car,0 days 00:36:59.262000,0 days 01:33:56.357000
2024-06-23 13:40:13.835,8991,148,4,0,True,0,car,0 days 00:36:59.422000,0 days 01:33:56.517000
2024-06-23 13:40:13.995,8805,145,4,0,True,0,car,0 days 00:36:59.582000,0 days 01:33:56.677000
2024-06-23 13:40:14.275,8343,136,4,0,True,0,car,0 days 00:36:59.862000,0 days 01:33:56.957000
2024-06-23 13:40:14.435,8203,131,4,0,True,0,car,0 days 00:37:00.022000,0 days 01:33:57.117000
2024-06-23 13:40:14.755,7677,124,4,0,True,0,car,0 days 00:37:00.342000,0 days 01:33:57.437000
2024-06-23 13:40:15.155,7512,120,4,0,False,0,car,0 days 00:37:00.742000,0 days 01:33:57.837000
2024-06-23 13:40:15.395,7300,118,4,0,False,0,car,0 days 00:37:00.982000,0 days 01:33:58.077000
2024-06-23 13:40:15.635,7170,115,4,0,False,0,car,0 days 00:37:01.222000,0 days 01:33:58.317000
2024-06-23 13:40:15.875,6957,113,4,0,False,0,car,0 days 00:37:01.462000,0 days 01:33:58.557000
2024-06-23 13:40:16.234,7166,111,4,29,False,0,car,0 days 00:37:01.821000,0 days 01:33:58.916000
2024-06-23 13:40:16.434,7220,112,4,36,False,0,car,0 days 00:37:02.021000,0 days 01:33:59.116000
2024-06-23 13:40:16.674,7365,115,4,40,False,0,car,0 days 00:37:02.261000,0 days 01:33:59.356000
2024-06-23 13:40:16.994,7561,118,4,42,False,0,car,0 days 00:37:02.581000,0 days 01:33:59.676000
2024-06-23 13:40:17.194,7889,120,4,49,False,0,car,0 days 00:37:02.781000,0 days 01:33:59.876000
2024-06-23 13:40:17.474,8131,125,4,54,False,0,car,0 days 00:37:03.061000,0 days 01:34:00.156000
2024-06-23 13:40:17.674,8366,129,4,58,False,0,car,0 days 00:37:03.261000,0 days 01:34:00.356000
2024-06-23 13:40:17.874,8694,134,4,63,False,0,car,0 days 00:37:03.461000,0 days 01:34:00.556000
2024-06-23 13:40:18.194,9037,141,4,69,False,0,car,0 days 00:37:03.781000,0 days 01:34:00.876000
2024-06-23 13:40:18.354,9676,147,4,80,False,0,car,0 days 00:37:03.941000,0 days 01:34:01.036000
2024-06-23 13:40:18.554,10179,155,4,88,False,0,car,0 days 00:37:04.141000,0 days 01:34:01.236000
2024-06-23 13:40:18.875,11006,167,4,100,False,0,car,0 days 00:37:04.462000,0 days 01:34:01.557000
2024-06-23 13:40:19.155,11450,179,4,100,False,0,car,0 days 00:37:04.742000,0 days 01:34:01.837000
2024-06-23 13:40:19.475,10715,187,4,100,False,0,car,0 days 00:37:05.062000,0 days 01:34:02.157000
2024-06-23 13:40:19.715,10808,198,5,100,False,0,car,0 days 00:37:05.302000,0 days 01:34:02.397000
2024-06-23 13:40:19.995,11123,207,5,100,False,0,car,0 days 00:37:05.582000,0 days 01:34:02.677000
2024-06-23 13:40:20.195,11511,213,5,100,False,0,car,0 days 00:37:05.782000,0 days 01:34:02.877000
2024-06-23 13:40:20.395,11683,218,5,100,False,0,car,0 days 00:37:05.982000,0 days 01:34:03.077000
2024-06-23 13:40:20.795,10522,226,6,92,False,0,car,0 days 00:37:06.382000,0 days 01:34:03.477000
2024-06-23 13:40:21.115,10809,230,6,92,False,0,car,0 days 00:37:06.702000,0 days 01:34:03.797000
2024-06-23 13:40:21.515,10978,236,6,78,False,0,car,0 days 00:37:07.102000,0 days 01:34:04.197000
2024-06-23 13:40:21.715,10649,236,6,59,False,0,car,0 days 00:37:07.302000,0 days 01:34:04.397000
2024-06-23 13:40:21.875,11073,237,6,98,False,0,car,0 days 00:37:07.462000,0 days 01:34:04.557000
2024-06-23 13:40:22.235,11199,242,6,100,False,0,car,0 days 00:37:07.822000,0 days 01:34:04.917000
2024-06-23 13:40:22.435,11207,245,6,100,False,0,car,0 days 00:37:08.022000,0 days 01:34:05.117000
2024-06-23 13:40:22.635,11330,245,6,100,False,0,car,0 days 00:37:08.222000,0 days 01:34:05.317000
2024-06-23 13:40:22.954,11552,252,6,100,False,0,car,0 days 00:37:08.541000,0 days 01:34:05.636000
2024-06-23 13:40:23.154,11646,254,6,100,False,0,car,0 days 00:37:08.741000,0 days 01:34:05.836000
2024-06-23 13:40:23.354,11722,255,6,100,False,0,car,0 days 00:37:08.941000,0 days 01:34:06.036000
2024-06-23 13:40:23.554,10848,258,6,100,False,0,car,0 days 00:37:09.141000,0 days 01:34:06.236000
2024-06-23 13:40:23.874,10554,259,7,100,False,0,car,0 days 00:37:09.461000,0 days 01:34:06.556000
2024-06-23 13:40:24.114,10424,259,7,100,False,0,car,0 days 00:37:09.701000,0 days 01:34:06.796000
2024-06-23 13:40:24.394,9848,249,7,0,True,0,car,0 days 00:37:09.981000,0 days 01:34:07.076000
2024-06-23 13:40:24.674,10632,240,7,0,False,0,car,0 days 00:37:10.261000,0 days 01:34:07.356000
2024-06-23 13:40:25.034,10644,229,6,42,False,0,car,0 days 00:37:10.621000,0 days 01:34:07.716000
2024-06-23 13:40:25.354,10504,227,6,75,False,0,car,0 days 00:37:10.941000,0 days 01:34:08.036000
2024-06-23 13:40:25.555,10580,231,6,80,False,0,car,0 days 00:37:11.142000,0 days 01:34:08.237000
2024-06-23 13:40:25.755,10680,231,6,78,False,0,car,0 days 00:37:11.342000,0 days 01:34:08.437000
2024-06-23 13:40:25.915,10739,230,6,90,False,0,car,0 days 00:37:11.502000,0 days 01:34:08.597000
2024-06-23 13:40:26.075,10777,234,6,100,False,0,car,0 days 00:37:11.662000,0 days 01:34:08.757000
2024-06-23 13:40:26.315,10978,238,6,100,False,0,car,0 days 00:37:11.902000,0 days 01:34:08.997000
2024-06-23 13:40:26.675,11239,242,6,100,False,0,car,0 days 00:37:12.262000,0 days 01:34:09.357000
2024-06-23 13:40:27.355,11534,251,6,100,False,0,car,0 days 00:37:12.942000,0 days 01:34:10.037000
2024-06-23 13:40:27.555,11627,253,6,100,False,0,car,0 days 00:37:13.142000,0 days 01:34:10.237000
2024-06-23 13:40:27.875,11358,258,6,100,False,0,car,0 days 00:37:13.462000,0 days 01:34:10.557000
2024-06-23 13:40:28.115,10787,261,6,100,False,0,car,0 days 00:37:13.702000,0 days 01:34:10.797000
2024-06-23 13:40:28.315,10413,262,7,100,False,0,car,0 days 00:37:13.902000,0 days 01:34:10.997000
2024-06-23 13:40:28.675,10693,267,7,100,False,0,car,0 days 00:37:14.262000,0 days 01:34:11.357000
2024-06-23 13:40:28.835,10784,268,7,100,False,0,car,0 days 00:37:14.422000,0 days 01:34:11.517000
2024-06-23 13:40:29.115,10858,272,7,100,False,0,car,0 days 00:37:14.702000,0 days 01:34:11.797000
2024-06-23 13:40:29.475,11040,275,7,100,False,0,car,0 days 00:37:15.062000,0 days 01:34:12.157000
2024-06-23 13:40:29.634,11095,277,7,100,False,0,car,0 days 00:37:15.221000,0 days 01:34:12.316000
2024-06-23 13:40:29.914,11095,279,7,100,False,0,car,0 days 00:37:15.501000,0 days 01:34:12.596000
2024-06-23 13:40:30.314,11299,282,7,100,False,0,car,0 days 00:37:15.901000,0 days 01:34:12.996000
2024-06-23 13:40:30.474,11378,283,7,100,False,0,car,0 days 00:37:16.061000,0 days 01:34:13.156000
2024-06-23 13:40:30.914,11476,286,7,100,False,0,car,0 days 00:37:16.501000,0 days 01:34:13.596000
2024-06-23 13:40:31.234,11581,289,7,100,False,0,car,0 days 00:37:16.821000,0 days 01:34:13.916000
2024-06-23 13:40:31.474,11648,290,7,100,False,0,car,0 days 00:37:17.061000,0 days 01:34:14.156000
2024-06-23 13:40:31.794,11697,293,7,100,False,0,car,0 days 00:37:17.381000,0 days 01:34:14.476000
2024-06-23 13:40:32.235,10524,295,8,100,False,0,car,0 days 00:37:17.822000,0 days 01:34:14.917000
2024-06-23 13:40:32.515,10509,295,8,100,False,0,car,0 days 00:37:18.102000,0 days 01:34:15.197000
2024-06-23 13:40:32.835,10514,297,8,100,False,0,car,0 days 00:37:18.422000,0 days 01:34:15.517000
2024-06-23 13:40:33.115,10583,297,8,100,False,0,car,0 days 00:37:18.702000,0 days 01:34:15.797000
2024-06-23 13:40:33.435,10616,298,8,100,False,0,car,0 days 00:37:19.022000,0 days 01:34:16.117000
2024-06-23 13:40:33.635,10668,299,8,100,False,0,car,0 days 00:37:19.222000,0 days 01:34:16.317000
2024-06-23 13:40:34.075,10643,300,8,100,False,0,car,0 days 00:37:19.662000,0 days 01:34:16.757000
2024-06-23 13:40:34.235,10650,299,8,100,False,0,car,0 days 00:37:19.822000,0 days 01:34:16.917000
2024-06-23 13:40:34.515,10707,300,8,100,False,0,car,0 days 00:37:20.102000,0 days 01:34:17.197000
2024-06-23 13:40:34.835,10697,301,8,100,False,0,car,0 days 00:37:20.422000,0 days 01:34:17.517000
2024-06-23 13:40:35.195,10690,301,8,100,False,0,car,0 days 00:37:20.782000,0 days 01:34:17.877000
2024-06-23 13:40:35.515,10704,301,8,100,False,0,car,0 days 00:37:21.102000,0 days 01:34:18.197000
2024-06-23 13:40:35.715,10707,301,8,100,False,0,car,0 days 00:37:21.302000,0 days 01:34:18.397000
2024-06-23 13:40:36.035,10720,302,8,100,False,0,car,0 days 00:37:21.622000,0 days 01:34:18.717000
2024-06-23 13:40:36.235,10726,302,8,100,False,0,car,0 days 00:37:21.822000,0 days 01:34:18.917000
2024-06-23 13:40:36.554,10699,301,8,100,False,0,car,0 days 00:37:22.141000,0 days 01:34:19.236000
2024-06-23 13:40:36.914,10744,302,8,100,False,0,car,0 days 00:37:22.501000,0 days 01:34:19.596000
2024-06-23 13:40:37.114,10716,302,8,100,False,0,car,0 days 00:37:22.701000,0 days 01:34:19.796000
2024-06-23 13:40:37.274,10723,301,8,100,False,0,car,0 days 00:37:22.861000,0 days 01:34:19.956000
2024-06-23 13:40:37.474,10692,301,8,100,False,0,car,0 days 00:37:23.061000,0 days 01:34:20.156000
2024-06-23 13:40:37.714,10696,302,8,100,False,0,car,0 days 00:37:23.301000,0 days 01:34:20.396000
2024-06-23 13:40:37.954,10686,301,8,100,False,0,car,0 days 00:37:23.541000,0 days 01:34:20.636000
2024-06-23 13:40:38.354,10570,298,8,85,False,0,car,0 days 00:37:23.941000,0 days 01:34:21.036000
2024-06-23 13:40:38.555,10386,293,8,0,False,0,car,0 days 00:37:24.142000,0 days 01:34:21.237000
2024-06-23 13:40:38.755,10039,282,8,0,True,0,car,0 days 00:37:24.342000,0 days 01:34:21.437000
2024-06-23 13:40:38.915,9481,272,8,0,True,0,car,0 days 00:37:24.502000,0 days 01:34:21.597000
2024-06-23 13:40:39.195,9057,233,8,0,True,0,car,0 days 00:37:24.782000,0 days 01:34:21.877000
2024-06-23 13:40:39.595,8717,194,8,0,True,0,car,0 days 00:37:25.182000,0 days 01:34:22.277000
2024-06-23 13:40:39.875,9033,175,6,0,True,0,car,0 days 00:37:25.462000,0 days 01:34:22.557000
2024-06-23 13:40:40.155,9026,162,6,0,True,0,car,0 days 00:37:25.742000,0 days 01:34:22.837000
2024-06-23 13:40:40.515,9464,154,4,0,True,0,car,0 days 00:37:26.102000,0 days 01:34:23.197000
2024-06-23 13:40:40.875,9055,145,4,0,True,0,car,0 days 00:37:26.462000,0 days 01:34:23.557000
2024-06-23 13:40:41.315,8639,138,4,5,False,0,car,0 days 00:37:26.902000,0 days 01:34:23.997000
2024-06-23 13:40:41.515,8512,137,4,37,False,0,car,0 days 00:37:27.102000,0 days 01:34:24.197000
2024-06-23 13:40:41.915,8887,138,4,57,False,0,car,0 days 00:37:27.502000,0 days 01:34:24.597000
2024-06-23 13:40:42.155,9298,143,4,68,False,0,car,0 days 00:37:27.742000,0 days 01:34:24.837000
2024-06-23 13:40:42.515,9787,151,4,77,False,0,car,0 days 00:37:28.102000,0 days 01:34:25.197000
2024-06-23 13:40:42.715,9106,158,4,68,False,0,car,0 days 00:37:28.302000,0 days 01:34:25.397000
2024-06-23 13:40:42.915,8731,161,4,61,False,0,car,0 days 00:37:28.502000,0 days 01:34:25.597000
2024-06-23 13:40:43.074,8780,163,5,61,False,0,car,0 days 00:37:28.661000,0 days 01:34:25.756000
2024-06-23 13:40:43.394,9030,166,5,63,False,0,car,0 days 00:37:28.981000,0 days 01:34:26.076000
2024-06-23 13:40:43.554,9078,169,5,63,False,0,car,0 days 00:37:29.141000,0 days 01:34:26.236000
2024-06-23 13:40:43.794,9242,171,5,67,False,0,car,0 days 00:37:29.381000,0 days 01:34:26.476000
2024-06-23 13:40:43.954,9456,173,5,74,False,0,car,0 days 00:37:29.541000,0 days 01:34:26.636000
2024-06-23 13:40:44.354,9808,177,5,82,False,0,car,0 days 00:37:29.941000,0 days 01:34:27.036000
2024-06-23 13:40:44.554,10103,185,5,94,False,0,car,0 days 00:37:30.141000,0 days 01:34:27.236000
2024-06-23 13:40:44.714,10268,188,5,100,False,0,car,0 days 00:37:30.301000,0 days 01:34:27.396000
2024-06-23 13:40:44.874,10530,195,5,100,False,0,car,0 days 00:37:30.461000,0 days 01:34:27.556000
2024-06-23 13:40:45.115,10787,201,5,100,False,0,car,0 days 00:37:30.702000,0 days 01:34:27.797000
2024-06-23 13:40:45.395,11090,210,5,100,False,0,car,0 days 00:37:30.982000,0 days 01:34:28.077000
2024-06-23 13:40:45.755,9871,215,5,60,False,0,car,0 days 00:37:31.342000,0 days 01:34:28.437000
2024-06-23 13:40:46.075,9735,212,6,37,False,0,car,0 days 00:37:31.662000,0 days 01:34:28.757000
2024-06-23 13:40:46.235,9648,210,6,38,False,0,car,0 days 00:37:31.822000,0 days 01:34:28.917000
2024-06-23 13:40:46.595,9499,207,6,59,False,0,car,0 days 00:37:32.182000,0 days 01:34:29.277000
2024-06-23 13:40:46.835,9529,207,6,61,False,0,car,0 days 00:37:32.422000,0 days 01:34:29.517000
2024-06-23 13:40:47.115,9564,207,6,64,False,0,car,0 days 00:37:32.702000,0 days 01:34:29.797000
2024-06-23 13:40:47.355,9586,206,6,67,False,0,car,0 days 00:37:32.942000,0 days 01:34:30.037000
2024-06-23 13:40:47.555,9712,209,6,71,False,0,car,0 days 00:37:33.142000,0 days 01:34:30.237000
2024-06-23 13:40:47.915,9750,211,6,72,False,0,car,0 days 00:37:33.502000,0 days 01:34:30.597000
2024-06-23 13:40:48.115,9837,212,6,76,False,0,car,0 days 00:37:33.702000,0 days 01:34:30.797000
2024-06-23 13:40:48.315,9985,214,6,81,False,0,car,0 days 00:37:33.902000,0 days 01:34:30.997000
2024-06-23 13:40:48.595,10122,217,6,83,False,0,car,0 days 00:37:34.182000,0 days 01:34:31.277000
2024-06-23 13:40:48.795,10308,220,6,90,False,0,car,0 days 00:37:34.382000,0 days 01:34:31.477000
2024-06-23 13:40:49.035,10491,226,6,97,False,0,car,0 days 00:37:34.622000,0 days 01:34:31.717000
2024-06-23 13:40:49.395,10604,233,6,100,False,0,car,0 days 00:37:34.982000,0 days 01:34:32.077000
2024-06-23 13:40:49.555,10950,236,6,100,False,0,car,0 days 00:37:35.142000,0 days 01:34:32.237000
2024-06-23 13:40:49.755,11064,240,6,100,False,0,car,0 days 00:37:35.342000,0 days 01:34:32.437000
2024-06-23 13:40:50.154,11319,245,6,100,False,0,car,0 days 00:37:35.741000,0 days 01:34:32.836000
2024-06-23 13:40:50.314,11382,248,6,100,False,0,car,0 days 00:37:35.901000,0 days 01:34:32.996000
2024-06-23 13:40:50.554,11569,251,6,100,False,0,car,0 days 00:37:36.141000,0 days 01:34:33.236000
2024-06-23 13:40:51.434,10571,263,7,100,False,0,car,0 days 00:37:37.021000,0 days 01:34:34.116000
2024-06-23 13:40:51.835,10758,269,7,100,False,0,car,0 days 00:37:37.422000,0 days 01:34:34.517000
2024-06-23 13:40:52.115,10835,271,7,100,False,0,car,0 days 00:37:37.702000,0 days 01:34:34.797000
2024-06-23 13:40:52.515,10999,275,7,100,False,0,car,0 days 00:37:38.102000,0 days 01:34:35.197000
2024-06-23 13:40:52.795,11109,278,7,100,False,0,car,0 days 00:37:38.382000,0 days 01:34:35.477000
2024-06-23 13:40:52.955,11159,279,7,100,False,0,car,0 days 00:37:38.542000,0 days 01:34:35.637000
2024-06-23 13:40:53.235,11195,279,7,100,False,0,car,0 days 00:37:38.822000,0 days 01:34:35.917000
2024-06-23 13:40:53.715,11404,278,7,0,True,0,car,0 days 00:37:39.302000,0 days 01:34:36.397000
2024-06-23 13:40:54.155,9926,222,7,0,True,0,car,0 days 00:37:39.742000,0 days 01:34:36.837000
2024-06-23 13:40:54.435,9291,196,6,0,True,0,car,0 days 00:37:40.022000,0 days 01:34:37.117000
2024-06-23 13:40:54.755,9253,178,5,0,True,0,car,0 days 00:37:40.342000,0 days 01:34:37.437000
2024-06-23 13:40:54.955,9925,170,5,0,True,0,car,0 days 00:37:40.542000,0 days 01:34:37.637000
2024-06-23 13:40:55.275,9681,160,4,0,True,0,car,0 days 00:37:40.862000,0 days 01:34:37.957000
2024-06-23 13:40:55.475,9281,152,4,0,True,0,car,0 days 00:37:41.062000,0 days 01:34:38.157000
2024-06-23 13:40:55.635,9028,150,4,0,True,0,car,0 days 00:37:41.222000,0 days 01:34:38.317000
2024-06-23 13:40:55.955,8654,140,4,0,True,0,car,0 days 00:37:41.542000,0 days 01:34:38.637000
2024-06-23 13:40:56.195,8563,137,4,0,False,0,car,0 days 00:37:41.782000,0 days 01:34:38.877000
2024-06-23 13:40:56.435,8367,134,4,0,False,0,car,0 days 00:37:42.022000,0 days 01:34:39.117000
2024-06-23 13:40:56.794,8264,130,4,31,False,0,car,0 days 00:37:42.381000,0 days 01:34:39.476000
2024-06-23 13:40:57.154,8423,131,4,50,False,0,car,0 days 00:37:42.741000,0 days 01:34:39.836000
2024-06-23 13:40:57.514,8642,135,4,55,False,0,car,0 days 00:37:43.101000,0 days 01:34:40.196000
2024-06-23 13:40:57.794,8900,139,4,61,False,0,car,0 days 00:37:43.381000,0 days 01:34:40.476000
2024-06-23 13:40:58.154,9518,147,4,72,False,0,car,0 days 00:37:43.741000,0 days 01:34:40.836000
2024-06-23 13:40:58.435,9828,155,4,77,False,0,car,0 days 00:37:44.022000,0 days 01:34:41.117000
2024-06-23 13:40:58.595,10217,159,4,82,False,0,car,0 days 00:37:44.182000,0 days 01:34:41.277000
2024-06-23 13:40:58.835,10680,165,4,91,False,0,car,0 days 00:37:44.422000,0 days 01:34:41.517000
2024-06-23 13:40:59.195,10859,179,4,100,False,0,car,0 days 00:37:44.782000,0 days 01:34:41.877000
2024-06-23 13:40:59.675,10482,191,5,100,False,0,car,0 days 00:37:45.262000,0 days 01:34:42.357000
2024-06-23 13:40:59.875,10825,200,5,100,False,0,car,0 days 00:37:45.462000,0 days 01:34:42.557000
2024-06-23 13:41:00.155,11168,208,5,100,False,0,car,0 days 00:37:45.742000,0 days 01:34:42.837000
2024-06-23 13:41:00.515,11503,215,5,100,False,0,car,0 days 00:37:46.102000,0 days 01:34:43.197000
2024-06-23 13:41:00.875,11457,225,5,100,False,0,car,0 days 00:37:46.462000,0 days 01:34:43.557000
2024-06-23 13:41:01.155,10514,231,6,100,False,0,car,0 days 00:37:46.742000,0 days 01:34:43.837000
2024-06-23 13:41:01.435,10694,236,6,100,False,0,car,0 days 00:37:47.022000,0 days 01:34:44.117000
2024-06-23 13:41:01.755,10893,237,6,100,False,0,car,0 days 00:37:47.342000,0 days 01:34:44.437000
2024-06-23 13:41:02.155,10827,220,6,0,True,0,car,0 days 00:37:47.742000,0 days 01:34:44.837000
2024-06-23 13:41:02.395,9567,220,6,0,True,0,car,0 days 00:37:47.982000,0 days 01:34:45.077000
2024-06-23 13:41:02.595,9396,188,6,0,True,0,car,0 days 00:37:48.182000,0 days 01:34:45.277000
2024-06-23 13:41:02.755,9245,170,6,0,True,0,car,0 days 00:37:48.342000,0 days 01:34:45.437000
2024-06-23 13:41:03.035,9115,145,5,0,True,0,car,0 days 00:37:48.622000,0 days 01:34:45.717000
2024-06-23 13:41:03.314,9677,136,4,0,True,0,car,0 days 00:37:48.901000,0 days 01:34:45.996000
2024-06-23 13:41:03.594,8920,126,3,0,True,0,car,0 days 00:37:49.181000,0 days 01:34:46.276000
2024-06-23 13:41:03.794,8603,122,3,0,True,0,car,0 days 00:37:49.381000,0 days 01:34:46.476000
2024-06-23 13:41:03.954,8229,113,3,0,True,0,car,0 days 00:37:49.541000,0 days 01:34:46.636000
2024-06-23 13:41:04.154,7933,108,3,0,True,0,car,0 days 00:37:49.741000,0 days 01:34:46.836000
2024-06-23 13:41:04.434,7569,102,3,0,True,0,car,0 days 00:37:50.021000,0 days 01:34:47.116000
2024-06-23 13:41:04.594,7386,101,3,0,True,0,car,0 days 00:37:50.181000,0 days 01:34:47.276000
2024-06-23 13:41:04.835,7144,96,3,0,True,0,car,0 days 00:37:50.422000,0 days 01:34:47.517000
2024-06-23 13:41:05.275,7170,93,3,15,False,0,car,0 days 00:37:50.862000,0 days 01:34:47.957000
2024-06-23 13:41:05.675,7262,95,3,38,False,0,car,0 days 00:37:51.262000,0 days 01:34:48.357000
2024-06-23 13:41:05.995,7728,100,3,46,False,0,car,0 days 00:37:51.582000,0 days 01:34:48.677000
2024-06-23 13:41:06.155,7951,104,3,50,False,0,car,0 days 00:37:51.742000,0 days 01:34:48.837000
2024-06-23 13:41:06.355,8434,109,3,58,False,0,car,0 days 00:37:51.942000,0 days 01:34:49.037000
2024-06-23 13:41:06.515,8700,112,3,61,False,0,car,0 days 00:37:52.102000,0 days 01:34:49.197000
2024-06-23 13:41:06.755,9450,121,3,72,False,0,car,0 days 00:37:52.342000,0 days 01:34:49.437000
2024-06-23 13:41:07.075,9929,134,3,80,False,0,car,0 days 00:37:52.662000,0 days 01:34:49.757000
2024-06-23 13:41:07.515,9916,148,4,100,False,0,car,0 days 00:37:53.102000,0 days 01:34:50.197000
2024-06-23 13:41:07.675,10546,156,4,100,False,0,car,0 days 00:37:53.262000,0 days 01:34:50.357000
2024-06-23 13:41:07.955,11123,174,4,100,False,0,car,0 days 00:37:53.542000,0 days 01:34:50.637000
2024-06-23 13:41:08.355,11205,191,4,100,False,0,car,0 days 00:37:53.942000,0 days 01:34:51.037000
2024-06-23 13:41:08.755,10758,204,5,100,False,0,car,0 days 00:37:54.342000,0 days 01:34:51.437000
2024-06-23 13:41:08.915,10913,208,5,100,False,0,car,0 days 00:37:54.502000,0 days 01:34:51.597000
2024-06-23 13:41:09.195,11531,216,5,100,False,0,car,0 days 00:37:54.782000,0 days 01:34:51.877000
2024-06-23 13:41:09.435,11804,225,5,100,False,0,car,0 days 00:37:55.022000,0 days 01:34:52.117000
2024-06-23 13:41:09.795,10627,231,6,100,False,0,car,0 days 00:37:55.382000,0 days 01:34:52.477000
2024-06-23 13:41:10.194,11036,240,6,100,False,0,car,0 days 00:37:55.781000,0 days 01:34:52.876000
2024-06-23 13:41:10.354,11169,243,6,100,False,0,car,0 days 00:37:55.941000,0 days 01:34:53.036000
2024-06-23 13:41:10.554,11320,247,6,100,False,0,car,0 days 00:37:56.141000,0 days 01:34:53.236000
2024-06-23 13:41:10.754,11331,249,6,100,False,0,car,0 days 00:37:56.341000,0 days 01:34:53.436000
2024-06-23 13:41:11.074,11509,251,6,100,False,0,car,0 days 00:37:56.661000,0 days 01:34:53.756000
2024-06-23 13:41:11.234,11484,252,6,100,False,0,car,0 days 00:37:56.821000,0 days 01:34:53.916000
2024-06-23 13:41:11.515,10924,238,6,0,True,0,car,0 days 00:37:57.102000,0 days 01:34:54.197000
2024-06-23 13:41:11.675,10150,220,6,0,True,0,car,0 days 00:37:57.262000,0 days 01:34:54.357000
2024-06-23 13:41:11.915,9671,201,6,0,True,0,car,0 days 00:37:57.502000,0 days 01:34:54.597000
2024-06-23 13:41:12.235,9124,169,5,0,True,0,car,0 days 00:37:57.822000,0 days 01:34:54.917000
2024-06-23 13:41:12.515,9964,160,5,0,True,0,car,0 days 00:37:58.102000,0 days 01:34:55.197000
2024-06-23 13:41:12.795,9197,149,4,0,True,0,car,0 days 00:37:58.382000,0 days 01:34:55.477000
2024-06-23 13:41:13.275,8704,139,4,0,True,0,car,0 days 00:37:58.862000,0 days 01:34:55.957000
2024-06-23 13:41:13.595,8517,137,4,0,False,0,car,0 days 00:37:59.182000,0 days 01:34:56.277000
2024-06-23 13:41:13.875,8079,132,4,22,False,0,car,0 days 00:37:59.462000,0 days 01:34:56.557000
2024-06-23 13:41:14.035,8357,131,4,30,False,0,car,0 days 00:37:59.622000,0 days 01:34:56.717000
2024-06-23 13:41:14.275,8470,131,4,45,False,0,car,0 days 00:37:59.862000,0 days 01:34:56.957000
2024-06-23 13:41:14.475,8605,134,4,54,False,0,car,0 days 00:38:00.062000,0 days 01:34:57.157000
2024-06-23 13:41:14.635,8714,137,4,59,False,0,car,0 days 00:38:00.222000,0 days 01:34:57.317000
2024-06-23 13:41:14.915,9415,143,4,78,False,0,car,0 days 00:38:00.502000,0 days 01:34:57.597000
2024-06-23 13:41:15.235,9929,158,4,87,False,0,car,0 days 00:38:00.822000,0 days 01:34:57.917000
2024-06-23 13:41:15.475,11172,165,4,93,False,0,car,0 days 00:38:01.062000,0 days 01:34:58.157000
2024-06-23 13:41:15.635,11172,169,4,93,False,0,car,0 days 00:38:01.222000,0 days 01:34:58.317000
2024-06-23 13:41:15.875,11439,180,4,100,False,0,car,0 days 00:38:01.462000,0 days 01:34:58.557000
2024-06-23 13:41:16.035,10739,186,4,100,False,0,car,0 days 00:38:01.622000,0 days 01:34:58.717000
2024-06-23 13:41:16.195,10255,189,5,100,False,0,car,0 days 00:38:01.782000,0 days 01:34:58.877000
2024-06-23 13:41:16.475,10716,199,5,100,False,0,car,0 days 00:38:02.062000,0 days 01:34:59.157000
2024-06-23 13:41:16.675,10966,204,5,100,False,0,car,0 days 00:38:02.262000,0 days 01:34:59.357000
2024-06-23 13:41:16.834,11155,210,5,100,False,0,car,0 days 00:38:02.421000,0 days 01:34:59.516000
2024-06-23 13:41:17.154,11638,218,5,100,False,0,car,0 days 00:38:02.741000,0 days 01:34:59.836000
2024-06-23 13:41:17.514,11324,225,5,100,False,0,car,0 days 00:38:03.101000,0 days 01:35:00.196000
2024-06-23 13:41:18.355,10961,240,6,100,False,0,car,0 days 00:38:03.942000,0 days 01:35:01.037000
2024-06-23 13:41:18.835,11135,237,6,23,False,0,car,0 days 00:38:04.422000,0 days 01:35:01.517000
2024-06-23 13:41:19.115,10670,232,6,7,False,0,car,0 days 00:38:04.702000,0 days 01:35:01.797000
2024-06-23 13:41:19.435,10407,227,6,46,False,0,car,0 days 00:38:05.022000,0 days 01:35:02.117000
2024-06-23 13:41:19.635,10359,224,6,51,False,0,car,0 days 00:38:05.222000,0 days 01:35:02.317000
2024-06-23 13:41:19.875,10219,222,6,55,False,0,car,0 days 00:38:05.462000,0 days 01:35:02.557000
2024-06-23 13:41:20.115,10209,221,6,69,False,0,car,0 days 00:38:05.702000,0 days 01:35:02.797000
2024-06-23 13:41:20.515,10302,222,6,85,False,0,car,0 days 00:38:06.102000,0 days 01:35:03.197000
2024-06-23 13:41:20.715,10495,226,6,100,False,0,car,0 days 00:38:06.302000,0 days 01:35:03.397000
2024-06-23 13:41:20.875,10622,228,6,100,False,0,car,0 days 00:38:06.462000,0 days 01:35:03.557000
2024-06-23 13:41:21.075,10763,231,6,100,False,0,car,0 days 00:38:06.662000,0 days 01:35:03.757000
2024-06-23 13:41:21.395,10924,235,6,100,False,0,car,0 days 00:38:06.982000,0 days 01:35:04.077000
2024-06-23 13:41:21.715,11143,241,6,100,False,0,car,0 days 00:38:07.302000,0 days 01:35:04.397000
2024-06-23 13:41:22.075,11427,247,6,100,False,0,car,0 days 00:38:07.662000,0 days 01:35:04.757000
2024-06-23 13:41:22.395,11621,252,6,100,False,0,car,0 days 00:38:07.982000,0 days 01:35:05.077000
2024-06-23 13:41:22.595,11746,255,6,100,False,0,car,0 days 00:38:08.182000,0 days 01:35:05.277000
2024-06-23 13:41:22.955,10378,262,7,100,False,0,car,0 days 00:38:08.542000,0 days 01:35:05.637000
2024-06-23 13:41:23.115,10612,262,7,100,False,0,car,0 days 00:38:08.702000,0 days 01:35:05.797000
2024-06-23 13:41:23.315,10705,266,7,100,False,0,car,0 days 00:38:08.902000,0 days 01:35:05.997000
2024-06-23 13:41:23.554,10800,269,7,100,False,0,car,0 days 00:38:09.141000,0 days 01:35:06.236000
2024-06-23 13:41:23.834,10887,272,7,100,False,0,car,0 days 00:38:09.421000,0 days 01:35:06.516000
2024-06-23 13:41:24.034,10971,274,7,100,False,0,car,0 days 00:38:09.621000,0 days 01:35:06.716000
2024-06-23 13:41:24.194,11069,276,7,100,False,0,car,0 days 00:38:09.781000,0 days 01:35:06.876000
2024-06-23 13:41:24.434,11112,279,7,100,False,0,car,0 days 00:38:10.021000,0 days 01:35:07.116000
2024-06-23 13:41:24.875,11293,282,7,100,False,0,car,0 days 00:38:10.462000,0 days 01:35:07.557000
2024-06-23 13:41:25.275,11432,286,7,100,False,0,car,0 days 00:38:10.862000,0 days 01:35:07.957000
2024-06-23 13:41:25.515,11474,286,7,100,False,0,car,0 days 00:38:11.102000,0 days 01:35:08.197000
2024-06-23 13:41:25.875,11499,287,7,100,False,0,car,0 days 00:38:11.462000,0 days 01:35:08.557000
2024-06-23 13:41:26.155,11499,287,7,100,False,0,car,0 days 00:38:11.742000,0 days 01:35:08.837000
2024-06-23 13:41:26.555,10771,260,7,0,True,0,car,0 days 00:38:12.142000,0 days 01:35:09.237000
2024-06-23 13:41:26.835,9700,260,7,0,True,0,car,0 days 00:38:12.422000,0 days 01:35:09.517000
2024-06-23 13:41:27.155,9523,192,6,0,True,0,car,0 days 00:38:12.742000,0 days 01:35:09.837000
2024-06-23 13:41:27.355,9678,174,6,0,True,0,car,0 days 00:38:12.942000,0 days 01:35:10.037000
2024-06-23 13:41:27.595,9694,161,6,0,True,0,car,0 days 00:38:13.182000,0 days 01:35:10.277000
2024-06-23 13:41:27.755,9227,155,4,0,True,0,car,0 days 00:38:13.342000,0 days 01:35:10.437000
2024-06-23 13:41:27.915,8805,144,4,0,True,0,car,0 days 00:38:13.502000,0 days 01:35:10.597000
2024-06-23 13:41:28.075,8405,141,4,0,True,0,car,0 days 00:38:13.662000,0 days 01:35:10.757000
2024-06-23 13:41:28.235,8233,132,4,0,True,0,car,0 days 00:38:13.822000,0 days 01:35:10.917000
2024-06-23 13:41:28.435,7858,129,4,0,True,0,car,0 days 00:38:14.022000,0 days 01:35:11.117000
2024-06-23 13:41:28.675,7363,121,4,0,True,0,car,0 days 00:38:14.262000,0 days 01:35:11.357000
2024-06-23 13:41:28.955,7052,116,4,0,True,0,car,0 days 00:38:14.542000,0 days 01:35:11.637000
2024-06-23 13:41:29.435,7992,109,4,0,True,0,car,0 days 00:38:15.022000,0 days 01:35:12.117000
2024-06-23 13:41:29.835,7669,102,3,0,True,0,car,0 days 00:38:15.422000,0 days 01:35:12.517000
2024-06-23 13:41:29.995,7424,102,3,0,False,0,car,0 days 00:38:15.582000,0 days 01:35:12.677000
2024-06-23 13:41:30.194,7218,98,3,0,False,0,car,0 days 00:38:15.781000,0 days 01:35:12.876000
2024-06-23 13:41:30.434,7731,98,3,25,False,0,car,0 days 00:38:16.021000,0 days 01:35:13.116000
2024-06-23 13:41:30.794,7819,101,3,42,False,0,car,0 days 00:38:16.381000,0 days 01:35:13.476000
2024-06-23 13:41:30.994,7998,104,3,48,False,0,car,0 days 00:38:16.581000,0 days 01:35:13.676000
2024-06-23 13:41:31.235,8285,110,3,51,False,0,car,0 days 00:38:16.822000,0 days 01:35:13.917000
2024-06-23 13:41:31.395,8587,112,3,55,False,0,car,0 days 00:38:16.982000,0 days 01:35:14.077000
2024-06-23 13:41:31.555,8361,117,3,58,False,0,car,0 days 00:38:17.142000,0 days 01:35:14.237000
2024-06-23 13:41:31.795,7893,122,4,62,False,0,car,0 days 00:38:17.382000,0 days 01:35:14.477000
2024-06-23 13:41:32.155,8587,134,4,74,False,0,car,0 days 00:38:17.742000,0 days 01:35:14.837000
2024-06-23 13:41:32.475,9354,137,4,83,False,0,car,0 days 00:38:18.062000,0 days 01:35:15.157000
2024-06-23 13:41:32.755,9764,155,4,89,False,0,car,0 days 00:38:18.342000,0 days 01:35:15.437000
2024-06-23 13:41:32.915,10348,159,4,91,False,0,car,0 days 00:38:18.502000,0 days 01:35:15.597000
2024-06-23 13:41:33.115,10890,167,4,100,False,0,car,0 days 00:38:18.702000,0 days 01:35:15.797000
2024-06-23 13:41:33.355,11405,178,4,100,False,0,car,0 days 00:38:18.942000,0 days 01:35:16.037000
2024-06-23 13:41:33.595,11213,185,4,100,False,0,car,0 days 00:38:19.182000,0 days 01:35:16.277000
2024-06-23 13:41:33.995,10135,196,5,100,False,0,car,0 days 00:38:19.582000,0 days 01:35:16.677000
2024-06-23 13:41:34.355,10471,192,5,0,True,0,car,0 days 00:38:19.942000,0 days 01:35:17.037000
2024-06-23 13:41:34.755,8806,167,5,0,True,0,car,0 days 00:38:20.342000,0 days 01:35:17.437000
2024-06-23 13:41:35.155,9113,148,4,0,True,0,car,0 days 00:38:20.742000,0 days 01:35:17.837000
2024-06-23 13:41:35.515,8364,138,4,0,True,0,car,0 days 00:38:21.102000,0 days 01:35:18.197000
2024-06-23 13:41:35.835,7920,127,4,0,True,0,car,0 days 00:38:21.422000,0 days 01:35:18.517000
2024-06-23 13:41:36.035,7765,125,4,0,True,0,car,0 days 00:38:21.622000,0 days 01:35:18.717000
2024-06-23 13:41:36.355,7413,122,4,0,False,0,car,0 days 00:38:21.942000,0 days 01:35:19.037000
2024-06-23 13:41:36.555,7284,117,4,0,False,0,car,0 days 00:38:22.142000,0 days 01:35:19.237000
2024-06-23 13:41:36.755,7073,116,4,0,True,0,car,0 days 00:38:22.342000,0 days 01:35:19.437000
2024-06-23 13:41:36.994,6951,113,4,0,False,0,car,0 days 00:38:22.581000,0 days 01:35:19.676000
2024-06-23 13:41:37.274,6924,109,4,22,False,0,car,0 days 00:38:22.861000,0 days 01:35:19.956000
2024-06-23 13:41:37.514,6983,109,4,30,False,0,car,0 days 00:38:23.101000,0 days 01:35:20.196000
2024-06-23 13:41:37.715,7187,110,4,40,False,0,car,0 days 00:38:23.302000,0 days 01:35:20.397000
2024-06-23 13:41:38.155,7579,116,4,49,False,0,car,0 days 00:38:23.742000,0 days 01:35:20.837000
2024-06-23 13:41:38.315,7697,117,4,51,False,0,car,0 days 00:38:23.902000,0 days 01:35:20.997000
2024-06-23 13:41:38.675,8301,126,4,59,False,0,car,0 days 00:38:24.262000,0 days 01:35:21.357000
2024-06-23 13:41:38.915,8672,128,4,63,False,0,car,0 days 00:38:24.502000,0 days 01:35:21.597000
2024-06-23 13:41:39.075,8844,134,4,64,False,0,car,0 days 00:38:24.662000,0 days 01:35:21.757000
2024-06-23 13:41:39.355,9323,142,4,76,False,0,car,0 days 00:38:24.942000,0 days 01:35:22.037000
2024-06-23 13:41:39.515,9452,142,4,78,False,0,car,0 days 00:38:25.102000,0 days 01:35:22.197000
2024-06-23 13:41:39.795,10418,156,4,91,False,0,car,0 days 00:38:25.382000,0 days 01:35:22.477000
2024-06-23 13:41:40.155,10866,172,4,100,False,0,car,0 days 00:38:25.742000,0 days 01:35:22.837000
2024-06-23 13:41:40.315,11566,177,4,100,False,0,car,0 days 00:38:25.902000,0 days 01:35:22.997000
2024-06-23 13:41:40.595,10275,188,4,100,False,0,car,0 days 00:38:26.182000,0 days 01:35:23.277000
2024-06-23 13:41:40.755,10468,196,5,100,False,0,car,0 days 00:38:26.342000,0 days 01:35:23.437000
2024-06-23 13:41:41.075,11105,202,5,100,False,0,car,0 days 00:38:26.662000,0 days 01:35:23.757000
2024-06-23 13:41:41.355,11248,214,5,100,False,0,car,0 days 00:38:26.942000,0 days 01:35:24.037000
2024-06-23 13:41:41.515,11248,216,5,100,False,0,car,0 days 00:38:27.102000,0 days 01:35:24.197000
2024-06-23 13:41:41.675,10417,222,5,100,False,0,car,0 days 00:38:27.262000,0 days 01:35:24.357000
2024-06-23 13:41:42.035,10525,229,6,87,False,0,car,0 days 00:38:27.622000,0 days 01:35:24.717000
2024-06-23 13:41:42.395,10753,234,6,97,False,0,car,0 days 00:38:27.982000,0 days 01:35:25.077000
2024-06-23 13:41:42.555,10823,234,6,80,False,0,car,0 days 00:38:28.142000,0 days 01:35:25.237000
2024-06-23 13:41:42.875,10548,236,6,65,False,0,car,0 days 00:38:28.462000,0 days 01:35:25.557000
2024-06-23 13:41:43.035,11192,236,6,98,False,0,car,0 days 00:38:28.622000,0 days 01:35:25.717000
2024-06-23 13:41:43.235,11105,240,6,90,False,0,car,0 days 00:38:28.822000,0 days 01:35:25.917000
2024-06-23 13:41:43.435,11194,241,6,84,False,0,car,0 days 00:38:29.022000,0 days 01:35:26.117000
2024-06-23 13:41:43.754,11357,246,6,100,False,0,car,0 days 00:38:29.341000,0 days 01:35:26.436000
2024-06-23 13:41:43.954,11442,248,6,100,False,0,car,0 days 00:38:29.541000,0 days 01:35:26.636000
2024-06-23 13:41:44.315,11669,253,6,100,False,0,car,0 days 00:38:29.902000,0 days 01:35:26.997000
2024-06-23 13:41:44.675,10817,257,6,100,False,0,car,0 days 00:38:30.262000,0 days 01:35:27.357000
2024-06-23 13:41:44.875,10310,259,7,100,False,0,car,0 days 00:38:30.462000,0 days 01:35:27.557000
2024-06-23 13:41:45.235,10322,261,7,100,False,0,car,0 days 00:38:30.822000,0 days 01:35:27.917000
2024-06-23 13:41:45.395,10717,259,7,0,True,0,car,0 days 00:38:30.982000,0 days 01:35:28.077000
2024-06-23 13:41:45.595,9823,252,7,0,True,0,car,0 days 00:38:31.182000,0 days 01:35:28.277000
2024-06-23 13:41:45.955,10648,235,6,20,False,0,car,0 days 00:38:31.542000,0 days 01:35:28.637000
2024-06-23 13:41:46.115,10648,232,6,20,False,0,car,0 days 00:38:31.702000,0 days 01:35:28.797000
2024-06-23 13:41:46.315,10449,228,6,60,False,0,car,0 days 00:38:31.902000,0 days 01:35:28.997000
2024-06-23 13:41:47.435,10704,233,6,100,False,0,car,0 days 00:38:33.022000,0 days 01:35:30.117000
2024-06-23 13:41:47.595,10864,235,6,100,False,0,car,0 days 00:38:33.182000,0 days 01:35:30.277000
2024-06-23 13:41:47.875,11106,238,6,100,False,0,car,0 days 00:38:33.462000,0 days 01:35:30.557000
2024-06-23 13:41:48.235,11248,246,6,100,False,0,car,0 days 00:38:33.822000,0 days 01:35:30.917000
2024-06-23 13:41:48.595,11477,251,6,100,False,0,car,0 days 00:38:34.182000,0 days 01:35:31.277000
2024-06-23 13:41:48.835,11582,252,6,100,False,0,car,0 days 00:38:34.422000,0 days 01:35:31.517000
2024-06-23 13:41:48.995,11726,254,6,100,False,0,car,0 days 00:38:34.582000,0 days 01:35:31.677000
2024-06-23 13:41:49.275,10861,260,6,100,False,0,car,0 days 00:38:34.862000,0 days 01:35:31.957000
2024-06-23 13:41:49.475,10384,262,7,100,False,0,car,0 days 00:38:35.062000,0 days 01:35:32.157000
2024-06-23 13:41:49.635,10542,265,7,100,False,0,car,0 days 00:38:35.222000,0 days 01:35:32.317000
2024-06-23 13:41:49.795,10695,265,7,100,False,0,car,0 days 00:38:35.382000,0 days 01:35:32.477000
2024-06-23 13:41:50.115,10775,269,7,100,False,0,car,0 days 00:38:35.702000,0 days 01:35:32.797000
2024-06-23 13:41:50.554,10985,274,7,100,False,0,car,0 days 00:38:36.141000,0 days 01:35:33.236000
2024-06-23 13:41:50.875,11087,277,7,100,False,0,car,0 days 00:38:36.462000,0 days 01:35:33.557000
2024-06-23 13:41:51.195,11135,279,7,100,False,0,car,0 days 00:38:36.782000,0 days 01:35:33.877000
2024-06-23 13:41:51.395,11276,282,7,100,False,0,car,0 days 00:38:36.982000,0 days 01:35:34.077000
2024-06-23 13:41:51.715,11389,284,7,100,False,0,car,0 days 00:38:37.302000,0 days 01:35:34.397000
2024-06-23 13:41:51.915,11440,286,7,100,False,0,car,0 days 00:38:37.502000,0 days 01:35:34.597000
2024-06-23 13:41:52.075,11510,287,7,100,False,0,car,0 days 00:38:37.662000,0 days 01:35:34.757000
2024-06-23 13:41:52.435,11544,289,7,100,False,0,car,0 days 00:38:38.022000,0 days 01:35:35.117000
2024-06-23 13:41:52.715,11616,289,7,100,False,0,car,0 days 00:38:38.302000,0 days 01:35:35.397000
2024-06-23 13:41:52.955,11684,292,7,100,False,0,car,0 days 00:38:38.542000,0 days 01:35:35.637000
2024-06-23 13:41:53.435,10638,294,7,100,False,0,car,0 days 00:38:39.022000,0 days 01:35:36.117000
2024-06-23 13:41:53.635,10577,295,8,100,False,0,car,0 days 00:38:39.222000,0 days 01:35:36.317000
2024-06-23 13:41:53.955,10540,296,8,100,False,0,car,0 days 00:38:39.542000,0 days 01:35:36.637000
2024-06-23 13:41:54.275,10557,297,8,100,False,0,car,0 days 00:38:39.862000,0 days 01:35:36.957000
2024-06-23 13:41:54.715,10604,297,8,100,False,0,car,0 days 00:38:40.302000,0 days 01:35:37.397000
2024-06-23 13:41:55.035,10637,299,8,100,False,0,car,0 days 00:38:40.622000,0 days 01:35:37.717000
2024-06-23 13:41:55.355,10662,299,8,100,False,0,car,0 days 00:38:40.942000,0 days 01:35:38.037000
2024-06-23 13:41:55.555,10652,299,8,100,False,0,car,0 days 00:38:41.142000,0 days 01:35:38.237000
2024-06-23 13:41:55.795,10696,301,8,100,False,0,car,0 days 00:38:41.382000,0 days 01:35:38.477000
2024-06-23 13:41:56.195,10673,301,8,100,False,0,car,0 days 00:38:41.782000,0 days 01:35:38.877000
2024-06-23 13:41:56.475,10711,300,8,100,False,0,car,0 days 00:38:42.062000,0 days 01:35:39.157000
2024-06-23 13:41:56.795,10711,301,8,100,False,0,car,0 days 00:38:42.382000,0 days 01:35:39.477000
2024-06-23 13:41:57.114,10738,302,8,100,False,0,car,0 days 00:38:42.701000,0 days 01:35:39.796000
2024-06-23 13:41:57.875,10820,304,8,100,False,0,car,0 days 00:38:43.462000,0 days 01:35:40.557000
2024-06-23 13:41:58.035,10829,304,8,100,False,0,car,0 days 00:38:43.622000,0 days 01:35:40.717000
2024-06-23 13:41:58.195,10829,305,8,100,False,0,car,0 days 00:38:43.782000,0 days 01:35:40.877000
2024-06-23 13:41:58.555,10856,305,8,100,False,0,car,0 days 00:38:44.142000,0 days 01:35:41.237000
2024-06-23 13:41:58.955,10852,305,8,100,False,0,car,0 days 00:38:44.542000,0 days 01:35:41.637000
2024-06-23 13:41:59.275,10777,305,8,100,False,0,car,0 days 00:38:44.862000,0 days 01:35:41.957000
2024-06-23 13:41:59.475,10748,303,8,100,False,0,car,0 days 00:38:45.062000,0 days 01:35:42.157000
2024-06-23 13:41:59.795,10712,299,8,0,False,0,car,0 days 00:38:45.382000,0 days 01:35:42.477000
2024-06-23 13:41:59.995,10197,289,8,0,True,0,car,0 days 00:38:45.582000,0 days 01:35:42.677000
2024-06-23 13:42:00.395,9272,242,8,0,True,0,car,0 days 00:38:45.982000,0 days 01:35:43.077000
2024-06-23 13:42:00.675,9348,208,7,0,True,0,car,0 days 00:38:46.262000,0 days 01:35:43.357000
2024-06-23 13:42:00.955,9475,183,7,0,True,0,car,0 days 00:38:46.542000,0 days 01:35:43.637000
2024-06-23 13:42:01.395,9797,161,5,0,True,0,car,0 days 00:38:46.982000,0 days 01:35:44.077000
2024-06-23 13:42:01.675,9410,153,4,0,True,0,car,0 days 00:38:47.262000,0 days 01:35:44.357000
2024-06-23 13:42:01.835,9197,147,4,0,True,0,car,0 days 00:38:47.422000,0 days 01:35:44.517000
2024-06-23 13:42:02.035,8909,144,4,0,True,0,car,0 days 00:38:47.622000,0 days 01:35:44.717000
2024-06-23 13:42:02.275,8690,140,4,0,False,0,car,0 days 00:38:47.862000,0 days 01:35:44.957000
2024-06-23 13:42:02.435,8642,138,4,1,False,0,car,0 days 00:38:48.022000,0 days 01:35:45.117000
2024-06-23 13:42:02.875,8796,137,4,51,False,0,car,0 days 00:38:48.462000,0 days 01:35:45.557000
2024-06-23 13:42:03.075,8974,138,4,58,False,0,car,0 days 00:38:48.662000,0 days 01:35:45.757000
2024-06-23 13:42:03.515,9479,147,4,75,False,0,car,0 days 00:38:49.102000,0 days 01:35:46.197000
2024-06-23 13:42:03.755,9835,156,4,74,False,0,car,0 days 00:38:49.342000,0 days 01:35:46.437000
2024-06-23 13:42:04.075,8629,161,4,53,False,0,car,0 days 00:38:49.662000,0 days 01:35:46.757000
2024-06-23 13:42:04.435,8635,162,5,50,False,0,car,0 days 00:38:50.022000,0 days 01:35:47.117000
2024-06-23 13:42:04.675,8906,164,5,58,False,0,car,0 days 00:38:50.262000,0 days 01:35:47.357000
2024-06-23 13:42:04.995,9026,166,5,67,False,0,car,0 days 00:38:50.582000,0 days 01:35:47.677000
2024-06-23 13:42:05.235,9297,172,5,78,False,0,car,0 days 00:38:50.822000,0 days 01:35:47.917000
2024-06-23 13:42:05.475,9589,176,5,82,False,0,car,0 days 00:38:51.062000,0 days 01:35:48.157000
2024-06-23 13:42:05.635,9823,179,5,84,False,0,car,0 days 00:38:51.222000,0 days 01:35:48.317000
2024-06-23 13:42:05.995,10269,191,5,100,False,0,car,0 days 00:38:51.582000,0 days 01:35:48.677000
2024-06-23 13:42:06.195,10586,197,5,100,False,0,car,0 days 00:38:51.782000,0 days 01:35:48.877000
2024-06-23 13:42:06.555,11184,209,5,100,False,0,car,0 days 00:38:52.142000,0 days 01:35:49.237000
2024-06-23 13:42:06.955,10455,215,5,73,False,0,car,0 days 00:38:52.542000,0 days 01:35:49.637000
2024-06-23 13:42:07.195,9914,216,6,69,False,0,car,0 days 00:38:52.782000,0 days 01:35:49.877000
2024-06-23 13:42:07.635,10008,218,6,67,False,0,car,0 days 00:38:53.222000,0 days 01:35:50.317000
2024-06-23 13:42:07.835,9877,217,6,32,False,0,car,0 days 00:38:53.422000,0 days 01:35:50.517000
2024-06-23 13:42:08.155,9577,209,6,0,False,0,car,0 days 00:38:53.742000,0 days 01:35:50.837000
2024-06-23 13:42:08.435,9403,204,6,53,False,0,car,0 days 00:38:54.022000,0 days 01:35:51.117000
2024-06-23 13:42:08.715,9473,205,6,69,False,0,car,0 days 00:38:54.302000,0 days 01:35:51.397000
2024-06-23 13:42:08.955,9624,205,6,81,False,0,car,0 days 00:38:54.542000,0 days 01:35:51.637000
2024-06-23 13:42:09.155,9764,210,6,89,False,0,car,0 days 00:38:54.742000,0 days 01:35:51.837000
2024-06-23 13:42:09.435,9971,214,6,100,False,0,car,0 days 00:38:55.022000,0 days 01:35:52.117000
2024-06-23 13:42:09.875,10395,224,6,100,False,0,car,0 days 00:38:55.462000,0 days 01:35:52.557000
2024-06-23 13:42:10.155,10606,228,6,100,False,0,car,0 days 00:38:55.742000,0 days 01:35:52.837000
2024-06-23 13:42:10.435,10759,232,6,100,False,0,car,0 days 00:38:56.022000,0 days 01:35:53.117000
2024-06-23 13:42:10.755,11039,239,6,100,False,0,car,0 days 00:38:56.342000,0 days 01:35:53.437000
2024-06-23 13:42:11.115,11211,243,6,100,False,0,car,0 days 00:38:56.702000,0 days 01:35:53.797000
2024-06-23 13:42:11.555,11500,251,6,100,False,0,car,0 days 00:38:57.142000,0 days 01:35:54.237000
2024-06-23 13:42:11.835,11636,254,6,100,False,0,car,0 days 00:38:57.422000,0 days 01:35:54.517000
2024-06-23 13:42:11.995,11661,256,6,100,False,0,car,0 days 00:38:57.582000,0 days 01:35:54.677000
2024-06-23 13:42:12.275,10518,259,7,100,False,0,car,0 days 00:38:57.862000,0 days 01:35:54.957000
2024-06-23 13:42:12.435,10594,262,7,100,False,0,car,0 days 00:38:58.022000,0 days 01:35:55.117000
2024-06-23 13:42:12.595,10624,263,7,100,False,0,car,0 days 00:38:58.182000,0 days 01:35:55.277000
2024-06-23 13:42:13.315,10909,271,7,100,False,0,car,0 days 00:38:58.902000,0 days 01:35:55.997000
2024-06-23 13:42:13.475,10990,273,7,100,False,0,car,0 days 00:38:59.062000,0 days 01:35:56.157000
2024-06-23 13:42:13.795,11104,277,7,100,False,0,car,0 days 00:38:59.382000,0 days 01:35:56.477000
2024-06-23 13:42:14.275,11269,281,7,100,False,0,car,0 days 00:38:59.862000,0 days 01:35:56.957000
2024-06-23 13:42:14.635,11249,281,7,100,False,0,car,0 days 00:39:00.222000,0 days 01:35:57.317000
2024-06-23 13:42:14.795,10926,278,7,0,True,0,car,0 days 00:39:00.382000,0 days 01:35:57.477000
2024-06-23 13:42:14.995,10484,272,7,0,True,0,car,0 days 00:39:00.582000,0 days 01:35:57.677000
2024-06-23 13:42:15.235,9519,242,7,0,True,0,car,0 days 00:39:00.822000,0 days 01:35:57.917000
2024-06-23 13:42:15.435,9922,210,7,0,True,0,car,0 days 00:39:01.022000,0 days 01:35:58.117000
2024-06-23 13:42:15.675,9890,195,6,0,True,0,car,0 days 00:39:01.262000,0 days 01:35:58.357000
2024-06-23 13:42:16.155,10073,171,5,0,True,0,car,0 days 00:39:01.742000,0 days 01:35:58.837000
2024-06-23 13:42:16.355,10041,164,4,0,True,0,car,0 days 00:39:01.942000,0 days 01:35:59.037000
2024-06-23 13:42:16.595,9653,157,4,0,True,0,car,0 days 00:39:02.182000,0 days 01:35:59.277000
2024-06-23 13:42:16.835,9339,149,4,0,True,0,car,0 days 00:39:02.422000,0 days 01:35:59.517000
2024-06-23 13:42:17.155,8985,143,4,0,True,0,car,0 days 00:39:02.742000,0 days 01:35:59.837000
2024-06-23 13:42:17.595,8600,136,4,0,True,0,car,0 days 00:39:03.182000,0 days 01:36:00.277000
2024-06-23 13:42:17.795,8437,133,4,0,False,0,car,0 days 00:39:03.382000,0 days 01:36:00.477000
2024-06-23 13:42:18.155,8617,132,4,53,False,0,car,0 days 00:39:03.742000,0 days 01:36:00.837000
2024-06-23 13:42:18.515,8773,136,4,54,False,0,car,0 days 00:39:04.102000,0 days 01:36:01.197000
2024-06-23 13:42:18.795,9050,140,4,62,False,0,car,0 days 00:39:04.382000,0 days 01:36:01.477000
2024-06-23 13:42:19.235,9622,148,4,72,False,0,car,0 days 00:39:04.822000,0 days 01:36:01.917000
2024-06-23 13:42:19.395,9942,153,4,72,False,0,car,0 days 00:39:04.982000,0 days 01:36:02.077000
2024-06-23 13:42:19.555,10027,158,4,76,False,0,car,0 days 00:39:05.142000,0 days 01:36:02.237000
2024-06-23 13:42:19.795,10620,164,4,83,False,0,car,0 days 00:39:05.382000,0 days 01:36:02.477000
2024-06-23 13:42:19.955,10943,170,4,88,False,0,car,0 days 00:39:05.542000,0 days 01:36:02.637000
2024-06-23 13:42:20.195,11454,176,4,100,False,0,car,0 days 00:39:05.782000,0 days 01:36:02.877000
2024-06-23 13:42:20.675,10448,193,5,100,False,0,car,0 days 00:39:06.262000,0 days 01:36:03.357000
2024-06-23 13:42:20.835,10622,195,5,100,False,0,car,0 days 00:39:06.422000,0 days 01:36:03.517000
2024-06-23 13:42:21.075,11034,205,5,100,False,0,car,0 days 00:39:06.662000,0 days 01:36:03.757000
2024-06-23 13:42:21.315,11283,210,5,100,False,0,car,0 days 00:39:06.902000,0 days 01:36:03.997000
2024-06-23 13:42:21.675,11736,220,5,100,False,0,car,0 days 00:39:07.262000,0 days 01:36:04.357000
2024-06-23 13:42:21.955,11026,225,5,100,False,0,car,0 days 00:39:07.542000,0 days 01:36:04.637000
2024-06-23 13:42:22.315,10692,233,6,100,False,0,car,0 days 00:39:07.902000,0 days 01:36:04.997000
2024-06-23 13:42:22.515,10824,237,6,100,False,0,car,0 days 00:39:08.102000,0 days 01:36:05.197000
2024-06-23 13:42:22.715,10898,239,6,100,False,0,car,0 days 00:39:08.302000,0 days 01:36:05.397000
2024-06-23 13:42:22.875,10963,240,6,100,False,0,car,0 days 00:39:08.462000,0 days 01:36:05.557000
2024-06-23 13:42:23.275,9815,216,6,0,True,0,car,0 days 00:39:08.862000,0 days 01:36:05.957000
2024-06-23 13:42:23.435,9185,195,6,0,True,0,car,0 days 00:39:09.022000,0 days 01:36:06.117000
2024-06-23 13:42:23.635,9185,175,6,0,True,0,car,0 days 00:39:09.222000,0 days 01:36:06.317000
2024-06-23 13:42:23.956,9573,151,5,0,True,0,car,0 days 00:39:09.543000,0 days 01:36:06.638000
2024-06-23 13:42:24.115,9151,145,4,0,True,0,car,0 days 00:39:09.702000,0 days 01:36:06.797000
2024-06-23 13:42:24.555,9000,124,3,0,True,0,car,0 days 00:39:10.142000,0 days 01:36:07.237000
2024-06-23 13:42:24.955,8287,113,3,0,True,0,car,0 days 00:39:10.542000,0 days 01:36:07.637000
2024-06-23 13:42:25.155,7863,109,3,0,True,0,car,0 days 00:39:10.742000,0 days 01:36:07.837000
2024-06-23 13:42:25.315,7767,107,3,0,True,0,car,0 days 00:39:10.902000,0 days 01:36:07.997000
2024-06-23 13:42:25.475,7527,103,3,0,True,0,car,0 days 00:39:11.062000,0 days 01:36:08.157000
2024-06-23 13:42:25.675,7350,100,3,0,True,0,car,0 days 00:39:11.262000,0 days 01:36:08.357000
2024-06-23 13:42:25.835,7186,100,3,0,True,0,car,0 days 00:39:11.422000,0 days 01:36:08.517000
2024-06-23 13:42:26.035,6962,94,3,0,True,0,car,0 days 00:39:11.622000,0 days 01:36:08.717000
2024-06-23 13:42:26.355,6904,92,3,0,False,0,car,0 days 00:39:11.942000,0 days 01:36:09.037000
2024-06-23 13:42:26.555,7118,93,3,31,False,0,car,0 days 00:39:12.142000,0 days 01:36:09.237000
2024-06-23 13:42:26.915,7420,96,3,37,False,0,car,0 days 00:39:12.502000,0 days 01:36:09.597000
2024-06-23 13:42:27.235,7923,103,3,46,False,0,car,0 days 00:39:12.822000,0 days 01:36:09.917000
2024-06-23 13:42:27.395,8328,106,3,53,False,0,car,0 days 00:39:12.982000,0 days 01:36:10.077000
2024-06-23 13:42:27.595,8559,110,3,59,False,0,car,0 days 00:39:13.182000,0 days 01:36:10.277000
2024-06-23 13:42:28.035,9728,128,3,74,False,0,car,0 days 00:39:13.622000,0 days 01:36:10.717000
2024-06-23 13:42:28.195,9303,133,3,80,False,0,car,0 days 00:39:13.782000,0 days 01:36:10.877000
2024-06-23 13:42:28.555,9770,149,4,100,False,0,car,0 days 00:39:14.142000,0 days 01:36:11.237000
2024-06-23 13:42:28.755,10623,153,4,100,False,0,car,0 days 00:39:14.342000,0 days 01:36:11.437000
2024-06-23 13:42:28.955,10872,168,4,100,False,0,car,0 days 00:39:14.542000,0 days 01:36:11.637000
2024-06-23 13:42:29.115,11163,173,4,100,False,0,car,0 days 00:39:14.702000,0 days 01:36:11.797000
2024-06-23 13:42:29.275,11140,181,4,100,False,0,car,0 days 00:39:14.862000,0 days 01:36:11.957000
2024-06-23 13:42:29.555,10114,191,5,100,False,0,car,0 days 00:39:15.142000,0 days 01:36:12.237000
2024-06-23 13:42:29.795,10668,198,5,100,False,0,car,0 days 00:39:15.382000,0 days 01:36:12.477000
2024-06-23 13:42:30.155,11293,213,5,100,False,0,car,0 days 00:39:15.742000,0 days 01:36:12.837000
2024-06-23 13:42:30.315,11472,215,5,100,False,0,car,0 days 00:39:15.902000,0 days 01:36:12.997000
2024-06-23 13:42:30.596,11288,223,5,100,False,0,car,0 days 00:39:16.183000,0 days 01:36:13.278000
2024-06-23 13:42:30.875,10590,229,6,100,False,0,car,0 days 00:39:16.462000,0 days 01:36:13.557000
2024-06-23 13:42:31.235,10907,239,6,100,False,0,car,0 days 00:39:16.822000,0 days 01:36:13.917000
2024-06-23 13:42:31.475,11137,242,6,100,False,0,car,0 days 00:39:17.062000,0 days 01:36:14.157000
2024-06-23 13:42:31.715,11283,245,6,100,False,0,car,0 days 00:39:17.302000,0 days 01:36:14.397000
2024-06-23 13:42:32.155,11559,252,6,100,False,0,car,0 days 00:39:17.742000,0 days 01:36:14.837000
2024-06-23 13:42:32.595,11530,243,6,0,True,0,car,0 days 00:39:18.182000,0 days 01:36:15.277000
2024-06-23 13:42:32.995,9315,205,6,0,True,0,car,0 days 00:39:18.582000,0 days 01:36:15.677000
2024-06-23 13:42:33.355,9053,171,5,0,True,0,car,0 days 00:39:18.942000,0 days 01:36:16.037000
2024-06-23 13:42:33.755,9351,152,4,0,True,0,car,0 days 00:39:19.342000,0 days 01:36:16.437000
2024-06-23 13:42:33.995,9084,146,4,0,True,0,car,0 days 00:39:19.582000,0 days 01:36:16.677000
2024-06-23 13:42:34.235,8722,140,4,0,True,0,car,0 days 00:39:19.822000,0 days 01:36:16.917000
2024-06-23 13:42:34.515,8598,137,4,0,False,0,car,0 days 00:39:20.102000,0 days 01:36:17.197000
2024-06-23 13:42:34.675,8324,134,4,0,False,0,car,0 days 00:39:20.262000,0 days 01:36:17.357000
2024-06-23 13:42:34.995,8457,131,4,21,False,0,car,0 days 00:39:20.582000,0 days 01:36:17.677000
2024-06-23 13:42:35.315,8375,132,4,44,False,0,car,0 days 00:39:20.902000,0 days 01:36:17.997000
2024-06-23 13:42:35.595,8788,136,4,59,False,0,car,0 days 00:39:21.182000,0 days 01:36:18.277000
2024-06-23 13:42:35.835,9131,141,4,71,False,0,car,0 days 00:39:21.422000,0 days 01:36:18.517000
2024-06-23 13:42:35.995,9494,146,4,78,False,0,car,0 days 00:39:21.582000,0 days 01:36:18.677000
2024-06-23 13:42:36.155,9817,153,4,87,False,0,car,0 days 00:39:21.742000,0 days 01:36:18.837000
2024-06-23 13:42:36.475,10588,167,4,87,False,0,car,0 days 00:39:22.062000,0 days 01:36:19.157000
2024-06-23 13:42:36.835,11532,180,4,100,False,0,car,0 days 00:39:22.422000,0 days 01:36:19.517000
2024-06-23 13:42:36.996,11170,184,4,100,False,0,car,0 days 00:39:22.583000,0 days 01:36:19.678000
2024-06-23 13:42:37.196,10393,191,4,100,False,0,car,0 days 00:39:22.783000,0 days 01:36:19.878000
2024-06-23 13:42:37.515,10736,196,5,100,False,0,car,0 days 00:39:23.102000,0 days 01:36:20.197000
2024-06-23 13:42:37.675,10897,205,5,100,False,0,car,0 days 00:39:23.262000,0 days 01:36:20.357000
2024-06-23 13:42:38.075,11513,215,5,100,False,0,car,0 days 00:39:23.662000,0 days 01:36:20.757000
2024-06-23 13:42:38.355,11608,222,5,100,False,0,car,0 days 00:39:23.942000,0 days 01:36:21.037000
2024-06-23 13:42:38.595,10849,227,5,100,False,0,car,0 days 00:39:24.182000,0 days 01:36:21.277000
2024-06-23 13:42:38.835,10757,233,5,100,False,0,car,0 days 00:39:24.422000,0 days 01:36:21.517000
2024-06-23 13:42:39.115,10939,238,6,100,False,0,car,0 days 00:39:24.702000,0 days 01:36:21.797000
2024-06-23 13:42:39.435,11116,241,6,100,False,0,car,0 days 00:39:25.022000,0 days 01:36:22.117000
2024-06-23 13:42:39.595,11116,243,6,100,False,0,car,0 days 00:39:25.182000,0 days 01:36:22.277000
2024-06-23 13:42:39.915,10949,238,6,0,False,0,car,0 days 00:39:25.502000,0 days 01:36:22.597000
2024-06-23 13:42:40.315,10504,229,6,0,False,0,car,0 days 00:39:25.902000,0 days 01:36:22.997000
2024-06-23 13:42:40.555,10140,222,6,56,False,0,car,0 days 00:39:26.142000,0 days 01:36:23.237000
2024-06-23 13:42:40.955,10126,219,6,58,False,0,car,0 days 00:39:26.542000,0 days 01:36:23.637000
2024-06-23 13:42:41.315,10086,219,6,74,False,0,car,0 days 00:39:26.902000,0 days 01:36:23.997000
2024-06-23 13:42:41.595,10239,221,6,78,False,0,car,0 days 00:39:27.182000,0 days 01:36:24.277000
2024-06-23 13:42:42.115,10653,229,6,100,False,0,car,0 days 00:39:27.702000,0 days 01:36:24.797000
2024-06-23 13:42:42.355,10875,235,6,100,False,0,car,0 days 00:39:27.942000,0 days 01:36:25.037000
2024-06-23 13:42:42.635,10997,240,6,100,False,0,car,0 days 00:39:28.222000,0 days 01:36:25.317000
2024-06-23 13:42:42.995,11327,245,6,100,False,0,car,0 days 00:39:28.582000,0 days 01:36:25.677000
2024-06-23 13:42:43.355,11558,252,6,100,False,0,car,0 days 00:39:28.942000,0 days 01:36:26.037000
2024-06-23 13:42:43.676,11749,257,6,100,False,0,car,0 days 00:39:29.263000,0 days 01:36:26.358000
2024-06-23 13:42:44.036,10576,262,7,100,False,0,car,0 days 00:39:29.623000,0 days 01:36:26.718000
2024-06-23 13:42:44.235,10481,265,7,100,False,0,car,0 days 00:39:29.822000,0 days 01:36:26.917000
2024-06-23 13:42:44.475,10803,268,7,100,False,0,car,0 days 00:39:30.062000,0 days 01:36:27.157000
2024-06-23 13:42:44.835,10883,271,7,100,False,0,car,0 days 00:39:30.422000,0 days 01:36:27.517000
2024-06-23 13:42:45.075,10969,274,7,100,False,0,car,0 days 00:39:30.662000,0 days 01:36:27.757000
2024-06-23 13:42:45.275,11092,277,7,100,False,0,car,0 days 00:39:30.862000,0 days 01:36:27.957000
2024-06-23 13:42:45.595,11169,280,7,100,False,0,car,0 days 00:39:31.182000,0 days 01:36:28.277000
2024-06-23 13:42:45.875,11319,282,7,100,False,0,car,0 days 00:39:31.462000,0 days 01:36:28.557000
2024-06-23 13:42:46.235,11390,286,7,100,False,0,car,0 days 00:39:31.822000,0 days 01:36:28.917000
2024-06-23 13:42:46.435,11452,288,7,100,False,0,car,0 days 00:39:32.022000,0 days 01:36:29.117000
2024-06-23 13:42:46.595,11511,287,7,100,False,0,car,0 days 00:39:32.182000,0 days 01:36:29.277000
2024-06-23 13:42:46.875,11535,289,7,100,False,0,car,0 days 00:39:32.462000,0 days 01:36:29.557000
2024-06-23 13:42:47.155,11528,288,7,81,False,0,car,0 days 00:39:32.742000,0 days 01:36:29.837000
2024-06-23 13:42:47.515,10760,273,7,0,True,0,car,0 days 00:39:33.102000,0 days 01:36:30.197000
2024-06-23 13:42:47.675,10302,273,7,0,True,0,car,0 days 00:39:33.262000,0 days 01:36:30.357000
2024-06-23 13:42:47.835,9884,239,7,0,True,0,car,0 days 00:39:33.422000,0 days 01:36:30.517000
2024-06-23 13:42:48.155,9741,204,7,0,True,0,car,0 days 00:39:33.742000,0 days 01:36:30.837000
2024-06-23 13:42:48.395,9217,177,6,0,True,0,car,0 days 00:39:33.982000,0 days 01:36:31.077000
2024-06-23 13:42:48.555,10057,161,5,0,True,0,car,0 days 00:39:34.142000,0 days 01:36:31.237000
2024-06-23 13:42:48.715,10147,155,5,0,True,0,car,0 days 00:39:34.302000,0 days 01:36:31.397000
2024-06-23 13:42:49.075,9167,138,4,0,True,0,car,0 days 00:39:34.662000,0 days 01:36:31.757000
2024-06-23 13:42:49.315,8116,131,4,0,True,0,car,0 days 00:39:34.902000,0 days 01:36:31.997000
2024-06-23 13:42:49.795,7440,120,4,0,True,0,car,0 days 00:39:35.382000,0 days 01:36:32.477000
2024-06-23 13:42:50.116,7186,115,4,0,True,0,car,0 days 00:39:35.703000,0 days 01:36:32.798000
2024-06-23 13:42:50.276,6925,113,4,0,True,0,car,0 days 00:39:35.863000,0 days 01:36:32.958000
2024-06-23 13:42:50.636,6952,108,4,0,True,0,car,0 days 00:39:36.223000,0 days 01:36:33.318000
2024-06-23 13:42:50.796,7699,107,4,0,True,0,car,0 days 00:39:36.383000,0 days 01:36:33.478000
2024-06-23 13:42:51.035,7615,102,3,0,True,0,car,0 days 00:39:36.622000,0 days 01:36:33.717000
2024-06-23 13:42:51.275,7404,100,3,0,False,0,car,0 days 00:39:36.862000,0 days 01:36:33.957000
2024-06-23 13:42:51.475,7254,99,3,18,False,0,car,0 days 00:39:37.062000,0 days 01:36:34.157000
2024-06-23 13:42:51.715,7653,99,3,32,False,0,car,0 days 00:39:37.302000,0 days 01:36:34.397000
2024-06-23 13:42:51.915,7674,101,3,39,False,0,car,0 days 00:39:37.502000,0 days 01:36:34.597000
2024-06-23 13:42:52.155,8101,105,3,45,False,0,car,0 days 00:39:37.742000,0 days 01:36:34.837000
2024-06-23 13:42:52.475,8442,110,3,53,False,0,car,0 days 00:39:38.062000,0 days 01:36:35.157000
2024-06-23 13:42:52.875,9145,120,3,62,False,0,car,0 days 00:39:38.462000,0 days 01:36:35.557000
2024-06-23 13:42:53.315,8978,133,3,73,False,0,car,0 days 00:39:38.902000,0 days 01:36:35.997000
2024-06-23 13:42:53.515,9108,139,4,80,False,0,car,0 days 00:39:39.102000,0 days 01:36:36.197000
2024-06-23 13:42:53.795,9817,150,4,84,False,0,car,0 days 00:39:39.382000,0 days 01:36:36.477000
2024-06-23 13:42:54.035,10286,158,4,89,False,0,car,0 days 00:39:39.622000,0 days 01:36:36.717000
2024-06-23 13:42:54.275,10947,169,4,100,False,0,car,0 days 00:39:39.862000,0 days 01:36:36.957000
2024-06-23 13:42:54.475,11278,177,4,100,False,0,car,0 days 00:39:40.062000,0 days 01:36:37.157000
2024-06-23 13:42:54.675,11548,184,4,100,False,0,car,0 days 00:39:40.262000,0 days 01:36:37.357000
2024-06-23 13:42:54.915,10600,190,4,100,False,0,car,0 days 00:39:40.502000,0 days 01:36:37.597000
2024-06-23 13:42:55.075,10394,196,5,100,False,0,car,0 days 00:39:40.662000,0 days 01:36:37.757000
2024-06-23 13:42:55.515,9696,186,5,0,True,0,car,0 days 00:39:41.102000,0 days 01:36:38.197000
2024-06-23 13:42:55.715,8855,172,5,0,True,0,car,0 days 00:39:41.302000,0 days 01:36:38.397000
2024-06-23 13:42:55.875,8892,161,5,0,True,0,car,0 days 00:39:41.462000,0 days 01:36:38.557000
2024-06-23 13:42:56.075,9458,154,4,0,True,0,car,0 days 00:39:41.662000,0 days 01:36:38.757000
2024-06-23 13:42:56.355,8798,143,4,0,True,0,car,0 days 00:39:41.942000,0 days 01:36:39.037000
2024-06-23 13:42:56.716,8283,134,4,0,True,0,car,0 days 00:39:42.303000,0 days 01:36:39.398000
2024-06-23 13:42:56.996,8005,128,4,0,True,0,car,0 days 00:39:42.583000,0 days 01:36:39.678000
2024-06-23 13:42:57.156,7740,126,4,0,True,0,car,0 days 00:39:42.743000,0 days 01:36:39.838000
2024-06-23 13:42:57.396,7606,123,4,0,False,0,car,0 days 00:39:42.983000,0 days 01:36:40.078000
2024-06-23 13:42:57.715,7553,119,4,0,False,0,car,0 days 00:39:43.302000,0 days 01:36:40.397000
2024-06-23 13:42:57.995,7272,116,4,0,False,0,car,0 days 00:39:43.582000,0 days 01:36:40.677000
2024-06-23 13:42:58.435,7210,112,4,11,False,0,car,0 days 00:39:44.022000,0 days 01:36:41.117000
2024-06-23 13:42:58.595,7129,111,4,30,False,0,car,0 days 00:39:44.182000,0 days 01:36:41.277000
2024-06-23 13:42:58.755,7272,112,4,39,False,0,car,0 days 00:39:44.342000,0 days 01:36:41.437000
2024-06-23 13:42:58.915,7412,114,4,41,False,0,car,0 days 00:39:44.502000,0 days 01:36:41.597000
2024-06-23 13:42:59.115,7500,115,4,42,False,0,car,0 days 00:39:44.702000,0 days 01:36:41.797000
2024-06-23 13:42:59.435,7723,119,4,50,False,0,car,0 days 00:39:45.022000,0 days 01:36:42.117000
2024-06-23 13:42:59.875,8485,128,4,55,False,0,car,0 days 00:39:45.462000,0 days 01:36:42.557000
2024-06-23 13:43:00.075,8806,132,4,64,False,0,car,0 days 00:39:45.662000,0 days 01:36:42.757000
2024-06-23 13:43:00.475,9275,143,4,71,False,0,car,0 days 00:39:46.062000,0 days 01:36:43.157000
2024-06-23 13:43:00.875,10385,156,4,85,False,0,car,0 days 00:39:46.462000,0 days 01:36:43.557000
2024-06-23 13:43:01.235,10785,173,4,100,False,0,car,0 days 00:39:46.822000,0 days 01:36:43.917000
2024-06-23 13:43:01.435,11627,181,4,100,False,0,car,0 days 00:39:47.022000,0 days 01:36:44.117000
2024-06-23 13:43:01.635,10367,184,4,100,False,0,car,0 days 00:39:47.222000,0 days 01:36:44.317000
2024-06-23 13:43:01.835,10167,194,5,100,False,0,car,0 days 00:39:47.422000,0 days 01:36:44.517000
2024-06-23 13:43:02.075,10804,202,5,100,False,0,car,0 days 00:39:47.662000,0 days 01:36:44.757000
2024-06-23 13:43:02.315,11457,208,5,100,False,0,car,0 days 00:39:47.902000,0 days 01:36:44.997000
2024-06-23 13:43:02.515,11493,215,5,100,False,0,car,0 days 00:39:48.102000,0 days 01:36:45.197000
2024-06-23 13:43:02.755,11634,221,5,91,False,0,car,0 days 00:39:48.342000,0 days 01:36:45.437000
2024-06-23 13:43:03.115,10604,225,6,93,False,0,car,0 days 00:39:48.702000,0 days 01:36:45.797000
2024-06-23 13:43:03.436,10819,235,6,91,False,0,car,0 days 00:39:49.023000,0 days 01:36:46.118000
2024-06-23 13:43:03.756,10811,235,6,75,False,0,car,0 days 00:39:49.343000,0 days 01:36:46.438000
2024-06-23 13:43:03.916,10926,237,6,79,False,0,car,0 days 00:39:49.503000,0 days 01:36:46.598000
2024-06-23 13:43:04.156,10928,238,6,88,False,0,car,0 days 00:39:49.743000,0 days 01:36:46.838000
2024-06-23 13:43:04.316,10925,239,6,96,False,0,car,0 days 00:39:49.903000,0 days 01:36:46.998000
2024-06-23 13:43:04.715,11264,242,6,100,False,0,car,0 days 00:39:50.302000,0 days 01:36:47.397000
2024-06-23 13:43:04.955,11371,247,6,100,False,0,car,0 days 00:39:50.542000,0 days 01:36:47.637000
2024-06-23 13:43:05.115,11418,248,6,100,False,0,car,0 days 00:39:50.702000,0 days 01:36:47.797000
2024-06-23 13:43:05.395,11647,254,6,100,False,0,car,0 days 00:39:50.982000,0 days 01:36:48.077000
2024-06-23 13:43:05.675,11796,257,6,100,False,0,car,0 days 00:39:51.262000,0 days 01:36:48.357000
2024-06-23 13:43:05.835,11136,259,6,100,False,0,car,0 days 00:39:51.422000,0 days 01:36:48.517000
2024-06-23 13:43:05.995,10348,259,7,100,False,0,car,0 days 00:39:51.582000,0 days 01:36:48.677000
2024-06-23 13:43:06.395,10459,263,7,100,False,0,car,0 days 00:39:51.982000,0 days 01:36:49.077000
2024-06-23 13:43:06.595,10982,256,7,0,True,0,car,0 days 00:39:52.182000,0 days 01:36:49.277000
2024-06-23 13:43:07.075,10844,239,6,32,False,0,car,0 days 00:39:52.662000,0 days 01:36:49.757000
2024-06-23 13:43:07.315,10842,235,6,62,False,0,car,0 days 00:39:52.902000,0 days 01:36:49.997000
2024-06-23 13:43:07.515,10690,233,6,59,False,0,car,0 days 00:39:53.102000,0 days 01:36:50.197000
2024-06-23 13:43:07.955,10679,230,6,68,False,0,car,0 days 00:39:53.542000,0 days 01:36:50.637000
2024-06-23 13:43:08.155,10660,230,6,80,False,0,car,0 days 00:39:53.742000,0 days 01:36:50.837000
2024-06-23 13:43:08.515,10907,236,6,97,False,0,car,0 days 00:39:54.102000,0 days 01:36:51.197000
2024-06-23 13:43:08.675,10957,237,6,89,False,0,car,0 days 00:39:54.262000,0 days 01:36:51.357000
2024-06-23 13:43:08.875,11077,239,6,100,False,0,car,0 days 00:39:54.462000,0 days 01:36:51.557000
2024-06-23 13:43:09.075,11173,242,6,100,False,0,car,0 days 00:39:54.662000,0 days 01:36:51.757000
2024-06-23 13:43:09.475,11356,247,6,100,False,0,car,0 days 00:39:55.062000,0 days 01:36:52.157000
2024-06-23 13:43:09.715,11492,250,6,100,False,0,car,0 days 00:39:55.302000,0 days 01:36:52.397000
2024-06-23 13:43:10.196,11745,257,6,100,False,0,car,0 days 00:39:55.783000,0 days 01:36:52.878000
2024-06-23 13:43:10.516,10583,261,7,100,False,0,car,0 days 00:39:56.103000,0 days 01:36:53.198000
2024-06-23 13:43:10.996,10756,268,7,100,False,0,car,0 days 00:39:56.583000,0 days 01:36:53.678000
2024-06-23 13:43:11.195,10770,268,7,100,False,0,car,0 days 00:39:56.782000,0 days 01:36:53.877000
2024-06-23 13:43:11.475,10930,273,7,100,False,0,car,0 days 00:39:57.062000,0 days 01:36:54.157000
2024-06-23 13:43:11.715,11027,275,7,100,False,0,car,0 days 00:39:57.302000,0 days 01:36:54.397000
2024-06-23 13:43:12.035,11138,279,7,100,False,0,car,0 days 00:39:57.622000,0 days 01:36:54.717000
2024-06-23 13:43:12.355,11256,282,7,100,False,0,car,0 days 00:39:57.942000,0 days 01:36:55.037000
2024-06-23 13:43:12.595,11366,282,7,100,False,0,car,0 days 00:39:58.182000,0 days 01:36:55.277000
2024-06-23 13:43:12.955,11465,288,7,100,False,0,car,0 days 00:39:58.542000,0 days 01:36:55.637000
2024-06-23 13:43:13.275,11578,289,7,100,False,0,car,0 days 00:39:58.862000,0 days 01:36:55.957000
2024-06-23 13:43:13.475,11665,291,7,100,False,0,car,0 days 00:39:59.062000,0 days 01:36:56.157000
2024-06-23 13:43:13.675,11659,292,7,100,False,0,car,0 days 00:39:59.262000,0 days 01:36:56.357000
2024-06-23 13:43:13.955,11741,293,7,100,False,0,car,0 days 00:39:59.542000,0 days 01:36:56.637000
2024-06-23 13:43:14.315,10536,295,8,100,False,0,car,0 days 00:39:59.902000,0 days 01:36:56.997000
2024-06-23 13:43:14.475,10508,296,8,100,False,0,car,0 days 00:40:00.062000,0 days 01:36:57.157000
2024-06-23 13:43:14.795,10559,297,8,100,False,0,car,0 days 00:40:00.382000,0 days 01:36:57.477000
2024-06-23 13:43:15.155,10610,298,8,100,False,0,car,0 days 00:40:00.742000,0 days 01:36:57.837000
2024-06-23 13:43:15.435,10607,298,8,100,False,0,car,0 days 00:40:01.022000,0 days 01:36:58.117000
2024-06-23 13:43:15.635,10642,299,8,100,False,0,car,0 days 00:40:01.222000,0 days 01:36:58.317000
2024-06-23 13:43:15.875,10657,299,8,100,False,0,car,0 days 00:40:01.462000,0 days 01:36:58.557000
2024-06-23 13:43:16.355,10647,301,8,100,False,0,car,0 days 00:40:01.942000,0 days 01:36:59.037000
2024-06-23 13:43:16.756,10707,302,8,100,False,0,car,0 days 00:40:02.343000,0 days 01:36:59.438000
2024-06-23 13:43:17.076,10739,301,8,100,False,0,car,0 days 00:40:02.663000,0 days 01:36:59.758000
2024-06-23 13:43:17.236,10743,302,8,100,False,0,car,0 days 00:40:02.823000,0 days 01:36:59.918000
2024-06-23 13:43:17.516,10750,303,8,100,False,0,car,0 days 00:40:03.103000,0 days 01:37:00.198000
2024-06-23 13:43:17.836,10781,304,8,100,False,0,car,0 days 00:40:03.423000,0 days 01:37:00.518000
2024-06-23 13:43:18.155,10809,305,8,100,False,0,car,0 days 00:40:03.742000,0 days 01:37:00.837000
2024-06-23 13:43:18.355,10812,304,8,100,False,0,car,0 days 00:40:03.942000,0 days 01:37:01.037000
2024-06-23 13:43:18.675,10878,307,8,100,False,0,car,0 days 00:40:04.262000,0 days 01:37:01.357000
2024-06-23 13:43:18.875,10879,306,8,100,False,0,car,0 days 00:40:04.462000,0 days 01:37:01.557000
2024-06-23 13:43:19.155,10910,307,8,100,False,0,car,0 days 00:40:04.742000,0 days 01:37:01.837000
2024-06-23 13:43:19.635,10878,306,8,100,False,0,car,0 days 00:40:05.222000,0 days 01:37:02.317000
2024-06-23 13:43:19.795,10833,306,8,100,False,0,car,0 days 00:40:05.382000,0 days 01:37:02.477000
2024-06-23 13:43:19.955,10833,305,8,100,False,0,car,0 days 00:40:05.542000,0 days 01:37:02.637000
2024-06-23 13:43:20.275,10765,305,8,100,False,0,car,0 days 00:40:05.862000,0 days 01:37:02.957000
2024-06-23 13:43:20.435,10760,303,8,100,False,0,car,0 days 00:40:06.022000,0 days 01:37:03.117000
2024-06-23 13:43:20.675,10703,302,8,100,False,0,car,0 days 00:40:06.262000,0 days 01:37:03.357000
2024-06-23 13:43:20.835,10228,300,8,100,False,0,car,0 days 00:40:06.422000,0 days 01:37:03.517000
2024-06-23 13:43:21.075,10048,298,8,0,True,0,car,0 days 00:40:06.662000,0 days 01:37:03.757000
2024-06-23 13:43:21.515,9375,251,8,0,True,0,car,0 days 00:40:07.102000,0 days 01:37:04.197000
2024-06-23 13:43:21.755,9481,214,8,0,True,0,car,0 days 00:40:07.342000,0 days 01:37:04.437000
2024-06-23 13:43:22.115,9286,180,6,0,True,0,car,0 days 00:40:07.702000,0 days 01:37:04.797000
2024-06-23 13:43:22.435,10004,165,5,0,True,0,car,0 days 00:40:08.022000,0 days 01:37:05.117000
2024-06-23 13:43:22.755,9458,152,4,0,True,0,car,0 days 00:40:08.342000,0 days 01:37:05.437000
2024-06-23 13:43:23.156,8879,140,4,0,True,0,car,0 days 00:40:08.743000,0 days 01:37:05.838000
2024-06-23 13:43:23.436,8648,136,4,0,False,0,car,0 days 00:40:09.023000,0 days 01:37:06.118000
2024-06-23 13:43:23.636,8496,134,4,0,False,0,car,0 days 00:40:09.223000,0 days 01:37:06.318000
2024-06-23 13:43:23.876,8616,134,4,43,False,0,car,0 days 00:40:09.463000,0 days 01:37:06.558000
2024-06-23 13:43:24.116,8800,136,4,52,False,0,car,0 days 00:40:09.703000,0 days 01:37:06.798000
2024-06-23 13:43:24.276,8999,139,4,56,False,0,car,0 days 00:40:09.863000,0 days 01:37:06.958000
2024-06-23 13:43:24.596,9316,146,4,72,False,0,car,0 days 00:40:10.183000,0 days 01:37:07.278000
2024-06-23 13:43:24.995,8747,158,4,65,False,0,car,0 days 00:40:10.582000,0 days 01:37:07.677000
2024-06-23 13:43:25.235,8510,158,5,50,False,0,car,0 days 00:40:10.822000,0 days 01:37:07.917000
2024-06-23 13:43:25.435,8643,160,5,53,False,0,car,0 days 00:40:11.022000,0 days 01:37:08.117000
2024-06-23 13:43:25.595,8664,160,5,54,False,0,car,0 days 00:40:11.182000,0 days 01:37:08.277000
2024-06-23 13:43:25.995,8886,164,5,63,False,0,car,0 days 00:40:11.582000,0 days 01:37:08.677000
2024-06-23 13:43:26.235,9039,166,5,64,False,0,car,0 days 00:40:11.822000,0 days 01:37:08.917000
2024-06-23 13:43:26.515,9439,170,5,81,False,0,car,0 days 00:40:12.102000,0 days 01:37:09.197000
2024-06-23 13:43:26.755,9759,180,5,100,False,0,car,0 days 00:40:12.342000,0 days 01:37:09.437000
2024-06-23 13:43:27.115,10379,188,5,100,False,0,car,0 days 00:40:12.702000,0 days 01:37:09.797000
2024-06-23 13:43:27.515,10901,203,5,100,False,0,car,0 days 00:40:13.102000,0 days 01:37:10.197000
2024-06-23 13:43:27.715,11232,209,5,100,False,0,car,0 days 00:40:13.302000,0 days 01:37:10.397000
2024-06-23 13:43:27.915,11468,211,5,97,False,0,car,0 days 00:40:13.502000,0 days 01:37:10.597000
2024-06-23 13:43:28.355,9949,216,6,59,False,0,car,0 days 00:40:13.942000,0 days 01:37:11.037000
2024-06-23 13:43:28.555,9913,214,6,50,False,0,car,0 days 00:40:14.142000,0 days 01:37:11.237000
2024-06-23 13:43:28.835,9833,212,6,61,False,0,car,0 days 00:40:14.422000,0 days 01:37:11.517000
2024-06-23 13:43:29.155,9847,213,6,69,False,0,car,0 days 00:40:14.742000,0 days 01:37:11.837000
2024-06-23 13:43:29.355,9895,213,6,70,False,0,car,0 days 00:40:14.942000,0 days 01:37:12.037000
2024-06-23 13:43:29.515,9917,213,6,72,False,0,car,0 days 00:40:15.102000,0 days 01:37:12.197000
2024-06-23 13:43:29.876,10066,215,6,76,False,0,car,0 days 00:40:15.463000,0 days 01:37:12.558000
2024-06-23 13:43:30.156,10211,218,6,82,False,0,car,0 days 00:40:15.743000,0 days 01:37:12.838000
2024-06-23 13:43:30.396,10267,220,6,84,False,0,car,0 days 00:40:15.983000,0 days 01:37:13.078000
2024-06-23 13:43:30.836,10488,227,6,83,False,0,car,0 days 00:40:16.423000,0 days 01:37:13.518000
2024-06-23 13:43:31.196,10722,229,6,100,False,0,car,0 days 00:40:16.783000,0 days 01:37:13.878000
2024-06-23 13:43:31.395,10897,235,6,100,False,0,car,0 days 00:40:16.982000,0 days 01:37:14.077000
2024-06-23 13:43:31.635,11036,240,6,100,False,0,car,0 days 00:40:17.222000,0 days 01:37:14.317000
2024-06-23 13:43:31.875,11250,244,6,100,False,0,car,0 days 00:40:17.462000,0 days 01:37:14.557000
2024-06-23 13:43:32.035,11250,246,6,100,False,0,car,0 days 00:40:17.622000,0 days 01:37:14.717000
2024-06-23 13:43:32.235,11428,250,6,100,False,0,car,0 days 00:40:17.822000,0 days 01:37:14.917000
2024-06-23 13:43:32.555,11562,253,6,100,False,0,car,0 days 00:40:18.142000,0 days 01:37:15.237000
2024-06-23 13:43:32.795,11321,255,6,100,False,0,car,0 days 00:40:18.382000,0 days 01:37:15.477000
2024-06-23 13:43:32.995,10409,256,6,100,False,0,car,0 days 00:40:18.582000,0 days 01:37:15.677000
2024-06-23 13:43:33.275,10561,263,7,100,False,0,car,0 days 00:40:18.862000,0 days 01:37:15.957000
2024-06-23 13:43:33.435,10598,264,7,100,False,0,car,0 days 00:40:19.022000,0 days 01:37:16.117000
2024-06-23 13:43:33.715,10748,267,7,100,False,0,car,0 days 00:40:19.302000,0 days 01:37:16.397000
2024-06-23 13:43:34.075,10918,271,7,100,False,0,car,0 days 00:40:19.662000,0 days 01:37:16.757000
2024-06-23 13:43:34.235,10948,274,7,100,False,0,car,0 days 00:40:19.822000,0 days 01:37:16.917000
2024-06-23 13:43:34.435,11050,275,7,100,False,0,car,0 days 00:40:20.022000,0 days 01:37:17.117000
2024-06-23 13:43:34.675,11142,275,7,100,False,0,car,0 days 00:40:20.262000,0 days 01:37:17.357000
2024-06-23 13:43:34.875,11192,280,7,100,False,0,car,0 days 00:40:20.462000,0 days 01:37:17.557000
2024-06-23 13:43:35.075,11236,281,7,100,False,0,car,0 days 00:40:20.662000,0 days 01:37:17.757000
2024-06-23 13:43:35.355,11255,281,7,100,False,0,car,0 days 00:40:20.942000,0 days 01:37:18.037000
2024-06-23 13:43:35.635,11236,281,7,100,False,0,car,0 days 00:40:21.222000,0 days 01:37:18.317000
2024-06-23 13:43:35.835,11054,274,7,0,True,0,car,0 days 00:40:21.422000,0 days 01:37:18.517000
2024-06-23 13:43:36.035,10126,256,7,0,True,0,car,0 days 00:40:21.622000,0 days 01:37:18.717000
2024-06-23 13:43:36.356,9147,222,7,0,True,0,car,0 days 00:40:21.943000,0 days 01:37:19.038000
2024-06-23 13:43:36.556,9001,194,6,0,True,0,car,0 days 00:40:22.143000,0 days 01:37:19.238000
2024-06-23 13:43:36.836,9370,175,6,0,True,0,car,0 days 00:40:22.423000,0 days 01:37:19.518000
2024-06-23 13:43:37.076,8934,166,5,0,True,0,car,0 days 00:40:22.663000,0 days 01:37:19.758000
2024-06-23 13:43:37.316,9702,162,5,0,True,0,car,0 days 00:40:22.903000,0 days 01:37:19.998000
2024-06-23 13:43:37.556,9379,149,4,0,True,0,car,0 days 00:40:23.143000,0 days 01:37:20.238000
2024-06-23 13:43:37.796,8984,146,4,0,True,0,car,0 days 00:40:23.383000,0 days 01:37:20.478000
2024-06-23 13:43:37.996,8799,141,4,0,True,0,car,0 days 00:40:23.583000,0 days 01:37:20.678000
2024-06-23 13:43:38.155,8671,137,4,0,True,0,car,0 days 00:40:23.742000,0 days 01:37:20.837000
2024-06-23 13:43:38.475,8243,134,4,0,True,0,car,0 days 00:40:24.062000,0 days 01:37:21.157000
2024-06-23 13:43:38.715,8001,128,4,0,True,0,car,0 days 00:40:24.302000,0 days 01:37:21.397000
2024-06-23 13:43:39.075,8005,126,4,36,False,0,car,0 days 00:40:24.662000,0 days 01:37:21.757000
2024-06-23 13:43:39.275,8177,127,4,46,False,0,car,0 days 00:40:24.862000,0 days 01:37:21.957000
2024-06-23 13:43:39.515,8353,130,4,51,False,0,car,0 days 00:40:25.102000,0 days 01:37:22.197000
2024-06-23 13:43:39.715,8497,132,4,53,False,0,car,0 days 00:40:25.302000,0 days 01:37:22.397000
2024-06-23 13:43:40.075,8889,139,4,61,False,0,car,0 days 00:40:25.662000,0 days 01:37:22.757000
2024-06-23 13:43:40.355,9221,146,4,67,False,0,car,0 days 00:40:25.942000,0 days 01:37:23.037000
2024-06-23 13:43:40.555,9585,151,4,75,False,0,car,0 days 00:40:26.142000,0 days 01:37:23.237000
2024-06-23 13:43:40.795,10103,157,4,79,False,0,car,0 days 00:40:26.382000,0 days 01:37:23.477000
2024-06-23 13:43:41.195,11069,171,4,91,False,0,car,0 days 00:40:26.782000,0 days 01:37:23.877000
2024-06-23 13:43:41.395,10789,175,4,95,False,0,car,0 days 00:40:26.982000,0 days 01:37:24.077000
2024-06-23 13:43:41.595,9954,184,4,100,False,0,car,0 days 00:40:27.182000,0 days 01:37:24.277000
2024-06-23 13:43:41.755,9954,191,5,100,False,0,car,0 days 00:40:27.342000,0 days 01:37:24.437000
2024-06-23 13:43:41.915,10467,191,5,100,False,0,car,0 days 00:40:27.502000,0 days 01:37:24.597000
2024-06-23 13:43:42.195,10901,200,5,100,False,0,car,0 days 00:40:27.782000,0 days 01:37:24.877000
2024-06-23 13:43:42.595,11406,212,5,100,False,0,car,0 days 00:40:28.182000,0 days 01:37:25.277000
2024-06-23 13:43:42.876,11679,217,5,100,False,0,car,0 days 00:40:28.463000,0 days 01:37:25.558000
2024-06-23 13:43:43.196,10433,224,6,100,False,0,car,0 days 00:40:28.783000,0 days 01:37:25.878000
2024-06-23 13:43:43.436,10621,231,6,100,False,0,car,0 days 00:40:29.023000,0 days 01:37:26.118000
2024-06-23 13:43:43.836,10860,237,6,100,False,0,car,0 days 00:40:29.423000,0 days 01:37:26.518000
2024-06-23 13:43:44.076,10903,239,6,100,False,0,car,0 days 00:40:29.663000,0 days 01:37:26.758000
2024-06-23 13:43:44.436,10294,219,6,0,True,0,car,0 days 00:40:30.023000,0 days 01:37:27.118000
2024-06-23 13:43:44.716,9758,198,6,0,True,0,car,0 days 00:40:30.303000,0 days 01:37:27.398000
2024-06-23 13:43:44.995,9958,170,5,0,True,0,car,0 days 00:40:30.582000,0 days 01:37:27.677000
2024-06-23 13:43:45.195,9439,170,5,0,True,0,car,0 days 00:40:30.782000,0 days 01:37:27.877000
2024-06-23 13:43:45.395,9228,144,4,0,True,0,car,0 days 00:40:30.982000,0 days 01:37:28.077000
2024-06-23 13:43:45.635,9408,128,3,0,True,0,car,0 days 00:40:31.222000,0 days 01:37:28.317000
2024-06-23 13:43:45.915,8790,123,3,0,True,0,car,0 days 00:40:31.502000,0 days 01:37:28.597000
2024-06-23 13:43:46.195,8287,115,3,0,True,0,car,0 days 00:40:31.782000,0 days 01:37:28.877000
2024-06-23 13:43:46.475,7912,109,3,0,True,0,car,0 days 00:40:32.062000,0 days 01:37:29.157000
2024-06-23 13:43:46.675,7743,105,3,0,True,0,car,0 days 00:40:32.262000,0 days 01:37:29.357000
2024-06-23 13:43:46.915,7422,103,3,0,True,0,car,0 days 00:40:32.502000,0 days 01:37:29.597000
2024-06-23 13:43:47.075,7206,99,3,0,True,0,car,0 days 00:40:32.662000,0 days 01:37:29.757000
2024-06-23 13:43:47.435,6911,95,3,0,False,0,car,0 days 00:40:33.022000,0 days 01:37:30.117000
2024-06-23 13:43:47.595,7178,94,3,9,False,0,car,0 days 00:40:33.182000,0 days 01:37:30.277000
2024-06-23 13:43:47.795,7264,94,3,23,False,0,car,0 days 00:40:33.382000,0 days 01:37:30.477000
2024-06-23 13:43:48.035,7429,97,3,31,False,0,car,0 days 00:40:33.622000,0 days 01:37:30.717000
2024-06-23 13:43:48.235,7522,100,3,34,False,0,car,0 days 00:40:33.822000,0 days 01:37:30.917000
2024-06-23 13:43:48.635,7992,106,3,43,False,0,car,0 days 00:40:34.222000,0 days 01:37:31.317000
2024-06-23 13:43:48.915,8620,108,3,51,False,0,car,0 days 00:40:34.502000,0 days 01:37:31.597000
2024-06-23 13:43:49.115,8866,111,3,62,False,0,car,0 days 00:40:34.702000,0 days 01:37:31.797000
2024-06-23 13:43:49.356,9814,129,3,80,False,0,car,0 days 00:40:34.943000,0 days 01:37:32.038000
2024-06-23 13:43:49.556,10482,138,3,83,False,0,car,0 days 00:40:35.143000,0 days 01:37:32.238000
2024-06-23 13:43:50.476,11411,172,4,100,False,0,car,0 days 00:40:36.063000,0 days 01:37:33.158000
2024-06-23 13:43:50.796,10579,184,4,100,False,0,car,0 days 00:40:36.383000,0 days 01:37:33.478000
2024-06-23 13:43:50.956,10439,195,5,100,False,0,car,0 days 00:40:36.543000,0 days 01:37:33.638000
2024-06-23 13:43:51.156,10643,201,5,100,False,0,car,0 days 00:40:36.743000,0 days 01:37:33.838000
2024-06-23 13:43:51.516,11436,215,5,100,False,0,car,0 days 00:40:37.103000,0 days 01:37:34.198000
2024-06-23 13:43:51.835,11813,221,5,100,False,0,car,0 days 00:40:37.422000,0 days 01:37:34.517000
2024-06-23 13:43:52.115,10351,228,6,100,False,0,car,0 days 00:40:37.702000,0 days 01:37:34.797000
2024-06-23 13:43:52.395,10838,234,6,100,False,0,car,0 days 00:40:37.982000,0 days 01:37:35.077000
2024-06-23 13:43:52.595,11043,238,6,100,False,0,car,0 days 00:40:38.182000,0 days 01:37:35.277000
2024-06-23 13:43:52.955,11228,246,6,100,False,0,car,0 days 00:40:38.542000,0 days 01:37:35.637000
2024-06-23 13:43:53.235,11384,250,6,100,False,0,car,0 days 00:40:38.822000,0 days 01:37:35.917000
2024-06-23 13:43:53.555,11454,250,6,100,False,0,car,0 days 00:40:39.142000,0 days 01:37:36.237000
2024-06-23 13:43:53.875,10923,241,6,0,True,0,car,0 days 00:40:39.462000,0 days 01:37:36.557000
2024-06-23 13:43:54.075,9940,212,6,0,True,0,car,0 days 00:40:39.662000,0 days 01:37:36.757000
2024-06-23 13:43:54.395,9689,194,6,0,True,0,car,0 days 00:40:39.982000,0 days 01:37:37.077000
2024-06-23 13:43:54.595,9522,177,5,0,True,0,car,0 days 00:40:40.182000,0 days 01:37:37.277000
2024-06-23 13:43:54.915,9664,159,4,0,True,0,car,0 days 00:40:40.502000,0 days 01:37:37.597000
2024-06-23 13:43:55.115,9400,152,4,0,True,0,car,0 days 00:40:40.702000,0 days 01:37:37.797000
2024-06-23 13:43:55.395,9061,148,4,0,False,0,car,0 days 00:40:40.982000,0 days 01:37:38.077000
2024-06-23 13:43:55.635,8913,144,4,0,False,0,car,0 days 00:40:41.222000,0 days 01:37:38.317000
2024-06-23 13:43:55.876,8590,138,4,0,False,0,car,0 days 00:40:41.463000,0 days 01:37:38.558000
2024-06-23 13:43:56.196,8356,135,4,9,False,0,car,0 days 00:40:41.783000,0 days 01:37:38.878000
2024-06-23 13:43:56.356,8301,133,4,18,False,0,car,0 days 00:40:41.943000,0 days 01:37:39.038000
2024-06-23 13:43:56.716,8601,133,4,34,False,0,car,0 days 00:40:42.303000,0 days 01:37:39.398000
2024-06-23 13:43:56.996,8751,134,4,50,False,0,car,0 days 00:40:42.583000,0 days 01:37:39.678000
2024-06-23 13:43:57.396,9524,144,4,78,False,0,car,0 days 00:40:42.983000,0 days 01:37:40.078000
2024-06-23 13:43:57.596,10031,151,4,86,False,0,car,0 days 00:40:43.183000,0 days 01:37:40.278000
2024-06-23 13:43:57.876,11137,163,4,85,False,0,car,0 days 00:40:43.463000,0 days 01:37:40.558000
2024-06-23 13:43:58.076,11207,169,4,96,False,0,car,0 days 00:40:43.663000,0 days 01:37:40.758000
2024-06-23 13:43:58.236,11299,175,4,100,False,0,car,0 days 00:40:43.823000,0 days 01:37:40.918000
2024-06-23 13:43:58.675,10230,190,5,100,False,0,car,0 days 00:40:44.262000,0 days 01:37:41.357000
2024-06-23 13:43:58.875,10791,197,5,100,False,0,car,0 days 00:40:44.462000,0 days 01:37:41.557000
2024-06-23 13:43:59.195,11150,205,5,100,False,0,car,0 days 00:40:44.782000,0 days 01:37:41.877000
2024-06-23 13:43:59.635,11647,219,5,100,False,0,car,0 days 00:40:45.222000,0 days 01:37:42.317000
2024-06-23 13:43:59.915,10679,221,5,100,False,0,car,0 days 00:40:45.502000,0 days 01:37:42.597000
2024-06-23 13:44:00.315,10724,230,6,100,False,0,car,0 days 00:40:45.902000,0 days 01:37:42.997000
2024-06-23 13:44:00.595,10814,236,6,100,False,0,car,0 days 00:40:46.182000,0 days 01:37:43.277000
2024-06-23 13:44:00.835,10936,238,6,100,False,0,car,0 days 00:40:46.422000,0 days 01:37:43.517000
2024-06-23 13:44:01.195,11032,240,6,0,False,0,car,0 days 00:40:46.782000,0 days 01:37:43.877000
2024-06-23 13:44:01.555,10518,230,6,0,False,0,car,0 days 00:40:47.142000,0 days 01:37:44.237000
2024-06-23 13:44:01.955,10089,222,6,40,False,0,car,0 days 00:40:47.542000,0 days 01:37:44.637000
2024-06-23 13:44:02.355,9965,215,6,50,False,0,car,0 days 00:40:47.942000,0 days 01:37:45.037000
2024-06-23 13:44:02.716,10040,214,6,63,False,0,car,0 days 00:40:48.303000,0 days 01:37:45.398000
2024-06-23 13:44:03.196,10356,221,6,98,False,0,car,0 days 00:40:48.783000,0 days 01:37:45.878000
2024-06-23 13:44:03.396,10501,226,6,100,False,0,car,0 days 00:40:48.983000,0 days 01:37:46.078000
2024-06-23 13:44:03.556,10586,227,6,100,False,0,car,0 days 00:40:49.143000,0 days 01:37:46.238000
2024-06-23 13:44:03.916,10865,233,6,100,False,0,car,0 days 00:40:49.503000,0 days 01:37:46.598000
2024-06-23 13:44:04.076,11008,238,6,100,False,0,car,0 days 00:40:49.663000,0 days 01:37:46.758000
2024-06-23 13:44:04.276,11148,241,6,100,False,0,car,0 days 00:40:49.863000,0 days 01:37:46.958000
2024-06-23 13:44:04.436,11241,245,6,100,False,0,car,0 days 00:40:50.023000,0 days 01:37:47.118000
2024-06-23 13:44:04.636,11424,249,6,100,False,0,car,0 days 00:40:50.223000,0 days 01:37:47.318000
2024-06-23 13:44:05.795,10553,264,7,100,False,0,car,0 days 00:40:51.382000,0 days 01:37:48.477000
2024-06-23 13:44:05.995,10778,267,7,100,False,0,car,0 days 00:40:51.582000,0 days 01:37:48.677000
2024-06-23 13:44:06.355,10835,271,7,100,False,0,car,0 days 00:40:51.942000,0 days 01:37:49.037000
2024-06-23 13:44:06.595,10957,272,7,100,False,0,car,0 days 00:40:52.182000,0 days 01:37:49.277000
2024-06-23 13:44:06.995,11115,276,7,100,False,0,car,0 days 00:40:52.582000,0 days 01:37:49.677000
2024-06-23 13:44:07.395,11273,280,7,100,False,0,car,0 days 00:40:52.982000,0 days 01:37:50.077000
2024-06-23 13:44:07.635,11299,283,7,100,False,0,car,0 days 00:40:53.222000,0 days 01:37:50.317000
2024-06-23 13:44:07.795,11376,283,7,100,False,0,car,0 days 00:40:53.382000,0 days 01:37:50.477000
2024-06-23 13:44:08.035,11341,285,7,100,False,0,car,0 days 00:40:53.622000,0 days 01:37:50.717000
2024-06-23 13:44:08.195,11426,284,7,100,False,0,car,0 days 00:40:53.782000,0 days 01:37:50.877000
2024-06-23 13:44:08.395,11420,286,7,100,False,0,car,0 days 00:40:53.982000,0 days 01:37:51.077000
2024-06-23 13:44:08.635,11420,285,7,100,False,0,car,0 days 00:40:54.222000,0 days 01:37:51.317000
2024-06-23 13:44:08.915,10520,273,7,0,True,0,car,0 days 00:40:54.502000,0 days 01:37:51.597000
2024-06-23 13:44:09.196,9444,240,7,0,True,0,car,0 days 00:40:54.783000,0 days 01:37:51.878000
2024-06-23 13:44:09.596,9134,197,6,0,True,0,car,0 days 00:40:55.183000,0 days 01:37:52.278000
2024-06-23 13:44:09.796,9074,188,5,0,True,0,car,0 days 00:40:55.383000,0 days 01:37:52.478000
2024-06-23 13:44:10.076,9568,157,4,0,True,0,car,0 days 00:40:55.663000,0 days 01:37:52.758000
2024-06-23 13:44:10.236,8903,151,4,0,True,0,car,0 days 00:40:55.823000,0 days 01:37:52.918000
2024-06-23 13:44:10.516,8483,140,4,0,True,0,car,0 days 00:40:56.103000,0 days 01:37:53.198000
2024-06-23 13:44:10.876,7509,123,4,0,True,0,car,0 days 00:40:56.463000,0 days 01:37:53.558000
2024-06-23 13:44:11.076,7341,119,4,0,True,0,car,0 days 00:40:56.663000,0 days 01:37:53.758000
2024-06-23 13:44:11.276,7221,116,4,0,True,0,car,0 days 00:40:56.863000,0 days 01:37:53.958000
2024-06-23 13:44:11.436,8341,116,4,0,True,0,car,0 days 00:40:57.023000,0 days 01:37:54.118000
2024-06-23 13:44:11.636,8217,113,3,0,True,0,car,0 days 00:40:57.223000,0 days 01:37:54.318000
2024-06-23 13:44:11.835,8217,109,3,0,False,0,car,0 days 00:40:57.422000,0 days 01:37:54.517000
2024-06-23 13:44:12.155,7848,106,3,0,False,0,car,0 days 00:40:57.742000,0 days 01:37:54.837000
2024-06-23 13:44:12.435,7752,104,3,0,False,0,car,0 days 00:40:58.022000,0 days 01:37:55.117000
2024-06-23 13:44:12.835,7825,102,3,27,False,0,car,0 days 00:40:58.422000,0 days 01:37:55.517000
2024-06-23 13:44:13.235,8131,106,3,40,False,0,car,0 days 00:40:58.822000,0 days 01:37:55.917000
2024-06-23 13:44:13.515,8331,108,3,40,False,0,car,0 days 00:40:59.102000,0 days 01:37:56.197000
2024-06-23 13:44:13.795,7891,111,3,47,False,0,car,0 days 00:40:59.382000,0 days 01:37:56.477000
2024-06-23 13:44:14.075,7725,117,4,53,False,0,car,0 days 00:40:59.662000,0 days 01:37:56.757000
2024-06-23 13:44:14.435,7960,126,4,58,False,0,car,0 days 00:41:00.022000,0 days 01:37:57.117000
2024-06-23 13:44:14.675,8604,131,4,67,False,0,car,0 days 00:41:00.262000,0 days 01:37:57.357000
2024-06-23 13:44:15.035,8727,140,4,69,False,0,car,0 days 00:41:00.622000,0 days 01:37:57.717000
2024-06-23 13:44:15.275,9689,146,4,77,False,0,car,0 days 00:41:00.862000,0 days 01:37:57.957000
2024-06-23 13:44:15.515,10215,156,4,82,False,0,car,0 days 00:41:01.102000,0 days 01:37:58.197000
2024-06-23 13:44:15.756,10659,162,4,87,False,0,car,0 days 00:41:01.343000,0 days 01:37:58.438000
2024-06-23 13:44:16.036,11230,175,4,89,False,0,car,0 days 00:41:01.623000,0 days 01:37:58.718000
2024-06-23 13:44:16.276,10645,183,4,100,False,0,car,0 days 00:41:01.863000,0 days 01:37:58.958000
2024-06-23 13:44:16.556,10132,190,5,100,False,0,car,0 days 00:41:02.143000,0 days 01:37:59.238000
2024-06-23 13:44:17.036,9316,185,5,0,True,0,car,0 days 00:41:02.623000,0 days 01:37:59.718000
2024-06-23 13:44:17.396,9489,161,5,0,True,0,car,0 days 00:41:02.983000,0 days 01:38:00.078000
2024-06-23 13:44:17.756,8705,143,4,0,True,0,car,0 days 00:41:03.343000,0 days 01:38:00.438000
2024-06-23 13:44:17.916,8433,139,4,0,True,0,car,0 days 00:41:03.503000,0 days 01:38:00.598000
2024-06-23 13:44:18.116,8234,133,4,0,True,0,car,0 days 00:41:03.703000,0 days 01:38:00.798000
2024-06-23 13:44:18.396,7872,128,4,0,True,0,car,0 days 00:41:03.983000,0 days 01:38:01.078000
2024-06-23 13:44:18.675,7587,123,4,0,True,0,car,0 days 00:41:04.262000,0 days 01:38:01.357000
2024-06-23 13:44:18.835,7525,121,4,0,False,0,car,0 days 00:41:04.422000,0 days 01:38:01.517000
2024-06-23 13:44:18.995,7464,119,4,0,False,0,car,0 days 00:41:04.582000,0 days 01:38:01.677000
2024-06-23 13:44:19.475,7202,114,4,21,False,0,car,0 days 00:41:05.062000,0 days 01:38:02.157000
2024-06-23 13:44:19.835,7274,114,4,22,False,0,car,0 days 00:41:05.422000,0 days 01:38:02.517000
2024-06-23 13:44:20.035,7278,114,4,27,False,0,car,0 days 00:41:05.622000,0 days 01:38:02.717000
2024-06-23 13:44:20.315,7388,115,4,34,False,0,car,0 days 00:41:05.902000,0 days 01:38:02.997000
2024-06-23 13:44:20.475,7589,116,4,39,False,0,car,0 days 00:41:06.062000,0 days 01:38:03.157000
2024-06-23 13:44:20.715,7735,117,4,39,False,0,car,0 days 00:41:06.302000,0 days 01:38:03.397000
2024-06-23 13:44:21.075,8015,121,4,46,False,0,car,0 days 00:41:06.662000,0 days 01:38:03.757000
2024-06-23 13:44:21.315,8190,124,4,50,False,0,car,0 days 00:41:06.902000,0 days 01:38:03.997000
2024-06-23 13:44:21.475,8456,127,4,56,False,0,car,0 days 00:41:07.062000,0 days 01:38:04.157000
2024-06-23 13:44:21.635,8684,131,4,58,False,0,car,0 days 00:41:07.222000,0 days 01:38:04.317000
2024-06-23 13:44:21.915,9260,134,4,65,False,0,car,0 days 00:41:07.502000,0 days 01:38:04.597000
2024-06-23 13:44:22.115,9260,142,4,69,False,0,car,0 days 00:41:07.702000,0 days 01:38:04.797000
2024-06-23 13:44:22.356,10143,151,4,81,False,0,car,0 days 00:41:07.943000,0 days 01:38:05.038000
2024-06-23 13:44:22.636,10492,162,4,93,False,0,car,0 days 00:41:08.223000,0 days 01:38:05.318000
2024-06-23 13:44:22.996,11636,176,4,100,False,0,car,0 days 00:41:08.583000,0 days 01:38:05.678000
2024-06-23 13:44:23.196,11356,184,4,100,False,0,car,0 days 00:41:08.783000,0 days 01:38:05.878000
2024-06-23 13:44:23.436,10618,195,5,100,False,0,car,0 days 00:41:09.023000,0 days 01:38:06.118000
2024-06-23 13:44:23.756,10997,201,5,100,False,0,car,0 days 00:41:09.343000,0 days 01:38:06.438000
2024-06-23 13:44:23.996,11459,208,5,100,False,0,car,0 days 00:41:09.583000,0 days 01:38:06.678000
2024-06-23 13:44:24.156,11472,215,5,100,False,0,car,0 days 00:41:09.743000,0 days 01:38:06.838000
2024-06-23 13:44:24.436,10350,223,5,100,False,0,car,0 days 00:41:10.023000,0 days 01:38:07.118000
2024-06-23 13:44:24.796,10780,230,6,89,False,0,car,0 days 00:41:10.383000,0 days 01:38:07.478000
2024-06-23 13:44:24.956,10780,232,6,89,False,0,car,0 days 00:41:10.543000,0 days 01:38:07.638000
2024-06-23 13:44:25.275,10848,235,6,82,False,0,car,0 days 00:41:10.862000,0 days 01:38:07.957000
2024-06-23 13:44:25.435,10848,238,6,82,False,0,car,0 days 00:41:11.022000,0 days 01:38:08.117000
2024-06-23 13:44:25.795,10886,239,6,92,False,0,car,0 days 00:41:11.382000,0 days 01:38:08.477000
2024-06-23 13:44:26.075,11230,241,6,100,False,0,car,0 days 00:41:11.662000,0 days 01:38:08.757000
2024-06-23 13:44:26.275,11325,244,6,100,False,0,car,0 days 00:41:11.862000,0 days 01:38:08.957000
2024-06-23 13:44:26.515,11440,247,6,100,False,0,car,0 days 00:41:12.102000,0 days 01:38:09.197000
2024-06-23 13:44:26.835,11603,254,6,100,False,0,car,0 days 00:41:12.422000,0 days 01:38:09.517000
2024-06-23 13:44:27.115,11252,256,6,100,False,0,car,0 days 00:41:12.702000,0 days 01:38:09.797000
2024-06-23 13:44:27.395,10476,258,7,100,False,0,car,0 days 00:41:12.982000,0 days 01:38:10.077000
2024-06-23 13:44:27.635,10448,259,7,100,False,0,car,0 days 00:41:13.222000,0 days 01:38:10.317000
2024-06-23 13:44:27.915,9928,259,7,100,True,0,car,0 days 00:41:13.502000,0 days 01:38:10.597000
2024-06-23 13:44:28.195,9812,251,7,0,True,0,car,0 days 00:41:13.782000,0 days 01:38:10.877000
2024-06-23 13:44:28.555,10683,238,6,9,False,0,car,0 days 00:41:14.142000,0 days 01:38:11.237000
2024-06-23 13:44:28.715,10587,235,6,39,False,0,car,0 days 00:41:14.302000,0 days 01:38:11.397000
2024-06-23 13:44:28.916,10708,231,6,72,False,0,car,0 days 00:41:14.503000,0 days 01:38:11.598000
2024-06-23 13:44:29.116,10593,231,6,70,False,0,car,0 days 00:41:14.703000,0 days 01:38:11.798000
2024-06-23 13:44:29.316,10698,231,6,72,False,0,car,0 days 00:41:14.903000,0 days 01:38:11.998000
2024-06-23 13:44:29.636,10698,231,6,74,False,0,car,0 days 00:41:15.223000,0 days 01:38:12.318000
2024-06-23 13:44:29.956,10836,235,6,100,False,0,car,0 days 00:41:15.543000,0 days 01:38:12.638000
2024-06-23 13:44:30.116,10933,235,6,100,False,0,car,0 days 00:41:15.703000,0 days 01:38:12.798000
2024-06-23 13:44:30.436,11171,240,6,100,False,0,car,0 days 00:41:16.023000,0 days 01:38:13.118000
2024-06-23 13:44:30.596,11208,242,6,100,False,0,car,0 days 00:41:16.183000,0 days 01:38:13.278000
2024-06-23 13:44:30.796,11436,242,6,100,False,0,car,0 days 00:41:16.383000,0 days 01:38:13.478000
2024-06-23 13:44:31.076,11527,250,6,100,False,0,car,0 days 00:41:16.663000,0 days 01:38:13.758000
2024-06-23 13:44:31.476,11838,256,6,100,False,0,car,0 days 00:41:17.063000,0 days 01:38:14.158000
2024-06-23 13:44:31.636,11278,255,6,100,False,0,car,0 days 00:41:17.223000,0 days 01:38:14.318000
2024-06-23 13:44:31.876,10472,260,7,100,False,0,car,0 days 00:41:17.463000,0 days 01:38:14.558000
2024-06-23 13:44:32.355,10611,267,7,100,False,0,car,0 days 00:41:17.942000,0 days 01:38:15.037000
2024-06-23 13:44:32.715,10869,269,7,100,False,0,car,0 days 00:41:18.302000,0 days 01:38:15.397000
2024-06-23 13:44:32.875,10934,273,7,100,False,0,car,0 days 00:41:18.462000,0 days 01:38:15.557000
2024-06-23 13:44:33.075,10934,274,7,100,False,0,car,0 days 00:41:18.662000,0 days 01:38:15.757000
2024-06-23 13:44:33.235,11072,276,7,100,False,0,car,0 days 00:41:18.822000,0 days 01:38:15.917000
2024-06-23 13:44:33.435,11144,277,7,100,False,0,car,0 days 00:41:19.022000,0 days 01:38:16.117000
2024-06-23 13:44:33.755,11238,280,7,100,False,0,car,0 days 00:41:19.342000,0 days 01:38:16.437000
2024-06-23 13:44:33.995,11352,283,7,100,False,0,car,0 days 00:41:19.582000,0 days 01:38:16.677000
2024-06-23 13:44:34.235,11389,286,7,100,False,0,car,0 days 00:41:19.822000,0 days 01:38:16.917000
2024-06-23 13:44:34.515,11501,286,7,100,False,0,car,0 days 00:41:20.102000,0 days 01:38:17.197000
2024-06-23 13:44:34.675,11539,288,7,100,False,0,car,0 days 00:41:20.262000,0 days 01:38:17.357000
2024-06-23 13:44:34.955,11587,288,7,100,False,0,car,0 days 00:41:20.542000,0 days 01:38:17.637000
2024-06-23 13:44:35.235,11655,291,7,100,False,0,car,0 days 00:41:20.822000,0 days 01:38:17.917000
2024-06-23 13:44:35.516,11378,292,7,100,False,0,car,0 days 00:41:21.103000,0 days 01:38:18.198000
2024-06-23 13:44:35.836,10331,294,7,100,False,0,car,0 days 00:41:21.423000,0 days 01:38:18.518000
2024-06-23 13:44:36.236,10530,296,8,100,False,0,car,0 days 00:41:21.823000,0 days 01:38:18.918000
2024-06-23 13:44:36.436,10540,297,8,100,False,0,car,0 days 00:41:22.023000,0 days 01:38:19.118000
2024-06-23 13:44:36.796,10584,298,8,100,False,0,car,0 days 00:41:22.383000,0 days 01:38:19.478000
2024-06-23 13:44:37.116,10631,298,8,100,False,0,car,0 days 00:41:22.703000,0 days 01:38:19.798000
2024-06-23 13:44:37.476,10651,300,8,100,False,0,car,0 days 00:41:23.063000,0 days 01:38:20.158000
2024-06-23 13:44:37.756,10683,301,8,100,False,0,car,0 days 00:41:23.343000,0 days 01:38:20.438000
2024-06-23 13:44:38.036,10714,301,8,100,False,0,car,0 days 00:41:23.623000,0 days 01:38:20.718000
2024-06-23 13:44:38.356,10751,302,8,100,False,0,car,0 days 00:41:23.943000,0 days 01:38:21.038000
2024-06-23 13:44:38.556,10770,302,8,100,False,0,car,0 days 00:41:24.143000,0 days 01:38:21.238000
2024-06-23 13:44:38.755,10757,302,8,100,False,0,car,0 days 00:41:24.342000,0 days 01:38:21.437000
2024-06-23 13:44:39.075,10805,304,8,100,False,0,car,0 days 00:41:24.662000,0 days 01:38:21.757000
2024-06-23 13:44:39.275,10818,304,8,100,False,0,car,0 days 00:41:24.862000,0 days 01:38:21.957000
2024-06-23 13:44:39.595,10835,304,8,100,False,0,car,0 days 00:41:25.182000,0 days 01:38:22.277000
2024-06-23 13:44:39.835,10839,304,8,100,False,0,car,0 days 00:41:25.422000,0 days 01:38:22.517000
2024-06-23 13:44:40.155,10882,306,8,100,False,0,car,0 days 00:41:25.742000,0 days 01:38:22.837000
2024-06-23 13:44:40.395,10873,306,8,100,False,0,car,0 days 00:41:25.982000,0 days 01:38:23.077000
2024-06-23 13:44:40.595,10892,307,8,100,False,0,car,0 days 00:41:26.182000,0 days 01:38:23.277000
2024-06-23 13:44:40.995,10875,306,8,100,False,0,car,0 days 00:41:26.582000,0 days 01:38:23.677000
2024-06-23 13:44:41.155,10875,306,8,100,False,0,car,0 days 00:41:26.742000,0 days 01:38:23.837000
2024-06-23 13:44:41.355,10904,305,8,100,False,0,car,0 days 00:41:26.942000,0 days 01:38:24.037000
2024-06-23 13:44:41.635,10878,306,8,100,False,0,car,0 days 00:41:27.222000,0 days 01:38:24.317000
2024-06-23 13:44:41.795,10859,306,8,100,False,0,car,0 days 00:41:27.382000,0 days 01:38:24.477000
2024-06-23 13:44:42.036,10770,305,8,100,False,0,car,0 days 00:41:27.623000,0 days 01:38:24.718000
2024-06-23 13:44:42.276,10517,303,8,47,False,0,car,0 days 00:41:27.863000,0 days 01:38:24.958000
2024-06-23 13:44:42.636,9846,283,8,0,True,0,car,0 days 00:41:28.223000,0 days 01:38:25.318000
2024-06-23 13:44:42.836,9286,254,8,0,True,0,car,0 days 00:41:28.423000,0 days 01:38:25.518000
2024-06-23 13:44:43.076,9117,228,7,0,True,0,car,0 days 00:41:28.663000,0 days 01:38:25.758000
2024-06-23 13:44:43.356,8788,195,7,0,True,0,car,0 days 00:41:28.943000,0 days 01:38:26.038000
2024-06-23 13:44:43.716,9836,172,5,0,True,0,car,0 days 00:41:29.303000,0 days 01:38:26.398000
2024-06-23 13:44:43.876,9826,163,4,0,True,0,car,0 days 00:41:29.463000,0 days 01:38:26.558000
2024-06-23 13:44:44.196,9194,152,4,0,True,0,car,0 days 00:41:29.783000,0 days 01:38:26.878000
2024-06-23 13:44:44.556,8914,143,4,0,False,0,car,0 days 00:41:30.143000,0 days 01:38:27.238000
2024-06-23 13:44:44.916,8607,139,4,0,False,0,car,0 days 00:41:30.503000,0 days 01:38:27.598000
2024-06-23 13:44:45.116,8738,137,4,10,False,0,car,0 days 00:41:30.703000,0 days 01:38:27.798000
2024-06-23 13:44:45.276,8690,135,4,42,False,0,car,0 days 00:41:30.863000,0 days 01:38:27.958000
2024-06-23 13:44:45.555,8942,137,4,59,False,0,car,0 days 00:41:31.142000,0 days 01:38:28.237000
2024-06-23 13:44:45.995,9436,144,4,69,False,0,car,0 days 00:41:31.582000,0 days 01:38:28.677000
2024-06-23 13:44:46.235,9809,153,4,76,False,0,car,0 days 00:41:31.822000,0 days 01:38:28.917000
2024-06-23 13:44:46.555,9487,161,4,56,False,0,car,0 days 00:41:32.142000,0 days 01:38:29.237000
2024-06-23 13:44:46.795,8774,162,5,53,False,0,car,0 days 00:41:32.382000,0 days 01:38:29.477000
2024-06-23 13:44:47.075,8878,164,5,58,False,0,car,0 days 00:41:32.662000,0 days 01:38:29.757000
2024-06-23 13:44:47.275,9049,166,5,64,False,0,car,0 days 00:41:32.862000,0 days 01:38:29.957000
2024-06-23 13:44:47.635,9180,169,5,74,False,0,car,0 days 00:41:33.222000,0 days 01:38:30.317000
2024-06-23 13:44:47.875,9712,176,5,83,False,0,car,0 days 00:41:33.462000,0 days 01:38:30.557000
2024-06-23 13:44:48.275,10311,187,5,100,False,0,car,0 days 00:41:33.862000,0 days 01:38:30.957000
2024-06-23 13:44:48.556,10647,196,5,100,False,0,car,0 days 00:41:34.143000,0 days 01:38:31.238000
2024-06-23 13:44:48.876,10967,206,5,100,False,0,car,0 days 00:41:34.463000,0 days 01:38:31.558000
2024-06-23 13:44:49.076,10127,209,5,87,False,0,car,0 days 00:41:34.663000,0 days 01:38:31.758000
2024-06-23 13:44:49.356,9850,215,6,76,False,0,car,0 days 00:41:34.943000,0 days 01:38:32.038000
2024-06-23 13:44:49.716,9833,216,6,61,False,0,car,0 days 00:41:35.303000,0 days 01:38:32.398000
2024-06-23 13:44:49.956,9879,214,6,57,False,0,car,0 days 00:41:35.543000,0 days 01:38:32.638000
2024-06-23 13:44:50.196,9387,212,6,12,False,0,car,0 days 00:41:35.783000,0 days 01:38:32.878000
2024-06-23 13:44:50.556,9407,205,6,35,False,0,car,0 days 00:41:36.143000,0 days 01:38:33.238000
2024-06-23 13:44:50.756,9199,203,6,44,False,0,car,0 days 00:41:36.343000,0 days 01:38:33.438000
2024-06-23 13:44:51.156,9418,203,6,74,False,0,car,0 days 00:41:36.743000,0 days 01:38:33.838000
2024-06-23 13:44:51.596,9756,207,6,85,False,0,car,0 days 00:41:37.183000,0 days 01:38:34.278000
2024-06-23 13:44:51.916,10002,212,6,100,False,0,car,0 days 00:41:37.503000,0 days 01:38:34.598000
2024-06-23 13:44:52.076,10125,216,6,100,False,0,car,0 days 00:41:37.663000,0 days 01:38:34.758000
2024-06-23 13:44:52.355,10294,222,6,100,False,0,car,0 days 00:41:37.942000,0 days 01:38:35.037000
2024-06-23 13:44:52.595,10633,226,6,100,False,0,car,0 days 00:41:38.182000,0 days 01:38:35.277000
2024-06-23 13:44:52.795,10741,231,6,100,False,0,car,0 days 00:41:38.382000,0 days 01:38:35.477000
2024-06-23 13:44:52.995,10938,234,6,100,False,0,car,0 days 00:41:38.582000,0 days 01:38:35.677000
2024-06-23 13:44:53.235,11080,238,6,100,False,0,car,0 days 00:41:38.822000,0 days 01:38:35.917000
2024-06-23 13:44:53.395,11173,241,6,100,False,0,car,0 days 00:41:38.982000,0 days 01:38:36.077000
2024-06-23 13:44:53.635,11290,245,6,100,False,0,car,0 days 00:41:39.222000,0 days 01:38:36.317000
2024-06-23 13:44:53.955,11481,247,6,100,False,0,car,0 days 00:41:39.542000,0 days 01:38:36.637000
2024-06-23 13:44:54.195,11643,251,6,100,False,0,car,0 days 00:41:39.782000,0 days 01:38:36.877000
2024-06-23 13:44:54.395,11750,254,6,100,False,0,car,0 days 00:41:39.982000,0 days 01:38:37.077000
2024-06-23 13:44:54.595,11610,258,6,100,False,0,car,0 days 00:41:40.182000,0 days 01:38:37.277000
2024-06-23 13:44:54.875,10537,261,7,100,False,0,car,0 days 00:41:40.462000,0 days 01:38:37.557000
2024-06-23 13:44:55.116,10651,262,7,100,False,0,car,0 days 00:41:40.703000,0 days 01:38:37.798000
2024-06-23 13:44:55.476,10815,268,7,100,False,0,car,0 days 00:41:41.063000,0 days 01:38:38.158000
2024-06-23 13:44:55.676,10904,270,7,100,False,0,car,0 days 00:41:41.263000,0 days 01:38:38.358000
2024-06-23 13:44:55.876,10968,273,7,100,False,0,car,0 days 00:41:41.463000,0 days 01:38:38.558000
2024-06-23 13:44:56.316,11140,277,7,100,False,0,car,0 days 00:41:41.903000,0 days 01:38:38.998000
2024-06-23 13:44:56.716,11285,281,7,100,False,0,car,0 days 00:41:42.303000,0 days 01:38:39.398000
2024-06-23 13:44:56.916,11253,282,7,100,False,0,car,0 days 00:41:42.503000,0 days 01:38:39.598000
2024-06-23 13:44:57.236,11288,282,7,100,False,0,car,0 days 00:41:42.823000,0 days 01:38:39.918000
2024-06-23 13:44:57.596,10566,265,7,0,True,0,car,0 days 00:41:43.183000,0 days 01:38:40.278000
2024-06-23 13:44:57.796,9393,241,7,0,True,0,car,0 days 00:41:43.383000,0 days 01:38:40.478000
2024-06-23 13:44:57.996,9507,218,7,0,True,0,car,0 days 00:41:43.583000,0 days 01:38:40.678000
2024-06-23 13:44:58.196,9951,209,7,0,True,0,car,0 days 00:41:43.783000,0 days 01:38:40.878000
2024-06-23 13:44:58.476,9182,180,5,0,True,0,car,0 days 00:41:44.063000,0 days 01:38:41.158000
2024-06-23 13:44:58.836,9827,161,4,0,True,0,car,0 days 00:41:44.423000,0 days 01:38:41.518000
2024-06-23 13:44:59.075,9531,155,4,0,True,0,car,0 days 00:41:44.662000,0 days 01:38:41.757000
2024-06-23 13:44:59.435,8778,142,4,0,True,0,car,0 days 00:41:45.022000,0 days 01:38:42.117000
2024-06-23 13:44:59.595,8638,140,4,0,True,0,car,0 days 00:41:45.182000,0 days 01:38:42.277000
2024-06-23 13:44:59.915,8340,133,4,0,True,0,car,0 days 00:41:45.502000,0 days 01:38:42.597000
2024-06-23 13:45:00.155,7965,128,4,0,True,0,car,0 days 00:41:45.742000,0 days 01:38:42.837000
2024-06-23 13:45:00.435,7786,124,4,0,False,0,car,0 days 00:41:46.022000,0 days 01:38:43.117000
2024-06-23 13:45:00.595,7955,124,4,34,False,0,car,0 days 00:41:46.182000,0 days 01:38:43.277000
2024-06-23 13:45:00.915,8218,125,4,45,False,0,car,0 days 00:41:46.502000,0 days 01:38:43.597000
2024-06-23 13:45:01.075,8218,128,4,50,False,0,car,0 days 00:41:46.662000,0 days 01:38:43.757000
2024-06-23 13:45:01.315,8416,129,4,53,False,0,car,0 days 00:41:46.902000,0 days 01:38:43.997000
2024-06-23 13:45:01.555,8766,135,4,62,False,0,car,0 days 00:41:47.142000,0 days 01:38:44.237000
2024-06-23 13:45:01.716,9080,137,4,65,False,0,car,0 days 00:41:47.303000,0 days 01:38:44.398000
2024-06-23 13:45:01.916,9382,142,4,74,False,0,car,0 days 00:41:47.503000,0 days 01:38:44.598000
2024-06-23 13:45:02.156,9995,152,4,85,False,0,car,0 days 00:41:47.743000,0 days 01:38:44.838000
2024-06-23 13:45:02.476,10550,162,4,100,False,0,car,0 days 00:41:48.063000,0 days 01:38:45.158000
2024-06-23 13:45:02.636,11015,171,4,100,False,0,car,0 days 00:41:48.223000,0 days 01:38:45.318000
2024-06-23 13:45:02.916,11108,177,4,100,False,0,car,0 days 00:41:48.503000,0 days 01:38:45.598000
2024-06-23 13:45:03.236,10371,187,5,100,False,0,car,0 days 00:41:48.823000,0 days 01:38:45.918000
2024-06-23 13:45:03.436,10658,187,5,100,False,0,car,0 days 00:41:49.023000,0 days 01:38:46.118000
2024-06-23 13:45:03.716,11067,202,5,100,False,0,car,0 days 00:41:49.303000,0 days 01:38:46.398000
2024-06-23 13:45:03.876,11222,205,5,100,False,0,car,0 days 00:41:49.463000,0 days 01:38:46.558000
2024-06-23 13:45:04.076,11456,213,5,100,False,0,car,0 days 00:41:49.663000,0 days 01:38:46.758000
2024-06-23 13:45:04.436,11863,223,5,100,False,0,car,0 days 00:41:50.023000,0 days 01:38:47.118000
2024-06-23 13:45:04.676,10585,227,5,100,False,0,car,0 days 00:41:50.263000,0 days 01:38:47.358000
2024-06-23 13:45:04.916,10773,230,6,100,False,0,car,0 days 00:41:50.503000,0 days 01:38:47.598000
2024-06-23 13:45:05.196,10885,237,6,100,False,0,car,0 days 00:41:50.783000,0 days 01:38:47.878000
2024-06-23 13:45:05.516,11012,240,6,100,False,0,car,0 days 00:41:51.103000,0 days 01:38:48.198000
2024-06-23 13:45:05.875,10819,229,6,0,True,0,car,0 days 00:41:51.462000,0 days 01:38:48.557000
2024-06-23 13:45:06.155,9932,194,6,0,True,0,car,0 days 00:41:51.742000,0 days 01:38:48.837000
2024-06-23 13:45:06.475,9718,174,6,0,True,0,car,0 days 00:41:52.062000,0 days 01:38:49.157000
2024-06-23 13:45:06.755,9989,149,4,0,True,0,car,0 days 00:41:52.342000,0 days 01:38:49.437000
2024-06-23 13:45:06.995,9644,139,3,0,True,0,car,0 days 00:41:52.582000,0 days 01:38:49.677000
2024-06-23 13:45:07.315,9009,128,3,0,True,0,car,0 days 00:41:52.902000,0 days 01:38:49.997000
2024-06-23 13:45:07.635,8464,120,3,0,True,0,car,0 days 00:41:53.222000,0 days 01:38:50.317000
2024-06-23 13:45:07.835,8464,114,3,0,True,0,car,0 days 00:41:53.422000,0 days 01:38:50.517000
2024-06-23 13:45:08.075,7801,107,3,0,True,0,car,0 days 00:41:53.662000,0 days 01:38:50.757000
2024-06-23 13:45:08.316,7581,103,3,0,True,0,car,0 days 00:41:53.903000,0 days 01:38:50.998000
2024-06-23 13:45:08.716,7003,95,3,0,True,0,car,0 days 00:41:54.303000,0 days 01:38:51.398000
2024-06-23 13:45:08.956,6956,94,3,0,False,0,car,0 days 00:41:54.543000,0 days 01:38:51.638000
2024-06-23 13:45:09.236,7043,92,3,12,False,0,car,0 days 00:41:54.823000,0 days 01:38:51.918000
2024-06-23 13:45:09.516,7176,94,3,35,False,0,car,0 days 00:41:55.103000,0 days 01:38:52.198000
2024-06-23 13:45:09.956,7924,102,3,48,False,0,car,0 days 00:41:55.543000,0 days 01:38:52.638000
2024-06-23 13:45:10.116,8200,104,3,48,False,0,car,0 days 00:41:55.703000,0 days 01:38:52.798000
2024-06-23 13:45:10.396,8863,109,3,61,False,0,car,0 days 00:41:55.983000,0 days 01:38:53.078000
2024-06-23 13:45:10.676,9576,122,3,74,False,0,car,0 days 00:41:56.263000,0 days 01:38:53.358000
2024-06-23 13:45:10.996,10985,136,3,89,False,0,car,0 days 00:41:56.583000,0 days 01:38:53.678000
2024-06-23 13:45:11.356,10239,150,4,100,False,0,car,0 days 00:41:56.943000,0 days 01:38:54.038000
2024-06-23 13:45:11.596,10519,165,4,100,False,0,car,0 days 00:41:57.183000,0 days 01:38:54.278000
2024-06-23 13:45:11.956,11645,178,4,100,False,0,car,0 days 00:41:57.543000,0 days 01:38:54.638000
2024-06-23 13:45:12.156,11238,185,4,100,False,0,car,0 days 00:41:57.743000,0 days 01:38:54.838000
2024-06-23 13:45:12.555,10812,203,5,100,False,0,car,0 days 00:41:58.142000,0 days 01:38:55.237000
2024-06-23 13:45:12.715,10812,207,5,100,False,0,car,0 days 00:41:58.302000,0 days 01:38:55.397000
2024-06-23 13:45:13.035,11613,219,5,100,False,0,car,0 days 00:41:58.622000,0 days 01:38:55.717000
2024-06-23 13:45:13.235,11855,223,5,100,False,0,car,0 days 00:41:58.822000,0 days 01:38:55.917000
2024-06-23 13:45:13.435,10735,226,5,100,False,0,car,0 days 00:41:59.022000,0 days 01:38:56.117000
2024-06-23 13:45:13.635,10643,231,6,100,False,0,car,0 days 00:41:59.222000,0 days 01:38:56.317000
2024-06-23 13:45:14.035,11048,238,6,100,False,0,car,0 days 00:41:59.622000,0 days 01:38:56.717000
2024-06-23 13:45:14.235,11195,243,6,100,False,0,car,0 days 00:41:59.822000,0 days 01:38:56.917000
2024-06-23 13:45:14.395,11269,245,6,100,False,0,car,0 days 00:41:59.982000,0 days 01:38:57.077000
2024-06-23 13:45:14.675,11532,249,6,100,False,0,car,0 days 00:42:00.262000,0 days 01:38:57.357000
2024-06-23 13:45:14.956,11390,252,6,100,False,0,car,0 days 00:42:00.543000,0 days 01:38:57.638000
2024-06-23 13:45:15.156,11435,249,6,0,True,0,car,0 days 00:42:00.743000,0 days 01:38:57.838000
2024-06-23 13:45:15.396,10514,228,6,0,True,0,car,0 days 00:42:00.983000,0 days 01:38:58.078000
2024-06-23 13:45:15.636,10155,198,6,0,True,0,car,0 days 00:42:01.223000,0 days 01:38:58.318000
2024-06-23 13:45:15.836,9458,181,6,0,True,0,car,0 days 00:42:01.423000,0 days 01:38:58.518000
2024-06-23 13:45:16.076,9653,166,5,0,True,0,car,0 days 00:42:01.663000,0 days 01:38:58.758000
2024-06-23 13:45:16.276,9655,158,4,0,True,0,car,0 days 00:42:01.863000,0 days 01:38:58.958000
2024-06-23 13:45:16.476,9348,152,4,0,True,0,car,0 days 00:42:02.063000,0 days 01:38:59.158000
2024-06-23 13:45:16.836,9348,145,4,0,False,0,car,0 days 00:42:02.423000,0 days 01:38:59.518000
2024-06-23 13:45:17.076,8874,142,4,0,False,0,car,0 days 00:42:02.663000,0 days 01:38:59.758000
2024-06-23 13:45:17.356,8605,137,4,0,False,0,car,0 days 00:42:02.943000,0 days 01:39:00.038000
2024-06-23 13:45:17.556,8552,135,4,14,False,0,car,0 days 00:42:03.143000,0 days 01:39:00.238000
2024-06-23 13:45:17.756,8648,134,4,36,False,0,car,0 days 00:42:03.343000,0 days 01:39:00.438000
2024-06-23 13:45:17.916,8583,134,4,39,False,0,car,0 days 00:42:03.503000,0 days 01:39:00.598000
2024-06-23 13:45:18.116,8848,135,4,47,False,0,car,0 days 00:42:03.703000,0 days 01:39:00.798000
2024-06-23 13:45:18.436,9256,138,4,59,False,0,car,0 days 00:42:04.023000,0 days 01:39:01.118000
2024-06-23 13:45:18.836,10222,153,4,82,False,0,car,0 days 00:42:04.423000,0 days 01:39:01.518000
2024-06-23 13:45:19.076,10733,162,4,87,False,0,car,0 days 00:42:04.663000,0 days 01:39:01.758000
2024-06-23 13:45:19.235,10955,167,4,90,False,0,car,0 days 00:42:04.822000,0 days 01:39:01.917000
2024-06-23 13:45:19.395,11078,169,4,89,False,0,car,0 days 00:42:04.982000,0 days 01:39:02.077000
2024-06-23 13:45:19.675,10484,179,4,100,False,0,car,0 days 00:42:05.262000,0 days 01:39:02.357000
2024-06-23 13:45:20.075,10569,192,5,100,False,0,car,0 days 00:42:05.662000,0 days 01:39:02.757000
2024-06-23 13:45:20.275,10855,198,5,100,False,0,car,0 days 00:42:05.862000,0 days 01:39:02.957000
2024-06-23 13:45:20.475,11005,202,5,100,False,0,car,0 days 00:42:06.062000,0 days 01:39:03.157000
2024-06-23 13:45:20.755,11395,212,5,100,False,0,car,0 days 00:42:06.342000,0 days 01:39:03.437000
2024-06-23 13:45:20.995,11670,217,5,100,False,0,car,0 days 00:42:06.582000,0 days 01:39:03.677000
2024-06-23 13:45:21.315,10121,221,6,100,False,0,car,0 days 00:42:06.902000,0 days 01:39:03.997000
2024-06-23 13:45:21.476,10121,229,6,100,False,0,car,0 days 00:42:07.063000,0 days 01:39:04.158000
2024-06-23 13:45:21.716,10793,235,6,100,False,0,car,0 days 00:42:07.303000,0 days 01:39:04.398000
2024-06-23 13:45:21.916,10904,236,6,100,False,0,car,0 days 00:42:07.503000,0 days 01:39:04.598000
2024-06-23 13:45:22.076,10904,238,6,100,False,0,car,0 days 00:42:07.663000,0 days 01:39:04.758000
2024-06-23 13:45:22.236,10965,240,6,100,False,0,car,0 days 00:42:07.823000,0 days 01:39:04.918000
2024-06-23 13:45:22.596,10845,241,6,26,False,0,car,0 days 00:42:08.183000,0 days 01:39:05.278000
2024-06-23 13:45:22.836,10713,237,6,0,False,0,car,0 days 00:42:08.423000,0 days 01:39:05.518000
2024-06-23 13:45:23.076,10362,229,6,0,False,0,car,0 days 00:42:08.663000,0 days 01:39:05.758000
2024-06-23 13:45:23.356,10049,223,6,12,False,0,car,0 days 00:42:08.943000,0 days 01:39:06.038000
2024-06-23 13:45:23.596,10142,218,6,42,False,0,car,0 days 00:42:09.183000,0 days 01:39:06.278000
2024-06-23 13:45:23.796,9943,216,6,62,False,0,car,0 days 00:42:09.383000,0 days 01:39:06.478000
2024-06-23 13:45:24.116,10046,216,6,67,False,0,car,0 days 00:42:09.703000,0 days 01:39:06.798000
2024-06-23 13:45:24.396,10179,217,6,71,False,0,car,0 days 00:42:09.983000,0 days 01:39:07.078000
2024-06-23 13:45:24.596,10359,220,6,100,False,0,car,0 days 00:42:10.183000,0 days 01:39:07.278000
2024-06-23 13:45:24.916,10581,225,6,95,False,0,car,0 days 00:42:10.503000,0 days 01:39:07.598000
2024-06-23 13:45:25.156,10581,232,6,100,False,0,car,0 days 00:42:10.743000,0 days 01:39:07.838000
2024-06-23 13:45:25.476,10939,238,6,100,False,0,car,0 days 00:42:11.063000,0 days 01:39:08.158000
2024-06-23 13:45:25.876,11239,242,6,100,False,0,car,0 days 00:42:11.463000,0 days 01:39:08.558000
2024-06-23 13:45:26.115,11435,247,6,100,False,0,car,0 days 00:42:11.702000,0 days 01:39:08.797000
2024-06-23 13:45:26.355,11463,252,6,100,False,0,car,0 days 00:42:11.942000,0 days 01:39:09.037000
2024-06-23 13:45:26.635,11719,256,6,100,False,0,car,0 days 00:42:12.222000,0 days 01:39:09.317000
2024-06-23 13:45:26.835,11862,259,6,100,False,0,car,0 days 00:42:12.422000,0 days 01:39:09.517000
2024-06-23 13:45:26.995,11022,260,6,100,False,0,car,0 days 00:42:12.582000,0 days 01:39:09.677000
2024-06-23 13:45:27.235,10229,264,7,100,False,0,car,0 days 00:42:12.822000,0 days 01:39:09.917000
2024-06-23 13:45:27.755,10829,271,7,100,False,0,car,0 days 00:42:13.342000,0 days 01:39:10.437000
2024-06-23 13:45:27.996,10970,273,7,100,False,0,car,0 days 00:42:13.583000,0 days 01:39:10.678000
2024-06-23 13:45:28.196,11020,275,7,100,False,0,car,0 days 00:42:13.783000,0 days 01:39:10.878000
2024-06-23 13:45:28.396,11096,276,7,100,False,0,car,0 days 00:42:13.983000,0 days 01:39:11.078000
2024-06-23 13:45:28.676,11158,276,7,100,False,0,car,0 days 00:42:14.263000,0 days 01:39:11.358000
2024-06-23 13:45:28.836,11252,281,7,100,False,0,car,0 days 00:42:14.423000,0 days 01:39:11.518000
2024-06-23 13:45:29.196,11381,283,7,100,False,0,car,0 days 00:42:14.783000,0 days 01:39:11.878000
2024-06-23 13:45:29.436,11400,285,7,100,False,0,car,0 days 00:42:15.023000,0 days 01:39:12.118000
2024-06-23 13:45:29.636,11451,285,7,100,False,0,car,0 days 00:42:15.223000,0 days 01:39:12.318000
2024-06-23 13:45:29.836,11470,286,7,100,False,0,car,0 days 00:42:15.423000,0 days 01:39:12.518000
2024-06-23 13:45:30.036,11411,286,7,100,False,0,car,0 days 00:42:15.623000,0 days 01:39:12.718000
2024-06-23 13:45:30.236,10998,284,7,0,True,0,car,0 days 00:42:15.823000,0 days 01:39:12.918000
2024-06-23 13:45:30.436,10240,258,7,0,True,0,car,0 days 00:42:16.023000,0 days 01:39:13.118000
2024-06-23 13:45:30.756,9436,220,7,0,True,0,car,0 days 00:42:16.343000,0 days 01:39:13.438000
2024-06-23 13:45:31.076,9436,190,7,0,True,0,car,0 days 00:42:16.663000,0 days 01:39:13.758000
2024-06-23 13:45:31.396,9563,167,5,0,True,0,car,0 days 00:42:16.983000,0 days 01:39:14.078000
2024-06-23 13:45:31.796,9227,149,4,0,True,0,car,0 days 00:42:17.383000,0 days 01:39:14.478000
2024-06-23 13:45:31.956,8616,136,4,0,True,0,car,0 days 00:42:17.543000,0 days 01:39:14.638000
2024-06-23 13:45:32.356,9344,127,3,0,True,0,car,0 days 00:42:17.943000,0 days 01:39:15.038000
2024-06-23 13:45:32.516,8695,127,3,0,True,0,car,0 days 00:42:18.103000,0 days 01:39:15.198000
2024-06-23 13:45:32.795,8438,118,3,0,True,0,car,0 days 00:42:18.382000,0 days 01:39:15.477000
2024-06-23 13:45:32.995,8323,114,3,0,True,0,car,0 days 00:42:18.582000,0 days 01:39:15.677000
2024-06-23 13:45:33.275,7977,110,3,0,True,0,car,0 days 00:42:18.862000,0 days 01:39:15.957000
2024-06-23 13:45:33.515,7734,106,3,0,True,0,car,0 days 00:42:19.102000,0 days 01:39:16.197000
2024-06-23 13:45:33.875,7369,99,3,0,True,0,car,0 days 00:42:19.462000,0 days 01:39:16.557000
2024-06-23 13:45:34.235,7296,97,3,5,False,0,car,0 days 00:42:19.822000,0 days 01:39:16.917000
2024-06-23 13:45:34.676,7574,98,3,39,False,0,car,0 days 00:42:20.263000,0 days 01:39:17.358000
2024-06-23 13:45:34.956,7854,102,3,46,False,0,car,0 days 00:42:20.543000,0 days 01:39:17.638000
2024-06-23 13:45:35.316,8445,108,3,51,False,0,car,0 days 00:42:20.903000,0 days 01:39:17.998000
2024-06-23 13:45:35.636,9051,117,3,57,False,0,car,0 days 00:42:21.223000,0 days 01:39:18.318000
2024-06-23 13:45:35.796,9431,120,3,63,False,0,car,0 days 00:42:21.383000,0 days 01:39:18.478000
2024-06-23 13:45:36.036,8613,129,3,70,False,0,car,0 days 00:42:21.623000,0 days 01:39:18.718000
2024-06-23 13:45:36.316,9056,134,3,75,False,0,car,0 days 00:42:21.903000,0 days 01:39:18.998000
2024-06-23 13:45:36.516,9439,141,4,80,False,0,car,0 days 00:42:22.103000,0 days 01:39:19.198000
2024-06-23 13:45:36.916,10275,153,4,87,False,0,car,0 days 00:42:22.503000,0 days 01:39:19.598000
2024-06-23 13:45:37.276,11197,172,4,100,False,0,car,0 days 00:42:22.863000,0 days 01:39:19.958000
2024-06-23 13:45:37.516,11681,179,4,100,False,0,car,0 days 00:42:23.103000,0 days 01:39:20.198000
2024-06-23 13:45:37.676,10981,186,4,100,False,0,car,0 days 00:42:23.263000,0 days 01:39:20.358000
2024-06-23 13:45:37.836,10143,192,4,100,False,0,car,0 days 00:42:23.423000,0 days 01:39:20.518000
2024-06-23 13:45:38.196,10413,198,5,100,True,0,car,0 days 00:42:23.783000,0 days 01:39:20.878000
2024-06-23 13:45:38.396,9556,187,5,0,True,0,car,0 days 00:42:23.983000,0 days 01:39:21.078000
2024-06-23 13:45:38.596,9048,174,5,0,True,0,car,0 days 00:42:24.183000,0 days 01:39:21.278000
2024-06-23 13:45:38.796,9931,164,4,0,True,0,car,0 days 00:42:24.383000,0 days 01:39:21.478000
2024-06-23 13:45:39.036,9269,155,4,0,True,0,car,0 days 00:42:24.623000,0 days 01:39:21.718000
2024-06-23 13:45:39.316,8671,149,4,0,True,0,car,0 days 00:42:24.903000,0 days 01:39:21.998000
2024-06-23 13:45:39.515,8671,139,4,0,True,0,car,0 days 00:42:25.102000,0 days 01:39:22.197000
2024-06-23 13:45:39.915,7898,129,4,0,False,0,car,0 days 00:42:25.502000,0 days 01:39:22.597000
2024-06-23 13:45:40.235,7643,123,4,0,False,0,car,0 days 00:42:25.822000,0 days 01:39:22.917000
2024-06-23 13:45:40.555,7290,119,4,0,True,0,car,0 days 00:42:26.142000,0 days 01:39:23.237000
2024-06-23 13:45:40.835,7204,116,4,0,False,0,car,0 days 00:42:26.422000,0 days 01:39:23.517000
2024-06-23 13:45:40.995,6967,113,4,0,True,0,car,0 days 00:42:26.582000,0 days 01:39:23.677000
2024-06-23 13:45:41.396,6880,108,4,12,False,0,car,0 days 00:42:26.983000,0 days 01:39:24.078000
2024-06-23 13:45:41.596,7031,108,4,29,False,0,car,0 days 00:42:27.183000,0 days 01:39:24.278000
2024-06-23 13:45:41.836,7080,109,4,38,False,0,car,0 days 00:42:27.423000,0 days 01:39:24.518000
2024-06-23 13:45:42.196,7446,114,4,46,False,0,car,0 days 00:42:27.783000,0 days 01:39:24.878000
2024-06-23 13:45:42.476,7610,118,4,49,False,0,car,0 days 00:42:28.063000,0 days 01:39:25.158000
2024-06-23 13:45:42.756,8191,124,4,59,False,0,car,0 days 00:42:28.343000,0 days 01:39:25.438000
2024-06-23 13:45:42.996,8560,129,4,61,False,0,car,0 days 00:42:28.583000,0 days 01:39:25.678000
2024-06-23 13:45:43.156,8713,134,4,70,False,0,car,0 days 00:42:28.743000,0 days 01:39:25.838000
2024-06-23 13:45:43.476,9477,144,4,79,False,0,car,0 days 00:42:29.063000,0 days 01:39:26.158000
2024-06-23 13:45:43.716,10160,151,4,84,False,0,car,0 days 00:42:29.303000,0 days 01:39:26.398000
2024-06-23 13:45:43.916,10376,155,4,91,False,0,car,0 days 00:42:29.503000,0 days 01:39:26.598000
2024-06-23 13:45:44.076,10376,167,4,91,False,0,car,0 days 00:42:29.663000,0 days 01:39:26.758000
2024-06-23 13:45:44.236,11249,174,4,100,False,0,car,0 days 00:42:29.823000,0 days 01:39:26.918000
2024-06-23 13:45:44.436,11037,183,4,100,False,0,car,0 days 00:42:30.023000,0 days 01:39:27.118000
2024-06-23 13:45:44.636,10400,190,5,100,False,0,car,0 days 00:42:30.223000,0 days 01:39:27.318000
2024-06-23 13:45:44.836,10536,193,5,100,False,0,car,0 days 00:42:30.423000,0 days 01:39:27.518000
2024-06-23 13:45:45.036,11125,205,5,100,False,0,car,0 days 00:42:30.623000,0 days 01:39:27.718000
2024-06-23 13:45:45.316,11248,210,5,100,False,0,car,0 days 00:42:30.903000,0 days 01:39:27.998000
2024-06-23 13:45:45.516,11571,215,5,100,False,0,car,0 days 00:42:31.103000,0 days 01:39:28.198000
2024-06-23 13:45:45.676,10871,220,5,100,False,0,car,0 days 00:42:31.263000,0 days 01:39:28.358000
2024-06-23 13:45:45.916,10441,225,6,100,False,0,car,0 days 00:42:31.503000,0 days 01:39:28.598000
2024-06-23 13:45:46.195,10770,232,6,100,False,0,car,0 days 00:42:31.782000,0 days 01:39:28.877000
2024-06-23 13:45:46.635,10909,235,6,85,False,0,car,0 days 00:42:32.222000,0 days 01:39:29.317000
2024-06-23 13:45:47.035,11372,240,6,94,False,0,car,0 days 00:42:32.622000,0 days 01:39:29.717000
2024-06-23 13:45:47.275,11137,241,6,81,False,0,car,0 days 00:42:32.862000,0 days 01:39:29.957000
2024-06-23 13:45:47.515,11306,242,6,84,False,0,car,0 days 00:42:33.102000,0 days 01:39:30.197000
2024-06-23 13:45:47.756,11291,245,6,100,False,0,car,0 days 00:42:33.343000,0 days 01:39:30.438000
2024-06-23 13:45:47.996,11418,247,6,100,False,0,car,0 days 00:42:33.583000,0 days 01:39:30.678000
2024-06-23 13:45:48.356,11619,253,6,100,False,0,car,0 days 00:42:33.943000,0 days 01:39:31.038000
2024-06-23 13:45:48.556,11725,256,6,100,False,0,car,0 days 00:42:34.143000,0 days 01:39:31.238000
2024-06-23 13:45:48.756,10548,259,7,100,False,0,car,0 days 00:42:34.343000,0 days 01:39:31.438000
2024-06-23 13:45:48.956,10423,262,7,100,False,0,car,0 days 00:42:34.543000,0 days 01:39:31.638000
2024-06-23 13:45:49.156,10468,261,7,100,False,0,car,0 days 00:42:34.743000,0 days 01:39:31.838000
2024-06-23 13:45:49.476,9898,255,7,0,True,0,car,0 days 00:42:35.063000,0 days 01:39:32.158000
2024-06-23 13:45:49.716,9503,247,7,0,True,0,car,0 days 00:42:35.303000,0 days 01:39:32.398000
2024-06-23 13:45:49.956,10763,236,6,0,False,0,car,0 days 00:42:35.543000,0 days 01:39:32.638000
2024-06-23 13:45:50.276,10748,230,6,51,False,0,car,0 days 00:42:35.863000,0 days 01:39:32.958000
2024-06-23 13:45:50.436,10510,226,6,51,False,0,car,0 days 00:42:36.023000,0 days 01:39:33.118000
2024-06-23 13:45:50.596,10222,226,6,61,False,0,car,0 days 00:42:36.183000,0 days 01:39:33.278000
2024-06-23 13:45:50.956,10560,227,6,82,False,0,car,0 days 00:42:36.543000,0 days 01:39:33.638000
2024-06-23 13:45:51.236,10527,228,6,79,False,0,car,0 days 00:42:36.823000,0 days 01:39:33.918000
2024-06-23 13:45:51.516,10828,232,6,100,False,0,car,0 days 00:42:37.103000,0 days 01:39:34.198000
2024-06-23 13:45:51.796,11038,236,6,100,False,0,car,0 days 00:42:37.383000,0 days 01:39:34.478000
2024-06-23 13:45:52.156,11205,243,6,100,False,0,car,0 days 00:42:37.743000,0 days 01:39:34.838000
2024-06-23 13:45:52.316,11346,246,6,100,False,0,car,0 days 00:42:37.903000,0 days 01:39:34.998000
2024-06-23 13:45:52.596,11506,249,6,100,False,0,car,0 days 00:42:38.183000,0 days 01:39:35.278000
2024-06-23 13:45:52.955,11690,255,6,100,False,0,car,0 days 00:42:38.542000,0 days 01:39:35.637000
2024-06-23 13:45:53.155,11130,256,6,100,False,0,car,0 days 00:42:38.742000,0 days 01:39:35.837000
2024-06-23 13:45:53.435,10388,262,7,100,False,0,car,0 days 00:42:39.022000,0 days 01:39:36.117000
2024-06-23 13:45:53.835,10685,265,7,100,False,0,car,0 days 00:42:39.422000,0 days 01:39:36.517000
2024-06-23 13:45:53.995,10728,267,7,100,False,0,car,0 days 00:42:39.582000,0 days 01:39:36.677000
2024-06-23 13:45:54.235,10852,270,7,100,False,0,car,0 days 00:42:39.822000,0 days 01:39:36.917000
2024-06-23 13:45:54.436,10922,272,7,100,False,0,car,0 days 00:42:40.023000,0 days 01:39:37.118000
2024-06-23 13:45:54.796,11088,275,7,100,False,0,car,0 days 00:42:40.383000,0 days 01:39:37.478000
2024-06-23 13:45:55.116,11208,278,7,100,False,0,car,0 days 00:42:40.703000,0 days 01:39:37.798000
2024-06-23 13:45:55.316,11289,280,7,100,False,0,car,0 days 00:42:40.903000,0 days 01:39:37.998000
2024-06-23 13:45:55.556,11333,283,7,100,False,0,car,0 days 00:42:41.143000,0 days 01:39:38.238000
2024-06-23 13:45:55.756,11379,284,7,100,False,0,car,0 days 00:42:41.343000,0 days 01:39:38.438000
2024-06-23 13:45:55.956,11432,286,7,100,False,0,car,0 days 00:42:41.543000,0 days 01:39:38.638000
2024-06-23 13:45:56.116,11495,286,7,100,False,0,car,0 days 00:42:41.703000,0 days 01:39:38.798000
2024-06-23 13:45:56.476,11575,289,7,100,False,0,car,0 days 00:42:42.063000,0 days 01:39:39.158000
2024-06-23 13:45:56.756,11620,290,7,100,False,0,car,0 days 00:42:42.343000,0 days 01:39:39.438000
2024-06-23 13:45:56.956,11706,293,7,100,False,0,car,0 days 00:42:42.543000,0 days 01:39:39.638000
2024-06-23 13:45:57.116,11723,293,7,100,False,0,car,0 days 00:42:42.703000,0 days 01:39:39.798000
2024-06-23 13:45:57.556,10679,295,8,100,False,0,car,0 days 00:42:43.143000,0 days 01:39:40.238000
2024-06-23 13:45:57.956,10546,296,8,100,False,0,car,0 days 00:42:43.543000,0 days 01:39:40.638000
2024-06-23 13:45:58.276,10572,297,8,100,False,0,car,0 days 00:42:43.863000,0 days 01:39:40.958000
2024-06-23 13:45:58.596,10641,298,8,100,False,0,car,0 days 00:42:44.183000,0 days 01:39:41.278000
2024-06-23 13:45:58.996,10638,299,8,100,False,0,car,0 days 00:42:44.583000,0 days 01:39:41.678000
2024-06-23 13:45:59.196,10656,299,8,100,False,0,car,0 days 00:42:44.783000,0 days 01:39:41.878000
2024-06-23 13:45:59.516,10718,300,8,100,False,0,car,0 days 00:42:45.103000,0 days 01:39:42.198000
2024-06-23 13:45:59.795,10720,302,8,100,False,0,car,0 days 00:42:45.382000,0 days 01:39:42.477000
2024-06-23 13:46:00.035,10729,302,8,100,False,0,car,0 days 00:42:45.622000,0 days 01:39:42.717000
2024-06-23 13:46:00.195,10742,302,8,100,False,0,car,0 days 00:42:45.782000,0 days 01:39:42.877000
2024-06-23 13:46:00.555,10752,303,8,100,False,0,car,0 days 00:42:46.142000,0 days 01:39:43.237000
2024-06-23 13:46:00.876,10786,304,8,100,False,0,car,0 days 00:42:46.463000,0 days 01:39:43.558000
2024-06-23 13:46:01.036,10806,304,8,100,False,0,car,0 days 00:42:46.623000,0 days 01:39:43.718000
2024-06-23 13:46:01.196,10795,304,8,100,False,0,car,0 days 00:42:46.783000,0 days 01:39:43.878000
2024-06-23 13:46:01.516,10818,305,8,100,False,0,car,0 days 00:42:47.103000,0 days 01:39:44.198000
2024-06-23 13:46:01.796,10816,305,8,100,False,0,car,0 days 00:42:47.383000,0 days 01:39:44.478000
2024-06-23 13:46:02.076,10843,305,8,100,False,0,car,0 days 00:42:47.663000,0 days 01:39:44.758000
2024-06-23 13:46:02.276,10828,306,8,100,False,0,car,0 days 00:42:47.863000,0 days 01:39:44.958000
2024-06-23 13:46:02.516,10838,304,8,100,False,0,car,0 days 00:42:48.103000,0 days 01:39:45.198000
2024-06-23 13:46:02.796,10848,305,8,100,False,0,car,0 days 00:42:48.383000,0 days 01:39:45.478000
2024-06-23 13:46:03.156,10852,305,8,100,False,0,car,0 days 00:42:48.743000,0 days 01:39:45.838000
2024-06-23 13:46:03.436,10764,304,8,100,False,0,car,0 days 00:42:49.023000,0 days 01:39:46.118000
2024-06-23 13:46:03.676,10980,302,8,0,False,0,car,0 days 00:42:49.263000,0 days 01:39:46.358000
2024-06-23 13:46:03.836,10168,291,8,0,True,0,car,0 days 00:42:49.423000,0 days 01:39:46.518000
2024-06-23 13:46:03.996,9778,284,8,0,True,0,car,0 days 00:42:49.583000,0 days 01:39:46.678000
2024-06-23 13:46:04.316,9018,274,8,0,True,0,car,0 days 00:42:49.903000,0 days 01:39:46.998000
2024-06-23 13:46:04.556,9047,216,7,0,True,0,car,0 days 00:42:50.143000,0 days 01:39:47.238000
2024-06-23 13:46:04.996,8980,179,6,0,True,0,car,0 days 00:42:50.583000,0 days 01:39:47.678000
2024-06-23 13:46:05.196,9697,166,5,0,True,0,car,0 days 00:42:50.783000,0 days 01:39:47.878000
2024-06-23 13:46:05.636,9309,149,4,0,True,0,car,0 days 00:42:51.223000,0 days 01:39:48.318000
2024-06-23 13:46:05.996,8776,142,4,0,True,0,car,0 days 00:42:51.583000,0 days 01:39:48.678000
2024-06-23 13:46:06.276,8650,138,4,0,False,0,car,0 days 00:42:51.863000,0 days 01:39:48.958000
2024-06-23 13:46:06.435,8582,135,4,0,False,0,car,0 days 00:42:52.022000,0 days 01:39:49.117000
2024-06-23 13:46:06.715,8660,134,4,40,False,0,car,0 days 00:42:52.302000,0 days 01:39:49.397000
2024-06-23 13:46:07.035,8927,136,4,53,False,0,car,0 days 00:42:52.622000,0 days 01:39:49.717000
2024-06-23 13:46:07.195,9066,139,4,62,False,0,car,0 days 00:42:52.782000,0 days 01:39:49.877000
2024-06-23 13:46:07.476,9518,143,4,74,False,0,car,0 days 00:42:53.063000,0 days 01:39:50.158000
2024-06-23 13:46:07.716,9914,149,4,77,False,0,car,0 days 00:42:53.303000,0 days 01:39:50.398000
2024-06-23 13:46:07.876,9914,154,4,78,False,0,car,0 days 00:42:53.463000,0 days 01:39:50.558000
2024-06-23 13:46:08.036,9022,162,4,61,False,0,car,0 days 00:42:53.623000,0 days 01:39:50.718000
2024-06-23 13:46:08.316,8769,163,5,51,False,0,car,0 days 00:42:53.903000,0 days 01:39:50.998000
2024-06-23 13:46:08.756,8937,166,5,58,False,0,car,0 days 00:42:54.343000,0 days 01:39:51.438000
2024-06-23 13:46:08.996,9177,168,5,68,False,0,car,0 days 00:42:54.583000,0 days 01:39:51.678000
2024-06-23 13:46:09.196,9381,171,5,74,False,0,car,0 days 00:42:54.783000,0 days 01:39:51.878000
2024-06-23 13:46:09.396,9662,175,5,80,False,0,car,0 days 00:42:54.983000,0 days 01:39:52.078000
2024-06-23 13:46:09.756,9921,182,5,88,False,0,car,0 days 00:42:55.343000,0 days 01:39:52.438000
2024-06-23 13:46:09.996,10434,190,5,100,False,0,car,0 days 00:42:55.583000,0 days 01:39:52.678000
2024-06-23 13:46:10.276,10677,199,5,100,False,0,car,0 days 00:42:55.863000,0 days 01:39:52.958000
2024-06-23 13:46:10.596,11296,208,5,100,False,0,car,0 days 00:42:56.183000,0 days 01:39:53.278000
2024-06-23 13:46:10.916,11226,215,5,82,False,0,car,0 days 00:42:56.503000,0 days 01:39:53.598000
2024-06-23 13:46:11.076,10106,216,6,73,False,0,car,0 days 00:42:56.663000,0 days 01:39:53.758000
2024-06-23 13:46:11.396,9990,219,6,63,False,0,car,0 days 00:42:56.983000,0 days 01:39:54.078000
2024-06-23 13:46:11.796,9539,211,6,0,False,0,car,0 days 00:42:57.383000,0 days 01:39:54.478000
2024-06-23 13:46:11.956,9460,207,6,0,False,0,car,0 days 00:42:57.543000,0 days 01:39:54.638000
2024-06-23 13:46:12.116,9416,206,6,0,False,0,car,0 days 00:42:57.703000,0 days 01:39:54.798000
2024-06-23 13:46:12.396,9071,200,6,49,False,0,car,0 days 00:42:57.983000,0 days 01:39:55.078000
2024-06-23 13:46:12.676,9296,199,6,69,False,0,car,0 days 00:42:58.263000,0 days 01:39:55.358000
2024-06-23 13:46:12.876,9474,201,6,82,False,0,car,0 days 00:42:58.463000,0 days 01:39:55.558000
2024-06-23 13:46:13.195,9669,206,6,84,False,0,car,0 days 00:42:58.782000,0 days 01:39:55.877000
2024-06-23 13:46:13.395,9893,209,6,100,False,0,car,0 days 00:42:58.982000,0 days 01:39:56.077000
2024-06-23 13:46:13.675,9968,213,6,100,False,0,car,0 days 00:42:59.262000,0 days 01:39:56.357000
2024-06-23 13:46:13.875,10230,219,6,100,False,0,car,0 days 00:42:59.462000,0 days 01:39:56.557000
2024-06-23 13:46:14.156,10471,225,6,100,False,0,car,0 days 00:42:59.743000,0 days 01:39:56.838000
2024-06-23 13:46:14.476,10734,230,6,100,False,0,car,0 days 00:43:00.063000,0 days 01:39:57.158000
2024-06-23 13:46:14.756,10974,236,6,100,False,0,car,0 days 00:43:00.343000,0 days 01:39:57.438000
2024-06-23 13:46:14.996,11155,240,6,100,False,0,car,0 days 00:43:00.583000,0 days 01:39:57.678000
2024-06-23 13:46:15.156,11201,240,6,100,False,0,car,0 days 00:43:00.743000,0 days 01:39:57.838000
2024-06-23 13:46:15.316,11344,245,6,100,False,0,car,0 days 00:43:00.903000,0 days 01:39:57.998000
2024-06-23 13:46:15.556,11506,250,6,100,False,0,car,0 days 00:43:01.143000,0 days 01:39:58.238000
2024-06-23 13:46:15.876,11751,252,6,100,False,0,car,0 days 00:43:01.463000,0 days 01:39:58.558000
2024-06-23 13:46:16.276,11092,259,6,100,False,0,car,0 days 00:43:01.863000,0 days 01:39:58.958000
2024-06-23 13:46:16.516,10605,261,7,100,False,0,car,0 days 00:43:02.103000,0 days 01:39:59.198000
2024-06-23 13:46:16.676,10608,263,7,100,False,0,car,0 days 00:43:02.263000,0 days 01:39:59.358000
2024-06-23 13:46:16.876,10721,266,7,100,False,0,car,0 days 00:43:02.463000,0 days 01:39:59.558000
2024-06-23 13:46:17.076,10806,269,7,100,False,0,car,0 days 00:43:02.663000,0 days 01:39:59.758000
2024-06-23 13:46:17.356,10920,273,7,100,False,0,car,0 days 00:43:02.943000,0 days 01:40:00.038000
2024-06-23 13:46:17.716,11088,276,7,100,False,0,car,0 days 00:43:03.303000,0 days 01:40:00.398000
2024-06-23 13:46:17.876,11131,276,7,100,False,0,car,0 days 00:43:03.463000,0 days 01:40:00.558000
2024-06-23 13:46:18.076,11201,279,7,100,False,0,car,0 days 00:43:03.663000,0 days 01:40:00.758000
2024-06-23 13:46:18.316,11251,282,7,100,False,0,car,0 days 00:43:03.903000,0 days 01:40:00.998000
2024-06-23 13:46:18.556,11276,283,7,100,False,0,car,0 days 00:43:04.143000,0 days 01:40:01.238000
2024-06-23 13:46:18.756,10702,282,7,20,False,0,car,0 days 00:43:04.343000,0 days 01:40:01.438000
2024-06-23 13:46:18.956,10561,271,7,0,True,0,car,0 days 00:43:04.543000,0 days 01:40:01.638000
2024-06-23 13:46:19.436,9663,213,7,0,True,0,car,0 days 00:43:05.023000,0 days 01:40:02.118000
2024-06-23 13:46:19.795,9674,188,6,0,True,0,car,0 days 00:43:05.382000,0 days 01:40:02.477000
2024-06-23 13:46:19.995,9036,183,5,0,True,0,car,0 days 00:43:05.582000,0 days 01:40:02.677000
2024-06-23 13:46:20.155,9498,174,5,0,True,0,car,0 days 00:43:05.742000,0 days 01:40:02.837000
2024-06-23 13:46:20.435,9838,163,4,0,True,0,car,0 days 00:43:06.022000,0 days 01:40:03.117000
2024-06-23 13:46:20.876,9266,151,4,0,True,0,car,0 days 00:43:06.463000,0 days 01:40:03.558000
2024-06-23 13:46:21.156,8993,144,4,0,True,0,car,0 days 00:43:06.743000,0 days 01:40:03.838000
2024-06-23 13:46:21.396,8478,139,4,0,True,0,car,0 days 00:43:06.983000,0 days 01:40:04.078000
2024-06-23 13:46:21.676,8255,132,4,0,True,0,car,0 days 00:43:07.263000,0 days 01:40:04.358000
2024-06-23 13:46:21.876,8146,129,4,0,False,0,car,0 days 00:43:07.463000,0 days 01:40:04.558000
2024-06-23 13:46:22.196,8030,126,4,29,False,0,car,0 days 00:43:07.783000,0 days 01:40:04.878000
2024-06-23 13:46:22.396,8226,126,4,48,False,0,car,0 days 00:43:07.983000,0 days 01:40:05.078000
2024-06-23 13:46:22.556,8375,129,4,53,False,0,car,0 days 00:43:08.143000,0 days 01:40:05.238000
2024-06-23 13:46:22.876,8668,134,4,60,False,0,car,0 days 00:43:08.463000,0 days 01:40:05.558000
2024-06-23 13:46:23.076,9023,135,4,62,False,0,car,0 days 00:43:08.663000,0 days 01:40:05.758000
2024-06-23 13:46:23.396,9722,143,4,69,False,0,car,0 days 00:43:08.983000,0 days 01:40:06.078000
2024-06-23 13:46:23.716,10133,150,4,75,False,0,car,0 days 00:43:09.303000,0 days 01:40:06.398000
2024-06-23 13:46:23.876,9934,155,4,76,False,0,car,0 days 00:43:09.463000,0 days 01:40:06.558000
2024-06-23 13:46:24.116,10769,163,4,84,False,0,car,0 days 00:43:09.703000,0 days 01:40:06.798000
2024-06-23 13:46:24.516,11433,174,4,87,False,0,car,0 days 00:43:10.103000,0 days 01:40:07.198000
2024-06-23 13:46:24.756,11108,179,4,100,False,0,car,0 days 00:43:10.343000,0 days 01:40:07.438000
2024-06-23 13:46:25.036,10519,195,5,100,False,0,car,0 days 00:43:10.623000,0 days 01:40:07.718000
2024-06-23 13:46:25.236,10667,201,5,100,False,0,car,0 days 00:43:10.823000,0 days 01:40:07.918000
2024-06-23 13:46:25.436,11069,206,5,100,False,0,car,0 days 00:43:11.023000,0 days 01:40:08.118000
2024-06-23 13:46:25.676,11365,212,5,100,False,0,car,0 days 00:43:11.263000,0 days 01:40:08.358000
2024-06-23 13:46:25.916,11689,216,5,100,False,0,car,0 days 00:43:11.503000,0 days 01:40:08.598000
2024-06-23 13:46:26.316,10384,224,6,100,False,0,car,0 days 00:43:11.903000,0 days 01:40:08.998000
2024-06-23 13:46:26.635,10713,234,6,100,False,0,car,0 days 00:43:12.222000,0 days 01:40:09.317000
2024-06-23 13:46:26.875,10885,237,6,100,False,0,car,0 days 00:43:12.462000,0 days 01:40:09.557000
2024-06-23 13:46:27.196,10753,238,6,100,True,0,car,0 days 00:43:12.783000,0 days 01:40:09.878000
2024-06-23 13:46:27.436,9628,214,6,0,True,0,car,0 days 00:43:13.023000,0 days 01:40:10.118000
2024-06-23 13:46:27.596,9192,202,6,0,True,0,car,0 days 00:43:13.183000,0 days 01:40:10.278000
2024-06-23 13:46:27.876,9111,175,5,0,True,0,car,0 days 00:43:13.463000,0 days 01:40:10.558000
2024-06-23 13:46:28.156,9477,155,5,0,True,0,car,0 days 00:43:13.743000,0 days 01:40:10.838000
2024-06-23 13:46:28.436,9796,144,4,0,True,0,car,0 days 00:43:14.023000,0 days 01:40:11.118000
2024-06-23 13:46:28.596,9521,140,3,0,True,0,car,0 days 00:43:14.183000,0 days 01:40:11.278000
2024-06-23 13:46:28.796,9301,129,3,0,True,0,car,0 days 00:43:14.383000,0 days 01:40:11.478000
2024-06-23 13:46:29.076,8539,123,3,0,True,0,car,0 days 00:43:14.663000,0 days 01:40:11.758000
2024-06-23 13:46:29.276,8070,115,3,0,True,0,car,0 days 00:43:14.863000,0 days 01:40:11.958000
2024-06-23 13:46:29.436,7793,109,3,0,True,0,car,0 days 00:43:15.023000,0 days 01:40:12.118000
2024-06-23 13:46:29.716,7534,106,3,0,True,0,car,0 days 00:43:15.303000,0 days 01:40:12.398000
2024-06-23 13:46:29.996,6978,98,3,0,True,0,car,0 days 00:43:15.583000,0 days 01:40:12.678000
2024-06-23 13:46:30.276,6881,93,3,0,True,0,car,0 days 00:43:15.863000,0 days 01:40:12.958000
2024-06-23 13:46:30.556,6951,91,3,9,False,0,car,0 days 00:43:16.143000,0 days 01:40:13.238000
2024-06-23 13:46:30.796,6950,91,3,23,False,0,car,0 days 00:43:16.383000,0 days 01:40:13.478000
2024-06-23 13:46:30.956,7085,93,3,34,False,0,car,0 days 00:43:16.543000,0 days 01:40:13.638000
2024-06-23 13:46:31.196,7432,95,3,38,False,0,car,0 days 00:43:16.783000,0 days 01:40:13.878000
2024-06-23 13:46:31.516,7910,100,3,46,False,0,car,0 days 00:43:17.103000,0 days 01:40:14.198000
2024-06-23 13:46:31.796,8553,107,3,55,False,0,car,0 days 00:43:17.383000,0 days 01:40:14.478000
2024-06-23 13:46:31.996,9026,113,3,61,False,0,car,0 days 00:43:17.583000,0 days 01:40:14.678000
2024-06-23 13:46:32.276,9409,123,3,74,False,0,car,0 days 00:43:17.863000,0 days 01:40:14.958000
2024-06-23 13:46:32.436,8725,131,3,77,False,0,car,0 days 00:43:18.023000,0 days 01:40:15.118000
2024-06-23 13:46:32.716,9458,140,4,88,False,0,car,0 days 00:43:18.303000,0 days 01:40:15.398000
2024-06-23 13:46:33.036,10552,153,4,100,False,0,car,0 days 00:43:18.623000,0 days 01:40:15.718000
2024-06-23 13:46:33.235,10870,168,4,100,False,0,car,0 days 00:43:18.822000,0 days 01:40:15.917000
2024-06-23 13:46:33.435,11398,177,4,100,False,0,car,0 days 00:43:19.022000,0 days 01:40:16.117000
2024-06-23 13:46:33.635,11041,181,4,100,False,0,car,0 days 00:43:19.222000,0 days 01:40:16.317000
2024-06-23 13:46:33.876,10518,185,5,100,False,0,car,0 days 00:43:19.463000,0 days 01:40:16.558000
2024-06-23 13:46:34.036,10677,198,5,100,False,0,car,0 days 00:43:19.623000,0 days 01:40:16.718000
2024-06-23 13:46:34.236,10996,205,5,100,False,0,car,0 days 00:43:19.823000,0 days 01:40:16.918000
2024-06-23 13:46:34.516,11456,212,5,100,False,0,car,0 days 00:43:20.103000,0 days 01:40:17.198000
2024-06-23 13:46:34.796,11827,220,5,100,False,0,car,0 days 00:43:20.383000,0 days 01:40:17.478000
2024-06-23 13:46:35.156,11008,229,6,100,False,0,car,0 days 00:43:20.743000,0 days 01:40:17.838000
2024-06-23 13:46:35.356,10805,234,6,100,False,0,car,0 days 00:43:20.943000,0 days 01:40:18.038000
2024-06-23 13:46:35.556,10969,236,6,100,False,0,car,0 days 00:43:21.143000,0 days 01:40:18.238000
2024-06-23 13:46:35.836,11106,243,6,100,False,0,car,0 days 00:43:21.423000,0 days 01:40:18.518000
2024-06-23 13:46:36.076,11272,247,6,100,False,0,car,0 days 00:43:21.663000,0 days 01:40:18.758000
2024-06-23 13:46:36.396,11515,251,6,100,False,0,car,0 days 00:43:21.983000,0 days 01:40:19.078000
2024-06-23 13:46:36.676,11528,252,6,100,False,0,car,0 days 00:43:22.263000,0 days 01:40:19.358000
2024-06-23 13:46:37.076,10343,228,6,0,True,0,car,0 days 00:43:22.663000,0 days 01:40:19.758000
2024-06-23 13:46:37.276,9172,205,6,0,True,0,car,0 days 00:43:22.863000,0 days 01:40:19.958000
2024-06-23 13:46:37.516,9276,186,5,0,True,0,car,0 days 00:43:23.103000,0 days 01:40:20.198000
2024-06-23 13:46:37.956,9481,154,4,0,True,0,car,0 days 00:43:23.543000,0 days 01:40:20.638000
2024-06-23 13:46:38.116,9184,151,4,0,True,0,car,0 days 00:43:23.703000,0 days 01:40:20.798000
2024-06-23 13:46:38.316,8839,145,4,0,True,0,car,0 days 00:43:23.903000,0 days 01:40:20.998000
2024-06-23 13:46:38.516,8709,142,4,0,True,0,car,0 days 00:43:24.103000,0 days 01:40:21.198000
2024-06-23 13:46:38.756,8504,137,4,0,True,0,car,0 days 00:43:24.343000,0 days 01:40:21.438000
2024-06-23 13:46:39.036,8341,133,4,0,False,0,car,0 days 00:43:24.623000,0 days 01:40:21.718000
2024-06-23 13:46:39.396,8342,131,4,32,False,0,car,0 days 00:43:24.983000,0 days 01:40:22.078000
2024-06-23 13:46:39.716,8472,131,4,40,False,0,car,0 days 00:43:25.303000,0 days 01:40:22.398000
2024-06-23 13:46:39.956,8653,133,4,59,False,0,car,0 days 00:43:25.543000,0 days 01:40:22.638000
2024-06-23 13:46:40.155,8895,140,4,68,False,0,car,0 days 00:43:25.742000,0 days 01:40:22.837000
2024-06-23 13:46:40.556,10267,155,4,94,False,0,car,0 days 00:43:26.143000,0 days 01:40:23.238000
2024-06-23 13:46:40.796,11095,155,4,93,False,0,car,0 days 00:43:26.383000,0 days 01:40:23.478000
2024-06-23 13:46:40.956,11317,170,4,100,False,0,car,0 days 00:43:26.543000,0 days 01:40:23.638000
2024-06-23 13:46:41.196,11669,177,4,100,False,0,car,0 days 00:43:26.783000,0 days 01:40:23.878000
2024-06-23 13:46:41.596,10552,191,5,100,False,0,car,0 days 00:43:27.183000,0 days 01:40:24.278000
2024-06-23 13:46:41.796,10811,197,5,100,False,0,car,0 days 00:43:27.383000,0 days 01:40:24.478000
2024-06-23 13:46:41.996,11098,203,5,100,False,0,car,0 days 00:43:27.583000,0 days 01:40:24.678000
2024-06-23 13:46:42.396,11616,215,5,100,False,0,car,0 days 00:43:27.983000,0 days 01:40:25.078000
2024-06-23 13:46:42.596,11840,220,5,100,False,0,car,0 days 00:43:28.183000,0 days 01:40:25.278000
2024-06-23 13:46:42.796,11035,224,5,100,False,0,car,0 days 00:43:28.383000,0 days 01:40:25.478000
2024-06-23 13:46:43.076,10722,231,6,100,False,0,car,0 days 00:43:28.663000,0 days 01:40:25.758000
2024-06-23 13:46:43.276,10740,235,6,100,False,0,car,0 days 00:43:28.863000,0 days 01:40:25.958000
2024-06-23 13:46:43.476,10981,239,6,100,False,0,car,0 days 00:43:29.063000,0 days 01:40:26.158000
2024-06-23 13:46:43.636,10984,241,6,100,False,0,car,0 days 00:43:29.223000,0 days 01:40:26.318000
2024-06-23 13:46:44.036,10765,244,6,1,False,0,car,0 days 00:43:29.623000,0 days 01:40:26.718000
2024-06-23 13:46:44.276,10767,237,6,0,False,0,car,0 days 00:43:29.863000,0 days 01:40:26.958000
2024-06-23 13:46:44.476,10503,233,6,0,False,0,car,0 days 00:43:30.063000,0 days 01:40:27.158000
2024-06-23 13:46:44.676,10329,227,6,0,False,0,car,0 days 00:43:30.263000,0 days 01:40:27.358000
2024-06-23 13:46:44.876,10302,223,6,42,False,0,car,0 days 00:43:30.463000,0 days 01:40:27.558000
2024-06-23 13:46:45.276,9955,217,6,62,False,0,car,0 days 00:43:30.863000,0 days 01:40:27.958000
2024-06-23 13:46:45.436,10182,217,6,62,False,0,car,0 days 00:43:31.023000,0 days 01:40:28.118000
2024-06-23 13:46:45.596,10117,216,6,78,False,0,car,0 days 00:43:31.183000,0 days 01:40:28.278000
2024-06-23 13:46:45.876,10331,219,6,96,False,0,car,0 days 00:43:31.463000,0 days 01:40:28.558000
2024-06-23 13:46:46.116,10499,225,6,100,False,0,car,0 days 00:43:31.703000,0 days 01:40:28.798000
2024-06-23 13:46:46.356,10630,229,6,100,False,0,car,0 days 00:43:31.943000,0 days 01:40:29.038000
2024-06-23 13:46:46.596,10854,234,6,100,False,0,car,0 days 00:43:32.183000,0 days 01:40:29.278000
2024-06-23 13:46:46.916,11111,236,6,100,False,0,car,0 days 00:43:32.503000,0 days 01:40:29.598000
2024-06-23 13:46:47.076,11143,241,6,100,False,0,car,0 days 00:43:32.663000,0 days 01:40:29.758000
2024-06-23 13:46:47.356,11377,248,6,100,False,0,car,0 days 00:43:32.943000,0 days 01:40:30.038000
2024-06-23 13:46:47.756,11629,253,6,100,False,0,car,0 days 00:43:33.343000,0 days 01:40:30.438000
2024-06-23 13:46:47.916,11700,254,6,100,False,0,car,0 days 00:43:33.503000,0 days 01:40:30.598000
2024-06-23 13:46:48.076,11700,257,6,100,False,0,car,0 days 00:43:33.663000,0 days 01:40:30.758000
2024-06-23 13:46:48.356,10472,262,7,100,False,0,car,0 days 00:43:33.943000,0 days 01:40:31.038000
2024-06-23 13:46:48.636,10669,266,7,100,False,0,car,0 days 00:43:34.223000,0 days 01:40:31.318000
2024-06-23 13:46:48.836,10742,268,7,100,False,0,car,0 days 00:43:34.423000,0 days 01:40:31.518000
2024-06-23 13:46:49.156,10864,271,7,100,False,0,car,0 days 00:43:34.743000,0 days 01:40:31.838000
2024-06-23 13:46:49.476,11017,274,7,100,False,0,car,0 days 00:43:35.063000,0 days 01:40:32.158000
2024-06-23 13:46:49.836,11169,278,7,100,False,0,car,0 days 00:43:35.423000,0 days 01:40:32.518000
2024-06-23 13:46:50.076,11229,280,7,100,False,0,car,0 days 00:43:35.663000,0 days 01:40:32.758000
2024-06-23 13:46:50.276,11294,282,7,100,False,0,car,0 days 00:43:35.863000,0 days 01:40:32.958000
2024-06-23 13:46:50.516,11400,284,7,100,False,0,car,0 days 00:43:36.103000,0 days 01:40:33.198000
2024-06-23 13:46:50.676,11404,285,7,100,False,0,car,0 days 00:43:36.263000,0 days 01:40:33.358000
2024-06-23 13:46:50.956,11519,285,7,100,False,0,car,0 days 00:43:36.543000,0 days 01:40:33.638000
2024-06-23 13:46:51.316,11466,288,7,100,False,0,car,0 days 00:43:36.903000,0 days 01:40:33.998000
2024-06-23 13:46:51.596,11493,287,7,68,False,0,car,0 days 00:43:37.183000,0 days 01:40:34.278000
2024-06-23 13:46:51.836,10820,272,7,0,True,0,car,0 days 00:43:37.423000,0 days 01:40:34.518000
2024-06-23 13:46:52.116,9675,246,7,0,True,0,car,0 days 00:43:37.703000,0 days 01:40:34.798000
2024-06-23 13:46:52.356,9312,234,7,0,True,0,car,0 days 00:43:37.943000,0 days 01:40:35.038000
2024-06-23 13:46:52.716,8980,180,6,0,True,0,car,0 days 00:43:38.303000,0 days 01:40:35.398000
2024-06-23 13:46:52.876,9490,164,6,0,True,0,car,0 days 00:43:38.463000,0 days 01:40:35.558000
2024-06-23 13:46:53.156,8948,147,4,0,True,0,car,0 days 00:43:38.743000,0 days 01:40:35.838000
2024-06-23 13:46:53.356,8492,143,4,0,True,0,car,0 days 00:43:38.943000,0 days 01:40:36.038000
2024-06-23 13:46:53.796,7861,128,4,0,True,0,car,0 days 00:43:39.383000,0 days 01:40:36.478000
2024-06-23 13:46:54.036,8703,122,3,0,True,0,car,0 days 00:43:39.623000,0 days 01:40:36.718000
2024-06-23 13:46:54.356,8450,116,3,0,True,0,car,0 days 00:43:39.943000,0 days 01:40:37.038000
2024-06-23 13:46:54.836,8077,110,3,0,False,0,car,0 days 00:43:40.423000,0 days 01:40:37.518000
2024-06-23 13:46:55.036,7865,107,3,0,True,0,car,0 days 00:43:40.623000,0 days 01:40:37.718000
2024-06-23 13:46:55.356,7754,102,3,0,True,0,car,0 days 00:43:40.943000,0 days 01:40:38.038000
2024-06-23 13:46:55.556,7375,101,3,0,False,0,car,0 days 00:43:41.143000,0 days 01:40:38.238000
2024-06-23 13:46:55.716,7325,100,3,9,False,0,car,0 days 00:43:41.303000,0 days 01:40:38.398000
2024-06-23 13:46:55.956,7641,99,3,34,False,0,car,0 days 00:43:41.543000,0 days 01:40:38.638000
2024-06-23 13:46:56.196,7879,101,3,39,False,0,car,0 days 00:43:41.783000,0 days 01:40:38.878000
2024-06-23 13:46:56.476,7962,105,3,42,False,0,car,0 days 00:43:42.063000,0 days 01:40:39.158000
2024-06-23 13:46:56.636,8335,109,3,47,False,0,car,0 days 00:43:42.223000,0 days 01:40:39.318000
2024-06-23 13:46:56.876,8713,114,3,58,False,0,car,0 days 00:43:42.463000,0 days 01:40:39.558000
2024-06-23 13:46:57.076,9187,120,3,62,False,0,car,0 days 00:43:42.663000,0 days 01:40:39.758000
2024-06-23 13:46:57.276,8684,125,3,67,False,0,car,0 days 00:43:42.863000,0 days 01:40:39.958000
2024-06-23 13:46:57.436,8637,128,3,71,False,0,car,0 days 00:43:43.023000,0 days 01:40:40.118000
2024-06-23 13:46:57.676,8994,138,4,79,False,0,car,0 days 00:43:43.263000,0 days 01:40:40.358000
2024-06-23 13:46:57.836,9403,145,4,81,False,0,car,0 days 00:43:43.423000,0 days 01:40:40.518000
2024-06-23 13:46:58.076,9929,153,4,85,False,0,car,0 days 00:43:43.663000,0 days 01:40:40.758000
2024-06-23 13:46:58.276,10467,160,4,87,False,0,car,0 days 00:43:43.863000,0 days 01:40:40.958000
2024-06-23 13:46:58.636,11294,171,4,89,False,0,car,0 days 00:43:44.223000,0 days 01:40:41.318000
2024-06-23 13:46:58.836,11707,178,4,100,False,0,car,0 days 00:43:44.423000,0 days 01:40:41.518000
2024-06-23 13:46:59.076,11060,188,4,100,False,0,car,0 days 00:43:44.663000,0 days 01:40:41.758000
2024-06-23 13:46:59.236,10367,188,5,100,False,0,car,0 days 00:43:44.823000,0 days 01:40:41.918000
2024-06-23 13:46:59.436,10661,188,5,100,False,0,car,0 days 00:43:45.023000,0 days 01:40:42.118000
2024-06-23 13:46:59.676,9703,196,5,0,True,0,car,0 days 00:43:45.263000,0 days 01:40:42.358000
2024-06-23 13:46:59.916,9218,183,5,0,True,0,car,0 days 00:43:45.503000,0 days 01:40:42.598000
2024-06-23 13:47:00.157,9961,171,5,0,True,0,car,0 days 00:43:45.744000,0 days 01:40:42.839000
2024-06-23 13:47:00.596,8775,146,4,0,True,0,car,0 days 00:43:46.183000,0 days 01:40:43.278000
2024-06-23 13:47:00.836,8313,135,4,0,True,0,car,0 days 00:43:46.423000,0 days 01:40:43.518000
2024-06-23 13:47:01.036,8230,131,4,0,True,0,car,0 days 00:43:46.623000,0 days 01:40:43.718000
2024-06-23 13:47:01.316,7391,125,4,0,True,0,car,0 days 00:43:46.903000,0 days 01:40:43.998000
2024-06-23 13:47:01.596,7195,119,4,0,True,0,car,0 days 00:43:47.183000,0 days 01:40:44.278000
2024-06-23 13:47:01.796,6984,114,4,0,True,0,car,0 days 00:43:47.383000,0 days 01:40:44.478000
2024-06-23 13:47:02.156,6805,109,4,0,False,0,car,0 days 00:43:47.743000,0 days 01:40:44.838000
2024-06-23 13:47:02.436,6567,106,4,0,False,0,car,0 days 00:43:48.023000,0 days 01:40:45.118000
2024-06-23 13:47:02.876,6730,105,4,35,False,0,car,0 days 00:43:48.463000,0 days 01:40:45.558000
2024-06-23 13:47:03.036,6876,107,4,36,False,0,car,0 days 00:43:48.623000,0 days 01:40:45.718000
2024-06-23 13:47:03.276,7133,109,4,44,False,0,car,0 days 00:43:48.863000,0 days 01:40:45.958000
2024-06-23 13:47:03.516,7493,113,4,49,False,0,car,0 days 00:43:49.103000,0 days 01:40:46.198000
2024-06-23 13:47:03.796,7724,118,4,53,False,0,car,0 days 00:43:49.383000,0 days 01:40:46.478000
2024-06-23 13:47:04.036,8214,120,4,61,False,0,car,0 days 00:43:49.623000,0 days 01:40:46.718000
2024-06-23 13:47:04.436,8943,136,4,65,False,0,car,0 days 00:43:50.023000,0 days 01:40:47.118000
2024-06-23 13:47:04.636,9223,138,4,73,False,0,car,0 days 00:43:50.223000,0 days 01:40:47.318000
2024-06-23 13:47:04.956,10032,151,4,83,False,0,car,0 days 00:43:50.543000,0 days 01:40:47.638000
2024-06-23 13:47:05.356,11127,165,4,100,False,0,car,0 days 00:43:50.943000,0 days 01:40:48.038000
2024-06-23 13:47:05.676,11530,177,4,100,False,0,car,0 days 00:43:51.263000,0 days 01:40:48.358000
2024-06-23 13:47:06.076,10461,189,5,100,False,0,car,0 days 00:43:51.663000,0 days 01:40:48.758000
2024-06-23 13:47:06.356,10808,201,5,100,False,0,car,0 days 00:43:51.943000,0 days 01:40:49.038000
2024-06-23 13:47:06.556,11110,209,5,100,False,0,car,0 days 00:43:52.143000,0 days 01:40:49.238000
2024-06-23 13:47:06.916,11692,218,5,100,False,0,car,0 days 00:43:52.503000,0 days 01:40:49.598000
2024-06-23 13:47:07.276,10368,226,6,92,False,0,car,0 days 00:43:52.863000,0 days 01:40:49.958000
2024-06-23 13:47:07.436,10631,231,6,92,False,0,car,0 days 00:43:53.023000,0 days 01:40:50.118000
2024-06-23 13:47:07.716,10798,232,6,91,False,0,car,0 days 00:43:53.303000,0 days 01:40:50.398000
2024-06-23 13:47:07.996,10913,237,6,76,False,0,car,0 days 00:43:53.583000,0 days 01:40:50.678000
2024-06-23 13:47:08.236,11122,236,6,69,False,0,car,0 days 00:43:53.823000,0 days 01:40:50.918000
2024-06-23 13:47:08.636,11169,238,6,83,False,0,car,0 days 00:43:54.223000,0 days 01:40:51.318000
2024-06-23 13:47:08.956,11215,242,6,100,False,0,car,0 days 00:43:54.543000,0 days 01:40:51.638000
2024-06-23 13:47:09.276,11335,246,6,100,False,0,car,0 days 00:43:54.863000,0 days 01:40:51.958000
2024-06-23 13:47:09.516,11510,249,6,100,False,0,car,0 days 00:43:55.103000,0 days 01:40:52.198000
2024-06-23 13:47:09.876,11599,255,6,100,False,0,car,0 days 00:43:55.463000,0 days 01:40:52.558000
2024-06-23 13:47:10.276,10741,260,7,100,False,0,car,0 days 00:43:55.863000,0 days 01:40:52.958000
2024-06-23 13:47:10.476,10417,262,7,100,False,0,car,0 days 00:43:56.063000,0 days 01:40:53.158000
2024-06-23 13:47:10.676,10524,262,7,91,True,0,car,0 days 00:43:56.263000,0 days 01:40:53.358000
2024-06-23 13:47:10.876,10011,261,7,0,True,0,car,0 days 00:43:56.463000,0 days 01:40:53.558000
2024-06-23 13:47:11.116,9900,247,7,0,True,0,car,0 days 00:43:56.703000,0 days 01:40:53.798000
2024-06-23 13:47:11.356,10735,239,6,7,False,0,car,0 days 00:43:56.943000,0 days 01:40:54.038000
2024-06-23 13:47:11.516,10632,239,6,35,False,0,car,0 days 00:43:57.103000,0 days 01:40:54.198000
2024-06-23 13:47:11.796,10611,232,6,65,False,0,car,0 days 00:43:57.383000,0 days 01:40:54.478000
2024-06-23 13:47:12.036,10674,231,6,69,False,0,car,0 days 00:43:57.623000,0 days 01:40:54.718000
2024-06-23 13:47:12.276,10637,232,6,80,False,0,car,0 days 00:43:57.863000,0 days 01:40:54.958000
2024-06-23 13:47:12.556,10731,231,6,79,False,0,car,0 days 00:43:58.143000,0 days 01:40:55.238000
2024-06-23 13:47:12.796,10869,234,6,100,False,0,car,0 days 00:43:58.383000,0 days 01:40:55.478000
2024-06-23 13:47:12.956,11044,238,6,100,False,0,car,0 days 00:43:58.543000,0 days 01:40:55.638000
2024-06-23 13:47:13.197,11150,241,6,100,False,0,car,0 days 00:43:58.784000,0 days 01:40:55.879000
2024-06-23 13:47:13.397,11297,244,6,100,False,0,car,0 days 00:43:58.984000,0 days 01:40:56.079000
2024-06-23 13:47:13.597,11349,246,6,100,False,0,car,0 days 00:43:59.184000,0 days 01:40:56.279000
2024-06-23 13:47:13.996,11532,253,6,100,False,0,car,0 days 00:43:59.583000,0 days 01:40:56.678000
2024-06-23 13:47:14.156,11674,254,6,100,False,0,car,0 days 00:43:59.743000,0 days 01:40:56.838000
2024-06-23 13:47:14.556,10417,258,7,100,False,0,car,0 days 00:44:00.143000,0 days 01:40:57.238000
2024-06-23 13:47:14.716,10364,260,7,100,False,0,car,0 days 00:44:00.303000,0 days 01:40:57.398000
2024-06-23 13:47:15.036,10596,263,7,100,False,0,car,0 days 00:44:00.623000,0 days 01:40:57.718000
2024-06-23 13:47:15.196,10647,265,7,100,False,0,car,0 days 00:44:00.783000,0 days 01:40:57.878000
2024-06-23 13:47:15.396,10775,267,7,100,False,0,car,0 days 00:44:00.983000,0 days 01:40:58.078000
2024-06-23 13:47:15.596,10839,270,7,100,False,0,car,0 days 00:44:01.183000,0 days 01:40:58.278000
2024-06-23 13:47:15.876,10930,273,7,100,False,0,car,0 days 00:44:01.463000,0 days 01:40:58.558000
2024-06-23 13:47:16.236,11119,277,7,100,False,0,car,0 days 00:44:01.823000,0 days 01:40:58.918000
2024-06-23 13:47:16.556,11209,279,7,100,False,0,car,0 days 00:44:02.143000,0 days 01:40:59.238000
2024-06-23 13:47:16.836,11306,282,7,100,False,0,car,0 days 00:44:02.423000,0 days 01:40:59.518000
2024-06-23 13:47:16.996,11372,282,7,100,False,0,car,0 days 00:44:02.583000,0 days 01:40:59.678000
2024-06-23 13:47:17.156,11364,285,7,100,False,0,car,0 days 00:44:02.743000,0 days 01:40:59.838000
2024-06-23 13:47:17.516,11466,286,7,100,False,0,car,0 days 00:44:03.103000,0 days 01:41:00.198000
2024-06-23 13:47:17.796,11518,288,7,100,False,0,car,0 days 00:44:03.383000,0 days 01:41:00.478000
2024-06-23 13:47:17.996,11568,289,7,100,False,0,car,0 days 00:44:03.583000,0 days 01:41:00.678000
2024-06-23 13:47:18.276,11629,290,7,100,False,0,car,0 days 00:44:03.863000,0 days 01:41:00.958000
2024-06-23 13:47:18.556,11686,291,7,100,False,0,car,0 days 00:44:04.143000,0 days 01:41:01.238000
2024-06-23 13:47:18.716,11542,292,7,100,False,0,car,0 days 00:44:04.303000,0 days 01:41:01.398000
2024-06-23 13:47:19.196,10347,294,8,100,False,0,car,0 days 00:44:04.783000,0 days 01:41:01.878000
2024-06-23 13:47:19.356,10414,295,8,100,False,0,car,0 days 00:44:04.943000,0 days 01:41:02.038000
2024-06-23 13:47:19.516,10488,295,8,100,False,0,car,0 days 00:44:05.103000,0 days 01:41:02.198000
2024-06-23 13:47:19.716,10510,295,8,100,False,0,car,0 days 00:44:05.303000,0 days 01:41:02.398000
2024-06-23 13:47:19.997,10546,296,8,100,False,0,car,0 days 00:44:05.584000,0 days 01:41:02.679000
2024-06-23 13:47:20.157,10558,298,8,100,False,0,car,0 days 00:44:05.744000,0 days 01:41:02.839000
2024-06-23 13:47:20.357,10631,298,8,100,False,0,car,0 days 00:44:05.944000,0 days 01:41:03.039000
2024-06-23 13:47:20.796,10626,298,8,100,False,0,car,0 days 00:44:06.383000,0 days 01:41:03.478000
2024-06-23 13:47:21.156,10708,300,8,100,False,0,car,0 days 00:44:06.743000,0 days 01:41:03.838000
2024-06-23 13:47:21.436,10687,301,8,100,False,0,car,0 days 00:44:07.023000,0 days 01:41:04.118000
2024-06-23 13:47:21.716,10747,302,8,100,False,0,car,0 days 00:44:07.303000,0 days 01:41:04.398000
2024-06-23 13:47:22.076,10769,303,8,100,False,0,car,0 days 00:44:07.663000,0 days 01:41:04.758000
2024-06-23 13:47:22.396,10770,305,8,100,False,0,car,0 days 00:44:07.983000,0 days 01:41:05.078000
2024-06-23 13:47:22.556,10805,303,8,100,False,0,car,0 days 00:44:08.143000,0 days 01:41:05.238000
2024-06-23 13:47:22.836,10835,305,8,100,False,0,car,0 days 00:44:08.423000,0 days 01:41:05.518000
2024-06-23 13:47:22.996,10845,305,8,100,False,0,car,0 days 00:44:08.583000,0 days 01:41:05.678000
2024-06-23 13:47:23.276,10862,305,8,100,False,0,car,0 days 00:44:08.863000,0 days 01:41:05.958000
2024-06-23 13:47:23.636,10887,306,8,100,False,0,car,0 days 00:44:09.223000,0 days 01:41:06.318000
2024-06-23 13:47:23.916,10921,306,8,100,False,0,car,0 days 00:44:09.503000,0 days 01:41:06.598000
2024-06-23 13:47:24.116,10914,306,8,100,False,0,car,0 days 00:44:09.703000,0 days 01:41:06.798000
2024-06-23 13:47:24.316,10870,306,8,100,False,0,car,0 days 00:44:09.903000,0 days 01:41:06.998000
2024-06-23 13:47:24.716,10847,304,8,100,False,0,car,0 days 00:44:10.303000,0 days 01:41:07.398000
2024-06-23 13:47:25.076,10474,299,8,0,False,0,car,0 days 00:44:10.663000,0 days 01:41:07.758000
2024-06-23 13:47:25.316,10543,293,8,0,True,0,car,0 days 00:44:10.903000,0 days 01:41:07.998000
2024-06-23 13:47:25.676,8733,252,8,0,True,0,car,0 days 00:44:11.263000,0 days 01:41:08.358000
2024-06-23 13:47:25.876,8635,227,8,0,True,0,car,0 days 00:44:11.463000,0 days 01:41:08.558000
2024-06-23 13:47:26.076,9114,205,7,0,True,0,car,0 days 00:44:11.663000,0 days 01:41:08.758000
2024-06-23 13:47:26.477,9100,176,5,0,True,0,car,0 days 00:44:12.064000,0 days 01:41:09.159000
2024-06-23 13:47:26.637,10080,167,5,0,True,0,car,0 days 00:44:12.224000,0 days 01:41:09.319000
2024-06-23 13:47:26.797,9906,162,4,0,True,0,car,0 days 00:44:12.384000,0 days 01:41:09.479000
2024-06-23 13:47:27.077,9421,154,4,0,True,0,car,0 days 00:44:12.664000,0 days 01:41:09.759000
2024-06-23 13:47:27.236,9178,147,4,0,True,0,car,0 days 00:44:12.823000,0 days 01:41:09.918000
2024-06-23 13:47:27.476,8873,143,4,0,True,0,car,0 days 00:44:13.063000,0 days 01:41:10.158000
2024-06-23 13:47:27.676,8793,140,4,0,True,0,car,0 days 00:44:13.263000,0 days 01:41:10.358000
2024-06-23 13:47:27.836,8547,138,4,0,False,0,car,0 days 00:44:13.423000,0 days 01:41:10.518000
2024-06-23 13:47:28.196,8658,134,4,39,False,0,car,0 days 00:44:13.783000,0 days 01:41:10.878000
2024-06-23 13:47:28.396,8684,136,4,54,False,0,car,0 days 00:44:13.983000,0 days 01:41:11.078000
2024-06-23 13:47:28.796,9239,143,4,68,False,0,car,0 days 00:44:14.383000,0 days 01:41:11.478000
2024-06-23 13:47:29.156,9902,156,4,76,False,0,car,0 days 00:44:14.743000,0 days 01:41:11.838000
2024-06-23 13:47:29.476,8785,162,5,64,False,0,car,0 days 00:44:15.063000,0 days 01:41:12.158000
2024-06-23 13:47:29.756,8969,165,5,59,False,0,car,0 days 00:44:15.343000,0 days 01:41:12.438000
2024-06-23 13:47:29.956,8982,167,5,61,False,0,car,0 days 00:44:15.543000,0 days 01:41:12.638000
2024-06-23 13:47:30.396,9368,172,5,71,False,0,car,0 days 00:44:15.983000,0 days 01:41:13.078000
2024-06-23 13:47:30.716,9490,175,5,72,False,0,car,0 days 00:44:16.303000,0 days 01:41:13.398000
2024-06-23 13:47:30.916,9785,180,5,77,False,0,car,0 days 00:44:16.503000,0 days 01:41:13.598000
2024-06-23 13:47:31.116,10112,183,5,88,False,0,car,0 days 00:44:16.703000,0 days 01:41:13.798000
2024-06-23 13:47:31.436,10533,196,5,100,False,0,car,0 days 00:44:17.023000,0 days 01:41:14.118000
2024-06-23 13:47:31.796,10921,202,5,100,False,0,car,0 days 00:44:17.383000,0 days 01:41:14.478000
2024-06-23 13:47:32.036,11360,212,5,91,False,0,car,0 days 00:44:17.623000,0 days 01:41:14.718000
2024-06-23 13:47:32.276,11398,214,5,74,False,0,car,0 days 00:44:17.863000,0 days 01:41:14.958000
2024-06-23 13:47:32.436,10278,216,6,69,False,0,car,0 days 00:44:18.023000,0 days 01:41:15.118000
2024-06-23 13:47:32.796,9889,216,6,70,False,0,car,0 days 00:44:18.383000,0 days 01:41:15.478000
2024-06-23 13:47:32.957,9967,215,6,71,False,0,car,0 days 00:44:18.544000,0 days 01:41:15.639000
2024-06-23 13:47:33.157,10029,217,6,71,False,0,car,0 days 00:44:18.744000,0 days 01:41:15.839000
2024-06-23 13:47:33.517,9578,212,6,0,False,0,car,0 days 00:44:19.104000,0 days 01:41:16.199000
2024-06-23 13:47:33.717,9487,208,6,0,False,0,car,0 days 00:44:19.304000,0 days 01:41:16.399000
2024-06-23 13:47:34.076,9512,204,6,72,False,0,car,0 days 00:44:19.663000,0 days 01:41:16.758000
2024-06-23 13:47:34.276,9606,205,6,79,False,0,car,0 days 00:44:19.863000,0 days 01:41:16.958000
2024-06-23 13:47:34.476,9701,208,6,83,False,0,car,0 days 00:44:20.063000,0 days 01:41:17.158000
2024-06-23 13:47:34.636,9965,213,6,88,False,0,car,0 days 00:44:20.223000,0 days 01:41:17.318000
2024-06-23 13:47:34.836,10077,216,6,100,False,0,car,0 days 00:44:20.423000,0 days 01:41:17.518000
2024-06-23 13:47:35.036,10286,218,6,100,False,0,car,0 days 00:44:20.623000,0 days 01:41:17.718000
2024-06-23 13:47:35.236,10447,222,6,100,False,0,car,0 days 00:44:20.823000,0 days 01:41:17.918000
2024-06-23 13:47:35.476,10660,227,6,100,False,0,car,0 days 00:44:21.063000,0 days 01:41:18.158000
2024-06-23 13:47:35.676,10802,231,6,100,False,0,car,0 days 00:44:21.263000,0 days 01:41:18.358000
2024-06-23 13:47:35.956,10892,237,6,100,False,0,car,0 days 00:44:21.543000,0 days 01:41:18.638000
2024-06-23 13:47:36.116,11087,238,6,100,False,0,car,0 days 00:44:21.703000,0 days 01:41:18.798000
2024-06-23 13:47:36.316,11126,241,6,100,False,0,car,0 days 00:44:21.903000,0 days 01:41:18.998000
2024-06-23 13:47:36.556,11336,246,6,100,False,0,car,0 days 00:44:22.143000,0 days 01:41:19.238000
2024-06-23 13:47:36.876,11561,251,6,100,False,0,car,0 days 00:44:22.463000,0 days 01:41:19.558000
2024-06-23 13:47:37.156,11699,255,6,100,False,0,car,0 days 00:44:22.743000,0 days 01:41:19.838000
2024-06-23 13:47:37.316,10864,257,6,100,False,0,car,0 days 00:44:22.903000,0 days 01:41:19.998000
2024-06-23 13:47:37.516,10264,258,7,100,False,0,car,0 days 00:44:23.103000,0 days 01:41:20.198000
2024-06-23 13:47:37.716,10616,261,7,100,False,0,car,0 days 00:44:23.303000,0 days 01:41:20.398000
2024-06-23 13:47:37.876,10633,264,7,100,False,0,car,0 days 00:44:23.463000,0 days 01:41:20.558000
2024-06-23 13:47:38.196,10759,269,7,100,False,0,car,0 days 00:44:23.783000,0 days 01:41:20.878000
2024-06-23 13:47:38.476,10875,270,7,100,False,0,car,0 days 00:44:24.063000,0 days 01:41:21.158000
2024-06-23 13:47:38.836,11016,274,7,100,False,0,car,0 days 00:44:24.423000,0 days 01:41:21.518000
2024-06-23 13:47:39.156,11094,277,7,100,False,0,car,0 days 00:44:24.743000,0 days 01:41:21.838000
2024-06-23 13:47:39.356,11155,279,7,100,False,0,car,0 days 00:44:24.943000,0 days 01:41:22.038000
2024-06-23 13:47:39.677,11200,280,7,100,False,0,car,0 days 00:44:25.264000,0 days 01:41:22.359000
2024-06-23 13:47:39.997,11162,279,7,100,False,0,car,0 days 00:44:25.584000,0 days 01:41:22.679000
2024-06-23 13:47:40.437,10205,245,7,0,True,0,car,0 days 00:44:26.024000,0 days 01:41:23.119000
2024-06-23 13:47:40.596,9085,232,7,0,True,0,car,0 days 00:44:26.183000,0 days 01:41:23.278000
2024-06-23 13:47:40.916,9190,199,6,0,True,0,car,0 days 00:44:26.503000,0 days 01:41:23.598000
2024-06-23 13:47:41.076,9473,184,6,0,True,0,car,0 days 00:44:26.663000,0 days 01:41:23.758000
2024-06-23 13:47:41.236,9413,177,5,0,True,0,car,0 days 00:44:26.823000,0 days 01:41:23.918000
2024-06-23 13:47:41.476,10012,163,4,0,True,0,car,0 days 00:44:27.063000,0 days 01:41:24.158000
2024-06-23 13:47:41.636,9581,161,4,0,True,0,car,0 days 00:44:27.223000,0 days 01:41:24.318000
2024-06-23 13:47:41.796,9451,155,4,0,True,0,car,0 days 00:44:27.383000,0 days 01:41:24.478000
2024-06-23 13:47:42.116,8979,146,4,0,True,0,car,0 days 00:44:27.703000,0 days 01:41:24.798000
2024-06-23 13:47:42.356,8768,141,4,0,False,0,car,0 days 00:44:27.943000,0 days 01:41:25.038000
2024-06-23 13:47:42.596,8586,139,4,0,False,0,car,0 days 00:44:28.183000,0 days 01:41:25.278000
2024-06-23 13:47:42.836,8453,136,4,0,False,0,car,0 days 00:44:28.423000,0 days 01:41:25.518000
2024-06-23 13:47:42.996,8253,133,4,0,False,0,car,0 days 00:44:28.583000,0 days 01:41:25.678000
2024-06-23 13:47:43.356,8360,130,4,35,False,0,car,0 days 00:44:28.943000,0 days 01:41:26.038000
2024-06-23 13:47:43.756,8472,132,4,50,False,0,car,0 days 00:44:29.343000,0 days 01:41:26.438000
2024-06-23 13:47:43.956,8685,134,4,55,False,0,car,0 days 00:44:29.543000,0 days 01:41:26.638000
2024-06-23 13:47:44.316,9220,140,4,64,False,0,car,0 days 00:44:29.903000,0 days 01:41:26.998000
2024-06-23 13:47:44.516,9334,142,4,67,False,0,car,0 days 00:44:30.103000,0 days 01:41:27.198000
2024-06-23 13:47:44.716,9643,147,4,72,False,0,car,0 days 00:44:30.303000,0 days 01:41:27.398000
2024-06-23 13:47:44.996,10111,155,4,76,False,0,car,0 days 00:44:30.583000,0 days 01:41:27.678000
2024-06-23 13:47:45.196,10382,161,4,81,False,0,car,0 days 00:44:30.783000,0 days 01:41:27.878000
2024-06-23 13:47:45.556,11252,173,4,100,False,0,car,0 days 00:44:31.143000,0 days 01:41:28.238000
2024-06-23 13:47:46.036,10195,184,5,100,False,0,car,0 days 00:44:31.623000,0 days 01:41:28.718000
2024-06-23 13:47:46.277,10663,196,5,100,False,0,car,0 days 00:44:31.864000,0 days 01:41:28.959000
2024-06-23 13:47:46.557,11068,202,5,100,False,0,car,0 days 00:44:32.144000,0 days 01:41:29.239000
2024-06-23 13:47:46.837,11459,213,5,100,False,0,car,0 days 00:44:32.424000,0 days 01:41:29.519000
2024-06-23 13:47:46.997,11537,215,5,100,False,0,car,0 days 00:44:32.584000,0 days 01:41:29.679000
2024-06-23 13:47:47.516,10439,228,6,100,False,0,car,0 days 00:44:33.103000,0 days 01:41:30.198000
2024-06-23 13:47:47.756,10718,233,6,100,False,0,car,0 days 00:44:33.343000,0 days 01:41:30.438000
2024-06-23 13:47:48.036,10867,237,6,100,False,0,car,0 days 00:44:33.623000,0 days 01:41:30.718000
2024-06-23 13:47:48.196,10943,239,6,100,False,0,car,0 days 00:44:33.783000,0 days 01:41:30.878000
2024-06-23 13:47:48.516,10767,241,6,92,True,0,car,0 days 00:44:34.103000,0 days 01:41:31.198000
2024-06-23 13:47:48.796,9786,217,6,0,True,0,car,0 days 00:44:34.383000,0 days 01:41:31.478000
2024-06-23 13:47:49.076,9557,184,6,0,True,0,car,0 days 00:44:34.663000,0 days 01:41:31.758000
2024-06-23 13:47:49.316,9784,168,5,0,True,0,car,0 days 00:44:34.903000,0 days 01:41:31.998000
2024-06-23 13:47:49.596,9156,148,4,0,True,0,car,0 days 00:44:35.183000,0 days 01:41:32.278000
2024-06-23 13:47:49.796,9790,142,3,0,True,0,car,0 days 00:44:35.383000,0 days 01:41:32.478000
2024-06-23 13:47:49.956,9256,133,3,0,True,0,car,0 days 00:44:35.543000,0 days 01:41:32.638000
2024-06-23 13:47:50.236,8652,127,3,0,True,0,car,0 days 00:44:35.823000,0 days 01:41:32.918000
2024-06-23 13:47:50.436,8180,114,3,0,True,0,car,0 days 00:44:36.023000,0 days 01:41:33.118000
2024-06-23 13:47:50.596,8180,112,3,0,True,0,car,0 days 00:44:36.183000,0 days 01:41:33.278000
2024-06-23 13:47:50.836,7667,106,3,0,True,0,car,0 days 00:44:36.423000,0 days 01:41:33.518000
2024-06-23 13:47:51.036,7526,102,3,0,True,0,car,0 days 00:44:36.623000,0 days 01:41:33.718000
2024-06-23 13:47:51.396,7367,99,3,0,False,0,car,0 days 00:44:36.983000,0 days 01:41:34.078000
2024-06-23 13:47:51.716,7037,98,3,0,False,0,car,0 days 00:44:37.303000,0 days 01:41:34.398000
2024-06-23 13:47:52.076,7314,95,3,21,False,0,car,0 days 00:44:37.663000,0 days 01:41:34.758000
2024-06-23 13:47:52.396,7576,97,3,38,False,0,car,0 days 00:44:37.983000,0 days 01:41:35.078000
2024-06-23 13:47:52.757,8207,104,3,51,False,0,car,0 days 00:44:38.344000,0 days 01:41:35.439000
2024-06-23 13:47:52.957,8590,108,3,59,False,0,car,0 days 00:44:38.544000,0 days 01:41:35.639000
2024-06-23 13:47:53.157,9108,112,3,67,False,0,car,0 days 00:44:38.744000,0 days 01:41:35.839000
2024-06-23 13:47:53.317,9471,119,3,69,False,0,car,0 days 00:44:38.904000,0 days 01:41:35.999000
2024-06-23 13:47:53.477,10055,126,3,76,False,0,car,0 days 00:44:39.064000,0 days 01:41:36.159000
2024-06-23 13:47:53.757,9179,139,4,84,False,0,car,0 days 00:44:39.344000,0 days 01:41:36.439000
2024-06-23 13:47:53.997,9839,147,4,96,False,0,car,0 days 00:44:39.584000,0 days 01:41:36.679000
2024-06-23 13:47:54.156,10295,158,4,100,False,0,car,0 days 00:44:39.743000,0 days 01:41:36.838000
2024-06-23 13:47:54.476,11138,171,4,100,False,0,car,0 days 00:44:40.063000,0 days 01:41:37.158000
2024-06-23 13:47:54.636,11567,181,4,100,False,0,car,0 days 00:44:40.223000,0 days 01:41:37.318000
2024-06-23 13:47:55.396,10977,205,5,100,False,0,car,0 days 00:44:40.983000,0 days 01:41:38.078000
2024-06-23 13:47:55.556,11280,211,5,100,False,0,car,0 days 00:44:41.143000,0 days 01:41:38.238000
2024-06-23 13:47:55.796,11550,216,5,100,False,0,car,0 days 00:44:41.383000,0 days 01:41:38.478000
2024-06-23 13:47:56.236,10653,229,6,100,False,0,car,0 days 00:44:41.823000,0 days 01:41:38.918000
2024-06-23 13:47:56.436,10766,233,6,100,False,0,car,0 days 00:44:42.023000,0 days 01:41:39.118000
2024-06-23 13:47:56.636,10915,238,6,100,False,0,car,0 days 00:44:42.223000,0 days 01:41:39.318000
2024-06-23 13:47:56.956,11187,243,6,100,False,0,car,0 days 00:44:42.543000,0 days 01:41:39.638000
2024-06-23 13:47:57.196,11302,247,6,100,False,0,car,0 days 00:44:42.783000,0 days 01:41:39.878000
2024-06-23 13:47:57.516,11487,250,6,100,False,0,car,0 days 00:44:43.103000,0 days 01:41:40.198000
2024-06-23 13:47:57.916,11631,251,6,100,True,0,car,0 days 00:44:43.503000,0 days 01:41:40.598000
2024-06-23 13:47:58.156,10863,230,6,0,True,0,car,0 days 00:44:43.743000,0 days 01:41:40.838000
2024-06-23 13:47:58.316,9883,219,6,0,True,0,car,0 days 00:44:43.903000,0 days 01:41:40.998000
2024-06-23 13:47:58.756,9226,173,5,0,True,0,car,0 days 00:44:44.343000,0 days 01:41:41.438000
2024-06-23 13:47:59.156,9516,152,4,0,True,0,car,0 days 00:44:44.743000,0 days 01:41:41.838000
2024-06-23 13:47:59.517,8939,144,4,0,False,0,car,0 days 00:44:45.104000,0 days 01:41:42.199000
2024-06-23 13:47:59.757,8756,140,4,0,False,0,car,0 days 00:44:45.344000,0 days 01:41:42.439000
2024-06-23 13:47:59.957,8585,138,4,0,False,0,car,0 days 00:44:45.544000,0 days 01:41:42.639000
2024-06-23 13:48:00.157,8465,134,4,5,False,0,car,0 days 00:44:45.744000,0 days 01:41:42.839000
2024-06-23 13:48:00.397,8394,133,4,25,False,0,car,0 days 00:44:45.984000,0 days 01:41:43.079000
2024-06-23 13:48:00.637,8532,133,4,40,False,0,car,0 days 00:44:46.224000,0 days 01:41:43.319000
2024-06-23 13:48:00.916,8709,135,4,51,False,0,car,0 days 00:44:46.503000,0 days 01:41:43.598000
2024-06-23 13:48:01.116,8938,137,4,60,False,0,car,0 days 00:44:46.703000,0 days 01:41:43.798000
2024-06-23 13:48:01.396,9562,142,4,82,False,0,car,0 days 00:44:46.983000,0 days 01:41:44.078000
2024-06-23 13:48:01.676,10062,156,4,83,False,0,car,0 days 00:44:47.263000,0 days 01:41:44.358000
2024-06-23 13:48:01.996,11162,169,4,94,False,0,car,0 days 00:44:47.583000,0 days 01:41:44.678000
2024-06-23 13:48:02.156,11387,175,4,100,False,0,car,0 days 00:44:47.743000,0 days 01:41:44.838000
2024-06-23 13:48:02.396,11685,182,4,100,False,0,car,0 days 00:44:47.983000,0 days 01:41:45.078000
2024-06-23 13:48:02.556,10565,189,4,100,False,0,car,0 days 00:44:48.143000,0 days 01:41:45.238000
2024-06-23 13:48:02.796,10627,195,5,100,False,0,car,0 days 00:44:48.383000,0 days 01:41:45.478000
2024-06-23 13:48:03.076,10967,204,5,100,False,0,car,0 days 00:44:48.663000,0 days 01:41:45.758000
2024-06-23 13:48:03.396,11344,212,5,100,False,0,car,0 days 00:44:48.983000,0 days 01:41:46.078000
2024-06-23 13:48:03.596,11612,216,5,100,False,0,car,0 days 00:44:49.183000,0 days 01:41:46.278000
2024-06-23 13:48:03.956,11417,227,6,100,False,0,car,0 days 00:44:49.543000,0 days 01:41:46.638000
2024-06-23 13:48:04.276,10656,234,6,100,False,0,car,0 days 00:44:49.863000,0 days 01:41:46.958000
2024-06-23 13:48:04.476,10893,236,6,100,False,0,car,0 days 00:44:50.063000,0 days 01:41:47.158000
2024-06-23 13:48:04.636,11021,239,6,100,False,0,car,0 days 00:44:50.223000,0 days 01:41:47.318000
2024-06-23 13:48:04.916,11052,242,6,100,False,0,car,0 days 00:44:50.503000,0 days 01:41:47.598000
2024-06-23 13:48:05.116,11548,242,6,0,False,0,car,0 days 00:44:50.703000,0 days 01:41:47.798000
2024-06-23 13:48:05.276,10988,239,6,0,False,0,car,0 days 00:44:50.863000,0 days 01:41:47.958000
2024-06-23 13:48:05.556,10481,231,6,17,False,0,car,0 days 00:44:51.143000,0 days 01:41:48.238000
2024-06-23 13:48:05.837,10181,227,6,25,False,0,car,0 days 00:44:51.424000,0 days 01:41:48.519000
2024-06-23 13:48:06.157,10079,221,6,72,False,0,car,0 days 00:44:51.744000,0 days 01:41:48.839000
2024-06-23 13:48:06.437,10176,221,6,64,False,0,car,0 days 00:44:52.024000,0 days 01:41:49.119000
2024-06-23 13:48:06.637,10231,219,6,79,False,0,car,0 days 00:44:52.224000,0 days 01:41:49.319000
2024-06-23 13:48:06.797,10305,221,6,85,False,0,car,0 days 00:44:52.384000,0 days 01:41:49.479000
2024-06-23 13:48:07.237,10631,227,6,100,False,0,car,0 days 00:44:52.824000,0 days 01:41:49.919000
2024-06-23 13:48:07.437,10815,232,6,100,False,0,car,0 days 00:44:53.024000,0 days 01:41:50.119000
2024-06-23 13:48:07.636,10999,234,6,100,False,0,car,0 days 00:44:53.223000,0 days 01:41:50.318000
2024-06-23 13:48:07.916,11035,239,6,100,False,0,car,0 days 00:44:53.503000,0 days 01:41:50.598000
2024-06-23 13:48:08.276,11258,245,6,100,False,0,car,0 days 00:44:53.863000,0 days 01:41:50.958000
2024-06-23 13:48:08.436,11392,247,6,100,False,0,car,0 days 00:44:54.023000,0 days 01:41:51.118000
2024-06-23 13:48:08.596,11476,251,6,100,False,0,car,0 days 00:44:54.183000,0 days 01:41:51.278000
2024-06-23 13:48:08.876,11656,254,6,100,False,0,car,0 days 00:44:54.463000,0 days 01:41:51.558000
2024-06-23 13:48:09.036,11756,257,6,100,False,0,car,0 days 00:44:54.623000,0 days 01:41:51.718000
2024-06-23 13:48:09.356,10605,261,7,100,False,0,car,0 days 00:44:54.943000,0 days 01:41:52.038000
2024-06-23 13:48:09.596,10572,265,7,100,False,0,car,0 days 00:44:55.183000,0 days 01:41:52.278000
2024-06-23 13:48:09.876,10760,267,7,100,False,0,car,0 days 00:44:55.463000,0 days 01:41:52.558000
2024-06-23 13:48:10.036,10826,269,7,100,False,0,car,0 days 00:44:55.623000,0 days 01:41:52.718000
2024-06-23 13:48:10.316,10946,272,7,100,False,0,car,0 days 00:44:55.903000,0 days 01:41:52.998000
2024-06-23 13:48:10.596,11032,274,7,100,False,0,car,0 days 00:44:56.183000,0 days 01:41:53.278000
2024-06-23 13:48:10.756,11102,277,7,100,False,0,car,0 days 00:44:56.343000,0 days 01:41:53.438000
2024-06-23 13:48:10.916,11186,279,7,100,False,0,car,0 days 00:44:56.503000,0 days 01:41:53.598000
2024-06-23 13:48:11.236,11261,281,7,100,False,0,car,0 days 00:44:56.823000,0 days 01:41:53.918000
2024-06-23 13:48:11.436,11308,283,7,100,False,0,car,0 days 00:44:57.023000,0 days 01:41:54.118000
2024-06-23 13:48:11.636,11425,285,7,100,False,0,car,0 days 00:44:57.223000,0 days 01:41:54.318000
2024-06-23 13:48:11.956,11477,286,7,100,False,0,car,0 days 00:44:57.543000,0 days 01:41:54.638000
2024-06-23 13:48:12.116,11473,288,7,100,False,0,car,0 days 00:44:57.703000,0 days 01:41:54.798000
2024-06-23 13:48:12.356,11505,289,7,100,False,0,car,0 days 00:44:57.943000,0 days 01:41:55.038000
2024-06-23 13:48:12.837,10922,277,7,0,True,0,car,0 days 00:44:58.424000,0 days 01:41:55.519000
2024-06-23 13:48:13.157,10287,245,7,0,True,0,car,0 days 00:44:58.744000,0 days 01:41:55.839000
2024-06-23 13:48:13.357,9622,221,7,0,True,0,car,0 days 00:44:58.944000,0 days 01:41:56.039000
2024-06-23 13:48:13.557,9001,199,7,0,True,0,car,0 days 00:44:59.144000,0 days 01:41:56.239000
2024-06-23 13:48:13.877,8905,171,7,0,True,0,car,0 days 00:44:59.464000,0 days 01:41:56.559000
2024-06-23 13:48:14.037,9714,165,7,0,True,0,car,0 days 00:44:59.624000,0 days 01:41:56.719000
2024-06-23 13:48:14.237,9065,147,5,0,True,0,car,0 days 00:44:59.824000,0 days 01:41:56.919000
2024-06-23 13:48:14.436,8448,143,4,0,True,0,car,0 days 00:45:00.023000,0 days 01:41:57.118000
2024-06-23 13:48:14.636,9385,134,4,0,True,0,car,0 days 00:45:00.223000,0 days 01:41:57.318000
2024-06-23 13:48:15.036,9060,125,3,0,True,0,car,0 days 00:45:00.623000,0 days 01:41:57.718000
2024-06-23 13:48:15.236,8785,121,3,0,True,0,car,0 days 00:45:00.823000,0 days 01:41:57.918000
2024-06-23 13:48:15.396,8674,119,3,0,True,0,car,0 days 00:45:00.983000,0 days 01:41:58.078000
2024-06-23 13:48:15.716,8411,114,3,0,True,0,car,0 days 00:45:01.303000,0 days 01:41:58.398000
2024-06-23 13:48:15.996,8274,110,3,0,True,0,car,0 days 00:45:01.583000,0 days 01:41:58.678000
2024-06-23 13:48:16.156,8020,107,3,0,True,0,car,0 days 00:45:01.743000,0 days 01:41:58.838000
2024-06-23 13:48:16.356,7699,104,3,0,True,0,car,0 days 00:45:01.943000,0 days 01:41:59.038000
2024-06-23 13:48:16.556,7545,102,3,0,False,0,car,0 days 00:45:02.143000,0 days 01:41:59.238000
2024-06-23 13:48:16.956,7711,100,3,28,False,0,car,0 days 00:45:02.543000,0 days 01:41:59.638000
2024-06-23 13:48:17.236,7753,103,3,35,False,0,car,0 days 00:45:02.823000,0 days 01:41:59.918000
2024-06-23 13:48:17.636,8247,106,3,45,False,0,car,0 days 00:45:03.223000,0 days 01:42:00.318000
2024-06-23 13:48:17.836,8533,112,3,50,False,0,car,0 days 00:45:03.423000,0 days 01:42:00.518000
2024-06-23 13:48:18.036,8958,112,3,57,False,0,car,0 days 00:45:03.623000,0 days 01:42:00.718000
2024-06-23 13:48:18.396,9588,125,3,71,False,0,car,0 days 00:45:03.983000,0 days 01:42:01.078000
2024-06-23 13:48:18.556,9420,132,3,72,False,0,car,0 days 00:45:04.143000,0 days 01:42:01.238000
2024-06-23 13:48:18.756,9098,139,4,81,False,0,car,0 days 00:45:04.343000,0 days 01:42:01.438000
2024-06-23 13:48:19.037,9829,150,4,88,False,0,car,0 days 00:45:04.624000,0 days 01:42:01.719000
2024-06-23 13:48:19.237,10314,159,4,97,False,0,car,0 days 00:45:04.824000,0 days 01:42:01.919000
2024-06-23 13:48:19.437,10894,168,4,100,False,0,car,0 days 00:45:05.024000,0 days 01:42:02.119000
2024-06-23 13:48:19.717,11360,174,4,100,False,0,car,0 days 00:45:05.304000,0 days 01:42:02.399000
2024-06-23 13:48:19.917,11422,181,4,100,False,0,car,0 days 00:45:05.504000,0 days 01:42:02.599000
2024-06-23 13:48:20.357,10194,195,5,100,False,0,car,0 days 00:45:05.944000,0 days 01:42:03.039000
2024-06-23 13:48:20.677,9290,194,5,0,True,0,car,0 days 00:45:06.264000,0 days 01:42:03.359000
2024-06-23 13:48:20.877,9404,180,5,0,True,0,car,0 days 00:45:06.464000,0 days 01:42:03.559000
2024-06-23 13:48:21.236,9734,164,4,0,True,0,car,0 days 00:45:06.823000,0 days 01:42:03.918000
2024-06-23 13:48:21.436,9202,151,4,0,True,0,car,0 days 00:45:07.023000,0 days 01:42:04.118000
2024-06-23 13:48:21.676,8744,143,4,0,True,0,car,0 days 00:45:07.263000,0 days 01:42:04.358000
2024-06-23 13:48:22.036,7988,130,4,0,True,0,car,0 days 00:45:07.623000,0 days 01:42:04.718000
2024-06-23 13:48:22.356,7778,125,4,0,True,0,car,0 days 00:45:07.943000,0 days 01:42:05.038000
2024-06-23 13:48:22.516,7634,124,4,0,False,0,car,0 days 00:45:08.103000,0 days 01:42:05.198000
2024-06-23 13:48:22.796,7555,121,4,0,False,0,car,0 days 00:45:08.383000,0 days 01:42:05.478000
2024-06-23 13:48:23.196,7466,116,4,0,False,0,car,0 days 00:45:08.783000,0 days 01:42:05.878000
2024-06-23 13:48:23.476,6986,111,4,0,False,0,car,0 days 00:45:09.063000,0 days 01:42:06.158000
2024-06-23 13:48:23.796,6836,108,4,19,False,0,car,0 days 00:45:09.383000,0 days 01:42:06.478000
2024-06-23 13:48:24.116,7215,109,4,39,False,0,car,0 days 00:45:09.703000,0 days 01:42:06.798000
2024-06-23 13:48:24.476,7430,113,4,43,False,0,car,0 days 00:45:10.063000,0 days 01:42:07.158000
2024-06-23 13:48:24.676,7627,116,4,49,False,0,car,0 days 00:45:10.263000,0 days 01:42:07.358000
2024-06-23 13:48:24.996,8100,123,4,56,False,0,car,0 days 00:45:10.583000,0 days 01:42:07.678000
2024-06-23 13:48:25.156,8325,126,4,56,False,0,car,0 days 00:45:10.743000,0 days 01:42:07.838000
2024-06-23 13:48:25.436,8712,133,4,62,False,0,car,0 days 00:45:11.023000,0 days 01:42:08.118000
2024-06-23 13:48:25.597,8884,136,4,69,False,0,car,0 days 00:45:11.184000,0 days 01:42:08.279000
2024-06-23 13:48:25.797,9230,141,4,75,False,0,car,0 days 00:45:11.384000,0 days 01:42:08.479000
2024-06-23 13:48:25.957,9842,148,4,83,False,0,car,0 days 00:45:11.544000,0 days 01:42:08.639000
2024-06-23 13:48:26.277,10846,158,4,84,False,0,car,0 days 00:45:11.864000,0 days 01:42:08.959000
2024-06-23 13:48:26.437,10696,165,4,100,False,0,car,0 days 00:45:12.024000,0 days 01:42:09.119000
2024-06-23 13:48:26.637,11337,175,4,100,False,0,car,0 days 00:45:12.224000,0 days 01:42:09.319000
2024-06-23 13:48:27.117,10392,190,5,100,False,0,car,0 days 00:45:12.704000,0 days 01:42:09.799000
2024-06-23 13:48:27.517,11183,205,5,100,False,0,car,0 days 00:45:13.104000,0 days 01:42:10.199000
2024-06-23 13:48:27.956,11220,219,5,100,False,0,car,0 days 00:45:13.543000,0 days 01:42:10.638000
2024-06-23 13:48:28.356,10601,226,6,87,False,0,car,0 days 00:45:13.943000,0 days 01:42:11.038000
2024-06-23 13:48:28.596,10715,231,6,89,False,0,car,0 days 00:45:14.183000,0 days 01:42:11.278000
2024-06-23 13:48:28.836,10754,234,6,83,False,0,car,0 days 00:45:14.423000,0 days 01:42:11.518000
2024-06-23 13:48:28.996,10899,234,6,80,False,0,car,0 days 00:45:14.583000,0 days 01:42:11.678000
2024-06-23 13:48:29.396,11328,236,6,88,False,0,car,0 days 00:45:14.983000,0 days 01:42:12.078000
2024-06-23 13:48:29.676,11227,239,6,100,False,0,car,0 days 00:45:15.263000,0 days 01:42:12.358000
2024-06-23 13:48:29.956,11271,244,6,100,False,0,car,0 days 00:45:15.543000,0 days 01:42:12.638000
2024-06-23 13:48:30.236,11433,247,6,100,False,0,car,0 days 00:45:15.823000,0 days 01:42:12.918000
2024-06-23 13:48:30.436,11451,250,6,100,False,0,car,0 days 00:45:16.023000,0 days 01:42:13.118000
2024-06-23 13:48:30.756,11637,254,6,100,False,0,car,0 days 00:45:16.343000,0 days 01:42:13.438000
2024-06-23 13:48:30.996,11089,257,6,100,False,0,car,0 days 00:45:16.583000,0 days 01:42:13.678000
2024-06-23 13:48:31.196,10064,259,7,100,False,0,car,0 days 00:45:16.783000,0 days 01:42:13.878000
2024-06-23 13:48:31.436,10391,261,7,100,False,0,car,0 days 00:45:17.023000,0 days 01:42:14.118000
2024-06-23 13:48:31.676,10500,262,7,100,False,0,car,0 days 00:45:17.263000,0 days 01:42:14.358000
2024-06-23 13:48:31.876,10360,256,7,0,True,0,car,0 days 00:45:17.463000,0 days 01:42:14.558000
2024-06-23 13:48:32.197,9680,244,7,0,False,0,car,0 days 00:45:17.784000,0 days 01:42:14.879000
2024-06-23 13:48:32.477,10638,234,6,34,False,0,car,0 days 00:45:18.064000,0 days 01:42:15.159000
2024-06-23 13:48:32.637,10576,231,6,54,False,0,car,0 days 00:45:18.224000,0 days 01:42:15.319000
2024-06-23 13:48:32.877,10660,230,6,74,False,0,car,0 days 00:45:18.464000,0 days 01:42:15.559000
2024-06-23 13:48:33.077,10579,231,6,71,False,0,car,0 days 00:45:18.664000,0 days 01:42:15.759000
2024-06-23 13:48:33.357,10650,231,6,74,False,0,car,0 days 00:45:18.944000,0 days 01:42:16.039000
2024-06-23 13:48:33.597,10836,230,6,100,False,0,car,0 days 00:45:19.184000,0 days 01:42:16.279000
2024-06-23 13:48:33.837,10948,236,6,100,False,0,car,0 days 00:45:19.424000,0 days 01:42:16.519000
2024-06-23 13:48:34.077,11065,239,6,100,False,0,car,0 days 00:45:19.664000,0 days 01:42:16.759000
2024-06-23 13:48:34.277,11211,241,6,100,False,0,car,0 days 00:45:19.864000,0 days 01:42:16.959000
2024-06-23 13:48:34.516,11275,243,6,100,False,0,car,0 days 00:45:20.103000,0 days 01:42:17.198000
2024-06-23 13:48:34.716,11381,244,6,100,False,0,car,0 days 00:45:20.303000,0 days 01:42:17.398000
2024-06-23 13:48:34.876,11490,244,6,100,False,0,car,0 days 00:45:20.463000,0 days 01:42:17.558000
2024-06-23 13:48:35.156,11561,253,6,100,False,0,car,0 days 00:45:20.743000,0 days 01:42:17.838000
2024-06-23 13:48:35.636,10574,257,6,100,False,0,car,0 days 00:45:21.223000,0 days 01:42:18.318000
2024-06-23 13:48:35.996,10565,264,7,100,False,0,car,0 days 00:45:21.583000,0 days 01:42:18.678000
2024-06-23 13:48:36.196,10701,266,7,100,False,0,car,0 days 00:45:21.783000,0 days 01:42:18.878000
2024-06-23 13:48:36.596,10910,271,7,100,False,0,car,0 days 00:45:22.183000,0 days 01:42:19.278000
2024-06-23 13:48:36.756,10910,272,7,100,False,0,car,0 days 00:45:22.343000,0 days 01:42:19.438000
2024-06-23 13:48:36.996,10996,274,7,100,False,0,car,0 days 00:45:22.583000,0 days 01:42:19.678000
2024-06-23 13:48:37.196,11093,277,7,100,False,0,car,0 days 00:45:22.783000,0 days 01:42:19.878000
2024-06-23 13:48:37.516,11225,279,7,100,False,0,car,0 days 00:45:23.103000,0 days 01:42:20.198000
2024-06-23 13:48:37.716,11276,281,7,100,False,0,car,0 days 00:45:23.303000,0 days 01:42:20.398000
2024-06-23 13:48:37.916,11357,281,7,100,False,0,car,0 days 00:45:23.503000,0 days 01:42:20.598000
2024-06-23 13:48:38.116,11441,284,7,100,False,0,car,0 days 00:45:23.703000,0 days 01:42:20.798000
2024-06-23 13:48:38.356,11506,286,7,100,False,0,car,0 days 00:45:23.943000,0 days 01:42:21.038000
2024-06-23 13:48:38.556,11557,288,7,100,False,0,car,0 days 00:45:24.143000,0 days 01:42:21.238000
2024-06-23 13:48:38.957,11620,291,7,100,False,0,car,0 days 00:45:24.544000,0 days 01:42:21.639000
2024-06-23 13:48:39.317,11599,293,7,100,False,0,car,0 days 00:45:24.904000,0 days 01:42:21.999000
2024-06-23 13:48:39.517,11056,295,7,100,False,0,car,0 days 00:45:25.104000,0 days 01:42:22.199000
2024-06-23 13:48:39.957,10556,296,8,100,False,0,car,0 days 00:45:25.544000,0 days 01:42:22.639000
2024-06-23 13:48:40.117,10546,296,8,100,False,0,car,0 days 00:45:25.704000,0 days 01:42:22.799000
2024-06-23 13:48:40.277,10588,297,8,100,False,0,car,0 days 00:45:25.864000,0 days 01:42:22.959000
2024-06-23 13:48:40.517,10584,297,8,100,False,0,car,0 days 00:45:26.104000,0 days 01:42:23.199000
2024-06-23 13:48:40.877,10672,299,8,100,False,0,car,0 days 00:45:26.464000,0 days 01:42:23.559000
2024-06-23 13:48:41.117,10679,300,8,100,False,0,car,0 days 00:45:26.704000,0 days 01:42:23.799000
2024-06-23 13:48:41.316,10669,301,8,100,False,0,car,0 days 00:45:26.903000,0 days 01:42:23.998000
2024-06-23 13:48:41.676,10703,302,8,100,False,0,car,0 days 00:45:27.263000,0 days 01:42:24.358000
2024-06-23 13:48:41.836,10742,302,8,100,False,0,car,0 days 00:45:27.423000,0 days 01:42:24.518000
2024-06-23 13:48:42.116,10765,302,8,100,False,0,car,0 days 00:45:27.703000,0 days 01:42:24.798000
2024-06-23 13:48:42.556,10808,303,8,100,False,0,car,0 days 00:45:28.143000,0 days 01:42:25.238000
2024-06-23 13:48:42.836,10845,305,8,100,False,0,car,0 days 00:45:28.423000,0 days 01:42:25.518000
2024-06-23 13:48:43.036,10847,305,8,100,False,0,car,0 days 00:45:28.623000,0 days 01:42:25.718000
2024-06-23 13:48:43.276,10867,306,8,100,False,0,car,0 days 00:45:28.863000,0 days 01:42:25.958000
2024-06-23 13:48:43.476,10871,306,8,100,False,0,car,0 days 00:45:29.063000,0 days 01:42:26.158000
2024-06-23 13:48:43.716,10895,306,8,100,False,0,car,0 days 00:45:29.303000,0 days 01:42:26.398000
2024-06-23 13:48:43.956,10897,307,8,100,False,0,car,0 days 00:45:29.543000,0 days 01:42:26.638000
2024-06-23 13:48:44.116,10925,306,8,100,False,0,car,0 days 00:45:29.703000,0 days 01:42:26.798000
2024-06-23 13:48:44.356,10925,307,8,100,False,0,car,0 days 00:45:29.943000,0 days 01:42:27.038000
2024-06-23 13:48:44.636,10890,308,8,100,False,0,car,0 days 00:45:30.223000,0 days 01:42:27.318000
2024-06-23 13:48:44.876,10864,307,8,100,False,0,car,0 days 00:45:30.463000,0 days 01:42:27.558000
2024-06-23 13:48:45.116,10916,307,8,100,False,0,car,0 days 00:45:30.703000,0 days 01:42:27.798000
2024-06-23 13:48:45.437,10880,306,8,100,False,0,car,0 days 00:45:31.024000,0 days 01:42:28.119000
2024-06-23 13:48:45.877,10811,303,8,100,False,0,car,0 days 00:45:31.464000,0 days 01:42:28.559000
2024-06-23 13:48:46.037,10546,299,8,0,False,0,car,0 days 00:45:31.624000,0 days 01:42:28.719000
2024-06-23 13:48:46.237,10234,288,8,0,True,0,car,0 days 00:45:31.824000,0 days 01:42:28.919000
2024-06-23 13:48:46.437,9558,270,8,0,True,0,car,0 days 00:45:32.024000,0 days 01:42:29.119000
2024-06-23 13:48:46.637,9133,256,8,0,True,0,car,0 days 00:45:32.224000,0 days 01:42:29.319000
2024-06-23 13:48:46.837,8993,217,8,0,True,0,car,0 days 00:45:32.424000,0 days 01:42:29.519000
2024-06-23 13:48:47.117,8924,198,8,0,True,0,car,0 days 00:45:32.704000,0 days 01:42:29.799000
2024-06-23 13:48:47.477,9529,168,6,0,True,0,car,0 days 00:45:33.064000,0 days 01:42:30.159000
2024-06-23 13:48:47.637,9815,168,5,0,True,0,car,0 days 00:45:33.224000,0 days 01:42:30.319000
2024-06-23 13:48:47.917,9213,153,4,0,True,0,car,0 days 00:45:33.504000,0 days 01:42:30.599000
2024-06-23 13:48:48.156,8987,145,4,0,True,0,car,0 days 00:45:33.743000,0 days 01:42:30.838000
2024-06-23 13:48:48.436,8728,142,4,0,False,0,car,0 days 00:45:34.023000,0 days 01:42:31.118000
2024-06-23 13:48:48.676,8552,135,4,0,False,0,car,0 days 00:45:34.263000,0 days 01:42:31.358000
2024-06-23 13:48:48.916,8563,134,4,30,False,0,car,0 days 00:45:34.503000,0 days 01:42:31.598000
2024-06-23 13:48:49.236,8734,136,4,42,False,0,car,0 days 00:45:34.823000,0 days 01:42:31.918000
2024-06-23 13:48:49.596,9141,142,4,67,False,0,car,0 days 00:45:35.183000,0 days 01:42:32.278000
2024-06-23 13:48:49.876,9703,149,4,77,False,0,car,0 days 00:45:35.463000,0 days 01:42:32.558000
2024-06-23 13:48:50.116,10116,156,4,80,False,0,car,0 days 00:45:35.703000,0 days 01:42:32.798000
2024-06-23 13:48:50.396,8824,164,4,53,False,0,car,0 days 00:45:35.983000,0 days 01:42:33.078000
2024-06-23 13:48:50.556,8872,165,5,53,False,0,car,0 days 00:45:36.143000,0 days 01:42:33.238000
2024-06-23 13:48:50.796,8978,165,5,59,False,0,car,0 days 00:45:36.383000,0 days 01:42:33.478000
2024-06-23 13:48:50.996,9014,167,5,67,False,0,car,0 days 00:45:36.583000,0 days 01:42:33.678000
2024-06-23 13:48:51.156,9263,169,5,73,False,0,car,0 days 00:45:36.743000,0 days 01:42:33.838000
2024-06-23 13:48:51.476,9570,175,5,76,False,0,car,0 days 00:45:37.063000,0 days 01:42:34.158000
2024-06-23 13:48:51.796,9773,181,5,75,False,0,car,0 days 00:45:37.383000,0 days 01:42:34.478000
2024-06-23 13:48:52.157,10252,189,5,98,False,0,car,0 days 00:45:37.744000,0 days 01:42:34.839000
2024-06-23 13:48:52.557,10831,202,5,100,False,0,car,0 days 00:45:38.144000,0 days 01:42:35.239000
2024-06-23 13:48:52.797,11175,209,5,100,False,0,car,0 days 00:45:38.384000,0 days 01:42:35.479000
2024-06-23 13:48:52.997,10517,212,5,85,False,0,car,0 days 00:45:38.584000,0 days 01:42:35.679000
2024-06-23 13:48:53.157,9965,215,6,80,False,0,car,0 days 00:45:38.744000,0 days 01:42:35.839000
2024-06-23 13:48:53.517,10038,216,6,72,False,0,car,0 days 00:45:39.104000,0 days 01:42:36.199000
2024-06-23 13:48:53.677,10088,218,6,71,False,0,car,0 days 00:45:39.264000,0 days 01:42:36.359000
2024-06-23 13:48:53.997,9930,216,6,0,False,0,car,0 days 00:45:39.584000,0 days 01:42:36.679000
2024-06-23 13:48:54.357,9479,208,6,3,False,0,car,0 days 00:45:39.944000,0 days 01:42:37.039000
2024-06-23 13:48:54.716,9397,204,6,64,False,0,car,0 days 00:45:40.303000,0 days 01:42:37.398000
2024-06-23 13:48:54.956,9486,205,6,72,False,0,car,0 days 00:45:40.543000,0 days 01:42:37.638000
2024-06-23 13:48:55.116,9617,206,6,73,False,0,car,0 days 00:45:40.703000,0 days 01:42:37.798000
2024-06-23 13:48:55.436,9820,211,6,83,False,0,car,0 days 00:45:41.023000,0 days 01:42:38.118000
2024-06-23 13:48:55.756,10087,215,6,98,False,0,car,0 days 00:45:41.343000,0 days 01:42:38.438000
2024-06-23 13:48:55.996,10202,218,6,98,False,0,car,0 days 00:45:41.583000,0 days 01:42:38.678000
2024-06-23 13:48:56.156,10333,223,6,100,False,0,car,0 days 00:45:41.743000,0 days 01:42:38.838000
2024-06-23 13:48:56.436,10628,229,6,100,False,0,car,0 days 00:45:42.023000,0 days 01:42:39.118000
2024-06-23 13:48:56.916,10960,236,6,100,False,0,car,0 days 00:45:42.503000,0 days 01:42:39.598000
2024-06-23 13:48:57.076,11032,240,6,100,False,0,car,0 days 00:45:42.663000,0 days 01:42:39.758000
2024-06-23 13:48:57.356,11269,243,6,100,False,0,car,0 days 00:45:42.943000,0 days 01:42:40.038000
2024-06-23 13:48:57.596,11366,245,6,100,False,0,car,0 days 00:45:43.183000,0 days 01:42:40.278000
2024-06-23 13:48:57.796,11495,250,6,100,False,0,car,0 days 00:45:43.383000,0 days 01:42:40.478000
2024-06-23 13:48:58.036,11678,254,6,100,False,0,car,0 days 00:45:43.623000,0 days 01:42:40.718000
2024-06-23 13:48:58.196,11711,255,6,100,False,0,car,0 days 00:45:43.783000,0 days 01:42:40.878000
2024-06-23 13:48:58.396,11077,258,6,100,False,0,car,0 days 00:45:43.983000,0 days 01:42:41.078000
2024-06-23 13:48:58.597,10403,259,7,100,False,0,car,0 days 00:45:44.184000,0 days 01:42:41.279000
2024-06-23 13:48:58.917,10701,264,7,100,False,0,car,0 days 00:45:44.504000,0 days 01:42:41.599000
2024-06-23 13:48:59.077,10701,267,7,100,False,0,car,0 days 00:45:44.664000,0 days 01:42:41.759000
2024-06-23 13:48:59.317,10858,269,7,100,False,0,car,0 days 00:45:44.904000,0 days 01:42:41.999000
2024-06-23 13:48:59.677,11004,274,7,100,False,0,car,0 days 00:45:45.264000,0 days 01:42:42.359000
2024-06-23 13:49:00.037,11160,277,7,100,False,0,car,0 days 00:45:45.624000,0 days 01:42:42.719000
2024-06-23 13:49:00.357,11288,281,7,100,False,0,car,0 days 00:45:45.944000,0 days 01:42:43.039000
2024-06-23 13:49:00.637,11281,282,7,100,False,0,car,0 days 00:45:46.224000,0 days 01:42:43.319000
2024-06-23 13:49:01.037,10761,281,7,0,False,0,car,0 days 00:45:46.624000,0 days 01:42:43.719000
2024-06-23 13:49:01.357,10053,256,7,0,True,0,car,0 days 00:45:46.944000,0 days 01:42:44.039000
2024-06-23 13:49:01.556,9378,234,7,0,True,0,car,0 days 00:45:47.143000,0 days 01:42:44.238000
2024-06-23 13:49:01.836,9143,202,7,0,True,0,car,0 days 00:45:47.423000,0 days 01:42:44.518000
2024-06-23 13:49:02.036,9652,195,6,0,True,0,car,0 days 00:45:47.623000,0 days 01:42:44.718000
2024-06-23 13:49:02.436,10087,166,5,0,True,0,car,0 days 00:45:48.023000,0 days 01:42:45.118000
2024-06-23 13:49:02.636,9766,160,5,0,True,0,car,0 days 00:45:48.223000,0 days 01:42:45.318000
2024-06-23 13:49:03.116,9108,147,4,0,True,0,car,0 days 00:45:48.703000,0 days 01:42:45.798000
2024-06-23 13:49:03.276,8920,143,4,0,True,0,car,0 days 00:45:48.863000,0 days 01:42:45.958000
2024-06-23 13:49:03.476,8680,139,4,0,True,0,car,0 days 00:45:49.063000,0 days 01:42:46.158000
2024-06-23 13:49:03.636,8423,136,4,0,True,0,car,0 days 00:45:49.223000,0 days 01:42:46.318000
2024-06-23 13:49:03.956,8228,131,4,0,False,0,car,0 days 00:45:49.543000,0 days 01:42:46.638000
2024-06-23 13:49:04.196,8024,129,4,0,False,0,car,0 days 00:45:49.783000,0 days 01:42:46.878000
2024-06-23 13:49:04.476,8172,125,4,32,False,0,car,0 days 00:45:50.063000,0 days 01:42:47.158000
2024-06-23 13:49:04.676,8040,126,4,46,False,0,car,0 days 00:45:50.263000,0 days 01:42:47.358000
2024-06-23 13:49:04.916,8377,128,4,51,False,0,car,0 days 00:45:50.503000,0 days 01:42:47.598000
2024-06-23 13:49:05.157,8617,132,4,57,False,0,car,0 days 00:45:50.744000,0 days 01:42:47.839000
2024-06-23 13:49:05.477,8942,138,4,64,False,0,car,0 days 00:45:51.064000,0 days 01:42:48.159000
2024-06-23 13:49:05.637,9252,142,4,69,False,0,car,0 days 00:45:51.224000,0 days 01:42:48.319000
2024-06-23 13:49:05.837,9743,148,4,74,False,0,car,0 days 00:45:51.424000,0 days 01:42:48.519000
2024-06-23 13:49:06.117,10269,151,4,79,False,0,car,0 days 00:45:51.704000,0 days 01:42:48.799000
2024-06-23 13:49:06.397,10508,163,4,86,False,0,car,0 days 00:45:51.984000,0 days 01:42:49.079000
2024-06-23 13:49:06.757,11452,178,4,100,False,0,car,0 days 00:45:52.344000,0 days 01:42:49.439000
2024-06-23 13:49:06.917,11312,178,4,100,False,0,car,0 days 00:45:52.504000,0 days 01:42:49.599000
2024-06-23 13:49:07.157,10392,192,5,100,False,0,car,0 days 00:45:52.744000,0 days 01:42:49.839000
2024-06-23 13:49:07.437,10833,198,5,100,False,0,car,0 days 00:45:53.024000,0 days 01:42:50.119000
2024-06-23 13:49:07.717,11063,206,5,100,False,0,car,0 days 00:45:53.304000,0 days 01:42:50.399000
2024-06-23 13:49:07.957,11463,214,5,100,False,0,car,0 days 00:45:53.544000,0 days 01:42:50.639000
2024-06-23 13:49:08.396,11920,224,5,100,False,0,car,0 days 00:45:53.983000,0 days 01:42:51.078000
2024-06-23 13:49:08.636,10852,228,5,100,False,0,car,0 days 00:45:54.223000,0 days 01:42:51.318000
2024-06-23 13:49:08.836,10777,234,6,100,False,0,car,0 days 00:45:54.423000,0 days 01:42:51.518000
2024-06-23 13:49:09.076,10928,237,6,100,False,0,car,0 days 00:45:54.663000,0 days 01:42:51.758000
2024-06-23 13:49:09.476,10962,241,6,77,False,0,car,0 days 00:45:55.063000,0 days 01:42:52.158000
2024-06-23 13:49:09.676,10751,229,6,0,True,0,car,0 days 00:45:55.263000,0 days 01:42:52.358000
2024-06-23 13:49:09.836,9771,203,6,0,True,0,car,0 days 00:45:55.423000,0 days 01:42:52.518000
2024-06-23 13:49:10.236,9329,172,6,0,True,0,car,0 days 00:45:55.823000,0 days 01:42:52.918000
2024-06-23 13:49:10.396,9459,156,6,0,True,0,car,0 days 00:45:55.983000,0 days 01:42:53.078000
2024-06-23 13:49:10.596,9108,144,4,0,True,0,car,0 days 00:45:56.183000,0 days 01:42:53.278000
2024-06-23 13:49:10.756,9602,136,4,0,True,0,car,0 days 00:45:56.343000,0 days 01:42:53.438000
2024-06-23 13:49:11.116,8784,125,3,0,True,0,car,0 days 00:45:56.703000,0 days 01:42:53.798000
2024-06-23 13:49:11.316,8458,119,3,0,True,0,car,0 days 00:45:56.903000,0 days 01:42:53.998000
2024-06-23 13:49:11.476,8069,112,3,0,True,0,car,0 days 00:45:57.063000,0 days 01:42:54.158000
2024-06-23 13:49:11.877,7485,103,3,0,True,0,car,0 days 00:45:57.464000,0 days 01:42:54.559000
2024-06-23 13:49:12.037,7233,99,3,0,True,0,car,0 days 00:45:57.624000,0 days 01:42:54.719000
2024-06-23 13:49:12.237,6970,97,3,0,True,0,car,0 days 00:45:57.824000,0 days 01:42:54.919000
2024-06-23 13:49:12.477,6633,91,3,0,False,0,car,0 days 00:45:58.064000,0 days 01:42:55.159000
2024-06-23 13:49:12.757,6780,89,3,9,False,0,car,0 days 00:45:58.344000,0 days 01:42:55.439000
2024-06-23 13:49:12.997,6732,90,3,20,False,0,car,0 days 00:45:58.584000,0 days 01:42:55.679000
2024-06-23 13:49:13.237,7127,92,3,34,False,0,car,0 days 00:45:58.824000,0 days 01:42:55.919000
2024-06-23 13:49:13.557,7500,98,3,41,False,0,car,0 days 00:45:59.144000,0 days 01:42:56.239000
2024-06-23 13:49:13.837,7911,101,3,46,False,0,car,0 days 00:45:59.424000,0 days 01:42:56.519000
2024-06-23 13:49:14.197,8753,111,3,59,False,0,car,0 days 00:45:59.784000,0 days 01:42:56.879000
2024-06-23 13:49:14.397,9182,117,3,65,False,0,car,0 days 00:45:59.984000,0 days 01:42:57.079000
2024-06-23 13:49:14.597,9683,124,3,75,False,0,car,0 days 00:46:00.184000,0 days 01:42:57.279000
2024-06-23 13:49:14.837,10389,138,3,78,False,0,car,0 days 00:46:00.424000,0 days 01:42:57.519000
2024-06-23 13:49:15.156,10086,151,4,100,False,0,car,0 days 00:46:00.743000,0 days 01:42:57.838000
2024-06-23 13:49:15.396,10686,157,4,100,False,0,car,0 days 00:46:00.983000,0 days 01:42:58.078000
2024-06-23 13:49:15.676,11342,176,4,100,False,0,car,0 days 00:46:01.263000,0 days 01:42:58.358000
2024-06-23 13:49:15.956,10378,184,4,100,False,0,car,0 days 00:46:01.543000,0 days 01:42:58.638000
2024-06-23 13:49:16.196,10397,194,5,100,False,0,car,0 days 00:46:01.783000,0 days 01:42:58.878000
2024-06-23 13:49:16.436,10877,204,5,100,False,0,car,0 days 00:46:02.023000,0 days 01:42:59.118000
2024-06-23 13:49:16.716,11397,210,5,100,False,0,car,0 days 00:46:02.303000,0 days 01:42:59.398000
2024-06-23 13:49:17.036,11813,221,5,100,False,0,car,0 days 00:46:02.623000,0 days 01:42:59.718000
2024-06-23 13:49:17.236,10833,225,5,100,False,0,car,0 days 00:46:02.823000,0 days 01:42:59.918000
2024-06-23 13:49:17.396,10831,226,6,100,False,0,car,0 days 00:46:02.983000,0 days 01:43:00.078000
2024-06-23 13:49:17.796,10904,237,6,100,False,0,car,0 days 00:46:03.383000,0 days 01:43:00.478000
2024-06-23 13:49:18.116,11229,243,6,100,False,0,car,0 days 00:46:03.703000,0 days 01:43:00.798000
2024-06-23 13:49:18.317,11357,246,6,100,False,0,car,0 days 00:46:03.904000,0 days 01:43:00.999000
2024-06-23 13:49:18.557,11458,250,6,100,False,0,car,0 days 00:46:04.144000,0 days 01:43:01.239000
2024-06-23 13:49:18.717,11504,250,6,100,False,0,car,0 days 00:46:04.304000,0 days 01:43:01.399000
2024-06-23 13:49:19.077,11021,247,6,0,True,0,car,0 days 00:46:04.664000,0 days 01:43:01.759000
2024-06-23 13:49:19.237,10884,227,6,0,True,0,car,0 days 00:46:04.824000,0 days 01:43:01.919000
2024-06-23 13:49:19.397,10184,216,6,0,True,0,car,0 days 00:46:04.984000,0 days 01:43:02.079000
2024-06-23 13:49:19.637,9533,198,6,0,True,0,car,0 days 00:46:05.224000,0 days 01:43:02.319000
2024-06-23 13:49:20.037,9806,167,5,0,True,0,car,0 days 00:46:05.624000,0 days 01:43:02.719000
2024-06-23 13:49:20.397,9074,149,4,0,True,0,car,0 days 00:46:05.984000,0 days 01:43:03.079000
2024-06-23 13:49:20.597,9066,144,4,0,False,0,car,0 days 00:46:06.184000,0 days 01:43:03.279000
2024-06-23 13:49:20.757,8670,141,4,0,False,0,car,0 days 00:46:06.344000,0 days 01:43:03.439000
2024-06-23 13:49:20.997,8606,138,4,0,False,0,car,0 days 00:46:06.584000,0 days 01:43:03.679000
2024-06-23 13:49:21.197,8512,136,4,0,False,0,car,0 days 00:46:06.784000,0 days 01:43:03.879000
2024-06-23 13:49:21.557,8196,131,4,21,False,0,car,0 days 00:46:07.144000,0 days 01:43:04.239000
2024-06-23 13:49:21.836,8458,130,4,35,False,0,car,0 days 00:46:07.423000,0 days 01:43:04.518000
2024-06-23 13:49:22.036,8408,133,4,47,False,0,car,0 days 00:46:07.623000,0 days 01:43:04.718000
2024-06-23 13:49:22.276,8898,136,4,62,False,0,car,0 days 00:46:07.863000,0 days 01:43:04.958000
2024-06-23 13:49:22.476,9130,141,4,72,False,0,car,0 days 00:46:08.063000,0 days 01:43:05.158000
2024-06-23 13:49:22.756,10022,152,4,87,False,0,car,0 days 00:46:08.343000,0 days 01:43:05.438000
2024-06-23 13:49:23.156,11070,169,4,100,False,0,car,0 days 00:46:08.743000,0 days 01:43:05.838000
2024-06-23 13:49:23.316,11448,172,4,100,False,0,car,0 days 00:46:08.903000,0 days 01:43:05.998000
2024-06-23 13:49:23.636,11492,186,4,100,False,0,car,0 days 00:46:09.223000,0 days 01:43:06.318000
2024-06-23 13:49:23.796,10413,189,4,100,False,0,car,0 days 00:46:09.383000,0 days 01:43:06.478000
2024-06-23 13:49:24.276,11070,205,5,100,False,0,car,0 days 00:46:09.863000,0 days 01:43:06.958000
2024-06-23 13:49:24.476,11306,210,5,100,False,0,car,0 days 00:46:10.063000,0 days 01:43:07.158000
2024-06-23 13:49:24.676,11550,216,5,100,False,0,car,0 days 00:46:10.263000,0 days 01:43:07.358000
2024-06-23 13:49:24.837,11764,221,5,100,False,0,car,0 days 00:46:10.424000,0 days 01:43:07.519000
2024-06-23 13:49:24.997,11229,224,5,100,False,0,car,0 days 00:46:10.584000,0 days 01:43:07.679000
2024-06-23 13:49:25.477,10795,235,6,100,False,0,car,0 days 00:46:11.064000,0 days 01:43:08.159000
2024-06-23 13:49:25.717,11004,238,6,100,False,0,car,0 days 00:46:11.304000,0 days 01:43:08.399000
2024-06-23 13:49:25.877,11033,242,6,100,False,0,car,0 days 00:46:11.464000,0 days 01:43:08.559000
2024-06-23 13:49:26.117,11121,244,6,100,False,0,car,0 days 00:46:11.704000,0 days 01:43:08.799000
2024-06-23 13:49:26.517,10849,239,6,0,False,0,car,0 days 00:46:12.104000,0 days 01:43:09.199000
2024-06-23 13:49:26.917,10356,229,6,0,False,0,car,0 days 00:46:12.504000,0 days 01:43:09.599000
2024-06-23 13:49:27.157,10084,221,6,43,False,0,car,0 days 00:46:12.744000,0 days 01:43:09.839000
2024-06-23 13:49:27.317,10115,221,6,50,False,0,car,0 days 00:46:12.904000,0 days 01:43:09.999000
2024-06-23 13:49:27.477,10094,219,6,59,False,0,car,0 days 00:46:13.064000,0 days 01:43:10.159000
2024-06-23 13:49:27.957,10170,218,6,72,False,0,car,0 days 00:46:13.544000,0 days 01:43:10.639000
2024-06-23 13:49:28.356,10349,222,6,100,False,0,car,0 days 00:46:13.943000,0 days 01:43:11.038000
2024-06-23 13:49:28.716,10632,228,6,100,False,0,car,0 days 00:46:14.303000,0 days 01:43:11.398000
2024-06-23 13:49:28.876,10758,231,6,100,False,0,car,0 days 00:46:14.463000,0 days 01:43:11.558000
2024-06-23 13:49:29.076,10890,235,6,100,False,0,car,0 days 00:46:14.663000,0 days 01:43:11.758000
2024-06-23 13:49:29.236,11003,236,6,100,False,0,car,0 days 00:46:14.823000,0 days 01:43:11.918000
2024-06-23 13:49:29.596,11208,245,6,100,False,0,car,0 days 00:46:15.183000,0 days 01:43:12.278000
2024-06-23 13:49:29.836,11374,248,6,100,False,0,car,0 days 00:46:15.423000,0 days 01:43:12.518000
2024-06-23 13:49:30.196,11631,254,6,100,False,0,car,0 days 00:46:15.783000,0 days 01:43:12.878000
2024-06-23 13:49:30.356,11729,256,6,100,False,0,car,0 days 00:46:15.943000,0 days 01:43:13.038000
2024-06-23 13:49:30.596,11255,260,6,100,False,0,car,0 days 00:46:16.183000,0 days 01:43:13.278000
2024-06-23 13:49:30.956,10677,265,7,100,False,0,car,0 days 00:46:16.543000,0 days 01:43:13.638000
2024-06-23 13:49:31.477,10856,270,7,100,False,0,car,0 days 00:46:17.064000,0 days 01:43:14.159000
2024-06-23 13:49:31.797,10975,274,7,100,False,0,car,0 days 00:46:17.384000,0 days 01:43:14.479000
2024-06-23 13:49:32.077,11072,276,7,100,False,0,car,0 days 00:46:17.664000,0 days 01:43:14.759000
2024-06-23 13:49:32.357,11182,278,7,100,False,0,car,0 days 00:46:17.944000,0 days 01:43:15.039000
2024-06-23 13:49:32.637,11245,282,7,100,False,0,car,0 days 00:46:18.224000,0 days 01:43:15.319000
2024-06-23 13:49:32.877,11320,282,7,100,False,0,car,0 days 00:46:18.464000,0 days 01:43:15.559000
2024-06-23 13:49:33.317,11442,286,7,100,False,0,car,0 days 00:46:18.904000,0 days 01:43:15.999000
2024-06-23 13:49:33.557,11480,287,7,100,False,0,car,0 days 00:46:19.144000,0 days 01:43:16.239000
2024-06-23 13:49:33.797,11452,286,7,100,False,0,car,0 days 00:46:19.384000,0 days 01:43:16.479000
2024-06-23 13:49:33.997,10873,284,7,0,True,0,car,0 days 00:46:19.584000,0 days 01:43:16.679000
2024-06-23 13:49:34.357,9912,244,7,0,True,0,car,0 days 00:46:19.944000,0 days 01:43:17.039000
2024-06-23 13:49:34.597,9029,218,7,0,True,0,car,0 days 00:46:20.184000,0 days 01:43:17.279000
2024-06-23 13:49:34.877,9425,185,7,0,True,0,car,0 days 00:46:20.464000,0 days 01:43:17.559000
2024-06-23 13:49:35.156,9094,176,5,0,True,0,car,0 days 00:46:20.743000,0 days 01:43:17.838000
2024-06-23 13:49:35.436,9024,145,4,0,True,0,car,0 days 00:46:21.023000,0 days 01:43:18.118000
2024-06-23 13:49:35.796,9578,134,4,0,True,0,car,0 days 00:46:21.383000,0 days 01:43:18.478000
2024-06-23 13:49:36.236,8853,121,3,0,True,0,car,0 days 00:46:21.823000,0 days 01:43:18.918000
2024-06-23 13:49:36.636,8310,114,3,0,True,0,car,0 days 00:46:22.223000,0 days 01:43:19.318000
2024-06-23 13:49:36.996,8022,109,3,0,True,0,car,0 days 00:46:22.583000,0 days 01:43:19.678000
2024-06-23 13:49:37.236,7923,105,3,0,False,0,car,0 days 00:46:22.823000,0 days 01:43:19.918000
2024-06-23 13:49:37.476,7548,104,3,0,False,0,car,0 days 00:46:23.063000,0 days 01:43:20.158000
2024-06-23 13:49:37.636,7669,104,3,2,False,0,car,0 days 00:46:23.223000,0 days 01:43:20.318000
2024-06-23 13:49:37.917,7750,102,3,25,False,0,car,0 days 00:46:23.504000,0 days 01:43:20.599000
2024-06-23 13:49:38.237,7881,104,3,31,False,0,car,0 days 00:46:23.824000,0 days 01:43:20.919000
2024-06-23 13:49:38.477,7988,105,3,36,False,0,car,0 days 00:46:24.064000,0 days 01:43:21.159000
2024-06-23 13:49:38.637,8293,108,3,41,False,0,car,0 days 00:46:24.224000,0 days 01:43:21.319000
2024-06-23 13:49:38.877,8520,111,3,49,False,0,car,0 days 00:46:24.464000,0 days 01:43:21.559000
2024-06-23 13:49:39.037,8816,114,3,52,False,0,car,0 days 00:46:24.624000,0 days 01:43:21.719000
2024-06-23 13:49:39.237,9099,118,3,55,False,0,car,0 days 00:46:24.824000,0 days 01:43:21.919000
2024-06-23 13:49:39.437,8989,120,3,63,False,0,car,0 days 00:46:25.024000,0 days 01:43:22.119000
2024-06-23 13:49:39.717,8447,129,4,69,False,0,car,0 days 00:46:25.304000,0 days 01:43:22.399000
2024-06-23 13:49:39.957,9010,139,4,77,False,0,car,0 days 00:46:25.544000,0 days 01:43:22.639000
2024-06-23 13:49:40.397,10018,154,4,86,False,0,car,0 days 00:46:25.984000,0 days 01:43:23.079000
2024-06-23 13:49:40.757,10885,168,4,91,False,0,car,0 days 00:46:26.344000,0 days 01:43:23.439000
2024-06-23 13:49:40.957,11278,175,4,100,False,0,car,0 days 00:46:26.544000,0 days 01:43:23.639000
2024-06-23 13:49:41.357,11332,189,4,100,False,0,car,0 days 00:46:26.944000,0 days 01:43:24.039000
2024-06-23 13:49:41.597,10433,195,4,100,False,0,car,0 days 00:46:27.184000,0 days 01:43:24.279000
2024-06-23 13:49:41.757,10451,202,5,91,False,0,car,0 days 00:46:27.344000,0 days 01:43:24.439000
2024-06-23 13:49:41.916,10435,196,5,0,True,0,car,0 days 00:46:27.503000,0 days 01:43:24.598000
2024-06-23 13:49:42.196,9359,176,5,0,True,0,car,0 days 00:46:27.783000,0 days 01:43:24.878000
2024-06-23 13:49:42.396,10059,164,5,0,True,0,car,0 days 00:46:27.983000,0 days 01:43:25.078000
2024-06-23 13:49:42.596,9442,155,4,0,True,0,car,0 days 00:46:28.183000,0 days 01:43:25.278000
2024-06-23 13:49:42.796,9002,148,4,0,True,0,car,0 days 00:46:28.383000,0 days 01:43:25.478000
2024-06-23 13:49:43.036,8561,139,4,0,True,0,car,0 days 00:46:28.623000,0 days 01:43:25.718000
2024-06-23 13:49:43.316,8132,134,4,0,True,0,car,0 days 00:46:28.903000,0 days 01:43:25.998000
2024-06-23 13:49:43.516,7930,127,4,0,True,0,car,0 days 00:46:29.103000,0 days 01:43:26.198000
2024-06-23 13:49:43.876,7433,122,4,0,True,0,car,0 days 00:46:29.463000,0 days 01:43:26.558000
2024-06-23 13:49:44.196,7281,117,4,0,False,0,car,0 days 00:46:29.783000,0 days 01:43:26.878000
2024-06-23 13:49:44.476,7110,113,4,0,False,0,car,0 days 00:46:30.063000,0 days 01:43:27.158000
2024-06-23 13:49:44.677,6938,112,4,0,True,0,car,0 days 00:46:30.264000,0 days 01:43:27.359000
2024-06-23 13:49:44.957,6817,107,4,0,False,0,car,0 days 00:46:30.544000,0 days 01:43:27.639000
2024-06-23 13:49:45.317,7084,109,4,34,False,0,car,0 days 00:46:30.904000,0 days 01:43:27.999000
2024-06-23 13:49:45.557,7240,110,4,39,False,0,car,0 days 00:46:31.144000,0 days 01:43:28.239000
2024-06-23 13:49:45.957,7627,115,4,51,False,0,car,0 days 00:46:31.544000,0 days 01:43:28.639000
2024-06-23 13:49:46.317,8018,123,4,53,False,0,car,0 days 00:46:31.904000,0 days 01:43:28.999000
2024-06-23 13:49:47.397,10391,154,4,89,False,0,car,0 days 00:46:32.984000,0 days 01:43:30.079000
2024-06-23 13:49:47.597,10739,162,4,83,False,0,car,0 days 00:46:33.184000,0 days 01:43:30.279000
2024-06-23 13:49:47.837,10796,168,4,100,False,0,car,0 days 00:46:33.424000,0 days 01:43:30.519000
2024-06-23 13:49:47.997,11642,178,4,100,False,0,car,0 days 00:46:33.584000,0 days 01:43:30.679000
2024-06-23 13:49:48.277,10197,189,5,100,False,0,car,0 days 00:46:33.864000,0 days 01:43:30.959000
2024-06-23 13:49:48.437,10560,195,5,100,False,0,car,0 days 00:46:34.024000,0 days 01:43:31.119000
2024-06-23 13:49:48.636,10804,198,5,100,False,0,car,0 days 00:46:34.223000,0 days 01:43:31.318000
2024-06-23 13:49:48.836,11266,208,5,100,False,0,car,0 days 00:46:34.423000,0 days 01:43:31.518000
2024-06-23 13:49:49.036,11413,211,5,100,False,0,car,0 days 00:46:34.623000,0 days 01:43:31.718000
2024-06-23 13:49:49.276,11528,220,5,100,False,0,car,0 days 00:46:34.863000,0 days 01:43:31.958000
2024-06-23 13:49:49.556,10423,227,6,91,False,0,car,0 days 00:46:35.143000,0 days 01:43:32.238000
2024-06-23 13:49:49.756,10652,231,6,87,False,0,car,0 days 00:46:35.343000,0 days 01:43:32.438000
2024-06-23 13:49:49.916,10700,233,6,88,False,0,car,0 days 00:46:35.503000,0 days 01:43:32.598000
2024-06-23 13:49:50.396,10836,234,6,73,False,0,car,0 days 00:46:35.983000,0 days 01:43:33.078000
2024-06-23 13:49:50.596,10521,235,6,67,False,0,car,0 days 00:46:36.183000,0 days 01:43:33.278000
2024-06-23 13:49:50.916,10884,239,6,100,False,0,car,0 days 00:46:36.503000,0 days 01:43:33.598000
2024-06-23 13:49:51.157,11198,242,6,100,False,0,car,0 days 00:46:36.744000,0 days 01:43:33.839000
2024-06-23 13:49:51.397,11298,244,6,100,False,0,car,0 days 00:46:36.984000,0 days 01:43:34.079000
2024-06-23 13:49:51.637,11438,249,6,100,False,0,car,0 days 00:46:37.224000,0 days 01:43:34.319000
2024-06-23 13:49:51.877,11564,250,6,100,False,0,car,0 days 00:46:37.464000,0 days 01:43:34.559000
2024-06-23 13:49:52.237,11593,257,6,100,False,0,car,0 days 00:46:37.824000,0 days 01:43:34.919000
2024-06-23 13:49:52.517,10731,260,6,100,False,0,car,0 days 00:46:38.104000,0 days 01:43:35.199000
2024-06-23 13:49:52.837,10553,262,7,100,False,0,car,0 days 00:46:38.424000,0 days 01:43:35.519000
2024-06-23 13:49:53.157,9892,263,7,0,True,0,car,0 days 00:46:38.744000,0 days 01:43:35.839000
2024-06-23 13:49:53.317,10192,255,7,0,True,0,car,0 days 00:46:38.904000,0 days 01:43:35.999000
2024-06-23 13:49:53.557,10030,243,7,0,False,0,car,0 days 00:46:39.144000,0 days 01:43:36.239000
2024-06-23 13:49:53.837,10866,235,6,27,False,0,car,0 days 00:46:39.424000,0 days 01:43:36.519000
2024-06-23 13:49:54.037,10737,233,6,55,False,0,car,0 days 00:46:39.624000,0 days 01:43:36.719000
2024-06-23 13:49:54.197,10730,232,6,75,False,0,car,0 days 00:46:39.784000,0 days 01:43:36.879000
2024-06-23 13:49:54.397,10645,233,6,78,False,0,car,0 days 00:46:39.984000,0 days 01:43:37.079000
2024-06-23 13:49:54.557,10779,231,6,73,False,0,car,0 days 00:46:40.144000,0 days 01:43:37.239000
2024-06-23 13:49:54.877,10834,233,6,93,False,0,car,0 days 00:46:40.464000,0 days 01:43:37.559000
2024-06-23 13:49:55.077,10929,235,6,100,False,0,car,0 days 00:46:40.664000,0 days 01:43:37.759000
2024-06-23 13:49:55.356,11129,240,6,100,False,0,car,0 days 00:46:40.943000,0 days 01:43:38.038000
2024-06-23 13:49:55.756,11382,245,6,100,False,0,car,0 days 00:46:41.343000,0 days 01:43:38.438000
2024-06-23 13:49:55.996,11395,247,6,100,False,0,car,0 days 00:46:41.583000,0 days 01:43:38.678000
2024-06-23 13:49:56.356,11658,254,6,100,False,0,car,0 days 00:46:41.943000,0 days 01:43:39.038000
2024-06-23 13:49:56.796,11219,258,6,100,False,0,car,0 days 00:46:42.383000,0 days 01:43:39.478000
2024-06-23 13:49:57.036,10538,262,6,100,False,0,car,0 days 00:46:42.623000,0 days 01:43:39.718000
2024-06-23 13:49:57.276,10600,265,7,100,False,0,car,0 days 00:46:42.863000,0 days 01:43:39.958000
2024-06-23 13:49:57.556,10795,269,7,100,False,0,car,0 days 00:46:43.143000,0 days 01:43:40.238000
2024-06-23 13:49:57.877,10910,273,7,100,False,0,car,0 days 00:46:43.464000,0 days 01:43:40.559000
2024-06-23 13:49:58.037,10988,274,7,100,False,0,car,0 days 00:46:43.624000,0 days 01:43:40.719000
2024-06-23 13:49:58.357,11105,277,7,100,False,0,car,0 days 00:46:43.944000,0 days 01:43:41.039000
2024-06-23 13:49:58.597,11154,280,7,100,False,0,car,0 days 00:46:44.184000,0 days 01:43:41.279000
2024-06-23 13:49:58.757,11278,282,7,100,False,0,car,0 days 00:46:44.344000,0 days 01:43:41.439000
2024-06-23 13:49:58.917,11300,283,7,100,False,0,car,0 days 00:46:44.504000,0 days 01:43:41.599000
2024-06-23 13:49:59.197,11408,284,7,100,False,0,car,0 days 00:46:44.784000,0 days 01:43:41.879000
2024-06-23 13:49:59.397,11452,286,7,100,False,0,car,0 days 00:46:44.984000,0 days 01:43:42.079000
2024-06-23 13:49:59.557,11500,287,7,100,False,0,car,0 days 00:46:45.144000,0 days 01:43:42.239000
2024-06-23 13:49:59.717,11546,287,7,100,False,0,car,0 days 00:46:45.304000,0 days 01:43:42.399000
2024-06-23 13:49:59.957,11612,290,7,100,False,0,car,0 days 00:46:45.544000,0 days 01:43:42.639000
2024-06-23 13:50:00.157,11660,292,7,100,False,0,car,0 days 00:46:45.744000,0 days 01:43:42.839000
2024-06-23 13:50:00.437,11695,292,7,100,False,0,car,0 days 00:46:46.024000,0 days 01:43:43.119000
2024-06-23 13:50:00.597,11697,293,7,100,False,0,car,0 days 00:46:46.184000,0 days 01:43:43.279000
2024-06-23 13:50:00.877,10474,295,8,100,False,0,car,0 days 00:46:46.464000,0 days 01:43:43.559000
2024-06-23 13:50:01.077,10506,296,8,100,False,0,car,0 days 00:46:46.664000,0 days 01:43:43.759000
2024-06-23 13:50:01.397,10543,297,8,100,False,0,car,0 days 00:46:46.984000,0 days 01:43:44.079000
2024-06-23 13:50:01.757,10637,299,8,100,False,0,car,0 days 00:46:47.344000,0 days 01:43:44.439000
2024-06-23 13:50:01.917,10637,299,8,100,False,0,car,0 days 00:46:47.504000,0 days 01:43:44.599000
2024-06-23 13:50:02.116,10636,299,8,100,False,0,car,0 days 00:46:47.703000,0 days 01:43:44.798000
2024-06-23 13:50:02.556,10702,301,8,100,False,0,car,0 days 00:46:48.143000,0 days 01:43:45.238000
2024-06-23 13:50:02.836,10735,302,8,100,False,0,car,0 days 00:46:48.423000,0 days 01:43:45.518000
2024-06-23 13:50:03.196,10716,302,8,100,False,0,car,0 days 00:46:48.783000,0 days 01:43:45.878000
2024-06-23 13:50:03.636,10751,302,8,100,False,0,car,0 days 00:46:49.223000,0 days 01:43:46.318000
2024-06-23 13:50:03.836,10761,302,8,100,False,0,car,0 days 00:46:49.423000,0 days 01:43:46.518000
2024-06-23 13:50:03.996,10782,302,8,100,False,0,car,0 days 00:46:49.583000,0 days 01:43:46.678000
2024-06-23 13:50:04.196,10783,303,8,100,False,0,car,0 days 00:46:49.783000,0 days 01:43:46.878000
2024-06-23 13:50:04.597,10833,304,8,100,False,0,car,0 days 00:46:50.184000,0 days 01:43:47.279000
2024-06-23 13:50:04.797,10833,305,8,100,False,0,car,0 days 00:46:50.384000,0 days 01:43:47.479000
2024-06-23 13:50:05.277,10891,305,8,100,False,0,car,0 days 00:46:50.864000,0 days 01:43:47.959000
2024-06-23 13:50:05.597,10881,306,8,100,False,0,car,0 days 00:46:51.184000,0 days 01:43:48.279000
2024-06-23 13:50:05.877,10900,306,8,100,False,0,car,0 days 00:46:51.464000,0 days 01:43:48.559000
2024-06-23 13:50:06.317,10886,306,8,100,False,0,car,0 days 00:46:51.904000,0 days 01:43:48.999000
2024-06-23 13:50:06.557,10888,308,8,100,False,0,car,0 days 00:46:52.144000,0 days 01:43:49.239000
2024-06-23 13:50:06.917,10878,306,8,100,False,0,car,0 days 00:46:52.504000,0 days 01:43:49.599000
2024-06-23 13:50:07.277,10375,304,8,11,False,0,car,0 days 00:46:52.864000,0 days 01:43:49.959000
2024-06-23 13:50:07.517,10383,295,8,0,True,0,car,0 days 00:46:53.104000,0 days 01:43:50.199000
2024-06-23 13:50:07.677,9847,278,8,0,True,0,car,0 days 00:46:53.264000,0 days 01:43:50.359000
2024-06-23 13:50:07.917,8693,249,8,0,True,0,car,0 days 00:46:53.504000,0 days 01:43:50.599000
2024-06-23 13:50:08.157,8903,216,8,0,True,0,car,0 days 00:46:53.744000,0 days 01:43:50.839000
2024-06-23 13:50:08.397,8749,196,8,0,True,0,car,0 days 00:46:53.984000,0 days 01:43:51.079000
2024-06-23 13:50:08.717,9024,173,7,0,True,0,car,0 days 00:46:54.304000,0 days 01:43:51.399000
2024-06-23 13:50:08.956,9930,163,5,0,True,0,car,0 days 00:46:54.543000,0 days 01:43:51.638000
2024-06-23 13:50:09.156,9336,153,4,0,True,0,car,0 days 00:46:54.743000,0 days 01:43:51.838000
2024-06-23 13:50:09.396,9124,149,4,0,True,0,car,0 days 00:46:54.983000,0 days 01:43:52.078000
2024-06-23 13:50:09.676,8759,140,4,0,True,0,car,0 days 00:46:55.263000,0 days 01:43:52.358000
2024-06-23 13:50:09.996,8521,137,4,0,False,0,car,0 days 00:46:55.583000,0 days 01:43:52.678000
2024-06-23 13:50:10.396,8658,134,4,49,False,0,car,0 days 00:46:55.983000,0 days 01:43:53.078000
2024-06-23 13:50:10.556,8695,137,4,53,False,0,car,0 days 00:46:56.143000,0 days 01:43:53.238000
2024-06-23 13:50:10.756,9036,140,4,60,False,0,car,0 days 00:46:56.343000,0 days 01:43:53.438000
2024-06-23 13:50:10.997,9404,144,4,74,False,0,car,0 days 00:46:56.584000,0 days 01:43:53.679000
2024-06-23 13:50:11.237,9777,153,4,77,False,0,car,0 days 00:46:56.824000,0 days 01:43:53.919000
2024-06-23 13:50:11.437,9809,161,4,75,False,0,car,0 days 00:46:57.024000,0 days 01:43:54.119000
2024-06-23 13:50:11.597,8689,161,4,55,False,0,car,0 days 00:46:57.184000,0 days 01:43:54.279000
2024-06-23 13:50:11.957,8781,163,5,50,False,0,car,0 days 00:46:57.544000,0 days 01:43:54.639000
2024-06-23 13:50:12.357,8973,164,5,61,False,0,car,0 days 00:46:57.944000,0 days 01:43:55.039000
2024-06-23 13:50:12.637,9296,168,5,77,False,0,car,0 days 00:46:58.224000,0 days 01:43:55.319000
2024-06-23 13:50:12.917,9527,174,5,80,False,0,car,0 days 00:46:58.504000,0 days 01:43:55.599000
2024-06-23 13:50:13.157,9970,181,5,85,False,0,car,0 days 00:46:58.744000,0 days 01:43:55.839000
2024-06-23 13:50:13.357,10251,187,5,100,False,0,car,0 days 00:46:58.944000,0 days 01:43:56.039000
2024-06-23 13:50:13.597,10304,192,5,100,False,0,car,0 days 00:46:59.184000,0 days 01:43:56.279000
2024-06-23 13:50:13.877,10857,202,5,100,False,0,car,0 days 00:46:59.464000,0 days 01:43:56.559000
2024-06-23 13:50:14.237,11309,208,5,100,False,0,car,0 days 00:46:59.824000,0 days 01:43:56.919000
2024-06-23 13:50:14.517,10636,217,5,76,False,0,car,0 days 00:47:00.104000,0 days 01:43:57.199000
2024-06-23 13:50:14.797,10045,218,6,71,False,0,car,0 days 00:47:00.384000,0 days 01:43:57.479000
2024-06-23 13:50:15.037,10086,216,6,70,False,0,car,0 days 00:47:00.624000,0 days 01:43:57.719000
2024-06-23 13:50:15.277,9602,212,6,0,False,0,car,0 days 00:47:00.864000,0 days 01:43:57.959000
2024-06-23 13:50:15.516,9592,208,6,3,False,0,car,0 days 00:47:01.103000,0 days 01:43:58.198000
2024-06-23 13:50:15.716,9387,204,6,21,False,0,car,0 days 00:47:01.303000,0 days 01:43:58.398000
2024-06-23 13:50:16.076,9310,200,6,65,False,0,car,0 days 00:47:01.663000,0 days 01:43:58.758000
2024-06-23 13:50:16.276,9437,201,6,75,False,0,car,0 days 00:47:01.863000,0 days 01:43:58.958000
2024-06-23 13:50:16.516,9496,203,6,78,False,0,car,0 days 00:47:02.103000,0 days 01:43:59.198000
2024-06-23 13:50:16.676,9631,206,6,81,False,0,car,0 days 00:47:02.263000,0 days 01:43:59.358000
2024-06-23 13:50:16.836,9768,208,6,82,False,0,car,0 days 00:47:02.423000,0 days 01:43:59.518000
2024-06-23 13:50:17.036,9875,211,6,82,False,0,car,0 days 00:47:02.623000,0 days 01:43:59.718000
2024-06-23 13:50:17.196,9940,214,6,86,False,0,car,0 days 00:47:02.783000,0 days 01:43:59.878000
2024-06-23 13:50:17.356,10060,216,6,86,False,0,car,0 days 00:47:02.943000,0 days 01:44:00.038000
2024-06-23 13:50:17.717,10307,222,6,100,False,0,car,0 days 00:47:03.304000,0 days 01:44:00.399000
2024-06-23 13:50:17.997,10500,228,6,100,False,0,car,0 days 00:47:03.584000,0 days 01:44:00.679000
2024-06-23 13:50:18.277,10821,233,6,100,False,0,car,0 days 00:47:03.864000,0 days 01:44:00.959000
2024-06-23 13:50:18.597,10907,239,6,100,False,0,car,0 days 00:47:04.184000,0 days 01:44:01.279000
2024-06-23 13:50:18.997,11295,246,6,100,False,0,car,0 days 00:47:04.584000,0 days 01:44:01.679000
2024-06-23 13:50:19.157,11417,249,6,100,False,0,car,0 days 00:47:04.744000,0 days 01:44:01.839000
2024-06-23 13:50:19.397,11498,251,6,100,False,0,car,0 days 00:47:04.984000,0 days 01:44:02.079000
2024-06-23 13:50:19.557,11665,254,6,100,False,0,car,0 days 00:47:05.144000,0 days 01:44:02.239000
2024-06-23 13:50:19.757,11445,256,6,100,False,0,car,0 days 00:47:05.344000,0 days 01:44:02.439000
2024-06-23 13:50:20.077,10490,262,6,100,False,0,car,0 days 00:47:05.664000,0 days 01:44:02.759000
2024-06-23 13:50:20.397,10636,265,7,100,False,0,car,0 days 00:47:05.984000,0 days 01:44:03.079000
2024-06-23 13:50:20.557,10749,267,7,100,False,0,car,0 days 00:47:06.144000,0 days 01:44:03.239000
2024-06-23 13:50:20.757,10842,268,7,100,False,0,car,0 days 00:47:06.344000,0 days 01:44:03.439000
2024-06-23 13:50:21.037,10926,272,7,100,False,0,car,0 days 00:47:06.624000,0 days 01:44:03.719000
2024-06-23 13:50:21.277,11020,275,7,100,False,0,car,0 days 00:47:06.864000,0 days 01:44:03.959000
2024-06-23 13:50:21.637,11190,278,7,100,False,0,car,0 days 00:47:07.224000,0 days 01:44:04.319000
2024-06-23 13:50:21.797,11202,279,7,100,False,0,car,0 days 00:47:07.384000,0 days 01:44:04.479000
2024-06-23 13:50:21.997,11231,281,7,100,False,0,car,0 days 00:47:07.584000,0 days 01:44:04.679000
2024-06-23 13:50:22.236,11272,279,7,0,False,0,car,0 days 00:47:07.823000,0 days 01:44:04.918000
2024-06-23 13:50:22.476,10713,271,7,0,False,0,car,0 days 00:47:08.063000,0 days 01:44:05.158000
2024-06-23 13:50:22.876,9421,237,7,0,True,0,car,0 days 00:47:08.463000,0 days 01:44:05.558000
2024-06-23 13:50:23.076,9276,213,7,0,True,0,car,0 days 00:47:08.663000,0 days 01:44:05.758000
2024-06-23 13:50:23.236,9037,204,7,0,True,0,car,0 days 00:47:08.823000,0 days 01:44:05.918000
2024-06-23 13:50:23.516,9415,182,7,0,True,0,car,0 days 00:47:09.103000,0 days 01:44:06.198000
2024-06-23 13:50:23.676,9122,176,5,0,True,0,car,0 days 00:47:09.263000,0 days 01:44:06.358000
2024-06-23 13:50:23.836,9962,165,5,0,True,0,car,0 days 00:47:09.423000,0 days 01:44:06.518000
2024-06-23 13:50:24.077,9712,160,4,0,True,0,car,0 days 00:47:09.664000,0 days 01:44:06.759000
2024-06-23 13:50:24.237,9607,154,4,0,True,0,car,0 days 00:47:09.824000,0 days 01:44:06.919000
2024-06-23 13:50:24.397,9499,151,4,0,True,0,car,0 days 00:47:09.984000,0 days 01:44:07.079000
2024-06-23 13:50:24.677,8866,144,4,0,True,0,car,0 days 00:47:10.264000,0 days 01:44:07.359000
2024-06-23 13:50:24.957,8517,137,4,0,True,0,car,0 days 00:47:10.544000,0 days 01:44:07.639000
2024-06-23 13:50:25.357,8197,130,4,0,False,0,car,0 days 00:47:10.944000,0 days 01:44:08.039000
2024-06-23 13:50:25.517,7919,128,4,0,False,0,car,0 days 00:47:11.104000,0 days 01:44:08.199000
2024-06-23 13:50:25.757,8255,125,4,34,False,0,car,0 days 00:47:11.344000,0 days 01:44:08.439000
2024-06-23 13:50:25.997,8077,126,4,45,False,0,car,0 days 00:47:11.584000,0 days 01:44:08.679000
2024-06-23 13:50:26.357,8481,131,4,55,False,0,car,0 days 00:47:11.944000,0 days 01:44:09.039000
2024-06-23 13:50:26.557,8721,134,4,58,False,0,car,0 days 00:47:12.144000,0 days 01:44:09.239000
2024-06-23 13:50:26.757,8928,138,4,58,False,0,car,0 days 00:47:12.344000,0 days 01:44:09.439000
2024-06-23 13:50:27.037,9310,144,4,71,False,0,car,0 days 00:47:12.624000,0 days 01:44:09.719000
2024-06-23 13:50:27.437,9961,155,4,78,False,0,car,0 days 00:47:13.024000,0 days 01:44:10.119000
2024-06-23 13:50:27.837,10816,169,4,87,False,0,car,0 days 00:47:13.424000,0 days 01:44:10.519000
2024-06-23 13:50:27.997,11194,172,4,100,False,0,car,0 days 00:47:13.584000,0 days 01:44:10.679000
2024-06-23 13:50:28.477,10366,190,5,100,False,0,car,0 days 00:47:14.064000,0 days 01:44:11.159000
2024-06-23 13:50:28.877,10740,195,5,100,False,0,car,0 days 00:47:14.464000,0 days 01:44:11.559000
2024-06-23 13:50:29.316,11149,212,5,100,False,0,car,0 days 00:47:14.903000,0 days 01:44:11.998000
2024-06-23 13:50:29.516,11532,217,5,100,False,0,car,0 days 00:47:15.103000,0 days 01:44:12.198000
2024-06-23 13:50:29.756,11601,224,5,100,False,0,car,0 days 00:47:15.343000,0 days 01:44:12.438000
2024-06-23 13:50:29.996,10423,229,5,100,False,0,car,0 days 00:47:15.583000,0 days 01:44:12.678000
2024-06-23 13:50:30.156,10653,233,6,100,False,0,car,0 days 00:47:15.743000,0 days 01:44:12.838000
2024-06-23 13:50:30.356,10843,237,6,100,False,0,car,0 days 00:47:15.943000,0 days 01:44:13.038000
2024-06-23 13:50:30.637,10925,239,6,100,False,0,car,0 days 00:47:16.224000,0 days 01:44:13.319000
2024-06-23 13:50:30.917,10904,240,6,58,False,0,car,0 days 00:47:16.504000,0 days 01:44:13.599000
2024-06-23 13:50:31.157,9969,214,6,0,False,0,car,0 days 00:47:16.744000,0 days 01:44:13.839000
2024-06-23 13:50:31.357,9214,190,6,0,False,0,car,0 days 00:47:16.944000,0 days 01:44:14.039000
2024-06-23 13:50:31.557,9230,172,6,0,False,0,car,0 days 00:47:17.144000,0 days 01:44:14.239000
2024-06-23 13:50:31.757,9593,157,6,0,False,0,car,0 days 00:47:17.344000,0 days 01:44:14.439000
2024-06-23 13:50:32.037,9994,141,4,0,False,0,car,0 days 00:47:17.624000,0 days 01:44:14.719000
2024-06-23 13:50:32.317,9465,136,3,0,False,0,car,0 days 00:47:17.904000,0 days 01:44:14.999000
2024-06-23 13:50:32.677,8630,120,3,0,False,0,car,0 days 00:47:18.264000,0 days 01:44:15.359000
2024-06-23 13:50:32.957,8068,112,3,0,False,0,car,0 days 00:47:18.544000,0 days 01:44:15.639000
2024-06-23 13:50:33.117,7986,110,3,0,False,0,car,0 days 00:47:18.704000,0 days 01:44:15.799000
2024-06-23 13:50:33.357,7588,103,3,0,False,0,car,0 days 00:47:18.944000,0 days 01:44:16.039000
2024-06-23 13:50:33.517,7432,101,3,0,False,0,car,0 days 00:47:19.104000,0 days 01:44:16.199000
2024-06-23 13:50:33.997,6873,93,3,0,False,0,car,0 days 00:47:19.584000,0 days 01:44:16.679000
2024-06-23 13:50:34.357,6906,91,3,18,False,0,car,0 days 00:47:19.944000,0 days 01:44:17.039000
2024-06-23 13:50:34.597,7116,93,3,31,False,0,car,0 days 00:47:20.184000,0 days 01:44:17.279000
2024-06-23 13:50:34.837,7427,97,3,39,False,0,car,0 days 00:47:20.424000,0 days 01:44:17.519000
2024-06-23 13:50:35.197,7894,102,3,51,False,0,car,0 days 00:47:20.784000,0 days 01:44:17.879000
2024-06-23 13:50:35.437,8350,107,3,54,False,0,car,0 days 00:47:21.024000,0 days 01:44:18.119000
2024-06-23 13:50:35.597,8748,112,3,59,False,0,car,0 days 00:47:21.184000,0 days 01:44:18.279000
2024-06-23 13:50:35.836,9190,123,3,63,False,0,car,0 days 00:47:21.423000,0 days 01:44:18.518000
2024-06-23 13:50:35.996,9613,127,3,72,False,0,car,0 days 00:47:21.583000,0 days 01:44:18.678000
2024-06-23 13:50:36.476,10510,145,3,100,False,0,car,0 days 00:47:22.063000,0 days 01:44:19.158000
2024-06-23 13:50:36.716,11195,158,4,100,False,0,car,0 days 00:47:22.303000,0 days 01:44:19.398000
2024-06-23 13:50:37.117,11271,176,4,100,False,0,car,0 days 00:47:22.704000,0 days 01:44:19.799000
2024-06-23 13:50:37.277,11589,181,4,100,False,0,car,0 days 00:47:22.864000,0 days 01:44:19.959000
2024-06-23 13:50:37.477,11589,191,4,100,False,0,car,0 days 00:47:23.064000,0 days 01:44:20.159000
2024-06-23 13:50:37.677,10693,199,5,100,False,0,car,0 days 00:47:23.264000,0 days 01:44:20.359000
2024-06-23 13:50:38.037,11295,212,5,100,False,0,car,0 days 00:47:23.624000,0 days 01:44:20.719000
2024-06-23 13:50:38.317,11611,217,5,100,False,0,car,0 days 00:47:23.904000,0 days 01:44:20.999000
2024-06-23 13:50:38.757,10989,229,5,100,False,0,car,0 days 00:47:24.344000,0 days 01:44:21.439000
2024-06-23 13:50:39.157,10993,238,6,100,False,0,car,0 days 00:47:24.744000,0 days 01:44:21.839000
2024-06-23 13:50:39.357,11065,242,6,100,False,0,car,0 days 00:47:24.944000,0 days 01:44:22.039000
2024-06-23 13:50:39.517,11065,244,6,100,False,0,car,0 days 00:47:25.104000,0 days 01:44:22.199000
2024-06-23 13:50:39.757,11396,248,6,100,False,0,car,0 days 00:47:25.344000,0 days 01:44:22.439000
2024-06-23 13:50:40.037,11495,252,6,100,False,0,car,0 days 00:47:25.624000,0 days 01:44:22.719000
2024-06-23 13:50:40.437,11592,250,6,0,True,0,car,0 days 00:47:26.024000,0 days 01:44:23.119000
2024-06-23 13:50:40.637,11133,220,6,0,True,0,car,0 days 00:47:26.224000,0 days 01:44:23.319000
2024-06-23 13:50:40.957,9908,192,6,0,True,0,car,0 days 00:47:26.544000,0 days 01:44:23.639000
2024-06-23 13:50:41.197,9124,176,5,0,True,0,car,0 days 00:47:26.784000,0 days 01:44:23.879000
2024-06-23 13:50:41.437,9629,161,5,0,True,0,car,0 days 00:47:27.024000,0 days 01:44:24.119000
2024-06-23 13:50:41.837,9133,144,4,0,True,0,car,0 days 00:47:27.424000,0 days 01:44:24.519000
2024-06-23 13:50:42.277,8543,139,4,0,True,0,car,0 days 00:47:27.864000,0 days 01:44:24.959000
2024-06-23 13:50:42.476,8441,135,4,0,False,0,car,0 days 00:47:28.063000,0 days 01:44:25.158000
2024-06-23 13:50:42.636,8396,134,4,1,False,0,car,0 days 00:47:28.223000,0 days 01:44:25.318000
2024-06-23 13:50:42.836,8252,131,4,18,False,0,car,0 days 00:47:28.423000,0 days 01:44:25.518000
2024-06-23 13:50:43.196,8393,131,4,41,False,0,car,0 days 00:47:28.783000,0 days 01:44:25.878000
2024-06-23 13:50:43.356,8508,133,4,48,False,0,car,0 days 00:47:28.943000,0 days 01:44:26.038000
2024-06-23 13:50:43.676,8862,137,4,68,False,0,car,0 days 00:47:29.263000,0 days 01:44:26.358000
2024-06-23 13:50:44.117,9774,151,4,85,False,0,car,0 days 00:47:29.704000,0 days 01:44:26.799000
2024-06-23 13:50:44.437,10825,168,4,88,False,0,car,0 days 00:47:30.024000,0 days 01:44:27.119000
2024-06-23 13:50:44.877,11376,180,4,100,False,0,car,0 days 00:47:30.464000,0 days 01:44:27.559000
2024-06-23 13:50:45.077,11376,188,4,100,False,0,car,0 days 00:47:30.664000,0 days 01:44:27.759000
2024-06-23 13:50:45.557,10979,203,5,100,False,0,car,0 days 00:47:31.144000,0 days 01:44:28.239000
2024-06-23 13:50:45.917,11334,211,5,100,False,0,car,0 days 00:47:31.504000,0 days 01:44:28.599000
2024-06-23 13:50:46.237,11807,222,5,100,False,0,car,0 days 00:47:31.824000,0 days 01:44:28.919000
2024-06-23 13:50:46.597,11062,228,5,100,False,0,car,0 days 00:47:32.184000,0 days 01:44:29.279000
2024-06-23 13:50:46.877,10772,235,6,100,False,0,car,0 days 00:47:32.464000,0 days 01:44:29.559000
2024-06-23 13:50:47.157,11026,240,6,100,False,0,car,0 days 00:47:32.744000,0 days 01:44:29.839000
2024-06-23 13:50:47.357,11027,242,6,100,False,0,car,0 days 00:47:32.944000,0 days 01:44:30.039000
2024-06-23 13:50:47.517,11028,242,6,100,False,0,car,0 days 00:47:33.104000,0 days 01:44:30.199000
2024-06-23 13:50:47.757,10813,240,6,0,False,0,car,0 days 00:47:33.344000,0 days 01:44:30.439000
2024-06-23 13:50:47.917,10857,237,6,0,False,0,car,0 days 00:47:33.504000,0 days 01:44:30.599000
2024-06-23 13:50:48.157,10483,230,6,20,False,0,car,0 days 00:47:33.744000,0 days 01:44:30.839000
2024-06-23 13:50:48.437,10387,225,6,50,False,0,car,0 days 00:47:34.024000,0 days 01:44:31.119000
2024-06-23 13:50:48.757,10234,222,6,55,False,0,car,0 days 00:47:34.344000,0 days 01:44:31.439000
2024-06-23 13:50:49.037,10300,221,6,56,False,0,car,0 days 00:47:34.624000,0 days 01:44:31.719000
2024-06-23 13:50:49.316,10247,220,6,79,False,0,car,0 days 00:47:34.903000,0 days 01:44:31.998000
2024-06-23 13:50:49.516,10423,221,6,100,False,0,car,0 days 00:47:35.103000,0 days 01:44:32.198000
2024-06-23 13:50:49.676,10469,221,6,100,False,0,car,0 days 00:47:35.263000,0 days 01:44:32.358000
2024-06-23 13:50:49.836,10612,229,6,100,False,0,car,0 days 00:47:35.423000,0 days 01:44:32.518000
2024-06-23 13:50:49.996,10684,230,6,100,False,0,car,0 days 00:47:35.583000,0 days 01:44:32.678000
2024-06-23 13:50:50.196,10773,234,6,100,False,0,car,0 days 00:47:35.783000,0 days 01:44:32.878000
2024-06-23 13:50:50.517,10961,239,6,100,False,0,car,0 days 00:47:36.104000,0 days 01:44:33.199000
2024-06-23 13:50:50.757,11170,244,6,100,False,0,car,0 days 00:47:36.344000,0 days 01:44:33.439000
2024-06-23 13:50:50.957,11343,248,6,100,False,0,car,0 days 00:47:36.544000,0 days 01:44:33.639000
2024-06-23 13:50:51.277,11461,251,6,100,False,0,car,0 days 00:47:36.864000,0 days 01:44:33.959000
2024-06-23 13:50:51.597,11705,256,6,100,False,0,car,0 days 00:47:37.184000,0 days 01:44:34.279000
2024-06-23 13:50:51.957,10744,262,7,100,False,0,car,0 days 00:47:37.544000,0 days 01:44:34.639000
2024-06-23 13:50:52.237,10638,265,7,100,False,0,car,0 days 00:47:37.824000,0 days 01:44:34.919000
2024-06-23 13:50:52.437,10754,267,7,100,False,0,car,0 days 00:47:38.024000,0 days 01:44:35.119000
2024-06-23 13:50:52.637,10856,268,7,100,False,0,car,0 days 00:47:38.224000,0 days 01:44:35.319000
2024-06-23 13:50:52.997,10952,274,7,100,False,0,car,0 days 00:47:38.584000,0 days 01:44:35.679000
2024-06-23 13:50:53.157,11058,276,7,100,False,0,car,0 days 00:47:38.744000,0 days 01:44:35.839000
2024-06-23 13:50:53.397,11089,277,7,100,False,0,car,0 days 00:47:38.984000,0 days 01:44:36.079000
2024-06-23 13:50:53.557,11214,279,7,100,False,0,car,0 days 00:47:39.144000,0 days 01:44:36.239000
2024-06-23 13:50:53.757,11246,281,7,100,False,0,car,0 days 00:47:39.344000,0 days 01:44:36.439000
2024-06-23 13:50:53.997,11321,283,7,100,False,0,car,0 days 00:47:39.584000,0 days 01:44:36.679000
2024-06-23 13:50:54.197,11388,284,7,100,False,0,car,0 days 00:47:39.784000,0 days 01:44:36.879000
2024-06-23 13:50:54.437,11476,286,7,100,False,0,car,0 days 00:47:40.024000,0 days 01:44:37.119000
2024-06-23 13:50:54.597,11521,287,7,100,False,0,car,0 days 00:47:40.184000,0 days 01:44:37.279000
2024-06-23 13:50:54.917,11496,289,7,100,False,0,car,0 days 00:47:40.504000,0 days 01:44:37.599000
2024-06-23 13:50:55.117,11518,288,7,100,False,0,car,0 days 00:47:40.704000,0 days 01:44:37.799000
2024-06-23 13:50:55.517,10620,269,7,0,True,0,car,0 days 00:47:41.104000,0 days 01:44:38.199000
2024-06-23 13:50:55.877,9035,218,7,0,True,0,car,0 days 00:47:41.464000,0 days 01:44:38.559000
2024-06-23 13:50:56.076,9211,207,7,0,True,0,car,0 days 00:47:41.663000,0 days 01:44:38.758000
2024-06-23 13:50:56.236,9613,207,7,0,True,0,car,0 days 00:47:41.823000,0 days 01:44:38.918000
2024-06-23 13:50:56.516,10130,170,5,0,True,0,car,0 days 00:47:42.103000,0 days 01:44:39.198000
2024-06-23 13:50:56.877,8866,141,4,0,True,0,car,0 days 00:47:42.464000,0 days 01:44:39.559000
2024-06-23 13:50:57.117,9708,134,4,0,True,0,car,0 days 00:47:42.704000,0 days 01:44:39.799000
2024-06-23 13:50:57.277,9379,128,4,0,True,0,car,0 days 00:47:42.864000,0 days 01:44:39.959000
2024-06-23 13:50:57.437,9123,123,3,0,True,0,car,0 days 00:47:43.024000,0 days 01:44:40.119000
2024-06-23 13:50:57.677,8637,121,3,0,True,0,car,0 days 00:47:43.264000,0 days 01:44:40.359000
2024-06-23 13:50:57.997,8257,113,3,0,True,0,car,0 days 00:47:43.584000,0 days 01:44:40.679000
2024-06-23 13:50:58.277,8058,110,3,0,False,0,car,0 days 00:47:43.864000,0 days 01:44:40.959000
2024-06-23 13:50:58.517,8048,108,3,0,False,0,car,0 days 00:47:44.104000,0 days 01:44:41.199000
2024-06-23 13:50:58.757,7679,105,3,0,False,0,car,0 days 00:47:44.344000,0 days 01:44:41.439000
2024-06-23 13:50:58.917,7679,103,3,0,False,0,car,0 days 00:47:44.504000,0 days 01:44:41.599000
2024-06-23 13:50:59.237,7664,102,3,4,False,0,car,0 days 00:47:44.824000,0 days 01:44:41.919000
2024-06-23 13:50:59.637,7888,105,3,36,False,0,car,0 days 00:47:45.224000,0 days 01:44:42.319000
2024-06-23 13:50:59.797,8002,106,3,39,False,0,car,0 days 00:47:45.384000,0 days 01:44:42.479000
2024-06-23 13:50:59.997,8228,107,3,41,False,0,car,0 days 00:47:45.584000,0 days 01:44:42.679000
2024-06-23 13:51:00.157,8353,110,3,44,False,0,car,0 days 00:47:45.744000,0 days 01:44:42.839000
2024-06-23 13:51:00.397,8575,113,3,49,False,0,car,0 days 00:47:45.984000,0 days 01:44:43.079000
2024-06-23 13:51:01.317,8736,135,4,71,False,0,car,0 days 00:47:46.904000,0 days 01:44:43.999000
2024-06-23 13:51:01.517,8929,141,4,75,False,0,car,0 days 00:47:47.104000,0 days 01:44:44.199000
2024-06-23 13:51:01.717,9654,145,4,84,False,0,car,0 days 00:47:47.304000,0 days 01:44:44.399000
2024-06-23 13:51:01.917,10239,156,4,89,False,0,car,0 days 00:47:47.504000,0 days 01:44:44.599000
2024-06-23 13:51:02.237,11082,173,4,100,False,0,car,0 days 00:47:47.824000,0 days 01:44:44.919000
2024-06-23 13:51:02.557,11770,184,4,100,False,0,car,0 days 00:47:48.144000,0 days 01:44:45.239000
2024-06-23 13:51:02.836,11558,193,4,100,False,0,car,0 days 00:47:48.423000,0 days 01:44:45.518000
2024-06-23 13:51:03.076,10373,198,5,100,False,0,car,0 days 00:47:48.663000,0 days 01:44:45.758000
2024-06-23 13:51:03.356,9693,187,5,0,True,0,car,0 days 00:47:48.943000,0 days 01:44:46.038000
2024-06-23 13:51:03.637,9790,167,5,0,True,0,car,0 days 00:47:49.224000,0 days 01:44:46.319000
2024-06-23 13:51:03.877,9595,158,5,0,True,0,car,0 days 00:47:49.464000,0 days 01:44:46.559000
2024-06-23 13:51:04.317,8635,142,4,0,True,0,car,0 days 00:47:49.904000,0 days 01:44:46.999000
2024-06-23 13:51:04.597,8116,133,4,0,True,0,car,0 days 00:47:50.184000,0 days 01:44:47.279000
2024-06-23 13:51:04.837,7787,125,4,0,True,0,car,0 days 00:47:50.424000,0 days 01:44:47.519000
2024-06-23 13:51:05.037,7647,122,4,0,True,0,car,0 days 00:47:50.624000,0 days 01:44:47.719000
2024-06-23 13:51:05.397,7254,116,4,0,True,0,car,0 days 00:47:50.984000,0 days 01:44:48.079000
2024-06-23 13:51:05.557,7061,113,4,0,True,0,car,0 days 00:47:51.144000,0 days 01:44:48.239000
2024-06-23 13:51:05.877,6855,109,4,0,False,0,car,0 days 00:47:51.464000,0 days 01:44:48.559000
2024-06-23 13:51:06.197,6660,106,4,8,False,0,car,0 days 00:47:51.784000,0 days 01:44:48.879000
2024-06-23 13:51:06.637,7097,108,4,38,False,0,car,0 days 00:47:52.224000,0 days 01:44:49.319000
2024-06-23 13:51:07.037,7435,113,4,41,False,0,car,0 days 00:47:52.624000,0 days 01:44:49.719000
2024-06-23 13:51:07.477,7884,121,4,56,False,0,car,0 days 00:47:53.064000,0 days 01:44:50.159000
2024-06-23 13:51:07.837,8320,131,4,57,False,0,car,0 days 00:47:53.424000,0 days 01:44:50.519000
2024-06-23 13:51:08.237,9004,138,4,70,False,0,car,0 days 00:47:53.824000,0 days 01:44:50.919000
2024-06-23 13:51:08.437,9470,146,4,75,False,0,car,0 days 00:47:54.024000,0 days 01:44:51.119000
2024-06-23 13:51:08.877,10539,157,4,88,False,0,car,0 days 00:47:54.464000,0 days 01:44:51.559000
2024-06-23 13:51:09.317,11479,176,4,100,False,0,car,0 days 00:47:54.904000,0 days 01:44:51.999000
2024-06-23 13:51:09.476,11059,185,4,100,False,0,car,0 days 00:47:55.063000,0 days 01:44:52.158000
2024-06-23 13:51:09.796,10563,195,5,100,False,0,car,0 days 00:47:55.383000,0 days 01:44:52.478000
2024-06-23 13:51:10.037,10964,201,5,100,False,0,car,0 days 00:47:55.624000,0 days 01:44:52.719000
2024-06-23 13:51:10.277,11365,211,5,100,False,0,car,0 days 00:47:55.864000,0 days 01:44:52.959000
2024-06-23 13:51:10.477,11665,216,5,100,False,0,car,0 days 00:47:56.064000,0 days 01:44:53.159000
2024-06-23 13:51:10.757,10642,224,5,98,False,0,car,0 days 00:47:56.344000,0 days 01:44:53.439000
2024-06-23 13:51:11.077,10637,230,6,93,False,0,car,0 days 00:47:56.664000,0 days 01:44:53.759000
2024-06-23 13:51:11.237,10806,230,6,91,False,0,car,0 days 00:47:56.824000,0 days 01:44:53.919000
2024-06-23 13:51:11.477,10771,234,6,80,False,0,car,0 days 00:47:57.064000,0 days 01:44:54.159000
2024-06-23 13:51:11.637,10885,236,6,78,False,0,car,0 days 00:47:57.224000,0 days 01:44:54.319000
2024-06-23 13:51:11.837,10948,235,6,73,False,0,car,0 days 00:47:57.424000,0 days 01:44:54.519000
2024-06-23 13:51:12.917,11417,249,6,100,False,0,car,0 days 00:47:58.504000,0 days 01:44:55.599000
2024-06-23 13:51:13.117,11447,250,6,100,False,0,car,0 days 00:47:58.704000,0 days 01:44:55.799000
2024-06-23 13:51:13.477,11787,257,6,100,False,0,car,0 days 00:47:59.064000,0 days 01:44:56.159000
2024-06-23 13:51:13.677,10667,259,6,100,False,0,car,0 days 00:47:59.264000,0 days 01:44:56.359000
2024-06-23 13:51:13.837,10531,260,6,100,False,0,car,0 days 00:47:59.424000,0 days 01:44:56.519000
2024-06-23 13:51:14.037,10510,262,7,100,False,0,car,0 days 00:47:59.624000,0 days 01:44:56.719000
2024-06-23 13:51:14.317,10470,262,7,100,True,0,car,0 days 00:47:59.904000,0 days 01:44:56.999000
2024-06-23 13:51:14.557,10641,251,7,0,True,0,car,0 days 00:48:00.144000,0 days 01:44:57.239000
2024-06-23 13:51:14.717,9941,246,7,0,True,0,car,0 days 00:48:00.304000,0 days 01:44:57.399000
2024-06-23 13:51:14.957,10736,238,7,0,False,0,car,0 days 00:48:00.544000,0 days 01:44:57.639000
2024-06-23 13:51:15.157,10582,235,6,14,False,0,car,0 days 00:48:00.744000,0 days 01:44:57.839000
2024-06-23 13:51:15.317,10657,230,6,41,False,0,car,0 days 00:48:00.904000,0 days 01:44:57.999000
2024-06-23 13:51:15.597,10461,227,6,64,False,0,car,0 days 00:48:01.184000,0 days 01:44:58.279000
2024-06-23 13:51:15.797,10473,227,6,72,False,0,car,0 days 00:48:01.384000,0 days 01:44:58.479000
2024-06-23 13:51:15.997,10523,228,6,71,False,0,car,0 days 00:48:01.584000,0 days 01:44:58.679000
2024-06-23 13:51:16.156,10576,229,6,83,False,0,car,0 days 00:48:01.743000,0 days 01:44:58.838000
2024-06-23 13:51:16.396,10851,230,6,90,False,0,car,0 days 00:48:01.983000,0 days 01:44:59.078000
2024-06-23 13:51:16.597,10886,234,6,100,False,0,car,0 days 00:48:02.184000,0 days 01:44:59.279000
2024-06-23 13:51:16.757,10977,236,6,100,False,0,car,0 days 00:48:02.344000,0 days 01:44:59.439000
2024-06-23 13:51:16.957,11040,240,6,100,False,0,car,0 days 00:48:02.544000,0 days 01:44:59.639000
2024-06-23 13:51:17.237,11195,243,6,100,False,0,car,0 days 00:48:02.824000,0 days 01:44:59.919000
2024-06-23 13:51:17.717,11590,250,6,100,False,0,car,0 days 00:48:03.304000,0 days 01:45:00.399000
2024-06-23 13:51:17.997,11585,252,6,100,False,0,car,0 days 00:48:03.584000,0 days 01:45:00.679000
2024-06-23 13:51:18.237,11774,257,6,100,False,0,car,0 days 00:48:03.824000,0 days 01:45:00.919000
2024-06-23 13:51:18.397,11214,259,6,100,False,0,car,0 days 00:48:03.984000,0 days 01:45:01.079000
2024-06-23 13:51:18.677,10669,263,7,100,False,0,car,0 days 00:48:04.264000,0 days 01:45:01.359000
2024-06-23 13:51:18.877,10707,265,7,100,False,0,car,0 days 00:48:04.464000,0 days 01:45:01.559000
2024-06-23 13:51:19.317,10766,269,7,100,False,0,car,0 days 00:48:04.904000,0 days 01:45:01.999000
2024-06-23 13:51:19.517,10920,272,7,100,False,0,car,0 days 00:48:05.104000,0 days 01:45:02.199000
2024-06-23 13:51:19.717,10980,274,7,100,False,0,car,0 days 00:48:05.304000,0 days 01:45:02.399000
2024-06-23 13:51:19.957,11101,277,7,100,False,0,car,0 days 00:48:05.544000,0 days 01:45:02.639000
2024-06-23 13:51:20.157,11171,278,7,100,False,0,car,0 days 00:48:05.744000,0 days 01:45:02.839000
2024-06-23 13:51:20.597,11313,282,7,100,False,0,car,0 days 00:48:06.184000,0 days 01:45:03.279000
2024-06-23 13:51:20.917,11401,284,7,100,False,0,car,0 days 00:48:06.504000,0 days 01:45:03.599000
2024-06-23 13:51:21.157,11471,287,7,100,False,0,car,0 days 00:48:06.744000,0 days 01:45:03.839000
2024-06-23 13:51:21.557,11568,290,7,100,False,0,car,0 days 00:48:07.144000,0 days 01:45:04.239000
2024-06-23 13:51:21.797,11624,290,7,100,False,0,car,0 days 00:48:07.384000,0 days 01:45:04.479000
2024-06-23 13:51:21.997,11685,292,7,100,False,0,car,0 days 00:48:07.584000,0 days 01:45:04.679000
2024-06-23 13:51:22.277,11297,293,7,100,False,0,car,0 days 00:48:07.864000,0 days 01:45:04.959000
2024-06-23 13:51:22.477,10266,294,8,100,False,0,car,0 days 00:48:08.064000,0 days 01:45:05.159000
2024-06-23 13:51:22.757,10473,295,8,100,False,0,car,0 days 00:48:08.344000,0 days 01:45:05.439000
2024-06-23 13:51:22.916,10492,295,8,100,False,0,car,0 days 00:48:08.503000,0 days 01:45:05.598000
2024-06-23 13:51:23.157,10580,297,8,100,False,0,car,0 days 00:48:08.744000,0 days 01:45:05.839000
2024-06-23 13:51:23.437,10584,299,8,100,False,0,car,0 days 00:48:09.024000,0 days 01:45:06.119000
2024-06-23 13:51:23.877,10632,300,8,100,False,0,car,0 days 00:48:09.464000,0 days 01:45:06.559000
2024-06-23 13:51:24.077,10663,300,8,100,False,0,car,0 days 00:48:09.664000,0 days 01:45:06.759000
2024-06-23 13:51:24.437,10689,301,8,100,False,0,car,0 days 00:48:10.024000,0 days 01:45:07.119000
2024-06-23 13:51:24.677,10722,301,8,100,False,0,car,0 days 00:48:10.264000,0 days 01:45:07.359000
2024-06-23 13:51:24.917,10752,302,8,100,False,0,car,0 days 00:48:10.504000,0 days 01:45:07.599000
2024-06-23 13:51:25.077,10760,303,8,100,False,0,car,0 days 00:48:10.664000,0 days 01:45:07.759000
2024-06-23 13:51:25.357,10776,303,8,100,False,0,car,0 days 00:48:10.944000,0 days 01:45:08.039000
2024-06-23 13:51:25.637,10805,304,8,100,False,0,car,0 days 00:48:11.224000,0 days 01:45:08.319000
2024-06-23 13:51:25.837,10797,305,8,100,False,0,car,0 days 00:48:11.424000,0 days 01:45:08.519000
2024-06-23 13:51:26.197,10837,305,8,100,False,0,car,0 days 00:48:11.784000,0 days 01:45:08.879000
2024-06-23 13:51:26.397,10873,305,8,100,False,0,car,0 days 00:48:11.984000,0 days 01:45:09.079000
2024-06-23 13:51:27.437,10925,307,8,100,False,0,car,0 days 00:48:13.024000,0 days 01:45:10.119000
2024-06-23 13:51:27.637,10947,307,8,100,False,0,car,0 days 00:48:13.224000,0 days 01:45:10.319000
2024-06-23 13:51:27.797,10947,307,8,100,False,0,car,0 days 00:48:13.384000,0 days 01:45:10.479000
2024-06-23 13:51:28.237,10873,307,8,100,False,0,car,0 days 00:48:13.824000,0 days 01:45:10.919000
2024-06-23 13:51:28.717,10388,292,8,0,True,0,car,0 days 00:48:14.304000,0 days 01:45:11.399000
2024-06-23 13:51:28.957,9408,259,8,0,True,0,car,0 days 00:48:14.544000,0 days 01:45:11.639000
2024-06-23 13:51:29.237,9187,235,8,0,True,0,car,0 days 00:48:14.824000,0 days 01:45:11.919000
2024-06-23 13:51:29.557,9029,207,7,0,True,0,car,0 days 00:48:15.144000,0 days 01:45:12.239000
2024-06-23 13:51:29.837,9568,175,6,0,True,0,car,0 days 00:48:15.424000,0 days 01:45:12.519000
2024-06-23 13:51:30.037,8656,161,5,0,True,0,car,0 days 00:48:15.624000,0 days 01:45:12.719000
2024-06-23 13:51:30.317,9217,155,5,0,True,0,car,0 days 00:48:15.904000,0 days 01:45:12.999000
2024-06-23 13:51:30.597,8703,141,4,0,True,0,car,0 days 00:48:16.184000,0 days 01:45:13.279000
2024-06-23 13:51:30.837,8474,136,4,0,False,0,car,0 days 00:48:16.424000,0 days 01:45:13.519000
2024-06-23 13:51:31.197,8325,135,4,0,False,0,car,0 days 00:48:16.784000,0 days 01:45:13.879000
2024-06-23 13:51:31.557,8054,129,4,0,False,0,car,0 days 00:48:17.144000,0 days 01:45:14.239000
2024-06-23 13:51:31.757,8144,127,4,10,False,0,car,0 days 00:48:17.344000,0 days 01:45:14.439000
2024-06-23 13:51:31.957,8449,126,4,36,False,0,car,0 days 00:48:17.544000,0 days 01:45:14.639000
2024-06-23 13:51:32.197,8228,129,4,50,False,0,car,0 days 00:48:17.784000,0 days 01:45:14.879000
2024-06-23 13:51:32.597,8795,136,4,65,False,0,car,0 days 00:48:18.184000,0 days 01:45:15.279000
2024-06-23 13:51:32.837,9195,144,4,68,False,0,car,0 days 00:48:18.424000,0 days 01:45:15.519000
2024-06-23 13:51:33.117,9529,149,4,72,False,0,car,0 days 00:48:18.704000,0 days 01:45:15.799000
2024-06-23 13:51:33.357,9604,158,4,44,False,0,car,0 days 00:48:18.944000,0 days 01:45:16.039000
2024-06-23 13:51:33.637,8455,158,4,32,False,0,car,0 days 00:48:19.224000,0 days 01:45:16.319000
2024-06-23 13:51:33.797,8363,157,5,32,False,0,car,0 days 00:48:19.384000,0 days 01:45:16.479000
2024-06-23 13:51:33.957,8360,156,5,37,False,0,car,0 days 00:48:19.544000,0 days 01:45:16.639000
2024-06-23 13:51:34.317,8402,157,5,50,False,0,car,0 days 00:48:19.904000,0 days 01:45:16.999000
2024-06-23 13:51:34.677,8821,162,5,69,False,0,car,0 days 00:48:20.264000,0 days 01:45:17.359000
2024-06-23 13:51:34.877,8876,165,5,70,False,0,car,0 days 00:48:20.464000,0 days 01:45:17.559000
2024-06-23 13:51:35.317,9603,176,5,100,False,0,car,0 days 00:48:20.904000,0 days 01:45:17.999000
2024-06-23 13:51:35.597,10062,186,5,100,False,0,car,0 days 00:48:21.184000,0 days 01:45:18.279000
2024-06-23 13:51:35.797,10401,192,5,100,False,0,car,0 days 00:48:21.384000,0 days 01:45:18.479000
2024-06-23 13:51:36.157,10659,207,5,72,False,0,car,0 days 00:48:21.744000,0 days 01:45:18.839000
2024-06-23 13:51:36.318,9539,208,5,57,False,0,car,0 days 00:48:21.905000,0 days 01:45:19
2024-06-23 13:51:36.637,9492,206,6,55,False,0,car,0 days 00:48:22.224000,0 days 01:45:19.319000
2024-06-23 13:51:36.837,9498,206,6,56,False,0,car,0 days 00:48:22.424000,0 days 01:45:19.519000
2024-06-23 13:51:36.997,9500,206,6,55,False,0,car,0 days 00:48:22.584000,0 days 01:45:19.679000
2024-06-23 13:51:37.397,9347,203,6,50,False,0,car,0 days 00:48:22.984000,0 days 01:45:20.079000
2024-06-23 13:51:37.837,9332,198,6,29,False,0,car,0 days 00:48:23.424000,0 days 01:45:20.519000
2024-06-23 13:51:37.997,9281,200,6,75,False,0,car,0 days 00:48:23.584000,0 days 01:45:20.679000
2024-06-23 13:51:38.397,9477,202,6,78,False,0,car,0 days 00:48:23.984000,0 days 01:45:21.079000
2024-06-23 13:51:38.637,9670,204,6,85,False,0,car,0 days 00:48:24.224000,0 days 01:45:21.319000
2024-06-23 13:51:38.877,9848,210,6,100,False,0,car,0 days 00:48:24.464000,0 days 01:45:21.559000
2024-06-23 13:51:39.277,10103,217,6,87,False,0,car,0 days 00:48:24.864000,0 days 01:45:21.959000
2024-06-23 13:51:39.477,10320,221,6,94,False,0,car,0 days 00:48:25.064000,0 days 01:45:22.159000
2024-06-23 13:51:39.677,10454,225,6,100,False,0,car,0 days 00:48:25.264000,0 days 01:45:22.359000
2024-06-23 13:51:39.837,10550,230,6,100,False,0,car,0 days 00:48:25.424000,0 days 01:45:22.519000
2024-06-23 13:51:40.037,10797,231,6,100,False,0,car,0 days 00:48:25.624000,0 days 01:45:22.719000
2024-06-23 13:51:40.357,10991,238,6,87,False,0,car,0 days 00:48:25.944000,0 days 01:45:23.039000
2024-06-23 13:51:40.517,10991,240,6,87,False,0,car,0 days 00:48:26.104000,0 days 01:45:23.199000
2024-06-23 13:51:40.677,11239,243,6,100,False,0,car,0 days 00:48:26.264000,0 days 01:45:23.359000
2024-06-23 13:51:40.837,11312,245,6,100,False,0,car,0 days 00:48:26.424000,0 days 01:45:23.519000
2024-06-23 13:51:41.157,11568,249,6,100,False,0,car,0 days 00:48:26.744000,0 days 01:45:23.839000
2024-06-23 13:51:41.557,11785,256,6,100,False,0,car,0 days 00:48:27.144000,0 days 01:45:24.239000
2024-06-23 13:51:41.917,10467,260,6,100,False,0,car,0 days 00:48:27.504000,0 days 01:45:24.599000
2024-06-23 13:51:42.157,10659,264,7,100,False,0,car,0 days 00:48:27.744000,0 days 01:45:24.839000
2024-06-23 13:51:42.517,10774,267,7,100,False,0,car,0 days 00:48:28.104000,0 days 01:45:25.199000
2024-06-23 13:51:42.797,10904,271,7,100,False,0,car,0 days 00:48:28.384000,0 days 01:45:25.479000
2024-06-23 13:51:43.117,11020,275,7,100,False,0,car,0 days 00:48:28.704000,0 days 01:45:25.799000
2024-06-23 13:51:43.437,11170,280,7,100,False,0,car,0 days 00:48:29.024000,0 days 01:45:26.119000
2024-06-23 13:51:43.637,11257,281,7,100,False,0,car,0 days 00:48:29.224000,0 days 01:45:26.319000
2024-06-23 13:51:43.877,11327,284,7,100,False,0,car,0 days 00:48:29.464000,0 days 01:45:26.559000
2024-06-23 13:51:44.037,11327,284,7,100,False,0,car,0 days 00:48:29.624000,0 days 01:45:26.719000
2024-06-23 13:51:44.437,10620,255,7,0,True,0,car,0 days 00:48:30.024000,0 days 01:45:27.119000
2024-06-23 13:51:44.797,9987,222,7,0,True,0,car,0 days 00:48:30.384000,0 days 01:45:27.479000
2024-06-23 13:51:44.957,9443,214,6,0,True,0,car,0 days 00:48:30.544000,0 days 01:45:27.639000
2024-06-23 13:51:45.277,9480,184,5,0,True,0,car,0 days 00:48:30.864000,0 days 01:45:27.959000
2024-06-23 13:51:45.437,9267,173,5,0,True,0,car,0 days 00:48:31.024000,0 days 01:45:28.119000
2024-06-23 13:51:45.837,9863,162,5,0,True,0,car,0 days 00:48:31.424000,0 days 01:45:28.519000
2024-06-23 13:51:45.997,9531,157,4,0,True,0,car,0 days 00:48:31.584000,0 days 01:45:28.679000
2024-06-23 13:51:46.197,9250,152,4,0,True,0,car,0 days 00:48:31.784000,0 days 01:45:28.879000
2024-06-23 13:51:46.477,8921,144,4,0,True,0,car,0 days 00:48:32.064000,0 days 01:45:29.159000
2024-06-23 13:51:46.957,8356,136,4,0,False,0,car,0 days 00:48:32.544000,0 days 01:45:29.639000
2024-06-23 13:51:47.117,8335,133,4,0,True,0,car,0 days 00:48:32.704000,0 days 01:45:29.799000
2024-06-23 13:51:47.317,8201,130,4,0,True,0,car,0 days 00:48:32.904000,0 days 01:45:29.999000
2024-06-23 13:51:47.517,7877,128,4,0,False,0,car,0 days 00:48:33.104000,0 days 01:45:30.199000
2024-06-23 13:51:47.837,7908,124,4,27,False,0,car,0 days 00:48:33.424000,0 days 01:45:30.519000
2024-06-23 13:51:48.037,7997,125,4,39,False,0,car,0 days 00:48:33.624000,0 days 01:45:30.719000
2024-06-23 13:51:48.357,8196,127,4,47,False,0,car,0 days 00:48:33.944000,0 days 01:45:31.039000
2024-06-23 13:51:48.517,8253,128,4,49,False,0,car,0 days 00:48:34.104000,0 days 01:45:31.199000
2024-06-23 13:51:48.917,8885,133,4,60,False,0,car,0 days 00:48:34.504000,0 days 01:45:31.599000
2024-06-23 13:51:49.197,9125,140,4,64,False,0,car,0 days 00:48:34.784000,0 days 01:45:31.879000
2024-06-23 13:51:49.357,9417,145,4,73,False,0,car,0 days 00:48:34.944000,0 days 01:45:32.039000
2024-06-23 13:51:49.558,9733,151,4,78,False,0,car,0 days 00:48:35.145000,0 days 01:45:32.240000
2024-06-23 13:51:49.837,10220,157,4,82,False,0,car,0 days 00:48:35.424000,0 days 01:45:32.519000
2024-06-23 13:51:50.117,10863,167,4,88,False,0,car,0 days 00:48:35.704000,0 days 01:45:32.799000
2024-06-23 13:51:50.397,11545,174,4,100,False,0,car,0 days 00:48:35.984000,0 days 01:45:33.079000
2024-06-23 13:51:50.597,11076,185,4,100,False,0,car,0 days 00:48:36.184000,0 days 01:45:33.279000
2024-06-23 13:51:50.797,10411,192,5,100,False,0,car,0 days 00:48:36.384000,0 days 01:45:33.479000
2024-06-23 13:51:51.037,10693,197,5,100,False,0,car,0 days 00:48:36.624000,0 days 01:45:33.719000
2024-06-23 13:51:51.237,10985,205,5,100,False,0,car,0 days 00:48:36.824000,0 days 01:45:33.919000
2024-06-23 13:51:51.397,11252,210,5,100,False,0,car,0 days 00:48:36.984000,0 days 01:45:34.079000
2024-06-23 13:51:51.597,11510,211,5,100,False,0,car,0 days 00:48:37.184000,0 days 01:45:34.279000
2024-06-23 13:51:51.797,11745,220,5,100,False,0,car,0 days 00:48:37.384000,0 days 01:45:34.479000
2024-06-23 13:51:51.997,11479,225,5,100,False,0,car,0 days 00:48:37.584000,0 days 01:45:34.679000
2024-06-23 13:51:52.317,10600,231,6,100,False,0,car,0 days 00:48:37.904000,0 days 01:45:34.999000
2024-06-23 13:51:52.597,10844,237,6,100,False,0,car,0 days 00:48:38.184000,0 days 01:45:35.279000
2024-06-23 13:51:52.917,10962,240,6,100,True,0,car,0 days 00:48:38.504000,0 days 01:45:35.599000
2024-06-23 13:51:53.197,10542,225,6,0,True,0,car,0 days 00:48:38.784000,0 days 01:45:35.879000
2024-06-23 13:51:53.437,9058,225,6,0,True,0,car,0 days 00:48:39.024000,0 days 01:45:36.119000
2024-06-23 13:51:53.717,9172,178,6,0,True,0,car,0 days 00:48:39.304000,0 days 01:45:36.399000
2024-06-23 13:51:53.877,9842,162,5,0,True,0,car,0 days 00:48:39.464000,0 days 01:45:36.559000
2024-06-23 13:51:54.117,9282,150,4,0,True,0,car,0 days 00:48:39.704000,0 days 01:45:36.799000
2024-06-23 13:51:54.397,9754,136,3,0,True,0,car,0 days 00:48:39.984000,0 days 01:45:37.079000
2024-06-23 13:51:54.557,9286,129,3,0,True,0,car,0 days 00:48:40.144000,0 days 01:45:37.239000
2024-06-23 13:51:55.437,7632,107,3,0,True,0,car,0 days 00:48:41.024000,0 days 01:45:38.119000
2024-06-23 13:51:55.677,7185,101,3,0,True,0,car,0 days 00:48:41.264000,0 days 01:45:38.359000
2024-06-23 13:51:55.997,7295,97,3,0,False,0,car,0 days 00:48:41.584000,0 days 01:45:38.679000
2024-06-23 13:51:56.238,6870,94,3,0,False,0,car,0 days 00:48:41.825000,0 days 01:45:38.920000
2024-06-23 13:51:56.398,6906,93,3,0,False,0,car,0 days 00:48:41.985000,0 days 01:45:39.080000
2024-06-23 13:51:56.637,6864,93,3,14,False,0,car,0 days 00:48:42.224000,0 days 01:45:39.319000
2024-06-23 13:51:56.917,7242,94,3,35,False,0,car,0 days 00:48:42.504000,0 days 01:45:39.599000
2024-06-23 13:51:57.077,7522,97,3,40,False,0,car,0 days 00:48:42.664000,0 days 01:45:39.759000
2024-06-23 13:51:57.237,7621,100,3,41,False,0,car,0 days 00:48:42.824000,0 days 01:45:39.919000
2024-06-23 13:51:57.397,7969,102,3,48,False,0,car,0 days 00:48:42.984000,0 days 01:45:40.079000
2024-06-23 13:51:57.677,8419,109,3,56,False,0,car,0 days 00:48:43.264000,0 days 01:45:40.359000
2024-06-23 13:51:57.957,8791,119,3,70,False,0,car,0 days 00:48:43.544000,0 days 01:45:40.639000
2024-06-23 13:51:58.117,9483,119,3,71,False,0,car,0 days 00:48:43.704000,0 days 01:45:40.799000
2024-06-23 13:51:58.357,8518,134,3,83,False,0,car,0 days 00:48:43.944000,0 days 01:45:41.039000
2024-06-23 13:51:58.717,9916,148,4,100,False,0,car,0 days 00:48:44.304000,0 days 01:45:41.399000
2024-06-23 13:51:58.917,10322,157,4,100,False,0,car,0 days 00:48:44.504000,0 days 01:45:41.599000
2024-06-23 13:51:59.197,10794,171,4,100,False,0,car,0 days 00:48:44.784000,0 days 01:45:41.879000
2024-06-23 13:51:59.557,10630,188,4,100,False,0,car,0 days 00:48:45.144000,0 days 01:45:42.239000
2024-06-23 13:51:59.917,10612,198,5,100,False,0,car,0 days 00:48:45.504000,0 days 01:45:42.599000
2024-06-23 13:52:00.117,10958,200,5,100,False,0,car,0 days 00:48:45.704000,0 days 01:45:42.799000
2024-06-23 13:52:00.277,11287,212,5,100,False,0,car,0 days 00:48:45.864000,0 days 01:45:42.959000
2024-06-23 13:52:00.477,11577,216,5,100,False,0,car,0 days 00:48:46.064000,0 days 01:45:43.159000
2024-06-23 13:52:00.757,11800,225,5,100,False,0,car,0 days 00:48:46.344000,0 days 01:45:43.439000
2024-06-23 13:52:01.117,10605,231,6,100,False,0,car,0 days 00:48:46.704000,0 days 01:45:43.799000
2024-06-23 13:52:01.317,10874,235,6,100,False,0,car,0 days 00:48:46.904000,0 days 01:45:43.999000
2024-06-23 13:52:01.637,11092,242,6,100,False,0,car,0 days 00:48:47.224000,0 days 01:45:44.319000
2024-06-23 13:52:01.997,11372,247,6,100,False,0,car,0 days 00:48:47.584000,0 days 01:45:44.679000
2024-06-23 13:52:02.237,11524,252,6,100,False,0,car,0 days 00:48:47.824000,0 days 01:45:44.919000
2024-06-23 13:52:02.437,11554,253,6,100,False,0,car,0 days 00:48:48.024000,0 days 01:45:45.119000
2024-06-23 13:52:02.678,10915,239,6,0,True,0,car,0 days 00:48:48.265000,0 days 01:45:45.360000
2024-06-23 13:52:02.838,10514,221,6,0,True,0,car,0 days 00:48:48.425000,0 days 01:45:45.520000
2024-06-23 13:52:03.078,9334,201,6,0,True,0,car,0 days 00:48:48.665000,0 days 01:45:45.760000
2024-06-23 13:52:03.238,9974,185,6,0,True,0,car,0 days 00:48:48.825000,0 days 01:45:45.920000
2024-06-23 13:52:03.437,9148,170,5,0,True,0,car,0 days 00:48:49.024000,0 days 01:45:46.119000
2024-06-23 13:52:03.717,9823,161,5,0,True,0,car,0 days 00:48:49.304000,0 days 01:45:46.399000
2024-06-23 13:52:03.877,9358,154,4,0,True,0,car,0 days 00:48:49.464000,0 days 01:45:46.559000
2024-06-23 13:52:04.157,9166,146,4,0,True,0,car,0 days 00:48:49.744000,0 days 01:45:46.839000
2024-06-23 13:52:04.517,8680,139,4,0,True,0,car,0 days 00:48:50.104000,0 days 01:45:47.199000
2024-06-23 13:52:04.917,8317,133,4,4,False,0,car,0 days 00:48:50.504000,0 days 01:45:47.599000
2024-06-23 13:52:05.357,8441,131,4,42,False,0,car,0 days 00:48:50.944000,0 days 01:45:48.039000
2024-06-23 13:52:05.517,8489,132,4,46,False,0,car,0 days 00:48:51.104000,0 days 01:45:48.199000
2024-06-23 13:52:05.877,8914,138,4,71,False,0,car,0 days 00:48:51.464000,0 days 01:45:48.559000
2024-06-23 13:52:06.037,9368,140,4,79,False,0,car,0 days 00:48:51.624000,0 days 01:45:48.719000
2024-06-23 13:52:06.237,10034,153,4,88,False,0,car,0 days 00:48:51.824000,0 days 01:45:48.919000
2024-06-23 13:52:06.517,10457,162,4,89,False,0,car,0 days 00:48:52.104000,0 days 01:45:49.199000
2024-06-23 13:52:06.757,11230,172,4,92,False,0,car,0 days 00:48:52.344000,0 days 01:45:49.439000
2024-06-23 13:52:07.037,11566,176,4,100,False,0,car,0 days 00:48:52.624000,0 days 01:45:49.719000
2024-06-23 13:52:07.437,10544,196,5,100,False,0,car,0 days 00:48:53.024000,0 days 01:45:50.119000
2024-06-23 13:52:07.797,11069,205,5,100,False,0,car,0 days 00:48:53.384000,0 days 01:45:50.479000
2024-06-23 13:52:07.997,11314,210,5,100,False,0,car,0 days 00:48:53.584000,0 days 01:45:50.679000
2024-06-23 13:52:08.197,11569,217,5,100,False,0,car,0 days 00:48:53.784000,0 days 01:45:50.879000
2024-06-23 13:52:08.357,11788,221,5,100,False,0,car,0 days 00:48:53.944000,0 days 01:45:51.039000
2024-06-23 13:52:08.517,11788,224,5,100,False,0,car,0 days 00:48:54.104000,0 days 01:45:51.199000
2024-06-23 13:52:08.717,10528,228,5,100,False,0,car,0 days 00:48:54.304000,0 days 01:45:51.399000
2024-06-23 13:52:09.037,10844,237,6,100,False,0,car,0 days 00:48:54.624000,0 days 01:45:51.719000
2024-06-23 13:52:09.197,10992,238,6,100,False,0,car,0 days 00:48:54.784000,0 days 01:45:51.879000
2024-06-23 13:52:09.478,11181,244,6,100,False,0,car,0 days 00:48:55.065000,0 days 01:45:52.160000
2024-06-23 13:52:09.838,10542,241,6,0,False,0,car,0 days 00:48:55.425000,0 days 01:45:52.520000
2024-06-23 13:52:10.077,10625,236,6,0,False,0,car,0 days 00:48:55.664000,0 days 01:45:52.759000
2024-06-23 13:52:10.317,10484,230,6,0,False,0,car,0 days 00:48:55.904000,0 days 01:45:52.999000
2024-06-23 13:52:10.477,10232,230,6,3,False,0,car,0 days 00:48:56.064000,0 days 01:45:53.159000
2024-06-23 13:52:10.717,10090,221,6,47,False,0,car,0 days 00:48:56.304000,0 days 01:45:53.399000
2024-06-23 13:52:10.917,10230,221,6,64,False,0,car,0 days 00:48:56.504000,0 days 01:45:53.599000
2024-06-23 13:52:11.237,9964,217,6,54,False,0,car,0 days 00:48:56.824000,0 days 01:45:53.919000
2024-06-23 13:52:11.437,10047,220,6,67,False,0,car,0 days 00:48:57.024000,0 days 01:45:54.119000
2024-06-23 13:52:11.757,10275,221,6,98,False,0,car,0 days 00:48:57.344000,0 days 01:45:54.439000
2024-06-23 13:52:12.117,10627,228,6,100,False,0,car,0 days 00:48:57.704000,0 days 01:45:54.799000
2024-06-23 13:52:12.317,10738,231,6,100,False,0,car,0 days 00:48:57.904000,0 days 01:45:54.999000
2024-06-23 13:52:12.717,10956,237,6,100,False,0,car,0 days 00:48:58.304000,0 days 01:45:55.399000
2024-06-23 13:52:12.917,11150,241,6,100,False,0,car,0 days 00:48:58.504000,0 days 01:45:55.599000
2024-06-23 13:52:13.197,11313,246,6,100,False,0,car,0 days 00:48:58.784000,0 days 01:45:55.879000
2024-06-23 13:52:13.477,11503,251,6,100,False,0,car,0 days 00:48:59.064000,0 days 01:45:56.159000
2024-06-23 13:52:13.677,11611,254,6,100,False,0,car,0 days 00:48:59.264000,0 days 01:45:56.359000
2024-06-23 13:52:13.997,11372,259,6,100,False,0,car,0 days 00:48:59.584000,0 days 01:45:56.679000
2024-06-23 13:52:14.197,10481,263,7,100,False,0,car,0 days 00:48:59.784000,0 days 01:45:56.879000
2024-06-23 13:52:14.517,10739,264,7,100,False,0,car,0 days 00:49:00.104000,0 days 01:45:57.199000
2024-06-23 13:52:14.757,10829,270,7,100,False,0,car,0 days 00:49:00.344000,0 days 01:45:57.439000
2024-06-23 13:52:14.917,10872,270,7,100,False,0,car,0 days 00:49:00.504000,0 days 01:45:57.599000
2024-06-23 13:52:15.117,10954,273,7,100,False,0,car,0 days 00:49:00.704000,0 days 01:45:57.799000
2024-06-23 13:52:15.437,11067,276,7,100,False,0,car,0 days 00:49:01.024000,0 days 01:45:58.119000
2024-06-23 13:52:15.838,11250,281,7,100,False,0,car,0 days 00:49:01.425000,0 days 01:45:58.520000
2024-06-23 13:52:15.998,11303,282,7,100,False,0,car,0 days 00:49:01.585000,0 days 01:45:58.680000
2024-06-23 13:52:16.318,11356,286,7,100,False,0,car,0 days 00:49:01.905000,0 days 01:45:59
2024-06-23 13:52:16.558,11480,287,7,100,False,0,car,0 days 00:49:02.145000,0 days 01:45:59.240000
2024-06-23 13:52:16.837,11534,289,7,100,False,0,car,0 days 00:49:02.424000,0 days 01:45:59.519000
2024-06-23 13:52:17.317,11590,290,7,100,False,0,car,0 days 00:49:02.904000,0 days 01:45:59.999000
2024-06-23 13:52:17.597,11108,274,7,0,True,0,car,0 days 00:49:03.184000,0 days 01:46:00.279000
2024-06-23 13:52:17.877,9771,264,7,0,True,0,car,0 days 00:49:03.464000,0 days 01:46:00.559000
2024-06-23 13:52:18.157,9452,213,7,0,True,0,car,0 days 00:49:03.744000,0 days 01:46:00.839000
2024-06-23 13:52:18.517,9000,174,7,0,True,0,car,0 days 00:49:04.104000,0 days 01:46:01.199000
2024-06-23 13:52:18.757,10073,160,5,0,True,0,car,0 days 00:49:04.344000,0 days 01:46:01.439000
2024-06-23 13:52:18.997,8807,144,4,0,True,0,car,0 days 00:49:04.584000,0 days 01:46:01.679000
2024-06-23 13:52:19.197,8354,137,4,0,True,0,car,0 days 00:49:04.784000,0 days 01:46:01.879000
2024-06-23 13:52:19.437,9635,128,4,0,True,0,car,0 days 00:49:05.024000,0 days 01:46:02.119000
2024-06-23 13:52:19.757,8787,120,3,0,True,0,car,0 days 00:49:05.344000,0 days 01:46:02.439000
2024-06-23 13:52:20.197,8266,113,3,0,True,0,car,0 days 00:49:05.784000,0 days 01:46:02.879000
2024-06-23 13:52:20.397,7976,109,3,0,True,0,car,0 days 00:49:05.984000,0 days 01:46:03.079000
2024-06-23 13:52:20.717,7723,104,3,0,False,0,car,0 days 00:49:06.304000,0 days 01:46:03.399000
2024-06-23 13:52:20.917,7585,102,3,0,False,0,car,0 days 00:49:06.504000,0 days 01:46:03.599000
2024-06-23 13:52:21.277,7433,99,3,7,False,0,car,0 days 00:49:06.864000,0 days 01:46:03.959000
2024-06-23 13:52:21.477,7448,98,3,22,False,0,car,0 days 00:49:07.064000,0 days 01:46:04.159000
2024-06-23 13:52:21.837,7726,100,3,38,False,0,car,0 days 00:49:07.424000,0 days 01:46:04.519000
2024-06-23 13:52:21.997,7725,100,3,42,False,0,car,0 days 00:49:07.584000,0 days 01:46:04.679000
2024-06-23 13:52:22.237,7928,104,3,43,False,0,car,0 days 00:49:07.824000,0 days 01:46:04.919000
2024-06-23 13:52:22.398,8247,105,3,49,False,0,car,0 days 00:49:07.985000,0 days 01:46:05.080000
2024-06-23 13:52:22.718,8580,113,3,57,False,0,car,0 days 00:49:08.305000,0 days 01:46:05.400000
2024-06-23 13:52:22.998,8645,121,3,60,False,0,car,0 days 00:49:08.585000,0 days 01:46:05.680000
2024-06-23 13:52:23.238,8176,131,3,67,False,0,car,0 days 00:49:08.825000,0 days 01:46:05.920000
2024-06-23 13:52:23.517,8831,136,4,75,False,0,car,0 days 00:49:09.104000,0 days 01:46:06.199000
2024-06-23 13:52:23.677,9242,143,4,80,False,0,car,0 days 00:49:09.264000,0 days 01:46:06.359000
2024-06-23 13:52:23.877,9696,150,4,88,False,0,car,0 days 00:49:09.464000,0 days 01:46:06.559000
2024-06-23 13:52:24.197,10419,162,4,89,False,0,car,0 days 00:49:09.784000,0 days 01:46:06.879000
2024-06-23 13:52:24.517,11242,173,4,100,False,0,car,0 days 00:49:10.104000,0 days 01:46:07.199000
2024-06-23 13:52:24.797,11174,184,4,100,False,0,car,0 days 00:49:10.384000,0 days 01:46:07.479000
2024-06-23 13:52:24.997,10423,188,4,100,False,0,car,0 days 00:49:10.584000,0 days 01:46:07.679000
2024-06-23 13:52:25.197,10537,196,5,100,False,0,car,0 days 00:49:10.784000,0 days 01:46:07.879000
2024-06-23 13:52:25.557,9541,189,5,0,True,0,car,0 days 00:49:11.144000,0 days 01:46:08.239000
2024-06-23 13:52:25.957,8973,166,5,0,True,0,car,0 days 00:49:11.544000,0 days 01:46:08.639000
2024-06-23 13:52:26.117,9834,160,5,0,True,0,car,0 days 00:49:11.704000,0 days 01:46:08.799000
2024-06-23 13:52:26.317,9233,152,4,0,True,0,car,0 days 00:49:11.904000,0 days 01:46:08.999000
2024-06-23 13:52:26.517,8781,144,4,0,True,0,car,0 days 00:49:12.104000,0 days 01:46:09.199000
2024-06-23 13:52:26.717,8378,141,4,0,True,0,car,0 days 00:49:12.304000,0 days 01:46:09.399000
2024-06-23 13:52:26.997,7936,129,4,0,True,0,car,0 days 00:49:12.584000,0 days 01:46:09.679000
2024-06-23 13:52:27.157,7697,127,4,0,True,0,car,0 days 00:49:12.744000,0 days 01:46:09.839000
2024-06-23 13:52:27.477,7411,120,4,0,True,0,car,0 days 00:49:13.064000,0 days 01:46:10.159000
2024-06-23 13:52:27.717,7178,115,4,0,True,0,car,0 days 00:49:13.304000,0 days 01:46:10.399000
2024-06-23 13:52:28.117,6836,110,4,0,True,0,car,0 days 00:49:13.704000,0 days 01:46:10.799000
2024-06-23 13:52:28.277,6645,107,4,0,False,0,car,0 days 00:49:13.864000,0 days 01:46:10.959000
2024-06-23 13:52:28.757,6966,108,4,37,False,0,car,0 days 00:49:14.344000,0 days 01:46:11.439000
2024-06-23 13:52:28.958,7140,110,4,40,False,0,car,0 days 00:49:14.545000,0 days 01:46:11.640000
2024-06-23 13:52:29.358,7410,116,4,49,False,0,car,0 days 00:49:14.945000,0 days 01:46:12.040000
2024-06-23 13:52:29.678,7863,122,4,55,False,0,car,0 days 00:49:15.265000,0 days 01:46:12.360000
2024-06-23 13:52:29.838,8026,126,4,57,False,0,car,0 days 00:49:15.425000,0 days 01:46:12.520000
2024-06-23 13:52:30.118,8534,130,4,63,False,0,car,0 days 00:49:15.705000,0 days 01:46:12.800000
2024-06-23 13:52:30.397,9082,138,4,70,False,0,car,0 days 00:49:15.984000,0 days 01:46:13.079000
2024-06-23 13:52:30.677,9592,147,4,78,False,0,car,0 days 00:49:16.264000,0 days 01:46:13.359000
2024-06-23 13:52:30.877,10084,151,4,85,False,0,car,0 days 00:49:16.464000,0 days 01:46:13.559000
2024-06-23 13:52:31.237,10988,171,4,94,False,0,car,0 days 00:49:16.824000,0 days 01:46:13.919000
2024-06-23 13:52:31.437,11353,177,4,100,False,0,car,0 days 00:49:17.024000,0 days 01:46:14.119000
2024-06-23 13:52:31.717,10480,185,4,100,False,0,car,0 days 00:49:17.304000,0 days 01:46:14.399000
2024-06-23 13:52:31.957,10516,196,5,100,False,0,car,0 days 00:49:17.544000,0 days 01:46:14.639000
2024-06-23 13:52:32.117,10814,200,5,100,False,0,car,0 days 00:49:17.704000,0 days 01:46:14.799000
2024-06-23 13:52:32.357,11300,209,5,100,False,0,car,0 days 00:49:17.944000,0 days 01:46:15.039000
2024-06-23 13:52:32.517,11593,213,5,100,False,0,car,0 days 00:49:18.104000,0 days 01:46:15.199000
2024-06-23 13:52:32.837,10861,220,5,95,False,0,car,0 days 00:49:18.424000,0 days 01:46:15.519000
2024-06-23 13:52:33.077,10587,227,6,84,False,0,car,0 days 00:49:18.664000,0 days 01:46:15.759000
2024-06-23 13:52:33.317,10678,230,6,86,False,0,car,0 days 00:49:18.904000,0 days 01:46:15.999000
2024-06-23 13:52:33.597,10895,235,6,88,False,0,car,0 days 00:49:19.184000,0 days 01:46:16.279000
2024-06-23 13:52:33.837,10939,237,6,81,False,0,car,0 days 00:49:19.424000,0 days 01:46:16.519000
2024-06-23 13:52:34.277,10960,239,6,87,False,0,car,0 days 00:49:19.864000,0 days 01:46:16.959000
2024-06-23 13:52:34.677,11231,242,6,97,False,0,car,0 days 00:49:20.264000,0 days 01:46:17.359000
2024-06-23 13:52:34.837,11281,245,6,100,False,0,car,0 days 00:49:20.424000,0 days 01:46:17.519000
2024-06-23 13:52:34.997,11391,246,6,100,False,0,car,0 days 00:49:20.584000,0 days 01:46:17.679000
2024-06-23 13:52:35.317,11522,250,6,100,False,0,car,0 days 00:49:20.904000,0 days 01:46:17.999000
2024-06-23 13:52:35.477,11680,252,6,100,False,0,car,0 days 00:49:21.064000,0 days 01:46:18.159000
2024-06-23 13:52:35.718,11771,257,6,100,False,0,car,0 days 00:49:21.305000,0 days 01:46:18.400000
2024-06-23 13:52:35.918,10554,258,6,100,False,0,car,0 days 00:49:21.505000,0 days 01:46:18.600000
2024-06-23 13:52:36.398,10576,263,7,100,False,0,car,0 days 00:49:21.985000,0 days 01:46:19.080000
2024-06-23 13:52:36.558,10557,263,7,100,False,0,car,0 days 00:49:22.145000,0 days 01:46:19.240000
2024-06-23 13:52:36.758,10405,252,7,0,True,0,car,0 days 00:49:22.345000,0 days 01:46:19.440000
2024-06-23 13:52:36.997,10125,243,7,0,True,0,car,0 days 00:49:22.584000,0 days 01:46:19.679000
2024-06-23 13:52:37.357,10640,233,6,39,False,0,car,0 days 00:49:22.944000,0 days 01:46:20.039000
2024-06-23 13:52:37.597,10759,231,6,44,False,0,car,0 days 00:49:23.184000,0 days 01:46:20.279000
2024-06-23 13:52:37.957,10481,229,6,64,False,0,car,0 days 00:49:23.544000,0 days 01:46:20.639000
2024-06-23 13:52:38.157,10477,228,6,74,False,0,car,0 days 00:49:23.744000,0 days 01:46:20.839000
2024-06-23 13:52:38.397,10716,231,6,96,False,0,car,0 days 00:49:23.984000,0 days 01:46:21.079000
2024-06-23 13:52:38.637,10780,233,6,100,False,0,car,0 days 00:49:24.224000,0 days 01:46:21.319000
2024-06-23 13:52:38.877,10988,237,6,100,False,0,car,0 days 00:49:24.464000,0 days 01:46:21.559000
2024-06-23 13:52:39.077,11103,241,6,100,False,0,car,0 days 00:49:24.664000,0 days 01:46:21.759000
2024-06-23 13:52:39.317,11250,243,6,100,False,0,car,0 days 00:49:24.904000,0 days 01:46:21.999000
2024-06-23 13:52:39.597,11369,246,6,100,False,0,car,0 days 00:49:25.184000,0 days 01:46:22.279000
2024-06-23 13:52:39.957,11611,252,6,100,False,0,car,0 days 00:49:25.544000,0 days 01:46:22.639000
2024-06-23 13:52:40.237,11713,256,6,100,False,0,car,0 days 00:49:25.824000,0 days 01:46:22.919000
2024-06-23 13:52:40.397,10811,259,6,100,False,0,car,0 days 00:49:25.984000,0 days 01:46:23.079000
2024-06-23 13:52:40.677,10483,261,7,100,False,0,car,0 days 00:49:26.264000,0 days 01:46:23.359000
2024-06-23 13:52:40.837,10572,265,7,100,False,0,car,0 days 00:49:26.424000,0 days 01:46:23.519000
2024-06-23 13:52:41.037,10675,267,7,100,False,0,car,0 days 00:49:26.624000,0 days 01:46:23.719000
2024-06-23 13:52:41.357,10852,271,7,100,False,0,car,0 days 00:49:26.944000,0 days 01:46:24.039000
2024-06-23 13:52:41.517,10908,272,7,100,False,0,car,0 days 00:49:27.104000,0 days 01:46:24.199000
2024-06-23 13:52:41.757,11026,276,7,100,False,0,car,0 days 00:49:27.344000,0 days 01:46:24.439000
2024-06-23 13:52:41.957,11113,277,7,100,False,0,car,0 days 00:49:27.544000,0 days 01:46:24.639000
2024-06-23 13:52:42.118,11141,279,7,100,False,0,car,0 days 00:49:27.705000,0 days 01:46:24.800000
2024-06-23 13:52:42.398,11268,281,7,100,False,0,car,0 days 00:49:27.985000,0 days 01:46:25.080000
2024-06-23 13:52:42.638,11276,283,7,100,False,0,car,0 days 00:49:28.225000,0 days 01:46:25.320000
2024-06-23 13:52:42.958,11456,285,7,100,False,0,car,0 days 00:49:28.545000,0 days 01:46:25.640000
2024-06-23 13:52:43.118,11447,286,7,100,False,0,car,0 days 00:49:28.705000,0 days 01:46:25.800000
2024-06-23 13:52:43.438,11548,288,7,100,False,0,car,0 days 00:49:29.025000,0 days 01:46:26.120000
2024-06-23 13:52:43.757,11468,291,7,100,False,0,car,0 days 00:49:29.344000,0 days 01:46:26.439000
2024-06-23 13:52:43.957,10088,292,7,100,False,0,car,0 days 00:49:29.544000,0 days 01:46:26.639000
2024-06-23 13:52:44.237,10270,294,8,100,False,0,car,0 days 00:49:29.824000,0 days 01:46:26.919000
2024-06-23 13:52:44.517,10463,294,8,100,False,0,car,0 days 00:49:30.104000,0 days 01:46:27.199000
2024-06-23 13:52:44.917,10517,296,8,100,False,0,car,0 days 00:49:30.504000,0 days 01:46:27.599000
2024-06-23 13:52:45.197,10576,296,8,100,False,0,car,0 days 00:49:30.784000,0 days 01:46:27.879000
2024-06-23 13:52:45.477,10619,298,8,100,False,0,car,0 days 00:49:31.064000,0 days 01:46:28.159000
2024-06-23 13:52:45.677,10648,299,8,100,False,0,car,0 days 00:49:31.264000,0 days 01:46:28.359000
2024-06-23 13:52:45.957,10673,299,8,100,False,0,car,0 days 00:49:31.544000,0 days 01:46:28.639000
2024-06-23 13:52:46.197,10701,300,8,100,False,0,car,0 days 00:49:31.784000,0 days 01:46:28.879000
2024-06-23 13:52:46.437,10682,300,8,100,False,0,car,0 days 00:49:32.024000,0 days 01:46:29.119000
2024-06-23 13:52:46.677,10722,302,8,100,False,0,car,0 days 00:49:32.264000,0 days 01:46:29.359000
2024-06-23 13:52:46.997,10764,303,8,100,False,0,car,0 days 00:49:32.584000,0 days 01:46:29.679000
2024-06-23 13:52:47.157,10785,304,8,100,False,0,car,0 days 00:49:32.744000,0 days 01:46:29.839000
2024-06-23 13:52:47.517,10839,305,8,100,False,0,car,0 days 00:49:33.104000,0 days 01:46:30.199000
2024-06-23 13:52:47.717,10836,306,8,100,False,0,car,0 days 00:49:33.304000,0 days 01:46:30.399000
2024-06-23 13:52:47.997,10870,305,8,100,False,0,car,0 days 00:49:33.584000,0 days 01:46:30.679000
2024-06-23 13:52:48.197,10889,307,8,100,False,0,car,0 days 00:49:33.784000,0 days 01:46:30.879000
2024-06-23 13:52:48.637,10904,306,8,100,False,0,car,0 days 00:49:34.224000,0 days 01:46:31.319000
2024-06-23 13:52:48.878,10949,307,8,100,False,0,car,0 days 00:49:34.465000,0 days 01:46:31.560000
2024-06-23 13:52:49.078,10934,308,8,100,False,0,car,0 days 00:49:34.665000,0 days 01:46:31.760000
2024-06-23 13:52:49.278,10935,309,8,100,False,0,car,0 days 00:49:34.865000,0 days 01:46:31.960000
2024-06-23 13:52:49.598,10951,308,8,100,False,0,car,0 days 00:49:35.185000,0 days 01:46:32.280000
2024-06-23 13:52:49.798,10978,308,8,100,False,0,car,0 days 00:49:35.385000,0 days 01:46:32.480000
2024-06-23 13:52:49.998,10980,308,8,100,False,0,car,0 days 00:49:35.585000,0 days 01:46:32.680000
2024-06-23 13:52:50.198,10960,309,8,100,False,0,car,0 days 00:49:35.785000,0 days 01:46:32.880000
2024-06-23 13:52:50.437,10930,308,8,100,False,0,car,0 days 00:49:36.024000,0 days 01:46:33.119000
2024-06-23 13:52:50.597,10873,307,8,100,False,0,car,0 days 00:49:36.184000,0 days 01:46:33.279000
2024-06-23 13:52:50.757,10733,306,8,0,False,0,car,0 days 00:49:36.344000,0 days 01:46:33.439000
2024-06-23 13:52:51.037,10509,299,8,0,True,0,car,0 days 00:49:36.624000,0 days 01:46:33.719000
2024-06-23 13:52:51.397,9073,260,8,0,True,0,car,0 days 00:49:36.984000,0 days 01:46:34.079000
2024-06-23 13:52:51.637,9238,236,8,0,True,0,car,0 days 00:49:37.224000,0 days 01:46:34.319000
2024-06-23 13:52:51.837,9401,202,8,0,True,0,car,0 days 00:49:37.424000,0 days 01:46:34.519000
2024-06-23 13:52:52.157,9336,180,7,0,True,0,car,0 days 00:49:37.744000,0 days 01:46:34.839000
2024-06-23 13:52:52.357,10170,169,5,0,True,0,car,0 days 00:49:37.944000,0 days 01:46:35.039000
2024-06-23 13:52:52.637,9718,155,4,0,True,0,car,0 days 00:49:38.224000,0 days 01:46:35.319000
2024-06-23 13:52:52.797,9329,152,4,0,True,0,car,0 days 00:49:38.384000,0 days 01:46:35.479000
2024-06-23 13:52:53.117,8947,145,4,0,True,0,car,0 days 00:49:38.704000,0 days 01:46:35.799000
2024-06-23 13:52:53.357,8525,137,4,0,True,0,car,0 days 00:49:38.944000,0 days 01:46:36.039000
2024-06-23 13:52:53.677,8276,131,4,0,True,0,car,0 days 00:49:39.264000,0 days 01:46:36.359000
2024-06-23 13:52:53.837,8373,130,4,16,False,0,car,0 days 00:49:39.424000,0 days 01:46:36.519000
2024-06-23 13:52:53.997,8265,129,4,45,False,0,car,0 days 00:49:39.584000,0 days 01:46:36.679000
2024-06-23 13:52:54.317,8559,133,4,56,False,0,car,0 days 00:49:39.904000,0 days 01:46:36.999000
2024-06-23 13:52:54.517,8877,136,4,67,False,0,car,0 days 00:49:40.104000,0 days 01:46:37.199000
2024-06-23 13:52:54.757,9365,145,4,74,False,0,car,0 days 00:49:40.344000,0 days 01:46:37.439000
2024-06-23 13:52:54.957,9618,152,4,74,False,0,car,0 days 00:49:40.544000,0 days 01:46:37.639000
2024-06-23 13:52:55.117,9156,154,4,56,False,0,car,0 days 00:49:40.704000,0 days 01:46:37.799000
2024-06-23 13:52:55.318,8336,156,4,48,False,0,car,0 days 00:49:40.905000,0 days 01:46:38
2024-06-23 13:52:55.598,8546,157,5,56,False,0,car,0 days 00:49:41.185000,0 days 01:46:38.280000
2024-06-23 13:52:55.918,8693,160,5,60,False,0,car,0 days 00:49:41.505000,0 days 01:46:38.600000
2024-06-23 13:52:56.118,8812,163,5,63,False,0,car,0 days 00:49:41.705000,0 days 01:46:38.800000
2024-06-23 13:52:56.438,9273,168,5,79,False,0,car,0 days 00:49:42.025000,0 days 01:46:39.120000
2024-06-23 13:52:56.638,9520,174,5,86,False,0,car,0 days 00:49:42.225000,0 days 01:46:39.320000
2024-06-23 13:52:56.838,9879,182,5,94,False,0,car,0 days 00:49:42.425000,0 days 01:46:39.520000
2024-06-23 13:52:57.197,10312,190,5,100,False,0,car,0 days 00:49:42.784000,0 days 01:46:39.879000
2024-06-23 13:52:57.357,10655,198,5,100,False,0,car,0 days 00:49:42.944000,0 days 01:46:40.039000
2024-06-23 13:52:57.717,11068,207,5,100,False,0,car,0 days 00:49:43.304000,0 days 01:46:40.399000
2024-06-23 13:52:57.957,11366,212,5,76,False,0,car,0 days 00:49:43.544000,0 days 01:46:40.639000
2024-06-23 13:52:58.157,11448,214,5,75,False,0,car,0 days 00:49:43.744000,0 days 01:46:40.839000
2024-06-23 13:52:58.437,10048,215,5,59,False,0,car,0 days 00:49:44.024000,0 days 01:46:41.119000
2024-06-23 13:52:58.637,9964,215,6,68,False,0,car,0 days 00:49:44.224000,0 days 01:46:41.319000
2024-06-23 13:52:58.917,9920,214,6,64,False,0,car,0 days 00:49:44.504000,0 days 01:46:41.599000
2024-06-23 13:52:59.197,9558,213,6,0,False,0,car,0 days 00:49:44.784000,0 days 01:46:41.879000
2024-06-23 13:52:59.517,9198,206,6,28,False,0,car,0 days 00:49:45.104000,0 days 01:46:42.199000
2024-06-23 13:52:59.837,9302,204,6,64,False,0,car,0 days 00:49:45.424000,0 days 01:46:42.519000
2024-06-23 13:53:00.037,9476,204,6,67,False,0,car,0 days 00:49:45.624000,0 days 01:46:42.719000
2024-06-23 13:53:00.197,9476,204,6,67,False,0,car,0 days 00:49:45.784000,0 days 01:46:42.879000
2024-06-23 13:53:00.477,9686,208,6,85,False,0,car,0 days 00:49:46.064000,0 days 01:46:43.159000
2024-06-23 13:53:00.917,10043,216,6,100,False,0,car,0 days 00:49:46.504000,0 days 01:46:43.599000
2024-06-23 13:53:01.237,10380,220,6,100,False,0,car,0 days 00:49:46.824000,0 days 01:46:43.919000
2024-06-23 13:53:01.477,10619,228,6,100,False,0,car,0 days 00:49:47.064000,0 days 01:46:44.159000
2024-06-23 13:53:01.797,10873,235,6,100,False,0,car,0 days 00:49:47.384000,0 days 01:46:44.479000
2024-06-23 13:53:02.158,11147,241,6,100,False,0,car,0 days 00:49:47.745000,0 days 01:46:44.840000
2024-06-23 13:53:02.318,11246,243,6,100,False,0,car,0 days 00:49:47.905000,0 days 01:46:45
2024-06-23 13:53:02.598,11388,247,6,100,False,0,car,0 days 00:49:48.185000,0 days 01:46:45.280000
2024-06-23 13:53:02.798,11488,251,6,100,False,0,car,0 days 00:49:48.385000,0 days 01:46:45.480000
2024-06-23 13:53:02.998,11609,253,6,100,False,0,car,0 days 00:49:48.585000,0 days 01:46:45.680000
2024-06-23 13:53:03.158,11746,255,6,100,False,0,car,0 days 00:49:48.745000,0 days 01:46:45.840000
2024-06-23 13:53:03.358,10906,258,6,100,False,0,car,0 days 00:49:48.945000,0 days 01:46:46.040000
2024-06-23 13:53:03.638,10438,263,7,100,False,0,car,0 days 00:49:49.225000,0 days 01:46:46.320000
2024-06-23 13:53:03.917,10660,265,7,100,False,0,car,0 days 00:49:49.504000,0 days 01:46:46.599000
2024-06-23 13:53:04.157,10811,268,7,100,False,0,car,0 days 00:49:49.744000,0 days 01:46:46.839000
2024-06-23 13:53:04.477,10919,273,7,100,False,0,car,0 days 00:49:50.064000,0 days 01:46:47.159000
2024-06-23 13:53:04.757,11049,273,7,100,False,0,car,0 days 00:49:50.344000,0 days 01:46:47.439000
2024-06-23 13:53:05.037,11125,277,7,100,False,0,car,0 days 00:49:50.624000,0 days 01:46:47.719000
2024-06-23 13:53:05.317,11266,280,7,100,False,0,car,0 days 00:49:50.904000,0 days 01:46:47.999000
2024-06-23 13:53:05.477,11296,281,7,100,False,0,car,0 days 00:49:51.064000,0 days 01:46:48.159000
2024-06-23 13:53:05.717,11283,282,7,100,False,0,car,0 days 00:49:51.304000,0 days 01:46:48.399000
2024-06-23 13:53:06.077,10846,271,7,0,True,0,car,0 days 00:49:51.664000,0 days 01:46:48.759000
2024-06-23 13:53:06.517,8912,241,7,0,True,0,car,0 days 00:49:52.104000,0 days 01:46:49.199000
2024-06-23 13:53:06.677,9141,207,7,0,True,0,car,0 days 00:49:52.264000,0 days 01:46:49.359000
2024-06-23 13:53:06.837,8809,190,7,0,True,0,car,0 days 00:49:52.424000,0 days 01:46:49.519000
2024-06-23 13:53:07.037,9487,179,7,0,True,0,car,0 days 00:49:52.624000,0 days 01:46:49.719000
2024-06-23 13:53:07.237,8964,174,6,0,True,0,car,0 days 00:49:52.824000,0 days 01:46:49.919000
2024-06-23 13:53:07.557,9807,160,5,0,True,0,car,0 days 00:49:53.144000,0 days 01:46:50.239000
2024-06-23 13:53:07.797,9412,156,4,0,True,0,car,0 days 00:49:53.384000,0 days 01:46:50.479000
2024-06-23 13:53:08.197,9113,147,4,0,True,0,car,0 days 00:49:53.784000,0 days 01:46:50.879000
2024-06-23 13:53:08.357,8845,143,4,0,True,0,car,0 days 00:49:53.944000,0 days 01:46:51.039000
2024-06-23 13:53:08.598,8586,138,4,0,True,0,car,0 days 00:49:54.185000,0 days 01:46:51.280000
2024-06-23 13:53:08.838,8450,134,4,0,True,0,car,0 days 00:49:54.425000,0 days 01:46:51.520000
2024-06-23 13:53:09.038,8278,131,4,0,False,0,car,0 days 00:49:54.625000,0 days 01:46:51.720000
2024-06-23 13:53:09.358,8396,131,4,47,False,0,car,0 days 00:49:54.945000,0 days 01:46:52.040000
2024-06-23 13:53:09.558,8559,132,4,50,False,0,car,0 days 00:49:55.145000,0 days 01:46:52.240000
2024-06-23 13:53:09.758,8682,134,4,51,False,0,car,0 days 00:49:55.345000,0 days 01:46:52.440000
2024-06-23 13:53:09.958,8852,136,4,56,False,0,car,0 days 00:49:55.545000,0 days 01:46:52.640000
2024-06-23 13:53:10.118,8913,137,4,57,False,0,car,0 days 00:49:55.705000,0 days 01:46:52.800000
2024-06-23 13:53:10.398,9276,142,4,63,False,0,car,0 days 00:49:55.985000,0 days 01:46:53.080000
2024-06-23 13:53:10.757,10166,151,4,71,False,0,car,0 days 00:49:56.344000,0 days 01:46:53.439000
2024-06-23 13:53:11.037,10070,154,4,57,False,0,car,0 days 00:49:56.624000,0 days 01:46:53.719000
2024-06-23 13:53:11.397,10688,164,4,79,False,0,car,0 days 00:49:56.984000,0 days 01:46:54.079000
2024-06-23 13:53:11.677,11281,172,4,89,False,0,car,0 days 00:49:57.264000,0 days 01:46:54.359000
2024-06-23 13:53:12.037,11547,186,4,100,False,0,car,0 days 00:49:57.624000,0 days 01:46:54.719000
2024-06-23 13:53:12.317,10430,192,5,100,False,0,car,0 days 00:49:57.904000,0 days 01:46:54.999000
2024-06-23 13:53:12.637,10916,202,5,100,False,0,car,0 days 00:49:58.224000,0 days 01:46:55.319000
2024-06-23 13:53:12.837,11033,210,5,100,False,0,car,0 days 00:49:58.424000,0 days 01:46:55.519000
2024-06-23 13:53:13.117,11562,216,5,100,False,0,car,0 days 00:49:58.704000,0 days 01:46:55.799000
2024-06-23 13:53:13.397,11424,223,5,100,False,0,car,0 days 00:49:58.984000,0 days 01:46:56.079000
2024-06-23 13:53:13.797,10709,228,6,100,False,0,car,0 days 00:49:59.384000,0 days 01:46:56.479000
2024-06-23 13:53:13.957,10675,236,6,100,False,0,car,0 days 00:49:59.544000,0 days 01:46:56.639000
2024-06-23 13:53:14.157,10815,236,6,100,False,0,car,0 days 00:49:59.744000,0 days 01:46:56.839000
2024-06-23 13:53:14.477,10575,235,6,0,False,0,car,0 days 00:50:00.064000,0 days 01:46:57.159000
2024-06-23 13:53:14.717,9939,215,6,0,True,0,car,0 days 00:50:00.304000,0 days 01:46:57.399000
2024-06-23 13:53:14.877,9519,195,6,0,True,0,car,0 days 00:50:00.464000,0 days 01:46:57.559000
2024-06-23 13:53:15.198,9490,167,5,0,True,0,car,0 days 00:50:00.785000,0 days 01:46:57.880000
2024-06-23 13:53:15.358,9822,153,5,0,True,0,car,0 days 00:50:00.945000,0 days 01:46:58.040000
2024-06-23 13:53:15.598,9725,143,4,0,True,0,car,0 days 00:50:01.185000,0 days 01:46:58.280000
2024-06-23 13:53:15.878,9426,130,3,0,True,0,car,0 days 00:50:01.465000,0 days 01:46:58.560000
2024-06-23 13:53:16.238,8518,119,3,0,True,0,car,0 days 00:50:01.825000,0 days 01:46:58.920000
2024-06-23 13:53:16.558,7983,110,3,0,True,0,car,0 days 00:50:02.145000,0 days 01:46:59.240000
2024-06-23 13:53:16.798,7625,106,3,0,True,0,car,0 days 00:50:02.385000,0 days 01:46:59.480000
2024-06-23 13:53:16.998,7404,102,3,0,True,0,car,0 days 00:50:02.585000,0 days 01:46:59.680000
2024-06-23 13:53:17.278,6904,96,3,0,True,0,car,0 days 00:50:02.865000,0 days 01:46:59.960000
2024-06-23 13:53:17.477,6920,93,3,0,True,0,car,0 days 00:50:03.064000,0 days 01:47:00.159000
2024-06-23 13:53:17.717,6833,93,3,0,False,0,car,0 days 00:50:03.304000,0 days 01:47:00.399000
2024-06-23 13:53:17.877,6671,93,3,13,False,0,car,0 days 00:50:03.464000,0 days 01:47:00.559000
2024-06-23 13:53:18.037,6810,92,3,18,False,0,car,0 days 00:50:03.624000,0 days 01:47:00.719000
2024-06-23 13:53:18.237,7094,92,3,27,False,0,car,0 days 00:50:03.824000,0 days 01:47:00.919000
2024-06-23 13:53:18.477,7307,96,3,36,False,0,car,0 days 00:50:04.064000,0 days 01:47:01.159000
2024-06-23 13:53:18.837,7763,102,3,46,False,0,car,0 days 00:50:04.424000,0 days 01:47:01.519000
2024-06-23 13:53:19.157,8304,110,3,55,False,0,car,0 days 00:50:04.744000,0 days 01:47:01.839000
2024-06-23 13:53:19.397,9094,116,3,65,False,0,car,0 days 00:50:04.984000,0 days 01:47:02.079000
2024-06-23 13:53:19.757,10322,132,3,84,False,0,car,0 days 00:50:05.344000,0 days 01:47:02.439000
2024-06-23 13:53:20.197,10201,146,3,100,False,0,car,0 days 00:50:05.784000,0 days 01:47:02.879000
2024-06-23 13:53:20.397,10197,160,4,100,False,0,car,0 days 00:50:05.984000,0 days 01:47:03.079000
2024-06-23 13:53:20.717,11161,174,4,100,False,0,car,0 days 00:50:06.304000,0 days 01:47:03.399000
2024-06-23 13:53:20.877,11441,183,4,100,False,0,car,0 days 00:50:06.464000,0 days 01:47:03.559000
2024-06-23 13:53:21.237,10384,194,5,100,False,0,car,0 days 00:50:06.824000,0 days 01:47:03.919000
2024-06-23 13:53:21.598,11080,209,5,100,False,0,car,0 days 00:50:07.185000,0 days 01:47:04.280000
2024-06-23 13:53:21.878,11519,216,5,100,False,0,car,0 days 00:50:07.465000,0 days 01:47:04.560000
2024-06-23 13:53:22.158,11659,224,5,100,False,0,car,0 days 00:50:07.745000,0 days 01:47:04.840000
2024-06-23 13:53:22.438,10370,231,6,100,False,0,car,0 days 00:50:08.025000,0 days 01:47:05.120000
2024-06-23 13:53:22.678,10761,235,6,100,False,0,car,0 days 00:50:08.265000,0 days 01:47:05.360000
2024-06-23 13:53:22.878,11020,238,6,100,False,0,car,0 days 00:50:08.465000,0 days 01:47:05.560000
2024-06-23 13:53:23.278,11331,247,6,100,False,0,car,0 days 00:50:08.865000,0 days 01:47:05.960000
2024-06-23 13:53:23.558,11441,250,6,100,False,0,car,0 days 00:50:09.145000,0 days 01:47:06.240000
2024-06-23 13:53:23.958,11492,251,6,100,False,0,car,0 days 00:50:09.545000,0 days 01:47:06.640000
2024-06-23 13:53:24.277,11063,229,6,0,True,0,car,0 days 00:50:09.864000,0 days 01:47:06.959000
2024-06-23 13:53:24.477,9663,208,6,0,True,0,car,0 days 00:50:10.064000,0 days 01:47:07.159000
2024-06-23 13:53:24.677,9932,189,6,0,True,0,car,0 days 00:50:10.264000,0 days 01:47:07.359000
2024-06-23 13:53:24.997,9398,164,5,0,True,0,car,0 days 00:50:10.584000,0 days 01:47:07.679000
2024-06-23 13:53:25.197,9769,155,4,0,True,0,car,0 days 00:50:10.784000,0 days 01:47:07.879000
2024-06-23 13:53:25.477,9125,146,4,0,True,0,car,0 days 00:50:11.064000,0 days 01:47:08.159000
2024-06-23 13:53:25.717,8912,144,4,0,False,0,car,0 days 00:50:11.304000,0 days 01:47:08.399000
2024-06-23 13:53:25.957,8650,140,4,0,False,0,car,0 days 00:50:11.544000,0 days 01:47:08.639000
2024-06-23 13:53:26.157,8526,137,4,0,False,0,car,0 days 00:50:11.744000,0 days 01:47:08.839000
2024-06-23 13:53:26.397,8483,134,4,3,False,0,car,0 days 00:50:11.984000,0 days 01:47:09.079000
2024-06-23 13:53:26.597,8405,132,4,31,False,0,car,0 days 00:50:12.184000,0 days 01:47:09.279000
2024-06-23 13:53:26.797,8438,132,4,36,False,0,car,0 days 00:50:12.384000,0 days 01:47:09.479000
2024-06-23 13:53:26.957,8662,135,4,52,False,0,car,0 days 00:50:12.544000,0 days 01:47:09.639000
2024-06-23 13:53:27.117,8694,135,4,53,False,0,car,0 days 00:50:12.704000,0 days 01:47:09.799000
2024-06-23 13:53:27.317,9162,140,4,61,False,0,car,0 days 00:50:12.904000,0 days 01:47:09.999000
2024-06-23 13:53:27.477,9423,145,4,78,False,0,car,0 days 00:50:13.064000,0 days 01:47:10.159000
2024-06-23 13:53:27.877,10651,162,4,95,False,0,car,0 days 00:50:13.464000,0 days 01:47:10.559000
2024-06-23 13:53:28.037,10988,168,4,95,False,0,car,0 days 00:50:13.624000,0 days 01:47:10.719000
2024-06-23 13:53:28.438,11381,181,4,100,False,0,car,0 days 00:50:14.025000,0 days 01:47:11.120000
2024-06-23 13:53:28.598,11713,185,4,100,False,0,car,0 days 00:50:14.185000,0 days 01:47:11.280000
2024-06-23 13:53:28.878,11056,195,4,100,False,0,car,0 days 00:50:14.465000,0 days 01:47:11.560000
2024-06-23 13:53:29.158,10964,203,5,100,False,0,car,0 days 00:50:14.745000,0 days 01:47:11.840000
2024-06-23 13:53:29.438,11247,209,5,100,False,0,car,0 days 00:50:15.025000,0 days 01:47:12.120000
2024-06-23 13:53:29.638,11487,215,5,100,False,0,car,0 days 00:50:15.225000,0 days 01:47:12.320000
2024-06-23 13:53:29.918,11858,223,5,100,False,0,car,0 days 00:50:15.505000,0 days 01:47:12.600000
2024-06-23 13:53:30.238,10802,229,5,100,False,0,car,0 days 00:50:15.825000,0 days 01:47:12.920000
2024-06-23 13:53:30.398,10733,231,6,100,False,0,car,0 days 00:50:15.985000,0 days 01:47:13.080000
2024-06-23 13:53:30.718,10928,239,6,100,False,0,car,0 days 00:50:16.305000,0 days 01:47:13.400000
2024-06-23 13:53:31.157,11092,244,6,80,False,0,car,0 days 00:50:16.744000,0 days 01:47:13.839000
2024-06-23 13:53:31.437,10880,240,6,0,False,0,car,0 days 00:50:17.024000,0 days 01:47:14.119000
2024-06-23 13:53:31.797,10615,230,6,0,False,0,car,0 days 00:50:17.384000,0 days 01:47:14.479000
2024-06-23 13:53:31.957,10445,225,6,21,False,0,car,0 days 00:50:17.544000,0 days 01:47:14.639000
2024-06-23 13:53:32.157,10347,224,6,55,False,0,car,0 days 00:50:17.744000,0 days 01:47:14.839000
2024-06-23 13:53:32.397,10196,221,6,59,False,0,car,0 days 00:50:17.984000,0 days 01:47:15.079000
2024-06-23 13:53:32.597,10161,221,6,65,False,0,car,0 days 00:50:18.184000,0 days 01:47:15.279000
2024-06-23 13:53:32.957,10394,223,6,100,False,0,car,0 days 00:50:18.544000,0 days 01:47:15.639000
2024-06-23 13:53:33.237,10554,227,6,100,False,0,car,0 days 00:50:18.824000,0 days 01:47:15.919000
2024-06-23 13:53:33.477,10755,232,6,100,False,0,car,0 days 00:50:19.064000,0 days 01:47:16.159000
2024-06-23 13:53:33.837,10931,236,6,100,False,0,car,0 days 00:50:19.424000,0 days 01:47:16.519000
2024-06-23 13:53:33.997,11071,239,6,100,False,0,car,0 days 00:50:19.584000,0 days 01:47:16.679000
2024-06-23 13:53:34.237,11165,244,6,100,False,0,car,0 days 00:50:19.824000,0 days 01:47:16.919000
2024-06-23 13:53:34.557,11423,249,6,100,False,0,car,0 days 00:50:20.144000,0 days 01:47:17.239000
2024-06-23 13:53:34.838,11532,253,6,100,False,0,car,0 days 00:50:20.425000,0 days 01:47:17.520000
2024-06-23 13:53:34.998,11674,255,6,100,False,0,car,0 days 00:50:20.585000,0 days 01:47:17.680000
2024-06-23 13:53:35.198,11783,258,6,100,False,0,car,0 days 00:50:20.785000,0 days 01:47:17.880000
2024-06-23 13:53:35.358,10943,261,6,100,False,0,car,0 days 00:50:20.945000,0 days 01:47:18.040000
2024-06-23 13:53:35.678,10546,265,7,100,False,0,car,0 days 00:50:21.265000,0 days 01:47:18.360000
2024-06-23 13:53:35.918,10769,267,7,100,False,0,car,0 days 00:50:21.505000,0 days 01:47:18.600000
2024-06-23 13:53:36.278,10893,272,7,100,False,0,car,0 days 00:50:21.865000,0 days 01:47:18.960000
2024-06-23 13:53:36.478,10986,274,7,100,False,0,car,0 days 00:50:22.065000,0 days 01:47:19.160000
2024-06-23 13:53:36.638,11025,275,7,100,False,0,car,0 days 00:50:22.225000,0 days 01:47:19.320000
2024-06-23 13:53:36.838,11112,278,7,100,False,0,car,0 days 00:50:22.425000,0 days 01:47:19.520000
2024-06-23 13:53:37.158,11261,281,7,100,False,0,car,0 days 00:50:22.745000,0 days 01:47:19.840000
2024-06-23 13:53:37.358,11318,282,7,100,False,0,car,0 days 00:50:22.945000,0 days 01:47:20.040000
2024-06-23 13:53:37.518,11350,282,7,100,False,0,car,0 days 00:50:23.105000,0 days 01:47:20.200000
2024-06-23 13:53:37.797,11464,285,7,100,False,0,car,0 days 00:50:23.384000,0 days 01:47:20.479000
2024-06-23 13:53:37.997,11516,287,7,100,False,0,car,0 days 00:50:23.584000,0 days 01:47:20.679000
2024-06-23 13:53:38.317,11599,289,7,100,False,0,car,0 days 00:50:23.904000,0 days 01:47:20.999000
2024-06-23 13:53:38.597,11524,289,7,100,False,0,car,0 days 00:50:24.184000,0 days 01:47:21.279000
2024-06-23 13:53:38.917,11813,283,7,0,True,0,car,0 days 00:50:24.504000,0 days 01:47:21.599000
2024-06-23 13:53:39.077,10973,270,7,0,True,0,car,0 days 00:50:24.664000,0 days 01:47:21.759000
2024-06-23 13:53:39.357,9930,245,7,0,True,0,car,0 days 00:50:24.944000,0 days 01:47:22.039000
2024-06-23 13:53:39.637,9391,219,7,0,True,0,car,0 days 00:50:25.224000,0 days 01:47:22.319000
2024-06-23 13:53:39.797,9522,187,7,0,True,0,car,0 days 00:50:25.384000,0 days 01:47:22.479000
2024-06-23 13:53:40.117,9635,172,5,0,True,0,car,0 days 00:50:25.704000,0 days 01:47:22.799000
2024-06-23 13:53:40.397,8957,146,4,0,True,0,car,0 days 00:50:25.984000,0 days 01:47:23.079000
2024-06-23 13:53:40.597,8461,138,4,0,True,0,car,0 days 00:50:26.184000,0 days 01:47:23.279000
2024-06-23 13:53:40.757,9299,132,4,0,True,0,car,0 days 00:50:26.344000,0 days 01:47:23.439000
2024-06-23 13:53:40.957,9161,127,3,0,True,0,car,0 days 00:50:26.544000,0 days 01:47:23.639000
2024-06-23 13:53:41.117,8927,122,3,0,True,0,car,0 days 00:50:26.704000,0 days 01:47:23.799000
2024-06-23 13:53:41.398,8469,116,3,0,True,0,car,0 days 00:50:26.985000,0 days 01:47:24.080000
2024-06-23 13:53:41.798,8041,109,3,0,True,0,car,0 days 00:50:27.385000,0 days 01:47:24.480000
2024-06-23 13:53:42.118,7716,105,3,0,True,0,car,0 days 00:50:27.705000,0 days 01:47:24.800000
2024-06-23 13:53:42.518,7443,101,3,0,False,0,car,0 days 00:50:28.105000,0 days 01:47:25.200000
2024-06-23 13:53:42.918,7203,97,3,3,False,0,car,0 days 00:50:28.505000,0 days 01:47:25.600000
2024-06-23 13:53:43.158,7521,99,3,35,False,0,car,0 days 00:50:28.745000,0 days 01:47:25.840000
2024-06-23 13:53:43.398,7739,101,3,40,False,0,car,0 days 00:50:28.985000,0 days 01:47:26.080000
2024-06-23 13:53:43.758,8160,107,3,50,False,0,car,0 days 00:50:29.345000,0 days 01:47:26.440000
2024-06-23 13:53:43.958,8342,111,3,53,False,0,car,0 days 00:50:29.545000,0 days 01:47:26.640000
2024-06-23 13:53:44.357,8753,122,3,61,False,0,car,0 days 00:50:29.944000,0 days 01:47:27.039000
2024-06-23 13:53:44.677,8343,129,4,62,False,0,car,0 days 00:50:30.264000,0 days 01:47:27.359000
2024-06-23 13:53:44.917,8668,136,4,71,False,0,car,0 days 00:50:30.504000,0 days 01:47:27.599000
2024-06-23 13:53:45.157,9240,146,4,81,False,0,car,0 days 00:50:30.744000,0 days 01:47:27.839000
2024-06-23 13:53:45.637,10454,166,4,89,False,0,car,0 days 00:50:31.224000,0 days 01:47:28.319000
2024-06-23 13:53:45.797,10916,169,4,100,False,0,car,0 days 00:50:31.384000,0 days 01:47:28.479000
2024-06-23 13:53:46.157,11724,184,4,100,False,0,car,0 days 00:50:31.744000,0 days 01:47:28.839000
2024-06-23 13:53:46.357,11762,191,4,100,False,0,car,0 days 00:50:31.944000,0 days 01:47:29.039000
2024-06-23 13:53:46.637,10402,195,5,100,False,0,car,0 days 00:50:32.224000,0 days 01:47:29.319000
2024-06-23 13:53:46.797,10004,196,5,0,True,0,car,0 days 00:50:32.384000,0 days 01:47:29.479000
2024-06-23 13:53:46.997,9881,185,5,0,True,0,car,0 days 00:50:32.584000,0 days 01:47:29.679000
2024-06-23 13:53:47.157,9003,172,5,0,True,0,car,0 days 00:50:32.744000,0 days 01:47:29.839000
2024-06-23 13:53:47.477,9667,157,5,0,True,0,car,0 days 00:50:33.064000,0 days 01:47:30.159000
2024-06-23 13:53:47.797,8887,145,4,0,True,0,car,0 days 00:50:33.384000,0 days 01:47:30.479000
2024-06-23 13:53:48.118,8270,137,4,0,True,0,car,0 days 00:50:33.705000,0 days 01:47:30.800000
2024-06-23 13:53:48.438,7875,125,4,0,True,0,car,0 days 00:50:34.025000,0 days 01:47:31.120000
2024-06-23 13:53:48.598,7551,123,4,0,True,0,car,0 days 00:50:34.185000,0 days 01:47:31.280000
2024-06-23 13:53:48.918,7335,118,4,0,True,0,car,0 days 00:50:34.505000,0 days 01:47:31.600000
2024-06-23 13:53:49.158,6870,113,4,0,True,0,car,0 days 00:50:34.745000,0 days 01:47:31.840000
2024-06-23 13:53:49.558,6685,106,4,0,True,0,car,0 days 00:50:35.145000,0 days 01:47:32.240000
2024-06-23 13:53:49.838,6613,104,4,0,False,0,car,0 days 00:50:35.425000,0 days 01:47:32.520000
2024-06-23 13:53:50.198,6698,103,4,30,False,0,car,0 days 00:50:35.785000,0 days 01:47:32.880000
2024-06-23 13:53:50.598,6986,107,4,36,False,0,car,0 days 00:50:36.185000,0 days 01:47:33.280000
2024-06-23 13:53:50.758,7048,109,4,40,False,0,car,0 days 00:50:36.345000,0 days 01:47:33.440000
2024-06-23 13:53:51.197,7708,117,4,53,False,0,car,0 days 00:50:36.784000,0 days 01:47:33.879000
2024-06-23 13:53:51.397,8045,122,4,56,False,0,car,0 days 00:50:36.984000,0 days 01:47:34.079000
2024-06-23 13:53:51.637,8268,129,4,59,False,0,car,0 days 00:50:37.224000,0 days 01:47:34.319000
2024-06-23 13:53:52.037,8992,141,4,70,False,0,car,0 days 00:50:37.624000,0 days 01:47:34.719000
2024-06-23 13:53:52.397,10022,151,4,81,False,0,car,0 days 00:50:37.984000,0 days 01:47:35.079000
2024-06-23 13:53:52.557,10292,159,4,84,False,0,car,0 days 00:50:38.144000,0 days 01:47:35.239000
2024-06-23 13:53:52.757,10685,165,4,85,False,0,car,0 days 00:50:38.344000,0 days 01:47:35.439000
2024-06-23 13:53:53.077,11352,178,4,100,False,0,car,0 days 00:50:38.664000,0 days 01:47:35.759000
2024-06-23 13:53:53.277,10092,186,4,100,False,0,car,0 days 00:50:38.864000,0 days 01:47:35.959000
2024-06-23 13:53:53.517,10140,193,5,100,False,0,car,0 days 00:50:39.104000,0 days 01:47:36.199000
2024-06-23 13:53:53.957,11040,209,5,100,False,0,car,0 days 00:50:39.544000,0 days 01:47:36.639000
2024-06-23 13:53:54.357,10821,220,5,100,False,0,car,0 days 00:50:39.944000,0 days 01:47:37.039000
2024-06-23 13:53:54.518,10118,223,5,100,False,0,car,0 days 00:50:40.105000,0 days 01:47:37.200000
2024-06-23 13:53:54.918,10749,232,6,93,False,0,car,0 days 00:50:40.505000,0 days 01:47:37.600000
2024-06-23 13:53:55.398,10876,236,6,83,False,0,car,0 days 00:50:40.985000,0 days 01:47:38.080000
2024-06-23 13:53:55.558,10704,237,6,68,False,0,car,0 days 00:50:41.145000,0 days 01:47:38.240000
2024-06-23 13:53:55.798,10930,238,6,89,False,0,car,0 days 00:50:41.385000,0 days 01:47:38.480000
2024-06-23 13:53:56.078,10947,240,6,91,False,0,car,0 days 00:50:41.665000,0 days 01:47:38.760000
2024-06-23 13:53:56.398,11281,244,6,100,False,0,car,0 days 00:50:41.985000,0 days 01:47:39.080000
2024-06-23 13:53:56.758,11438,249,6,100,False,0,car,0 days 00:50:42.345000,0 days 01:47:39.440000
2024-06-23 13:53:56.918,11569,249,6,100,False,0,car,0 days 00:50:42.505000,0 days 01:47:39.600000
2024-06-23 13:53:57.198,11758,255,6,100,False,0,car,0 days 00:50:42.785000,0 days 01:47:39.880000
2024-06-23 13:53:57.398,11766,258,6,100,False,0,car,0 days 00:50:42.985000,0 days 01:47:40.080000
2024-06-23 13:53:57.678,10650,261,7,100,False,0,car,0 days 00:50:43.265000,0 days 01:47:40.360000
2024-06-23 13:53:57.917,10307,262,7,100,False,0,car,0 days 00:50:43.504000,0 days 01:47:40.599000
2024-06-23 13:53:58.157,10341,260,7,62,False,0,car,0 days 00:50:43.744000,0 days 01:47:40.839000
2024-06-23 13:53:58.437,9830,245,7,0,True,0,car,0 days 00:50:44.024000,0 days 01:47:41.119000
2024-06-23 13:53:58.717,10125,242,7,0,False,0,car,0 days 00:50:44.304000,0 days 01:47:41.399000
2024-06-23 13:53:59.117,10670,234,6,67,False,0,car,0 days 00:50:44.704000,0 days 01:47:41.799000
2024-06-23 13:53:59.277,10675,232,6,71,False,0,car,0 days 00:50:44.864000,0 days 01:47:41.959000
2024-06-23 13:53:59.557,10646,231,6,70,False,0,car,0 days 00:50:45.144000,0 days 01:47:42.239000
2024-06-23 13:53:59.877,10666,232,6,83,False,0,car,0 days 00:50:45.464000,0 days 01:47:42.559000
2024-06-23 13:54:00.117,10783,235,6,89,False,0,car,0 days 00:50:45.704000,0 days 01:47:42.799000
2024-06-23 13:54:00.277,10989,236,6,96,False,0,car,0 days 00:50:45.864000,0 days 01:47:42.959000
2024-06-23 13:54:00.517,11098,238,6,100,False,0,car,0 days 00:50:46.104000,0 days 01:47:43.199000
2024-06-23 13:54:00.957,11313,245,6,100,False,0,car,0 days 00:50:46.544000,0 days 01:47:43.639000
2024-06-23 13:54:01.158,11375,248,6,100,False,0,car,0 days 00:50:46.745000,0 days 01:47:43.840000
2024-06-23 13:54:01.358,11497,251,6,100,False,0,car,0 days 00:50:46.945000,0 days 01:47:44.040000
2024-06-23 13:54:01.558,11616,253,6,100,False,0,car,0 days 00:50:47.145000,0 days 01:47:44.240000
2024-06-23 13:54:01.918,11225,258,6,100,False,0,car,0 days 00:50:47.505000,0 days 01:47:44.600000
2024-06-23 13:54:02.198,10371,262,7,100,False,0,car,0 days 00:50:47.785000,0 days 01:47:44.880000
2024-06-23 13:54:02.438,10647,265,7,100,False,0,car,0 days 00:50:48.025000,0 days 01:47:45.120000
2024-06-23 13:54:02.678,10793,268,7,100,False,0,car,0 days 00:50:48.265000,0 days 01:47:45.360000
2024-06-23 13:54:02.998,10868,271,7,100,False,0,car,0 days 00:50:48.585000,0 days 01:47:45.680000
2024-06-23 13:54:03.198,10961,274,7,100,False,0,car,0 days 00:50:48.785000,0 days 01:47:45.880000
2024-06-23 13:54:03.638,11126,278,7,100,False,0,car,0 days 00:50:49.225000,0 days 01:47:46.320000
2024-06-23 13:54:03.998,11278,281,7,100,False,0,car,0 days 00:50:49.585000,0 days 01:47:46.680000
2024-06-23 13:54:04.158,11292,283,7,100,False,0,car,0 days 00:50:49.745000,0 days 01:47:46.840000
2024-06-23 13:54:04.318,11355,285,7,100,False,0,car,0 days 00:50:49.905000,0 days 01:47:47
2024-06-23 13:54:04.517,11410,286,7,100,False,0,car,0 days 00:50:50.104000,0 days 01:47:47.199000
2024-06-23 13:54:04.837,11519,288,7,100,False,0,car,0 days 00:50:50.424000,0 days 01:47:47.519000
2024-06-23 13:54:05.237,11630,289,7,100,False,0,car,0 days 00:50:50.824000,0 days 01:47:47.919000
2024-06-23 13:54:05.477,11690,291,7,100,False,0,car,0 days 00:50:51.064000,0 days 01:47:48.159000
2024-06-23 13:54:05.877,10218,294,8,100,False,0,car,0 days 00:50:51.464000,0 days 01:47:48.559000
2024-06-23 13:54:06.037,10362,295,8,100,False,0,car,0 days 00:50:51.624000,0 days 01:47:48.719000
2024-06-23 13:54:06.517,10531,296,8,100,False,0,car,0 days 00:50:52.104000,0 days 01:47:49.199000
2024-06-23 13:54:06.717,10543,296,8,100,False,0,car,0 days 00:50:52.304000,0 days 01:47:49.399000
2024-06-23 13:54:06.917,10585,297,8,100,False,0,car,0 days 00:50:52.504000,0 days 01:47:49.599000
2024-06-23 13:54:07.077,10584,297,8,100,False,0,car,0 days 00:50:52.664000,0 days 01:47:49.759000
2024-06-23 13:54:07.557,10677,299,8,100,False,0,car,0 days 00:50:53.144000,0 days 01:47:50.239000
2024-06-23 13:54:07.838,10667,300,8,100,False,0,car,0 days 00:50:53.425000,0 days 01:47:50.520000
2024-06-23 13:54:08.158,10732,302,8,100,False,0,car,0 days 00:50:53.745000,0 days 01:47:50.840000
2024-06-23 13:54:08.478,10770,303,8,100,False,0,car,0 days 00:50:54.065000,0 days 01:47:51.160000
2024-06-23 13:54:08.678,10780,303,8,100,False,0,car,0 days 00:50:54.265000,0 days 01:47:51.360000
2024-06-23 13:54:08.958,10778,303,8,100,False,0,car,0 days 00:50:54.545000,0 days 01:47:51.640000
2024-06-23 13:54:09.118,10816,304,8,100,False,0,car,0 days 00:50:54.705000,0 days 01:47:51.800000
2024-06-23 13:54:09.398,10828,304,8,100,False,0,car,0 days 00:50:54.985000,0 days 01:47:52.080000
2024-06-23 13:54:09.718,10821,304,8,100,False,0,car,0 days 00:50:55.305000,0 days 01:47:52.400000
2024-06-23 13:54:09.878,10834,306,8,100,False,0,car,0 days 00:50:55.465000,0 days 01:47:52.560000
2024-06-23 13:54:10.158,10834,306,8,100,False,0,car,0 days 00:50:55.745000,0 days 01:47:52.840000
2024-06-23 13:54:10.438,10882,306,8,100,False,0,car,0 days 00:50:56.025000,0 days 01:47:53.120000
2024-06-23 13:54:10.678,10905,307,8,100,False,0,car,0 days 00:50:56.265000,0 days 01:47:53.360000
2024-06-23 13:54:11.038,10927,307,8,100,False,0,car,0 days 00:50:56.625000,0 days 01:47:53.720000
2024-06-23 13:54:11.198,10938,307,8,100,False,0,car,0 days 00:50:56.785000,0 days 01:47:53.880000
2024-06-23 13:54:11.437,10922,307,8,100,False,0,car,0 days 00:50:57.024000,0 days 01:47:54.119000
2024-06-23 13:54:11.597,10943,307,8,100,False,0,car,0 days 00:50:57.184000,0 days 01:47:54.279000
2024-06-23 13:54:11.797,10911,307,8,100,False,0,car,0 days 00:50:57.384000,0 days 01:47:54.479000
2024-06-23 13:54:11.957,10903,307,8,100,False,0,car,0 days 00:50:57.544000,0 days 01:47:54.639000
2024-06-23 13:54:12.157,10899,306,8,100,False,0,car,0 days 00:50:57.744000,0 days 01:47:54.839000
2024-06-23 13:54:12.317,10795,306,8,100,False,0,car,0 days 00:50:57.904000,0 days 01:47:54.999000
2024-06-23 13:54:12.517,10925,301,8,100,True,0,car,0 days 00:50:58.104000,0 days 01:47:55.199000
2024-06-23 13:54:12.757,10007,276,8,0,True,0,car,0 days 00:50:58.344000,0 days 01:47:55.439000
2024-06-23 13:54:12.997,8887,247,8,0,True,0,car,0 days 00:50:58.584000,0 days 01:47:55.679000
2024-06-23 13:54:13.477,9133,191,8,0,True,0,car,0 days 00:50:59.064000,0 days 01:47:56.159000
2024-06-23 13:54:13.837,9554,168,6,0,True,0,car,0 days 00:50:59.424000,0 days 01:47:56.519000
2024-06-23 13:54:14.117,9582,157,5,0,True,0,car,0 days 00:50:59.704000,0 days 01:47:56.799000
2024-06-23 13:54:14.438,9119,148,4,0,True,0,car,0 days 00:51:00.025000,0 days 01:47:57.120000
2024-06-23 13:54:14.718,8776,141,4,0,True,0,car,0 days 00:51:00.305000,0 days 01:47:57.400000
2024-06-23 13:54:14.878,8547,137,4,0,True,0,car,0 days 00:51:00.465000,0 days 01:47:57.560000
2024-06-23 13:54:15.038,8479,135,4,0,True,0,car,0 days 00:51:00.625000,0 days 01:47:57.720000
2024-06-23 13:54:15.278,8513,134,4,5,False,0,car,0 days 00:51:00.865000,0 days 01:47:57.960000
2024-06-23 13:54:15.438,8533,133,4,31,False,0,car,0 days 00:51:01.025000,0 days 01:47:58.120000
2024-06-23 13:54:15.678,8699,134,4,53,False,0,car,0 days 00:51:01.265000,0 days 01:47:58.360000
2024-06-23 13:54:15.958,8913,138,4,60,False,0,car,0 days 00:51:01.545000,0 days 01:47:58.640000
2024-06-23 13:54:16.158,9290,145,4,71,False,0,car,0 days 00:51:01.745000,0 days 01:47:58.840000
2024-06-23 13:54:16.358,9459,151,4,75,False,0,car,0 days 00:51:01.945000,0 days 01:47:59.040000
2024-06-23 13:54:16.598,9410,158,4,76,False,0,car,0 days 00:51:02.185000,0 days 01:47:59.280000
2024-06-23 13:54:16.998,8819,162,5,52,False,0,car,0 days 00:51:02.585000,0 days 01:47:59.680000
2024-06-23 13:54:17.238,8894,165,5,56,False,0,car,0 days 00:51:02.825000,0 days 01:47:59.920000
2024-06-23 13:54:17.558,8999,167,5,65,False,0,car,0 days 00:51:03.145000,0 days 01:48:00.240000
2024-06-23 13:54:17.798,9346,170,5,71,False,0,car,0 days 00:51:03.385000,0 days 01:48:00.480000
2024-06-23 13:54:18.197,9890,178,5,81,False,0,car,0 days 00:51:03.784000,0 days 01:48:00.879000
2024-06-23 13:54:18.477,9993,186,5,80,False,0,car,0 days 00:51:04.064000,0 days 01:48:01.159000
2024-06-23 13:54:19.437,11284,213,5,100,False,0,car,0 days 00:51:05.024000,0 days 01:48:02.119000
2024-06-23 13:54:19.637,10024,214,5,80,False,0,car,0 days 00:51:05.224000,0 days 01:48:02.319000
2024-06-23 13:54:19.797,10040,216,6,81,False,0,car,0 days 00:51:05.384000,0 days 01:48:02.479000
2024-06-23 13:54:20.077,9919,218,6,76,False,0,car,0 days 00:51:05.664000,0 days 01:48:02.759000
2024-06-23 13:54:20.317,9605,213,6,0,False,0,car,0 days 00:51:05.904000,0 days 01:48:02.999000
2024-06-23 13:54:20.677,9385,209,6,27,False,0,car,0 days 00:51:06.264000,0 days 01:48:03.359000
2024-06-23 13:54:21.078,9512,205,6,70,False,0,car,0 days 00:51:06.665000,0 days 01:48:03.760000
2024-06-23 13:54:21.278,9538,205,6,74,False,0,car,0 days 00:51:06.865000,0 days 01:48:03.960000
2024-06-23 13:54:21.598,9807,209,6,80,False,0,car,0 days 00:51:07.185000,0 days 01:48:04.280000
2024-06-23 13:54:21.838,9896,212,6,81,False,0,car,0 days 00:51:07.425000,0 days 01:48:04.520000
2024-06-23 13:54:21.998,10148,214,6,84,False,0,car,0 days 00:51:07.585000,0 days 01:48:04.680000
2024-06-23 13:54:22.238,10240,220,6,91,False,0,car,0 days 00:51:07.825000,0 days 01:48:04.920000
2024-06-23 13:54:22.518,10470,222,6,100,False,0,car,0 days 00:51:08.105000,0 days 01:48:05.200000
2024-06-23 13:54:22.758,10566,229,6,90,False,0,car,0 days 00:51:08.345000,0 days 01:48:05.440000
2024-06-23 13:54:23.078,10855,234,6,100,False,0,car,0 days 00:51:08.665000,0 days 01:48:05.760000
2024-06-23 13:54:23.278,11007,237,6,100,False,0,car,0 days 00:51:08.865000,0 days 01:48:05.960000
2024-06-23 13:54:23.478,11127,240,6,100,False,0,car,0 days 00:51:09.065000,0 days 01:48:06.160000
2024-06-23 13:54:23.638,11196,243,6,100,False,0,car,0 days 00:51:09.225000,0 days 01:48:06.320000
2024-06-23 13:54:23.878,11379,245,6,100,False,0,car,0 days 00:51:09.465000,0 days 01:48:06.560000
2024-06-23 13:54:24.118,11516,249,6,100,False,0,car,0 days 00:51:09.705000,0 days 01:48:06.800000
2024-06-23 13:54:24.318,11638,252,6,100,False,0,car,0 days 00:51:09.905000,0 days 01:48:07
2024-06-23 13:54:24.478,11692,256,6,100,False,0,car,0 days 00:51:10.065000,0 days 01:48:07.160000
2024-06-23 13:54:24.717,10572,258,6,100,False,0,car,0 days 00:51:10.304000,0 days 01:48:07.399000
2024-06-23 13:54:24.877,10548,259,7,100,False,0,car,0 days 00:51:10.464000,0 days 01:48:07.559000
2024-06-23 13:54:25.157,10578,263,7,100,False,0,car,0 days 00:51:10.744000,0 days 01:48:07.839000
2024-06-23 13:54:25.357,10699,265,7,100,False,0,car,0 days 00:51:10.944000,0 days 01:48:08.039000
2024-06-23 13:54:25.757,10795,270,7,100,False,0,car,0 days 00:51:11.344000,0 days 01:48:08.439000
2024-06-23 13:54:25.917,10859,271,7,100,False,0,car,0 days 00:51:11.504000,0 days 01:48:08.599000
2024-06-23 13:54:26.117,11011,274,7,100,False,0,car,0 days 00:51:11.704000,0 days 01:48:08.799000
2024-06-23 13:54:26.317,11088,275,7,100,False,0,car,0 days 00:51:11.904000,0 days 01:48:08.999000
2024-06-23 13:54:26.557,11141,279,7,100,False,0,car,0 days 00:51:12.144000,0 days 01:48:09.239000
2024-06-23 13:54:26.917,11278,282,7,100,False,0,car,0 days 00:51:12.504000,0 days 01:48:09.599000
2024-06-23 13:54:27.277,11303,283,7,100,False,0,car,0 days 00:51:12.864000,0 days 01:48:09.959000
2024-06-23 13:54:27.558,10740,270,7,0,True,0,car,0 days 00:51:13.145000,0 days 01:48:10.240000
2024-06-23 13:54:27.798,10033,258,7,0,True,0,car,0 days 00:51:13.385000,0 days 01:48:10.480000
2024-06-23 13:54:27.998,9315,233,7,0,True,0,car,0 days 00:51:13.585000,0 days 01:48:10.680000
2024-06-23 13:54:28.158,9488,202,7,0,True,0,car,0 days 00:51:13.745000,0 days 01:48:10.840000
2024-06-23 13:54:28.398,9738,196,6,0,True,0,car,0 days 00:51:13.985000,0 days 01:48:11.080000
2024-06-23 13:54:28.758,8993,170,5,0,True,0,car,0 days 00:51:14.345000,0 days 01:48:11.440000
2024-06-23 13:54:29.118,9853,161,4,0,True,0,car,0 days 00:51:14.705000,0 days 01:48:11.800000
2024-06-23 13:54:29.558,9100,150,4,0,True,0,car,0 days 00:51:15.145000,0 days 01:48:12.240000
2024-06-23 13:54:29.718,8918,146,4,0,True,0,car,0 days 00:51:15.305000,0 days 01:48:12.400000
2024-06-23 13:54:30.198,8260,135,4,0,True,0,car,0 days 00:51:15.785000,0 days 01:48:12.880000
2024-06-23 13:54:30.518,8026,128,4,0,False,0,car,0 days 00:51:16.105000,0 days 01:48:13.200000
2024-06-23 13:54:30.798,7864,125,4,13,False,0,car,0 days 00:51:16.385000,0 days 01:48:13.480000
2024-06-23 13:54:31.198,8291,127,4,49,False,0,car,0 days 00:51:16.785000,0 days 01:48:13.880000
2024-06-23 13:54:31.398,8389,130,4,51,False,0,car,0 days 00:51:16.985000,0 days 01:48:14.080000
2024-06-23 13:54:31.597,8535,133,4,51,False,0,car,0 days 00:51:17.184000,0 days 01:48:14.279000
2024-06-23 13:54:31.877,8966,137,4,63,False,0,car,0 days 00:51:17.464000,0 days 01:48:14.559000
2024-06-23 13:54:32.037,9107,141,4,65,False,0,car,0 days 00:51:17.624000,0 days 01:48:14.719000
2024-06-23 13:54:32.397,9893,149,4,78,False,0,car,0 days 00:51:17.984000,0 days 01:48:15.079000
2024-06-23 13:54:32.597,10296,156,4,81,False,0,car,0 days 00:51:18.184000,0 days 01:48:15.279000
2024-06-23 13:54:33.037,11342,178,4,96,False,0,car,0 days 00:51:18.624000,0 days 01:48:15.719000
2024-06-23 13:54:33.317,11610,182,4,100,False,0,car,0 days 00:51:18.904000,0 days 01:48:15.999000
2024-06-23 13:54:33.757,10724,196,5,100,False,0,car,0 days 00:51:19.344000,0 days 01:48:16.439000
2024-06-23 13:54:34.118,11206,207,5,100,False,0,car,0 days 00:51:19.705000,0 days 01:48:16.800000
2024-06-23 13:54:34.318,11504,211,5,100,False,0,car,0 days 00:51:19.905000,0 days 01:48:17
2024-06-23 13:54:34.598,11807,219,5,100,False,0,car,0 days 00:51:20.185000,0 days 01:48:17.280000
2024-06-23 13:54:34.958,10706,228,6,100,False,0,car,0 days 00:51:20.545000,0 days 01:48:17.640000
2024-06-23 13:54:35.158,10693,236,6,100,False,0,car,0 days 00:51:20.745000,0 days 01:48:17.840000
2024-06-23 13:54:35.398,10897,236,6,100,False,0,car,0 days 00:51:20.985000,0 days 01:48:18.080000
2024-06-23 13:54:35.558,10848,238,6,100,False,0,car,0 days 00:51:21.145000,0 days 01:48:18.240000
2024-06-23 13:54:35.798,11002,240,6,100,False,0,car,0 days 00:51:21.385000,0 days 01:48:18.480000
2024-06-23 13:54:36.038,10641,241,6,78,True,0,car,0 days 00:51:21.625000,0 days 01:48:18.720000
2024-06-23 13:54:36.198,9796,214,6,0,True,0,car,0 days 00:51:21.785000,0 days 01:48:18.880000
2024-06-23 13:54:36.358,9109,202,6,0,True,0,car,0 days 00:51:21.945000,0 days 01:48:19.040000
2024-06-23 13:54:36.558,9978,202,6,0,True,0,car,0 days 00:51:22.145000,0 days 01:48:19.240000
2024-06-23 13:54:36.878,8246,157,5,0,True,0,car,0 days 00:51:22.465000,0 days 01:48:19.560000
2024-06-23 13:54:37.078,8782,147,4,0,True,0,car,0 days 00:51:22.665000,0 days 01:48:19.760000
2024-06-23 13:54:37.478,9392,131,3,0,True,0,car,0 days 00:51:23.065000,0 days 01:48:20.160000
2024-06-23 13:54:37.638,8908,125,3,0,True,0,car,0 days 00:51:23.225000,0 days 01:48:20.320000
2024-06-23 13:54:37.878,8403,122,3,0,True,0,car,0 days 00:51:23.465000,0 days 01:48:20.560000
2024-06-23 13:54:38.038,8146,113,3,0,True,0,car,0 days 00:51:23.625000,0 days 01:48:20.720000
2024-06-23 13:54:38.237,7882,109,3,0,True,0,car,0 days 00:51:23.824000,0 days 01:48:20.919000
2024-06-23 13:54:38.437,7584,106,3,0,True,0,car,0 days 00:51:24.024000,0 days 01:48:21.119000
2024-06-23 13:54:38.797,7317,101,3,0,False,0,car,0 days 00:51:24.384000,0 days 01:48:21.479000
2024-06-23 13:54:39.077,7147,97,3,0,False,0,car,0 days 00:51:24.664000,0 days 01:48:21.759000
2024-06-23 13:54:39.277,7056,95,3,0,False,0,car,0 days 00:51:24.864000,0 days 01:48:21.959000
2024-06-23 13:54:39.677,6985,93,3,18,False,0,car,0 days 00:51:25.264000,0 days 01:48:22.359000
2024-06-23 13:54:39.877,7125,95,3,24,False,0,car,0 days 00:51:25.464000,0 days 01:48:22.559000
2024-06-23 13:54:40.077,7467,96,3,35,False,0,car,0 days 00:51:25.664000,0 days 01:48:22.759000
2024-06-23 13:54:40.357,7869,102,3,48,False,0,car,0 days 00:51:25.944000,0 days 01:48:23.039000
2024-06-23 13:54:40.518,8354,107,3,55,False,0,car,0 days 00:51:26.105000,0 days 01:48:23.200000
2024-06-23 13:54:40.758,8628,114,3,61,False,0,car,0 days 00:51:26.345000,0 days 01:48:23.440000
2024-06-23 13:54:40.958,9328,121,3,73,False,0,car,0 days 00:51:26.545000,0 days 01:48:23.640000
2024-06-23 13:54:41.118,10330,126,3,76,False,0,car,0 days 00:51:26.705000,0 days 01:48:23.800000
2024-06-23 13:54:41.358,9366,139,3,85,False,0,car,0 days 00:51:26.945000,0 days 01:48:24.040000
2024-06-23 13:54:41.678,10139,153,4,100,False,0,car,0 days 00:51:27.265000,0 days 01:48:24.360000
2024-06-23 13:54:41.838,10478,163,4,100,False,0,car,0 days 00:51:27.425000,0 days 01:48:24.520000
2024-06-23 13:54:42.198,11558,175,4,100,False,0,car,0 days 00:51:27.785000,0 days 01:48:24.880000
2024-06-23 13:54:42.518,10706,188,4,100,False,0,car,0 days 00:51:28.105000,0 days 01:48:25.200000
2024-06-23 13:54:42.838,10880,202,5,100,False,0,car,0 days 00:51:28.425000,0 days 01:48:25.520000
2024-06-23 13:54:43.158,11291,212,5,100,False,0,car,0 days 00:51:28.745000,0 days 01:48:25.840000
2024-06-23 13:54:43.518,11842,222,5,100,False,0,car,0 days 00:51:29.105000,0 days 01:48:26.200000
2024-06-23 13:54:43.678,11828,225,5,100,False,0,car,0 days 00:51:29.265000,0 days 01:48:26.360000
2024-06-23 13:54:44.038,10651,234,6,100,False,0,car,0 days 00:51:29.625000,0 days 01:48:26.720000
2024-06-23 13:54:44.238,10960,238,6,100,False,0,car,0 days 00:51:29.825000,0 days 01:48:26.920000
2024-06-23 13:54:44.478,11186,241,6,100,False,0,car,0 days 00:51:30.065000,0 days 01:48:27.160000
2024-06-23 13:54:44.758,11334,247,6,100,False,0,car,0 days 00:51:30.345000,0 days 01:48:27.440000
2024-06-23 13:54:44.997,11376,250,6,100,False,0,car,0 days 00:51:30.584000,0 days 01:48:27.679000
2024-06-23 13:54:45.197,11463,251,6,100,False,0,car,0 days 00:51:30.784000,0 days 01:48:27.879000
2024-06-23 13:54:45.397,11791,252,6,100,True,0,car,0 days 00:51:30.984000,0 days 01:48:28.079000
2024-06-23 13:54:45.597,11281,243,6,0,True,0,car,0 days 00:51:31.184000,0 days 01:48:28.279000
2024-06-23 13:54:45.837,11281,215,6,0,True,0,car,0 days 00:51:31.424000,0 days 01:48:28.519000
2024-06-23 13:54:45.997,10301,205,6,0,True,0,car,0 days 00:51:31.584000,0 days 01:48:28.679000
2024-06-23 13:54:46.237,9319,187,6,0,True,0,car,0 days 00:51:31.824000,0 days 01:48:28.919000
2024-06-23 13:54:46.517,9739,167,5,0,True,0,car,0 days 00:51:32.104000,0 days 01:48:29.199000
2024-06-23 13:54:46.677,9630,158,4,0,True,0,car,0 days 00:51:32.264000,0 days 01:48:29.359000
2024-06-23 13:54:46.837,9337,152,4,0,True,0,car,0 days 00:51:32.424000,0 days 01:48:29.519000
2024-06-23 13:54:46.997,9258,149,4,0,True,0,car,0 days 00:51:32.584000,0 days 01:48:29.679000
2024-06-23 13:54:47.238,8713,141,4,0,True,0,car,0 days 00:51:32.825000,0 days 01:48:29.920000
2024-06-23 13:54:47.478,8539,137,4,0,False,0,car,0 days 00:51:33.065000,0 days 01:48:30.160000
2024-06-23 13:54:47.678,8397,135,4,0,False,0,car,0 days 00:51:33.265000,0 days 01:48:30.360000
2024-06-23 13:54:47.998,8226,132,4,11,False,0,car,0 days 00:51:33.585000,0 days 01:48:30.680000
2024-06-23 13:54:48.358,8324,131,4,38,False,0,car,0 days 00:51:33.945000,0 days 01:48:31.040000
2024-06-23 13:54:48.518,8608,132,4,52,False,0,car,0 days 00:51:34.105000,0 days 01:48:31.200000
2024-06-23 13:54:48.758,9099,138,4,71,False,0,car,0 days 00:51:34.345000,0 days 01:48:31.440000
2024-06-23 13:54:48.958,9360,141,4,77,False,0,car,0 days 00:51:34.545000,0 days 01:48:31.640000
2024-06-23 13:54:49.198,10183,147,4,91,False,0,car,0 days 00:51:34.785000,0 days 01:48:31.880000
2024-06-23 13:54:49.358,10406,161,4,88,False,0,car,0 days 00:51:34.945000,0 days 01:48:32.040000
2024-06-23 13:54:49.838,11416,173,4,90,False,0,car,0 days 00:51:35.425000,0 days 01:48:32.520000
2024-06-23 13:54:50.238,10519,187,4,100,False,0,car,0 days 00:51:35.825000,0 days 01:48:32.920000
2024-06-23 13:54:50.438,10669,194,5,100,False,0,car,0 days 00:51:36.025000,0 days 01:48:33.120000
2024-06-23 13:54:50.598,10947,200,5,100,False,0,car,0 days 00:51:36.185000,0 days 01:48:33.280000
2024-06-23 13:54:50.838,11165,208,5,100,False,0,car,0 days 00:51:36.425000,0 days 01:48:33.520000
2024-06-23 13:54:51.118,11539,213,5,100,False,0,car,0 days 00:51:36.705000,0 days 01:48:33.800000
2024-06-23 13:54:51.438,11924,221,5,100,False,0,car,0 days 00:51:37.025000,0 days 01:48:34.120000
2024-06-23 13:54:51.917,10804,234,6,100,False,0,car,0 days 00:51:37.504000,0 days 01:48:34.599000
2024-06-23 13:54:52.117,10898,237,6,100,False,0,car,0 days 00:51:37.704000,0 days 01:48:34.799000
2024-06-23 13:54:52.437,10998,239,6,100,False,0,car,0 days 00:51:38.024000,0 days 01:48:35.119000
2024-06-23 13:54:52.837,10905,239,6,0,False,0,car,0 days 00:51:38.424000,0 days 01:48:35.519000
2024-06-23 13:54:53.117,10500,232,6,0,False,0,car,0 days 00:51:38.704000,0 days 01:48:35.799000
2024-06-23 13:54:53.437,10235,226,6,49,False,0,car,0 days 00:51:39.024000,0 days 01:48:36.119000
2024-06-23 13:54:53.597,10411,225,6,67,False,0,car,0 days 00:51:39.184000,0 days 01:48:36.279000
2024-06-23 13:54:53.838,10376,226,6,70,False,0,car,0 days 00:51:39.425000,0 days 01:48:36.520000
2024-06-23 13:54:54.078,10368,224,6,70,False,0,car,0 days 00:51:39.665000,0 days 01:48:36.760000
2024-06-23 13:54:54.278,10438,224,6,79,False,0,car,0 days 00:51:39.865000,0 days 01:48:36.960000
2024-06-23 13:54:54.438,10530,225,6,79,False,0,car,0 days 00:51:40.025000,0 days 01:48:37.120000
2024-06-23 13:54:54.678,10620,228,6,100,False,0,car,0 days 00:51:40.265000,0 days 01:48:37.360000
2024-06-23 13:54:54.838,10775,231,6,100,False,0,car,0 days 00:51:40.425000,0 days 01:48:37.520000
2024-06-23 13:54:55.198,11047,235,6,100,False,0,car,0 days 00:51:40.785000,0 days 01:48:37.880000
2024-06-23 13:54:55.398,11130,239,6,100,False,0,car,0 days 00:51:40.985000,0 days 01:48:38.080000
2024-06-23 13:54:55.758,11310,247,6,100,False,0,car,0 days 00:51:41.345000,0 days 01:48:38.440000
2024-06-23 13:54:55.958,11408,250,6,100,False,0,car,0 days 00:51:41.545000,0 days 01:48:38.640000
2024-06-23 13:54:56.438,11704,256,6,100,False,0,car,0 days 00:51:42.025000,0 days 01:48:39.120000
2024-06-23 13:54:56.798,10736,261,7,100,False,0,car,0 days 00:51:42.385000,0 days 01:48:39.480000
2024-06-23 13:54:56.998,10603,263,7,100,False,0,car,0 days 00:51:42.585000,0 days 01:48:39.680000
2024-06-23 13:54:57.238,10688,267,7,100,False,0,car,0 days 00:51:42.825000,0 days 01:48:39.920000
2024-06-23 13:54:57.518,10843,269,7,100,False,0,car,0 days 00:51:43.105000,0 days 01:48:40.200000
2024-06-23 13:54:57.878,11004,274,7,100,False,0,car,0 days 00:51:43.465000,0 days 01:48:40.560000
2024-06-23 13:54:58.118,11080,276,7,100,False,0,car,0 days 00:51:43.705000,0 days 01:48:40.800000
2024-06-23 13:54:58.397,11189,278,7,100,False,0,car,0 days 00:51:43.984000,0 days 01:48:41.079000
2024-06-23 13:54:58.597,11237,280,7,100,False,0,car,0 days 00:51:44.184000,0 days 01:48:41.279000
2024-06-23 13:54:58.757,11278,281,7,100,False,0,car,0 days 00:51:44.344000,0 days 01:48:41.439000
2024-06-23 13:54:59.037,11349,284,7,100,False,0,car,0 days 00:51:44.624000,0 days 01:48:41.719000
2024-06-23 13:54:59.317,11445,285,7,100,False,0,car,0 days 00:51:44.904000,0 days 01:48:41.999000
2024-06-23 13:54:59.637,11528,288,7,100,False,0,car,0 days 00:51:45.224000,0 days 01:48:42.319000
2024-06-23 13:54:59.797,11543,288,7,100,False,0,car,0 days 00:51:45.384000,0 days 01:48:42.479000
2024-06-23 13:54:59.997,11522,288,7,100,False,0,car,0 days 00:51:45.584000,0 days 01:48:42.679000
2024-06-23 13:55:00.197,11123,285,7,0,False,0,car,0 days 00:51:45.784000,0 days 01:48:42.879000
2024-06-23 13:55:00.558,10745,266,7,0,True,0,car,0 days 00:51:46.145000,0 days 01:48:43.240000
2024-06-23 13:55:00.878,9472,228,7,0,True,0,car,0 days 00:51:46.465000,0 days 01:48:43.560000
2024-06-23 13:55:01.158,9039,193,7,0,True,0,car,0 days 00:51:46.745000,0 days 01:48:43.840000
2024-06-23 13:55:01.558,9717,161,5,0,True,0,car,0 days 00:51:47.145000,0 days 01:48:44.240000
2024-06-23 13:55:01.758,9135,145,4,0,True,0,car,0 days 00:51:47.345000,0 days 01:48:44.440000
2024-06-23 13:55:01.958,8891,141,4,0,True,0,car,0 days 00:51:47.545000,0 days 01:48:44.640000
2024-06-23 13:55:02.238,9195,130,4,0,True,0,car,0 days 00:51:47.825000,0 days 01:48:44.920000
2024-06-23 13:55:02.598,8709,121,3,0,True,0,car,0 days 00:51:48.185000,0 days 01:48:45.280000
2024-06-23 13:55:02.918,8325,115,3,0,True,0,car,0 days 00:51:48.505000,0 days 01:48:45.600000
2024-06-23 13:55:03.078,8199,112,3,0,False,0,car,0 days 00:51:48.665000,0 days 01:48:45.760000
2024-06-23 13:55:03.278,8102,110,3,0,False,0,car,0 days 00:51:48.865000,0 days 01:48:45.960000
2024-06-23 13:55:03.558,7865,107,3,0,False,0,car,0 days 00:51:49.145000,0 days 01:48:46.240000
2024-06-23 13:55:03.798,7607,105,3,0,True,0,car,0 days 00:51:49.385000,0 days 01:48:46.480000
2024-06-23 13:55:04.038,7535,103,3,0,False,0,car,0 days 00:51:49.625000,0 days 01:48:46.720000
2024-06-23 13:55:04.278,7707,100,3,11,False,0,car,0 days 00:51:49.865000,0 days 01:48:46.960000
2024-06-23 13:55:04.638,7762,100,3,36,False,0,car,0 days 00:51:50.225000,0 days 01:48:47.320000
2024-06-23 13:55:04.798,7909,101,3,40,False,0,car,0 days 00:51:50.385000,0 days 01:48:47.480000
2024-06-23 13:55:05.237,8171,110,3,47,False,0,car,0 days 00:51:50.824000,0 days 01:48:47.919000
2024-06-23 13:55:05.597,9232,117,3,59,False,0,car,0 days 00:51:51.184000,0 days 01:48:48.279000
2024-06-23 13:55:05.797,9701,123,3,63,False,0,car,0 days 00:51:51.384000,0 days 01:48:48.479000
2024-06-23 13:55:06.037,8597,131,3,67,False,0,car,0 days 00:51:51.624000,0 days 01:48:48.719000
2024-06-23 13:55:06.197,8822,134,4,69,False,0,car,0 days 00:51:51.784000,0 days 01:48:48.879000
2024-06-23 13:55:06.477,9573,144,4,80,False,0,car,0 days 00:51:52.064000,0 days 01:48:49.159000
2024-06-23 13:55:06.637,9908,147,4,86,False,0,car,0 days 00:51:52.224000,0 days 01:48:49.319000
2024-06-23 13:55:06.958,10806,163,4,100,False,0,car,0 days 00:51:52.545000,0 days 01:48:49.640000
2024-06-23 13:55:07.318,11402,175,4,100,False,0,car,0 days 00:51:52.905000,0 days 01:48:50
2024-06-23 13:55:07.678,10895,188,4,100,False,0,car,0 days 00:51:53.265000,0 days 01:48:50.360000
2024-06-23 13:55:08.118,10289,199,5,100,True,0,car,0 days 00:51:53.705000,0 days 01:48:50.800000
2024-06-23 13:55:08.398,9609,187,5,0,True,0,car,0 days 00:51:53.985000,0 days 01:48:51.080000
2024-06-23 13:55:08.678,9977,168,5,0,True,0,car,0 days 00:51:54.265000,0 days 01:48:51.360000
2024-06-23 13:55:08.878,9586,160,4,0,True,0,car,0 days 00:51:54.465000,0 days 01:48:51.560000
2024-06-23 13:55:09.118,9068,155,4,0,True,0,car,0 days 00:51:54.705000,0 days 01:48:51.800000
2024-06-23 13:55:09.478,8252,138,4,0,True,0,car,0 days 00:51:55.065000,0 days 01:48:52.160000
2024-06-23 13:55:09.718,7898,132,4,0,True,0,car,0 days 00:51:55.305000,0 days 01:48:52.400000
2024-06-23 13:55:10.158,7410,120,4,0,True,0,car,0 days 00:51:55.745000,0 days 01:48:52.840000
2024-06-23 13:55:10.318,7322,119,4,0,False,0,car,0 days 00:51:55.905000,0 days 01:48:53
2024-06-23 13:55:10.758,7073,112,4,0,True,0,car,0 days 00:51:56.345000,0 days 01:48:53.440000
2024-06-23 13:55:10.958,6738,109,4,0,True,0,car,0 days 00:51:56.545000,0 days 01:48:53.640000
2024-06-23 13:55:11.198,6782,106,4,0,False,0,car,0 days 00:51:56.785000,0 days 01:48:53.880000
2024-06-23 13:55:11.638,6797,107,4,34,False,0,car,0 days 00:51:57.225000,0 days 01:48:54.320000
2024-06-23 13:55:11.838,7018,109,4,41,False,0,car,0 days 00:51:57.425000,0 days 01:48:54.520000
2024-06-23 13:55:12.157,7331,113,4,44,False,0,car,0 days 00:51:57.744000,0 days 01:48:54.839000
2024-06-23 13:55:12.397,7729,117,4,51,False,0,car,0 days 00:51:57.984000,0 days 01:48:55.079000
2024-06-23 13:55:12.557,7934,117,4,57,False,0,car,0 days 00:51:58.144000,0 days 01:48:55.239000
2024-06-23 13:55:12.917,8517,128,4,60,False,0,car,0 days 00:51:58.504000,0 days 01:48:55.599000
2024-06-23 13:55:13.317,9205,138,4,68,False,0,car,0 days 00:51:58.904000,0 days 01:48:55.999000
2024-06-23 13:55:13.518,9862,144,4,78,False,0,car,0 days 00:51:59.105000,0 days 01:48:56.200000
2024-06-23 13:55:13.678,10439,151,4,83,False,0,car,0 days 00:51:59.265000,0 days 01:48:56.360000
2024-06-23 13:55:13.998,10973,161,4,89,False,0,car,0 days 00:51:59.585000,0 days 01:48:56.680000
2024-06-23 13:55:14.318,11454,170,4,100,False,0,car,0 days 00:51:59.905000,0 days 01:48:57
2024-06-23 13:55:14.478,10614,182,4,100,False,0,car,0 days 00:52:00.065000,0 days 01:48:57.160000
2024-06-23 13:55:14.998,10962,201,5,100,False,0,car,0 days 00:52:00.585000,0 days 01:48:57.680000
2024-06-23 13:55:15.238,11361,206,5,100,False,0,car,0 days 00:52:00.825000,0 days 01:48:57.920000
2024-06-23 13:55:15.438,11433,216,5,100,False,0,car,0 days 00:52:01.025000,0 days 01:48:58.120000
2024-06-23 13:55:15.758,10199,222,6,100,False,0,car,0 days 00:52:01.345000,0 days 01:48:58.440000
2024-06-23 13:55:16.078,10735,230,6,100,False,0,car,0 days 00:52:01.665000,0 days 01:48:58.760000
2024-06-23 13:55:16.318,10726,233,6,87,False,0,car,0 days 00:52:01.905000,0 days 01:48:59
2024-06-23 13:55:16.558,10935,237,6,75,False,0,car,0 days 00:52:02.145000,0 days 01:48:59.240000
2024-06-23 13:55:16.718,10907,237,6,75,False,0,car,0 days 00:52:02.305000,0 days 01:48:59.400000
2024-06-23 13:55:16.918,11052,237,6,88,False,0,car,0 days 00:52:02.505000,0 days 01:48:59.600000
2024-06-23 13:55:17.238,11076,239,6,87,False,0,car,0 days 00:52:02.825000,0 days 01:48:59.920000
2024-06-23 13:55:17.398,11298,242,6,88,False,0,car,0 days 00:52:02.985000,0 days 01:49:00.080000
2024-06-23 13:55:17.678,11370,245,6,100,False,0,car,0 days 00:52:03.265000,0 days 01:49:00.360000
2024-06-23 13:55:17.838,11451,248,6,100,False,0,car,0 days 00:52:03.425000,0 days 01:49:00.520000
2024-06-23 13:55:18.078,11544,250,6,100,False,0,car,0 days 00:52:03.665000,0 days 01:49:00.760000
2024-06-23 13:55:18.358,11679,254,6,100,False,0,car,0 days 00:52:03.945000,0 days 01:49:01.040000
2024-06-23 13:55:18.558,11030,258,6,100,False,0,car,0 days 00:52:04.145000,0 days 01:49:01.240000
2024-06-23 13:55:18.917,10525,261,7,100,False,0,car,0 days 00:52:04.504000,0 days 01:49:01.599000
2024-06-23 13:55:19.117,10438,262,7,100,False,0,car,0 days 00:52:04.704000,0 days 01:49:01.799000
2024-06-23 13:55:19.317,10521,262,7,100,False,0,car,0 days 00:52:04.904000,0 days 01:49:01.999000
2024-06-23 13:55:19.677,10362,252,7,0,True,0,car,0 days 00:52:05.264000,0 days 01:49:02.359000
2024-06-23 13:55:20.118,10807,238,6,0,False,0,car,0 days 00:52:05.705000,0 days 01:49:02.800000
2024-06-23 13:55:20.838,10559,228,6,69,False,0,car,0 days 00:52:06.425000,0 days 01:49:03.520000
2024-06-23 13:55:21.158,10623,228,6,82,False,0,car,0 days 00:52:06.745000,0 days 01:49:03.840000
2024-06-23 13:55:21.558,10867,231,6,100,False,0,car,0 days 00:52:07.145000,0 days 01:49:04.240000
2024-06-23 13:55:21.918,11094,239,6,100,False,0,car,0 days 00:52:07.505000,0 days 01:49:04.600000
2024-06-23 13:55:22.078,11144,240,6,100,False,0,car,0 days 00:52:07.665000,0 days 01:49:04.760000
2024-06-23 13:55:22.318,11315,244,6,100,False,0,car,0 days 00:52:07.905000,0 days 01:49:05
2024-06-23 13:55:22.478,11415,247,6,100,False,0,car,0 days 00:52:08.065000,0 days 01:49:05.160000
2024-06-23 13:55:22.758,11591,253,6,100,False,0,car,0 days 00:52:08.345000,0 days 01:49:05.440000
2024-06-23 13:55:23.038,11768,256,6,100,False,0,car,0 days 00:52:08.625000,0 days 01:49:05.720000
2024-06-23 13:55:23.238,11270,259,6,100,False,0,car,0 days 00:52:08.825000,0 days 01:49:05.920000
2024-06-23 13:55:23.558,10407,264,7,100,False,0,car,0 days 00:52:09.145000,0 days 01:49:06.240000
2024-06-23 13:55:23.758,10727,266,7,100,False,0,car,0 days 00:52:09.345000,0 days 01:49:06.440000
2024-06-23 13:55:24.078,10817,269,7,100,False,0,car,0 days 00:52:09.665000,0 days 01:49:06.760000
2024-06-23 13:55:24.278,10919,271,7,100,False,0,car,0 days 00:52:09.865000,0 days 01:49:06.960000
2024-06-23 13:55:24.558,10919,275,7,100,False,0,car,0 days 00:52:10.145000,0 days 01:49:07.240000
2024-06-23 13:55:24.718,11058,275,7,100,False,0,car,0 days 00:52:10.305000,0 days 01:49:07.400000
2024-06-23 13:55:24.918,11142,277,7,100,False,0,car,0 days 00:52:10.505000,0 days 01:49:07.600000
2024-06-23 13:55:25.238,11220,281,7,100,False,0,car,0 days 00:52:10.825000,0 days 01:49:07.920000
2024-06-23 13:55:25.477,11332,282,7,100,False,0,car,0 days 00:52:11.064000,0 days 01:49:08.159000
2024-06-23 13:55:25.717,11388,284,7,100,False,0,car,0 days 00:52:11.304000,0 days 01:49:08.399000
2024-06-23 13:55:26.037,11443,287,7,100,False,0,car,0 days 00:52:11.624000,0 days 01:49:08.719000
2024-06-23 13:55:26.317,11539,288,7,100,False,0,car,0 days 00:52:11.904000,0 days 01:49:08.999000
2024-06-23 13:55:26.517,11571,289,7,100,False,0,car,0 days 00:52:12.104000,0 days 01:49:09.199000
2024-06-23 13:55:26.678,11571,290,7,100,False,0,car,0 days 00:52:12.265000,0 days 01:49:09.360000
2024-06-23 13:55:26.958,11660,293,7,100,False,0,car,0 days 00:52:12.545000,0 days 01:49:09.640000
2024-06-23 13:55:27.118,11718,293,7,100,False,0,car,0 days 00:52:12.705000,0 days 01:49:09.800000
2024-06-23 13:55:27.318,11298,293,7,100,False,0,car,0 days 00:52:12.905000,0 days 01:49:10
2024-06-23 13:55:27.718,10490,295,8,100,False,0,car,0 days 00:52:13.305000,0 days 01:49:10.400000
2024-06-23 13:55:28.038,10576,296,8,100,False,0,car,0 days 00:52:13.625000,0 days 01:49:10.720000
2024-06-23 13:55:28.358,10592,297,8,100,False,0,car,0 days 00:52:13.945000,0 days 01:49:11.040000
2024-06-23 13:55:28.638,10635,298,8,100,False,0,car,0 days 00:52:14.225000,0 days 01:49:11.320000
2024-06-23 13:55:28.958,10659,299,8,100,False,0,car,0 days 00:52:14.545000,0 days 01:49:11.640000
2024-06-23 13:55:29.118,10658,299,8,100,False,0,car,0 days 00:52:14.705000,0 days 01:49:11.800000
2024-06-23 13:55:29.358,10678,300,8,100,False,0,car,0 days 00:52:14.945000,0 days 01:49:12.040000
2024-06-23 13:55:29.518,10717,300,8,100,False,0,car,0 days 00:52:15.105000,0 days 01:49:12.200000
2024-06-23 13:55:29.678,10738,301,8,100,False,0,car,0 days 00:52:15.265000,0 days 01:49:12.360000
2024-06-23 13:55:29.878,10757,302,8,100,False,0,car,0 days 00:52:15.465000,0 days 01:49:12.560000
2024-06-23 13:55:30.278,10794,303,8,100,False,0,car,0 days 00:52:15.865000,0 days 01:49:12.960000
2024-06-23 13:55:30.438,10776,303,8,100,False,0,car,0 days 00:52:16.025000,0 days 01:49:13.120000
2024-06-23 13:55:30.638,10795,304,8,100,False,0,car,0 days 00:52:16.225000,0 days 01:49:13.320000
2024-06-23 13:55:30.838,10827,305,8,100,False,0,car,0 days 00:52:16.425000,0 days 01:49:13.520000
2024-06-23 13:55:31.278,10872,306,8,100,False,0,car,0 days 00:52:16.865000,0 days 01:49:13.960000
2024-06-23 13:55:31.478,10901,306,8,100,False,0,car,0 days 00:52:17.065000,0 days 01:49:14.160000
2024-06-23 13:55:31.638,10908,307,8,100,False,0,car,0 days 00:52:17.225000,0 days 01:49:14.320000
2024-06-23 13:55:32.038,10878,306,8,100,False,0,car,0 days 00:52:17.625000,0 days 01:49:14.720000
2024-06-23 13:55:32.277,10872,307,8,100,False,0,car,0 days 00:52:17.864000,0 days 01:49:14.959000
2024-06-23 13:55:32.557,10919,307,8,100,False,0,car,0 days 00:52:18.144000,0 days 01:49:15.239000
2024-06-23 13:55:32.757,10943,308,8,100,False,0,car,0 days 00:52:18.344000,0 days 01:49:15.439000
2024-06-23 13:55:32.997,10900,306,8,100,False,0,car,0 days 00:52:18.584000,0 days 01:49:15.679000
2024-06-23 13:55:33.278,10896,307,8,100,False,0,car,0 days 00:52:18.865000,0 days 01:49:15.960000
2024-06-23 13:55:33.638,10768,304,8,100,False,0,car,0 days 00:52:19.225000,0 days 01:49:16.320000
2024-06-23 13:55:33.958,10699,293,8,0,True,0,car,0 days 00:52:19.545000,0 days 01:49:16.640000
2024-06-23 13:55:34.318,9244,252,8,0,True,0,car,0 days 00:52:19.905000,0 days 01:49:17
2024-06-23 13:55:34.718,9420,202,7,0,True,0,car,0 days 00:52:20.305000,0 days 01:49:17.400000
2024-06-23 13:55:34.918,9072,183,6,0,True,0,car,0 days 00:52:20.505000,0 days 01:49:17.600000
2024-06-23 13:55:35.358,9623,158,4,0,True,0,car,0 days 00:52:20.945000,0 days 01:49:18.040000
2024-06-23 13:55:35.718,9186,149,4,0,True,0,car,0 days 00:52:21.305000,0 days 01:49:18.400000
2024-06-23 13:55:35.998,8958,144,4,0,True,0,car,0 days 00:52:21.585000,0 days 01:49:18.680000
2024-06-23 13:55:36.238,8599,141,4,0,False,0,car,0 days 00:52:21.825000,0 days 01:49:18.920000
2024-06-23 13:55:36.558,8421,135,4,27,False,0,car,0 days 00:52:22.145000,0 days 01:49:19.240000
2024-06-23 13:55:36.758,8749,135,4,48,False,0,car,0 days 00:52:22.345000,0 days 01:49:19.440000
2024-06-23 13:55:36.998,9008,138,4,58,False,0,car,0 days 00:52:22.585000,0 days 01:49:19.680000
2024-06-23 13:55:37.198,9159,141,4,62,False,0,car,0 days 00:52:22.785000,0 days 01:49:19.880000
2024-06-23 13:55:37.398,9543,145,4,70,False,0,car,0 days 00:52:22.985000,0 days 01:49:20.080000
2024-06-23 13:55:37.638,9862,150,4,77,False,0,car,0 days 00:52:23.225000,0 days 01:49:20.320000
2024-06-23 13:55:38.038,8730,161,5,58,False,0,car,0 days 00:52:23.625000,0 days 01:49:20.720000
2024-06-23 13:55:38.438,8855,164,5,56,False,0,car,0 days 00:52:24.025000,0 days 01:49:21.120000
2024-06-23 13:55:38.758,9034,167,5,64,False,0,car,0 days 00:52:24.345000,0 days 01:49:21.440000
2024-06-23 13:55:38.957,9221,170,5,72,False,0,car,0 days 00:52:24.544000,0 days 01:49:21.639000
2024-06-23 13:55:39.277,9730,176,5,81,False,0,car,0 days 00:52:24.864000,0 days 01:49:21.959000
2024-06-23 13:55:39.637,10105,186,5,86,False,0,car,0 days 00:52:25.224000,0 days 01:49:22.319000
2024-06-23 13:55:39.998,10595,195,5,100,False,0,car,0 days 00:52:25.585000,0 days 01:49:22.680000
2024-06-23 13:55:40.318,11077,204,5,100,False,0,car,0 days 00:52:25.905000,0 days 01:49:23
2024-06-23 13:55:40.478,11140,211,5,100,False,0,car,0 days 00:52:26.065000,0 days 01:49:23.160000
2024-06-23 13:55:40.758,9970,215,5,81,False,0,car,0 days 00:52:26.345000,0 days 01:49:23.440000
2024-06-23 13:55:40.958,9962,215,6,72,False,0,car,0 days 00:52:26.545000,0 days 01:49:23.640000
2024-06-23 13:55:41.158,10017,217,6,70,False,0,car,0 days 00:52:26.745000,0 days 01:49:23.840000
2024-06-23 13:55:41.358,9812,216,6,18,False,0,car,0 days 00:52:26.945000,0 days 01:49:24.040000
2024-06-23 13:55:41.638,9681,212,6,0,False,0,car,0 days 00:52:27.225000,0 days 01:49:24.320000
2024-06-23 13:55:41.798,9419,211,6,34,False,0,car,0 days 00:52:27.385000,0 days 01:49:24.480000
2024-06-23 13:55:41.998,9470,206,6,50,False,0,car,0 days 00:52:27.585000,0 days 01:49:24.680000
2024-06-23 13:55:42.198,9479,204,6,61,False,0,car,0 days 00:52:27.785000,0 days 01:49:24.880000
2024-06-23 13:55:42.438,9596,206,6,76,False,0,car,0 days 00:52:28.025000,0 days 01:49:25.120000
2024-06-23 13:55:42.638,9695,208,6,81,False,0,car,0 days 00:52:28.225000,0 days 01:49:25.320000
2024-06-23 13:55:42.958,9923,213,6,91,False,0,car,0 days 00:52:28.545000,0 days 01:49:25.640000
2024-06-23 13:55:43.118,10098,214,6,97,False,0,car,0 days 00:52:28.705000,0 days 01:49:25.800000
2024-06-23 13:55:43.318,10098,217,6,100,False,0,car,0 days 00:52:28.905000,0 days 01:49:26
2024-06-23 13:55:43.598,10511,222,6,98,False,0,car,0 days 00:52:29.185000,0 days 01:49:26.280000
2024-06-23 13:55:43.798,10636,228,6,100,False,0,car,0 days 00:52:29.385000,0 days 01:49:26.480000
2024-06-23 13:55:44.078,10827,233,6,100,False,0,car,0 days 00:52:29.665000,0 days 01:49:26.760000
2024-06-23 13:55:44.358,10971,238,6,100,False,0,car,0 days 00:52:29.945000,0 days 01:49:27.040000
2024-06-23 13:55:44.518,11185,241,6,100,False,0,car,0 days 00:52:30.105000,0 days 01:49:27.200000
2024-06-23 13:55:44.718,11276,242,6,100,False,0,car,0 days 00:52:30.305000,0 days 01:49:27.400000
2024-06-23 13:55:45.078,11527,249,6,100,False,0,car,0 days 00:52:30.665000,0 days 01:49:27.760000
2024-06-23 13:55:45.438,11671,252,6,100,False,0,car,0 days 00:52:31.025000,0 days 01:49:28.120000
2024-06-23 13:55:45.757,10496,256,7,100,False,0,car,0 days 00:52:31.344000,0 days 01:49:28.439000
2024-06-23 13:55:45.957,10515,259,7,100,False,0,car,0 days 00:52:31.544000,0 days 01:49:28.639000
2024-06-23 13:55:46.197,10621,263,7,100,False,0,car,0 days 00:52:31.784000,0 days 01:49:28.879000
2024-06-23 13:55:46.438,10722,266,7,100,False,0,car,0 days 00:52:32.025000,0 days 01:49:29.120000
2024-06-23 13:55:46.918,10928,271,7,100,False,0,car,0 days 00:52:32.505000,0 days 01:49:29.600000
2024-06-23 13:55:47.838,11257,281,7,100,False,0,car,0 days 00:52:33.425000,0 days 01:49:30.520000
2024-06-23 13:55:47.998,11307,281,7,100,False,0,car,0 days 00:52:33.585000,0 days 01:49:30.680000
2024-06-23 13:55:48.278,11330,283,7,100,False,0,car,0 days 00:52:33.865000,0 days 01:49:30.960000
2024-06-23 13:55:48.438,11313,282,7,100,False,0,car,0 days 00:52:34.025000,0 days 01:49:31.120000
2024-06-23 13:55:48.758,10632,277,7,0,True,0,car,0 days 00:52:34.345000,0 days 01:49:31.440000
2024-06-23 13:55:48.958,9888,250,7,0,True,0,car,0 days 00:52:34.545000,0 days 01:49:31.640000
2024-06-23 13:55:49.118,9439,237,7,0,True,0,car,0 days 00:52:34.705000,0 days 01:49:31.800000
2024-06-23 13:55:49.278,9584,225,7,0,True,0,car,0 days 00:52:34.865000,0 days 01:49:31.960000
2024-06-23 13:55:49.598,9709,190,7,0,True,0,car,0 days 00:52:35.185000,0 days 01:49:32.280000
2024-06-23 13:55:49.998,9941,168,5,0,True,0,car,0 days 00:52:35.585000,0 days 01:49:32.680000
2024-06-23 13:55:50.198,9583,160,4,0,True,0,car,0 days 00:52:35.785000,0 days 01:49:32.880000
2024-06-23 13:55:50.398,9361,154,4,0,True,0,car,0 days 00:52:35.985000,0 days 01:49:33.080000
2024-06-23 13:55:50.598,9158,148,4,0,True,0,car,0 days 00:52:36.185000,0 days 01:49:33.280000
2024-06-23 13:55:50.838,8791,142,4,0,True,0,car,0 days 00:52:36.425000,0 days 01:49:33.520000
2024-06-23 13:55:50.998,8597,140,4,0,True,0,car,0 days 00:52:36.585000,0 days 01:49:33.680000
2024-06-23 13:55:51.238,8269,133,4,0,True,0,car,0 days 00:52:36.825000,0 days 01:49:33.920000
2024-06-23 13:55:51.438,8082,133,4,0,True,0,car,0 days 00:52:37.025000,0 days 01:49:34.120000
2024-06-23 13:55:51.598,7889,127,4,0,False,0,car,0 days 00:52:37.185000,0 days 01:49:34.280000
2024-06-23 13:55:51.918,7650,125,4,0,False,0,car,0 days 00:52:37.505000,0 days 01:49:34.600000
2024-06-23 13:55:52.357,8044,125,4,47,False,0,car,0 days 00:52:37.944000,0 days 01:49:35.039000
2024-06-23 13:55:52.637,8448,129,4,50,False,0,car,0 days 00:52:38.224000,0 days 01:49:35.319000
2024-06-23 13:55:52.958,8653,130,4,58,False,0,car,0 days 00:52:38.545000,0 days 01:49:35.640000
2024-06-23 13:55:53.198,8987,136,4,65,False,0,car,0 days 00:52:38.785000,0 days 01:49:35.880000
2024-06-23 13:55:53.558,9511,146,4,73,False,0,car,0 days 00:52:39.145000,0 days 01:49:36.240000
2024-06-23 13:55:53.758,9767,151,4,77,False,0,car,0 days 00:52:39.345000,0 days 01:49:36.440000
2024-06-23 13:55:54.118,10700,161,4,85,False,0,car,0 days 00:52:39.705000,0 days 01:49:36.800000
2024-06-23 13:55:54.278,11023,168,4,89,False,0,car,0 days 00:52:39.865000,0 days 01:49:36.960000
2024-06-23 13:55:54.558,11403,179,4,100,False,0,car,0 days 00:52:40.145000,0 days 01:49:37.240000
2024-06-23 13:55:54.838,10355,186,5,100,False,0,car,0 days 00:52:40.425000,0 days 01:49:37.520000
2024-06-23 13:55:55.158,10704,198,5,100,False,0,car,0 days 00:52:40.745000,0 days 01:49:37.840000
2024-06-23 13:55:55.438,11136,207,5,100,False,0,car,0 days 00:52:41.025000,0 days 01:49:38.120000
2024-06-23 13:55:55.718,11455,212,5,100,False,0,car,0 days 00:52:41.305000,0 days 01:49:38.400000
2024-06-23 13:55:56.038,11810,219,5,100,False,0,car,0 days 00:52:41.625000,0 days 01:49:38.720000
2024-06-23 13:55:56.198,11670,224,5,100,False,0,car,0 days 00:52:41.785000,0 days 01:49:38.880000
2024-06-23 13:55:56.358,10550,228,6,100,False,0,car,0 days 00:52:41.945000,0 days 01:49:39.040000
2024-06-23 13:55:56.598,10743,233,6,100,False,0,car,0 days 00:52:42.185000,0 days 01:49:39.280000
2024-06-23 13:55:56.918,10806,236,6,100,False,0,car,0 days 00:52:42.505000,0 days 01:49:39.600000
2024-06-23 13:55:57.078,10864,237,6,100,False,0,car,0 days 00:52:42.665000,0 days 01:49:39.760000
2024-06-23 13:55:57.478,9723,218,6,0,True,0,car,0 days 00:52:43.065000,0 days 01:49:40.160000
2024-06-23 13:55:57.678,9352,196,6,0,True,0,car,0 days 00:52:43.265000,0 days 01:49:40.360000
2024-06-23 13:55:57.958,9707,168,5,0,True,0,car,0 days 00:52:43.545000,0 days 01:49:40.640000
2024-06-23 13:55:58.198,9054,154,4,0,True,0,car,0 days 00:52:43.785000,0 days 01:49:40.880000
2024-06-23 13:55:58.518,9869,137,3,0,True,0,car,0 days 00:52:44.105000,0 days 01:49:41.200000
2024-06-23 13:55:58.918,8672,126,3,0,True,0,car,0 days 00:52:44.505000,0 days 01:49:41.600000
2024-06-23 13:55:59.077,8672,118,3,0,True,0,car,0 days 00:52:44.664000,0 days 01:49:41.759000
2024-06-23 13:55:59.397,7756,110,3,0,True,0,car,0 days 00:52:44.984000,0 days 01:49:42.079000
2024-06-23 13:55:59.678,7561,106,3,0,True,0,car,0 days 00:52:45.265000,0 days 01:49:42.360000
2024-06-23 13:55:59.918,7328,102,3,0,True,0,car,0 days 00:52:45.505000,0 days 01:49:42.600000
2024-06-23 13:56:00.118,7106,102,3,0,True,0,car,0 days 00:52:45.705000,0 days 01:49:42.800000
2024-06-23 13:56:00.398,6999,95,3,0,False,0,car,0 days 00:52:45.985000,0 days 01:49:43.080000
2024-06-23 13:56:00.718,7123,92,3,4,False,0,car,0 days 00:52:46.305000,0 days 01:49:43.400000
2024-06-23 13:56:00.998,7282,94,3,29,False,0,car,0 days 00:52:46.585000,0 days 01:49:43.680000
2024-06-23 13:56:01.198,7448,96,3,36,False,0,car,0 days 00:52:46.785000,0 days 01:49:43.880000
2024-06-23 13:56:01.358,7620,99,3,41,False,0,car,0 days 00:52:46.945000,0 days 01:49:44.040000
2024-06-23 13:56:01.598,7919,103,3,50,False,0,car,0 days 00:52:47.185000,0 days 01:49:44.280000
2024-06-23 13:56:01.758,8340,107,3,54,False,0,car,0 days 00:52:47.345000,0 days 01:49:44.440000
2024-06-23 13:56:02.118,9291,116,3,63,False,0,car,0 days 00:52:47.705000,0 days 01:49:44.800000
2024-06-23 13:56:02.958,10057,149,4,100,False,0,car,0 days 00:52:48.545000,0 days 01:49:45.640000
2024-06-23 13:56:03.238,10826,162,4,100,False,0,car,0 days 00:52:48.825000,0 days 01:49:45.920000
2024-06-23 13:56:03.438,10826,176,4,100,False,0,car,0 days 00:52:49.025000,0 days 01:49:46.120000
2024-06-23 13:56:03.718,10546,185,4,100,False,0,car,0 days 00:52:49.305000,0 days 01:49:46.400000
2024-06-23 13:56:03.878,10361,192,5,100,False,0,car,0 days 00:52:49.465000,0 days 01:49:46.560000
2024-06-23 13:56:04.038,10742,197,5,100,False,0,car,0 days 00:52:49.625000,0 days 01:49:46.720000
2024-06-23 13:56:04.278,11029,207,5,100,False,0,car,0 days 00:52:49.865000,0 days 01:49:46.960000
2024-06-23 13:56:04.518,11470,212,5,100,False,0,car,0 days 00:52:50.105000,0 days 01:49:47.200000
2024-06-23 13:56:04.718,11751,217,5,100,False,0,car,0 days 00:52:50.305000,0 days 01:49:47.400000
2024-06-23 13:56:05.038,11570,228,5,100,False,0,car,0 days 00:52:50.625000,0 days 01:49:47.720000
2024-06-23 13:56:05.278,10602,230,6,100,False,0,car,0 days 00:52:50.865000,0 days 01:49:47.960000
2024-06-23 13:56:05.638,11066,239,6,100,False,0,car,0 days 00:52:51.225000,0 days 01:49:48.320000
2024-06-23 13:56:05.957,11336,247,6,100,False,0,car,0 days 00:52:51.544000,0 days 01:49:48.639000
2024-06-23 13:56:06.198,11528,250,6,100,False,0,car,0 days 00:52:51.785000,0 days 01:49:48.880000
2024-06-23 13:56:06.478,11513,252,6,100,False,0,car,0 days 00:52:52.065000,0 days 01:49:49.160000
2024-06-23 13:56:06.638,11521,254,6,100,False,0,car,0 days 00:52:52.225000,0 days 01:49:49.320000
2024-06-23 13:56:06.838,10452,247,6,41,True,0,car,0 days 00:52:52.425000,0 days 01:49:49.520000
2024-06-23 13:56:07.038,10574,223,6,0,True,0,car,0 days 00:52:52.625000,0 days 01:49:49.720000
2024-06-23 13:56:07.198,9734,212,6,0,True,0,car,0 days 00:52:52.785000,0 days 01:49:49.880000
2024-06-23 13:56:07.478,9588,186,5,0,True,0,car,0 days 00:52:53.065000,0 days 01:49:50.160000
2024-06-23 13:56:07.758,10032,165,5,0,True,0,car,0 days 00:52:53.345000,0 days 01:49:50.440000
2024-06-23 13:56:08.038,9333,153,4,0,True,0,car,0 days 00:52:53.625000,0 days 01:49:50.720000
2024-06-23 13:56:08.358,9028,144,4,0,True,0,car,0 days 00:52:53.945000,0 days 01:49:51.040000
2024-06-23 13:56:08.758,8503,138,4,0,False,0,car,0 days 00:52:54.345000,0 days 01:49:51.440000
2024-06-23 13:56:08.918,8493,136,4,0,False,0,car,0 days 00:52:54.505000,0 days 01:49:51.600000
2024-06-23 13:56:09.358,8365,132,4,35,False,0,car,0 days 00:52:54.945000,0 days 01:49:52.040000
2024-06-23 13:56:09.638,8603,134,4,35,False,0,car,0 days 00:52:55.225000,0 days 01:49:52.320000
2024-06-23 13:56:09.838,8779,136,4,52,False,0,car,0 days 00:52:55.425000,0 days 01:49:52.520000
2024-06-23 13:56:10.158,9440,144,4,76,False,0,car,0 days 00:52:55.745000,0 days 01:49:52.840000
2024-06-23 13:56:10.318,9837,147,4,80,False,0,car,0 days 00:52:55.905000,0 days 01:49:53
2024-06-23 13:56:10.678,10601,163,4,95,False,0,car,0 days 00:52:56.265000,0 days 01:49:53.360000
2024-06-23 13:56:10.958,11519,172,4,100,False,0,car,0 days 00:52:56.545000,0 days 01:49:53.640000
2024-06-23 13:56:11.158,11633,180,4,100,False,0,car,0 days 00:52:56.745000,0 days 01:49:53.840000
2024-06-23 13:56:11.638,10666,194,5,100,False,0,car,0 days 00:52:57.225000,0 days 01:49:54.320000
2024-06-23 13:56:11.838,10781,203,5,100,False,0,car,0 days 00:52:57.425000,0 days 01:49:54.520000
2024-06-23 13:56:12.238,11478,211,5,100,False,0,car,0 days 00:52:57.825000,0 days 01:49:54.920000
2024-06-23 13:56:12.557,11729,222,5,100,False,0,car,0 days 00:52:58.144000,0 days 01:49:55.239000
2024-06-23 13:56:12.798,11114,227,5,100,False,0,car,0 days 00:52:58.385000,0 days 01:49:55.480000
2024-06-23 13:56:13.038,10596,233,6,100,False,0,car,0 days 00:52:58.625000,0 days 01:49:55.720000
2024-06-23 13:56:13.358,10941,239,6,100,False,0,car,0 days 00:52:58.945000,0 days 01:49:56.040000
2024-06-23 13:56:13.638,11098,241,6,100,False,0,car,0 days 00:52:59.225000,0 days 01:49:56.320000
2024-06-23 13:56:13.798,10913,241,6,97,False,0,car,0 days 00:52:59.385000,0 days 01:49:56.480000
2024-06-23 13:56:14.038,10755,243,6,18,False,0,car,0 days 00:52:59.625000,0 days 01:49:56.720000
2024-06-23 13:56:14.278,10587,235,6,16,False,0,car,0 days 00:52:59.865000,0 days 01:49:56.960000
2024-06-23 13:56:14.518,10389,231,6,30,False,0,car,0 days 00:53:00.105000,0 days 01:49:57.200000
2024-06-23 13:56:14.958,10369,224,6,65,False,0,car,0 days 00:53:00.545000,0 days 01:49:57.640000
2024-06-23 13:56:15.118,10200,224,6,63,False,0,car,0 days 00:53:00.705000,0 days 01:49:57.800000
2024-06-23 13:56:15.278,10326,223,6,58,False,0,car,0 days 00:53:00.865000,0 days 01:49:57.960000
2024-06-23 13:56:15.638,10314,225,6,78,False,0,car,0 days 00:53:01.225000,0 days 01:49:58.320000
2024-06-23 13:56:15.958,10437,226,6,100,False,0,car,0 days 00:53:01.545000,0 days 01:49:58.640000
2024-06-23 13:56:16.118,10740,228,6,100,False,0,car,0 days 00:53:01.705000,0 days 01:49:58.800000
2024-06-23 13:56:16.358,10815,232,6,100,False,0,car,0 days 00:53:01.945000,0 days 01:49:59.040000
2024-06-23 13:56:16.598,11003,235,6,100,False,0,car,0 days 00:53:02.185000,0 days 01:49:59.280000
2024-06-23 13:56:16.758,11000,238,6,100,False,0,car,0 days 00:53:02.345000,0 days 01:49:59.440000
2024-06-23 13:56:17.198,11373,248,6,100,False,0,car,0 days 00:53:02.785000,0 days 01:49:59.880000
2024-06-23 13:56:17.678,11475,253,6,100,False,0,car,0 days 00:53:03.265000,0 days 01:50:00.360000
2024-06-23 13:56:17.998,11637,258,6,100,False,0,car,0 days 00:53:03.585000,0 days 01:50:00.680000
2024-06-23 13:56:18.198,10738,261,6,100,False,0,car,0 days 00:53:03.785000,0 days 01:50:00.880000
2024-06-23 13:56:18.358,10421,264,7,100,False,0,car,0 days 00:53:03.945000,0 days 01:50:01.040000
2024-06-23 13:56:18.718,10809,267,7,100,False,0,car,0 days 00:53:04.305000,0 days 01:50:01.400000
2024-06-23 13:56:19.118,10938,271,7,100,False,0,car,0 days 00:53:04.705000,0 days 01:50:01.800000
2024-06-23 13:56:19.438,11081,275,7,100,False,0,car,0 days 00:53:05.025000,0 days 01:50:02.120000
2024-06-23 13:56:19.718,11183,278,7,100,False,0,car,0 days 00:53:05.305000,0 days 01:50:02.400000
2024-06-23 13:56:20.078,11311,282,7,100,False,0,car,0 days 00:53:05.665000,0 days 01:50:02.760000
2024-06-23 13:56:20.358,11386,284,7,100,False,0,car,0 days 00:53:05.945000,0 days 01:50:03.040000
2024-06-23 13:56:20.558,11450,286,7,100,False,0,car,0 days 00:53:06.145000,0 days 01:50:03.240000
2024-06-23 13:56:20.878,11516,288,7,100,False,0,car,0 days 00:53:06.465000,0 days 01:50:03.560000
2024-06-23 13:56:21.238,11485,289,7,100,False,0,car,0 days 00:53:06.825000,0 days 01:50:03.920000
2024-06-23 13:56:21.558,11242,283,7,0,False,0,car,0 days 00:53:07.145000,0 days 01:50:04.240000
2024-06-23 13:56:21.798,10458,283,7,0,True,0,car,0 days 00:53:07.385000,0 days 01:50:04.480000
2024-06-23 13:56:21.998,9840,261,7,0,True,0,car,0 days 00:53:07.585000,0 days 01:50:04.680000
2024-06-23 13:56:22.158,10084,224,7,0,True,0,car,0 days 00:53:07.745000,0 days 01:50:04.840000
2024-06-23 13:56:22.598,9212,184,6,0,True,0,car,0 days 00:53:08.185000,0 days 01:50:05.280000
2024-06-23 13:56:22.878,9850,160,4,0,True,0,car,0 days 00:53:08.465000,0 days 01:50:05.560000
2024-06-23 13:56:23.198,8699,145,4,0,True,0,car,0 days 00:53:08.785000,0 days 01:50:05.880000
2024-06-23 13:56:23.358,9146,145,4,0,True,0,car,0 days 00:53:08.945000,0 days 01:50:06.040000
2024-06-23 13:56:23.638,9284,131,3,0,True,0,car,0 days 00:53:09.225000,0 days 01:50:06.320000
2024-06-23 13:56:23.958,9061,121,3,0,True,0,car,0 days 00:53:09.545000,0 days 01:50:06.640000
2024-06-23 13:56:24.118,8566,119,3,0,True,0,car,0 days 00:53:09.705000,0 days 01:50:06.800000
2024-06-23 13:56:24.358,8334,114,3,0,True,0,car,0 days 00:53:09.945000,0 days 01:50:07.040000
2024-06-23 13:56:24.518,8139,112,3,0,True,0,car,0 days 00:53:10.105000,0 days 01:50:07.200000
2024-06-23 13:56:24.878,7774,105,3,0,True,0,car,0 days 00:53:10.465000,0 days 01:50:07.560000
2024-06-23 13:56:25.238,7579,101,3,0,False,0,car,0 days 00:53:10.825000,0 days 01:50:07.920000
2024-06-23 13:56:25.438,7430,100,3,0,False,0,car,0 days 00:53:11.025000,0 days 01:50:08.120000
2024-06-23 13:56:25.759,7516,98,3,25,False,0,car,0 days 00:53:11.346000,0 days 01:50:08.441000
2024-06-23 13:56:25.998,7518,99,3,32,False,0,car,0 days 00:53:11.585000,0 days 01:50:08.680000
2024-06-23 13:56:26.198,7681,101,3,36,False,0,car,0 days 00:53:11.785000,0 days 01:50:08.880000
2024-06-23 13:56:26.558,8047,107,3,50,False,0,car,0 days 00:53:12.145000,0 days 01:50:09.240000
2024-06-23 13:56:26.758,8577,109,3,57,False,0,car,0 days 00:53:12.345000,0 days 01:50:09.440000
2024-06-23 13:56:26.958,8679,116,3,59,False,0,car,0 days 00:53:12.545000,0 days 01:50:09.640000
2024-06-23 13:56:27.278,9712,122,3,71,False,0,car,0 days 00:53:12.865000,0 days 01:50:09.960000
2024-06-23 13:56:27.518,8903,132,3,76,False,0,car,0 days 00:53:13.105000,0 days 01:50:10.200000
2024-06-23 13:56:27.718,9410,139,4,84,False,0,car,0 days 00:53:13.305000,0 days 01:50:10.400000
2024-06-23 13:56:28.198,10412,159,4,91,False,0,car,0 days 00:53:13.785000,0 days 01:50:10.880000
2024-06-23 13:56:28.358,10903,167,4,100,False,0,car,0 days 00:53:13.945000,0 days 01:50:11.040000
2024-06-23 13:56:28.638,11497,174,4,100,False,0,car,0 days 00:53:14.225000,0 days 01:50:11.320000
2024-06-23 13:56:28.838,11021,182,4,100,False,0,car,0 days 00:53:14.425000,0 days 01:50:11.520000
2024-06-23 13:56:29.118,10357,191,5,100,False,0,car,0 days 00:53:14.705000,0 days 01:50:11.800000
2024-06-23 13:56:29.398,10560,198,5,100,True,0,car,0 days 00:53:14.985000,0 days 01:50:12.080000
2024-06-23 13:56:29.598,10006,193,5,0,True,0,car,0 days 00:53:15.185000,0 days 01:50:12.280000
2024-06-23 13:56:29.798,9166,180,5,0,True,0,car,0 days 00:53:15.385000,0 days 01:50:12.480000
2024-06-23 13:56:30.158,9600,156,4,0,True,0,car,0 days 00:53:15.745000,0 days 01:50:12.840000
2024-06-23 13:56:30.358,9012,148,4,0,True,0,car,0 days 00:53:15.945000,0 days 01:50:13.040000
2024-06-23 13:56:30.598,8464,139,4,0,True,0,car,0 days 00:53:16.185000,0 days 01:50:13.280000
2024-06-23 13:56:30.998,7794,128,4,0,True,0,car,0 days 00:53:16.585000,0 days 01:50:13.680000
2024-06-23 13:56:31.278,7448,122,4,0,True,0,car,0 days 00:53:16.865000,0 days 01:50:13.960000
2024-06-23 13:56:31.598,7304,118,4,0,False,0,car,0 days 00:53:17.185000,0 days 01:50:14.280000
2024-06-23 13:56:31.758,7304,114,4,0,True,0,car,0 days 00:53:17.345000,0 days 01:50:14.440000
2024-06-23 13:56:31.918,6898,112,4,0,True,0,car,0 days 00:53:17.505000,0 days 01:50:14.600000
2024-06-23 13:56:32.118,6633,109,4,0,True,0,car,0 days 00:53:17.705000,0 days 01:50:14.800000
2024-06-23 13:56:32.439,6628,105,4,17,False,0,car,0 days 00:53:18.026000,0 days 01:50:15.121000
2024-06-23 13:56:32.639,6814,106,4,25,False,0,car,0 days 00:53:18.226000,0 days 01:50:15.321000
2024-06-23 13:56:32.798,6896,106,4,34,False,0,car,0 days 00:53:18.385000,0 days 01:50:15.480000
2024-06-23 13:56:33.078,6896,109,4,34,False,0,car,0 days 00:53:18.665000,0 days 01:50:15.760000
2024-06-23 13:56:33.238,7197,111,4,41,False,0,car,0 days 00:53:18.825000,0 days 01:50:15.920000
2024-06-23 13:56:33.518,7561,113,4,46,False,0,car,0 days 00:53:19.105000,0 days 01:50:16.200000
2024-06-23 13:56:33.838,8019,122,4,52,False,0,car,0 days 00:53:19.425000,0 days 01:50:16.520000
2024-06-23 13:56:34.078,8204,125,4,55,False,0,car,0 days 00:53:19.665000,0 days 01:50:16.760000
2024-06-23 13:56:34.318,8436,129,4,60,False,0,car,0 days 00:53:19.905000,0 days 01:50:17
2024-06-23 13:56:34.678,9222,140,4,71,False,0,car,0 days 00:53:20.265000,0 days 01:50:17.360000
2024-06-23 13:56:35.158,10240,156,4,85,False,0,car,0 days 00:53:20.745000,0 days 01:50:17.840000
2024-06-23 13:56:35.558,11157,172,4,100,False,0,car,0 days 00:53:21.145000,0 days 01:50:18.240000
2024-06-23 13:56:35.958,10311,189,5,100,False,0,car,0 days 00:53:21.545000,0 days 01:50:18.640000
2024-06-23 13:56:36.278,10741,199,5,100,False,0,car,0 days 00:53:21.865000,0 days 01:50:18.960000
2024-06-23 13:56:36.638,11263,212,5,100,False,0,car,0 days 00:53:22.225000,0 days 01:50:19.320000
2024-06-23 13:56:36.918,11276,214,5,100,False,0,car,0 days 00:53:22.505000,0 days 01:50:19.600000
2024-06-23 13:56:37.198,10338,223,6,81,False,0,car,0 days 00:53:22.785000,0 days 01:50:19.880000
2024-06-23 13:56:37.438,10549,229,6,87,False,0,car,0 days 00:53:23.025000,0 days 01:50:20.120000
2024-06-23 13:56:37.638,10622,229,6,81,False,0,car,0 days 00:53:23.225000,0 days 01:50:20.320000
2024-06-23 13:56:37.958,10689,233,6,74,False,0,car,0 days 00:53:23.545000,0 days 01:50:20.640000
2024-06-23 13:56:38.198,10600,233,6,77,False,0,car,0 days 00:53:23.785000,0 days 01:50:20.880000
2024-06-23 13:56:38.478,10662,235,6,84,False,0,car,0 days 00:53:24.065000,0 days 01:50:21.160000
2024-06-23 13:56:38.718,11096,239,6,100,False,0,car,0 days 00:53:24.305000,0 days 01:50:21.400000
2024-06-23 13:56:38.999,11121,243,6,100,False,0,car,0 days 00:53:24.586000,0 days 01:50:21.681000
2024-06-23 13:56:39.319,11389,246,6,100,False,0,car,0 days 00:53:24.906000,0 days 01:50:22.001000
2024-06-23 13:56:39.518,11579,249,6,100,False,0,car,0 days 00:53:25.105000,0 days 01:50:22.200000
2024-06-23 13:56:39.838,11707,255,6,100,False,0,car,0 days 00:53:25.425000,0 days 01:50:22.520000
2024-06-23 13:56:40.318,10562,259,6,100,False,0,car,0 days 00:53:25.905000,0 days 01:50:23
2024-06-23 13:56:40.518,10365,261,7,100,False,0,car,0 days 00:53:26.105000,0 days 01:50:23.200000
2024-06-23 13:56:40.718,10128,261,7,100,True,0,car,0 days 00:53:26.305000,0 days 01:50:23.400000
2024-06-23 13:56:40.918,9830,257,7,0,True,0,car,0 days 00:53:26.505000,0 days 01:50:23.600000
2024-06-23 13:56:41.238,10545,244,7,0,True,0,car,0 days 00:53:26.825000,0 days 01:50:23.920000
2024-06-23 13:56:41.398,10673,238,6,0,False,0,car,0 days 00:53:26.985000,0 days 01:50:24.080000
2024-06-23 13:56:41.798,10575,232,6,58,False,0,car,0 days 00:53:27.385000,0 days 01:50:24.480000
2024-06-23 13:56:42.118,10474,229,6,69,False,0,car,0 days 00:53:27.705000,0 days 01:50:24.800000
2024-06-23 13:56:42.318,10606,228,6,72,False,0,car,0 days 00:53:27.905000,0 days 01:50:25
2024-06-23 13:56:42.598,10775,230,6,100,False,0,car,0 days 00:53:28.185000,0 days 01:50:25.280000
2024-06-23 13:56:42.918,10966,235,6,100,False,0,car,0 days 00:53:28.505000,0 days 01:50:25.600000
2024-06-23 13:56:43.078,11037,238,6,100,False,0,car,0 days 00:53:28.665000,0 days 01:50:25.760000
2024-06-23 13:56:43.438,11269,243,6,100,False,0,car,0 days 00:53:29.025000,0 days 01:50:26.120000
2024-06-23 13:56:43.598,11244,243,6,100,False,0,car,0 days 00:53:29.185000,0 days 01:50:26.280000
2024-06-23 13:56:43.758,11380,246,6,100,False,0,car,0 days 00:53:29.345000,0 days 01:50:26.440000
2024-06-23 13:56:44.038,11619,252,6,100,False,0,car,0 days 00:53:29.625000,0 days 01:50:26.720000
2024-06-23 13:56:44.358,11844,256,6,100,False,0,car,0 days 00:53:29.945000,0 days 01:50:27.040000
2024-06-23 13:56:44.518,11870,258,6,100,False,0,car,0 days 00:53:30.105000,0 days 01:50:27.200000
2024-06-23 13:56:44.718,10890,259,6,100,False,0,car,0 days 00:53:30.305000,0 days 01:50:27.400000
2024-06-23 13:56:45.078,10555,264,7,100,False,0,car,0 days 00:53:30.665000,0 days 01:50:27.760000
2024-06-23 13:56:45.398,10776,268,7,100,False,0,car,0 days 00:53:30.985000,0 days 01:50:28.080000
2024-06-23 13:56:45.639,10852,270,7,100,False,0,car,0 days 00:53:31.226000,0 days 01:50:28.321000
2024-06-23 13:56:46.039,11019,275,7,100,False,0,car,0 days 00:53:31.626000,0 days 01:50:28.721000
2024-06-23 13:56:46.198,11125,276,7,100,False,0,car,0 days 00:53:31.785000,0 days 01:50:28.880000
2024-06-23 13:56:46.478,11173,278,7,100,False,0,car,0 days 00:53:32.065000,0 days 01:50:29.160000
2024-06-23 13:56:46.638,11252,281,7,100,False,0,car,0 days 00:53:32.225000,0 days 01:50:29.320000
2024-06-23 13:56:46.958,11348,284,7,100,False,0,car,0 days 00:53:32.545000,0 days 01:50:29.640000
2024-06-23 13:56:47.318,11481,286,7,100,False,0,car,0 days 00:53:32.905000,0 days 01:50:30
2024-06-23 13:56:47.758,11588,290,7,100,False,0,car,0 days 00:53:33.345000,0 days 01:50:30.440000
2024-06-23 13:56:48.158,11677,292,7,100,False,0,car,0 days 00:53:33.745000,0 days 01:50:30.840000
2024-06-23 13:56:48.358,11701,292,7,100,False,0,car,0 days 00:53:33.945000,0 days 01:50:31.040000
2024-06-23 13:56:48.638,10684,293,8,100,False,0,car,0 days 00:53:34.225000,0 days 01:50:31.320000
2024-06-23 13:56:48.878,10594,295,8,100,False,0,car,0 days 00:53:34.465000,0 days 01:50:31.560000
2024-06-23 13:56:49.118,10536,295,8,100,False,0,car,0 days 00:53:34.705000,0 days 01:50:31.800000
2024-06-23 13:56:49.438,10561,297,8,100,False,0,car,0 days 00:53:35.025000,0 days 01:50:32.120000
2024-06-23 13:56:49.598,10566,297,8,100,False,0,car,0 days 00:53:35.185000,0 days 01:50:32.280000
2024-06-23 13:56:49.798,10612,297,8,100,False,0,car,0 days 00:53:35.385000,0 days 01:50:32.480000
2024-06-23 13:56:50.238,10629,298,8,100,False,0,car,0 days 00:53:35.825000,0 days 01:50:32.920000
2024-06-23 13:56:50.638,10641,300,8,100,False,0,car,0 days 00:53:36.225000,0 days 01:50:33.320000
2024-06-23 13:56:50.838,10649,300,8,100,False,0,car,0 days 00:53:36.425000,0 days 01:50:33.520000
2024-06-23 13:56:51.038,10672,299,8,100,False,0,car,0 days 00:53:36.625000,0 days 01:50:33.720000
2024-06-23 13:56:51.278,10687,301,8,100,False,0,car,0 days 00:53:36.865000,0 days 01:50:33.960000
2024-06-23 13:56:51.678,10696,301,8,100,False,0,car,0 days 00:53:37.265000,0 days 01:50:34.360000
2024-06-23 13:56:52.119,10731,302,8,100,False,0,car,0 days 00:53:37.706000,0 days 01:50:34.801000
2024-06-23 13:56:52.519,10745,302,8,100,False,0,car,0 days 00:53:38.106000,0 days 01:50:35.201000
2024-06-23 13:56:52.719,10740,302,8,100,False,0,car,0 days 00:53:38.306000,0 days 01:50:35.401000
2024-06-23 13:56:52.918,10737,302,8,100,False,0,car,0 days 00:53:38.505000,0 days 01:50:35.600000
2024-06-23 13:56:53.358,10805,303,8,100,False,0,car,0 days 00:53:38.945000,0 days 01:50:36.040000
2024-06-23 13:56:53.638,10798,303,8,100,False,0,car,0 days 00:53:39.225000,0 days 01:50:36.320000
2024-06-23 13:56:53.838,10825,304,8,100,False,0,car,0 days 00:53:39.425000,0 days 01:50:36.520000
2024-06-23 13:56:53.998,10825,303,8,100,False,0,car,0 days 00:53:39.585000,0 days 01:50:36.680000
2024-06-23 13:56:54.318,10817,304,8,100,False,0,car,0 days 00:53:39.905000,0 days 01:50:37
2024-06-23 13:56:54.638,10792,305,8,100,False,0,car,0 days 00:53:40.225000,0 days 01:50:37.320000
2024-06-23 13:56:54.958,10699,300,8,100,True,0,car,0 days 00:53:40.545000,0 days 01:50:37.640000
2024-06-23 13:56:55.358,8960,258,8,0,True,0,car,0 days 00:53:40.945000,0 days 01:50:38.040000
2024-06-23 13:56:55.518,8873,244,8,0,True,0,car,0 days 00:53:41.105000,0 days 01:50:38.200000
2024-06-23 13:56:55.678,8756,233,7,0,True,0,car,0 days 00:53:41.265000,0 days 01:50:38.360000
2024-06-23 13:56:56.038,9016,196,7,0,True,0,car,0 days 00:53:41.625000,0 days 01:50:38.720000
2024-06-23 13:56:56.398,8833,165,5,0,True,0,car,0 days 00:53:41.985000,0 days 01:50:39.080000
2024-06-23 13:56:56.638,9093,148,5,0,True,0,car,0 days 00:53:42.225000,0 days 01:50:39.320000
2024-06-23 13:56:56.878,8780,148,4,0,True,0,car,0 days 00:53:42.465000,0 days 01:50:39.560000
2024-06-23 13:56:57.118,8366,137,4,0,True,0,car,0 days 00:53:42.705000,0 days 01:50:39.800000
2024-06-23 13:56:57.318,8210,133,4,0,False,0,car,0 days 00:53:42.905000,0 days 01:50:40
2024-06-23 13:56:57.518,8158,132,4,0,False,0,car,0 days 00:53:43.105000,0 days 01:50:40.200000
2024-06-23 13:56:57.838,7997,128,4,1,False,0,car,0 days 00:53:43.425000,0 days 01:50:40.520000
2024-06-23 13:56:58.078,7817,126,4,5,False,0,car,0 days 00:53:43.665000,0 days 01:50:40.760000
2024-06-23 13:56:58.278,7794,125,4,22,False,0,car,0 days 00:53:43.865000,0 days 01:50:40.960000
2024-06-23 13:56:58.639,8073,127,4,49,False,0,car,0 days 00:53:44.226000,0 days 01:50:41.321000
2024-06-23 13:56:59.039,8876,135,4,63,False,0,car,0 days 00:53:44.626000,0 days 01:50:41.721000
2024-06-23 13:56:59.279,9129,140,4,73,False,0,car,0 days 00:53:44.866000,0 days 01:50:41.961000
2024-06-23 13:56:59.439,9519,144,4,78,False,0,car,0 days 00:53:45.026000,0 days 01:50:42.121000
2024-06-23 13:56:59.718,8741,155,4,75,False,0,car,0 days 00:53:45.305000,0 days 01:50:42.400000
2024-06-23 13:57:00.118,8478,159,5,39,False,0,car,0 days 00:53:45.705000,0 days 01:50:42.800000
2024-06-23 13:57:00.318,8574,158,5,45,False,0,car,0 days 00:53:45.905000,0 days 01:50:43
2024-06-23 13:57:00.478,8502,159,5,51,False,0,car,0 days 00:53:46.065000,0 days 01:50:43.160000
2024-06-23 13:57:00.718,8763,159,5,58,False,0,car,0 days 00:53:46.305000,0 days 01:50:43.400000
2024-06-23 13:57:00.958,8917,164,5,70,False,0,car,0 days 00:53:46.545000,0 days 01:50:43.640000
2024-06-23 13:57:01.158,9138,169,5,78,False,0,car,0 days 00:53:46.745000,0 days 01:50:43.840000
2024-06-23 13:57:01.358,9484,173,5,88,False,0,car,0 days 00:53:46.945000,0 days 01:50:44.040000
2024-06-23 13:57:01.798,10126,186,5,100,False,0,car,0 days 00:53:47.385000,0 days 01:50:44.480000
2024-06-23 13:57:02.118,10754,196,5,100,False,0,car,0 days 00:53:47.705000,0 days 01:50:44.800000
2024-06-23 13:57:02.318,11053,200,5,100,False,0,car,0 days 00:53:47.905000,0 days 01:50:45
2024-06-23 13:57:02.558,10861,209,5,100,False,0,car,0 days 00:53:48.145000,0 days 01:50:45.240000
2024-06-23 13:57:02.958,9990,217,6,78,False,0,car,0 days 00:53:48.545000,0 days 01:50:45.640000
2024-06-23 13:57:03.238,9616,216,6,74,False,0,car,0 days 00:53:48.825000,0 days 01:50:45.920000
2024-06-23 13:57:03.598,9490,211,6,10,False,0,car,0 days 00:53:49.185000,0 days 01:50:46.280000
2024-06-23 13:57:03.798,9412,206,6,30,False,0,car,0 days 00:53:49.385000,0 days 01:50:46.480000
2024-06-23 13:57:03.998,9280,204,6,36,False,0,car,0 days 00:53:49.585000,0 days 01:50:46.680000
2024-06-23 13:57:04.238,9217,201,6,45,False,0,car,0 days 00:53:49.825000,0 days 01:50:46.920000
2024-06-23 13:57:04.478,9297,201,6,62,False,0,car,0 days 00:53:50.065000,0 days 01:50:47.160000
2024-06-23 13:57:04.918,9421,202,6,74,False,0,car,0 days 00:53:50.505000,0 days 01:50:47.600000
2024-06-23 13:57:05.198,9799,203,6,100,False,0,car,0 days 00:53:50.785000,0 days 01:50:47.880000
2024-06-23 13:57:05.359,9874,212,6,100,False,0,car,0 days 00:53:50.946000,0 days 01:50:48.041000
2024-06-23 13:57:05.679,10241,218,6,100,False,0,car,0 days 00:53:51.266000,0 days 01:50:48.361000
2024-06-23 13:57:05.959,10413,225,6,100,False,0,car,0 days 00:53:51.546000,0 days 01:50:48.641000
2024-06-23 13:57:06.119,10696,225,6,100,False,0,car,0 days 00:53:51.706000,0 days 01:50:48.801000
2024-06-23 13:57:06.398,10849,230,6,95,False,0,car,0 days 00:53:51.985000,0 days 01:50:49.080000
2024-06-23 13:57:06.638,10938,234,6,100,False,0,car,0 days 00:53:52.225000,0 days 01:50:49.320000
2024-06-23 13:57:06.958,11181,242,6,90,False,0,car,0 days 00:53:52.545000,0 days 01:50:49.640000
2024-06-23 13:57:07.238,11299,245,6,90,False,0,car,0 days 00:53:52.825000,0 days 01:50:49.920000
2024-06-23 13:57:07.598,11577,247,6,100,False,0,car,0 days 00:53:53.185000,0 days 01:50:50.280000
2024-06-23 13:57:07.758,11649,253,6,100,False,0,car,0 days 00:53:53.345000,0 days 01:50:50.440000
2024-06-23 13:57:07.998,11588,256,6,100,False,0,car,0 days 00:53:53.585000,0 days 01:50:50.680000
2024-06-23 13:57:08.198,10540,259,6,100,False,0,car,0 days 00:53:53.785000,0 days 01:50:50.880000
2024-06-23 13:57:08.598,10640,264,7,100,False,0,car,0 days 00:53:54.185000,0 days 01:50:51.280000
2024-06-23 13:57:09.038,10841,271,7,100,False,0,car,0 days 00:53:54.625000,0 days 01:50:51.720000
2024-06-23 13:57:09.238,11037,273,7,100,False,0,car,0 days 00:53:54.825000,0 days 01:50:51.920000
2024-06-23 13:57:09.398,11124,274,7,100,False,0,car,0 days 00:53:54.985000,0 days 01:50:52.080000
2024-06-23 13:57:09.598,11141,278,7,100,False,0,car,0 days 00:53:55.185000,0 days 01:50:52.280000
2024-06-23 13:57:09.838,11261,279,7,100,False,0,car,0 days 00:53:55.425000,0 days 01:50:52.520000
2024-06-23 13:57:09.998,11297,281,7,100,False,0,car,0 days 00:53:55.585000,0 days 01:50:52.680000
2024-06-23 13:57:10.158,11321,282,7,100,False,0,car,0 days 00:53:55.745000,0 days 01:50:52.840000
2024-06-23 13:57:10.358,11330,285,7,100,False,0,car,0 days 00:53:55.945000,0 days 01:50:53.040000
2024-06-23 13:57:10.678,11242,274,7,0,True,0,car,0 days 00:53:56.265000,0 days 01:50:53.360000
2024-06-23 13:57:10.878,10099,255,7,0,True,0,car,0 days 00:53:56.465000,0 days 01:50:53.560000
2024-06-23 13:57:11.358,9466,202,6,0,True,0,car,0 days 00:53:56.945000,0 days 01:50:54.040000
2024-06-23 13:57:11.558,9540,186,5,0,True,0,car,0 days 00:53:57.145000,0 days 01:50:54.240000
2024-06-23 13:57:11.879,9608,172,5,0,True,0,car,0 days 00:53:57.466000,0 days 01:50:54.561000
2024-06-23 13:57:12.159,9601,157,4,0,True,0,car,0 days 00:53:57.746000,0 days 01:50:54.841000
2024-06-23 13:57:12.319,9333,154,4,0,True,0,car,0 days 00:53:57.906000,0 days 01:50:55.001000
2024-06-23 13:57:12.559,9175,146,4,0,True,0,car,0 days 00:53:58.146000,0 days 01:50:55.241000
2024-06-23 13:57:12.839,8630,141,4,0,True,0,car,0 days 00:53:58.426000,0 days 01:50:55.521000
2024-06-23 13:57:13.039,8429,136,4,0,True,0,car,0 days 00:53:58.626000,0 days 01:50:55.721000
2024-06-23 13:57:13.398,7728,132,4,0,True,0,car,0 days 00:53:58.985000,0 days 01:50:56.080000
2024-06-23 13:57:13.798,7526,122,4,0,False,0,car,0 days 00:53:59.385000,0 days 01:50:56.480000
2024-06-23 13:57:14.078,7544,119,4,10,False,0,car,0 days 00:53:59.665000,0 days 01:50:56.760000
2024-06-23 13:57:14.318,7751,119,4,42,False,0,car,0 days 00:53:59.905000,0 days 01:50:57
2024-06-23 13:57:14.598,8018,123,4,46,False,0,car,0 days 00:54:00.185000,0 days 01:50:57.280000
2024-06-23 13:57:14.958,8259,126,4,56,False,0,car,0 days 00:54:00.545000,0 days 01:50:57.640000
2024-06-23 13:57:15.238,8812,134,4,61,False,0,car,0 days 00:54:00.825000,0 days 01:50:57.920000
2024-06-23 13:57:15.398,8916,136,4,63,False,0,car,0 days 00:54:00.985000,0 days 01:50:58.080000
2024-06-23 13:57:15.598,9056,138,4,63,False,0,car,0 days 00:54:01.185000,0 days 01:50:58.280000
2024-06-23 13:57:15.878,9808,146,4,79,False,0,car,0 days 00:54:01.465000,0 days 01:50:58.560000
2024-06-23 13:57:16.318,10811,163,4,86,False,0,car,0 days 00:54:01.905000,0 days 01:50:59
2024-06-23 13:57:16.678,11423,174,4,100,False,0,car,0 days 00:54:02.265000,0 days 01:50:59.360000
2024-06-23 13:57:16.838,10303,181,4,100,False,0,car,0 days 00:54:02.425000,0 days 01:50:59.520000
2024-06-23 13:57:17.038,10414,192,5,100,False,0,car,0 days 00:54:02.625000,0 days 01:50:59.720000
2024-06-23 13:57:17.198,10660,194,5,100,False,0,car,0 days 00:54:02.785000,0 days 01:50:59.880000
2024-06-23 13:57:17.518,11119,203,5,100,False,0,car,0 days 00:54:03.105000,0 days 01:51:00.200000
2024-06-23 13:57:17.718,11353,209,5,100,False,0,car,0 days 00:54:03.305000,0 days 01:51:00.400000
2024-06-23 13:57:18.158,11865,221,5,100,False,0,car,0 days 00:54:03.745000,0 days 01:51:00.840000
2024-06-23 13:57:18.358,11305,226,5,100,False,0,car,0 days 00:54:03.945000,0 days 01:51:01.040000
2024-06-23 13:57:18.559,10774,231,6,100,False,0,car,0 days 00:54:04.146000,0 days 01:51:01.241000
2024-06-23 13:57:18.759,10784,235,6,100,False,0,car,0 days 00:54:04.346000,0 days 01:51:01.441000
2024-06-23 13:57:18.959,10937,239,6,100,False,0,car,0 days 00:54:04.546000,0 days 01:51:01.641000
2024-06-23 13:57:19.239,10852,241,6,100,False,0,car,0 days 00:54:04.826000,0 days 01:51:01.921000
2024-06-23 13:57:19.439,10106,227,6,0,True,0,car,0 days 00:54:05.026000,0 days 01:51:02.121000
2024-06-23 13:57:19.759,9833,227,6,0,True,0,car,0 days 00:54:05.346000,0 days 01:51:02.441000
2024-06-23 13:57:19.958,9270,179,5,0,True,0,car,0 days 00:54:05.545000,0 days 01:51:02.640000
2024-06-23 13:57:20.198,9801,162,5,0,True,0,car,0 days 00:54:05.785000,0 days 01:51:02.880000
2024-06-23 13:57:20.398,9214,149,4,0,True,0,car,0 days 00:54:05.985000,0 days 01:51:03.080000
2024-06-23 13:57:20.838,9024,126,3,0,True,0,car,0 days 00:54:06.425000,0 days 01:51:03.520000
2024-06-23 13:57:21.238,8288,115,3,0,True,0,car,0 days 00:54:06.825000,0 days 01:51:03.920000
2024-06-23 13:57:21.398,7980,113,3,0,True,0,car,0 days 00:54:06.985000,0 days 01:51:04.080000
2024-06-23 13:57:21.558,7980,109,3,0,True,0,car,0 days 00:54:07.145000,0 days 01:51:04.240000
2024-06-23 13:57:21.838,7531,104,3,0,True,0,car,0 days 00:54:07.425000,0 days 01:51:04.520000
2024-06-23 13:57:22.038,7256,101,3,0,True,0,car,0 days 00:54:07.625000,0 days 01:51:04.720000
2024-06-23 13:57:22.318,7102,97,3,0,False,0,car,0 days 00:54:07.905000,0 days 01:51:05
2024-06-23 13:57:22.518,6899,95,3,0,False,0,car,0 days 00:54:08.105000,0 days 01:51:05.200000
2024-06-23 13:57:22.958,6870,92,3,18,False,0,car,0 days 00:54:08.545000,0 days 01:51:05.640000
2024-06-23 13:57:23.318,7168,93,3,28,False,0,car,0 days 00:54:08.905000,0 days 01:51:06
2024-06-23 13:57:23.638,7599,97,3,39,False,0,car,0 days 00:54:09.225000,0 days 01:51:06.320000
2024-06-23 13:57:23.878,8047,101,3,48,False,0,car,0 days 00:54:09.465000,0 days 01:51:06.560000
2024-06-23 13:57:24.158,8658,110,3,58,False,0,car,0 days 00:54:09.745000,0 days 01:51:06.840000
2024-06-23 13:57:24.358,9189,116,3,67,False,0,car,0 days 00:54:09.945000,0 days 01:51:07.040000
2024-06-23 13:57:24.558,9883,123,3,76,False,0,car,0 days 00:54:10.145000,0 days 01:51:07.240000
2024-06-23 13:57:24.758,10900,132,3,84,False,0,car,0 days 00:54:10.345000,0 days 01:51:07.440000
2024-06-23 13:57:24.999,10662,142,3,90,False,0,car,0 days 00:54:10.586000,0 days 01:51:07.681000
2024-06-23 13:57:25.359,11098,161,4,96,False,0,car,0 days 00:54:10.946000,0 days 01:51:08.041000
2024-06-23 13:57:25.559,11290,171,4,100,False,0,car,0 days 00:54:11.146000,0 days 01:51:08.241000
2024-06-23 13:57:25.799,10708,179,4,100,False,0,car,0 days 00:54:11.386000,0 days 01:51:08.481000
2024-06-23 13:57:26.199,10425,193,5,100,False,0,car,0 days 00:54:11.786000,0 days 01:51:08.881000
2024-06-23 13:57:26.439,10905,204,5,100,False,0,car,0 days 00:54:12.026000,0 days 01:51:09.121000
2024-06-23 13:57:26.718,11364,208,5,100,False,0,car,0 days 00:54:12.305000,0 days 01:51:09.400000
2024-06-23 13:57:26.958,11660,218,5,100,False,0,car,0 days 00:54:12.545000,0 days 01:51:09.640000
2024-06-23 13:57:27.158,11240,224,5,100,False,0,car,0 days 00:54:12.745000,0 days 01:51:09.840000
2024-06-23 13:57:27.318,10562,227,5,100,False,0,car,0 days 00:54:12.905000,0 days 01:51:10
2024-06-23 13:57:27.558,10816,234,6,100,False,0,car,0 days 00:54:13.145000,0 days 01:51:10.240000
2024-06-23 13:57:27.718,10938,236,6,100,False,0,car,0 days 00:54:13.305000,0 days 01:51:10.400000
2024-06-23 13:57:27.918,11122,240,6,100,False,0,car,0 days 00:54:13.505000,0 days 01:51:10.600000
2024-06-23 13:57:28.158,11286,243,6,100,False,0,car,0 days 00:54:13.745000,0 days 01:51:10.840000
2024-06-23 13:57:28.438,11498,249,6,100,False,0,car,0 days 00:54:14.025000,0 days 01:51:11.120000
2024-06-23 13:57:28.598,11579,252,6,100,False,0,car,0 days 00:54:14.185000,0 days 01:51:11.280000
2024-06-23 13:57:28.758,11527,254,6,100,False,0,car,0 days 00:54:14.345000,0 days 01:51:11.440000
2024-06-23 13:57:28.958,11545,251,6,0,True,0,car,0 days 00:54:14.545000,0 days 01:51:11.640000
2024-06-23 13:57:29.318,9673,222,6,0,True,0,car,0 days 00:54:14.905000,0 days 01:51:12
2024-06-23 13:57:29.478,9752,202,6,0,True,0,car,0 days 00:54:15.065000,0 days 01:51:12.160000
2024-06-23 13:57:29.718,9344,192,5,0,True,0,car,0 days 00:54:15.305000,0 days 01:51:12.400000
2024-06-23 13:57:29.958,9985,161,4,0,True,0,car,0 days 00:54:15.545000,0 days 01:51:12.640000
2024-06-23 13:57:30.158,9263,152,4,0,True,0,car,0 days 00:54:15.745000,0 days 01:51:12.840000
2024-06-23 13:57:30.438,8827,145,4,0,True,0,car,0 days 00:54:16.025000,0 days 01:51:13.120000
2024-06-23 13:57:30.638,8671,139,4,0,True,0,car,0 days 00:54:16.225000,0 days 01:51:13.320000
2024-06-23 13:57:30.958,8359,135,4,0,False,0,car,0 days 00:54:16.545000,0 days 01:51:13.640000
2024-06-23 13:57:31.238,8200,132,4,0,False,0,car,0 days 00:54:16.825000,0 days 01:51:13.920000
2024-06-23 13:57:31.438,8251,129,4,0,False,0,car,0 days 00:54:17.025000,0 days 01:51:14.120000
2024-06-23 13:57:31.719,8288,128,4,30,False,0,car,0 days 00:54:17.306000,0 days 01:51:14.401000
2024-06-23 13:57:32.079,8435,131,4,54,False,0,car,0 days 00:54:17.666000,0 days 01:51:14.761000
2024-06-23 13:57:32.319,8723,134,4,61,False,0,car,0 days 00:54:17.906000,0 days 01:51:15.001000
2024-06-23 13:57:32.599,9479,143,4,82,False,0,car,0 days 00:54:18.186000,0 days 01:51:15.281000
2024-06-23 13:57:33.039,10561,160,4,88,False,0,car,0 days 00:54:18.626000,0 days 01:51:15.721000
2024-06-23 13:57:33.478,11893,178,4,100,False,0,car,0 days 00:54:19.065000,0 days 01:51:16.160000
2024-06-23 13:57:33.758,10350,188,5,100,False,0,car,0 days 00:54:19.345000,0 days 01:51:16.440000
2024-06-23 13:57:34.038,10769,195,5,100,False,0,car,0 days 00:54:19.625000,0 days 01:51:16.720000
2024-06-23 13:57:34.198,11022,200,5,100,False,0,car,0 days 00:54:19.785000,0 days 01:51:16.880000
2024-06-23 13:57:34.558,11369,212,5,100,False,0,car,0 days 00:54:20.145000,0 days 01:51:17.240000
2024-06-23 13:57:34.758,11625,217,5,100,False,0,car,0 days 00:54:20.345000,0 days 01:51:17.440000
2024-06-23 13:57:35.038,10895,223,5,100,False,0,car,0 days 00:54:20.625000,0 days 01:51:17.720000
2024-06-23 13:57:35.398,10687,233,6,100,False,0,car,0 days 00:54:20.985000,0 days 01:51:18.080000
2024-06-23 13:57:35.598,10835,236,6,100,False,0,car,0 days 00:54:21.185000,0 days 01:51:18.280000
2024-06-23 13:57:35.758,11032,238,6,100,False,0,car,0 days 00:54:21.345000,0 days 01:51:18.440000
2024-06-23 13:57:35.958,11116,244,6,100,False,0,car,0 days 00:54:21.545000,0 days 01:51:18.640000
2024-06-23 13:57:36.158,11161,244,6,100,False,0,car,0 days 00:54:21.745000,0 days 01:51:18.840000
2024-06-23 13:57:36.438,10767,241,6,0,False,0,car,0 days 00:54:22.025000,0 days 01:51:19.120000
2024-06-23 13:57:36.718,10642,236,6,0,False,0,car,0 days 00:54:22.305000,0 days 01:51:19.400000
2024-06-23 13:57:36.958,10353,229,6,34,False,0,car,0 days 00:54:22.545000,0 days 01:51:19.640000
2024-06-23 13:57:37.238,10322,223,6,45,False,0,car,0 days 00:54:22.825000,0 days 01:51:19.920000
2024-06-23 13:57:37.398,10186,222,6,55,False,0,car,0 days 00:54:22.985000,0 days 01:51:20.080000
2024-06-23 13:57:37.598,10153,220,6,62,False,0,car,0 days 00:54:23.185000,0 days 01:51:20.280000
2024-06-23 13:57:37.758,10238,220,6,73,False,0,car,0 days 00:54:23.345000,0 days 01:51:20.440000
2024-06-23 13:57:37.998,10238,221,6,73,False,0,car,0 days 00:54:23.585000,0 days 01:51:20.680000
2024-06-23 13:57:38.279,10370,223,6,81,False,0,car,0 days 00:54:23.866000,0 days 01:51:20.961000
2024-06-23 13:57:38.679,10665,226,6,86,False,0,car,0 days 00:54:24.266000,0 days 01:51:21.361000
2024-06-23 13:57:39.039,10812,233,6,100,False,0,car,0 days 00:54:24.626000,0 days 01:51:21.721000
2024-06-23 13:57:39.199,10874,235,6,100,False,0,car,0 days 00:54:24.786000,0 days 01:51:21.881000
2024-06-23 13:57:39.519,11148,242,6,100,False,0,car,0 days 00:54:25.106000,0 days 01:51:22.201000
2024-06-23 13:57:39.679,11226,245,6,100,False,0,car,0 days 00:54:25.266000,0 days 01:51:22.361000
2024-06-23 13:57:39.839,11323,247,6,100,False,0,car,0 days 00:54:25.426000,0 days 01:51:22.521000
2024-06-23 13:57:40.158,11607,253,6,100,False,0,car,0 days 00:54:25.745000,0 days 01:51:22.840000
2024-06-23 13:57:40.318,11660,256,6,100,False,0,car,0 days 00:54:25.905000,0 days 01:51:23
2024-06-23 13:57:40.518,11821,259,6,100,False,0,car,0 days 00:54:26.105000,0 days 01:51:23.200000
2024-06-23 13:57:40.678,11181,260,6,100,False,0,car,0 days 00:54:26.265000,0 days 01:51:23.360000
2024-06-23 13:57:40.958,10592,265,7,100,False,0,car,0 days 00:54:26.545000,0 days 01:51:23.640000
2024-06-23 13:57:41.118,10779,266,7,100,False,0,car,0 days 00:54:26.705000,0 days 01:51:23.800000
2024-06-23 13:57:41.358,10814,270,7,100,False,0,car,0 days 00:54:26.945000,0 days 01:51:24.040000
2024-06-23 13:57:41.758,11002,274,7,100,False,0,car,0 days 00:54:27.345000,0 days 01:51:24.440000
2024-06-23 13:57:42.078,11119,278,7,100,False,0,car,0 days 00:54:27.665000,0 days 01:51:24.760000
2024-06-23 13:57:42.318,11241,279,7,100,False,0,car,0 days 00:54:27.905000,0 days 01:51:25
2024-06-23 13:57:42.598,11345,282,7,100,False,0,car,0 days 00:54:28.185000,0 days 01:51:25.280000
2024-06-23 13:57:42.878,11407,285,7,100,False,0,car,0 days 00:54:28.465000,0 days 01:51:25.560000
2024-06-23 13:57:43.238,11545,288,7,100,False,0,car,0 days 00:54:28.825000,0 days 01:51:25.920000
2024-06-23 13:57:43.518,11583,289,7,100,False,0,car,0 days 00:54:29.105000,0 days 01:51:26.200000
2024-06-23 13:57:43.838,11575,289,7,98,False,0,car,0 days 00:54:29.425000,0 days 01:51:26.520000
2024-06-23 13:57:44.078,10872,278,7,0,True,0,car,0 days 00:54:29.665000,0 days 01:51:26.760000
2024-06-23 13:57:44.358,9776,260,7,0,True,0,car,0 days 00:54:29.945000,0 days 01:51:27.040000
2024-06-23 13:57:44.679,9432,222,6,0,True,0,car,0 days 00:54:30.266000,0 days 01:51:27.361000
2024-06-23 13:57:44.999,9239,180,5,0,True,0,car,0 days 00:54:30.586000,0 days 01:51:27.681000
2024-06-23 13:57:45.239,9730,159,5,0,True,0,car,0 days 00:54:30.826000,0 days 01:51:27.921000
2024-06-23 13:57:45.439,9018,148,4,0,True,0,car,0 days 00:54:31.026000,0 days 01:51:28.121000
2024-06-23 13:57:45.879,9545,132,3,0,True,0,car,0 days 00:54:31.466000,0 days 01:51:28.561000
2024-06-23 13:57:46.119,8980,127,3,0,True,0,car,0 days 00:54:31.706000,0 days 01:51:28.801000
2024-06-23 13:57:46.319,8640,121,3,0,True,0,car,0 days 00:54:31.906000,0 days 01:51:29.001000
2024-06-23 13:57:46.639,8308,114,3,0,True,0,car,0 days 00:54:32.226000,0 days 01:51:29.321000
2024-06-23 13:57:47.038,7881,108,3,0,False,0,car,0 days 00:54:32.625000,0 days 01:51:29.720000
2024-06-23 13:57:47.278,7870,106,3,0,False,0,car,0 days 00:54:32.865000,0 days 01:51:29.960000
2024-06-23 13:57:47.558,7821,102,3,14,False,0,car,0 days 00:54:33.145000,0 days 01:51:30.240000
2024-06-23 13:57:47.718,7769,101,3,24,False,0,car,0 days 00:54:33.305000,0 days 01:51:30.400000
2024-06-23 13:57:48.078,7920,103,3,34,False,0,car,0 days 00:54:33.665000,0 days 01:51:30.760000
2024-06-23 13:57:48.278,7987,105,3,35,False,0,car,0 days 00:54:33.865000,0 days 01:51:30.960000
2024-06-23 13:57:48.478,8144,106,3,39,False,0,car,0 days 00:54:34.065000,0 days 01:51:31.160000
2024-06-23 13:57:48.838,8535,112,3,45,False,0,car,0 days 00:54:34.425000,0 days 01:51:31.520000
2024-06-23 13:57:48.998,8395,113,3,45,False,0,car,0 days 00:54:34.585000,0 days 01:51:31.680000
2024-06-23 13:57:49.198,7656,117,4,52,False,0,car,0 days 00:54:34.785000,0 days 01:51:31.880000
2024-06-23 13:57:49.398,7961,121,4,57,False,0,car,0 days 00:54:34.985000,0 days 01:51:32.080000
2024-06-23 13:57:49.598,8275,126,4,60,False,0,car,0 days 00:54:35.185000,0 days 01:51:32.280000
2024-06-23 13:57:49.758,8492,131,4,64,False,0,car,0 days 00:54:35.345000,0 days 01:51:32.440000
2024-06-23 13:57:49.998,8976,137,4,71,False,0,car,0 days 00:54:35.585000,0 days 01:51:32.680000
2024-06-23 13:57:50.158,9282,139,4,78,False,0,car,0 days 00:54:35.745000,0 days 01:51:32.840000
2024-06-23 13:57:50.318,9753,147,4,81,False,0,car,0 days 00:54:35.905000,0 days 01:51:33
2024-06-23 13:57:50.638,10356,161,4,84,False,0,car,0 days 00:54:36.225000,0 days 01:51:33.320000
2024-06-23 13:57:51.118,11309,176,4,100,False,0,car,0 days 00:54:36.705000,0 days 01:51:33.800000
2024-06-23 13:57:51.439,10889,190,4,100,False,0,car,0 days 00:54:37.026000,0 days 01:51:34.121000
2024-06-23 13:57:51.919,10826,197,5,0,True,0,car,0 days 00:54:37.506000,0 days 01:51:34.601000
2024-06-23 13:57:52.159,9397,180,5,0,True,0,car,0 days 00:54:37.746000,0 days 01:51:34.841000
2024-06-23 13:57:52.599,9517,159,4,0,True,0,car,0 days 00:54:38.186000,0 days 01:51:35.281000
2024-06-23 13:57:52.799,8929,149,4,0,True,0,car,0 days 00:54:38.386000,0 days 01:51:35.481000
2024-06-23 13:57:53.079,8368,138,4,0,True,0,car,0 days 00:54:38.666000,0 days 01:51:35.761000
2024-06-23 13:57:53.319,7856,131,4,0,True,0,car,0 days 00:54:38.906000,0 days 01:51:36.001000
2024-06-23 13:57:53.798,7391,121,4,0,True,0,car,0 days 00:54:39.385000,0 days 01:51:36.480000
2024-06-23 13:57:54.118,7177,117,4,0,False,0,car,0 days 00:54:39.705000,0 days 01:51:36.800000
2024-06-23 13:57:54.358,7104,114,4,0,True,0,car,0 days 00:54:39.945000,0 days 01:51:37.040000
2024-06-23 13:57:54.558,6681,111,4,0,True,0,car,0 days 00:54:40.145000,0 days 01:51:37.240000
2024-06-23 13:57:54.758,6725,108,4,0,False,0,car,0 days 00:54:40.345000,0 days 01:51:37.440000
2024-06-23 13:57:54.998,6760,106,4,21,False,0,car,0 days 00:54:40.585000,0 days 01:51:37.680000
2024-06-23 13:57:55.238,6880,108,4,31,False,0,car,0 days 00:54:40.825000,0 days 01:51:37.920000
2024-06-23 13:57:55.478,7123,108,4,38,False,0,car,0 days 00:54:41.065000,0 days 01:51:38.160000
2024-06-23 13:57:55.678,7270,112,4,42,False,0,car,0 days 00:54:41.265000,0 days 01:51:38.360000
2024-06-23 13:57:55.878,7438,115,4,47,False,0,car,0 days 00:54:41.465000,0 days 01:51:38.560000
2024-06-23 13:57:56.278,7957,122,4,54,False,0,car,0 days 00:54:41.865000,0 days 01:51:38.960000
2024-06-23 13:57:56.558,8313,129,4,60,False,0,car,0 days 00:54:42.145000,0 days 01:51:39.240000
2024-06-23 13:57:56.878,8986,134,4,71,False,0,car,0 days 00:54:42.465000,0 days 01:51:39.560000
2024-06-23 13:57:57.358,10198,153,4,81,False,0,car,0 days 00:54:42.945000,0 days 01:51:40.040000
2024-06-23 13:57:57.678,10963,165,4,100,False,0,car,0 days 00:54:43.265000,0 days 01:51:40.360000
2024-06-23 13:57:57.919,11444,173,4,100,False,0,car,0 days 00:54:43.506000,0 days 01:51:40.601000
2024-06-23 13:57:58.239,10296,189,4,100,False,0,car,0 days 00:54:43.826000,0 days 01:51:40.921000
2024-06-23 13:57:58.519,10632,196,5,100,False,0,car,0 days 00:54:44.106000,0 days 01:51:41.201000
2024-06-23 13:57:58.759,11274,206,5,100,False,0,car,0 days 00:54:44.346000,0 days 01:51:41.441000
2024-06-23 13:57:58.919,11170,209,5,100,False,0,car,0 days 00:54:44.506000,0 days 01:51:41.601000
2024-06-23 13:57:59.159,11527,218,5,100,False,0,car,0 days 00:54:44.746000,0 days 01:51:41.841000
2024-06-23 13:57:59.439,10136,224,6,92,False,0,car,0 days 00:54:45.026000,0 days 01:51:42.121000
2024-06-23 13:57:59.679,10552,227,6,91,False,0,car,0 days 00:54:45.266000,0 days 01:51:42.361000
2024-06-23 13:57:59.879,10670,230,6,90,False,0,car,0 days 00:54:45.466000,0 days 01:51:42.561000
2024-06-23 13:58:00.119,10920,233,6,93,False,0,car,0 days 00:54:45.706000,0 days 01:51:42.801000
2024-06-23 13:58:00.478,11022,237,6,80,False,0,car,0 days 00:54:46.065000,0 days 01:51:43.160000
2024-06-23 13:58:00.758,11174,238,6,92,False,0,car,0 days 00:54:46.345000,0 days 01:51:43.440000
2024-06-23 13:58:01.078,11231,242,6,100,False,0,car,0 days 00:54:46.665000,0 days 01:51:43.760000
2024-06-23 13:58:01.438,11355,246,6,100,False,0,car,0 days 00:54:47.025000,0 days 01:51:44.120000
2024-06-23 13:58:01.638,11447,249,6,100,False,0,car,0 days 00:54:47.225000,0 days 01:51:44.320000
2024-06-23 13:58:01.878,11565,253,6,100,False,0,car,0 days 00:54:47.465000,0 days 01:51:44.560000
2024-06-23 13:58:02.158,11794,258,6,100,False,0,car,0 days 00:54:47.745000,0 days 01:51:44.840000
2024-06-23 13:58:02.398,11049,261,7,100,False,0,car,0 days 00:54:47.985000,0 days 01:51:45.080000
2024-06-23 13:58:02.758,10675,263,7,100,False,0,car,0 days 00:54:48.345000,0 days 01:51:45.440000
2024-06-23 13:58:02.918,10640,263,7,100,False,0,car,0 days 00:54:48.505000,0 days 01:51:45.600000
2024-06-23 13:58:03.078,10945,263,7,0,True,0,car,0 days 00:54:48.665000,0 days 01:51:45.760000
2024-06-23 13:58:03.358,10002,254,7,0,True,0,car,0 days 00:54:48.945000,0 days 01:51:46.040000
2024-06-23 13:58:03.718,10002,244,6,0,False,0,car,0 days 00:54:49.305000,0 days 01:51:46.400000
2024-06-23 13:58:03.878,10562,237,6,53,False,0,car,0 days 00:54:49.465000,0 days 01:51:46.560000
2024-06-23 13:58:04.118,10722,235,6,56,False,0,car,0 days 00:54:49.705000,0 days 01:51:46.800000
2024-06-23 13:58:04.358,10682,232,6,64,False,0,car,0 days 00:54:49.945000,0 days 01:51:47.040000
2024-06-23 13:58:04.519,10614,231,6,70,False,0,car,0 days 00:54:50.106000,0 days 01:51:47.201000
2024-06-23 13:58:04.759,10816,231,6,93,False,0,car,0 days 00:54:50.346000,0 days 01:51:47.441000
2024-06-23 13:58:05.159,11032,238,6,100,False,0,car,0 days 00:54:50.746000,0 days 01:51:47.841000
2024-06-23 13:58:05.359,11064,239,6,100,False,0,car,0 days 00:54:50.946000,0 days 01:51:48.041000
2024-06-23 13:58:05.599,11200,242,6,100,False,0,car,0 days 00:54:51.186000,0 days 01:51:48.281000
2024-06-23 13:58:05.879,11442,247,6,100,False,0,car,0 days 00:54:51.466000,0 days 01:51:48.561000
2024-06-23 13:58:06.119,11525,249,6,100,False,0,car,0 days 00:54:51.706000,0 days 01:51:48.801000
2024-06-23 13:58:06.359,11652,254,6,100,False,0,car,0 days 00:54:51.946000,0 days 01:51:49.041000
2024-06-23 13:58:06.639,11872,257,6,100,False,0,car,0 days 00:54:52.226000,0 days 01:51:49.321000
2024-06-23 13:58:07.118,10612,263,7,100,False,0,car,0 days 00:54:52.705000,0 days 01:51:49.800000
2024-06-23 13:58:07.438,10765,263,7,100,False,0,car,0 days 00:54:53.025000,0 days 01:51:50.120000
2024-06-23 13:58:07.758,10913,272,7,100,False,0,car,0 days 00:54:53.345000,0 days 01:51:50.440000
2024-06-23 13:58:07.958,11005,274,7,100,False,0,car,0 days 00:54:53.545000,0 days 01:51:50.640000
2024-06-23 13:58:08.238,11114,278,7,100,False,0,car,0 days 00:54:53.825000,0 days 01:51:50.920000
2024-06-23 13:58:08.438,11216,279,7,100,False,0,car,0 days 00:54:54.025000,0 days 01:51:51.120000
2024-06-23 13:58:08.638,11257,281,7,100,False,0,car,0 days 00:54:54.225000,0 days 01:51:51.320000
2024-06-23 13:58:08.958,11334,284,7,100,False,0,car,0 days 00:54:54.545000,0 days 01:51:51.640000
2024-06-23 13:58:09.158,11426,284,7,100,False,0,car,0 days 00:54:54.745000,0 days 01:51:51.840000
2024-06-23 13:58:09.598,11537,288,7,100,False,0,car,0 days 00:54:55.185000,0 days 01:51:52.280000
2024-06-23 13:58:09.918,11653,290,7,100,False,0,car,0 days 00:54:55.505000,0 days 01:51:52.600000
2024-06-23 13:58:10.118,11696,291,7,100,False,0,car,0 days 00:54:55.705000,0 days 01:51:52.800000
2024-06-23 13:58:10.318,11727,292,7,100,False,0,car,0 days 00:54:55.905000,0 days 01:51:53
2024-06-23 13:58:10.478,11734,293,7,100,False,0,car,0 days 00:54:56.065000,0 days 01:51:53.160000
2024-06-23 13:58:10.878,10361,295,8,100,False,0,car,0 days 00:54:56.465000,0 days 01:51:53.560000
2024-06-23 13:58:11.039,10518,296,8,100,False,0,car,0 days 00:54:56.626000,0 days 01:51:53.721000
2024-06-23 13:58:11.279,10545,297,8,100,False,0,car,0 days 00:54:56.866000,0 days 01:51:53.961000
2024-06-23 13:58:11.719,10620,298,8,100,False,0,car,0 days 00:54:57.306000,0 days 01:51:54.401000
2024-06-23 13:58:11.999,10626,298,8,100,False,0,car,0 days 00:54:57.586000,0 days 01:51:54.681000
2024-06-23 13:58:12.279,10624,299,8,100,False,0,car,0 days 00:54:57.866000,0 days 01:51:54.961000
2024-06-23 13:58:12.519,10705,300,8,100,False,0,car,0 days 00:54:58.106000,0 days 01:51:55.201000
2024-06-23 13:58:12.879,10711,301,8,100,False,0,car,0 days 00:54:58.466000,0 days 01:51:55.561000
2024-06-23 13:58:13.119,10742,301,8,100,False,0,car,0 days 00:54:58.706000,0 days 01:51:55.801000
2024-06-23 13:58:13.359,10742,302,8,100,False,0,car,0 days 00:54:58.946000,0 days 01:51:56.041000
2024-06-23 13:58:13.639,10764,303,8,100,False,0,car,0 days 00:54:59.226000,0 days 01:51:56.321000
2024-06-23 13:58:13.878,10765,304,8,100,False,0,car,0 days 00:54:59.465000,0 days 01:51:56.560000
2024-06-23 13:58:14.118,10816,305,8,100,False,0,car,0 days 00:54:59.705000,0 days 01:51:56.800000
2024-06-23 13:58:14.358,10843,304,8,100,False,0,car,0 days 00:54:59.945000,0 days 01:51:57.040000
2024-06-23 13:58:14.518,10841,305,8,100,False,0,car,0 days 00:55:00.105000,0 days 01:51:57.200000
2024-06-23 13:58:14.758,10846,305,8,100,False,0,car,0 days 00:55:00.345000,0 days 01:51:57.440000
2024-06-23 13:58:14.918,10865,306,8,100,False,0,car,0 days 00:55:00.505000,0 days 01:51:57.600000
2024-06-23 13:58:15.278,10911,306,8,100,False,0,car,0 days 00:55:00.865000,0 days 01:51:57.960000
2024-06-23 13:58:15.438,10911,307,8,100,False,0,car,0 days 00:55:01.025000,0 days 01:51:58.120000
2024-06-23 13:58:15.678,10906,307,8,100,False,0,car,0 days 00:55:01.265000,0 days 01:51:58.360000
2024-06-23 13:58:15.878,10912,307,8,100,False,0,car,0 days 00:55:01.465000,0 days 01:51:58.560000
2024-06-23 13:58:16.078,10902,307,8,100,False,0,car,0 days 00:55:01.665000,0 days 01:51:58.760000
2024-06-23 13:58:16.318,10946,308,8,100,False,0,car,0 days 00:55:01.905000,0 days 01:51:59
2024-06-23 13:58:16.558,10951,308,8,100,False,0,car,0 days 00:55:02.145000,0 days 01:51:59.240000
2024-06-23 13:58:16.918,10884,308,8,100,False,0,car,0 days 00:55:02.505000,0 days 01:51:59.600000
2024-06-23 13:58:17.238,10611,299,8,0,False,0,car,0 days 00:55:02.825000,0 days 01:51:59.920000
2024-06-23 13:58:17.478,10052,286,8,0,True,0,car,0 days 00:55:03.065000,0 days 01:52:00.160000
2024-06-23 13:58:17.639,9409,276,8,0,True,0,car,0 days 00:55:03.226000,0 days 01:52:00.321000
2024-06-23 13:58:17.839,9238,236,8,0,True,0,car,0 days 00:55:03.426000,0 days 01:52:00.521000
2024-06-23 13:58:18.119,9292,224,8,0,True,0,car,0 days 00:55:03.706000,0 days 01:52:00.801000
2024-06-23 13:58:18.319,8925,196,6,0,True,0,car,0 days 00:55:03.906000,0 days 01:52:01.001000
2024-06-23 13:58:18.519,9040,179,6,0,True,0,car,0 days 00:55:04.106000,0 days 01:52:01.201000
2024-06-23 13:58:18.799,9607,162,5,0,True,0,car,0 days 00:55:04.386000,0 days 01:52:01.481000
2024-06-23 13:58:18.959,9592,156,4,0,True,0,car,0 days 00:55:04.546000,0 days 01:52:01.641000
2024-06-23 13:58:19.159,9344,150,4,0,True,0,car,0 days 00:55:04.746000,0 days 01:52:01.841000
2024-06-23 13:58:19.399,9067,146,4,0,True,0,car,0 days 00:55:04.986000,0 days 01:52:02.081000
2024-06-23 13:58:19.679,8705,142,4,0,True,0,car,0 days 00:55:05.266000,0 days 01:52:02.361000
2024-06-23 13:58:19.959,8478,136,4,0,False,0,car,0 days 00:55:05.546000,0 days 01:52:02.641000
2024-06-23 13:58:20.279,8463,132,4,40,False,0,car,0 days 00:55:05.866000,0 days 01:52:02.961000
2024-06-23 13:58:20.638,8665,136,4,51,False,0,car,0 days 00:55:06.225000,0 days 01:52:03.320000
2024-06-23 13:58:20.998,9110,141,4,65,False,0,car,0 days 00:55:06.585000,0 days 01:52:03.680000
2024-06-23 13:58:21.198,9498,141,4,75,False,0,car,0 days 00:55:06.785000,0 days 01:52:03.880000
2024-06-23 13:58:21.478,9131,156,4,63,False,0,car,0 days 00:55:07.065000,0 days 01:52:04.160000
2024-06-23 13:58:21.638,8604,157,5,59,False,0,car,0 days 00:55:07.225000,0 days 01:52:04.320000
2024-06-23 13:58:21.998,8724,161,5,57,False,0,car,0 days 00:55:07.585000,0 days 01:52:04.680000
2024-06-23 13:58:22.158,8850,164,5,62,False,0,car,0 days 00:55:07.745000,0 days 01:52:04.840000
2024-06-23 13:58:22.358,9095,166,5,68,False,0,car,0 days 00:55:07.945000,0 days 01:52:05.040000
2024-06-23 13:58:22.558,9275,170,5,71,False,0,car,0 days 00:55:08.145000,0 days 01:52:05.240000
2024-06-23 13:58:22.798,9486,172,5,77,False,0,car,0 days 00:55:08.385000,0 days 01:52:05.480000
2024-06-23 13:58:23.118,10057,180,5,85,False,0,car,0 days 00:55:08.705000,0 days 01:52:05.800000
2024-06-23 13:58:23.518,10406,189,5,100,False,0,car,0 days 00:55:09.105000,0 days 01:52:06.200000
2024-06-23 13:58:23.758,10763,199,5,100,False,0,car,0 days 00:55:09.345000,0 days 01:52:06.440000
2024-06-23 13:58:23.918,10883,202,5,100,False,0,car,0 days 00:55:09.505000,0 days 01:52:06.600000
2024-06-23 13:58:24.118,11076,209,5,100,False,0,car,0 days 00:55:09.705000,0 days 01:52:06.800000
2024-06-23 13:58:24.319,10024,214,5,83,False,0,car,0 days 00:55:09.906000,0 days 01:52:07.001000
2024-06-23 13:58:24.719,10071,217,6,76,False,0,car,0 days 00:55:10.306000,0 days 01:52:07.401000
2024-06-23 13:58:24.959,10019,219,6,53,False,0,car,0 days 00:55:10.546000,0 days 01:52:07.641000
2024-06-23 13:58:25.119,9703,217,6,0,False,0,car,0 days 00:55:10.706000,0 days 01:52:07.801000
2024-06-23 13:58:25.399,9785,210,6,0,False,0,car,0 days 00:55:10.986000,0 days 01:52:08.081000
2024-06-23 13:58:25.639,9182,205,6,9,False,0,car,0 days 00:55:11.226000,0 days 01:52:08.321000
2024-06-23 13:58:25.839,9182,204,6,37,False,0,car,0 days 00:55:11.426000,0 days 01:52:08.521000
2024-06-23 13:58:26.199,9433,204,6,68,False,0,car,0 days 00:55:11.786000,0 days 01:52:08.881000
2024-06-23 13:58:26.519,9768,206,6,82,False,0,car,0 days 00:55:12.106000,0 days 01:52:09.201000
2024-06-23 13:58:26.879,10099,214,6,100,False,0,car,0 days 00:55:12.466000,0 days 01:52:09.561000
2024-06-23 13:58:27.039,10270,220,6,100,False,0,car,0 days 00:55:12.626000,0 days 01:52:09.721000
2024-06-23 13:58:27.278,10420,222,6,96,False,0,car,0 days 00:55:12.865000,0 days 01:52:09.960000
2024-06-23 13:58:27.438,10474,226,6,92,False,0,car,0 days 00:55:13.025000,0 days 01:52:10.120000
2024-06-23 13:58:27.638,10625,227,6,91,False,0,car,0 days 00:55:13.225000,0 days 01:52:10.320000
2024-06-23 13:58:27.838,10791,231,6,100,False,0,car,0 days 00:55:13.425000,0 days 01:52:10.520000
2024-06-23 13:58:28.038,10937,236,6,100,False,0,car,0 days 00:55:13.625000,0 days 01:52:10.720000
2024-06-23 13:58:28.198,11043,237,6,100,False,0,car,0 days 00:55:13.785000,0 days 01:52:10.880000
2024-06-23 13:58:28.438,11230,244,6,100,False,0,car,0 days 00:55:14.025000,0 days 01:52:11.120000
2024-06-23 13:58:28.758,11359,247,6,100,False,0,car,0 days 00:55:14.345000,0 days 01:52:11.440000
2024-06-23 13:58:28.998,11517,249,6,100,False,0,car,0 days 00:55:14.585000,0 days 01:52:11.680000
2024-06-23 13:58:29.278,11696,254,6,100,False,0,car,0 days 00:55:14.865000,0 days 01:52:11.960000
2024-06-23 13:58:29.598,10827,259,6,100,False,0,car,0 days 00:55:15.185000,0 days 01:52:12.280000
2024-06-23 13:58:29.838,10576,260,7,100,False,0,car,0 days 00:55:15.425000,0 days 01:52:12.520000
2024-06-23 13:58:30.078,10652,264,7,100,False,0,car,0 days 00:55:15.665000,0 days 01:52:12.760000
2024-06-23 13:58:30.518,10843,269,7,100,False,0,car,0 days 00:55:16.105000,0 days 01:52:13.200000
2024-06-23 13:58:30.839,10990,273,7,100,False,0,car,0 days 00:55:16.426000,0 days 01:52:13.521000
2024-06-23 13:58:30.999,11012,274,7,100,False,0,car,0 days 00:55:16.586000,0 days 01:52:13.681000
2024-06-23 13:58:31.359,11167,279,7,100,False,0,car,0 days 00:55:16.946000,0 days 01:52:14.041000
2024-06-23 13:58:31.799,11277,280,7,100,False,0,car,0 days 00:55:17.386000,0 days 01:52:14.481000
2024-06-23 13:58:31.999,11180,281,7,100,False,0,car,0 days 00:55:17.586000,0 days 01:52:14.681000
2024-06-23 13:58:32.399,10884,275,7,0,True,0,car,0 days 00:55:17.986000,0 days 01:52:15.081000
2024-06-23 13:58:32.679,9618,245,7,0,True,0,car,0 days 00:55:18.266000,0 days 01:52:15.361000
2024-06-23 13:58:32.879,9759,220,7,0,True,0,car,0 days 00:55:18.466000,0 days 01:52:15.561000
2024-06-23 13:58:33.159,9622,197,7,0,True,0,car,0 days 00:55:18.746000,0 days 01:52:15.841000
2024-06-23 13:58:33.399,9404,189,5,0,True,0,car,0 days 00:55:18.986000,0 days 01:52:16.081000
2024-06-23 13:58:33.639,10095,168,5,0,True,0,car,0 days 00:55:19.226000,0 days 01:52:16.321000
2024-06-23 13:58:34.038,9290,152,4,0,True,0,car,0 days 00:55:19.625000,0 days 01:52:16.720000
2024-06-23 13:58:34.278,8985,147,4,0,True,0,car,0 days 00:55:19.865000,0 days 01:52:16.960000
2024-06-23 13:58:34.438,8691,140,4,0,True,0,car,0 days 00:55:20.025000,0 days 01:52:17.120000
2024-06-23 13:58:34.638,8414,137,4,0,True,0,car,0 days 00:55:20.225000,0 days 01:52:17.320000
2024-06-23 13:58:35.918,7806,122,4,44,False,0,car,0 days 00:55:21.505000,0 days 01:52:18.600000
2024-06-23 13:58:36.158,8075,125,4,48,False,0,car,0 days 00:55:21.745000,0 days 01:52:18.840000
2024-06-23 13:58:36.358,8268,127,4,53,False,0,car,0 days 00:55:21.945000,0 days 01:52:19.040000
2024-06-23 13:58:36.518,8365,128,4,55,False,0,car,0 days 00:55:22.105000,0 days 01:52:19.200000
2024-06-23 13:58:36.678,8614,132,4,59,False,0,car,0 days 00:55:22.265000,0 days 01:52:19.360000
2024-06-23 13:58:36.878,8929,136,4,64,False,0,car,0 days 00:55:22.465000,0 days 01:52:19.560000
2024-06-23 13:58:37.158,9030,143,4,64,False,0,car,0 days 00:55:22.745000,0 days 01:52:19.840000
2024-06-23 13:58:37.359,9450,149,4,74,False,0,car,0 days 00:55:22.946000,0 days 01:52:20.041000
2024-06-23 13:58:37.519,9892,149,4,76,False,0,car,0 days 00:55:23.106000,0 days 01:52:20.201000
2024-06-23 13:58:37.799,10394,161,4,84,False,0,car,0 days 00:55:23.386000,0 days 01:52:20.481000
2024-06-23 13:58:38.159,11227,175,4,100,False,0,car,0 days 00:55:23.746000,0 days 01:52:20.841000
2024-06-23 13:58:38.359,11167,183,4,100,False,0,car,0 days 00:55:23.946000,0 days 01:52:21.041000
2024-06-23 13:58:38.519,10327,186,5,100,False,0,car,0 days 00:55:24.106000,0 days 01:52:21.201000
2024-06-23 13:58:38.719,10459,193,5,100,False,0,car,0 days 00:55:24.306000,0 days 01:52:21.401000
2024-06-23 13:58:39.039,10864,205,5,100,False,0,car,0 days 00:55:24.626000,0 days 01:52:21.721000
2024-06-23 13:58:39.279,11268,210,5,100,False,0,car,0 days 00:55:24.866000,0 days 01:52:21.961000
2024-06-23 13:58:39.639,11648,220,5,100,False,0,car,0 days 00:55:25.226000,0 days 01:52:22.321000
2024-06-23 13:58:39.879,11290,225,5,100,False,0,car,0 days 00:55:25.466000,0 days 01:52:22.561000
2024-06-23 13:58:40.119,10590,229,6,100,False,0,car,0 days 00:55:25.706000,0 days 01:52:22.801000
2024-06-23 13:58:40.479,10611,236,6,100,False,0,car,0 days 00:55:26.066000,0 days 01:52:23.161000
2024-06-23 13:58:40.798,10829,237,6,100,False,0,car,0 days 00:55:26.385000,0 days 01:52:23.480000
2024-06-23 13:58:40.958,10384,234,6,0,True,0,car,0 days 00:55:26.545000,0 days 01:52:23.640000
2024-06-23 13:58:41.198,9695,224,6,0,True,0,car,0 days 00:55:26.785000,0 days 01:52:23.880000
2024-06-23 13:58:41.438,9558,192,6,0,True,0,car,0 days 00:55:27.025000,0 days 01:52:24.120000
2024-06-23 13:58:41.718,9589,168,5,0,True,0,car,0 days 00:55:27.305000,0 days 01:52:24.400000
2024-06-23 13:58:42.078,9594,143,4,0,True,0,car,0 days 00:55:27.665000,0 days 01:52:24.760000
2024-06-23 13:58:42.318,9360,133,4,0,True,0,car,0 days 00:55:27.905000,0 days 01:52:25
2024-06-23 13:58:42.718,8452,120,3,0,True,0,car,0 days 00:55:28.305000,0 days 01:52:25.400000
2024-06-23 13:58:42.998,8019,112,3,0,True,0,car,0 days 00:55:28.585000,0 days 01:52:25.680000
2024-06-23 13:58:43.198,7765,106,3,0,True,0,car,0 days 00:55:28.785000,0 days 01:52:25.880000
2024-06-23 13:58:43.558,7190,99,3,0,True,0,car,0 days 00:55:29.145000,0 days 01:52:26.240000
2024-06-23 13:58:43.758,7041,95,3,0,True,0,car,0 days 00:55:29.345000,0 days 01:52:26.440000
2024-06-23 13:58:44.039,6791,91,3,0,False,0,car,0 days 00:55:29.626000,0 days 01:52:26.721000
2024-06-23 13:58:44.359,7003,92,3,27,False,0,car,0 days 00:55:29.946000,0 days 01:52:27.041000
2024-06-23 13:58:44.799,7365,96,3,35,False,0,car,0 days 00:55:30.386000,0 days 01:52:27.481000
2024-06-23 13:58:45.039,7645,100,3,35,False,0,car,0 days 00:55:30.626000,0 days 01:52:27.721000
2024-06-23 13:58:45.359,8212,105,3,52,False,0,car,0 days 00:55:30.946000,0 days 01:52:28.041000
2024-06-23 13:58:45.719,9066,114,3,61,False,0,car,0 days 00:55:31.306000,0 days 01:52:28.401000
2024-06-23 13:58:45.999,9241,124,3,67,False,0,car,0 days 00:55:31.586000,0 days 01:52:28.681000
2024-06-23 13:58:46.239,10440,132,3,80,False,0,car,0 days 00:55:31.826000,0 days 01:52:28.921000
2024-06-23 13:58:46.599,10069,149,4,100,False,0,car,0 days 00:55:32.186000,0 days 01:52:29.281000
2024-06-23 13:58:47.039,10981,169,4,100,False,0,car,0 days 00:55:32.626000,0 days 01:52:29.721000
2024-06-23 13:58:47.199,11388,173,4,100,False,0,car,0 days 00:55:32.786000,0 days 01:52:29.881000
2024-06-23 13:58:47.478,11213,182,4,100,False,0,car,0 days 00:55:33.065000,0 days 01:52:30.160000
2024-06-23 13:58:47.758,10625,200,5,100,False,0,car,0 days 00:55:33.345000,0 days 01:52:30.440000
2024-06-23 13:58:48.078,11038,209,5,100,False,0,car,0 days 00:55:33.665000,0 days 01:52:30.760000
2024-06-23 13:58:48.438,11784,221,5,100,False,0,car,0 days 00:55:34.025000,0 days 01:52:31.120000
2024-06-23 13:58:48.598,11877,221,5,100,False,0,car,0 days 00:55:34.185000,0 days 01:52:31.280000
2024-06-23 13:58:48.758,11877,228,6,100,False,0,car,0 days 00:55:34.345000,0 days 01:52:31.440000
2024-06-23 13:58:49.118,10887,234,6,100,False,0,car,0 days 00:55:34.705000,0 days 01:52:31.800000
2024-06-23 13:58:49.398,10999,241,6,100,False,0,car,0 days 00:55:34.985000,0 days 01:52:32.080000
2024-06-23 13:58:49.758,11358,246,6,100,False,0,car,0 days 00:55:35.345000,0 days 01:52:32.440000
2024-06-23 13:58:49.918,11448,249,6,100,False,0,car,0 days 00:55:35.505000,0 days 01:52:32.600000
2024-06-23 13:58:50.238,11504,252,6,100,False,0,car,0 days 00:55:35.825000,0 days 01:52:32.920000
2024-06-23 13:58:50.599,11124,246,6,0,True,0,car,0 days 00:55:36.186000,0 days 01:52:33.281000
2024-06-23 13:58:50.879,9654,213,6,0,True,0,car,0 days 00:55:36.466000,0 days 01:52:33.561000
2024-06-23 13:58:51.199,9735,187,6,0,True,0,car,0 days 00:55:36.786000,0 days 01:52:33.881000
2024-06-23 13:58:51.399,8847,171,5,0,True,0,car,0 days 00:55:36.986000,0 days 01:52:34.081000
2024-06-23 13:58:51.679,9518,155,5,0,True,0,car,0 days 00:55:37.266000,0 days 01:52:34.361000
2024-06-23 13:58:51.999,9071,146,4,0,True,0,car,0 days 00:55:37.586000,0 days 01:52:34.681000
2024-06-23 13:58:52.279,8656,139,4,0,True,0,car,0 days 00:55:37.866000,0 days 01:52:34.961000
2024-06-23 13:58:52.679,8401,134,4,0,False,0,car,0 days 00:55:38.266000,0 days 01:52:35.361000
2024-06-23 13:58:53.039,8376,131,4,28,False,0,car,0 days 00:55:38.626000,0 days 01:52:35.721000
2024-06-23 13:58:53.279,8410,132,4,42,False,0,car,0 days 00:55:38.866000,0 days 01:52:35.961000
2024-06-23 13:58:53.439,8550,132,4,44,False,0,car,0 days 00:55:39.026000,0 days 01:52:36.121000
2024-06-23 13:58:53.639,8772,136,4,53,False,0,car,0 days 00:55:39.226000,0 days 01:52:36.321000
2024-06-23 13:58:53.999,9296,143,4,73,False,0,car,0 days 00:55:39.586000,0 days 01:52:36.681000
2024-06-23 13:58:54.278,10016,154,4,84,False,0,car,0 days 00:55:39.865000,0 days 01:52:36.960000
2024-06-23 13:58:54.478,10302,162,4,89,False,0,car,0 days 00:55:40.065000,0 days 01:52:37.160000
2024-06-23 13:58:54.678,10940,167,4,81,False,0,car,0 days 00:55:40.265000,0 days 01:52:37.360000
2024-06-23 13:58:54.998,11490,173,4,100,False,0,car,0 days 00:55:40.585000,0 days 01:52:37.680000
2024-06-23 13:58:55.278,10157,186,4,100,False,0,car,0 days 00:55:40.865000,0 days 01:52:37.960000
2024-06-23 13:58:55.478,10443,190,5,100,False,0,car,0 days 00:55:41.065000,0 days 01:52:38.160000
2024-06-23 13:58:55.798,10903,203,5,100,False,0,car,0 days 00:55:41.385000,0 days 01:52:38.480000
2024-06-23 13:58:55.998,11132,205,5,100,False,0,car,0 days 00:55:41.585000,0 days 01:52:38.680000
2024-06-23 13:58:56.398,11633,216,5,100,False,0,car,0 days 00:55:41.985000,0 days 01:52:39.080000
2024-06-23 13:58:56.638,9953,226,5,100,False,0,car,0 days 00:55:42.225000,0 days 01:52:39.320000
2024-06-23 13:58:56.798,10364,228,6,100,False,0,car,0 days 00:55:42.385000,0 days 01:52:39.480000
2024-06-23 13:58:57.199,10703,234,6,100,False,0,car,0 days 00:55:42.786000,0 days 01:52:39.881000
2024-06-23 13:58:57.439,10959,239,6,100,False,0,car,0 days 00:55:43.026000,0 days 01:52:40.121000
2024-06-23 13:58:57.879,10611,235,6,0,False,0,car,0 days 00:55:43.466000,0 days 01:52:40.561000
2024-06-23 13:58:58.239,10285,227,6,0,False,0,car,0 days 00:55:43.826000,0 days 01:52:40.921000
2024-06-23 13:58:58.479,10145,225,6,9,False,0,car,0 days 00:55:44.066000,0 days 01:52:41.161000
2024-06-23 13:58:58.839,10008,215,6,47,False,0,car,0 days 00:55:44.426000,0 days 01:52:41.521000
2024-06-23 13:58:58.999,9865,215,6,57,False,0,car,0 days 00:55:44.586000,0 days 01:52:41.681000
2024-06-23 13:58:59.279,9959,214,6,76,False,0,car,0 days 00:55:44.866000,0 days 01:52:41.961000
2024-06-23 13:58:59.719,10268,219,6,100,False,0,car,0 days 00:55:45.306000,0 days 01:52:42.401000
2024-06-23 13:59:00.039,10527,222,6,100,False,0,car,0 days 00:55:45.626000,0 days 01:52:42.721000
2024-06-23 13:59:00.319,10762,230,6,100,False,0,car,0 days 00:55:45.906000,0 days 01:52:43.001000
2024-06-23 13:59:00.639,10946,234,6,100,False,0,car,0 days 00:55:46.226000,0 days 01:52:43.321000
2024-06-23 13:59:00.838,11091,241,6,100,False,0,car,0 days 00:55:46.425000,0 days 01:52:43.520000
2024-06-23 13:59:01.118,11331,245,6,100,False,0,car,0 days 00:55:46.705000,0 days 01:52:43.800000
2024-06-23 13:59:01.318,11455,247,6,100,False,0,car,0 days 00:55:46.905000,0 days 01:52:44
2024-06-23 13:59:01.678,11625,254,6,100,False,0,car,0 days 00:55:47.265000,0 days 01:52:44.360000
2024-06-23 13:59:01.878,11774,257,6,100,False,0,car,0 days 00:55:47.465000,0 days 01:52:44.560000
2024-06-23 13:59:02.078,11245,257,6,100,False,0,car,0 days 00:55:47.665000,0 days 01:52:44.760000
2024-06-23 13:59:02.318,10729,263,7,100,False,0,car,0 days 00:55:47.905000,0 days 01:52:45
2024-06-23 13:59:02.798,10787,270,7,100,False,0,car,0 days 00:55:48.385000,0 days 01:52:45.480000
2024-06-23 13:59:03.438,11075,277,7,100,False,0,car,0 days 00:55:49.025000,0 days 01:52:46.120000
2024-06-23 13:59:03.639,11140,278,7,100,False,0,car,0 days 00:55:49.226000,0 days 01:52:46.321000
2024-06-23 13:59:03.919,11264,281,7,100,False,0,car,0 days 00:55:49.506000,0 days 01:52:46.601000
2024-06-23 13:59:04.279,11375,284,7,100,False,0,car,0 days 00:55:49.866000,0 days 01:52:46.961000
2024-06-23 13:59:04.679,11470,286,7,100,False,0,car,0 days 00:55:50.266000,0 days 01:52:47.361000
2024-06-23 13:59:04.959,11460,287,7,100,False,0,car,0 days 00:55:50.546000,0 days 01:52:47.641000
2024-06-23 13:59:05.119,11454,287,7,100,False,0,car,0 days 00:55:50.706000,0 days 01:52:47.801000
2024-06-23 13:59:05.319,11454,287,7,100,False,0,car,0 days 00:55:50.906000,0 days 01:52:48.001000
2024-06-23 13:59:05.639,11157,286,7,0,True,0,car,0 days 00:55:51.226000,0 days 01:52:48.321000
2024-06-23 13:59:05.919,9641,244,7,0,True,0,car,0 days 00:55:51.506000,0 days 01:52:48.601000
2024-06-23 13:59:06.319,9269,198,7,0,True,0,car,0 days 00:55:51.906000,0 days 01:52:49.001000
2024-06-23 13:59:06.599,9269,172,6,0,True,0,car,0 days 00:55:52.186000,0 days 01:52:49.281000
2024-06-23 13:59:06.959,9062,149,4,0,True,0,car,0 days 00:55:52.546000,0 days 01:52:49.641000
2024-06-23 13:59:07.319,8509,137,4,0,True,0,car,0 days 00:55:52.906000,0 days 01:52:50.001000
2024-06-23 13:59:07.558,9501,134,4,0,True,0,car,0 days 00:55:53.145000,0 days 01:52:50.240000
2024-06-23 13:59:07.838,8786,120,3,0,True,0,car,0 days 00:55:53.425000,0 days 01:52:50.520000
2024-06-23 13:59:08.038,8634,117,3,0,True,0,car,0 days 00:55:53.625000,0 days 01:52:50.720000
2024-06-23 13:59:08.278,8388,114,3,0,False,0,car,0 days 00:55:53.865000,0 days 01:52:50.960000
2024-06-23 13:59:08.518,8227,112,3,0,False,0,car,0 days 00:55:54.105000,0 days 01:52:51.200000
2024-06-23 13:59:08.798,8033,110,3,0,False,0,car,0 days 00:55:54.385000,0 days 01:52:51.480000
2024-06-23 13:59:09.118,7764,106,3,0,False,0,car,0 days 00:55:54.705000,0 days 01:52:51.800000
2024-06-23 13:59:09.278,7578,105,3,0,False,0,car,0 days 00:55:54.865000,0 days 01:52:51.960000
2024-06-23 13:59:09.638,7513,101,3,0,False,0,car,0 days 00:55:55.225000,0 days 01:52:52.320000
2024-06-23 13:59:09.958,7684,100,3,24,False,0,car,0 days 00:55:55.545000,0 days 01:52:52.640000
2024-06-23 13:59:10.199,7730,101,3,34,False,0,car,0 days 00:55:55.786000,0 days 01:52:52.881000
2024-06-23 13:59:10.359,7938,104,3,42,False,0,car,0 days 00:55:55.946000,0 days 01:52:53.041000
2024-06-23 13:59:10.599,8186,104,3,51,False,0,car,0 days 00:55:56.186000,0 days 01:52:53.281000
2024-06-23 13:59:11.079,9146,120,3,61,False,0,car,0 days 00:55:56.666000,0 days 01:52:53.761000
2024-06-23 13:59:11.239,9699,126,3,69,False,0,car,0 days 00:55:56.826000,0 days 01:52:53.921000
2024-06-23 13:59:11.519,10426,130,3,76,False,0,car,0 days 00:55:57.106000,0 days 01:52:54.201000
2024-06-23 13:59:11.839,9770,145,4,84,False,0,car,0 days 00:55:57.426000,0 days 01:52:54.521000
2024-06-23 13:59:11.999,9914,152,4,85,False,0,car,0 days 00:55:57.586000,0 days 01:52:54.681000
2024-06-23 13:59:12.159,10398,156,4,94,False,0,car,0 days 00:55:57.746000,0 days 01:52:54.841000
2024-06-23 13:59:12.519,11151,173,4,94,False,0,car,0 days 00:55:58.106000,0 days 01:52:55.201000
2024-06-23 13:59:12.919,10630,186,4,100,False,0,car,0 days 00:55:58.506000,0 days 01:52:55.601000
2024-06-23 13:59:13.279,10509,194,5,100,False,0,car,0 days 00:55:58.866000,0 days 01:52:55.961000
2024-06-23 13:59:13.639,9673,188,5,0,True,0,car,0 days 00:55:59.226000,0 days 01:52:56.321000
2024-06-23 13:59:13.799,9173,174,5,0,True,0,car,0 days 00:55:59.386000,0 days 01:52:56.481000
2024-06-23 13:59:13.999,9974,163,5,0,True,0,car,0 days 00:55:59.586000,0 days 01:52:56.681000
2024-06-23 13:59:14.279,9064,149,4,0,True,0,car,0 days 00:55:59.866000,0 days 01:52:56.961000
2024-06-23 13:59:14.478,8796,144,4,0,True,0,car,0 days 00:56:00.065000,0 days 01:52:57.160000
2024-06-23 13:59:14.758,8324,135,4,0,True,0,car,0 days 00:56:00.345000,0 days 01:52:57.440000
2024-06-23 13:59:15.078,7979,129,4,0,True,0,car,0 days 00:56:00.665000,0 days 01:52:57.760000
2024-06-23 13:59:15.278,7757,125,4,0,True,0,car,0 days 00:56:00.865000,0 days 01:52:57.960000
2024-06-23 13:59:15.678,7437,119,4,0,True,0,car,0 days 00:56:01.265000,0 days 01:52:58.360000
2024-06-23 13:59:16.198,6998,112,4,12,False,0,car,0 days 00:56:01.785000,0 days 01:52:58.880000
2024-06-23 13:59:16.358,7310,112,4,35,False,0,car,0 days 00:56:01.945000,0 days 01:52:59.040000
2024-06-23 13:59:16.678,7485,115,4,41,False,0,car,0 days 00:56:02.265000,0 days 01:52:59.360000
2024-06-23 13:59:16.999,7619,117,4,42,False,0,car,0 days 00:56:02.586000,0 days 01:52:59.681000
2024-06-23 13:59:17.239,7969,119,4,42,False,0,car,0 days 00:56:02.826000,0 days 01:52:59.921000
2024-06-23 13:59:17.479,8133,121,4,45,False,0,car,0 days 00:56:03.066000,0 days 01:53:00.161000
2024-06-23 13:59:17.759,8292,124,4,43,False,0,car,0 days 00:56:03.346000,0 days 01:53:00.441000
2024-06-23 13:59:18.079,8127,126,4,51,False,0,car,0 days 00:56:03.666000,0 days 01:53:00.761000
2024-06-23 13:59:18.279,8439,131,4,57,False,0,car,0 days 00:56:03.866000,0 days 01:53:00.961000
2024-06-23 13:59:18.439,8797,134,4,59,False,0,car,0 days 00:56:04.026000,0 days 01:53:01.121000
2024-06-23 13:59:18.679,8942,139,4,62,False,0,car,0 days 00:56:04.266000,0 days 01:53:01.361000
2024-06-23 13:59:18.839,9485,142,4,72,False,0,car,0 days 00:56:04.426000,0 days 01:53:01.521000
2024-06-23 13:59:18.999,9485,148,4,73,False,0,car,0 days 00:56:04.586000,0 days 01:53:01.681000
2024-06-23 13:59:19.319,10419,157,4,89,False,0,car,0 days 00:56:04.906000,0 days 01:53:02.001000
2024-06-23 13:59:19.559,11244,171,4,100,False,0,car,0 days 00:56:05.146000,0 days 01:53:02.241000
2024-06-23 13:59:19.879,11253,184,4,100,False,0,car,0 days 00:56:05.466000,0 days 01:53:02.561000
2024-06-23 13:59:20.239,10690,195,5,100,False,0,car,0 days 00:56:05.826000,0 days 01:53:02.921000
2024-06-23 13:59:20.479,10933,204,5,100,False,0,car,0 days 00:56:06.066000,0 days 01:53:03.161000
2024-06-23 13:59:20.839,11596,213,5,94,False,0,car,0 days 00:56:06.426000,0 days 01:53:03.521000
2024-06-23 13:59:20.999,10896,219,5,81,False,0,car,0 days 00:56:06.586000,0 days 01:53:03.681000
2024-06-23 13:59:21.278,10348,226,6,78,False,0,car,0 days 00:56:06.865000,0 days 01:53:03.960000
2024-06-23 13:59:21.518,10409,228,6,69,False,0,car,0 days 00:56:07.105000,0 days 01:53:04.200000
2024-06-23 13:59:21.878,10188,225,6,46,False,0,car,0 days 00:56:07.465000,0 days 01:53:04.560000
2024-06-23 13:59:22.118,10359,223,6,60,False,0,car,0 days 00:56:07.705000,0 days 01:53:04.800000
2024-06-23 13:59:22.398,10521,225,6,64,False,0,car,0 days 00:56:07.985000,0 days 01:53:05.080000
2024-06-23 13:59:22.638,10542,227,6,82,False,0,car,0 days 00:56:08.225000,0 days 01:53:05.320000
2024-06-23 13:59:22.798,10566,230,6,95,False,0,car,0 days 00:56:08.385000,0 days 01:53:05.480000
2024-06-23 13:59:22.958,10726,232,6,100,False,0,car,0 days 00:56:08.545000,0 days 01:53:05.640000
2024-06-23 13:59:23.118,10867,232,6,100,False,0,car,0 days 00:56:08.705000,0 days 01:53:05.800000
2024-06-23 13:59:23.318,11035,235,6,100,False,0,car,0 days 00:56:08.905000,0 days 01:53:06
2024-06-23 13:59:23.599,11189,244,6,100,False,0,car,0 days 00:56:09.186000,0 days 01:53:06.281000
2024-06-23 13:59:23.799,11308,246,6,100,False,0,car,0 days 00:56:09.386000,0 days 01:53:06.481000
2024-06-23 13:59:24.039,11490,251,6,100,False,0,car,0 days 00:56:09.626000,0 days 01:53:06.721000
2024-06-23 13:59:24.199,11514,251,6,100,False,0,car,0 days 00:56:09.786000,0 days 01:53:06.881000
2024-06-23 13:59:24.479,10742,249,6,0,True,0,car,0 days 00:56:10.066000,0 days 01:53:07.161000
2024-06-23 13:59:24.839,10956,212,6,0,True,0,car,0 days 00:56:10.426000,0 days 01:53:07.521000
2024-06-23 13:59:25.039,10480,204,6,0,True,0,car,0 days 00:56:10.626000,0 days 01:53:07.721000
2024-06-23 13:59:25.279,9618,186,5,0,True,0,car,0 days 00:56:10.866000,0 days 01:53:07.961000
2024-06-23 13:59:25.679,10819,174,4,29,False,0,car,0 days 00:56:11.266000,0 days 01:53:08.361000
2024-06-23 13:59:25.879,10805,173,4,58,False,0,car,0 days 00:56:11.466000,0 days 01:53:08.561000
2024-06-23 13:59:26.159,10870,175,4,46,False,0,car,0 days 00:56:11.746000,0 days 01:53:08.841000
2024-06-23 13:59:26.479,9610,176,4,40,False,0,car,0 days 00:56:12.066000,0 days 01:53:09.161000
2024-06-23 13:59:26.959,9262,174,5,48,False,0,car,0 days 00:56:12.546000,0 days 01:53:09.641000
2024-06-23 13:59:27.119,9348,174,5,61,False,0,car,0 days 00:56:12.706000,0 days 01:53:09.801000
2024-06-23 13:59:27.319,9641,177,5,86,False,0,car,0 days 00:56:12.906000,0 days 01:53:10.001000
2024-06-23 13:59:27.559,10062,186,5,100,False,0,car,0 days 00:56:13.146000,0 days 01:53:10.241000
2024-06-23 13:59:27.958,10685,199,5,100,False,0,car,0 days 00:56:13.545000,0 days 01:53:10.640000
2024-06-23 13:59:28.158,10988,204,5,100,False,0,car,0 days 00:56:13.745000,0 days 01:53:10.840000
2024-06-23 13:59:28.398,11145,211,5,100,False,0,car,0 days 00:56:13.985000,0 days 01:53:11.080000
2024-06-23 13:59:28.558,11571,217,5,100,False,0,car,0 days 00:56:14.145000,0 days 01:53:11.240000
2024-06-23 13:59:28.998,10726,227,5,100,False,0,car,0 days 00:56:14.585000,0 days 01:53:11.680000
2024-06-23 13:59:29.358,9846,218,6,0,True,0,car,0 days 00:56:14.945000,0 days 01:53:12.040000
2024-06-23 13:59:29.718,9313,183,6,0,True,0,car,0 days 00:56:15.305000,0 days 01:53:12.400000
2024-06-23 13:59:29.999,9353,158,6,0,True,0,car,0 days 00:56:15.586000,0 days 01:53:12.681000
2024-06-23 13:59:30.279,9716,152,4,0,True,0,car,0 days 00:56:15.866000,0 days 01:53:12.961000
2024-06-23 13:59:30.559,9995,117,3,0,True,0,car,0 days 00:56:16.146000,0 days 01:53:13.241000
2024-06-23 13:59:30.879,8875,95,2,0,True,0,car,0 days 00:56:16.466000,0 days 01:53:13.561000
2024-06-23 13:59:31.039,7813,86,2,0,True,0,car,0 days 00:56:16.626000,0 days 01:53:13.721000
2024-06-23 13:59:31.239,6968,81,2,1,True,0,car,0 days 00:56:16.826000,0 days 01:53:13.921000
2024-06-23 13:59:31.479,6798,77,2,30,False,0,car,0 days 00:56:17.066000,0 days 01:53:14.161000
2024-06-23 13:59:31.679,6649,78,2,44,False,0,car,0 days 00:56:17.266000,0 days 01:53:14.361000
2024-06-23 13:59:32.039,6858,79,2,53,False,0,car,0 days 00:56:17.626000,0 days 01:53:14.721000
2024-06-23 13:59:32.479,6879,79,2,57,False,0,car,0 days 00:56:18.066000,0 days 01:53:15.161000
2024-06-23 13:59:32.679,6899,80,2,58,False,0,car,0 days 00:56:18.266000,0 days 01:53:15.361000
2024-06-23 13:59:32.959,6957,80,2,59,False,0,car,0 days 00:56:18.546000,0 days 01:53:15.641000
2024-06-23 13:59:33.159,6929,80,2,59,False,0,car,0 days 00:56:18.746000,0 days 01:53:15.841000
2024-06-23 13:59:33.439,6911,80,2,59,False,0,car,0 days 00:56:19.026000,0 days 01:53:16.121000
2024-06-23 13:59:33.679,6905,80,2,59,False,0,car,0 days 00:56:19.266000,0 days 01:53:16.361000
2024-06-23 13:59:33.839,6943,80,2,59,False,0,car,0 days 00:56:19.426000,0 days 01:53:16.521000
2024-06-23 13:59:34.159,6861,80,2,59,False,0,car,0 days 00:56:19.746000,0 days 01:53:16.841000
2024-06-23 13:59:34.518,6981,80,2,59,False,0,car,0 days 00:56:20.105000,0 days 01:53:17.200000
2024-06-23 13:59:34.678,6902,80,2,59,False,0,car,0 days 00:56:20.265000,0 days 01:53:17.360000
2024-06-23 13:59:34.878,6872,79,2,59,False,0,car,0 days 00:56:20.465000,0 days 01:53:17.560000
2024-06-23 13:59:35.038,6939,79,2,59,False,0,car,0 days 00:56:20.625000,0 days 01:53:17.720000
2024-06-23 13:59:35.358,6832,80,2,59,False,0,car,0 days 00:56:20.945000,0 days 01:53:18.040000
2024-06-23 13:59:35.718,6935,79,2,59,False,0,car,0 days 00:56:21.305000,0 days 01:53:18.400000
2024-06-23 13:59:35.958,6860,79,2,59,False,0,car,0 days 00:56:21.545000,0 days 01:53:18.640000
2024-06-23 13:59:36.278,6904,79,2,60,False,0,car,0 days 00:56:21.865000,0 days 01:53:18.960000
2024-06-23 13:59:36.639,6836,79,2,62,False,0,car,0 days 00:56:22.226000,0 days 01:53:19.321000
2024-06-23 13:59:36.919,6933,79,2,63,False,0,car,0 days 00:56:22.506000,0 days 01:53:19.601000
2024-06-23 13:59:37.159,6951,80,2,63,False,0,car,0 days 00:56:22.746000,0 days 01:53:19.841000
2024-06-23 13:59:37.359,6882,80,2,63,False,0,car,0 days 00:56:22.946000,0 days 01:53:20.041000
2024-06-23 13:59:37.639,6881,80,2,63,False,0,car,0 days 00:56:23.226000,0 days 01:53:20.321000
2024-06-23 13:59:37.959,6847,80,2,63,False,0,car,0 days 00:56:23.546000,0 days 01:53:20.641000
2024-06-23 13:59:38.279,6841,80,2,63,False,0,car,0 days 00:56:23.866000,0 days 01:53:20.961000
2024-06-23 13:59:38.439,6954,80,2,63,False,0,car,0 days 00:56:24.026000,0 days 01:53:21.121000
2024-06-23 13:59:38.599,6932,80,2,64,False,0,car,0 days 00:56:24.186000,0 days 01:53:21.281000
2024-06-23 13:59:38.759,6863,80,2,63,False,0,car,0 days 00:56:24.346000,0 days 01:53:21.441000
2024-06-23 13:59:39.079,6866,79,2,63,False,0,car,0 days 00:56:24.666000,0 days 01:53:21.761000
2024-06-23 13:59:39.399,6914,80,2,64,False,0,car,0 days 00:56:24.986000,0 days 01:53:22.081000
2024-06-23 13:59:39.839,6932,80,2,64,False,0,car,0 days 00:56:25.426000,0 days 01:53:22.521000
2024-06-23 13:59:40.119,6932,80,2,64,False,0,car,0 days 00:56:25.706000,0 days 01:53:22.801000
2024-06-23 13:59:40.279,6829,79,2,64,False,0,car,0 days 00:56:25.866000,0 days 01:53:22.961000
2024-06-23 13:59:40.679,6934,80,2,68,False,0,car,0 days 00:56:26.266000,0 days 01:53:23.361000
2024-06-23 13:59:41.039,6890,80,2,81,False,0,car,0 days 00:56:26.626000,0 days 01:53:23.721000
2024-06-23 13:59:41.278,6972,80,2,100,False,0,car,0 days 00:56:26.865000,0 days 01:53:23.960000
2024-06-23 13:59:41.518,6878,80,2,100,False,0,car,0 days 00:56:27.105000,0 days 01:53:24.200000
2024-06-23 13:59:41.758,6898,79,2,100,False,0,car,0 days 00:56:27.345000,0 days 01:53:24.440000
2024-06-23 13:59:42.118,6938,80,2,100,False,0,car,0 days 00:56:27.705000,0 days 01:53:24.800000
2024-06-23 13:59:42.558,6871,80,2,100,False,0,car,0 days 00:56:28.145000,0 days 01:53:25.240000
2024-06-23 13:59:42.958,6953,80,2,100,False,0,car,0 days 00:56:28.545000,0 days 01:53:25.640000
2024-06-23 13:59:43.119,6909,79,2,100,False,0,car,0 days 00:56:28.706000,0 days 01:53:25.801000
2024-06-23 13:59:43.439,6938,80,2,100,False,0,car,0 days 00:56:29.026000,0 days 01:53:26.121000
2024-06-23 13:59:43.839,6862,79,2,100,False,0,car,0 days 00:56:29.426000,0 days 01:53:26.521000
2024-06-23 13:59:44.039,6957,80,2,100,False,0,car,0 days 00:56:29.626000,0 days 01:53:26.721000
2024-06-23 13:59:44.359,6856,79,2,100,False,0,car,0 days 00:56:29.946000,0 days 01:53:27.041000
2024-06-23 13:59:44.679,6871,79,2,100,True,0,car,0 days 00:56:30.266000,0 days 01:53:27.361000
2024-06-23 13:59:45.079,7658,65,1,0,True,0,car,0 days 00:56:30.666000,0 days 01:53:27.761000
2024-06-23 13:59:45.959,3864,41,1,0,True,0,car,0 days 00:56:31.546000,0 days 01:53:28.641000
2024-06-23 13:59:46.319,3795,33,1,0,True,0,car,0 days 00:56:31.906000,0 days 01:53:29.001000
2024-06-23 13:59:46.599,3860,24,1,0,True,0,car,0 days 00:56:32.186000,0 days 01:53:29.281000
2024-06-23 13:59:46.919,3803,17,1,0,True,0,car,0 days 00:56:32.506000,0 days 01:53:29.601000
2024-06-23 13:59:47.199,3816,7,1,0,True,0,car,0 days 00:56:32.786000,0 days 01:53:29.881000
2024-06-23 13:59:47.479,3762,0,1,0,True,0,car,0 days 00:56:33.066000,0 days 01:53:30.161000
2024-06-23 13:59:47.679,3775,0,1,8,True,0,car,0 days 00:56:33.266000,0 days 01:53:30.361000
2024-06-23 13:59:47.879,5035,0,1,23,True,0,car,0 days 00:56:33.466000,0 days 01:53:30.561000
2024-06-23 13:59:48.158,6995,0,1,25,True,0,car,0 days 00:56:33.745000,0 days 01:53:30.840000
2024-06-23 13:59:48.638,10355,0,1,26,True,0,car,0 days 00:56:34.225000,0 days 01:53:31.320000
2024-06-23 13:59:48.798,10642,0,1,26,True,0,car,0 days 00:56:34.385000,0 days 01:53:31.480000
2024-06-23 13:59:49.278,10642,0,1,25,True,0,car,0 days 00:56:34.865000,0 days 01:53:31.960000
2024-06-23 13:59:49.638,10592,0,1,25,True,0,car,0 days 00:56:35.225000,0 days 01:53:32.320000
2024-06-23 13:59:49.799,10659,0,1,25,True,0,car,0 days 00:56:35.386000,0 days 01:53:32.481000
2024-06-23 13:59:49.959,10606,0,1,25,True,0,car,0 days 00:56:35.546000,0 days 01:53:32.641000
2024-06-23 13:59:50.239,10645,0,1,25,True,0,car,0 days 00:56:35.826000,0 days 01:53:32.921000
2024-06-23 13:59:50.519,10617,0,1,24,True,0,car,0 days 00:56:36.106000,0 days 01:53:33.201000
2024-06-23 13:59:50.879,10180,0,1,19,True,0,car,0 days 00:56:36.466000,0 days 01:53:33.561000
2024-06-23 13:59:51.079,10256,0,1,19,True,0,car,0 days 00:56:36.666000,0 days 01:53:33.761000
2024-06-23 13:59:51.359,10200,0,1,19,True,0,car,0 days 00:56:36.946000,0 days 01:53:34.041000
2024-06-23 13:59:51.639,10242,0,1,28,False,0,car,0 days 00:56:37.226000,0 days 01:53:34.321000
2024-06-23 13:59:51.919,8430,2,1,34,False,0,car,0 days 00:56:37.506000,0 days 01:53:34.601000
2024-06-23 13:59:52.319,7752,9,1,27,False,0,car,0 days 00:56:37.906000,0 days 01:53:35.001000
2024-06-23 13:59:52.679,6699,18,1,23,False,0,car,0 days 00:56:38.266000,0 days 01:53:35.361000
2024-06-23 13:59:52.879,6718,22,1,24,False,0,car,0 days 00:56:38.466000,0 days 01:53:35.561000
2024-06-23 13:59:53.039,6322,28,1,25,False,0,car,0 days 00:56:38.626000,0 days 01:53:35.721000
2024-06-23 13:59:53.239,6097,32,1,24,False,0,car,0 days 00:56:38.826000,0 days 01:53:35.921000
2024-06-23 13:59:53.479,5744,37,1,40,False,0,car,0 days 00:56:39.066000,0 days 01:53:36.161000
2024-06-23 13:59:53.719,7424,42,1,37,False,0,car,0 days 00:56:39.306000,0 days 01:53:36.401000
2024-06-23 13:59:54.079,7985,53,1,43,False,0,car,0 days 00:56:39.666000,0 days 01:53:36.761000
2024-06-23 13:59:54.319,7591,58,1,47,False,0,car,0 days 00:56:39.906000,0 days 01:53:37.001000
2024-06-23 13:59:54.519,6991,60,1,48,False,0,car,0 days 00:56:40.106000,0 days 01:53:37.201000
2024-06-23 13:59:54.758,7071,73,2,57,False,0,car,0 days 00:56:40.345000,0 days 01:53:37.440000
2024-06-23 13:59:54.918,6588,75,2,63,False,0,car,0 days 00:56:40.505000,0 days 01:53:37.600000
2024-06-23 13:59:55.198,6815,78,2,82,False,0,car,0 days 00:56:40.785000,0 days 01:53:37.880000
2024-06-23 13:59:55.438,6879,79,2,84,False,0,car,0 days 00:56:41.025000,0 days 01:53:38.120000
2024-06-23 13:59:55.638,6829,79,2,76,False,0,car,0 days 00:56:41.225000,0 days 01:53:38.320000
2024-06-23 13:59:55.998,7586,81,2,31,False,0,car,0 days 00:56:41.585000,0 days 01:53:38.680000
2024-06-23 13:59:56.239,7767,86,2,44,False,0,car,0 days 00:56:41.826000,0 days 01:53:38.921000
2024-06-23 13:59:56.439,8776,95,2,54,False,0,car,0 days 00:56:42.026000,0 days 01:53:39.121000
2024-06-23 13:59:56.719,9888,101,2,63,False,0,car,0 days 00:56:42.306000,0 days 01:53:39.401000
2024-06-23 13:59:56.879,10076,108,2,65,False,0,car,0 days 00:56:42.466000,0 days 01:53:39.561000
2024-06-23 13:59:57.039,9236,116,2,69,False,0,car,0 days 00:56:42.626000,0 days 01:53:39.721000
2024-06-23 13:59:57.279,9646,120,3,80,False,0,car,0 days 00:56:42.866000,0 days 01:53:39.961000
2024-06-23 13:59:57.719,10927,143,3,98,False,0,car,0 days 00:56:43.306000,0 days 01:53:40.401000
2024-06-23 13:59:57.919,9807,152,3,100,False,0,car,0 days 00:56:43.506000,0 days 01:53:40.601000
2024-06-23 13:59:58.119,10553,162,4,100,False,0,car,0 days 00:56:43.706000,0 days 01:53:40.801000
2024-06-23 13:59:58.559,11032,184,4,100,False,0,car,0 days 00:56:44.146000,0 days 01:53:41.241000
2024-06-23 13:59:58.839,10266,191,5,100,False,0,car,0 days 00:56:44.426000,0 days 01:53:41.521000
2024-06-23 13:59:59.119,10808,201,5,100,False,0,car,0 days 00:56:44.706000,0 days 01:53:41.801000
2024-06-23 13:59:59.279,10880,201,5,100,False,0,car,0 days 00:56:44.866000,0 days 01:53:41.961000
2024-06-23 13:59:59.439,11160,210,5,100,False,0,car,0 days 00:56:45.026000,0 days 01:53:42.121000
2024-06-23 13:59:59.679,11616,219,5,100,False,0,car,0 days 00:56:45.266000,0 days 01:53:42.361000
2024-06-23 13:59:59.919,10675,225,5,100,False,0,car,0 days 00:56:45.506000,0 days 01:53:42.601000
2024-06-23 14:00:00.239,10606,230,6,100,False,0,car,0 days 00:56:45.826000,0 days 01:53:42.921000
2024-06-23 14:00:00.599,10919,237,6,100,False,0,car,0 days 00:56:46.186000,0 days 01:53:43.281000
2024-06-23 14:00:00.839,11226,245,6,100,False,0,car,0 days 00:56:46.426000,0 days 01:53:43.521000
2024-06-23 14:00:00.999,11305,248,6,100,False,0,car,0 days 00:56:46.586000,0 days 01:53:43.681000
2024-06-23 14:00:01.239,11435,252,6,94,False,0,car,0 days 00:56:46.826000,0 days 01:53:43.921000
2024-06-23 14:00:01.558,11647,256,6,93,False,0,car,0 days 00:56:47.145000,0 days 01:53:44.240000
2024-06-23 14:00:01.838,11775,258,6,88,False,0,car,0 days 00:56:47.425000,0 days 01:53:44.520000
2024-06-23 14:00:02.278,11921,261,6,86,False,0,car,0 days 00:56:47.865000,0 days 01:53:44.960000
2024-06-23 14:00:02.478,11995,263,6,85,False,0,car,0 days 00:56:48.065000,0 days 01:53:45.160000
2024-06-23 14:00:02.718,12075,265,6,89,False,0,car,0 days 00:56:48.305000,0 days 01:53:45.400000
2024-06-23 14:00:02.919,11375,264,6,94,False,0,car,0 days 00:56:48.506000,0 days 01:53:45.601000
2024-06-23 14:00:03.079,10493,263,7,61,True,0,car,0 days 00:56:48.666000,0 days 01:53:45.761000
2024-06-23 14:00:03.239,9760,248,7,0,True,0,car,0 days 00:56:48.826000,0 days 01:53:45.921000
2024-06-23 14:00:03.399,9489,237,7,0,True,0,car,0 days 00:56:48.986000,0 days 01:53:46.081000
2024-06-23 14:00:03.599,9655,227,7,0,True,0,car,0 days 00:56:49.186000,0 days 01:53:46.281000
2024-06-23 14:00:03.959,8929,184,6,0,True,0,car,0 days 00:56:49.546000,0 days 01:53:46.641000
2024-06-23 14:00:04.159,9071,177,5,0,True,0,car,0 days 00:56:49.746000,0 days 01:53:46.841000
2024-06-23 14:00:04.519,8896,147,5,0,True,0,car,0 days 00:56:50.106000,0 days 01:53:47.201000
2024-06-23 14:00:04.719,8563,139,5,0,True,0,car,0 days 00:56:50.306000,0 days 01:53:47.401000
2024-06-23 14:00:04.879,8693,121,5,0,True,0,car,0 days 00:56:50.466000,0 days 01:53:47.561000
2024-06-23 14:00:05.039,8377,115,5,0,True,0,car,0 days 00:56:50.626000,0 days 01:53:47.721000
2024-06-23 14:00:05.319,8161,112,3,0,True,0,car,0 days 00:56:50.906000,0 days 01:53:48.001000
2024-06-23 14:00:05.759,7823,109,3,3,False,0,car,0 days 00:56:51.346000,0 days 01:53:48.441000
2024-06-23 14:00:06.159,7711,106,3,0,False,0,car,0 days 00:56:51.746000,0 days 01:53:48.841000
2024-06-23 14:00:06.319,7583,106,3,0,False,0,car,0 days 00:56:51.906000,0 days 01:53:49.001000
2024-06-23 14:00:06.519,8208,103,3,28,False,0,car,0 days 00:56:52.106000,0 days 01:53:49.201000
2024-06-23 14:00:06.679,7868,105,3,30,False,0,car,0 days 00:56:52.266000,0 days 01:53:49.361000
2024-06-23 14:00:06.879,7877,106,3,30,False,0,car,0 days 00:56:52.466000,0 days 01:53:49.561000
2024-06-23 14:00:07.239,8518,111,3,49,False,0,car,0 days 00:56:52.826000,0 days 01:53:49.921000
2024-06-23 14:00:07.479,8676,112,3,55,False,0,car,0 days 00:56:53.066000,0 days 01:53:50.161000
2024-06-23 14:00:07.639,8816,117,3,55,False,0,car,0 days 00:56:53.226000,0 days 01:53:50.321000
2024-06-23 14:00:07.879,9735,124,3,62,False,0,car,0 days 00:56:53.466000,0 days 01:53:50.561000
2024-06-23 14:00:08.039,10030,129,3,64,False,0,car,0 days 00:56:53.626000,0 days 01:53:50.721000
2024-06-23 14:00:08.478,9946,144,3,64,False,0,car,0 days 00:56:54.065000,0 days 01:53:51.160000
2024-06-23 14:00:08.878,9349,149,4,39,False,0,car,0 days 00:56:54.465000,0 days 01:53:51.560000
2024-06-23 14:00:09.278,9612,150,4,50,False,0,car,0 days 00:56:54.865000,0 days 01:53:51.960000
2024-06-23 14:00:09.479,9594,151,4,53,False,0,car,0 days 00:56:55.066000,0 days 01:53:52.161000
2024-06-23 14:00:09.879,9951,156,4,64,False,0,car,0 days 00:56:55.466000,0 days 01:53:52.561000
2024-06-23 14:00:10.159,10403,161,4,78,False,0,car,0 days 00:56:55.746000,0 days 01:53:52.841000
2024-06-23 14:00:10.359,10594,170,4,82,False,0,car,0 days 00:56:55.946000,0 days 01:53:53.041000
2024-06-23 14:00:10.719,11358,176,4,95,False,0,car,0 days 00:56:56.306000,0 days 01:53:53.401000
2024-06-23 14:00:10.879,11358,186,4,100,False,0,car,0 days 00:56:56.466000,0 days 01:53:53.561000
2024-06-23 14:00:11.279,10743,194,5,100,False,0,car,0 days 00:56:56.866000,0 days 01:53:53.961000
2024-06-23 14:00:11.679,11276,211,5,92,False,0,car,0 days 00:56:57.266000,0 days 01:53:54.361000
2024-06-23 14:00:11.839,11255,215,5,88,False,0,car,0 days 00:56:57.426000,0 days 01:53:54.521000
2024-06-23 14:00:12.079,9970,216,5,61,False,0,car,0 days 00:56:57.666000,0 days 01:53:54.761000
2024-06-23 14:00:12.359,9845,215,6,46,False,0,car,0 days 00:56:57.946000,0 days 01:53:55.041000
2024-06-23 14:00:12.799,9820,211,6,59,False,0,car,0 days 00:56:58.386000,0 days 01:53:55.481000
2024-06-23 14:00:12.999,9692,212,6,51,False,0,car,0 days 00:56:58.586000,0 days 01:53:55.681000
2024-06-23 14:00:13.199,9723,212,6,61,False,0,car,0 days 00:56:58.786000,0 days 01:53:55.881000
2024-06-23 14:00:13.639,9823,212,6,72,False,0,car,0 days 00:56:59.226000,0 days 01:53:56.321000
2024-06-23 14:00:14.399,10244,220,6,86,False,0,car,0 days 00:56:59.986000,0 days 01:53:57.081000
2024-06-23 14:00:14.599,10370,220,6,89,False,0,car,0 days 00:57:00.186000,0 days 01:53:57.281000
2024-06-23 14:00:14.799,10470,229,6,98,False,0,car,0 days 00:57:00.386000,0 days 01:53:57.481000
2024-06-23 14:00:14.958,10739,234,6,100,False,0,car,0 days 00:57:00.545000,0 days 01:53:57.640000
2024-06-23 14:00:15.118,10882,235,6,100,False,0,car,0 days 00:57:00.705000,0 days 01:53:57.800000
2024-06-23 14:00:15.358,11032,238,6,100,False,0,car,0 days 00:57:00.945000,0 days 01:53:58.040000
2024-06-23 14:00:15.558,11203,242,6,100,False,0,car,0 days 00:57:01.145000,0 days 01:53:58.240000
2024-06-23 14:00:15.878,11388,247,6,100,False,0,car,0 days 00:57:01.465000,0 days 01:53:58.560000
2024-06-23 14:00:16.039,11522,251,6,100,False,0,car,0 days 00:57:01.626000,0 days 01:53:58.721000
2024-06-23 14:00:16.239,11637,254,6,100,False,0,car,0 days 00:57:01.826000,0 days 01:53:58.921000
2024-06-23 14:00:16.399,11687,254,6,100,False,0,car,0 days 00:57:01.986000,0 days 01:53:59.081000
2024-06-23 14:00:16.639,10847,257,6,100,False,0,car,0 days 00:57:02.226000,0 days 01:53:59.321000
2024-06-23 14:00:16.839,10284,260,6,100,False,0,car,0 days 00:57:02.426000,0 days 01:53:59.521000
2024-06-23 14:00:17.079,10504,264,6,100,False,0,car,0 days 00:57:02.666000,0 days 01:53:59.761000
2024-06-23 14:00:17.519,10774,269,7,100,False,0,car,0 days 00:57:03.106000,0 days 01:54:00.201000
2024-06-23 14:00:17.919,10938,274,7,100,False,0,car,0 days 00:57:03.506000,0 days 01:54:00.601000
2024-06-23 14:00:18.319,11147,277,7,100,False,0,car,0 days 00:57:03.906000,0 days 01:54:01.001000
2024-06-23 14:00:18.479,11233,280,7,100,False,0,car,0 days 00:57:04.066000,0 days 01:54:01.161000
2024-06-23 14:00:18.759,11342,283,7,100,False,0,car,0 days 00:57:04.346000,0 days 01:54:01.441000
2024-06-23 14:00:19.039,11342,284,7,100,False,0,car,0 days 00:57:04.626000,0 days 01:54:01.721000
2024-06-23 14:00:19.239,11324,284,7,100,False,0,car,0 days 00:57:04.826000,0 days 01:54:01.921000
2024-06-23 14:00:19.479,10962,277,7,0,True,0,car,0 days 00:57:05.066000,0 days 01:54:02.161000
2024-06-23 14:00:19.799,9566,245,7,0,True,0,car,0 days 00:57:05.386000,0 days 01:54:02.481000
2024-06-23 14:00:19.999,10127,224,7,0,True,0,car,0 days 00:57:05.586000,0 days 01:54:02.681000
2024-06-23 14:00:20.279,9630,198,7,0,True,0,car,0 days 00:57:05.866000,0 days 01:54:02.961000
2024-06-23 14:00:20.479,9533,184,7,0,True,0,car,0 days 00:57:06.066000,0 days 01:54:03.161000
2024-06-23 14:00:20.679,8964,173,5,0,True,0,car,0 days 00:57:06.266000,0 days 01:54:03.361000
2024-06-23 14:00:20.999,9929,163,5,0,True,0,car,0 days 00:57:06.586000,0 days 01:54:03.681000
2024-06-23 14:00:21.239,9424,160,5,0,True,0,car,0 days 00:57:06.826000,0 days 01:54:03.921000
2024-06-23 14:00:21.598,9120,146,5,0,True,0,car,0 days 00:57:07.185000,0 days 01:54:04.280000
2024-06-23 14:00:21.758,8965,144,5,0,True,0,car,0 days 00:57:07.345000,0 days 01:54:04.440000
2024-06-23 14:00:21.918,8690,141,4,0,True,0,car,0 days 00:57:07.505000,0 days 01:54:04.600000
2024-06-23 14:00:22.078,8576,138,4,0,True,0,car,0 days 00:57:07.665000,0 days 01:54:04.760000
2024-06-23 14:00:22.398,8395,134,4,0,False,0,car,0 days 00:57:07.985000,0 days 01:54:05.080000
2024-06-23 14:00:22.599,8099,132,4,11,False,0,car,0 days 00:57:08.186000,0 days 01:54:05.281000
2024-06-23 14:00:22.959,8426,132,4,43,False,0,car,0 days 00:57:08.546000,0 days 01:54:05.641000
2024-06-23 14:00:23.119,8508,133,4,48,False,0,car,0 days 00:57:08.706000,0 days 01:54:05.801000
2024-06-23 14:00:23.319,8595,134,4,57,False,0,car,0 days 00:57:08.906000,0 days 01:54:06.001000
2024-06-23 14:00:23.639,9031,143,4,64,False,0,car,0 days 00:57:09.226000,0 days 01:54:06.321000
2024-06-23 14:00:23.879,9545,148,4,74,False,0,car,0 days 00:57:09.466000,0 days 01:54:06.561000
2024-06-23 14:00:24.119,9774,153,4,76,False,0,car,0 days 00:57:09.706000,0 days 01:54:06.801000
2024-06-23 14:00:24.439,10350,163,4,83,False,0,car,0 days 00:57:10.026000,0 days 01:54:07.121000
2024-06-23 14:00:24.679,11144,174,4,100,False,0,car,0 days 00:57:10.266000,0 days 01:54:07.361000
2024-06-23 14:00:24.879,11561,181,4,100,False,0,car,0 days 00:57:10.466000,0 days 01:54:07.561000
2024-06-23 14:00:25.319,10458,191,5,100,False,0,car,0 days 00:57:10.906000,0 days 01:54:08.001000
2024-06-23 14:00:25.479,10722,201,5,100,False,0,car,0 days 00:57:11.066000,0 days 01:54:08.161000
2024-06-23 14:00:25.639,11025,203,5,100,False,0,car,0 days 00:57:11.226000,0 days 01:54:08.321000
2024-06-23 14:00:25.879,11288,211,5,100,False,0,car,0 days 00:57:11.466000,0 days 01:54:08.561000
2024-06-23 14:00:26.199,11667,219,5,100,False,0,car,0 days 00:57:11.786000,0 days 01:54:08.881000
2024-06-23 14:00:26.479,10979,225,5,100,False,0,car,0 days 00:57:12.066000,0 days 01:54:09.161000
2024-06-23 14:00:26.639,10540,230,5,100,False,0,car,0 days 00:57:12.226000,0 days 01:54:09.321000
2024-06-23 14:00:26.839,10731,232,6,100,False,0,car,0 days 00:57:12.426000,0 days 01:54:09.521000
2024-06-23 14:00:27.119,10954,238,6,100,False,0,car,0 days 00:57:12.706000,0 days 01:54:09.801000
2024-06-23 14:00:27.359,11018,242,6,100,False,0,car,0 days 00:57:12.946000,0 days 01:54:10.041000
2024-06-23 14:00:27.599,10295,242,6,27,False,0,car,0 days 00:57:13.186000,0 days 01:54:10.281000
2024-06-23 14:00:27.879,10182,216,6,0,False,0,car,0 days 00:57:13.466000,0 days 01:54:10.561000
2024-06-23 14:00:28.239,9916,176,6,0,False,0,car,0 days 00:57:13.826000,0 days 01:54:10.921000
2024-06-23 14:00:28.558,9554,161,6,0,False,0,car,0 days 00:57:14.145000,0 days 01:54:11.240000
2024-06-23 14:00:28.838,10054,139,6,0,False,0,car,0 days 00:57:14.425000,0 days 01:54:11.520000
2024-06-23 14:00:29.199,9263,129,5,0,False,0,car,0 days 00:57:14.786000,0 days 01:54:11.881000
2024-06-23 14:00:29.359,8983,123,3,0,False,0,car,0 days 00:57:14.946000,0 days 01:54:12.041000
2024-06-23 14:00:29.639,8493,116,3,0,False,0,car,0 days 00:57:15.226000,0 days 01:54:12.321000
2024-06-23 14:00:29.919,8307,112,3,0,False,0,car,0 days 00:57:15.506000,0 days 01:54:12.601000
2024-06-23 14:00:30.079,7954,110,3,0,False,0,car,0 days 00:57:15.666000,0 days 01:54:12.761000
2024-06-23 14:00:30.319,7708,107,3,0,False,0,car,0 days 00:57:15.906000,0 days 01:54:13.001000
2024-06-23 14:00:30.559,7540,103,3,0,False,0,car,0 days 00:57:16.146000,0 days 01:54:13.241000
2024-06-23 14:00:30.839,7424,101,3,0,False,0,car,0 days 00:57:16.426000,0 days 01:54:13.521000
2024-06-23 14:00:31.079,7354,99,3,0,False,0,car,0 days 00:57:16.666000,0 days 01:54:13.761000
2024-06-23 14:00:31.359,7584,99,3,31,False,0,car,0 days 00:57:16.946000,0 days 01:54:14.041000
2024-06-23 14:00:31.599,7738,103,3,38,False,0,car,0 days 00:57:17.186000,0 days 01:54:14.281000
2024-06-23 14:00:31.959,8213,109,3,48,False,0,car,0 days 00:57:17.546000,0 days 01:54:14.641000
2024-06-23 14:00:32.399,9104,119,3,60,False,0,car,0 days 00:57:17.986000,0 days 01:54:15.081000
2024-06-23 14:00:32.839,10366,133,3,80,False,0,car,0 days 00:57:18.426000,0 days 01:54:15.521000
2024-06-23 14:00:33.039,10593,147,3,84,False,0,car,0 days 00:57:18.626000,0 days 01:54:15.721000
2024-06-23 14:00:33.359,10412,161,4,100,False,0,car,0 days 00:57:18.946000,0 days 01:54:16.041000
2024-06-23 14:00:33.599,10971,172,4,100,False,0,car,0 days 00:57:19.186000,0 days 01:54:16.281000
2024-06-23 14:00:33.839,11328,181,4,100,False,0,car,0 days 00:57:19.426000,0 days 01:54:16.521000
2024-06-23 14:00:34.079,10881,192,4,100,False,0,car,0 days 00:57:19.666000,0 days 01:54:16.761000
2024-06-23 14:00:34.279,10648,199,5,100,False,0,car,0 days 00:57:19.866000,0 days 01:54:16.961000
2024-06-23 14:00:34.519,10995,206,5,100,False,0,car,0 days 00:57:20.106000,0 days 01:54:17.201000
2024-06-23 14:00:34.719,11334,212,5,100,False,0,car,0 days 00:57:20.306000,0 days 01:54:17.401000
2024-06-23 14:00:34.959,11777,221,5,100,False,0,car,0 days 00:57:20.546000,0 days 01:54:17.641000
2024-06-23 14:00:35.318,10339,229,5,100,False,0,car,0 days 00:57:20.905000,0 days 01:54:18
2024-06-23 14:00:35.518,10616,234,6,100,False,0,car,0 days 00:57:21.105000,0 days 01:54:18.200000
2024-06-23 14:00:35.839,11092,243,6,100,False,0,car,0 days 00:57:21.426000,0 days 01:54:18.521000
2024-06-23 14:00:36.119,11312,247,6,100,False,0,car,0 days 00:57:21.706000,0 days 01:54:18.801000
2024-06-23 14:00:36.399,11429,251,6,100,False,0,car,0 days 00:57:21.986000,0 days 01:54:19.081000
2024-06-23 14:00:36.679,11640,254,6,100,False,0,car,0 days 00:57:22.266000,0 days 01:54:19.361000
2024-06-23 14:00:37.199,11267,242,6,0,True,0,car,0 days 00:57:22.786000,0 days 01:54:19.881000
2024-06-23 14:00:37.439,9934,212,6,0,True,0,car,0 days 00:57:23.026000,0 days 01:54:20.121000
2024-06-23 14:00:37.719,9922,203,6,0,True,0,car,0 days 00:57:23.306000,0 days 01:54:20.401000
2024-06-23 14:00:37.879,9328,178,5,0,True,0,car,0 days 00:57:23.466000,0 days 01:54:20.561000
2024-06-23 14:00:38.239,9772,154,5,0,True,0,car,0 days 00:57:23.826000,0 days 01:54:20.921000
2024-06-23 14:00:38.519,9158,148,4,0,False,0,car,0 days 00:57:24.106000,0 days 01:54:21.201000
2024-06-23 14:00:38.799,8727,141,4,0,True,0,car,0 days 00:57:24.386000,0 days 01:54:21.481000
2024-06-23 14:00:38.999,8368,136,4,0,True,0,car,0 days 00:57:24.586000,0 days 01:54:21.681000
2024-06-23 14:00:39.319,8240,131,4,0,False,0,car,0 days 00:57:24.906000,0 days 01:54:22.001000
2024-06-23 14:00:39.559,8228,128,4,11,False,0,car,0 days 00:57:25.146000,0 days 01:54:22.241000
2024-06-23 14:00:39.799,8075,127,4,36,False,0,car,0 days 00:57:25.386000,0 days 01:54:22.481000
2024-06-23 14:00:39.999,8241,128,4,46,False,0,car,0 days 00:57:25.586000,0 days 01:54:22.681000
2024-06-23 14:00:40.279,8431,132,4,53,False,0,car,0 days 00:57:25.866000,0 days 01:54:22.961000
2024-06-23 14:00:40.639,9213,145,4,80,False,0,car,0 days 00:57:26.226000,0 days 01:54:23.321000
2024-06-23 14:00:40.879,9815,155,4,100,False,0,car,0 days 00:57:26.466000,0 days 01:54:23.561000
2024-06-23 14:00:41.199,11293,167,4,94,False,0,car,0 days 00:57:26.786000,0 days 01:54:23.881000
2024-06-23 14:00:41.479,11237,174,4,82,False,0,car,0 days 00:57:27.066000,0 days 01:54:24.161000
2024-06-23 14:00:41.758,9615,189,5,100,False,0,car,0 days 00:57:27.345000,0 days 01:54:24.440000
2024-06-23 14:00:42.118,10604,198,5,100,False,0,car,0 days 00:57:27.705000,0 days 01:54:24.800000
2024-06-23 14:00:42.278,10968,204,5,100,False,0,car,0 days 00:57:27.865000,0 days 01:54:24.960000
2024-06-23 14:00:42.479,11216,210,5,100,False,0,car,0 days 00:57:28.066000,0 days 01:54:25.161000
2024-06-23 14:00:42.799,11596,217,5,100,False,0,car,0 days 00:57:28.386000,0 days 01:54:25.481000
2024-06-23 14:00:43.159,10562,228,5,100,False,0,car,0 days 00:57:28.746000,0 days 01:54:25.841000
2024-06-23 14:00:43.439,10618,234,6,100,False,0,car,0 days 00:57:29.026000,0 days 01:54:26.121000
2024-06-23 14:00:43.599,10799,236,6,100,False,0,car,0 days 00:57:29.186000,0 days 01:54:26.281000
2024-06-23 14:00:43.839,10981,241,6,100,False,0,car,0 days 00:57:29.426000,0 days 01:54:26.521000
2024-06-23 14:00:44.039,11055,242,6,100,False,0,car,0 days 00:57:29.626000,0 days 01:54:26.721000
2024-06-23 14:00:44.399,10676,241,6,0,False,0,car,0 days 00:57:29.986000,0 days 01:54:27.081000
2024-06-23 14:00:44.799,10543,232,6,0,False,0,car,0 days 00:57:30.386000,0 days 01:54:27.481000
2024-06-23 14:00:45.119,10246,225,6,29,False,0,car,0 days 00:57:30.706000,0 days 01:54:27.801000
2024-06-23 14:00:45.479,10197,222,6,60,False,0,car,0 days 00:57:31.066000,0 days 01:54:28.161000
2024-06-23 14:00:45.879,10212,221,6,78,False,0,car,0 days 00:57:31.466000,0 days 01:54:28.561000
2024-06-23 14:00:46.119,10226,222,6,84,False,0,car,0 days 00:57:31.706000,0 days 01:54:28.801000
2024-06-23 14:00:46.319,10446,227,6,100,False,0,car,0 days 00:57:31.906000,0 days 01:54:29.001000
2024-06-23 14:00:46.479,10578,228,6,100,False,8,car,0 days 00:57:32.066000,0 days 01:54:29.161000
2024-06-23 14:00:46.719,10801,234,6,100,False,8,car,0 days 00:57:32.306000,0 days 01:54:29.401000
2024-06-23 14:00:46.919,10967,238,6,100,False,8,car,0 days 00:57:32.506000,0 days 01:54:29.601000
2024-06-23 14:00:47.319,11223,244,6,100,False,14,car,0 days 00:57:32.906000,0 days 01:54:30.001000
2024-06-23 14:00:47.479,11397,247,6,100,False,14,car,0 days 00:57:33.066000,0 days 01:54:30.161000
2024-06-23 14:00:47.919,10361,256,6,100,False,12,car,0 days 00:57:33.506000,0 days 01:54:30.601000
2024-06-23 14:00:48.119,10474,260,6,100,False,12,car,0 days 00:57:33.706000,0 days 01:54:30.801000
2024-06-23 14:00:48.319,10514,262,7,100,False,12,car,0 days 00:57:33.906000,0 days 01:54:31.001000
2024-06-23 14:00:48.758,10894,272,7,100,False,12,car,0 days 00:57:34.345000,0 days 01:54:31.440000
2024-06-23 14:00:49.039,11081,277,7,100,False,12,car,0 days 00:57:34.626000,0 days 01:54:31.721000
2024-06-23 14:00:49.319,11183,281,7,100,False,12,car,0 days 00:57:34.906000,0 days 01:54:32.001000
2024-06-23 14:00:49.599,11377,285,7,100,False,12,car,0 days 00:57:35.186000,0 days 01:54:32.281000
2024-06-23 14:00:49.839,11520,288,7,100,False,12,car,0 days 00:57:35.426000,0 days 01:54:32.521000
2024-06-23 14:00:50.199,11686,291,7,100,False,12,car,0 days 00:57:35.786000,0 days 01:54:32.881000
2024-06-23 14:00:50.399,11126,294,7,100,False,12,car,0 days 00:57:35.986000,0 days 01:54:33.081000
2024-06-23 14:00:50.599,10365,296,7,100,False,12,car,0 days 00:57:36.186000,0 days 01:54:33.281000
2024-06-23 14:00:50.879,10604,300,7,100,False,12,car,0 days 00:57:36.466000,0 days 01:54:33.561000
2024-06-23 14:00:51.279,10712,302,8,100,False,12,car,0 days 00:57:36.866000,0 days 01:54:33.961000
2024-06-23 14:00:51.439,10757,303,8,100,True,8,car,0 days 00:57:37.026000,0 days 01:54:34.121000
2024-06-23 14:00:51.919,9311,263,8,0,True,8,car,0 days 00:57:37.506000,0 days 01:54:34.601000
2024-06-23 14:00:52.279,9181,236,8,0,True,8,car,0 days 00:57:37.866000,0 days 01:54:34.961000
2024-06-23 14:00:52.439,8700,208,8,0,True,0,car,0 days 00:57:38.026000,0 days 01:54:35.121000
2024-06-23 14:00:52.599,9042,208,8,0,True,0,car,0 days 00:57:38.186000,0 days 01:54:35.281000
2024-06-23 14:00:52.839,9205,177,8,0,True,0,car,0 days 00:57:38.426000,0 days 01:54:35.521000
2024-06-23 14:00:53.279,9333,153,8,0,True,0,car,0 days 00:57:38.866000,0 days 01:54:35.961000
2024-06-23 14:00:53.439,8930,144,8,0,True,0,car,0 days 00:57:39.026000,0 days 01:54:36.121000
2024-06-23 14:00:53.679,8437,137,5,0,True,0,car,0 days 00:57:39.266000,0 days 01:54:36.361000
2024-06-23 14:00:53.879,8055,129,4,0,True,0,car,0 days 00:57:39.466000,0 days 01:54:36.561000
2024-06-23 14:00:54.159,7638,123,4,0,True,0,car,0 days 00:57:39.746000,0 days 01:54:36.841000
2024-06-23 14:00:54.399,7272,119,4,0,True,0,car,0 days 00:57:39.986000,0 days 01:54:37.081000
2024-06-23 14:00:54.759,8101,110,4,0,True,0,car,0 days 00:57:40.346000,0 days 01:54:37.441000
2024-06-23 14:00:54.959,7668,107,4,0,True,0,car,0 days 00:57:40.546000,0 days 01:54:37.641000
2024-06-23 14:00:55.119,7744,105,4,0,False,0,car,0 days 00:57:40.706000,0 days 01:54:37.801000
2024-06-23 14:00:55.278,7624,103,3,0,False,0,car,0 days 00:57:40.865000,0 days 01:54:37.960000
2024-06-23 14:00:55.439,7515,102,3,0,False,0,car,0 days 00:57:41.026000,0 days 01:54:38.121000
2024-06-23 14:00:55.759,7448,100,3,20,False,0,car,0 days 00:57:41.346000,0 days 01:54:38.441000
2024-06-23 14:00:56.039,7717,102,3,31,False,0,car,0 days 00:57:41.626000,0 days 01:54:38.721000
2024-06-23 14:00:56.399,7886,105,3,42,False,0,car,0 days 00:57:41.986000,0 days 01:54:39.081000
2024-06-23 14:00:56.799,8129,111,3,47,False,0,car,0 days 00:57:42.386000,0 days 01:54:39.481000
2024-06-23 14:00:56.999,8814,115,3,56,False,0,car,0 days 00:57:42.586000,0 days 01:54:39.681000
2024-06-23 14:00:57.359,9347,126,3,65,False,0,car,0 days 00:57:42.946000,0 days 01:54:40.041000
2024-06-23 14:00:57.559,9493,132,3,71,False,0,car,0 days 00:57:43.146000,0 days 01:54:40.241000
2024-06-23 14:00:57.759,8942,139,3,78,False,0,car,0 days 00:57:43.346000,0 days 01:54:40.441000
2024-06-23 14:00:58.039,9475,150,3,83,False,0,car,0 days 00:57:43.626000,0 days 01:54:40.721000
2024-06-23 14:00:58.359,10435,163,4,100,False,0,car,0 days 00:57:43.946000,0 days 01:54:41.041000
2024-06-23 14:00:58.639,11065,175,4,100,False,0,car,0 days 00:57:44.226000,0 days 01:54:41.321000
2024-06-23 14:00:58.799,11358,180,4,100,False,0,car,0 days 00:57:44.386000,0 days 01:54:41.481000
2024-06-23 14:00:59.039,10747,186,4,100,False,0,car,0 days 00:57:44.626000,0 days 01:54:41.721000
2024-06-23 14:00:59.399,10621,198,5,100,False,0,car,0 days 00:57:44.986000,0 days 01:54:42.081000
2024-06-23 14:00:59.759,9347,188,5,0,True,0,car,0 days 00:57:45.346000,0 days 01:54:42.441000
2024-06-23 14:01:00.079,8955,169,5,0,True,0,car,0 days 00:57:45.666000,0 days 01:54:42.761000
2024-06-23 14:01:00.519,9362,153,4,0,True,0,car,0 days 00:57:46.106000,0 days 01:54:43.201000
2024-06-23 14:01:00.719,8922,147,4,0,True,0,car,0 days 00:57:46.306000,0 days 01:54:43.401000
2024-06-23 14:01:01.159,8430,133,4,0,True,0,car,0 days 00:57:46.746000,0 days 01:54:43.841000
2024-06-23 14:01:01.319,7999,129,4,0,True,0,car,0 days 00:57:46.906000,0 days 01:54:44.001000
2024-06-23 14:01:01.719,7701,123,4,0,False,0,car,0 days 00:57:47.306000,0 days 01:54:44.401000
2024-06-23 14:01:01.879,7573,123,4,0,False,0,car,0 days 00:57:47.466000,0 days 01:54:44.561000
2024-06-23 14:01:02.039,7477,121,4,4,False,0,car,0 days 00:57:47.626000,0 days 01:54:44.721000
2024-06-23 14:01:02.239,7541,119,4,22,False,0,car,0 days 00:57:47.826000,0 days 01:54:44.921000
2024-06-23 14:01:02.519,7597,120,4,38,False,0,car,0 days 00:57:48.106000,0 days 01:54:45.201000
2024-06-23 14:01:02.719,7786,121,4,42,False,0,car,0 days 00:57:48.306000,0 days 01:54:45.401000
2024-06-23 14:01:02.959,7893,124,4,39,False,0,car,0 days 00:57:48.546000,0 days 01:54:45.641000
2024-06-23 14:01:03.119,7958,125,4,37,False,0,car,0 days 00:57:48.706000,0 days 01:54:45.801000
2024-06-23 14:01:03.279,7935,127,4,37,False,0,car,0 days 00:57:48.866000,0 days 01:54:45.961000
2024-06-23 14:01:03.519,8088,127,4,40,False,0,car,0 days 00:57:49.106000,0 days 01:54:46.201000
2024-06-23 14:01:03.719,8262,130,4,46,False,0,car,0 days 00:57:49.306000,0 days 01:54:46.401000
2024-06-23 14:01:04.079,8743,136,4,56,False,0,car,0 days 00:57:49.666000,0 days 01:54:46.761000
2024-06-23 14:01:04.399,8907,141,4,60,False,0,car,0 days 00:57:49.986000,0 days 01:54:47.081000
2024-06-23 14:01:04.799,9818,152,4,74,False,0,car,0 days 00:57:50.386000,0 days 01:54:47.481000
2024-06-23 14:01:05.039,10350,162,4,81,False,0,car,0 days 00:57:50.626000,0 days 01:54:47.721000
2024-06-23 14:01:05.399,11318,173,4,100,False,0,car,0 days 00:57:50.986000,0 days 01:54:48.081000
2024-06-23 14:01:05.639,11604,181,4,100,False,0,car,0 days 00:57:51.226000,0 days 01:54:48.321000
2024-06-23 14:01:05.959,10624,197,4,100,False,0,car,0 days 00:57:51.546000,0 days 01:54:48.641000
2024-06-23 14:01:06.199,10766,203,5,100,False,0,car,0 days 00:57:51.786000,0 days 01:54:48.881000
2024-06-23 14:01:06.439,11288,209,5,100,False,0,car,0 days 00:57:52.026000,0 days 01:54:49.121000
2024-06-23 14:01:06.639,11578,219,5,100,False,0,car,0 days 00:57:52.226000,0 days 01:54:49.321000
2024-06-23 14:01:06.959,10398,225,5,81,False,0,car,0 days 00:57:52.546000,0 days 01:54:49.641000
2024-06-23 14:01:07.159,10398,227,5,81,False,0,car,0 days 00:57:52.746000,0 days 01:54:49.841000
2024-06-23 14:01:07.519,10477,230,6,70,False,0,car,0 days 00:57:53.106000,0 days 01:54:50.201000
2024-06-23 14:01:07.999,10658,231,6,77,False,0,car,0 days 00:57:53.586000,0 days 01:54:50.681000
2024-06-23 14:01:08.159,10658,234,6,77,False,0,car,0 days 00:57:53.746000,0 days 01:54:50.841000
2024-06-23 14:01:08.359,10938,237,6,100,False,0,car,0 days 00:57:53.946000,0 days 01:54:51.041000
2024-06-23 14:01:08.559,11082,240,6,100,False,0,car,0 days 00:57:54.146000,0 days 01:54:51.241000
2024-06-23 14:01:08.759,11243,245,6,100,False,0,car,0 days 00:57:54.346000,0 days 01:54:51.441000
2024-06-23 14:01:08.999,11343,246,6,100,False,0,car,0 days 00:57:54.586000,0 days 01:54:51.681000
2024-06-23 14:01:09.279,11550,251,6,100,False,0,car,0 days 00:57:54.866000,0 days 01:54:51.961000
2024-06-23 14:01:09.639,11726,257,6,100,False,0,car,0 days 00:57:55.226000,0 days 01:54:52.321000
2024-06-23 14:01:09.839,11586,260,6,100,False,0,car,0 days 00:57:55.426000,0 days 01:54:52.521000
2024-06-23 14:01:09.999,10466,260,7,100,False,0,car,0 days 00:57:55.586000,0 days 01:54:52.681000
2024-06-23 14:01:10.479,10734,262,7,86,False,0,car,0 days 00:57:56.066000,0 days 01:54:53.161000
2024-06-23 14:01:10.759,10159,253,7,0,True,0,car,0 days 00:57:56.346000,0 days 01:54:53.441000
2024-06-23 14:01:10.959,9994,247,7,0,False,0,car,0 days 00:57:56.546000,0 days 01:54:53.641000
2024-06-23 14:01:11.319,10934,239,7,35,False,0,car,0 days 00:57:56.906000,0 days 01:54:54.001000
2024-06-23 14:01:11.679,10816,235,6,72,False,0,car,0 days 00:57:57.266000,0 days 01:54:54.361000
2024-06-23 14:01:11.839,10797,236,6,72,False,0,car,0 days 00:57:57.426000,0 days 01:54:54.521000
2024-06-23 14:01:11.999,10703,235,6,67,False,0,car,0 days 00:57:57.586000,0 days 01:54:54.681000
2024-06-23 14:01:12.199,10686,233,6,71,False,0,car,0 days 00:57:57.786000,0 days 01:54:54.881000
2024-06-23 14:01:12.479,10790,236,6,91,False,0,car,0 days 00:57:58.066000,0 days 01:54:55.161000
2024-06-23 14:01:12.759,11073,239,6,100,False,0,car,0 days 00:57:58.346000,0 days 01:54:55.441000
2024-06-23 14:01:13.079,11271,243,6,100,False,0,car,0 days 00:57:58.666000,0 days 01:54:55.761000
2024-06-23 14:01:13.279,11270,245,6,100,False,8,car,0 days 00:57:58.866000,0 days 01:54:55.961000
2024-06-23 14:01:13.599,11370,249,6,100,False,8,car,0 days 00:57:59.186000,0 days 01:54:56.281000
2024-06-23 14:01:13.799,11577,253,6,100,False,8,car,0 days 00:57:59.386000,0 days 01:54:56.481000
2024-06-23 14:01:14.079,11282,257,6,100,False,8,car,0 days 00:57:59.666000,0 days 01:54:56.761000
2024-06-23 14:01:14.279,10136,261,7,100,False,8,car,0 days 00:57:59.866000,0 days 01:54:56.961000
2024-06-23 14:01:14.479,10643,263,7,100,False,8,car,0 days 00:58:00.066000,0 days 01:54:57.161000
2024-06-23 14:01:14.679,10709,267,7,100,False,8,car,0 days 00:58:00.266000,0 days 01:54:57.361000
2024-06-23 14:01:14.919,10784,269,7,100,False,8,car,0 days 00:58:00.506000,0 days 01:54:57.601000
2024-06-23 14:01:15.119,10784,271,7,100,False,8,car,0 days 00:58:00.706000,0 days 01:54:57.801000
2024-06-23 14:01:15.439,11019,275,7,100,False,8,car,0 days 00:58:01.026000,0 days 01:54:58.121000
2024-06-23 14:01:15.679,11158,278,7,100,False,14,car,0 days 00:58:01.266000,0 days 01:54:58.361000
2024-06-23 14:01:15.959,11289,284,7,100,False,12,car,0 days 00:58:01.546000,0 days 01:54:58.641000
2024-06-23 14:01:16.159,11452,286,7,100,False,12,car,0 days 00:58:01.746000,0 days 01:54:58.841000
2024-06-23 14:01:16.359,11537,290,7,100,False,12,car,0 days 00:58:01.946000,0 days 01:54:59.041000
2024-06-23 14:01:16.719,11715,293,7,100,False,12,car,0 days 00:58:02.306000,0 days 01:54:59.401000
2024-06-23 14:01:16.879,11313,295,7,100,False,12,car,0 days 00:58:02.466000,0 days 01:54:59.561000
2024-06-23 14:01:17.079,10594,297,7,100,False,12,car,0 days 00:58:02.666000,0 days 01:54:59.761000
2024-06-23 14:01:17.279,10594,299,7,100,False,12,car,0 days 00:58:02.866000,0 days 01:54:59.961000
2024-06-23 14:01:17.439,10734,301,8,100,False,12,car,0 days 00:58:03.026000,0 days 01:55:00.121000
2024-06-23 14:01:17.639,10816,304,8,100,False,12,car,0 days 00:58:03.226000,0 days 01:55:00.321000
2024-06-23 14:01:17.799,10870,305,8,100,False,12,car,0 days 00:58:03.386000,0 days 01:55:00.481000
2024-06-23 14:01:17.999,10932,307,8,100,False,12,car,0 days 00:58:03.586000,0 days 01:55:00.681000
2024-06-23 14:01:18.319,11012,309,8,100,False,12,car,0 days 00:58:03.906000,0 days 01:55:01.001000
2024-06-23 14:01:18.559,11117,313,8,100,False,12,car,0 days 00:58:04.146000,0 days 01:55:01.241000
2024-06-23 14:01:18.959,11212,315,8,100,False,12,car,0 days 00:58:04.546000,0 days 01:55:01.641000
2024-06-23 14:01:19.239,11267,317,8,100,False,12,car,0 days 00:58:04.826000,0 days 01:55:01.921000
2024-06-23 14:01:19.639,11312,318,8,100,False,12,car,0 days 00:58:05.226000,0 days 01:55:02.321000
2024-06-23 14:01:19.999,11370,321,8,100,False,12,car,0 days 00:58:05.586000,0 days 01:55:02.681000
2024-06-23 14:01:20.239,11458,322,8,100,False,12,car,0 days 00:58:05.826000,0 days 01:55:02.921000
2024-06-23 14:01:20.679,11493,323,8,100,False,12,car,0 days 00:58:06.266000,0 days 01:55:03.361000
2024-06-23 14:01:20.879,11480,324,8,100,False,12,car,0 days 00:58:06.466000,0 days 01:55:03.561000
2024-06-23 14:01:21.319,11552,325,8,100,False,12,car,0 days 00:58:06.906000,0 days 01:55:04.001000
2024-06-23 14:01:21.599,11597,326,8,100,False,12,car,0 days 00:58:07.186000,0 days 01:55:04.281000
2024-06-23 14:01:21.840,11630,327,8,100,False,12,car,0 days 00:58:07.427000,0 days 01:55:04.522000
2024-06-23 14:01:22.279,11651,328,8,100,False,12,car,0 days 00:58:07.866000,0 days 01:55:04.961000
2024-06-23 14:01:22.679,11698,330,8,100,False,12,car,0 days 00:58:08.266000,0 days 01:55:05.361000
2024-06-23 14:01:22.839,11719,330,8,100,False,12,car,0 days 00:58:08.426000,0 days 01:55:05.521000
2024-06-23 14:01:23.039,11677,330,8,100,False,12,car,0 days 00:58:08.626000,0 days 01:55:05.721000
2024-06-23 14:01:23.279,11724,330,8,100,False,12,car,0 days 00:58:08.866000,0 days 01:55:05.961000
2024-06-23 14:01:23.519,11662,329,8,100,False,12,car,0 days 00:58:09.106000,0 days 01:55:06.201000
2024-06-23 14:01:23.999,11633,328,8,100,False,12,car,0 days 00:58:09.586000,0 days 01:55:06.681000
2024-06-23 14:01:24.319,11293,317,8,0,True,0,car,0 days 00:58:09.906000,0 days 01:55:07.001000
2024-06-23 14:01:24.519,10299,295,8,0,True,0,car,0 days 00:58:10.106000,0 days 01:55:07.201000
2024-06-23 14:01:24.679,9879,283,8,0,True,0,car,0 days 00:58:10.266000,0 days 01:55:07.361000
2024-06-23 14:01:24.959,9996,239,7,0,True,0,car,0 days 00:58:10.546000,0 days 01:55:07.641000
2024-06-23 14:01:25.199,9609,216,7,0,True,0,car,0 days 00:58:10.786000,0 days 01:55:07.881000
2024-06-23 14:01:25.519,9649,188,6,0,True,0,car,0 days 00:58:11.106000,0 days 01:55:08.201000
2024-06-23 14:01:25.719,10000,173,5,0,True,0,car,0 days 00:58:11.306000,0 days 01:55:08.401000
2024-06-23 14:01:25.999,9821,159,4,0,True,0,car,0 days 00:58:11.586000,0 days 01:55:08.681000
2024-06-23 14:01:26.159,9512,155,4,0,True,0,car,0 days 00:58:11.746000,0 days 01:55:08.841000
2024-06-23 14:01:26.519,9253,148,4,0,True,0,car,0 days 00:58:12.106000,0 days 01:55:09.201000
2024-06-23 14:01:26.799,8927,143,4,0,False,0,car,0 days 00:58:12.386000,0 days 01:55:09.481000
2024-06-23 14:01:26.999,8800,140,4,8,False,0,car,0 days 00:58:12.586000,0 days 01:55:09.681000
2024-06-23 14:01:27.239,8854,139,4,23,False,0,car,0 days 00:58:12.826000,0 days 01:55:09.921000
2024-06-23 14:01:27.479,8695,138,4,45,False,0,car,0 days 00:58:13.066000,0 days 01:55:10.161000
2024-06-23 14:01:27.799,9180,142,4,61,False,0,car,0 days 00:58:13.386000,0 days 01:55:10.481000
2024-06-23 14:01:28.039,9463,149,4,70,False,0,car,0 days 00:58:13.626000,0 days 01:55:10.721000
2024-06-23 14:01:28.480,8636,159,4,56,False,0,car,0 days 00:58:14.067000,0 days 01:55:11.162000
2024-06-23 14:01:28.680,8607,160,5,57,False,0,car,0 days 00:58:14.267000,0 days 01:55:11.362000
2024-06-23 14:01:29.039,8751,164,5,58,False,0,car,0 days 00:58:14.626000,0 days 01:55:11.721000
2024-06-23 14:01:29.319,8938,168,5,67,False,0,car,0 days 00:58:14.906000,0 days 01:55:12.001000
2024-06-23 14:01:30.399,10618,194,5,100,False,0,car,0 days 00:58:15.986000,0 days 01:55:13.081000
2024-06-23 14:01:30.679,11015,206,5,100,False,0,car,0 days 00:58:16.266000,0 days 01:55:13.361000
2024-06-23 14:01:31.039,11285,214,5,98,False,0,car,0 days 00:58:16.626000,0 days 01:55:13.721000
2024-06-23 14:01:31.279,9840,218,5,49,False,0,car,0 days 00:58:16.866000,0 days 01:55:13.961000
2024-06-23 14:01:31.679,9562,209,6,22,False,0,car,0 days 00:58:17.266000,0 days 01:55:14.361000
2024-06-23 14:01:31.839,9515,208,6,37,False,0,car,0 days 00:58:17.426000,0 days 01:55:14.521000
2024-06-23 14:01:32.079,9378,207,6,61,False,0,car,0 days 00:58:17.666000,0 days 01:55:14.761000
2024-06-23 14:01:32.359,9558,207,6,75,False,0,car,0 days 00:58:17.946000,0 days 01:55:15.041000
2024-06-23 14:01:32.599,9661,210,6,77,False,0,car,0 days 00:58:18.186000,0 days 01:55:15.281000
2024-06-23 14:01:32.799,9819,212,6,78,False,0,car,0 days 00:58:18.386000,0 days 01:55:15.481000
2024-06-23 14:01:32.959,9884,213,6,76,False,0,car,0 days 00:58:18.546000,0 days 01:55:15.641000
2024-06-23 14:01:33.239,10033,216,6,86,False,0,car,0 days 00:58:18.826000,0 days 01:55:15.921000
2024-06-23 14:01:33.559,10295,220,6,80,False,0,car,0 days 00:58:19.146000,0 days 01:55:16.241000
2024-06-23 14:01:33.879,10379,224,6,83,False,0,car,0 days 00:58:19.466000,0 days 01:55:16.561000
2024-06-23 14:01:34.239,10670,230,6,100,False,0,car,0 days 00:58:19.826000,0 days 01:55:16.921000
2024-06-23 14:01:34.559,10979,234,6,100,False,0,car,0 days 00:58:20.146000,0 days 01:55:17.241000
2024-06-23 14:01:34.759,11110,238,6,100,False,0,car,0 days 00:58:20.346000,0 days 01:55:17.441000
2024-06-23 14:01:35.160,11359,246,6,100,False,0,car,0 days 00:58:20.747000,0 days 01:55:17.842000
2024-06-23 14:01:35.320,11408,247,6,100,False,0,car,0 days 00:58:20.907000,0 days 01:55:18.002000
2024-06-23 14:01:35.599,11597,251,6,100,False,0,car,0 days 00:58:21.186000,0 days 01:55:18.281000
2024-06-23 14:01:35.919,11743,256,6,100,False,0,car,0 days 00:58:21.506000,0 days 01:55:18.601000
2024-06-23 14:01:36.159,10710,259,6,100,False,0,car,0 days 00:58:21.746000,0 days 01:55:18.841000
2024-06-23 14:01:36.519,10603,263,7,100,False,0,car,0 days 00:58:22.106000,0 days 01:55:19.201000
2024-06-23 14:01:36.759,10695,266,7,100,False,0,car,0 days 00:58:22.346000,0 days 01:55:19.441000
2024-06-23 14:01:36.999,10828,268,7,100,False,0,car,0 days 00:58:22.586000,0 days 01:55:19.681000
2024-06-23 14:01:37.199,10875,270,7,100,False,0,car,0 days 00:58:22.786000,0 days 01:55:19.881000
2024-06-23 14:01:37.359,10955,272,7,100,False,0,car,0 days 00:58:22.946000,0 days 01:55:20.041000
2024-06-23 14:01:37.599,11013,274,7,100,False,0,car,0 days 00:58:23.186000,0 days 01:55:20.281000
2024-06-23 14:01:37.799,11108,277,7,100,False,0,car,0 days 00:58:23.386000,0 days 01:55:20.481000
2024-06-23 14:01:38.239,11254,281,7,100,False,0,car,0 days 00:58:23.826000,0 days 01:55:20.921000
2024-06-23 14:01:38.399,11232,281,7,100,False,0,car,0 days 00:58:23.986000,0 days 01:55:21.081000
2024-06-23 14:01:38.639,11282,282,7,100,False,0,car,0 days 00:58:24.226000,0 days 01:55:21.321000
2024-06-23 14:01:38.799,11264,282,7,100,False,0,car,0 days 00:58:24.386000,0 days 01:55:21.481000
2024-06-23 14:01:38.959,11272,281,7,100,False,0,car,0 days 00:58:24.546000,0 days 01:55:21.641000
2024-06-23 14:01:39.239,10873,272,7,0,True,0,car,0 days 00:58:24.826000,0 days 01:55:21.921000
2024-06-23 14:01:39.399,9966,253,7,0,True,0,car,0 days 00:58:24.986000,0 days 01:55:22.081000
2024-06-23 14:01:39.639,9955,231,7,0,True,0,car,0 days 00:58:25.226000,0 days 01:55:22.321000
2024-06-23 14:01:40.079,9683,187,6,0,True,0,car,0 days 00:58:25.666000,0 days 01:55:22.761000
2024-06-23 14:01:40.319,8989,180,5,0,True,0,car,0 days 00:58:25.906000,0 days 01:55:23.001000
2024-06-23 14:01:40.519,10149,165,5,0,True,0,car,0 days 00:58:26.106000,0 days 01:55:23.201000
2024-06-23 14:01:40.879,9104,150,4,0,True,0,car,0 days 00:58:26.466000,0 days 01:55:23.561000
2024-06-23 14:01:41.039,8936,144,4,0,True,0,car,0 days 00:58:26.626000,0 days 01:55:23.721000
2024-06-23 14:01:41.319,8825,140,4,0,True,0,car,0 days 00:58:26.906000,0 days 01:55:24.001000
2024-06-23 14:01:41.479,8471,138,4,0,True,0,car,0 days 00:58:27.066000,0 days 01:55:24.161000
2024-06-23 14:01:41.640,8360,135,4,0,False,0,car,0 days 00:58:27.227000,0 days 01:55:24.322000
2024-06-23 14:01:41.920,8331,132,4,0,False,0,car,0 days 00:58:27.507000,0 days 01:55:24.602000
2024-06-23 14:01:42.359,8424,132,4,44,False,0,car,0 days 00:58:27.946000,0 days 01:55:25.041000
2024-06-23 14:01:42.759,8570,134,4,51,False,0,car,0 days 00:58:28.346000,0 days 01:55:25.441000
2024-06-23 14:01:43.159,9052,141,4,65,False,0,car,0 days 00:58:28.746000,0 days 01:55:25.841000
2024-06-23 14:01:43.319,9171,143,4,67,False,0,car,0 days 00:58:28.906000,0 days 01:55:26.001000
2024-06-23 14:01:43.479,9483,148,4,73,False,0,car,0 days 00:58:29.066000,0 days 01:55:26.161000
2024-06-23 14:01:43.639,9581,153,4,76,False,0,car,0 days 00:58:29.226000,0 days 01:55:26.321000
2024-06-23 14:01:43.999,10460,164,4,85,False,0,car,0 days 00:58:29.586000,0 days 01:55:26.681000
2024-06-23 14:01:44.199,10998,170,4,91,False,0,car,0 days 00:58:29.786000,0 days 01:55:26.881000
2024-06-23 14:01:44.359,11441,178,4,96,False,0,car,0 days 00:58:29.946000,0 days 01:55:27.041000
2024-06-23 14:01:44.599,10881,180,4,100,False,0,car,0 days 00:58:30.186000,0 days 01:55:27.281000
2024-06-23 14:01:44.879,10490,194,5,100,False,0,car,0 days 00:58:30.466000,0 days 01:55:27.561000
2024-06-23 14:01:45.199,10849,203,5,100,False,0,car,0 days 00:58:30.786000,0 days 01:55:27.881000
2024-06-23 14:01:45.399,11125,208,5,100,False,0,car,0 days 00:58:30.986000,0 days 01:55:28.081000
2024-06-23 14:01:45.559,11382,212,5,100,False,0,car,0 days 00:58:31.146000,0 days 01:55:28.241000
2024-06-23 14:01:45.719,11468,215,5,100,False,0,car,0 days 00:58:31.306000,0 days 01:55:28.401000
2024-06-23 14:01:45.959,11809,222,5,100,False,0,car,0 days 00:58:31.546000,0 days 01:55:28.641000
2024-06-23 14:01:46.199,10549,226,5,100,False,0,car,0 days 00:58:31.786000,0 days 01:55:28.881000
2024-06-23 14:01:46.359,10502,230,6,100,False,0,car,0 days 00:58:31.946000,0 days 01:55:29.041000
2024-06-23 14:01:46.639,10739,235,6,100,False,0,car,0 days 00:58:32.226000,0 days 01:55:29.321000
2024-06-23 14:01:46.839,10878,236,6,100,False,0,car,0 days 00:58:32.426000,0 days 01:55:29.521000
2024-06-23 14:01:46.999,10853,238,6,100,False,0,car,0 days 00:58:32.586000,0 days 01:55:29.681000
2024-06-23 14:01:47.239,10808,238,6,100,True,0,car,0 days 00:58:32.826000,0 days 01:55:29.921000
2024-06-23 14:01:47.559,9978,209,6,0,True,0,car,0 days 00:58:33.146000,0 days 01:55:30.241000
2024-06-23 14:01:47.799,9451,190,6,0,True,0,car,0 days 00:58:33.386000,0 days 01:55:30.481000
2024-06-23 14:01:47.959,9166,174,6,0,True,0,car,0 days 00:58:33.546000,0 days 01:55:30.641000
2024-06-23 14:01:48.120,9736,165,5,0,True,0,car,0 days 00:58:33.707000,0 days 01:55:30.802000
2024-06-23 14:01:48.320,9390,159,5,0,True,0,car,0 days 00:58:33.907000,0 days 01:55:31.002000
2024-06-23 14:01:48.600,9743,137,4,0,True,0,car,0 days 00:58:34.187000,0 days 01:55:31.282000
2024-06-23 14:01:48.840,9311,126,3,0,True,0,car,0 days 00:58:34.427000,0 days 01:55:31.522000
2024-06-23 14:01:49.119,8766,121,3,0,True,0,car,0 days 00:58:34.706000,0 days 01:55:31.801000
2024-06-23 14:01:49.279,8424,116,3,0,True,0,car,0 days 00:58:34.866000,0 days 01:55:31.961000
2024-06-23 14:01:49.519,8290,114,3,0,True,0,car,0 days 00:58:35.106000,0 days 01:55:32.201000
2024-06-23 14:01:49.759,8080,109,3,0,True,0,car,0 days 00:58:35.346000,0 days 01:55:32.441000
2024-06-23 14:01:49.999,7727,106,3,0,True,0,car,0 days 00:58:35.586000,0 days 01:55:32.681000
2024-06-23 14:01:50.239,7557,102,3,0,True,0,car,0 days 00:58:35.826000,0 days 01:55:32.921000
2024-06-23 14:01:50.519,7245,99,3,0,False,0,car,0 days 00:58:36.106000,0 days 01:55:33.201000
2024-06-23 14:01:50.839,7310,97,3,17,False,0,car,0 days 00:58:36.426000,0 days 01:55:33.521000
2024-06-23 14:01:51.039,7628,100,3,37,False,0,car,0 days 00:58:36.626000,0 days 01:55:33.721000
2024-06-23 14:01:51.279,7870,103,3,45,False,0,car,0 days 00:58:36.866000,0 days 01:55:33.961000
2024-06-23 14:01:51.559,8253,109,3,54,False,0,car,0 days 00:58:37.146000,0 days 01:55:34.241000
2024-06-23 14:01:51.879,8984,114,3,63,False,0,car,0 days 00:58:37.466000,0 days 01:55:34.561000
2024-06-23 14:01:52.039,9424,124,3,68,False,0,car,0 days 00:58:37.626000,0 days 01:55:34.721000
2024-06-23 14:01:52.279,10309,133,3,82,False,0,car,0 days 00:58:37.866000,0 days 01:55:34.961000
2024-06-23 14:01:52.519,11153,142,3,100,False,0,car,0 days 00:58:38.106000,0 days 01:55:35.201000
2024-06-23 14:01:52.679,10146,154,3,100,False,0,car,0 days 00:58:38.266000,0 days 01:55:35.361000
2024-06-23 14:01:52.919,10411,162,4,100,False,0,car,0 days 00:58:38.506000,0 days 01:55:35.601000
2024-06-23 14:01:53.199,11266,177,4,100,False,0,car,0 days 00:58:38.786000,0 days 01:55:35.881000
2024-06-23 14:01:53.399,11739,185,4,100,False,0,car,0 days 00:58:38.986000,0 days 01:55:36.081000
2024-06-23 14:01:53.719,10354,196,4,100,False,0,car,0 days 00:58:39.306000,0 days 01:55:36.401000
2024-06-23 14:01:54.159,11342,213,5,100,False,0,car,0 days 00:58:39.746000,0 days 01:55:36.841000
2024-06-23 14:01:54.399,11655,219,5,100,False,0,car,0 days 00:58:39.986000,0 days 01:55:37.081000
2024-06-23 14:01:54.640,11764,227,5,100,False,0,car,0 days 00:58:40.227000,0 days 01:55:37.322000
2024-06-23 14:01:54.920,10447,232,6,100,False,0,car,0 days 00:58:40.507000,0 days 01:55:37.602000
2024-06-23 14:01:55.080,10846,236,6,100,False,0,car,0 days 00:58:40.667000,0 days 01:55:37.762000
2024-06-23 14:01:55.240,11058,242,6,100,False,0,car,0 days 00:58:40.827000,0 days 01:55:37.922000
2024-06-23 14:01:55.480,11261,245,6,100,False,0,car,0 days 00:58:41.067000,0 days 01:55:38.162000
2024-06-23 14:01:55.759,11443,250,6,100,False,0,car,0 days 00:58:41.346000,0 days 01:55:38.441000
2024-06-23 14:01:55.959,11582,253,6,100,False,0,car,0 days 00:58:41.546000,0 days 01:55:38.641000
2024-06-23 14:01:56.199,11592,255,6,100,False,0,car,0 days 00:58:41.786000,0 days 01:55:38.881000
2024-06-23 14:01:56.639,11194,247,6,0,True,0,car,0 days 00:58:42.226000,0 days 01:55:39.321000
2024-06-23 14:01:56.999,9393,208,6,0,True,0,car,0 days 00:58:42.586000,0 days 01:55:39.681000
2024-06-23 14:01:57.159,9873,190,6,0,True,0,car,0 days 00:58:42.746000,0 days 01:55:39.841000
2024-06-23 14:01:57.559,10019,160,5,0,True,0,car,0 days 00:58:43.146000,0 days 01:55:40.241000
2024-06-23 14:01:57.799,9521,157,4,0,True,0,car,0 days 00:58:43.386000,0 days 01:55:40.481000
2024-06-23 14:01:57.959,9195,148,4,0,True,0,car,0 days 00:58:43.546000,0 days 01:55:40.641000
2024-06-23 14:01:58.239,9169,147,4,0,False,0,car,0 days 00:58:43.826000,0 days 01:55:40.921000
2024-06-23 14:01:58.439,8986,143,4,0,False,0,car,0 days 00:58:44.026000,0 days 01:55:41.121000
2024-06-23 14:01:58.639,8729,140,4,0,False,0,car,0 days 00:58:44.226000,0 days 01:55:41.321000
2024-06-23 14:01:58.879,8853,139,4,21,False,0,car,0 days 00:58:44.466000,0 days 01:55:41.561000
2024-06-23 14:01:59.039,8850,137,4,29,False,0,car,0 days 00:58:44.626000,0 days 01:55:41.721000
2024-06-23 14:01:59.239,8823,137,4,44,False,0,car,0 days 00:58:44.826000,0 days 01:55:41.921000
2024-06-23 14:01:59.479,8963,139,4,58,False,0,car,0 days 00:58:45.066000,0 days 01:55:42.161000
2024-06-23 14:01:59.639,9122,140,4,63,False,0,car,0 days 00:58:45.226000,0 days 01:55:42.321000
2024-06-23 14:01:59.879,9542,148,4,76,False,0,car,0 days 00:58:45.466000,0 days 01:55:42.561000
2024-06-23 14:02:00.159,10144,158,4,80,False,0,car,0 days 00:58:45.746000,0 days 01:55:42.841000
2024-06-23 14:02:00.439,10835,165,4,97,False,0,car,0 days 00:58:46.026000,0 days 01:55:43.121000
2024-06-23 14:02:00.679,11259,176,4,100,False,0,car,0 days 00:58:46.266000,0 days 01:55:43.361000
2024-06-23 14:02:00.959,11736,182,4,100,False,0,car,0 days 00:58:46.546000,0 days 01:55:43.641000
2024-06-23 14:02:01.320,10439,196,5,100,False,0,car,0 days 00:58:46.907000,0 days 01:55:44.002000
2024-06-23 14:02:01.480,10719,202,5,100,False,0,car,0 days 00:58:47.067000,0 days 01:55:44.162000
2024-06-23 14:02:01.720,11139,207,5,100,False,0,car,0 days 00:58:47.307000,0 days 01:55:44.402000
2024-06-23 14:02:02.120,11678,219,5,100,False,0,car,0 days 00:58:47.707000,0 days 01:55:44.802000
2024-06-23 14:02:02.320,11898,224,5,100,False,0,car,0 days 00:58:47.907000,0 days 01:55:45.002000
2024-06-23 14:02:02.599,10638,231,6,100,False,0,car,0 days 00:58:48.186000,0 days 01:55:45.281000
2024-06-23 14:02:02.959,10914,239,6,100,False,0,car,0 days 00:58:48.546000,0 days 01:55:45.641000
2024-06-23 14:02:03.199,11021,241,6,100,False,0,car,0 days 00:58:48.786000,0 days 01:55:45.881000
2024-06-23 14:02:03.399,11150,242,6,100,False,0,car,0 days 00:58:48.986000,0 days 01:55:46.081000
2024-06-23 14:02:03.599,11156,244,6,100,False,0,car,0 days 00:58:49.186000,0 days 01:55:46.281000
2024-06-23 14:02:03.839,10958,241,6,0,False,0,car,0 days 00:58:49.426000,0 days 01:55:46.521000
2024-06-23 14:02:04.199,10646,233,6,0,False,0,car,0 days 00:58:49.786000,0 days 01:55:46.881000
2024-06-23 14:02:04.639,10332,225,6,59,False,0,car,0 days 00:58:50.226000,0 days 01:55:47.321000
2024-06-23 14:02:04.799,10378,224,6,65,False,0,car,0 days 00:58:50.386000,0 days 01:55:47.481000
2024-06-23 14:02:05.039,10340,223,6,63,False,0,car,0 days 00:58:50.626000,0 days 01:55:47.721000
2024-06-23 14:02:05.279,10394,224,6,78,False,0,car,0 days 00:58:50.866000,0 days 01:55:47.961000
2024-06-23 14:02:05.559,10580,226,6,90,False,0,car,0 days 00:58:51.146000,0 days 01:55:48.241000
2024-06-23 14:02:05.799,10645,230,6,100,False,8,car,0 days 00:58:51.386000,0 days 01:55:48.481000
2024-06-23 14:02:06.079,10905,235,6,100,False,8,car,0 days 00:58:51.666000,0 days 01:55:48.761000
2024-06-23 14:02:06.519,11174,242,6,100,False,8,car,0 days 00:58:52.106000,0 days 01:55:49.201000
2024-06-23 14:02:06.919,11564,250,6,100,False,14,car,0 days 00:58:52.506000,0 days 01:55:49.601000
2024-06-23 14:02:07.239,11787,258,6,100,False,12,car,0 days 00:58:52.826000,0 days 01:55:49.921000
2024-06-23 14:02:07.439,10387,263,6,100,False,12,car,0 days 00:58:53.026000,0 days 01:55:50.121000
2024-06-23 14:02:07.639,10751,267,7,100,False,12,car,0 days 00:58:53.226000,0 days 01:55:50.321000
2024-06-23 14:02:07.840,10751,270,7,100,False,12,car,0 days 00:58:53.427000,0 days 01:55:50.522000
2024-06-23 14:02:08.000,10901,270,7,100,False,12,car,0 days 00:58:53.587000,0 days 01:55:50.682000
2024-06-23 14:02:08.200,11045,275,7,100,False,12,car,0 days 00:58:53.787000,0 days 01:55:50.882000
2024-06-23 14:02:08.480,11225,280,7,100,False,12,car,0 days 00:58:54.067000,0 days 01:55:51.162000
2024-06-23 14:02:08.720,11351,283,7,100,False,12,car,0 days 00:58:54.307000,0 days 01:55:51.402000
2024-06-23 14:02:08.960,11495,287,7,100,False,12,car,0 days 00:58:54.547000,0 days 01:55:51.642000
2024-06-23 14:02:09.199,11610,290,7,100,False,12,car,0 days 00:58:54.786000,0 days 01:55:51.881000
2024-06-23 14:02:09.359,11726,292,7,100,False,12,car,0 days 00:58:54.946000,0 days 01:55:52.041000
2024-06-23 14:02:09.759,10737,298,8,100,False,12,car,0 days 00:58:55.346000,0 days 01:55:52.441000
2024-06-23 14:02:09.919,10708,298,8,100,False,12,car,0 days 00:58:55.506000,0 days 01:55:52.601000
2024-06-23 14:02:10.199,10736,301,8,100,False,12,car,0 days 00:58:55.786000,0 days 01:55:52.881000
2024-06-23 14:02:10.519,10767,302,8,100,False,12,car,0 days 00:58:56.106000,0 days 01:55:53.201000
2024-06-23 14:02:10.759,10779,304,8,100,False,12,car,0 days 00:58:56.346000,0 days 01:55:53.441000
2024-06-23 14:02:11.079,9932,289,8,3,True,12,car,0 days 00:58:56.666000,0 days 01:55:53.761000
2024-06-23 14:02:11.439,8741,237,8,0,True,8,car,0 days 00:58:57.026000,0 days 01:55:54.121000
2024-06-23 14:02:11.799,9329,208,7,0,True,0,car,0 days 00:58:57.386000,0 days 01:55:54.481000
2024-06-23 14:02:11.999,8641,199,6,0,True,0,car,0 days 00:58:57.586000,0 days 01:55:54.681000
2024-06-23 14:02:12.239,9008,170,6,0,True,0,car,0 days 00:58:57.826000,0 days 01:55:54.921000
2024-06-23 14:02:12.639,9354,149,5,0,True,0,car,0 days 00:58:58.226000,0 days 01:55:55.321000
2024-06-23 14:02:12.799,9106,145,4,0,True,0,car,0 days 00:58:58.386000,0 days 01:55:55.481000
2024-06-23 14:02:13.159,8201,132,4,0,True,0,car,0 days 00:58:58.746000,0 days 01:55:55.841000
2024-06-23 14:02:13.399,8680,132,4,0,True,0,car,0 days 00:58:58.986000,0 days 01:55:56.081000
2024-06-23 14:02:13.679,8768,119,3,0,True,0,car,0 days 00:58:59.266000,0 days 01:55:56.361000
2024-06-23 14:02:14.039,8321,113,3,0,True,0,car,0 days 00:58:59.626000,0 days 01:55:56.721000
2024-06-23 14:02:14.440,7748,105,3,0,False,0,car,0 days 00:59:00.027000,0 days 01:55:57.122000
2024-06-23 14:02:14.880,7494,102,3,0,False,0,car,0 days 00:59:00.467000,0 days 01:55:57.562000
2024-06-23 14:02:15.280,7791,99,3,21,False,0,car,0 days 00:59:00.867000,0 days 01:55:57.962000
2024-06-23 14:02:15.640,7797,102,3,38,False,0,car,0 days 00:59:01.227000,0 days 01:55:58.322000
2024-06-23 14:02:15.919,7969,105,3,46,False,0,car,0 days 00:59:01.506000,0 days 01:55:58.601000
2024-06-23 14:02:16.399,8726,114,3,57,False,0,car,0 days 00:59:01.986000,0 days 01:55:59.081000
2024-06-23 14:02:16.719,9641,125,3,70,False,0,car,0 days 00:59:02.306000,0 days 01:55:59.401000
2024-06-23 14:02:16.919,10031,132,3,74,False,0,car,0 days 00:59:02.506000,0 days 01:55:59.601000
2024-06-23 14:02:17.159,10484,144,3,86,False,0,car,0 days 00:59:02.746000,0 days 01:55:59.841000
2024-06-23 14:02:17.319,9444,147,3,85,False,0,car,0 days 00:59:02.906000,0 days 01:56:00.001000
2024-06-23 14:02:17.559,10090,161,4,100,False,0,car,0 days 00:59:03.146000,0 days 01:56:00.241000
2024-06-23 14:02:18.039,11295,177,4,100,False,0,car,0 days 00:59:03.626000,0 days 01:56:00.721000
2024-06-23 14:02:18.239,11696,187,4,100,False,0,car,0 days 00:59:03.826000,0 days 01:56:00.921000
2024-06-23 14:02:18.399,11276,190,4,100,False,0,car,0 days 00:59:03.986000,0 days 01:56:01.081000
2024-06-23 14:02:18.679,10227,198,5,100,False,0,car,0 days 00:59:04.266000,0 days 01:56:01.361000
2024-06-23 14:02:18.999,10305,197,5,53,True,0,car,0 days 00:59:04.586000,0 days 01:56:01.681000
2024-06-23 14:02:19.239,9707,184,5,0,True,0,car,0 days 00:59:04.826000,0 days 01:56:01.921000
2024-06-23 14:02:19.399,10356,172,5,0,True,0,car,0 days 00:59:04.986000,0 days 01:56:02.081000
2024-06-23 14:02:19.879,9089,149,4,0,True,0,car,0 days 00:59:05.466000,0 days 01:56:02.561000
2024-06-23 14:02:20.239,8421,136,4,0,True,0,car,0 days 00:59:05.826000,0 days 01:56:02.921000
2024-06-23 14:02:20.599,8081,130,4,0,False,0,car,0 days 00:59:06.186000,0 days 01:56:03.281000
2024-06-23 14:02:20.919,7911,130,4,0,False,0,car,0 days 00:59:06.506000,0 days 01:56:03.601000
2024-06-23 14:02:21.160,7770,125,4,0,False,0,car,0 days 00:59:06.747000,0 days 01:56:03.842000
2024-06-23 14:02:21.400,7508,122,4,0,False,0,car,0 days 00:59:06.987000,0 days 01:56:04.082000
2024-06-23 14:02:21.720,7152,119,4,0,False,0,car,0 days 00:59:07.307000,0 days 01:56:04.402000
2024-06-23 14:02:21.880,7334,117,4,8,False,0,car,0 days 00:59:07.467000,0 days 01:56:04.562000
2024-06-23 14:02:22.040,7399,116,4,23,False,0,car,0 days 00:59:07.627000,0 days 01:56:04.722000
2024-06-23 14:02:22.240,7544,116,4,35,False,0,car,0 days 00:59:07.827000,0 days 01:56:04.922000
2024-06-23 14:02:22.520,7567,120,4,44,False,0,car,0 days 00:59:08.107000,0 days 01:56:05.202000
2024-06-23 14:02:22.839,8087,126,4,53,False,0,car,0 days 00:59:08.426000,0 days 01:56:05.521000
2024-06-23 14:02:23.279,8730,135,4,64,False,0,car,0 days 00:59:08.866000,0 days 01:56:05.961000
2024-06-23 14:02:23.519,9144,141,4,72,False,0,car,0 days 00:59:09.106000,0 days 01:56:06.201000
2024-06-23 14:02:23.959,10250,146,4,86,False,0,car,0 days 00:59:09.546000,0 days 01:56:06.641000
2024-06-23 14:02:24.159,10673,164,4,92,False,0,car,0 days 00:59:09.746000,0 days 01:56:06.841000
2024-06-23 14:02:24.399,11234,169,4,100,False,0,car,0 days 00:59:09.986000,0 days 01:56:07.081000
2024-06-23 14:02:24.679,10901,185,4,100,False,0,car,0 days 00:59:10.266000,0 days 01:56:07.361000
2024-06-23 14:02:24.879,10458,193,5,100,False,0,car,0 days 00:59:10.466000,0 days 01:56:07.561000
2024-06-23 14:02:25.079,10858,197,5,100,False,0,car,0 days 00:59:10.666000,0 days 01:56:07.761000
2024-06-23 14:02:25.439,11444,208,5,100,False,0,car,0 days 00:59:11.026000,0 days 01:56:08.121000
2024-06-23 14:02:25.879,10786,223,5,100,False,0,car,0 days 00:59:11.466000,0 days 01:56:08.561000
2024-06-23 14:02:26.199,10725,230,6,92,False,0,car,0 days 00:59:11.786000,0 days 01:56:08.881000
2024-06-23 14:02:26.399,10809,234,6,80,False,0,car,0 days 00:59:11.986000,0 days 01:56:09.081000
2024-06-23 14:02:26.839,10995,238,6,81,False,0,car,0 days 00:59:12.426000,0 days 01:56:09.521000
2024-06-23 14:02:27.039,11001,240,6,90,False,0,car,0 days 00:59:12.626000,0 days 01:56:09.721000
2024-06-23 14:02:27.199,11083,241,6,100,False,0,car,0 days 00:59:12.786000,0 days 01:56:09.881000
2024-06-23 14:02:27.399,11275,244,6,100,False,0,car,0 days 00:59:12.986000,0 days 01:56:10.081000
2024-06-23 14:02:27.720,11506,244,6,100,False,0,car,0 days 00:59:13.307000,0 days 01:56:10.402000
2024-06-23 14:02:28.120,11677,253,6,100,False,0,car,0 days 00:59:13.707000,0 days 01:56:10.802000
2024-06-23 14:02:28.480,10793,259,6,100,False,0,car,0 days 00:59:14.067000,0 days 01:56:11.162000
2024-06-23 14:02:28.640,10508,262,7,100,False,0,car,0 days 00:59:14.227000,0 days 01:56:11.322000
2024-06-23 14:02:28.920,10584,263,7,100,False,0,car,0 days 00:59:14.507000,0 days 01:56:11.602000
2024-06-23 14:02:29.240,10650,267,7,100,False,0,car,0 days 00:59:14.827000,0 days 01:56:11.922000
2024-06-23 14:02:29.479,10698,268,7,100,False,0,car,0 days 00:59:15.066000,0 days 01:56:12.161000
2024-06-23 14:02:29.759,10392,263,7,0,True,0,car,0 days 00:59:15.346000,0 days 01:56:12.441000
2024-06-23 14:02:30.079,11071,253,7,0,False,0,car,0 days 00:59:15.666000,0 days 01:56:12.761000
2024-06-23 14:02:30.319,11381,247,7,43,False,0,car,0 days 00:59:15.906000,0 days 01:56:13.001000
2024-06-23 14:02:30.519,11250,241,6,73,False,0,car,0 days 00:59:16.106000,0 days 01:56:13.201000
2024-06-23 14:02:30.799,10934,238,6,64,False,0,car,0 days 00:59:16.386000,0 days 01:56:13.481000
2024-06-23 14:02:31.119,10991,238,6,74,False,0,car,0 days 00:59:16.706000,0 days 01:56:13.801000
2024-06-23 14:02:31.279,11005,238,6,72,False,0,car,0 days 00:59:16.866000,0 days 01:56:13.961000
2024-06-23 14:02:31.639,11273,243,6,100,False,0,car,0 days 00:59:17.226000,0 days 01:56:14.321000
2024-06-23 14:02:32.039,11394,246,6,100,False,0,car,0 days 00:59:17.626000,0 days 01:56:14.721000
2024-06-23 14:02:32.199,11496,249,6,100,False,0,car,0 days 00:59:17.786000,0 days 01:56:14.881000
2024-06-23 14:02:32.359,11582,250,6,100,False,0,car,0 days 00:59:17.946000,0 days 01:56:15.041000
2024-06-23 14:02:32.559,11661,254,6,100,False,8,car,0 days 00:59:18.146000,0 days 01:56:15.241000
2024-06-23 14:02:32.799,11796,257,6,100,False,8,car,0 days 00:59:18.386000,0 days 01:56:15.481000
2024-06-23 14:02:33.039,10396,260,6,100,False,8,car,0 days 00:59:18.626000,0 days 01:56:15.721000
2024-06-23 14:02:33.279,10736,265,7,100,False,8,car,0 days 00:59:18.866000,0 days 01:56:15.961000
2024-06-23 14:02:33.639,10809,271,7,100,False,8,car,0 days 00:59:19.226000,0 days 01:56:16.321000
2024-06-23 14:02:33.799,10922,272,7,100,False,8,car,0 days 00:59:19.386000,0 days 01:56:16.481000
2024-06-23 14:02:34.079,11071,275,7,100,False,8,car,0 days 00:59:19.666000,0 days 01:56:16.761000
2024-06-23 14:02:34.240,11095,279,7,100,False,8,car,0 days 00:59:19.827000,0 days 01:56:16.922000
2024-06-23 14:02:34.640,11313,284,7,100,False,14,car,0 days 00:59:20.227000,0 days 01:56:17.322000
2024-06-23 14:02:34.800,11423,285,7,100,False,14,car,0 days 00:59:20.387000,0 days 01:56:17.482000
2024-06-23 14:02:34.960,11532,288,7,100,False,14,car,0 days 00:59:20.547000,0 days 01:56:17.642000
2024-06-23 14:02:35.160,11661,290,7,100,False,12,car,0 days 00:59:20.747000,0 days 01:56:17.842000
2024-06-23 14:02:35.400,11718,293,7,100,False,12,car,0 days 00:59:20.987000,0 days 01:56:18.082000
2024-06-23 14:02:35.640,10783,297,7,100,False,12,car,0 days 00:59:21.227000,0 days 01:56:18.322000
2024-06-23 14:02:35.800,10721,297,8,100,False,12,car,0 days 00:59:21.387000,0 days 01:56:18.482000
2024-06-23 14:02:36.879,11043,310,8,100,False,12,car,0 days 00:59:22.466000,0 days 01:56:19.561000
2024-06-23 14:02:37.839,11296,319,8,100,False,12,car,0 days 00:59:23.426000,0 days 01:56:20.521000
2024-06-23 14:02:37.999,11374,320,8,100,False,12,car,0 days 00:59:23.586000,0 days 01:56:20.681000
2024-06-23 14:02:38.199,11400,321,8,100,False,12,car,0 days 00:59:23.786000,0 days 01:56:20.881000
2024-06-23 14:02:38.599,11511,324,8,100,False,12,car,0 days 00:59:24.186000,0 days 01:56:21.281000
2024-06-23 14:02:38.839,11529,326,8,100,False,12,car,0 days 00:59:24.426000,0 days 01:56:21.521000
2024-06-23 14:02:39.199,11655,328,8,100,False,12,car,0 days 00:59:24.786000,0 days 01:56:21.881000
2024-06-23 14:02:39.399,11677,328,8,100,False,12,car,0 days 00:59:24.986000,0 days 01:56:22.081000
2024-06-23 14:02:39.799,11743,332,8,100,False,12,car,0 days 00:59:25.386000,0 days 01:56:22.481000
2024-06-23 14:02:39.959,11794,332,8,100,False,12,car,0 days 00:59:25.546000,0 days 01:56:22.641000
2024-06-23 14:02:40.399,11854,334,8,100,False,12,car,0 days 00:59:25.986000,0 days 01:56:23.081000
2024-06-23 14:02:40.840,11858,334,8,100,False,12,car,0 days 00:59:26.427000,0 days 01:56:23.522000
2024-06-23 14:02:41.160,11828,332,8,100,False,12,car,0 days 00:59:26.747000,0 days 01:56:23.842000
2024-06-23 14:02:41.400,11824,333,8,100,False,12,car,0 days 00:59:26.987000,0 days 01:56:24.082000
2024-06-23 14:02:41.600,11748,332,8,100,False,12,car,0 days 00:59:27.187000,0 days 01:56:24.282000
2024-06-23 14:02:41.760,11764,330,8,100,False,12,car,0 days 00:59:27.347000,0 days 01:56:24.442000
2024-06-23 14:02:42.040,11758,331,8,100,False,12,car,0 days 00:59:27.627000,0 days 01:56:24.722000
2024-06-23 14:02:42.360,11719,331,8,100,False,12,car,0 days 00:59:27.947000,0 days 01:56:25.042000
2024-06-23 14:02:42.600,11695,331,8,100,False,12,car,0 days 00:59:28.187000,0 days 01:56:25.282000
2024-06-23 14:02:42.879,11707,329,8,100,False,12,car,0 days 00:59:28.466000,0 days 01:56:25.561000
2024-06-23 14:02:43.159,11064,312,8,0,True,12,car,0 days 00:59:28.746000,0 days 01:56:25.841000
2024-06-23 14:02:43.399,10404,285,8,0,True,0,car,0 days 00:59:28.986000,0 days 01:56:26.081000
2024-06-23 14:02:43.599,10363,273,8,0,True,0,car,0 days 00:59:29.186000,0 days 01:56:26.281000
2024-06-23 14:02:43.919,10377,232,7,0,True,0,car,0 days 00:59:29.506000,0 days 01:56:26.601000
2024-06-23 14:02:44.079,10158,210,6,0,True,0,car,0 days 00:59:29.666000,0 days 01:56:26.761000
2024-06-23 14:02:44.399,9467,180,5,0,True,0,car,0 days 00:59:29.986000,0 days 01:56:27.081000
2024-06-23 14:02:44.559,10119,173,5,0,True,0,car,0 days 00:59:30.146000,0 days 01:56:27.241000
2024-06-23 14:02:44.799,9636,157,4,0,True,0,car,0 days 00:59:30.386000,0 days 01:56:27.481000
2024-06-23 14:02:45.039,9377,151,4,0,True,0,car,0 days 00:59:30.626000,0 days 01:56:27.721000
2024-06-23 14:02:45.319,9057,146,4,0,False,0,car,0 days 00:59:30.906000,0 days 01:56:28.001000
2024-06-23 14:02:45.799,8623,138,4,0,False,0,car,0 days 00:59:31.386000,0 days 01:56:28.481000
2024-06-23 14:02:46.159,8503,133,4,32,False,0,car,0 days 00:59:31.746000,0 days 01:56:28.841000
2024-06-23 14:02:46.399,8532,133,4,41,False,0,car,0 days 00:59:31.986000,0 days 01:56:29.081000
2024-06-23 14:02:46.599,8658,133,4,55,False,0,car,0 days 00:59:32.186000,0 days 01:56:29.281000
2024-06-23 14:02:46.879,9131,142,4,67,False,0,car,0 days 00:59:32.466000,0 days 01:56:29.561000
2024-06-23 14:02:47.119,9404,147,4,72,False,0,car,0 days 00:59:32.706000,0 days 01:56:29.801000
2024-06-23 14:02:47.440,9032,157,4,44,False,0,car,0 days 00:59:33.027000,0 days 01:56:30.122000
2024-06-23 14:02:47.840,8520,158,5,50,False,0,car,0 days 00:59:33.427000,0 days 01:56:30.522000
2024-06-23 14:02:48.000,8520,158,5,58,False,0,car,0 days 00:59:33.587000,0 days 01:56:30.682000
2024-06-23 14:02:48.280,8791,162,5,71,False,0,car,0 days 00:59:33.867000,0 days 01:56:30.962000
2024-06-23 14:02:48.560,9180,169,5,83,False,0,car,0 days 00:59:34.147000,0 days 01:56:31.242000
2024-06-23 14:02:48.840,9469,178,5,100,False,0,car,0 days 00:59:34.427000,0 days 01:56:31.522000
2024-06-23 14:02:49.000,9814,181,5,100,False,0,car,0 days 00:59:34.587000,0 days 01:56:31.682000
2024-06-23 14:02:49.280,10327,190,5,100,False,0,car,0 days 00:59:34.867000,0 days 01:56:31.962000
2024-06-23 14:02:49.480,10527,196,5,100,False,0,car,0 days 00:59:35.067000,0 days 01:56:32.162000
2024-06-23 14:02:49.719,10847,203,5,100,False,0,car,0 days 00:59:35.306000,0 days 01:56:32.401000
2024-06-23 14:02:49.999,10564,212,5,100,False,0,car,0 days 00:59:35.586000,0 days 01:56:32.681000
2024-06-23 14:02:50.279,10044,217,6,80,False,0,car,0 days 00:59:35.866000,0 days 01:56:32.961000
2024-06-23 14:02:50.759,10040,219,6,65,False,0,car,0 days 00:59:36.346000,0 days 01:56:33.441000
2024-06-23 14:02:50.959,9730,215,6,0,False,0,car,0 days 00:59:36.546000,0 days 01:56:33.641000
2024-06-23 14:02:51.119,9678,214,6,11,False,0,car,0 days 00:59:36.706000,0 days 01:56:33.801000
2024-06-23 14:02:51.319,9682,210,6,51,False,0,car,0 days 00:59:36.906000,0 days 01:56:34.001000
2024-06-23 14:02:51.479,9579,209,6,59,False,0,car,0 days 00:59:37.066000,0 days 01:56:34.161000
2024-06-23 14:02:51.799,9709,209,6,76,False,0,car,0 days 00:59:37.386000,0 days 01:56:34.481000
2024-06-23 14:02:52.119,9897,212,6,84,False,0,car,0 days 00:59:37.706000,0 days 01:56:34.801000
2024-06-23 14:02:52.319,9919,214,6,82,False,0,car,0 days 00:59:37.906000,0 days 01:56:35.001000
2024-06-23 14:02:52.559,10169,219,6,100,False,0,car,0 days 00:59:38.146000,0 days 01:56:35.241000
2024-06-23 14:02:52.799,10316,221,6,100,False,0,car,0 days 00:59:38.386000,0 days 01:56:35.481000
2024-06-23 14:02:53.039,10512,228,6,100,False,0,car,0 days 00:59:38.626000,0 days 01:56:35.721000
2024-06-23 14:02:53.279,10720,232,6,100,False,0,car,0 days 00:59:38.866000,0 days 01:56:35.961000
2024-06-23 14:02:53.559,10981,237,6,100,False,0,car,0 days 00:59:39.146000,0 days 01:56:36.241000
2024-06-23 14:02:53.759,11100,240,6,100,False,0,car,0 days 00:59:39.346000,0 days 01:56:36.441000
2024-06-23 14:02:54.000,11202,242,6,100,False,0,car,0 days 00:59:39.587000,0 days 01:56:36.682000
2024-06-23 14:02:54.240,11330,247,6,100,False,0,car,0 days 00:59:39.827000,0 days 01:56:36.922000
2024-06-23 14:02:54.400,11424,248,6,100,False,0,car,0 days 00:59:39.987000,0 days 01:56:37.082000
2024-06-23 14:02:54.640,11560,253,6,100,False,0,car,0 days 00:59:40.227000,0 days 01:56:37.322000
2024-06-23 14:02:54.880,11706,254,6,100,False,0,car,0 days 00:59:40.467000,0 days 01:56:37.562000
2024-06-23 14:02:55.280,10363,260,7,100,False,0,car,0 days 00:59:40.867000,0 days 01:56:37.962000
2024-06-23 14:02:55.640,10617,264,7,100,False,0,car,0 days 00:59:41.227000,0 days 01:56:38.322000
2024-06-23 14:02:55.800,10705,265,7,100,False,0,car,0 days 00:59:41.387000,0 days 01:56:38.482000
2024-06-23 14:02:55.960,10772,268,7,100,False,0,car,0 days 00:59:41.547000,0 days 01:56:38.642000
2024-06-23 14:02:56.200,10856,271,7,100,False,0,car,0 days 00:59:41.787000,0 days 01:56:38.882000
2024-06-23 14:02:56.439,10943,273,7,100,False,0,car,0 days 00:59:42.026000,0 days 01:56:39.121000
2024-06-23 14:02:56.639,11021,274,7,100,False,0,car,0 days 00:59:42.226000,0 days 01:56:39.321000
2024-06-23 14:02:56.799,11101,276,7,100,False,0,car,0 days 00:59:42.386000,0 days 01:56:39.481000
2024-06-23 14:02:56.999,11142,279,7,100,False,0,car,0 days 00:59:42.586000,0 days 01:56:39.681000
2024-06-23 14:02:57.319,11241,280,7,100,False,0,car,0 days 00:59:42.906000,0 days 01:56:40.001000
2024-06-23 14:02:57.519,11246,281,7,100,False,0,car,0 days 00:59:43.106000,0 days 01:56:40.201000
2024-06-23 14:02:57.759,11274,282,7,100,False,0,car,0 days 00:59:43.346000,0 days 01:56:40.441000
2024-06-23 14:02:57.919,11252,282,7,100,False,0,car,0 days 00:59:43.506000,0 days 01:56:40.601000
2024-06-23 14:02:58.119,11246,281,7,100,True,0,car,0 days 00:59:43.706000,0 days 01:56:40.801000
2024-06-23 14:02:58.559,9778,232,7,0,True,0,car,0 days 00:59:44.146000,0 days 01:56:41.241000
2024-06-23 14:02:58.839,9494,205,7,0,True,0,car,0 days 00:59:44.426000,0 days 01:56:41.521000
2024-06-23 14:02:59.159,9767,184,5,0,True,0,car,0 days 00:59:44.746000,0 days 01:56:41.841000
2024-06-23 14:02:59.599,8705,168,5,0,True,0,car,0 days 00:59:45.186000,0 days 01:56:42.281000
2024-06-23 14:03:00.039,9502,154,4,0,True,0,car,0 days 00:59:45.626000,0 days 01:56:42.721000
2024-06-23 14:03:00.199,9387,151,4,0,False,0,car,0 days 00:59:45.786000,0 days 01:56:42.881000
2024-06-23 14:03:00.520,9010,146,4,0,False,0,car,0 days 00:59:46.107000,0 days 01:56:43.202000
2024-06-23 14:03:00.760,8737,141,4,0,False,0,car,0 days 00:59:46.347000,0 days 01:56:43.442000
2024-06-23 14:03:00.960,8593,138,4,0,False,0,car,0 days 00:59:46.547000,0 days 01:56:43.642000
2024-06-23 14:03:01.320,8422,135,4,13,False,0,car,0 days 00:59:46.907000,0 days 01:56:44.002000
2024-06-23 14:03:01.720,8989,138,4,57,False,0,car,0 days 00:59:47.307000,0 days 01:56:44.402000
2024-06-23 14:03:02.000,9095,143,4,62,False,0,car,0 days 00:59:47.587000,0 days 01:56:44.682000
2024-06-23 14:03:02.200,9381,147,4,69,False,0,car,0 days 00:59:47.787000,0 days 01:56:44.882000
2024-06-23 14:03:02.440,9631,153,4,71,False,0,car,0 days 00:59:48.027000,0 days 01:56:45.122000
2024-06-23 14:03:02.720,10167,158,4,78,False,0,car,0 days 00:59:48.307000,0 days 01:56:45.402000
2024-06-23 14:03:02.920,10544,164,4,82,False,0,car,0 days 00:59:48.507000,0 days 01:56:45.602000
2024-06-23 14:03:03.199,11110,173,4,87,False,0,car,0 days 00:59:48.786000,0 days 01:56:45.881000
2024-06-23 14:03:03.399,9990,173,4,100,False,0,car,0 days 00:59:48.986000,0 days 01:56:46.081000
2024-06-23 14:03:03.559,9930,185,5,100,False,0,car,0 days 00:59:49.146000,0 days 01:56:46.241000
2024-06-23 14:03:03.799,10320,192,5,100,False,0,car,0 days 00:59:49.386000,0 days 01:56:46.481000
2024-06-23 14:03:04.119,10779,201,5,100,False,0,car,0 days 00:59:49.706000,0 days 01:56:46.801000
2024-06-23 14:03:04.359,11204,208,5,100,False,0,car,0 days 00:59:49.946000,0 days 01:56:47.041000
2024-06-23 14:03:04.639,11427,215,5,100,False,0,car,0 days 00:59:50.226000,0 days 01:56:47.321000
2024-06-23 14:03:04.839,11673,218,5,100,False,0,car,0 days 00:59:50.426000,0 days 01:56:47.521000
2024-06-23 14:03:05.039,10973,225,5,100,False,0,car,0 days 00:59:50.626000,0 days 01:56:47.721000
2024-06-23 14:03:05.319,10671,231,6,100,False,0,car,0 days 00:59:50.906000,0 days 01:56:48.001000
2024-06-23 14:03:05.519,10740,235,6,100,False,0,car,0 days 00:59:51.106000,0 days 01:56:48.201000
2024-06-23 14:03:05.799,10926,237,6,100,False,0,car,0 days 00:59:51.386000,0 days 01:56:48.481000
2024-06-23 14:03:06.039,10938,241,6,100,False,0,car,0 days 00:59:51.626000,0 days 01:56:48.721000
2024-06-23 14:03:06.199,11131,239,6,0,False,0,car,0 days 00:59:51.786000,0 days 01:56:48.881000
2024-06-23 14:03:06.439,10105,224,6,0,True,0,car,0 days 00:59:52.026000,0 days 01:56:49.121000
2024-06-23 14:03:06.599,9449,205,6,0,True,0,car,0 days 00:59:52.186000,0 days 01:56:49.281000
2024-06-23 14:03:06.879,9191,177,6,0,True,0,car,0 days 00:59:52.466000,0 days 01:56:49.561000
2024-06-23 14:03:07.080,9471,160,5,0,True,0,car,0 days 00:59:52.667000,0 days 01:56:49.762000
2024-06-23 14:03:07.360,9572,142,4,0,True,0,car,0 days 00:59:52.947000,0 days 01:56:50.042000
2024-06-23 14:03:07.680,9436,130,3,0,True,0,car,0 days 00:59:53.267000,0 days 01:56:50.362000
2024-06-23 14:03:08.000,8930,125,3,0,True,0,car,0 days 00:59:53.587000,0 days 01:56:50.682000
2024-06-23 14:03:08.240,8689,116,3,0,True,0,car,0 days 00:59:53.827000,0 days 01:56:50.922000
2024-06-23 14:03:08.400,8321,114,3,0,True,0,car,0 days 00:59:53.987000,0 days 01:56:51.082000
2024-06-23 14:03:08.600,8128,111,3,0,True,0,car,0 days 00:59:54.187000,0 days 01:56:51.282000
2024-06-23 14:03:08.880,7749,105,3,0,True,0,car,0 days 00:59:54.467000,0 days 01:56:51.562000
2024-06-23 14:03:09.160,7301,100,3,0,True,0,car,0 days 00:59:54.747000,0 days 01:56:51.842000
2024-06-23 14:03:09.400,7198,98,3,0,False,0,car,0 days 00:59:54.987000,0 days 01:56:52.082000
2024-06-23 14:03:09.759,7523,98,3,35,False,0,car,0 days 00:59:55.346000,0 days 01:56:52.441000
2024-06-23 14:03:10.079,7857,103,3,43,False,0,car,0 days 00:59:55.666000,0 days 01:56:52.761000
2024-06-23 14:03:10.399,8253,107,3,48,False,0,car,0 days 00:59:55.986000,0 days 01:56:53.081000
2024-06-23 14:03:10.639,8602,112,3,53,False,0,car,0 days 00:59:56.226000,0 days 01:56:53.321000
2024-06-23 14:03:10.919,9253,119,3,67,False,0,car,0 days 00:59:56.506000,0 days 01:56:53.601000
2024-06-23 14:03:11.079,9832,126,3,74,False,0,car,0 days 00:59:56.666000,0 days 01:56:53.761000
2024-06-23 14:03:11.279,10364,135,3,84,False,0,car,0 days 00:59:56.866000,0 days 01:56:53.961000
2024-06-23 14:03:11.519,11031,145,3,98,False,0,car,0 days 00:59:57.106000,0 days 01:56:54.201000
2024-06-23 14:03:11.759,10128,161,3,100,False,0,car,0 days 00:59:57.346000,0 days 01:56:54.441000
2024-06-23 14:03:12.199,11197,178,4,100,False,0,car,0 days 00:59:57.786000,0 days 01:56:54.881000
2024-06-23 14:03:12.679,10541,197,5,100,False,0,car,0 days 00:59:58.266000,0 days 01:56:55.361000
2024-06-23 14:03:12.879,10938,205,5,100,False,0,car,0 days 00:59:58.466000,0 days 01:56:55.561000
2024-06-23 14:03:13.119,11111,211,5,100,False,0,car,0 days 00:59:58.706000,0 days 01:56:55.801000
2024-06-23 14:03:13.399,11723,220,5,100,False,0,car,0 days 00:59:58.986000,0 days 01:56:56.081000
2024-06-23 14:03:13.640,11133,228,5,100,False,0,car,0 days 00:59:59.227000,0 days 01:56:56.322000
2024-06-23 14:03:13.800,10060,228,6,100,False,0,car,0 days 00:59:59.387000,0 days 01:56:56.482000
2024-06-23 14:03:14.120,10902,237,6,100,False,0,car,0 days 00:59:59.707000,0 days 01:56:56.802000
2024-06-23 14:03:14.280,11040,241,6,100,False,0,car,0 days 00:59:59.867000,0 days 01:56:56.962000
2024-06-23 14:03:14.440,11135,245,6,100,False,0,car,0 days 01:00:00.027000,0 days 01:56:57.122000
2024-06-23 14:03:14.720,11298,248,6,100,False,0,car,0 days 01:00:00.307000,0 days 01:56:57.402000
2024-06-23 14:03:15.000,11468,250,6,100,False,0,car,0 days 01:00:00.587000,0 days 01:56:57.682000
2024-06-23 14:03:15.160,11503,251,6,100,False,0,car,0 days 01:00:00.747000,0 days 01:56:57.842000
2024-06-23 14:03:15.520,10985,252,6,18,True,0,car,0 days 01:00:01.107000,0 days 01:56:58.202000
2024-06-23 14:03:15.760,11052,229,6,0,True,0,car,0 days 01:00:01.347000,0 days 01:56:58.442000
2024-06-23 14:03:16.000,9541,208,6,0,True,0,car,0 days 01:00:01.587000,0 days 01:56:58.682000
2024-06-23 14:03:16.320,9519,182,5,0,True,0,car,0 days 01:00:01.907000,0 days 01:56:59.002000
2024-06-23 14:03:16.559,10423,169,5,0,True,0,car,0 days 01:00:02.146000,0 days 01:56:59.241000
2024-06-23 14:03:16.719,9919,161,4,0,True,0,car,0 days 01:00:02.306000,0 days 01:56:59.401000
2024-06-23 14:03:16.879,9553,154,4,0,True,0,car,0 days 01:00:02.466000,0 days 01:56:59.561000
2024-06-23 14:03:17.039,9360,152,4,0,True,0,car,0 days 01:00:02.626000,0 days 01:56:59.721000
2024-06-23 14:03:17.359,8899,143,4,0,True,0,car,0 days 01:00:02.946000,0 days 01:57:00.041000
2024-06-23 14:03:17.799,8492,137,4,0,False,0,car,0 days 01:00:03.386000,0 days 01:57:00.481000
2024-06-23 14:03:17.999,8499,133,4,6,False,0,car,0 days 01:00:03.586000,0 days 01:57:00.681000
2024-06-23 14:03:18.279,8449,133,4,42,False,0,car,0 days 01:00:03.866000,0 days 01:57:00.961000
2024-06-23 14:03:18.639,8713,136,4,56,False,0,car,0 days 01:00:04.226000,0 days 01:57:01.321000
2024-06-23 14:03:18.999,9357,145,4,79,False,0,car,0 days 01:00:04.586000,0 days 01:57:01.681000
2024-06-23 14:03:19.159,9739,152,4,82,False,0,car,0 days 01:00:04.746000,0 days 01:57:01.841000
2024-06-23 14:03:19.359,9868,160,4,80,False,0,car,0 days 01:00:04.946000,0 days 01:57:02.041000
2024-06-23 14:03:19.639,10787,168,4,93,False,0,car,0 days 01:00:05.226000,0 days 01:57:02.321000
2024-06-23 14:03:20.079,11267,184,4,100,False,0,car,0 days 01:00:05.666000,0 days 01:57:02.761000
2024-06-23 14:03:20.360,10183,194,5,100,False,0,car,0 days 01:00:05.947000,0 days 01:57:03.042000
2024-06-23 14:03:20.560,10768,200,5,100,False,0,car,0 days 01:00:06.147000,0 days 01:57:03.242000
2024-06-23 14:03:20.760,11089,206,5,100,False,0,car,0 days 01:00:06.347000,0 days 01:57:03.442000
2024-06-23 14:03:21.040,11375,212,5,100,False,0,car,0 days 01:00:06.627000,0 days 01:57:03.722000
2024-06-23 14:03:21.400,11827,222,5,100,False,0,car,0 days 01:00:06.987000,0 days 01:57:04.082000
2024-06-23 14:03:21.680,10563,230,5,100,False,0,car,0 days 01:00:07.267000,0 days 01:57:04.362000
2024-06-23 14:03:21.960,10601,236,6,100,False,0,car,0 days 01:00:07.547000,0 days 01:57:04.642000
2024-06-23 14:03:22.280,10926,239,6,100,False,0,car,0 days 01:00:07.867000,0 days 01:57:04.962000
2024-06-23 14:03:22.560,10902,242,6,26,False,0,car,0 days 01:00:08.147000,0 days 01:57:05.242000
2024-06-23 14:03:22.960,10745,232,6,0,False,0,car,0 days 01:00:08.547000,0 days 01:57:05.642000
2024-06-23 14:03:23.359,10330,227,6,37,False,0,car,0 days 01:00:08.946000,0 days 01:57:06.041000
2024-06-23 14:03:23.519,10105,227,6,39,False,0,car,0 days 01:00:09.106000,0 days 01:57:06.201000
2024-06-23 14:03:23.759,10129,220,6,64,False,0,car,0 days 01:00:09.346000,0 days 01:57:06.441000
2024-06-23 14:03:23.999,10091,220,6,73,False,0,car,0 days 01:00:09.586000,0 days 01:57:06.681000
2024-06-23 14:03:24.199,10340,220,6,84,False,0,car,0 days 01:00:09.786000,0 days 01:57:06.881000
2024-06-23 14:03:24.479,10507,225,6,100,False,0,car,0 days 01:00:10.066000,0 days 01:57:07.161000
2024-06-23 14:03:24.759,10739,230,6,100,False,0,car,0 days 01:00:10.346000,0 days 01:57:07.441000
2024-06-23 14:03:25.119,10904,236,6,100,False,0,car,0 days 01:00:10.706000,0 days 01:57:07.801000
2024-06-23 14:03:25.439,11156,243,6,100,False,0,car,0 days 01:00:11.026000,0 days 01:57:08.121000
2024-06-23 14:03:25.639,11253,246,6,100,False,0,car,0 days 01:00:11.226000,0 days 01:57:08.321000
2024-06-23 14:03:25.799,11363,249,6,100,False,0,car,0 days 01:00:11.386000,0 days 01:57:08.481000
2024-06-23 14:03:26.079,11580,253,6,100,False,0,car,0 days 01:00:11.666000,0 days 01:57:08.761000
2024-06-23 14:03:26.319,11690,255,6,100,False,0,car,0 days 01:00:11.906000,0 days 01:57:09.001000
2024-06-23 14:03:26.519,11227,256,6,100,False,0,car,0 days 01:00:12.106000,0 days 01:57:09.201000
2024-06-23 14:03:26.719,10443,262,7,100,False,0,car,0 days 01:00:12.306000,0 days 01:57:09.401000
2024-06-23 14:03:26.880,10723,265,7,100,False,0,car,0 days 01:00:12.467000,0 days 01:57:09.562000
2024-06-23 14:03:27.160,10769,268,7,100,False,0,car,0 days 01:00:12.747000,0 days 01:57:09.842000
2024-06-23 14:03:27.360,10861,270,7,100,False,0,car,0 days 01:00:12.947000,0 days 01:57:10.042000
2024-06-23 14:03:27.760,11011,274,7,100,False,0,car,0 days 01:00:13.347000,0 days 01:57:10.442000
2024-06-23 14:03:28.120,11089,279,7,100,False,0,car,0 days 01:00:13.707000,0 days 01:57:10.802000
2024-06-23 14:03:28.360,11237,281,7,100,False,0,car,0 days 01:00:13.947000,0 days 01:57:11.042000
2024-06-23 14:03:28.680,11373,283,7,100,False,0,car,0 days 01:00:14.267000,0 days 01:57:11.362000
2024-06-23 14:03:29.000,11467,286,7,100,False,0,car,0 days 01:00:14.587000,0 days 01:57:11.682000
2024-06-23 14:03:29.200,11513,288,7,100,False,0,car,0 days 01:00:14.787000,0 days 01:57:11.882000
2024-06-23 14:03:29.440,11561,289,7,100,False,0,car,0 days 01:00:15.027000,0 days 01:57:12.122000
2024-06-23 14:03:29.720,11572,289,7,100,False,0,car,0 days 01:00:15.307000,0 days 01:57:12.402000
2024-06-23 14:03:29.919,11542,290,7,100,False,0,car,0 days 01:00:15.506000,0 days 01:57:12.601000
2024-06-23 14:03:30.119,11561,290,7,100,False,0,car,0 days 01:00:15.706000,0 days 01:57:12.801000
2024-06-23 14:03:30.399,10938,283,7,0,True,0,car,0 days 01:00:15.986000,0 days 01:57:13.081000
2024-06-23 14:03:30.599,10148,257,7,0,True,0,car,0 days 01:00:16.186000,0 days 01:57:13.281000
2024-06-23 14:03:30.839,10124,257,7,0,True,0,car,0 days 01:00:16.426000,0 days 01:57:13.521000
2024-06-23 14:03:31.079,9543,215,7,0,True,0,car,0 days 01:00:16.666000,0 days 01:57:13.761000
2024-06-23 14:03:31.399,9102,175,7,0,True,0,car,0 days 01:00:16.986000,0 days 01:57:14.081000
2024-06-23 14:03:31.599,9217,162,5,0,True,0,car,0 days 01:00:17.186000,0 days 01:57:14.281000
2024-06-23 14:03:32.039,8659,137,4,0,True,0,car,0 days 01:00:17.626000,0 days 01:57:14.721000
2024-06-23 14:03:32.519,9110,125,3,0,True,0,car,0 days 01:00:18.106000,0 days 01:57:15.201000
2024-06-23 14:03:32.919,8561,117,3,0,True,0,car,0 days 01:00:18.506000,0 days 01:57:15.601000
2024-06-23 14:03:33.239,8217,112,3,0,True,0,car,0 days 01:00:18.826000,0 days 01:57:15.921000
2024-06-23 14:03:33.400,8025,109,3,0,True,0,car,0 days 01:00:18.987000,0 days 01:57:16.082000
2024-06-23 14:03:33.720,7627,105,3,0,True,0,car,0 days 01:00:19.307000,0 days 01:57:16.402000
2024-06-23 14:03:33.960,7444,101,3,0,False,0,car,0 days 01:00:19.547000,0 days 01:57:16.642000
2024-06-23 14:03:34.240,7849,100,3,21,False,0,car,0 days 01:00:19.827000,0 days 01:57:16.922000
2024-06-23 14:03:34.440,7603,102,3,30,False,0,car,0 days 01:00:20.027000,0 days 01:57:17.122000
2024-06-23 14:03:34.680,7909,103,3,41,False,0,car,0 days 01:00:20.267000,0 days 01:57:17.362000
2024-06-23 14:03:34.960,8261,106,3,46,False,0,car,0 days 01:00:20.547000,0 days 01:57:17.642000
2024-06-23 14:03:35.360,8781,116,3,59,False,0,car,0 days 01:00:20.947000,0 days 01:57:18.042000
2024-06-23 14:03:35.640,9271,124,3,65,False,0,car,0 days 01:00:21.227000,0 days 01:57:18.322000
2024-06-23 14:03:35.960,9891,134,3,71,False,0,car,0 days 01:00:21.547000,0 days 01:57:18.642000
2024-06-23 14:03:36.160,8756,140,3,71,False,0,car,0 days 01:00:21.747000,0 days 01:57:18.842000
2024-06-23 14:03:36.440,9659,148,4,84,False,0,car,0 days 01:00:22.027000,0 days 01:57:19.122000
2024-06-23 14:03:36.600,10087,152,4,100,False,0,car,0 days 01:00:22.187000,0 days 01:57:19.282000
2024-06-23 14:03:36.759,10575,161,4,100,False,0,car,0 days 01:00:22.346000,0 days 01:57:19.441000
2024-06-23 14:03:36.999,11123,173,4,100,False,0,car,0 days 01:00:22.586000,0 days 01:57:19.681000
2024-06-23 14:03:37.199,11564,173,4,100,False,0,car,0 days 01:00:22.786000,0 days 01:57:19.881000
2024-06-23 14:03:37.439,11044,187,4,100,False,0,car,0 days 01:00:23.026000,0 days 01:57:20.121000
2024-06-23 14:03:37.599,10228,194,4,100,False,0,car,0 days 01:00:23.186000,0 days 01:57:20.281000
2024-06-23 14:03:37.959,10506,201,5,57,False,0,car,0 days 01:00:23.546000,0 days 01:57:20.641000
2024-06-23 14:03:38.279,9756,184,5,0,True,0,car,0 days 01:00:23.866000,0 days 01:57:20.961000
2024-06-23 14:03:38.479,8972,174,5,0,True,0,car,0 days 01:00:24.066000,0 days 01:57:21.161000
2024-06-23 14:03:38.639,9647,169,5,0,True,0,car,0 days 01:00:24.226000,0 days 01:57:21.321000
2024-06-23 14:03:38.879,9537,156,4,0,True,0,car,0 days 01:00:24.466000,0 days 01:57:21.561000
2024-06-23 14:03:39.319,8653,146,4,0,True,0,car,0 days 01:00:24.906000,0 days 01:57:22.001000
2024-06-23 14:03:39.719,8210,133,4,0,True,0,car,0 days 01:00:25.306000,0 days 01:57:22.401000
2024-06-23 14:03:40.040,7961,127,4,0,True,0,car,0 days 01:00:25.627000,0 days 01:57:22.722000
2024-06-23 14:03:40.400,7589,124,4,0,False,0,car,0 days 01:00:25.987000,0 days 01:57:23.082000
2024-06-23 14:03:40.680,7397,121,4,3,False,0,car,0 days 01:00:26.267000,0 days 01:57:23.362000
2024-06-23 14:03:40.960,7603,119,4,30,False,0,car,0 days 01:00:26.547000,0 days 01:57:23.642000
2024-06-23 14:03:41.120,7603,119,4,30,False,0,car,0 days 01:00:26.707000,0 days 01:57:23.802000
2024-06-23 14:03:41.360,7814,120,4,44,False,0,car,0 days 01:00:26.947000,0 days 01:57:24.042000
2024-06-23 14:03:41.640,8010,125,4,46,False,0,car,0 days 01:00:27.227000,0 days 01:57:24.322000
2024-06-23 14:03:41.960,8408,130,4,56,False,0,car,0 days 01:00:27.547000,0 days 01:57:24.642000
2024-06-23 14:03:42.120,8528,132,4,57,False,0,car,0 days 01:00:27.707000,0 days 01:57:24.802000
2024-06-23 14:03:42.320,8760,136,4,63,False,0,car,0 days 01:00:27.907000,0 days 01:57:25.002000
2024-06-23 14:03:42.600,9284,143,4,69,False,0,car,0 days 01:00:28.187000,0 days 01:57:25.282000
2024-06-23 14:03:42.960,9858,154,4,80,False,0,car,0 days 01:00:28.547000,0 days 01:57:25.642000
2024-06-23 14:03:43.280,10721,165,4,89,False,0,car,0 days 01:00:28.867000,0 days 01:57:25.962000
2024-06-23 14:03:43.719,11782,182,4,100,False,0,car,0 days 01:00:29.306000,0 days 01:57:26.401000
2024-06-23 14:03:43.959,10385,189,4,100,False,0,car,0 days 01:00:29.546000,0 days 01:57:26.641000
2024-06-23 14:03:44.279,10903,202,5,100,False,0,car,0 days 01:00:29.866000,0 days 01:57:26.961000
2024-06-23 14:03:44.479,11162,209,5,100,False,0,car,0 days 01:00:30.066000,0 days 01:57:27.161000
2024-06-23 14:03:44.879,11827,220,5,100,False,0,car,0 days 01:00:30.466000,0 days 01:57:27.561000
2024-06-23 14:03:45.319,10389,228,6,68,False,0,car,0 days 01:00:30.906000,0 days 01:57:28.001000
2024-06-23 14:03:45.479,10704,231,6,89,False,0,car,0 days 01:00:31.066000,0 days 01:57:28.161000
2024-06-23 14:03:45.679,10852,234,6,83,False,0,car,0 days 01:00:31.266000,0 days 01:57:28.361000
2024-06-23 14:03:45.959,10848,236,6,84,False,0,car,0 days 01:00:31.546000,0 days 01:57:28.641000
2024-06-23 14:03:46.199,10824,237,6,77,False,0,car,0 days 01:00:31.786000,0 days 01:57:28.881000
2024-06-23 14:03:46.480,11110,240,6,92,False,0,car,0 days 01:00:32.067000,0 days 01:57:29.162000
2024-06-23 14:03:46.760,11252,244,6,100,False,0,car,0 days 01:00:32.347000,0 days 01:57:29.442000
2024-06-23 14:03:46.920,11362,245,6,100,False,0,car,0 days 01:00:32.507000,0 days 01:57:29.602000
2024-06-23 14:03:47.160,11467,249,6,100,False,0,car,0 days 01:00:32.747000,0 days 01:57:29.842000
2024-06-23 14:03:47.360,11575,252,6,100,False,0,car,0 days 01:00:32.947000,0 days 01:57:30.042000
2024-06-23 14:03:47.600,11695,255,6,100,False,0,car,0 days 01:00:33.187000,0 days 01:57:30.282000
2024-06-23 14:03:47.840,11070,258,6,100,False,0,car,0 days 01:00:33.427000,0 days 01:57:30.522000
2024-06-23 14:03:48.240,10380,263,7,100,False,0,car,0 days 01:00:33.827000,0 days 01:57:30.922000
2024-06-23 14:03:48.440,10504,262,7,100,False,0,car,0 days 01:00:34.027000,0 days 01:57:31.122000
2024-06-23 14:03:48.680,10184,261,7,9,False,0,car,0 days 01:00:34.267000,0 days 01:57:31.362000
2024-06-23 14:03:48.840,10444,259,7,0,True,0,car,0 days 01:00:34.427000,0 days 01:57:31.522000
2024-06-23 14:03:49.200,10683,246,7,0,False,0,car,0 days 01:00:34.787000,0 days 01:57:31.882000
2024-06-23 14:03:49.400,11046,241,6,5,False,0,car,0 days 01:00:34.987000,0 days 01:57:32.082000
2024-06-23 14:03:49.640,10696,232,6,30,False,0,car,0 days 01:00:35.227000,0 days 01:57:32.322000
2024-06-23 14:03:50.080,10787,232,6,73,False,0,car,0 days 01:00:35.667000,0 days 01:57:32.762000
2024-06-23 14:03:50.239,10480,233,6,86,False,0,car,0 days 01:00:35.826000,0 days 01:57:32.921000
2024-06-23 14:03:50.399,10850,234,6,85,False,0,car,0 days 01:00:35.986000,0 days 01:57:33.081000
2024-06-23 14:03:50.639,10911,238,6,100,False,0,car,0 days 01:00:36.226000,0 days 01:57:33.321000
2024-06-23 14:03:50.879,11129,241,6,100,False,0,car,0 days 01:00:36.466000,0 days 01:57:33.561000
2024-06-23 14:03:51.119,11261,243,6,100,False,0,car,0 days 01:00:36.706000,0 days 01:57:33.801000
2024-06-23 14:03:51.359,11386,246,6,100,False,0,car,0 days 01:00:36.946000,0 days 01:57:34.041000
2024-06-23 14:03:51.519,11467,249,6,100,False,0,car,0 days 01:00:37.106000,0 days 01:57:34.201000
2024-06-23 14:03:51.759,11609,252,6,100,False,0,car,0 days 01:00:37.346000,0 days 01:57:34.441000
2024-06-23 14:03:51.919,11657,255,6,100,False,0,car,0 days 01:00:37.506000,0 days 01:57:34.601000
2024-06-23 14:03:52.119,11097,255,6,100,False,0,car,0 days 01:00:37.706000,0 days 01:57:34.801000
2024-06-23 14:03:52.439,10325,261,7,100,False,0,car,0 days 01:00:38.026000,0 days 01:57:35.121000
2024-06-23 14:03:52.639,10573,264,7,100,False,0,car,0 days 01:00:38.226000,0 days 01:57:35.321000
2024-06-23 14:03:52.959,10699,268,7,100,False,0,car,0 days 01:00:38.546000,0 days 01:57:35.641000
2024-06-23 14:03:53.160,10795,270,7,100,False,0,car,0 days 01:00:38.747000,0 days 01:57:35.842000
2024-06-23 14:03:53.360,10894,272,7,100,False,0,car,0 days 01:00:38.947000,0 days 01:57:36.042000
2024-06-23 14:03:53.600,10966,275,7,100,False,0,car,0 days 01:00:39.187000,0 days 01:57:36.282000
2024-06-23 14:03:54.000,11133,277,7,100,False,0,car,0 days 01:00:39.587000,0 days 01:57:36.682000
2024-06-23 14:03:54.240,11216,281,7,100,False,0,car,0 days 01:00:39.827000,0 days 01:57:36.922000
2024-06-23 14:03:54.640,11345,284,7,100,False,0,car,0 days 01:00:40.227000,0 days 01:57:37.322000
2024-06-23 14:03:54.840,11419,286,7,100,False,0,car,0 days 01:00:40.427000,0 days 01:57:37.522000
2024-06-23 14:03:55.120,11477,286,7,100,False,0,car,0 days 01:00:40.707000,0 days 01:57:37.802000
2024-06-23 14:03:55.320,11548,288,7,100,False,0,car,0 days 01:00:40.907000,0 days 01:57:38.002000
2024-06-23 14:03:55.520,11596,289,7,100,False,0,car,0 days 01:00:41.107000,0 days 01:57:38.202000
2024-06-23 14:03:55.880,11647,292,7,100,False,0,car,0 days 01:00:41.467000,0 days 01:57:38.562000
2024-06-23 14:03:56.320,11694,293,7,100,False,0,car,0 days 01:00:41.907000,0 days 01:57:39.002000
2024-06-23 14:03:56.480,10714,294,8,100,False,0,car,0 days 01:00:42.067000,0 days 01:57:39.162000
2024-06-23 14:03:56.720,10617,295,8,100,False,0,car,0 days 01:00:42.307000,0 days 01:57:39.402000
2024-06-23 14:03:57.039,10534,296,8,100,False,0,car,0 days 01:00:42.626000,0 days 01:57:39.721000
2024-06-23 14:03:57.239,10569,297,8,100,False,0,car,0 days 01:00:42.826000,0 days 01:57:39.921000
2024-06-23 14:03:57.399,10595,298,8,100,False,0,car,0 days 01:00:42.986000,0 days 01:57:40.081000
2024-06-23 14:03:57.759,10661,299,8,100,False,0,car,0 days 01:00:43.346000,0 days 01:57:40.441000
2024-06-23 14:03:57.959,10672,300,8,100,False,0,car,0 days 01:00:43.546000,0 days 01:57:40.641000
2024-06-23 14:03:58.239,10695,302,8,100,False,0,car,0 days 01:00:43.826000,0 days 01:57:40.921000
2024-06-23 14:03:58.559,10719,302,8,100,False,0,car,0 days 01:00:44.146000,0 days 01:57:41.241000
2024-06-23 14:03:58.719,10717,302,8,100,False,0,car,0 days 01:00:44.306000,0 days 01:57:41.401000
2024-06-23 14:03:58.959,10730,302,8,100,False,0,car,0 days 01:00:44.546000,0 days 01:57:41.641000
2024-06-23 14:03:59.359,10742,302,8,100,False,0,car,0 days 01:00:44.946000,0 days 01:57:42.041000
2024-06-23 14:03:59.519,10757,303,8,100,False,0,car,0 days 01:00:45.106000,0 days 01:57:42.201000
2024-06-23 14:03:59.800,10753,302,8,100,False,0,car,0 days 01:00:45.387000,0 days 01:57:42.482000
2024-06-23 14:04:00.080,10735,302,8,100,False,0,car,0 days 01:00:45.667000,0 days 01:57:42.762000
2024-06-23 14:04:00.360,10738,302,8,100,False,0,car,0 days 01:00:45.947000,0 days 01:57:43.042000
2024-06-23 14:04:00.640,10751,301,8,100,False,0,car,0 days 01:00:46.227000,0 days 01:57:43.322000
2024-06-23 14:04:00.800,10762,303,8,100,False,0,car,0 days 01:00:46.387000,0 days 01:57:43.482000
2024-06-23 14:04:01.000,10799,303,8,100,False,0,car,0 days 01:00:46.587000,0 days 01:57:43.682000
2024-06-23 14:04:01.360,10799,303,8,100,False,0,car,0 days 01:00:46.947000,0 days 01:57:44.042000
2024-06-23 14:04:01.680,10751,303,8,100,False,0,car,0 days 01:00:47.267000,0 days 01:57:44.362000
2024-06-23 14:04:01.960,10707,302,8,100,False,0,car,0 days 01:00:47.547000,0 days 01:57:44.642000
2024-06-23 14:04:02.280,10684,301,8,100,False,0,car,0 days 01:00:47.867000,0 days 01:57:44.962000
2024-06-23 14:04:02.640,10669,299,8,100,False,0,car,0 days 01:00:48.227000,0 days 01:57:45.322000
2024-06-23 14:04:02.840,10648,299,8,100,False,0,car,0 days 01:00:48.427000,0 days 01:57:45.522000
2024-06-23 14:04:03.040,10178,293,8,0,False,0,car,0 days 01:00:48.627000,0 days 01:57:45.722000
2024-06-23 14:04:03.440,9505,270,8,0,True,0,car,0 days 01:00:49.027000,0 days 01:57:46.122000
2024-06-23 14:04:03.719,9221,233,8,0,True,0,car,0 days 01:00:49.306000,0 days 01:57:46.401000
2024-06-23 14:04:03.959,9278,211,8,0,True,0,car,0 days 01:00:49.546000,0 days 01:57:46.641000
2024-06-23 14:04:04.319,9183,177,6,0,True,0,car,0 days 01:00:49.906000,0 days 01:57:47.001000
2024-06-23 14:04:04.719,9827,160,5,0,True,0,car,0 days 01:00:50.306000,0 days 01:57:47.401000
2024-06-23 14:04:04.879,9531,155,4,0,True,0,car,0 days 01:00:50.466000,0 days 01:57:47.561000
2024-06-23 14:04:05.159,9206,147,4,0,True,0,car,0 days 01:00:50.746000,0 days 01:57:47.841000
2024-06-23 14:04:05.319,9051,146,4,0,True,0,car,0 days 01:00:50.906000,0 days 01:57:48.001000
2024-06-23 14:04:05.479,8860,143,4,0,True,0,car,0 days 01:00:51.066000,0 days 01:57:48.161000
2024-06-23 14:04:05.639,8812,141,4,11,False,0,car,0 days 01:00:51.226000,0 days 01:57:48.321000
2024-06-23 14:04:05.879,8946,139,4,39,False,0,car,0 days 01:00:51.466000,0 days 01:57:48.561000
2024-06-23 14:04:06.119,9046,140,4,61,False,0,car,0 days 01:00:51.706000,0 days 01:57:48.801000
2024-06-23 14:04:06.400,9512,144,4,76,False,0,car,0 days 01:00:51.987000,0 days 01:57:49.082000
2024-06-23 14:04:06.720,9808,152,4,76,False,0,car,0 days 01:00:52.307000,0 days 01:57:49.402000
2024-06-23 14:04:06.960,10324,162,4,78,False,0,car,0 days 01:00:52.547000,0 days 01:57:49.642000
2024-06-23 14:04:07.280,9041,168,5,55,False,0,car,0 days 01:00:52.867000,0 days 01:57:49.962000
2024-06-23 14:04:07.600,9096,170,5,55,False,0,car,0 days 01:00:53.187000,0 days 01:57:50.282000
2024-06-23 14:04:07.840,9228,172,5,63,False,0,car,0 days 01:00:53.427000,0 days 01:57:50.522000
2024-06-23 14:04:08.160,9601,177,5,75,False,0,car,0 days 01:00:53.747000,0 days 01:57:50.842000
2024-06-23 14:04:08.480,9787,182,5,78,False,0,car,0 days 01:00:54.067000,0 days 01:57:51.162000
2024-06-23 14:04:08.640,9955,187,5,83,False,0,car,0 days 01:00:54.227000,0 days 01:57:51.322000
2024-06-23 14:04:08.840,10182,188,5,84,False,0,car,0 days 01:00:54.427000,0 days 01:57:51.522000
2024-06-23 14:04:09.160,10815,200,5,100,False,0,car,0 days 01:00:54.747000,0 days 01:57:51.842000
2024-06-23 14:04:09.400,11055,206,5,100,False,0,car,0 days 01:00:54.987000,0 days 01:57:52.082000
2024-06-23 14:04:09.600,11343,209,5,100,False,0,car,0 days 01:00:55.187000,0 days 01:57:52.282000
2024-06-23 14:04:09.880,10482,219,5,85,False,0,car,0 days 01:00:55.467000,0 days 01:57:52.562000
2024-06-23 14:04:10.160,10164,222,6,83,False,0,car,0 days 01:00:55.747000,0 days 01:57:52.842000
2024-06-23 14:04:10.399,10308,224,6,69,False,0,car,0 days 01:00:55.986000,0 days 01:57:53.081000
2024-06-23 14:04:10.639,10362,224,6,68,False,0,car,0 days 01:00:56.226000,0 days 01:57:53.321000
2024-06-23 14:04:10.839,10016,220,6,0,False,0,car,0 days 01:00:56.426000,0 days 01:57:53.521000
2024-06-23 14:04:11.079,9878,214,6,21,False,0,car,0 days 01:00:56.666000,0 days 01:57:53.761000
2024-06-23 14:04:11.239,9646,210,6,38,False,0,car,0 days 01:00:56.826000,0 days 01:57:53.921000
2024-06-23 14:04:11.439,9690,209,6,64,False,0,car,0 days 01:00:57.026000,0 days 01:57:54.121000
2024-06-23 14:04:11.639,9699,210,6,72,False,0,car,0 days 01:00:57.226000,0 days 01:57:54.321000
2024-06-23 14:04:11.919,9935,214,6,85,False,0,car,0 days 01:00:57.506000,0 days 01:57:54.601000
2024-06-23 14:04:12.159,10198,218,6,100,False,0,car,0 days 01:00:57.746000,0 days 01:57:54.841000
2024-06-23 14:04:12.599,10517,226,6,100,False,0,car,0 days 01:00:58.186000,0 days 01:57:55.281000
2024-06-23 14:04:13.000,10834,232,6,100,False,0,car,0 days 01:00:58.587000,0 days 01:57:55.682000
2024-06-23 14:04:13.440,11102,240,6,100,False,0,car,0 days 01:00:59.027000,0 days 01:57:56.122000
2024-06-23 14:04:13.640,11241,245,6,100,False,0,car,0 days 01:00:59.227000,0 days 01:57:56.322000
2024-06-23 14:04:13.800,11354,246,6,100,False,0,car,0 days 01:00:59.387000,0 days 01:57:56.482000
2024-06-23 14:04:14.040,11457,249,6,100,False,0,car,0 days 01:00:59.627000,0 days 01:57:56.722000
2024-06-23 14:04:14.320,11597,251,6,100,False,0,car,0 days 01:00:59.907000,0 days 01:57:57.002000
2024-06-23 14:04:14.680,10432,257,6,100,False,0,car,0 days 01:01:00.267000,0 days 01:57:57.362000
2024-06-23 14:04:14.960,10536,260,7,100,False,0,car,0 days 01:01:00.547000,0 days 01:57:57.642000
2024-06-23 14:04:15.240,10558,265,7,100,False,0,car,0 days 01:01:00.827000,0 days 01:57:57.922000
2024-06-23 14:04:15.560,10776,268,7,100,False,0,car,0 days 01:01:01.147000,0 days 01:57:58.242000
2024-06-23 14:04:15.920,10886,271,7,100,False,0,car,0 days 01:01:01.507000,0 days 01:57:58.602000
2024-06-23 14:04:16.320,11065,275,7,100,False,0,car,0 days 01:01:01.907000,0 days 01:57:59.002000
2024-06-23 14:04:16.520,11117,277,7,100,False,0,car,0 days 01:01:02.107000,0 days 01:57:59.202000
2024-06-23 14:04:16.680,11205,278,7,100,False,0,car,0 days 01:01:02.267000,0 days 01:57:59.362000
2024-06-23 14:04:17.079,11249,281,7,100,False,0,car,0 days 01:01:02.666000,0 days 01:57:59.761000
2024-06-23 14:04:17.239,11235,281,7,100,False,0,car,0 days 01:01:02.826000,0 days 01:57:59.921000
2024-06-23 14:04:17.559,11208,281,7,79,False,0,car,0 days 01:01:03.146000,0 days 01:58:00.241000
2024-06-23 14:04:17.919,10727,271,7,0,True,0,car,0 days 01:01:03.506000,0 days 01:58:00.601000
2024-06-23 14:04:18.199,9637,244,7,0,True,0,car,0 days 01:01:03.786000,0 days 01:58:00.881000
2024-06-23 14:04:18.399,9096,218,7,0,True,0,car,0 days 01:01:03.986000,0 days 01:58:01.081000
2024-06-23 14:04:18.679,9000,193,6,0,True,0,car,0 days 01:01:04.266000,0 days 01:58:01.361000
2024-06-23 14:04:18.879,9385,181,6,0,True,0,car,0 days 01:01:04.466000,0 days 01:58:01.561000
2024-06-23 14:04:19.079,9406,172,5,0,True,0,car,0 days 01:01:04.666000,0 days 01:58:01.761000
2024-06-23 14:04:19.440,9966,158,4,0,True,0,car,0 days 01:01:05.027000,0 days 01:58:02.122000
2024-06-23 14:04:19.600,9572,156,4,0,True,0,car,0 days 01:01:05.187000,0 days 01:58:02.282000
2024-06-23 14:04:20.000,9047,146,4,0,False,0,car,0 days 01:01:05.587000,0 days 01:58:02.682000
2024-06-23 14:04:20.240,8891,142,4,0,False,0,car,0 days 01:01:05.827000,0 days 01:58:02.922000
2024-06-23 14:04:20.520,8600,139,4,0,False,0,car,0 days 01:01:06.107000,0 days 01:58:03.202000
2024-06-23 14:04:20.840,8523,134,4,0,False,0,car,0 days 01:01:06.427000,0 days 01:58:03.522000
2024-06-23 14:04:21.120,8506,134,4,48,False,0,car,0 days 01:01:06.707000,0 days 01:58:03.802000
2024-06-23 14:04:21.440,8896,138,4,58,False,0,car,0 days 01:01:07.027000,0 days 01:58:04.122000
2024-06-23 14:04:21.720,9161,143,4,61,False,0,car,0 days 01:01:07.307000,0 days 01:58:04.402000
2024-06-23 14:04:22.120,9741,152,4,73,False,0,car,0 days 01:01:07.707000,0 days 01:58:04.802000
2024-06-23 14:04:22.400,10324,160,4,79,False,0,car,0 days 01:01:07.987000,0 days 01:58:05.082000
2024-06-23 14:04:22.760,10922,174,4,87,False,0,car,0 days 01:01:08.347000,0 days 01:58:05.442000
2024-06-23 14:04:23.200,11854,186,4,100,False,0,car,0 days 01:01:08.787000,0 days 01:58:05.882000
2024-06-23 14:04:23.360,11014,193,4,100,False,0,car,0 days 01:01:08.947000,0 days 01:58:06.042000
2024-06-23 14:04:23.640,10714,201,5,100,False,0,car,0 days 01:01:09.227000,0 days 01:58:06.322000
2024-06-23 14:04:23.799,10997,204,5,100,False,0,car,0 days 01:01:09.386000,0 days 01:58:06.481000
2024-06-23 14:04:24.039,11206,212,5,100,False,0,car,0 days 01:01:09.626000,0 days 01:58:06.721000
2024-06-23 14:04:24.279,11670,217,5,100,False,0,car,0 days 01:01:09.866000,0 days 01:58:06.961000
2024-06-23 14:04:24.559,11738,224,5,100,False,0,car,0 days 01:01:10.146000,0 days 01:58:07.241000
2024-06-23 14:04:24.759,10708,229,6,100,False,0,car,0 days 01:01:10.346000,0 days 01:58:07.441000
2024-06-23 14:04:25.239,10782,236,6,100,False,0,car,0 days 01:01:10.826000,0 days 01:58:07.921000
2024-06-23 14:04:25.399,10790,238,6,100,False,0,car,0 days 01:01:10.986000,0 days 01:58:08.081000
2024-06-23 14:04:25.639,10959,239,6,100,False,0,car,0 days 01:01:11.226000,0 days 01:58:08.321000
2024-06-23 14:04:25.839,10871,241,6,68,False,0,car,0 days 01:01:11.426000,0 days 01:58:08.521000
2024-06-23 14:04:26.120,10312,220,6,0,True,0,car,0 days 01:01:11.707000,0 days 01:58:08.802000
2024-06-23 14:04:26.520,9370,180,6,0,True,0,car,0 days 01:01:12.107000,0 days 01:58:09.202000
2024-06-23 14:04:26.760,9710,158,5,0,True,0,car,0 days 01:01:12.347000,0 days 01:58:09.442000
2024-06-23 14:04:26.960,9649,147,4,0,True,0,car,0 days 01:01:12.547000,0 days 01:58:09.642000
2024-06-23 14:04:27.240,9714,132,4,0,True,0,car,0 days 01:01:12.827000,0 days 01:58:09.922000
2024-06-23 14:04:27.440,9133,124,3,0,True,0,car,0 days 01:01:13.027000,0 days 01:58:10.122000
2024-06-23 14:04:27.760,8632,116,3,0,True,0,car,0 days 01:01:13.347000,0 days 01:58:10.442000
2024-06-23 14:04:28.160,7972,107,3,0,True,0,car,0 days 01:01:13.747000,0 days 01:58:10.842000
2024-06-23 14:04:28.360,7500,105,3,0,True,0,car,0 days 01:01:13.947000,0 days 01:58:11.042000
2024-06-23 14:04:28.720,7393,99,3,0,False,0,car,0 days 01:01:14.307000,0 days 01:58:11.402000
2024-06-23 14:04:28.880,7151,97,3,0,False,0,car,0 days 01:01:14.467000,0 days 01:58:11.562000
2024-06-23 14:04:29.200,7628,95,3,24,False,0,car,0 days 01:01:14.787000,0 days 01:58:11.882000
2024-06-23 14:04:29.480,7566,98,3,41,False,0,car,0 days 01:01:15.067000,0 days 01:58:12.162000
2024-06-23 14:04:29.720,7742,101,3,42,False,0,car,0 days 01:01:15.307000,0 days 01:58:12.402000
2024-06-23 14:04:29.880,8006,105,3,44,False,0,car,0 days 01:01:15.467000,0 days 01:58:12.562000
2024-06-23 14:04:30.080,8415,109,3,50,False,0,car,0 days 01:01:15.667000,0 days 01:58:12.762000
2024-06-23 14:04:30.320,8934,114,3,55,False,0,car,0 days 01:01:15.907000,0 days 01:58:13.002000
2024-06-23 14:04:30.599,9696,124,3,68,False,0,car,0 days 01:01:16.186000,0 days 01:58:13.281000
2024-06-23 14:04:30.839,10197,136,3,72,False,0,car,0 days 01:01:16.426000,0 days 01:58:13.521000
2024-06-23 14:04:31.079,10643,147,3,84,False,0,car,0 days 01:01:16.666000,0 days 01:58:13.761000
2024-06-23 14:04:31.239,9958,156,3,100,False,0,car,0 days 01:01:16.826000,0 days 01:58:13.921000
2024-06-23 14:04:31.439,10563,161,4,100,False,0,car,0 days 01:01:17.026000,0 days 01:58:14.121000
2024-06-23 14:04:31.759,11035,180,4,100,False,0,car,0 days 01:01:17.346000,0 days 01:58:14.441000
2024-06-23 14:04:32.119,10575,191,4,100,False,0,car,0 days 01:01:17.706000,0 days 01:58:14.801000
2024-06-23 14:04:32.279,10603,195,5,100,False,0,car,0 days 01:01:17.866000,0 days 01:58:14.961000
2024-06-23 14:04:32.640,11158,211,5,100,False,0,car,0 days 01:01:18.227000,0 days 01:58:15.322000
2024-06-23 14:04:32.880,11605,218,5,100,False,0,car,0 days 01:01:18.467000,0 days 01:58:15.562000
2024-06-23 14:04:33.040,11732,223,5,100,False,0,car,0 days 01:01:18.627000,0 days 01:58:15.722000
2024-06-23 14:04:33.360,10574,230,5,100,False,0,car,0 days 01:01:18.947000,0 days 01:58:16.042000
2024-06-23 14:04:33.520,10837,232,6,100,False,0,car,0 days 01:01:19.107000,0 days 01:58:16.202000
2024-06-23 14:04:33.840,10891,241,6,100,False,0,car,0 days 01:01:19.427000,0 days 01:58:16.522000
2024-06-23 14:04:34.080,11235,245,6,100,False,0,car,0 days 01:01:19.667000,0 days 01:58:16.762000
2024-06-23 14:04:34.280,11332,247,6,100,False,0,car,0 days 01:01:19.867000,0 days 01:58:16.962000
2024-06-23 14:04:34.560,11370,251,6,100,False,0,car,0 days 01:01:20.147000,0 days 01:58:17.242000
2024-06-23 14:04:34.800,11546,252,6,100,False,0,car,0 days 01:01:20.387000,0 days 01:58:17.482000
2024-06-23 14:04:35.120,11667,250,6,95,False,0,car,0 days 01:01:20.707000,0 days 01:58:17.802000
2024-06-23 14:04:35.440,10270,235,6,0,True,0,car,0 days 01:01:21.027000,0 days 01:58:18.122000
2024-06-23 14:04:35.760,9838,186,6,0,True,0,car,0 days 01:01:21.347000,0 days 01:58:18.442000
2024-06-23 14:04:36.000,9293,172,5,0,True,0,car,0 days 01:01:21.587000,0 days 01:58:18.682000
2024-06-23 14:04:36.160,9938,163,5,0,True,0,car,0 days 01:01:21.747000,0 days 01:58:18.842000
2024-06-23 14:04:36.360,9570,156,4,0,True,0,car,0 days 01:01:21.947000,0 days 01:58:19.042000
2024-06-23 14:04:36.560,9358,151,4,0,True,0,car,0 days 01:01:22.147000,0 days 01:58:19.242000
2024-06-23 14:04:36.720,9288,149,4,0,False,0,car,0 days 01:01:22.307000,0 days 01:58:19.402000
2024-06-23 14:04:37.080,9000,144,4,0,False,0,car,0 days 01:01:22.667000,0 days 01:58:19.762000
2024-06-23 14:04:37.359,8779,140,4,6,False,0,car,0 days 01:01:22.946000,0 days 01:58:20.041000
2024-06-23 14:04:37.719,8739,138,4,27,False,0,car,0 days 01:01:23.306000,0 days 01:58:20.401000
2024-06-23 14:04:38.079,8792,138,4,50,False,0,car,0 days 01:01:23.666000,0 days 01:58:20.761000
2024-06-23 14:04:38.239,9076,142,4,61,False,0,car,0 days 01:01:23.826000,0 days 01:58:20.921000
2024-06-23 14:04:38.439,9076,147,4,61,False,0,car,0 days 01:01:24.026000,0 days 01:58:21.121000
2024-06-23 14:04:38.639,9900,154,4,78,False,0,car,0 days 01:01:24.226000,0 days 01:58:21.321000
2024-06-23 14:04:38.919,10767,159,4,100,False,0,car,0 days 01:01:24.506000,0 days 01:58:21.601000
2024-06-23 14:04:39.280,11403,179,4,100,False,0,car,0 days 01:01:24.867000,0 days 01:58:21.962000
2024-06-23 14:04:39.560,10923,189,4,100,False,0,car,0 days 01:01:25.147000,0 days 01:58:22.242000
2024-06-23 14:04:39.720,10541,192,5,100,False,0,car,0 days 01:01:25.307000,0 days 01:58:22.402000
2024-06-23 14:04:39.880,10669,195,5,100,False,0,car,0 days 01:01:25.467000,0 days 01:58:22.562000
2024-06-23 14:04:40.080,10859,203,5,100,False,0,car,0 days 01:01:25.667000,0 days 01:58:22.762000
2024-06-23 14:04:40.240,11145,206,5,100,False,0,car,0 days 01:01:25.827000,0 days 01:58:22.922000
2024-06-23 14:04:40.520,11525,212,5,100,False,0,car,0 days 01:01:26.107000,0 days 01:58:23.202000
2024-06-23 14:04:40.800,11749,224,5,100,False,0,car,0 days 01:01:26.387000,0 days 01:58:23.482000
2024-06-23 14:04:41.200,10575,232,6,100,False,0,car,0 days 01:01:26.787000,0 days 01:58:23.882000
2024-06-23 14:04:41.520,10845,237,6,100,False,0,car,0 days 01:01:27.107000,0 days 01:58:24.202000
2024-06-23 14:04:41.760,11061,240,6,100,False,0,car,0 days 01:01:27.347000,0 days 01:58:24.442000
2024-06-23 14:04:42.080,11156,243,6,100,False,0,car,0 days 01:01:27.667000,0 days 01:58:24.762000
2024-06-23 14:04:42.280,10532,244,6,31,False,0,car,0 days 01:01:27.867000,0 days 01:58:24.962000
2024-06-23 14:04:42.640,10701,235,6,0,False,0,car,0 days 01:01:28.227000,0 days 01:58:25.322000
2024-06-23 14:04:42.880,10561,228,6,0,False,0,car,0 days 01:01:28.467000,0 days 01:58:25.562000
2024-06-23 14:04:43.320,10262,222,6,65,False,0,car,0 days 01:01:28.907000,0 days 01:58:26.002000
2024-06-23 14:04:43.520,10328,222,6,70,False,0,car,0 days 01:01:29.107000,0 days 01:58:26.202000
2024-06-23 14:04:43.680,10405,223,6,72,False,0,car,0 days 01:01:29.267000,0 days 01:58:26.362000
2024-06-23 14:04:44.079,10636,229,6,100,False,0,car,0 days 01:01:29.666000,0 days 01:58:26.761000
2024-06-23 14:04:44.399,10852,233,6,100,False,0,car,0 days 01:01:29.986000,0 days 01:58:27.081000
2024-06-23 14:04:44.679,11006,239,6,100,False,0,car,0 days 01:01:30.266000,0 days 01:58:27.361000
2024-06-23 14:04:44.919,11085,241,6,100,False,0,car,0 days 01:01:30.506000,0 days 01:58:27.601000
2024-06-23 14:04:45.159,11214,245,6,100,False,0,car,0 days 01:01:30.746000,0 days 01:58:27.841000
2024-06-23 14:04:45.559,11532,252,6,100,False,0,car,0 days 01:01:31.146000,0 days 01:58:28.241000
2024-06-23 14:04:45.760,11642,253,6,100,False,0,car,0 days 01:01:31.347000,0 days 01:58:28.442000
2024-06-23 14:04:45.960,11780,258,6,100,False,0,car,0 days 01:01:31.547000,0 days 01:58:28.642000
2024-06-23 14:04:46.360,10731,263,7,100,False,0,car,0 days 01:01:31.947000,0 days 01:58:29.042000
2024-06-23 14:04:46.760,10725,268,7,100,False,0,car,0 days 01:01:32.347000,0 days 01:58:29.442000
2024-06-23 14:04:46.960,10837,272,7,100,False,0,car,0 days 01:01:32.547000,0 days 01:58:29.642000
2024-06-23 14:04:47.160,10837,273,7,100,False,0,car,0 days 01:01:32.747000,0 days 01:58:29.842000
2024-06-23 14:04:47.360,11008,275,7,100,False,0,car,0 days 01:01:32.947000,0 days 01:58:30.042000
2024-06-23 14:04:47.560,11100,277,7,100,False,0,car,0 days 01:01:33.147000,0 days 01:58:30.242000
2024-06-23 14:04:47.760,11160,279,7,100,False,0,car,0 days 01:01:33.347000,0 days 01:58:30.442000
2024-06-23 14:04:48.200,11339,282,7,100,False,0,car,0 days 01:01:33.787000,0 days 01:58:30.882000
2024-06-23 14:04:48.440,11370,285,7,100,False,0,car,0 days 01:01:34.027000,0 days 01:58:31.122000
2024-06-23 14:04:48.640,11452,286,7,100,False,0,car,0 days 01:01:34.227000,0 days 01:58:31.322000
2024-06-23 14:04:49.000,11508,289,7,100,False,0,car,0 days 01:01:34.587000,0 days 01:58:31.682000
2024-06-23 14:04:49.280,11506,289,7,100,False,0,car,0 days 01:01:34.867000,0 days 01:58:31.962000
2024-06-23 14:04:49.640,11521,288,7,100,False,0,car,0 days 01:01:35.227000,0 days 01:58:32.322000
2024-06-23 14:04:50.040,10548,275,7,0,True,0,car,0 days 01:01:35.627000,0 days 01:58:32.722000
2024-06-23 14:04:50.280,10008,243,7,0,True,0,car,0 days 01:01:35.867000,0 days 01:58:32.962000
2024-06-23 14:04:50.520,9385,219,7,0,True,0,car,0 days 01:01:36.107000,0 days 01:58:33.202000
2024-06-23 14:04:50.679,9063,192,7,0,True,0,car,0 days 01:01:36.266000,0 days 01:58:33.361000
2024-06-23 14:04:51.119,9899,161,5,0,True,0,car,0 days 01:01:36.706000,0 days 01:58:33.801000
2024-06-23 14:04:51.399,8923,147,4,0,True,0,car,0 days 01:01:36.986000,0 days 01:58:34.081000
2024-06-23 14:04:51.719,8806,135,4,0,True,0,car,0 days 01:01:37.306000,0 days 01:58:34.401000
2024-06-23 14:04:52.280,8683,119,3,0,True,0,car,0 days 01:01:37.867000,0 days 01:58:34.962000
2024-06-23 14:04:52.560,8498,116,3,0,True,0,car,0 days 01:01:38.147000,0 days 01:58:35.242000
2024-06-23 14:04:52.880,8139,110,3,0,True,0,car,0 days 01:01:38.467000,0 days 01:58:35.562000
2024-06-23 14:04:53.160,7954,106,3,0,False,0,car,0 days 01:01:38.747000,0 days 01:58:35.842000
2024-06-23 14:04:53.480,7670,104,3,0,False,0,car,0 days 01:01:39.067000,0 days 01:58:36.162000
2024-06-23 14:04:53.680,7602,102,3,0,False,0,car,0 days 01:01:39.267000,0 days 01:58:36.362000
2024-06-23 14:04:53.960,7670,101,3,26,False,0,car,0 days 01:01:39.547000,0 days 01:58:36.642000
2024-06-23 14:04:54.160,7812,103,3,36,False,0,car,0 days 01:01:39.747000,0 days 01:58:36.842000
2024-06-23 14:04:54.440,8034,105,3,41,False,0,car,0 days 01:01:40.027000,0 days 01:58:37.122000
2024-06-23 14:04:54.640,8296,111,3,49,False,0,car,0 days 01:01:40.227000,0 days 01:58:37.322000
2024-06-23 14:04:54.880,8852,116,3,57,False,0,car,0 days 01:01:40.467000,0 days 01:58:37.562000
2024-06-23 14:04:55.040,9081,118,3,60,False,0,car,0 days 01:01:40.627000,0 days 01:58:37.722000
2024-06-23 14:04:55.280,9608,127,3,67,False,0,car,0 days 01:01:40.867000,0 days 01:58:37.962000
2024-06-23 14:04:55.440,10003,130,3,69,False,0,car,0 days 01:01:41.027000,0 days 01:58:38.122000
2024-06-23 14:04:55.680,8975,141,4,75,False,0,car,0 days 01:01:41.267000,0 days 01:58:38.362000
2024-06-23 14:04:55.840,9435,141,4,81,False,0,car,0 days 01:01:41.427000,0 days 01:58:38.522000
2024-06-23 14:04:56.200,10371,160,4,100,False,0,car,0 days 01:01:41.787000,0 days 01:58:38.882000
2024-06-23 14:04:56.360,10704,165,4,100,False,0,car,0 days 01:01:41.947000,0 days 01:58:39.042000
2024-06-23 14:04:56.600,11323,173,4,100,False,0,car,0 days 01:01:42.187000,0 days 01:58:39.282000
2024-06-23 14:04:56.960,10696,191,4,100,False,0,car,0 days 01:01:42.547000,0 days 01:58:39.642000
2024-06-23 14:04:57.360,10706,198,5,100,False,0,car,0 days 01:01:42.947000,0 days 01:58:40.042000
2024-06-23 14:04:57.559,10824,190,5,0,True,0,car,0 days 01:01:43.146000,0 days 01:58:40.241000
2024-06-23 14:04:57.719,9704,183,5,0,True,0,car,0 days 01:01:43.306000,0 days 01:58:40.401000
2024-06-23 14:04:57.919,9708,176,5,0,True,0,car,0 days 01:01:43.506000,0 days 01:58:40.601000
2024-06-23 14:04:58.119,9995,169,5,0,True,0,car,0 days 01:01:43.706000,0 days 01:58:40.801000
2024-06-23 14:04:58.439,9307,152,4,0,True,0,car,0 days 01:01:44.026000,0 days 01:58:41.121000
2024-06-23 14:04:58.599,8973,152,4,0,True,0,car,0 days 01:01:44.186000,0 days 01:58:41.281000
2024-06-23 14:04:58.840,8552,138,4,0,True,0,car,0 days 01:01:44.427000,0 days 01:58:41.522000
2024-06-23 14:04:59.000,8483,136,4,0,True,0,car,0 days 01:01:44.587000,0 days 01:58:41.682000
2024-06-23 14:04:59.160,8362,135,4,0,True,0,car,0 days 01:01:44.747000,0 days 01:58:41.842000
2024-06-23 14:04:59.400,8105,130,4,0,False,0,car,0 days 01:01:44.987000,0 days 01:58:42.082000
2024-06-23 14:04:59.560,8028,129,4,0,False,0,car,0 days 01:01:45.147000,0 days 01:58:42.242000
2024-06-23 14:04:59.800,7910,125,4,0,False,0,car,0 days 01:01:45.387000,0 days 01:58:42.482000
2024-06-23 14:05:00.000,7624,124,4,0,False,0,car,0 days 01:01:45.587000,0 days 01:58:42.682000
2024-06-23 14:05:00.240,7450,120,4,17,False,0,car,0 days 01:01:45.827000,0 days 01:58:42.922000
2024-06-23 14:05:00.520,7668,119,4,28,False,0,car,0 days 01:01:46.107000,0 days 01:58:43.202000
2024-06-23 14:05:00.960,7868,121,4,37,False,0,car,0 days 01:01:46.547000,0 days 01:58:43.642000
2024-06-23 14:05:01.120,7985,122,4,48,False,0,car,0 days 01:01:46.707000,0 days 01:58:43.802000
2024-06-23 14:05:01.360,8218,125,4,50,False,0,car,0 days 01:01:46.947000,0 days 01:58:44.042000
2024-06-23 14:05:01.560,8395,129,4,57,False,0,car,0 days 01:01:47.147000,0 days 01:58:44.242000
2024-06-23 14:05:01.880,8902,136,4,68,False,0,car,0 days 01:01:47.467000,0 days 01:58:44.562000
2024-06-23 14:05:02.160,9306,145,4,74,False,0,car,0 days 01:01:47.747000,0 days 01:58:44.842000
2024-06-23 14:05:02.440,10096,157,4,79,False,0,car,0 days 01:01:48.027000,0 days 01:58:45.122000
2024-06-23 14:05:02.840,11010,173,4,90,False,0,car,0 days 01:01:48.427000,0 days 01:58:45.522000
2024-06-23 14:05:03.160,10844,181,4,100,False,0,car,0 days 01:01:48.747000,0 days 01:58:45.842000
2024-06-23 14:05:03.320,10186,189,5,100,False,0,car,0 days 01:01:48.907000,0 days 01:58:46.002000
2024-06-23 14:05:03.680,10818,203,5,100,False,0,car,0 days 01:01:49.267000,0 days 01:58:46.362000
2024-06-23 14:05:03.840,10916,206,5,100,False,0,car,0 days 01:01:49.427000,0 days 01:58:46.522000
2024-06-23 14:05:04.279,11673,220,5,100,False,0,car,0 days 01:01:49.866000,0 days 01:58:46.961000
2024-06-23 14:05:04.479,10833,222,5,100,False,0,car,0 days 01:01:50.066000,0 days 01:58:47.161000
2024-06-23 14:05:04.839,10807,233,6,100,False,0,car,0 days 01:01:50.426000,0 days 01:58:47.521000
2024-06-23 14:05:04.999,10944,234,6,100,False,0,car,0 days 01:01:50.586000,0 days 01:58:47.681000
2024-06-23 14:05:05.279,11134,240,6,100,False,0,car,0 days 01:01:50.866000,0 days 01:58:47.961000
2024-06-23 14:05:05.560,11319,243,6,91,False,0,car,0 days 01:01:51.147000,0 days 01:58:48.242000
2024-06-23 14:05:05.760,11447,246,6,91,False,0,car,0 days 01:01:51.347000,0 days 01:58:48.442000
2024-06-23 14:05:06.040,11422,249,6,96,False,0,car,0 days 01:01:51.627000,0 days 01:58:48.722000
2024-06-23 14:05:06.360,11586,252,6,100,False,0,car,0 days 01:01:51.947000,0 days 01:58:49.042000
2024-06-23 14:05:06.640,11684,252,6,100,False,0,car,0 days 01:01:52.227000,0 days 01:58:49.322000
2024-06-23 14:05:06.800,10704,253,6,100,False,0,car,0 days 01:01:52.387000,0 days 01:58:49.482000
2024-06-23 14:05:07.120,10318,258,7,100,False,0,car,0 days 01:01:52.707000,0 days 01:58:49.802000
2024-06-23 14:05:07.400,10452,260,7,100,False,0,car,0 days 01:01:52.987000,0 days 01:58:50.082000
2024-06-23 14:05:07.720,10556,263,7,100,False,0,car,0 days 01:01:53.307000,0 days 01:58:50.402000
2024-06-23 14:05:08.080,10647,266,7,100,False,0,car,0 days 01:01:53.667000,0 days 01:58:50.762000
2024-06-23 14:05:08.360,10647,261,7,0,True,0,car,0 days 01:01:53.947000,0 days 01:58:51.042000
2024-06-23 14:05:08.880,11071,243,7,0,False,0,car,0 days 01:01:54.467000,0 days 01:58:51.562000
2024-06-23 14:05:09.120,10858,238,6,11,False,0,car,0 days 01:01:54.707000,0 days 01:58:51.802000
2024-06-23 14:05:09.280,10768,236,6,53,False,0,car,0 days 01:01:54.867000,0 days 01:58:51.962000
2024-06-23 14:05:09.480,10904,234,6,86,False,0,car,0 days 01:01:55.067000,0 days 01:58:52.162000
2024-06-23 14:05:09.680,10823,235,6,83,False,0,car,0 days 01:01:55.267000,0 days 01:58:52.362000
2024-06-23 14:05:09.840,10981,234,6,79,False,0,car,0 days 01:01:55.427000,0 days 01:58:52.522000
2024-06-23 14:05:10.160,11020,237,6,100,False,0,car,0 days 01:01:55.747000,0 days 01:58:52.842000
2024-06-23 14:05:10.320,11234,241,6,100,False,0,car,0 days 01:01:55.907000,0 days 01:58:53.002000
2024-06-23 14:05:10.640,11341,245,6,100,False,0,car,0 days 01:01:56.227000,0 days 01:58:53.322000
2024-06-23 14:05:10.959,11511,250,6,100,False,0,car,0 days 01:01:56.546000,0 days 01:58:53.641000
2024-06-23 14:05:11.119,11573,252,6,100,False,0,car,0 days 01:01:56.706000,0 days 01:58:53.801000
2024-06-23 14:05:11.359,11573,256,6,100,False,0,car,0 days 01:01:56.946000,0 days 01:58:54.041000
2024-06-23 14:05:11.519,10453,256,6,100,False,0,car,0 days 01:01:57.106000,0 days 01:58:54.201000
2024-06-23 14:05:11.759,10281,260,7,100,False,0,car,0 days 01:01:57.346000,0 days 01:58:54.441000
2024-06-23 14:05:12.000,10578,262,7,100,False,0,car,0 days 01:01:57.587000,0 days 01:58:54.682000
2024-06-23 14:05:12.400,10756,269,7,100,False,0,car,0 days 01:01:57.987000,0 days 01:58:55.082000
2024-06-23 14:05:12.560,10847,270,7,100,False,0,car,0 days 01:01:58.147000,0 days 01:58:55.242000
2024-06-23 14:05:12.880,11007,275,7,100,False,0,car,0 days 01:01:58.467000,0 days 01:58:55.562000
2024-06-23 14:05:13.160,11068,276,7,100,False,0,car,0 days 01:01:58.747000,0 days 01:58:55.842000
2024-06-23 14:05:13.480,11215,279,7,100,False,0,car,0 days 01:01:59.067000,0 days 01:58:56.162000
2024-06-23 14:05:13.640,11221,281,7,100,False,0,car,0 days 01:01:59.227000,0 days 01:58:56.322000
2024-06-23 14:05:13.960,11322,284,7,100,False,0,car,0 days 01:01:59.547000,0 days 01:58:56.642000
2024-06-23 14:05:14.240,11433,284,7,100,False,0,car,0 days 01:01:59.827000,0 days 01:58:56.922000
2024-06-23 14:05:14.480,11489,285,7,100,False,0,car,0 days 01:02:00.067000,0 days 01:58:57.162000
2024-06-23 14:05:14.840,11581,289,7,100,False,0,car,0 days 01:02:00.427000,0 days 01:58:57.522000
2024-06-23 14:05:15.040,11613,290,7,100,False,0,car,0 days 01:02:00.627000,0 days 01:58:57.722000
2024-06-23 14:05:15.200,11660,291,7,100,False,0,car,0 days 01:02:00.787000,0 days 01:58:57.882000
2024-06-23 14:05:15.400,10680,292,7,100,False,0,car,0 days 01:02:00.987000,0 days 01:58:58.082000
2024-06-23 14:05:15.600,10303,293,8,100,False,0,car,0 days 01:02:01.187000,0 days 01:58:58.282000
2024-06-23 14:05:15.800,10526,296,8,100,False,0,car,0 days 01:02:01.387000,0 days 01:58:58.482000
2024-06-23 14:05:16.080,10539,296,8,100,False,0,car,0 days 01:02:01.667000,0 days 01:58:58.762000
2024-06-23 14:05:16.320,10580,298,8,100,False,0,car,0 days 01:02:01.907000,0 days 01:58:59.002000
2024-06-23 14:05:16.600,10649,299,8,100,False,0,car,0 days 01:02:02.187000,0 days 01:58:59.282000
2024-06-23 14:05:16.800,10663,300,8,100,False,0,car,0 days 01:02:02.387000,0 days 01:58:59.482000
2024-06-23 14:05:17.120,10717,301,8,100,False,0,car,0 days 01:02:02.707000,0 days 01:58:59.802000
2024-06-23 14:05:17.520,10727,301,8,100,False,0,car,0 days 01:02:03.107000,0 days 01:59:00.202000
2024-06-23 14:05:17.959,10756,302,8,100,False,0,car,0 days 01:02:03.546000,0 days 01:59:00.641000
2024-06-23 14:05:18.239,10783,304,8,100,False,0,car,0 days 01:02:03.826000,0 days 01:59:00.921000
2024-06-23 14:05:18.479,10776,303,8,100,False,0,car,0 days 01:02:04.066000,0 days 01:59:01.161000
2024-06-23 14:05:18.760,10815,304,8,100,False,0,car,0 days 01:02:04.347000,0 days 01:59:01.442000
2024-06-23 14:05:18.920,10791,304,8,100,False,0,car,0 days 01:02:04.507000,0 days 01:59:01.602000
2024-06-23 14:05:19.200,10801,304,8,100,False,0,car,0 days 01:02:04.787000,0 days 01:59:01.882000
2024-06-23 14:05:19.440,10803,304,8,100,False,0,car,0 days 01:02:05.027000,0 days 01:59:02.122000
2024-06-23 14:05:19.840,10785,304,8,100,False,0,car,0 days 01:02:05.427000,0 days 01:59:02.522000
2024-06-23 14:05:20.080,10784,303,8,100,False,0,car,0 days 01:02:05.667000,0 days 01:59:02.762000
2024-06-23 14:05:20.320,10750,303,8,100,False,0,car,0 days 01:02:05.907000,0 days 01:59:03.002000
2024-06-23 14:05:20.720,10726,303,8,100,False,0,car,0 days 01:02:06.307000,0 days 01:59:03.402000
2024-06-23 14:05:21.040,10738,301,8,100,False,0,car,0 days 01:02:06.627000,0 days 01:59:03.722000
2024-06-23 14:05:21.320,10687,301,8,100,False,0,car,0 days 01:02:06.907000,0 days 01:59:04.002000
2024-06-23 14:05:21.480,10594,301,8,100,False,0,car,0 days 01:02:07.067000,0 days 01:59:04.162000
2024-06-23 14:05:21.680,10598,298,8,100,False,0,car,0 days 01:02:07.267000,0 days 01:59:04.362000
2024-06-23 14:05:21.880,10530,296,8,100,False,0,car,0 days 01:02:07.467000,0 days 01:59:04.562000
2024-06-23 14:05:22.280,10372,296,8,100,False,0,car,0 days 01:02:07.867000,0 days 01:59:04.962000
2024-06-23 14:05:22.480,10244,291,8,0,False,0,car,0 days 01:02:08.067000,0 days 01:59:05.162000
2024-06-23 14:05:22.720,9785,283,8,0,True,0,car,0 days 01:02:08.307000,0 days 01:59:05.402000
2024-06-23 14:05:22.960,9099,248,8,0,True,0,car,0 days 01:02:08.547000,0 days 01:59:05.642000
2024-06-23 14:05:23.160,9302,236,8,0,True,0,car,0 days 01:02:08.747000,0 days 01:59:05.842000
2024-06-23 14:05:23.440,9045,203,7,0,True,0,car,0 days 01:02:09.027000,0 days 01:59:06.122000
2024-06-23 14:05:23.800,8913,176,6,0,True,0,car,0 days 01:02:09.387000,0 days 01:59:06.482000
2024-06-23 14:05:24.080,9836,164,4,0,True,0,car,0 days 01:02:09.667000,0 days 01:59:06.762000
2024-06-23 14:05:24.279,9484,158,4,0,True,0,car,0 days 01:02:09.866000,0 days 01:59:06.961000
2024-06-23 14:05:24.519,9283,155,4,0,True,0,car,0 days 01:02:10.106000,0 days 01:59:07.201000
2024-06-23 14:05:24.799,9019,146,4,0,False,0,car,0 days 01:02:10.386000,0 days 01:59:07.481000
2024-06-23 14:05:25.200,8983,139,4,35,False,0,car,0 days 01:02:10.787000,0 days 01:59:07.882000
2024-06-23 14:05:25.440,9062,141,4,54,False,0,car,0 days 01:02:11.027000,0 days 01:59:08.122000
2024-06-23 14:05:25.840,9527,148,4,65,False,0,car,0 days 01:02:11.427000,0 days 01:59:08.522000
2024-06-23 14:05:26.080,9853,153,4,77,False,0,car,0 days 01:02:11.667000,0 days 01:59:08.762000
2024-06-23 14:05:26.280,10222,163,4,82,False,0,car,0 days 01:02:11.867000,0 days 01:59:08.962000
2024-06-23 14:05:26.480,9382,167,4,72,False,0,car,0 days 01:02:12.067000,0 days 01:59:09.162000
2024-06-23 14:05:26.840,9238,171,5,64,False,0,car,0 days 01:02:12.427000,0 days 01:59:09.522000
2024-06-23 14:05:27.160,9409,176,5,65,False,0,car,0 days 01:02:12.747000,0 days 01:59:09.842000
2024-06-23 14:05:27.400,9681,177,5,71,False,0,car,0 days 01:02:12.987000,0 days 01:59:10.082000
2024-06-23 14:05:27.720,10032,182,5,78,False,0,car,0 days 01:02:13.307000,0 days 01:59:10.402000
2024-06-23 14:05:27.920,10295,188,5,82,False,0,car,0 days 01:02:13.507000,0 days 01:59:10.602000
2024-06-23 14:05:28.360,10788,201,5,100,False,0,car,0 days 01:02:13.947000,0 days 01:59:11.042000
2024-06-23 14:05:28.760,11330,211,5,100,False,0,car,0 days 01:02:14.347000,0 days 01:59:11.442000
2024-06-23 14:05:29.080,10544,219,6,93,False,0,car,0 days 01:02:14.667000,0 days 01:59:11.762000
2024-06-23 14:05:29.240,10222,221,6,90,False,0,car,0 days 01:02:14.827000,0 days 01:59:11.922000
2024-06-23 14:05:29.560,10332,225,6,76,False,0,car,0 days 01:02:15.147000,0 days 01:59:12.242000
2024-06-23 14:05:29.720,10241,225,6,76,False,0,car,0 days 01:02:15.307000,0 days 01:59:12.402000
2024-06-23 14:05:29.960,10099,221,6,0,False,0,car,0 days 01:02:15.547000,0 days 01:59:12.642000
2024-06-23 14:05:30.160,9942,219,6,17,False,0,car,0 days 01:02:15.747000,0 days 01:59:12.842000
2024-06-23 14:05:30.400,9703,214,6,44,False,0,car,0 days 01:02:15.987000,0 days 01:59:13.082000
2024-06-23 14:05:30.600,9752,211,6,64,False,0,car,0 days 01:02:16.187000,0 days 01:59:13.282000
2024-06-23 14:05:30.880,9988,212,6,85,False,0,car,0 days 01:02:16.467000,0 days 01:59:13.562000
2024-06-23 14:05:31.239,10199,219,6,86,False,0,car,0 days 01:02:16.826000,0 days 01:59:13.921000
2024-06-23 14:05:31.439,10137,219,6,85,False,0,car,0 days 01:02:17.026000,0 days 01:59:14.121000
2024-06-23 14:05:31.840,10613,224,6,100,False,0,car,0 days 01:02:17.427000,0 days 01:59:14.522000
2024-06-23 14:05:32.040,10786,230,6,100,False,0,car,0 days 01:02:17.627000,0 days 01:59:14.722000
2024-06-23 14:05:32.200,10902,234,6,100,False,0,car,0 days 01:02:17.787000,0 days 01:59:14.882000
2024-06-23 14:05:32.480,11117,238,6,100,False,0,car,0 days 01:02:18.067000,0 days 01:59:15.162000
2024-06-23 14:05:32.760,11225,243,6,100,False,0,car,0 days 01:02:18.347000,0 days 01:59:15.442000
2024-06-23 14:05:33.000,11426,246,6,100,False,0,car,0 days 01:02:18.587000,0 days 01:59:15.682000
2024-06-23 14:05:33.200,11529,246,6,100,False,0,car,0 days 01:02:18.787000,0 days 01:59:15.882000
2024-06-23 14:05:33.400,11650,250,6,100,False,0,car,0 days 01:02:18.987000,0 days 01:59:16.082000
2024-06-23 14:05:33.680,11739,254,6,100,False,0,car,0 days 01:02:19.267000,0 days 01:59:16.362000
2024-06-23 14:05:34.120,10626,260,7,100,False,0,car,0 days 01:02:19.707000,0 days 01:59:16.802000
2024-06-23 14:05:34.480,10690,265,7,100,False,0,car,0 days 01:02:20.067000,0 days 01:59:17.162000
2024-06-23 14:05:34.800,10829,268,7,100,False,0,car,0 days 01:02:20.387000,0 days 01:59:17.482000
2024-06-23 14:05:35.080,10973,272,7,100,False,0,car,0 days 01:02:20.667000,0 days 01:59:17.762000
2024-06-23 14:05:35.320,11001,274,7,100,False,0,car,0 days 01:02:20.907000,0 days 01:59:18.002000
2024-06-23 14:05:35.480,11044,275,7,100,False,0,car,0 days 01:02:21.067000,0 days 01:59:18.162000
2024-06-23 14:05:35.760,11062,277,7,100,False,0,car,0 days 01:02:21.347000,0 days 01:59:18.442000
2024-06-23 14:05:35.920,11122,278,7,100,False,0,car,0 days 01:02:21.507000,0 days 01:59:18.602000
2024-06-23 14:05:36.080,11170,278,7,100,False,0,car,0 days 01:02:21.667000,0 days 01:59:18.762000
2024-06-23 14:05:36.280,11170,280,7,100,False,0,car,0 days 01:02:21.867000,0 days 01:59:18.962000
2024-06-23 14:05:36.480,11221,280,7,100,False,0,car,0 days 01:02:22.067000,0 days 01:59:19.162000
2024-06-23 14:05:36.760,11229,280,7,100,False,0,car,0 days 01:02:22.347000,0 days 01:59:19.442000
2024-06-23 14:05:36.960,11204,280,7,100,False,0,car,0 days 01:02:22.547000,0 days 01:59:19.642000
2024-06-23 14:05:37.360,10297,259,7,0,True,0,car,0 days 01:02:22.947000,0 days 01:59:20.042000
2024-06-23 14:05:37.560,9675,233,7,0,True,0,car,0 days 01:02:23.147000,0 days 01:59:20.242000
2024-06-23 14:05:38.360,9762,175,5,0,True,0,car,0 days 01:02:23.947000,0 days 01:59:21.042000
2024-06-23 14:05:38.600,9922,167,4,0,True,0,car,0 days 01:02:24.187000,0 days 01:59:21.282000
2024-06-23 14:05:38.840,9552,158,4,0,True,0,car,0 days 01:02:24.427000,0 days 01:59:21.522000
2024-06-23 14:05:39.240,9054,146,4,0,True,0,car,0 days 01:02:24.827000,0 days 01:59:21.922000
2024-06-23 14:05:39.400,8838,144,4,0,True,0,car,0 days 01:02:24.987000,0 days 01:59:22.082000
2024-06-23 14:05:39.720,8508,139,4,0,False,0,car,0 days 01:02:25.307000,0 days 01:59:22.402000
2024-06-23 14:05:39.960,8380,134,4,0,False,0,car,0 days 01:02:25.547000,0 days 01:59:22.642000
2024-06-23 14:05:40.280,8545,131,4,41,False,0,car,0 days 01:02:25.867000,0 days 01:59:22.962000
2024-06-23 14:05:40.480,8579,132,4,51,False,0,car,0 days 01:02:26.067000,0 days 01:59:23.162000
2024-06-23 14:05:40.800,9012,137,4,60,False,0,car,0 days 01:02:26.387000,0 days 01:59:23.482000
2024-06-23 14:05:41.040,9188,143,4,64,False,0,car,0 days 01:02:26.627000,0 days 01:59:23.722000
2024-06-23 14:05:41.360,9735,150,4,75,False,0,car,0 days 01:02:26.947000,0 days 01:59:24.042000
2024-06-23 14:05:41.680,9947,158,4,75,False,0,car,0 days 01:02:27.267000,0 days 01:59:24.362000
2024-06-23 14:05:42.120,11332,173,4,100,False,0,car,0 days 01:02:27.707000,0 days 01:59:24.802000
2024-06-23 14:05:42.320,11488,180,4,100,False,0,car,0 days 01:02:27.907000,0 days 01:59:25.002000
2024-06-23 14:05:42.560,10220,189,5,100,False,0,car,0 days 01:02:28.147000,0 days 01:59:25.242000
2024-06-23 14:05:42.960,10816,201,5,100,False,0,car,0 days 01:02:28.547000,0 days 01:59:25.642000
2024-06-23 14:05:43.360,11320,212,5,100,False,0,car,0 days 01:02:28.947000,0 days 01:59:26.042000
2024-06-23 14:05:43.560,11607,216,5,100,False,0,car,0 days 01:02:29.147000,0 days 01:59:26.242000
2024-06-23 14:05:43.800,11859,221,5,100,False,0,car,0 days 01:02:29.387000,0 days 01:59:26.482000
2024-06-23 14:05:44.080,10412,226,6,100,False,0,car,0 days 01:02:29.667000,0 days 01:59:26.762000
2024-06-23 14:05:44.280,10569,230,6,100,False,0,car,0 days 01:02:29.867000,0 days 01:59:26.962000
2024-06-23 14:05:44.639,10748,234,6,100,False,0,car,0 days 01:02:30.226000,0 days 01:59:27.321000
2024-06-23 14:05:45.000,10881,238,6,100,False,0,car,0 days 01:02:30.587000,0 days 01:59:27.682000
2024-06-23 14:05:45.160,10327,238,6,0,True,0,car,0 days 01:02:30.747000,0 days 01:59:27.842000
2024-06-23 14:05:45.320,10607,231,6,0,True,0,car,0 days 01:02:30.907000,0 days 01:59:28.002000
2024-06-23 14:05:45.640,9600,193,6,0,True,0,car,0 days 01:02:31.227000,0 days 01:59:28.322000
2024-06-23 14:05:45.880,9062,174,6,0,True,0,car,0 days 01:02:31.467000,0 days 01:59:28.562000
2024-06-23 14:05:46.080,9590,159,5,0,True,0,car,0 days 01:02:31.667000,0 days 01:59:28.762000
2024-06-23 14:05:46.280,9897,153,4,0,True,0,car,0 days 01:02:31.867000,0 days 01:59:28.962000
2024-06-23 14:05:46.600,9304,134,3,0,True,0,car,0 days 01:02:32.187000,0 days 01:59:29.282000
2024-06-23 14:05:46.880,8729,123,3,0,True,0,car,0 days 01:02:32.467000,0 days 01:59:29.562000
2024-06-23 14:05:47.120,8321,119,3,0,True,0,car,0 days 01:02:32.707000,0 days 01:59:29.802000
2024-06-23 14:05:47.280,8169,119,3,0,True,0,car,0 days 01:02:32.867000,0 days 01:59:29.962000
2024-06-23 14:05:47.520,7751,108,3,0,True,0,car,0 days 01:02:33.107000,0 days 01:59:30.202000
2024-06-23 14:05:47.800,7342,104,3,0,True,0,car,0 days 01:02:33.387000,0 days 01:59:30.482000
2024-06-23 14:05:48.040,7233,99,3,0,True,0,car,0 days 01:02:33.627000,0 days 01:59:30.722000
2024-06-23 14:05:48.280,6998,96,3,0,False,0,car,0 days 01:02:33.867000,0 days 01:59:30.962000
2024-06-23 14:05:48.680,7476,96,3,32,False,0,car,0 days 01:02:34.267000,0 days 01:59:31.362000
2024-06-23 14:05:48.920,7638,98,3,39,False,0,car,0 days 01:02:34.507000,0 days 01:59:31.602000
2024-06-23 14:05:49.160,7970,102,3,46,False,0,car,0 days 01:02:34.747000,0 days 01:59:31.842000
2024-06-23 14:05:49.520,8770,109,3,56,False,0,car,0 days 01:02:35.107000,0 days 01:59:32.202000
2024-06-23 14:05:49.960,9946,127,3,79,False,0,car,0 days 01:02:35.547000,0 days 01:59:32.642000
2024-06-23 14:05:50.400,9795,146,3,100,False,0,car,0 days 01:02:35.987000,0 days 01:59:33.082000
2024-06-23 14:05:50.720,10880,161,4,100,False,0,car,0 days 01:02:36.307000,0 days 01:59:33.402000
2024-06-23 14:05:50.960,11194,175,4,100,False,0,car,0 days 01:02:36.547000,0 days 01:59:33.642000
2024-06-23 14:05:51.160,10805,182,4,100,False,0,car,0 days 01:02:36.747000,0 days 01:59:33.842000
2024-06-23 14:05:51.399,10375,189,5,100,False,0,car,0 days 01:02:36.986000,0 days 01:59:34.081000
2024-06-23 14:05:51.560,10593,197,5,100,False,0,car,0 days 01:02:37.147000,0 days 01:59:34.242000
2024-06-23 14:05:51.880,11259,207,5,100,False,0,car,0 days 01:02:37.467000,0 days 01:59:34.562000
2024-06-23 14:05:52.240,11715,220,5,100,False,0,car,0 days 01:02:37.827000,0 days 01:59:34.922000
2024-06-23 14:05:52.440,10672,222,5,100,False,0,car,0 days 01:02:38.027000,0 days 01:59:35.122000
2024-06-23 14:05:52.840,10805,232,6,100,False,0,car,0 days 01:02:38.427000,0 days 01:59:35.522000
2024-06-23 14:05:53.080,11040,239,6,100,False,0,car,0 days 01:02:38.667000,0 days 01:59:35.762000
2024-06-23 14:05:53.320,11150,242,6,100,False,0,car,0 days 01:02:38.907000,0 days 01:59:36.002000
2024-06-23 14:05:53.520,11255,245,6,100,False,0,car,0 days 01:02:39.107000,0 days 01:59:36.202000
2024-06-23 14:05:53.840,11403,246,6,100,False,0,car,0 days 01:02:39.427000,0 days 01:59:36.522000
2024-06-23 14:05:54.080,11491,251,6,100,False,0,car,0 days 01:02:39.667000,0 days 01:59:36.762000
2024-06-23 14:05:54.240,11494,252,6,100,False,0,car,0 days 01:02:39.827000,0 days 01:59:36.922000
2024-06-23 14:05:54.440,10728,247,6,36,True,0,car,0 days 01:02:40.027000,0 days 01:59:37.122000
2024-06-23 14:05:54.760,10120,218,6,0,True,0,car,0 days 01:02:40.347000,0 days 01:59:37.442000
2024-06-23 14:05:55.000,9916,198,6,0,True,0,car,0 days 01:02:40.587000,0 days 01:59:37.682000
2024-06-23 14:05:55.320,9627,176,5,0,True,0,car,0 days 01:02:40.907000,0 days 01:59:38.002000
2024-06-23 14:05:55.600,9513,160,4,0,True,0,car,0 days 01:02:41.187000,0 days 01:59:38.282000
2024-06-23 14:05:55.760,9352,153,4,0,True,0,car,0 days 01:02:41.347000,0 days 01:59:38.442000
2024-06-23 14:05:55.920,9111,149,4,0,True,0,car,0 days 01:02:41.507000,0 days 01:59:38.602000
2024-06-23 14:05:56.200,8874,143,4,0,False,0,car,0 days 01:02:41.787000,0 days 01:59:38.882000
2024-06-23 14:05:56.480,8654,140,4,0,False,0,car,0 days 01:02:42.067000,0 days 01:59:39.162000
2024-06-23 14:05:56.840,8354,135,4,14,False,0,car,0 days 01:02:42.427000,0 days 01:59:39.522000
2024-06-23 14:05:57.040,8669,134,4,35,False,0,car,0 days 01:02:42.627000,0 days 01:59:39.722000
2024-06-23 14:05:57.320,8841,135,4,50,False,0,car,0 days 01:02:42.907000,0 days 01:59:40.002000
2024-06-23 14:05:57.560,9171,140,4,67,False,0,car,0 days 01:02:43.147000,0 days 01:59:40.242000
2024-06-23 14:05:57.800,9712,140,4,77,False,0,car,0 days 01:02:43.387000,0 days 01:59:40.482000
2024-06-23 14:05:58.080,10516,157,4,95,False,0,car,0 days 01:02:43.667000,0 days 01:59:40.762000
2024-06-23 14:05:58.320,11096,167,4,98,False,0,car,0 days 01:02:43.907000,0 days 01:59:41.002000
2024-06-23 14:05:58.520,11419,174,4,96,False,0,car,0 days 01:02:44.107000,0 days 01:59:41.202000
2024-06-23 14:05:58.840,10751,189,4,100,False,0,car,0 days 01:02:44.427000,0 days 01:59:41.522000
2024-06-23 14:05:59.000,10503,189,5,100,False,0,car,0 days 01:02:44.587000,0 days 01:59:41.682000
2024-06-23 14:05:59.320,10943,200,5,100,False,0,car,0 days 01:02:44.907000,0 days 01:59:42.002000
2024-06-23 14:05:59.480,11191,206,5,100,False,0,car,0 days 01:02:45.067000,0 days 01:59:42.162000
2024-06-23 14:05:59.720,11460,212,5,100,False,0,car,0 days 01:02:45.307000,0 days 01:59:42.402000
2024-06-23 14:06:00.120,11837,222,5,100,False,0,car,0 days 01:02:45.707000,0 days 01:59:42.802000
2024-06-23 14:06:00.320,10717,228,6,100,False,0,car,0 days 01:02:45.907000,0 days 01:59:43.002000
2024-06-23 14:06:00.640,10796,233,6,100,False,0,car,0 days 01:02:46.227000,0 days 01:59:43.322000
2024-06-23 14:06:00.840,10858,237,6,100,False,0,car,0 days 01:02:46.427000,0 days 01:59:43.522000
2024-06-23 14:06:01.120,10947,239,6,100,False,0,car,0 days 01:02:46.707000,0 days 01:59:43.802000
2024-06-23 14:06:01.280,11029,241,6,100,False,0,car,0 days 01:02:46.867000,0 days 01:59:43.962000
2024-06-23 14:06:01.560,11058,239,6,0,False,0,car,0 days 01:02:47.147000,0 days 01:59:44.242000
2024-06-23 14:06:01.960,10452,231,6,0,False,0,car,0 days 01:02:47.547000,0 days 01:59:44.642000
2024-06-23 14:06:02.160,10205,226,6,31,False,0,car,0 days 01:02:47.747000,0 days 01:59:44.842000
2024-06-23 14:06:02.520,10287,221,6,69,False,0,car,0 days 01:02:48.107000,0 days 01:59:45.202000
2024-06-23 14:06:02.960,10338,220,6,80,False,0,car,0 days 01:02:48.547000,0 days 01:59:45.642000
2024-06-23 14:06:03.360,10643,228,6,100,False,0,car,0 days 01:02:48.947000,0 days 01:59:46.042000
2024-06-23 14:06:03.600,10774,230,6,100,False,0,car,0 days 01:02:49.187000,0 days 01:59:46.282000
2024-06-23 14:06:03.800,10864,234,6,100,False,0,car,0 days 01:02:49.387000,0 days 01:59:46.482000
2024-06-23 14:06:03.960,11031,238,6,100,False,0,car,0 days 01:02:49.547000,0 days 01:59:46.642000
2024-06-23 14:06:04.120,11095,240,6,100,False,0,car,0 days 01:02:49.707000,0 days 01:59:46.802000
2024-06-23 14:06:04.280,11245,241,6,100,False,0,car,0 days 01:02:49.867000,0 days 01:59:46.962000
2024-06-23 14:06:04.640,11467,250,6,100,False,0,car,0 days 01:02:50.227000,0 days 01:59:47.322000
2024-06-23 14:06:04.800,11607,251,6,100,False,0,car,0 days 01:02:50.387000,0 days 01:59:47.482000
2024-06-23 14:06:04.960,11607,255,6,100,False,0,car,0 days 01:02:50.547000,0 days 01:59:47.642000
2024-06-23 14:06:05.160,11761,256,6,100,False,0,car,0 days 01:02:50.747000,0 days 01:59:47.842000
2024-06-23 14:06:05.480,10708,261,7,100,False,0,car,0 days 01:02:51.067000,0 days 01:59:48.162000
2024-06-23 14:06:05.760,10583,266,7,100,False,0,car,0 days 01:02:51.347000,0 days 01:59:48.442000
2024-06-23 14:06:05.960,10770,268,7,100,False,0,car,0 days 01:02:51.547000,0 days 01:59:48.642000
2024-06-23 14:06:06.240,10910,270,7,100,False,0,car,0 days 01:02:51.827000,0 days 01:59:48.922000
2024-06-23 14:06:06.480,11024,274,7,100,False,0,car,0 days 01:02:52.067000,0 days 01:59:49.162000
2024-06-23 14:06:06.640,11081,274,7,100,False,0,car,0 days 01:02:52.227000,0 days 01:59:49.322000
2024-06-23 14:06:07.080,11259,281,7,100,False,0,car,0 days 01:02:52.667000,0 days 01:59:49.762000
2024-06-23 14:06:07.240,11315,282,7,100,False,0,car,0 days 01:02:52.827000,0 days 01:59:49.922000
2024-06-23 14:06:07.480,11345,284,7,100,False,0,car,0 days 01:02:53.067000,0 days 01:59:50.162000
2024-06-23 14:06:07.920,11375,285,7,100,False,0,car,0 days 01:02:53.507000,0 days 01:59:50.602000
2024-06-23 14:06:08.360,11456,285,7,100,False,0,car,0 days 01:02:53.947000,0 days 01:59:51.042000
2024-06-23 14:06:08.560,11460,287,7,100,False,0,car,0 days 01:02:54.147000,0 days 01:59:51.242000
2024-06-23 14:06:09.000,10885,286,7,1,False,0,car,0 days 01:02:54.587000,0 days 01:59:51.682000
2024-06-23 14:06:09.200,10940,281,7,0,False,0,car,0 days 01:02:54.787000,0 days 01:59:51.882000
2024-06-23 14:06:09.360,10549,266,7,0,True,0,car,0 days 01:02:54.947000,0 days 01:59:52.042000
2024-06-23 14:06:09.600,9242,242,7,0,True,0,car,0 days 01:02:55.187000,0 days 01:59:52.282000
2024-06-23 14:06:09.880,9423,219,7,0,True,0,car,0 days 01:02:55.467000,0 days 01:59:52.562000
2024-06-23 14:06:10.120,9316,198,7,0,True,0,car,0 days 01:02:55.707000,0 days 01:59:52.802000
2024-06-23 14:06:10.320,9442,172,5,0,True,0,car,0 days 01:02:55.907000,0 days 01:59:53.002000
2024-06-23 14:06:10.600,9168,155,4,0,True,0,car,0 days 01:02:56.187000,0 days 01:59:53.282000
2024-06-23 14:06:10.800,9219,151,4,0,True,0,car,0 days 01:02:56.387000,0 days 01:59:53.482000
2024-06-23 14:06:10.960,9783,139,4,0,True,0,car,0 days 01:02:56.547000,0 days 01:59:53.642000
2024-06-23 14:06:11.281,9353,129,3,0,True,0,car,0 days 01:02:56.868000,0 days 01:59:53.963000
2024-06-23 14:06:11.640,8520,118,3,0,True,0,car,0 days 01:02:57.227000,0 days 01:59:54.322000
2024-06-23 14:06:11.880,8285,113,3,0,True,0,car,0 days 01:02:57.467000,0 days 01:59:54.562000
2024-06-23 14:06:12.080,8052,111,3,0,True,0,car,0 days 01:02:57.667000,0 days 01:59:54.762000
2024-06-23 14:06:12.480,7740,108,3,0,True,0,car,0 days 01:02:58.067000,0 days 01:59:55.162000
2024-06-23 14:06:12.880,7700,102,3,26,False,0,car,0 days 01:02:58.467000,0 days 01:59:55.562000
2024-06-23 14:06:13.040,7796,103,3,29,False,0,car,0 days 01:02:58.627000,0 days 01:59:55.722000
2024-06-23 14:06:13.200,8019,104,3,31,False,0,car,0 days 01:02:58.787000,0 days 01:59:55.882000
2024-06-23 14:06:13.440,8016,106,3,39,False,0,car,0 days 01:02:59.027000,0 days 01:59:56.122000
2024-06-23 14:06:13.640,8338,108,3,41,False,0,car,0 days 01:02:59.227000,0 days 01:59:56.322000
2024-06-23 14:06:13.920,8767,111,3,53,False,0,car,0 days 01:02:59.507000,0 days 01:59:56.602000
2024-06-23 14:06:14.120,9167,116,3,62,False,0,car,0 days 01:02:59.707000,0 days 01:59:56.802000
2024-06-23 14:06:14.280,9525,122,3,67,False,0,car,0 days 01:02:59.867000,0 days 01:59:56.962000
2024-06-23 14:06:14.560,10136,131,3,74,False,0,car,0 days 01:03:00.147000,0 days 01:59:57.242000
2024-06-23 14:06:14.720,10690,135,3,78,False,0,car,0 days 01:03:00.307000,0 days 01:59:57.402000
2024-06-23 14:06:15.000,9943,147,4,89,False,0,car,0 days 01:03:00.587000,0 days 01:59:57.682000
2024-06-23 14:06:15.360,10862,162,4,91,False,0,car,0 days 01:03:00.947000,0 days 01:59:58.042000
2024-06-23 14:06:15.600,11225,171,4,100,False,0,car,0 days 01:03:01.187000,0 days 01:59:58.282000
2024-06-23 14:06:15.760,11433,178,4,100,False,0,car,0 days 01:03:01.347000,0 days 01:59:58.442000
2024-06-23 14:06:15.960,11662,185,4,100,False,0,car,0 days 01:03:01.547000,0 days 01:59:58.642000
2024-06-23 14:06:16.280,10439,194,5,100,False,0,car,0 days 01:03:01.867000,0 days 01:59:58.962000
2024-06-23 14:06:16.520,10520,199,5,100,False,0,car,0 days 01:03:02.107000,0 days 01:59:59.202000
2024-06-23 14:06:16.800,10507,201,5,0,True,0,car,0 days 01:03:02.387000,0 days 01:59:59.482000
2024-06-23 14:06:17.120,9617,175,5,0,True,0,car,0 days 01:03:02.707000,0 days 01:59:59.802000
2024-06-23 14:06:17.480,9559,161,4,0,True,0,car,0 days 01:03:03.067000,0 days 02:00:00.162000
2024-06-23 14:06:17.720,9175,151,4,0,True,0,car,0 days 01:03:03.307000,0 days 02:00:00.402000
2024-06-23 14:06:18.120,8526,140,4,0,True,0,car,0 days 01:03:03.707000,0 days 02:00:00.802000
2024-06-23 14:06:18.280,8424,137,4,0,True,0,car,0 days 01:03:03.867000,0 days 02:00:00.962000
2024-06-23 14:06:18.480,8304,133,4,0,False,0,car,0 days 01:03:04.067000,0 days 02:00:01.162000
2024-06-23 14:06:18.720,8017,131,4,0,False,0,car,0 days 01:03:04.307000,0 days 02:00:01.402000
2024-06-23 14:06:18.920,8017,128,4,0,False,0,car,0 days 01:03:04.507000,0 days 02:00:01.602000
2024-06-23 14:06:19.120,8017,125,4,0,False,0,car,0 days 01:03:04.707000,0 days 02:00:01.802000
2024-06-23 14:06:19.280,7607,123,4,0,False,0,car,0 days 01:03:04.867000,0 days 02:00:01.962000
2024-06-23 14:06:19.440,7390,122,4,0,False,0,car,0 days 01:03:05.027000,0 days 02:00:02.122000
2024-06-23 14:06:19.720,7335,118,4,1,False,0,car,0 days 01:03:05.307000,0 days 02:00:02.402000
2024-06-23 14:06:19.960,7562,116,4,36,False,0,car,0 days 01:03:05.547000,0 days 02:00:02.642000
2024-06-23 14:06:20.120,7643,116,4,42,False,0,car,0 days 01:03:05.707000,0 days 02:00:02.802000
2024-06-23 14:06:20.400,7922,121,4,43,False,0,car,0 days 01:03:05.987000,0 days 02:00:03.082000
2024-06-23 14:06:20.560,8013,124,4,52,False,0,car,0 days 01:03:06.147000,0 days 02:00:03.242000
2024-06-23 14:06:21.080,8808,133,4,61,False,0,car,0 days 01:03:06.667000,0 days 02:00:03.762000
2024-06-23 14:06:21.440,9034,145,4,72,False,0,car,0 days 01:03:07.027000,0 days 02:00:04.122000
2024-06-23 14:06:21.880,10310,159,4,84,False,0,car,0 days 01:03:07.467000,0 days 02:00:04.562000
2024-06-23 14:06:22.080,10832,165,4,85,False,0,car,0 days 01:03:07.667000,0 days 02:00:04.762000
2024-06-23 14:06:22.360,11569,178,4,100,False,0,car,0 days 01:03:07.947000,0 days 02:00:05.042000
2024-06-23 14:06:22.680,10392,190,5,100,False,0,car,0 days 01:03:08.267000,0 days 02:00:05.362000
2024-06-23 14:06:22.960,10745,199,5,100,False,0,car,0 days 01:03:08.547000,0 days 02:00:05.642000
2024-06-23 14:06:23.280,11430,210,5,100,False,0,car,0 days 01:03:08.867000,0 days 02:00:05.962000
2024-06-23 14:06:23.440,11704,217,5,100,False,0,car,0 days 01:03:09.027000,0 days 02:00:06.122000
2024-06-23 14:06:23.600,11540,219,5,100,False,0,car,0 days 01:03:09.187000,0 days 02:00:06.282000
2024-06-23 14:06:23.960,10478,226,6,100,False,0,car,0 days 01:03:09.547000,0 days 02:00:06.642000
2024-06-23 14:06:24.120,10825,231,6,100,False,0,car,0 days 01:03:09.707000,0 days 02:00:06.802000
2024-06-23 14:06:24.401,11068,235,6,100,False,0,car,0 days 01:03:09.988000,0 days 02:00:07.083000
2024-06-23 14:06:24.721,11076,241,6,100,False,0,car,0 days 01:03:10.308000,0 days 02:00:07.403000
2024-06-23 14:06:24.960,11331,245,6,98,False,0,car,0 days 01:03:10.547000,0 days 02:00:07.642000
2024-06-23 14:06:25.280,11094,246,6,100,False,0,car,0 days 01:03:10.867000,0 days 02:00:07.962000
2024-06-23 14:06:25.560,11609,250,6,100,False,0,car,0 days 01:03:11.147000,0 days 02:00:08.242000
2024-06-23 14:06:25.840,11694,253,6,100,False,0,car,0 days 01:03:11.427000,0 days 02:00:08.522000
2024-06-23 14:06:26.000,11414,254,6,100,False,0,car,0 days 01:03:11.587000,0 days 02:00:08.682000
2024-06-23 14:06:26.280,10086,256,7,100,False,0,car,0 days 01:03:11.867000,0 days 02:00:08.962000
2024-06-23 14:06:26.640,10370,258,7,100,False,0,car,0 days 01:03:12.227000,0 days 02:00:09.322000
2024-06-23 14:06:26.840,10419,260,7,100,False,0,car,0 days 01:03:12.427000,0 days 02:00:09.522000
2024-06-23 14:06:27.080,10482,262,7,100,False,0,car,0 days 01:03:12.667000,0 days 02:00:09.762000
2024-06-23 14:06:27.320,10527,262,7,100,False,0,car,0 days 01:03:12.907000,0 days 02:00:10.002000
2024-06-23 14:06:27.520,10153,262,7,0,True,0,car,0 days 01:03:13.107000,0 days 02:00:10.202000
2024-06-23 14:06:27.760,10187,254,7,0,True,0,car,0 days 01:03:13.347000,0 days 02:00:10.442000
2024-06-23 14:06:27.960,11027,254,7,0,False,0,car,0 days 01:03:13.547000,0 days 02:00:10.642000
2024-06-23 14:06:28.240,11192,242,6,26,False,0,car,0 days 01:03:13.827000,0 days 02:00:10.922000
2024-06-23 14:06:28.520,10983,238,6,75,False,0,car,0 days 01:03:14.107000,0 days 02:00:11.202000
2024-06-23 14:06:28.880,10826,238,6,79,False,0,car,0 days 01:03:14.467000,0 days 02:00:11.562000
2024-06-23 14:06:29.160,11112,237,6,100,False,0,car,0 days 01:03:14.747000,0 days 02:00:11.842000
2024-06-23 14:06:29.520,11268,243,6,100,False,0,car,0 days 01:03:15.107000,0 days 02:00:12.202000
2024-06-23 14:06:29.680,11325,243,6,100,False,0,car,0 days 01:03:15.267000,0 days 02:00:12.362000
2024-06-23 14:06:29.920,11423,246,6,100,False,0,car,0 days 01:03:15.507000,0 days 02:00:12.602000
2024-06-23 14:06:30.120,11502,249,6,100,False,0,car,0 days 01:03:15.707000,0 days 02:00:12.802000
2024-06-23 14:06:30.360,11563,250,6,100,False,0,car,0 days 01:03:15.947000,0 days 02:00:13.042000
2024-06-23 14:06:30.760,10382,257,7,100,False,0,car,0 days 01:03:16.347000,0 days 02:00:13.442000
2024-06-23 14:06:31.041,10506,261,7,100,False,0,car,0 days 01:03:16.628000,0 days 02:00:13.723000
2024-06-23 14:06:31.241,10553,264,7,100,False,0,car,0 days 01:03:16.828000,0 days 02:00:13.923000
2024-06-23 14:06:31.640,10719,267,7,100,False,0,car,0 days 01:03:17.227000,0 days 02:00:14.322000
2024-06-23 14:06:32.040,10923,271,7,100,False,0,car,0 days 01:03:17.627000,0 days 02:00:14.722000
2024-06-23 14:06:32.240,10986,273,7,100,False,0,car,0 days 01:03:17.827000,0 days 02:00:14.922000
2024-06-23 14:06:33.440,11377,285,7,100,False,0,car,0 days 01:03:19.027000,0 days 02:00:16.122000
2024-06-23 14:06:33.680,11513,285,7,100,False,0,car,0 days 01:03:19.267000,0 days 02:00:16.362000
2024-06-23 14:06:33.880,11490,288,7,100,False,0,car,0 days 01:03:19.467000,0 days 02:00:16.562000
2024-06-23 14:06:34.040,11540,287,7,100,False,0,car,0 days 01:03:19.627000,0 days 02:00:16.722000
2024-06-23 14:06:34.480,11608,289,7,100,False,0,car,0 days 01:03:20.067000,0 days 02:00:17.162000
2024-06-23 14:06:34.920,11260,292,7,100,False,0,car,0 days 01:03:20.507000,0 days 02:00:17.602000
2024-06-23 14:06:35.080,10267,292,8,100,False,0,car,0 days 01:03:20.667000,0 days 02:00:17.762000
2024-06-23 14:06:35.240,10301,292,8,100,False,0,car,0 days 01:03:20.827000,0 days 02:00:17.922000
2024-06-23 14:06:35.520,10453,293,8,100,False,0,car,0 days 01:03:21.107000,0 days 02:00:18.202000
2024-06-23 14:06:35.760,10510,296,8,100,False,0,car,0 days 01:03:21.347000,0 days 02:00:18.442000
2024-06-23 14:06:36.160,10554,297,8,100,False,0,car,0 days 01:03:21.747000,0 days 02:00:18.842000
2024-06-23 14:06:36.400,10558,297,8,100,False,0,car,0 days 01:03:21.987000,0 days 02:00:19.082000
2024-06-23 14:06:36.760,10576,297,8,100,False,0,car,0 days 01:03:22.347000,0 days 02:00:19.442000
2024-06-23 14:06:37.080,10588,298,8,100,False,0,car,0 days 01:03:22.667000,0 days 02:00:19.762000
2024-06-23 14:06:37.440,10577,297,8,100,False,0,car,0 days 01:03:23.027000,0 days 02:00:20.122000
2024-06-23 14:06:37.641,10600,297,8,100,False,0,car,0 days 01:03:23.228000,0 days 02:00:20.323000
2024-06-23 14:06:37.921,10569,297,8,100,False,0,car,0 days 01:03:23.508000,0 days 02:00:20.603000
2024-06-23 14:06:38.081,10596,297,8,100,False,0,car,0 days 01:03:23.668000,0 days 02:00:20.763000
2024-06-23 14:06:38.400,10571,297,8,100,False,0,car,0 days 01:03:23.987000,0 days 02:00:21.082000
2024-06-23 14:06:38.560,10547,297,8,100,False,0,car,0 days 01:03:24.147000,0 days 02:00:21.242000
2024-06-23 14:06:38.880,10588,298,8,100,False,0,car,0 days 01:03:24.467000,0 days 02:00:21.562000
2024-06-23 14:06:39.160,10579,298,8,100,False,0,car,0 days 01:03:24.747000,0 days 02:00:21.842000
2024-06-23 14:06:39.320,10601,298,8,100,False,0,car,0 days 01:03:24.907000,0 days 02:00:22.002000
2024-06-23 14:06:39.720,10526,297,8,100,False,0,car,0 days 01:03:25.307000,0 days 02:00:22.402000
2024-06-23 14:06:39.960,10524,295,8,100,False,0,car,0 days 01:03:25.547000,0 days 02:00:22.642000
2024-06-23 14:06:40.200,10494,295,8,100,False,0,car,0 days 01:03:25.787000,0 days 02:00:22.882000
2024-06-23 14:06:40.440,10434,294,8,100,False,0,car,0 days 01:03:26.027000,0 days 02:00:23.122000
2024-06-23 14:06:40.680,10427,294,8,100,False,0,car,0 days 01:03:26.267000,0 days 02:00:23.362000
2024-06-23 14:06:40.880,10393,294,8,100,False,0,car,0 days 01:03:26.467000,0 days 02:00:23.562000
2024-06-23 14:06:41.040,10363,293,8,100,False,0,car,0 days 01:03:26.627000,0 days 02:00:23.722000
2024-06-23 14:06:41.200,10344,292,8,100,False,0,car,0 days 01:03:26.787000,0 days 02:00:23.882000
2024-06-23 14:06:41.520,10320,291,8,100,False,0,car,0 days 01:03:27.107000,0 days 02:00:24.202000
2024-06-23 14:06:41.680,10270,290,8,100,False,0,car,0 days 01:03:27.267000,0 days 02:00:24.362000
2024-06-23 14:06:41.960,9821,286,8,0,False,0,car,0 days 01:03:27.547000,0 days 02:00:24.642000
2024-06-23 14:06:42.400,8773,258,8,0,True,0,car,0 days 01:03:27.987000,0 days 02:00:25.082000
2024-06-23 14:06:42.640,9016,220,8,0,True,0,car,0 days 01:03:28.227000,0 days 02:00:25.322000
2024-06-23 14:06:42.920,8981,199,7,0,True,0,car,0 days 01:03:28.507000,0 days 02:00:25.602000
2024-06-23 14:06:43.200,9385,175,6,0,True,0,car,0 days 01:03:28.787000,0 days 02:00:25.882000
2024-06-23 14:06:43.400,9823,170,5,0,True,0,car,0 days 01:03:28.987000,0 days 02:00:26.082000
2024-06-23 14:06:43.680,9655,157,4,0,True,0,car,0 days 01:03:29.267000,0 days 02:00:26.362000
2024-06-23 14:06:43.920,9437,151,4,0,False,0,car,0 days 01:03:29.507000,0 days 02:00:26.602000
2024-06-23 14:06:44.281,9047,146,4,2,False,0,car,0 days 01:03:29.868000,0 days 02:00:26.963000
2024-06-23 14:06:44.561,9099,142,4,39,False,0,car,0 days 01:03:30.148000,0 days 02:00:27.243000
2024-06-23 14:06:44.801,9196,142,4,53,False,0,car,0 days 01:03:30.388000,0 days 02:00:27.483000
2024-06-23 14:06:45.120,9589,145,4,63,False,0,car,0 days 01:03:30.707000,0 days 02:00:27.802000
2024-06-23 14:06:45.320,9955,150,4,72,False,0,car,0 days 01:03:30.907000,0 days 02:00:28.002000
2024-06-23 14:06:45.520,10172,155,4,81,False,0,car,0 days 01:03:31.107000,0 days 02:00:28.202000
2024-06-23 14:06:45.680,10032,162,4,82,False,0,car,0 days 01:03:31.267000,0 days 02:00:28.362000
2024-06-23 14:06:45.960,9066,169,5,59,False,0,car,0 days 01:03:31.547000,0 days 02:00:28.642000
2024-06-23 14:06:46.240,9239,172,5,59,False,0,car,0 days 01:03:31.827000,0 days 02:00:28.922000
2024-06-23 14:06:46.400,9403,173,5,63,False,0,car,0 days 01:03:31.987000,0 days 02:00:29.082000
2024-06-23 14:06:46.720,9623,174,5,72,False,0,car,0 days 01:03:32.307000,0 days 02:00:29.402000
2024-06-23 14:06:47.000,9910,182,5,76,False,0,car,0 days 01:03:32.587000,0 days 02:00:29.682000
2024-06-23 14:06:47.160,9997,185,5,79,False,0,car,0 days 01:03:32.747000,0 days 02:00:29.842000
2024-06-23 14:06:47.360,10086,188,5,82,False,0,car,0 days 01:03:32.947000,0 days 02:00:30.042000
2024-06-23 14:06:47.560,10444,194,5,100,False,0,car,0 days 01:03:33.147000,0 days 02:00:30.242000
2024-06-23 14:06:47.720,10832,197,5,100,False,0,car,0 days 01:03:33.307000,0 days 02:00:30.402000
2024-06-23 14:06:48.040,11165,205,5,100,False,0,car,0 days 01:03:33.627000,0 days 02:00:30.722000
2024-06-23 14:06:48.320,11038,214,5,100,False,0,car,0 days 01:03:33.907000,0 days 02:00:31.002000
2024-06-23 14:06:48.600,10208,220,6,83,False,0,car,0 days 01:03:34.187000,0 days 02:00:31.282000
2024-06-23 14:06:48.800,10332,223,6,83,False,0,car,0 days 01:03:34.387000,0 days 02:00:31.482000
2024-06-23 14:06:49.000,10316,223,6,76,False,0,car,0 days 01:03:34.587000,0 days 02:00:31.682000
2024-06-23 14:06:49.200,10115,226,6,64,False,0,car,0 days 01:03:34.787000,0 days 02:00:31.882000
2024-06-23 14:06:49.400,10132,221,6,0,False,0,car,0 days 01:03:34.987000,0 days 02:00:32.082000
2024-06-23 14:06:49.600,10174,216,6,42,False,0,car,0 days 01:03:35.187000,0 days 02:00:32.282000
2024-06-23 14:06:49.760,10027,214,6,63,False,0,car,0 days 01:03:35.347000,0 days 02:00:32.442000
2024-06-23 14:06:50.080,9973,215,6,78,False,0,car,0 days 01:03:35.667000,0 days 02:00:32.762000
2024-06-23 14:06:50.560,10189,220,6,83,False,0,car,0 days 01:03:36.147000,0 days 02:00:33.242000
2024-06-23 14:06:50.801,10498,223,6,100,False,0,car,0 days 01:03:36.388000,0 days 02:00:33.483000
2024-06-23 14:06:51.081,10667,228,6,100,False,0,car,0 days 01:03:36.668000,0 days 02:00:33.763000
2024-06-23 14:06:51.401,10868,232,6,100,False,0,car,0 days 01:03:36.988000,0 days 02:00:34.083000
2024-06-23 14:06:51.800,11133,240,6,100,False,0,car,0 days 01:03:37.387000,0 days 02:00:34.482000
2024-06-23 14:06:52.040,11293,243,6,100,False,0,car,0 days 01:03:37.627000,0 days 02:00:34.722000
2024-06-23 14:06:52.400,11503,247,6,100,False,0,car,0 days 01:03:37.987000,0 days 02:00:35.082000
2024-06-23 14:06:52.640,11539,250,6,100,False,0,car,0 days 01:03:38.227000,0 days 02:00:35.322000
2024-06-23 14:06:52.880,11686,253,6,100,False,0,car,0 days 01:03:38.467000,0 days 02:00:35.562000
2024-06-23 14:06:53.120,10189,254,7,100,False,0,car,0 days 01:03:38.707000,0 days 02:00:35.802000
2024-06-23 14:06:53.320,10475,259,7,100,False,0,car,0 days 01:03:38.907000,0 days 02:00:36.002000
2024-06-23 14:06:53.560,10578,262,7,100,False,0,car,0 days 01:03:39.147000,0 days 02:00:36.242000
2024-06-23 14:06:53.760,10642,264,7,100,False,0,car,0 days 01:03:39.347000,0 days 02:00:36.442000
2024-06-23 14:06:53.960,10745,267,7,100,False,0,car,0 days 01:03:39.547000,0 days 02:00:36.642000
2024-06-23 14:06:54.120,10843,269,7,100,False,0,car,0 days 01:03:39.707000,0 days 02:00:36.802000
2024-06-23 14:06:54.320,10876,271,7,100,False,0,car,0 days 01:03:39.907000,0 days 02:00:37.002000
2024-06-23 14:06:54.520,10941,272,7,100,False,0,car,0 days 01:03:40.107000,0 days 02:00:37.202000
2024-06-23 14:06:54.840,10994,274,7,100,False,0,car,0 days 01:03:40.427000,0 days 02:00:37.522000
2024-06-23 14:06:55.080,11036,275,7,100,False,0,car,0 days 01:03:40.667000,0 days 02:00:37.762000
2024-06-23 14:06:55.480,11102,278,7,100,False,0,car,0 days 01:03:41.067000,0 days 02:00:38.162000
2024-06-23 14:06:55.920,11084,278,7,100,False,0,car,0 days 01:03:41.507000,0 days 02:00:38.602000
2024-06-23 14:06:56.240,11134,279,7,100,False,0,car,0 days 01:03:41.827000,0 days 02:00:38.922000
2024-06-23 14:06:56.600,10699,267,7,0,True,0,car,0 days 01:03:42.187000,0 days 02:00:39.282000
2024-06-23 14:06:56.800,9299,247,7,0,True,0,car,0 days 01:03:42.387000,0 days 02:00:39.482000
2024-06-23 14:06:57.000,9698,222,7,0,True,0,car,0 days 01:03:42.587000,0 days 02:00:39.682000
2024-06-23 14:06:57.361,9815,190,5,0,True,0,car,0 days 01:03:42.948000,0 days 02:00:40.043000
2024-06-23 14:06:57.761,9984,169,5,0,True,0,car,0 days 01:03:43.348000,0 days 02:00:40.443000
2024-06-23 14:06:58.001,9895,161,4,0,True,0,car,0 days 01:03:43.588000,0 days 02:00:40.683000
2024-06-23 14:06:58.201,9400,155,4,0,True,0,car,0 days 01:03:43.788000,0 days 02:00:40.883000
2024-06-23 14:06:58.440,9331,147,4,0,False,0,car,0 days 01:03:44.027000,0 days 02:00:41.122000
2024-06-23 14:06:58.640,8836,143,4,0,True,0,car,0 days 01:03:44.227000,0 days 02:00:41.322000
2024-06-23 14:06:58.960,8616,140,4,0,False,0,car,0 days 01:03:44.547000,0 days 02:00:41.642000
2024-06-23 14:06:59.160,8451,134,4,0,False,0,car,0 days 01:03:44.747000,0 days 02:00:41.842000
2024-06-23 14:06:59.360,8506,132,4,29,False,0,car,0 days 01:03:44.947000,0 days 02:00:42.042000
2024-06-23 14:06:59.600,8539,133,4,45,False,0,car,0 days 01:03:45.187000,0 days 02:00:42.282000
2024-06-23 14:06:59.800,8754,134,4,52,False,0,car,0 days 01:03:45.387000,0 days 02:00:42.482000
2024-06-23 14:06:59.960,8814,136,4,57,False,0,car,0 days 01:03:45.547000,0 days 02:00:42.642000
2024-06-23 14:07:00.120,9017,138,4,58,False,0,car,0 days 01:03:45.707000,0 days 02:00:42.802000
2024-06-23 14:07:00.360,9227,142,4,68,False,0,car,0 days 01:03:45.947000,0 days 02:00:43.042000
2024-06-23 14:07:00.680,9751,151,4,76,False,0,car,0 days 01:03:46.267000,0 days 02:00:43.362000
2024-06-23 14:07:00.920,10369,158,4,82,False,0,car,0 days 01:03:46.507000,0 days 02:00:43.602000
2024-06-23 14:07:01.160,10827,163,4,98,False,0,car,0 days 01:03:46.747000,0 days 02:00:43.842000
2024-06-23 14:07:01.320,11234,170,4,100,False,0,car,0 days 01:03:46.907000,0 days 02:00:44.002000
2024-06-23 14:07:01.600,10572,183,4,100,False,0,car,0 days 01:03:47.187000,0 days 02:00:44.282000
2024-06-23 14:07:02.040,10637,194,5,100,False,0,car,0 days 01:03:47.627000,0 days 02:00:44.722000
2024-06-23 14:07:02.240,10906,199,5,100,False,0,car,0 days 01:03:47.827000,0 days 02:00:44.922000
2024-06-23 14:07:02.520,11272,208,5,100,False,0,car,0 days 01:03:48.107000,0 days 02:00:45.202000
2024-06-23 14:07:02.840,11655,217,5,100,False,0,car,0 days 01:03:48.427000,0 days 02:00:45.522000
2024-06-23 14:07:03.120,11572,222,5,100,False,0,car,0 days 01:03:48.707000,0 days 02:00:45.802000
2024-06-23 14:07:03.280,10452,224,6,100,False,0,car,0 days 01:03:48.867000,0 days 02:00:45.962000
2024-06-23 14:07:03.640,10688,229,6,100,False,0,car,0 days 01:03:49.227000,0 days 02:00:46.322000
2024-06-23 14:07:03.841,10746,233,6,100,False,0,car,0 days 01:03:49.428000,0 days 02:00:46.523000
2024-06-23 14:07:04.121,10885,238,6,100,False,0,car,0 days 01:03:49.708000,0 days 02:00:46.803000
2024-06-23 14:07:04.281,10816,238,6,100,False,0,car,0 days 01:03:49.868000,0 days 02:00:46.963000
2024-06-23 14:07:04.481,10188,237,6,9,False,0,car,0 days 01:03:50.068000,0 days 02:00:47.163000
2024-06-23 14:07:04.681,10496,233,6,0,True,0,car,0 days 01:03:50.268000,0 days 02:00:47.363000
2024-06-23 14:07:05.081,9382,183,6,0,True,0,car,0 days 01:03:50.668000,0 days 02:00:47.763000
2024-06-23 14:07:05.320,9633,165,6,0,True,0,car,0 days 01:03:50.907000,0 days 02:00:48.002000
2024-06-23 14:07:05.480,9260,152,4,0,True,0,car,0 days 01:03:51.067000,0 days 02:00:48.162000
2024-06-23 14:07:05.840,9629,138,3,0,True,0,car,0 days 01:03:51.427000,0 days 02:00:48.522000
2024-06-23 14:07:06.080,9222,128,3,0,True,0,car,0 days 01:03:51.667000,0 days 02:00:48.762000
2024-06-23 14:07:06.440,8339,119,3,0,True,0,car,0 days 01:03:52.027000,0 days 02:00:49.122000
2024-06-23 14:07:06.640,7976,109,3,0,True,0,car,0 days 01:03:52.227000,0 days 02:00:49.322000
2024-06-23 14:07:06.920,7624,105,3,0,True,0,car,0 days 01:03:52.507000,0 days 02:00:49.602000
2024-06-23 14:07:07.120,7259,101,3,0,True,0,car,0 days 01:03:52.707000,0 days 02:00:49.802000
2024-06-23 14:07:07.520,6947,96,3,0,False,0,car,0 days 01:03:53.107000,0 days 02:00:50.202000
2024-06-23 14:07:07.760,7166,96,3,21,False,0,car,0 days 01:03:53.347000,0 days 02:00:50.442000
2024-06-23 14:07:07.920,7472,96,3,27,False,0,car,0 days 01:03:53.507000,0 days 02:00:50.602000
2024-06-23 14:07:08.080,7590,98,3,39,False,0,car,0 days 01:03:53.667000,0 days 02:00:50.762000
2024-06-23 14:07:08.280,7784,101,3,42,False,0,car,0 days 01:03:53.867000,0 days 02:00:50.962000
2024-06-23 14:07:08.440,8207,104,3,45,False,0,car,0 days 01:03:54.027000,0 days 02:00:51.122000
2024-06-23 14:07:08.800,8727,111,3,56,False,0,car,0 days 01:03:54.387000,0 days 02:00:51.482000
2024-06-23 14:07:09.200,9335,124,3,70,False,0,car,0 days 01:03:54.787000,0 days 02:00:51.882000
2024-06-23 14:07:09.400,10175,132,3,80,False,0,car,0 days 01:03:54.987000,0 days 02:00:52.082000
2024-06-23 14:07:09.560,11336,142,3,94,False,0,car,0 days 01:03:55.147000,0 days 02:00:52.242000
2024-06-23 14:07:09.840,10375,151,4,100,False,0,car,0 days 01:03:55.427000,0 days 02:00:52.522000
2024-06-23 14:07:10.120,10954,166,4,100,False,0,car,0 days 01:03:55.707000,0 days 02:00:52.802000
2024-06-23 14:07:10.481,11692,183,4,100,False,0,car,0 days 01:03:56.068000,0 days 02:00:53.163000
2024-06-23 14:07:10.721,10296,190,5,100,False,0,car,0 days 01:03:56.308000,0 days 02:00:53.403000
2024-06-23 14:07:11.121,11052,206,5,100,False,0,car,0 days 01:03:56.708000,0 days 02:00:53.803000
2024-06-23 14:07:11.441,11581,218,5,100,False,0,car,0 days 01:03:57.028000,0 days 02:00:54.123000
2024-06-23 14:07:11.601,11859,221,5,100,False,0,car,0 days 01:03:57.188000,0 days 02:00:54.283000
2024-06-23 14:07:11.881,11313,228,5,100,False,0,car,0 days 01:03:57.468000,0 days 02:00:54.563000
2024-06-23 14:07:12.040,10829,232,5,100,False,0,car,0 days 01:03:57.627000,0 days 02:00:54.722000
2024-06-23 14:07:12.280,10892,237,6,100,False,0,car,0 days 01:03:57.867000,0 days 02:00:54.962000
2024-06-23 14:07:12.520,10969,240,6,100,False,0,car,0 days 01:03:58.107000,0 days 02:00:55.202000
2024-06-23 14:07:12.680,11106,241,6,100,False,0,car,0 days 01:03:58.267000,0 days 02:00:55.362000
2024-06-23 14:07:12.840,11234,241,6,100,False,0,car,0 days 01:03:58.427000,0 days 02:00:55.522000
2024-06-23 14:07:13.080,11338,246,6,100,False,0,car,0 days 01:03:58.667000,0 days 02:00:55.762000
2024-06-23 14:07:13.240,11427,249,6,100,False,0,car,0 days 01:03:58.827000,0 days 02:00:55.922000
2024-06-23 14:07:13.480,11478,251,6,100,False,0,car,0 days 01:03:59.067000,0 days 02:00:56.162000
2024-06-23 14:07:13.760,11174,245,6,0,True,0,car,0 days 01:03:59.347000,0 days 02:00:56.442000
2024-06-23 14:07:13.920,10698,237,6,0,True,0,car,0 days 01:03:59.507000,0 days 02:00:56.602000
2024-06-23 14:07:14.240,9833,199,6,0,True,0,car,0 days 01:03:59.827000,0 days 02:00:56.922000
2024-06-23 14:07:14.440,9841,182,5,0,True,0,car,0 days 01:04:00.027000,0 days 02:00:57.122000
2024-06-23 14:07:14.680,10249,170,5,0,True,0,car,0 days 01:04:00.267000,0 days 02:00:57.362000
2024-06-23 14:07:14.920,9627,165,4,0,True,0,car,0 days 01:04:00.507000,0 days 02:00:57.602000
2024-06-23 14:07:15.240,9426,153,4,0,False,0,car,0 days 01:04:00.827000,0 days 02:00:57.922000
2024-06-23 14:07:15.440,9228,148,4,0,False,0,car,0 days 01:04:01.027000,0 days 02:00:58.122000
2024-06-23 14:07:15.640,9005,146,4,0,False,0,car,0 days 01:04:01.227000,0 days 02:00:58.322000
2024-06-23 14:07:15.800,8934,145,4,0,False,0,car,0 days 01:04:01.387000,0 days 02:00:58.482000
2024-06-23 14:07:16.000,8974,140,4,19,False,0,car,0 days 01:04:01.587000,0 days 02:00:58.682000
2024-06-23 14:07:16.280,8825,139,4,42,False,0,car,0 days 01:04:01.867000,0 days 02:00:58.962000
2024-06-23 14:07:16.600,9099,140,4,56,False,0,car,0 days 01:04:02.187000,0 days 02:00:59.282000
2024-06-23 14:07:16.880,9649,146,4,76,False,0,car,0 days 01:04:02.467000,0 days 02:00:59.562000
2024-06-23 14:07:17.121,10146,152,4,80,False,0,car,0 days 01:04:02.708000,0 days 02:00:59.803000
2024-06-23 14:07:17.281,10773,160,4,100,False,0,car,0 days 01:04:02.868000,0 days 02:00:59.963000
2024-06-23 14:07:17.441,10652,168,4,100,False,0,car,0 days 01:04:03.028000,0 days 02:01:00.123000
2024-06-23 14:07:17.601,11386,173,4,100,False,0,car,0 days 01:04:03.188000,0 days 02:01:00.283000
2024-06-23 14:07:17.921,10214,183,4,100,False,0,car,0 days 01:04:03.508000,0 days 02:01:00.603000
2024-06-23 14:07:18.081,10251,189,5,100,False,0,car,0 days 01:04:03.668000,0 days 02:01:00.763000
2024-06-23 14:07:18.241,10576,196,5,100,False,0,car,0 days 01:04:03.828000,0 days 02:01:00.923000
2024-06-23 14:07:18.561,10865,205,5,100,False,0,car,0 days 01:04:04.148000,0 days 02:01:01.243000
2024-06-23 14:07:18.720,11241,206,5,100,False,0,car,0 days 01:04:04.307000,0 days 02:01:01.402000
2024-06-23 14:07:18.960,11496,214,5,100,False,0,car,0 days 01:04:04.547000,0 days 02:01:01.642000
2024-06-23 14:07:19.120,11727,217,5,100,False,0,car,0 days 01:04:04.707000,0 days 02:01:01.802000
2024-06-23 14:07:19.280,11842,222,5,100,False,0,car,0 days 01:04:04.867000,0 days 02:01:01.962000
2024-06-23 14:07:19.520,10738,226,5,100,False,0,car,0 days 01:04:05.107000,0 days 02:01:02.202000
2024-06-23 14:07:19.840,10693,232,6,100,False,0,car,0 days 01:04:05.427000,0 days 02:01:02.522000
2024-06-23 14:07:20.040,10793,236,6,100,False,0,car,0 days 01:04:05.627000,0 days 02:01:02.722000
2024-06-23 14:07:20.200,10915,238,6,100,False,0,car,0 days 01:04:05.787000,0 days 02:01:02.882000
2024-06-23 14:07:20.440,11021,240,6,100,False,0,car,0 days 01:04:06.027000,0 days 02:01:03.122000
2024-06-23 14:07:20.640,11012,241,6,100,False,0,car,0 days 01:04:06.227000,0 days 02:01:03.322000
2024-06-23 14:07:20.960,10779,235,6,0,False,0,car,0 days 01:04:06.547000,0 days 02:01:03.642000
2024-06-23 14:07:21.240,10453,227,6,0,False,0,car,0 days 01:04:06.827000,0 days 02:01:03.922000
2024-06-23 14:07:21.680,10361,224,6,72,False,0,car,0 days 01:04:07.267000,0 days 02:01:04.362000
2024-06-23 14:07:22.120,10505,225,6,77,False,0,car,0 days 01:04:07.707000,0 days 02:01:04.802000
2024-06-23 14:07:22.480,10681,229,6,100,False,0,car,0 days 01:04:08.067000,0 days 02:01:05.162000
2024-06-23 14:07:22.920,11008,233,6,100,False,0,car,0 days 01:04:08.507000,0 days 02:01:05.602000
2024-06-23 14:07:23.120,11154,239,6,100,False,0,car,0 days 01:04:08.707000,0 days 02:01:05.802000
2024-06-23 14:07:23.280,11218,242,6,100,False,0,car,0 days 01:04:08.867000,0 days 02:01:05.962000
2024-06-23 14:07:23.520,11388,244,6,100,False,0,car,0 days 01:04:09.107000,0 days 02:01:06.202000
2024-06-23 14:07:23.721,11612,248,6,100,False,0,car,0 days 01:04:09.308000,0 days 02:01:06.403000
2024-06-23 14:07:23.881,11621,251,6,100,False,0,car,0 days 01:04:09.468000,0 days 02:01:06.563000
2024-06-23 14:07:24.321,11734,257,6,100,False,0,car,0 days 01:04:09.908000,0 days 02:01:07.003000
2024-06-23 14:07:24.481,11034,261,7,100,False,0,car,0 days 01:04:10.068000,0 days 02:01:07.163000
2024-06-23 14:07:24.761,10611,264,7,100,False,0,car,0 days 01:04:10.348000,0 days 02:01:07.443000
2024-06-23 14:07:24.921,10758,265,7,100,False,0,car,0 days 01:04:10.508000,0 days 02:01:07.603000
2024-06-23 14:07:25.321,10908,271,7,100,False,0,car,0 days 01:04:10.908000,0 days 02:01:08.003000
2024-06-23 14:07:25.560,10981,274,7,100,False,0,car,0 days 01:04:11.147000,0 days 02:01:08.242000
2024-06-23 14:07:25.760,11086,276,7,100,False,0,car,0 days 01:04:11.347000,0 days 02:01:08.442000
2024-06-23 14:07:26.080,11188,279,7,100,False,0,car,0 days 01:04:11.667000,0 days 02:01:08.762000
2024-06-23 14:07:26.240,11237,282,7,100,False,0,car,0 days 01:04:11.827000,0 days 02:01:08.922000
2024-06-23 14:07:26.520,11283,282,7,100,False,0,car,0 days 01:04:12.107000,0 days 02:01:09.202000
2024-06-23 14:07:26.720,11314,283,7,100,False,0,car,0 days 01:04:12.307000,0 days 02:01:09.402000
2024-06-23 14:07:27.000,11370,283,7,100,False,0,car,0 days 01:04:12.587000,0 days 02:01:09.682000
2024-06-23 14:07:27.240,11351,284,7,100,False,0,car,0 days 01:04:12.827000,0 days 02:01:09.922000
2024-06-23 14:07:27.480,11369,284,7,100,False,0,car,0 days 01:04:13.067000,0 days 02:01:10.162000
2024-06-23 14:07:27.840,11382,284,7,100,False,0,car,0 days 01:04:13.427000,0 days 02:01:10.522000
2024-06-23 14:07:28.200,11154,285,7,29,False,0,car,0 days 01:04:13.787000,0 days 02:01:10.882000
2024-06-23 14:07:28.480,10852,274,7,0,True,0,car,0 days 01:04:14.067000,0 days 02:01:11.162000
2024-06-23 14:07:28.760,9462,239,7,0,True,0,car,0 days 01:04:14.347000,0 days 02:01:11.442000
2024-06-23 14:07:28.960,9520,217,7,0,True,0,car,0 days 01:04:14.547000,0 days 02:01:11.642000
2024-06-23 14:07:29.200,9645,198,7,0,True,0,car,0 days 01:04:14.787000,0 days 02:01:11.882000
2024-06-23 14:07:29.360,9272,178,6,0,True,0,car,0 days 01:04:14.947000,0 days 02:01:12.042000
2024-06-23 14:07:29.600,9171,172,5,0,True,0,car,0 days 01:04:15.187000,0 days 02:01:12.282000
2024-06-23 14:07:29.840,8974,148,4,0,True,0,car,0 days 01:04:15.427000,0 days 02:01:12.522000
2024-06-23 14:07:30.040,9185,140,4,0,True,0,car,0 days 01:04:15.627000,0 days 02:01:12.722000
2024-06-23 14:07:30.401,9166,130,3,0,True,0,car,0 days 01:04:15.988000,0 days 02:01:13.083000
2024-06-23 14:07:30.641,8794,121,3,0,True,0,car,0 days 01:04:16.228000,0 days 02:01:13.323000
2024-06-23 14:07:30.801,8544,119,3,0,True,0,car,0 days 01:04:16.388000,0 days 02:01:13.483000
2024-06-23 14:07:31.081,8405,114,3,0,True,0,car,0 days 01:04:16.668000,0 days 02:01:13.763000
2024-06-23 14:07:31.401,7982,110,3,0,False,0,car,0 days 01:04:16.988000,0 days 02:01:14.083000
2024-06-23 14:07:31.601,7844,106,3,0,False,0,car,0 days 01:04:17.188000,0 days 02:01:14.283000
2024-06-23 14:07:31.841,7760,103,3,0,False,0,car,0 days 01:04:17.428000,0 days 02:01:14.523000
2024-06-23 14:07:32.001,7529,102,3,2,False,0,car,0 days 01:04:17.588000,0 days 02:01:14.683000
2024-06-23 14:07:32.200,7847,101,3,32,False,0,car,0 days 01:04:17.787000,0 days 02:01:14.882000
2024-06-23 14:07:32.600,8047,105,3,44,False,0,car,0 days 01:04:18.187000,0 days 02:01:15.282000
2024-06-23 14:07:32.760,8312,108,3,47,False,0,car,0 days 01:04:18.347000,0 days 02:01:15.442000
2024-06-23 14:07:33.000,8581,108,3,52,False,0,car,0 days 01:04:18.587000,0 days 02:01:15.682000
2024-06-23 14:07:33.240,9125,118,3,57,False,0,car,0 days 01:04:18.827000,0 days 02:01:15.922000
2024-06-23 14:07:33.480,9337,123,3,64,False,0,car,0 days 01:04:19.067000,0 days 02:01:16.162000
2024-06-23 14:07:33.840,10491,136,3,72,False,0,car,0 days 01:04:19.427000,0 days 02:01:16.522000
2024-06-23 14:07:34.000,10735,140,3,78,False,0,car,0 days 01:04:19.587000,0 days 02:01:16.682000
2024-06-23 14:07:34.200,10774,148,3,82,False,0,car,0 days 01:04:19.787000,0 days 02:01:16.882000
2024-06-23 14:07:34.440,10267,158,4,86,False,0,car,0 days 01:04:20.027000,0 days 02:01:17.122000
2024-06-23 14:07:34.840,11197,171,4,100,False,0,car,0 days 01:04:20.427000,0 days 02:01:17.522000
2024-06-23 14:07:35.160,11578,185,4,100,False,0,car,0 days 01:04:20.747000,0 days 02:01:17.842000
2024-06-23 14:07:35.480,10341,193,5,100,False,0,car,0 days 01:04:21.067000,0 days 02:01:18.162000
2024-06-23 14:07:35.640,10456,193,5,100,False,0,car,0 days 01:04:21.227000,0 days 02:01:18.322000
2024-06-23 14:07:35.800,10616,193,5,100,False,0,car,0 days 01:04:21.387000,0 days 02:01:18.482000
2024-06-23 14:07:36.120,9742,192,5,0,True,0,car,0 days 01:04:21.707000,0 days 02:01:18.802000
2024-06-23 14:07:36.320,9039,180,5,0,True,0,car,0 days 01:04:21.907000,0 days 02:01:19.002000
2024-06-23 14:07:36.560,10072,165,5,0,True,0,car,0 days 01:04:22.147000,0 days 02:01:19.242000
2024-06-23 14:07:36.921,9187,156,4,0,True,0,car,0 days 01:04:22.508000,0 days 02:01:19.603000
2024-06-23 14:07:37.201,8553,143,4,0,True,0,car,0 days 01:04:22.788000,0 days 02:01:19.883000
2024-06-23 14:07:37.401,8408,143,4,0,True,0,car,0 days 01:04:22.988000,0 days 02:01:20.083000
2024-06-23 14:07:37.721,8103,133,4,0,False,0,car,0 days 01:04:23.308000,0 days 02:01:20.403000
2024-06-23 14:07:37.881,8093,133,4,0,False,0,car,0 days 01:04:23.468000,0 days 02:01:20.563000
2024-06-23 14:07:38.121,7854,126,4,0,False,0,car,0 days 01:04:23.708000,0 days 02:01:20.803000
2024-06-23 14:07:38.401,7539,122,4,0,False,0,car,0 days 01:04:23.988000,0 days 02:01:21.083000
2024-06-23 14:07:38.681,7511,121,4,0,False,0,car,0 days 01:04:24.268000,0 days 02:01:21.363000
2024-06-23 14:07:38.880,7351,117,4,8,False,0,car,0 days 01:04:24.467000,0 days 02:01:21.562000
2024-06-23 14:07:39.400,7636,118,4,41,False,0,car,0 days 01:04:24.987000,0 days 02:01:22.082000
2024-06-23 14:07:39.560,7932,120,4,47,False,0,car,0 days 01:04:25.147000,0 days 02:01:22.242000
2024-06-23 14:07:39.720,8084,121,4,49,False,0,car,0 days 01:04:25.307000,0 days 02:01:22.402000
2024-06-23 14:07:39.880,8165,124,4,51,False,0,car,0 days 01:04:25.467000,0 days 02:01:22.562000
2024-06-23 14:07:40.120,8532,128,4,61,False,0,car,0 days 01:04:25.707000,0 days 02:01:22.802000
2024-06-23 14:07:40.400,9047,135,4,65,False,0,car,0 days 01:04:25.987000,0 days 02:01:23.082000
2024-06-23 14:07:40.640,9626,141,4,74,False,0,car,0 days 01:04:26.227000,0 days 02:01:23.322000
2024-06-23 14:07:40.880,10090,149,4,82,False,0,car,0 days 01:04:26.467000,0 days 02:01:23.562000
2024-06-23 14:07:41.160,10313,159,4,83,False,0,car,0 days 01:04:26.747000,0 days 02:01:23.842000
2024-06-23 14:07:41.360,10984,168,4,100,False,0,car,0 days 01:04:26.947000,0 days 02:01:24.042000
2024-06-23 14:07:41.560,11792,177,4,100,False,0,car,0 days 01:04:27.147000,0 days 02:01:24.242000
2024-06-23 14:07:41.760,10863,185,4,100,False,0,car,0 days 01:04:27.347000,0 days 02:01:24.442000
2024-06-23 14:07:41.960,10380,192,5,100,False,0,car,0 days 01:04:27.547000,0 days 02:01:24.642000
2024-06-23 14:07:42.280,10923,202,5,100,False,0,car,0 days 01:04:27.867000,0 days 02:01:24.962000
2024-06-23 14:07:42.640,11642,215,5,100,False,0,car,0 days 01:04:28.227000,0 days 02:01:25.322000
2024-06-23 14:07:42.840,11757,215,5,100,False,0,car,0 days 01:04:28.427000,0 days 02:01:25.522000
2024-06-23 14:07:43.160,11382,226,5,100,False,0,car,0 days 01:04:28.747000,0 days 02:01:25.842000
2024-06-23 14:07:43.521,10888,232,6,84,False,0,car,0 days 01:04:29.108000,0 days 02:01:26.203000
2024-06-23 14:07:43.761,10945,235,6,100,False,0,car,0 days 01:04:29.348000,0 days 02:01:26.443000
2024-06-23 14:07:44.001,11252,235,6,91,False,0,car,0 days 01:04:29.588000,0 days 02:01:26.683000
2024-06-23 14:07:44.281,11299,243,6,94,False,0,car,0 days 01:04:29.868000,0 days 02:01:26.963000
2024-06-23 14:07:44.481,11313,246,6,100,False,0,car,0 days 01:04:30.068000,0 days 02:01:27.163000
2024-06-23 14:07:44.761,11553,250,6,100,False,0,car,0 days 01:04:30.348000,0 days 02:01:27.443000
2024-06-23 14:07:45.001,11591,250,6,100,False,0,car,0 days 01:04:30.588000,0 days 02:01:27.683000
2024-06-23 14:07:45.321,10838,254,6,100,False,0,car,0 days 01:04:30.908000,0 days 02:01:28.003000
2024-06-23 14:07:45.481,9989,255,7,100,False,0,car,0 days 01:04:31.068000,0 days 02:01:28.163000
2024-06-23 14:07:45.840,10325,256,7,100,False,0,car,0 days 01:04:31.427000,0 days 02:01:28.522000
2024-06-23 14:07:46.040,10349,258,7,100,False,0,car,0 days 01:04:31.627000,0 days 02:01:28.722000
2024-06-23 14:07:46.400,10432,262,7,100,False,0,car,0 days 01:04:31.987000,0 days 02:01:29.082000
2024-06-23 14:07:46.600,10551,262,7,100,False,0,car,0 days 01:04:32.187000,0 days 02:01:29.282000
2024-06-23 14:07:46.920,10234,260,7,0,False,0,car,0 days 01:04:32.507000,0 days 02:01:29.602000
2024-06-23 14:07:47.120,10178,255,7,0,False,0,car,0 days 01:04:32.707000,0 days 02:01:29.802000
2024-06-23 14:07:47.440,10979,248,6,1,False,0,car,0 days 01:04:33.027000,0 days 02:01:30.122000
2024-06-23 14:07:47.640,11051,241,6,30,False,0,car,0 days 01:04:33.227000,0 days 02:01:30.322000
2024-06-23 14:07:47.880,10947,239,6,74,False,0,car,0 days 01:04:33.467000,0 days 02:01:30.562000
2024-06-23 14:07:48.120,10999,238,6,82,False,0,car,0 days 01:04:33.707000,0 days 02:01:30.802000
2024-06-23 14:07:48.440,11170,242,6,100,False,0,car,0 days 01:04:34.027000,0 days 02:01:31.122000
2024-06-23 14:07:48.720,11276,245,6,100,False,0,car,0 days 01:04:34.307000,0 days 02:01:31.402000
2024-06-23 14:07:48.960,11480,246,6,100,False,0,car,0 days 01:04:34.547000,0 days 02:01:31.642000
2024-06-23 14:07:49.240,11527,250,6,100,False,0,car,0 days 01:04:34.827000,0 days 02:01:31.922000
2024-06-23 14:07:49.480,11659,252,6,100,False,0,car,0 days 01:04:35.067000,0 days 02:01:32.162000
2024-06-23 14:07:49.640,11264,254,6,100,False,0,car,0 days 01:04:35.227000,0 days 02:01:32.322000
2024-06-23 14:07:49.840,10138,257,7,100,False,0,car,0 days 01:04:35.427000,0 days 02:01:32.522000
2024-06-23 14:07:50.161,10525,260,7,100,False,0,car,0 days 01:04:35.748000,0 days 02:01:32.843000
2024-06-23 14:07:50.561,10678,263,7,100,False,0,car,0 days 01:04:36.148000,0 days 02:01:33.243000
2024-06-23 14:07:51.041,10913,272,7,100,False,0,car,0 days 01:04:36.628000,0 days 02:01:33.723000
2024-06-23 14:07:51.321,11004,273,7,100,False,0,car,0 days 01:04:36.908000,0 days 02:01:34.003000
2024-06-23 14:07:51.561,11078,276,7,100,False,0,car,0 days 01:04:37.148000,0 days 02:01:34.243000
2024-06-23 14:07:51.801,11170,278,7,100,False,0,car,0 days 01:04:37.388000,0 days 02:01:34.483000
2024-06-23 14:07:52.161,11304,281,7,100,False,0,car,0 days 01:04:37.748000,0 days 02:01:34.843000
2024-06-23 14:07:52.360,11331,282,7,100,False,0,car,0 days 01:04:37.947000,0 days 02:01:35.042000
2024-06-23 14:07:52.560,11371,284,7,100,False,0,car,0 days 01:04:38.147000,0 days 02:01:35.242000
2024-06-23 14:07:52.880,11468,286,7,100,False,0,car,0 days 01:04:38.467000,0 days 02:01:35.562000
2024-06-23 14:07:53.200,11563,288,7,100,False,0,car,0 days 01:04:38.787000,0 days 02:01:35.882000
2024-06-23 14:07:53.480,11607,289,7,100,False,0,car,0 days 01:04:39.067000,0 days 02:01:36.162000
2024-06-23 14:07:53.760,11656,292,7,100,False,0,car,0 days 01:04:39.347000,0 days 02:01:36.442000
2024-06-23 14:07:54.000,11688,292,7,100,False,0,car,0 days 01:04:39.587000,0 days 02:01:36.682000
2024-06-23 14:07:54.360,10608,293,7,100,False,0,car,0 days 01:04:39.947000,0 days 02:01:37.042000
2024-06-23 14:07:54.520,10443,293,8,100,False,0,car,0 days 01:04:40.107000,0 days 02:01:37.202000
2024-06-23 14:07:54.760,10398,294,8,100,False,0,car,0 days 01:04:40.347000,0 days 02:01:37.442000
2024-06-23 14:07:55.080,10491,295,8,100,False,0,car,0 days 01:04:40.667000,0 days 02:01:37.762000
2024-06-23 14:07:55.240,10500,295,8,100,False,0,car,0 days 01:04:40.827000,0 days 02:01:37.922000
2024-06-23 14:07:55.520,10507,295,8,100,False,0,car,0 days 01:04:41.107000,0 days 02:01:38.202000
2024-06-23 14:07:55.760,10523,296,8,100,False,0,car,0 days 01:04:41.347000,0 days 02:01:38.442000
2024-06-23 14:07:56.040,10533,296,8,100,False,0,car,0 days 01:04:41.627000,0 days 02:01:38.722000
2024-06-23 14:07:56.240,10558,296,8,100,False,0,car,0 days 01:04:41.827000,0 days 02:01:38.922000
2024-06-23 14:07:56.441,10553,297,8,100,False,0,car,0 days 01:04:42.028000,0 days 02:01:39.123000
2024-06-23 14:07:56.681,10543,296,8,100,False,0,car,0 days 01:04:42.268000,0 days 02:01:39.363000
2024-06-23 14:07:57.001,10552,296,8,100,False,0,car,0 days 01:04:42.588000,0 days 02:01:39.683000
2024-06-23 14:07:57.281,10569,297,8,100,False,0,car,0 days 01:04:42.868000,0 days 02:01:39.963000
2024-06-23 14:07:57.641,10556,297,8,100,False,0,car,0 days 01:04:43.228000,0 days 02:01:40.323000
2024-06-23 14:07:57.801,10567,297,8,100,False,0,car,0 days 01:04:43.388000,0 days 02:01:40.483000
2024-06-23 14:07:57.961,10579,297,8,100,False,0,car,0 days 01:04:43.548000,0 days 02:01:40.643000
2024-06-23 14:07:58.201,10610,297,8,100,False,0,car,0 days 01:04:43.788000,0 days 02:01:40.883000
2024-06-23 14:07:58.521,10600,299,8,100,False,0,car,0 days 01:04:44.108000,0 days 02:01:41.203000
2024-06-23 14:07:58.921,10557,298,8,100,False,0,car,0 days 01:04:44.508000,0 days 02:01:41.603000
2024-06-23 14:07:59.360,10503,295,8,100,False,0,car,0 days 01:04:44.947000,0 days 02:01:42.042000
2024-06-23 14:07:59.720,10438,294,8,100,False,0,car,0 days 01:04:45.307000,0 days 02:01:42.402000
2024-06-23 14:07:59.880,10438,293,8,100,False,0,car,0 days 01:04:45.467000,0 days 02:01:42.562000
2024-06-23 14:08:00.080,10404,294,8,100,False,0,car,0 days 01:04:45.667000,0 days 02:01:42.762000
2024-06-23 14:08:00.280,10390,293,8,100,False,0,car,0 days 01:04:45.867000,0 days 02:01:42.962000
2024-06-23 14:08:00.440,10320,293,8,100,False,0,car,0 days 01:04:46.027000,0 days 02:01:43.122000
2024-06-23 14:08:00.760,10288,289,8,100,False,0,car,0 days 01:04:46.347000,0 days 02:01:43.442000
2024-06-23 14:08:01.080,9799,287,8,13,False,0,car,0 days 01:04:46.667000,0 days 02:01:43.762000
2024-06-23 14:08:01.280,9783,277,8,0,True,0,car,0 days 01:04:46.867000,0 days 02:01:43.962000
2024-06-23 14:08:01.440,8973,257,8,0,True,0,car,0 days 01:04:47.027000,0 days 02:01:44.122000
2024-06-23 14:08:01.800,8783,220,7,0,True,0,car,0 days 01:04:47.387000,0 days 02:01:44.482000
2024-06-23 14:08:02.160,9148,183,7,0,True,0,car,0 days 01:04:47.747000,0 days 02:01:44.842000
2024-06-23 14:08:02.320,8885,175,6,0,True,0,car,0 days 01:04:47.907000,0 days 02:01:45.002000
2024-06-23 14:08:02.600,9438,167,5,0,True,0,car,0 days 01:04:48.187000,0 days 02:01:45.282000
2024-06-23 14:08:02.800,9584,157,4,0,True,0,car,0 days 01:04:48.387000,0 days 02:01:45.482000
2024-06-23 14:08:03.041,9310,152,4,0,True,0,car,0 days 01:04:48.628000,0 days 02:01:45.723000
2024-06-23 14:08:03.401,9123,147,4,4,False,0,car,0 days 01:04:48.988000,0 days 02:01:46.083000
2024-06-23 14:08:03.681,8855,142,4,31,False,0,car,0 days 01:04:49.268000,0 days 02:01:46.363000
2024-06-23 14:08:04.001,9137,142,4,51,False,0,car,0 days 01:04:49.588000,0 days 02:01:46.683000
2024-06-23 14:08:04.161,9386,145,4,71,False,0,car,0 days 01:04:49.748000,0 days 02:01:46.843000
2024-06-23 14:08:04.561,9930,153,4,78,False,0,car,0 days 01:04:50.148000,0 days 02:01:47.243000
2024-06-23 14:08:04.721,10055,156,4,78,False,0,car,0 days 01:04:50.308000,0 days 02:01:47.403000
2024-06-23 14:08:05.081,9903,171,4,69,False,0,car,0 days 01:04:50.668000,0 days 02:01:47.763000
2024-06-23 14:08:05.281,9192,170,5,59,False,0,car,0 days 01:04:50.868000,0 days 02:01:47.963000
2024-06-23 14:08:05.641,9342,173,5,63,False,0,car,0 days 01:04:51.228000,0 days 02:01:48.323000
2024-06-23 14:08:05.840,9509,176,5,72,False,0,car,0 days 01:04:51.427000,0 days 02:01:48.522000
2024-06-23 14:08:06.040,9675,179,5,73,False,0,car,0 days 01:04:51.627000,0 days 02:01:48.722000
2024-06-23 14:08:06.360,10024,182,5,84,False,0,car,0 days 01:04:51.947000,0 days 02:01:49.042000
2024-06-23 14:08:06.520,10315,187,5,88,False,0,car,0 days 01:04:52.107000,0 days 02:01:49.202000
2024-06-23 14:08:06.680,10435,194,5,100,False,0,car,0 days 01:04:52.267000,0 days 02:01:49.362000
2024-06-23 14:08:07.040,10942,204,5,100,False,0,car,0 days 01:04:52.627000,0 days 02:01:49.722000
2024-06-23 14:08:07.400,11458,212,5,100,False,0,car,0 days 01:04:52.987000,0 days 02:01:50.082000
2024-06-23 14:08:07.600,11458,219,5,100,False,0,car,0 days 01:04:53.187000,0 days 02:01:50.282000
2024-06-23 14:08:07.960,10433,225,6,85,False,0,car,0 days 01:04:53.547000,0 days 02:01:50.642000
2024-06-23 14:08:08.240,10300,229,6,80,False,0,car,0 days 01:04:53.827000,0 days 02:01:50.922000
2024-06-23 14:08:08.640,9805,218,6,0,False,0,car,0 days 01:04:54.227000,0 days 02:01:51.322000
2024-06-23 14:08:08.800,9724,216,6,0,False,0,car,0 days 01:04:54.387000,0 days 02:01:51.482000
2024-06-23 14:08:09.000,9912,211,6,44,False,0,car,0 days 01:04:54.587000,0 days 02:01:51.682000
2024-06-23 14:08:09.240,9761,209,6,69,False,0,car,0 days 01:04:54.827000,0 days 02:01:51.922000
2024-06-23 14:08:09.440,9716,211,6,74,False,0,car,0 days 01:04:55.027000,0 days 02:01:52.122000
2024-06-23 14:08:09.641,9995,215,6,100,False,0,car,0 days 01:04:55.228000,0 days 02:01:52.323000
2024-06-23 14:08:09.881,10175,219,6,100,False,0,car,0 days 01:04:55.468000,0 days 02:01:52.563000
2024-06-23 14:08:10.041,10326,222,6,99,False,0,car,0 days 01:04:55.628000,0 days 02:01:52.723000
2024-06-23 14:08:10.321,10635,228,6,97,False,0,car,0 days 01:04:55.908000,0 days 02:01:53.003000
2024-06-23 14:08:10.481,10699,231,6,93,False,0,car,0 days 01:04:56.068000,0 days 02:01:53.163000
2024-06-23 14:08:10.721,10872,233,6,99,False,0,car,0 days 01:04:56.308000,0 days 02:01:53.403000
2024-06-23 14:08:11.121,11130,240,6,100,False,0,car,0 days 01:04:56.708000,0 days 02:01:53.803000
2024-06-23 14:08:11.361,11230,243,6,100,False,0,car,0 days 01:04:56.948000,0 days 02:01:54.043000
2024-06-23 14:08:11.601,11424,247,6,100,False,0,car,0 days 01:04:57.188000,0 days 02:01:54.283000
2024-06-23 14:08:11.961,11570,252,6,100,False,0,car,0 days 01:04:57.548000,0 days 02:01:54.643000
2024-06-23 14:08:12.201,11753,252,6,100,False,0,car,0 days 01:04:57.788000,0 days 02:01:54.883000
2024-06-23 14:08:12.520,10536,257,7,100,False,0,car,0 days 01:04:58.107000,0 days 02:01:55.202000
2024-06-23 14:08:12.720,10458,260,7,100,False,0,car,0 days 01:04:58.307000,0 days 02:01:55.402000
2024-06-23 14:08:12.960,10595,264,7,100,False,0,car,0 days 01:04:58.547000,0 days 02:01:55.642000
2024-06-23 14:08:13.120,10725,265,7,100,False,0,car,0 days 01:04:58.707000,0 days 02:01:55.802000
2024-06-23 14:08:13.360,10801,268,7,100,False,0,car,0 days 01:04:58.947000,0 days 02:01:56.042000
2024-06-23 14:08:13.560,10875,271,7,100,False,0,car,0 days 01:04:59.147000,0 days 02:01:56.242000
2024-06-23 14:08:13.840,10932,272,7,100,False,0,car,0 days 01:04:59.427000,0 days 02:01:56.522000
2024-06-23 14:08:14.160,11012,274,7,100,False,0,car,0 days 01:04:59.747000,0 days 02:01:56.842000
2024-06-23 14:08:14.320,11050,274,7,100,False,0,car,0 days 01:04:59.907000,0 days 02:01:57.002000
2024-06-23 14:08:14.600,11067,276,7,100,False,0,car,0 days 01:05:00.187000,0 days 02:01:57.282000
2024-06-23 14:08:14.840,11117,277,7,100,False,0,car,0 days 01:05:00.427000,0 days 02:01:57.522000
2024-06-23 14:08:15.280,11125,279,7,100,False,0,car,0 days 01:05:00.867000,0 days 02:01:57.962000
2024-06-23 14:08:15.520,10723,276,7,0,False,0,car,0 days 01:05:01.107000,0 days 02:01:58.202000
2024-06-23 14:08:15.760,10490,266,7,0,True,0,car,0 days 01:05:01.347000,0 days 02:01:58.442000
2024-06-23 14:08:15.920,10037,258,7,0,True,0,car,0 days 01:05:01.507000,0 days 02:01:58.602000
2024-06-23 14:08:16.241,9521,220,7,0,True,0,car,0 days 01:05:01.828000,0 days 02:01:58.923000
2024-06-23 14:08:16.441,9052,202,7,0,True,0,car,0 days 01:05:02.028000,0 days 02:01:59.123000
2024-06-23 14:08:16.721,9576,195,6,0,True,0,car,0 days 01:05:02.308000,0 days 02:01:59.403000
2024-06-23 14:08:17.121,9605,173,5,0,True,0,car,0 days 01:05:02.708000,0 days 02:01:59.803000
2024-06-23 14:08:17.521,9663,159,4,0,True,0,car,0 days 01:05:03.108000,0 days 02:02:00.203000
2024-06-23 14:08:17.681,9501,153,4,0,True,0,car,0 days 01:05:03.268000,0 days 02:02:00.363000
2024-06-23 14:08:17.961,9067,146,4,0,True,0,car,0 days 01:05:03.548000,0 days 02:02:00.643000
2024-06-23 14:08:18.161,8840,142,4,0,True,0,car,0 days 01:05:03.748000,0 days 02:02:00.843000
2024-06-23 14:08:18.321,8713,139,4,0,True,0,car,0 days 01:05:03.908000,0 days 02:02:01.003000
2024-06-23 14:08:18.761,8429,133,4,1,False,0,car,0 days 01:05:04.348000,0 days 02:02:01.443000
2024-06-23 14:08:19.001,8548,132,4,51,False,0,car,0 days 01:05:04.588000,0 days 02:02:01.683000
2024-06-23 14:08:19.200,8788,135,4,56,False,0,car,0 days 01:05:04.787000,0 days 02:02:01.882000
2024-06-23 14:08:19.520,9157,138,4,65,False,0,car,0 days 01:05:05.107000,0 days 02:02:02.202000
2024-06-23 14:08:19.800,9591,147,4,73,False,0,car,0 days 01:05:05.387000,0 days 02:02:02.482000
2024-06-23 14:08:19.960,9894,153,4,80,False,0,car,0 days 01:05:05.547000,0 days 02:02:02.642000
2024-06-23 14:08:20.120,10302,156,4,84,False,0,car,0 days 01:05:05.707000,0 days 02:02:02.802000
2024-06-23 14:08:20.320,10800,162,4,91,False,0,car,0 days 01:05:05.907000,0 days 02:02:03.002000
2024-06-23 14:08:20.560,11255,174,4,100,False,0,car,0 days 01:05:06.147000,0 days 02:02:03.242000
2024-06-23 14:08:20.760,11200,181,4,100,False,0,car,0 days 01:05:06.347000,0 days 02:02:03.442000
2024-06-23 14:08:20.920,10220,181,5,100,False,0,car,0 days 01:05:06.507000,0 days 02:02:03.602000
2024-06-23 14:08:21.120,10457,191,5,100,False,0,car,0 days 01:05:06.707000,0 days 02:02:03.802000
2024-06-23 14:08:21.480,10860,201,5,100,False,0,car,0 days 01:05:07.067000,0 days 02:02:04.162000
2024-06-23 14:08:21.720,11244,207,5,100,False,0,car,0 days 01:05:07.307000,0 days 02:02:04.402000
2024-06-23 14:08:22.080,11596,216,5,100,False,0,car,0 days 01:05:07.667000,0 days 02:02:04.762000
2024-06-23 14:08:22.440,10609,225,6,100,False,0,car,0 days 01:05:08.027000,0 days 02:02:05.122000
2024-06-23 14:08:22.881,10598,231,6,100,False,0,car,0 days 01:05:08.468000,0 days 02:02:05.563000
2024-06-23 14:08:23.201,10817,235,6,100,False,0,car,0 days 01:05:08.788000,0 days 02:02:05.883000
2024-06-23 14:08:23.481,10874,238,6,100,False,0,car,0 days 01:05:09.068000,0 days 02:02:06.163000
2024-06-23 14:08:23.761,11347,237,6,0,True,0,car,0 days 01:05:09.348000,0 days 02:02:06.443000
2024-06-23 14:08:23.961,10227,220,6,0,True,0,car,0 days 01:05:09.548000,0 days 02:02:06.643000
2024-06-23 14:08:24.241,9605,199,6,0,True,0,car,0 days 01:05:09.828000,0 days 02:02:06.923000
2024-06-23 14:08:24.401,9745,188,6,0,True,0,car,0 days 01:05:09.988000,0 days 02:02:07.083000
2024-06-23 14:08:24.721,9821,157,4,0,True,0,car,0 days 01:05:10.308000,0 days 02:02:07.403000
2024-06-23 14:08:24.961,10042,141,3,0,True,0,car,0 days 01:05:10.548000,0 days 02:02:07.643000
2024-06-23 14:08:25.161,9477,132,3,0,True,0,car,0 days 01:05:10.748000,0 days 02:02:07.843000
2024-06-23 14:08:25.601,8629,119,3,0,True,0,car,0 days 01:05:11.188000,0 days 02:02:08.283000
2024-06-23 14:08:25.881,8053,110,3,0,True,0,car,0 days 01:05:11.468000,0 days 02:02:08.563000
2024-06-23 14:08:26.080,7756,108,3,0,True,0,car,0 days 01:05:11.667000,0 days 02:02:08.762000
2024-06-23 14:08:26.400,7317,101,3,0,True,0,car,0 days 01:05:11.987000,0 days 02:02:09.082000
2024-06-23 14:08:26.760,7226,97,3,0,False,0,car,0 days 01:05:12.347000,0 days 02:02:09.442000
2024-06-23 14:08:27.240,7432,97,3,32,False,0,car,0 days 01:05:12.827000,0 days 02:02:09.922000
2024-06-23 14:08:27.480,7674,100,3,42,False,0,car,0 days 01:05:13.067000,0 days 02:02:10.162000
2024-06-23 14:08:27.800,8288,106,3,50,False,0,car,0 days 01:05:13.387000,0 days 02:02:10.482000
2024-06-23 14:08:28.000,8557,111,3,57,False,0,car,0 days 01:05:13.587000,0 days 02:02:10.682000
2024-06-23 14:08:28.160,9088,117,3,64,False,0,car,0 days 01:05:13.747000,0 days 02:02:10.842000
2024-06-23 14:08:28.360,9657,121,3,73,False,0,car,0 days 01:05:13.947000,0 days 02:02:11.042000
2024-06-23 14:08:28.560,10403,133,3,82,False,0,car,0 days 01:05:14.147000,0 days 02:02:11.242000
2024-06-23 14:08:28.800,11285,137,3,100,False,0,car,0 days 01:05:14.387000,0 days 02:02:11.482000
2024-06-23 14:08:29.160,10814,161,4,100,False,0,car,0 days 01:05:14.747000,0 days 02:02:11.842000
2024-06-23 14:08:29.361,10944,173,4,100,False,0,car,0 days 01:05:14.948000,0 days 02:02:12.043000
2024-06-23 14:08:29.641,10843,184,4,100,False,0,car,0 days 01:05:15.228000,0 days 02:02:12.323000
2024-06-23 14:08:29.841,10362,192,4,100,False,0,car,0 days 01:05:15.428000,0 days 02:02:12.523000
2024-06-23 14:08:30.001,10387,196,5,100,False,0,car,0 days 01:05:15.588000,0 days 02:02:12.683000
2024-06-23 14:08:30.321,11189,207,5,100,False,0,car,0 days 01:05:15.908000,0 days 02:02:13.003000
2024-06-23 14:08:30.641,11496,215,5,100,False,0,car,0 days 01:05:16.228000,0 days 02:02:13.323000
2024-06-23 14:08:30.841,11886,222,5,100,False,0,car,0 days 01:05:16.428000,0 days 02:02:13.523000
2024-06-23 14:08:31.321,10840,234,6,100,False,0,car,0 days 01:05:16.908000,0 days 02:02:14.003000
2024-06-23 14:08:31.681,11038,241,6,100,False,0,car,0 days 01:05:17.268000,0 days 02:02:14.363000
2024-06-23 14:08:31.841,11172,242,6,100,False,0,car,0 days 01:05:17.428000,0 days 02:02:14.523000
2024-06-23 14:08:32.001,11275,245,6,100,False,0,car,0 days 01:05:17.588000,0 days 02:02:14.683000
2024-06-23 14:08:32.281,11350,247,6,100,False,0,car,0 days 01:05:17.868000,0 days 02:02:14.963000
2024-06-23 14:08:32.481,11423,250,6,100,False,0,car,0 days 01:05:18.068000,0 days 02:02:15.163000
2024-06-23 14:08:33.000,11033,244,6,0,True,0,car,0 days 01:05:18.587000,0 days 02:02:15.682000
2024-06-23 14:08:33.360,9341,207,6,0,True,0,car,0 days 01:05:18.947000,0 days 02:02:16.042000
2024-06-23 14:08:33.760,9204,183,5,0,True,0,car,0 days 01:05:19.347000,0 days 02:02:16.442000
2024-06-23 14:08:33.960,9434,166,5,0,True,0,car,0 days 01:05:19.547000,0 days 02:02:16.642000
2024-06-23 14:08:34.200,9561,157,4,0,True,0,car,0 days 01:05:19.787000,0 days 02:02:16.882000
2024-06-23 14:08:34.440,9442,151,4,0,True,0,car,0 days 01:05:20.027000,0 days 02:02:17.122000
2024-06-23 14:08:34.720,9061,146,4,0,False,0,car,0 days 01:05:20.307000,0 days 02:02:17.402000
2024-06-23 14:08:34.880,9043,144,4,0,False,0,car,0 days 01:05:20.467000,0 days 02:02:17.562000
2024-06-23 14:08:35.280,8788,138,4,27,False,0,car,0 days 01:05:20.867000,0 days 02:02:17.962000
2024-06-23 14:08:35.560,8972,138,4,49,False,0,car,0 days 01:05:21.147000,0 days 02:02:18.242000
2024-06-23 14:08:35.840,9121,139,4,55,False,0,car,0 days 01:05:21.427000,0 days 02:02:18.522000
2024-06-23 14:08:36.081,9480,145,4,76,False,0,car,0 days 01:05:21.668000,0 days 02:02:18.763000
2024-06-23 14:08:36.481,10263,159,4,100,False,0,car,0 days 01:05:22.068000,0 days 02:02:19.163000
2024-06-23 14:08:36.641,10660,169,4,100,False,0,car,0 days 01:05:22.228000,0 days 02:02:19.323000
2024-06-23 14:08:37.001,11528,179,4,100,False,0,car,0 days 01:05:22.588000,0 days 02:02:19.683000
2024-06-23 14:08:37.201,10548,186,5,100,False,0,car,0 days 01:05:22.788000,0 days 02:02:19.883000
2024-06-23 14:08:37.401,10394,192,5,100,False,0,car,0 days 01:05:22.988000,0 days 02:02:20.083000
2024-06-23 14:08:37.761,10976,204,5,100,False,0,car,0 days 01:05:23.348000,0 days 02:02:20.443000
2024-06-23 14:08:38.081,11390,209,5,100,False,0,car,0 days 01:05:23.668000,0 days 02:02:20.763000
2024-06-23 14:08:38.401,11886,220,5,100,False,0,car,0 days 01:05:23.988000,0 days 02:02:21.083000
2024-06-23 14:08:38.721,10550,227,6,100,False,0,car,0 days 01:05:24.308000,0 days 02:02:21.403000
2024-06-23 14:08:39.041,10746,232,6,100,False,0,car,0 days 01:05:24.628000,0 days 02:02:21.723000
2024-06-23 14:08:39.400,10866,239,6,100,False,0,car,0 days 01:05:24.987000,0 days 02:02:22.082000
2024-06-23 14:08:39.680,11038,241,6,100,False,0,car,0 days 01:05:25.267000,0 days 02:02:22.362000
2024-06-23 14:08:40.800,10444,224,6,62,False,0,car,0 days 01:05:26.387000,0 days 02:02:23.482000
2024-06-23 14:08:41.000,10259,223,6,63,False,0,car,0 days 01:05:26.587000,0 days 02:02:23.682000
2024-06-23 14:08:41.280,10401,223,6,83,False,0,car,0 days 01:05:26.867000,0 days 02:02:23.962000
2024-06-23 14:08:41.440,10657,225,6,85,False,0,car,0 days 01:05:27.027000,0 days 02:02:24.122000
2024-06-23 14:08:41.680,10691,225,6,100,False,0,car,0 days 01:05:27.267000,0 days 02:02:24.362000
2024-06-23 14:08:41.880,10792,232,6,100,False,0,car,0 days 01:05:27.467000,0 days 02:02:24.562000
2024-06-23 14:08:42.080,10856,234,6,100,False,0,car,0 days 01:05:27.667000,0 days 02:02:24.762000
2024-06-23 14:08:42.400,11102,241,6,100,False,0,car,0 days 01:05:27.987000,0 days 02:02:25.082000
2024-06-23 14:08:42.681,11352,244,6,100,False,0,car,0 days 01:05:28.268000,0 days 02:02:25.363000
2024-06-23 14:08:42.961,11418,250,6,100,False,0,car,0 days 01:05:28.548000,0 days 02:02:25.643000
2024-06-23 14:08:43.161,11678,253,6,100,False,0,car,0 days 01:05:28.748000,0 days 02:02:25.843000
2024-06-23 14:08:43.321,11749,254,6,100,False,0,car,0 days 01:05:28.908000,0 days 02:02:26.003000
2024-06-23 14:08:43.521,10769,257,6,100,False,0,car,0 days 01:05:29.108000,0 days 02:02:26.203000
2024-06-23 14:08:43.841,10557,262,7,100,False,0,car,0 days 01:05:29.428000,0 days 02:02:26.523000
2024-06-23 14:08:44.041,10636,266,7,100,False,0,car,0 days 01:05:29.628000,0 days 02:02:26.723000
2024-06-23 14:08:44.481,10870,270,7,100,False,0,car,0 days 01:05:30.068000,0 days 02:02:27.163000
2024-06-23 14:08:44.721,11001,274,7,100,False,0,car,0 days 01:05:30.308000,0 days 02:02:27.403000
2024-06-23 14:08:44.881,11029,275,7,100,False,0,car,0 days 01:05:30.468000,0 days 02:02:27.563000
2024-06-23 14:08:45.161,11103,278,7,100,False,0,car,0 days 01:05:30.748000,0 days 02:02:27.843000
2024-06-23 14:08:45.521,11263,280,7,100,False,0,car,0 days 01:05:31.108000,0 days 02:02:28.203000
2024-06-23 14:08:45.681,11270,281,7,100,False,0,car,0 days 01:05:31.268000,0 days 02:02:28.363000
2024-06-23 14:08:46.160,11352,284,7,100,False,0,car,0 days 01:05:31.747000,0 days 02:02:28.842000
2024-06-23 14:08:46.360,11351,284,7,100,False,0,car,0 days 01:05:31.947000,0 days 02:02:29.042000
2024-06-23 14:08:46.560,11371,284,7,100,False,0,car,0 days 01:05:32.147000,0 days 02:02:29.242000
2024-06-23 14:08:46.800,11405,285,7,100,False,0,car,0 days 01:05:32.387000,0 days 02:02:29.482000
2024-06-23 14:08:47.000,11388,284,7,100,False,0,car,0 days 01:05:32.587000,0 days 02:02:29.682000
2024-06-23 14:08:47.240,11349,284,7,100,False,0,car,0 days 01:05:32.827000,0 days 02:02:29.922000
2024-06-23 14:08:47.440,11097,284,7,59,False,0,car,0 days 01:05:33.027000,0 days 02:02:30.122000
2024-06-23 14:08:47.640,11066,275,7,0,True,0,car,0 days 01:05:33.227000,0 days 02:02:30.322000
2024-06-23 14:08:47.960,9650,246,7,0,True,0,car,0 days 01:05:33.547000,0 days 02:02:30.642000
2024-06-23 14:08:48.320,9156,211,6,0,True,0,car,0 days 01:05:33.907000,0 days 02:02:31.002000
2024-06-23 14:08:48.640,8930,173,5,0,True,0,car,0 days 01:05:34.227000,0 days 02:02:31.322000
2024-06-23 14:08:49.040,9241,150,4,0,True,0,car,0 days 01:05:34.627000,0 days 02:02:31.722000
2024-06-23 14:08:49.441,9556,135,4,0,True,0,car,0 days 01:05:35.028000,0 days 02:02:32.123000
2024-06-23 14:08:49.841,8734,122,3,0,True,0,car,0 days 01:05:35.428000,0 days 02:02:32.523000
2024-06-23 14:08:50.081,8410,116,3,0,True,0,car,0 days 01:05:35.668000,0 days 02:02:32.763000
2024-06-23 14:08:50.361,7842,109,3,0,True,0,car,0 days 01:05:35.948000,0 days 02:02:33.043000
2024-06-23 14:08:50.761,7731,104,3,0,False,0,car,0 days 01:05:36.348000,0 days 02:02:33.443000
2024-06-23 14:08:51.081,7483,101,3,0,False,0,car,0 days 01:05:36.668000,0 days 02:02:33.763000
2024-06-23 14:08:51.401,7672,100,3,29,False,0,car,0 days 01:05:36.988000,0 days 02:02:34.083000
2024-06-23 14:08:51.561,7637,100,3,35,False,0,car,0 days 01:05:37.148000,0 days 02:02:34.243000
2024-06-23 14:08:51.801,8023,103,3,44,False,0,car,0 days 01:05:37.388000,0 days 02:02:34.483000
2024-06-23 14:08:52.081,8272,108,3,53,False,0,car,0 days 01:05:37.668000,0 days 02:02:34.763000
2024-06-23 14:08:52.361,8962,116,3,60,False,0,car,0 days 01:05:37.948000,0 days 02:02:35.043000
2024-06-23 14:08:52.561,9336,121,3,64,False,0,car,0 days 01:05:38.148000,0 days 02:02:35.243000
2024-06-23 14:08:52.761,9059,126,3,69,False,0,car,0 days 01:05:38.348000,0 days 02:02:35.443000
2024-06-23 14:08:53.120,9117,136,4,77,False,0,car,0 days 01:05:38.707000,0 days 02:02:35.802000
2024-06-23 14:08:53.280,9459,144,4,84,False,0,car,0 days 01:05:38.867000,0 days 02:02:35.962000
2024-06-23 14:08:53.600,9983,155,4,86,False,0,car,0 days 01:05:39.187000,0 days 02:02:36.282000
2024-06-23 14:08:53.920,11039,168,4,100,False,0,car,0 days 01:05:39.507000,0 days 02:02:36.602000
2024-06-23 14:08:54.360,11869,186,4,100,False,0,car,0 days 01:05:39.947000,0 days 02:02:37.042000
2024-06-23 14:08:54.760,10546,197,5,100,False,0,car,0 days 01:05:40.347000,0 days 02:02:37.442000
2024-06-23 14:08:54.960,10592,200,5,100,False,0,car,0 days 01:05:40.547000,0 days 02:02:37.642000
2024-06-23 14:08:55.280,10027,192,5,0,True,0,car,0 days 01:05:40.867000,0 days 02:02:37.962000
2024-06-23 14:08:55.480,9293,181,5,0,True,0,car,0 days 01:05:41.067000,0 days 02:02:38.162000
2024-06-23 14:08:55.761,10170,167,5,0,True,0,car,0 days 01:05:41.348000,0 days 02:02:38.443000
2024-06-23 14:08:56.161,9057,152,4,0,True,0,car,0 days 01:05:41.748000,0 days 02:02:38.843000
2024-06-23 14:08:56.401,8572,142,4,0,True,0,car,0 days 01:05:41.988000,0 days 02:02:39.083000
2024-06-23 14:08:56.801,8119,131,4,0,True,0,car,0 days 01:05:42.388000,0 days 02:02:39.483000
2024-06-23 14:08:57.001,8088,128,4,0,False,0,car,0 days 01:05:42.588000,0 days 02:02:39.683000
2024-06-23 14:08:57.241,7796,125,4,0,False,0,car,0 days 01:05:42.828000,0 days 02:02:39.923000
2024-06-23 14:08:57.601,7513,121,4,0,False,0,car,0 days 01:05:43.188000,0 days 02:02:40.283000
2024-06-23 14:08:58.001,7565,116,4,23,False,0,car,0 days 01:05:43.588000,0 days 02:02:40.683000
2024-06-23 14:08:58.281,7649,117,4,41,False,0,car,0 days 01:05:43.868000,0 days 02:02:40.963000
2024-06-23 14:08:59.321,8801,130,4,60,False,0,car,0 days 01:05:44.908000,0 days 02:02:42.003000
2024-06-23 14:08:59.560,9023,138,4,60,False,0,car,0 days 01:05:45.147000,0 days 02:02:42.242000
2024-06-23 14:08:59.760,9263,142,4,72,False,0,car,0 days 01:05:45.347000,0 days 02:02:42.442000
2024-06-23 14:08:59.920,9534,145,4,73,False,0,car,0 days 01:05:45.507000,0 days 02:02:42.602000
2024-06-23 14:09:00.200,10184,156,4,87,False,0,car,0 days 01:05:45.787000,0 days 02:02:42.882000
2024-06-23 14:09:00.360,10717,162,4,93,False,0,car,0 days 01:05:45.947000,0 days 02:02:43.042000
2024-06-23 14:09:00.640,11032,175,4,100,False,0,car,0 days 01:05:46.227000,0 days 02:02:43.322000
2024-06-23 14:09:00.960,9973,186,5,100,False,0,car,0 days 01:05:46.547000,0 days 02:02:43.642000
2024-06-23 14:09:01.240,10708,194,5,100,False,0,car,0 days 01:05:46.827000,0 days 02:02:43.922000
2024-06-23 14:09:01.600,11135,208,5,100,False,0,car,0 days 01:05:47.187000,0 days 02:02:44.282000
2024-06-23 14:09:01.880,11462,216,5,100,False,0,car,0 days 01:05:47.467000,0 days 02:02:44.562000
2024-06-23 14:09:02.160,10687,223,6,100,False,0,car,0 days 01:05:47.747000,0 days 02:02:44.842000
2024-06-23 14:09:02.521,10731,230,6,94,False,0,car,0 days 01:05:48.108000,0 days 02:02:45.203000
2024-06-23 14:09:02.681,10839,234,6,92,False,0,car,0 days 01:05:48.268000,0 days 02:02:45.363000
2024-06-23 14:09:03.121,11219,240,6,91,False,0,car,0 days 01:05:48.708000,0 days 02:02:45.803000
2024-06-23 14:09:03.361,11360,244,6,100,False,0,car,0 days 01:05:48.948000,0 days 02:02:46.043000
2024-06-23 14:09:03.521,11286,244,6,86,False,0,car,0 days 01:05:49.108000,0 days 02:02:46.203000
2024-06-23 14:09:03.761,11478,247,6,100,False,0,car,0 days 01:05:49.348000,0 days 02:02:46.443000
2024-06-23 14:09:03.921,11540,247,6,100,False,0,car,0 days 01:05:49.508000,0 days 02:02:46.603000
2024-06-23 14:09:04.081,11608,252,6,100,False,0,car,0 days 01:05:49.668000,0 days 02:02:46.763000
2024-06-23 14:09:04.321,11647,252,6,100,False,0,car,0 days 01:05:49.908000,0 days 02:02:47.003000
2024-06-23 14:09:04.801,10509,255,7,100,False,0,car,0 days 01:05:50.388000,0 days 02:02:47.483000
2024-06-23 14:09:05.041,10337,258,7,100,False,0,car,0 days 01:05:50.628000,0 days 02:02:47.723000
2024-06-23 14:09:05.361,10432,260,7,100,False,0,car,0 days 01:05:50.948000,0 days 02:02:48.043000
2024-06-23 14:09:05.521,10450,261,7,100,False,0,car,0 days 01:05:51.108000,0 days 02:02:48.203000
2024-06-23 14:09:05.761,10549,262,7,100,False,0,car,0 days 01:05:51.348000,0 days 02:02:48.443000
2024-06-23 14:09:06.081,9950,260,7,0,False,0,car,0 days 01:05:51.668000,0 days 02:02:48.763000
2024-06-23 14:09:06.400,11253,252,7,0,False,0,car,0 days 01:05:51.987000,0 days 02:02:49.082000
2024-06-23 14:09:06.560,11201,247,6,9,False,0,car,0 days 01:05:52.147000,0 days 02:02:49.242000
2024-06-23 14:09:06.720,11175,246,6,55,False,0,car,0 days 01:05:52.307000,0 days 02:02:49.402000
2024-06-23 14:09:06.880,10981,242,6,64,False,0,car,0 days 01:05:52.467000,0 days 02:02:49.562000
2024-06-23 14:09:07.240,11224,242,6,83,False,0,car,0 days 01:05:52.827000,0 days 02:02:49.922000
2024-06-23 14:09:07.440,11225,241,6,83,False,0,car,0 days 01:05:53.027000,0 days 02:02:50.122000
2024-06-23 14:09:07.600,11367,243,6,100,False,0,car,0 days 01:05:53.187000,0 days 02:02:50.282000
2024-06-23 14:09:08.040,11477,249,6,100,False,0,car,0 days 01:05:53.627000,0 days 02:02:50.722000
2024-06-23 14:09:08.240,11559,251,6,100,False,0,car,0 days 01:05:53.827000,0 days 02:02:50.922000
2024-06-23 14:09:08.520,11632,252,6,100,False,0,car,0 days 01:05:54.107000,0 days 02:02:51.202000
2024-06-23 14:09:08.881,11141,256,6,100,False,0,car,0 days 01:05:54.468000,0 days 02:02:51.563000
2024-06-23 14:09:09.081,10603,260,7,100,False,0,car,0 days 01:05:54.668000,0 days 02:02:51.763000
2024-06-23 14:09:09.281,10528,262,7,100,False,0,car,0 days 01:05:54.868000,0 days 02:02:51.963000
2024-06-23 14:09:09.681,10698,266,7,100,False,0,car,0 days 01:05:55.268000,0 days 02:02:52.363000
2024-06-23 14:09:09.841,10765,269,7,100,False,0,car,0 days 01:05:55.428000,0 days 02:02:52.523000
2024-06-23 14:09:10.041,10874,270,7,100,False,0,car,0 days 01:05:55.628000,0 days 02:02:52.723000
2024-06-23 14:09:10.201,10919,270,7,100,False,0,car,0 days 01:05:55.788000,0 days 02:02:52.883000
2024-06-23 14:09:10.441,11017,274,7,100,False,0,car,0 days 01:05:56.028000,0 days 02:02:53.123000
2024-06-23 14:09:10.601,11049,275,7,100,False,0,car,0 days 01:05:56.188000,0 days 02:02:53.283000
2024-06-23 14:09:10.961,11152,278,7,100,False,0,car,0 days 01:05:56.548000,0 days 02:02:53.643000
2024-06-23 14:09:11.241,11231,281,7,100,False,0,car,0 days 01:05:56.828000,0 days 02:02:53.923000
2024-06-23 14:09:11.481,11273,282,7,100,False,0,car,0 days 01:05:57.068000,0 days 02:02:54.163000
2024-06-23 14:09:11.881,11399,284,7,100,False,0,car,0 days 01:05:57.468000,0 days 02:02:54.563000
2024-06-23 14:09:12.201,11429,286,7,100,False,0,car,0 days 01:05:57.788000,0 days 02:02:54.883000
2024-06-23 14:09:12.561,11515,288,7,100,False,0,car,0 days 01:05:58.148000,0 days 02:02:55.243000
2024-06-23 14:09:12.881,11546,290,7,100,False,0,car,0 days 01:05:58.468000,0 days 02:02:55.563000
2024-06-23 14:09:13.120,11598,290,7,100,False,0,car,0 days 01:05:58.707000,0 days 02:02:55.802000
2024-06-23 14:09:13.480,11670,291,7,100,False,0,car,0 days 01:05:59.067000,0 days 02:02:56.162000
2024-06-23 14:09:13.760,11728,293,7,100,False,0,car,0 days 01:05:59.347000,0 days 02:02:56.442000
2024-06-23 14:09:14.120,10588,294,8,100,False,0,car,0 days 01:05:59.707000,0 days 02:02:56.802000
2024-06-23 14:09:14.440,10546,296,8,100,False,0,car,0 days 01:06:00.027000,0 days 02:02:57.122000
2024-06-23 14:09:14.800,10526,296,8,100,False,0,car,0 days 01:06:00.387000,0 days 02:02:57.482000
2024-06-23 14:09:15.000,10555,296,8,100,False,0,car,0 days 01:06:00.587000,0 days 02:02:57.682000
2024-06-23 14:09:15.160,10556,298,8,100,False,0,car,0 days 01:06:00.747000,0 days 02:02:57.842000
2024-06-23 14:09:15.320,10573,297,8,100,False,0,car,0 days 01:06:00.907000,0 days 02:02:58.002000
2024-06-23 14:09:15.561,10558,297,8,100,False,0,car,0 days 01:06:01.148000,0 days 02:02:58.243000
2024-06-23 14:09:15.721,10579,297,8,100,False,0,car,0 days 01:06:01.308000,0 days 02:02:58.403000
2024-06-23 14:09:16.041,10548,297,8,100,False,0,car,0 days 01:06:01.628000,0 days 02:02:58.723000
2024-06-23 14:09:16.321,10591,297,8,100,False,0,car,0 days 01:06:01.908000,0 days 02:02:59.003000
2024-06-23 14:09:16.681,10586,298,8,100,False,0,car,0 days 01:06:02.268000,0 days 02:02:59.363000
2024-06-23 14:09:16.881,10598,298,8,100,False,0,car,0 days 01:06:02.468000,0 days 02:02:59.563000
2024-06-23 14:09:17.081,10603,298,8,100,False,0,car,0 days 01:06:02.668000,0 days 02:02:59.763000
2024-06-23 14:09:17.321,10609,298,8,100,False,0,car,0 days 01:06:02.908000,0 days 02:03:00.003000
2024-06-23 14:09:17.641,10604,298,8,100,False,0,car,0 days 01:06:03.228000,0 days 02:03:00.323000
2024-06-23 14:09:17.921,10566,298,8,100,False,0,car,0 days 01:06:03.508000,0 days 02:03:00.603000
2024-06-23 14:09:18.121,10525,296,8,100,False,0,car,0 days 01:06:03.708000,0 days 02:03:00.803000
2024-06-23 14:09:18.561,10469,294,8,100,False,0,car,0 days 01:06:04.148000,0 days 02:03:01.243000
2024-06-23 14:09:18.841,10443,293,8,100,False,0,car,0 days 01:06:04.428000,0 days 02:03:01.523000
2024-06-23 14:09:19.081,10387,292,8,100,False,0,car,0 days 01:06:04.668000,0 days 02:03:01.763000
2024-06-23 14:09:19.401,10371,292,8,100,False,0,car,0 days 01:06:04.988000,0 days 02:03:02.083000
2024-06-23 14:09:19.720,10307,291,8,100,False,0,car,0 days 01:06:05.307000,0 days 02:03:02.402000
2024-06-23 14:09:20.040,10219,289,8,100,False,0,car,0 days 01:06:05.627000,0 days 02:03:02.722000
2024-06-23 14:09:20.240,10065,287,8,0,False,0,car,0 days 01:06:05.827000,0 days 02:03:02.922000
2024-06-23 14:09:20.520,9514,275,8,0,True,0,car,0 days 01:06:06.107000,0 days 02:03:03.202000
2024-06-23 14:09:20.760,8781,249,8,0,True,0,car,0 days 01:06:06.347000,0 days 02:03:03.442000
2024-06-23 14:09:20.960,8758,223,8,0,True,0,car,0 days 01:06:06.547000,0 days 02:03:03.642000
2024-06-23 14:09:21.240,8649,189,8,0,True,0,car,0 days 01:06:06.827000,0 days 02:03:03.922000
2024-06-23 14:09:21.440,8903,181,6,0,True,0,car,0 days 01:06:07.027000,0 days 02:03:04.122000
2024-06-23 14:09:21.720,8979,165,5,0,True,0,car,0 days 01:06:07.307000,0 days 02:03:04.402000
2024-06-23 14:09:22.081,9516,157,4,0,True,0,car,0 days 01:06:07.668000,0 days 02:03:04.763000
2024-06-23 14:09:22.521,8986,145,4,0,False,0,car,0 days 01:06:08.108000,0 days 02:03:05.203000
2024-06-23 14:09:22.721,8991,142,4,31,False,0,car,0 days 01:06:08.308000,0 days 02:03:05.403000
2024-06-23 14:09:23.161,9297,145,4,67,False,0,car,0 days 01:06:08.748000,0 days 02:03:05.843000
2024-06-23 14:09:23.561,9953,153,4,73,False,0,car,0 days 01:06:09.148000,0 days 02:03:06.243000
2024-06-23 14:09:23.761,10371,160,4,81,False,0,car,0 days 01:06:09.348000,0 days 02:03:06.443000
2024-06-23 14:09:23.921,10591,163,4,82,False,0,car,0 days 01:06:09.508000,0 days 02:03:06.603000
2024-06-23 14:09:24.241,9276,174,5,63,False,0,car,0 days 01:06:09.828000,0 days 02:03:06.923000
2024-06-23 14:09:24.481,9351,174,5,53,False,0,car,0 days 01:06:10.068000,0 days 02:03:07.163000
2024-06-23 14:09:24.721,9316,173,5,54,False,0,car,0 days 01:06:10.308000,0 days 02:03:07.403000
2024-06-23 14:09:24.921,9542,175,5,67,False,0,car,0 days 01:06:10.508000,0 days 02:03:07.603000
2024-06-23 14:09:25.161,9720,179,5,75,False,0,car,0 days 01:06:10.748000,0 days 02:03:07.843000
2024-06-23 14:09:25.361,9950,183,5,79,False,0,car,0 days 01:06:10.948000,0 days 02:03:08.043000
2024-06-23 14:09:25.801,10456,193,5,97,False,0,car,0 days 01:06:11.388000,0 days 02:03:08.483000
2024-06-23 14:09:26.001,10779,196,5,100,False,0,car,0 days 01:06:11.588000,0 days 02:03:08.683000
2024-06-23 14:09:26.241,11131,205,5,100,False,0,car,0 days 01:06:11.828000,0 days 02:03:08.923000
2024-06-23 14:09:26.401,11131,210,5,100,False,0,car,0 days 01:06:11.988000,0 days 02:03:09.083000
2024-06-23 14:09:26.640,11256,218,5,100,False,0,car,0 days 01:06:12.227000,0 days 02:03:09.322000
2024-06-23 14:09:26.840,10142,221,6,100,False,0,car,0 days 01:06:12.427000,0 days 02:03:09.522000
2024-06-23 14:09:27.120,10492,225,6,89,False,0,car,0 days 01:06:12.707000,0 days 02:03:09.802000
2024-06-23 14:09:27.400,10454,226,6,67,False,0,car,0 days 01:06:12.987000,0 days 02:03:10.082000
2024-06-23 14:09:27.600,10029,222,6,18,False,0,car,0 days 01:06:13.187000,0 days 02:03:10.282000
2024-06-23 14:09:27.920,10044,218,6,69,False,0,car,0 days 01:06:13.507000,0 days 02:03:10.602000
2024-06-23 14:09:28.240,10048,219,6,71,False,0,car,0 days 01:06:13.827000,0 days 02:03:10.922000
2024-06-23 14:09:28.561,10269,220,6,82,False,0,car,0 days 01:06:14.148000,0 days 02:03:11.243000
2024-06-23 14:09:28.801,10375,222,6,85,False,0,car,0 days 01:06:14.388000,0 days 02:03:11.483000
2024-06-23 14:09:29.081,10529,227,6,100,False,0,car,0 days 01:06:14.668000,0 days 02:03:11.763000
2024-06-23 14:09:29.361,10770,232,6,100,False,0,car,0 days 01:06:14.948000,0 days 02:03:12.043000
2024-06-23 14:09:29.641,11010,236,6,100,False,0,car,0 days 01:06:15.228000,0 days 02:03:12.323000
2024-06-23 14:09:29.841,11127,240,6,100,False,0,car,0 days 01:06:15.428000,0 days 02:03:12.523000
2024-06-23 14:09:30.081,11155,243,6,100,False,0,car,0 days 01:06:15.668000,0 days 02:03:12.763000
2024-06-23 14:09:30.281,11304,245,6,100,False,0,car,0 days 01:06:15.868000,0 days 02:03:12.963000
2024-06-23 14:09:30.561,11461,248,6,100,False,0,car,0 days 01:06:16.148000,0 days 02:03:13.243000
2024-06-23 14:09:30.921,11673,251,6,100,False,0,car,0 days 01:06:16.508000,0 days 02:03:13.603000
2024-06-23 14:09:31.081,11737,254,6,100,False,0,car,0 days 01:06:16.668000,0 days 02:03:13.763000
2024-06-23 14:09:31.441,11493,258,6,100,False,0,car,0 days 01:06:17.028000,0 days 02:03:14.123000
2024-06-23 14:09:31.601,10373,261,7,100,False,0,car,0 days 01:06:17.188000,0 days 02:03:14.283000
2024-06-23 14:09:31.961,10658,265,7,100,False,0,car,0 days 01:06:17.548000,0 days 02:03:14.643000
2024-06-23 14:09:32.201,10745,266,7,100,False,0,car,0 days 01:06:17.788000,0 days 02:03:14.883000
2024-06-23 14:09:32.361,10811,270,7,100,False,0,car,0 days 01:06:17.948000,0 days 02:03:15.043000
2024-06-23 14:09:32.521,10872,269,7,100,False,0,car,0 days 01:06:18.108000,0 days 02:03:15.203000
2024-06-23 14:09:32.801,10932,273,7,100,False,0,car,0 days 01:06:18.388000,0 days 02:03:15.483000
2024-06-23 14:09:32.961,10958,273,7,100,False,0,car,0 days 01:06:18.548000,0 days 02:03:15.643000
2024-06-23 14:09:33.121,11037,274,7,100,False,0,car,0 days 01:06:18.708000,0 days 02:03:15.803000
2024-06-23 14:09:33.360,11036,276,7,100,False,0,car,0 days 01:06:18.947000,0 days 02:03:16.042000
2024-06-23 14:09:33.560,11068,277,7,100,False,0,car,0 days 01:06:19.147000,0 days 02:03:16.242000
2024-06-23 14:09:33.720,11123,277,7,100,False,0,car,0 days 01:06:19.307000,0 days 02:03:16.402000
2024-06-23 14:09:34.040,11145,278,7,100,False,0,car,0 days 01:06:19.627000,0 days 02:03:16.722000
2024-06-23 14:09:34.400,11161,279,7,100,False,0,car,0 days 01:06:19.987000,0 days 02:03:17.082000
2024-06-23 14:09:34.680,11075,274,7,0,True,0,car,0 days 01:06:20.267000,0 days 02:03:17.362000
2024-06-23 14:09:35.121,9496,243,7,0,True,0,car,0 days 01:06:20.708000,0 days 02:03:17.803000
2024-06-23 14:09:35.321,9682,222,7,0,True,0,car,0 days 01:06:20.908000,0 days 02:03:18.003000
2024-06-23 14:09:35.521,9944,202,6,0,True,0,car,0 days 01:06:21.108000,0 days 02:03:18.203000
2024-06-23 14:09:35.681,9677,188,6,0,True,0,car,0 days 01:06:21.268000,0 days 02:03:18.363000
2024-06-23 14:09:35.841,9166,176,5,0,True,0,car,0 days 01:06:21.428000,0 days 02:03:18.523000
2024-06-23 14:09:36.121,10218,168,4,0,True,0,car,0 days 01:06:21.708000,0 days 02:03:18.803000
2024-06-23 14:09:36.281,9901,162,4,0,True,0,car,0 days 01:06:21.868000,0 days 02:03:18.963000
2024-06-23 14:09:36.561,9406,154,4,0,True,0,car,0 days 01:06:22.148000,0 days 02:03:19.243000
2024-06-23 14:09:36.761,9236,149,4,0,True,0,car,0 days 01:06:22.348000,0 days 02:03:19.443000
2024-06-23 14:09:37.001,8993,144,4,0,False,0,car,0 days 01:06:22.588000,0 days 02:03:19.683000
2024-06-23 14:09:37.361,8670,138,4,16,False,0,car,0 days 01:06:22.948000,0 days 02:03:20.043000
2024-06-23 14:09:37.601,8865,137,4,42,False,0,car,0 days 01:06:23.188000,0 days 02:03:20.283000
2024-06-23 14:09:37.961,8974,139,4,58,False,0,car,0 days 01:06:23.548000,0 days 02:03:20.643000
2024-06-23 14:09:38.361,9270,143,4,62,False,0,car,0 days 01:06:23.948000,0 days 02:03:21.043000
2024-06-23 14:09:38.681,9906,152,4,72,False,0,car,0 days 01:06:24.268000,0 days 02:03:21.363000
2024-06-23 14:09:38.921,10183,156,4,76,False,0,car,0 days 01:06:24.508000,0 days 02:03:21.603000
2024-06-23 14:09:39.081,10445,162,4,82,False,0,car,0 days 01:06:24.668000,0 days 02:03:21.763000
2024-06-23 14:09:39.281,10854,170,4,87,False,0,car,0 days 01:06:24.868000,0 days 02:03:21.963000
2024-06-23 14:09:39.521,11477,175,4,100,False,0,car,0 days 01:06:25.108000,0 days 02:03:22.203000
2024-06-23 14:09:39.681,11620,180,4,100,False,0,car,0 days 01:06:25.268000,0 days 02:03:22.363000
2024-06-23 14:09:39.960,10468,189,5,100,False,0,car,0 days 01:06:25.547000,0 days 02:03:22.642000
2024-06-23 14:09:40.160,10713,198,5,100,False,0,car,0 days 01:06:25.747000,0 days 02:03:22.842000
2024-06-23 14:09:40.360,10965,203,5,100,False,0,car,0 days 01:06:25.947000,0 days 02:03:23.042000
2024-06-23 14:09:40.720,11448,212,5,100,False,0,car,0 days 01:06:26.307000,0 days 02:03:23.402000
2024-06-23 14:09:40.960,11582,218,5,100,False,0,car,0 days 01:06:26.547000,0 days 02:03:23.642000
2024-06-23 14:09:41.120,11722,220,5,100,False,0,car,0 days 01:06:26.707000,0 days 02:03:23.802000
2024-06-23 14:09:41.400,10504,226,5,100,False,0,car,0 days 01:06:26.987000,0 days 02:03:24.082000
2024-06-23 14:09:41.681,10628,230,6,100,False,0,car,0 days 01:06:27.268000,0 days 02:03:24.363000
2024-06-23 14:09:41.921,10729,233,6,100,False,0,car,0 days 01:06:27.508000,0 days 02:03:24.603000
2024-06-23 14:09:42.081,10808,236,6,100,False,0,car,0 days 01:06:27.668000,0 days 02:03:24.763000
2024-06-23 14:09:42.281,10902,238,6,100,False,0,car,0 days 01:06:27.868000,0 days 02:03:24.963000
2024-06-23 14:09:42.481,10969,239,6,100,False,0,car,0 days 01:06:28.068000,0 days 02:03:25.163000
2024-06-23 14:09:42.801,10503,226,6,0,True,0,car,0 days 01:06:28.388000,0 days 02:03:25.483000
2024-06-23 14:09:43.041,9383,204,6,0,True,0,car,0 days 01:06:28.628000,0 days 02:03:25.723000
2024-06-23 14:09:43.361,10017,164,5,0,True,0,car,0 days 01:06:28.948000,0 days 02:03:26.043000
2024-06-23 14:09:43.801,10060,140,4,0,True,0,car,0 days 01:06:29.388000,0 days 02:03:26.483000
2024-06-23 14:09:44.041,9148,128,3,0,True,0,car,0 days 01:06:29.628000,0 days 02:03:26.723000
2024-06-23 14:09:44.401,8596,118,3,0,True,0,car,0 days 01:06:29.988000,0 days 02:03:27.083000
2024-06-23 14:09:44.681,8150,111,3,0,True,0,car,0 days 01:06:30.268000,0 days 02:03:27.363000
2024-06-23 14:09:45.001,7637,105,3,0,True,0,car,0 days 01:06:30.588000,0 days 02:03:27.683000
2024-06-23 14:09:45.281,7305,100,3,0,True,0,car,0 days 01:06:30.868000,0 days 02:03:27.963000
2024-06-23 14:09:45.441,7114,97,3,0,True,0,car,0 days 01:06:31.028000,0 days 02:03:28.123000
2024-06-23 14:09:45.681,6849,94,3,0,False,0,car,0 days 01:06:31.268000,0 days 02:03:28.363000
2024-06-23 14:09:45.961,7148,94,3,29,False,0,car,0 days 01:06:31.548000,0 days 02:03:28.643000
2024-06-23 14:09:46.161,7406,96,3,38,False,0,car,0 days 01:06:31.748000,0 days 02:03:28.843000
2024-06-23 14:09:46.321,7596,98,3,39,False,0,car,0 days 01:06:31.908000,0 days 02:03:29.003000
2024-06-23 14:09:46.521,7842,101,3,41,False,0,car,0 days 01:06:32.108000,0 days 02:03:29.203000
2024-06-23 14:09:46.800,8085,106,3,51,False,0,car,0 days 01:06:32.387000,0 days 02:03:29.482000
2024-06-23 14:09:47.040,8868,115,3,60,False,0,car,0 days 01:06:32.627000,0 days 02:03:29.722000
2024-06-23 14:09:47.400,9467,126,3,71,False,0,car,0 days 01:06:32.987000,0 days 02:03:30.082000
2024-06-23 14:09:47.560,10565,134,3,83,False,0,car,0 days 01:06:33.147000,0 days 02:03:30.242000
2024-06-23 14:09:47.840,11574,150,3,100,False,0,car,0 days 01:06:33.427000,0 days 02:03:30.522000
2024-06-23 14:09:48.160,10494,164,4,100,False,0,car,0 days 01:06:33.747000,0 days 02:03:30.842000
2024-06-23 14:09:48.521,11557,177,4,100,False,0,car,0 days 01:06:34.108000,0 days 02:03:31.203000
2024-06-23 14:09:48.961,10520,197,5,100,False,0,car,0 days 01:06:34.548000,0 days 02:03:31.643000
2024-06-23 14:09:49.281,11051,207,5,100,False,0,car,0 days 01:06:34.868000,0 days 02:03:31.963000
2024-06-23 14:09:49.641,11701,219,5,100,False,0,car,0 days 01:06:35.228000,0 days 02:03:32.323000
2024-06-23 14:09:49.841,11787,224,5,100,False,0,car,0 days 01:06:35.428000,0 days 02:03:32.523000
2024-06-23 14:09:50.201,10493,231,6,100,False,0,car,0 days 01:06:35.788000,0 days 02:03:32.883000
2024-06-23 14:09:50.441,10825,236,6,100,False,0,car,0 days 01:06:36.028000,0 days 02:03:33.123000
2024-06-23 14:09:50.681,10973,241,6,100,False,0,car,0 days 01:06:36.268000,0 days 02:03:33.363000
2024-06-23 14:09:51.001,11176,244,6,100,False,0,car,0 days 01:06:36.588000,0 days 02:03:33.683000
2024-06-23 14:09:51.361,11369,247,6,100,False,0,car,0 days 01:06:36.948000,0 days 02:03:34.043000
2024-06-23 14:09:51.601,11469,250,6,100,False,0,car,0 days 01:06:37.188000,0 days 02:03:34.283000
2024-06-23 14:09:51.841,11155,251,6,100,True,0,car,0 days 01:06:37.428000,0 days 02:03:34.523000
2024-06-23 14:09:52.201,10232,225,6,0,True,0,car,0 days 01:06:37.788000,0 days 02:03:34.883000
2024-06-23 14:09:52.521,10100,197,6,0,True,0,car,0 days 01:06:38.108000,0 days 02:03:35.203000
2024-06-23 14:09:52.841,10167,175,5,0,True,0,car,0 days 01:06:38.428000,0 days 02:03:35.523000
2024-06-23 14:09:53.241,9554,153,4,0,True,0,car,0 days 01:06:38.828000,0 days 02:03:35.923000
2024-06-23 14:09:53.440,9373,149,4,0,True,0,car,0 days 01:06:39.027000,0 days 02:03:36.122000
2024-06-23 14:09:53.680,9095,146,4,0,False,0,car,0 days 01:06:39.267000,0 days 02:03:36.362000
2024-06-23 14:09:54.120,8999,140,4,16,False,0,car,0 days 01:06:39.707000,0 days 02:03:36.802000
2024-06-23 14:09:54.320,8859,139,4,16,False,0,car,0 days 01:06:39.907000,0 days 02:03:37.002000
2024-06-23 14:09:54.520,8875,139,4,44,False,0,car,0 days 01:06:40.107000,0 days 02:03:37.202000
2024-06-23 14:09:54.680,8943,140,4,48,False,0,car,0 days 01:06:40.267000,0 days 02:03:37.362000
2024-06-23 14:09:55.001,9367,144,4,68,False,0,car,0 days 01:06:40.588000,0 days 02:03:37.683000
2024-06-23 14:09:55.321,10128,154,4,82,False,0,car,0 days 01:06:40.908000,0 days 02:03:38.003000
2024-06-23 14:09:55.721,10895,168,4,92,False,0,car,0 days 01:06:41.308000,0 days 02:03:38.403000
2024-06-23 14:09:55.921,11166,174,4,85,False,0,car,0 days 01:06:41.508000,0 days 02:03:38.603000
2024-06-23 14:09:56.121,11709,179,4,100,False,0,car,0 days 01:06:41.708000,0 days 02:03:38.803000
2024-06-23 14:09:56.361,11519,190,4,100,False,0,car,0 days 01:06:41.948000,0 days 02:03:39.043000
2024-06-23 14:09:56.521,10700,193,4,100,False,0,car,0 days 01:06:42.108000,0 days 02:03:39.203000
2024-06-23 14:09:56.881,11041,204,5,100,False,0,car,0 days 01:06:42.468000,0 days 02:03:39.563000
2024-06-23 14:09:57.041,11314,208,5,100,False,0,car,0 days 01:06:42.628000,0 days 02:03:39.723000
2024-06-23 14:09:57.321,11682,213,5,100,False,0,car,0 days 01:06:42.908000,0 days 02:03:40.003000
2024-06-23 14:09:57.521,11909,221,5,100,False,0,car,0 days 01:06:43.108000,0 days 02:03:40.203000
2024-06-23 14:09:57.841,10975,230,5,100,False,0,car,0 days 01:06:43.428000,0 days 02:03:40.523000
2024-06-23 14:09:58.241,10851,235,6,100,False,0,car,0 days 01:06:43.828000,0 days 02:03:40.923000
2024-06-23 14:09:58.441,10936,239,6,100,False,0,car,0 days 01:06:44.028000,0 days 02:03:41.123000
2024-06-23 14:09:58.601,10810,239,6,100,False,0,car,0 days 01:06:44.188000,0 days 02:03:41.283000
2024-06-23 14:09:58.761,10979,240,6,100,False,0,car,0 days 01:06:44.348000,0 days 02:03:41.443000
2024-06-23 14:09:59.041,10677,237,6,2,False,0,car,0 days 01:06:44.628000,0 days 02:03:41.723000
2024-06-23 14:09:59.201,10775,234,6,0,False,0,car,0 days 01:06:44.788000,0 days 02:03:41.883000
2024-06-23 14:09:59.401,10381,228,6,0,False,0,car,0 days 01:06:44.988000,0 days 02:03:42.083000
2024-06-23 14:09:59.561,10344,224,6,51,False,0,car,0 days 01:06:45.148000,0 days 02:03:42.243000
2024-06-23 14:09:59.881,10269,225,6,78,False,0,car,0 days 01:06:45.468000,0 days 02:03:42.563000
2024-06-23 14:10:00.080,10438,224,6,79,False,0,car,0 days 01:06:45.667000,0 days 02:03:42.762000
2024-06-23 14:10:00.480,10583,227,6,77,False,0,car,0 days 01:06:46.067000,0 days 02:03:43.162000
2024-06-23 14:10:00.640,10651,227,6,83,False,0,car,0 days 01:06:46.227000,0 days 02:03:43.322000
2024-06-23 14:10:01.000,10856,234,6,100,False,0,car,0 days 01:06:46.587000,0 days 02:03:43.682000
2024-06-23 14:10:01.240,11083,237,6,100,False,0,car,0 days 01:06:46.827000,0 days 02:03:43.922000
2024-06-23 14:10:01.441,11202,242,6,100,False,0,car,0 days 01:06:47.028000,0 days 02:03:44.123000
2024-06-23 14:10:01.601,11244,244,6,100,False,0,car,0 days 01:06:47.188000,0 days 02:03:44.283000
2024-06-23 14:10:01.801,11385,247,6,100,False,0,car,0 days 01:06:47.388000,0 days 02:03:44.483000
2024-06-23 14:10:02.121,11644,252,6,100,False,0,car,0 days 01:06:47.708000,0 days 02:03:44.803000
2024-06-23 14:10:02.281,11719,255,6,100,False,0,car,0 days 01:06:47.868000,0 days 02:03:44.963000
2024-06-23 14:10:02.761,10467,263,7,100,False,0,car,0 days 01:06:48.348000,0 days 02:03:45.443000
2024-06-23 14:10:03.121,10734,266,7,100,False,0,car,0 days 01:06:48.708000,0 days 02:03:45.803000
2024-06-23 14:10:03.401,10840,270,7,100,False,0,car,0 days 01:06:48.988000,0 days 02:03:46.083000
2024-06-23 14:10:03.641,10983,272,7,100,False,0,car,0 days 01:06:49.228000,0 days 02:03:46.323000
2024-06-23 14:10:04.041,11114,277,7,100,False,0,car,0 days 01:06:49.628000,0 days 02:03:46.723000
2024-06-23 14:10:04.361,11219,278,7,100,False,0,car,0 days 01:06:49.948000,0 days 02:03:47.043000
2024-06-23 14:10:04.521,11258,281,7,100,False,0,car,0 days 01:06:50.108000,0 days 02:03:47.203000
2024-06-23 14:10:04.841,11291,282,7,100,False,0,car,0 days 01:06:50.428000,0 days 02:03:47.523000
2024-06-23 14:10:05.081,11298,282,7,100,False,0,car,0 days 01:06:50.668000,0 days 02:03:47.763000
2024-06-23 14:10:05.401,11351,284,7,100,False,0,car,0 days 01:06:50.988000,0 days 02:03:48.083000
2024-06-23 14:10:05.601,11349,284,7,100,False,0,car,0 days 01:06:51.188000,0 days 02:03:48.283000
2024-06-23 14:10:06.001,11363,286,7,100,False,0,car,0 days 01:06:51.588000,0 days 02:03:48.683000
2024-06-23 14:10:06.361,11061,282,7,0,False,0,car,0 days 01:06:51.948000,0 days 02:03:49.043000
2024-06-23 14:10:06.521,10739,279,7,0,True,0,car,0 days 01:06:52.108000,0 days 02:03:49.203000
2024-06-23 14:10:06.880,10431,263,7,0,True,0,car,0 days 01:06:52.467000,0 days 02:03:49.562000
2024-06-23 14:10:07.240,9455,207,7,0,True,0,car,0 days 01:06:52.827000,0 days 02:03:49.922000
2024-06-23 14:10:07.640,10318,179,6,0,True,0,car,0 days 01:06:53.227000,0 days 02:03:50.322000
2024-06-23 14:10:08.001,9269,152,4,0,True,0,car,0 days 01:06:53.588000,0 days 02:03:50.683000
2024-06-23 14:10:08.281,8758,139,4,0,True,0,car,0 days 01:06:53.868000,0 days 02:03:50.963000
2024-06-23 14:10:08.681,9323,126,3,0,True,0,car,0 days 01:06:54.268000,0 days 02:03:51.363000
2024-06-23 14:10:08.961,8860,120,3,0,True,0,car,0 days 01:06:54.548000,0 days 02:03:51.643000
2024-06-23 14:10:09.161,8747,118,3,0,True,0,car,0 days 01:06:54.748000,0 days 02:03:51.843000
2024-06-23 14:10:09.441,8304,113,3,0,False,0,car,0 days 01:06:55.028000,0 days 02:03:52.123000
2024-06-23 14:10:09.761,8062,108,3,0,True,0,car,0 days 01:06:55.348000,0 days 02:03:52.443000
2024-06-23 14:10:09.961,7864,106,3,0,False,0,car,0 days 01:06:55.548000,0 days 02:03:52.643000
2024-06-23 14:10:10.121,7709,105,3,0,False,0,car,0 days 01:06:55.708000,0 days 02:03:52.803000
2024-06-23 14:10:10.281,7658,103,3,0,False,0,car,0 days 01:06:55.868000,0 days 02:03:52.963000
2024-06-23 14:10:10.481,7934,101,3,27,False,0,car,0 days 01:06:56.068000,0 days 02:03:53.163000
2024-06-23 14:10:10.801,8129,104,3,43,False,0,car,0 days 01:06:56.388000,0 days 02:03:53.483000
2024-06-23 14:10:11.161,8453,110,3,52,False,0,car,0 days 01:06:56.748000,0 days 02:03:53.843000
2024-06-23 14:10:11.521,9219,117,3,64,False,0,car,0 days 01:06:57.108000,0 days 02:03:54.203000
2024-06-23 14:10:11.801,9730,126,3,71,False,0,car,0 days 01:06:57.388000,0 days 02:03:54.483000
2024-06-23 14:10:12.081,9778,137,3,74,False,0,car,0 days 01:06:57.668000,0 days 02:03:54.763000
2024-06-23 14:10:12.241,9290,140,3,78,False,0,car,0 days 01:06:57.828000,0 days 02:03:54.923000
2024-06-23 14:10:12.641,10238,155,4,86,False,0,car,0 days 01:06:58.228000,0 days 02:03:55.323000
2024-06-23 14:10:13.081,11144,174,4,100,False,0,car,0 days 01:06:58.668000,0 days 02:03:55.763000
2024-06-23 14:10:13.441,11849,185,4,100,False,0,car,0 days 01:06:59.028000,0 days 02:03:56.123000
2024-06-23 14:10:13.600,11149,191,4,100,False,0,car,0 days 01:06:59.187000,0 days 02:03:56.282000
2024-06-23 14:10:13.920,10573,194,5,100,False,0,car,0 days 01:06:59.507000,0 days 02:03:56.602000
2024-06-23 14:10:14.080,10623,201,5,100,False,0,car,0 days 01:06:59.667000,0 days 02:03:56.762000
2024-06-23 14:10:14.280,9727,198,5,0,True,0,car,0 days 01:06:59.867000,0 days 02:03:56.962000
2024-06-23 14:10:14.480,9674,184,5,0,True,0,car,0 days 01:07:00.067000,0 days 02:03:57.162000
2024-06-23 14:10:14.841,9842,161,5,0,True,0,car,0 days 01:07:00.428000,0 days 02:03:57.523000
2024-06-23 14:10:15.081,9274,152,4,0,True,0,car,0 days 01:07:00.668000,0 days 02:03:57.763000
2024-06-23 14:10:15.321,8914,144,4,0,True,0,car,0 days 01:07:00.908000,0 days 02:03:58.003000
2024-06-23 14:10:15.641,8272,134,4,0,True,0,car,0 days 01:07:01.228000,0 days 02:03:58.323000
2024-06-23 14:10:15.841,8040,131,4,0,True,0,car,0 days 01:07:01.428000,0 days 02:03:58.523000
2024-06-23 14:10:16.001,8040,127,4,0,False,0,car,0 days 01:07:01.588000,0 days 02:03:58.683000
2024-06-23 14:10:16.241,7830,124,4,0,False,0,car,0 days 01:07:01.828000,0 days 02:03:58.923000
2024-06-23 14:10:16.481,7561,122,4,0,False,0,car,0 days 01:07:02.068000,0 days 02:03:59.163000
2024-06-23 14:10:16.761,7301,119,4,0,False,0,car,0 days 01:07:02.348000,0 days 02:03:59.443000
2024-06-23 14:10:17.081,7224,115,4,18,False,0,car,0 days 01:07:02.668000,0 days 02:03:59.763000
2024-06-23 14:10:17.561,7594,118,4,45,False,0,car,0 days 01:07:03.148000,0 days 02:04:00.243000
2024-06-23 14:10:17.801,7805,120,4,50,False,0,car,0 days 01:07:03.388000,0 days 02:04:00.483000
2024-06-23 14:10:18.081,8165,126,4,58,False,0,car,0 days 01:07:03.668000,0 days 02:04:00.763000
2024-06-23 14:10:18.281,8320,130,4,61,False,0,car,0 days 01:07:03.868000,0 days 02:04:00.963000
2024-06-23 14:10:18.481,8819,136,4,71,False,0,car,0 days 01:07:04.068000,0 days 02:04:01.163000
2024-06-23 14:10:18.801,9472,146,4,78,False,0,car,0 days 01:07:04.388000,0 days 02:04:01.483000
2024-06-23 14:10:19.241,10830,160,4,87,False,0,car,0 days 01:07:04.828000,0 days 02:04:01.923000
2024-06-23 14:10:19.401,11212,168,4,100,False,0,car,0 days 01:07:04.988000,0 days 02:04:02.083000
2024-06-23 14:10:19.601,10642,177,4,100,False,0,car,0 days 01:07:05.188000,0 days 02:04:02.283000
2024-06-23 14:10:19.921,10162,188,5,100,False,0,car,0 days 01:07:05.508000,0 days 02:04:02.603000
2024-06-23 14:10:20.201,10669,199,5,100,False,0,car,0 days 01:07:05.788000,0 days 02:04:02.883000
2024-06-23 14:10:20.360,11081,206,5,100,False,0,car,0 days 01:07:05.947000,0 days 02:04:03.042000
2024-06-23 14:10:20.560,11299,211,5,100,False,0,car,0 days 01:07:06.147000,0 days 02:04:03.242000
2024-06-23 14:10:20.760,11754,217,5,100,False,0,car,0 days 01:07:06.347000,0 days 02:04:03.442000
2024-06-23 14:10:21.040,10806,224,5,100,False,0,car,0 days 01:07:06.627000,0 days 02:04:03.722000
2024-06-23 14:10:21.201,10462,227,6,100,False,0,car,0 days 01:07:06.788000,0 days 02:04:03.883000
2024-06-23 14:10:21.361,10596,232,6,100,False,0,car,0 days 01:07:06.948000,0 days 02:04:04.043000
2024-06-23 14:10:21.601,10912,235,6,100,False,0,car,0 days 01:07:07.188000,0 days 02:04:04.283000
2024-06-23 14:10:21.921,11227,238,6,100,False,0,car,0 days 01:07:07.508000,0 days 02:04:04.603000
2024-06-23 14:10:22.081,11238,243,6,100,False,0,car,0 days 01:07:07.668000,0 days 02:04:04.763000
2024-06-23 14:10:22.441,11455,247,6,100,False,0,car,0 days 01:07:08.028000,0 days 02:04:05.123000
2024-06-23 14:10:22.641,11564,249,6,100,False,0,car,0 days 01:07:08.228000,0 days 02:04:05.323000
2024-06-23 14:10:22.841,11696,253,6,100,False,0,car,0 days 01:07:08.428000,0 days 02:04:05.523000
2024-06-23 14:10:23.001,11722,253,6,100,False,0,car,0 days 01:07:08.588000,0 days 02:04:05.683000
2024-06-23 14:10:23.321,10411,255,6,100,False,0,car,0 days 01:07:08.908000,0 days 02:04:06.003000
2024-06-23 14:10:23.521,10445,257,7,100,False,0,car,0 days 01:07:09.108000,0 days 02:04:06.203000
2024-06-23 14:10:23.921,10429,260,7,100,False,0,car,0 days 01:07:09.508000,0 days 02:04:06.603000
2024-06-23 14:10:24.161,10504,261,7,100,False,0,car,0 days 01:07:09.748000,0 days 02:04:06.843000
2024-06-23 14:10:24.361,10576,264,7,100,False,0,car,0 days 01:07:09.948000,0 days 02:04:07.043000
2024-06-23 14:10:24.561,10553,264,7,100,False,0,car,0 days 01:07:10.148000,0 days 02:04:07.243000
2024-06-23 14:10:24.721,10589,265,7,100,False,0,car,0 days 01:07:10.308000,0 days 02:04:07.403000
2024-06-23 14:10:24.921,10445,264,7,0,False,0,car,0 days 01:07:10.508000,0 days 02:04:07.603000
2024-06-23 14:10:25.161,10167,260,7,0,False,0,car,0 days 01:07:10.748000,0 days 02:04:07.843000
2024-06-23 14:10:25.601,11223,246,6,0,False,0,car,0 days 01:07:11.188000,0 days 02:04:08.283000
2024-06-23 14:10:25.841,11407,241,6,49,False,0,car,0 days 01:07:11.428000,0 days 02:04:08.523000
2024-06-23 14:10:26.281,11092,239,6,81,False,0,car,0 days 01:07:11.868000,0 days 02:04:08.963000
2024-06-23 14:10:26.561,11227,242,6,100,False,0,car,0 days 01:07:12.148000,0 days 02:04:09.243000
2024-06-23 14:10:26.841,11359,245,6,100,False,0,car,0 days 01:07:12.428000,0 days 02:04:09.523000
2024-06-23 14:10:27.080,11444,248,6,100,False,0,car,0 days 01:07:12.667000,0 days 02:04:09.762000
2024-06-23 14:10:27.240,11531,251,6,100,False,0,car,0 days 01:07:12.827000,0 days 02:04:09.922000
2024-06-23 14:10:27.680,11693,254,6,100,False,0,car,0 days 01:07:13.267000,0 days 02:04:10.362000
2024-06-23 14:10:27.841,10713,258,6,100,False,0,car,0 days 01:07:13.428000,0 days 02:04:10.523000
2024-06-23 14:10:28.001,10526,259,7,100,False,0,car,0 days 01:07:13.588000,0 days 02:04:10.683000
2024-06-23 14:10:28.281,10492,262,7,100,False,0,car,0 days 01:07:13.868000,0 days 02:04:10.963000
2024-06-23 14:10:28.441,10619,265,7,100,False,0,car,0 days 01:07:14.028000,0 days 02:04:11.123000
2024-06-23 14:10:28.641,10654,267,7,100,False,0,car,0 days 01:07:14.228000,0 days 02:04:11.323000
2024-06-23 14:10:28.841,10819,269,7,100,False,0,car,0 days 01:07:14.428000,0 days 02:04:11.523000
2024-06-23 14:10:29.161,10927,273,7,100,False,0,car,0 days 01:07:14.748000,0 days 02:04:11.843000
2024-06-23 14:10:29.441,11028,275,7,100,False,0,car,0 days 01:07:15.028000,0 days 02:04:12.123000
2024-06-23 14:10:29.721,11121,278,7,100,False,0,car,0 days 01:07:15.308000,0 days 02:04:12.403000
2024-06-23 14:10:30.161,11220,281,7,100,False,0,car,0 days 01:07:15.748000,0 days 02:04:12.843000
2024-06-23 14:10:30.561,11300,284,7,100,False,0,car,0 days 01:07:16.148000,0 days 02:04:13.243000
2024-06-23 14:10:30.881,11392,285,7,100,False,0,car,0 days 01:07:16.468000,0 days 02:04:13.563000
2024-06-23 14:10:31.041,11441,286,7,100,False,0,car,0 days 01:07:16.628000,0 days 02:04:13.723000
2024-06-23 14:10:31.201,11472,286,7,100,False,0,car,0 days 01:07:16.788000,0 days 02:04:13.883000
2024-06-23 14:10:31.481,11499,287,7,100,False,0,car,0 days 01:07:17.068000,0 days 02:04:14.163000
2024-06-23 14:10:31.761,11575,289,7,100,False,0,car,0 days 01:07:17.348000,0 days 02:04:14.443000
2024-06-23 14:10:32.081,11573,289,7,100,False,0,car,0 days 01:07:17.668000,0 days 02:04:14.763000
2024-06-23 14:10:32.321,11636,290,7,100,False,0,car,0 days 01:07:17.908000,0 days 02:04:15.003000
2024-06-23 14:10:32.481,11628,291,7,100,False,0,car,0 days 01:07:18.068000,0 days 02:04:15.163000
2024-06-23 14:10:32.801,11696,292,7,100,False,0,car,0 days 01:07:18.388000,0 days 02:04:15.483000
2024-06-23 14:10:33.041,10706,293,7,100,False,0,car,0 days 01:07:18.628000,0 days 02:04:15.723000
2024-06-23 14:10:33.361,10275,293,8,100,False,0,car,0 days 01:07:18.948000,0 days 02:04:16.043000
2024-06-23 14:10:33.760,10484,296,8,100,False,0,car,0 days 01:07:19.347000,0 days 02:04:16.442000
2024-06-23 14:10:34.080,10528,295,8,100,False,0,car,0 days 01:07:19.667000,0 days 02:04:16.762000
2024-06-23 14:10:34.240,10533,295,8,100,False,0,car,0 days 01:07:19.827000,0 days 02:04:16.922000
2024-06-23 14:10:34.681,10571,298,8,100,False,0,car,0 days 01:07:20.268000,0 days 02:04:17.363000
2024-06-23 14:10:34.841,10607,298,8,100,False,0,car,0 days 01:07:20.428000,0 days 02:04:17.523000
2024-06-23 14:10:35.001,10616,298,8,100,False,0,car,0 days 01:07:20.588000,0 days 02:04:17.683000
2024-06-23 14:10:35.281,10603,297,8,100,False,0,car,0 days 01:07:20.868000,0 days 02:04:17.963000
2024-06-23 14:10:35.521,10619,299,8,100,False,0,car,0 days 01:07:21.108000,0 days 02:04:18.203000
2024-06-23 14:10:35.721,10642,299,8,100,False,0,car,0 days 01:07:21.308000,0 days 02:04:18.403000
2024-06-23 14:10:35.961,10660,299,8,100,False,0,car,0 days 01:07:21.548000,0 days 02:04:18.643000
2024-06-23 14:10:36.321,10699,300,8,100,False,0,car,0 days 01:07:21.908000,0 days 02:04:19.003000
2024-06-23 14:10:36.481,10685,301,8,100,False,0,car,0 days 01:07:22.068000,0 days 02:04:19.163000
2024-06-23 14:10:36.681,10678,301,8,100,False,0,car,0 days 01:07:22.268000,0 days 02:04:19.363000
2024-06-23 14:10:36.961,10637,300,8,100,False,0,car,0 days 01:07:22.548000,0 days 02:04:19.643000
2024-06-23 14:10:37.281,10658,299,8,100,False,0,car,0 days 01:07:22.868000,0 days 02:04:19.963000
2024-06-23 14:10:37.721,10563,299,8,100,False,0,car,0 days 01:07:23.308000,0 days 02:04:20.403000
2024-06-23 14:10:37.881,10563,297,8,100,False,0,car,0 days 01:07:23.468000,0 days 02:04:20.563000
2024-06-23 14:10:38.201,10502,296,8,100,False,0,car,0 days 01:07:23.788000,0 days 02:04:20.883000
2024-06-23 14:10:38.401,10502,295,8,100,False,0,car,0 days 01:07:23.988000,0 days 02:04:21.083000
2024-06-23 14:10:38.681,10465,295,8,100,False,0,car,0 days 01:07:24.268000,0 days 02:04:21.363000
2024-06-23 14:10:39.001,10387,292,8,100,False,0,car,0 days 01:07:24.588000,0 days 02:04:21.683000
2024-06-23 14:10:39.361,9697,279,8,0,True,0,car,0 days 01:07:24.948000,0 days 02:04:22.043000
2024-06-23 14:10:39.721,8831,248,8,0,True,0,car,0 days 01:07:25.308000,0 days 02:04:22.403000
2024-06-23 14:10:40.041,9164,202,7,0,True,0,car,0 days 01:07:25.628000,0 days 02:04:22.723000
2024-06-23 14:10:40.201,8609,202,7,0,True,0,car,0 days 01:07:25.788000,0 days 02:04:22.883000
2024-06-23 14:10:40.401,9357,180,7,0,True,0,car,0 days 01:07:25.988000,0 days 02:04:23.083000
2024-06-23 14:10:40.600,8904,170,6,0,True,0,car,0 days 01:07:26.187000,0 days 02:04:23.282000
2024-06-23 14:10:40.800,10029,164,5,0,True,0,car,0 days 01:07:26.387000,0 days 02:04:23.482000
2024-06-23 14:10:41.081,9677,156,4,0,True,0,car,0 days 01:07:26.668000,0 days 02:04:23.763000
2024-06-23 14:10:41.241,9481,151,4,0,False,0,car,0 days 01:07:26.828000,0 days 02:04:23.923000
2024-06-23 14:10:41.641,9000,145,4,1,False,0,car,0 days 01:07:27.228000,0 days 02:04:24.323000
2024-06-23 14:10:41.841,9131,143,4,39,False,0,car,0 days 01:07:27.428000,0 days 02:04:24.523000
2024-06-23 14:10:42.001,9281,144,4,54,False,0,car,0 days 01:07:27.588000,0 days 02:04:24.683000
2024-06-23 14:10:42.281,9582,149,4,64,False,0,car,0 days 01:07:27.868000,0 days 02:04:24.963000
2024-06-23 14:10:42.561,9974,155,4,73,False,0,car,0 days 01:07:28.148000,0 days 02:04:25.243000
2024-06-23 14:10:42.801,9411,160,4,72,False,0,car,0 days 01:07:28.388000,0 days 02:04:25.483000
2024-06-23 14:10:42.961,8933,166,4,72,False,0,car,0 days 01:07:28.548000,0 days 02:04:25.643000
2024-06-23 14:10:43.201,9186,166,5,63,False,0,car,0 days 01:07:28.788000,0 days 02:04:25.883000
2024-06-23 14:10:43.481,9388,172,5,61,False,0,car,0 days 01:07:29.068000,0 days 02:04:26.163000
2024-06-23 14:10:43.681,9401,174,5,65,False,0,car,0 days 01:07:29.268000,0 days 02:04:26.363000
2024-06-23 14:10:43.961,9373,178,5,69,False,0,car,0 days 01:07:29.548000,0 days 02:04:26.643000
2024-06-23 14:10:44.361,10115,184,5,89,False,0,car,0 days 01:07:29.948000,0 days 02:04:27.043000
2024-06-23 14:10:44.721,10692,194,5,100,False,0,car,0 days 01:07:30.308000,0 days 02:04:27.403000
2024-06-23 14:10:45.001,11008,204,5,100,False,0,car,0 days 01:07:30.588000,0 days 02:04:27.683000
2024-06-23 14:10:45.161,11096,206,5,100,False,0,car,0 days 01:07:30.748000,0 days 02:04:27.843000
2024-06-23 14:10:45.441,10410,218,5,100,False,0,car,0 days 01:07:31.028000,0 days 02:04:28.123000
2024-06-23 14:10:45.641,10138,219,5,86,False,0,car,0 days 01:07:31.228000,0 days 02:04:28.323000
2024-06-23 14:10:45.921,10298,223,6,79,False,0,car,0 days 01:07:31.508000,0 days 02:04:28.603000
2024-06-23 14:10:46.081,10177,223,6,57,False,0,car,0 days 01:07:31.668000,0 days 02:04:28.763000
2024-06-23 14:10:46.361,10142,222,6,47,False,0,car,0 days 01:07:31.948000,0 days 02:04:29.043000
2024-06-23 14:10:46.601,10081,219,6,53,False,0,car,0 days 01:07:32.188000,0 days 02:04:29.283000
2024-06-23 14:10:46.801,9998,217,6,61,False,0,car,0 days 01:07:32.388000,0 days 02:04:29.483000
2024-06-23 14:10:47.081,10014,217,6,64,False,0,car,0 days 01:07:32.668000,0 days 02:04:29.763000
2024-06-23 14:10:47.280,10020,218,6,73,False,0,car,0 days 01:07:32.867000,0 days 02:04:29.962000
2024-06-23 14:10:47.521,10068,217,6,76,False,0,car,0 days 01:07:33.108000,0 days 02:04:30.203000
2024-06-23 14:10:47.761,10288,221,6,85,False,0,car,0 days 01:07:33.348000,0 days 02:04:30.443000
2024-06-23 14:10:48.041,10500,223,6,91,False,0,car,0 days 01:07:33.628000,0 days 02:04:30.723000
2024-06-23 14:10:48.241,10629,228,6,100,False,0,car,0 days 01:07:33.828000,0 days 02:04:30.923000
2024-06-23 14:10:48.681,10858,236,6,100,False,0,car,0 days 01:07:34.268000,0 days 02:04:31.363000
2024-06-23 14:10:48.841,11054,239,6,100,False,0,car,0 days 01:07:34.428000,0 days 02:04:31.523000
2024-06-23 14:10:49.041,11172,241,6,100,False,0,car,0 days 01:07:34.628000,0 days 02:04:31.723000
2024-06-23 14:10:49.521,11475,246,6,100,False,0,car,0 days 01:07:35.108000,0 days 02:04:32.203000
2024-06-23 14:10:49.801,11530,251,6,100,False,0,car,0 days 01:07:35.388000,0 days 02:04:32.483000
2024-06-23 14:10:50.081,11727,255,6,100,False,0,car,0 days 01:07:35.668000,0 days 02:04:32.763000
2024-06-23 14:10:50.321,10887,257,6,100,False,0,car,0 days 01:07:35.908000,0 days 02:04:33.003000
2024-06-23 14:10:50.481,10571,259,6,100,False,0,car,0 days 01:07:36.068000,0 days 02:04:33.163000
2024-06-23 14:10:50.641,10571,260,7,100,False,0,car,0 days 01:07:36.228000,0 days 02:04:33.323000
2024-06-23 14:10:50.841,10698,265,7,100,False,0,car,0 days 01:07:36.428000,0 days 02:04:33.523000
2024-06-23 14:10:51.081,10792,266,7,100,False,0,car,0 days 01:07:36.668000,0 days 02:04:33.763000
2024-06-23 14:10:51.361,10857,269,7,100,False,0,car,0 days 01:07:36.948000,0 days 02:04:34.043000
2024-06-23 14:10:51.721,10949,274,7,100,False,0,car,0 days 01:07:37.308000,0 days 02:04:34.403000
2024-06-23 14:10:51.961,11010,275,7,100,False,0,car,0 days 01:07:37.548000,0 days 02:04:34.643000
2024-06-23 14:10:52.121,11041,276,7,100,False,0,car,0 days 01:07:37.708000,0 days 02:04:34.803000
2024-06-23 14:10:52.321,11045,276,7,100,False,0,car,0 days 01:07:37.908000,0 days 02:04:35.003000
2024-06-23 14:10:52.641,11111,276,7,100,False,0,car,0 days 01:07:38.228000,0 days 02:04:35.323000
2024-06-23 14:10:52.801,11099,278,7,100,False,0,car,0 days 01:07:38.388000,0 days 02:04:35.483000
2024-06-23 14:10:53.121,11126,279,7,100,False,0,car,0 days 01:07:38.708000,0 days 02:04:35.803000
2024-06-23 14:10:53.321,11133,278,7,100,False,0,car,0 days 01:07:38.908000,0 days 02:04:36.003000
2024-06-23 14:10:53.561,10993,274,7,0,True,0,car,0 days 01:07:39.148000,0 days 02:04:36.243000
2024-06-23 14:10:53.801,10148,260,7,0,True,0,car,0 days 01:07:39.388000,0 days 02:04:36.483000
2024-06-23 14:10:54.121,9397,227,7,0,True,0,car,0 days 01:07:39.708000,0 days 02:04:36.803000
2024-06-23 14:10:54.361,9226,199,6,0,True,0,car,0 days 01:07:39.948000,0 days 02:04:37.043000
2024-06-23 14:10:54.641,9458,181,6,0,True,0,car,0 days 01:07:40.228000,0 days 02:04:37.323000
2024-06-23 14:10:55.041,10010,164,5,0,True,0,car,0 days 01:07:40.628000,0 days 02:04:37.723000
2024-06-23 14:10:55.241,9784,158,4,0,True,0,car,0 days 01:07:40.828000,0 days 02:04:37.923000
2024-06-23 14:10:55.401,9646,156,4,0,False,0,car,0 days 01:07:40.988000,0 days 02:04:38.083000
2024-06-23 14:10:55.721,9080,150,4,0,False,0,car,0 days 01:07:41.308000,0 days 02:04:38.403000
2024-06-23 14:10:55.961,8919,144,4,0,False,0,car,0 days 01:07:41.548000,0 days 02:04:38.643000
2024-06-23 14:10:56.321,8670,139,4,0,False,0,car,0 days 01:07:41.908000,0 days 02:04:39.003000
2024-06-23 14:10:56.521,8738,136,4,28,False,0,car,0 days 01:07:42.108000,0 days 02:04:39.203000
2024-06-23 14:10:56.961,8855,139,4,56,False,0,car,0 days 01:07:42.548000,0 days 02:04:39.643000
2024-06-23 14:10:57.121,9256,141,4,61,False,0,car,0 days 01:07:42.708000,0 days 02:04:39.803000
2024-06-23 14:10:57.561,9612,151,4,74,False,0,car,0 days 01:07:43.148000,0 days 02:04:40.243000
2024-06-23 14:10:57.801,10152,156,4,76,False,0,car,0 days 01:07:43.388000,0 days 02:04:40.483000
2024-06-23 14:10:58.201,10848,168,4,86,False,0,car,0 days 01:07:43.788000,0 days 02:04:40.883000
2024-06-23 14:10:58.481,11535,178,4,100,False,0,car,0 days 01:07:44.068000,0 days 02:04:41.163000
2024-06-23 14:10:58.841,10341,192,4,100,False,0,car,0 days 01:07:44.428000,0 days 02:04:41.523000
2024-06-23 14:10:59.161,10845,200,5,100,False,0,car,0 days 01:07:44.748000,0 days 02:04:41.843000
2024-06-23 14:10:59.321,11094,203,5,100,False,0,car,0 days 01:07:44.908000,0 days 02:04:42.003000
2024-06-23 14:10:59.641,11475,214,5,100,False,0,car,0 days 01:07:45.228000,0 days 02:04:42.323000
2024-06-23 14:10:59.841,11664,216,5,100,False,0,car,0 days 01:07:45.428000,0 days 02:04:42.523000
2024-06-23 14:11:00.001,11790,220,5,100,False,0,car,0 days 01:07:45.588000,0 days 02:04:42.683000
2024-06-23 14:11:00.321,10670,227,5,100,False,0,car,0 days 01:07:45.908000,0 days 02:04:43.003000
2024-06-23 14:11:00.561,10605,232,6,100,False,0,car,0 days 01:07:46.148000,0 days 02:04:43.243000
2024-06-23 14:11:00.721,10736,232,6,100,False,0,car,0 days 01:07:46.308000,0 days 02:04:43.403000
2024-06-23 14:11:00.921,10804,236,6,100,False,0,car,0 days 01:07:46.508000,0 days 02:04:43.603000
2024-06-23 14:11:01.241,10985,239,6,100,False,0,car,0 days 01:07:46.828000,0 days 02:04:43.923000
2024-06-23 14:11:01.481,11172,237,6,0,True,0,car,0 days 01:07:47.068000,0 days 02:04:44.163000
2024-06-23 14:11:01.721,10062,222,6,0,True,0,car,0 days 01:07:47.308000,0 days 02:04:44.403000
2024-06-23 14:11:02.001,9551,191,6,0,True,0,car,0 days 01:07:47.588000,0 days 02:04:44.683000
2024-06-23 14:11:02.281,9637,165,5,0,True,0,car,0 days 01:07:47.868000,0 days 02:04:44.963000
2024-06-23 14:11:02.441,9328,152,5,0,True,0,car,0 days 01:07:48.028000,0 days 02:04:45.123000
2024-06-23 14:11:02.681,9407,141,4,0,True,0,car,0 days 01:07:48.268000,0 days 02:04:45.363000
2024-06-23 14:11:03.081,9018,126,3,0,True,0,car,0 days 01:07:48.668000,0 days 02:04:45.763000
2024-06-23 14:11:03.561,8209,112,3,0,True,0,car,0 days 01:07:49.148000,0 days 02:04:46.243000
2024-06-23 14:11:03.801,7874,110,3,0,True,0,car,0 days 01:07:49.388000,0 days 02:04:46.483000
2024-06-23 14:11:04.121,7471,102,3,0,True,0,car,0 days 01:07:49.708000,0 days 02:04:46.803000
2024-06-23 14:11:04.521,7163,97,3,0,False,0,car,0 days 01:07:50.108000,0 days 02:04:47.203000
2024-06-23 14:11:04.961,7517,97,3,40,False,0,car,0 days 01:07:50.548000,0 days 02:04:47.643000
2024-06-23 14:11:05.121,7597,99,3,42,False,0,car,0 days 01:07:50.708000,0 days 02:04:47.803000
2024-06-23 14:11:05.401,8055,104,3,48,False,0,car,0 days 01:07:50.988000,0 days 02:04:48.083000
2024-06-23 14:11:05.721,8780,111,3,55,False,0,car,0 days 01:07:51.308000,0 days 02:04:48.403000
2024-06-23 14:11:05.921,8998,117,3,62,False,0,car,0 days 01:07:51.508000,0 days 02:04:48.603000
2024-06-23 14:11:06.241,9794,130,3,71,False,0,car,0 days 01:07:51.828000,0 days 02:04:48.923000
2024-06-23 14:11:06.641,9508,143,3,85,False,0,car,0 days 01:07:52.228000,0 days 02:04:49.323000
2024-06-23 14:11:06.841,10091,152,4,100,False,0,car,0 days 01:07:52.428000,0 days 02:04:49.523000
2024-06-23 14:11:07.242,11074,176,4,100,False,0,car,0 days 01:07:52.829000,0 days 02:04:49.924000
2024-06-23 14:11:07.441,11473,186,4,100,False,0,car,0 days 01:07:53.028000,0 days 02:04:50.123000
2024-06-23 14:11:07.641,10407,188,4,100,False,0,car,0 days 01:07:53.228000,0 days 02:04:50.323000
2024-06-23 14:11:07.841,10580,199,5,100,False,0,car,0 days 01:07:53.428000,0 days 02:04:50.523000
2024-06-23 14:11:08.081,10995,207,5,100,False,0,car,0 days 01:07:53.668000,0 days 02:04:50.763000
2024-06-23 14:11:08.481,11613,217,5,100,False,0,car,0 days 01:07:54.068000,0 days 02:04:51.163000
2024-06-23 14:11:08.841,10918,229,5,100,False,0,car,0 days 01:07:54.428000,0 days 02:04:51.523000
2024-06-23 14:11:09.121,10705,233,6,100,False,0,car,0 days 01:07:54.708000,0 days 02:04:51.803000
2024-06-23 14:11:09.521,11054,240,6,100,False,0,car,0 days 01:07:55.108000,0 days 02:04:52.203000
2024-06-23 14:11:09.801,11204,245,6,100,False,0,car,0 days 01:07:55.388000,0 days 02:04:52.483000
2024-06-23 14:11:10.001,11275,246,6,100,False,0,car,0 days 01:07:55.588000,0 days 02:04:52.683000
2024-06-23 14:11:10.361,11381,251,6,100,False,0,car,0 days 01:07:55.948000,0 days 02:04:53.043000
2024-06-23 14:11:10.721,11516,252,6,100,True,0,car,0 days 01:07:56.308000,0 days 02:04:53.403000
2024-06-23 14:11:11.041,9923,229,6,0,True,0,car,0 days 01:07:56.628000,0 days 02:04:53.723000
2024-06-23 14:11:11.241,9421,199,6,0,True,0,car,0 days 01:07:56.828000,0 days 02:04:53.923000
2024-06-23 14:11:11.481,9799,182,6,0,True,0,car,0 days 01:07:57.068000,0 days 02:04:54.163000
2024-06-23 14:11:11.681,10175,169,5,0,True,0,car,0 days 01:07:57.268000,0 days 02:04:54.363000
2024-06-23 14:11:11.921,9828,161,4,0,True,0,car,0 days 01:07:57.508000,0 days 02:04:54.603000
2024-06-23 14:11:12.201,9549,158,4,0,True,0,car,0 days 01:07:57.788000,0 days 02:04:54.883000
2024-06-23 14:11:12.481,9047,147,4,0,True,0,car,0 days 01:07:58.068000,0 days 02:04:55.163000
2024-06-23 14:11:12.721,8838,144,4,0,False,0,car,0 days 01:07:58.308000,0 days 02:04:55.403000
2024-06-23 14:11:13.001,8786,140,4,12,False,0,car,0 days 01:07:58.588000,0 days 02:04:55.683000
2024-06-23 14:11:13.441,8703,137,4,44,False,0,car,0 days 01:07:59.028000,0 days 02:04:56.123000
2024-06-23 14:11:13.641,8953,139,4,57,False,0,car,0 days 01:07:59.228000,0 days 02:04:56.323000
2024-06-23 14:11:13.802,9094,141,4,67,False,0,car,0 days 01:07:59.389000,0 days 02:04:56.484000
2024-06-23 14:11:14.161,9969,154,4,88,False,0,car,0 days 01:07:59.748000,0 days 02:04:56.843000
2024-06-23 14:11:14.321,10224,159,4,89,False,0,car,0 days 01:07:59.908000,0 days 02:04:57.003000
2024-06-23 14:11:14.641,10729,171,4,100,False,0,car,0 days 01:08:00.228000,0 days 02:04:57.323000
2024-06-23 14:11:14.801,11648,178,4,100,False,0,car,0 days 01:08:00.388000,0 days 02:04:57.483000
2024-06-23 14:11:15.041,10779,189,4,100,False,0,car,0 days 01:08:00.628000,0 days 02:04:57.723000
2024-06-23 14:11:15.281,10582,195,5,100,False,0,car,0 days 01:08:00.868000,0 days 02:04:57.963000
2024-06-23 14:11:15.481,10837,202,5,100,False,0,car,0 days 01:08:01.068000,0 days 02:04:58.163000
2024-06-23 14:11:15.841,11343,212,5,100,False,0,car,0 days 01:08:01.428000,0 days 02:04:58.523000
2024-06-23 14:11:16.001,11465,215,5,100,False,0,car,0 days 01:08:01.588000,0 days 02:04:58.683000
2024-06-23 14:11:16.241,11707,221,5,100,False,0,car,0 days 01:08:01.828000,0 days 02:04:58.923000
2024-06-23 14:11:16.481,11500,227,5,100,False,0,car,0 days 01:08:02.068000,0 days 02:04:59.163000
2024-06-23 14:11:16.761,10593,232,6,100,False,0,car,0 days 01:08:02.348000,0 days 02:04:59.443000
2024-06-23 14:11:17.121,10805,236,6,100,False,0,car,0 days 01:08:02.708000,0 days 02:04:59.803000
2024-06-23 14:11:17.521,10980,239,6,100,False,0,car,0 days 01:08:03.108000,0 days 02:05:00.203000
2024-06-23 14:11:17.721,11041,242,6,88,False,0,car,0 days 01:08:03.308000,0 days 02:05:00.403000
2024-06-23 14:11:17.961,10816,237,6,0,False,0,car,0 days 01:08:03.548000,0 days 02:05:00.643000
2024-06-23 14:11:18.241,10584,230,6,21,False,0,car,0 days 01:08:03.828000,0 days 02:05:00.923000
2024-06-23 14:11:18.401,10584,229,6,50,False,0,car,0 days 01:08:03.988000,0 days 02:05:01.083000
2024-06-23 14:11:18.601,10575,228,6,77,False,0,car,0 days 01:08:04.188000,0 days 02:05:01.283000
2024-06-23 14:11:18.921,10553,229,6,71,False,0,car,0 days 01:08:04.508000,0 days 02:05:01.603000
2024-06-23 14:11:19.121,10696,229,6,71,False,0,car,0 days 01:08:04.708000,0 days 02:05:01.803000
2024-06-23 14:11:19.401,10765,230,6,91,False,0,car,0 days 01:08:04.988000,0 days 02:05:02.083000
2024-06-23 14:11:19.641,10809,235,6,83,False,0,car,0 days 01:08:05.228000,0 days 02:05:02.323000
2024-06-23 14:11:19.961,11067,238,6,100,False,0,car,0 days 01:08:05.548000,0 days 02:05:02.643000
2024-06-23 14:11:20.241,11245,242,6,100,False,0,car,0 days 01:08:05.828000,0 days 02:05:02.923000
2024-06-23 14:11:20.482,11245,245,6,100,False,0,car,0 days 01:08:06.069000,0 days 02:05:03.164000
2024-06-23 14:11:20.801,11490,250,6,100,False,0,car,0 days 01:08:06.388000,0 days 02:05:03.483000
2024-06-23 14:11:21.081,11685,255,6,100,False,0,car,0 days 01:08:06.668000,0 days 02:05:03.763000
2024-06-23 14:11:21.441,10669,259,7,100,False,0,car,0 days 01:08:07.028000,0 days 02:05:04.123000
2024-06-23 14:11:21.881,10637,265,7,100,False,0,car,0 days 01:08:07.468000,0 days 02:05:04.563000
2024-06-23 14:11:22.081,10767,268,7,100,False,0,car,0 days 01:08:07.668000,0 days 02:05:04.763000
2024-06-23 14:11:22.321,10856,271,7,100,False,0,car,0 days 01:08:07.908000,0 days 02:05:05.003000
2024-06-23 14:11:22.641,11018,274,7,100,False,0,car,0 days 01:08:08.228000,0 days 02:05:05.323000
2024-06-23 14:11:22.801,11051,275,7,100,False,0,car,0 days 01:08:08.388000,0 days 02:05:05.483000
2024-06-23 14:11:23.201,11202,278,7,100,False,0,car,0 days 01:08:08.788000,0 days 02:05:05.883000
2024-06-23 14:11:23.361,11265,281,7,100,False,0,car,0 days 01:08:08.948000,0 days 02:05:06.043000
2024-06-23 14:11:23.641,11291,283,7,100,False,0,car,0 days 01:08:09.228000,0 days 02:05:06.323000
2024-06-23 14:11:23.801,11340,284,7,100,False,0,car,0 days 01:08:09.388000,0 days 02:05:06.483000
2024-06-23 14:11:24.081,11340,284,7,100,False,0,car,0 days 01:08:09.668000,0 days 02:05:06.763000
2024-06-23 14:11:24.521,11381,285,7,100,False,0,car,0 days 01:08:10.108000,0 days 02:05:07.203000
2024-06-23 14:11:24.681,11418,285,7,100,False,0,car,0 days 01:08:10.268000,0 days 02:05:07.363000
2024-06-23 14:11:24.881,11429,287,7,100,False,0,car,0 days 01:08:10.468000,0 days 02:05:07.563000
2024-06-23 14:11:25.041,11423,286,7,100,False,0,car,0 days 01:08:10.628000,0 days 02:05:07.723000
2024-06-23 14:11:25.321,11402,281,7,0,True,0,car,0 days 01:08:10.908000,0 days 02:05:08.003000
2024-06-23 14:11:25.721,10235,249,7,0,True,0,car,0 days 01:08:11.308000,0 days 02:05:08.403000
2024-06-23 14:11:25.961,9611,215,7,0,True,0,car,0 days 01:08:11.548000,0 days 02:05:08.643000
2024-06-23 14:11:26.201,9667,196,7,0,True,0,car,0 days 01:08:11.788000,0 days 02:05:08.883000
2024-06-23 14:11:26.481,10341,168,5,0,True,0,car,0 days 01:08:12.068000,0 days 02:05:09.163000
2024-06-23 14:11:26.681,9921,156,4,0,True,0,car,0 days 01:08:12.268000,0 days 02:05:09.363000
2024-06-23 14:11:26.881,9093,147,4,0,True,0,car,0 days 01:08:12.468000,0 days 02:05:09.563000
2024-06-23 14:11:27.202,9795,135,4,0,True,0,car,0 days 01:08:12.789000,0 days 02:05:09.884000
2024-06-23 14:11:27.442,9023,126,3,0,True,0,car,0 days 01:08:13.029000,0 days 02:05:10.124000
2024-06-23 14:11:27.721,8657,123,3,0,True,0,car,0 days 01:08:13.308000,0 days 02:05:10.403000
2024-06-23 14:11:27.881,8457,115,3,0,True,0,car,0 days 01:08:13.468000,0 days 02:05:10.563000
2024-06-23 14:11:28.121,8285,112,3,0,True,0,car,0 days 01:08:13.708000,0 days 02:05:10.803000
2024-06-23 14:11:28.441,7902,107,3,0,True,0,car,0 days 01:08:14.028000,0 days 02:05:11.123000
2024-06-23 14:11:28.601,7667,104,3,0,True,0,car,0 days 01:08:14.188000,0 days 02:05:11.283000
2024-06-23 14:11:28.801,7566,102,3,1,False,0,car,0 days 01:08:14.388000,0 days 02:05:11.483000
2024-06-23 14:11:29.041,7669,102,3,37,False,0,car,0 days 01:08:14.628000,0 days 02:05:11.723000
2024-06-23 14:11:29.201,7891,103,3,39,False,0,car,0 days 01:08:14.788000,0 days 02:05:11.883000
2024-06-23 14:11:29.481,8098,106,3,39,False,0,car,0 days 01:08:15.068000,0 days 02:05:12.163000
2024-06-23 14:11:29.761,8377,108,3,46,False,0,car,0 days 01:08:15.348000,0 days 02:05:12.443000
2024-06-23 14:11:30.041,8739,114,3,52,False,0,car,0 days 01:08:15.628000,0 days 02:05:12.723000
2024-06-23 14:11:30.321,9183,120,3,60,False,0,car,0 days 01:08:15.908000,0 days 02:05:13.003000
2024-06-23 14:11:30.681,9097,130,3,71,False,0,car,0 days 01:08:16.268000,0 days 02:05:13.363000
2024-06-23 14:11:31.001,8983,141,4,81,False,0,car,0 days 01:08:16.588000,0 days 02:05:13.683000
2024-06-23 14:11:31.201,9572,148,4,87,False,0,car,0 days 01:08:16.788000,0 days 02:05:13.883000
2024-06-23 14:11:31.441,10210,161,4,95,False,0,car,0 days 01:08:17.028000,0 days 02:05:14.123000
2024-06-23 14:11:31.641,10716,169,4,100,False,0,car,0 days 01:08:17.228000,0 days 02:05:14.323000
2024-06-23 14:11:31.841,11173,169,4,100,False,0,car,0 days 01:08:17.428000,0 days 02:05:14.523000
2024-06-23 14:11:32.161,11664,187,4,100,False,0,car,0 days 01:08:17.748000,0 days 02:05:14.843000
2024-06-23 14:11:32.401,11104,193,4,100,False,0,car,0 days 01:08:17.988000,0 days 02:05:15.083000
2024-06-23 14:11:32.601,10451,197,5,100,False,0,car,0 days 01:08:18.188000,0 days 02:05:15.283000
2024-06-23 14:11:32.961,9797,197,5,0,True,0,car,0 days 01:08:18.548000,0 days 02:05:15.643000
2024-06-23 14:11:33.121,9976,190,5,0,True,0,car,0 days 01:08:18.708000,0 days 02:05:15.803000
2024-06-23 14:11:33.281,9259,180,5,0,True,0,car,0 days 01:08:18.868000,0 days 02:05:15.963000
2024-06-23 14:11:33.522,9710,169,5,0,True,0,car,0 days 01:08:19.109000,0 days 02:05:16.204000
2024-06-23 14:11:33.682,9819,159,5,0,True,0,car,0 days 01:08:19.269000,0 days 02:05:16.364000
2024-06-23 14:11:34.002,9241,152,4,0,True,0,car,0 days 01:08:19.589000,0 days 02:05:16.684000
2024-06-23 14:11:34.321,8546,141,4,0,True,0,car,0 days 01:08:19.908000,0 days 02:05:17.003000
2024-06-23 14:11:34.601,8309,133,4,0,True,0,car,0 days 01:08:20.188000,0 days 02:05:17.283000
2024-06-23 14:11:34.841,8056,129,4,0,False,0,car,0 days 01:08:20.428000,0 days 02:05:17.523000
2024-06-23 14:11:35.081,7861,126,4,0,False,0,car,0 days 01:08:20.668000,0 days 02:05:17.763000
2024-06-23 14:11:35.441,7615,123,4,0,False,0,car,0 days 01:08:21.028000,0 days 02:05:18.123000
2024-06-23 14:11:35.841,7578,116,4,14,False,0,car,0 days 01:08:21.428000,0 days 02:05:18.523000
2024-06-23 14:11:36.241,7565,119,4,42,False,0,car,0 days 01:08:21.828000,0 days 02:05:18.923000
2024-06-23 14:11:36.481,7887,120,4,47,False,0,car,0 days 01:08:22.068000,0 days 02:05:19.163000
2024-06-23 14:11:36.641,8087,122,4,50,False,0,car,0 days 01:08:22.228000,0 days 02:05:19.323000
2024-06-23 14:11:37.001,8461,130,4,61,False,0,car,0 days 01:08:22.588000,0 days 02:05:19.683000
2024-06-23 14:11:37.201,8461,134,4,61,False,0,car,0 days 01:08:22.788000,0 days 02:05:19.883000
2024-06-23 14:11:37.561,9349,145,4,74,False,0,car,0 days 01:08:23.148000,0 days 02:05:20.243000
2024-06-23 14:11:37.801,9668,153,4,79,False,0,car,0 days 01:08:23.388000,0 days 02:05:20.483000
2024-06-23 14:11:38.001,10387,160,4,85,False,0,car,0 days 01:08:23.588000,0 days 02:05:20.683000
2024-06-23 14:11:38.241,10730,171,4,100,False,0,car,0 days 01:08:23.828000,0 days 02:05:20.923000
2024-06-23 14:11:38.681,10555,180,4,100,False,0,car,0 days 01:08:24.268000,0 days 02:05:21.363000
2024-06-23 14:11:38.881,10581,196,5,100,False,0,car,0 days 01:08:24.468000,0 days 02:05:21.563000
2024-06-23 14:11:39.081,10911,199,5,100,False,0,car,0 days 01:08:24.668000,0 days 02:05:21.763000
2024-06-23 14:11:39.321,11189,209,5,100,False,0,car,0 days 01:08:24.908000,0 days 02:05:22.003000
2024-06-23 14:11:39.561,11800,218,5,100,False,0,car,0 days 01:08:25.148000,0 days 02:05:22.243000
2024-06-23 14:11:39.841,11663,222,5,100,False,0,car,0 days 01:08:25.428000,0 days 02:05:22.523000
2024-06-23 14:11:40.122,11663,230,6,100,False,0,car,0 days 01:08:25.709000,0 days 02:05:22.804000
2024-06-23 14:11:40.282,10853,234,6,100,False,0,car,0 days 01:08:25.869000,0 days 02:05:22.964000
2024-06-23 14:11:40.442,10986,235,6,100,False,0,car,0 days 01:08:26.029000,0 days 02:05:23.124000
2024-06-23 14:11:40.762,11328,244,6,100,False,0,car,0 days 01:08:26.349000,0 days 02:05:23.444000
2024-06-23 14:11:40.922,11326,242,6,100,False,0,car,0 days 01:08:26.509000,0 days 02:05:23.604000
2024-06-23 14:11:41.281,11530,249,6,100,False,0,car,0 days 01:08:26.868000,0 days 02:05:23.963000
2024-06-23 14:11:41.561,11655,254,6,100,False,0,car,0 days 01:08:27.148000,0 days 02:05:24.243000
2024-06-23 14:11:41.881,10535,255,6,100,False,0,car,0 days 01:08:27.468000,0 days 02:05:24.563000
2024-06-23 14:11:42.121,10290,257,7,100,False,0,car,0 days 01:08:27.708000,0 days 02:05:24.803000
2024-06-23 14:11:42.481,10441,259,7,100,False,0,car,0 days 01:08:28.068000,0 days 02:05:25.163000
2024-06-23 14:11:42.721,10479,261,7,100,False,0,car,0 days 01:08:28.308000,0 days 02:05:25.403000
2024-06-23 14:11:42.961,10573,263,7,100,False,0,car,0 days 01:08:28.548000,0 days 02:05:25.643000
2024-06-23 14:11:43.201,10550,266,7,100,False,0,car,0 days 01:08:28.788000,0 days 02:05:25.883000
2024-06-23 14:11:43.401,10673,266,7,100,False,0,car,0 days 01:08:28.988000,0 days 02:05:26.083000
2024-06-23 14:11:43.641,10510,267,7,38,False,0,car,0 days 01:08:29.228000,0 days 02:05:26.323000
2024-06-23 14:11:44.001,10663,259,7,0,False,0,car,0 days 01:08:29.588000,0 days 02:05:26.683000
2024-06-23 14:11:44.241,11427,248,7,7,False,0,car,0 days 01:08:29.828000,0 days 02:05:26.923000
2024-06-23 14:11:44.481,11254,246,6,65,False,0,car,0 days 01:08:30.068000,0 days 02:05:27.163000
2024-06-23 14:11:44.881,11337,244,6,77,False,0,car,0 days 01:08:30.468000,0 days 02:05:27.563000
2024-06-23 14:11:45.241,11321,246,6,88,False,0,car,0 days 01:08:30.828000,0 days 02:05:27.923000
2024-06-23 14:11:45.481,11446,247,6,100,False,0,car,0 days 01:08:31.068000,0 days 02:05:28.163000
2024-06-23 14:11:45.881,11549,250,6,100,False,0,car,0 days 01:08:31.468000,0 days 02:05:28.563000
2024-06-23 14:11:46.041,11604,251,6,100,False,0,car,0 days 01:08:31.628000,0 days 02:05:28.723000
2024-06-23 14:11:46.321,11000,254,6,100,False,0,car,0 days 01:08:31.908000,0 days 02:05:29.003000
2024-06-23 14:11:46.521,10360,255,6,100,False,0,car,0 days 01:08:32.108000,0 days 02:05:29.203000
2024-06-23 14:11:46.882,10467,262,7,100,False,0,car,0 days 01:08:32.469000,0 days 02:05:29.564000
2024-06-23 14:11:47.082,10520,264,7,100,False,0,car,0 days 01:08:32.669000,0 days 02:05:29.764000
2024-06-23 14:11:47.362,10682,267,7,100,False,0,car,0 days 01:08:32.949000,0 days 02:05:30.044000
2024-06-23 14:11:47.682,10842,270,7,100,False,0,car,0 days 01:08:33.269000,0 days 02:05:30.364000
2024-06-23 14:11:47.881,10894,271,7,100,False,0,car,0 days 01:08:33.468000,0 days 02:05:30.563000
2024-06-23 14:11:48.321,11064,275,7,100,False,0,car,0 days 01:08:33.908000,0 days 02:05:31.003000
2024-06-23 14:11:48.601,11175,279,7,100,False,0,car,0 days 01:08:34.188000,0 days 02:05:31.283000
2024-06-23 14:11:48.881,11233,280,7,100,False,0,car,0 days 01:08:34.468000,0 days 02:05:31.563000
2024-06-23 14:11:49.041,11258,281,7,100,False,0,car,0 days 01:08:34.628000,0 days 02:05:31.723000
2024-06-23 14:11:49.401,11362,282,7,100,False,0,car,0 days 01:08:34.988000,0 days 02:05:32.083000
2024-06-23 14:11:49.761,11454,285,7,100,False,0,car,0 days 01:08:35.348000,0 days 02:05:32.443000
2024-06-23 14:11:49.921,11454,286,7,100,False,0,car,0 days 01:08:35.508000,0 days 02:05:32.603000
2024-06-23 14:11:50.161,11485,287,7,100,False,0,car,0 days 01:08:35.748000,0 days 02:05:32.843000
2024-06-23 14:11:50.441,11569,289,7,100,False,0,car,0 days 01:08:36.028000,0 days 02:05:33.123000
2024-06-23 14:11:50.641,11583,290,7,100,False,0,car,0 days 01:08:36.228000,0 days 02:05:33.323000
2024-06-23 14:11:50.841,11583,291,7,100,False,0,car,0 days 01:08:36.428000,0 days 02:05:33.523000
2024-06-23 14:11:51.241,11697,291,7,100,False,0,car,0 days 01:08:36.828000,0 days 02:05:33.923000
2024-06-23 14:11:51.521,11719,293,7,100,False,0,car,0 days 01:08:37.108000,0 days 02:05:34.203000
2024-06-23 14:11:51.681,11299,293,7,100,False,0,car,0 days 01:08:37.268000,0 days 02:05:34.363000
2024-06-23 14:11:51.961,10442,293,8,100,False,0,car,0 days 01:08:37.548000,0 days 02:05:34.643000
2024-06-23 14:11:52.201,10456,295,8,100,False,0,car,0 days 01:08:37.788000,0 days 02:05:34.883000
2024-06-23 14:11:52.401,10492,295,8,100,False,0,car,0 days 01:08:37.988000,0 days 02:05:35.083000
2024-06-23 14:11:52.681,10523,296,8,100,False,0,car,0 days 01:08:38.268000,0 days 02:05:35.363000
2024-06-23 14:11:53.001,10591,297,8,100,False,0,car,0 days 01:08:38.588000,0 days 02:05:35.683000
2024-06-23 14:11:53.522,10637,297,8,100,False,0,car,0 days 01:08:39.109000,0 days 02:05:36.204000
2024-06-23 14:11:53.722,10617,299,8,100,False,0,car,0 days 01:08:39.309000,0 days 02:05:36.404000
2024-06-23 14:11:53.882,10648,299,8,100,False,0,car,0 days 01:08:39.469000,0 days 02:05:36.564000
2024-06-23 14:11:54.042,10648,299,8,100,False,0,car,0 days 01:08:39.629000,0 days 02:05:36.724000
2024-06-23 14:11:54.282,10696,300,8,100,False,0,car,0 days 01:08:39.869000,0 days 02:05:36.964000
2024-06-23 14:11:54.481,10704,300,8,100,False,0,car,0 days 01:08:40.068000,0 days 02:05:37.163000
2024-06-23 14:11:54.641,10696,300,8,100,False,0,car,0 days 01:08:40.228000,0 days 02:05:37.323000
2024-06-23 14:11:54.841,10697,300,8,100,False,0,car,0 days 01:08:40.428000,0 days 02:05:37.523000
2024-06-23 14:11:55.001,10678,301,8,100,False,0,car,0 days 01:08:40.588000,0 days 02:05:37.683000
2024-06-23 14:11:55.201,10695,300,8,100,False,0,car,0 days 01:08:40.788000,0 days 02:05:37.883000
2024-06-23 14:11:55.561,10665,300,8,100,False,0,car,0 days 01:08:41.148000,0 days 02:05:38.243000
2024-06-23 14:11:55.721,10653,300,8,100,False,0,car,0 days 01:08:41.308000,0 days 02:05:38.403000
2024-06-23 14:11:55.881,10624,299,8,100,False,0,car,0 days 01:08:41.468000,0 days 02:05:38.563000
2024-06-23 14:11:56.041,10576,298,8,100,False,0,car,0 days 01:08:41.628000,0 days 02:05:38.723000
2024-06-23 14:11:56.321,10612,298,8,100,False,0,car,0 days 01:08:41.908000,0 days 02:05:39.003000
2024-06-23 14:11:56.601,10546,297,8,100,False,0,car,0 days 01:08:42.188000,0 days 02:05:39.283000
2024-06-23 14:11:56.841,10508,296,8,100,False,0,car,0 days 01:08:42.428000,0 days 02:05:39.523000
2024-06-23 14:11:57.081,10521,296,8,100,False,0,car,0 days 01:08:42.668000,0 days 02:05:39.763000
2024-06-23 14:11:57.401,10469,295,8,100,False,0,car,0 days 01:08:42.988000,0 days 02:05:40.083000
2024-06-23 14:11:57.641,10392,294,8,100,False,0,car,0 days 01:08:43.228000,0 days 02:05:40.323000
2024-06-23 14:11:57.841,10290,288,8,0,False,0,car,0 days 01:08:43.428000,0 days 02:05:40.523000
2024-06-23 14:11:58.161,9729,268,8,0,True,0,car,0 days 01:08:43.748000,0 days 02:05:40.843000
2024-06-23 14:11:58.361,8749,244,8,0,True,0,car,0 days 01:08:43.948000,0 days 02:05:41.043000
2024-06-23 14:11:58.681,9374,209,8,0,True,0,car,0 days 01:08:44.268000,0 days 02:05:41.363000
2024-06-23 14:11:59.081,9133,179,6,0,True,0,car,0 days 01:08:44.668000,0 days 02:05:41.763000
2024-06-23 14:11:59.241,8970,172,6,0,True,0,car,0 days 01:08:44.828000,0 days 02:05:41.923000
2024-06-23 14:11:59.441,9780,159,6,0,True,0,car,0 days 01:08:45.028000,0 days 02:05:42.123000
2024-06-23 14:11:59.681,9395,154,4,0,True,0,car,0 days 01:08:45.268000,0 days 02:05:42.363000
2024-06-23 14:11:59.842,9248,148,4,0,False,0,car,0 days 01:08:45.429000,0 days 02:05:42.524000
2024-06-23 14:12:00.162,8965,144,4,13,False,0,car,0 days 01:08:45.749000,0 days 02:05:42.844000
2024-06-23 14:12:00.402,8726,143,4,32,False,0,car,0 days 01:08:45.989000,0 days 02:05:43.084000
2024-06-23 14:12:00.562,9006,141,4,48,False,0,car,0 days 01:08:46.149000,0 days 02:05:43.244000
2024-06-23 14:12:00.962,9463,146,4,64,False,0,car,0 days 01:08:46.549000,0 days 02:05:43.644000
2024-06-23 14:12:01.122,9444,149,4,65,False,0,car,0 days 01:08:46.709000,0 days 02:05:43.804000
2024-06-23 14:12:01.321,9968,153,4,74,False,0,car,0 days 01:08:46.908000,0 days 02:05:44.003000
2024-06-23 14:12:01.681,9006,166,4,75,False,0,car,0 days 01:08:47.268000,0 days 02:05:44.363000
2024-06-23 14:12:02.001,9166,171,5,60,False,0,car,0 days 01:08:47.588000,0 days 02:05:44.683000
2024-06-23 14:12:02.441,9515,175,5,62,False,0,car,0 days 01:08:48.028000,0 days 02:05:45.123000
2024-06-23 14:12:02.641,9520,177,5,65,False,0,car,0 days 01:08:48.228000,0 days 02:05:45.323000
2024-06-23 14:12:02.841,9732,178,5,71,False,0,car,0 days 01:08:48.428000,0 days 02:05:45.523000
2024-06-23 14:12:03.081,9911,183,5,75,False,0,car,0 days 01:08:48.668000,0 days 02:05:45.763000
2024-06-23 14:12:03.321,10039,186,5,75,False,0,car,0 days 01:08:48.908000,0 days 02:05:46.003000
2024-06-23 14:12:03.641,10435,191,5,83,False,0,car,0 days 01:08:49.228000,0 days 02:05:46.323000
2024-06-23 14:12:04.001,10941,204,5,100,False,0,car,0 days 01:08:49.588000,0 days 02:05:46.683000
2024-06-23 14:12:04.281,11398,213,5,100,False,0,car,0 days 01:08:49.868000,0 days 02:05:46.963000
2024-06-23 14:12:04.721,10176,219,5,83,False,0,car,0 days 01:08:50.308000,0 days 02:05:47.403000
2024-06-23 14:12:04.881,10243,222,6,80,False,0,car,0 days 01:08:50.468000,0 days 02:05:47.563000
2024-06-23 14:12:05.321,9826,223,6,19,False,0,car,0 days 01:08:50.908000,0 days 02:05:48.003000
2024-06-23 14:12:05.681,9750,217,6,0,False,0,car,0 days 01:08:51.268000,0 days 02:05:48.363000
2024-06-23 14:12:05.881,9511,210,6,19,False,0,car,0 days 01:08:51.468000,0 days 02:05:48.563000
2024-06-23 14:12:06.081,9681,208,6,58,False,0,car,0 days 01:08:51.668000,0 days 02:05:48.763000
2024-06-23 14:12:06.482,9578,207,6,72,False,0,car,0 days 01:08:52.069000,0 days 02:05:49.164000
2024-06-23 14:12:06.682,9779,208,6,79,False,0,car,0 days 01:08:52.269000,0 days 02:05:49.364000
2024-06-23 14:12:06.882,9816,211,6,85,False,0,car,0 days 01:08:52.469000,0 days 02:05:49.564000
2024-06-23 14:12:07.122,9983,215,6,100,False,0,car,0 days 01:08:52.709000,0 days 02:05:49.804000
2024-06-23 14:12:07.402,10331,222,6,100,False,0,car,0 days 01:08:52.989000,0 days 02:05:50.084000
2024-06-23 14:12:07.682,10567,227,6,100,False,0,car,0 days 01:08:53.269000,0 days 02:05:50.364000
2024-06-23 14:12:07.921,10666,231,6,100,False,0,car,0 days 01:08:53.508000,0 days 02:05:50.603000
2024-06-23 14:12:08.081,10902,235,6,100,False,0,car,0 days 01:08:53.668000,0 days 02:05:50.763000
2024-06-23 14:12:08.281,11014,238,6,100,False,0,car,0 days 01:08:53.868000,0 days 02:05:50.963000
2024-06-23 14:12:08.441,11154,242,6,100,False,0,car,0 days 01:08:54.028000,0 days 02:05:51.123000
2024-06-23 14:12:08.681,11312,245,6,100,False,0,car,0 days 01:08:54.268000,0 days 02:05:51.363000
2024-06-23 14:12:09.041,11580,251,6,100,False,0,car,0 days 01:08:54.628000,0 days 02:05:51.723000
2024-06-23 14:12:09.201,11603,251,6,100,False,0,car,0 days 01:08:54.788000,0 days 02:05:51.883000
2024-06-23 14:12:09.361,11706,255,6,100,False,0,car,0 days 01:08:54.948000,0 days 02:05:52.043000
2024-06-23 14:12:09.681,11351,258,6,100,False,0,car,0 days 01:08:55.268000,0 days 02:05:52.363000
2024-06-23 14:12:10.001,10069,258,7,100,False,0,car,0 days 01:08:55.588000,0 days 02:05:52.683000
2024-06-23 14:12:10.161,10733,265,7,100,False,0,car,0 days 01:08:55.748000,0 days 02:05:52.843000
2024-06-23 14:12:10.481,10771,268,7,100,False,0,car,0 days 01:08:56.068000,0 days 02:05:53.163000
2024-06-23 14:12:10.801,10885,272,7,100,False,0,car,0 days 01:08:56.388000,0 days 02:05:53.483000
2024-06-23 14:12:10.961,10938,272,7,100,False,0,car,0 days 01:08:56.548000,0 days 02:05:53.643000
2024-06-23 14:12:11.201,10939,275,7,100,False,0,car,0 days 01:08:56.788000,0 days 02:05:53.883000
2024-06-23 14:12:11.521,11000,276,7,100,False,0,car,0 days 01:08:57.108000,0 days 02:05:54.203000
2024-06-23 14:12:11.801,11059,276,7,100,False,0,car,0 days 01:08:57.388000,0 days 02:05:54.483000
2024-06-23 14:12:12.121,11101,277,7,100,False,0,car,0 days 01:08:57.708000,0 days 02:05:54.803000
2024-06-23 14:12:12.361,11063,277,7,64,False,0,car,0 days 01:08:57.948000,0 days 02:05:55.043000
2024-06-23 14:12:12.681,10909,260,7,0,True,0,car,0 days 01:08:58.268000,0 days 02:05:55.363000
2024-06-23 14:12:12.921,10209,241,7,0,True,0,car,0 days 01:08:58.508000,0 days 02:05:55.603000
2024-06-23 14:12:13.122,9857,219,7,0,True,0,car,0 days 01:08:58.709000,0 days 02:05:55.804000
2024-06-23 14:12:13.402,9470,193,6,0,True,0,car,0 days 01:08:58.989000,0 days 02:05:56.084000
2024-06-23 14:12:13.682,9341,176,5,0,True,0,car,0 days 01:08:59.269000,0 days 02:05:56.364000
2024-06-23 14:12:14.002,8421,165,5,0,True,0,car,0 days 01:08:59.589000,0 days 02:05:56.684000
2024-06-23 14:12:14.162,9401,159,5,0,True,0,car,0 days 01:08:59.749000,0 days 02:05:56.844000
2024-06-23 14:12:14.442,9425,159,4,0,False,0,car,0 days 01:09:00.029000,0 days 02:05:57.124000
2024-06-23 14:12:14.681,9240,148,4,0,False,0,car,0 days 01:09:00.268000,0 days 02:05:57.363000
2024-06-23 14:12:15.001,8803,142,4,0,True,0,car,0 days 01:09:00.588000,0 days 02:05:57.683000
2024-06-23 14:12:15.241,8606,140,4,0,False,0,car,0 days 01:09:00.828000,0 days 02:05:57.923000
2024-06-23 14:12:15.641,8580,133,4,30,False,0,car,0 days 01:09:01.228000,0 days 02:05:58.323000
2024-06-23 14:12:15.961,8700,135,4,53,False,0,car,0 days 01:09:01.548000,0 days 02:05:58.643000
2024-06-23 14:12:16.281,9020,139,4,61,False,0,car,0 days 01:09:01.868000,0 days 02:05:58.963000
2024-06-23 14:12:16.601,9324,145,4,67,False,0,car,0 days 01:09:02.188000,0 days 02:05:59.283000
2024-06-23 14:12:16.961,9960,155,4,80,False,0,car,0 days 01:09:02.548000,0 days 02:05:59.643000
2024-06-23 14:12:17.281,10828,165,4,100,False,0,car,0 days 01:09:02.868000,0 days 02:05:59.963000
2024-06-23 14:12:17.441,11105,174,4,100,False,0,car,0 days 01:09:03.028000,0 days 02:06:00.123000
2024-06-23 14:12:17.641,11486,180,4,100,False,0,car,0 days 01:09:03.228000,0 days 02:06:00.323000
2024-06-23 14:12:17.881,11161,187,4,100,False,0,car,0 days 01:09:03.468000,0 days 02:06:00.563000
2024-06-23 14:12:18.161,10530,197,5,100,False,0,car,0 days 01:09:03.748000,0 days 02:06:00.843000
2024-06-23 14:12:18.521,10983,205,5,100,False,0,car,0 days 01:09:04.108000,0 days 02:06:01.203000
2024-06-23 14:12:18.681,11275,207,5,100,False,0,car,0 days 01:09:04.268000,0 days 02:06:01.363000
2024-06-23 14:12:18.881,11491,215,5,100,False,0,car,0 days 01:09:04.468000,0 days 02:06:01.563000
2024-06-23 14:12:19.121,11735,218,5,100,False,0,car,0 days 01:09:04.708000,0 days 02:06:01.803000
2024-06-23 14:12:19.361,10849,223,5,100,False,0,car,0 days 01:09:04.948000,0 days 02:06:02.043000
2024-06-23 14:12:19.642,10587,230,5,100,False,0,car,0 days 01:09:05.229000,0 days 02:06:02.324000
2024-06-23 14:12:19.842,10666,233,6,100,False,0,car,0 days 01:09:05.429000,0 days 02:06:02.524000
2024-06-23 14:12:20.202,10869,238,6,100,False,0,car,0 days 01:09:05.789000,0 days 02:06:02.884000
2024-06-23 14:12:20.402,10918,239,6,100,False,0,car,0 days 01:09:05.989000,0 days 02:06:03.084000
2024-06-23 14:12:20.802,10933,229,6,0,True,0,car,0 days 01:09:06.389000,0 days 02:06:03.484000
2024-06-23 14:12:20.962,9813,206,6,0,True,0,car,0 days 01:09:06.549000,0 days 02:06:03.644000
2024-06-23 14:12:21.162,9088,186,6,0,True,0,car,0 days 01:09:06.749000,0 days 02:06:03.844000
2024-06-23 14:12:21.641,9316,147,5,0,True,0,car,0 days 01:09:07.228000,0 days 02:06:04.323000
2024-06-23 14:12:21.801,9876,142,4,0,True,0,car,0 days 01:09:07.388000,0 days 02:06:04.483000
2024-06-23 14:12:22.001,9453,133,4,0,True,0,car,0 days 01:09:07.588000,0 days 02:06:04.683000
2024-06-23 14:12:22.281,8819,123,3,0,True,0,car,0 days 01:09:07.868000,0 days 02:06:04.963000
2024-06-23 14:12:22.521,8736,117,3,0,True,0,car,0 days 01:09:08.108000,0 days 02:06:05.203000
2024-06-23 14:12:22.881,8156,109,3,0,True,0,car,0 days 01:09:08.468000,0 days 02:06:05.563000
2024-06-23 14:12:23.081,7842,108,3,0,True,0,car,0 days 01:09:08.668000,0 days 02:06:05.763000
2024-06-23 14:12:23.241,7455,108,3,0,True,0,car,0 days 01:09:08.828000,0 days 02:06:05.923000
2024-06-23 14:12:23.401,7293,100,3,0,True,0,car,0 days 01:09:08.988000,0 days 02:06:06.083000
2024-06-23 14:12:23.641,7201,95,3,0,False,0,car,0 days 01:09:09.228000,0 days 02:06:06.323000
2024-06-23 14:12:23.881,7220,94,3,23,False,0,car,0 days 01:09:09.468000,0 days 02:06:06.563000
2024-06-23 14:12:24.121,7340,96,3,37,False,0,car,0 days 01:09:09.708000,0 days 02:06:06.803000
2024-06-23 14:12:24.321,7571,99,3,40,False,0,car,0 days 01:09:09.908000,0 days 02:06:07.003000
2024-06-23 14:12:24.681,8049,105,3,46,False,0,car,0 days 01:09:10.268000,0 days 02:06:07.363000
2024-06-23 14:12:24.961,8630,112,3,59,False,0,car,0 days 01:09:10.548000,0 days 02:06:07.643000
2024-06-23 14:12:25.161,8910,115,3,65,False,0,car,0 days 01:09:10.748000,0 days 02:06:07.843000
2024-06-23 14:12:25.441,9833,124,3,73,False,0,car,0 days 01:09:11.028000,0 days 02:06:08.123000
2024-06-23 14:12:25.721,10916,138,3,90,False,0,car,0 days 01:09:11.308000,0 days 02:06:08.403000
2024-06-23 14:12:26.121,10349,152,4,100,False,0,car,0 days 01:09:11.708000,0 days 02:06:08.803000
2024-06-23 14:12:26.362,11073,173,4,100,False,0,car,0 days 01:09:11.949000,0 days 02:06:09.044000
2024-06-23 14:12:26.762,11538,185,4,100,False,0,car,0 days 01:09:12.349000,0 days 02:06:09.444000
2024-06-23 14:12:26.922,10418,185,4,100,False,0,car,0 days 01:09:12.509000,0 days 02:06:09.604000
2024-06-23 14:12:27.242,10941,207,5,100,False,0,car,0 days 01:09:12.829000,0 days 02:06:09.924000
2024-06-23 14:12:27.482,11345,210,5,100,False,0,car,0 days 01:09:13.069000,0 days 02:06:10.164000
2024-06-23 14:12:27.762,11742,218,5,100,False,0,car,0 days 01:09:13.349000,0 days 02:06:10.444000
2024-06-23 14:12:27.962,11878,225,5,100,False,0,car,0 days 01:09:13.549000,0 days 02:06:10.644000
2024-06-23 14:12:28.401,10883,236,6,100,False,0,car,0 days 01:09:13.988000,0 days 02:06:11.083000
2024-06-23 14:12:28.761,11113,243,6,100,False,0,car,0 days 01:09:14.348000,0 days 02:06:11.443000
2024-06-23 14:12:29.201,11310,247,6,100,False,0,car,0 days 01:09:14.788000,0 days 02:06:11.883000
2024-06-23 14:12:29.361,11407,248,6,100,False,0,car,0 days 01:09:14.948000,0 days 02:06:12.043000
2024-06-23 14:12:29.521,11465,249,6,100,False,0,car,0 days 01:09:15.108000,0 days 02:06:12.203000
2024-06-23 14:12:29.881,11074,252,6,0,True,0,car,0 days 01:09:15.468000,0 days 02:06:12.563000
2024-06-23 14:12:30.281,10485,215,6,0,True,0,car,0 days 01:09:15.868000,0 days 02:06:12.963000
2024-06-23 14:12:30.481,9206,205,6,0,True,0,car,0 days 01:09:16.068000,0 days 02:06:13.163000
2024-06-23 14:12:30.641,9406,180,5,0,True,0,car,0 days 01:09:16.228000,0 days 02:06:13.323000
2024-06-23 14:12:31.001,9885,163,5,0,True,0,car,0 days 01:09:16.588000,0 days 02:06:13.683000
2024-06-23 14:12:31.201,9531,155,4,0,True,0,car,0 days 01:09:16.788000,0 days 02:06:13.883000
2024-06-23 14:12:31.521,9206,149,4,0,False,0,car,0 days 01:09:17.108000,0 days 02:06:14.203000
2024-06-23 14:12:31.841,8911,143,4,0,False,0,car,0 days 01:09:17.428000,0 days 02:06:14.523000
2024-06-23 14:12:32.041,8747,140,4,0,False,0,car,0 days 01:09:17.628000,0 days 02:06:14.723000
2024-06-23 14:12:32.201,8641,140,4,8,False,0,car,0 days 01:09:17.788000,0 days 02:06:14.883000
2024-06-23 14:12:32.521,8831,136,4,39,False,0,car,0 days 01:09:18.108000,0 days 02:06:15.203000
2024-06-23 14:12:32.962,9147,140,4,68,False,0,car,0 days 01:09:18.549000,0 days 02:06:15.644000
2024-06-23 14:12:33.162,9406,145,4,73,False,0,car,0 days 01:09:18.749000,0 days 02:06:15.844000
2024-06-23 14:12:33.322,9576,148,4,74,False,0,car,0 days 01:09:18.909000,0 days 02:06:16.004000
2024-06-23 14:12:33.602,10497,159,4,99,False,0,car,0 days 01:09:19.189000,0 days 02:06:16.284000
2024-06-23 14:12:33.842,10923,172,4,100,False,0,car,0 days 01:09:19.429000,0 days 02:06:16.524000
2024-06-23 14:12:34.202,11721,182,4,100,False,0,car,0 days 01:09:19.789000,0 days 02:06:16.884000
2024-06-23 14:12:34.362,10741,186,4,100,False,0,car,0 days 01:09:19.949000,0 days 02:06:17.044000
2024-06-23 14:12:34.562,10551,196,5,100,False,0,car,0 days 01:09:20.149000,0 days 02:06:17.244000
2024-06-23 14:12:34.762,10903,203,5,100,False,0,car,0 days 01:09:20.349000,0 days 02:06:17.444000
2024-06-23 14:12:35.161,11457,214,5,100,False,0,car,0 days 01:09:20.748000,0 days 02:06:17.843000
2024-06-23 14:12:35.361,11709,219,5,100,False,0,car,0 days 01:09:20.948000,0 days 02:06:18.043000
2024-06-23 14:12:35.561,11969,224,5,100,False,0,car,0 days 01:09:21.148000,0 days 02:06:18.243000
2024-06-23 14:12:35.721,11269,227,5,100,False,0,car,0 days 01:09:21.308000,0 days 02:06:18.403000
2024-06-23 14:12:36.001,10654,233,6,100,False,0,car,0 days 01:09:21.588000,0 days 02:06:18.683000
2024-06-23 14:12:36.401,10933,238,6,100,False,0,car,0 days 01:09:21.988000,0 days 02:06:19.083000
2024-06-23 14:12:36.721,11109,242,6,100,False,0,car,0 days 01:09:22.308000,0 days 02:06:19.403000
2024-06-23 14:12:37.041,10793,240,6,0,False,0,car,0 days 01:09:22.628000,0 days 02:06:19.723000
2024-06-23 14:12:37.241,10653,236,6,0,False,0,car,0 days 01:09:22.828000,0 days 02:06:19.923000
2024-06-23 14:12:37.401,10581,231,6,18,False,0,car,0 days 01:09:22.988000,0 days 02:06:20.083000
2024-06-23 14:12:37.561,10355,227,6,55,False,0,car,0 days 01:09:23.148000,0 days 02:06:20.243000
2024-06-23 14:12:37.841,10386,227,6,61,False,0,car,0 days 01:09:23.428000,0 days 02:06:20.523000
2024-06-23 14:12:38.241,10370,225,6,68,False,0,car,0 days 01:09:23.828000,0 days 02:06:20.923000
2024-06-23 14:12:38.441,10333,224,6,74,False,0,car,0 days 01:09:24.028000,0 days 02:06:21.123000
2024-06-23 14:12:38.641,10523,227,6,96,False,0,car,0 days 01:09:24.228000,0 days 02:06:21.323000
2024-06-23 14:12:39.081,10834,233,6,100,False,0,car,0 days 01:09:24.668000,0 days 02:06:21.763000
2024-06-23 14:12:39.241,10976,233,6,100,False,0,car,0 days 01:09:24.828000,0 days 02:06:21.923000
2024-06-23 14:12:39.442,11143,240,6,100,False,0,car,0 days 01:09:25.029000,0 days 02:06:22.124000
2024-06-23 14:12:39.682,11251,243,6,100,False,0,car,0 days 01:09:25.269000,0 days 02:06:22.364000
2024-06-23 14:12:39.842,11365,246,6,100,False,0,car,0 days 01:09:25.429000,0 days 02:06:22.524000
2024-06-23 14:12:40.042,11501,249,6,100,False,0,car,0 days 01:09:25.629000,0 days 02:06:22.724000
2024-06-23 14:12:40.242,11551,254,6,100,False,0,car,0 days 01:09:25.829000,0 days 02:06:22.924000
2024-06-23 14:12:40.522,11706,256,6,100,False,0,car,0 days 01:09:26.109000,0 days 02:06:23.204000
2024-06-23 14:12:40.762,10744,260,6,100,False,0,car,0 days 01:09:26.349000,0 days 02:06:23.444000
2024-06-23 14:12:41.002,10531,263,7,100,False,0,car,0 days 01:09:26.589000,0 days 02:06:23.684000
2024-06-23 14:12:41.202,10700,267,7,100,False,0,car,0 days 01:09:26.789000,0 days 02:06:23.884000
2024-06-23 14:12:41.521,10826,269,7,100,False,0,car,0 days 01:09:27.108000,0 days 02:06:24.203000
2024-06-23 14:12:41.761,10943,273,7,100,False,0,car,0 days 01:09:27.348000,0 days 02:06:24.443000
2024-06-23 14:12:42.121,11123,276,7,100,False,0,car,0 days 01:09:27.708000,0 days 02:06:24.803000
2024-06-23 14:12:42.281,11188,278,7,100,False,0,car,0 days 01:09:27.868000,0 days 02:06:24.963000
2024-06-23 14:12:42.561,11276,281,7,100,False,0,car,0 days 01:09:28.148000,0 days 02:06:25.243000
2024-06-23 14:12:42.721,11285,281,7,100,False,0,car,0 days 01:09:28.308000,0 days 02:06:25.403000
2024-06-23 14:12:43.001,11323,284,7,100,False,0,car,0 days 01:09:28.588000,0 days 02:06:25.683000
2024-06-23 14:12:43.201,11365,285,7,100,False,0,car,0 days 01:09:28.788000,0 days 02:06:25.883000
2024-06-23 14:12:43.481,11408,285,7,100,False,0,car,0 days 01:09:29.068000,0 days 02:06:26.163000
2024-06-23 14:12:43.761,11406,285,7,100,False,0,car,0 days 01:09:29.348000,0 days 02:06:26.443000
2024-06-23 14:12:44.041,11428,285,7,100,False,0,car,0 days 01:09:29.628000,0 days 02:06:26.723000
2024-06-23 14:12:44.401,11403,286,7,100,False,0,car,0 days 01:09:29.988000,0 days 02:06:27.083000
2024-06-23 14:12:44.761,10682,265,7,0,True,0,car,0 days 01:09:30.348000,0 days 02:06:27.443000
2024-06-23 14:12:44.961,10337,265,7,0,True,0,car,0 days 01:09:30.548000,0 days 02:06:27.643000
2024-06-23 14:12:45.241,9777,218,7,0,True,0,car,0 days 01:09:30.828000,0 days 02:06:27.923000
2024-06-23 14:12:45.601,9216,176,6,0,True,0,car,0 days 01:09:31.188000,0 days 02:06:28.283000
2024-06-23 14:12:45.761,9054,176,5,0,True,0,car,0 days 01:09:31.348000,0 days 02:06:28.443000
2024-06-23 14:12:45.922,9212,176,5,0,True,0,car,0 days 01:09:31.509000,0 days 02:06:28.604000
2024-06-23 14:12:46.282,9865,136,4,0,True,0,car,0 days 01:09:31.869000,0 days 02:06:28.964000
2024-06-23 14:12:46.722,9174,125,3,0,True,0,car,0 days 01:09:32.309000,0 days 02:06:29.404000
2024-06-23 14:12:47.082,8772,119,3,0,True,0,car,0 days 01:09:32.669000,0 days 02:06:29.764000
2024-06-23 14:12:47.362,8505,115,3,0,False,0,car,0 days 01:09:32.949000,0 days 02:06:30.044000
2024-06-23 14:12:47.522,8398,113,3,0,True,0,car,0 days 01:09:33.109000,0 days 02:06:30.204000
2024-06-23 14:12:47.802,8136,109,3,0,False,0,car,0 days 01:09:33.389000,0 days 02:06:30.484000
2024-06-23 14:12:48.162,7883,105,3,0,False,0,car,0 days 01:09:33.749000,0 days 02:06:30.844000
2024-06-23 14:12:48.521,7507,102,3,0,False,0,car,0 days 01:09:34.108000,0 days 02:06:31.203000
2024-06-23 14:12:48.681,7762,101,3,29,False,0,car,0 days 01:09:34.268000,0 days 02:06:31.363000
2024-06-23 14:12:48.881,7684,103,3,35,False,0,car,0 days 01:09:34.468000,0 days 02:06:31.563000
2024-06-23 14:12:49.081,8078,103,3,43,False,0,car,0 days 01:09:34.668000,0 days 02:06:31.763000
2024-06-23 14:12:49.361,8486,110,3,50,False,0,car,0 days 01:09:34.948000,0 days 02:06:32.043000
2024-06-23 14:12:49.601,8716,112,3,57,False,0,car,0 days 01:09:35.188000,0 days 02:06:32.283000
2024-06-23 14:12:50.041,9633,127,3,68,False,0,car,0 days 01:09:35.628000,0 days 02:06:32.723000
2024-06-23 14:12:50.241,9743,134,3,70,False,0,car,0 days 01:09:35.828000,0 days 02:06:32.923000
2024-06-23 14:12:50.601,9432,138,4,85,False,0,car,0 days 01:09:36.188000,0 days 02:06:33.283000
2024-06-23 14:12:50.761,9922,153,4,87,False,0,car,0 days 01:09:36.348000,0 days 02:06:33.443000
2024-06-23 14:12:51.281,11116,172,4,100,False,0,car,0 days 01:09:36.868000,0 days 02:06:33.963000
2024-06-23 14:12:51.521,11536,180,4,100,False,0,car,0 days 01:09:37.108000,0 days 02:06:34.203000
2024-06-23 14:12:51.761,11778,190,4,100,False,0,car,0 days 01:09:37.348000,0 days 02:06:34.443000
2024-06-23 14:12:51.961,10378,195,4,100,False,0,car,0 days 01:09:37.548000,0 days 02:06:34.643000
2024-06-23 14:12:52.161,10430,200,5,100,False,0,car,0 days 01:09:37.748000,0 days 02:06:34.843000
2024-06-23 14:12:52.321,10567,200,5,91,True,0,car,0 days 01:09:37.908000,0 days 02:06:35.003000
2024-06-23 14:12:52.562,9840,186,5,0,True,0,car,0 days 01:09:38.149000,0 days 02:06:35.244000
2024-06-23 14:12:52.842,8786,168,5,0,True,0,car,0 days 01:09:38.429000,0 days 02:06:35.524000
2024-06-23 14:12:53.162,8963,153,5,0,True,0,car,0 days 01:09:38.749000,0 days 02:06:35.844000
2024-06-23 14:12:53.362,9007,147,4,0,True,0,car,0 days 01:09:38.949000,0 days 02:06:36.044000
2024-06-23 14:12:53.642,8490,138,4,0,True,0,car,0 days 01:09:39.229000,0 days 02:06:36.324000
2024-06-23 14:12:53.922,8339,135,4,0,False,0,car,0 days 01:09:39.509000,0 days 02:06:36.604000
2024-06-23 14:12:54.162,8044,130,4,0,False,0,car,0 days 01:09:39.749000,0 days 02:06:36.844000
2024-06-23 14:12:54.522,7809,125,4,0,False,0,car,0 days 01:09:40.109000,0 days 02:06:37.204000
2024-06-23 14:12:54.682,7654,123,4,0,False,0,car,0 days 01:09:40.269000,0 days 02:06:37.364000
2024-06-23 14:12:54.962,7883,122,4,25,False,0,car,0 days 01:09:40.549000,0 days 02:06:37.644000
2024-06-23 14:12:55.241,7799,120,4,27,False,0,car,0 days 01:09:40.828000,0 days 02:06:37.923000
2024-06-23 14:12:55.521,7857,120,4,39,False,0,car,0 days 01:09:41.108000,0 days 02:06:38.203000
2024-06-23 14:12:55.721,8030,122,4,45,False,0,car,0 days 01:09:41.308000,0 days 02:06:38.403000
2024-06-23 14:12:55.881,8161,124,4,46,False,0,car,0 days 01:09:41.468000,0 days 02:06:38.563000
2024-06-23 14:12:56.041,8274,126,4,47,False,0,car,0 days 01:09:41.628000,0 days 02:06:38.723000
2024-06-23 14:12:56.321,8409,129,4,56,False,0,car,0 days 01:09:41.908000,0 days 02:06:39.003000
2024-06-23 14:12:56.521,8632,131,4,62,False,0,car,0 days 01:09:42.108000,0 days 02:06:39.203000
2024-06-23 14:12:56.721,9094,139,4,71,False,0,car,0 days 01:09:42.308000,0 days 02:06:39.403000
2024-06-23 14:12:57.041,9793,144,4,78,False,0,car,0 days 01:09:42.628000,0 days 02:06:39.723000
2024-06-23 14:12:57.321,10561,157,4,84,False,0,car,0 days 01:09:42.908000,0 days 02:06:40.003000
2024-06-23 14:12:57.601,11165,167,4,100,False,0,car,0 days 01:09:43.188000,0 days 02:06:40.283000
2024-06-23 14:12:57.801,11211,176,4,100,False,0,car,0 days 01:09:43.388000,0 days 02:06:40.483000
2024-06-23 14:12:58.041,10425,184,4,100,False,0,car,0 days 01:09:43.628000,0 days 02:06:40.723000
2024-06-23 14:12:58.241,10395,191,5,100,False,0,car,0 days 01:09:43.828000,0 days 02:06:40.923000
2024-06-23 14:12:58.481,10917,203,5,100,False,0,car,0 days 01:09:44.068000,0 days 02:06:41.163000
2024-06-23 14:12:58.881,11473,209,5,100,False,0,car,0 days 01:09:44.468000,0 days 02:06:41.563000
2024-06-23 14:12:59.122,11008,220,5,100,False,0,car,0 days 01:09:44.709000,0 days 02:06:41.804000
2024-06-23 14:12:59.282,10239,226,6,100,False,0,car,0 days 01:09:44.869000,0 days 02:06:41.964000
2024-06-23 14:12:59.522,10687,228,6,100,False,0,car,0 days 01:09:45.109000,0 days 02:06:42.204000
2024-06-23 14:12:59.922,11048,238,6,100,False,0,car,0 days 01:09:45.509000,0 days 02:06:42.604000
2024-06-23 14:13:00.882,11647,252,6,100,False,0,car,0 days 01:09:46.469000,0 days 02:06:43.564000
2024-06-23 14:13:01.042,11647,252,6,100,False,0,car,0 days 01:09:46.629000,0 days 02:06:43.724000
2024-06-23 14:13:01.322,11120,256,6,100,False,0,car,0 days 01:09:46.909000,0 days 02:06:44.004000
2024-06-23 14:13:01.721,10416,257,7,100,False,0,car,0 days 01:09:47.308000,0 days 02:06:44.403000
2024-06-23 14:13:02.161,10458,262,7,100,False,0,car,0 days 01:09:47.748000,0 days 02:06:44.843000
2024-06-23 14:13:02.321,10519,263,7,100,False,0,car,0 days 01:09:47.908000,0 days 02:06:45.003000
2024-06-23 14:13:02.601,10593,264,7,100,False,0,car,0 days 01:09:48.188000,0 days 02:06:45.283000
2024-06-23 14:13:02.881,10656,265,7,100,False,0,car,0 days 01:09:48.468000,0 days 02:06:45.563000
2024-06-23 14:13:03.121,10313,263,7,23,False,0,car,0 days 01:09:48.708000,0 days 02:06:45.803000
2024-06-23 14:13:03.361,10334,258,7,0,False,0,car,0 days 01:09:48.948000,0 days 02:06:46.043000
2024-06-23 14:13:03.601,11482,250,7,0,False,0,car,0 days 01:09:49.188000,0 days 02:06:46.283000
2024-06-23 14:13:03.801,10781,250,6,45,False,0,car,0 days 01:09:49.388000,0 days 02:06:46.483000
2024-06-23 14:13:04.201,11077,239,6,68,False,0,car,0 days 01:09:49.788000,0 days 02:06:46.883000
2024-06-23 14:13:04.441,10980,238,6,71,False,0,car,0 days 01:09:50.028000,0 days 02:06:47.123000
2024-06-23 14:13:04.681,11062,240,6,100,False,0,car,0 days 01:09:50.268000,0 days 02:06:47.363000
2024-06-23 14:13:04.881,11213,243,6,100,False,0,car,0 days 01:09:50.468000,0 days 02:06:47.563000
2024-06-23 14:13:05.241,11355,246,6,99,False,0,car,0 days 01:09:50.828000,0 days 02:06:47.923000
2024-06-23 14:13:05.441,11466,249,6,100,False,0,car,0 days 01:09:51.028000,0 days 02:06:48.123000
2024-06-23 14:13:05.802,11610,252,6,100,False,0,car,0 days 01:09:51.389000,0 days 02:06:48.484000
2024-06-23 14:13:06.042,11651,255,6,100,False,0,car,0 days 01:09:51.629000,0 days 02:06:48.724000
2024-06-23 14:13:06.322,10419,260,7,100,False,0,car,0 days 01:09:51.909000,0 days 02:06:49.004000
2024-06-23 14:13:06.722,10632,264,7,100,False,0,car,0 days 01:09:52.309000,0 days 02:06:49.404000
2024-06-23 14:13:07.082,10799,269,7,100,False,0,car,0 days 01:09:52.669000,0 days 02:06:49.764000
2024-06-23 14:13:07.322,10886,271,7,100,False,0,car,0 days 01:09:52.909000,0 days 02:06:50.004000
2024-06-23 14:13:07.522,10992,273,7,100,False,0,car,0 days 01:09:53.109000,0 days 02:06:50.204000
2024-06-23 14:13:07.922,11096,277,7,100,False,0,car,0 days 01:09:53.509000,0 days 02:06:50.604000
2024-06-23 14:13:08.122,11170,279,7,100,False,0,car,0 days 01:09:53.709000,0 days 02:06:50.804000
2024-06-23 14:13:08.322,11200,280,7,100,False,0,car,0 days 01:09:53.909000,0 days 02:06:51.004000
2024-06-23 14:13:08.521,11244,281,7,100,False,0,car,0 days 01:09:54.108000,0 days 02:06:51.203000
2024-06-23 14:13:08.681,11347,283,7,100,False,0,car,0 days 01:09:54.268000,0 days 02:06:51.363000
2024-06-23 14:13:08.921,11386,284,7,100,False,0,car,0 days 01:09:54.508000,0 days 02:06:51.603000
2024-06-23 14:13:09.161,11463,286,7,100,False,0,car,0 days 01:09:54.748000,0 days 02:06:51.843000
2024-06-23 14:13:09.321,11458,287,7,100,False,0,car,0 days 01:09:54.908000,0 days 02:06:52.003000
2024-06-23 14:13:09.761,11599,288,7,100,False,0,car,0 days 01:09:55.348000,0 days 02:06:52.443000
2024-06-23 14:13:10.081,11629,290,7,100,False,0,car,0 days 01:09:55.668000,0 days 02:06:52.763000
2024-06-23 14:13:10.241,11629,291,7,100,False,0,car,0 days 01:09:55.828000,0 days 02:06:52.923000
2024-06-23 14:13:10.561,11714,293,7,100,False,0,car,0 days 01:09:56.148000,0 days 02:06:53.243000
2024-06-23 14:13:10.801,10594,293,7,100,False,0,car,0 days 01:09:56.388000,0 days 02:06:53.483000
2024-06-23 14:13:11.121,10355,293,8,100,False,0,car,0 days 01:09:56.708000,0 days 02:06:53.803000
2024-06-23 14:13:11.441,10528,295,8,100,False,0,car,0 days 01:09:57.028000,0 days 02:06:54.123000
2024-06-23 14:13:11.761,10551,296,8,100,False,0,car,0 days 01:09:57.348000,0 days 02:06:54.443000
2024-06-23 14:13:12.041,10610,297,8,100,False,0,car,0 days 01:09:57.628000,0 days 02:06:54.723000
2024-06-23 14:13:12.242,10602,299,8,100,False,0,car,0 days 01:09:57.829000,0 days 02:06:54.924000
2024-06-23 14:13:12.482,10622,300,8,100,False,0,car,0 days 01:09:58.069000,0 days 02:06:55.164000
2024-06-23 14:13:12.882,10658,300,8,100,False,0,car,0 days 01:09:58.469000,0 days 02:06:55.564000
2024-06-23 14:13:13.282,10669,299,8,100,False,0,car,0 days 01:09:58.869000,0 days 02:06:55.964000
2024-06-23 14:13:13.442,10673,299,8,100,False,0,car,0 days 01:09:59.029000,0 days 02:06:56.124000
2024-06-23 14:13:13.682,10684,299,8,100,False,0,car,0 days 01:09:59.269000,0 days 02:06:56.364000
2024-06-23 14:13:13.922,10694,300,8,100,False,0,car,0 days 01:09:59.509000,0 days 02:06:56.604000
2024-06-23 14:13:14.282,10696,301,8,100,False,0,car,0 days 01:09:59.869000,0 days 02:06:56.964000
2024-06-23 14:13:14.482,10655,300,8,100,False,0,car,0 days 01:10:00.069000,0 days 02:06:57.164000
2024-06-23 14:13:14.922,10678,301,8,100,False,0,car,0 days 01:10:00.509000,0 days 02:06:57.604000
2024-06-23 14:13:15.241,10688,301,8,100,False,0,car,0 days 01:10:00.828000,0 days 02:06:57.923000
2024-06-23 14:13:15.401,10707,302,8,100,False,0,car,0 days 01:10:00.988000,0 days 02:06:58.083000
2024-06-23 14:13:15.681,10683,302,8,100,False,0,car,0 days 01:10:01.268000,0 days 02:06:58.363000
2024-06-23 14:13:15.841,10708,301,8,100,False,0,car,0 days 01:10:01.428000,0 days 02:06:58.523000
2024-06-23 14:13:16.201,10725,301,8,100,False,0,car,0 days 01:10:01.788000,0 days 02:06:58.883000
2024-06-23 14:13:16.601,10726,302,8,100,False,0,car,0 days 01:10:02.188000,0 days 02:06:59.283000
2024-06-23 14:13:16.761,10726,302,8,100,False,0,car,0 days 01:10:02.348000,0 days 02:06:59.443000
2024-06-23 14:13:17.201,10766,302,8,100,False,0,car,0 days 01:10:02.788000,0 days 02:06:59.883000
2024-06-23 14:13:17.481,9861,281,8,0,True,0,car,0 days 01:10:03.068000,0 days 02:07:00.163000
2024-06-23 14:13:17.841,9518,225,8,0,True,0,car,0 days 01:10:03.428000,0 days 02:07:00.523000
2024-06-23 14:13:18.201,9550,214,7,0,True,0,car,0 days 01:10:03.788000,0 days 02:07:00.883000
2024-06-23 14:13:18.401,9380,181,6,0,True,0,car,0 days 01:10:03.988000,0 days 02:07:01.083000
2024-06-23 14:13:18.641,9776,176,5,0,True,0,car,0 days 01:10:04.228000,0 days 02:07:01.323000
2024-06-23 14:13:18.962,9488,157,4,0,True,0,car,0 days 01:10:04.549000,0 days 02:07:01.644000
2024-06-23 14:13:19.242,9120,148,4,0,True,0,car,0 days 01:10:04.829000,0 days 02:07:01.924000
2024-06-23 14:13:19.482,8763,143,4,0,False,0,car,0 days 01:10:05.069000,0 days 02:07:02.164000
2024-06-23 14:13:19.722,8656,141,4,4,False,0,car,0 days 01:10:05.309000,0 days 02:07:02.404000
2024-06-23 14:13:20.082,8829,137,4,45,False,0,car,0 days 01:10:05.669000,0 days 02:07:02.764000
2024-06-23 14:13:20.322,8937,138,4,53,False,0,car,0 days 01:10:05.909000,0 days 02:07:03.004000
2024-06-23 14:13:20.602,9247,143,4,65,False,0,car,0 days 01:10:06.189000,0 days 02:07:03.284000
2024-06-23 14:13:20.922,9626,150,4,76,False,0,car,0 days 01:10:06.509000,0 days 02:07:03.604000
2024-06-23 14:13:21.322,9471,162,4,48,False,0,car,0 days 01:10:06.909000,0 days 02:07:04.004000
2024-06-23 14:13:21.682,8655,161,5,50,False,0,car,0 days 01:10:07.269000,0 days 02:07:04.364000
2024-06-23 14:13:22.041,8727,163,5,52,False,0,car,0 days 01:10:07.628000,0 days 02:07:04.723000
2024-06-23 14:13:22.241,8940,165,5,64,False,0,car,0 days 01:10:07.828000,0 days 02:07:04.923000
2024-06-23 14:13:22.441,9183,169,5,73,False,0,car,0 days 01:10:08.028000,0 days 02:07:05.123000
2024-06-23 14:13:22.761,9658,179,5,87,False,0,car,0 days 01:10:08.348000,0 days 02:07:05.443000
2024-06-23 14:13:23.041,10058,187,5,100,False,0,car,0 days 01:10:08.628000,0 days 02:07:05.723000
2024-06-23 14:13:23.241,10306,191,5,100,False,0,car,0 days 01:10:08.828000,0 days 02:07:05.923000
2024-06-23 14:13:23.561,10722,203,5,100,False,0,car,0 days 01:10:09.148000,0 days 02:07:06.243000
2024-06-23 14:13:23.721,10722,205,5,100,False,0,car,0 days 01:10:09.308000,0 days 02:07:06.403000
2024-06-23 14:13:24.161,9823,215,6,71,False,0,car,0 days 01:10:09.748000,0 days 02:07:06.843000
2024-06-23 14:13:24.641,9566,214,6,0,False,0,car,0 days 01:10:10.228000,0 days 02:07:07.323000
2024-06-23 14:13:24.841,9478,212,6,0,False,0,car,0 days 01:10:10.428000,0 days 02:07:07.523000
2024-06-23 14:13:25.001,9215,206,6,35,False,0,car,0 days 01:10:10.588000,0 days 02:07:07.683000
2024-06-23 14:13:25.281,9485,204,6,72,False,0,car,0 days 01:10:10.868000,0 days 02:07:07.963000
2024-06-23 14:13:25.562,9622,206,6,79,False,0,car,0 days 01:10:11.149000,0 days 02:07:08.244000
2024-06-23 14:13:25.722,9656,208,6,80,False,0,car,0 days 01:10:11.309000,0 days 02:07:08.404000
2024-06-23 14:13:25.922,9799,212,6,85,False,0,car,0 days 01:10:11.509000,0 days 02:07:08.604000
2024-06-23 14:13:26.242,9939,218,6,83,False,0,car,0 days 01:10:11.829000,0 days 02:07:08.924000
2024-06-23 14:13:26.402,10092,219,6,82,False,0,car,0 days 01:10:11.989000,0 days 02:07:09.084000
2024-06-23 14:13:26.642,10226,221,6,82,False,0,car,0 days 01:10:12.229000,0 days 02:07:09.324000
2024-06-23 14:13:26.842,10206,225,6,90,False,0,car,0 days 01:10:12.429000,0 days 02:07:09.524000
2024-06-23 14:13:27.242,10726,233,6,100,False,0,car,0 days 01:10:12.829000,0 days 02:07:09.924000
2024-06-23 14:13:27.482,10963,237,6,100,False,0,car,0 days 01:10:13.069000,0 days 02:07:10.164000
2024-06-23 14:13:27.762,11160,240,6,100,False,0,car,0 days 01:10:13.349000,0 days 02:07:10.444000
2024-06-23 14:13:28.002,11253,243,6,100,False,0,car,0 days 01:10:13.589000,0 days 02:07:10.684000
2024-06-23 14:13:28.322,11476,248,6,100,False,0,car,0 days 01:10:13.909000,0 days 02:07:11.004000
2024-06-23 14:13:28.641,11620,252,6,100,False,0,car,0 days 01:10:14.228000,0 days 02:07:11.323000
2024-06-23 14:13:28.921,11167,256,6,100,False,0,car,0 days 01:10:14.508000,0 days 02:07:11.603000
2024-06-23 14:13:29.161,10509,260,7,100,False,0,car,0 days 01:10:14.748000,0 days 02:07:11.843000
2024-06-23 14:13:29.321,10467,260,7,100,False,0,car,0 days 01:10:14.908000,0 days 02:07:12.003000
2024-06-23 14:13:29.641,10642,266,7,100,False,0,car,0 days 01:10:15.228000,0 days 02:07:12.323000
2024-06-23 14:13:29.881,10800,267,7,100,False,0,car,0 days 01:10:15.468000,0 days 02:07:12.563000
2024-06-23 14:13:30.161,10893,272,7,100,False,0,car,0 days 01:10:15.748000,0 days 02:07:12.843000
2024-06-23 14:13:30.601,10985,274,7,100,False,0,car,0 days 01:10:16.188000,0 days 02:07:13.283000
2024-06-23 14:13:30.801,11021,275,7,100,False,0,car,0 days 01:10:16.388000,0 days 02:07:13.483000
2024-06-23 14:13:30.961,11037,276,7,100,False,0,car,0 days 01:10:16.548000,0 days 02:07:13.643000
2024-06-23 14:13:31.241,11077,277,7,100,False,0,car,0 days 01:10:16.828000,0 days 02:07:13.923000
2024-06-23 14:13:31.401,11097,278,7,100,False,0,car,0 days 01:10:16.988000,0 days 02:07:14.083000
2024-06-23 14:13:31.761,11134,279,7,100,False,0,car,0 days 01:10:17.348000,0 days 02:07:14.443000
2024-06-23 14:13:32.002,10704,277,7,0,True,0,car,0 days 01:10:17.589000,0 days 02:07:14.684000
2024-06-23 14:13:32.202,10528,263,7,0,True,0,car,0 days 01:10:17.789000,0 days 02:07:14.884000
2024-06-23 14:13:32.402,9644,245,7,0,True,0,car,0 days 01:10:17.989000,0 days 02:07:15.084000
2024-06-23 14:13:32.642,9881,213,7,0,True,0,car,0 days 01:10:18.229000,0 days 02:07:15.324000
2024-06-23 14:13:32.802,9266,205,7,0,True,0,car,0 days 01:10:18.389000,0 days 02:07:15.484000
2024-06-23 14:13:33.042,9824,183,6,0,True,0,car,0 days 01:10:18.629000,0 days 02:07:15.724000
2024-06-23 14:13:33.202,9141,176,5,0,True,0,car,0 days 01:10:18.789000,0 days 02:07:15.884000
2024-06-23 14:13:33.522,9944,164,5,0,True,0,car,0 days 01:10:19.109000,0 days 02:07:16.204000
2024-06-23 14:13:33.682,9596,157,4,0,True,0,car,0 days 01:10:19.269000,0 days 02:07:16.364000
2024-06-23 14:13:33.922,9515,151,4,0,False,0,car,0 days 01:10:19.509000,0 days 02:07:16.604000
2024-06-23 14:13:34.162,9241,147,4,0,False,0,car,0 days 01:10:19.749000,0 days 02:07:16.844000
2024-06-23 14:13:34.562,8816,141,4,0,False,0,car,0 days 01:10:20.149000,0 days 02:07:17.244000
2024-06-23 14:13:34.882,8576,137,4,12,False,0,car,0 days 01:10:20.469000,0 days 02:07:17.564000
2024-06-23 14:13:35.162,8692,135,4,45,False,0,car,0 days 01:10:20.749000,0 days 02:07:17.844000
2024-06-23 14:13:35.521,8910,138,4,55,False,0,car,0 days 01:10:21.108000,0 days 02:07:18.203000
2024-06-23 14:13:35.681,9027,141,4,58,False,0,car,0 days 01:10:21.268000,0 days 02:07:18.363000
2024-06-23 14:13:36.001,9414,144,4,68,False,0,car,0 days 01:10:21.588000,0 days 02:07:18.683000
2024-06-23 14:13:36.161,9527,150,4,68,False,0,car,0 days 01:10:21.748000,0 days 02:07:18.843000
2024-06-23 14:13:36.401,9962,155,4,76,False,0,car,0 days 01:10:21.988000,0 days 02:07:19.083000
2024-06-23 14:13:36.561,10375,161,4,78,False,0,car,0 days 01:10:22.148000,0 days 02:07:19.243000
2024-06-23 14:13:36.801,10650,166,4,83,False,0,car,0 days 01:10:22.388000,0 days 02:07:19.483000
2024-06-23 14:13:37.001,11029,172,4,100,False,0,car,0 days 01:10:22.588000,0 days 02:07:19.683000
2024-06-23 14:13:37.441,10119,189,4,100,False,0,car,0 days 01:10:23.028000,0 days 02:07:20.123000
2024-06-23 14:13:37.841,10730,198,5,100,False,0,car,0 days 01:10:23.428000,0 days 02:07:20.523000
2024-06-23 14:13:38.281,11361,210,5,100,False,0,car,0 days 01:10:23.868000,0 days 02:07:20.963000
2024-06-23 14:13:38.562,11610,218,5,100,False,0,car,0 days 01:10:24.149000,0 days 02:07:21.244000
2024-06-23 14:13:38.722,11748,221,5,100,False,0,car,0 days 01:10:24.309000,0 days 02:07:21.404000
2024-06-23 14:13:38.962,10608,227,6,100,False,0,car,0 days 01:10:24.549000,0 days 02:07:21.644000
2024-06-23 14:13:39.162,10593,231,6,100,False,0,car,0 days 01:10:24.749000,0 days 02:07:21.844000
2024-06-23 14:13:39.522,10774,233,6,100,False,0,car,0 days 01:10:25.109000,0 days 02:07:22.204000
2024-06-23 14:13:39.802,10866,240,6,100,False,0,car,0 days 01:10:25.389000,0 days 02:07:22.484000
2024-06-23 14:13:40.002,10988,240,6,100,False,0,car,0 days 01:10:25.589000,0 days 02:07:22.684000
2024-06-23 14:13:40.242,11571,230,6,0,True,0,car,0 days 01:10:25.829000,0 days 02:07:22.924000
2024-06-23 14:13:40.522,9611,207,6,0,True,0,car,0 days 01:10:26.109000,0 days 02:07:23.204000
2024-06-23 14:13:40.802,9539,197,6,0,True,0,car,0 days 01:10:26.389000,0 days 02:07:23.484000
2024-06-23 14:13:41.082,9723,156,5,0,True,0,car,0 days 01:10:26.669000,0 days 02:07:23.764000
2024-06-23 14:13:41.482,9802,145,3,0,True,0,car,0 days 01:10:27.069000,0 days 02:07:24.164000
2024-06-23 14:13:41.682,9240,129,3,0,True,0,car,0 days 01:10:27.269000,0 days 02:07:24.364000
2024-06-23 14:13:41.962,8611,119,3,0,True,0,car,0 days 01:10:27.549000,0 days 02:07:24.644000
2024-06-23 14:13:42.201,8362,114,3,0,True,0,car,0 days 01:10:27.788000,0 days 02:07:24.883000
2024-06-23 14:13:42.641,7584,102,3,0,True,0,car,0 days 01:10:28.228000,0 days 02:07:25.323000
2024-06-23 14:13:43.041,7057,95,3,0,True,0,car,0 days 01:10:28.628000,0 days 02:07:25.723000
2024-06-23 14:13:43.241,7037,94,3,0,False,0,car,0 days 01:10:28.828000,0 days 02:07:25.923000
2024-06-23 14:13:43.601,7117,94,3,29,False,0,car,0 days 01:10:29.188000,0 days 02:07:26.283000
2024-06-23 14:13:43.801,7282,95,3,37,False,0,car,0 days 01:10:29.388000,0 days 02:07:26.483000
2024-06-23 14:13:43.961,7422,99,3,40,False,0,car,0 days 01:10:29.548000,0 days 02:07:26.643000
2024-06-23 14:13:44.161,7754,102,3,44,False,0,car,0 days 01:10:29.748000,0 days 02:07:26.843000
2024-06-23 14:13:44.441,8178,108,3,48,False,0,car,0 days 01:10:30.028000,0 days 02:07:27.123000
2024-06-23 14:13:44.801,9050,116,3,63,False,0,car,0 days 01:10:30.388000,0 days 02:07:27.483000
2024-06-23 14:13:45.162,9975,131,3,80,False,0,car,0 days 01:10:30.749000,0 days 02:07:27.844000
2024-06-23 14:13:45.322,10352,135,3,83,False,0,car,0 days 01:10:30.909000,0 days 02:07:28.004000
2024-06-23 14:13:45.602,9668,149,4,100,False,0,car,0 days 01:10:31.189000,0 days 02:07:28.284000
2024-06-23 14:13:45.922,10653,165,4,100,False,0,car,0 days 01:10:31.509000,0 days 02:07:28.604000
2024-06-23 14:13:46.402,10721,182,4,100,False,0,car,0 days 01:10:31.989000,0 days 02:07:29.084000
2024-06-23 14:13:46.722,10484,196,5,100,False,0,car,0 days 01:10:32.309000,0 days 02:07:29.404000
2024-06-23 14:13:46.882,10881,204,5,100,False,0,car,0 days 01:10:32.469000,0 days 02:07:29.564000
2024-06-23 14:13:47.202,11356,214,5,100,False,0,car,0 days 01:10:32.789000,0 days 02:07:29.884000
2024-06-23 14:13:47.402,11612,219,5,100,False,0,car,0 days 01:10:32.989000,0 days 02:07:30.084000
2024-06-23 14:13:47.722,11846,227,5,100,False,0,car,0 days 01:10:33.309000,0 days 02:07:30.404000
2024-06-23 14:13:48.042,10920,235,6,100,False,0,car,0 days 01:10:33.629000,0 days 02:07:30.724000
2024-06-23 14:13:48.202,10851,237,6,100,False,0,car,0 days 01:10:33.789000,0 days 02:07:30.884000
2024-06-23 14:13:48.442,11018,241,6,100,False,0,car,0 days 01:10:34.029000,0 days 02:07:31.124000
2024-06-23 14:13:48.602,11143,243,6,100,False,0,car,0 days 01:10:34.189000,0 days 02:07:31.284000
2024-06-23 14:13:48.841,11242,246,6,100,False,0,car,0 days 01:10:34.428000,0 days 02:07:31.523000
2024-06-23 14:13:49.161,11314,248,6,100,False,0,car,0 days 01:10:34.748000,0 days 02:07:31.843000
2024-06-23 14:13:49.521,10855,250,6,2,True,0,car,0 days 01:10:35.108000,0 days 02:07:32.203000
2024-06-23 14:13:49.881,9920,215,6,0,True,0,car,0 days 01:10:35.468000,0 days 02:07:32.563000
2024-06-23 14:13:50.201,9741,188,6,0,True,0,car,0 days 01:10:35.788000,0 days 02:07:32.883000
2024-06-23 14:13:50.401,9722,172,5,0,True,0,car,0 days 01:10:35.988000,0 days 02:07:33.083000
2024-06-23 14:13:50.601,9812,161,5,0,True,0,car,0 days 01:10:36.188000,0 days 02:07:33.283000
2024-06-23 14:13:50.961,9059,150,4,0,True,0,car,0 days 01:10:36.548000,0 days 02:07:33.643000
2024-06-23 14:13:51.201,8848,142,4,0,False,0,car,0 days 01:10:36.788000,0 days 02:07:33.883000
2024-06-23 14:13:51.441,8729,139,4,0,False,0,car,0 days 01:10:37.028000,0 days 02:07:34.123000
2024-06-23 14:13:51.722,8559,136,4,0,False,0,car,0 days 01:10:37.309000,0 days 02:07:34.404000
2024-06-23 14:13:51.922,8339,134,4,15,False,0,car,0 days 01:10:37.509000,0 days 02:07:34.604000
2024-06-23 14:13:52.202,8491,133,4,36,False,0,car,0 days 01:10:37.789000,0 days 02:07:34.884000
2024-06-23 14:13:52.362,8618,133,4,48,False,0,car,0 days 01:10:37.949000,0 days 02:07:35.044000
2024-06-23 14:13:52.522,8726,135,4,53,False,0,car,0 days 01:10:38.109000,0 days 02:07:35.204000
2024-06-23 14:13:52.682,8975,138,4,63,False,0,car,0 days 01:10:38.269000,0 days 02:07:35.364000
2024-06-23 14:13:53.042,9467,146,4,83,False,0,car,0 days 01:10:38.629000,0 days 02:07:35.724000
2024-06-23 14:13:53.322,10641,160,4,100,False,0,car,0 days 01:10:38.909000,0 days 02:07:36.004000
2024-06-23 14:13:53.482,10939,170,4,100,False,0,car,0 days 01:10:39.069000,0 days 02:07:36.164000
2024-06-23 14:13:53.802,11539,180,4,100,False,0,car,0 days 01:10:39.389000,0 days 02:07:36.484000
2024-06-23 14:13:54.042,10344,183,4,100,False,0,car,0 days 01:10:39.629000,0 days 02:07:36.724000
2024-06-23 14:13:54.362,10742,200,5,100,False,0,car,0 days 01:10:39.949000,0 days 02:07:37.044000
2024-06-23 14:13:54.682,11171,208,5,100,False,0,car,0 days 01:10:40.269000,0 days 02:07:37.364000
2024-06-23 14:13:54.842,11288,213,5,100,False,0,car,0 days 01:10:40.429000,0 days 02:07:37.524000
2024-06-23 14:13:55.202,11799,221,5,100,False,0,car,0 days 01:10:40.789000,0 days 02:07:37.884000
2024-06-23 14:13:55.561,10621,230,6,100,False,0,car,0 days 01:10:41.148000,0 days 02:07:38.243000
2024-06-23 14:13:55.761,10731,234,6,100,False,0,car,0 days 01:10:41.348000,0 days 02:07:38.443000
2024-06-23 14:13:56.081,10871,239,6,100,False,0,car,0 days 01:10:41.668000,0 days 02:07:38.763000
2024-06-23 14:13:56.521,11072,241,6,100,False,0,car,0 days 01:10:42.108000,0 days 02:07:39.203000
2024-06-23 14:13:56.761,10878,241,6,0,False,0,car,0 days 01:10:42.348000,0 days 02:07:39.443000
2024-06-23 14:13:57.161,10572,232,6,48,False,0,car,0 days 01:10:42.748000,0 days 02:07:39.843000
2024-06-23 14:13:57.521,10524,228,6,69,False,0,car,0 days 01:10:43.108000,0 days 02:07:40.203000
2024-06-23 14:13:57.761,10480,227,6,67,False,0,car,0 days 01:10:43.348000,0 days 02:07:40.443000
2024-06-23 14:13:58.161,10721,227,6,100,False,0,car,0 days 01:10:43.748000,0 days 02:07:40.843000
2024-06-23 14:13:58.362,10802,233,6,100,False,0,car,0 days 01:10:43.949000,0 days 02:07:41.044000
2024-06-23 14:13:58.522,10929,234,6,100,False,0,car,0 days 01:10:44.109000,0 days 02:07:41.204000
2024-06-23 14:13:58.722,10943,238,6,100,False,0,car,0 days 01:10:44.309000,0 days 02:07:41.404000
2024-06-23 14:13:58.882,11052,240,6,100,False,0,car,0 days 01:10:44.469000,0 days 02:07:41.564000
2024-06-23 14:13:59.042,11199,241,6,100,False,0,car,0 days 01:10:44.629000,0 days 02:07:41.724000
2024-06-23 14:13:59.402,11380,246,6,100,False,0,car,0 days 01:10:44.989000,0 days 02:07:42.084000
2024-06-23 14:13:59.562,11478,250,6,100,False,0,car,0 days 01:10:45.149000,0 days 02:07:42.244000
2024-06-23 14:13:59.842,11649,253,6,100,False,0,car,0 days 01:10:45.429000,0 days 02:07:42.524000
2024-06-23 14:14:00.002,11721,255,6,100,False,0,car,0 days 01:10:45.589000,0 days 02:07:42.684000
2024-06-23 14:14:00.202,11132,258,6,100,False,0,car,0 days 01:10:45.789000,0 days 02:07:42.884000
2024-06-23 14:14:00.362,10292,260,6,100,False,0,car,0 days 01:10:45.949000,0 days 02:07:43.044000
2024-06-23 14:14:00.642,10643,263,7,100,False,0,car,0 days 01:10:46.229000,0 days 02:07:43.324000
2024-06-23 14:14:00.882,10776,268,7,100,False,0,car,0 days 01:10:46.469000,0 days 02:07:43.564000
2024-06-23 14:14:01.162,10904,271,7,100,False,0,car,0 days 01:10:46.749000,0 days 02:07:43.844000
2024-06-23 14:14:01.402,10946,273,7,100,False,0,car,0 days 01:10:46.989000,0 days 02:07:44.084000
2024-06-23 14:14:01.642,11029,277,7,100,False,0,car,0 days 01:10:47.229000,0 days 02:07:44.324000
2024-06-23 14:14:01.882,11148,279,7,100,False,0,car,0 days 01:10:47.469000,0 days 02:07:44.564000
2024-06-23 14:14:02.241,11255,282,7,100,False,0,car,0 days 01:10:47.828000,0 days 02:07:44.923000
2024-06-23 14:14:02.401,11318,282,7,100,False,0,car,0 days 01:10:47.988000,0 days 02:07:45.083000
2024-06-23 14:14:02.641,11354,284,7,100,False,0,car,0 days 01:10:48.228000,0 days 02:07:45.323000
2024-06-23 14:14:03.001,11335,285,7,100,False,0,car,0 days 01:10:48.588000,0 days 02:07:45.683000
2024-06-23 14:14:03.361,11378,285,7,100,False,0,car,0 days 01:10:48.948000,0 days 02:07:46.043000
2024-06-23 14:14:03.561,11384,285,7,100,False,0,car,0 days 01:10:49.148000,0 days 02:07:46.243000
2024-06-23 14:14:03.761,11394,285,7,100,False,0,car,0 days 01:10:49.348000,0 days 02:07:46.443000
2024-06-23 14:14:03.921,11363,285,7,100,False,0,car,0 days 01:10:49.508000,0 days 02:07:46.603000
2024-06-23 14:14:04.241,10935,278,7,0,False,0,car,0 days 01:10:49.828000,0 days 02:07:46.923000
2024-06-23 14:14:04.481,10445,264,7,0,True,0,car,0 days 01:10:50.068000,0 days 02:07:47.163000
2024-06-23 14:14:04.721,10025,238,7,0,True,0,car,0 days 01:10:50.308000,0 days 02:07:47.403000
2024-06-23 14:14:04.922,9416,213,7,0,True,0,car,0 days 01:10:50.509000,0 days 02:07:47.604000
2024-06-23 14:14:05.082,9061,213,7,0,True,0,car,0 days 01:10:50.669000,0 days 02:07:47.764000
2024-06-23 14:14:05.442,9940,159,5,0,True,0,car,0 days 01:10:51.029000,0 days 02:07:48.124000
2024-06-23 14:14:05.602,9940,159,5,0,True,0,car,0 days 01:10:51.189000,0 days 02:07:48.284000
2024-06-23 14:14:05.802,8903,146,4,0,True,0,car,0 days 01:10:51.389000,0 days 02:07:48.484000
2024-06-23 14:14:06.082,9675,140,4,0,True,0,car,0 days 01:10:51.669000,0 days 02:07:48.764000
2024-06-23 14:14:06.242,9554,133,3,0,True,0,car,0 days 01:10:51.829000,0 days 02:07:48.924000
2024-06-23 14:14:06.402,9155,126,3,0,True,0,car,0 days 01:10:51.989000,0 days 02:07:49.084000
2024-06-23 14:14:06.722,8543,118,3,0,True,0,car,0 days 01:10:52.309000,0 days 02:07:49.404000
2024-06-23 14:14:06.882,8552,115,3,0,True,0,car,0 days 01:10:52.469000,0 days 02:07:49.564000
2024-06-23 14:14:07.042,8339,112,3,0,True,0,car,0 days 01:10:52.629000,0 days 02:07:49.724000
2024-06-23 14:14:07.282,7880,108,3,0,False,0,car,0 days 01:10:52.869000,0 days 02:07:49.964000
2024-06-23 14:14:07.442,7903,105,3,0,True,0,car,0 days 01:10:53.029000,0 days 02:07:50.124000
2024-06-23 14:14:07.722,7653,105,3,0,False,0,car,0 days 01:10:53.309000,0 days 02:07:50.404000
2024-06-23 14:14:08.002,7432,100,3,1,False,0,car,0 days 01:10:53.589000,0 days 02:07:50.684000
2024-06-23 14:14:08.362,7679,101,3,37,False,0,car,0 days 01:10:53.949000,0 days 02:07:51.044000
2024-06-23 14:14:08.602,7976,102,3,42,False,0,car,0 days 01:10:54.189000,0 days 02:07:51.284000
2024-06-23 14:14:08.922,8208,108,3,46,False,0,car,0 days 01:10:54.509000,0 days 02:07:51.604000
2024-06-23 14:14:09.201,8796,113,3,58,False,0,car,0 days 01:10:54.788000,0 days 02:07:51.883000
2024-06-23 14:14:09.561,9497,125,3,69,False,0,car,0 days 01:10:55.148000,0 days 02:07:52.243000
2024-06-23 14:14:09.841,10165,131,3,73,False,0,car,0 days 01:10:55.428000,0 days 02:07:52.523000
2024-06-23 14:14:10.201,9274,146,4,79,False,0,car,0 days 01:10:55.788000,0 days 02:07:52.883000
2024-06-23 14:14:10.641,10509,166,4,100,False,0,car,0 days 01:10:56.228000,0 days 02:07:53.323000
2024-06-23 14:14:11.001,11220,177,4,100,False,0,car,0 days 01:10:56.588000,0 days 02:07:53.683000
2024-06-23 14:14:11.482,10260,193,5,100,False,0,car,0 days 01:10:57.069000,0 days 02:07:54.164000
2024-06-23 14:14:11.682,10384,198,5,100,False,0,car,0 days 01:10:57.269000,0 days 02:07:54.364000
2024-06-23 14:14:12.002,10651,201,5,0,True,0,car,0 days 01:10:57.589000,0 days 02:07:54.684000
2024-06-23 14:14:12.282,9492,188,5,0,True,0,car,0 days 01:10:57.869000,0 days 02:07:54.964000
2024-06-23 14:14:12.522,8954,170,5,0,True,0,car,0 days 01:10:58.109000,0 days 02:07:55.204000
2024-06-23 14:14:12.682,9767,160,5,0,True,0,car,0 days 01:10:58.269000,0 days 02:07:55.364000
2024-06-23 14:14:12.962,9135,147,4,0,True,0,car,0 days 01:10:58.549000,0 days 02:07:55.644000
2024-06-23 14:14:13.122,9051,145,4,0,True,0,car,0 days 01:10:58.709000,0 days 02:07:55.804000
2024-06-23 14:14:13.522,8288,136,4,0,True,0,car,0 days 01:10:59.109000,0 days 02:07:56.204000
2024-06-23 14:14:13.762,7937,128,4,0,True,0,car,0 days 01:10:59.349000,0 days 02:07:56.444000
2024-06-23 14:14:14.002,7904,125,4,0,False,0,car,0 days 01:10:59.589000,0 days 02:07:56.684000
2024-06-23 14:14:14.402,7569,121,4,0,False,0,car,0 days 01:10:59.989000,0 days 02:07:57.084000
2024-06-23 14:14:14.562,7421,118,4,0,False,0,car,0 days 01:11:00.149000,0 days 02:07:57.244000
2024-06-23 14:14:15.002,7101,114,4,0,False,0,car,0 days 01:11:00.589000,0 days 02:07:57.684000
2024-06-23 14:14:15.202,7136,113,4,29,False,0,car,0 days 01:11:00.789000,0 days 02:07:57.884000
2024-06-23 14:14:15.482,7453,115,4,42,False,0,car,0 days 01:11:01.069000,0 days 02:07:58.164000
2024-06-23 14:14:15.841,7741,118,4,48,False,0,car,0 days 01:11:01.428000,0 days 02:07:58.523000
2024-06-23 14:14:16.081,8174,124,4,58,False,0,car,0 days 01:11:01.668000,0 days 02:07:58.763000
2024-06-23 14:14:16.281,8398,128,4,61,False,0,car,0 days 01:11:01.868000,0 days 02:07:58.963000
2024-06-23 14:14:16.521,8753,133,4,63,False,0,car,0 days 01:11:02.108000,0 days 02:07:59.203000
2024-06-23 14:14:16.761,9167,141,4,74,False,0,car,0 days 01:11:02.348000,0 days 02:07:59.443000
2024-06-23 14:14:17.001,9467,141,4,78,False,0,car,0 days 01:11:02.588000,0 days 02:07:59.683000
2024-06-23 14:14:17.241,10197,155,4,85,False,0,car,0 days 01:11:02.828000,0 days 02:07:59.923000
2024-06-23 14:14:17.441,10678,167,4,100,False,0,car,0 days 01:11:03.028000,0 days 02:08:00.123000
2024-06-23 14:14:17.641,10939,176,4,100,False,0,car,0 days 01:11:03.228000,0 days 02:08:00.323000
2024-06-23 14:14:17.962,10799,187,4,100,False,0,car,0 days 01:11:03.549000,0 days 02:08:00.644000
2024-06-23 14:14:18.362,10875,202,5,100,False,0,car,0 days 01:11:03.949000,0 days 02:08:01.044000
2024-06-23 14:14:18.762,11335,214,5,100,False,0,car,0 days 01:11:04.349000,0 days 02:08:01.444000
2024-06-23 14:14:18.922,11365,216,5,100,False,0,car,0 days 01:11:04.509000,0 days 02:08:01.604000
2024-06-23 14:14:19.802,10864,235,6,85,False,0,car,0 days 01:11:05.389000,0 days 02:08:02.484000
2024-06-23 14:14:20.082,11006,238,6,93,False,0,car,0 days 01:11:05.669000,0 days 02:08:02.764000
2024-06-23 14:14:20.522,10950,240,6,82,False,0,car,0 days 01:11:06.109000,0 days 02:08:03.204000
2024-06-23 14:14:20.682,11221,243,6,100,False,0,car,0 days 01:11:06.269000,0 days 02:08:03.364000
2024-06-23 14:14:21.122,11430,249,6,100,False,0,car,0 days 01:11:06.709000,0 days 02:08:03.804000
2024-06-23 14:14:21.362,11545,251,6,100,False,0,car,0 days 01:11:06.949000,0 days 02:08:04.044000
2024-06-23 14:14:21.602,11636,253,6,100,False,0,car,0 days 01:11:07.189000,0 days 02:08:04.284000
2024-06-23 14:14:21.762,10911,255,6,100,False,0,car,0 days 01:11:07.349000,0 days 02:08:04.444000
2024-06-23 14:14:21.962,10134,256,7,100,False,0,car,0 days 01:11:07.549000,0 days 02:08:04.644000
2024-06-23 14:14:22.322,10341,259,7,100,False,0,car,0 days 01:11:07.909000,0 days 02:08:05.004000
2024-06-23 14:14:22.721,10428,260,7,100,False,0,car,0 days 01:11:08.308000,0 days 02:08:05.403000
2024-06-23 14:14:23.161,10137,254,7,0,False,0,car,0 days 01:11:08.748000,0 days 02:08:05.843000
2024-06-23 14:14:23.641,11137,241,6,48,False,0,car,0 days 01:11:09.228000,0 days 02:08:06.323000
2024-06-23 14:14:23.801,10987,242,6,64,False,0,car,0 days 01:11:09.388000,0 days 02:08:06.483000
2024-06-23 14:14:24.001,11045,240,6,78,False,0,car,0 days 01:11:09.588000,0 days 02:08:06.683000
2024-06-23 14:14:24.161,11035,242,6,78,False,0,car,0 days 01:11:09.748000,0 days 02:08:06.843000
2024-06-23 14:14:24.602,11194,244,6,100,False,0,car,0 days 01:11:10.189000,0 days 02:08:07.284000
2024-06-23 14:14:24.762,11341,245,6,100,False,0,car,0 days 01:11:10.349000,0 days 02:08:07.444000
2024-06-23 14:14:24.922,11473,244,6,100,False,0,car,0 days 01:11:10.509000,0 days 02:08:07.604000
2024-06-23 14:14:25.282,11521,249,6,100,False,0,car,0 days 01:11:10.869000,0 days 02:08:07.964000
2024-06-23 14:14:25.482,11652,252,6,100,False,0,car,0 days 01:11:11.069000,0 days 02:08:08.164000
2024-06-23 14:14:25.802,11708,255,6,100,False,0,car,0 days 01:11:11.389000,0 days 02:08:08.484000
2024-06-23 14:14:26.042,10595,258,6,100,False,0,car,0 days 01:11:11.629000,0 days 02:08:08.724000
2024-06-23 14:14:26.202,10380,260,7,100,False,0,car,0 days 01:11:11.789000,0 days 02:08:08.884000
2024-06-23 14:14:26.362,10503,263,7,100,False,0,car,0 days 01:11:11.949000,0 days 02:08:09.044000
2024-06-23 14:14:26.722,10647,265,7,100,False,0,car,0 days 01:11:12.309000,0 days 02:08:09.404000
2024-06-23 14:14:26.882,10739,268,7,100,False,0,car,0 days 01:11:12.469000,0 days 02:08:09.564000
2024-06-23 14:14:27.082,10816,271,7,100,False,0,car,0 days 01:11:12.669000,0 days 02:08:09.764000
2024-06-23 14:14:27.482,10993,275,7,100,False,0,car,0 days 01:11:13.069000,0 days 02:08:10.164000
2024-06-23 14:14:27.722,11051,275,7,100,False,0,car,0 days 01:11:13.309000,0 days 02:08:10.404000
2024-06-23 14:14:27.922,11116,278,7,100,False,0,car,0 days 01:11:13.509000,0 days 02:08:10.604000
2024-06-23 14:14:28.162,11229,279,7,100,False,0,car,0 days 01:11:13.749000,0 days 02:08:10.844000
2024-06-23 14:14:28.322,11275,280,7,100,False,0,car,0 days 01:11:13.909000,0 days 02:08:11.004000
2024-06-23 14:14:28.522,11281,282,7,100,False,0,car,0 days 01:11:14.109000,0 days 02:08:11.204000
2024-06-23 14:14:28.722,11359,283,7,100,False,0,car,0 days 01:11:14.309000,0 days 02:08:11.404000
2024-06-23 14:14:29.042,11422,285,7,100,False,0,car,0 days 01:11:14.629000,0 days 02:08:11.724000
2024-06-23 14:14:29.401,11489,287,7,100,False,0,car,0 days 01:11:14.988000,0 days 02:08:12.083000
2024-06-23 14:14:29.801,11605,290,7,100,False,0,car,0 days 01:11:15.388000,0 days 02:08:12.483000
2024-06-23 14:14:29.961,11598,291,7,100,False,0,car,0 days 01:11:15.548000,0 days 02:08:12.643000
2024-06-23 14:14:30.201,11628,291,7,100,False,0,car,0 days 01:11:15.788000,0 days 02:08:12.883000
2024-06-23 14:14:30.401,11659,292,7,100,False,0,car,0 days 01:11:15.988000,0 days 02:08:13.083000
2024-06-23 14:14:30.801,10376,293,8,100,False,0,car,0 days 01:11:16.388000,0 days 02:08:13.483000
2024-06-23 14:14:31.001,10447,295,8,100,False,0,car,0 days 01:11:16.588000,0 days 02:08:13.683000
2024-06-23 14:14:31.202,10483,295,8,100,False,0,car,0 days 01:11:16.789000,0 days 02:08:13.884000
2024-06-23 14:14:31.602,10503,295,8,100,False,0,car,0 days 01:11:17.189000,0 days 02:08:14.284000
2024-06-23 14:14:31.842,10548,296,8,100,False,0,car,0 days 01:11:17.429000,0 days 02:08:14.524000
2024-06-23 14:14:32.082,10578,297,8,100,False,0,car,0 days 01:11:17.669000,0 days 02:08:14.764000
2024-06-23 14:14:32.322,10633,298,8,100,False,0,car,0 days 01:11:17.909000,0 days 02:08:15.004000
2024-06-23 14:14:32.482,10631,298,8,100,False,0,car,0 days 01:11:18.069000,0 days 02:08:15.164000
2024-06-23 14:14:32.882,10657,298,8,100,False,0,car,0 days 01:11:18.469000,0 days 02:08:15.564000
2024-06-23 14:14:33.122,10627,299,8,100,False,0,car,0 days 01:11:18.709000,0 days 02:08:15.804000
2024-06-23 14:14:33.402,10647,299,8,100,False,0,car,0 days 01:11:18.989000,0 days 02:08:16.084000
2024-06-23 14:14:33.722,10661,299,8,100,False,0,car,0 days 01:11:19.309000,0 days 02:08:16.404000
2024-06-23 14:14:33.882,10654,299,8,100,False,0,car,0 days 01:11:19.469000,0 days 02:08:16.564000
2024-06-23 14:14:34.042,10639,301,8,100,False,0,car,0 days 01:11:19.629000,0 days 02:08:16.724000
2024-06-23 14:14:34.322,10667,299,8,100,False,0,car,0 days 01:11:19.909000,0 days 02:08:17.004000
2024-06-23 14:14:34.762,10722,300,8,100,False,0,car,0 days 01:11:20.349000,0 days 02:08:17.444000
2024-06-23 14:14:34.962,10688,301,8,100,False,0,car,0 days 01:11:20.549000,0 days 02:08:17.644000
2024-06-23 14:14:35.402,10673,300,8,100,False,0,car,0 days 01:11:20.989000,0 days 02:08:18.084000
2024-06-23 14:14:35.562,10691,301,8,100,False,0,car,0 days 01:11:21.149000,0 days 02:08:18.244000
2024-06-23 14:14:35.961,10680,301,8,100,False,0,car,0 days 01:11:21.548000,0 days 02:08:18.643000
2024-06-23 14:14:36.161,10675,301,8,100,False,0,car,0 days 01:11:21.748000,0 days 02:08:18.843000
2024-06-23 14:14:36.321,10673,300,8,100,False,0,car,0 days 01:11:21.908000,0 days 02:08:19.003000
2024-06-23 14:14:36.481,10662,299,8,100,False,0,car,0 days 01:11:22.068000,0 days 02:08:19.163000
2024-06-23 14:14:36.721,10627,299,8,91,False,0,car,0 days 01:11:22.308000,0 days 02:08:19.403000
2024-06-23 14:14:37.041,10119,280,8,0,True,0,car,0 days 01:11:22.628000,0 days 02:08:19.723000
2024-06-23 14:14:37.441,9314,246,8,0,True,0,car,0 days 01:11:23.028000,0 days 02:08:20.123000
2024-06-23 14:14:37.802,9336,215,7,0,True,0,car,0 days 01:11:23.389000,0 days 02:08:20.484000
2024-06-23 14:14:38.042,8844,189,6,0,True,0,car,0 days 01:11:23.629000,0 days 02:08:20.724000
2024-06-23 14:14:38.242,9369,173,6,0,True,0,car,0 days 01:11:23.829000,0 days 02:08:20.924000
2024-06-23 14:14:38.442,9709,162,5,0,True,0,car,0 days 01:11:24.029000,0 days 02:08:21.124000
2024-06-23 14:14:38.802,9094,151,4,0,True,0,car,0 days 01:11:24.389000,0 days 02:08:21.484000
2024-06-23 14:14:39.082,8932,143,4,0,True,0,car,0 days 01:11:24.669000,0 days 02:08:21.764000
2024-06-23 14:14:39.282,8728,141,4,0,True,0,car,0 days 01:11:24.869000,0 days 02:08:21.964000
2024-06-23 14:14:39.442,8597,138,4,0,False,0,car,0 days 01:11:25.029000,0 days 02:08:22.124000
2024-06-23 14:14:39.602,8475,136,4,0,False,0,car,0 days 01:11:25.189000,0 days 02:08:22.284000
2024-06-23 14:14:40.042,8446,133,4,43,False,0,car,0 days 01:11:25.629000,0 days 02:08:22.724000
2024-06-23 14:14:40.242,8542,135,4,48,False,0,car,0 days 01:11:25.829000,0 days 02:08:22.924000
2024-06-23 14:14:40.402,8750,135,4,52,False,0,car,0 days 01:11:25.989000,0 days 02:08:23.084000
2024-06-23 14:14:40.642,8904,140,4,60,False,0,car,0 days 01:11:26.229000,0 days 02:08:23.324000
2024-06-23 14:14:40.882,9178,144,4,61,False,0,car,0 days 01:11:26.469000,0 days 02:08:23.564000
2024-06-23 14:14:41.082,9503,149,4,69,False,0,car,0 days 01:11:26.669000,0 days 02:08:23.764000
2024-06-23 14:14:41.322,9810,155,4,69,False,0,car,0 days 01:11:26.909000,0 days 02:08:24.004000
2024-06-23 14:14:41.522,8706,159,4,64,False,0,car,0 days 01:11:27.109000,0 days 02:08:24.204000
2024-06-23 14:14:41.842,8545,159,5,30,False,0,car,0 days 01:11:27.429000,0 days 02:08:24.524000
2024-06-23 14:14:42.162,8532,158,5,42,False,0,car,0 days 01:11:27.749000,0 days 02:08:24.844000
2024-06-23 14:14:42.362,8685,161,5,59,False,0,car,0 days 01:11:27.949000,0 days 02:08:25.044000
2024-06-23 14:14:42.681,8998,164,5,72,False,0,car,0 days 01:11:28.268000,0 days 02:08:25.363000
2024-06-23 14:14:42.841,9174,169,5,80,False,0,car,0 days 01:11:28.428000,0 days 02:08:25.523000
2024-06-23 14:14:43.121,9614,175,5,83,False,0,car,0 days 01:11:28.708000,0 days 02:08:25.803000
2024-06-23 14:14:43.281,9906,181,5,92,False,0,car,0 days 01:11:28.868000,0 days 02:08:25.963000
2024-06-23 14:14:43.441,10070,187,5,92,False,0,car,0 days 01:11:29.028000,0 days 02:08:26.123000
2024-06-23 14:14:43.761,10634,193,5,100,False,0,car,0 days 01:11:29.348000,0 days 02:08:26.443000
2024-06-23 14:14:44.041,10925,208,5,100,False,0,car,0 days 01:11:29.628000,0 days 02:08:26.723000
2024-06-23 14:14:44.201,10925,209,5,100,False,0,car,0 days 01:11:29.788000,0 days 02:08:26.883000
2024-06-23 14:14:44.522,11322,213,5,65,False,0,car,0 days 01:11:30.109000,0 days 02:08:27.204000
2024-06-23 14:14:44.762,11217,211,5,55,False,0,car,0 days 01:11:30.349000,0 days 02:08:27.444000
2024-06-23 14:14:45.042,11277,210,5,61,False,0,car,0 days 01:11:30.629000,0 days 02:08:27.724000
2024-06-23 14:14:45.202,10157,212,5,72,False,0,car,0 days 01:11:30.789000,0 days 02:08:27.884000
2024-06-23 14:14:45.402,9874,213,5,79,False,0,car,0 days 01:11:30.989000,0 days 02:08:28.084000
2024-06-23 14:14:45.642,9947,215,6,67,False,0,car,0 days 01:11:31.229000,0 days 02:08:28.324000
2024-06-23 14:14:45.802,9941,215,6,70,False,0,car,0 days 01:11:31.389000,0 days 02:08:28.484000
2024-06-23 14:14:46.042,10093,217,6,70,False,0,car,0 days 01:11:31.629000,0 days 02:08:28.724000
2024-06-23 14:14:46.242,10187,218,6,80,False,0,car,0 days 01:11:31.829000,0 days 02:08:28.924000
2024-06-23 14:14:46.682,10426,223,6,81,False,0,car,0 days 01:11:32.269000,0 days 02:08:29.364000
2024-06-23 14:14:47.082,10575,228,6,84,False,0,car,0 days 01:11:32.669000,0 days 02:08:29.764000
2024-06-23 14:14:47.282,10700,230,6,87,False,0,car,0 days 01:11:32.869000,0 days 02:08:29.964000
2024-06-23 14:14:47.482,10917,233,6,98,False,0,car,0 days 01:11:33.069000,0 days 02:08:30.164000
2024-06-23 14:14:47.722,10947,237,6,100,False,0,car,0 days 01:11:33.309000,0 days 02:08:30.404000
2024-06-23 14:14:48.002,11204,241,6,99,False,0,car,0 days 01:11:33.589000,0 days 02:08:30.684000
2024-06-23 14:14:48.402,11438,246,6,100,False,0,car,0 days 01:11:33.989000,0 days 02:08:31.084000
2024-06-23 14:14:48.562,11517,249,6,100,False,0,car,0 days 01:11:34.149000,0 days 02:08:31.244000
2024-06-23 14:14:48.762,11624,251,6,100,False,0,car,0 days 01:11:34.349000,0 days 02:08:31.444000
2024-06-23 14:14:49.162,10601,257,6,100,False,0,car,0 days 01:11:34.749000,0 days 02:08:31.844000
2024-06-23 14:14:49.361,10321,260,7,100,False,0,car,0 days 01:11:34.948000,0 days 02:08:32.043000
2024-06-23 14:14:49.641,10589,263,7,100,False,0,car,0 days 01:11:35.228000,0 days 02:08:32.323000
2024-06-23 14:14:49.801,10669,263,7,100,False,0,car,0 days 01:11:35.388000,0 days 02:08:32.483000
2024-06-23 14:14:49.961,10672,266,7,100,False,0,car,0 days 01:11:35.548000,0 days 02:08:32.643000
2024-06-23 14:14:50.281,10832,271,7,100,False,0,car,0 days 01:11:35.868000,0 days 02:08:32.963000
2024-06-23 14:14:50.601,10933,273,7,100,False,0,car,0 days 01:11:36.188000,0 days 02:08:33.283000
2024-06-23 14:14:50.842,10978,274,7,100,False,0,car,0 days 01:11:36.429000,0 days 02:08:33.524000
2024-06-23 14:14:51.082,11038,276,7,100,False,0,car,0 days 01:11:36.669000,0 days 02:08:33.764000
2024-06-23 14:14:51.282,11053,276,7,100,False,0,car,0 days 01:11:36.869000,0 days 02:08:33.964000
2024-06-23 14:14:51.722,11119,278,7,100,False,0,car,0 days 01:11:37.309000,0 days 02:08:34.404000
2024-06-23 14:14:52.082,10868,279,7,0,False,0,car,0 days 01:11:37.669000,0 days 02:08:34.764000
2024-06-23 14:14:52.282,10752,266,7,0,False,0,car,0 days 01:11:37.869000,0 days 02:08:34.964000
2024-06-23 14:14:52.682,9480,240,7,0,True,0,car,0 days 01:11:38.269000,0 days 02:08:35.364000
2024-06-23 14:14:53.122,9533,194,6,0,True,0,car,0 days 01:11:38.709000,0 days 02:08:35.804000
2024-06-23 14:14:53.282,9329,181,6,0,True,0,car,0 days 01:11:38.869000,0 days 02:08:35.964000
2024-06-23 14:14:53.602,9183,166,5,0,True,0,car,0 days 01:11:39.189000,0 days 02:08:36.284000
2024-06-23 14:14:53.762,9555,160,5,0,True,0,car,0 days 01:11:39.349000,0 days 02:08:36.444000
2024-06-23 14:14:53.962,9544,156,4,0,True,0,car,0 days 01:11:39.549000,0 days 02:08:36.644000
2024-06-23 14:14:54.402,8961,144,4,0,True,0,car,0 days 01:11:39.989000,0 days 02:08:37.084000
2024-06-23 14:14:54.642,8696,139,4,0,False,0,car,0 days 01:11:40.229000,0 days 02:08:37.324000
2024-06-23 14:14:54.842,8599,134,4,0,True,0,car,0 days 01:11:40.429000,0 days 02:08:37.524000
2024-06-23 14:14:55.202,8126,128,4,0,False,0,car,0 days 01:11:40.789000,0 days 02:08:37.884000
2024-06-23 14:14:55.522,8140,127,4,40,False,0,car,0 days 01:11:41.109000,0 days 02:08:38.204000
2024-06-23 14:14:55.682,8273,128,4,48,False,0,car,0 days 01:11:41.269000,0 days 02:08:38.364000
2024-06-23 14:14:56.042,8532,133,4,54,False,0,car,0 days 01:11:41.629000,0 days 02:08:38.724000
2024-06-23 14:14:56.481,9015,140,4,65,False,0,car,0 days 01:11:42.068000,0 days 02:08:39.163000
2024-06-23 14:14:56.761,9538,147,4,72,False,0,car,0 days 01:11:42.348000,0 days 02:08:39.443000
2024-06-23 14:14:56.921,9660,150,4,74,False,0,car,0 days 01:11:42.508000,0 days 02:08:39.603000
2024-06-23 14:14:57.241,10382,159,4,81,False,0,car,0 days 01:11:42.828000,0 days 02:08:39.923000
2024-06-23 14:14:57.482,10911,169,4,89,False,0,car,0 days 01:11:43.069000,0 days 02:08:40.164000
2024-06-23 14:14:57.682,11363,176,4,100,False,0,car,0 days 01:11:43.269000,0 days 02:08:40.364000
2024-06-23 14:14:57.842,11632,184,4,100,False,0,car,0 days 01:11:43.429000,0 days 02:08:40.524000
2024-06-23 14:14:58.282,10690,197,5,100,False,0,car,0 days 01:11:43.869000,0 days 02:08:40.964000
2024-06-23 14:14:58.442,10805,202,5,100,False,0,car,0 days 01:11:44.029000,0 days 02:08:41.124000
2024-06-23 14:14:58.642,11052,205,5,100,False,0,car,0 days 01:11:44.229000,0 days 02:08:41.324000
2024-06-23 14:14:58.802,11361,210,5,100,False,0,car,0 days 01:11:44.389000,0 days 02:08:41.484000
2024-06-23 14:14:59.042,11598,219,5,100,False,0,car,0 days 01:11:44.629000,0 days 02:08:41.724000
2024-06-23 14:14:59.282,10769,223,5,100,False,0,car,0 days 01:11:44.869000,0 days 02:08:41.964000
2024-06-23 14:14:59.642,10492,229,6,100,False,0,car,0 days 01:11:45.229000,0 days 02:08:42.324000
2024-06-23 14:14:59.882,10697,233,6,100,False,0,car,0 days 01:11:45.469000,0 days 02:08:42.564000
2024-06-23 14:15:00.202,10907,238,6,100,False,0,car,0 days 01:11:45.789000,0 days 02:08:42.884000
2024-06-23 14:15:00.522,10346,239,6,28,True,0,car,0 days 01:11:46.109000,0 days 02:08:43.204000
2024-06-23 14:15:00.802,10125,216,6,0,True,0,car,0 days 01:11:46.389000,0 days 02:08:43.484000
2024-06-23 14:15:00.962,9577,192,6,0,True,0,car,0 days 01:11:46.549000,0 days 02:08:43.644000
2024-06-23 14:15:01.122,9513,185,6,0,True,0,car,0 days 01:11:46.709000,0 days 02:08:43.804000
2024-06-23 14:15:01.362,9946,159,5,0,True,0,car,0 days 01:11:46.949000,0 days 02:08:44.044000
2024-06-23 14:15:01.602,8808,147,4,0,True,0,car,0 days 01:11:47.189000,0 days 02:08:44.284000
2024-06-23 14:15:01.802,9595,135,4,0,True,0,car,0 days 01:11:47.389000,0 days 02:08:44.484000
2024-06-23 14:15:02.002,9175,127,3,0,True,0,car,0 days 01:11:47.589000,0 days 02:08:44.684000
2024-06-23 14:15:02.242,8682,118,3,0,True,0,car,0 days 01:11:47.829000,0 days 02:08:44.924000
2024-06-23 14:15:02.522,8281,113,3,0,True,0,car,0 days 01:11:48.109000,0 days 02:08:45.204000
2024-06-23 14:15:02.801,7889,108,3,0,True,0,car,0 days 01:11:48.388000,0 days 02:08:45.483000
2024-06-23 14:15:03.081,7390,101,3,0,True,0,car,0 days 01:11:48.668000,0 days 02:08:45.763000
2024-06-23 14:15:03.441,7135,94,3,0,True,0,car,0 days 01:11:49.028000,0 days 02:08:46.123000
2024-06-23 14:15:03.761,6742,92,3,0,True,0,car,0 days 01:11:49.348000,0 days 02:08:46.443000
2024-06-23 14:15:04.122,7077,91,3,27,False,0,car,0 days 01:11:49.709000,0 days 02:08:46.804000
2024-06-23 14:15:04.482,7420,97,3,38,False,0,car,0 days 01:11:50.069000,0 days 02:08:47.164000
2024-06-23 14:15:04.682,7657,100,3,40,False,0,car,0 days 01:11:50.269000,0 days 02:08:47.364000
2024-06-23 14:15:05.122,8402,108,3,51,False,0,car,0 days 01:11:50.709000,0 days 02:08:47.804000
2024-06-23 14:15:05.402,9034,116,3,61,False,0,car,0 days 01:11:50.989000,0 days 02:08:48.084000
2024-06-23 14:15:05.722,9953,126,3,73,False,0,car,0 days 01:11:51.309000,0 days 02:08:48.404000
2024-06-23 14:15:05.882,10468,134,3,80,False,0,car,0 days 01:11:51.469000,0 days 02:08:48.564000
2024-06-23 14:15:06.082,9811,144,3,82,False,0,car,0 days 01:11:51.669000,0 days 02:08:48.764000
2024-06-23 14:15:06.362,10355,158,4,100,False,0,car,0 days 01:11:51.949000,0 days 02:08:49.044000
2024-06-23 14:15:06.682,11130,171,4,100,False,0,car,0 days 01:11:52.269000,0 days 02:08:49.364000
2024-06-23 14:15:06.962,11271,185,4,100,False,0,car,0 days 01:11:52.549000,0 days 02:08:49.644000
2024-06-23 14:15:07.322,10530,196,5,100,False,0,car,0 days 01:11:52.909000,0 days 02:08:50.004000
2024-06-23 14:15:07.562,10896,206,5,100,False,0,car,0 days 01:11:53.149000,0 days 02:08:50.244000
2024-06-23 14:15:07.962,11645,213,5,100,False,0,car,0 days 01:11:53.549000,0 days 02:08:50.644000
2024-06-23 14:15:08.402,10340,227,5,100,False,0,car,0 days 01:11:53.989000,0 days 02:08:51.084000
2024-06-23 14:15:08.642,10711,233,6,100,False,0,car,0 days 01:11:54.229000,0 days 02:08:51.324000
2024-06-23 14:15:08.922,10977,239,6,100,False,0,car,0 days 01:11:54.509000,0 days 02:08:51.604000
2024-06-23 14:15:09.202,11133,243,6,100,False,0,car,0 days 01:11:54.789000,0 days 02:08:51.884000
2024-06-23 14:15:09.402,11239,246,6,100,False,0,car,0 days 01:11:54.989000,0 days 02:08:52.084000
2024-06-23 14:15:09.601,11322,246,6,100,False,0,car,0 days 01:11:55.188000,0 days 02:08:52.283000
2024-06-23 14:15:09.761,11431,249,6,100,False,0,car,0 days 01:11:55.348000,0 days 02:08:52.443000
2024-06-23 14:15:09.921,11435,251,6,92,False,0,car,0 days 01:11:55.508000,0 days 02:08:52.603000
2024-06-23 14:15:10.201,10728,233,6,0,True,0,car,0 days 01:11:55.788000,0 days 02:08:52.883000
2024-06-23 14:15:10.361,10028,213,6,0,True,0,car,0 days 01:11:55.948000,0 days 02:08:53.043000
2024-06-23 14:15:10.521,9114,205,6,0,True,0,car,0 days 01:11:56.108000,0 days 02:08:53.203000
2024-06-23 14:15:10.762,9660,180,6,0,True,0,car,0 days 01:11:56.349000,0 days 02:08:53.444000
2024-06-23 14:15:11.042,9513,166,5,0,True,0,car,0 days 01:11:56.629000,0 days 02:08:53.724000
2024-06-23 14:15:11.242,9427,155,5,0,True,0,car,0 days 01:11:56.829000,0 days 02:08:53.924000
2024-06-23 14:15:11.442,9009,144,4,0,True,0,car,0 days 01:11:57.029000,0 days 02:08:54.124000
2024-06-23 14:15:11.642,8910,142,4,0,False,0,car,0 days 01:11:57.229000,0 days 02:08:54.324000
2024-06-23 14:15:12.042,8602,139,4,0,False,0,car,0 days 01:11:57.629000,0 days 02:08:54.724000
2024-06-23 14:15:12.282,8465,134,4,7,False,0,car,0 days 01:11:57.869000,0 days 02:08:54.964000
2024-06-23 14:15:12.442,8285,131,4,10,False,0,car,0 days 01:11:58.029000,0 days 02:08:55.124000
2024-06-23 14:15:12.762,8335,131,4,24,False,0,car,0 days 01:11:58.349000,0 days 02:08:55.444000
2024-06-23 14:15:13.162,8519,134,4,48,False,0,car,0 days 01:11:58.749000,0 days 02:08:55.844000
2024-06-23 14:15:13.522,9269,139,4,69,False,0,car,0 days 01:11:59.109000,0 days 02:08:56.204000
2024-06-23 14:15:13.762,9420,147,4,74,False,0,car,0 days 01:11:59.349000,0 days 02:08:56.444000
2024-06-23 14:15:13.962,9863,156,4,83,False,0,car,0 days 01:11:59.549000,0 days 02:08:56.644000
2024-06-23 14:15:14.122,10360,160,4,90,False,0,car,0 days 01:11:59.709000,0 days 02:08:56.804000
2024-06-23 14:15:14.522,11443,174,4,92,False,0,car,0 days 01:12:00.109000,0 days 02:08:57.204000
2024-06-23 14:15:14.682,11684,181,4,100,False,0,car,0 days 01:12:00.269000,0 days 02:08:57.364000
2024-06-23 14:15:14.882,10770,188,4,100,False,0,car,0 days 01:12:00.469000,0 days 02:08:57.564000
2024-06-23 14:15:15.122,10612,195,5,100,False,0,car,0 days 01:12:00.709000,0 days 02:08:57.804000
2024-06-23 14:15:15.362,10853,203,5,100,False,0,car,0 days 01:12:00.949000,0 days 02:08:58.044000
2024-06-23 14:15:15.602,11241,209,5,100,False,0,car,0 days 01:12:01.189000,0 days 02:08:58.284000
2024-06-23 14:15:15.802,11349,214,5,100,False,0,car,0 days 01:12:01.389000,0 days 02:08:58.484000
2024-06-23 14:15:16.202,11591,225,5,100,False,0,car,0 days 01:12:01.789000,0 days 02:08:58.884000
2024-06-23 14:15:16.601,10791,230,6,100,False,0,car,0 days 01:12:02.188000,0 days 02:08:59.283000
2024-06-23 14:15:16.801,10748,234,6,100,False,0,car,0 days 01:12:02.388000,0 days 02:08:59.483000
2024-06-23 14:15:16.961,10899,238,6,100,False,0,car,0 days 01:12:02.548000,0 days 02:08:59.643000
2024-06-23 14:15:17.242,10914,240,6,100,False,0,car,0 days 01:12:02.829000,0 days 02:08:59.924000
2024-06-23 14:15:17.642,10642,234,6,0,False,0,car,0 days 01:12:03.229000,0 days 02:09:00.324000
2024-06-23 14:15:17.922,10464,230,6,14,False,0,car,0 days 01:12:03.509000,0 days 02:09:00.604000
2024-06-23 14:15:18.282,10312,224,6,47,False,0,car,0 days 01:12:03.869000,0 days 02:09:00.964000
2024-06-23 14:15:18.682,10269,222,6,67,False,0,car,0 days 01:12:04.269000,0 days 02:09:01.364000
2024-06-23 14:15:19.002,10467,224,6,79,False,0,car,0 days 01:12:04.589000,0 days 02:09:01.684000
2024-06-23 14:15:19.322,10570,228,6,80,False,0,car,0 days 01:12:04.909000,0 days 02:09:02.004000
2024-06-23 14:15:19.682,10815,232,6,100,False,0,car,0 days 01:12:05.269000,0 days 02:09:02.364000
2024-06-23 14:15:19.882,10943,236,6,100,False,0,car,0 days 01:12:05.469000,0 days 02:09:02.564000
2024-06-23 14:15:20.082,11054,239,6,100,False,0,car,0 days 01:12:05.669000,0 days 02:09:02.764000
2024-06-23 14:15:20.362,11167,244,6,100,False,0,car,0 days 01:12:05.949000,0 days 02:09:03.044000
2024-06-23 14:15:20.762,11527,251,6,100,False,0,car,0 days 01:12:06.349000,0 days 02:09:03.444000
2024-06-23 14:15:20.922,11593,253,6,100,False,0,car,0 days 01:12:06.509000,0 days 02:09:03.604000
2024-06-23 14:15:21.202,11318,257,6,100,False,0,car,0 days 01:12:06.789000,0 days 02:09:03.884000
2024-06-23 14:15:21.402,10478,260,6,100,False,0,car,0 days 01:12:06.989000,0 days 02:09:04.084000
2024-06-23 14:15:21.762,10575,265,7,100,False,0,car,0 days 01:12:07.349000,0 days 02:09:04.444000
2024-06-23 14:15:22.242,10763,269,7,100,False,0,car,0 days 01:12:07.829000,0 days 02:09:04.924000
2024-06-23 14:15:22.602,11047,276,7,100,False,0,car,0 days 01:12:08.189000,0 days 02:09:05.284000
2024-06-23 14:15:23.041,11159,280,7,100,False,0,car,0 days 01:12:08.628000,0 days 02:09:05.723000
2024-06-23 14:15:23.281,11249,281,7,100,False,0,car,0 days 01:12:08.868000,0 days 02:09:05.963000
2024-06-23 14:15:23.681,11305,283,7,100,False,0,car,0 days 01:12:09.268000,0 days 02:09:06.363000
2024-06-23 14:15:24.082,11373,285,7,100,False,0,car,0 days 01:12:09.669000,0 days 02:09:06.764000
2024-06-23 14:15:24.482,11406,284,7,100,False,0,car,0 days 01:12:10.069000,0 days 02:09:07.164000
2024-06-23 14:15:24.842,11418,285,7,59,False,0,car,0 days 01:12:10.429000,0 days 02:09:07.524000
2024-06-23 14:15:25.042,11283,277,7,0,False,0,car,0 days 01:12:10.629000,0 days 02:09:07.724000
2024-06-23 14:15:25.202,10699,270,7,0,True,0,car,0 days 01:12:10.789000,0 days 02:09:07.884000
2024-06-23 14:15:25.362,10353,261,7,0,True,0,car,0 days 01:12:10.949000,0 days 02:09:08.044000
2024-06-23 14:15:25.682,9437,212,7,0,True,0,car,0 days 01:12:11.269000,0 days 02:09:08.364000
2024-06-23 14:15:25.882,9212,201,6,0,True,0,car,0 days 01:12:11.469000,0 days 02:09:08.564000
2024-06-23 14:15:26.162,8874,168,5,0,True,0,car,0 days 01:12:11.749000,0 days 02:09:08.844000
2024-06-23 14:15:26.362,9701,154,5,0,True,0,car,0 days 01:12:11.949000,0 days 02:09:09.044000
2024-06-23 14:15:26.642,8794,140,4,0,True,0,car,0 days 01:12:12.229000,0 days 02:09:09.324000
2024-06-23 14:15:26.922,9850,134,3,0,True,0,car,0 days 01:12:12.509000,0 days 02:09:09.604000
2024-06-23 14:15:27.242,9060,126,3,0,True,0,car,0 days 01:12:12.829000,0 days 02:09:09.924000
2024-06-23 14:15:27.522,8668,118,3,0,True,0,car,0 days 01:12:13.109000,0 days 02:09:10.204000
2024-06-23 14:15:27.722,8522,115,3,0,True,0,car,0 days 01:12:13.309000,0 days 02:09:10.404000
2024-06-23 14:15:27.962,8173,109,3,0,True,0,car,0 days 01:12:13.549000,0 days 02:09:10.644000
2024-06-23 14:15:28.282,7678,105,3,0,True,0,car,0 days 01:12:13.869000,0 days 02:09:10.964000
2024-06-23 14:15:28.482,7630,104,3,0,False,0,car,0 days 01:12:14.069000,0 days 02:09:11.164000
2024-06-23 14:15:28.762,7626,101,3,18,False,0,car,0 days 01:12:14.349000,0 days 02:09:11.444000
2024-06-23 14:15:28.962,7644,102,3,25,False,0,car,0 days 01:12:14.549000,0 days 02:09:11.644000
2024-06-23 14:15:29.122,7791,102,3,25,False,0,car,0 days 01:12:14.709000,0 days 02:09:11.804000
2024-06-23 14:15:29.282,7872,104,3,35,False,0,car,0 days 01:12:14.869000,0 days 02:09:11.964000
2024-06-23 14:15:29.602,8201,107,3,42,False,0,car,0 days 01:12:15.189000,0 days 02:09:12.284000
2024-06-23 14:15:29.761,8367,110,3,45,False,0,car,0 days 01:12:15.348000,0 days 02:09:12.443000
2024-06-23 14:15:30.001,8750,114,3,49,False,0,car,0 days 01:12:15.588000,0 days 02:09:12.683000
2024-06-23 14:15:30.322,9162,119,3,53,False,0,car,0 days 01:12:15.909000,0 days 02:09:13.004000
2024-06-23 14:15:30.562,9612,126,3,61,False,0,car,0 days 01:12:16.149000,0 days 02:09:13.244000
2024-06-23 14:15:30.802,9574,132,3,64,False,0,car,0 days 01:12:16.389000,0 days 02:09:13.484000
2024-06-23 14:15:31.042,8913,142,3,71,False,0,car,0 days 01:12:16.629000,0 days 02:09:13.724000
2024-06-23 14:15:31.282,9563,145,4,79,False,0,car,0 days 01:12:16.869000,0 days 02:09:13.964000
2024-06-23 14:15:31.642,10303,163,4,85,False,0,car,0 days 01:12:17.229000,0 days 02:09:14.324000
2024-06-23 14:15:31.842,10772,172,4,89,False,0,car,0 days 01:12:17.429000,0 days 02:09:14.524000
2024-06-23 14:15:32.042,11248,179,4,100,False,0,car,0 days 01:12:17.629000,0 days 02:09:14.724000
2024-06-23 14:15:32.362,10981,190,4,100,False,0,car,0 days 01:12:17.949000,0 days 02:09:15.044000
2024-06-23 14:15:32.642,10331,193,5,100,False,0,car,0 days 01:12:18.229000,0 days 02:09:15.324000
2024-06-23 14:15:32.802,10611,199,5,100,False,0,car,0 days 01:12:18.389000,0 days 02:09:15.484000
2024-06-23 14:15:33.082,10013,187,5,0,True,0,car,0 days 01:12:18.669000,0 days 02:09:15.764000
2024-06-23 14:15:33.282,9873,176,5,0,True,0,car,0 days 01:12:18.869000,0 days 02:09:15.964000
2024-06-23 14:15:33.482,9148,164,5,0,True,0,car,0 days 01:12:19.069000,0 days 02:09:16.164000
2024-06-23 14:15:33.762,9569,152,4,0,True,0,car,0 days 01:12:19.349000,0 days 02:09:16.444000
2024-06-23 14:15:33.962,9063,146,4,0,True,0,car,0 days 01:12:19.549000,0 days 02:09:16.644000
2024-06-23 14:15:34.162,8749,141,4,0,True,0,car,0 days 01:12:19.749000,0 days 02:09:16.844000
2024-06-23 14:15:34.362,8441,135,4,0,True,0,car,0 days 01:12:19.949000,0 days 02:09:17.044000
2024-06-23 14:15:34.562,8157,131,4,0,True,0,car,0 days 01:12:20.149000,0 days 02:09:17.244000
2024-06-23 14:15:34.762,8094,129,4,0,True,0,car,0 days 01:12:20.349000,0 days 02:09:17.444000
2024-06-23 14:15:35.042,7684,125,4,0,False,0,car,0 days 01:12:20.629000,0 days 02:09:17.724000
2024-06-23 14:15:35.322,7493,121,4,0,False,0,car,0 days 01:12:20.909000,0 days 02:09:18.004000
2024-06-23 14:15:35.722,7373,116,4,0,False,0,car,0 days 01:12:21.309000,0 days 02:09:18.404000
2024-06-23 14:15:35.922,7462,116,4,22,False,0,car,0 days 01:12:21.509000,0 days 02:09:18.604000
2024-06-23 14:15:36.242,7532,117,4,37,False,0,car,0 days 01:12:21.829000,0 days 02:09:18.924000
2024-06-23 14:15:36.441,7797,119,4,41,False,0,car,0 days 01:12:22.028000,0 days 02:09:19.123000
2024-06-23 14:15:36.681,7863,122,4,44,False,0,car,0 days 01:12:22.268000,0 days 02:09:19.363000
2024-06-23 14:15:36.922,8182,126,4,51,False,0,car,0 days 01:12:22.509000,0 days 02:09:19.604000
2024-06-23 14:15:37.122,8499,130,4,55,False,0,car,0 days 01:12:22.709000,0 days 02:09:19.804000
2024-06-23 14:15:37.402,8846,136,4,59,False,0,car,0 days 01:12:22.989000,0 days 02:09:20.084000
2024-06-23 14:15:37.722,9324,144,4,71,False,0,car,0 days 01:12:23.309000,0 days 02:09:20.404000
2024-06-23 14:15:38.122,10366,158,4,83,False,0,car,0 days 01:12:23.709000,0 days 02:09:20.804000
2024-06-23 14:15:38.362,10923,169,4,100,False,0,car,0 days 01:12:23.949000,0 days 02:09:21.044000
2024-06-23 14:15:38.602,11329,177,4,100,False,0,car,0 days 01:12:24.189000,0 days 02:09:21.284000
2024-06-23 14:15:38.802,10349,182,4,100,False,0,car,0 days 01:12:24.389000,0 days 02:09:21.484000
2024-06-23 14:15:39.002,10293,189,5,100,False,0,car,0 days 01:12:24.589000,0 days 02:09:21.684000
2024-06-23 14:15:39.362,11104,207,5,100,False,0,car,0 days 01:12:24.949000,0 days 02:09:22.044000
2024-06-23 14:15:39.642,11543,214,5,100,False,0,car,0 days 01:12:25.229000,0 days 02:09:22.324000
2024-06-23 14:15:39.842,11777,221,5,100,False,0,car,0 days 01:12:25.429000,0 days 02:09:22.524000
2024-06-23 14:15:40.082,10937,221,6,100,False,0,car,0 days 01:12:25.669000,0 days 02:09:22.764000
2024-06-23 14:15:40.322,10641,228,6,83,False,0,car,0 days 01:12:25.909000,0 days 02:09:23.004000
2024-06-23 14:15:40.602,10762,234,6,87,False,0,car,0 days 01:12:26.189000,0 days 02:09:23.284000
2024-06-23 14:15:41.042,11062,238,6,84,False,0,car,0 days 01:12:26.629000,0 days 02:09:23.724000
2024-06-23 14:15:41.242,11259,241,6,85,False,0,car,0 days 01:12:26.829000,0 days 02:09:23.924000
2024-06-23 14:15:41.442,11282,243,6,100,False,0,car,0 days 01:12:27.029000,0 days 02:09:24.124000
2024-06-23 14:15:41.882,11455,247,6,100,False,0,car,0 days 01:12:27.469000,0 days 02:09:24.564000
2024-06-23 14:15:42.162,11517,249,6,100,False,0,car,0 days 01:12:27.749000,0 days 02:09:24.844000
2024-06-23 14:15:42.322,11196,252,6,100,False,0,car,0 days 01:12:27.909000,0 days 02:09:25.004000
2024-06-23 14:15:42.602,10121,254,7,100,False,0,car,0 days 01:12:28.189000,0 days 02:09:25.284000
2024-06-23 14:15:42.802,10202,256,7,100,False,0,car,0 days 01:12:28.389000,0 days 02:09:25.484000
2024-06-23 14:15:43.082,10348,258,7,100,False,0,car,0 days 01:12:28.669000,0 days 02:09:25.764000
2024-06-23 14:15:43.401,10492,261,7,100,False,0,car,0 days 01:12:28.988000,0 days 02:09:26.083000
2024-06-23 14:15:43.642,10497,262,7,100,False,0,car,0 days 01:12:29.229000,0 days 02:09:26.324000
2024-06-23 14:15:43.922,9994,261,7,0,True,0,car,0 days 01:12:29.509000,0 days 02:09:26.604000
2024-06-23 14:15:44.082,9980,254,7,0,False,0,car,0 days 01:12:29.669000,0 days 02:09:26.764000
2024-06-23 14:15:44.442,10900,242,6,5,False,0,car,0 days 01:12:30.029000,0 days 02:09:27.124000
2024-06-23 14:15:44.722,11046,238,6,63,False,0,car,0 days 01:12:30.309000,0 days 02:09:27.404000
2024-06-23 14:15:44.922,11002,240,6,69,False,0,car,0 days 01:12:30.509000,0 days 02:09:27.604000
2024-06-23 14:15:45.242,11012,237,6,72,False,0,car,0 days 01:12:30.829000,0 days 02:09:27.924000
2024-06-23 14:15:45.482,11092,240,6,83,False,0,car,0 days 01:12:31.069000,0 days 02:09:28.164000
2024-06-23 14:15:45.722,11165,241,6,100,False,0,car,0 days 01:12:31.309000,0 days 02:09:28.404000
2024-06-23 14:15:45.962,11297,246,6,100,False,0,car,0 days 01:12:31.549000,0 days 02:09:28.644000
2024-06-23 14:15:46.122,11410,246,6,100,False,0,car,0 days 01:12:31.709000,0 days 02:09:28.804000
2024-06-23 14:15:46.282,11495,248,6,100,False,0,car,0 days 01:12:31.869000,0 days 02:09:28.964000
2024-06-23 14:15:46.682,11685,254,6,100,False,0,car,0 days 01:12:32.269000,0 days 02:09:29.364000
2024-06-23 14:15:46.842,11709,256,6,100,False,0,car,0 days 01:12:32.429000,0 days 02:09:29.524000
2024-06-23 14:15:47.162,10357,259,7,100,False,0,car,0 days 01:12:32.749000,0 days 02:09:29.844000
2024-06-23 14:15:47.522,10678,262,7,100,False,0,car,0 days 01:12:33.109000,0 days 02:09:30.204000
2024-06-23 14:15:47.722,10738,267,7,100,False,0,car,0 days 01:12:33.309000,0 days 02:09:30.404000
2024-06-23 14:15:48.122,10926,270,7,100,False,0,car,0 days 01:12:33.709000,0 days 02:09:30.804000
2024-06-23 14:15:48.282,10994,274,7,100,False,0,car,0 days 01:12:33.869000,0 days 02:09:30.964000
2024-06-23 14:15:48.522,11110,275,7,100,False,0,car,0 days 01:12:34.109000,0 days 02:09:31.204000
2024-06-23 14:15:48.722,11168,278,7,100,False,0,car,0 days 01:12:34.309000,0 days 02:09:31.404000
2024-06-23 14:15:49.002,11272,281,7,100,False,0,car,0 days 01:12:34.589000,0 days 02:09:31.684000
2024-06-23 14:15:49.282,11361,284,7,100,False,0,car,0 days 01:12:34.869000,0 days 02:09:31.964000
2024-06-23 14:15:49.642,11361,284,7,100,False,0,car,0 days 01:12:35.229000,0 days 02:09:32.324000
2024-06-23 14:15:49.881,11490,286,7,100,False,0,car,0 days 01:12:35.468000,0 days 02:09:32.563000
2024-06-23 14:15:50.202,11606,289,7,100,False,0,car,0 days 01:12:35.789000,0 days 02:09:32.884000
2024-06-23 14:15:50.402,11612,290,7,100,False,0,car,0 days 01:12:35.989000,0 days 02:09:33.084000
2024-06-23 14:15:50.642,11675,293,7,100,False,0,car,0 days 01:12:36.229000,0 days 02:09:33.324000
2024-06-23 14:15:50.842,10992,293,7,100,False,0,car,0 days 01:12:36.429000,0 days 02:09:33.524000
2024-06-23 14:15:51.002,10400,293,8,100,False,0,car,0 days 01:12:36.589000,0 days 02:09:33.684000
2024-06-23 14:15:51.202,10409,294,8,100,False,0,car,0 days 01:12:36.789000,0 days 02:09:33.884000
2024-06-23 14:15:51.402,10517,295,8,100,False,0,car,0 days 01:12:36.989000,0 days 02:09:34.084000
2024-06-23 14:15:51.562,10492,296,8,100,False,0,car,0 days 01:12:37.149000,0 days 02:09:34.244000
2024-06-23 14:15:51.882,10579,297,8,100,False,0,car,0 days 01:12:37.469000,0 days 02:09:34.564000
2024-06-23 14:15:52.082,10616,298,8,100,False,0,car,0 days 01:12:37.669000,0 days 02:09:34.764000
2024-06-23 14:15:52.482,10625,299,8,100,False,0,car,0 days 01:12:38.069000,0 days 02:09:35.164000
2024-06-23 14:15:52.962,10688,301,8,100,False,0,car,0 days 01:12:38.549000,0 days 02:09:35.644000
2024-06-23 14:15:53.122,10727,300,8,100,False,0,car,0 days 01:12:38.709000,0 days 02:09:35.804000
2024-06-23 14:15:53.322,10719,302,8,100,False,0,car,0 days 01:12:38.909000,0 days 02:09:36.004000
2024-06-23 14:15:53.762,10719,302,8,100,False,0,car,0 days 01:12:39.349000,0 days 02:09:36.444000
2024-06-23 14:15:53.922,10728,302,8,100,False,0,car,0 days 01:12:39.509000,0 days 02:09:36.604000
2024-06-23 14:15:54.082,10757,302,8,100,False,0,car,0 days 01:12:39.669000,0 days 02:09:36.764000
2024-06-23 14:15:54.242,10768,303,8,100,False,0,car,0 days 01:12:39.829000,0 days 02:09:36.924000
2024-06-23 14:15:54.442,10798,303,8,100,False,0,car,0 days 01:12:40.029000,0 days 02:09:37.124000
2024-06-23 14:15:54.642,10815,303,8,100,False,0,car,0 days 01:12:40.229000,0 days 02:09:37.324000
2024-06-23 14:15:54.922,10837,305,8,100,False,0,car,0 days 01:12:40.509000,0 days 02:09:37.604000
2024-06-23 14:15:55.202,10851,305,8,100,False,0,car,0 days 01:12:40.789000,0 days 02:09:37.884000
2024-06-23 14:15:55.442,10856,305,8,100,False,0,car,0 days 01:12:41.029000,0 days 02:09:38.124000
2024-06-23 14:15:55.642,10879,306,8,100,False,0,car,0 days 01:12:41.229000,0 days 02:09:38.324000
2024-06-23 14:15:55.842,10899,306,8,100,False,0,car,0 days 01:12:41.429000,0 days 02:09:38.524000
2024-06-23 14:15:56.202,10806,305,8,100,False,0,car,0 days 01:12:41.789000,0 days 02:09:38.884000
2024-06-23 14:15:56.522,10804,305,8,100,False,0,car,0 days 01:12:42.109000,0 days 02:09:39.204000
2024-06-23 14:15:56.802,10795,304,8,100,False,0,car,0 days 01:12:42.389000,0 days 02:09:39.484000
2024-06-23 14:15:57.082,10755,302,8,100,False,0,car,0 days 01:12:42.669000,0 days 02:09:39.764000
2024-06-23 14:15:57.362,10742,302,8,100,False,0,car,0 days 01:12:42.949000,0 days 02:09:40.044000
2024-06-23 14:15:57.642,10661,300,8,100,False,0,car,0 days 01:12:43.229000,0 days 02:09:40.324000
2024-06-23 14:15:57.842,10282,297,8,3,False,0,car,0 days 01:12:43.429000,0 days 02:09:40.524000
2024-06-23 14:15:58.122,10054,286,8,0,True,0,car,0 days 01:12:43.709000,0 days 02:09:40.804000
2024-06-23 14:15:58.442,8910,254,8,0,True,0,car,0 days 01:12:44.029000,0 days 02:09:41.124000
2024-06-23 14:15:58.722,8652,243,8,0,True,0,car,0 days 01:12:44.309000,0 days 02:09:41.404000
2024-06-23 14:15:59.042,9515,201,7,0,True,0,car,0 days 01:12:44.629000,0 days 02:09:41.724000
2024-06-23 14:15:59.202,9720,186,6,0,True,0,car,0 days 01:12:44.789000,0 days 02:09:41.884000
2024-06-23 14:15:59.362,9720,178,5,0,True,0,car,0 days 01:12:44.949000,0 days 02:09:42.044000
2024-06-23 14:15:59.642,10032,165,4,0,True,0,car,0 days 01:12:45.229000,0 days 02:09:42.324000
2024-06-23 14:15:59.882,9622,157,4,0,True,0,car,0 days 01:12:45.469000,0 days 02:09:42.564000
2024-06-23 14:16:00.082,9228,151,4,0,True,0,car,0 days 01:12:45.669000,0 days 02:09:42.764000
2024-06-23 14:16:00.362,8974,143,4,0,False,0,car,0 days 01:12:45.949000,0 days 02:09:43.044000
2024-06-23 14:16:00.602,8886,140,4,18,False,0,car,0 days 01:12:46.189000,0 days 02:09:43.284000
2024-06-23 14:16:00.922,9013,140,4,49,False,0,car,0 days 01:12:46.509000,0 days 02:09:43.604000
2024-06-23 14:16:01.122,9215,142,4,55,False,0,car,0 days 01:12:46.709000,0 days 02:09:43.804000
2024-06-23 14:16:01.402,9638,146,4,65,False,0,car,0 days 01:12:46.989000,0 days 02:09:44.084000
2024-06-23 14:16:01.642,9785,153,4,69,False,0,car,0 days 01:12:47.229000,0 days 02:09:44.324000
2024-06-23 14:16:01.882,9110,160,4,64,False,0,car,0 days 01:12:47.469000,0 days 02:09:44.564000
2024-06-23 14:16:02.202,8815,162,5,53,False,0,car,0 days 01:12:47.789000,0 days 02:09:44.884000
2024-06-23 14:16:02.522,8914,164,5,57,False,0,car,0 days 01:12:48.109000,0 days 02:09:45.204000
2024-06-23 14:16:02.722,9050,167,5,64,False,0,car,0 days 01:12:48.309000,0 days 02:09:45.404000
2024-06-23 14:16:02.882,9310,169,5,70,False,0,car,0 days 01:12:48.469000,0 days 02:09:45.564000
2024-06-23 14:16:03.203,9710,175,5,81,False,0,car,0 days 01:12:48.790000,0 days 02:09:45.885000
2024-06-23 14:16:03.362,9886,180,5,85,False,0,car,0 days 01:12:48.949000,0 days 02:09:46.044000
2024-06-23 14:16:03.802,10515,188,5,100,False,0,car,0 days 01:12:49.389000,0 days 02:09:46.484000
2024-06-23 14:16:03.962,10515,198,5,100,False,0,car,0 days 01:12:49.549000,0 days 02:09:46.644000
2024-06-23 14:16:04.242,11099,206,5,100,False,0,car,0 days 01:12:49.829000,0 days 02:09:46.924000
2024-06-23 14:16:04.562,10442,216,5,94,False,0,car,0 days 01:12:50.149000,0 days 02:09:47.244000
2024-06-23 14:16:04.882,10108,220,6,78,False,0,car,0 days 01:12:50.469000,0 days 02:09:47.564000
2024-06-23 14:16:05.242,9914,219,6,0,False,0,car,0 days 01:12:50.829000,0 days 02:09:47.924000
2024-06-23 14:16:05.442,9755,214,6,16,False,0,car,0 days 01:12:51.029000,0 days 02:09:48.124000
2024-06-23 14:16:05.682,9583,210,6,54,False,0,car,0 days 01:12:51.269000,0 days 02:09:48.364000
2024-06-23 14:16:06.002,9608,208,6,68,False,0,car,0 days 01:12:51.589000,0 days 02:09:48.684000
2024-06-23 14:16:06.322,9766,210,6,71,False,0,car,0 days 01:12:51.909000,0 days 02:09:49.004000
2024-06-23 14:16:06.482,9830,210,6,76,False,0,car,0 days 01:12:52.069000,0 days 02:09:49.164000
2024-06-23 14:16:06.962,10163,220,6,100,False,0,car,0 days 01:12:52.549000,0 days 02:09:49.644000
2024-06-23 14:16:07.242,10372,221,6,100,False,0,car,0 days 01:12:52.829000,0 days 02:09:49.924000
2024-06-23 14:16:07.442,10607,227,6,100,False,0,car,0 days 01:12:53.029000,0 days 02:09:50.124000
2024-06-23 14:16:07.602,10735,229,6,100,False,0,car,0 days 01:12:53.189000,0 days 02:09:50.284000
2024-06-23 14:16:07.842,10874,234,6,100,False,0,car,0 days 01:12:53.429000,0 days 02:09:50.524000
2024-06-23 14:16:08.042,11058,238,6,100,False,0,car,0 days 01:12:53.629000,0 days 02:09:50.724000
2024-06-23 14:16:08.242,11156,238,6,100,False,0,car,0 days 01:12:53.829000,0 days 02:09:50.924000
2024-06-23 14:16:08.522,11350,244,6,100,False,0,car,0 days 01:12:54.109000,0 days 02:09:51.204000
2024-06-23 14:16:08.762,11467,249,6,100,False,0,car,0 days 01:12:54.349000,0 days 02:09:51.444000
2024-06-23 14:16:08.922,11558,249,6,100,False,0,car,0 days 01:12:54.509000,0 days 02:09:51.604000
2024-06-23 14:16:09.362,11016,256,6,100,False,0,car,0 days 01:12:54.949000,0 days 02:09:52.044000
2024-06-23 14:16:09.522,10217,256,6,100,False,0,car,0 days 01:12:55.109000,0 days 02:09:52.204000
2024-06-23 14:16:10.003,10645,263,7,100,False,0,car,0 days 01:12:55.590000,0 days 02:09:52.685000
2024-06-23 14:16:10.242,10736,268,7,100,False,0,car,0 days 01:12:55.829000,0 days 02:09:52.924000
2024-06-23 14:16:10.602,10930,270,7,100,False,0,car,0 days 01:12:56.189000,0 days 02:09:53.284000
2024-06-23 14:16:11.002,11041,274,7,100,False,0,car,0 days 01:12:56.589000,0 days 02:09:53.684000
2024-06-23 14:16:11.282,11130,277,7,100,False,0,car,0 days 01:12:56.869000,0 days 02:09:53.964000
2024-06-23 14:16:11.602,11155,279,7,100,False,0,car,0 days 01:12:57.189000,0 days 02:09:54.284000
2024-06-23 14:16:11.882,11200,280,7,100,False,0,car,0 days 01:12:57.469000,0 days 02:09:54.564000
2024-06-23 14:16:12.082,11219,280,7,100,False,0,car,0 days 01:12:57.669000,0 days 02:09:54.764000
2024-06-23 14:16:12.282,11229,280,7,100,False,0,car,0 days 01:12:57.869000,0 days 02:09:54.964000
2024-06-23 14:16:12.562,10504,280,7,13,False,0,car,0 days 01:12:58.149000,0 days 02:09:55.244000
2024-06-23 14:16:12.802,10224,270,7,0,True,0,car,0 days 01:12:58.389000,0 days 02:09:55.484000
2024-06-23 14:16:13.042,9306,250,7,0,True,0,car,0 days 01:12:58.629000,0 days 02:09:55.724000
2024-06-23 14:16:13.202,9541,226,7,0,True,0,car,0 days 01:12:58.789000,0 days 02:09:55.884000
2024-06-23 14:16:13.442,9807,200,6,0,True,0,car,0 days 01:12:59.029000,0 days 02:09:56.124000
2024-06-23 14:16:13.682,9414,186,5,0,True,0,car,0 days 01:12:59.269000,0 days 02:09:56.364000
2024-06-23 14:16:13.842,9085,182,5,0,True,0,car,0 days 01:12:59.429000,0 days 02:09:56.524000
2024-06-23 14:16:14.042,8669,172,5,0,True,0,car,0 days 01:12:59.629000,0 days 02:09:56.724000
2024-06-23 14:16:14.322,9723,166,5,0,True,0,car,0 days 01:12:59.909000,0 days 02:09:57.004000
2024-06-23 14:16:14.602,9455,153,4,0,True,0,car,0 days 01:13:00.189000,0 days 02:09:57.284000
2024-06-23 14:16:14.962,8860,145,4,0,True,0,car,0 days 01:13:00.549000,0 days 02:09:57.644000
2024-06-23 14:16:15.122,8621,140,4,0,True,0,car,0 days 01:13:00.709000,0 days 02:09:57.804000
2024-06-23 14:16:15.282,8416,137,4,0,True,0,car,0 days 01:13:00.869000,0 days 02:09:57.964000
2024-06-23 14:16:15.602,8206,132,4,0,False,0,car,0 days 01:13:01.189000,0 days 02:09:58.284000
2024-06-23 14:16:15.802,8305,130,4,32,False,0,car,0 days 01:13:01.389000,0 days 02:09:58.484000
2024-06-23 14:16:16.002,8367,130,4,45,False,0,car,0 days 01:13:01.589000,0 days 02:09:58.684000
2024-06-23 14:16:16.162,8601,133,4,53,False,0,car,0 days 01:13:01.749000,0 days 02:09:58.844000
2024-06-23 14:16:16.322,8712,134,4,56,False,0,car,0 days 01:13:01.909000,0 days 02:09:59.004000
2024-06-23 14:16:16.483,8917,136,4,57,False,0,car,0 days 01:13:02.070000,0 days 02:09:59.165000
2024-06-23 14:16:16.723,9193,138,4,62,False,0,car,0 days 01:13:02.310000,0 days 02:09:59.405000
2024-06-23 14:16:16.922,9439,144,4,68,False,0,car,0 days 01:13:02.509000,0 days 02:09:59.604000
2024-06-23 14:16:17.202,10082,152,4,77,False,0,car,0 days 01:13:02.789000,0 days 02:09:59.884000
2024-06-23 14:16:17.362,10248,157,4,79,False,0,car,0 days 01:13:02.949000,0 days 02:10:00.044000
2024-06-23 14:16:17.562,10668,163,4,83,False,0,car,0 days 01:13:03.149000,0 days 02:10:00.244000
2024-06-23 14:16:17.762,11016,166,4,100,False,0,car,0 days 01:13:03.349000,0 days 02:10:00.444000
2024-06-23 14:16:18.082,11347,182,4,100,False,0,car,0 days 01:13:03.669000,0 days 02:10:00.764000
2024-06-23 14:16:18.282,10358,188,5,100,False,0,car,0 days 01:13:03.869000,0 days 02:10:00.964000
2024-06-23 14:16:18.682,10976,201,5,100,False,0,car,0 days 01:13:04.269000,0 days 02:10:01.364000
2024-06-23 14:16:18.842,11125,203,5,100,False,0,car,0 days 01:13:04.429000,0 days 02:10:01.524000
2024-06-23 14:16:19.042,11359,210,5,100,False,0,car,0 days 01:13:04.629000,0 days 02:10:01.724000
2024-06-23 14:16:19.362,11747,219,5,100,False,0,car,0 days 01:13:04.949000,0 days 02:10:02.044000
2024-06-23 14:16:19.722,10751,226,5,100,False,0,car,0 days 01:13:05.309000,0 days 02:10:02.404000
2024-06-23 14:16:20.082,10724,233,6,100,False,0,car,0 days 01:13:05.669000,0 days 02:10:02.764000
2024-06-23 14:16:20.322,10813,235,6,100,False,0,car,0 days 01:13:05.909000,0 days 02:10:03.004000
2024-06-23 14:16:20.562,10950,238,6,100,False,0,car,0 days 01:13:06.149000,0 days 02:10:03.244000
2024-06-23 14:16:20.882,10761,237,6,74,True,0,car,0 days 01:13:06.469000,0 days 02:10:03.564000
2024-06-23 14:16:21.162,9257,207,6,0,True,0,car,0 days 01:13:06.749000,0 days 02:10:03.844000
2024-06-23 14:16:21.322,9730,207,6,0,True,0,car,0 days 01:13:06.909000,0 days 02:10:04.004000
2024-06-23 14:16:21.562,9626,171,5,0,True,0,car,0 days 01:13:07.149000,0 days 02:10:04.244000
2024-06-23 14:16:21.802,9172,156,4,0,True,0,car,0 days 01:13:07.389000,0 days 02:10:04.484000
2024-06-23 14:16:22.082,9840,139,4,0,True,0,car,0 days 01:13:07.669000,0 days 02:10:04.764000
2024-06-23 14:16:22.322,9041,130,3,0,True,0,car,0 days 01:13:07.909000,0 days 02:10:05.004000
2024-06-23 14:16:22.482,8560,123,3,0,True,0,car,0 days 01:13:08.069000,0 days 02:10:05.164000
2024-06-23 14:16:22.642,8418,120,3,0,True,0,car,0 days 01:13:08.229000,0 days 02:10:05.324000
2024-06-23 14:16:23.043,7834,106,3,0,True,0,car,0 days 01:13:08.630000,0 days 02:10:05.725000
2024-06-23 14:16:23.203,7526,106,3,0,True,0,car,0 days 01:13:08.790000,0 days 02:10:05.885000
2024-06-23 14:16:23.483,7223,99,3,0,True,0,car,0 days 01:13:09.070000,0 days 02:10:06.165000
2024-06-23 14:16:23.842,6939,94,3,0,False,0,car,0 days 01:13:09.429000,0 days 02:10:06.524000
2024-06-23 14:16:24.002,7101,93,3,1,False,0,car,0 days 01:13:09.589000,0 days 02:10:06.684000
2024-06-23 14:16:24.202,7091,92,3,23,False,0,car,0 days 01:13:09.789000,0 days 02:10:06.884000
2024-06-23 14:16:24.402,7365,94,3,32,False,0,car,0 days 01:13:09.989000,0 days 02:10:07.084000
2024-06-23 14:16:24.682,7571,98,3,36,False,0,car,0 days 01:13:10.269000,0 days 02:10:07.364000
2024-06-23 14:16:25.002,8069,102,3,41,False,0,car,0 days 01:13:10.589000,0 days 02:10:07.684000
2024-06-23 14:16:25.242,8470,106,3,50,False,0,car,0 days 01:13:10.829000,0 days 02:10:07.924000
2024-06-23 14:16:25.522,8951,114,3,60,False,0,car,0 days 01:13:11.109000,0 days 02:10:08.204000
2024-06-23 14:16:25.962,10593,132,3,85,False,0,car,0 days 01:13:11.549000,0 days 02:10:08.644000
2024-06-23 14:16:26.242,10370,148,3,87,False,0,car,0 days 01:13:11.829000,0 days 02:10:08.924000
2024-06-23 14:16:26.482,11254,156,4,100,False,0,car,0 days 01:13:12.069000,0 days 02:10:09.164000
2024-06-23 14:16:26.682,11092,166,4,100,False,0,car,0 days 01:13:12.269000,0 days 02:10:09.364000
2024-06-23 14:16:26.962,11537,180,4,100,False,0,car,0 days 01:13:12.549000,0 days 02:10:09.644000
2024-06-23 14:16:27.122,10417,184,4,100,False,0,car,0 days 01:13:12.709000,0 days 02:10:09.804000
2024-06-23 14:16:27.282,10356,192,5,100,False,0,car,0 days 01:13:12.869000,0 days 02:10:09.964000
2024-06-23 14:16:27.602,10956,203,5,100,False,0,car,0 days 01:13:13.189000,0 days 02:10:10.284000
2024-06-23 14:16:27.962,11370,215,5,100,False,0,car,0 days 01:13:13.549000,0 days 02:10:10.644000
2024-06-23 14:16:28.122,11777,218,5,100,False,0,car,0 days 01:13:13.709000,0 days 02:10:10.804000
2024-06-23 14:16:28.322,11357,224,5,100,False,0,car,0 days 01:13:13.909000,0 days 02:10:11.004000
2024-06-23 14:16:28.562,10559,232,6,100,False,0,car,0 days 01:13:14.149000,0 days 02:10:11.244000
2024-06-23 14:16:28.962,11025,240,6,100,False,0,car,0 days 01:13:14.549000,0 days 02:10:11.644000
2024-06-23 14:16:29.162,11158,243,6,100,False,0,car,0 days 01:13:14.749000,0 days 02:10:11.844000
2024-06-23 14:16:29.442,11327,246,6,100,False,0,car,0 days 01:13:15.029000,0 days 02:10:12.124000
2024-06-23 14:16:29.803,11503,250,6,100,False,0,car,0 days 01:13:15.390000,0 days 02:10:12.485000
2024-06-23 14:16:30.163,10816,252,6,12,True,0,car,0 days 01:13:15.750000,0 days 02:10:12.845000
2024-06-23 14:16:30.322,11082,246,6,0,True,0,car,0 days 01:13:15.909000,0 days 02:10:13.004000
2024-06-23 14:16:30.642,9302,207,6,0,True,0,car,0 days 01:13:16.229000,0 days 02:10:13.324000
2024-06-23 14:16:30.842,9954,189,6,0,True,0,car,0 days 01:13:16.429000,0 days 02:10:13.524000
2024-06-23 14:16:31.282,9758,164,4,0,True,0,car,0 days 01:13:16.869000,0 days 02:10:13.964000
2024-06-23 14:16:31.522,9378,154,4,0,True,0,car,0 days 01:13:17.109000,0 days 02:10:14.204000
2024-06-23 14:16:31.882,8732,143,4,0,True,0,car,0 days 01:13:17.469000,0 days 02:10:14.564000
2024-06-23 14:16:32.082,8572,139,4,0,True,0,car,0 days 01:13:17.669000,0 days 02:10:14.764000
2024-06-23 14:16:32.322,8509,139,4,0,False,0,car,0 days 01:13:17.909000,0 days 02:10:15.004000
2024-06-23 14:16:32.522,8518,133,4,6,False,0,car,0 days 01:13:18.109000,0 days 02:10:15.204000
2024-06-23 14:16:32.762,8310,132,4,34,False,0,car,0 days 01:13:18.349000,0 days 02:10:15.444000
2024-06-23 14:16:33.122,8614,132,4,44,False,0,car,0 days 01:13:18.709000,0 days 02:10:15.804000
2024-06-23 14:16:33.282,8635,134,4,51,False,0,car,0 days 01:13:18.869000,0 days 02:10:15.964000
2024-06-23 14:16:33.482,9103,138,4,67,False,0,car,0 days 01:13:19.069000,0 days 02:10:16.164000
2024-06-23 14:16:34.002,10251,153,4,90,False,0,car,0 days 01:13:19.589000,0 days 02:10:16.684000
2024-06-23 14:16:34.362,11000,169,4,86,False,0,car,0 days 01:13:19.949000,0 days 02:10:17.044000
2024-06-23 14:16:34.762,11844,184,4,100,False,0,car,0 days 01:13:20.349000,0 days 02:10:17.444000
2024-06-23 14:16:34.922,10724,187,4,100,False,0,car,0 days 01:13:20.509000,0 days 02:10:17.604000
2024-06-23 14:16:35.202,10784,193,5,100,False,0,car,0 days 01:13:20.789000,0 days 02:10:17.884000
2024-06-23 14:16:35.482,11191,206,5,100,False,0,car,0 days 01:13:21.069000,0 days 02:10:18.164000
2024-06-23 14:16:35.762,11458,212,5,100,False,0,car,0 days 01:13:21.349000,0 days 02:10:18.444000
2024-06-23 14:16:35.922,11714,217,5,100,False,0,car,0 days 01:13:21.509000,0 days 02:10:18.604000
2024-06-23 14:16:36.203,11650,225,5,100,False,0,car,0 days 01:13:21.790000,0 days 02:10:18.885000
2024-06-23 14:16:36.363,10556,229,6,100,False,0,car,0 days 01:13:21.950000,0 days 02:10:19.045000
2024-06-23 14:16:36.523,10793,230,6,100,False,0,car,0 days 01:13:22.110000,0 days 02:10:19.205000
2024-06-23 14:16:36.883,10896,237,6,100,False,0,car,0 days 01:13:22.470000,0 days 02:10:19.565000
2024-06-23 14:16:37.042,10968,239,6,100,False,0,car,0 days 01:13:22.629000,0 days 02:10:19.724000
2024-06-23 14:16:37.442,10551,241,6,0,False,0,car,0 days 01:13:23.029000,0 days 02:10:20.124000
2024-06-23 14:16:37.722,10523,234,6,0,False,0,car,0 days 01:13:23.309000,0 days 02:10:20.404000
2024-06-23 14:16:37.922,10379,230,6,0,False,0,car,0 days 01:13:23.509000,0 days 02:10:20.604000
2024-06-23 14:16:38.202,10088,223,6,37,False,0,car,0 days 01:13:23.789000,0 days 02:10:20.884000
2024-06-23 14:16:38.402,10188,220,6,56,False,0,car,0 days 01:13:23.989000,0 days 02:10:21.084000
2024-06-23 14:16:38.642,10132,219,6,61,False,0,car,0 days 01:13:24.229000,0 days 02:10:21.324000
2024-06-23 14:16:38.882,10205,218,6,71,False,0,car,0 days 01:13:24.469000,0 days 02:10:21.564000
2024-06-23 14:16:39.042,10205,219,6,74,False,0,car,0 days 01:13:24.629000,0 days 02:10:21.724000
2024-06-23 14:16:39.402,10563,224,6,100,False,0,car,0 days 01:13:24.989000,0 days 02:10:22.084000
2024-06-23 14:16:39.802,10831,232,6,100,False,0,car,0 days 01:13:25.389000,0 days 02:10:22.484000
2024-06-23 14:16:40.162,11036,240,6,100,False,0,car,0 days 01:13:25.749000,0 days 02:10:22.844000
2024-06-23 14:16:40.562,11317,246,6,100,False,0,car,0 days 01:13:26.149000,0 days 02:10:23.244000
2024-06-23 14:16:40.722,11451,249,6,100,False,0,car,0 days 01:13:26.309000,0 days 02:10:23.404000
2024-06-23 14:16:40.962,11629,253,6,100,False,0,car,0 days 01:13:26.549000,0 days 02:10:23.644000
2024-06-23 14:16:41.202,11827,256,6,100,False,0,car,0 days 01:13:26.789000,0 days 02:10:23.884000
2024-06-23 14:16:41.442,11302,260,6,100,False,0,car,0 days 01:13:27.029000,0 days 02:10:24.124000
2024-06-23 14:16:41.642,10848,262,6,100,False,0,car,0 days 01:13:27.229000,0 days 02:10:24.324000
2024-06-23 14:16:41.882,10693,267,7,100,False,0,car,0 days 01:13:27.469000,0 days 02:10:24.564000
2024-06-23 14:16:42.162,10784,270,7,100,False,0,car,0 days 01:13:27.749000,0 days 02:10:24.844000
2024-06-23 14:16:42.402,10967,272,7,100,False,0,car,0 days 01:13:27.989000,0 days 02:10:25.084000
2024-06-23 14:16:42.642,10999,276,7,100,False,0,car,0 days 01:13:28.229000,0 days 02:10:25.324000
2024-06-23 14:16:42.883,11165,278,7,100,False,0,car,0 days 01:13:28.470000,0 days 02:10:25.565000
2024-06-23 14:16:43.283,11272,281,7,100,False,0,car,0 days 01:13:28.870000,0 days 02:10:25.965000
2024-06-23 14:16:43.563,11336,282,7,100,False,0,car,0 days 01:13:29.150000,0 days 02:10:26.245000
2024-06-23 14:16:43.762,11342,284,7,100,False,0,car,0 days 01:13:29.349000,0 days 02:10:26.444000
2024-06-23 14:16:43.962,11353,283,7,100,False,0,car,0 days 01:13:29.549000,0 days 02:10:26.644000
2024-06-23 14:16:44.242,11423,286,7,100,False,0,car,0 days 01:13:29.829000,0 days 02:10:26.924000
2024-06-23 14:16:44.522,11432,286,7,100,False,0,car,0 days 01:13:30.109000,0 days 02:10:27.204000
2024-06-23 14:16:44.842,11394,286,7,100,False,0,car,0 days 01:13:30.429000,0 days 02:10:27.524000
2024-06-23 14:16:45.162,10764,271,7,0,True,0,car,0 days 01:13:30.749000,0 days 02:10:27.844000
2024-06-23 14:16:45.522,9340,262,7,0,True,0,car,0 days 01:13:31.109000,0 days 02:10:28.204000
2024-06-23 14:16:45.962,9542,187,6,0,True,0,car,0 days 01:13:31.549000,0 days 02:10:28.644000
2024-06-23 14:16:46.402,9346,157,4,0,True,0,car,0 days 01:13:31.989000,0 days 02:10:29.084000
2024-06-23 14:16:46.722,8499,143,4,0,True,0,car,0 days 01:13:32.309000,0 days 02:10:29.404000
2024-06-23 14:16:46.882,9265,134,4,0,True,0,car,0 days 01:13:32.469000,0 days 02:10:29.564000
2024-06-23 14:16:47.042,9355,132,4,0,True,0,car,0 days 01:13:32.629000,0 days 02:10:29.724000
2024-06-23 14:16:47.282,8793,124,3,0,True,0,car,0 days 01:13:32.869000,0 days 02:10:29.964000
2024-06-23 14:16:47.482,8538,118,3,0,True,0,car,0 days 01:13:33.069000,0 days 02:10:30.164000
2024-06-23 14:16:47.842,8190,113,3,0,True,0,car,0 days 01:13:33.429000,0 days 02:10:30.524000
2024-06-23 14:16:48.202,7879,107,3,0,False,0,car,0 days 01:13:33.789000,0 days 02:10:30.884000
2024-06-23 14:16:48.402,7738,105,3,0,False,0,car,0 days 01:13:33.989000,0 days 02:10:31.084000
2024-06-23 14:16:48.602,7610,103,3,0,False,0,car,0 days 01:13:34.189000,0 days 02:10:31.284000
2024-06-23 14:16:48.762,7693,103,3,20,False,0,car,0 days 01:13:34.349000,0 days 02:10:31.444000
2024-06-23 14:16:48.962,7815,101,3,32,False,0,car,0 days 01:13:34.549000,0 days 02:10:31.644000
2024-06-23 14:16:49.122,7933,103,3,36,False,0,car,0 days 01:13:34.709000,0 days 02:10:31.804000
2024-06-23 14:16:49.323,8085,105,3,38,False,0,car,0 days 01:13:34.910000,0 days 02:10:32.005000
2024-06-23 14:16:49.603,8291,108,3,41,False,0,car,0 days 01:13:35.190000,0 days 02:10:32.285000
2024-06-23 14:16:49.763,8436,110,3,45,False,0,car,0 days 01:13:35.350000,0 days 02:10:32.445000
2024-06-23 14:16:50.003,8810,113,3,49,False,0,car,0 days 01:13:35.590000,0 days 02:10:32.685000
2024-06-23 14:16:50.243,8810,119,3,51,False,0,car,0 days 01:13:35.830000,0 days 02:10:32.925000
2024-06-23 14:16:50.722,10035,129,3,69,False,0,car,0 days 01:13:36.309000,0 days 02:10:33.404000
2024-06-23 14:16:50.962,10625,138,3,76,False,0,car,0 days 01:13:36.549000,0 days 02:10:33.644000
2024-06-23 14:16:51.122,11117,142,3,77,False,0,car,0 days 01:13:36.709000,0 days 02:10:33.804000
2024-06-23 14:16:51.282,10277,149,3,82,False,0,car,0 days 01:13:36.869000,0 days 02:10:33.964000
2024-06-23 14:16:51.442,10149,156,4,82,False,0,car,0 days 01:13:37.029000,0 days 02:10:34.124000
2024-06-23 14:16:51.722,10764,163,4,100,False,0,car,0 days 01:13:37.309000,0 days 02:10:34.404000
2024-06-23 14:16:51.922,11184,172,4,100,False,0,car,0 days 01:13:37.509000,0 days 02:10:34.604000
2024-06-23 14:16:52.122,11713,180,4,100,False,0,car,0 days 01:13:37.709000,0 days 02:10:34.804000
2024-06-23 14:16:52.322,11339,187,4,100,False,0,car,0 days 01:13:37.909000,0 days 02:10:35.004000
2024-06-23 14:16:52.482,10483,192,5,100,False,0,car,0 days 01:13:38.069000,0 days 02:10:35.164000
2024-06-23 14:16:52.722,10514,197,5,100,False,0,car,0 days 01:13:38.309000,0 days 02:10:35.404000
2024-06-23 14:16:52.882,10474,201,5,63,False,0,car,0 days 01:13:38.469000,0 days 02:10:35.564000
2024-06-23 14:16:53.042,9776,192,5,0,True,0,car,0 days 01:13:38.629000,0 days 02:10:35.724000
2024-06-23 14:16:53.322,9718,177,5,0,True,0,car,0 days 01:13:38.909000,0 days 02:10:36.004000
2024-06-23 14:16:53.602,9881,163,4,0,True,0,car,0 days 01:13:39.189000,0 days 02:10:36.284000
2024-06-23 14:16:53.802,9359,154,4,0,True,0,car,0 days 01:13:39.389000,0 days 02:10:36.484000
2024-06-23 14:16:54.122,8589,144,4,0,True,0,car,0 days 01:13:39.709000,0 days 02:10:36.804000
2024-06-23 14:16:54.362,8327,135,4,0,True,0,car,0 days 01:13:39.949000,0 days 02:10:37.044000
2024-06-23 14:16:54.762,7956,127,4,0,False,0,car,0 days 01:13:40.349000,0 days 02:10:37.444000
2024-06-23 14:16:55.122,7641,124,4,0,False,0,car,0 days 01:13:40.709000,0 days 02:10:37.804000
2024-06-23 14:16:55.562,7250,116,4,0,True,0,car,0 days 01:13:41.149000,0 days 02:10:38.244000
2024-06-23 14:16:55.883,7168,113,4,22,False,0,car,0 days 01:13:41.470000,0 days 02:10:38.565000
2024-06-23 14:16:56.203,7539,115,4,44,False,0,car,0 days 01:13:41.790000,0 days 02:10:38.885000
2024-06-23 14:16:56.403,7677,116,4,44,False,0,car,0 days 01:13:41.990000,0 days 02:10:39.085000
2024-06-23 14:16:56.843,7994,125,4,52,False,0,car,0 days 01:13:42.430000,0 days 02:10:39.525000
2024-06-23 14:16:57.123,8590,129,4,61,False,0,car,0 days 01:13:42.710000,0 days 02:10:39.805000
2024-06-23 14:16:57.362,8974,136,4,68,False,0,car,0 days 01:13:42.949000,0 days 02:10:40.044000
2024-06-23 14:16:57.522,9302,139,4,71,False,0,car,0 days 01:13:43.109000,0 days 02:10:40.204000
2024-06-23 14:16:57.682,9533,144,4,74,False,0,car,0 days 01:13:43.269000,0 days 02:10:40.364000
2024-06-23 14:16:58.002,10211,151,4,83,False,0,car,0 days 01:13:43.589000,0 days 02:10:40.684000
2024-06-23 14:16:58.242,10771,165,4,85,False,0,car,0 days 01:13:43.829000,0 days 02:10:40.924000
2024-06-23 14:16:58.562,11679,178,4,100,False,0,car,0 days 01:13:44.149000,0 days 02:10:41.244000
2024-06-23 14:16:58.882,10364,190,4,100,False,0,car,0 days 01:13:44.469000,0 days 02:10:41.564000
2024-06-23 14:16:59.242,10961,200,5,100,False,0,car,0 days 01:13:44.829000,0 days 02:10:41.924000
2024-06-23 14:16:59.442,11595,210,5,100,False,0,car,0 days 01:13:45.029000,0 days 02:10:42.124000
2024-06-23 14:16:59.802,10775,220,5,100,False,0,car,0 days 01:13:45.389000,0 days 02:10:42.484000
2024-06-23 14:16:59.962,9845,225,6,100,False,0,car,0 days 01:13:45.549000,0 days 02:10:42.644000
2024-06-23 14:17:00.162,10520,228,6,100,False,0,car,0 days 01:13:45.749000,0 days 02:10:42.844000
2024-06-23 14:17:00.402,10865,231,6,96,False,0,car,0 days 01:13:45.989000,0 days 02:10:43.084000
2024-06-23 14:17:00.682,11006,237,6,89,False,0,car,0 days 01:13:46.269000,0 days 02:10:43.364000
2024-06-23 14:17:01.002,11078,240,6,67,False,0,car,0 days 01:13:46.589000,0 days 02:10:43.684000
2024-06-23 14:17:01.242,11021,240,6,74,False,0,car,0 days 01:13:46.829000,0 days 02:10:43.924000
2024-06-23 14:17:01.402,11301,240,6,56,False,0,car,0 days 01:13:46.989000,0 days 02:10:44.084000
2024-06-23 14:17:01.602,11158,241,6,84,False,0,car,0 days 01:13:47.189000,0 days 02:10:44.284000
2024-06-23 14:17:01.802,11256,243,6,100,False,0,car,0 days 01:13:47.389000,0 days 02:10:44.484000
2024-06-23 14:17:02.162,11440,247,6,100,False,0,car,0 days 01:13:47.749000,0 days 02:10:44.844000
2024-06-23 14:17:02.362,11524,251,6,100,False,0,car,0 days 01:13:47.949000,0 days 02:10:45.044000
2024-06-23 14:17:02.603,11630,253,6,100,False,0,car,0 days 01:13:48.190000,0 days 02:10:45.285000
2024-06-23 14:17:02.843,11065,256,6,100,False,0,car,0 days 01:13:48.430000,0 days 02:10:45.525000
2024-06-23 14:17:03.163,10302,259,7,100,False,0,car,0 days 01:13:48.750000,0 days 02:10:45.845000
2024-06-23 14:17:03.443,10416,260,7,100,False,0,car,0 days 01:13:49.030000,0 days 02:10:46.125000
2024-06-23 14:17:03.803,10097,257,7,95,True,0,car,0 days 01:13:49.390000,0 days 02:10:46.485000
2024-06-23 14:17:04.242,11110,245,7,0,False,0,car,0 days 01:13:49.829000,0 days 02:10:46.924000
2024-06-23 14:17:04.562,10636,234,6,56,False,0,car,0 days 01:13:50.149000,0 days 02:10:47.244000
2024-06-23 14:17:05.042,10710,230,6,70,False,0,car,0 days 01:13:50.629000,0 days 02:10:47.724000
2024-06-23 14:17:05.242,10669,232,6,77,False,0,car,0 days 01:13:50.829000,0 days 02:10:47.924000
2024-06-23 14:17:05.442,10786,233,6,74,False,0,car,0 days 01:13:51.029000,0 days 02:10:48.124000
2024-06-23 14:17:05.842,11021,237,6,100,False,0,car,0 days 01:13:51.429000,0 days 02:10:48.524000
2024-06-23 14:17:06.082,11254,240,6,100,False,0,car,0 days 01:13:51.669000,0 days 02:10:48.764000
2024-06-23 14:17:06.442,11383,244,6,100,False,0,car,0 days 01:13:52.029000,0 days 02:10:49.124000
2024-06-23 14:17:06.882,11662,252,6,100,False,0,car,0 days 01:13:52.469000,0 days 02:10:49.564000
2024-06-23 14:17:07.042,11662,255,6,100,False,0,car,0 days 01:13:52.629000,0 days 02:10:49.724000
2024-06-23 14:17:07.362,10513,260,7,100,False,0,car,0 days 01:13:52.949000,0 days 02:10:50.044000
2024-06-23 14:17:07.722,10577,262,7,100,False,0,car,0 days 01:13:53.309000,0 days 02:10:50.404000
2024-06-23 14:17:08.002,10710,267,7,100,False,0,car,0 days 01:13:53.589000,0 days 02:10:50.684000
2024-06-23 14:17:08.242,10839,269,7,100,False,0,car,0 days 01:13:53.829000,0 days 02:10:50.924000
2024-06-23 14:17:08.522,10952,272,7,100,False,0,car,0 days 01:13:54.109000,0 days 02:10:51.204000
2024-06-23 14:17:08.762,11049,274,7,100,False,0,car,0 days 01:13:54.349000,0 days 02:10:51.444000
2024-06-23 14:17:09.043,11136,278,7,100,False,0,car,0 days 01:13:54.630000,0 days 02:10:51.725000
2024-06-23 14:17:09.363,11251,279,7,100,False,0,car,0 days 01:13:54.950000,0 days 02:10:52.045000
2024-06-23 14:17:09.563,11315,281,7,100,False,0,car,0 days 01:13:55.150000,0 days 02:10:52.245000
2024-06-23 14:17:10.003,11424,286,7,100,False,0,car,0 days 01:13:55.590000,0 days 02:10:52.685000
2024-06-23 14:17:10.323,11506,287,7,100,False,0,car,0 days 01:13:55.910000,0 days 02:10:53.005000
2024-06-23 14:17:10.483,11572,288,7,94,False,0,car,0 days 01:13:56.070000,0 days 02:10:53.165000
2024-06-23 14:17:10.762,11596,290,7,88,False,0,car,0 days 01:13:56.349000,0 days 02:10:53.444000
2024-06-23 14:17:10.962,11552,290,7,86,False,0,car,0 days 01:13:56.549000,0 days 02:10:53.644000
2024-06-23 14:17:11.202,11636,290,7,89,False,0,car,0 days 01:13:56.789000,0 days 02:10:53.884000
2024-06-23 14:17:11.402,11625,290,7,92,False,0,car,0 days 01:13:56.989000,0 days 02:10:54.084000
2024-06-23 14:17:11.642,11636,291,7,94,False,0,car,0 days 01:13:57.229000,0 days 02:10:54.324000
2024-06-23 14:17:11.882,10843,292,7,100,False,0,car,0 days 01:13:57.469000,0 days 02:10:54.564000
2024-06-23 14:17:12.082,10403,292,8,97,False,0,car,0 days 01:13:57.669000,0 days 02:10:54.764000
2024-06-23 14:17:12.362,10317,293,8,82,False,0,car,0 days 01:13:57.949000,0 days 02:10:55.044000
2024-06-23 14:17:12.602,10386,293,8,72,False,0,car,0 days 01:13:58.189000,0 days 02:10:55.284000
2024-06-23 14:17:12.762,10334,292,8,69,False,0,car,0 days 01:13:58.349000,0 days 02:10:55.444000
2024-06-23 14:17:13.082,10217,288,8,69,False,0,car,0 days 01:13:58.669000,0 days 02:10:55.764000
2024-06-23 14:17:13.362,10142,285,8,68,False,0,car,0 days 01:13:58.949000,0 days 02:10:56.044000
2024-06-23 14:17:13.522,10125,285,8,64,False,0,car,0 days 01:13:59.109000,0 days 02:10:56.204000
2024-06-23 14:17:13.762,10022,282,8,62,False,0,car,0 days 01:13:59.349000,0 days 02:10:56.444000
2024-06-23 14:17:14.082,9901,279,8,60,False,0,car,0 days 01:13:59.669000,0 days 02:10:56.764000
2024-06-23 14:17:14.322,9839,279,8,61,False,0,car,0 days 01:13:59.909000,0 days 02:10:57.004000
2024-06-23 14:17:14.682,9709,275,8,58,False,0,car,0 days 01:14:00.269000,0 days 02:10:57.364000
2024-06-23 14:17:14.842,9661,273,8,58,False,0,car,0 days 01:14:00.429000,0 days 02:10:57.524000
2024-06-23 14:17:15.122,9602,271,8,58,False,0,car,0 days 01:14:00.709000,0 days 02:10:57.804000
2024-06-23 14:17:15.442,9514,270,8,59,False,0,car,0 days 01:14:01.029000,0 days 02:10:58.124000
2024-06-23 14:17:15.763,9443,267,8,67,False,0,car,0 days 01:14:01.350000,0 days 02:10:58.445000
2024-06-23 14:17:16.003,9513,266,8,74,False,0,car,0 days 01:14:01.590000,0 days 02:10:58.685000
2024-06-23 14:17:16.283,9564,268,8,89,False,0,car,0 days 01:14:01.870000,0 days 02:10:58.965000
2024-06-23 14:17:16.563,9570,270,8,100,False,0,car,0 days 01:14:02.150000,0 days 02:10:59.245000
2024-06-23 14:17:17.003,9652,273,8,84,False,0,car,0 days 01:14:02.590000,0 days 02:10:59.685000
2024-06-23 14:17:17.323,9628,272,8,0,False,0,car,0 days 01:14:02.910000,0 days 02:11:00.005000
2024-06-23 14:17:17.522,9308,266,8,0,True,0,car,0 days 01:14:03.109000,0 days 02:11:00.204000
2024-06-23 14:17:17.682,10148,258,8,0,False,0,car,0 days 01:14:03.269000,0 days 02:11:00.364000
2024-06-23 14:17:17.882,10037,254,7,0,False,0,car,0 days 01:14:03.469000,0 days 02:11:00.564000
2024-06-23 14:17:18.122,9859,250,7,18,False,0,car,0 days 01:14:03.709000,0 days 02:11:00.804000
2024-06-23 14:17:18.402,9701,243,7,20,False,0,car,0 days 01:14:03.989000,0 days 02:11:01.084000
2024-06-23 14:17:18.642,9701,238,7,20,True,0,car,0 days 01:14:04.229000,0 days 02:11:01.324000
2024-06-23 14:17:18.962,9760,222,7,0,True,0,car,0 days 01:14:04.549000,0 days 02:11:01.644000
2024-06-23 14:17:19.162,9411,211,6,0,True,0,car,0 days 01:14:04.749000,0 days 02:11:01.844000
2024-06-23 14:17:19.322,8951,206,6,0,True,0,car,0 days 01:14:04.909000,0 days 02:11:02.004000
2024-06-23 14:17:19.642,9596,181,6,0,True,0,car,0 days 01:14:05.229000,0 days 02:11:02.324000
2024-06-23 14:17:19.842,9019,174,5,0,True,0,car,0 days 01:14:05.429000,0 days 02:11:02.524000
2024-06-23 14:17:20.002,9775,162,5,0,True,0,car,0 days 01:14:05.589000,0 days 02:11:02.684000
2024-06-23 14:17:20.202,9033,151,4,0,True,0,car,0 days 01:14:05.789000,0 days 02:11:02.884000
2024-06-23 14:17:20.562,8802,142,4,0,False,0,car,0 days 01:14:06.149000,0 days 02:11:03.244000
2024-06-23 14:17:20.802,8999,141,4,26,False,0,car,0 days 01:14:06.389000,0 days 02:11:03.484000
2024-06-23 14:17:21.162,8766,139,4,35,False,0,car,0 days 01:14:06.749000,0 days 02:11:03.844000
2024-06-23 14:17:21.402,8797,140,4,30,False,0,car,0 days 01:14:06.989000,0 days 02:11:04.084000
2024-06-23 14:17:21.602,8595,137,4,30,False,0,car,0 days 01:14:07.189000,0 days 02:11:04.284000
2024-06-23 14:17:21.802,8653,137,4,25,False,0,car,0 days 01:14:07.389000,0 days 02:11:04.484000
2024-06-23 14:17:22.042,8844,136,4,43,False,0,car,0 days 01:14:07.629000,0 days 02:11:04.724000
2024-06-23 14:17:22.203,8946,137,4,48,False,0,car,0 days 01:14:07.790000,0 days 02:11:04.885000
2024-06-23 14:17:22.403,9116,140,4,48,False,0,car,0 days 01:14:07.990000,0 days 02:11:05.085000
2024-06-23 14:17:22.683,9331,145,4,67,False,0,car,0 days 01:14:08.270000,0 days 02:11:05.365000
2024-06-23 14:17:22.923,9945,150,4,73,False,0,car,0 days 01:14:08.510000,0 days 02:11:05.605000
2024-06-23 14:17:23.323,10134,161,4,67,False,0,car,0 days 01:14:08.910000,0 days 02:11:06.005000
2024-06-23 14:17:23.563,10103,160,4,40,False,0,car,0 days 01:14:09.150000,0 days 02:11:06.245000
2024-06-23 14:17:24.802,11212,172,4,76,False,0,car,0 days 01:14:10.389000,0 days 02:11:07.484000
2024-06-23 14:17:25.002,11437,176,4,82,False,0,car,0 days 01:14:10.589000,0 days 02:11:07.684000
2024-06-23 14:17:25.362,11475,189,4,98,False,0,car,0 days 01:14:10.949000,0 days 02:11:08.044000
2024-06-23 14:17:25.682,10827,199,5,100,False,0,car,0 days 01:14:11.269000,0 days 02:11:08.364000
2024-06-23 14:17:25.882,10827,206,5,100,False,0,car,0 days 01:14:11.469000,0 days 02:11:08.564000
2024-06-23 14:17:26.162,11453,212,5,88,False,0,car,0 days 01:14:11.749000,0 days 02:11:08.844000
2024-06-23 14:17:26.362,11473,215,5,83,False,0,car,0 days 01:14:11.949000,0 days 02:11:09.044000
2024-06-23 14:17:26.522,10582,218,5,76,False,0,car,0 days 01:14:12.109000,0 days 02:11:09.204000
2024-06-23 14:17:26.802,10112,219,6,68,False,0,car,0 days 01:14:12.389000,0 days 02:11:09.484000
2024-06-23 14:17:27.202,9993,214,6,61,False,0,car,0 days 01:14:12.789000,0 days 02:11:09.884000
2024-06-23 14:17:27.522,9718,212,6,42,False,0,car,0 days 01:14:13.109000,0 days 02:11:10.204000
2024-06-23 14:17:27.762,9752,209,6,63,False,0,car,0 days 01:14:13.349000,0 days 02:11:10.444000
2024-06-23 14:17:27.962,9713,209,6,69,False,0,car,0 days 01:14:13.549000,0 days 02:11:10.644000
2024-06-23 14:17:28.202,9863,209,6,76,False,0,car,0 days 01:14:13.789000,0 days 02:11:10.884000
2024-06-23 14:17:28.642,10172,217,6,100,False,0,car,0 days 01:14:14.229000,0 days 02:11:11.324000
2024-06-23 14:17:28.803,10360,217,6,100,False,0,car,0 days 01:14:14.390000,0 days 02:11:11.485000
2024-06-23 14:17:29.163,10608,228,6,100,False,0,car,0 days 01:14:14.750000,0 days 02:11:11.845000
2024-06-23 14:17:29.523,10902,233,6,100,False,0,car,0 days 01:14:15.110000,0 days 02:11:12.205000
2024-06-23 14:17:29.683,10902,237,6,100,False,0,car,0 days 01:14:15.270000,0 days 02:11:12.365000
2024-06-23 14:17:29.883,11175,241,6,100,False,0,car,0 days 01:14:15.470000,0 days 02:11:12.565000
2024-06-23 14:17:30.123,11365,245,6,100,False,0,car,0 days 01:14:15.710000,0 days 02:11:12.805000
2024-06-23 14:17:30.403,11543,249,6,100,False,0,car,0 days 01:14:15.990000,0 days 02:11:13.085000
2024-06-23 14:17:30.683,11664,253,6,100,False,0,car,0 days 01:14:16.270000,0 days 02:11:13.365000
2024-06-23 14:17:30.962,11147,256,6,100,False,0,car,0 days 01:14:16.549000,0 days 02:11:13.644000
2024-06-23 14:17:31.162,10450,261,7,100,False,0,car,0 days 01:14:16.749000,0 days 02:11:13.844000
2024-06-23 14:17:31.322,10536,261,7,100,False,0,car,0 days 01:14:16.909000,0 days 02:11:14.004000
2024-06-23 14:17:31.562,10658,265,7,100,False,0,car,0 days 01:14:17.149000,0 days 02:11:14.244000
2024-06-23 14:17:31.802,10811,267,7,100,False,0,car,0 days 01:14:17.389000,0 days 02:11:14.484000
2024-06-23 14:17:32.162,10936,272,7,100,False,0,car,0 days 01:14:17.749000,0 days 02:11:14.844000
2024-06-23 14:17:32.362,11002,275,7,100,False,0,car,0 days 01:14:17.949000,0 days 02:11:15.044000
2024-06-23 14:17:32.522,11102,275,7,100,False,0,car,0 days 01:14:18.109000,0 days 02:11:15.204000
2024-06-23 14:17:32.802,11203,277,7,100,False,0,car,0 days 01:14:18.389000,0 days 02:11:15.484000
2024-06-23 14:17:33.082,11336,281,7,100,False,0,car,0 days 01:14:18.669000,0 days 02:11:15.764000
2024-06-23 14:17:33.242,11334,284,7,100,False,0,car,0 days 01:14:18.829000,0 days 02:11:15.924000
2024-06-23 14:17:33.522,11363,284,7,100,False,0,car,0 days 01:14:19.109000,0 days 02:11:16.204000
2024-06-23 14:17:33.802,11331,284,7,100,True,0,car,0 days 01:14:19.389000,0 days 02:11:16.484000
2024-06-23 14:17:34.002,11274,283,7,0,True,0,car,0 days 01:14:19.589000,0 days 02:11:16.684000
2024-06-23 14:17:34.402,9635,241,7,0,True,0,car,0 days 01:14:19.989000,0 days 02:11:17.084000
2024-06-23 14:17:34.602,9673,218,7,0,True,0,car,0 days 01:14:20.189000,0 days 02:11:17.284000
2024-06-23 14:17:34.802,9957,200,6,0,True,0,car,0 days 01:14:20.389000,0 days 02:11:17.484000
2024-06-23 14:17:35.002,9459,185,6,0,True,0,car,0 days 01:14:20.589000,0 days 02:11:17.684000
2024-06-23 14:17:35.162,9014,176,5,0,True,0,car,0 days 01:14:20.749000,0 days 02:11:17.844000
2024-06-23 14:17:35.603,9715,160,4,0,True,0,car,0 days 01:14:21.190000,0 days 02:11:18.285000
2024-06-23 14:17:35.803,9431,156,4,0,True,0,car,0 days 01:14:21.390000,0 days 02:11:18.485000
2024-06-23 14:17:36.043,9098,151,4,0,True,0,car,0 days 01:14:21.630000,0 days 02:11:18.725000
2024-06-23 14:17:36.243,8865,142,4,0,True,0,car,0 days 01:14:21.830000,0 days 02:11:18.925000
2024-06-23 14:17:36.403,8501,140,4,0,True,0,car,0 days 01:14:21.990000,0 days 02:11:19.085000
2024-06-23 14:17:36.643,8292,135,4,0,True,0,car,0 days 01:14:22.230000,0 days 02:11:19.325000
2024-06-23 14:17:37.043,8149,127,4,0,False,0,car,0 days 01:14:22.630000,0 days 02:11:19.725000
2024-06-23 14:17:37.203,8048,126,4,28,False,0,car,0 days 01:14:22.790000,0 days 02:11:19.885000
2024-06-23 14:17:37.443,8119,127,4,49,False,0,car,0 days 01:14:23.030000,0 days 02:11:20.125000
2024-06-23 14:17:37.842,8702,134,4,58,False,0,car,0 days 01:14:23.429000,0 days 02:11:20.524000
2024-06-23 14:17:38.202,9280,141,4,73,False,0,car,0 days 01:14:23.789000,0 days 02:11:20.884000
2024-06-23 14:17:38.362,9449,146,4,75,False,0,car,0 days 01:14:23.949000,0 days 02:11:21.044000
2024-06-23 14:17:38.722,10405,156,4,87,False,0,car,0 days 01:14:24.309000,0 days 02:11:21.404000
2024-06-23 14:17:39.082,10990,171,4,100,False,0,car,0 days 01:14:24.669000,0 days 02:11:21.764000
2024-06-23 14:17:39.362,11362,182,4,100,False,0,car,0 days 01:14:24.949000,0 days 02:11:22.044000
2024-06-23 14:17:39.722,10535,191,5,100,False,0,car,0 days 01:14:25.309000,0 days 02:11:22.404000
2024-06-23 14:17:40.122,11049,201,5,100,False,0,car,0 days 01:14:25.709000,0 days 02:11:22.804000
2024-06-23 14:17:40.322,11306,206,5,100,False,0,car,0 days 01:14:25.909000,0 days 02:11:23.004000
2024-06-23 14:17:40.522,11481,214,5,100,False,0,car,0 days 01:14:26.109000,0 days 02:11:23.204000
2024-06-23 14:17:40.882,11101,223,5,100,False,0,car,0 days 01:14:26.469000,0 days 02:11:23.564000
2024-06-23 14:17:41.122,10473,227,6,100,False,0,car,0 days 01:14:26.709000,0 days 02:11:23.804000
2024-06-23 14:17:41.482,10823,236,6,100,False,0,car,0 days 01:14:27.069000,0 days 02:11:24.164000
2024-06-23 14:17:41.722,11016,240,6,100,False,0,car,0 days 01:14:27.309000,0 days 02:11:24.404000
2024-06-23 14:17:42.003,11140,243,6,100,False,0,car,0 days 01:14:27.590000,0 days 02:11:24.685000
2024-06-23 14:17:42.363,10256,224,6,0,True,0,car,0 days 01:14:27.950000,0 days 02:11:25.045000
2024-06-23 14:17:42.563,9132,203,6,0,True,0,car,0 days 01:14:28.150000,0 days 02:11:25.245000
2024-06-23 14:17:42.723,9529,194,6,0,True,0,car,0 days 01:14:28.310000,0 days 02:11:25.405000
2024-06-23 14:17:42.883,9464,175,5,0,True,0,car,0 days 01:14:28.470000,0 days 02:11:25.565000
2024-06-23 14:17:43.163,9352,153,4,0,True,0,car,0 days 01:14:28.750000,0 days 02:11:25.845000
2024-06-23 14:17:43.523,9377,136,3,0,True,0,car,0 days 01:14:29.110000,0 days 02:11:26.205000
2024-06-23 14:17:43.723,8891,127,3,0,True,0,car,0 days 01:14:29.310000,0 days 02:11:26.405000
2024-06-23 14:17:44.163,8133,112,3,0,True,0,car,0 days 01:14:29.750000,0 days 02:11:26.845000
2024-06-23 14:17:44.602,7307,102,3,0,True,0,car,0 days 01:14:30.189000,0 days 02:11:27.284000
2024-06-23 14:17:44.802,7070,97,3,0,True,0,car,0 days 01:14:30.389000,0 days 02:11:27.484000
2024-06-23 14:17:45.042,6803,93,3,0,False,0,car,0 days 01:14:30.629000,0 days 02:11:27.724000
2024-06-23 14:17:45.242,6789,92,3,0,False,0,car,0 days 01:14:30.829000,0 days 02:11:27.924000
2024-06-23 14:17:45.562,7035,90,3,25,False,0,car,0 days 01:14:31.149000,0 days 02:11:28.244000
2024-06-23 14:17:45.802,7198,92,3,34,False,0,car,0 days 01:14:31.389000,0 days 02:11:28.484000
2024-06-23 14:17:46.162,7482,98,3,40,False,0,car,0 days 01:14:31.749000,0 days 02:11:28.844000
2024-06-23 14:17:46.442,7984,104,3,46,False,0,car,0 days 01:14:32.029000,0 days 02:11:29.124000
2024-06-23 14:17:46.642,8263,105,3,50,False,0,car,0 days 01:14:32.229000,0 days 02:11:29.324000
2024-06-23 14:17:46.842,8684,111,3,56,False,0,car,0 days 01:14:32.429000,0 days 02:11:29.524000
2024-06-23 14:17:47.042,9279,119,3,62,False,0,car,0 days 01:14:32.629000,0 days 02:11:29.724000
2024-06-23 14:17:47.242,9850,123,3,71,False,0,car,0 days 01:14:32.829000,0 days 02:11:29.924000
2024-06-23 14:17:47.482,10630,136,3,83,False,0,car,0 days 01:14:33.069000,0 days 02:11:30.164000
2024-06-23 14:17:47.682,10950,136,3,84,False,0,car,0 days 01:14:33.269000,0 days 02:11:30.364000
2024-06-23 14:17:48.002,10467,159,4,100,False,0,car,0 days 01:14:33.589000,0 days 02:11:30.684000
2024-06-23 14:17:48.282,11143,173,4,100,False,0,car,0 days 01:14:33.869000,0 days 02:11:30.964000
2024-06-23 14:17:48.442,11563,178,4,100,False,0,car,0 days 01:14:34.029000,0 days 02:11:31.124000
2024-06-23 14:17:48.603,10860,186,4,100,False,0,car,0 days 01:14:34.190000,0 days 02:11:31.285000
2024-06-23 14:17:48.883,10467,197,5,100,False,0,car,0 days 01:14:34.470000,0 days 02:11:31.565000
2024-06-23 14:17:49.083,10936,201,5,100,False,0,car,0 days 01:14:34.670000,0 days 02:11:31.765000
2024-06-23 14:17:49.283,11274,211,5,100,False,0,car,0 days 01:14:34.870000,0 days 02:11:31.965000
2024-06-23 14:17:49.723,11575,221,5,100,False,0,car,0 days 01:14:35.310000,0 days 02:11:32.405000
2024-06-23 14:17:49.963,10558,228,6,100,False,0,car,0 days 01:14:35.550000,0 days 02:11:32.645000
2024-06-23 14:17:50.163,10896,235,6,100,False,0,car,0 days 01:14:35.750000,0 days 02:11:32.845000
2024-06-23 14:17:50.323,10991,237,6,100,False,0,car,0 days 01:14:35.910000,0 days 02:11:33.005000
2024-06-23 14:17:50.603,11278,243,6,100,False,0,car,0 days 01:14:36.190000,0 days 02:11:33.285000
2024-06-23 14:17:51.002,11546,251,6,100,False,0,car,0 days 01:14:36.589000,0 days 02:11:33.684000
2024-06-23 14:17:51.162,11566,253,6,100,False,0,car,0 days 01:14:36.749000,0 days 02:11:33.844000
2024-06-23 14:17:51.442,11694,254,6,100,False,0,car,0 days 01:14:37.029000,0 days 02:11:34.124000
2024-06-23 14:17:51.842,10769,245,6,0,True,0,car,0 days 01:14:37.429000,0 days 02:11:34.524000
2024-06-23 14:17:52.162,9192,205,6,0,True,0,car,0 days 01:14:37.749000,0 days 02:11:34.844000
2024-06-23 14:17:52.362,9714,189,5,0,True,0,car,0 days 01:14:37.949000,0 days 02:11:35.044000
2024-06-23 14:17:52.842,9803,161,4,0,True,0,car,0 days 01:14:38.429000,0 days 02:11:35.524000
2024-06-23 14:17:53.042,9443,155,4,0,True,0,car,0 days 01:14:38.629000,0 days 02:11:35.724000
2024-06-23 14:17:53.202,9303,151,4,0,True,0,car,0 days 01:14:38.789000,0 days 02:11:35.884000
2024-06-23 14:17:53.402,8896,146,4,0,True,0,car,0 days 01:14:38.989000,0 days 02:11:36.084000
2024-06-23 14:17:53.722,8668,140,4,0,False,0,car,0 days 01:14:39.309000,0 days 02:11:36.404000
2024-06-23 14:17:54.082,8680,134,4,19,False,0,car,0 days 01:14:39.669000,0 days 02:11:36.764000
2024-06-23 14:17:54.442,8568,133,4,42,False,0,car,0 days 01:14:40.029000,0 days 02:11:37.124000
2024-06-23 14:17:54.762,8837,138,4,57,False,0,car,0 days 01:14:40.349000,0 days 02:11:37.444000
2024-06-23 14:17:54.962,9319,143,4,74,False,0,car,0 days 01:14:40.549000,0 days 02:11:37.644000
2024-06-23 14:17:55.203,9794,149,4,86,False,0,car,0 days 01:14:40.790000,0 days 02:11:37.885000
2024-06-23 14:17:55.483,10534,163,4,100,False,0,car,0 days 01:14:41.070000,0 days 02:11:38.165000
2024-06-23 14:17:55.763,11480,175,4,100,False,0,car,0 days 01:14:41.350000,0 days 02:11:38.445000
2024-06-23 14:17:56.043,11217,184,4,100,False,0,car,0 days 01:14:41.630000,0 days 02:11:38.725000
2024-06-23 14:17:56.283,10400,192,5,100,False,0,car,0 days 01:14:41.870000,0 days 02:11:38.965000
2024-06-23 14:17:56.563,10858,201,5,100,False,0,car,0 days 01:14:42.150000,0 days 02:11:39.245000
2024-06-23 14:17:56.763,11165,207,5,100,False,0,car,0 days 01:14:42.350000,0 days 02:11:39.445000
2024-06-23 14:17:57.083,11524,215,5,100,False,0,car,0 days 01:14:42.670000,0 days 02:11:39.765000
2024-06-23 14:17:57.603,10669,228,6,100,False,0,car,0 days 01:14:43.190000,0 days 02:11:40.285000
2024-06-23 14:17:57.762,10749,230,6,100,False,0,car,0 days 01:14:43.349000,0 days 02:11:40.444000
2024-06-23 14:17:58.122,11016,239,6,100,False,0,car,0 days 01:14:43.709000,0 days 02:11:40.804000
2024-06-23 14:17:58.362,11083,242,6,100,False,0,car,0 days 01:14:43.949000,0 days 02:11:41.044000
2024-06-23 14:17:58.762,10787,246,6,0,False,0,car,0 days 01:14:44.349000,0 days 02:11:41.444000
2024-06-23 14:17:59.002,10933,239,6,0,False,0,car,0 days 01:14:44.589000,0 days 02:11:41.684000
2024-06-23 14:17:59.162,10678,237,6,19,False,0,car,0 days 01:14:44.749000,0 days 02:11:41.844000
2024-06-23 14:17:59.322,10517,237,6,27,False,0,car,0 days 01:14:44.909000,0 days 02:11:42.004000
2024-06-23 14:17:59.482,10497,228,6,50,False,0,car,0 days 01:14:45.069000,0 days 02:11:42.164000
2024-06-23 14:17:59.722,10389,228,6,68,False,0,car,0 days 01:14:45.309000,0 days 02:11:42.404000
2024-06-23 14:17:59.882,10500,228,6,69,False,0,car,0 days 01:14:45.469000,0 days 02:11:42.564000
2024-06-23 14:18:00.242,10535,227,6,67,False,0,car,0 days 01:14:45.829000,0 days 02:11:42.924000
2024-06-23 14:18:00.682,10648,228,6,78,False,0,car,0 days 01:14:46.269000,0 days 02:11:43.364000
2024-06-23 14:18:00.882,10761,231,6,78,False,0,car,0 days 01:14:46.469000,0 days 02:11:43.564000
2024-06-23 14:18:01.042,10950,232,6,77,False,0,car,0 days 01:14:46.629000,0 days 02:11:43.724000
2024-06-23 14:18:01.362,10890,235,6,79,False,0,car,0 days 01:14:46.949000,0 days 02:11:44.044000
2024-06-23 14:18:01.603,11100,239,6,100,False,0,car,0 days 01:14:47.190000,0 days 02:11:44.285000
2024-06-23 14:18:01.883,11254,245,6,100,False,0,car,0 days 01:14:47.470000,0 days 02:11:44.565000
2024-06-23 14:18:02.083,11373,248,6,100,False,0,car,0 days 01:14:47.670000,0 days 02:11:44.765000
2024-06-23 14:18:02.243,11510,251,6,100,False,0,car,0 days 01:14:47.830000,0 days 02:11:44.925000
2024-06-23 14:18:02.443,11695,255,6,100,False,0,car,0 days 01:14:48.030000,0 days 02:11:45.125000
2024-06-23 14:18:02.763,10487,260,6,100,False,0,car,0 days 01:14:48.350000,0 days 02:11:45.445000
2024-06-23 14:18:02.963,10643,263,7,100,False,0,car,0 days 01:14:48.550000,0 days 02:11:45.645000
2024-06-23 14:18:03.203,10699,265,7,100,False,0,car,0 days 01:14:48.790000,0 days 02:11:45.885000
2024-06-23 14:18:03.403,10767,267,7,100,False,0,car,0 days 01:14:48.990000,0 days 02:11:46.085000
2024-06-23 14:18:03.723,10892,271,7,100,False,0,car,0 days 01:14:49.310000,0 days 02:11:46.405000
2024-06-23 14:18:03.883,10966,273,7,100,False,0,car,0 days 01:14:49.470000,0 days 02:11:46.565000
2024-06-23 14:18:04.203,11084,276,7,100,False,0,car,0 days 01:14:49.790000,0 days 02:11:46.885000
2024-06-23 14:18:04.403,11166,278,7,100,False,0,car,0 days 01:14:49.990000,0 days 02:11:47.085000
2024-06-23 14:18:04.722,11265,280,7,100,False,0,car,0 days 01:14:50.309000,0 days 02:11:47.404000
2024-06-23 14:18:04.962,11316,282,7,100,False,0,car,0 days 01:14:50.549000,0 days 02:11:47.644000
2024-06-23 14:18:05.402,11481,286,7,100,False,0,car,0 days 01:14:50.989000,0 days 02:11:48.084000
2024-06-23 14:18:05.722,11540,288,7,100,False,0,car,0 days 01:14:51.309000,0 days 02:11:48.404000
2024-06-23 14:18:05.882,11533,288,7,100,False,0,car,0 days 01:14:51.469000,0 days 02:11:48.564000
2024-06-23 14:18:06.202,11374,288,7,59,False,0,car,0 days 01:14:51.789000,0 days 02:11:48.884000
2024-06-23 14:18:06.402,10934,282,7,0,True,0,car,0 days 01:14:51.989000,0 days 02:11:49.084000
2024-06-23 14:18:06.642,10209,252,7,0,True,0,car,0 days 01:14:52.229000,0 days 02:11:49.324000
2024-06-23 14:18:06.882,9662,228,7,0,True,0,car,0 days 01:14:52.469000,0 days 02:11:49.564000
2024-06-23 14:18:07.162,9160,196,6,0,True,0,car,0 days 01:14:52.749000,0 days 02:11:49.844000
2024-06-23 14:18:07.522,9061,170,5,0,True,0,car,0 days 01:14:53.109000,0 days 02:11:50.204000
2024-06-23 14:18:07.802,9078,152,5,0,True,0,car,0 days 01:14:53.389000,0 days 02:11:50.484000
2024-06-23 14:18:08.082,8449,139,4,0,True,0,car,0 days 01:14:53.669000,0 days 02:11:50.764000
2024-06-23 14:18:08.283,9503,131,3,0,True,0,car,0 days 01:14:53.870000,0 days 02:11:50.965000
2024-06-23 14:18:08.563,9175,124,3,0,True,0,car,0 days 01:14:54.150000,0 days 02:11:51.245000
2024-06-23 14:18:08.723,8895,122,3,0,True,0,car,0 days 01:14:54.310000,0 days 02:11:51.405000
2024-06-23 14:18:09.043,8301,114,3,0,True,0,car,0 days 01:14:54.630000,0 days 02:11:51.725000
2024-06-23 14:18:09.203,8206,114,3,0,True,0,car,0 days 01:14:54.790000,0 days 02:11:51.885000
2024-06-23 14:18:09.403,8001,109,3,0,False,0,car,0 days 01:14:54.990000,0 days 02:11:52.085000
2024-06-23 14:18:09.843,7599,103,3,0,False,0,car,0 days 01:14:55.430000,0 days 02:11:52.525000
2024-06-23 14:18:10.123,7662,102,3,10,False,0,car,0 days 01:14:55.710000,0 days 02:11:52.805000
2024-06-23 14:18:10.483,7699,101,3,29,False,0,car,0 days 01:14:56.070000,0 days 02:11:53.165000
2024-06-23 14:18:10.803,7953,102,3,30,False,0,car,0 days 01:14:56.390000,0 days 02:11:53.485000
2024-06-23 14:18:11.043,8152,105,3,42,False,0,car,0 days 01:14:56.630000,0 days 02:11:53.725000
2024-06-23 14:18:11.522,8949,114,3,55,False,0,car,0 days 01:14:57.109000,0 days 02:11:54.204000
2024-06-23 14:18:11.842,9134,121,3,60,False,0,car,0 days 01:14:57.429000,0 days 02:11:54.524000
2024-06-23 14:18:12.122,8590,130,4,70,False,0,car,0 days 01:14:57.709000,0 days 02:11:54.804000
2024-06-23 14:18:12.442,9115,130,4,76,False,0,car,0 days 01:14:58.029000,0 days 02:11:55.124000
2024-06-23 14:18:12.722,9986,147,4,85,False,0,car,0 days 01:14:58.309000,0 days 02:11:55.404000
2024-06-23 14:18:12.962,10240,162,4,86,False,0,car,0 days 01:14:58.549000,0 days 02:11:55.644000
2024-06-23 14:18:13.122,10987,166,4,100,False,0,car,0 days 01:14:58.709000,0 days 02:11:55.804000
2024-06-23 14:18:13.562,11864,185,4,100,False,0,car,0 days 01:14:59.149000,0 days 02:11:56.244000
2024-06-23 14:18:13.842,10339,195,4,100,False,0,car,0 days 01:14:59.429000,0 days 02:11:56.524000
2024-06-23 14:18:14.082,10639,201,5,100,False,0,car,0 days 01:14:59.669000,0 days 02:11:56.764000
2024-06-23 14:18:14.362,9730,193,5,0,True,0,car,0 days 01:14:59.949000,0 days 02:11:57.044000
2024-06-23 14:18:14.522,9488,186,5,0,True,0,car,0 days 01:15:00.109000,0 days 02:11:57.204000
2024-06-23 14:18:14.682,9718,175,5,0,True,0,car,0 days 01:15:00.269000,0 days 02:11:57.364000
2024-06-23 14:18:14.923,9798,163,4,0,True,0,car,0 days 01:15:00.510000,0 days 02:11:57.605000
2024-06-23 14:18:15.123,9291,156,4,0,True,0,car,0 days 01:15:00.710000,0 days 02:11:57.805000
2024-06-23 14:18:15.403,8866,146,4,0,True,0,car,0 days 01:15:00.990000,0 days 02:11:58.085000
2024-06-23 14:18:15.803,8291,135,4,0,True,0,car,0 days 01:15:01.390000,0 days 02:11:58.485000
2024-06-23 14:18:15.963,8291,131,4,0,True,0,car,0 days 01:15:01.550000,0 days 02:11:58.645000
2024-06-23 14:18:16.443,7611,124,4,0,False,0,car,0 days 01:15:02.030000,0 days 02:11:59.125000
2024-06-23 14:18:16.843,7216,117,4,0,True,0,car,0 days 01:15:02.430000,0 days 02:11:59.525000
2024-06-23 14:18:17.043,6989,117,4,0,True,0,car,0 days 01:15:02.630000,0 days 02:11:59.725000
2024-06-23 14:18:17.203,7195,113,4,0,False,0,car,0 days 01:15:02.790000,0 days 02:11:59.885000
2024-06-23 14:18:17.443,7211,111,4,27,False,0,car,0 days 01:15:03.030000,0 days 02:12:00.125000
2024-06-23 14:18:17.603,7351,112,4,38,False,0,car,0 days 01:15:03.190000,0 days 02:12:00.285000
2024-06-23 14:18:17.843,7589,115,4,44,False,0,car,0 days 01:15:03.430000,0 days 02:12:00.525000
2024-06-23 14:18:18.042,7799,118,4,51,False,0,car,0 days 01:15:03.629000,0 days 02:12:00.724000
2024-06-23 14:18:18.282,8015,121,4,54,False,0,car,0 days 01:15:03.869000,0 days 02:12:00.964000
2024-06-23 14:18:18.482,8329,127,4,64,False,0,car,0 days 01:15:04.069000,0 days 02:12:01.164000
2024-06-23 14:18:18.642,8778,133,4,71,False,0,car,0 days 01:15:04.229000,0 days 02:12:01.324000
2024-06-23 14:18:18.842,9225,140,4,74,False,0,car,0 days 01:15:04.429000,0 days 02:12:01.524000
2024-06-23 14:18:19.122,9725,143,4,81,False,0,car,0 days 01:15:04.709000,0 days 02:12:01.804000
2024-06-23 14:18:19.322,10348,154,4,85,False,0,car,0 days 01:15:04.909000,0 days 02:12:02.004000
2024-06-23 14:18:19.722,10733,171,4,100,False,0,car,0 days 01:15:05.309000,0 days 02:12:02.404000
2024-06-23 14:18:19.922,9946,176,5,100,False,0,car,0 days 01:15:05.509000,0 days 02:12:02.604000
2024-06-23 14:18:20.162,10139,189,5,100,False,0,car,0 days 01:15:05.749000,0 days 02:12:02.844000
2024-06-23 14:18:20.362,10431,197,5,100,False,0,car,0 days 01:15:05.949000,0 days 02:12:03.044000
2024-06-23 14:18:20.562,11029,204,5,100,False,0,car,0 days 01:15:06.149000,0 days 02:12:03.244000
2024-06-23 14:18:20.882,11505,214,5,100,False,0,car,0 days 01:15:06.469000,0 days 02:12:03.564000
2024-06-23 14:18:21.162,10324,220,5,100,False,0,car,0 days 01:15:06.749000,0 days 02:12:03.844000
2024-06-23 14:18:21.483,10532,229,6,100,False,0,car,0 days 01:15:07.070000,0 days 02:12:04.165000
2024-06-23 14:18:21.683,10809,232,6,94,False,0,car,0 days 01:15:07.270000,0 days 02:12:04.365000
2024-06-23 14:18:21.843,10873,235,6,87,False,0,car,0 days 01:15:07.430000,0 days 02:12:04.525000
2024-06-23 14:18:22.203,11043,237,6,82,False,0,car,0 days 01:15:07.790000,0 days 02:12:04.885000
2024-06-23 14:18:22.523,11189,241,6,94,False,0,car,0 days 01:15:08.110000,0 days 02:12:05.205000
2024-06-23 14:18:22.683,11026,241,6,77,False,0,car,0 days 01:15:08.270000,0 days 02:12:05.365000
2024-06-23 14:18:23.003,11383,246,6,100,False,0,car,0 days 01:15:08.590000,0 days 02:12:05.685000
2024-06-23 14:18:23.243,11473,247,6,100,False,0,car,0 days 01:15:08.830000,0 days 02:12:05.925000
2024-06-23 14:18:23.563,11624,252,6,100,False,0,car,0 days 01:15:09.150000,0 days 02:12:06.245000
2024-06-23 14:18:23.883,10875,257,6,100,False,0,car,0 days 01:15:09.470000,0 days 02:12:06.565000
2024-06-23 14:18:24.243,10534,262,7,100,False,0,car,0 days 01:15:09.830000,0 days 02:12:06.925000
2024-06-23 14:18:24.523,10595,263,7,100,False,0,car,0 days 01:15:10.110000,0 days 02:12:07.205000
2024-06-23 14:18:24.842,10686,266,7,100,False,0,car,0 days 01:15:10.429000,0 days 02:12:07.524000
2024-06-23 14:18:25.002,10666,266,7,92,False,0,car,0 days 01:15:10.589000,0 days 02:12:07.684000
2024-06-23 14:18:25.402,10470,257,7,0,False,0,car,0 days 01:15:10.989000,0 days 02:12:08.084000
2024-06-23 14:18:25.682,11123,246,6,0,False,0,car,0 days 01:15:11.269000,0 days 02:12:08.364000
2024-06-23 14:18:26.002,10739,239,6,2,False,0,car,0 days 01:15:11.589000,0 days 02:12:08.684000
2024-06-23 14:18:26.282,10854,234,6,44,False,0,car,0 days 01:15:11.869000,0 days 02:12:08.964000
2024-06-23 14:18:26.442,10613,230,6,71,False,0,car,0 days 01:15:12.029000,0 days 02:12:09.124000
2024-06-23 14:18:26.802,10856,232,6,100,False,0,car,0 days 01:15:12.389000,0 days 02:12:09.484000
2024-06-23 14:18:27.002,10999,235,6,100,False,0,car,0 days 01:15:12.589000,0 days 02:12:09.684000
2024-06-23 14:18:27.282,11071,238,6,100,False,0,car,0 days 01:15:12.869000,0 days 02:12:09.964000
2024-06-23 14:18:27.682,11337,244,6,100,False,0,car,0 days 01:15:13.269000,0 days 02:12:10.364000
2024-06-23 14:18:27.882,11444,248,6,100,False,0,car,0 days 01:15:13.469000,0 days 02:12:10.564000
2024-06-23 14:18:28.363,11775,257,6,100,False,0,car,0 days 01:15:13.950000,0 days 02:12:11.045000
2024-06-23 14:18:28.603,10959,259,6,100,False,0,car,0 days 01:15:14.190000,0 days 02:12:11.285000
2024-06-23 14:18:28.843,10671,264,7,100,False,0,car,0 days 01:15:14.430000,0 days 02:12:11.525000
2024-06-23 14:18:29.083,10705,267,7,100,False,0,car,0 days 01:15:14.670000,0 days 02:12:11.765000
2024-06-23 14:18:29.243,10787,270,7,100,False,0,car,0 days 01:15:14.830000,0 days 02:12:11.925000
2024-06-23 14:18:29.523,10934,273,7,100,False,0,car,0 days 01:15:15.110000,0 days 02:12:12.205000
2024-06-23 14:18:29.683,10967,274,7,100,False,0,car,0 days 01:15:15.270000,0 days 02:12:12.365000
2024-06-23 14:18:29.883,11050,275,7,100,False,0,car,0 days 01:15:15.470000,0 days 02:12:12.565000
2024-06-23 14:18:30.243,11190,280,7,100,False,0,car,0 days 01:15:15.830000,0 days 02:12:12.925000
2024-06-23 14:18:30.403,11302,281,7,100,False,0,car,0 days 01:15:15.990000,0 days 02:12:13.085000
2024-06-23 14:18:30.603,11384,283,7,100,False,0,car,0 days 01:15:16.190000,0 days 02:12:13.285000
2024-06-23 14:18:31.043,11486,286,7,100,False,0,car,0 days 01:15:16.630000,0 days 02:12:13.725000
2024-06-23 14:18:31.482,11588,289,7,100,False,0,car,0 days 01:15:17.069000,0 days 02:12:14.164000
2024-06-23 14:18:31.722,11634,289,7,100,False,0,car,0 days 01:15:17.309000,0 days 02:12:14.404000
2024-06-23 14:18:32.042,11710,293,7,100,False,0,car,0 days 01:15:17.629000,0 days 02:12:14.724000
2024-06-23 14:18:32.242,10730,293,7,100,False,0,car,0 days 01:15:17.829000,0 days 02:12:14.924000
2024-06-23 14:18:32.442,10387,294,8,100,False,0,car,0 days 01:15:18.029000,0 days 02:12:15.124000
2024-06-23 14:18:32.922,10502,296,8,100,False,0,car,0 days 01:15:18.509000,0 days 02:12:15.604000
2024-06-23 14:18:33.122,10589,297,8,100,False,0,car,0 days 01:15:18.709000,0 days 02:12:15.804000
2024-06-23 14:18:33.282,10582,297,8,100,False,0,car,0 days 01:15:18.869000,0 days 02:12:15.964000
2024-06-23 14:18:33.442,10597,298,8,100,False,0,car,0 days 01:15:19.029000,0 days 02:12:16.124000
2024-06-23 14:18:33.642,10634,298,8,100,False,0,car,0 days 01:15:19.229000,0 days 02:12:16.324000
2024-06-23 14:18:33.802,10666,299,8,100,False,0,car,0 days 01:15:19.389000,0 days 02:12:16.484000
2024-06-23 14:18:34.162,10673,300,8,100,False,0,car,0 days 01:15:19.749000,0 days 02:12:16.844000
2024-06-23 14:18:34.362,10722,301,8,100,False,0,car,0 days 01:15:19.949000,0 days 02:12:17.044000
2024-06-23 14:18:34.763,10761,303,8,100,False,0,car,0 days 01:15:20.350000,0 days 02:12:17.445000
2024-06-23 14:18:34.963,10783,302,8,100,False,0,car,0 days 01:15:20.550000,0 days 02:12:17.645000
2024-06-23 14:18:35.363,10808,304,8,100,False,0,car,0 days 01:15:20.950000,0 days 02:12:18.045000
2024-06-23 14:18:35.723,10820,304,8,100,False,0,car,0 days 01:15:21.310000,0 days 02:12:18.405000
2024-06-23 14:18:35.923,10838,304,8,100,False,0,car,0 days 01:15:21.510000,0 days 02:12:18.605000
2024-06-23 14:18:36.083,10854,304,8,100,False,0,car,0 days 01:15:21.670000,0 days 02:12:18.765000
2024-06-23 14:18:36.443,10853,305,8,100,False,0,car,0 days 01:15:22.030000,0 days 02:12:19.125000
2024-06-23 14:18:36.643,10860,305,8,100,False,0,car,0 days 01:15:22.230000,0 days 02:12:19.325000
2024-06-23 14:18:36.883,10872,306,8,100,False,0,car,0 days 01:15:22.470000,0 days 02:12:19.565000
2024-06-23 14:18:37.243,10911,306,8,100,False,0,car,0 days 01:15:22.830000,0 days 02:12:19.925000
2024-06-23 14:18:37.603,10904,306,8,100,False,0,car,0 days 01:15:23.190000,0 days 02:12:20.285000
2024-06-23 14:18:37.803,10902,307,8,100,False,0,car,0 days 01:15:23.390000,0 days 02:12:20.485000
2024-06-23 14:18:38.043,10899,306,8,100,False,0,car,0 days 01:15:23.630000,0 days 02:12:20.725000
2024-06-23 14:18:38.402,10917,307,8,100,False,0,car,0 days 01:15:23.989000,0 days 02:12:21.084000
2024-06-23 14:18:38.602,10937,307,8,100,False,0,car,0 days 01:15:24.189000,0 days 02:12:21.284000
2024-06-23 14:18:38.762,10937,307,8,100,False,0,car,0 days 01:15:24.349000,0 days 02:12:21.444000
2024-06-23 14:18:39.082,10941,306,8,0,True,0,car,0 days 01:15:24.669000,0 days 02:12:21.764000
2024-06-23 14:18:39.322,10413,295,8,0,True,0,car,0 days 01:15:24.909000,0 days 02:12:22.004000
2024-06-23 14:18:39.482,9590,274,8,0,True,0,car,0 days 01:15:25.069000,0 days 02:12:22.164000
2024-06-23 14:18:39.722,9266,246,8,0,True,0,car,0 days 01:15:25.309000,0 days 02:12:22.404000
2024-06-23 14:18:40.082,9273,205,7,0,True,0,car,0 days 01:15:25.669000,0 days 02:12:22.764000
2024-06-23 14:18:40.322,9511,189,7,0,True,0,car,0 days 01:15:25.909000,0 days 02:12:23.004000
2024-06-23 14:18:40.482,9055,177,5,0,True,0,car,0 days 01:15:26.069000,0 days 02:12:23.164000
2024-06-23 14:18:40.682,10088,166,5,0,True,0,car,0 days 01:15:26.269000,0 days 02:12:23.364000
2024-06-23 14:18:40.922,9567,160,4,0,True,0,car,0 days 01:15:26.509000,0 days 02:12:23.604000
2024-06-23 14:18:41.163,9349,155,4,0,True,0,car,0 days 01:15:26.750000,0 days 02:12:23.845000
2024-06-23 14:18:41.403,9025,147,4,0,False,0,car,0 days 01:15:26.990000,0 days 02:12:24.085000
2024-06-23 14:18:41.603,8988,145,4,1,False,0,car,0 days 01:15:27.190000,0 days 02:12:24.285000
2024-06-23 14:18:41.923,8863,140,4,37,False,0,car,0 days 01:15:27.510000,0 days 02:12:24.605000
2024-06-23 14:18:42.163,9049,140,4,52,False,0,car,0 days 01:15:27.750000,0 days 02:12:24.845000
2024-06-23 14:18:42.363,9129,144,4,56,False,0,car,0 days 01:15:27.950000,0 days 02:12:25.045000
2024-06-23 14:18:42.563,9448,147,4,65,False,0,car,0 days 01:15:28.150000,0 days 02:12:25.245000
2024-06-23 14:18:42.843,9834,150,4,71,False,0,car,0 days 01:15:28.430000,0 days 02:12:25.525000
2024-06-23 14:18:43.163,9536,162,4,68,False,0,car,0 days 01:15:28.750000,0 days 02:12:25.845000
2024-06-23 14:18:43.563,9000,167,5,55,False,0,car,0 days 01:15:29.150000,0 days 02:12:26.245000
2024-06-23 14:18:43.803,9049,168,5,54,False,0,car,0 days 01:15:29.390000,0 days 02:12:26.485000
2024-06-23 14:18:44.163,9185,171,5,57,False,0,car,0 days 01:15:29.750000,0 days 02:12:26.845000
2024-06-23 14:18:44.403,9483,174,5,71,False,0,car,0 days 01:15:29.990000,0 days 02:12:27.085000
2024-06-23 14:18:44.643,9582,176,5,75,False,0,car,0 days 01:15:30.230000,0 days 02:12:27.325000
2024-06-23 14:18:44.882,9903,182,5,83,False,0,car,0 days 01:15:30.469000,0 days 02:12:27.564000
2024-06-23 14:18:45.122,10341,187,5,98,False,0,car,0 days 01:15:30.709000,0 days 02:12:27.804000
2024-06-23 14:18:45.282,10432,195,5,100,False,0,car,0 days 01:15:30.869000,0 days 02:12:27.964000
2024-06-23 14:18:45.642,11058,208,5,100,False,0,car,0 days 01:15:31.229000,0 days 02:12:28.324000
2024-06-23 14:18:45.922,10247,213,5,80,False,0,car,0 days 01:15:31.509000,0 days 02:12:28.604000
2024-06-23 14:18:46.242,9804,213,6,56,False,0,car,0 days 01:15:31.829000,0 days 02:12:28.924000
2024-06-23 14:18:46.402,9781,213,6,59,False,0,car,0 days 01:15:31.989000,0 days 02:12:29.084000
2024-06-23 14:18:46.602,9820,211,6,67,False,0,car,0 days 01:15:32.189000,0 days 02:12:29.284000
2024-06-23 14:18:46.882,9864,215,6,74,False,0,car,0 days 01:15:32.469000,0 days 02:12:29.564000
2024-06-23 14:18:47.042,9959,215,6,74,False,0,car,0 days 01:15:32.629000,0 days 02:12:29.724000
2024-06-23 14:18:47.322,10069,216,6,75,False,0,car,0 days 01:15:32.909000,0 days 02:12:30.004000
2024-06-23 14:18:47.562,10136,219,6,73,False,0,car,0 days 01:15:33.149000,0 days 02:12:30.244000
2024-06-23 14:18:47.843,10234,220,6,75,False,0,car,0 days 01:15:33.430000,0 days 02:12:30.525000
2024-06-23 14:18:48.123,10470,221,6,83,False,0,car,0 days 01:15:33.710000,0 days 02:12:30.805000
2024-06-23 14:18:48.483,10516,226,6,85,False,0,car,0 days 01:15:34.070000,0 days 02:12:31.165000
2024-06-23 14:18:48.723,10814,230,6,100,False,0,car,0 days 01:15:34.310000,0 days 02:12:31.405000
2024-06-23 14:18:49.003,10961,236,6,100,False,0,car,0 days 01:15:34.590000,0 days 02:12:31.685000
2024-06-23 14:18:49.443,11244,242,6,100,False,0,car,0 days 01:15:35.030000,0 days 02:12:32.125000
2024-06-23 14:18:49.843,11459,249,6,100,False,0,car,0 days 01:15:35.430000,0 days 02:12:32.525000
2024-06-23 14:18:50.123,11613,251,6,100,False,0,car,0 days 01:15:35.710000,0 days 02:12:32.805000
2024-06-23 14:18:50.443,11741,254,6,100,False,0,car,0 days 01:15:36.030000,0 days 02:12:33.125000
2024-06-23 14:18:50.683,10341,257,7,100,False,0,car,0 days 01:15:36.270000,0 days 02:12:33.365000
2024-06-23 14:18:51.083,10588,262,7,100,False,0,car,0 days 01:15:36.670000,0 days 02:12:33.765000
2024-06-23 14:18:51.363,10715,266,7,100,False,0,car,0 days 01:15:36.950000,0 days 02:12:34.045000
2024-06-23 14:18:51.602,10832,269,7,100,False,0,car,0 days 01:15:37.189000,0 days 02:12:34.284000
2024-06-23 14:18:51.762,10887,272,7,100,False,0,car,0 days 01:15:37.349000,0 days 02:12:34.444000
2024-06-23 14:18:52.042,10981,273,7,100,False,0,car,0 days 01:15:37.629000,0 days 02:12:34.724000
2024-06-23 14:18:52.322,11116,276,7,100,False,0,car,0 days 01:15:37.909000,0 days 02:12:35.004000
2024-06-23 14:18:52.602,11217,279,7,100,False,0,car,0 days 01:15:38.189000,0 days 02:12:35.284000
2024-06-23 14:18:52.842,11297,282,7,100,False,0,car,0 days 01:15:38.429000,0 days 02:12:35.524000
2024-06-23 14:18:53.202,11409,283,7,100,False,0,car,0 days 01:15:38.789000,0 days 02:12:35.884000
2024-06-23 14:18:53.482,11456,287,7,100,False,0,car,0 days 01:15:39.069000,0 days 02:12:36.164000
2024-06-23 14:18:53.722,11175,287,7,75,True,0,car,0 days 01:15:39.309000,0 days 02:12:36.404000
2024-06-23 14:18:54.122,9817,259,7,0,True,0,car,0 days 01:15:39.709000,0 days 02:12:36.804000
2024-06-23 14:18:54.323,9554,236,7,0,True,0,car,0 days 01:15:39.910000,0 days 02:12:37.005000
2024-06-23 14:18:54.523,9357,215,6,0,True,0,car,0 days 01:15:40.110000,0 days 02:12:37.205000
2024-06-23 14:18:54.723,9871,199,6,0,True,0,car,0 days 01:15:40.310000,0 days 02:12:37.405000
2024-06-23 14:18:54.963,9225,178,5,0,True,0,car,0 days 01:15:40.550000,0 days 02:12:37.645000
2024-06-23 14:18:55.203,9136,169,5,0,True,0,car,0 days 01:15:40.790000,0 days 02:12:37.885000
2024-06-23 14:18:55.483,9780,159,4,0,True,0,car,0 days 01:15:41.070000,0 days 02:12:38.165000
2024-06-23 14:18:55.763,9504,152,4,0,False,0,car,0 days 01:15:41.350000,0 days 02:12:38.445000
2024-06-23 14:18:56.003,9118,148,4,0,False,0,car,0 days 01:15:41.590000,0 days 02:12:38.685000
2024-06-23 14:18:56.283,8777,143,4,0,True,0,car,0 days 01:15:41.870000,0 days 02:12:38.965000
2024-06-23 14:18:56.603,8498,137,4,0,False,0,car,0 days 01:15:42.190000,0 days 02:12:39.285000
2024-06-23 14:18:56.763,8330,134,4,3,False,0,car,0 days 01:15:42.350000,0 days 02:12:39.445000
2024-06-23 14:18:56.963,8402,132,4,44,False,0,car,0 days 01:15:42.550000,0 days 02:12:39.645000
2024-06-23 14:18:57.163,8685,132,4,54,False,0,car,0 days 01:15:42.750000,0 days 02:12:39.845000
2024-06-23 14:18:57.603,9025,139,4,58,False,0,car,0 days 01:15:43.190000,0 days 02:12:40.285000
2024-06-23 14:18:57.963,9518,146,4,71,False,0,car,0 days 01:15:43.550000,0 days 02:12:40.645000
2024-06-23 14:18:58.123,9798,150,4,72,False,0,car,0 days 01:15:43.710000,0 days 02:12:40.805000
2024-06-23 14:18:58.482,10427,160,4,82,False,0,car,0 days 01:15:44.069000,0 days 02:12:41.164000
2024-06-23 14:18:58.922,11464,174,4,100,False,0,car,0 days 01:15:44.509000,0 days 02:12:41.604000
2024-06-23 14:18:59.162,11049,185,4,100,False,0,car,0 days 01:15:44.749000,0 days 02:12:41.844000
2024-06-23 14:18:59.522,10634,194,5,100,False,0,car,0 days 01:15:45.109000,0 days 02:12:42.204000
2024-06-23 14:18:59.722,10959,199,5,100,False,0,car,0 days 01:15:45.309000,0 days 02:12:42.404000
2024-06-23 14:18:59.882,11094,205,5,100,False,0,car,0 days 01:15:45.469000,0 days 02:12:42.564000
2024-06-23 14:19:00.122,11490,211,5,100,False,0,car,0 days 01:15:45.709000,0 days 02:12:42.804000
2024-06-23 14:19:00.482,11813,220,5,100,False,0,car,0 days 01:15:46.069000,0 days 02:12:43.164000
2024-06-23 14:19:00.642,11462,223,5,100,False,0,car,0 days 01:15:46.229000,0 days 02:12:43.324000
2024-06-23 14:19:01.003,10785,232,6,100,False,0,car,0 days 01:15:46.590000,0 days 02:12:43.685000
2024-06-23 14:19:01.323,11046,239,6,100,False,0,car,0 days 01:15:46.910000,0 days 02:12:44.005000
2024-06-23 14:19:01.803,10931,246,6,29,True,0,car,0 days 01:15:47.390000,0 days 02:12:44.485000
2024-06-23 14:19:02.243,9455,209,6,0,True,0,car,0 days 01:15:47.830000,0 days 02:12:44.925000
2024-06-23 14:19:02.403,8970,198,6,0,True,0,car,0 days 01:15:47.990000,0 days 02:12:45.085000
2024-06-23 14:19:02.723,8913,168,5,0,True,0,car,0 days 01:15:48.310000,0 days 02:12:45.405000
2024-06-23 14:19:03.043,9023,143,4,0,True,0,car,0 days 01:15:48.630000,0 days 02:12:45.725000
2024-06-23 14:19:03.323,9290,138,3,0,True,0,car,0 days 01:15:48.910000,0 days 02:12:46.005000
2024-06-23 14:19:03.603,8738,123,3,0,True,0,car,0 days 01:15:49.190000,0 days 02:12:46.285000
2024-06-23 14:19:04.003,8032,111,3,0,True,0,car,0 days 01:15:49.590000,0 days 02:12:46.685000
2024-06-23 14:19:04.243,7756,104,3,0,True,0,car,0 days 01:15:49.830000,0 days 02:12:46.925000
2024-06-23 14:19:04.523,7160,100,3,0,True,0,car,0 days 01:15:50.110000,0 days 02:12:47.205000
2024-06-23 14:19:04.763,6820,94,3,0,True,0,car,0 days 01:15:50.350000,0 days 02:12:47.445000
2024-06-23 14:19:05.122,6815,91,3,4,False,0,car,0 days 01:15:50.709000,0 days 02:12:47.804000
2024-06-23 14:19:05.322,7044,90,3,29,False,0,car,0 days 01:15:50.909000,0 days 02:12:48.004000
2024-06-23 14:19:05.682,7381,96,3,39,False,0,car,0 days 01:15:51.269000,0 days 02:12:48.364000
2024-06-23 14:19:05.962,7866,101,3,47,False,0,car,0 days 01:15:51.549000,0 days 02:12:48.644000
2024-06-23 14:19:06.282,8516,108,3,56,False,0,car,0 days 01:15:51.869000,0 days 02:12:48.964000
2024-06-23 14:19:06.442,8921,114,3,58,False,0,car,0 days 01:15:52.029000,0 days 02:12:49.124000
2024-06-23 14:19:06.682,9365,119,3,65,False,0,car,0 days 01:15:52.269000,0 days 02:12:49.364000
2024-06-23 14:19:06.962,10298,127,3,80,False,0,car,0 days 01:15:52.549000,0 days 02:12:49.644000
2024-06-23 14:19:07.282,9512,145,3,89,False,0,car,0 days 01:15:52.869000,0 days 02:12:49.964000
2024-06-23 14:19:07.603,10513,159,4,100,False,0,car,0 days 01:15:53.190000,0 days 02:12:50.285000
2024-06-23 14:19:08.403,10524,194,5,100,False,0,car,0 days 01:15:53.990000,0 days 02:12:51.085000
2024-06-23 14:19:08.803,11293,208,5,100,False,0,car,0 days 01:15:54.390000,0 days 02:12:51.485000
2024-06-23 14:19:09.003,11594,215,5,100,False,0,car,0 days 01:15:54.590000,0 days 02:12:51.685000
2024-06-23 14:19:09.243,11746,223,5,100,False,0,car,0 days 01:15:54.830000,0 days 02:12:51.925000
2024-06-23 14:19:09.563,10496,230,6,100,False,0,car,0 days 01:15:55.150000,0 days 02:12:52.245000
2024-06-23 14:19:09.803,10925,234,6,100,False,0,car,0 days 01:15:55.390000,0 days 02:12:52.485000
2024-06-23 14:19:10.283,11234,245,6,100,False,0,car,0 days 01:15:55.870000,0 days 02:12:52.965000
2024-06-23 14:19:10.483,11418,248,6,100,False,0,car,0 days 01:15:56.070000,0 days 02:12:53.165000
2024-06-23 14:19:10.803,11640,253,6,100,False,0,car,0 days 01:15:56.390000,0 days 02:12:53.485000
2024-06-23 14:19:11.043,11725,257,6,100,False,0,car,0 days 01:15:56.630000,0 days 02:12:53.725000
2024-06-23 14:19:11.283,11054,253,6,37,False,0,car,0 days 01:15:56.870000,0 days 02:12:53.965000
2024-06-23 14:19:11.483,10586,233,6,0,True,0,car,0 days 01:15:57.070000,0 days 02:12:54.165000
2024-06-23 14:19:11.643,9531,222,6,0,True,0,car,0 days 01:15:57.230000,0 days 02:12:54.325000
2024-06-23 14:19:11.802,10031,204,6,0,True,0,car,0 days 01:15:57.389000,0 days 02:12:54.484000
2024-06-23 14:19:12.042,9215,186,5,0,True,0,car,0 days 01:15:57.629000,0 days 02:12:54.724000
2024-06-23 14:19:12.202,10055,172,5,0,True,0,car,0 days 01:15:57.789000,0 days 02:12:54.884000
2024-06-23 14:19:12.442,9637,158,4,0,True,0,car,0 days 01:15:58.029000,0 days 02:12:55.124000
2024-06-23 14:19:12.722,9381,152,4,0,False,0,car,0 days 01:15:58.309000,0 days 02:12:55.404000
2024-06-23 14:19:13.002,9180,148,4,0,False,0,car,0 days 01:15:58.589000,0 days 02:12:55.684000
2024-06-23 14:19:13.322,8923,144,4,0,False,0,car,0 days 01:15:58.909000,0 days 02:12:56.004000
2024-06-23 14:19:13.682,8789,138,4,25,False,0,car,0 days 01:15:59.269000,0 days 02:12:56.364000
2024-06-23 14:19:13.963,8870,138,4,49,False,0,car,0 days 01:15:59.550000,0 days 02:12:56.645000
2024-06-23 14:19:14.323,9243,141,4,58,False,0,car,0 days 01:15:59.910000,0 days 02:12:57.005000
2024-06-23 14:19:14.483,9780,146,4,83,False,0,car,0 days 01:16:00.070000,0 days 02:12:57.165000
2024-06-23 14:19:14.763,10166,156,4,94,False,0,car,0 days 01:16:00.350000,0 days 02:12:57.445000
2024-06-23 14:19:15.203,10912,174,4,100,False,0,car,0 days 01:16:00.790000,0 days 02:12:57.885000
2024-06-23 14:19:15.603,10430,189,5,100,False,0,car,0 days 01:16:01.190000,0 days 02:12:58.285000
2024-06-23 14:19:15.883,10797,195,5,100,False,0,car,0 days 01:16:01.470000,0 days 02:12:58.565000
2024-06-23 14:19:16.203,11156,208,5,100,False,0,car,0 days 01:16:01.790000,0 days 02:12:58.885000
2024-06-23 14:19:16.363,11311,210,5,100,False,0,car,0 days 01:16:01.950000,0 days 02:12:59.045000
2024-06-23 14:19:16.683,11827,215,5,100,False,0,car,0 days 01:16:02.270000,0 days 02:12:59.365000
2024-06-23 14:19:17.003,10560,227,5,100,False,0,car,0 days 01:16:02.590000,0 days 02:12:59.685000
2024-06-23 14:19:17.243,10794,234,6,100,False,0,car,0 days 01:16:02.830000,0 days 02:12:59.925000
2024-06-23 14:19:17.443,10965,238,6,100,False,0,car,0 days 01:16:03.030000,0 days 02:13:00.125000
2024-06-23 14:19:17.723,11221,243,6,100,False,0,car,0 days 01:16:03.310000,0 days 02:13:00.405000
2024-06-23 14:19:17.923,11326,244,6,100,False,0,car,0 days 01:16:03.510000,0 days 02:13:00.605000
2024-06-23 14:19:18.123,11361,250,6,100,False,0,car,0 days 01:16:03.710000,0 days 02:13:00.805000
2024-06-23 14:19:18.443,10960,246,6,0,False,0,car,0 days 01:16:04.030000,0 days 02:13:01.125000
2024-06-23 14:19:18.722,10713,238,6,0,False,0,car,0 days 01:16:04.309000,0 days 02:13:01.404000
2024-06-23 14:19:18.962,10548,233,6,46,False,0,car,0 days 01:16:04.549000,0 days 02:13:01.644000
2024-06-23 14:19:19.242,10446,228,6,55,False,0,car,0 days 01:16:04.829000,0 days 02:13:01.924000
2024-06-23 14:19:19.442,10471,227,6,59,False,0,car,0 days 01:16:05.029000,0 days 02:13:02.124000
2024-06-23 14:19:19.642,10523,225,6,65,False,0,car,0 days 01:16:05.229000,0 days 02:13:02.324000
2024-06-23 14:19:19.842,10476,227,6,74,False,0,car,0 days 01:16:05.429000,0 days 02:13:02.524000
2024-06-23 14:19:20.082,10683,229,6,100,False,0,car,0 days 01:16:05.669000,0 days 02:13:02.764000
2024-06-23 14:19:20.242,10829,232,6,100,False,0,car,0 days 01:16:05.829000,0 days 02:13:02.924000
2024-06-23 14:19:20.482,10980,233,6,100,False,0,car,0 days 01:16:06.069000,0 days 02:13:03.164000
2024-06-23 14:19:20.683,11058,238,6,100,False,0,car,0 days 01:16:06.270000,0 days 02:13:03.365000
2024-06-23 14:19:20.963,11151,242,6,100,False,0,car,0 days 01:16:06.550000,0 days 02:13:03.645000
2024-06-23 14:19:21.203,11324,242,6,100,False,0,car,0 days 01:16:06.790000,0 days 02:13:03.885000
2024-06-23 14:19:21.363,11496,248,6,100,False,0,car,0 days 01:16:06.950000,0 days 02:13:04.045000
2024-06-23 14:19:21.723,11675,254,6,100,False,0,car,0 days 01:16:07.310000,0 days 02:13:04.405000
2024-06-23 14:19:21.963,11223,258,6,100,False,0,car,0 days 01:16:07.550000,0 days 02:13:04.645000
2024-06-23 14:19:22.123,10681,260,7,100,False,0,car,0 days 01:16:07.710000,0 days 02:13:04.805000
2024-06-23 14:19:22.483,10625,265,7,100,False,0,car,0 days 01:16:08.070000,0 days 02:13:05.165000
2024-06-23 14:19:22.683,10740,268,7,100,False,0,car,0 days 01:16:08.270000,0 days 02:13:05.365000
2024-06-23 14:19:22.883,10860,270,7,100,False,0,car,0 days 01:16:08.470000,0 days 02:13:05.565000
2024-06-23 14:19:23.123,10995,273,7,100,False,0,car,0 days 01:16:08.710000,0 days 02:13:05.805000
2024-06-23 14:19:23.403,11095,276,7,100,False,0,car,0 days 01:16:08.990000,0 days 02:13:06.085000
2024-06-23 14:19:23.683,11188,279,7,100,False,0,car,0 days 01:16:09.270000,0 days 02:13:06.365000
2024-06-23 14:19:23.963,11295,282,7,100,False,0,car,0 days 01:16:09.550000,0 days 02:13:06.645000
2024-06-23 14:19:24.243,11410,284,7,100,False,0,car,0 days 01:16:09.830000,0 days 02:13:06.925000
2024-06-23 14:19:24.563,11475,287,7,100,False,0,car,0 days 01:16:10.150000,0 days 02:13:07.245000
2024-06-23 14:19:24.843,11575,290,7,100,False,0,car,0 days 01:16:10.430000,0 days 02:13:07.525000
2024-06-23 14:19:25.083,11605,289,7,100,False,0,car,0 days 01:16:10.670000,0 days 02:13:07.765000
2024-06-23 14:19:25.282,11652,292,7,100,False,0,car,0 days 01:16:10.869000,0 days 02:13:07.964000
2024-06-23 14:19:25.522,11727,292,7,100,False,0,car,0 days 01:16:11.109000,0 days 02:13:08.204000
2024-06-23 14:19:25.802,11027,285,7,0,True,0,car,0 days 01:16:11.389000,0 days 02:13:08.484000
2024-06-23 14:19:26.082,10079,256,7,0,True,0,car,0 days 01:16:11.669000,0 days 02:13:08.764000
2024-06-23 14:19:26.402,8905,223,7,0,True,0,car,0 days 01:16:11.989000,0 days 02:13:09.084000
2024-06-23 14:19:26.562,9021,202,6,0,True,0,car,0 days 01:16:12.149000,0 days 02:13:09.244000
2024-06-23 14:19:26.802,9599,183,6,0,True,0,car,0 days 01:16:12.389000,0 days 02:13:09.484000
2024-06-23 14:19:27.002,8622,173,5,0,True,0,car,0 days 01:16:12.589000,0 days 02:13:09.684000
2024-06-23 14:19:27.363,8750,144,4,0,True,0,car,0 days 01:16:12.950000,0 days 02:13:10.045000
2024-06-23 14:19:27.603,8234,137,4,0,True,0,car,0 days 01:16:13.190000,0 days 02:13:10.285000
2024-06-23 14:19:28.043,9044,123,3,0,True,0,car,0 days 01:16:13.630000,0 days 02:13:10.725000
2024-06-23 14:19:28.203,8681,122,3,0,True,0,car,0 days 01:16:13.790000,0 days 02:13:10.885000
2024-06-23 14:19:28.363,8645,117,3,0,True,0,car,0 days 01:16:13.950000,0 days 02:13:11.045000
2024-06-23 14:19:28.563,8311,114,3,0,True,0,car,0 days 01:16:14.150000,0 days 02:13:11.245000
2024-06-23 14:19:28.883,7965,109,3,0,True,0,car,0 days 01:16:14.470000,0 days 02:13:11.565000
2024-06-23 14:19:29.283,7488,102,3,0,True,0,car,0 days 01:16:14.870000,0 days 02:13:11.965000
2024-06-23 14:19:29.523,7322,100,3,0,False,0,car,0 days 01:16:15.110000,0 days 02:13:12.205000
2024-06-23 14:19:29.683,7265,98,3,17,False,0,car,0 days 01:16:15.270000,0 days 02:13:12.365000
2024-06-23 14:19:29.883,7667,99,3,37,False,0,car,0 days 01:16:15.470000,0 days 02:13:12.565000
2024-06-23 14:19:30.043,7718,101,3,37,False,0,car,0 days 01:16:15.630000,0 days 02:13:12.725000
2024-06-23 14:19:30.363,8071,104,3,44,False,0,car,0 days 01:16:15.950000,0 days 02:13:13.045000
2024-06-23 14:19:30.563,8286,108,3,48,False,0,car,0 days 01:16:16.150000,0 days 02:13:13.245000
2024-06-23 14:19:30.763,8585,111,3,51,False,0,car,0 days 01:16:16.350000,0 days 02:13:13.445000
2024-06-23 14:19:31.083,9114,118,3,59,False,0,car,0 days 01:16:16.670000,0 days 02:13:13.765000
2024-06-23 14:19:31.323,9404,123,3,63,False,0,car,0 days 01:16:16.910000,0 days 02:13:14.005000
2024-06-23 14:19:31.603,8857,132,4,69,False,0,car,0 days 01:16:17.190000,0 days 02:13:14.285000
2024-06-23 14:19:31.962,9348,144,4,76,False,0,car,0 days 01:16:17.549000,0 days 02:13:14.644000
2024-06-23 14:19:32.322,10121,154,4,82,False,0,car,0 days 01:16:17.909000,0 days 02:13:15.004000
2024-06-23 14:19:32.642,10874,169,4,87,False,0,car,0 days 01:16:18.229000,0 days 02:13:15.324000
2024-06-23 14:19:32.922,11522,176,4,100,False,0,car,0 days 01:16:18.509000,0 days 02:13:15.604000
2024-06-23 14:19:33.122,11630,184,4,100,False,0,car,0 days 01:16:18.709000,0 days 02:13:15.804000
2024-06-23 14:19:33.362,10347,193,5,100,False,0,car,0 days 01:16:18.949000,0 days 02:13:16.044000
2024-06-23 14:19:33.602,10709,200,5,100,False,0,car,0 days 01:16:19.189000,0 days 02:13:16.284000
2024-06-23 14:19:33.883,10625,193,5,0,True,0,car,0 days 01:16:19.470000,0 days 02:13:16.565000
2024-06-23 14:19:34.323,9821,169,5,0,True,0,car,0 days 01:16:19.910000,0 days 02:13:17.005000
2024-06-23 14:19:34.603,9420,155,4,0,True,0,car,0 days 01:16:20.190000,0 days 02:13:17.285000
2024-06-23 14:19:34.883,8782,144,4,0,True,0,car,0 days 01:16:20.470000,0 days 02:13:17.565000
2024-06-23 14:19:35.083,8391,138,4,0,True,0,car,0 days 01:16:20.670000,0 days 02:13:17.765000
2024-06-23 14:19:35.403,8086,130,4,0,True,0,car,0 days 01:16:20.990000,0 days 02:13:18.085000
2024-06-23 14:19:35.803,7709,124,4,0,False,0,car,0 days 01:16:21.390000,0 days 02:13:18.485000
2024-06-23 14:19:36.003,7660,122,4,0,False,0,car,0 days 01:16:21.590000,0 days 02:13:18.685000
2024-06-23 14:19:36.243,7296,117,4,0,True,0,car,0 days 01:16:21.830000,0 days 02:13:18.925000
2024-06-23 14:19:36.563,7205,112,4,0,False,0,car,0 days 01:16:22.150000,0 days 02:13:19.245000
2024-06-23 14:19:36.763,7343,110,4,31,False,0,car,0 days 01:16:22.350000,0 days 02:13:19.445000
2024-06-23 14:19:37.003,7247,111,4,39,False,0,car,0 days 01:16:22.590000,0 days 02:13:19.685000
2024-06-23 14:19:37.243,7452,115,4,41,False,0,car,0 days 01:16:22.830000,0 days 02:13:19.925000
2024-06-23 14:19:37.403,7646,115,4,46,False,0,car,0 days 01:16:22.990000,0 days 02:13:20.085000
2024-06-23 14:19:37.563,7869,118,4,50,False,0,car,0 days 01:16:23.150000,0 days 02:13:20.245000
2024-06-23 14:19:37.803,8104,123,4,53,False,0,car,0 days 01:16:23.390000,0 days 02:13:20.485000
2024-06-23 14:19:38.003,8199,126,4,57,False,0,car,0 days 01:16:23.590000,0 days 02:13:20.685000
2024-06-23 14:19:38.283,8774,135,4,69,False,0,car,0 days 01:16:23.870000,0 days 02:13:20.965000
2024-06-23 14:19:38.443,9054,138,4,69,False,0,car,0 days 01:16:24.030000,0 days 02:13:21.125000
2024-06-23 14:19:38.722,9695,147,4,81,False,0,car,0 days 01:16:24.309000,0 days 02:13:21.404000
2024-06-23 14:19:38.962,10335,158,4,83,False,0,car,0 days 01:16:24.549000,0 days 02:13:21.644000
2024-06-23 14:19:39.202,10928,162,4,100,False,0,car,0 days 01:16:24.789000,0 days 02:13:21.884000
2024-06-23 14:19:39.482,10506,179,4,100,False,0,car,0 days 01:16:25.069000,0 days 02:13:22.164000
2024-06-23 14:19:39.682,10023,187,5,100,False,0,car,0 days 01:16:25.269000,0 days 02:13:22.364000
2024-06-23 14:19:40.122,10950,202,5,100,False,0,car,0 days 01:16:25.709000,0 days 02:13:22.804000
2024-06-23 14:19:40.363,11140,211,5,100,False,0,car,0 days 01:16:25.950000,0 days 02:13:23.045000
2024-06-23 14:19:40.563,11543,217,5,100,False,0,car,0 days 01:16:26.150000,0 days 02:13:23.245000
2024-06-23 14:19:40.883,10245,223,6,100,False,0,car,0 days 01:16:26.470000,0 days 02:13:23.565000
2024-06-23 14:19:41.123,10671,227,6,90,False,0,car,0 days 01:16:26.710000,0 days 02:13:23.805000
2024-06-23 14:19:41.283,10710,230,6,87,False,0,car,0 days 01:16:26.870000,0 days 02:13:23.965000
2024-06-23 14:19:41.443,10820,235,6,88,False,0,car,0 days 01:16:27.030000,0 days 02:13:24.125000
2024-06-23 14:19:41.723,11068,237,6,93,False,0,car,0 days 01:16:27.310000,0 days 02:13:24.405000
2024-06-23 14:19:42.123,11368,240,6,94,False,0,car,0 days 01:16:27.710000,0 days 02:13:24.805000
2024-06-23 14:19:42.403,11286,241,6,100,False,0,car,0 days 01:16:27.990000,0 days 02:13:25.085000
2024-06-23 14:19:42.723,11419,246,6,100,False,0,car,0 days 01:16:28.310000,0 days 02:13:25.405000
2024-06-23 14:19:43.043,11550,250,6,100,False,0,car,0 days 01:16:28.630000,0 days 02:13:25.725000
2024-06-23 14:19:43.203,11551,252,6,100,False,0,car,0 days 01:16:28.790000,0 days 02:13:25.885000
2024-06-23 14:19:43.643,10583,258,7,100,False,0,car,0 days 01:16:29.230000,0 days 02:13:26.325000
2024-06-23 14:19:43.963,10609,263,7,100,False,0,car,0 days 01:16:29.550000,0 days 02:13:26.645000
2024-06-23 14:19:44.243,10687,268,7,100,False,0,car,0 days 01:16:29.830000,0 days 02:13:26.925000
2024-06-23 14:19:44.403,10766,268,7,100,False,0,car,0 days 01:16:29.990000,0 days 02:13:27.085000
2024-06-23 14:19:44.563,10276,267,7,4,True,0,car,0 days 01:16:30.150000,0 days 02:13:27.245000
2024-06-23 14:19:44.923,10236,256,7,0,True,0,car,0 days 01:16:30.510000,0 days 02:13:27.605000
2024-06-23 14:19:45.283,11043,248,6,23,False,0,car,0 days 01:16:30.870000,0 days 02:13:27.965000
2024-06-23 14:19:45.642,10804,238,6,47,False,0,car,0 days 01:16:31.229000,0 days 02:13:28.324000
2024-06-23 14:19:45.882,10895,234,6,79,False,0,car,0 days 01:16:31.469000,0 days 02:13:28.564000
2024-06-23 14:19:46.082,10845,234,6,82,False,0,car,0 days 01:16:31.669000,0 days 02:13:28.764000
2024-06-23 14:19:46.362,10939,239,6,100,False,0,car,0 days 01:16:31.949000,0 days 02:13:29.044000
2024-06-23 14:19:46.522,11079,240,6,100,False,0,car,0 days 01:16:32.109000,0 days 02:13:29.204000
2024-06-23 14:19:46.762,11330,244,6,100,False,0,car,0 days 01:16:32.349000,0 days 02:13:29.444000
2024-06-23 14:19:47.163,11574,248,6,100,False,0,car,0 days 01:16:32.750000,0 days 02:13:29.845000
2024-06-23 14:19:47.443,11653,254,6,100,False,0,car,0 days 01:16:33.030000,0 days 02:13:30.125000
2024-06-23 14:19:47.763,10537,257,7,100,False,0,car,0 days 01:16:33.350000,0 days 02:13:30.445000
2024-06-23 14:19:47.963,10412,260,7,100,False,0,car,0 days 01:16:33.550000,0 days 02:13:30.645000
2024-06-23 14:19:48.123,10529,261,7,100,False,0,car,0 days 01:16:33.710000,0 days 02:13:30.805000
2024-06-23 14:19:48.283,10656,264,7,100,False,0,car,0 days 01:16:33.870000,0 days 02:13:30.965000
2024-06-23 14:19:48.483,10767,267,7,100,False,0,car,0 days 01:16:34.070000,0 days 02:13:31.165000
2024-06-23 14:19:48.843,10893,271,7,100,False,0,car,0 days 01:16:34.430000,0 days 02:13:31.525000
2024-06-23 14:19:49.043,10967,274,7,100,False,0,car,0 days 01:16:34.630000,0 days 02:13:31.725000
2024-06-23 14:19:49.443,11141,278,7,100,False,0,car,0 days 01:16:35.030000,0 days 02:13:32.125000
2024-06-23 14:19:49.603,11224,278,7,100,False,0,car,0 days 01:16:35.190000,0 days 02:13:32.285000
2024-06-23 14:19:49.763,11278,280,7,100,False,0,car,0 days 01:16:35.350000,0 days 02:13:32.445000
2024-06-23 14:19:50.163,11383,284,7,100,False,0,car,0 days 01:16:35.750000,0 days 02:13:32.845000
2024-06-23 14:19:50.323,11442,284,7,100,False,0,car,0 days 01:16:35.910000,0 days 02:13:33.005000
2024-06-23 14:19:50.603,11491,287,7,100,False,0,car,0 days 01:16:36.190000,0 days 02:13:33.285000
2024-06-23 14:19:51.083,11649,290,7,100,False,0,car,0 days 01:16:36.670000,0 days 02:13:33.765000
2024-06-23 14:19:51.363,11262,293,7,100,False,0,car,0 days 01:16:36.950000,0 days 02:13:34.045000
2024-06-23 14:19:51.603,10130,294,8,100,False,0,car,0 days 01:16:37.190000,0 days 02:13:34.285000
2024-06-23 14:19:51.803,10395,294,8,100,False,0,car,0 days 01:16:37.390000,0 days 02:13:34.485000
2024-06-23 14:19:52.043,10493,295,8,100,False,0,car,0 days 01:16:37.630000,0 days 02:13:34.725000
2024-06-23 14:19:52.282,10535,296,8,100,False,0,car,0 days 01:16:37.869000,0 days 02:13:34.964000
2024-06-23 14:19:52.722,10601,298,8,100,False,0,car,0 days 01:16:38.309000,0 days 02:13:35.404000
2024-06-23 14:19:53.002,10604,299,8,100,False,0,car,0 days 01:16:38.589000,0 days 02:13:35.684000
2024-06-23 14:19:53.242,10675,299,8,100,False,0,car,0 days 01:16:38.829000,0 days 02:13:35.924000
2024-06-23 14:19:53.523,10695,300,8,100,False,0,car,0 days 01:16:39.110000,0 days 02:13:36.205000
2024-06-23 14:19:53.723,10696,301,8,100,False,0,car,0 days 01:16:39.310000,0 days 02:13:36.405000
2024-06-23 14:19:54.083,10758,300,8,100,False,0,car,0 days 01:16:39.670000,0 days 02:13:36.765000
2024-06-23 14:19:54.563,10775,301,8,100,False,0,car,0 days 01:16:40.150000,0 days 02:13:37.245000
2024-06-23 14:19:54.763,10781,303,8,100,False,0,car,0 days 01:16:40.350000,0 days 02:13:37.445000
2024-06-23 14:19:54.963,10768,304,8,100,False,0,car,0 days 01:16:40.550000,0 days 02:13:37.645000
2024-06-23 14:19:55.123,10776,303,8,100,False,0,car,0 days 01:16:40.710000,0 days 02:13:37.805000
2024-06-23 14:19:55.283,10778,303,8,100,False,0,car,0 days 01:16:40.870000,0 days 02:13:37.965000
2024-06-23 14:19:55.443,10802,303,8,100,False,0,car,0 days 01:16:41.030000,0 days 02:13:38.125000
2024-06-23 14:19:55.803,10850,303,8,100,False,0,car,0 days 01:16:41.390000,0 days 02:13:38.485000
2024-06-23 14:19:56.203,10885,305,8,100,False,0,car,0 days 01:16:41.790000,0 days 02:13:38.885000
2024-06-23 14:19:56.563,10874,306,8,100,False,0,car,0 days 01:16:42.150000,0 days 02:13:39.245000
2024-06-23 14:19:56.843,10866,306,8,100,False,0,car,0 days 01:16:42.430000,0 days 02:13:39.525000
2024-06-23 14:19:57.043,10886,306,8,100,False,0,car,0 days 01:16:42.630000,0 days 02:13:39.725000
2024-06-23 14:19:57.243,10900,307,8,100,False,0,car,0 days 01:16:42.830000,0 days 02:13:39.925000
2024-06-23 14:19:57.643,10875,307,8,100,False,0,car,0 days 01:16:43.230000,0 days 02:13:40.325000
2024-06-23 14:19:57.883,10853,304,8,100,False,0,car,0 days 01:16:43.470000,0 days 02:13:40.565000
2024-06-23 14:19:58.203,10752,304,8,100,False,0,car,0 days 01:16:43.790000,0 days 02:13:40.885000
2024-06-23 14:19:58.443,10675,301,8,100,False,0,car,0 days 01:16:44.030000,0 days 02:13:41.125000
2024-06-23 14:19:58.683,10642,300,8,100,False,0,car,0 days 01:16:44.270000,0 days 02:13:41.365000
2024-06-23 14:19:58.922,10502,294,8,0,True,0,car,0 days 01:16:44.509000,0 days 02:13:41.604000
2024-06-23 14:19:59.282,8834,249,8,0,True,0,car,0 days 01:16:44.869000,0 days 02:13:41.964000
2024-06-23 14:19:59.482,8791,223,8,0,True,0,car,0 days 01:16:45.069000,0 days 02:13:42.164000
2024-06-23 14:19:59.682,9124,213,7,0,True,0,car,0 days 01:16:45.269000,0 days 02:13:42.364000
2024-06-23 14:19:59.882,9520,187,6,0,True,0,car,0 days 01:16:45.469000,0 days 02:13:42.564000
2024-06-23 14:20:00.163,9697,168,5,0,True,0,car,0 days 01:16:45.750000,0 days 02:13:42.845000
2024-06-23 14:20:00.403,9899,161,4,0,True,0,car,0 days 01:16:45.990000,0 days 02:13:43.085000
2024-06-23 14:20:00.803,9260,152,4,0,True,0,car,0 days 01:16:46.390000,0 days 02:13:43.485000
2024-06-23 14:20:01.123,9029,145,4,0,False,0,car,0 days 01:16:46.710000,0 days 02:13:43.805000
2024-06-23 14:20:01.403,8780,143,4,24,False,0,car,0 days 01:16:46.990000,0 days 02:13:44.085000
2024-06-23 14:20:01.603,9286,143,4,56,False,0,car,0 days 01:16:47.190000,0 days 02:13:44.285000
2024-06-23 14:20:01.803,9287,144,4,58,False,0,car,0 days 01:16:47.390000,0 days 02:13:44.485000
2024-06-23 14:20:02.203,9717,151,4,68,False,0,car,0 days 01:16:47.790000,0 days 02:13:44.885000
2024-06-23 14:20:02.363,9985,156,4,74,False,0,car,0 days 01:16:47.950000,0 days 02:13:45.045000
2024-06-23 14:20:02.523,10040,159,4,73,False,0,car,0 days 01:16:48.110000,0 days 02:13:45.205000
2024-06-23 14:20:02.803,8894,167,5,60,False,0,car,0 days 01:16:48.390000,0 days 02:13:45.485000
2024-06-23 14:20:03.043,8978,168,5,55,False,0,car,0 days 01:16:48.630000,0 days 02:13:45.725000
2024-06-23 14:20:03.323,9213,169,5,56,False,0,car,0 days 01:16:48.910000,0 days 02:13:46.005000
2024-06-23 14:20:03.683,9343,173,5,65,False,0,car,0 days 01:16:49.270000,0 days 02:13:46.365000
2024-06-23 14:20:03.883,9575,175,5,73,False,0,car,0 days 01:16:49.470000,0 days 02:13:46.565000
2024-06-23 14:20:04.123,9814,178,5,76,False,0,car,0 days 01:16:49.710000,0 days 02:13:46.805000
2024-06-23 14:20:04.563,10464,192,5,100,False,0,car,0 days 01:16:50.150000,0 days 02:13:47.245000
2024-06-23 14:20:04.963,10834,204,5,100,False,0,car,0 days 01:16:50.550000,0 days 02:13:47.645000
2024-06-23 14:20:05.323,11122,214,5,100,False,0,car,0 days 01:16:50.910000,0 days 02:13:48.005000
2024-06-23 14:20:05.762,10177,220,6,75,False,0,car,0 days 01:16:51.349000,0 days 02:13:48.444000
2024-06-23 14:20:06.122,10197,221,6,68,False,0,car,0 days 01:16:51.709000,0 days 02:13:48.804000
2024-06-23 14:20:06.322,9917,221,6,0,False,0,car,0 days 01:16:51.909000,0 days 02:13:49.004000
2024-06-23 14:20:06.522,9914,215,6,34,False,0,car,0 days 01:16:52.109000,0 days 02:13:49.204000
2024-06-23 14:20:06.723,9935,213,6,65,False,0,car,0 days 01:16:52.310000,0 days 02:13:49.405000
2024-06-23 14:20:07.083,9984,214,6,79,False,0,car,0 days 01:16:52.670000,0 days 02:13:49.765000
2024-06-23 14:20:07.363,10261,218,6,87,False,0,car,0 days 01:16:52.950000,0 days 02:13:50.045000
2024-06-23 14:20:07.723,10449,222,6,85,False,0,car,0 days 01:16:53.310000,0 days 02:13:50.405000
2024-06-23 14:20:08.003,10612,226,6,97,False,0,car,0 days 01:16:53.590000,0 days 02:13:50.685000
2024-06-23 14:20:08.323,10760,230,6,86,False,0,car,0 days 01:16:53.910000,0 days 02:13:51.005000
2024-06-23 14:20:08.483,10903,235,6,100,False,0,car,0 days 01:16:54.070000,0 days 02:13:51.165000
2024-06-23 14:20:08.723,11019,237,6,100,False,0,car,0 days 01:16:54.310000,0 days 02:13:51.405000
2024-06-23 14:20:08.923,11251,240,6,100,False,0,car,0 days 01:16:54.510000,0 days 02:13:51.605000
2024-06-23 14:20:09.083,11294,244,6,100,False,0,car,0 days 01:16:54.670000,0 days 02:13:51.765000
2024-06-23 14:20:09.243,11363,245,6,100,False,0,car,0 days 01:16:54.830000,0 days 02:13:51.925000
2024-06-23 14:20:09.563,11575,252,6,100,False,0,car,0 days 01:16:55.150000,0 days 02:13:52.245000
2024-06-23 14:20:09.923,11796,255,6,100,False,0,car,0 days 01:16:55.510000,0 days 02:13:52.605000
2024-06-23 14:20:10.243,10816,260,6,100,False,0,car,0 days 01:16:55.830000,0 days 02:13:52.925000
2024-06-23 14:20:10.403,10587,261,7,100,False,0,car,0 days 01:16:55.990000,0 days 02:13:53.085000
2024-06-23 14:20:10.763,10700,266,7,100,False,0,car,0 days 01:16:56.350000,0 days 02:13:53.445000
2024-06-23 14:20:10.963,10795,268,7,100,False,0,car,0 days 01:16:56.550000,0 days 02:13:53.645000
2024-06-23 14:20:11.163,10890,271,7,100,False,0,car,0 days 01:16:56.750000,0 days 02:13:53.845000
2024-06-23 14:20:11.323,11014,272,7,100,False,0,car,0 days 01:16:56.910000,0 days 02:13:54.005000
2024-06-23 14:20:11.523,11072,273,7,100,False,0,car,0 days 01:16:57.110000,0 days 02:13:54.205000
2024-06-23 14:20:11.803,11153,277,7,100,False,0,car,0 days 01:16:57.390000,0 days 02:13:54.485000
2024-06-23 14:20:12.003,11231,280,7,100,False,0,car,0 days 01:16:57.590000,0 days 02:13:54.685000
2024-06-23 14:20:12.203,11273,280,7,100,False,0,car,0 days 01:16:57.790000,0 days 02:13:54.885000
2024-06-23 14:20:12.442,11326,282,7,100,False,0,car,0 days 01:16:58.029000,0 days 02:13:55.124000
2024-06-23 14:20:12.802,11347,283,7,100,False,0,car,0 days 01:16:58.389000,0 days 02:13:55.484000
2024-06-23 14:20:12.962,11331,283,7,100,False,0,car,0 days 01:16:58.549000,0 days 02:13:55.644000
2024-06-23 14:20:13.203,11195,283,7,65,True,0,car,0 days 01:16:58.790000,0 days 02:13:55.885000
2024-06-23 14:20:13.363,10915,279,7,0,True,0,car,0 days 01:16:58.950000,0 days 02:13:56.045000
2024-06-23 14:20:13.603,9762,249,7,0,True,0,car,0 days 01:16:59.190000,0 days 02:13:56.285000
2024-06-23 14:20:13.923,9593,215,7,0,True,0,car,0 days 01:16:59.510000,0 days 02:13:56.605000
2024-06-23 14:20:14.323,9320,190,6,0,True,0,car,0 days 01:16:59.910000,0 days 02:13:57.005000
2024-06-23 14:20:14.643,8751,166,5,0,True,0,car,0 days 01:17:00.230000,0 days 02:13:57.325000
2024-06-23 14:20:14.883,8407,160,5,0,True,0,car,0 days 01:17:00.470000,0 days 02:13:57.565000
2024-06-23 14:20:15.043,9387,157,4,0,False,0,car,0 days 01:17:00.630000,0 days 02:13:57.725000
2024-06-23 14:20:15.203,9508,152,4,0,False,0,car,0 days 01:17:00.790000,0 days 02:13:57.885000
2024-06-23 14:20:15.563,9117,146,4,0,False,0,car,0 days 01:17:01.150000,0 days 02:13:58.245000
2024-06-23 14:20:15.923,8758,141,4,0,False,0,car,0 days 01:17:01.510000,0 days 02:13:58.605000
2024-06-23 14:20:16.123,8707,139,4,9,False,0,car,0 days 01:17:01.710000,0 days 02:13:58.805000
2024-06-23 14:20:16.283,8782,137,4,37,False,0,car,0 days 01:17:01.870000,0 days 02:13:58.965000
2024-06-23 14:20:16.483,8884,136,4,51,False,0,car,0 days 01:17:02.070000,0 days 02:13:59.165000
2024-06-23 14:20:16.763,8983,140,4,51,False,0,car,0 days 01:17:02.350000,0 days 02:13:59.445000
2024-06-23 14:20:17.003,9149,140,4,56,False,0,car,0 days 01:17:02.590000,0 days 02:13:59.685000
2024-06-23 14:20:17.403,9509,148,4,63,False,0,car,0 days 01:17:02.990000,0 days 02:14:00.085000
2024-06-23 14:20:17.563,9756,152,4,68,False,0,car,0 days 01:17:03.150000,0 days 02:14:00.245000
2024-06-23 14:20:17.843,10134,157,4,69,False,0,car,0 days 01:17:03.430000,0 days 02:14:00.525000
2024-06-23 14:20:18.123,10373,162,4,75,False,0,car,0 days 01:17:03.710000,0 days 02:14:00.805000
2024-06-23 14:20:18.283,9253,168,4,74,False,0,car,0 days 01:17:03.870000,0 days 02:14:00.965000
2024-06-23 14:20:18.643,9828,176,5,89,False,0,car,0 days 01:17:04.230000,0 days 02:14:01.325000
2024-06-23 14:20:18.803,9836,181,5,92,False,0,car,0 days 01:17:04.390000,0 days 02:14:01.485000
2024-06-23 14:20:19.003,10244,185,5,100,False,0,car,0 days 01:17:04.590000,0 days 02:14:01.685000
2024-06-23 14:20:19.202,10536,195,5,100,False,0,car,0 days 01:17:04.789000,0 days 02:14:01.884000
2024-06-23 14:20:19.482,11008,205,5,100,False,0,car,0 days 01:17:05.069000,0 days 02:14:02.164000
2024-06-23 14:20:19.923,11664,215,5,100,False,0,car,0 days 01:17:05.510000,0 days 02:14:02.605000
2024-06-23 14:20:20.123,11878,221,5,100,False,0,car,0 days 01:17:05.710000,0 days 02:14:02.805000
2024-06-23 14:20:20.403,11316,224,5,100,False,0,car,0 days 01:17:05.990000,0 days 02:14:03.085000
2024-06-23 14:20:20.683,10686,234,5,100,False,0,car,0 days 01:17:06.270000,0 days 02:14:03.365000
2024-06-23 14:20:20.883,10928,237,6,100,False,0,car,0 days 01:17:06.470000,0 days 02:14:03.565000
2024-06-23 14:20:21.043,11020,241,6,100,False,0,car,0 days 01:17:06.630000,0 days 02:14:03.725000
2024-06-23 14:20:21.243,11008,242,6,100,False,0,car,0 days 01:17:06.830000,0 days 02:14:03.925000
2024-06-23 14:20:21.403,11046,242,6,100,True,0,car,0 days 01:17:06.990000,0 days 02:14:04.085000
2024-06-23 14:20:21.723,9953,225,6,0,True,0,car,0 days 01:17:07.310000,0 days 02:14:04.405000
2024-06-23 14:20:22.083,9533,185,6,0,True,0,car,0 days 01:17:07.670000,0 days 02:14:04.765000
2024-06-23 14:20:22.363,9474,164,5,0,True,0,car,0 days 01:17:07.950000,0 days 02:14:05.045000
2024-06-23 14:20:22.563,9586,146,4,0,True,0,car,0 days 01:17:08.150000,0 days 02:14:05.245000
2024-06-23 14:20:23.003,9217,136,3,0,True,0,car,0 days 01:17:08.590000,0 days 02:14:05.685000
2024-06-23 14:20:23.163,8948,122,3,0,True,0,car,0 days 01:17:08.750000,0 days 02:14:05.845000
2024-06-23 14:20:23.483,8250,113,3,0,True,0,car,0 days 01:17:09.070000,0 days 02:14:06.165000
2024-06-23 14:20:23.683,7938,108,3,0,True,0,car,0 days 01:17:09.270000,0 days 02:14:06.365000
2024-06-23 14:20:24.043,7293,99,3,0,True,0,car,0 days 01:17:09.630000,0 days 02:14:06.725000
2024-06-23 14:20:24.323,7035,95,3,0,False,0,car,0 days 01:17:09.910000,0 days 02:14:07.005000
2024-06-23 14:20:24.523,7103,94,3,3,False,0,car,0 days 01:17:10.110000,0 days 02:14:07.205000
2024-06-23 14:20:24.803,7200,95,3,23,False,0,car,0 days 01:17:10.390000,0 days 02:14:07.485000
2024-06-23 14:20:25.003,7316,97,3,32,False,0,car,0 days 01:17:10.590000,0 days 02:14:07.685000
2024-06-23 14:20:25.163,7418,98,3,36,False,0,car,0 days 01:17:10.750000,0 days 02:14:07.845000
2024-06-23 14:20:25.403,7715,101,3,42,False,0,car,0 days 01:17:10.990000,0 days 02:14:08.085000
2024-06-23 14:20:25.683,8201,107,3,49,False,0,car,0 days 01:17:11.270000,0 days 02:14:08.365000
2024-06-23 14:20:26.082,9144,117,3,60,False,0,car,0 days 01:17:11.669000,0 days 02:14:08.764000
2024-06-23 14:20:26.323,9773,122,3,70,False,0,car,0 days 01:17:11.910000,0 days 02:14:09.005000
2024-06-23 14:20:26.563,10552,135,3,85,False,0,car,0 days 01:17:12.150000,0 days 02:14:09.245000
2024-06-23 14:20:26.843,10272,150,3,86,False,0,car,0 days 01:17:12.430000,0 days 02:14:09.525000
2024-06-23 14:20:27.003,10091,154,4,100,False,0,car,0 days 01:17:12.590000,0 days 02:14:09.685000
2024-06-23 14:20:27.163,10846,165,4,100,False,0,car,0 days 01:17:12.750000,0 days 02:14:09.845000
2024-06-23 14:20:27.483,11177,177,4,100,False,0,car,0 days 01:17:13.070000,0 days 02:14:10.165000
2024-06-23 14:20:27.643,11464,186,4,100,False,0,car,0 days 01:17:13.230000,0 days 02:14:10.325000
2024-06-23 14:20:27.883,9963,193,5,100,False,0,car,0 days 01:17:13.470000,0 days 02:14:10.565000
2024-06-23 14:20:28.083,10743,201,5,100,False,0,car,0 days 01:17:13.670000,0 days 02:14:10.765000
2024-06-23 14:20:28.363,11251,210,5,100,False,0,car,0 days 01:17:13.950000,0 days 02:14:11.045000
2024-06-23 14:20:28.643,11676,218,5,100,False,0,car,0 days 01:17:14.230000,0 days 02:14:11.325000
2024-06-23 14:20:28.883,11239,224,5,100,False,0,car,0 days 01:17:14.470000,0 days 02:14:11.565000
2024-06-23 14:20:29.043,10801,228,5,100,False,0,car,0 days 01:17:14.630000,0 days 02:14:11.725000
2024-06-23 14:20:29.323,10831,233,6,100,False,0,car,0 days 01:17:14.910000,0 days 02:14:12.005000
2024-06-23 14:20:29.603,11021,238,6,100,False,0,car,0 days 01:17:15.190000,0 days 02:14:12.285000
2024-06-23 14:20:29.883,11265,246,6,100,False,0,car,0 days 01:17:15.470000,0 days 02:14:12.565000
2024-06-23 14:20:30.163,11449,250,6,100,False,0,car,0 days 01:17:15.750000,0 days 02:14:12.845000
2024-06-23 14:20:30.563,11573,253,6,100,False,0,car,0 days 01:17:16.150000,0 days 02:14:13.245000
2024-06-23 14:20:30.803,10861,254,6,2,True,0,car,0 days 01:17:16.390000,0 days 02:14:13.485000
2024-06-23 14:20:31.043,10581,229,6,0,True,0,car,0 days 01:17:16.630000,0 days 02:14:13.725000
2024-06-23 14:20:31.243,9451,219,6,0,True,0,car,0 days 01:17:16.830000,0 days 02:14:13.925000
2024-06-23 14:20:31.643,9165,175,6,0,True,0,car,0 days 01:17:17.230000,0 days 02:14:14.325000
2024-06-23 14:20:31.923,9762,163,5,0,True,0,car,0 days 01:17:17.510000,0 days 02:14:14.605000
2024-06-23 14:20:32.283,9237,149,4,0,True,0,car,0 days 01:17:17.870000,0 days 02:14:14.965000
2024-06-23 14:20:32.483,8961,145,4,0,True,0,car,0 days 01:17:18.070000,0 days 02:14:15.165000
2024-06-23 14:20:32.722,8721,141,4,0,False,0,car,0 days 01:17:18.309000,0 days 02:14:15.404000
2024-06-23 14:20:32.882,8637,139,4,0,False,0,car,0 days 01:17:18.469000,0 days 02:14:15.564000
2024-06-23 14:20:33.123,8629,136,4,3,False,0,car,0 days 01:17:18.710000,0 days 02:14:15.805000
2024-06-23 14:20:33.403,8499,133,4,35,False,0,car,0 days 01:17:18.990000,0 days 02:14:16.085000
2024-06-23 14:20:33.763,8697,136,4,54,False,0,car,0 days 01:17:19.350000,0 days 02:14:16.445000
2024-06-23 14:20:33.963,9118,140,4,70,False,0,car,0 days 01:17:19.550000,0 days 02:14:16.645000
2024-06-23 14:20:34.243,9559,147,4,85,False,0,car,0 days 01:17:19.830000,0 days 02:14:16.925000
2024-06-23 14:20:34.403,9674,152,4,85,False,0,car,0 days 01:17:19.990000,0 days 02:14:17.085000
2024-06-23 14:20:34.643,10605,167,4,100,False,0,car,0 days 01:17:20.230000,0 days 02:14:17.325000
2024-06-23 14:20:34.963,11637,178,4,100,False,0,car,0 days 01:17:20.550000,0 days 02:14:17.645000
2024-06-23 14:20:35.123,10797,182,4,100,False,0,car,0 days 01:17:20.710000,0 days 02:14:17.805000
2024-06-23 14:20:35.283,9994,188,5,100,False,0,car,0 days 01:17:20.870000,0 days 02:14:17.965000
2024-06-23 14:20:35.563,10753,197,5,100,False,0,car,0 days 01:17:21.150000,0 days 02:14:18.245000
2024-06-23 14:20:35.763,10978,204,5,100,False,0,car,0 days 01:17:21.350000,0 days 02:14:18.445000
2024-06-23 14:20:36.003,11252,209,5,100,False,0,car,0 days 01:17:21.590000,0 days 02:14:18.685000
2024-06-23 14:20:36.363,11750,220,5,100,False,0,car,0 days 01:17:21.950000,0 days 02:14:19.045000
2024-06-23 14:20:36.643,11714,224,5,100,False,0,car,0 days 01:17:22.230000,0 days 02:14:19.325000
2024-06-23 14:20:36.923,10805,232,6,100,False,0,car,0 days 01:17:22.510000,0 days 02:14:19.605000
2024-06-23 14:20:37.203,10954,238,6,100,False,0,car,0 days 01:17:22.790000,0 days 02:14:19.885000
2024-06-23 14:20:37.443,11093,241,6,100,False,0,car,0 days 01:17:23.030000,0 days 02:14:20.125000
2024-06-23 14:20:37.643,11090,244,6,100,False,0,car,0 days 01:17:23.230000,0 days 02:14:20.325000
2024-06-23 14:20:37.883,10622,242,6,0,False,0,car,0 days 01:17:23.470000,0 days 02:14:20.565000
2024-06-23 14:20:38.283,10518,232,6,0,False,0,car,0 days 01:17:23.870000,0 days 02:14:20.965000
2024-06-23 14:20:38.603,10148,224,6,3,False,0,car,0 days 01:17:24.190000,0 days 02:14:21.285000
2024-06-23 14:20:38.883,10116,219,6,48,False,0,car,0 days 01:17:24.470000,0 days 02:14:21.565000
2024-06-23 14:20:39.043,9966,217,6,48,False,0,car,0 days 01:17:24.630000,0 days 02:14:21.725000
2024-06-23 14:20:39.203,9976,216,6,58,False,0,car,0 days 01:17:24.790000,0 days 02:14:21.885000
2024-06-23 14:20:39.442,9902,216,6,59,False,0,car,0 days 01:17:25.029000,0 days 02:14:22.124000
2024-06-23 14:20:39.763,9974,215,6,69,False,0,car,0 days 01:17:25.350000,0 days 02:14:22.445000
2024-06-23 14:20:39.963,10019,216,6,72,False,0,car,0 days 01:17:25.550000,0 days 02:14:22.645000
2024-06-23 14:20:40.203,10049,218,6,72,False,0,car,0 days 01:17:25.790000,0 days 02:14:22.885000
2024-06-23 14:20:40.523,10172,219,6,77,False,0,car,0 days 01:17:26.110000,0 days 02:14:23.205000
2024-06-23 14:20:41.283,10501,230,6,69,False,0,car,0 days 01:17:26.870000,0 days 02:14:23.965000
2024-06-23 14:20:41.523,10608,230,6,67,False,0,car,0 days 01:17:27.110000,0 days 02:14:24.205000
2024-06-23 14:20:41.803,10655,233,6,65,False,0,car,0 days 01:17:27.390000,0 days 02:14:24.485000
2024-06-23 14:20:42.003,10716,234,6,79,False,0,car,0 days 01:17:27.590000,0 days 02:14:24.685000
2024-06-23 14:20:42.163,10811,237,6,84,False,0,car,0 days 01:17:27.750000,0 days 02:14:24.845000
2024-06-23 14:20:42.363,10963,240,6,83,False,0,car,0 days 01:17:27.950000,0 days 02:14:25.045000
2024-06-23 14:20:42.763,11237,245,6,84,False,0,car,0 days 01:17:28.350000,0 days 02:14:25.445000
2024-06-23 14:20:43.043,11369,248,6,83,False,0,car,0 days 01:17:28.630000,0 days 02:14:25.725000
2024-06-23 14:20:43.203,11400,250,6,83,False,0,car,0 days 01:17:28.790000,0 days 02:14:25.885000
2024-06-23 14:20:43.683,11603,254,6,79,False,0,car,0 days 01:17:29.270000,0 days 02:14:26.365000
2024-06-23 14:20:44.163,11069,251,6,26,False,0,car,0 days 01:17:29.750000,0 days 02:14:26.845000
2024-06-23 14:20:44.523,10971,243,6,27,False,0,car,0 days 01:17:30.110000,0 days 02:14:27.205000
2024-06-23 14:20:44.723,10994,238,6,41,False,0,car,0 days 01:17:30.310000,0 days 02:14:27.405000
2024-06-23 14:20:44.883,10805,237,6,51,False,0,car,0 days 01:17:30.470000,0 days 02:14:27.565000
2024-06-23 14:20:45.043,10734,236,6,52,False,0,car,0 days 01:17:30.630000,0 days 02:14:27.725000
2024-06-23 14:20:45.363,10652,235,6,52,False,0,car,0 days 01:17:30.950000,0 days 02:14:28.045000
2024-06-23 14:20:45.603,10671,235,6,49,False,0,car,0 days 01:17:31.190000,0 days 02:14:28.285000
2024-06-23 14:20:45.963,10606,231,6,56,False,0,car,0 days 01:17:31.550000,0 days 02:14:28.645000
2024-06-23 14:20:46.243,10375,231,6,57,False,0,car,0 days 01:17:31.830000,0 days 02:14:28.925000
2024-06-23 14:20:46.403,10087,229,6,0,True,0,car,0 days 01:17:31.990000,0 days 02:14:29.085000
2024-06-23 14:20:46.803,9143,223,6,0,True,0,car,0 days 01:17:32.390000,0 days 02:14:29.485000
2024-06-23 14:20:47.003,9143,183,6,0,True,0,car,0 days 01:17:32.590000,0 days 02:14:29.685000
2024-06-23 14:20:47.203,8621,183,5,0,True,0,car,0 days 01:17:32.790000,0 days 02:14:29.885000
2024-06-23 14:20:47.443,9362,157,5,0,True,0,car,0 days 01:17:33.030000,0 days 02:14:30.125000
2024-06-23 14:20:47.643,8899,149,4,0,True,0,car,0 days 01:17:33.230000,0 days 02:14:30.325000
2024-06-23 14:20:47.883,10212,139,3,0,True,0,car,0 days 01:17:33.470000,0 days 02:14:30.565000
2024-06-23 14:20:48.203,9597,131,3,0,True,0,car,0 days 01:17:33.790000,0 days 02:14:30.885000
2024-06-23 14:20:48.483,9101,125,3,0,True,0,car,0 days 01:17:34.070000,0 days 02:14:31.165000
2024-06-23 14:20:48.843,8586,116,3,0,True,0,car,0 days 01:17:34.430000,0 days 02:14:31.525000
2024-06-23 14:20:49.083,8167,113,3,0,True,0,car,0 days 01:17:34.670000,0 days 02:14:31.765000
2024-06-23 14:20:49.523,7611,105,3,0,True,0,car,0 days 01:17:35.110000,0 days 02:14:32.205000
2024-06-23 14:20:49.683,7564,104,3,0,True,0,car,0 days 01:17:35.270000,0 days 02:14:32.365000
2024-06-23 14:20:49.963,7330,99,3,0,False,0,car,0 days 01:17:35.550000,0 days 02:14:32.645000
2024-06-23 14:20:50.123,7671,98,3,12,False,0,car,0 days 01:17:35.710000,0 days 02:14:32.805000
2024-06-23 14:20:50.363,7625,99,3,32,False,0,car,0 days 01:17:35.950000,0 days 02:14:33.045000
2024-06-23 14:20:50.563,7641,100,3,34,False,0,car,0 days 01:17:36.150000,0 days 02:14:33.245000
2024-06-23 14:20:50.803,7936,103,3,36,False,0,car,0 days 01:17:36.390000,0 days 02:14:33.485000
2024-06-23 14:20:51.163,8289,109,3,45,False,0,car,0 days 01:17:36.750000,0 days 02:14:33.845000
2024-06-23 14:20:51.403,8514,112,3,48,False,0,car,0 days 01:17:36.990000,0 days 02:14:34.085000
2024-06-23 14:20:51.563,8821,115,3,54,False,0,car,0 days 01:17:37.150000,0 days 02:14:34.245000
2024-06-23 14:20:51.723,9186,117,3,56,False,0,car,0 days 01:17:37.310000,0 days 02:14:34.405000
2024-06-23 14:20:52.043,9653,124,3,59,False,0,car,0 days 01:17:37.630000,0 days 02:14:34.725000
2024-06-23 14:20:52.403,10413,136,3,73,False,0,car,0 days 01:17:37.990000,0 days 02:14:35.085000
2024-06-23 14:20:52.563,11008,140,3,78,False,0,car,0 days 01:17:38.150000,0 days 02:14:35.245000
2024-06-23 14:20:52.723,11192,146,3,78,False,0,car,0 days 01:17:38.310000,0 days 02:14:35.405000
2024-06-23 14:20:52.923,10072,153,3,80,False,0,car,0 days 01:17:38.510000,0 days 02:14:35.605000
2024-06-23 14:20:53.243,10832,167,4,93,False,0,car,0 days 01:17:38.830000,0 days 02:14:35.925000
2024-06-23 14:20:53.563,11431,179,4,100,False,0,car,0 days 01:17:39.150000,0 days 02:14:36.245000
2024-06-23 14:20:53.763,11902,186,4,100,False,0,car,0 days 01:17:39.350000,0 days 02:14:36.445000
2024-06-23 14:20:54.003,11202,193,4,100,False,0,car,0 days 01:17:39.590000,0 days 02:14:36.685000
2024-06-23 14:20:54.363,10621,199,5,0,False,0,car,0 days 01:17:39.950000,0 days 02:14:37.045000
2024-06-23 14:20:54.563,9771,189,5,0,True,0,car,0 days 01:17:40.150000,0 days 02:14:37.245000
2024-06-23 14:20:54.723,9369,183,5,0,True,0,car,0 days 01:17:40.310000,0 days 02:14:37.405000
2024-06-23 14:20:55.083,9888,161,4,0,True,0,car,0 days 01:17:40.670000,0 days 02:14:37.765000
2024-06-23 14:20:55.283,9285,152,4,0,True,0,car,0 days 01:17:40.870000,0 days 02:14:37.965000
2024-06-23 14:20:55.523,8786,145,4,0,True,0,car,0 days 01:17:41.110000,0 days 02:14:38.205000
2024-06-23 14:20:55.883,8326,135,4,0,True,0,car,0 days 01:17:41.470000,0 days 02:14:38.565000
2024-06-23 14:20:56.123,7966,130,4,0,False,0,car,0 days 01:17:41.710000,0 days 02:14:38.805000
2024-06-23 14:20:56.443,7807,125,4,0,False,0,car,0 days 01:17:42.030000,0 days 02:14:39.125000
2024-06-23 14:20:56.643,7620,122,4,0,False,0,car,0 days 01:17:42.230000,0 days 02:14:39.325000
2024-06-23 14:20:56.843,7248,119,4,0,True,0,car,0 days 01:17:42.430000,0 days 02:14:39.525000
2024-06-23 14:20:57.243,6914,112,4,0,False,0,car,0 days 01:17:42.830000,0 days 02:14:39.925000
2024-06-23 14:20:57.523,7293,111,4,38,False,0,car,0 days 01:17:43.110000,0 days 02:14:40.205000
2024-06-23 14:20:57.683,7215,113,4,41,False,0,car,0 days 01:17:43.270000,0 days 02:14:40.365000
2024-06-23 14:20:57.843,7456,114,4,43,False,0,car,0 days 01:17:43.430000,0 days 02:14:40.525000
2024-06-23 14:20:58.083,7682,118,4,47,False,0,car,0 days 01:17:43.670000,0 days 02:14:40.765000
2024-06-23 14:20:58.283,7980,119,4,54,False,0,car,0 days 01:17:43.870000,0 days 02:14:40.965000
2024-06-23 14:20:58.483,8226,126,4,58,False,0,car,0 days 01:17:44.070000,0 days 02:14:41.165000
2024-06-23 14:20:58.643,8573,128,4,59,False,0,car,0 days 01:17:44.230000,0 days 02:14:41.325000
2024-06-23 14:20:58.843,9005,136,4,69,False,0,car,0 days 01:17:44.430000,0 days 02:14:41.525000
2024-06-23 14:20:59.083,9177,141,4,73,False,0,car,0 days 01:17:44.670000,0 days 02:14:41.765000
2024-06-23 14:20:59.324,9605,148,4,77,False,0,car,0 days 01:17:44.911000,0 days 02:14:42.006000
2024-06-23 14:20:59.803,10838,163,4,87,False,0,car,0 days 01:17:45.390000,0 days 02:14:42.485000
2024-06-23 14:21:00.083,11487,174,4,100,False,0,car,0 days 01:17:45.670000,0 days 02:14:42.765000
2024-06-23 14:21:00.323,10524,183,4,100,False,0,car,0 days 01:17:45.910000,0 days 02:14:43.005000
2024-06-23 14:21:00.483,10211,191,5,100,False,0,car,0 days 01:17:46.070000,0 days 02:14:43.165000
2024-06-23 14:21:00.683,10548,198,5,100,False,0,car,0 days 01:17:46.270000,0 days 02:14:43.365000
2024-06-23 14:21:00.883,10963,205,5,100,False,0,car,0 days 01:17:46.470000,0 days 02:14:43.565000
2024-06-23 14:21:01.123,11469,212,5,100,False,0,car,0 days 01:17:46.710000,0 days 02:14:43.805000
2024-06-23 14:21:01.403,10588,221,5,100,False,0,car,0 days 01:17:46.990000,0 days 02:14:44.085000
2024-06-23 14:21:01.723,10639,227,6,93,False,0,car,0 days 01:17:47.310000,0 days 02:14:44.405000
2024-06-23 14:21:01.963,10712,232,6,87,False,0,car,0 days 01:17:47.550000,0 days 02:14:44.645000
2024-06-23 14:21:02.283,10940,238,6,89,False,0,car,0 days 01:17:47.870000,0 days 02:14:44.965000
2024-06-23 14:21:02.443,10874,238,6,61,False,0,car,0 days 01:17:48.030000,0 days 02:14:45.125000
2024-06-23 14:21:02.603,11039,238,6,67,False,0,car,0 days 01:17:48.190000,0 days 02:14:45.285000
2024-06-23 14:21:02.803,10725,237,6,62,False,0,car,0 days 01:17:48.390000,0 days 02:14:45.485000
2024-06-23 14:21:03.003,10807,237,6,80,False,0,car,0 days 01:17:48.590000,0 days 02:14:45.685000
2024-06-23 14:21:03.243,11234,241,6,100,False,0,car,0 days 01:17:48.830000,0 days 02:14:45.925000
2024-06-23 14:21:03.523,11376,246,6,100,False,0,car,0 days 01:17:49.110000,0 days 02:14:46.205000
2024-06-23 14:21:03.683,11376,247,6,100,False,0,car,0 days 01:17:49.270000,0 days 02:14:46.365000
2024-06-23 14:21:03.883,11483,250,6,100,False,0,car,0 days 01:17:49.470000,0 days 02:14:46.565000
2024-06-23 14:21:04.323,11813,256,6,100,False,0,car,0 days 01:17:49.910000,0 days 02:14:47.005000
2024-06-23 14:21:04.723,10475,262,7,100,False,0,car,0 days 01:17:50.310000,0 days 02:14:47.405000
2024-06-23 14:21:05.163,10960,262,7,0,True,0,car,0 days 01:17:50.750000,0 days 02:14:47.845000
2024-06-23 14:21:05.443,9851,248,7,0,True,0,car,0 days 01:17:51.030000,0 days 02:14:48.125000
2024-06-23 14:21:05.683,10853,240,7,0,True,0,car,0 days 01:17:51.270000,0 days 02:14:48.365000
2024-06-23 14:21:06.004,10607,230,6,46,False,0,car,0 days 01:17:51.591000,0 days 02:14:48.686000
2024-06-23 14:21:06.403,10668,229,6,70,False,0,car,0 days 01:17:51.990000,0 days 02:14:49.085000
2024-06-23 14:21:06.723,10601,230,6,74,False,0,car,0 days 01:17:52.310000,0 days 02:14:49.405000
2024-06-23 14:21:06.963,10669,230,6,84,False,0,car,0 days 01:17:52.550000,0 days 02:14:49.645000
2024-06-23 14:21:07.243,10886,235,6,84,False,0,car,0 days 01:17:52.830000,0 days 02:14:49.925000
2024-06-23 14:21:07.563,11047,240,6,100,False,0,car,0 days 01:17:53.150000,0 days 02:14:50.245000
2024-06-23 14:21:07.723,11152,241,6,100,False,0,car,0 days 01:17:53.310000,0 days 02:14:50.405000
2024-06-23 14:21:07.923,11323,244,6,100,False,0,car,0 days 01:17:53.510000,0 days 02:14:50.605000
2024-06-23 14:21:08.283,11401,249,6,100,False,0,car,0 days 01:17:53.870000,0 days 02:14:50.965000
2024-06-23 14:21:08.523,11618,252,6,100,False,8,car,0 days 01:17:54.110000,0 days 02:14:51.205000
2024-06-23 14:21:08.883,10642,258,6,100,False,8,car,0 days 01:17:54.470000,0 days 02:14:51.565000
2024-06-23 14:21:09.243,10577,263,7,100,False,8,car,0 days 01:17:54.830000,0 days 02:14:51.925000
2024-06-23 14:21:09.603,10715,268,7,100,False,8,car,0 days 01:17:55.190000,0 days 02:14:52.285000
2024-06-23 14:21:09.843,10855,271,7,100,False,8,car,0 days 01:17:55.430000,0 days 02:14:52.525000
2024-06-23 14:21:10.323,11119,275,7,100,False,14,car,0 days 01:17:55.910000,0 days 02:14:53.005000
2024-06-23 14:21:10.483,11172,277,7,100,False,14,car,0 days 01:17:56.070000,0 days 02:14:53.165000
2024-06-23 14:21:10.643,11282,280,7,100,False,12,car,0 days 01:17:56.230000,0 days 02:14:53.325000
2024-06-23 14:21:10.883,11389,284,7,100,False,12,car,0 days 01:17:56.470000,0 days 02:14:53.565000
2024-06-23 14:21:11.163,11540,287,7,100,False,12,car,0 days 01:17:56.750000,0 days 02:14:53.845000
2024-06-23 14:21:11.523,11762,293,7,100,False,12,car,0 days 01:17:57.110000,0 days 02:14:54.205000
2024-06-23 14:21:11.923,10659,295,7,100,False,12,car,0 days 01:17:57.510000,0 days 02:14:54.605000
2024-06-23 14:21:12.083,10665,299,8,100,False,12,car,0 days 01:17:57.670000,0 days 02:14:54.765000
2024-06-23 14:21:12.444,10781,303,8,100,False,12,car,0 days 01:17:58.031000,0 days 02:14:55.126000
2024-06-23 14:21:12.764,10890,305,8,100,False,12,car,0 days 01:17:58.351000,0 days 02:14:55.446000
2024-06-23 14:21:12.963,10971,308,8,100,False,12,car,0 days 01:17:58.550000,0 days 02:14:55.645000
2024-06-23 14:21:13.123,10995,309,8,100,False,12,car,0 days 01:17:58.710000,0 days 02:14:55.805000
2024-06-23 14:21:13.363,11083,311,8,100,False,12,car,0 days 01:17:58.950000,0 days 02:14:56.045000
2024-06-23 14:21:13.523,11126,312,8,100,False,12,car,0 days 01:17:59.110000,0 days 02:14:56.205000
2024-06-23 14:21:13.763,11169,314,8,100,False,12,car,0 days 01:17:59.350000,0 days 02:14:56.445000
2024-06-23 14:21:14.243,11302,317,8,100,False,12,car,0 days 01:17:59.830000,0 days 02:14:56.925000
2024-06-23 14:21:14.403,11314,318,8,100,False,12,car,0 days 01:17:59.990000,0 days 02:14:57.085000
2024-06-23 14:21:14.603,11344,319,8,100,False,12,car,0 days 01:18:00.190000,0 days 02:14:57.285000
2024-06-23 14:21:15.043,11421,321,8,100,False,12,car,0 days 01:18:00.630000,0 days 02:14:57.725000
2024-06-23 14:21:15.363,11491,321,8,100,False,12,car,0 days 01:18:00.950000,0 days 02:14:58.045000
2024-06-23 14:21:15.643,11505,322,8,100,False,12,car,0 days 01:18:01.230000,0 days 02:14:58.325000
2024-06-23 14:21:16.043,11555,325,8,100,False,12,car,0 days 01:18:01.630000,0 days 02:14:58.725000
2024-06-23 14:21:16.483,11586,326,8,100,False,12,car,0 days 01:18:02.070000,0 days 02:14:59.165000
2024-06-23 14:21:16.883,11621,327,8,100,False,12,car,0 days 01:18:02.470000,0 days 02:14:59.565000
2024-06-23 14:21:17.203,11636,329,8,100,False,12,car,0 days 01:18:02.790000,0 days 02:14:59.885000
2024-06-23 14:21:17.363,11668,327,8,100,False,12,car,0 days 01:18:02.950000,0 days 02:15:00.045000
2024-06-23 14:21:17.723,11679,329,8,100,False,12,car,0 days 01:18:03.310000,0 days 02:15:00.405000
2024-06-23 14:21:17.883,11692,329,8,100,False,12,car,0 days 01:18:03.470000,0 days 02:15:00.565000
2024-06-23 14:21:18.243,11719,330,8,100,False,12,car,0 days 01:18:03.830000,0 days 02:15:00.925000
2024-06-23 14:21:18.403,11574,329,8,94,False,12,car,0 days 01:18:03.990000,0 days 02:15:01.085000
2024-06-23 14:21:18.723,11170,320,8,0,True,0,car,0 days 01:18:04.310000,0 days 02:15:01.405000
2024-06-23 14:21:18.964,10380,296,8,0,True,0,car,0 days 01:18:04.551000,0 days 02:15:01.646000
2024-06-23 14:21:19.284,10131,264,8,0,True,0,car,0 days 01:18:04.871000,0 days 02:15:01.966000
2024-06-23 14:21:19.564,9213,233,7,0,True,0,car,0 days 01:18:05.151000,0 days 02:15:02.246000
2024-06-23 14:21:20.003,9069,202,6,0,True,0,car,0 days 01:18:05.590000,0 days 02:15:02.685000
2024-06-23 14:21:20.403,9033,174,5,0,True,0,car,0 days 01:18:05.990000,0 days 02:15:03.085000
2024-06-23 14:21:20.643,9853,166,5,0,True,0,car,0 days 01:18:06.230000,0 days 02:15:03.325000
2024-06-23 14:21:21.003,9499,154,4,0,False,0,car,0 days 01:18:06.590000,0 days 02:15:03.685000
2024-06-23 14:21:21.443,9127,148,4,0,False,0,car,0 days 01:18:07.030000,0 days 02:15:04.125000
2024-06-23 14:21:21.723,8915,145,4,5,False,0,car,0 days 01:18:07.310000,0 days 02:15:04.405000
2024-06-23 14:21:22.043,9091,140,4,34,False,0,car,0 days 01:18:07.630000,0 days 02:15:04.725000
2024-06-23 14:21:22.203,9098,141,4,51,False,0,car,0 days 01:18:07.790000,0 days 02:15:04.885000
2024-06-23 14:21:22.403,9250,143,4,54,False,0,car,0 days 01:18:07.990000,0 days 02:15:05.085000
2024-06-23 14:21:22.603,9496,146,4,60,False,0,car,0 days 01:18:08.190000,0 days 02:15:05.285000
2024-06-23 14:21:22.803,9675,149,4,62,False,0,car,0 days 01:18:08.390000,0 days 02:15:05.485000
2024-06-23 14:21:23.003,9638,154,4,62,False,0,car,0 days 01:18:08.590000,0 days 02:15:05.685000
2024-06-23 14:21:23.243,9813,163,4,71,False,0,car,0 days 01:18:08.830000,0 days 02:15:05.925000
2024-06-23 14:21:23.483,9036,164,5,60,False,0,car,0 days 01:18:09.070000,0 days 02:15:06.165000
2024-06-23 14:21:23.643,8897,164,5,49,False,0,car,0 days 01:18:09.230000,0 days 02:15:06.325000
2024-06-23 14:21:23.923,8982,164,5,53,False,0,car,0 days 01:18:09.510000,0 days 02:15:06.605000
2024-06-23 14:21:24.163,9017,168,5,61,False,0,car,0 days 01:18:09.750000,0 days 02:15:06.845000
2024-06-23 14:21:24.443,9287,169,5,65,False,0,car,0 days 01:18:10.030000,0 days 02:15:07.125000
2024-06-23 14:21:24.683,9440,173,5,80,False,0,car,0 days 01:18:10.270000,0 days 02:15:07.365000
2024-06-23 14:21:24.883,9730,179,5,80,False,0,car,0 days 01:18:10.470000,0 days 02:15:07.565000
2024-06-23 14:21:25.123,10157,184,5,89,False,0,car,0 days 01:18:10.710000,0 days 02:15:07.805000
2024-06-23 14:21:25.323,10428,191,5,100,False,0,car,0 days 01:18:10.910000,0 days 02:15:08.005000
2024-06-23 14:21:25.483,10757,198,5,100,False,0,car,0 days 01:18:11.070000,0 days 02:15:08.165000
2024-06-23 14:21:25.764,11059,206,5,100,False,0,car,0 days 01:18:11.351000,0 days 02:15:08.446000
2024-06-23 14:21:25.924,10219,210,5,100,False,0,car,0 days 01:18:11.511000,0 days 02:15:08.606000
2024-06-23 14:21:26.284,10074,217,6,81,False,0,car,0 days 01:18:11.871000,0 days 02:15:08.966000
2024-06-23 14:21:26.523,10118,218,6,72,False,0,car,0 days 01:18:12.110000,0 days 02:15:09.205000
2024-06-23 14:21:26.883,10003,219,6,61,False,0,car,0 days 01:18:12.470000,0 days 02:15:09.565000
2024-06-23 14:21:27.163,10149,217,6,71,False,0,car,0 days 01:18:12.750000,0 days 02:15:09.845000
2024-06-23 14:21:27.403,10097,219,6,74,False,0,car,0 days 01:18:12.990000,0 days 02:15:10.085000
2024-06-23 14:21:27.643,10100,217,6,67,False,0,car,0 days 01:18:13.230000,0 days 02:15:10.325000
2024-06-23 14:21:27.963,10245,219,6,82,False,0,car,0 days 01:18:13.550000,0 days 02:15:10.645000
2024-06-23 14:21:28.243,10082,219,6,71,False,0,car,0 days 01:18:13.830000,0 days 02:15:10.925000
2024-06-23 14:21:28.443,10408,223,6,85,False,0,car,0 days 01:18:14.030000,0 days 02:15:11.125000
2024-06-23 14:21:28.723,10529,225,6,90,False,0,car,0 days 01:18:14.310000,0 days 02:15:11.405000
2024-06-23 14:21:29.043,10815,230,6,100,False,0,car,0 days 01:18:14.630000,0 days 02:15:11.725000
2024-06-23 14:21:29.363,10979,238,6,100,False,0,car,0 days 01:18:14.950000,0 days 02:15:12.045000
2024-06-23 14:21:29.723,11278,242,6,100,False,0,car,0 days 01:18:15.310000,0 days 02:15:12.405000
2024-06-23 14:21:30.043,11401,248,6,100,False,0,car,0 days 01:18:15.630000,0 days 02:15:12.725000
2024-06-23 14:21:30.243,11573,251,6,100,False,0,car,0 days 01:18:15.830000,0 days 02:15:12.925000
2024-06-23 14:21:30.443,11691,252,6,100,False,0,car,0 days 01:18:16.030000,0 days 02:15:13.125000
2024-06-23 14:21:30.603,11629,255,6,100,False,0,car,0 days 01:18:16.190000,0 days 02:15:13.285000
2024-06-23 14:21:30.763,10649,257,6,100,False,0,car,0 days 01:18:16.350000,0 days 02:15:13.445000
2024-06-23 14:21:30.963,10579,260,7,100,False,0,car,0 days 01:18:16.550000,0 days 02:15:13.645000
2024-06-23 14:21:31.203,10607,262,7,100,False,0,car,0 days 01:18:16.790000,0 days 02:15:13.885000
2024-06-23 14:21:31.403,10704,266,7,100,False,0,car,0 days 01:18:16.990000,0 days 02:15:14.085000
2024-06-23 14:21:31.683,10862,269,7,100,False,0,car,0 days 01:18:17.270000,0 days 02:15:14.365000
2024-06-23 14:21:31.923,10954,271,7,100,False,0,car,0 days 01:18:17.510000,0 days 02:15:14.605000
2024-06-23 14:21:32.204,11039,275,7,100,False,0,car,0 days 01:18:17.791000,0 days 02:15:14.886000
2024-06-23 14:21:32.404,11127,278,7,100,False,0,car,0 days 01:18:17.991000,0 days 02:15:15.086000
2024-06-23 14:21:32.684,11236,280,7,100,False,0,car,0 days 01:18:18.271000,0 days 02:15:15.366000
2024-06-23 14:21:32.884,11309,282,7,100,False,0,car,0 days 01:18:18.471000,0 days 02:15:15.566000
2024-06-23 14:21:33.123,11404,283,7,100,False,0,car,0 days 01:18:18.710000,0 days 02:15:15.805000
2024-06-23 14:21:33.323,11445,286,7,100,False,0,car,0 days 01:18:18.910000,0 days 02:15:16.005000
2024-06-23 14:21:33.763,11210,286,7,0,True,0,car,0 days 01:18:19.350000,0 days 02:15:16.445000
2024-06-23 14:21:33.923,10870,286,7,0,True,0,car,0 days 01:18:19.510000,0 days 02:15:16.605000
2024-06-23 14:21:34.083,10870,272,7,0,True,0,car,0 days 01:18:19.670000,0 days 02:15:16.765000
2024-06-23 14:21:34.323,9493,242,7,0,True,0,car,0 days 01:18:19.910000,0 days 02:15:17.005000
2024-06-23 14:21:34.483,9930,221,7,0,True,0,car,0 days 01:18:20.070000,0 days 02:15:17.165000
2024-06-23 14:21:34.643,9349,211,6,0,True,0,car,0 days 01:18:20.230000,0 days 02:15:17.325000
2024-06-23 14:21:35.003,9284,180,5,0,True,0,car,0 days 01:18:20.590000,0 days 02:15:17.685000
2024-06-23 14:21:35.203,9984,172,5,0,True,0,car,0 days 01:18:20.790000,0 days 02:15:17.885000
2024-06-23 14:21:35.563,9624,156,4,0,True,0,car,0 days 01:18:21.150000,0 days 02:15:18.245000
2024-06-23 14:21:35.883,9315,149,4,0,True,0,car,0 days 01:18:21.470000,0 days 02:15:18.565000
2024-06-23 14:21:36.163,8816,142,4,0,True,0,car,0 days 01:18:21.750000,0 days 02:15:18.845000
2024-06-23 14:21:36.403,8631,138,4,0,True,0,car,0 days 01:18:21.990000,0 days 02:15:19.085000
2024-06-23 14:21:36.723,8260,133,4,0,False,0,car,0 days 01:18:22.310000,0 days 02:15:19.405000
2024-06-23 14:21:36.883,8176,131,4,0,False,0,car,0 days 01:18:22.470000,0 days 02:15:19.565000
2024-06-23 14:21:37.283,8372,129,4,49,False,0,car,0 days 01:18:22.870000,0 days 02:15:19.965000
2024-06-23 14:21:37.443,8554,132,4,51,False,0,car,0 days 01:18:23.030000,0 days 02:15:20.125000
2024-06-23 14:21:37.723,8679,134,4,56,False,0,car,0 days 01:18:23.310000,0 days 02:15:20.405000
2024-06-23 14:21:37.963,9113,138,4,68,False,0,car,0 days 01:18:23.550000,0 days 02:15:20.645000
2024-06-23 14:21:38.203,9368,145,4,71,False,0,car,0 days 01:18:23.790000,0 days 02:15:20.885000
2024-06-23 14:21:38.443,9755,150,4,78,False,0,car,0 days 01:18:24.030000,0 days 02:15:21.125000
2024-06-23 14:21:38.684,10357,160,4,84,False,0,car,0 days 01:18:24.271000,0 days 02:15:21.366000
2024-06-23 14:21:38.964,11080,172,4,100,False,0,car,0 days 01:18:24.551000,0 days 02:15:21.646000
2024-06-23 14:21:39.244,10486,182,4,100,False,0,car,0 days 01:18:24.831000,0 days 02:15:21.926000
2024-06-23 14:21:39.524,10437,188,5,100,False,0,car,0 days 01:18:25.111000,0 days 02:15:22.206000
2024-06-23 14:21:39.804,10783,198,5,100,False,0,car,0 days 01:18:25.391000,0 days 02:15:22.486000
2024-06-23 14:21:40.123,11255,207,5,100,False,0,car,0 days 01:18:25.710000,0 days 02:15:22.805000
2024-06-23 14:21:40.363,11535,216,5,100,False,0,car,0 days 01:18:25.950000,0 days 02:15:23.045000
2024-06-23 14:21:40.523,11697,217,5,100,False,0,car,0 days 01:18:26.110000,0 days 02:15:23.205000
2024-06-23 14:21:40.763,10667,225,5,100,False,0,car,0 days 01:18:26.350000,0 days 02:15:23.445000
2024-06-23 14:21:41.043,10644,229,6,100,False,0,car,0 days 01:18:26.630000,0 days 02:15:23.725000
2024-06-23 14:21:41.483,11041,240,6,100,False,0,car,0 days 01:18:27.070000,0 days 02:15:24.165000
2024-06-23 14:21:41.763,11159,245,6,100,False,0,car,0 days 01:18:27.350000,0 days 02:15:24.445000
2024-06-23 14:21:42.043,10331,240,6,20,True,0,car,0 days 01:18:27.630000,0 days 02:15:24.725000
2024-06-23 14:21:42.523,9886,197,6,0,True,0,car,0 days 01:18:28.110000,0 days 02:15:25.205000
2024-06-23 14:21:42.683,9282,187,6,0,True,0,car,0 days 01:18:28.270000,0 days 02:15:25.365000
2024-06-23 14:21:43.123,9774,146,4,0,True,0,car,0 days 01:18:28.710000,0 days 02:15:25.805000
2024-06-23 14:21:43.443,9430,132,3,0,True,0,car,0 days 01:18:29.030000,0 days 02:15:26.125000
2024-06-23 14:21:43.843,8509,116,3,0,True,0,car,0 days 01:18:29.430000,0 days 02:15:26.525000
2024-06-23 14:21:44.083,8214,112,3,0,True,0,car,0 days 01:18:29.670000,0 days 02:15:26.765000
2024-06-23 14:21:44.283,7780,108,3,0,True,0,car,0 days 01:18:29.870000,0 days 02:15:26.965000
2024-06-23 14:21:44.683,7129,99,3,0,True,0,car,0 days 01:18:30.270000,0 days 02:15:27.365000
2024-06-23 14:21:44.843,6850,97,3,0,True,0,car,0 days 01:18:30.430000,0 days 02:15:27.525000
2024-06-23 14:21:45.083,6738,91,3,0,True,0,car,0 days 01:18:30.670000,0 days 02:15:27.765000
2024-06-23 14:21:45.324,6786,90,3,1,False,0,car,0 days 01:18:30.911000,0 days 02:15:28.006000
2024-06-23 14:21:45.484,6834,91,3,17,False,0,car,0 days 01:18:31.071000,0 days 02:15:28.166000
2024-06-23 14:21:45.804,7036,93,3,27,False,0,car,0 days 01:18:31.391000,0 days 02:15:28.486000
2024-06-23 14:21:46.044,7426,96,3,34,False,0,car,0 days 01:18:31.631000,0 days 02:15:28.726000
2024-06-23 14:21:46.324,7802,99,3,41,False,0,car,0 days 01:18:31.911000,0 days 02:15:29.006000
2024-06-23 14:21:46.803,8478,110,3,56,False,0,car,0 days 01:18:32.390000,0 days 02:15:29.485000
2024-06-23 14:21:47.003,9062,116,3,63,False,0,car,0 days 01:18:32.590000,0 days 02:15:29.685000
2024-06-23 14:21:47.283,10034,128,3,76,False,0,car,0 days 01:18:32.870000,0 days 02:15:29.965000
2024-06-23 14:21:47.603,9305,141,4,85,False,0,car,0 days 01:18:33.190000,0 days 02:15:30.285000
2024-06-23 14:21:47.843,10012,154,4,100,False,0,car,0 days 01:18:33.430000,0 days 02:15:30.525000
2024-06-23 14:21:48.003,10888,159,4,100,False,0,car,0 days 01:18:33.590000,0 days 02:15:30.685000
2024-06-23 14:21:48.443,11369,175,4,100,False,0,car,0 days 01:18:34.030000,0 days 02:15:31.125000
2024-06-23 14:21:48.803,10309,194,5,100,False,0,car,0 days 01:18:34.390000,0 days 02:15:31.485000
2024-06-23 14:21:49.043,10981,201,5,100,False,0,car,0 days 01:18:34.630000,0 days 02:15:31.725000
2024-06-23 14:21:49.403,11457,215,5,100,False,0,car,0 days 01:18:34.990000,0 days 02:15:32.085000
2024-06-23 14:21:49.683,11338,224,5,100,False,0,car,0 days 01:18:35.270000,0 days 02:15:32.365000
2024-06-23 14:21:50.043,10741,231,6,100,False,0,car,0 days 01:18:35.630000,0 days 02:15:32.725000
2024-06-23 14:21:50.283,10910,238,6,100,False,0,car,0 days 01:18:35.870000,0 days 02:15:32.965000
2024-06-23 14:21:50.563,11213,244,6,100,False,0,car,0 days 01:18:36.150000,0 days 02:15:33.245000
2024-06-23 14:21:50.963,11515,251,6,100,False,0,car,0 days 01:18:36.550000,0 days 02:15:33.645000
2024-06-23 14:21:51.163,11655,254,6,100,False,0,car,0 days 01:18:36.750000,0 days 02:15:33.845000
2024-06-23 14:21:51.523,11710,257,6,100,True,0,car,0 days 01:18:37.110000,0 days 02:15:34.205000
2024-06-23 14:21:51.723,10723,251,6,0,True,0,car,0 days 01:18:37.310000,0 days 02:15:34.405000
2024-06-23 14:21:51.924,10580,231,6,0,True,0,car,0 days 01:18:37.511000,0 days 02:15:34.606000
2024-06-23 14:21:52.124,9358,209,6,0,True,0,car,0 days 01:18:37.711000,0 days 02:15:34.806000
2024-06-23 14:21:52.404,9487,182,5,0,True,0,car,0 days 01:18:37.991000,0 days 02:15:35.086000
2024-06-23 14:21:52.684,9962,163,5,0,True,0,car,0 days 01:18:38.271000,0 days 02:15:35.366000
2024-06-23 14:21:52.924,9629,156,4,0,True,0,car,0 days 01:18:38.511000,0 days 02:15:35.606000
2024-06-23 14:21:53.084,9243,150,4,0,True,0,car,0 days 01:18:38.671000,0 days 02:15:35.766000
2024-06-23 14:21:53.403,8828,143,4,0,True,0,car,0 days 01:18:38.990000,0 days 02:15:36.085000
2024-06-23 14:21:53.563,8674,138,4,0,False,0,car,0 days 01:18:39.150000,0 days 02:15:36.245000
2024-06-23 14:21:53.803,8458,136,4,4,False,0,car,0 days 01:18:39.390000,0 days 02:15:36.485000
2024-06-23 14:21:54.043,8497,133,4,28,False,0,car,0 days 01:18:39.630000,0 days 02:15:36.725000
2024-06-23 14:21:54.243,8524,133,4,39,False,0,car,0 days 01:18:39.830000,0 days 02:15:36.925000
2024-06-23 14:21:54.403,8640,134,4,45,False,0,car,0 days 01:18:39.990000,0 days 02:15:37.085000
2024-06-23 14:21:54.563,8750,135,4,50,False,0,car,0 days 01:18:40.150000,0 days 02:15:37.245000
2024-06-23 14:21:54.803,9165,139,4,68,False,0,car,0 days 01:18:40.390000,0 days 02:15:37.485000
2024-06-23 14:21:55.123,9400,148,4,80,False,0,car,0 days 01:18:40.710000,0 days 02:15:37.805000
2024-06-23 14:21:55.443,10641,162,4,100,False,0,car,0 days 01:18:41.030000,0 days 02:15:38.125000
2024-06-23 14:21:55.763,11629,178,4,100,False,0,car,0 days 01:18:41.350000,0 days 02:15:38.445000
2024-06-23 14:21:55.923,11627,182,4,100,False,0,car,0 days 01:18:41.510000,0 days 02:15:38.605000
2024-06-23 14:21:56.123,10927,189,4,100,False,0,car,0 days 01:18:41.710000,0 days 02:15:38.805000
2024-06-23 14:21:56.363,10776,199,5,100,False,0,car,0 days 01:18:41.950000,0 days 02:15:39.045000
2024-06-23 14:21:56.563,11031,205,5,100,False,0,car,0 days 01:18:42.150000,0 days 02:15:39.245000
2024-06-23 14:21:56.883,11410,213,5,100,False,0,car,0 days 01:18:42.470000,0 days 02:15:39.565000
2024-06-23 14:21:57.123,11688,219,5,100,False,0,car,0 days 01:18:42.710000,0 days 02:15:39.805000
2024-06-23 14:21:57.563,10679,231,6,100,False,0,car,0 days 01:18:43.150000,0 days 02:15:40.245000
2024-06-23 14:21:57.763,10773,234,6,100,False,0,car,0 days 01:18:43.350000,0 days 02:15:40.445000
2024-06-23 14:21:58.123,11075,241,6,100,False,0,car,0 days 01:18:43.710000,0 days 02:15:40.805000
2024-06-23 14:21:58.323,11212,245,6,100,False,0,car,0 days 01:18:43.910000,0 days 02:15:41.005000
2024-06-23 14:21:58.604,10825,247,6,0,False,0,car,0 days 01:18:44.191000,0 days 02:15:41.286000
2024-06-23 14:21:58.804,11083,242,6,0,False,0,car,0 days 01:18:44.391000,0 days 02:15:41.486000
2024-06-23 14:21:59.004,10905,238,6,1,False,0,car,0 days 01:18:44.591000,0 days 02:15:41.686000
2024-06-23 14:21:59.204,10636,233,6,37,False,0,car,0 days 01:18:44.791000,0 days 02:15:41.886000
2024-06-23 14:21:59.444,10503,228,6,51,False,0,car,0 days 01:18:45.031000,0 days 02:15:42.126000
2024-06-23 14:21:59.684,10413,229,6,70,False,0,car,0 days 01:18:45.271000,0 days 02:15:42.366000
2024-06-23 14:21:59.924,10535,228,6,69,False,0,car,0 days 01:18:45.511000,0 days 02:15:42.606000
2024-06-23 14:22:00.163,10488,227,6,72,False,0,car,0 days 01:18:45.750000,0 days 02:15:42.845000
2024-06-23 14:22:00.443,10692,230,6,91,False,0,car,0 days 01:18:46.030000,0 days 02:15:43.125000
2024-06-23 14:22:00.603,10759,232,6,100,False,0,car,0 days 01:18:46.190000,0 days 02:15:43.285000
2024-06-23 14:22:00.843,11026,238,6,100,False,0,car,0 days 01:18:46.430000,0 days 02:15:43.525000
2024-06-23 14:22:01.003,11073,238,6,100,False,0,car,0 days 01:18:46.590000,0 days 02:15:43.685000
2024-06-23 14:22:01.163,11194,240,6,100,False,0,car,0 days 01:18:46.750000,0 days 02:15:43.845000
2024-06-23 14:22:01.483,11287,246,6,100,False,0,car,0 days 01:18:47.070000,0 days 02:15:44.165000
2024-06-23 14:22:01.683,11489,246,6,100,False,0,car,0 days 01:18:47.270000,0 days 02:15:44.365000
2024-06-23 14:22:01.883,11644,251,6,100,False,0,car,0 days 01:18:47.470000,0 days 02:15:44.565000
2024-06-23 14:22:02.123,11670,255,6,100,False,0,car,0 days 01:18:47.710000,0 days 02:15:44.805000
2024-06-23 14:22:02.283,11348,258,6,100,False,0,car,0 days 01:18:47.870000,0 days 02:15:44.965000
2024-06-23 14:22:02.443,10340,261,6,100,False,0,car,0 days 01:18:48.030000,0 days 02:15:45.125000
2024-06-23 14:22:02.723,10701,261,7,100,False,0,car,0 days 01:18:48.310000,0 days 02:15:45.405000
2024-06-23 14:22:02.963,10757,268,7,100,False,0,car,0 days 01:18:48.550000,0 days 02:15:45.645000
2024-06-23 14:22:03.363,10937,273,7,100,False,0,car,0 days 01:18:48.950000,0 days 02:15:46.045000
2024-06-23 14:22:03.763,11112,278,7,100,False,0,car,0 days 01:18:49.350000,0 days 02:15:46.445000
2024-06-23 14:22:03.963,11186,279,7,100,False,0,car,0 days 01:18:49.550000,0 days 02:15:46.645000
2024-06-23 14:22:04.203,11247,282,7,100,False,0,car,0 days 01:18:49.790000,0 days 02:15:46.885000
2024-06-23 14:22:04.443,11343,283,7,100,False,0,car,0 days 01:18:50.030000,0 days 02:15:47.125000
2024-06-23 14:22:04.683,11413,285,7,100,False,0,car,0 days 01:18:50.270000,0 days 02:15:47.365000
2024-06-23 14:22:05.004,11512,287,7,100,False,0,car,0 days 01:18:50.591000,0 days 02:15:47.686000
2024-06-23 14:22:05.204,11574,289,7,100,False,0,car,0 days 01:18:50.791000,0 days 02:15:47.886000
2024-06-23 14:22:05.604,11640,291,7,100,False,0,car,0 days 01:18:51.191000,0 days 02:15:48.286000
2024-06-23 14:22:05.884,11728,294,7,100,False,0,car,0 days 01:18:51.471000,0 days 02:15:48.566000
2024-06-23 14:22:06.164,11292,287,7,0,False,0,car,0 days 01:18:51.751000,0 days 02:15:48.846000
2024-06-23 14:22:06.484,10755,257,7,0,True,0,car,0 days 01:18:52.071000,0 days 02:15:49.166000
2024-06-23 14:22:06.644,9915,234,7,0,True,0,car,0 days 01:18:52.231000,0 days 02:15:49.326000
2024-06-23 14:22:06.843,9915,212,7,0,True,0,car,0 days 01:18:52.430000,0 days 02:15:49.525000
2024-06-23 14:22:07.083,9059,192,6,0,True,0,car,0 days 01:18:52.670000,0 days 02:15:49.765000
2024-06-23 14:22:07.323,8934,174,6,0,True,0,car,0 days 01:18:52.910000,0 days 02:15:50.005000
2024-06-23 14:22:07.563,9528,154,5,0,True,0,car,0 days 01:18:53.150000,0 days 02:15:50.245000
2024-06-23 14:22:07.723,9053,154,4,0,True,0,car,0 days 01:18:53.310000,0 days 02:15:50.405000
2024-06-23 14:22:08.083,9678,134,4,0,True,0,car,0 days 01:18:53.670000,0 days 02:15:50.765000
2024-06-23 14:22:08.283,9240,128,3,0,True,0,car,0 days 01:18:53.870000,0 days 02:15:50.965000
2024-06-23 14:22:08.443,9100,121,3,0,True,0,car,0 days 01:18:54.030000,0 days 02:15:51.125000
2024-06-23 14:22:08.763,8561,116,3,0,True,0,car,0 days 01:18:54.350000,0 days 02:15:51.445000
2024-06-23 14:22:08.963,8111,111,3,0,True,0,car,0 days 01:18:54.550000,0 days 02:15:51.645000
2024-06-23 14:22:09.123,7995,109,3,0,True,0,car,0 days 01:18:54.710000,0 days 02:15:51.805000
2024-06-23 14:22:09.363,7748,105,3,0,False,0,car,0 days 01:18:54.950000,0 days 02:15:52.045000
2024-06-23 14:22:09.563,7688,103,3,0,False,0,car,0 days 01:18:55.150000,0 days 02:15:52.245000
2024-06-23 14:22:09.723,7642,103,3,4,False,0,car,0 days 01:18:55.310000,0 days 02:15:52.405000
2024-06-23 14:22:09.963,7695,101,3,23,False,0,car,0 days 01:18:55.550000,0 days 02:15:52.645000
2024-06-23 14:22:10.123,7695,101,3,23,False,0,car,0 days 01:18:55.710000,0 days 02:15:52.805000
2024-06-23 14:22:10.443,7956,105,3,40,False,0,car,0 days 01:18:56.030000,0 days 02:15:53.125000
2024-06-23 14:22:10.843,8575,111,3,47,False,0,car,0 days 01:18:56.430000,0 days 02:15:53.525000
2024-06-23 14:22:11.043,8584,113,3,48,False,0,car,0 days 01:18:56.630000,0 days 02:15:53.725000
2024-06-23 14:22:11.203,8024,117,3,54,False,0,car,0 days 01:18:56.790000,0 days 02:15:53.885000
2024-06-23 14:22:11.363,7897,122,4,62,False,0,car,0 days 01:18:56.950000,0 days 02:15:54.045000
2024-06-23 14:22:11.523,7897,125,4,62,False,0,car,0 days 01:18:57.110000,0 days 02:15:54.205000
2024-06-23 14:22:11.764,8177,131,4,73,False,0,car,0 days 01:18:57.351000,0 days 02:15:54.446000
2024-06-23 14:22:12.084,9468,145,4,82,False,0,car,0 days 01:18:57.671000,0 days 02:15:54.766000
2024-06-23 14:22:12.244,9678,153,4,83,False,0,car,0 days 01:18:57.831000,0 days 02:15:54.926000
2024-06-23 14:22:12.444,9818,161,4,83,False,0,car,0 days 01:18:58.031000,0 days 02:15:55.126000
2024-06-23 14:22:12.684,11007,169,4,100,False,0,car,0 days 01:18:58.271000,0 days 02:15:55.366000
2024-06-23 14:22:13.124,10819,184,4,100,False,0,car,0 days 01:18:58.711000,0 days 02:15:55.806000
2024-06-23 14:22:13.523,10288,196,5,100,False,0,car,0 days 01:18:59.110000,0 days 02:15:56.205000
2024-06-23 14:22:13.923,11173,202,5,0,True,0,car,0 days 01:18:59.510000,0 days 02:15:56.605000
2024-06-23 14:22:14.243,9564,179,5,0,True,0,car,0 days 01:18:59.830000,0 days 02:15:56.925000
2024-06-23 14:22:14.523,10391,169,5,0,True,0,car,0 days 01:19:00.110000,0 days 02:15:57.205000
2024-06-23 14:22:14.883,9650,154,4,0,True,0,car,0 days 01:19:00.470000,0 days 02:15:57.565000
2024-06-23 14:22:15.403,8614,141,4,0,True,0,car,0 days 01:19:00.990000,0 days 02:15:58.085000
2024-06-23 14:22:15.643,8548,134,4,0,True,0,car,0 days 01:19:01.230000,0 days 02:15:58.325000
2024-06-23 14:22:15.963,7977,127,4,0,False,0,car,0 days 01:19:01.550000,0 days 02:15:58.645000
2024-06-23 14:22:16.203,7747,125,4,0,False,0,car,0 days 01:19:01.790000,0 days 02:15:58.885000
2024-06-23 14:22:16.363,7682,123,4,0,False,0,car,0 days 01:19:01.950000,0 days 02:15:59.045000
2024-06-23 14:22:16.643,7542,117,4,0,True,0,car,0 days 01:19:02.230000,0 days 02:15:59.325000
2024-06-23 14:22:16.923,7278,114,4,0,False,0,car,0 days 01:19:02.510000,0 days 02:15:59.605000
2024-06-23 14:22:17.083,7503,112,4,29,False,0,car,0 days 01:19:02.670000,0 days 02:15:59.765000
2024-06-23 14:22:17.443,7520,115,4,43,False,0,car,0 days 01:19:03.030000,0 days 02:16:00.125000
2024-06-23 14:22:17.763,7787,120,4,46,False,0,car,0 days 01:19:03.350000,0 days 02:16:00.445000
2024-06-23 14:22:18.123,8206,125,4,56,False,0,car,0 days 01:19:03.710000,0 days 02:16:00.805000
2024-06-23 14:22:18.364,8337,133,4,60,False,0,car,0 days 01:19:03.951000,0 days 02:16:01.046000
2024-06-23 14:22:18.564,8847,138,4,69,False,0,car,0 days 01:19:04.151000,0 days 02:16:01.246000
2024-06-23 14:22:18.724,9267,141,4,77,False,0,car,0 days 01:19:04.311000,0 days 02:16:01.406000
2024-06-23 14:22:19.084,10208,156,4,85,False,0,car,0 days 01:19:04.671000,0 days 02:16:01.766000
2024-06-23 14:22:19.404,10808,169,4,100,False,0,car,0 days 01:19:04.991000,0 days 02:16:02.086000
2024-06-23 14:22:19.564,11620,177,4,100,False,0,car,0 days 01:19:05.151000,0 days 02:16:02.246000
2024-06-23 14:22:19.764,10640,185,4,100,False,0,car,0 days 01:19:05.351000,0 days 02:16:02.446000
2024-06-23 14:22:20.084,10684,196,5,100,False,0,car,0 days 01:19:05.671000,0 days 02:16:02.766000
2024-06-23 14:22:20.243,10737,200,5,100,False,0,car,0 days 01:19:05.830000,0 days 02:16:02.925000
2024-06-23 14:22:20.483,11057,210,5,100,False,0,car,0 days 01:19:06.070000,0 days 02:16:03.165000
2024-06-23 14:22:20.643,11197,214,5,100,False,0,car,0 days 01:19:06.230000,0 days 02:16:03.325000
2024-06-23 14:22:20.923,10364,221,5,100,False,0,car,0 days 01:19:06.510000,0 days 02:16:03.605000
2024-06-23 14:22:21.123,10418,227,5,100,False,0,car,0 days 01:19:06.710000,0 days 02:16:03.805000
2024-06-23 14:22:21.283,10683,231,6,100,False,0,car,0 days 01:19:06.870000,0 days 02:16:03.965000
2024-06-23 14:22:21.683,11032,240,6,95,False,0,car,0 days 01:19:07.270000,0 days 02:16:04.365000
2024-06-23 14:22:21.843,11150,241,6,96,False,0,car,0 days 01:19:07.430000,0 days 02:16:04.525000
2024-06-23 14:22:22.003,10863,241,6,78,False,0,car,0 days 01:19:07.590000,0 days 02:16:04.685000
2024-06-23 14:22:22.243,11317,243,6,91,False,0,car,0 days 01:19:07.830000,0 days 02:16:04.925000
2024-06-23 14:22:22.403,11381,243,6,90,False,0,car,0 days 01:19:07.990000,0 days 02:16:05.085000
2024-06-23 14:22:22.763,11378,249,6,100,False,0,car,0 days 01:19:08.350000,0 days 02:16:05.445000
2024-06-23 14:22:23.203,11545,252,6,100,False,0,car,0 days 01:19:08.790000,0 days 02:16:05.885000
2024-06-23 14:22:23.523,11031,256,6,100,False,0,car,0 days 01:19:09.110000,0 days 02:16:06.205000
2024-06-23 14:22:23.763,10509,260,7,100,False,0,car,0 days 01:19:09.350000,0 days 02:16:06.445000
2024-06-23 14:22:24.003,10559,261,7,100,False,0,car,0 days 01:19:09.590000,0 days 02:16:06.685000
2024-06-23 14:22:24.403,10727,267,7,100,False,0,car,0 days 01:19:09.990000,0 days 02:16:07.085000
2024-06-23 14:22:24.603,10637,269,7,78,True,0,car,0 days 01:19:10.190000,0 days 02:16:07.285000
2024-06-23 14:22:24.764,10531,262,7,0,True,0,car,0 days 01:19:10.351000,0 days 02:16:07.446000
2024-06-23 14:22:25.004,10295,253,7,0,False,0,car,0 days 01:19:10.591000,0 days 02:16:07.686000
2024-06-23 14:22:25.284,11195,245,6,14,False,0,car,0 days 01:19:10.871000,0 days 02:16:07.966000
2024-06-23 14:22:25.564,10848,237,6,37,False,0,car,0 days 01:19:11.151000,0 days 02:16:08.246000
2024-06-23 14:22:25.844,10786,234,6,67,False,0,car,0 days 01:19:11.431000,0 days 02:16:08.526000
2024-06-23 14:22:26.044,10758,234,6,69,False,0,car,0 days 01:19:11.631000,0 days 02:16:08.726000
2024-06-23 14:22:26.204,10758,235,6,72,False,0,car,0 days 01:19:11.791000,0 days 02:16:08.886000
2024-06-23 14:22:26.364,10784,235,6,79,False,0,car,0 days 01:19:11.951000,0 days 02:16:09.046000
2024-06-23 14:22:26.724,11104,237,6,94,False,0,car,0 days 01:19:12.311000,0 days 02:16:09.406000
2024-06-23 14:22:27.163,11335,242,6,100,False,0,car,0 days 01:19:12.750000,0 days 02:16:09.845000
2024-06-23 14:22:27.363,11455,246,6,100,False,0,car,0 days 01:19:12.950000,0 days 02:16:10.045000
2024-06-23 14:22:27.763,11655,253,6,100,False,0,car,0 days 01:19:13.350000,0 days 02:16:10.445000
2024-06-23 14:22:27.963,11748,257,6,100,False,0,car,0 days 01:19:13.550000,0 days 02:16:10.645000
2024-06-23 14:22:28.123,11048,260,6,100,False,0,car,0 days 01:19:13.710000,0 days 02:16:10.805000
2024-06-23 14:22:28.323,10262,260,6,100,False,0,car,0 days 01:19:13.910000,0 days 02:16:11.005000
2024-06-23 14:22:28.563,10703,265,7,100,False,0,car,0 days 01:19:14.150000,0 days 02:16:11.245000
2024-06-23 14:22:28.723,10730,267,7,100,False,0,car,0 days 01:19:14.310000,0 days 02:16:11.405000
2024-06-23 14:22:29.203,10982,274,7,100,False,0,car,0 days 01:19:14.790000,0 days 02:16:11.885000
2024-06-23 14:22:29.363,10982,275,7,100,False,0,car,0 days 01:19:14.950000,0 days 02:16:12.045000
2024-06-23 14:22:29.563,11046,277,7,100,False,0,car,0 days 01:19:15.150000,0 days 02:16:12.245000
2024-06-23 14:22:29.723,11152,278,7,100,False,0,car,0 days 01:19:15.310000,0 days 02:16:12.405000
2024-06-23 14:22:29.883,11211,281,7,100,False,0,car,0 days 01:19:15.470000,0 days 02:16:12.565000
2024-06-23 14:22:30.123,11283,282,7,100,False,0,car,0 days 01:19:15.710000,0 days 02:16:12.805000
2024-06-23 14:22:30.363,11392,282,7,100,False,0,car,0 days 01:19:15.950000,0 days 02:16:13.045000
2024-06-23 14:22:30.523,11440,285,7,100,False,0,car,0 days 01:19:16.110000,0 days 02:16:13.205000
2024-06-23 14:22:30.723,11472,286,7,100,False,0,car,0 days 01:19:16.310000,0 days 02:16:13.405000
2024-06-23 14:22:30.883,11538,287,7,100,False,0,car,0 days 01:19:16.470000,0 days 02:16:13.565000
2024-06-23 14:22:31.243,11611,290,7,100,False,0,car,0 days 01:19:16.830000,0 days 02:16:13.925000
2024-06-23 14:22:31.484,11680,292,7,100,False,0,car,0 days 01:19:17.071000,0 days 02:16:14.166000
2024-06-23 14:22:31.844,10422,294,7,100,False,0,car,0 days 01:19:17.431000,0 days 02:16:14.526000
2024-06-23 14:22:32.004,10561,294,8,100,False,0,car,0 days 01:19:17.591000,0 days 02:16:14.686000
2024-06-23 14:22:32.164,10537,297,8,100,False,0,car,0 days 01:19:17.751000,0 days 02:16:14.846000
2024-06-23 14:22:32.444,10587,297,8,100,False,0,car,0 days 01:19:18.031000,0 days 02:16:15.126000
2024-06-23 14:22:32.884,10641,299,8,100,False,0,car,0 days 01:19:18.471000,0 days 02:16:15.566000
2024-06-23 14:22:33.084,10691,300,8,100,False,0,car,0 days 01:19:18.671000,0 days 02:16:15.766000
2024-06-23 14:22:33.284,10723,301,8,100,False,0,car,0 days 01:19:18.871000,0 days 02:16:15.966000
2024-06-23 14:22:33.444,10757,303,8,100,False,0,car,0 days 01:19:19.031000,0 days 02:16:16.126000
2024-06-23 14:22:33.644,10787,302,8,100,False,0,car,0 days 01:19:19.231000,0 days 02:16:16.326000
2024-06-23 14:22:34.043,10809,303,8,100,False,0,car,0 days 01:19:19.630000,0 days 02:16:16.725000
2024-06-23 14:22:34.243,10812,304,8,100,False,0,car,0 days 01:19:19.830000,0 days 02:16:16.925000
2024-06-23 14:22:34.563,10839,306,8,100,False,0,car,0 days 01:19:20.150000,0 days 02:16:17.245000
2024-06-23 14:22:34.923,10860,304,8,100,False,0,car,0 days 01:19:20.510000,0 days 02:16:17.605000
2024-06-23 14:22:35.203,10857,305,8,100,False,0,car,0 days 01:19:20.790000,0 days 02:16:17.885000
2024-06-23 14:22:35.443,10871,305,8,100,False,0,car,0 days 01:19:21.030000,0 days 02:16:18.125000
2024-06-23 14:22:35.643,10912,306,8,100,False,0,car,0 days 01:19:21.230000,0 days 02:16:18.325000
2024-06-23 14:22:35.923,10931,307,8,100,False,0,car,0 days 01:19:21.510000,0 days 02:16:18.605000
2024-06-23 14:22:36.323,10934,307,8,100,False,0,car,0 days 01:19:21.910000,0 days 02:16:19.005000
2024-06-23 14:22:36.483,10936,307,8,100,False,0,car,0 days 01:19:22.070000,0 days 02:16:19.165000
2024-06-23 14:22:36.803,10953,308,8,100,False,0,car,0 days 01:19:22.390000,0 days 02:16:19.485000
2024-06-23 14:22:37.003,10976,308,8,100,False,0,car,0 days 01:19:22.590000,0 days 02:16:19.685000
2024-06-23 14:22:37.203,10999,309,8,100,False,0,car,0 days 01:19:22.790000,0 days 02:16:19.885000
2024-06-23 14:22:37.443,10972,308,8,100,False,0,car,0 days 01:19:23.030000,0 days 02:16:20.125000
2024-06-23 14:22:37.683,10980,308,8,100,False,0,car,0 days 01:19:23.270000,0 days 02:16:20.365000
2024-06-23 14:22:37.884,10987,308,8,100,False,0,car,0 days 01:19:23.471000,0 days 02:16:20.566000
2024-06-23 14:22:38.124,10970,309,8,100,False,0,car,0 days 01:19:23.711000,0 days 02:16:20.806000
2024-06-23 14:22:38.484,10751,305,8,0,False,0,car,0 days 01:19:24.071000,0 days 02:16:21.166000
2024-06-23 14:22:38.844,10355,296,8,0,False,0,car,0 days 01:19:24.431000,0 days 02:16:21.526000
2024-06-23 14:22:39.124,9977,284,8,0,True,0,car,0 days 01:19:24.711000,0 days 02:16:21.806000
2024-06-23 14:22:39.524,9161,237,8,0,True,0,car,0 days 01:19:25.111000,0 days 02:16:22.206000
2024-06-23 14:22:39.804,9112,204,7,0,True,0,car,0 days 01:19:25.391000,0 days 02:16:22.486000
2024-06-23 14:22:40.124,9176,178,7,0,True,0,car,0 days 01:19:25.711000,0 days 02:16:22.806000
2024-06-23 14:22:40.284,9276,167,5,0,True,0,car,0 days 01:19:25.871000,0 days 02:16:22.966000
2024-06-23 14:22:40.523,9706,160,5,0,True,0,car,0 days 01:19:26.110000,0 days 02:16:23.205000
2024-06-23 14:22:40.923,9289,149,4,0,False,0,car,0 days 01:19:26.510000,0 days 02:16:23.605000
2024-06-23 14:22:41.083,9188,146,4,0,False,0,car,0 days 01:19:26.670000,0 days 02:16:23.765000
2024-06-23 14:22:41.243,8886,143,4,0,False,0,car,0 days 01:19:26.830000,0 days 02:16:23.925000
2024-06-23 14:22:41.603,9177,139,4,29,False,0,car,0 days 01:19:27.190000,0 days 02:16:24.285000
2024-06-23 14:22:41.843,8948,139,4,49,False,0,car,0 days 01:19:27.430000,0 days 02:16:24.525000
2024-06-23 14:22:42.123,9265,142,4,60,False,0,car,0 days 01:19:27.710000,0 days 02:16:24.805000
2024-06-23 14:22:42.323,9453,145,4,62,False,0,car,0 days 01:19:27.910000,0 days 02:16:25.005000
2024-06-23 14:22:42.643,9768,155,4,74,False,0,car,0 days 01:19:28.230000,0 days 02:16:25.325000
2024-06-23 14:22:43.043,8785,163,4,58,False,0,car,0 days 01:19:28.630000,0 days 02:16:25.725000
2024-06-23 14:22:43.443,8978,166,5,57,False,0,car,0 days 01:19:29.030000,0 days 02:16:26.125000
2024-06-23 14:22:43.723,9095,168,5,65,False,0,car,0 days 01:19:29.310000,0 days 02:16:26.405000
2024-06-23 14:22:44.003,9410,173,5,80,False,0,car,0 days 01:19:29.590000,0 days 02:16:26.685000
2024-06-23 14:22:44.243,9905,181,5,98,False,0,car,0 days 01:19:29.830000,0 days 02:16:26.925000
2024-06-23 14:22:44.403,10092,185,5,96,False,0,car,0 days 01:19:29.990000,0 days 02:16:27.085000
2024-06-23 14:22:44.684,10529,190,5,100,False,0,car,0 days 01:19:30.271000,0 days 02:16:27.366000
2024-06-23 14:22:44.844,10783,200,5,100,False,0,car,0 days 01:19:30.431000,0 days 02:16:27.526000
2024-06-23 14:22:45.004,10947,203,5,100,False,0,car,0 days 01:19:30.591000,0 days 02:16:27.686000
2024-06-23 14:22:45.244,11262,212,5,100,False,0,car,0 days 01:19:30.831000,0 days 02:16:27.926000
2024-06-23 14:22:45.564,11326,217,5,96,False,0,car,0 days 01:19:31.151000,0 days 02:16:28.246000
2024-06-23 14:22:46.404,9982,216,6,52,False,0,car,0 days 01:19:31.991000,0 days 02:16:29.086000
2024-06-23 14:22:46.844,10056,216,6,73,False,0,car,0 days 01:19:32.431000,0 days 02:16:29.526000
2024-06-23 14:22:47.084,10120,217,6,74,False,0,car,0 days 01:19:32.671000,0 days 02:16:29.766000
2024-06-23 14:22:47.243,10157,218,6,74,False,0,car,0 days 01:19:32.830000,0 days 02:16:29.925000
2024-06-23 14:22:47.683,10007,219,6,54,False,0,car,0 days 01:19:33.270000,0 days 02:16:30.365000
2024-06-23 14:22:48.003,10287,221,6,82,False,0,car,0 days 01:19:33.590000,0 days 02:16:30.685000
2024-06-23 14:22:48.163,10461,224,6,100,False,0,car,0 days 01:19:33.750000,0 days 02:16:30.845000
2024-06-23 14:22:48.363,10576,227,6,100,False,0,car,0 days 01:19:33.950000,0 days 02:16:31.045000
2024-06-23 14:22:48.723,10885,233,6,100,False,0,car,0 days 01:19:34.310000,0 days 02:16:31.405000
2024-06-23 14:22:49.003,11038,238,6,100,False,0,car,0 days 01:19:34.590000,0 days 02:16:31.685000
2024-06-23 14:22:49.283,11336,244,6,100,False,0,car,0 days 01:19:34.870000,0 days 02:16:31.965000
2024-06-23 14:22:49.603,11400,247,6,100,False,0,car,0 days 01:19:35.190000,0 days 02:16:32.285000
2024-06-23 14:22:49.883,11594,251,6,100,False,0,car,0 days 01:19:35.470000,0 days 02:16:32.565000
2024-06-23 14:22:50.163,11735,255,6,100,False,0,car,0 days 01:19:35.750000,0 days 02:16:32.845000
2024-06-23 14:22:50.323,11735,257,6,100,False,0,car,0 days 01:19:35.910000,0 days 02:16:33.005000
2024-06-23 14:22:50.563,10755,261,7,100,False,0,car,0 days 01:19:36.150000,0 days 02:16:33.245000
2024-06-23 14:22:50.763,10612,264,7,100,False,0,car,0 days 01:19:36.350000,0 days 02:16:33.445000
2024-06-23 14:22:51.084,10781,267,7,100,False,0,car,0 days 01:19:36.671000,0 days 02:16:33.766000
2024-06-23 14:22:51.364,10920,271,7,100,False,0,car,0 days 01:19:36.951000,0 days 02:16:34.046000
2024-06-23 14:22:51.524,10959,272,7,100,False,0,car,0 days 01:19:37.111000,0 days 02:16:34.206000
2024-06-23 14:22:51.724,11033,275,7,100,False,0,car,0 days 01:19:37.311000,0 days 02:16:34.406000
2024-06-23 14:22:52.044,11145,279,7,100,False,0,car,0 days 01:19:37.631000,0 days 02:16:34.726000
2024-06-23 14:22:52.244,11259,281,7,100,False,0,car,0 days 01:19:37.831000,0 days 02:16:34.926000
2024-06-23 14:22:52.444,11317,283,7,100,False,0,car,0 days 01:19:38.031000,0 days 02:16:35.126000
2024-06-23 14:22:52.764,11425,284,7,90,False,0,car,0 days 01:19:38.351000,0 days 02:16:35.446000
2024-06-23 14:22:53.084,11145,279,7,0,False,0,car,0 days 01:19:38.671000,0 days 02:16:35.766000
2024-06-23 14:22:53.244,10890,275,7,0,False,0,car,0 days 01:19:38.831000,0 days 02:16:35.926000
2024-06-23 14:22:53.444,10642,269,7,0,True,0,car,0 days 01:19:39.031000,0 days 02:16:36.126000
2024-06-23 14:22:53.684,10128,258,7,0,True,0,car,0 days 01:19:39.271000,0 days 02:16:36.366000
2024-06-23 14:22:54.003,9061,228,7,0,True,0,car,0 days 01:19:39.590000,0 days 02:16:36.685000
2024-06-23 14:22:54.243,9307,202,7,0,True,0,car,0 days 01:19:39.830000,0 days 02:16:36.925000
2024-06-23 14:22:54.683,9193,176,5,0,True,0,car,0 days 01:19:40.270000,0 days 02:16:37.365000
2024-06-23 14:22:54.923,9487,170,5,0,True,0,car,0 days 01:19:40.510000,0 days 02:16:37.605000
2024-06-23 14:22:55.243,9640,158,4,0,True,0,car,0 days 01:19:40.830000,0 days 02:16:37.925000
2024-06-23 14:22:55.403,9577,154,4,0,True,0,car,0 days 01:19:40.990000,0 days 02:16:38.085000
2024-06-23 14:22:55.723,9112,146,4,0,True,0,car,0 days 01:19:41.310000,0 days 02:16:38.405000
2024-06-23 14:22:55.963,8668,139,4,0,True,0,car,0 days 01:19:41.550000,0 days 02:16:38.645000
2024-06-23 14:22:56.283,8336,134,4,0,False,0,car,0 days 01:19:41.870000,0 days 02:16:38.965000
2024-06-23 14:22:56.523,8574,131,4,34,False,0,car,0 days 01:19:42.110000,0 days 02:16:39.205000
2024-06-23 14:22:56.683,8276,132,4,44,False,0,car,0 days 01:19:42.270000,0 days 02:16:39.365000
2024-06-23 14:22:56.923,8565,133,4,51,False,0,car,0 days 01:19:42.510000,0 days 02:16:39.605000
2024-06-23 14:22:57.083,8754,134,4,53,False,0,car,0 days 01:19:42.670000,0 days 02:16:39.765000
2024-06-23 14:22:57.283,8984,137,4,57,False,0,car,0 days 01:19:42.870000,0 days 02:16:39.965000
2024-06-23 14:22:57.563,9091,144,4,60,False,0,car,0 days 01:19:43.150000,0 days 02:16:40.245000
2024-06-23 14:22:57.724,9370,144,4,65,False,0,car,0 days 01:19:43.311000,0 days 02:16:40.406000
2024-06-23 14:22:57.884,9654,149,4,69,False,0,car,0 days 01:19:43.471000,0 days 02:16:40.566000
2024-06-23 14:22:58.204,10211,157,4,82,False,0,car,0 days 01:19:43.791000,0 days 02:16:40.886000
2024-06-23 14:22:58.484,10935,168,4,98,False,0,car,0 days 01:19:44.071000,0 days 02:16:41.166000
2024-06-23 14:22:58.684,11306,175,4,100,False,0,car,0 days 01:19:44.271000,0 days 02:16:41.366000
2024-06-23 14:22:58.924,10799,183,4,100,False,0,car,0 days 01:19:44.511000,0 days 02:16:41.606000
2024-06-23 14:22:59.204,10439,192,5,100,False,0,car,0 days 01:19:44.791000,0 days 02:16:41.886000
2024-06-23 14:22:59.364,10752,199,5,100,False,0,car,0 days 01:19:44.951000,0 days 02:16:42.046000
2024-06-23 14:22:59.604,10992,204,5,100,False,0,car,0 days 01:19:45.191000,0 days 02:16:42.286000
2024-06-23 14:22:59.884,11388,212,5,100,False,0,car,0 days 01:19:45.471000,0 days 02:16:42.566000
2024-06-23 14:23:00.244,11839,219,5,100,False,0,car,0 days 01:19:45.831000,0 days 02:16:42.926000
2024-06-23 14:23:00.683,10708,230,6,100,False,0,car,0 days 01:19:46.270000,0 days 02:16:43.365000
2024-06-23 14:23:00.843,10777,235,6,100,False,0,car,0 days 01:19:46.430000,0 days 02:16:43.525000
2024-06-23 14:23:01.283,10994,242,6,90,False,0,car,0 days 01:19:46.870000,0 days 02:16:43.965000
2024-06-23 14:23:01.603,10772,236,6,0,False,0,car,0 days 01:19:47.190000,0 days 02:16:44.285000
2024-06-23 14:23:01.923,10261,236,6,0,True,0,car,0 days 01:19:47.510000,0 days 02:16:44.605000
2024-06-23 14:23:02.243,9380,184,6,0,True,0,car,0 days 01:19:47.830000,0 days 02:16:44.925000
2024-06-23 14:23:02.483,9396,165,5,0,True,0,car,0 days 01:19:48.070000,0 days 02:16:45.165000
2024-06-23 14:23:02.683,9209,151,5,0,True,0,car,0 days 01:19:48.270000,0 days 02:16:45.365000
2024-06-23 14:23:02.843,8949,141,5,0,True,0,car,0 days 01:19:48.430000,0 days 02:16:45.525000
2024-06-23 14:23:03.123,9416,131,4,0,True,0,car,0 days 01:19:48.710000,0 days 02:16:45.805000
2024-06-23 14:23:03.523,8432,117,3,0,True,0,car,0 days 01:19:49.110000,0 days 02:16:46.205000
2024-06-23 14:23:03.923,7940,105,3,0,True,0,car,0 days 01:19:49.510000,0 days 02:16:46.605000
2024-06-23 14:23:04.163,7365,98,3,0,True,0,car,0 days 01:19:49.750000,0 days 02:16:46.845000
2024-06-23 14:23:04.324,7177,96,3,0,True,0,car,0 days 01:19:49.911000,0 days 02:16:47.006000
2024-06-23 14:23:04.764,6665,91,3,0,False,0,car,0 days 01:19:50.351000,0 days 02:16:47.446000
2024-06-23 14:23:05.004,7052,90,3,27,False,0,car,0 days 01:19:50.591000,0 days 02:16:47.686000
2024-06-23 14:23:05.164,7104,92,3,35,False,0,car,0 days 01:19:50.751000,0 days 02:16:47.846000
2024-06-23 14:23:05.324,7353,94,3,39,False,0,car,0 days 01:19:50.911000,0 days 02:16:48.006000
2024-06-23 14:23:05.484,7552,96,3,44,False,0,car,0 days 01:19:51.071000,0 days 02:16:48.166000
2024-06-23 14:23:05.764,8032,103,3,50,False,0,car,0 days 01:19:51.351000,0 days 02:16:48.446000
2024-06-23 14:23:05.924,8276,105,3,51,False,0,car,0 days 01:19:51.511000,0 days 02:16:48.606000
2024-06-23 14:23:06.204,8926,115,3,62,False,0,car,0 days 01:19:51.791000,0 days 02:16:48.886000
2024-06-23 14:23:06.444,9354,125,3,64,False,0,car,0 days 01:19:52.031000,0 days 02:16:49.126000
2024-06-23 14:23:06.644,10011,133,3,72,False,0,car,0 days 01:19:52.231000,0 days 02:16:49.326000
2024-06-23 14:23:06.844,10635,142,3,80,False,0,car,0 days 01:19:52.431000,0 days 02:16:49.526000
2024-06-23 14:23:07.044,9696,151,3,87,False,0,car,0 days 01:19:52.631000,0 days 02:16:49.726000
2024-06-23 14:23:07.323,10903,162,4,100,False,0,car,0 days 01:19:52.910000,0 days 02:16:50.005000
2024-06-23 14:23:07.603,11174,175,4,100,False,0,car,0 days 01:19:53.190000,0 days 02:16:50.285000
2024-06-23 14:23:07.923,10250,188,4,100,False,0,car,0 days 01:19:53.510000,0 days 02:16:50.605000
2024-06-23 14:23:08.163,10565,199,5,100,False,0,car,0 days 01:19:53.750000,0 days 02:16:50.845000
2024-06-23 14:23:08.363,10968,202,5,100,False,0,car,0 days 01:19:53.950000,0 days 02:16:51.045000
2024-06-23 14:23:08.683,11443,214,5,100,False,0,car,0 days 01:19:54.270000,0 days 02:16:51.365000
2024-06-23 14:23:08.883,11753,220,5,100,False,0,car,0 days 01:19:54.470000,0 days 02:16:51.565000
2024-06-23 14:23:09.203,11292,226,5,100,False,0,car,0 days 01:19:54.790000,0 days 02:16:51.885000
2024-06-23 14:23:09.603,10859,237,6,100,False,0,car,0 days 01:19:55.190000,0 days 02:16:52.285000
2024-06-23 14:23:09.803,10973,240,6,100,False,0,car,0 days 01:19:55.390000,0 days 02:16:52.485000
2024-06-23 14:23:09.963,11264,245,6,100,False,0,car,0 days 01:19:55.550000,0 days 02:16:52.645000
2024-06-23 14:23:10.123,11344,246,6,100,False,0,car,0 days 01:19:55.710000,0 days 02:16:52.805000
2024-06-23 14:23:10.443,11567,252,6,100,False,0,car,0 days 01:19:56.030000,0 days 02:16:53.125000
2024-06-23 14:23:10.763,11638,255,6,61,False,0,car,0 days 01:19:56.350000,0 days 02:16:53.445000
2024-06-23 14:23:10.964,11241,248,6,0,True,0,car,0 days 01:19:56.551000,0 days 02:16:53.646000
2024-06-23 14:23:11.204,10648,232,6,0,True,0,car,0 days 01:19:56.791000,0 days 02:16:53.886000
2024-06-23 14:23:11.644,9879,183,6,0,True,0,car,0 days 01:19:57.231000,0 days 02:16:54.326000
2024-06-23 14:23:12.084,9717,159,5,0,True,0,car,0 days 01:19:57.671000,0 days 02:16:54.766000
2024-06-23 14:23:12.284,9510,153,4,0,True,0,car,0 days 01:19:57.871000,0 days 02:16:54.966000
2024-06-23 14:23:12.444,9028,149,4,0,True,0,car,0 days 01:19:58.031000,0 days 02:16:55.126000
2024-06-23 14:23:12.724,8792,141,4,0,False,0,car,0 days 01:19:58.311000,0 days 02:16:55.406000
2024-06-23 14:23:12.924,8727,139,4,0,False,0,car,0 days 01:19:58.511000,0 days 02:16:55.606000
2024-06-23 14:23:13.124,8445,136,4,0,False,0,car,0 days 01:19:58.711000,0 days 02:16:55.806000
2024-06-23 14:23:13.524,8387,132,4,35,False,0,car,0 days 01:19:59.111000,0 days 02:16:56.206000
2024-06-23 14:23:13.844,8711,134,4,50,False,0,car,0 days 01:19:59.431000,0 days 02:16:56.526000
2024-06-23 14:23:14.083,8964,137,4,61,False,0,car,0 days 01:19:59.670000,0 days 02:16:56.765000
2024-06-23 14:23:14.243,9150,137,4,62,False,0,car,0 days 01:19:59.830000,0 days 02:16:56.925000
2024-06-23 14:23:14.443,9543,145,4,78,False,0,car,0 days 01:20:00.030000,0 days 02:16:57.125000
2024-06-23 14:23:14.603,9543,153,4,78,False,0,car,0 days 01:20:00.190000,0 days 02:16:57.285000
2024-06-23 14:23:14.843,10540,167,4,100,False,0,car,0 days 01:20:00.430000,0 days 02:16:57.525000
2024-06-23 14:23:15.083,11524,175,4,100,False,0,car,0 days 01:20:00.670000,0 days 02:16:57.765000
2024-06-23 14:23:15.243,11153,182,4,100,False,0,car,0 days 01:20:00.830000,0 days 02:16:57.925000
2024-06-23 14:23:15.483,10241,188,5,100,False,0,car,0 days 01:20:01.070000,0 days 02:16:58.165000
2024-06-23 14:23:15.683,10528,195,5,100,False,0,car,0 days 01:20:01.270000,0 days 02:16:58.365000
2024-06-23 14:23:15.883,10847,201,5,100,False,0,car,0 days 01:20:01.470000,0 days 02:16:58.565000
2024-06-23 14:23:16.203,11276,211,5,100,False,0,car,0 days 01:20:01.790000,0 days 02:16:58.885000
2024-06-23 14:23:16.603,11746,220,5,100,False,0,car,0 days 01:20:02.190000,0 days 02:16:59.285000
2024-06-23 14:23:16.883,10642,228,6,100,False,0,car,0 days 01:20:02.470000,0 days 02:16:59.565000
2024-06-23 14:23:17.083,10592,232,6,100,False,0,car,0 days 01:20:02.670000,0 days 02:16:59.765000
2024-06-23 14:23:17.444,11045,240,6,100,False,0,car,0 days 01:20:03.031000,0 days 02:17:00.126000
2024-06-23 14:23:17.844,11200,245,6,100,False,0,car,0 days 01:20:03.431000,0 days 02:17:00.526000
2024-06-23 14:23:18.004,11200,245,6,91,False,0,car,0 days 01:20:03.591000,0 days 02:17:00.686000
2024-06-23 14:23:18.204,10915,239,6,0,False,0,car,0 days 01:20:03.791000,0 days 02:17:00.886000
2024-06-23 14:23:18.484,10569,234,6,0,False,0,car,0 days 01:20:04.071000,0 days 02:17:01.166000
2024-06-23 14:23:18.884,10336,227,6,50,False,0,car,0 days 01:20:04.471000,0 days 02:17:01.566000
2024-06-23 14:23:19.124,10262,224,6,56,False,0,car,0 days 01:20:04.711000,0 days 02:17:01.806000
2024-06-23 14:23:19.484,10448,222,6,82,False,0,car,0 days 01:20:05.071000,0 days 02:17:02.166000
2024-06-23 14:23:19.884,10616,225,6,100,False,0,car,0 days 01:20:05.471000,0 days 02:17:02.566000
2024-06-23 14:23:20.284,10878,234,6,100,False,0,car,0 days 01:20:05.871000,0 days 02:17:02.966000
2024-06-23 14:23:20.524,11031,237,6,100,False,0,car,0 days 01:20:06.111000,0 days 02:17:03.206000
2024-06-23 14:23:20.724,11180,242,6,100,False,0,car,0 days 01:20:06.311000,0 days 02:17:03.406000
2024-06-23 14:23:20.963,11180,246,6,100,False,0,car,0 days 01:20:06.550000,0 days 02:17:03.645000
2024-06-23 14:23:21.243,11635,251,6,100,False,0,car,0 days 01:20:06.830000,0 days 02:17:03.925000
2024-06-23 14:23:21.443,11766,254,6,100,False,0,car,0 days 01:20:07.030000,0 days 02:17:04.125000
2024-06-23 14:23:21.763,10776,257,6,100,False,0,car,0 days 01:20:07.350000,0 days 02:17:04.445000
2024-06-23 14:23:21.923,10671,260,6,100,False,0,car,0 days 01:20:07.510000,0 days 02:17:04.605000
2024-06-23 14:23:22.163,10531,264,7,100,False,0,car,0 days 01:20:07.750000,0 days 02:17:04.845000
2024-06-23 14:23:22.563,10801,269,7,100,False,0,car,0 days 01:20:08.150000,0 days 02:17:05.245000
2024-06-23 14:23:22.963,10973,275,7,100,False,0,car,0 days 01:20:08.550000,0 days 02:17:05.645000
2024-06-23 14:23:23.363,11137,277,7,100,False,0,car,0 days 01:20:08.950000,0 days 02:17:06.045000
2024-06-23 14:23:23.523,11181,278,7,100,False,0,car,0 days 01:20:09.110000,0 days 02:17:06.205000
2024-06-23 14:23:23.723,11181,279,7,100,False,0,car,0 days 01:20:09.310000,0 days 02:17:06.405000
2024-06-23 14:23:23.964,11331,283,7,100,False,0,car,0 days 01:20:09.551000,0 days 02:17:06.646000
2024-06-23 14:23:24.164,11415,284,7,100,False,0,car,0 days 01:20:09.751000,0 days 02:17:06.846000
2024-06-23 14:23:24.484,11527,287,7,100,False,0,car,0 days 01:20:10.071000,0 days 02:17:07.166000
2024-06-23 14:23:24.684,11562,289,7,100,False,0,car,0 days 01:20:10.271000,0 days 02:17:07.366000
2024-06-23 14:23:24.964,11632,291,7,100,False,0,car,0 days 01:20:10.551000,0 days 02:17:07.646000
2024-06-23 14:23:25.204,11631,291,7,100,False,0,car,0 days 01:20:10.791000,0 days 02:17:07.886000
2024-06-23 14:23:25.404,11610,292,7,0,False,0,car,0 days 01:20:10.991000,0 days 02:17:08.086000
2024-06-23 14:23:25.724,11070,285,7,0,True,0,car,0 days 01:20:11.311000,0 days 02:17:08.406000
2024-06-23 14:23:26.084,10305,244,7,0,True,0,car,0 days 01:20:11.671000,0 days 02:17:08.766000
2024-06-23 14:23:26.324,9002,231,7,0,True,0,car,0 days 01:20:11.911000,0 days 02:17:09.006000
2024-06-23 14:23:26.524,9773,209,6,0,True,0,car,0 days 01:20:12.111000,0 days 02:17:09.206000
2024-06-23 14:23:27.324,8772,144,4,0,True,0,car,0 days 01:20:12.911000,0 days 02:17:10.006000
2024-06-23 14:23:27.484,8201,137,4,0,True,0,car,0 days 01:20:13.071000,0 days 02:17:10.166000
2024-06-23 14:23:27.723,9183,129,4,0,True,0,car,0 days 01:20:13.310000,0 days 02:17:10.405000
2024-06-23 14:23:27.923,8821,123,3,0,True,0,car,0 days 01:20:13.510000,0 days 02:17:10.605000
2024-06-23 14:23:28.163,8559,116,3,0,True,0,car,0 days 01:20:13.750000,0 days 02:17:10.845000
2024-06-23 14:23:28.403,8260,114,3,0,True,0,car,0 days 01:20:13.990000,0 days 02:17:11.085000
2024-06-23 14:23:28.603,8124,109,3,0,False,0,car,0 days 01:20:14.190000,0 days 02:17:11.285000
2024-06-23 14:23:28.763,8026,107,3,0,False,0,car,0 days 01:20:14.350000,0 days 02:17:11.445000
2024-06-23 14:23:29.243,7682,102,3,0,False,0,car,0 days 01:20:14.830000,0 days 02:17:11.925000
2024-06-23 14:23:29.603,7779,102,3,29,False,0,car,0 days 01:20:15.190000,0 days 02:17:12.285000
2024-06-23 14:23:29.883,7992,104,3,37,False,0,car,0 days 01:20:15.470000,0 days 02:17:12.565000
2024-06-23 14:23:30.083,8089,106,3,40,False,0,car,0 days 01:20:15.670000,0 days 02:17:12.765000
2024-06-23 14:23:30.243,8273,109,3,41,False,0,car,0 days 01:20:15.830000,0 days 02:17:12.925000
2024-06-23 14:23:30.684,8949,116,3,54,False,0,car,0 days 01:20:16.271000,0 days 02:17:13.366000
2024-06-23 14:23:30.924,8401,120,3,56,False,0,car,0 days 01:20:16.511000,0 days 02:17:13.606000
2024-06-23 14:23:31.324,8512,129,4,64,False,0,car,0 days 01:20:16.911000,0 days 02:17:14.006000
2024-06-23 14:23:31.484,8890,136,4,72,False,0,car,0 days 01:20:17.071000,0 days 02:17:14.166000
2024-06-23 14:23:31.724,9272,143,4,76,False,0,car,0 days 01:20:17.311000,0 days 02:17:14.406000
2024-06-23 14:23:31.924,9766,149,4,79,False,0,car,0 days 01:20:17.511000,0 days 02:17:14.606000
2024-06-23 14:23:32.324,10543,164,4,88,False,0,car,0 days 01:20:17.911000,0 days 02:17:15.006000
2024-06-23 14:23:32.524,10953,167,4,90,False,0,car,0 days 01:20:18.111000,0 days 02:17:15.206000
2024-06-23 14:23:32.964,10967,189,4,100,False,0,car,0 days 01:20:18.551000,0 days 02:17:15.646000
2024-06-23 14:23:33.364,10686,200,5,100,False,0,car,0 days 01:20:18.951000,0 days 02:17:16.046000
2024-06-23 14:23:33.724,9990,195,5,0,True,0,car,0 days 01:20:19.311000,0 days 02:17:16.406000
2024-06-23 14:23:34.124,9908,164,5,0,True,0,car,0 days 01:20:19.711000,0 days 02:17:16.806000
2024-06-23 14:23:34.443,9179,149,4,0,True,0,car,0 days 01:20:20.030000,0 days 02:17:17.125000
2024-06-23 14:23:34.723,8731,149,4,0,True,0,car,0 days 01:20:20.310000,0 days 02:17:17.405000
2024-06-23 14:23:34.883,8419,136,4,0,True,0,car,0 days 01:20:20.470000,0 days 02:17:17.565000
2024-06-23 14:23:35.163,8093,131,4,0,True,0,car,0 days 01:20:20.750000,0 days 02:17:17.845000
2024-06-23 14:23:35.403,8011,127,4,0,False,0,car,0 days 01:20:20.990000,0 days 02:17:18.085000
2024-06-23 14:23:35.643,7680,123,4,0,False,0,car,0 days 01:20:21.230000,0 days 02:17:18.325000
2024-06-23 14:23:36.043,7437,118,4,0,False,0,car,0 days 01:20:21.630000,0 days 02:17:18.725000
2024-06-23 14:23:36.243,7299,116,4,0,False,0,car,0 days 01:20:21.830000,0 days 02:17:18.925000
2024-06-23 14:23:36.443,7198,114,4,0,False,0,car,0 days 01:20:22.030000,0 days 02:17:19.125000
2024-06-23 14:23:36.643,7326,113,4,11,False,0,car,0 days 01:20:22.230000,0 days 02:17:19.325000
2024-06-23 14:23:36.883,7226,113,4,30,False,0,car,0 days 01:20:22.470000,0 days 02:17:19.565000
2024-06-23 14:23:37.204,7477,116,4,43,False,0,car,0 days 01:20:22.791000,0 days 02:17:19.886000
2024-06-23 14:23:37.364,7749,119,4,49,False,0,car,0 days 01:20:22.951000,0 days 02:17:20.046000
2024-06-23 14:23:37.684,8185,124,4,58,False,0,car,0 days 01:20:23.271000,0 days 02:17:20.366000
2024-06-23 14:23:38.084,8648,133,4,61,False,0,car,0 days 01:20:23.671000,0 days 02:17:20.766000
2024-06-23 14:23:38.324,8946,139,4,70,False,0,car,0 days 01:20:23.911000,0 days 02:17:21.006000
2024-06-23 14:23:38.724,10005,146,4,81,False,0,car,0 days 01:20:24.311000,0 days 02:17:21.406000
2024-06-23 14:23:38.884,10635,161,4,90,False,0,car,0 days 01:20:24.471000,0 days 02:17:21.566000
2024-06-23 14:23:39.124,10879,170,4,100,False,0,car,0 days 01:20:24.711000,0 days 02:17:21.806000
2024-06-23 14:23:39.404,10918,181,4,100,False,0,car,0 days 01:20:24.991000,0 days 02:17:22.086000
2024-06-23 14:23:39.684,10488,189,5,100,False,0,car,0 days 01:20:25.271000,0 days 02:17:22.366000
2024-06-23 14:23:39.964,11022,200,5,100,False,0,car,0 days 01:20:25.551000,0 days 02:17:22.646000
2024-06-23 14:23:40.164,11268,209,5,100,False,0,car,0 days 01:20:25.751000,0 days 02:17:22.846000
2024-06-23 14:23:40.324,11515,212,5,100,False,0,car,0 days 01:20:25.911000,0 days 02:17:23.006000
2024-06-23 14:23:40.604,11837,221,5,100,False,0,car,0 days 01:20:26.191000,0 days 02:17:23.286000
2024-06-23 14:23:40.884,10490,227,6,87,False,0,car,0 days 01:20:26.471000,0 days 02:17:23.566000
2024-06-23 14:23:41.163,10806,233,6,92,False,0,car,0 days 01:20:26.750000,0 days 02:17:23.845000
2024-06-23 14:23:41.363,10958,237,6,92,False,0,car,0 days 01:20:26.950000,0 days 02:17:24.045000
2024-06-23 14:23:41.603,11058,239,6,85,False,0,car,0 days 01:20:27.190000,0 days 02:17:24.285000
2024-06-23 14:23:41.763,11077,239,6,85,False,0,car,0 days 01:20:27.350000,0 days 02:17:24.445000
2024-06-23 14:23:41.923,11172,242,6,100,False,0,car,0 days 01:20:27.510000,0 days 02:17:24.605000
2024-06-23 14:23:42.243,11348,247,6,100,False,0,car,0 days 01:20:27.830000,0 days 02:17:24.925000
2024-06-23 14:23:42.483,11509,248,6,100,False,0,car,0 days 01:20:28.070000,0 days 02:17:25.165000
2024-06-23 14:23:42.883,11686,253,6,100,False,0,car,0 days 01:20:28.470000,0 days 02:17:25.565000
2024-06-23 14:23:43.123,11089,256,6,100,False,0,car,0 days 01:20:28.710000,0 days 02:17:25.805000
2024-06-23 14:23:43.363,10395,259,7,100,False,0,car,0 days 01:20:28.950000,0 days 02:17:26.045000
2024-06-23 14:23:43.643,10594,262,7,100,False,0,car,0 days 01:20:29.230000,0 days 02:17:26.325000
2024-06-23 14:23:43.804,10623,265,7,100,False,0,car,0 days 01:20:29.391000,0 days 02:17:26.486000
2024-06-23 14:23:44.044,10721,267,7,100,False,0,car,0 days 01:20:29.631000,0 days 02:17:26.726000
2024-06-23 14:23:44.244,10669,268,7,100,False,0,car,0 days 01:20:29.831000,0 days 02:17:26.926000
2024-06-23 14:23:44.484,10590,262,7,0,True,0,car,0 days 01:20:30.071000,0 days 02:17:27.166000
2024-06-23 14:23:44.764,10353,254,7,0,False,0,car,0 days 01:20:30.351000,0 days 02:17:27.446000
2024-06-23 14:23:45.164,10902,241,6,25,False,0,car,0 days 01:20:30.751000,0 days 02:17:27.846000
2024-06-23 14:23:45.564,10807,236,6,68,False,0,car,0 days 01:20:31.151000,0 days 02:17:28.246000
2024-06-23 14:23:45.764,10872,234,6,71,False,0,car,0 days 01:20:31.351000,0 days 02:17:28.446000
2024-06-23 14:23:46.084,10891,238,6,89,False,0,car,0 days 01:20:31.671000,0 days 02:17:28.766000
2024-06-23 14:23:46.324,11101,239,6,98,False,0,car,0 days 01:20:31.911000,0 days 02:17:29.006000
2024-06-23 14:23:46.564,11242,242,6,100,False,0,car,0 days 01:20:32.151000,0 days 02:17:29.246000
2024-06-23 14:23:46.844,11378,245,6,100,False,0,car,0 days 01:20:32.431000,0 days 02:17:29.526000
2024-06-23 14:23:47.124,11464,248,6,100,False,0,car,0 days 01:20:32.711000,0 days 02:17:29.806000
2024-06-23 14:23:47.404,11577,252,6,100,False,0,car,0 days 01:20:32.991000,0 days 02:17:30.086000
2024-06-23 14:23:47.763,10910,258,6,100,False,0,car,0 days 01:20:33.350000,0 days 02:17:30.445000
2024-06-23 14:23:48.083,10467,262,7,100,False,0,car,0 days 01:20:33.670000,0 days 02:17:30.765000
2024-06-23 14:23:48.283,10618,265,7,100,False,0,car,0 days 01:20:33.870000,0 days 02:17:30.965000
2024-06-23 14:23:48.563,10774,269,7,100,False,0,car,0 days 01:20:34.150000,0 days 02:17:31.245000
2024-06-23 14:23:48.843,10862,272,7,100,False,0,car,0 days 01:20:34.430000,0 days 02:17:31.525000
2024-06-23 14:23:49.283,11055,275,7,100,False,0,car,0 days 01:20:34.870000,0 days 02:17:31.965000
2024-06-23 14:23:49.443,11100,278,7,100,False,0,car,0 days 01:20:35.030000,0 days 02:17:32.125000
2024-06-23 14:23:49.683,11219,279,7,100,False,0,car,0 days 01:20:35.270000,0 days 02:17:32.365000
2024-06-23 14:23:49.883,11283,281,7,100,False,0,car,0 days 01:20:35.470000,0 days 02:17:32.565000
2024-06-23 14:23:50.043,11317,283,7,100,False,0,car,0 days 01:20:35.630000,0 days 02:17:32.725000
2024-06-23 14:23:50.284,11446,285,7,100,False,0,car,0 days 01:20:35.871000,0 days 02:17:32.966000
2024-06-23 14:23:50.684,11537,289,7,100,False,0,car,0 days 01:20:36.271000,0 days 02:17:33.366000
2024-06-23 14:23:51.124,11646,290,7,100,False,0,car,0 days 01:20:36.711000,0 days 02:17:33.806000
2024-06-23 14:23:51.324,11675,291,7,100,False,0,car,0 days 01:20:36.911000,0 days 02:17:34.006000
2024-06-23 14:23:51.484,11711,294,7,100,False,0,car,0 days 01:20:37.071000,0 days 02:17:34.166000
2024-06-23 14:23:51.964,10478,296,8,100,False,0,car,0 days 01:20:37.551000,0 days 02:17:34.646000
2024-06-23 14:23:52.204,10573,297,8,100,False,0,car,0 days 01:20:37.791000,0 days 02:17:34.886000
2024-06-23 14:23:52.564,10629,298,8,100,False,0,car,0 days 01:20:38.151000,0 days 02:17:35.246000
2024-06-23 14:23:52.964,10671,300,8,100,False,0,car,0 days 01:20:38.551000,0 days 02:17:35.646000
2024-06-23 14:23:53.164,10693,301,8,100,False,0,car,0 days 01:20:38.751000,0 days 02:17:35.846000
2024-06-23 14:23:53.364,10731,302,8,100,False,0,car,0 days 01:20:38.951000,0 days 02:17:36.046000
2024-06-23 14:23:53.524,10750,302,8,100,False,0,car,0 days 01:20:39.111000,0 days 02:17:36.206000
2024-06-23 14:23:53.724,10786,303,8,100,False,0,car,0 days 01:20:39.311000,0 days 02:17:36.406000
2024-06-23 14:23:53.924,10803,303,8,100,False,0,car,0 days 01:20:39.511000,0 days 02:17:36.606000
2024-06-23 14:23:54.124,10808,304,8,100,False,0,car,0 days 01:20:39.711000,0 days 02:17:36.806000
2024-06-23 14:23:54.404,10824,304,8,100,False,0,car,0 days 01:20:39.991000,0 days 02:17:37.086000
2024-06-23 14:23:54.603,10828,305,8,100,False,0,car,0 days 01:20:40.190000,0 days 02:17:37.285000
2024-06-23 14:23:54.763,10848,305,8,100,False,0,car,0 days 01:20:40.350000,0 days 02:17:37.445000
2024-06-23 14:23:55.083,10856,306,8,100,False,0,car,0 days 01:20:40.670000,0 days 02:17:37.765000
2024-06-23 14:23:55.363,10878,305,8,100,False,0,car,0 days 01:20:40.950000,0 days 02:17:38.045000
2024-06-23 14:23:55.603,10887,306,8,100,False,0,car,0 days 01:20:41.190000,0 days 02:17:38.285000
2024-06-23 14:23:55.763,10921,306,8,100,False,0,car,0 days 01:20:41.350000,0 days 02:17:38.445000
2024-06-23 14:23:56.003,10929,307,8,100,False,0,car,0 days 01:20:41.590000,0 days 02:17:38.685000
2024-06-23 14:23:56.163,10927,308,8,100,False,0,car,0 days 01:20:41.750000,0 days 02:17:38.845000
2024-06-23 14:23:56.403,10943,308,8,100,False,0,car,0 days 01:20:41.990000,0 days 02:17:39.085000
2024-06-23 14:23:56.643,10974,308,8,100,False,0,car,0 days 01:20:42.230000,0 days 02:17:39.325000
2024-06-23 14:23:57.004,10984,308,8,100,False,0,car,0 days 01:20:42.591000,0 days 02:17:39.686000
2024-06-23 14:23:57.204,10987,308,8,100,False,0,car,0 days 01:20:42.791000,0 days 02:17:39.886000
2024-06-23 14:23:57.524,10978,308,8,100,False,0,car,0 days 01:20:43.111000,0 days 02:17:40.206000
2024-06-23 14:23:57.884,10888,308,8,100,False,0,car,0 days 01:20:43.471000,0 days 02:17:40.566000
2024-06-23 14:23:58.284,10825,307,8,65,False,0,car,0 days 01:20:43.871000,0 days 02:17:40.966000
2024-06-23 14:23:58.764,9943,285,8,0,True,0,car,0 days 01:20:44.351000,0 days 02:17:41.446000
2024-06-23 14:23:58.964,9663,263,8,0,True,0,car,0 days 01:20:44.551000,0 days 02:17:41.646000
2024-06-23 14:23:59.164,8985,248,8,0,True,0,car,0 days 01:20:44.751000,0 days 02:17:41.846000
2024-06-23 14:23:59.404,9274,215,8,0,True,0,car,0 days 01:20:44.991000,0 days 02:17:42.086000
2024-06-23 14:23:59.684,8936,186,6,0,True,0,car,0 days 01:20:45.271000,0 days 02:17:42.366000
2024-06-23 14:23:59.924,9096,175,5,0,True,0,car,0 days 01:20:45.511000,0 days 02:17:42.606000
2024-06-23 14:24:00.124,9408,166,5,0,True,0,car,0 days 01:20:45.711000,0 days 02:17:42.806000
2024-06-23 14:24:00.284,9766,160,4,0,True,0,car,0 days 01:20:45.871000,0 days 02:17:42.966000
2024-06-23 14:24:00.604,9430,152,4,0,False,0,car,0 days 01:20:46.191000,0 days 02:17:43.286000
2024-06-23 14:24:00.804,9122,149,4,0,False,0,car,0 days 01:20:46.391000,0 days 02:17:43.486000
2024-06-23 14:24:00.964,9149,143,4,0,False,0,car,0 days 01:20:46.551000,0 days 02:17:43.646000
2024-06-23 14:24:01.203,9042,141,4,32,False,0,car,0 days 01:20:46.790000,0 days 02:17:43.885000
2024-06-23 14:24:01.403,9059,142,4,51,False,0,car,0 days 01:20:46.990000,0 days 02:17:44.085000
2024-06-23 14:24:01.603,9174,144,4,54,False,0,car,0 days 01:20:47.190000,0 days 02:17:44.285000
2024-06-23 14:24:02.043,9647,153,4,70,False,0,car,0 days 01:20:47.630000,0 days 02:17:44.725000
2024-06-23 14:24:02.283,9917,158,4,72,False,0,car,0 days 01:20:47.870000,0 days 02:17:44.965000
2024-06-23 14:24:02.443,9217,164,4,63,False,0,car,0 days 01:20:48.030000,0 days 02:17:45.125000
2024-06-23 14:24:02.643,8781,164,5,53,False,0,car,0 days 01:20:48.230000,0 days 02:17:45.325000
2024-06-23 14:24:02.803,8843,165,5,54,False,0,car,0 days 01:20:48.390000,0 days 02:17:45.485000
2024-06-23 14:24:03.003,8912,165,5,60,False,0,car,0 days 01:20:48.590000,0 days 02:17:45.685000
2024-06-23 14:24:03.283,9221,171,5,67,False,0,car,0 days 01:20:48.870000,0 days 02:17:45.965000
2024-06-23 14:24:03.724,9606,177,5,71,False,0,car,0 days 01:20:49.311000,0 days 02:17:46.406000
2024-06-23 14:24:04.084,9900,185,5,82,False,0,car,0 days 01:20:49.671000,0 days 02:17:46.766000
2024-06-23 14:24:04.324,10451,188,5,100,False,0,car,0 days 01:20:49.911000,0 days 02:17:47.006000
2024-06-23 14:24:04.684,10864,202,5,100,False,0,car,0 days 01:20:50.271000,0 days 02:17:47.366000
2024-06-23 14:24:04.964,11281,212,5,100,False,0,car,0 days 01:20:50.551000,0 days 02:17:47.646000
2024-06-23 14:24:05.324,11098,218,5,75,False,0,car,0 days 01:20:50.911000,0 days 02:17:48.006000
2024-06-23 14:24:05.724,10171,221,6,80,False,0,car,0 days 01:20:51.311000,0 days 02:17:48.406000
2024-06-23 14:24:05.924,10006,222,6,68,False,0,car,0 days 01:20:51.511000,0 days 02:17:48.606000
2024-06-23 14:24:06.284,9788,215,6,28,False,0,car,0 days 01:20:51.871000,0 days 02:17:48.966000
2024-06-23 14:24:06.524,9701,211,6,50,False,0,car,0 days 01:20:52.111000,0 days 02:17:49.206000
2024-06-23 14:24:06.844,9780,211,6,75,False,0,car,0 days 01:20:52.431000,0 days 02:17:49.526000
2024-06-23 14:24:07.124,9989,214,6,81,False,0,car,0 days 01:20:52.711000,0 days 02:17:49.806000
2024-06-23 14:24:07.324,9978,216,6,82,False,0,car,0 days 01:20:52.911000,0 days 02:17:50.006000
2024-06-23 14:24:07.684,10444,222,6,100,False,0,car,0 days 01:20:53.271000,0 days 02:17:50.366000
2024-06-23 14:24:07.963,10677,229,6,100,False,0,car,0 days 01:20:53.550000,0 days 02:17:50.645000
2024-06-23 14:24:08.163,10835,234,6,100,False,0,car,0 days 01:20:53.750000,0 days 02:17:50.845000
2024-06-23 14:24:08.443,11008,236,6,100,False,0,car,0 days 01:20:54.030000,0 days 02:17:51.125000
2024-06-23 14:24:08.883,11314,244,6,100,False,0,car,0 days 01:20:54.470000,0 days 02:17:51.565000
2024-06-23 14:24:09.043,11373,245,6,100,False,0,car,0 days 01:20:54.630000,0 days 02:17:51.725000
2024-06-23 14:24:09.203,11473,248,6,100,False,0,car,0 days 01:20:54.790000,0 days 02:17:51.885000
2024-06-23 14:24:09.443,11574,253,6,100,False,0,car,0 days 01:20:55.030000,0 days 02:17:52.125000
2024-06-23 14:24:09.803,11813,257,6,100,False,0,car,0 days 01:20:55.390000,0 days 02:17:52.485000
2024-06-23 14:24:10.084,10638,261,7,100,False,0,car,0 days 01:20:55.671000,0 days 02:17:52.766000
2024-06-23 14:24:10.364,10644,266,7,100,False,0,car,0 days 01:20:55.951000,0 days 02:17:53.046000
2024-06-23 14:24:10.644,10752,267,7,100,False,0,car,0 days 01:20:56.231000,0 days 02:17:53.326000
2024-06-23 14:24:10.844,10850,270,7,100,False,0,car,0 days 01:20:56.431000,0 days 02:17:53.526000
2024-06-23 14:24:11.124,10983,274,7,100,False,0,car,0 days 01:20:56.711000,0 days 02:17:53.806000
2024-06-23 14:24:11.444,11125,276,7,100,False,0,car,0 days 01:20:57.031000,0 days 02:17:54.126000
2024-06-23 14:24:11.724,11215,281,7,100,False,0,car,0 days 01:20:57.311000,0 days 02:17:54.406000
2024-06-23 14:24:11.964,11234,283,7,100,False,0,car,0 days 01:20:57.551000,0 days 02:17:54.646000
2024-06-23 14:24:12.204,11404,284,7,100,False,0,car,0 days 01:20:57.791000,0 days 02:17:54.886000
2024-06-23 14:24:12.524,11440,286,7,100,False,0,car,0 days 01:20:58.111000,0 days 02:17:55.206000
2024-06-23 14:24:12.844,11440,286,7,100,False,0,car,0 days 01:20:58.431000,0 days 02:17:55.526000
2024-06-23 14:24:13.084,11050,279,7,0,True,0,car,0 days 01:20:58.671000,0 days 02:17:55.766000
2024-06-23 14:24:13.284,10938,266,7,0,True,0,car,0 days 01:20:58.871000,0 days 02:17:55.966000
2024-06-23 14:24:13.444,10238,243,7,0,True,0,car,0 days 01:20:59.031000,0 days 02:17:56.126000
2024-06-23 14:24:13.764,9767,210,7,0,True,0,car,0 days 01:20:59.351000,0 days 02:17:56.446000
2024-06-23 14:24:14.164,9572,184,6,0,True,0,car,0 days 01:20:59.751000,0 days 02:17:56.846000
2024-06-23 14:24:14.524,8812,170,5,0,True,0,car,0 days 01:21:00.111000,0 days 02:17:57.206000
2024-06-23 14:24:14.803,9685,159,5,0,True,0,car,0 days 01:21:00.390000,0 days 02:17:57.485000
2024-06-23 14:24:15.123,9250,151,4,0,True,0,car,0 days 01:21:00.710000,0 days 02:17:57.805000
2024-06-23 14:24:15.363,8902,142,4,0,True,0,car,0 days 01:21:00.950000,0 days 02:17:58.045000
2024-06-23 14:24:15.603,8557,140,4,0,True,0,car,0 days 01:21:01.190000,0 days 02:17:58.285000
2024-06-23 14:24:15.843,8355,132,4,0,False,0,car,0 days 01:21:01.430000,0 days 02:17:58.525000
2024-06-23 14:24:16.003,8241,131,4,0,False,0,car,0 days 01:21:01.590000,0 days 02:17:58.685000
2024-06-23 14:24:16.283,8370,129,4,43,False,0,car,0 days 01:21:01.870000,0 days 02:17:58.965000
2024-06-23 14:24:16.443,8351,131,4,48,False,0,car,0 days 01:21:02.030000,0 days 02:17:59.125000
2024-06-23 14:24:16.684,8625,133,4,54,False,0,car,0 days 01:21:02.271000,0 days 02:17:59.366000
2024-06-23 14:24:16.924,8876,136,4,59,False,0,car,0 days 01:21:02.511000,0 days 02:17:59.606000
2024-06-23 14:24:17.204,9219,142,4,63,False,0,car,0 days 01:21:02.791000,0 days 02:17:59.886000
2024-06-23 14:24:17.364,9606,146,4,72,False,0,car,0 days 01:21:02.951000,0 days 02:18:00.046000
2024-06-23 14:24:17.644,10042,154,4,78,False,0,car,0 days 01:21:03.231000,0 days 02:18:00.326000
2024-06-23 14:24:17.924,10524,159,4,75,False,0,car,0 days 01:21:03.511000,0 days 02:18:00.606000
2024-06-23 14:24:18.284,11191,174,4,100,False,0,car,0 days 01:21:03.871000,0 days 02:18:00.966000
2024-06-23 14:24:18.444,11435,178,4,100,False,0,car,0 days 01:21:04.031000,0 days 02:18:01.126000
2024-06-23 14:24:18.684,10181,188,5,100,False,0,car,0 days 01:21:04.271000,0 days 02:18:01.366000
2024-06-23 14:24:18.964,10621,198,5,100,False,0,car,0 days 01:21:04.551000,0 days 02:18:01.646000
2024-06-23 14:24:19.284,11158,207,5,100,False,0,car,0 days 01:21:04.871000,0 days 02:18:01.966000
2024-06-23 14:24:19.484,11379,212,5,100,False,0,car,0 days 01:21:05.071000,0 days 02:18:02.166000
2024-06-23 14:24:19.724,11656,215,5,100,False,0,car,0 days 01:21:05.311000,0 days 02:18:02.406000
2024-06-23 14:24:19.884,11485,221,5,100,False,0,car,0 days 01:21:05.471000,0 days 02:18:02.566000
2024-06-23 14:24:20.124,10303,227,5,100,False,0,car,0 days 01:21:05.711000,0 days 02:18:02.806000
2024-06-23 14:24:20.364,10731,233,6,100,False,0,car,0 days 01:21:05.951000,0 days 02:18:03.046000
2024-06-23 14:24:20.604,10869,238,6,100,False,0,car,0 days 01:21:06.191000,0 days 02:18:03.286000
2024-06-23 14:24:21.044,11078,241,6,100,False,0,car,0 days 01:21:06.631000,0 days 02:18:03.726000
2024-06-23 14:24:21.363,10371,226,6,0,True,0,car,0 days 01:21:06.950000,0 days 02:18:04.045000
2024-06-23 14:24:21.563,9531,203,6,0,True,0,car,0 days 01:21:07.150000,0 days 02:18:04.245000
2024-06-23 14:24:21.763,9739,181,6,0,True,0,car,0 days 01:21:07.350000,0 days 02:18:04.445000
2024-06-23 14:24:21.963,9319,165,5,0,True,0,car,0 days 01:21:07.550000,0 days 02:18:04.645000
2024-06-23 14:24:22.163,9472,151,5,0,True,0,car,0 days 01:21:07.750000,0 days 02:18:04.845000
2024-06-23 14:24:22.523,9598,135,4,0,True,0,car,0 days 01:21:08.110000,0 days 02:18:05.205000
2024-06-23 14:24:22.723,9110,128,3,0,True,0,car,0 days 01:21:08.310000,0 days 02:18:05.405000
2024-06-23 14:24:22.883,8783,122,3,0,True,0,car,0 days 01:21:08.470000,0 days 02:18:05.565000
2024-06-23 14:24:23.043,8572,116,3,0,True,0,car,0 days 01:21:08.630000,0 days 02:18:05.725000
2024-06-23 14:24:23.244,8268,112,3,0,True,0,car,0 days 01:21:08.831000,0 days 02:18:05.926000
2024-06-23 14:24:23.644,7779,103,3,0,True,0,car,0 days 01:21:09.231000,0 days 02:18:06.326000
2024-06-23 14:24:23.804,7359,101,3,0,True,0,car,0 days 01:21:09.391000,0 days 02:18:06.486000
2024-06-23 14:24:24.124,6867,96,3,0,True,0,car,0 days 01:21:09.711000,0 days 02:18:06.806000
2024-06-23 14:24:24.284,6760,91,3,0,False,0,car,0 days 01:21:09.871000,0 days 02:18:06.966000
2024-06-23 14:24:24.684,6869,91,3,25,False,0,car,0 days 01:21:10.271000,0 days 02:18:07.366000
2024-06-23 14:24:24.844,7041,93,3,29,False,0,car,0 days 01:21:10.431000,0 days 02:18:07.526000
2024-06-23 14:24:25.044,7213,95,3,36,False,0,car,0 days 01:21:10.631000,0 days 02:18:07.726000
2024-06-23 14:24:25.324,7575,99,3,42,False,0,car,0 days 01:21:10.911000,0 days 02:18:08.006000
2024-06-23 14:24:25.684,8380,107,3,53,False,0,car,0 days 01:21:11.271000,0 days 02:18:08.366000
2024-06-23 14:24:25.924,8859,112,3,59,False,0,car,0 days 01:21:11.511000,0 days 02:18:08.606000
2024-06-23 14:24:26.124,9011,119,3,62,False,0,car,0 days 01:21:11.711000,0 days 02:18:08.806000
2024-06-23 14:24:26.604,10133,140,3,85,False,0,car,0 days 01:21:12.191000,0 days 02:18:09.286000
2024-06-23 14:24:26.804,10009,149,4,100,False,0,car,0 days 01:21:12.391000,0 days 02:18:09.486000
2024-06-23 14:24:27.044,10292,164,4,100,False,0,car,0 days 01:21:12.631000,0 days 02:18:09.726000
2024-06-23 14:24:27.244,11142,175,4,100,False,0,car,0 days 01:21:12.831000,0 days 02:18:09.926000
2024-06-23 14:24:27.564,10475,187,4,100,False,0,car,0 days 01:21:13.151000,0 days 02:18:10.246000
2024-06-23 14:24:27.724,10227,190,5,100,False,0,car,0 days 01:21:13.311000,0 days 02:18:10.406000
2024-06-23 14:24:27.924,10623,198,5,100,False,0,car,0 days 01:21:13.511000,0 days 02:18:10.606000
2024-06-23 14:24:28.163,10921,208,5,100,False,0,car,0 days 01:21:13.750000,0 days 02:18:10.845000
2024-06-23 14:24:28.443,11450,217,5,100,False,0,car,0 days 01:21:14.030000,0 days 02:18:11.125000
2024-06-23 14:24:28.603,11729,220,5,100,False,0,car,0 days 01:21:14.190000,0 days 02:18:11.285000
2024-06-23 14:24:28.843,10934,228,5,100,False,0,car,0 days 01:21:14.430000,0 days 02:18:11.525000
2024-06-23 14:24:29.003,10536,230,5,100,False,0,car,0 days 01:21:14.590000,0 days 02:18:11.685000
2024-06-23 14:24:29.203,10797,235,6,100,False,0,car,0 days 01:21:14.790000,0 days 02:18:11.885000
2024-06-23 14:24:29.483,11109,241,6,100,False,0,car,0 days 01:21:15.070000,0 days 02:18:12.165000
2024-06-23 14:24:29.884,11332,249,6,100,False,0,car,0 days 01:21:15.471000,0 days 02:18:12.566000
2024-06-23 14:24:30.084,11494,251,6,100,False,0,car,0 days 01:21:15.671000,0 days 02:18:12.766000
2024-06-23 14:24:30.244,11526,253,6,100,False,0,car,0 days 01:21:15.831000,0 days 02:18:12.926000
2024-06-23 14:24:30.444,11580,254,6,100,False,0,car,0 days 01:21:16.031000,0 days 02:18:13.126000
2024-06-23 14:24:30.684,11708,251,6,0,True,0,car,0 days 01:21:16.271000,0 days 02:18:13.366000
2024-06-23 14:24:30.844,11008,236,6,0,True,0,car,0 days 01:21:16.431000,0 days 02:18:13.526000
2024-06-23 14:24:31.044,10142,225,6,0,True,0,car,0 days 01:21:16.631000,0 days 02:18:13.726000
2024-06-23 14:24:31.324,9752,204,6,0,True,0,car,0 days 01:21:16.911000,0 days 02:18:14.006000
2024-06-23 14:24:31.644,9448,172,5,0,True,0,car,0 days 01:21:17.231000,0 days 02:18:14.326000
2024-06-23 14:24:31.884,9724,160,4,0,True,0,car,0 days 01:21:17.471000,0 days 02:18:14.566000
2024-06-23 14:24:32.044,9475,154,4,0,True,0,car,0 days 01:21:17.631000,0 days 02:18:14.726000
2024-06-23 14:24:32.204,9466,154,4,0,False,0,car,0 days 01:21:17.791000,0 days 02:18:14.886000
2024-06-23 14:24:32.444,9218,145,4,0,False,0,car,0 days 01:21:18.031000,0 days 02:18:15.126000
2024-06-23 14:24:32.724,8820,144,4,0,False,0,car,0 days 01:21:18.311000,0 days 02:18:15.406000
2024-06-23 14:24:33.084,8832,138,4,34,False,0,car,0 days 01:21:18.671000,0 days 02:18:15.766000
2024-06-23 14:24:33.244,8686,137,4,41,False,0,car,0 days 01:21:18.831000,0 days 02:18:15.926000
2024-06-23 14:24:33.404,8753,137,4,46,False,0,car,0 days 01:21:18.991000,0 days 02:18:16.086000
2024-06-23 14:24:33.684,9111,140,4,59,False,0,car,0 days 01:21:19.271000,0 days 02:18:16.366000
2024-06-23 14:24:33.844,9120,142,4,62,False,0,car,0 days 01:21:19.431000,0 days 02:18:16.526000
2024-06-23 14:24:34.124,9633,150,4,76,False,0,car,0 days 01:21:19.711000,0 days 02:18:16.806000
2024-06-23 14:24:34.284,10350,159,4,100,False,0,car,0 days 01:21:19.871000,0 days 02:18:16.966000
2024-06-23 14:24:34.484,10733,169,4,100,False,0,car,0 days 01:21:20.071000,0 days 02:18:17.166000
2024-06-23 14:24:34.724,11539,176,4,100,False,0,car,0 days 01:21:20.311000,0 days 02:18:17.406000
2024-06-23 14:24:34.883,11346,180,4,100,False,0,car,0 days 01:21:20.470000,0 days 02:18:17.565000
2024-06-23 14:24:35.043,10411,180,4,100,False,0,car,0 days 01:21:20.630000,0 days 02:18:17.725000
2024-06-23 14:24:35.363,10719,199,5,100,False,0,car,0 days 01:21:20.950000,0 days 02:18:18.045000
2024-06-23 14:24:35.643,11022,208,5,100,False,0,car,0 days 01:21:21.230000,0 days 02:18:18.325000
2024-06-23 14:24:35.843,11307,213,5,100,False,0,car,0 days 01:21:21.430000,0 days 02:18:18.525000
2024-06-23 14:24:36.243,11683,223,5,100,False,0,car,0 days 01:21:21.830000,0 days 02:18:18.925000
2024-06-23 14:24:36.444,11683,228,5,100,False,0,car,0 days 01:21:22.031000,0 days 02:18:19.126000
2024-06-23 14:24:36.804,10775,235,6,100,False,0,car,0 days 01:21:22.391000,0 days 02:18:19.486000
2024-06-23 14:24:37.044,10996,241,6,100,False,0,car,0 days 01:21:22.631000,0 days 02:18:19.726000
2024-06-23 14:24:37.284,11160,244,6,100,False,0,car,0 days 01:21:22.871000,0 days 02:18:19.966000
2024-06-23 14:24:37.484,11237,246,6,100,False,0,car,0 days 01:21:23.071000,0 days 02:18:20.166000
2024-06-23 14:24:37.804,10863,243,6,0,False,0,car,0 days 01:21:23.391000,0 days 02:18:20.486000
2024-06-23 14:24:38.204,10675,234,6,0,False,0,car,0 days 01:21:23.791000,0 days 02:18:20.886000
2024-06-23 14:24:38.404,10396,229,6,0,False,0,car,0 days 01:21:23.991000,0 days 02:18:21.086000
2024-06-23 14:24:38.724,10042,225,6,23,False,0,car,0 days 01:21:24.311000,0 days 02:18:21.406000
2024-06-23 14:24:38.964,9897,217,6,58,False,0,car,0 days 01:21:24.551000,0 days 02:18:21.646000
2024-06-23 14:24:39.164,10048,218,6,80,False,0,car,0 days 01:21:24.751000,0 days 02:18:21.846000
2024-06-23 14:24:39.364,10238,220,6,86,False,0,car,0 days 01:21:24.951000,0 days 02:18:22.046000
2024-06-23 14:24:39.644,10429,224,6,100,False,0,car,0 days 01:21:25.231000,0 days 02:18:22.326000
2024-06-23 14:24:39.964,10673,231,6,100,False,0,car,0 days 01:21:25.551000,0 days 02:18:22.646000
2024-06-23 14:24:40.164,10806,235,6,100,False,0,car,0 days 01:21:25.751000,0 days 02:18:22.846000
2024-06-23 14:24:40.364,10976,238,6,100,False,0,car,0 days 01:21:25.951000,0 days 02:18:23.046000
2024-06-23 14:24:40.604,11157,239,6,100,False,0,car,0 days 01:21:26.191000,0 days 02:18:23.286000
2024-06-23 14:24:40.964,11546,249,6,100,False,0,car,0 days 01:21:26.551000,0 days 02:18:23.646000
2024-06-23 14:24:41.124,11565,249,6,100,False,0,car,0 days 01:21:26.711000,0 days 02:18:23.806000
2024-06-23 14:24:41.284,11609,252,6,100,False,0,car,0 days 01:21:26.871000,0 days 02:18:23.966000
2024-06-23 14:24:41.524,11742,255,6,100,False,0,car,0 days 01:21:27.111000,0 days 02:18:24.206000
2024-06-23 14:24:41.763,10980,262,6,100,False,0,car,0 days 01:21:27.350000,0 days 02:18:24.445000
2024-06-23 14:24:42.163,10713,265,7,100,False,0,car,0 days 01:21:27.750000,0 days 02:18:24.845000
2024-06-23 14:24:42.323,10753,268,7,100,False,0,car,0 days 01:21:27.910000,0 days 02:18:25.005000
2024-06-23 14:24:42.563,10885,272,7,100,False,0,car,0 days 01:21:28.150000,0 days 02:18:25.245000
2024-06-23 14:24:42.763,10994,274,7,100,False,0,car,0 days 01:21:28.350000,0 days 02:18:25.445000
2024-06-23 14:24:42.924,11045,275,7,100,False,0,car,0 days 01:21:28.511000,0 days 02:18:25.606000
2024-06-23 14:24:43.124,11108,277,7,100,False,0,car,0 days 01:21:28.711000,0 days 02:18:25.806000
2024-06-23 14:24:43.324,11148,280,7,100,False,0,car,0 days 01:21:28.911000,0 days 02:18:26.006000
2024-06-23 14:24:43.484,11260,280,7,100,False,0,car,0 days 01:21:29.071000,0 days 02:18:26.166000
2024-06-23 14:24:43.804,11363,284,7,100,False,0,car,0 days 01:21:29.391000,0 days 02:18:26.486000
2024-06-23 14:24:44.124,11451,284,7,100,False,0,car,0 days 01:21:29.711000,0 days 02:18:26.806000
2024-06-23 14:24:44.404,11540,288,7,100,False,0,car,0 days 01:21:29.991000,0 days 02:18:27.086000
2024-06-23 14:24:44.564,11572,289,7,100,False,0,car,0 days 01:21:30.151000,0 days 02:18:27.246000
2024-06-23 14:24:44.724,11592,290,7,100,False,0,car,0 days 01:21:30.311000,0 days 02:18:27.406000
2024-06-23 14:24:45.044,11542,290,7,100,False,0,car,0 days 01:21:30.631000,0 days 02:18:27.726000
2024-06-23 14:24:45.404,10862,278,7,0,True,0,car,0 days 01:21:30.991000,0 days 02:18:28.086000
2024-06-23 14:24:45.844,9278,249,7,0,True,0,car,0 days 01:21:31.431000,0 days 02:18:28.526000
2024-06-23 14:24:46.164,9010,191,6,0,True,0,car,0 days 01:21:31.751000,0 days 02:18:28.846000
2024-06-23 14:24:46.524,9303,168,5,0,True,0,car,0 days 01:21:32.111000,0 days 02:18:29.206000
2024-06-23 14:24:46.804,9626,150,4,0,True,0,car,0 days 01:21:32.391000,0 days 02:18:29.486000
2024-06-23 14:24:47.124,8562,138,4,0,True,0,car,0 days 01:21:32.711000,0 days 02:18:29.806000
2024-06-23 14:24:47.364,9284,129,3,0,True,0,car,0 days 01:21:32.951000,0 days 02:18:30.046000
2024-06-23 14:24:47.524,9074,125,3,0,True,0,car,0 days 01:21:33.111000,0 days 02:18:30.206000
2024-06-23 14:24:47.684,8843,123,3,0,True,0,car,0 days 01:21:33.271000,0 days 02:18:30.366000
2024-06-23 14:24:47.924,8484,116,3,0,True,0,car,0 days 01:21:33.511000,0 days 02:18:30.606000
2024-06-23 14:24:48.084,8260,114,3,0,True,0,car,0 days 01:21:33.671000,0 days 02:18:30.766000
2024-06-23 14:24:48.244,8212,111,3,0,False,0,car,0 days 01:21:33.831000,0 days 02:18:30.926000
2024-06-23 14:24:48.483,7968,109,3,0,False,0,car,0 days 01:21:34.070000,0 days 02:18:31.165000
2024-06-23 14:24:48.643,8006,107,3,0,False,0,car,0 days 01:21:34.230000,0 days 02:18:31.325000
2024-06-23 14:24:48.843,7881,105,3,0,False,0,car,0 days 01:21:34.430000,0 days 02:18:31.525000
2024-06-23 14:24:49.043,7649,103,3,0,False,0,car,0 days 01:21:34.630000,0 days 02:18:31.725000
2024-06-23 14:24:49.323,7759,101,3,12,False,0,car,0 days 01:21:34.910000,0 days 02:18:32.005000
2024-06-23 14:24:49.524,7645,100,3,28,False,0,car,0 days 01:21:35.111000,0 days 02:18:32.206000
2024-06-23 14:24:49.844,7845,104,3,38,False,0,car,0 days 01:21:35.431000,0 days 02:18:32.526000
2024-06-23 14:24:50.004,8150,105,3,44,False,0,car,0 days 01:21:35.591000,0 days 02:18:32.686000
2024-06-23 14:24:50.324,8481,111,3,48,False,0,car,0 days 01:21:35.911000,0 days 02:18:33.006000
2024-06-23 14:24:50.604,8218,117,3,57,False,0,car,0 days 01:21:36.191000,0 days 02:18:33.286000
2024-06-23 14:24:51.044,8418,132,4,69,False,0,car,0 days 01:21:36.631000,0 days 02:18:33.726000
2024-06-23 14:24:51.244,8892,139,4,75,False,0,car,0 days 01:21:36.831000,0 days 02:18:33.926000
2024-06-23 14:24:51.524,9666,147,4,84,False,0,car,0 days 01:21:37.111000,0 days 02:18:34.206000
2024-06-23 14:24:51.924,10566,162,4,89,False,0,car,0 days 01:21:37.511000,0 days 02:18:34.606000
2024-06-23 14:24:52.084,10840,171,4,100,False,0,car,0 days 01:21:37.671000,0 days 02:18:34.766000
2024-06-23 14:24:52.284,11458,176,4,100,False,0,car,0 days 01:21:37.871000,0 days 02:18:34.966000
2024-06-23 14:24:52.724,10521,192,4,100,False,0,car,0 days 01:21:38.311000,0 days 02:18:35.406000
2024-06-23 14:24:52.884,10637,198,5,100,False,0,car,0 days 01:21:38.471000,0 days 02:18:35.566000
2024-06-23 14:24:53.164,10823,202,5,0,False,0,car,0 days 01:21:38.751000,0 days 02:18:35.846000
2024-06-23 14:24:53.564,9300,175,5,0,True,0,car,0 days 01:21:39.151000,0 days 02:18:36.246000
2024-06-23 14:24:53.764,8881,164,5,0,True,0,car,0 days 01:21:39.351000,0 days 02:18:36.446000
2024-06-23 14:24:54.044,9355,149,5,0,True,0,car,0 days 01:21:39.631000,0 days 02:18:36.726000
2024-06-23 14:24:54.204,8881,145,4,0,True,0,car,0 days 01:21:39.791000,0 days 02:18:36.886000
2024-06-23 14:24:54.444,8607,135,4,0,True,0,car,0 days 01:21:40.031000,0 days 02:18:37.126000
2024-06-23 14:24:54.684,8057,130,4,0,True,0,car,0 days 01:21:40.271000,0 days 02:18:37.366000
2024-06-23 14:24:54.844,7805,124,4,0,True,0,car,0 days 01:21:40.431000,0 days 02:18:37.526000
2024-06-23 14:24:55.163,7466,119,4,0,True,0,car,0 days 01:21:40.750000,0 days 02:18:37.845000
2024-06-23 14:24:55.563,6904,114,4,0,False,0,car,0 days 01:21:41.150000,0 days 02:18:38.245000
2024-06-23 14:24:56.324,7255,110,4,39,False,0,car,0 days 01:21:41.911000,0 days 02:18:39.006000
2024-06-23 14:24:56.564,7391,114,4,42,False,0,car,0 days 01:21:42.151000,0 days 02:18:39.246000
2024-06-23 14:24:56.844,7523,117,4,44,False,0,car,0 days 01:21:42.431000,0 days 02:18:39.526000
2024-06-23 14:24:57.084,7827,121,4,53,False,0,car,0 days 01:21:42.671000,0 days 02:18:39.766000
2024-06-23 14:24:57.404,8217,125,4,57,False,0,car,0 days 01:21:42.991000,0 days 02:18:40.086000
2024-06-23 14:24:57.604,8416,132,4,61,False,0,car,0 days 01:21:43.191000,0 days 02:18:40.286000
2024-06-23 14:24:57.844,7627,136,4,65,False,0,car,0 days 01:21:43.431000,0 days 02:18:40.526000
2024-06-23 14:24:58.004,7825,142,5,71,False,0,car,0 days 01:21:43.591000,0 days 02:18:40.686000
2024-06-23 14:24:58.204,8063,148,5,77,False,0,car,0 days 01:21:43.791000,0 days 02:18:40.886000
2024-06-23 14:24:58.364,8401,155,5,79,False,0,car,0 days 01:21:43.951000,0 days 02:18:41.046000
2024-06-23 14:24:58.684,9026,163,5,100,False,0,car,0 days 01:21:44.271000,0 days 02:18:41.366000
2024-06-23 14:24:58.964,9364,175,5,100,False,0,car,0 days 01:21:44.551000,0 days 02:18:41.646000
2024-06-23 14:24:59.244,10024,186,5,100,False,0,car,0 days 01:21:44.831000,0 days 02:18:41.926000
2024-06-23 14:24:59.484,10525,194,5,100,False,0,car,0 days 01:21:45.071000,0 days 02:18:42.166000
2024-06-23 14:24:59.804,10944,205,5,100,False,0,car,0 days 01:21:45.391000,0 days 02:18:42.486000
2024-06-23 14:25:00.164,11523,216,5,100,False,0,car,0 days 01:21:45.751000,0 days 02:18:42.846000
2024-06-23 14:25:00.364,11721,219,5,100,False,0,car,0 days 01:21:45.951000,0 days 02:18:43.046000
2024-06-23 14:25:00.524,11292,219,5,100,False,0,car,0 days 01:21:46.111000,0 days 02:18:43.206000
2024-06-23 14:25:00.724,10773,228,6,100,False,0,car,0 days 01:21:46.311000,0 days 02:18:43.406000
2024-06-23 14:25:00.884,10790,233,6,100,False,0,car,0 days 01:21:46.471000,0 days 02:18:43.566000
2024-06-23 14:25:01.044,10867,236,6,100,False,0,car,0 days 01:21:46.631000,0 days 02:18:43.726000
2024-06-23 14:25:01.244,10988,240,6,100,False,0,car,0 days 01:21:46.831000,0 days 02:18:43.926000
2024-06-23 14:25:01.524,11348,244,6,99,False,0,car,0 days 01:21:47.111000,0 days 02:18:44.206000
2024-06-23 14:25:01.723,11245,245,6,84,False,0,car,0 days 01:21:47.310000,0 days 02:18:44.405000
2024-06-23 14:25:01.923,11421,248,6,100,False,0,car,0 days 01:21:47.510000,0 days 02:18:44.605000
2024-06-23 14:25:02.363,11488,251,6,100,False,0,car,0 days 01:21:47.950000,0 days 02:18:45.045000
2024-06-23 14:25:02.563,10487,253,6,100,False,0,car,0 days 01:21:48.150000,0 days 02:18:45.245000
2024-06-23 14:25:03.084,10547,261,7,100,False,0,car,0 days 01:21:48.671000,0 days 02:18:45.766000
2024-06-23 14:25:03.444,10517,265,7,100,False,0,car,0 days 01:21:49.031000,0 days 02:18:46.126000
2024-06-23 14:25:03.844,10602,265,7,100,False,0,car,0 days 01:21:49.431000,0 days 02:18:46.526000
2024-06-23 14:25:04.004,10657,267,7,100,False,0,car,0 days 01:21:49.591000,0 days 02:18:46.686000
2024-06-23 14:25:04.524,10330,253,7,0,False,0,car,0 days 01:21:50.111000,0 days 02:18:47.206000
2024-06-23 14:25:04.684,11258,247,7,0,False,0,car,0 days 01:21:50.271000,0 days 02:18:47.366000
2024-06-23 14:25:04.844,11167,241,6,12,False,0,car,0 days 01:21:50.431000,0 days 02:18:47.526000
2024-06-23 14:25:05.004,11289,239,6,48,False,0,car,0 days 01:21:50.591000,0 days 02:18:47.686000
2024-06-23 14:25:05.284,10911,236,6,69,False,0,car,0 days 01:21:50.871000,0 days 02:18:47.966000
2024-06-23 14:25:05.644,10861,236,6,74,False,0,car,0 days 01:21:51.231000,0 days 02:18:48.326000
2024-06-23 14:25:05.884,11020,238,6,100,False,0,car,0 days 01:21:51.471000,0 days 02:18:48.566000
2024-06-23 14:25:06.284,11285,243,6,100,False,0,car,0 days 01:21:51.871000,0 days 02:18:48.966000
2024-06-23 14:25:06.524,11337,245,6,100,False,0,car,0 days 01:21:52.111000,0 days 02:18:49.206000
2024-06-23 14:25:06.684,11471,249,6,100,False,0,car,0 days 01:21:52.271000,0 days 02:18:49.366000
2024-06-23 14:25:06.964,11570,252,6,100,False,0,car,0 days 01:21:52.551000,0 days 02:18:49.646000
2024-06-23 14:25:07.164,11686,255,6,100,False,0,car,0 days 01:21:52.751000,0 days 02:18:49.846000
2024-06-23 14:25:07.364,11268,258,6,100,False,0,car,0 days 01:21:52.951000,0 days 02:18:50.046000
2024-06-23 14:25:07.564,10311,260,7,100,False,0,car,0 days 01:21:53.151000,0 days 02:18:50.246000
2024-06-23 14:25:07.764,10596,261,7,100,False,0,car,0 days 01:21:53.351000,0 days 02:18:50.446000
2024-06-23 14:25:07.924,10583,263,7,100,False,0,car,0 days 01:21:53.511000,0 days 02:18:50.606000
2024-06-23 14:25:08.164,10739,268,7,100,False,0,car,0 days 01:21:53.751000,0 days 02:18:50.846000
2024-06-23 14:25:08.324,10739,270,7,100,False,0,car,0 days 01:21:53.911000,0 days 02:18:51.006000
2024-06-23 14:25:08.603,10879,271,7,100,False,0,car,0 days 01:21:54.190000,0 days 02:18:51.285000
2024-06-23 14:25:08.803,10956,271,7,100,False,0,car,0 days 01:21:54.390000,0 days 02:18:51.485000
2024-06-23 14:25:09.043,11039,276,7,100,False,0,car,0 days 01:21:54.630000,0 days 02:18:51.725000
2024-06-23 14:25:09.324,11172,279,7,100,False,0,car,0 days 01:21:54.911000,0 days 02:18:52.006000
2024-06-23 14:25:09.644,11294,282,7,100,False,0,car,0 days 01:21:55.231000,0 days 02:18:52.326000
2024-06-23 14:25:10.044,11414,286,7,100,False,0,car,0 days 01:21:55.631000,0 days 02:18:52.726000
2024-06-23 14:25:10.484,11545,288,7,100,False,0,car,0 days 01:21:56.071000,0 days 02:18:53.166000
2024-06-23 14:25:10.644,11594,289,7,100,False,0,car,0 days 01:21:56.231000,0 days 02:18:53.326000
2024-06-23 14:25:10.884,11654,290,7,100,False,0,car,0 days 01:21:56.471000,0 days 02:18:53.566000
2024-06-23 14:25:11.044,11653,291,7,100,False,0,car,0 days 01:21:56.631000,0 days 02:18:53.726000
2024-06-23 14:25:11.524,11327,294,7,100,False,0,car,0 days 01:21:57.111000,0 days 02:18:54.206000
2024-06-23 14:25:11.844,10569,296,8,100,False,0,car,0 days 01:21:57.431000,0 days 02:18:54.526000
2024-06-23 14:25:12.044,10584,297,8,100,False,0,car,0 days 01:21:57.631000,0 days 02:18:54.726000
2024-06-23 14:25:12.324,10645,298,8,100,False,0,car,0 days 01:21:57.911000,0 days 02:18:55.006000
2024-06-23 14:25:12.644,10640,300,8,100,False,0,car,0 days 01:21:58.231000,0 days 02:18:55.326000
2024-06-23 14:25:12.804,10695,300,8,100,False,0,car,0 days 01:21:58.391000,0 days 02:18:55.486000
2024-06-23 14:25:13.124,10727,301,8,100,False,0,car,0 days 01:21:58.711000,0 days 02:18:55.806000
2024-06-23 14:25:13.524,10749,302,8,100,False,0,car,0 days 01:21:59.111000,0 days 02:18:56.206000
2024-06-23 14:25:13.684,10749,303,8,100,False,0,car,0 days 01:21:59.271000,0 days 02:18:56.366000
2024-06-23 14:25:13.964,10768,303,8,100,False,0,car,0 days 01:21:59.551000,0 days 02:18:56.646000
2024-06-23 14:25:14.164,10794,304,8,100,False,0,car,0 days 01:21:59.751000,0 days 02:18:56.846000
2024-06-23 14:25:14.404,10803,304,8,100,False,0,car,0 days 01:21:59.991000,0 days 02:18:57.086000
2024-06-23 14:25:14.644,10823,305,8,100,False,0,car,0 days 01:22:00.231000,0 days 02:18:57.326000
2024-06-23 14:25:14.804,10832,305,8,100,False,0,car,0 days 01:22:00.391000,0 days 02:18:57.486000
2024-06-23 14:25:15.124,10857,306,8,100,False,0,car,0 days 01:22:00.711000,0 days 02:18:57.806000
2024-06-23 14:25:15.403,10913,306,8,100,False,0,car,0 days 01:22:00.990000,0 days 02:18:58.085000
2024-06-23 14:25:15.804,10905,307,8,100,False,0,car,0 days 01:22:01.391000,0 days 02:18:58.486000
2024-06-23 14:25:16.204,10894,308,8,100,False,0,car,0 days 01:22:01.791000,0 days 02:18:58.886000
2024-06-23 14:25:16.404,10916,307,8,100,False,0,car,0 days 01:22:01.991000,0 days 02:18:59.086000
2024-06-23 14:25:16.604,10944,308,8,100,False,0,car,0 days 01:22:02.191000,0 days 02:18:59.286000
2024-06-23 14:25:16.804,10921,308,8,100,False,0,car,0 days 01:22:02.391000,0 days 02:18:59.486000
2024-06-23 14:25:17.084,10905,307,8,100,False,0,car,0 days 01:22:02.671000,0 days 02:18:59.766000
2024-06-23 14:25:17.324,10856,307,8,100,False,0,car,0 days 01:22:02.911000,0 days 02:19:00.006000
2024-06-23 14:25:17.644,10835,304,8,100,False,0,car,0 days 01:22:03.231000,0 days 02:19:00.326000
2024-06-23 14:25:18.044,10731,302,8,100,False,0,car,0 days 01:22:03.631000,0 days 02:19:00.726000
2024-06-23 14:25:18.204,10430,299,8,0,False,0,car,0 days 01:22:03.791000,0 days 02:19:00.886000
2024-06-23 14:25:18.644,9748,264,8,0,True,0,car,0 days 01:22:04.231000,0 days 02:19:01.326000
2024-06-23 14:25:19.004,8935,227,8,0,True,0,car,0 days 01:22:04.591000,0 days 02:19:01.686000
2024-06-23 14:25:19.244,9181,204,7,0,True,0,car,0 days 01:22:04.831000,0 days 02:19:01.926000
2024-06-23 14:25:19.484,8884,177,7,0,True,0,car,0 days 01:22:05.071000,0 days 02:19:02.166000
2024-06-23 14:25:19.644,8816,165,6,0,True,0,car,0 days 01:22:05.231000,0 days 02:19:02.326000
2024-06-23 14:25:19.844,9516,158,5,0,True,0,car,0 days 01:22:05.431000,0 days 02:19:02.526000
2024-06-23 14:25:20.044,9462,155,4,0,True,0,car,0 days 01:22:05.631000,0 days 02:19:02.726000
2024-06-23 14:25:20.324,9154,147,4,0,False,0,car,0 days 01:22:05.911000,0 days 02:19:03.006000
2024-06-23 14:25:20.484,9050,145,4,0,False,0,car,0 days 01:22:06.071000,0 days 02:19:03.166000
2024-06-23 14:25:20.724,8775,141,4,0,False,0,car,0 days 01:22:06.311000,0 days 02:19:03.406000
2024-06-23 14:25:21.124,8907,138,4,47,False,0,car,0 days 01:22:06.711000,0 days 02:19:03.806000
2024-06-23 14:25:21.524,9237,141,4,64,False,0,car,0 days 01:22:07.111000,0 days 02:19:04.206000
2024-06-23 14:25:21.684,9518,145,4,69,False,0,car,0 days 01:22:07.271000,0 days 02:19:04.366000
2024-06-23 14:25:21.963,9905,154,4,81,False,0,car,0 days 01:22:07.550000,0 days 02:19:04.645000
2024-06-23 14:25:22.364,9002,165,4,60,False,0,car,0 days 01:22:07.951000,0 days 02:19:05.046000
2024-06-23 14:25:22.684,9016,167,5,60,False,0,car,0 days 01:22:08.271000,0 days 02:19:05.366000
2024-06-23 14:25:22.884,9159,169,5,62,False,0,car,0 days 01:22:08.471000,0 days 02:19:05.566000
2024-06-23 14:25:23.204,9312,172,5,68,False,0,car,0 days 01:22:08.791000,0 days 02:19:05.886000
2024-06-23 14:25:23.364,9600,176,5,81,False,0,car,0 days 01:22:08.951000,0 days 02:19:06.046000
2024-06-23 14:25:23.524,9812,178,5,81,False,0,car,0 days 01:22:09.111000,0 days 02:19:06.206000
2024-06-23 14:25:23.764,9950,186,5,81,False,0,car,0 days 01:22:09.351000,0 days 02:19:06.446000
2024-06-23 14:25:24.004,10160,190,5,85,False,0,car,0 days 01:22:09.591000,0 days 02:19:06.686000
2024-06-23 14:25:24.444,10949,202,5,100,False,0,car,0 days 01:22:10.031000,0 days 02:19:07.126000
2024-06-23 14:25:24.604,11143,207,5,100,False,0,car,0 days 01:22:10.191000,0 days 02:19:07.286000
2024-06-23 14:25:24.964,10578,217,5,70,False,0,car,0 days 01:22:10.551000,0 days 02:19:07.646000
2024-06-23 14:25:25.164,9998,218,6,72,False,0,car,0 days 01:22:10.751000,0 days 02:19:07.846000
2024-06-23 14:25:25.444,10046,218,6,71,False,0,car,0 days 01:22:11.031000,0 days 02:19:08.126000
2024-06-23 14:25:25.604,9884,218,6,22,False,0,car,0 days 01:22:11.191000,0 days 02:19:08.286000
2024-06-23 14:25:25.884,9489,211,6,35,False,0,car,0 days 01:22:11.471000,0 days 02:19:08.566000
2024-06-23 14:25:26.044,9679,210,6,54,False,0,car,0 days 01:22:11.631000,0 days 02:19:08.726000
2024-06-23 14:25:26.204,9702,210,6,68,False,0,car,0 days 01:22:11.791000,0 days 02:19:08.886000
2024-06-23 14:25:26.404,9669,209,6,74,False,0,car,0 days 01:22:11.991000,0 days 02:19:09.086000
2024-06-23 14:25:26.564,9835,212,6,77,False,0,car,0 days 01:22:12.151000,0 days 02:19:09.246000
2024-06-23 14:25:26.764,9909,214,6,79,False,0,car,0 days 01:22:12.351000,0 days 02:19:09.446000
2024-06-23 14:25:27.004,10002,214,6,82,False,0,car,0 days 01:22:12.591000,0 days 02:19:09.686000
2024-06-23 14:25:27.204,10125,218,6,83,False,0,car,0 days 01:22:12.791000,0 days 02:19:09.886000
2024-06-23 14:25:27.524,10414,225,6,100,False,0,car,0 days 01:22:13.111000,0 days 02:19:10.206000
2024-06-23 14:25:27.884,10783,231,6,97,False,0,car,0 days 01:22:13.471000,0 days 02:19:10.566000
2024-06-23 14:25:28.364,11115,239,6,100,False,0,car,0 days 01:22:13.951000,0 days 02:19:11.046000
2024-06-23 14:25:28.564,11245,241,6,100,False,0,car,0 days 01:22:14.151000,0 days 02:19:11.246000
2024-06-23 14:25:28.763,11306,245,6,100,False,0,car,0 days 01:22:14.350000,0 days 02:19:11.445000
2024-06-23 14:25:28.964,11425,249,6,100,False,0,car,0 days 01:22:14.551000,0 days 02:19:11.646000
2024-06-23 14:25:29.204,11595,251,6,100,False,0,car,0 days 01:22:14.791000,0 days 02:19:11.886000
2024-06-23 14:25:29.644,11211,259,6,100,False,0,car,0 days 01:22:15.231000,0 days 02:19:12.326000
2024-06-23 14:25:29.924,10396,260,7,100,False,0,car,0 days 01:22:15.511000,0 days 02:19:12.606000
2024-06-23 14:25:30.204,10583,264,7,100,False,0,car,0 days 01:22:15.791000,0 days 02:19:12.886000
2024-06-23 14:25:30.444,10723,268,7,100,False,0,car,0 days 01:22:16.031000,0 days 02:19:13.126000
2024-06-23 14:25:30.804,10924,271,7,100,False,0,car,0 days 01:22:16.391000,0 days 02:19:13.486000
2024-06-23 14:25:30.964,11001,273,7,100,False,0,car,0 days 01:22:16.551000,0 days 02:19:13.646000
2024-06-23 14:25:31.124,11050,275,7,100,False,0,car,0 days 01:22:16.711000,0 days 02:19:13.806000
2024-06-23 14:25:31.324,11117,277,7,100,False,0,car,0 days 01:22:16.911000,0 days 02:19:14.006000
2024-06-23 14:25:31.564,11179,279,7,100,False,0,car,0 days 01:22:17.151000,0 days 02:19:14.246000
2024-06-23 14:25:31.844,11300,283,7,100,False,0,car,0 days 01:22:17.431000,0 days 02:19:14.526000
2024-06-23 14:25:32.204,11331,283,7,100,False,0,car,0 days 01:22:17.791000,0 days 02:19:14.886000
2024-06-23 14:25:32.444,11353,284,7,100,False,0,car,0 days 01:22:18.031000,0 days 02:19:15.126000
2024-06-23 14:25:32.604,11353,283,7,99,False,0,car,0 days 01:22:18.191000,0 days 02:19:15.286000
2024-06-23 14:25:32.884,10910,276,7,0,False,0,car,0 days 01:22:18.471000,0 days 02:19:15.566000
2024-06-23 14:25:33.164,10629,254,7,0,True,0,car,0 days 01:22:18.751000,0 days 02:19:15.846000
2024-06-23 14:25:33.404,9533,230,7,0,True,0,car,0 days 01:22:18.991000,0 days 02:19:16.086000
2024-06-23 14:25:33.644,9408,201,7,0,True,0,car,0 days 01:22:19.231000,0 days 02:19:16.326000
2024-06-23 14:25:33.924,9730,188,6,0,True,0,car,0 days 01:22:19.511000,0 days 02:19:16.606000
2024-06-23 14:25:34.084,9450,179,5,0,True,0,car,0 days 01:22:19.671000,0 days 02:19:16.766000
2024-06-23 14:25:34.444,9560,167,5,0,True,0,car,0 days 01:22:20.031000,0 days 02:19:17.126000
2024-06-23 14:25:34.724,9654,158,4,0,True,0,car,0 days 01:22:20.311000,0 days 02:19:17.406000
2024-06-23 14:25:34.924,9339,152,4,0,True,0,car,0 days 01:22:20.511000,0 days 02:19:17.606000
2024-06-23 14:25:35.204,8901,144,4,0,True,0,car,0 days 01:22:20.791000,0 days 02:19:17.886000
2024-06-23 14:25:35.443,8644,138,4,0,True,0,car,0 days 01:22:21.030000,0 days 02:19:18.125000
2024-06-23 14:25:35.684,8346,134,4,0,False,0,car,0 days 01:22:21.271000,0 days 02:19:18.366000
2024-06-23 14:25:35.964,8385,131,4,38,False,0,car,0 days 01:22:21.551000,0 days 02:19:18.646000
2024-06-23 14:25:36.364,8642,134,4,52,False,0,car,0 days 01:22:21.951000,0 days 02:19:19.046000
2024-06-23 14:25:36.604,8829,136,4,52,False,0,car,0 days 01:22:22.191000,0 days 02:19:19.286000
2024-06-23 14:25:36.764,8882,141,4,58,False,0,car,0 days 01:22:22.351000,0 days 02:19:19.446000
2024-06-23 14:25:36.924,9207,142,4,64,False,0,car,0 days 01:22:22.511000,0 days 02:19:19.606000
2024-06-23 14:25:37.164,9553,148,4,74,False,0,car,0 days 01:22:22.751000,0 days 02:19:19.846000
2024-06-23 14:25:37.364,9956,151,4,77,False,0,car,0 days 01:22:22.951000,0 days 02:19:20.046000
2024-06-23 14:25:37.564,10408,160,4,79,False,0,car,0 days 01:22:23.151000,0 days 02:19:20.246000
2024-06-23 14:25:37.804,10095,165,4,83,False,0,car,0 days 01:22:23.391000,0 days 02:19:20.486000
2024-06-23 14:25:38.044,9454,175,4,89,False,0,car,0 days 01:22:23.631000,0 days 02:19:20.726000
2024-06-23 14:25:38.364,10009,185,5,100,False,0,car,0 days 01:22:23.951000,0 days 02:19:21.046000
2024-06-23 14:25:38.604,10386,191,5,100,False,0,car,0 days 01:22:24.191000,0 days 02:19:21.286000
2024-06-23 14:25:38.924,10825,202,5,100,False,0,car,0 days 01:22:24.511000,0 days 02:19:21.606000
2024-06-23 14:25:39.244,11276,213,5,100,False,0,car,0 days 01:22:24.831000,0 days 02:19:21.926000
2024-06-23 14:25:39.684,10649,220,5,100,False,0,car,0 days 01:22:25.271000,0 days 02:19:22.366000
2024-06-23 14:25:39.844,10564,224,6,100,False,0,car,0 days 01:22:25.431000,0 days 02:19:22.526000
2024-06-23 14:25:40.204,10702,232,6,100,False,0,car,0 days 01:22:25.791000,0 days 02:19:22.886000
2024-06-23 14:25:40.444,10837,238,6,100,False,0,car,0 days 01:22:26.031000,0 days 02:19:23.126000
2024-06-23 14:25:40.884,10998,241,6,100,False,0,car,0 days 01:22:26.471000,0 days 02:19:23.566000
2024-06-23 14:25:41.124,10858,236,6,0,True,0,car,0 days 01:22:26.711000,0 days 02:19:23.806000
2024-06-23 14:25:41.484,9309,200,6,0,True,0,car,0 days 01:22:27.071000,0 days 02:19:24.166000
2024-06-23 14:25:41.964,9314,155,5,0,True,0,car,0 days 01:22:27.551000,0 days 02:19:24.646000
2024-06-23 14:25:42.244,9535,140,4,0,True,0,car,0 days 01:22:27.831000,0 days 02:19:24.926000
2024-06-23 14:25:42.524,9405,131,3,0,True,0,car,0 days 01:22:28.111000,0 days 02:19:25.206000
2024-06-23 14:25:42.724,9029,125,3,0,True,0,car,0 days 01:22:28.311000,0 days 02:19:25.406000
2024-06-23 14:25:42.884,8591,119,3,0,True,0,car,0 days 01:22:28.471000,0 days 02:19:25.566000
2024-06-23 14:25:43.204,8021,110,3,0,True,0,car,0 days 01:22:28.791000,0 days 02:19:25.886000
2024-06-23 14:25:43.604,7245,101,3,0,True,0,car,0 days 01:22:29.191000,0 days 02:19:26.286000
2024-06-23 14:25:43.884,7021,95,3,0,True,0,car,0 days 01:22:29.471000,0 days 02:19:26.566000
2024-06-23 14:25:44.204,6946,95,3,7,False,0,car,0 days 01:22:29.791000,0 days 02:19:26.886000
2024-06-23 14:25:44.404,7052,93,3,25,False,0,car,0 days 01:22:29.991000,0 days 02:19:27.086000
2024-06-23 14:25:44.644,7292,94,3,31,False,0,car,0 days 01:22:30.231000,0 days 02:19:27.326000
2024-06-23 14:25:45.004,7646,94,3,41,False,0,car,0 days 01:22:30.591000,0 days 02:19:27.686000
2024-06-23 14:25:45.204,7646,103,3,41,False,0,car,0 days 01:22:30.791000,0 days 02:19:27.886000
2024-06-23 14:25:45.524,8583,110,3,52,False,0,car,0 days 01:22:31.111000,0 days 02:19:28.206000
2024-06-23 14:25:45.884,9706,122,3,69,False,0,car,0 days 01:22:31.471000,0 days 02:19:28.566000
2024-06-23 14:25:46.204,10365,134,3,76,False,0,car,0 days 01:22:31.791000,0 days 02:19:28.886000
2024-06-23 14:25:46.364,9932,144,3,83,False,0,car,0 days 01:22:31.951000,0 days 02:19:29.046000
2024-06-23 14:25:46.604,9791,151,4,85,False,0,car,0 days 01:22:32.191000,0 days 02:19:29.286000
2024-06-23 14:25:46.884,10145,166,4,100,False,0,car,0 days 01:22:32.471000,0 days 02:19:29.566000
2024-06-23 14:25:47.164,11492,183,4,100,False,0,car,0 days 01:22:32.751000,0 days 02:19:29.846000
2024-06-23 14:25:47.484,9812,192,5,100,False,0,car,0 days 01:22:33.071000,0 days 02:19:30.166000
2024-06-23 14:25:47.644,10326,195,5,100,False,0,car,0 days 01:22:33.231000,0 days 02:19:30.326000
2024-06-23 14:25:47.804,10862,195,5,100,False,0,car,0 days 01:22:33.391000,0 days 02:19:30.486000
2024-06-23 14:25:47.964,11199,209,5,100,False,0,car,0 days 01:22:33.551000,0 days 02:19:30.646000
2024-06-23 14:25:48.324,11651,219,5,100,False,0,car,0 days 01:22:33.911000,0 days 02:19:31.006000
2024-06-23 14:25:48.484,11760,223,5,100,False,0,car,0 days 01:22:34.071000,0 days 02:19:31.166000
2024-06-23 14:25:48.844,10448,233,6,100,False,0,car,0 days 01:22:34.431000,0 days 02:19:31.526000
2024-06-23 14:25:49.084,10923,237,6,100,False,0,car,0 days 01:22:34.671000,0 days 02:19:31.766000
2024-06-23 14:25:49.244,11022,237,6,100,False,0,car,0 days 01:22:34.831000,0 days 02:19:31.926000
2024-06-23 14:25:49.444,11188,245,6,100,False,0,car,0 days 01:22:35.031000,0 days 02:19:32.126000
2024-06-23 14:25:49.644,11303,248,6,100,False,0,car,0 days 01:22:35.231000,0 days 02:19:32.326000
2024-06-23 14:25:49.804,11424,249,6,100,False,0,car,0 days 01:22:35.391000,0 days 02:19:32.486000
2024-06-23 14:25:50.124,11466,252,6,100,False,0,car,0 days 01:22:35.711000,0 days 02:19:32.806000
2024-06-23 14:25:50.404,11465,249,6,0,True,0,car,0 days 01:22:35.991000,0 days 02:19:33.086000
2024-06-23 14:25:50.804,10089,222,6,0,True,0,car,0 days 01:22:36.391000,0 days 02:19:33.486000
2024-06-23 14:25:51.044,10113,202,6,0,True,0,car,0 days 01:22:36.631000,0 days 02:19:33.726000
2024-06-23 14:25:51.284,9195,176,5,0,True,0,car,0 days 01:22:36.871000,0 days 02:19:33.966000
2024-06-23 14:25:51.604,9772,160,5,0,True,0,car,0 days 01:22:37.191000,0 days 02:19:34.286000
2024-06-23 14:25:51.844,9480,149,4,0,True,0,car,0 days 01:22:37.431000,0 days 02:19:34.526000
2024-06-23 14:25:52.004,9078,147,4,0,True,0,car,0 days 01:22:37.591000,0 days 02:19:34.686000
2024-06-23 14:25:52.244,8932,144,4,0,False,0,car,0 days 01:22:37.831000,0 days 02:19:34.926000
2024-06-23 14:25:52.524,8762,140,4,0,False,0,car,0 days 01:22:38.111000,0 days 02:19:35.206000
2024-06-23 14:25:52.724,8627,136,4,0,False,0,car,0 days 01:22:38.311000,0 days 02:19:35.406000
2024-06-23 14:25:53.044,8754,134,4,36,False,0,car,0 days 01:22:38.631000,0 days 02:19:35.726000
2024-06-23 14:25:53.204,8780,134,4,45,False,0,car,0 days 01:22:38.791000,0 days 02:19:35.886000
2024-06-23 14:25:53.644,9171,142,4,65,False,0,car,0 days 01:22:39.231000,0 days 02:19:36.326000
2024-06-23 14:25:53.844,9342,148,4,71,False,0,car,0 days 01:22:39.431000,0 days 02:19:36.526000
2024-06-23 14:25:54.084,10020,156,4,85,False,0,car,0 days 01:22:39.671000,0 days 02:19:36.766000
2024-06-23 14:25:54.364,11112,169,4,88,False,0,car,0 days 01:22:39.951000,0 days 02:19:37.046000
2024-06-23 14:25:54.564,11378,174,4,100,False,0,car,0 days 01:22:40.151000,0 days 02:19:37.246000
2024-06-23 14:25:54.884,11263,187,4,100,False,0,car,0 days 01:22:40.471000,0 days 02:19:37.566000
2024-06-23 14:25:55.285,10801,200,5,100,False,0,car,0 days 01:22:40.872000,0 days 02:19:37.967000
2024-06-23 14:25:55.445,10935,206,5,100,False,0,car,0 days 01:22:41.032000,0 days 02:19:38.127000
2024-06-23 14:25:55.604,11068,209,5,100,False,0,car,0 days 01:22:41.191000,0 days 02:19:38.286000
2024-06-23 14:25:55.884,11604,214,5,100,False,0,car,0 days 01:22:41.471000,0 days 02:19:38.566000
2024-06-23 14:25:56.244,10820,225,5,100,False,0,car,0 days 01:22:41.831000,0 days 02:19:38.926000
2024-06-23 14:25:56.484,10655,232,6,100,False,0,car,0 days 01:22:42.071000,0 days 02:19:39.166000
2024-06-23 14:25:56.684,10824,236,6,100,False,0,car,0 days 01:22:42.271000,0 days 02:19:39.366000
2024-06-23 14:25:56.964,10995,240,6,100,False,0,car,0 days 01:22:42.551000,0 days 02:19:39.646000
2024-06-23 14:25:57.164,11066,242,6,100,False,0,car,0 days 01:22:42.751000,0 days 02:19:39.846000
2024-06-23 14:25:57.444,11307,240,6,0,False,0,car,0 days 01:22:43.031000,0 days 02:19:40.126000
2024-06-23 14:25:57.804,10566,232,6,0,False,0,car,0 days 01:22:43.391000,0 days 02:19:40.486000
2024-06-23 14:25:57.964,10474,228,6,0,False,0,car,0 days 01:22:43.551000,0 days 02:19:40.646000
2024-06-23 14:25:58.164,10266,226,6,27,False,0,car,0 days 01:22:43.751000,0 days 02:19:40.846000
2024-06-23 14:25:58.484,10082,220,6,40,False,0,car,0 days 01:22:44.071000,0 days 02:19:41.166000
2024-06-23 14:25:58.684,9958,217,6,54,False,0,car,0 days 01:22:44.271000,0 days 02:19:41.366000
2024-06-23 14:25:58.884,9955,217,6,62,False,0,car,0 days 01:22:44.471000,0 days 02:19:41.566000
2024-06-23 14:25:59.124,10169,217,6,76,False,0,car,0 days 01:22:44.711000,0 days 02:19:41.806000
2024-06-23 14:25:59.324,9990,217,6,78,False,0,car,0 days 01:22:44.911000,0 days 02:19:42.006000
2024-06-23 14:25:59.644,10361,224,6,100,False,0,car,0 days 01:22:45.231000,0 days 02:19:42.326000
2024-06-23 14:26:00.044,10742,231,6,100,False,0,car,0 days 01:22:45.631000,0 days 02:19:42.726000
2024-06-23 14:26:00.284,10947,237,6,100,False,0,car,0 days 01:22:45.871000,0 days 02:19:42.966000
2024-06-23 14:26:00.564,11094,243,6,100,False,0,car,0 days 01:22:46.151000,0 days 02:19:43.246000
2024-06-23 14:26:00.804,11385,247,6,100,False,0,car,0 days 01:22:46.391000,0 days 02:19:43.486000
2024-06-23 14:26:01.044,11537,251,6,100,False,0,car,0 days 01:22:46.631000,0 days 02:19:43.726000
2024-06-23 14:26:01.204,11618,254,6,100,False,0,car,0 days 01:22:46.791000,0 days 02:19:43.886000
2024-06-23 14:26:01.484,11795,256,6,100,False,0,car,0 days 01:22:47.071000,0 days 02:19:44.166000
2024-06-23 14:26:01.845,10800,264,6,100,False,0,car,0 days 01:22:47.432000,0 days 02:19:44.527000
2024-06-23 14:26:02.005,10529,265,7,100,False,0,car,0 days 01:22:47.592000,0 days 02:19:44.687000
2024-06-23 14:26:02.324,10815,266,7,100,False,0,car,0 days 01:22:47.911000,0 days 02:19:45.006000
2024-06-23 14:26:02.524,10870,270,7,100,False,0,car,0 days 01:22:48.111000,0 days 02:19:45.206000
2024-06-23 14:26:02.844,11022,276,7,100,False,0,car,0 days 01:22:48.431000,0 days 02:19:45.526000
2024-06-23 14:26:03.164,11159,278,7,100,False,0,car,0 days 01:22:48.751000,0 days 02:19:45.846000
2024-06-23 14:26:03.364,11244,280,7,100,False,0,car,0 days 01:22:48.951000,0 days 02:19:46.046000
2024-06-23 14:26:03.804,11398,284,7,100,False,0,car,0 days 01:22:49.391000,0 days 02:19:46.486000
2024-06-23 14:26:04.044,11468,285,7,100,False,0,car,0 days 01:22:49.631000,0 days 02:19:46.726000
2024-06-23 14:26:04.284,11522,288,7,100,False,0,car,0 days 01:22:49.871000,0 days 02:19:46.966000
2024-06-23 14:26:04.564,11554,289,7,100,False,0,car,0 days 01:22:50.151000,0 days 02:19:47.246000
2024-06-23 14:26:04.804,11537,287,7,100,False,0,car,0 days 01:22:50.391000,0 days 02:19:47.486000
2024-06-23 14:26:05.124,11753,289,7,100,False,0,car,0 days 01:22:50.711000,0 days 02:19:47.806000
2024-06-23 14:26:05.444,10636,273,7,0,True,0,car,0 days 01:22:51.031000,0 days 02:19:48.126000
2024-06-23 14:26:05.644,9804,248,7,0,True,0,car,0 days 01:22:51.231000,0 days 02:19:48.326000
2024-06-23 14:26:05.924,9597,222,7,0,True,0,car,0 days 01:22:51.511000,0 days 02:19:48.606000
2024-06-23 14:26:06.124,9252,202,7,0,True,0,car,0 days 01:22:51.711000,0 days 02:19:48.806000
2024-06-23 14:26:06.484,8679,163,5,0,True,0,car,0 days 01:22:52.071000,0 days 02:19:49.166000
2024-06-23 14:26:06.644,8119,158,5,0,True,0,car,0 days 01:22:52.231000,0 days 02:19:49.326000
2024-06-23 14:26:07.084,8496,136,4,0,True,0,car,0 days 01:22:52.671000,0 days 02:19:49.766000
2024-06-23 14:26:07.404,9088,127,4,0,True,0,car,0 days 01:22:52.991000,0 days 02:19:50.086000
2024-06-23 14:26:07.644,8767,119,3,0,True,0,car,0 days 01:22:53.231000,0 days 02:19:50.326000
2024-06-23 14:26:07.884,8502,115,3,0,True,0,car,0 days 01:22:53.471000,0 days 02:19:50.566000
2024-06-23 14:26:08.364,8183,109,3,0,False,0,car,0 days 01:22:53.951000,0 days 02:19:51.046000
2024-06-23 14:26:08.725,7894,106,3,0,False,0,car,0 days 01:22:54.312000,0 days 02:19:51.407000
2024-06-23 14:26:09.164,7632,101,3,9,False,0,car,0 days 01:22:54.751000,0 days 02:19:51.846000
2024-06-23 14:26:09.484,7765,101,3,30,False,0,car,0 days 01:22:55.071000,0 days 02:19:52.166000
2024-06-23 14:26:09.764,8050,105,3,41,False,0,car,0 days 01:22:55.351000,0 days 02:19:52.446000
2024-06-23 14:26:09.964,8251,108,3,49,False,0,car,0 days 01:22:55.551000,0 days 02:19:52.646000
2024-06-23 14:26:10.124,8564,111,3,55,False,0,car,0 days 01:22:55.711000,0 days 02:19:52.806000
2024-06-23 14:26:10.404,9289,120,3,61,False,0,car,0 days 01:22:55.991000,0 days 02:19:53.086000
2024-06-23 14:26:10.844,9410,132,3,71,False,0,car,0 days 01:22:56.431000,0 days 02:19:53.526000
2024-06-23 14:26:11.204,9366,147,4,82,False,0,car,0 days 01:22:56.791000,0 days 02:19:53.886000
2024-06-23 14:26:11.604,10779,162,4,89,False,0,car,0 days 01:22:57.191000,0 days 02:19:54.286000
2024-06-23 14:26:11.844,11227,171,4,100,False,0,car,0 days 01:22:57.431000,0 days 02:19:54.526000
2024-06-23 14:26:12.084,11679,179,4,100,False,0,car,0 days 01:22:57.671000,0 days 02:19:54.766000
2024-06-23 14:26:12.284,11218,189,4,100,False,0,car,0 days 01:22:57.871000,0 days 02:19:54.966000
2024-06-23 14:26:12.644,10635,199,5,100,False,0,car,0 days 01:22:58.231000,0 days 02:19:55.326000
2024-06-23 14:26:12.884,10523,203,5,100,False,0,car,0 days 01:22:58.471000,0 days 02:19:55.566000
2024-06-23 14:26:13.044,9553,196,5,0,True,0,car,0 days 01:22:58.631000,0 days 02:19:55.726000
2024-06-23 14:26:13.204,10063,189,5,0,True,0,car,0 days 01:22:58.791000,0 days 02:19:55.886000
2024-06-23 14:26:13.484,10113,170,5,0,True,0,car,0 days 01:22:59.071000,0 days 02:19:56.166000
2024-06-23 14:26:13.644,9701,159,4,0,True,0,car,0 days 01:22:59.231000,0 days 02:19:56.326000
2024-06-23 14:26:13.924,9003,147,4,0,True,0,car,0 days 01:22:59.511000,0 days 02:19:56.606000
2024-06-23 14:26:14.164,8729,139,4,0,True,0,car,0 days 01:22:59.751000,0 days 02:19:56.846000
2024-06-23 14:26:14.524,8144,132,4,0,True,0,car,0 days 01:23:00.111000,0 days 02:19:57.206000
2024-06-23 14:26:14.684,7911,126,4,0,True,0,car,0 days 01:23:00.271000,0 days 02:19:57.366000
2024-06-23 14:26:14.844,7856,124,4,0,False,0,car,0 days 01:23:00.431000,0 days 02:19:57.526000
2024-06-23 14:26:15.085,7401,119,4,0,True,0,car,0 days 01:23:00.672000,0 days 02:19:57.767000
2024-06-23 14:26:15.245,7215,115,4,0,True,0,car,0 days 01:23:00.832000,0 days 02:19:57.927000
2024-06-23 14:26:15.565,6815,109,4,0,True,0,car,0 days 01:23:01.152000,0 days 02:19:58.247000
2024-06-23 14:26:15.725,6875,108,4,0,False,0,car,0 days 01:23:01.312000,0 days 02:19:58.407000
2024-06-23 14:26:15.964,7019,109,4,30,False,0,car,0 days 01:23:01.551000,0 days 02:19:58.646000
2024-06-23 14:26:16.324,7260,112,4,40,False,0,car,0 days 01:23:01.911000,0 days 02:19:59.006000
2024-06-23 14:26:16.604,7536,116,4,43,False,0,car,0 days 01:23:02.191000,0 days 02:19:59.286000
2024-06-23 14:26:16.884,7833,119,4,48,False,0,car,0 days 01:23:02.471000,0 days 02:19:59.566000
2024-06-23 14:26:17.124,8060,123,4,54,False,0,car,0 days 01:23:02.711000,0 days 02:19:59.806000
2024-06-23 14:26:17.604,8905,135,4,63,False,0,car,0 days 01:23:03.191000,0 days 02:20:00.286000
2024-06-23 14:26:17.844,9246,144,4,69,False,0,car,0 days 01:23:03.431000,0 days 02:20:00.526000
2024-06-23 14:26:18.164,9682,155,4,80,False,0,car,0 days 01:23:03.751000,0 days 02:20:00.846000
2024-06-23 14:26:18.364,10460,163,4,88,False,0,car,0 days 01:23:03.951000,0 days 02:20:01.046000
2024-06-23 14:26:18.524,10720,167,4,92,False,0,car,0 days 01:23:04.111000,0 days 02:20:01.206000
2024-06-23 14:26:18.724,10300,176,4,92,False,0,car,0 days 01:23:04.311000,0 days 02:20:01.406000
2024-06-23 14:26:19.844,11435,207,5,100,False,0,car,0 days 01:23:05.431000,0 days 02:20:02.526000
2024-06-23 14:26:20.044,11542,222,5,100,False,0,car,0 days 01:23:05.631000,0 days 02:20:02.726000
2024-06-23 14:26:20.284,10373,226,6,100,False,0,car,0 days 01:23:05.871000,0 days 02:20:02.966000
2024-06-23 14:26:20.484,10513,232,6,100,False,0,car,0 days 01:23:06.071000,0 days 02:20:03.166000
2024-06-23 14:26:20.684,10829,234,6,94,False,0,car,0 days 01:23:06.271000,0 days 02:20:03.366000
2024-06-23 14:26:20.964,11081,237,6,98,False,0,car,0 days 01:23:06.551000,0 days 02:20:03.646000
2024-06-23 14:26:21.204,11241,242,6,86,False,0,car,0 days 01:23:06.791000,0 days 02:20:03.886000
2024-06-23 14:26:21.524,10980,243,6,71,False,0,car,0 days 01:23:07.111000,0 days 02:20:04.206000
2024-06-23 14:26:21.765,11305,244,6,100,False,0,car,0 days 01:23:07.352000,0 days 02:20:04.447000
2024-06-23 14:26:21.925,11477,248,6,100,False,0,car,0 days 01:23:07.512000,0 days 02:20:04.607000
2024-06-23 14:26:22.325,11638,252,6,100,False,0,car,0 days 01:23:07.912000,0 days 02:20:05.007000
2024-06-23 14:26:22.644,11155,255,6,100,False,0,car,0 days 01:23:08.231000,0 days 02:20:05.326000
2024-06-23 14:26:23.004,10268,257,7,100,False,0,car,0 days 01:23:08.591000,0 days 02:20:05.686000
2024-06-23 14:26:23.284,10414,261,7,100,False,0,car,0 days 01:23:08.871000,0 days 02:20:05.966000
2024-06-23 14:26:23.484,10469,261,7,100,False,0,car,0 days 01:23:09.071000,0 days 02:20:06.166000
2024-06-23 14:26:23.764,10320,260,7,25,False,0,car,0 days 01:23:09.351000,0 days 02:20:06.446000
2024-06-23 14:26:24.004,10080,259,7,0,True,0,car,0 days 01:23:09.591000,0 days 02:20:06.686000
2024-06-23 14:26:24.284,10629,246,7,0,True,0,car,0 days 01:23:09.871000,0 days 02:20:06.966000
2024-06-23 14:26:24.484,10973,244,6,0,False,0,car,0 days 01:23:10.071000,0 days 02:20:07.166000
2024-06-23 14:26:24.724,11050,234,6,0,False,0,car,0 days 01:23:10.311000,0 days 02:20:07.406000
2024-06-23 14:26:25.084,10526,230,6,64,False,0,car,0 days 01:23:10.671000,0 days 02:20:07.766000
2024-06-23 14:26:25.324,10612,231,6,70,False,0,car,0 days 01:23:10.911000,0 days 02:20:08.006000
2024-06-23 14:26:25.564,10711,231,6,78,False,0,car,0 days 01:23:11.151000,0 days 02:20:08.246000
2024-06-23 14:26:25.844,10845,233,6,100,False,0,car,0 days 01:23:11.431000,0 days 02:20:08.526000
2024-06-23 14:26:26.084,11052,239,6,100,False,0,car,0 days 01:23:11.671000,0 days 02:20:08.766000
2024-06-23 14:26:26.364,11174,242,6,100,False,0,car,0 days 01:23:11.951000,0 days 02:20:09.046000
2024-06-23 14:26:26.564,11349,246,6,100,False,0,car,0 days 01:23:12.151000,0 days 02:20:09.246000
2024-06-23 14:26:26.924,11576,251,6,100,False,0,car,0 days 01:23:12.511000,0 days 02:20:09.606000
2024-06-23 14:26:27.324,11256,255,6,100,False,0,car,0 days 01:23:12.911000,0 days 02:20:10.006000
2024-06-23 14:26:27.684,10664,262,7,100,False,0,car,0 days 01:23:13.271000,0 days 02:20:10.366000
2024-06-23 14:26:27.964,10651,266,7,100,False,0,car,0 days 01:23:13.551000,0 days 02:20:10.646000
2024-06-23 14:26:28.165,10741,268,7,100,False,0,car,0 days 01:23:13.752000,0 days 02:20:10.847000
2024-06-23 14:26:28.365,10823,270,7,100,False,0,car,0 days 01:23:13.952000,0 days 02:20:11.047000
2024-06-23 14:26:28.605,10954,273,7,100,False,0,car,0 days 01:23:14.192000,0 days 02:20:11.287000
2024-06-23 14:26:28.845,11022,276,7,100,False,0,car,0 days 01:23:14.432000,0 days 02:20:11.527000
2024-06-23 14:26:29.244,11141,279,7,100,False,0,car,0 days 01:23:14.831000,0 days 02:20:11.926000
2024-06-23 14:26:29.484,11290,280,7,100,False,0,car,0 days 01:23:15.071000,0 days 02:20:12.166000
2024-06-23 14:26:29.644,11331,283,7,100,False,0,car,0 days 01:23:15.231000,0 days 02:20:12.326000
2024-06-23 14:26:29.884,11401,284,7,100,False,0,car,0 days 01:23:15.471000,0 days 02:20:12.566000
2024-06-23 14:26:30.164,11467,287,7,100,False,0,car,0 days 01:23:15.751000,0 days 02:20:12.846000
2024-06-23 14:26:30.324,11516,287,7,100,False,0,car,0 days 01:23:15.911000,0 days 02:20:13.006000
2024-06-23 14:26:30.524,11522,287,7,100,False,0,car,0 days 01:23:16.111000,0 days 02:20:13.206000
2024-06-23 14:26:30.724,11603,290,7,100,False,0,car,0 days 01:23:16.311000,0 days 02:20:13.406000
2024-06-23 14:26:31.004,11665,291,7,100,False,0,car,0 days 01:23:16.591000,0 days 02:20:13.686000
2024-06-23 14:26:31.284,11716,292,7,100,False,0,car,0 days 01:23:16.871000,0 days 02:20:13.966000
2024-06-23 14:26:31.644,11156,294,7,100,False,0,car,0 days 01:23:17.231000,0 days 02:20:14.326000
2024-06-23 14:26:31.844,10344,296,8,100,False,0,car,0 days 01:23:17.431000,0 days 02:20:14.526000
2024-06-23 14:26:32.084,10498,297,8,100,False,0,car,0 days 01:23:17.671000,0 days 02:20:14.766000
2024-06-23 14:26:32.284,10581,298,8,100,False,0,car,0 days 01:23:17.871000,0 days 02:20:14.966000
2024-06-23 14:26:32.484,10628,298,8,100,False,0,car,0 days 01:23:18.071000,0 days 02:20:15.166000
2024-06-23 14:26:32.684,10615,298,8,100,False,0,car,0 days 01:23:18.271000,0 days 02:20:15.366000
2024-06-23 14:26:32.924,10633,299,8,100,False,0,car,0 days 01:23:18.511000,0 days 02:20:15.606000
2024-06-23 14:26:33.204,10689,300,8,100,False,0,car,0 days 01:23:18.791000,0 days 02:20:15.886000
2024-06-23 14:26:33.404,10706,301,8,100,False,0,car,0 days 01:23:18.991000,0 days 02:20:16.086000
2024-06-23 14:26:33.564,10706,301,8,100,False,0,car,0 days 01:23:19.151000,0 days 02:20:16.246000
2024-06-23 14:26:33.924,10742,301,8,100,False,0,car,0 days 01:23:19.511000,0 days 02:20:16.606000
2024-06-23 14:26:34.124,10754,303,8,100,False,0,car,0 days 01:23:19.711000,0 days 02:20:16.806000
2024-06-23 14:26:34.324,10783,303,8,100,False,0,car,0 days 01:23:19.911000,0 days 02:20:17.006000
2024-06-23 14:26:34.524,10809,303,8,100,False,0,car,0 days 01:23:20.111000,0 days 02:20:17.206000
2024-06-23 14:26:34.725,10813,304,8,100,False,0,car,0 days 01:23:20.312000,0 days 02:20:17.407000
2024-06-23 14:26:34.965,10838,305,8,100,False,0,car,0 days 01:23:20.552000,0 days 02:20:17.647000
2024-06-23 14:26:35.245,10871,305,8,100,False,0,car,0 days 01:23:20.832000,0 days 02:20:17.927000
2024-06-23 14:26:35.525,10905,308,8,100,False,0,car,0 days 01:23:21.112000,0 days 02:20:18.207000
2024-06-23 14:26:35.805,10933,308,8,100,False,0,car,0 days 01:23:21.392000,0 days 02:20:18.487000
2024-06-23 14:26:36.044,10919,307,8,100,False,0,car,0 days 01:23:21.631000,0 days 02:20:18.726000
2024-06-23 14:26:36.364,10948,308,8,100,False,0,car,0 days 01:23:21.951000,0 days 02:20:19.046000
2024-06-23 14:26:36.684,10941,308,8,100,False,0,car,0 days 01:23:22.271000,0 days 02:20:19.366000
2024-06-23 14:26:37.084,10963,307,8,100,False,0,car,0 days 01:23:22.671000,0 days 02:20:19.766000
2024-06-23 14:26:37.324,10935,307,8,100,False,0,car,0 days 01:23:22.911000,0 days 02:20:20.006000
2024-06-23 14:26:37.524,10889,307,8,100,False,0,car,0 days 01:23:23.111000,0 days 02:20:20.206000
2024-06-23 14:26:37.924,10564,307,8,0,False,0,car,0 days 01:23:23.511000,0 days 02:20:20.606000
2024-06-23 14:26:38.404,10130,287,8,0,True,0,car,0 days 01:23:23.991000,0 days 02:20:21.086000
2024-06-23 14:26:38.764,9397,239,8,0,True,0,car,0 days 01:23:24.351000,0 days 02:20:21.446000
2024-06-23 14:26:39.004,9213,216,7,0,True,0,car,0 days 01:23:24.591000,0 days 02:20:21.686000
2024-06-23 14:26:39.444,9645,177,6,0,True,0,car,0 days 01:23:25.031000,0 days 02:20:22.126000
2024-06-23 14:26:39.724,9745,163,4,0,True,0,car,0 days 01:23:25.311000,0 days 02:20:22.406000
2024-06-23 14:26:39.964,9350,151,4,0,True,0,car,0 days 01:23:25.551000,0 days 02:20:22.646000
2024-06-23 14:26:40.204,9054,148,4,0,False,0,car,0 days 01:23:25.791000,0 days 02:20:22.886000
2024-06-23 14:26:40.404,8863,143,4,0,False,0,car,0 days 01:23:25.991000,0 days 02:20:23.086000
2024-06-23 14:26:40.644,8672,139,4,0,False,0,car,0 days 01:23:26.231000,0 days 02:20:23.326000
2024-06-23 14:26:41.044,8778,137,4,43,False,0,car,0 days 01:23:26.631000,0 days 02:20:23.726000
2024-06-23 14:26:41.204,8941,138,4,50,False,0,car,0 days 01:23:26.791000,0 days 02:20:23.886000
2024-06-23 14:26:41.685,9515,145,4,64,False,0,car,0 days 01:23:27.272000,0 days 02:20:24.367000
2024-06-23 14:26:42.045,9975,157,4,74,False,0,car,0 days 01:23:27.632000,0 days 02:20:24.727000
2024-06-23 14:26:42.405,8774,162,5,59,False,0,car,0 days 01:23:27.992000,0 days 02:20:25.087000
2024-06-23 14:26:42.565,8818,164,5,55,False,0,car,0 days 01:23:28.152000,0 days 02:20:25.247000
2024-06-23 14:26:42.764,8919,165,5,57,False,0,car,0 days 01:23:28.351000,0 days 02:20:25.446000
2024-06-23 14:26:43.084,9243,169,5,70,False,0,car,0 days 01:23:28.671000,0 days 02:20:25.766000
2024-06-23 14:26:43.364,9335,175,5,79,False,0,car,0 days 01:23:28.951000,0 days 02:20:26.046000
2024-06-23 14:26:43.644,9889,181,5,81,False,0,car,0 days 01:23:29.231000,0 days 02:20:26.326000
2024-06-23 14:26:43.844,10109,183,5,84,False,0,car,0 days 01:23:29.431000,0 days 02:20:26.526000
2024-06-23 14:26:44.004,10349,190,5,100,False,0,car,0 days 01:23:29.591000,0 days 02:20:26.686000
2024-06-23 14:26:44.324,10872,198,5,100,False,0,car,0 days 01:23:29.911000,0 days 02:20:27.006000
2024-06-23 14:26:44.484,11143,205,5,100,False,0,car,0 days 01:23:30.071000,0 days 02:20:27.166000
2024-06-23 14:26:44.844,11586,213,5,100,False,0,car,0 days 01:23:30.431000,0 days 02:20:27.526000
2024-06-23 14:26:45.084,11673,220,5,100,False,0,car,0 days 01:23:30.671000,0 days 02:20:27.766000
2024-06-23 14:26:45.244,10553,224,5,92,False,0,car,0 days 01:23:30.831000,0 days 02:20:27.926000
2024-06-23 14:26:45.604,10219,227,6,62,False,0,car,0 days 01:23:31.191000,0 days 02:20:28.286000
2024-06-23 14:26:45.884,9993,222,6,0,False,0,car,0 days 01:23:31.471000,0 days 02:20:28.566000
2024-06-23 14:26:46.084,9641,218,6,0,False,0,car,0 days 01:23:31.671000,0 days 02:20:28.766000
2024-06-23 14:26:46.404,9605,210,6,38,False,0,car,0 days 01:23:31.991000,0 days 02:20:29.086000
2024-06-23 14:26:46.644,9317,206,6,50,False,0,car,0 days 01:23:32.231000,0 days 02:20:29.326000
2024-06-23 14:26:47.004,9682,208,6,79,False,0,car,0 days 01:23:32.591000,0 days 02:20:29.686000
2024-06-23 14:26:47.364,10006,214,6,100,False,0,car,0 days 01:23:32.951000,0 days 02:20:30.046000
2024-06-23 14:26:47.644,10222,215,6,100,False,0,car,0 days 01:23:33.231000,0 days 02:20:30.326000
2024-06-23 14:26:48.005,10620,225,6,100,False,0,car,0 days 01:23:33.592000,0 days 02:20:30.687000
2024-06-23 14:26:48.405,10929,233,6,100,False,0,car,0 days 01:23:33.992000,0 days 02:20:31.087000
2024-06-23 14:26:48.645,11037,238,6,100,False,0,car,0 days 01:23:34.232000,0 days 02:20:31.327000
2024-06-23 14:26:48.805,11190,240,6,100,False,0,car,0 days 01:23:34.392000,0 days 02:20:31.487000
2024-06-23 14:26:49.005,11251,245,6,100,False,0,car,0 days 01:23:34.592000,0 days 02:20:31.687000
2024-06-23 14:26:49.245,11435,247,6,100,False,0,car,0 days 01:23:34.832000,0 days 02:20:31.927000
2024-06-23 14:26:49.524,11593,250,6,100,False,0,car,0 days 01:23:35.111000,0 days 02:20:32.206000
2024-06-23 14:26:49.924,11342,256,6,100,False,0,car,0 days 01:23:35.511000,0 days 02:20:32.606000
2024-06-23 14:26:50.124,10611,260,7,100,False,0,car,0 days 01:23:35.711000,0 days 02:20:32.806000
2024-06-23 14:26:50.484,10660,264,7,100,False,0,car,0 days 01:23:36.071000,0 days 02:20:33.166000
2024-06-23 14:26:50.684,10787,266,7,100,False,0,car,0 days 01:23:36.271000,0 days 02:20:33.366000
2024-06-23 14:26:50.924,10858,269,7,100,False,0,car,0 days 01:23:36.511000,0 days 02:20:33.606000
2024-06-23 14:26:51.164,10924,272,7,100,False,0,car,0 days 01:23:36.751000,0 days 02:20:33.846000
2024-06-23 14:26:51.324,11008,273,7,100,False,0,car,0 days 01:23:36.911000,0 days 02:20:34.006000
2024-06-23 14:26:51.524,11100,277,7,100,False,0,car,0 days 01:23:37.111000,0 days 02:20:34.206000
2024-06-23 14:26:51.724,11104,277,7,100,False,0,car,0 days 01:23:37.311000,0 days 02:20:34.406000
2024-06-23 14:26:51.884,11236,280,7,100,False,0,car,0 days 01:23:37.471000,0 days 02:20:34.566000
2024-06-23 14:26:52.164,11280,281,7,100,False,0,car,0 days 01:23:37.751000,0 days 02:20:34.846000
2024-06-23 14:26:52.324,11312,283,7,100,False,0,car,0 days 01:23:37.911000,0 days 02:20:35.006000
2024-06-23 14:26:52.804,10776,277,7,0,True,0,car,0 days 01:23:38.391000,0 days 02:20:35.486000
2024-06-23 14:26:53.124,10074,263,7,0,True,0,car,0 days 01:23:38.711000,0 days 02:20:35.806000
2024-06-23 14:26:53.364,9177,235,7,0,True,0,car,0 days 01:23:38.951000,0 days 02:20:36.046000
2024-06-23 14:26:53.644,9071,204,6,0,True,0,car,0 days 01:23:39.231000,0 days 02:20:36.326000
2024-06-23 14:26:53.804,9702,196,6,0,True,0,car,0 days 01:23:39.391000,0 days 02:20:36.486000
2024-06-23 14:26:53.964,9391,183,5,0,True,0,car,0 days 01:23:39.551000,0 days 02:20:36.646000
2024-06-23 14:26:54.204,10153,173,5,0,True,0,car,0 days 01:23:39.791000,0 days 02:20:36.886000
2024-06-23 14:26:54.605,9548,162,4,0,True,0,car,0 days 01:23:40.192000,0 days 02:20:37.287000
2024-06-23 14:26:54.885,9119,151,4,0,True,0,car,0 days 01:23:40.472000,0 days 02:20:37.567000
2024-06-23 14:26:55.325,8563,140,4,0,True,0,car,0 days 01:23:40.912000,0 days 02:20:38.007000
2024-06-23 14:26:55.565,8480,133,4,0,False,0,car,0 days 01:23:41.152000,0 days 02:20:38.247000
2024-06-23 14:26:55.765,8168,132,4,0,False,0,car,0 days 01:23:41.352000,0 days 02:20:38.447000
2024-06-23 14:26:56.045,8183,129,4,20,False,0,car,0 days 01:23:41.632000,0 days 02:20:38.727000
2024-06-23 14:26:56.204,8355,129,4,41,False,0,car,0 days 01:23:41.791000,0 days 02:20:38.886000
2024-06-23 14:26:56.364,8486,131,4,48,False,0,car,0 days 01:23:41.951000,0 days 02:20:39.046000
2024-06-23 14:26:56.764,8760,135,4,57,False,0,car,0 days 01:23:42.351000,0 days 02:20:39.446000
2024-06-23 14:26:57.124,9454,136,4,68,False,0,car,0 days 01:23:42.711000,0 days 02:20:39.806000
2024-06-23 14:26:57.324,9628,146,4,72,False,0,car,0 days 01:23:42.911000,0 days 02:20:40.006000
2024-06-23 14:26:57.724,10540,158,4,84,False,0,car,0 days 01:23:43.311000,0 days 02:20:40.406000
2024-06-23 14:26:57.964,11014,170,4,100,False,0,car,0 days 01:23:43.551000,0 days 02:20:40.646000
2024-06-23 14:26:58.404,10180,186,4,100,False,0,car,0 days 01:23:43.991000,0 days 02:20:41.086000
2024-06-23 14:26:58.764,10670,197,5,100,False,0,car,0 days 01:23:44.351000,0 days 02:20:41.446000
2024-06-23 14:26:58.964,11011,202,5,100,False,0,car,0 days 01:23:44.551000,0 days 02:20:41.646000
2024-06-23 14:26:59.244,11382,209,5,100,False,0,car,0 days 01:23:44.831000,0 days 02:20:41.926000
2024-06-23 14:26:59.524,11718,217,5,100,False,0,car,0 days 01:23:45.111000,0 days 02:20:42.206000
2024-06-23 14:26:59.764,11147,224,5,100,False,0,car,0 days 01:23:45.351000,0 days 02:20:42.446000
2024-06-23 14:27:00.044,10632,231,6,100,False,0,car,0 days 01:23:45.631000,0 days 02:20:42.726000
2024-06-23 14:27:00.244,10834,235,6,100,False,0,car,0 days 01:23:45.831000,0 days 02:20:42.926000
2024-06-23 14:27:00.444,10867,238,6,100,False,0,car,0 days 01:23:46.031000,0 days 02:20:43.126000
2024-06-23 14:27:00.604,10935,240,6,100,False,0,car,0 days 01:23:46.191000,0 days 02:20:43.286000
2024-06-23 14:27:00.764,10935,242,6,100,False,0,car,0 days 01:23:46.351000,0 days 02:20:43.446000
2024-06-23 14:27:00.964,11134,244,6,100,False,0,car,0 days 01:23:46.551000,0 days 02:20:43.646000
2024-06-23 14:27:01.125,10858,244,6,73,True,0,car,0 days 01:23:46.712000,0 days 02:20:43.807000
2024-06-23 14:27:01.325,10181,233,6,0,True,0,car,0 days 01:23:46.912000,0 days 02:20:44.007000
2024-06-23 14:27:01.565,9835,200,6,0,True,0,car,0 days 01:23:47.152000,0 days 02:20:44.247000
2024-06-23 14:27:01.845,9703,168,6,0,True,0,car,0 days 01:23:47.432000,0 days 02:20:44.527000
2024-06-23 14:27:02.045,9367,155,6,0,True,0,car,0 days 01:23:47.632000,0 days 02:20:44.727000
2024-06-23 14:27:02.205,9296,149,4,0,True,0,car,0 days 01:23:47.792000,0 days 02:20:44.887000
2024-06-23 14:27:02.605,9292,130,3,0,True,0,car,0 days 01:23:48.192000,0 days 02:20:45.287000
2024-06-23 14:27:02.884,8661,121,3,0,True,0,car,0 days 01:23:48.471000,0 days 02:20:45.566000
2024-06-23 14:27:03.164,8337,112,3,0,True,0,car,0 days 01:23:48.751000,0 days 02:20:45.846000
2024-06-23 14:27:03.404,7551,107,3,0,True,0,car,0 days 01:23:48.991000,0 days 02:20:46.086000
2024-06-23 14:27:03.684,7252,100,3,0,True,0,car,0 days 01:23:49.271000,0 days 02:20:46.366000
2024-06-23 14:27:04.044,6873,94,3,0,True,0,car,0 days 01:23:49.631000,0 days 02:20:46.726000
2024-06-23 14:27:04.204,6890,92,3,0,False,0,car,0 days 01:23:49.791000,0 days 02:20:46.886000
2024-06-23 14:27:04.444,6566,90,3,0,False,0,car,0 days 01:23:50.031000,0 days 02:20:47.126000
2024-06-23 14:27:04.644,6582,90,3,9,False,0,car,0 days 01:23:50.231000,0 days 02:20:47.326000
2024-06-23 14:27:04.924,7117,91,3,31,False,0,car,0 days 01:23:50.511000,0 days 02:20:47.606000
2024-06-23 14:27:05.084,7394,93,3,37,False,0,car,0 days 01:23:50.671000,0 days 02:20:47.766000
2024-06-23 14:27:05.284,7716,97,3,42,False,0,car,0 days 01:23:50.871000,0 days 02:20:47.966000
2024-06-23 14:27:05.444,7955,97,3,46,False,0,car,0 days 01:23:51.031000,0 days 02:20:48.126000
2024-06-23 14:27:05.724,8660,106,3,59,False,0,car,0 days 01:23:51.311000,0 days 02:20:48.406000
2024-06-23 14:27:05.964,9506,113,3,71,False,0,car,0 days 01:23:51.551000,0 days 02:20:48.646000
2024-06-23 14:27:06.364,8641,134,3,81,False,0,car,0 days 01:23:51.951000,0 days 02:20:49.046000
2024-06-23 14:27:06.764,10089,154,4,100,False,0,car,0 days 01:23:52.351000,0 days 02:20:49.446000
2024-06-23 14:27:07.124,11225,169,4,100,False,0,car,0 days 01:23:52.711000,0 days 02:20:49.806000
2024-06-23 14:27:07.564,10307,188,4,100,False,0,car,0 days 01:23:53.151000,0 days 02:20:50.246000
2024-06-23 14:27:08.005,11066,200,5,100,False,0,car,0 days 01:23:53.592000,0 days 02:20:50.687000
2024-06-23 14:27:08.165,11256,211,5,100,False,0,car,0 days 01:23:53.752000,0 days 02:20:50.847000
2024-06-23 14:27:08.405,11700,216,5,100,False,0,car,0 days 01:23:53.992000,0 days 02:20:51.087000
2024-06-23 14:27:08.565,11791,222,5,100,False,0,car,0 days 01:23:54.152000,0 days 02:20:51.247000
2024-06-23 14:27:08.765,10391,227,6,100,False,0,car,0 days 01:23:54.352000,0 days 02:20:51.447000
2024-06-23 14:27:08.965,10576,232,6,100,False,0,car,0 days 01:23:54.552000,0 days 02:20:51.647000
2024-06-23 14:27:09.245,10965,237,6,100,False,0,car,0 days 01:23:54.832000,0 days 02:20:51.927000
2024-06-23 14:27:09.445,11113,240,6,100,False,0,car,0 days 01:23:55.032000,0 days 02:20:52.127000
2024-06-23 14:27:09.884,11425,249,6,100,False,0,car,0 days 01:23:55.471000,0 days 02:20:52.566000
2024-06-23 14:27:10.924,9750,226,6,0,True,0,car,0 days 01:23:56.511000,0 days 02:20:53.606000
2024-06-23 14:27:11.324,9655,185,6,0,True,0,car,0 days 01:23:56.911000,0 days 02:20:54.006000
2024-06-23 14:27:11.724,9665,166,4,0,True,0,car,0 days 01:23:57.311000,0 days 02:20:54.406000
2024-06-23 14:27:11.884,9553,154,4,0,True,0,car,0 days 01:23:57.471000,0 days 02:20:54.566000
2024-06-23 14:27:12.204,9284,149,4,0,False,0,car,0 days 01:23:57.791000,0 days 02:20:54.886000
2024-06-23 14:27:12.444,9095,145,4,0,False,0,car,0 days 01:23:58.031000,0 days 02:20:55.126000
2024-06-23 14:27:12.644,8870,143,4,0,False,0,car,0 days 01:23:58.231000,0 days 02:20:55.326000
2024-06-23 14:27:12.964,8678,139,4,20,False,0,car,0 days 01:23:58.551000,0 days 02:20:55.646000
2024-06-23 14:27:13.364,8759,137,4,47,False,0,car,0 days 01:23:58.951000,0 days 02:20:56.046000
2024-06-23 14:27:13.644,9263,141,4,61,False,0,car,0 days 01:23:59.231000,0 days 02:20:56.326000
2024-06-23 14:27:13.844,9659,144,4,72,False,0,car,0 days 01:23:59.431000,0 days 02:20:56.526000
2024-06-23 14:27:14.165,10426,158,4,87,False,0,car,0 days 01:23:59.752000,0 days 02:20:56.847000
2024-06-23 14:27:14.645,11528,178,4,94,False,0,car,0 days 01:24:00.232000,0 days 02:20:57.327000
2024-06-23 14:27:14.965,11071,188,4,100,False,0,car,0 days 01:24:00.552000,0 days 02:20:57.647000
2024-06-23 14:27:15.205,10709,195,4,100,False,0,car,0 days 01:24:00.792000,0 days 02:20:57.887000
2024-06-23 14:27:15.605,11245,206,5,100,False,0,car,0 days 01:24:01.192000,0 days 02:20:58.287000
2024-06-23 14:27:15.925,11624,215,5,100,False,0,car,0 days 01:24:01.512000,0 days 02:20:58.607000
2024-06-23 14:27:16.125,11871,220,5,100,False,0,car,0 days 01:24:01.712000,0 days 02:20:58.807000
2024-06-23 14:27:16.444,10286,230,5,100,False,0,car,0 days 01:24:02.031000,0 days 02:20:59.126000
2024-06-23 14:27:16.764,10825,236,6,100,False,0,car,0 days 01:24:02.351000,0 days 02:20:59.446000
2024-06-23 14:27:16.924,10973,236,6,100,False,0,car,0 days 01:24:02.511000,0 days 02:20:59.606000
2024-06-23 14:27:17.124,11124,242,6,100,False,0,car,0 days 01:24:02.711000,0 days 02:20:59.806000
2024-06-23 14:27:17.364,11072,244,6,100,False,0,car,0 days 01:24:02.951000,0 days 02:21:00.046000
2024-06-23 14:27:17.524,10755,245,6,18,False,0,car,0 days 01:24:03.111000,0 days 02:21:00.206000
2024-06-23 14:27:17.804,10629,239,6,0,False,0,car,0 days 01:24:03.391000,0 days 02:21:00.486000
2024-06-23 14:27:17.964,10621,233,6,0,False,0,car,0 days 01:24:03.551000,0 days 02:21:00.646000
2024-06-23 14:27:18.164,10353,231,6,8,False,0,car,0 days 01:24:03.751000,0 days 02:21:00.846000
2024-06-23 14:27:18.404,10246,225,6,45,False,0,car,0 days 01:24:03.991000,0 days 02:21:01.086000
2024-06-23 14:27:18.724,10224,223,6,57,False,0,car,0 days 01:24:04.311000,0 days 02:21:01.406000
2024-06-23 14:27:18.884,10309,222,6,67,False,0,car,0 days 01:24:04.471000,0 days 02:21:01.566000
2024-06-23 14:27:19.124,10257,221,6,74,False,0,car,0 days 01:24:04.711000,0 days 02:21:01.806000
2024-06-23 14:27:19.444,10546,226,6,93,False,0,car,0 days 01:24:05.031000,0 days 02:21:02.126000
2024-06-23 14:27:19.684,10702,227,6,100,False,0,car,0 days 01:24:05.271000,0 days 02:21:02.366000
2024-06-23 14:27:19.844,10770,232,6,100,False,0,car,0 days 01:24:05.431000,0 days 02:21:02.526000
2024-06-23 14:27:20.244,11090,238,6,100,False,0,car,0 days 01:24:05.831000,0 days 02:21:02.926000
2024-06-23 14:27:20.684,11435,246,6,100,False,0,car,0 days 01:24:06.271000,0 days 02:21:03.366000
2024-06-23 14:27:21.005,11651,252,6,100,False,0,car,0 days 01:24:06.592000,0 days 02:21:03.687000
2024-06-23 14:27:21.245,11773,256,6,100,False,0,car,0 days 01:24:06.832000,0 days 02:21:03.927000
2024-06-23 14:27:21.565,10389,261,6,100,False,0,car,0 days 01:24:07.152000,0 days 02:21:04.247000
2024-06-23 14:27:21.845,10686,265,7,100,False,0,car,0 days 01:24:07.432000,0 days 02:21:04.527000
2024-06-23 14:27:22.205,10825,270,7,100,False,0,car,0 days 01:24:07.792000,0 days 02:21:04.887000
2024-06-23 14:27:22.565,10945,273,7,100,False,0,car,0 days 01:24:08.152000,0 days 02:21:05.247000
2024-06-23 14:27:22.765,11046,275,7,100,False,0,car,0 days 01:24:08.352000,0 days 02:21:05.447000
2024-06-23 14:27:23.204,11227,279,7,100,False,0,car,0 days 01:24:08.791000,0 days 02:21:05.886000
2024-06-23 14:27:23.524,11344,280,7,100,False,0,car,0 days 01:24:09.111000,0 days 02:21:06.206000
2024-06-23 14:27:23.684,11417,280,7,100,False,0,car,0 days 01:24:09.271000,0 days 02:21:06.366000
2024-06-23 14:27:23.964,11458,286,7,100,False,0,car,0 days 01:24:09.551000,0 days 02:21:06.646000
2024-06-23 14:27:24.244,11541,288,7,100,False,0,car,0 days 01:24:09.831000,0 days 02:21:06.926000
2024-06-23 14:27:24.484,11544,290,7,100,False,0,car,0 days 01:24:10.071000,0 days 02:21:07.166000
2024-06-23 14:27:24.684,11489,289,7,57,False,0,car,0 days 01:24:10.271000,0 days 02:21:07.366000
2024-06-23 14:27:24.924,11767,284,7,0,False,0,car,0 days 01:24:10.511000,0 days 02:21:07.606000
2024-06-23 14:27:25.284,10895,277,7,0,False,0,car,0 days 01:24:10.871000,0 days 02:21:07.966000
2024-06-23 14:27:25.564,9801,249,7,0,True,0,car,0 days 01:24:11.151000,0 days 02:21:08.246000
2024-06-23 14:27:25.884,9276,214,7,0,True,0,car,0 days 01:24:11.471000,0 days 02:21:08.566000
2024-06-23 14:27:26.204,9541,192,7,0,True,0,car,0 days 01:24:11.791000,0 days 02:21:08.886000
2024-06-23 14:27:26.444,9916,164,5,0,True,0,car,0 days 01:24:12.031000,0 days 02:21:09.126000
2024-06-23 14:27:26.604,9244,157,5,0,True,0,car,0 days 01:24:12.191000,0 days 02:21:09.286000
2024-06-23 14:27:26.844,8683,143,4,0,True,0,car,0 days 01:24:12.431000,0 days 02:21:09.526000
2024-06-23 14:27:27.084,9382,135,4,0,True,0,car,0 days 01:24:12.671000,0 days 02:21:09.766000
2024-06-23 14:27:27.445,8817,124,3,0,True,0,car,0 days 01:24:13.032000,0 days 02:21:10.127000
2024-06-23 14:27:27.605,8682,119,3,0,True,0,car,0 days 01:24:13.192000,0 days 02:21:10.287000
2024-06-23 14:27:27.845,8483,115,3,0,True,0,car,0 days 01:24:13.432000,0 days 02:21:10.527000
2024-06-23 14:27:28.125,8257,113,3,0,False,0,car,0 days 01:24:13.712000,0 days 02:21:10.807000
2024-06-23 14:27:28.285,8139,111,3,0,False,0,car,0 days 01:24:13.872000,0 days 02:21:10.967000
2024-06-23 14:27:28.445,7987,109,3,0,False,0,car,0 days 01:24:14.032000,0 days 02:21:11.127000
2024-06-23 14:27:28.605,7884,108,3,0,False,0,car,0 days 01:24:14.192000,0 days 02:21:11.287000
2024-06-23 14:27:28.805,7822,106,3,0,False,0,car,0 days 01:24:14.392000,0 days 02:21:11.487000
2024-06-23 14:27:29.165,7866,103,3,25,False,0,car,0 days 01:24:14.752000,0 days 02:21:11.847000
2024-06-23 14:27:29.325,7854,104,3,28,False,0,car,0 days 01:24:14.912000,0 days 02:21:12.007000
2024-06-23 14:27:29.485,8045,105,3,35,False,0,car,0 days 01:24:15.072000,0 days 02:21:12.167000
2024-06-23 14:27:29.645,8090,106,3,35,False,0,car,0 days 01:24:15.232000,0 days 02:21:12.327000
2024-06-23 14:27:30.004,8555,111,3,50,False,0,car,0 days 01:24:15.591000,0 days 02:21:12.686000
2024-06-23 14:27:30.164,8715,114,3,53,False,0,car,0 days 01:24:15.751000,0 days 02:21:12.846000
2024-06-23 14:27:30.484,8421,122,3,60,False,0,car,0 days 01:24:16.071000,0 days 02:21:13.166000
2024-06-23 14:27:30.684,8416,127,4,67,False,0,car,0 days 01:24:16.271000,0 days 02:21:13.366000
2024-06-23 14:27:30.964,8914,136,4,75,False,0,car,0 days 01:24:16.551000,0 days 02:21:13.646000
2024-06-23 14:27:31.284,9850,145,4,83,False,0,car,0 days 01:24:16.871000,0 days 02:21:13.966000
2024-06-23 14:27:31.484,10284,156,4,85,False,0,car,0 days 01:24:17.071000,0 days 02:21:14.166000
2024-06-23 14:27:31.804,11079,168,4,89,False,0,car,0 days 01:24:17.391000,0 days 02:21:14.486000
2024-06-23 14:27:32.204,11702,182,4,100,False,0,car,0 days 01:24:17.791000,0 days 02:21:14.886000
2024-06-23 14:27:32.364,11702,189,5,100,False,0,car,0 days 01:24:17.951000,0 days 02:21:15.046000
2024-06-23 14:27:32.604,10722,196,5,100,False,0,car,0 days 01:24:18.191000,0 days 02:21:15.286000
2024-06-23 14:27:32.764,10751,201,5,100,False,0,car,0 days 01:24:18.351000,0 days 02:21:15.446000
2024-06-23 14:27:32.964,10751,203,5,100,True,0,car,0 days 01:24:18.551000,0 days 02:21:15.646000
2024-06-23 14:27:33.164,10096,191,5,0,True,0,car,0 days 01:24:18.751000,0 days 02:21:15.846000
2024-06-23 14:27:33.404,8881,178,5,0,True,0,car,0 days 01:24:18.991000,0 days 02:21:16.086000
2024-06-23 14:27:33.604,9444,166,5,0,True,0,car,0 days 01:24:19.191000,0 days 02:21:16.286000
2024-06-23 14:27:33.844,9276,152,4,0,True,0,car,0 days 01:24:19.431000,0 days 02:21:16.526000
2024-06-23 14:27:34.005,8986,149,4,0,True,0,car,0 days 01:24:19.592000,0 days 02:21:16.687000
2024-06-23 14:27:34.285,8344,139,4,0,True,0,car,0 days 01:24:19.872000,0 days 02:21:16.967000
2024-06-23 14:27:34.565,8119,131,4,0,True,0,car,0 days 01:24:20.152000,0 days 02:21:17.247000
2024-06-23 14:27:34.965,7975,124,4,0,False,0,car,0 days 01:24:20.552000,0 days 02:21:17.647000
2024-06-23 14:27:35.125,7599,124,4,0,False,0,car,0 days 01:24:20.712000,0 days 02:21:17.807000
2024-06-23 14:27:35.325,7365,121,4,0,True,0,car,0 days 01:24:20.912000,0 days 02:21:18.007000
2024-06-23 14:27:35.685,7145,115,4,0,True,0,car,0 days 01:24:21.272000,0 days 02:21:18.367000
2024-06-23 14:27:35.885,7013,112,4,0,False,0,car,0 days 01:24:21.472000,0 days 02:21:18.567000
2024-06-23 14:27:36.085,7012,110,4,13,False,0,car,0 days 01:24:21.672000,0 days 02:21:18.767000
2024-06-23 14:27:36.564,7369,113,4,43,False,0,car,0 days 01:24:22.151000,0 days 02:21:19.246000
2024-06-23 14:27:37.004,7816,117,4,54,False,0,car,0 days 01:24:22.591000,0 days 02:21:19.686000
2024-06-23 14:27:37.204,8316,124,4,56,False,0,car,0 days 01:24:22.791000,0 days 02:21:19.886000
2024-06-23 14:27:37.484,8715,132,4,68,False,0,car,0 days 01:24:23.071000,0 days 02:21:20.166000
2024-06-23 14:27:37.644,9085,137,4,68,False,0,car,0 days 01:24:23.231000,0 days 02:21:20.326000
2024-06-23 14:27:37.844,9247,144,4,78,False,0,car,0 days 01:24:23.431000,0 days 02:21:20.526000
2024-06-23 14:27:38.044,10154,152,4,87,False,0,car,0 days 01:24:23.631000,0 days 02:21:20.726000
2024-06-23 14:27:38.324,10885,160,4,100,False,0,car,0 days 01:24:23.911000,0 days 02:21:21.006000
2024-06-23 14:27:38.564,11162,164,4,100,False,0,car,0 days 01:24:24.151000,0 days 02:21:21.246000
2024-06-23 14:27:38.884,10303,186,4,100,False,0,car,0 days 01:24:24.471000,0 days 02:21:21.566000
2024-06-23 14:27:39.204,10643,197,5,100,False,0,car,0 days 01:24:24.791000,0 days 02:21:21.886000
2024-06-23 14:27:39.364,10928,197,5,100,False,0,car,0 days 01:24:24.951000,0 days 02:21:22.046000
2024-06-23 14:27:39.524,11487,207,5,100,False,0,car,0 days 01:24:25.111000,0 days 02:21:22.206000
2024-06-23 14:27:39.724,11637,213,5,100,False,0,car,0 days 01:24:25.311000,0 days 02:21:22.406000
2024-06-23 14:27:39.924,10517,213,5,100,False,0,car,0 days 01:24:25.511000,0 days 02:21:22.606000
2024-06-23 14:27:40.284,10388,229,6,100,False,0,car,0 days 01:24:25.871000,0 days 02:21:22.966000
2024-06-23 14:27:40.685,10891,235,6,95,False,0,car,0 days 01:24:26.272000,0 days 02:21:23.367000
2024-06-23 14:27:40.965,10891,239,6,95,False,0,car,0 days 01:24:26.552000,0 days 02:21:23.647000
2024-06-23 14:27:41.245,11188,243,6,78,False,0,car,0 days 01:24:26.832000,0 days 02:21:23.927000
2024-06-23 14:27:41.645,11347,245,6,100,False,0,car,0 days 01:24:27.232000,0 days 02:21:24.327000
2024-06-23 14:27:41.885,11545,249,6,100,False,0,car,0 days 01:24:27.472000,0 days 02:21:24.567000
2024-06-23 14:27:42.085,11574,250,6,100,False,0,car,0 days 01:24:27.672000,0 days 02:21:24.767000
2024-06-23 14:27:42.325,11676,253,6,100,False,0,car,0 days 01:24:27.912000,0 days 02:21:25.007000
2024-06-23 14:27:42.525,10577,254,6,100,False,0,car,0 days 01:24:28.112000,0 days 02:21:25.207000
2024-06-23 14:27:42.925,10540,261,7,100,False,0,car,0 days 01:24:28.512000,0 days 02:21:25.607000
2024-06-23 14:27:43.284,10667,265,7,100,False,0,car,0 days 01:24:28.871000,0 days 02:21:25.966000
2024-06-23 14:27:43.604,10693,267,7,100,False,0,car,0 days 01:24:29.191000,0 days 02:21:26.286000
2024-06-23 14:27:43.884,10029,260,7,0,True,0,car,0 days 01:24:29.471000,0 days 02:21:26.566000
2024-06-23 14:27:44.284,10960,247,7,0,True,0,car,0 days 01:24:29.871000,0 days 02:21:26.966000
2024-06-23 14:27:44.724,10967,235,6,46,False,0,car,0 days 01:24:30.311000,0 days 02:21:27.406000
2024-06-23 14:27:44.964,10780,235,6,76,False,0,car,0 days 01:24:30.551000,0 days 02:21:27.646000
2024-06-23 14:27:45.124,10828,234,6,73,False,0,car,0 days 01:24:30.711000,0 days 02:21:27.806000
2024-06-23 14:27:45.364,10920,235,6,80,False,0,car,0 days 01:24:30.951000,0 days 02:21:28.046000
2024-06-23 14:27:45.564,10883,237,6,84,False,0,car,0 days 01:24:31.151000,0 days 02:21:28.246000
2024-06-23 14:27:45.804,11213,242,6,100,False,0,car,0 days 01:24:31.391000,0 days 02:21:28.486000
2024-06-23 14:27:46.004,11283,242,6,100,False,0,car,0 days 01:24:31.591000,0 days 02:21:28.686000
2024-06-23 14:27:46.204,11440,245,6,100,False,0,car,0 days 01:24:31.791000,0 days 02:21:28.886000
2024-06-23 14:27:46.524,11695,250,6,100,False,0,car,0 days 01:24:32.111000,0 days 02:21:29.206000
2024-06-23 14:27:46.684,11695,252,6,100,False,0,car,0 days 01:24:32.271000,0 days 02:21:29.366000
2024-06-23 14:27:47.004,10321,256,6,100,False,0,car,0 days 01:24:32.591000,0 days 02:21:29.686000
2024-06-23 14:27:47.245,10561,262,7,100,False,0,car,0 days 01:24:32.832000,0 days 02:21:29.927000
2024-06-23 14:27:47.445,10604,264,7,100,False,0,car,0 days 01:24:33.032000,0 days 02:21:30.127000
2024-06-23 14:27:47.605,10640,265,7,100,False,0,car,0 days 01:24:33.192000,0 days 02:21:30.287000
2024-06-23 14:27:47.805,10798,268,7,100,False,0,car,0 days 01:24:33.392000,0 days 02:21:30.487000
2024-06-23 14:27:47.965,10833,270,7,100,False,0,car,0 days 01:24:33.552000,0 days 02:21:30.647000
2024-06-23 14:27:48.245,10973,273,7,100,False,0,car,0 days 01:24:33.832000,0 days 02:21:30.927000
2024-06-23 14:27:49.325,11340,284,7,100,False,0,car,0 days 01:24:34.912000,0 days 02:21:32.007000
2024-06-23 14:27:49.565,11382,285,7,100,False,0,car,0 days 01:24:35.152000,0 days 02:21:32.247000
2024-06-23 14:27:49.845,11450,285,7,100,False,0,car,0 days 01:24:35.432000,0 days 02:21:32.527000
2024-06-23 14:27:50.084,11531,287,7,100,False,0,car,0 days 01:24:35.671000,0 days 02:21:32.766000
2024-06-23 14:27:50.444,11589,290,7,100,False,0,car,0 days 01:24:36.031000,0 days 02:21:33.126000
2024-06-23 14:27:50.604,11645,291,7,100,False,0,car,0 days 01:24:36.191000,0 days 02:21:33.286000
2024-06-23 14:27:50.964,11708,293,7,100,False,0,car,0 days 01:24:36.551000,0 days 02:21:33.646000
2024-06-23 14:27:51.284,10622,295,8,100,False,0,car,0 days 01:24:36.871000,0 days 02:21:33.966000
2024-06-23 14:27:51.724,10534,296,8,100,False,0,car,0 days 01:24:37.311000,0 days 02:21:34.406000
2024-06-23 14:27:52.044,10581,297,8,100,False,0,car,0 days 01:24:37.631000,0 days 02:21:34.726000
2024-06-23 14:27:52.324,10642,298,8,100,False,0,car,0 days 01:24:37.911000,0 days 02:21:35.006000
2024-06-23 14:27:52.524,10699,299,8,100,False,0,car,0 days 01:24:38.111000,0 days 02:21:35.206000
2024-06-23 14:27:52.684,10678,299,8,100,False,0,car,0 days 01:24:38.271000,0 days 02:21:35.366000
2024-06-23 14:27:52.924,10700,301,8,100,False,0,car,0 days 01:24:38.511000,0 days 02:21:35.606000
2024-06-23 14:27:53.284,10741,301,8,100,False,0,car,0 days 01:24:38.871000,0 days 02:21:35.966000
2024-06-23 14:27:53.444,10741,302,8,100,False,0,car,0 days 01:24:39.031000,0 days 02:21:36.126000
2024-06-23 14:27:53.685,10781,303,8,100,False,0,car,0 days 01:24:39.272000,0 days 02:21:36.367000
2024-06-23 14:27:53.885,10788,303,8,100,False,0,car,0 days 01:24:39.472000,0 days 02:21:36.567000
2024-06-23 14:27:54.205,10819,304,8,100,False,0,car,0 days 01:24:39.792000,0 days 02:21:36.887000
2024-06-23 14:27:54.565,10844,305,8,100,False,0,car,0 days 01:24:40.152000,0 days 02:21:37.247000
2024-06-23 14:27:54.805,10855,305,8,100,False,0,car,0 days 01:24:40.392000,0 days 02:21:37.487000
2024-06-23 14:27:55.045,10871,306,8,100,False,0,car,0 days 01:24:40.632000,0 days 02:21:37.727000
2024-06-23 14:27:55.245,10873,305,8,100,False,0,car,0 days 01:24:40.832000,0 days 02:21:37.927000
2024-06-23 14:27:55.605,10918,306,8,100,False,0,car,0 days 01:24:41.192000,0 days 02:21:38.287000
2024-06-23 14:27:55.765,10918,307,8,100,False,0,car,0 days 01:24:41.352000,0 days 02:21:38.447000
2024-06-23 14:27:55.965,10923,307,8,100,False,0,car,0 days 01:24:41.552000,0 days 02:21:38.647000
2024-06-23 14:27:56.125,10933,308,8,100,False,0,car,0 days 01:24:41.712000,0 days 02:21:38.807000
2024-06-23 14:27:56.325,10944,307,8,100,False,0,car,0 days 01:24:41.912000,0 days 02:21:39.007000
2024-06-23 14:27:56.565,10968,308,8,100,False,0,car,0 days 01:24:42.152000,0 days 02:21:39.247000
2024-06-23 14:27:56.804,10924,308,8,100,False,0,car,0 days 01:24:42.391000,0 days 02:21:39.486000
2024-06-23 14:27:57.004,10869,308,8,100,False,0,car,0 days 01:24:42.591000,0 days 02:21:39.686000
2024-06-23 14:27:57.164,10881,306,8,100,False,0,car,0 days 01:24:42.751000,0 days 02:21:39.846000
2024-06-23 14:27:57.364,10858,307,8,100,False,0,car,0 days 01:24:42.951000,0 days 02:21:40.046000
2024-06-23 14:27:57.644,10438,300,8,0,False,0,car,0 days 01:24:43.231000,0 days 02:21:40.326000
2024-06-23 14:27:58.004,9728,291,8,0,False,0,car,0 days 01:24:43.591000,0 days 02:21:40.686000
2024-06-23 14:27:58.284,9525,271,8,0,True,0,car,0 days 01:24:43.871000,0 days 02:21:40.966000
2024-06-23 14:27:58.564,9244,236,8,0,True,0,car,0 days 01:24:44.151000,0 days 02:21:41.246000
2024-06-23 14:27:58.764,9650,216,7,0,True,0,car,0 days 01:24:44.351000,0 days 02:21:41.446000
2024-06-23 14:27:59.044,9346,199,7,0,True,0,car,0 days 01:24:44.631000,0 days 02:21:41.726000
2024-06-23 14:27:59.204,9590,184,6,0,True,0,car,0 days 01:24:44.791000,0 days 02:21:41.886000
2024-06-23 14:27:59.484,9567,168,5,0,True,0,car,0 days 01:24:45.071000,0 days 02:21:42.166000
2024-06-23 14:27:59.924,9412,155,4,0,True,0,car,0 days 01:24:45.511000,0 days 02:21:42.606000
2024-06-23 14:28:00.285,9043,147,4,0,False,0,car,0 days 01:24:45.872000,0 days 02:21:42.967000
2024-06-23 14:28:00.525,9068,144,4,1,False,0,car,0 days 01:24:46.112000,0 days 02:21:43.207000
2024-06-23 14:28:01.005,9171,140,4,51,False,0,car,0 days 01:24:46.592000,0 days 02:21:43.687000
2024-06-23 14:28:01.365,9507,146,4,61,False,0,car,0 days 01:24:46.952000,0 days 02:21:44.047000
2024-06-23 14:28:01.525,9805,150,4,68,False,0,car,0 days 01:24:47.112000,0 days 02:21:44.207000
2024-06-23 14:28:01.725,9999,155,4,72,False,0,car,0 days 01:24:47.312000,0 days 02:21:44.407000
2024-06-23 14:28:02.005,8809,164,5,64,False,0,car,0 days 01:24:47.592000,0 days 02:21:44.687000
2024-06-23 14:28:02.405,9043,166,5,56,False,0,car,0 days 01:24:47.992000,0 days 02:21:45.087000
2024-06-23 14:28:02.605,9110,167,5,61,False,0,car,0 days 01:24:48.192000,0 days 02:21:45.287000
2024-06-23 14:28:02.965,9142,172,5,65,False,0,car,0 days 01:24:48.552000,0 days 02:21:45.647000
2024-06-23 14:28:03.205,9694,176,5,83,False,0,car,0 days 01:24:48.792000,0 days 02:21:45.887000
2024-06-23 14:28:03.564,10307,188,5,100,False,0,car,0 days 01:24:49.151000,0 days 02:21:46.246000
2024-06-23 14:28:03.884,10692,197,5,100,False,0,car,0 days 01:24:49.471000,0 days 02:21:46.566000
2024-06-23 14:28:04.284,11232,209,5,100,False,0,car,0 days 01:24:49.871000,0 days 02:21:46.966000
2024-06-23 14:28:04.564,10528,219,5,100,False,0,car,0 days 01:24:50.151000,0 days 02:21:47.246000
2024-06-23 14:28:04.844,10333,224,6,100,False,0,car,0 days 01:24:50.431000,0 days 02:21:47.526000
2024-06-23 14:28:05.284,10193,227,6,0,False,0,car,0 days 01:24:50.871000,0 days 02:21:47.966000
2024-06-23 14:28:05.444,10222,222,6,0,False,0,car,0 days 01:24:51.031000,0 days 02:21:48.126000
2024-06-23 14:28:05.804,9775,216,6,0,False,0,car,0 days 01:24:51.391000,0 days 02:21:48.486000
2024-06-23 14:28:05.964,9592,209,6,45,False,0,car,0 days 01:24:51.551000,0 days 02:21:48.646000
2024-06-23 14:28:06.244,9554,208,6,60,False,0,car,0 days 01:24:51.831000,0 days 02:21:48.926000
2024-06-23 14:28:06.484,9777,209,6,74,False,0,car,0 days 01:24:52.071000,0 days 02:21:49.166000
2024-06-23 14:28:06.644,9817,210,6,74,False,0,car,0 days 01:24:52.231000,0 days 02:21:49.326000
2024-06-23 14:28:06.925,10056,211,6,82,False,0,car,0 days 01:24:52.512000,0 days 02:21:49.607000
2024-06-23 14:28:07.285,10203,218,6,100,False,0,car,0 days 01:24:52.872000,0 days 02:21:49.967000
2024-06-23 14:28:07.485,10456,224,6,100,False,0,car,0 days 01:24:53.072000,0 days 02:21:50.167000
2024-06-23 14:28:07.685,10456,227,6,100,False,0,car,0 days 01:24:53.272000,0 days 02:21:50.367000
2024-06-23 14:28:07.885,10749,231,6,100,False,0,car,0 days 01:24:53.472000,0 days 02:21:50.567000
2024-06-23 14:28:08.165,10956,235,6,100,False,0,car,0 days 01:24:53.752000,0 days 02:21:50.847000
2024-06-23 14:28:08.405,11181,240,6,100,False,0,car,0 days 01:24:53.992000,0 days 02:21:51.087000
2024-06-23 14:28:08.725,11337,244,6,100,False,0,car,0 days 01:24:54.312000,0 days 02:21:51.407000
2024-06-23 14:28:09.205,11645,252,6,100,False,0,car,0 days 01:24:54.792000,0 days 02:21:51.887000
2024-06-23 14:28:09.365,11675,252,6,100,False,0,car,0 days 01:24:54.952000,0 days 02:21:52.047000
2024-06-23 14:28:09.525,11446,256,6,100,False,0,car,0 days 01:24:55.112000,0 days 02:21:52.207000
2024-06-23 14:28:09.845,10541,259,7,100,False,0,car,0 days 01:24:55.432000,0 days 02:21:52.527000
2024-06-23 14:28:10.204,10703,264,7,100,False,0,car,0 days 01:24:55.791000,0 days 02:21:52.886000
2024-06-23 14:28:10.604,10876,269,7,100,False,0,car,0 days 01:24:56.191000,0 days 02:21:53.286000
2024-06-23 14:28:10.844,10956,272,7,100,False,0,car,0 days 01:24:56.431000,0 days 02:21:53.526000
2024-06-23 14:28:11.164,11116,276,7,100,False,0,car,0 days 01:24:56.751000,0 days 02:21:53.846000
2024-06-23 14:28:11.364,11155,277,7,100,False,0,car,0 days 01:24:56.951000,0 days 02:21:54.046000
2024-06-23 14:28:11.604,11241,280,7,100,False,0,car,0 days 01:24:57.191000,0 days 02:21:54.286000
2024-06-23 14:28:11.844,11294,281,7,100,False,0,car,0 days 01:24:57.431000,0 days 02:21:54.526000
2024-06-23 14:28:12.244,10965,283,7,100,False,0,car,0 days 01:24:57.831000,0 days 02:21:54.926000
2024-06-23 14:28:12.644,10636,272,7,0,False,0,car,0 days 01:24:58.231000,0 days 02:21:55.326000
2024-06-23 14:28:13.124,9554,237,7,0,True,0,car,0 days 01:24:58.711000,0 days 02:21:55.806000
2024-06-23 14:28:13.284,9413,214,6,0,True,0,car,0 days 01:24:58.871000,0 days 02:21:55.966000
2024-06-23 14:28:13.525,9676,196,6,0,True,0,car,0 days 01:24:59.112000,0 days 02:21:56.207000
2024-06-23 14:28:14.245,9799,159,4,0,True,0,car,0 days 01:24:59.832000,0 days 02:21:56.927000
2024-06-23 14:28:14.525,9432,154,4,0,True,0,car,0 days 01:25:00.112000,0 days 02:21:57.207000
2024-06-23 14:28:14.765,9233,147,4,0,False,0,car,0 days 01:25:00.352000,0 days 02:21:57.447000
2024-06-23 14:28:15.125,8686,140,4,0,True,0,car,0 days 01:25:00.712000,0 days 02:21:57.807000
2024-06-23 14:28:15.325,8471,138,4,0,False,0,car,0 days 01:25:00.912000,0 days 02:21:58.007000
2024-06-23 14:28:15.645,8265,132,4,0,False,0,car,0 days 01:25:01.232000,0 days 02:21:58.327000
2024-06-23 14:28:15.845,8253,131,4,28,False,0,car,0 days 01:25:01.432000,0 days 02:21:58.527000
2024-06-23 14:28:16.245,8655,134,4,49,False,0,car,0 days 01:25:01.832000,0 days 02:21:58.927000
2024-06-23 14:28:16.485,8875,137,4,58,False,0,car,0 days 01:25:02.072000,0 days 02:21:59.167000
2024-06-23 14:28:16.805,9418,143,4,68,False,0,car,0 days 01:25:02.392000,0 days 02:21:59.487000
2024-06-23 14:28:17.244,10125,156,4,75,False,0,car,0 days 01:25:02.831000,0 days 02:21:59.926000
2024-06-23 14:28:17.404,10395,159,4,80,False,0,car,0 days 01:25:02.991000,0 days 02:22:00.086000
2024-06-23 14:28:17.604,10892,166,4,88,False,0,car,0 days 01:25:03.191000,0 days 02:22:00.286000
2024-06-23 14:28:17.924,11208,177,4,100,False,0,car,0 days 01:25:03.511000,0 days 02:22:00.606000
2024-06-23 14:28:18.084,10508,185,4,100,False,0,car,0 days 01:25:03.671000,0 days 02:22:00.766000
2024-06-23 14:28:18.284,10370,189,5,100,False,0,car,0 days 01:25:03.871000,0 days 02:22:00.966000
2024-06-23 14:28:18.684,10990,204,5,100,False,0,car,0 days 01:25:04.271000,0 days 02:22:01.366000
2024-06-23 14:28:18.844,11275,207,5,100,False,0,car,0 days 01:25:04.431000,0 days 02:22:01.526000
2024-06-23 14:28:19.084,11621,214,5,100,False,0,car,0 days 01:25:04.671000,0 days 02:22:01.766000
2024-06-23 14:28:19.284,11710,220,5,100,False,0,car,0 days 01:25:04.871000,0 days 02:22:01.966000
2024-06-23 14:28:19.484,11165,224,5,100,False,0,car,0 days 01:25:05.071000,0 days 02:22:02.166000
2024-06-23 14:28:19.644,10580,225,5,100,False,0,car,0 days 01:25:05.231000,0 days 02:22:02.326000
2024-06-23 14:28:19.924,10769,233,6,100,False,0,car,0 days 01:25:05.511000,0 days 02:22:02.606000
2024-06-23 14:28:20.165,10861,237,6,100,False,0,car,0 days 01:25:05.752000,0 days 02:22:02.847000
2024-06-23 14:28:20.365,10999,240,6,100,False,0,car,0 days 01:25:05.952000,0 days 02:22:03.047000
2024-06-23 14:28:20.845,11136,231,6,0,True,0,car,0 days 01:25:06.432000,0 days 02:22:03.527000
2024-06-23 14:28:21.005,10016,219,6,0,True,0,car,0 days 01:25:06.592000,0 days 02:22:03.687000
2024-06-23 14:28:21.205,9367,197,6,0,True,0,car,0 days 01:25:06.792000,0 days 02:22:03.887000
2024-06-23 14:28:21.445,9677,178,5,0,True,0,car,0 days 01:25:07.032000,0 days 02:22:04.127000
2024-06-23 14:28:21.685,9479,171,4,0,True,0,car,0 days 01:25:07.272000,0 days 02:22:04.367000
2024-06-23 14:28:21.885,8924,151,4,0,True,0,car,0 days 01:25:07.472000,0 days 02:22:04.567000
2024-06-23 14:28:22.045,10040,151,4,0,True,0,car,0 days 01:25:07.632000,0 days 02:22:04.727000
2024-06-23 14:28:22.405,9148,129,3,0,True,0,car,0 days 01:25:07.992000,0 days 02:22:05.087000
2024-06-23 14:28:22.725,8451,121,3,0,True,0,car,0 days 01:25:08.312000,0 days 02:22:05.407000
2024-06-23 14:28:22.885,8227,115,3,0,True,0,car,0 days 01:25:08.472000,0 days 02:22:05.567000
2024-06-23 14:28:23.245,7804,108,3,0,True,0,car,0 days 01:25:08.832000,0 days 02:22:05.927000
2024-06-23 14:28:23.445,7432,102,3,0,True,0,car,0 days 01:25:09.032000,0 days 02:22:06.127000
2024-06-23 14:28:23.605,7210,100,3,0,True,0,car,0 days 01:25:09.192000,0 days 02:22:06.287000
2024-06-23 14:28:23.924,7059,96,3,0,False,0,car,0 days 01:25:09.511000,0 days 02:22:06.606000
2024-06-23 14:28:24.204,7035,94,3,4,False,0,car,0 days 01:25:09.791000,0 days 02:22:06.886000
2024-06-23 14:28:24.524,7339,96,3,32,False,0,car,0 days 01:25:10.111000,0 days 02:22:07.206000
2024-06-23 14:28:24.884,7946,99,3,42,False,0,car,0 days 01:25:10.471000,0 days 02:22:07.566000
2024-06-23 14:28:25.124,8443,102,3,50,False,0,car,0 days 01:25:10.711000,0 days 02:22:07.806000
2024-06-23 14:28:25.324,8891,109,3,54,False,0,car,0 days 01:25:10.911000,0 days 02:22:08.006000
2024-06-23 14:28:25.564,9279,117,3,67,False,0,car,0 days 01:25:11.151000,0 days 02:22:08.246000
2024-06-23 14:28:25.884,8801,125,3,77,False,0,car,0 days 01:25:11.471000,0 days 02:22:08.566000
2024-06-23 14:28:26.164,9373,142,4,84,False,0,car,0 days 01:25:11.751000,0 days 02:22:08.846000
2024-06-23 14:28:26.364,9916,151,4,100,False,0,car,0 days 01:25:11.951000,0 days 02:22:09.046000
2024-06-23 14:28:26.565,10608,161,4,100,False,0,car,0 days 01:25:12.152000,0 days 02:22:09.247000
2024-06-23 14:28:26.805,11214,171,4,100,False,0,car,0 days 01:25:12.392000,0 days 02:22:09.487000
2024-06-23 14:28:27.205,10838,189,4,100,False,0,car,0 days 01:25:12.792000,0 days 02:22:09.887000
2024-06-23 14:28:27.445,10736,199,4,100,False,0,car,0 days 01:25:13.032000,0 days 02:22:10.127000
2024-06-23 14:28:27.605,11025,203,5,100,False,0,car,0 days 01:25:13.192000,0 days 02:22:10.287000
2024-06-23 14:28:27.805,11362,210,5,100,False,0,car,0 days 01:25:13.392000,0 days 02:22:10.487000
2024-06-23 14:28:28.005,11647,217,5,100,False,0,car,0 days 01:25:13.592000,0 days 02:22:10.687000
2024-06-23 14:28:28.245,11950,224,5,100,False,0,car,0 days 01:25:13.832000,0 days 02:22:10.927000
2024-06-23 14:28:28.605,10553,228,6,100,False,0,car,0 days 01:25:14.192000,0 days 02:22:11.287000
2024-06-23 14:28:28.845,10905,238,6,100,False,0,car,0 days 01:25:14.432000,0 days 02:22:11.527000
2024-06-23 14:28:29.165,11200,238,6,100,False,0,car,0 days 01:25:14.752000,0 days 02:22:11.847000
2024-06-23 14:28:29.405,11331,245,6,100,False,0,car,0 days 01:25:14.992000,0 days 02:22:12.087000
2024-06-23 14:28:29.605,11442,250,6,100,False,0,car,0 days 01:25:15.192000,0 days 02:22:12.287000
2024-06-23 14:28:29.765,11491,250,6,100,False,0,car,0 days 01:25:15.352000,0 days 02:22:12.447000
2024-06-23 14:28:30.005,11637,252,6,97,False,0,car,0 days 01:25:15.592000,0 days 02:22:12.687000
2024-06-23 14:28:30.205,11575,249,6,0,True,0,car,0 days 01:25:15.792000,0 days 02:22:12.887000
2024-06-23 14:28:30.444,10616,234,6,0,True,0,car,0 days 01:25:16.031000,0 days 02:22:13.126000
2024-06-23 14:28:30.884,9916,193,6,0,True,0,car,0 days 01:25:16.471000,0 days 02:22:13.566000
2024-06-23 14:28:31.164,8818,170,5,0,True,0,car,0 days 01:25:16.751000,0 days 02:22:13.846000
2024-06-23 14:28:31.564,9412,153,4,0,True,0,car,0 days 01:25:17.151000,0 days 02:22:14.246000
2024-06-23 14:28:31.724,9150,150,4,0,True,0,car,0 days 01:25:17.311000,0 days 02:22:14.406000
2024-06-23 14:28:31.924,8902,146,4,0,False,0,car,0 days 01:25:17.511000,0 days 02:22:14.606000
2024-06-23 14:28:32.244,8748,141,4,0,False,0,car,0 days 01:25:17.831000,0 days 02:22:14.926000
2024-06-23 14:28:32.484,8589,137,4,13,False,0,car,0 days 01:25:18.071000,0 days 02:22:15.166000
2024-06-23 14:28:32.644,8489,136,4,20,False,0,car,0 days 01:25:18.231000,0 days 02:22:15.326000
2024-06-23 14:28:32.924,8904,137,4,46,False,0,car,0 days 01:25:18.511000,0 days 02:22:15.606000
2024-06-23 14:28:33.165,9035,139,4,54,False,0,car,0 days 01:25:18.752000,0 days 02:22:15.847000
2024-06-23 14:28:33.565,9634,144,4,71,False,0,car,0 days 01:25:19.152000,0 days 02:22:16.247000
2024-06-23 14:28:34.005,10798,162,4,99,False,0,car,0 days 01:25:19.592000,0 days 02:22:16.687000
2024-06-23 14:28:34.165,11481,167,4,69,False,0,car,0 days 01:25:19.752000,0 days 02:22:16.847000
2024-06-23 14:28:34.525,11516,175,4,97,False,0,car,0 days 01:25:20.112000,0 days 02:22:17.207000
2024-06-23 14:28:34.765,11652,187,4,100,False,0,car,0 days 01:25:20.352000,0 days 02:22:17.447000
2024-06-23 14:28:35.085,10644,197,5,100,False,0,car,0 days 01:25:20.672000,0 days 02:22:17.767000
2024-06-23 14:28:35.445,11246,203,5,100,False,0,car,0 days 01:25:21.032000,0 days 02:22:18.127000
2024-06-23 14:28:35.685,11474,212,5,100,False,0,car,0 days 01:25:21.272000,0 days 02:22:18.367000
2024-06-23 14:28:35.845,11771,217,5,100,False,0,car,0 days 01:25:21.432000,0 days 02:22:18.527000
2024-06-23 14:28:36.005,11997,222,5,100,False,0,car,0 days 01:25:21.592000,0 days 02:22:18.687000
2024-06-23 14:28:36.205,11374,227,5,100,False,0,car,0 days 01:25:21.792000,0 days 02:22:18.887000
2024-06-23 14:28:36.485,10781,235,6,100,False,0,car,0 days 01:25:22.072000,0 days 02:22:19.167000
2024-06-23 14:28:36.645,10898,237,6,100,False,0,car,0 days 01:25:22.232000,0 days 02:22:19.327000
2024-06-23 14:28:37.005,11081,242,6,100,False,0,car,0 days 01:25:22.592000,0 days 02:22:19.687000
2024-06-23 14:28:37.324,10724,244,6,6,False,0,car,0 days 01:25:22.911000,0 days 02:22:20.006000
2024-06-23 14:28:37.724,10577,234,6,0,False,0,car,0 days 01:25:23.311000,0 days 02:22:20.406000
2024-06-23 14:28:37.924,10349,229,6,15,False,0,car,0 days 01:25:23.511000,0 days 02:22:20.606000
2024-06-23 14:28:38.244,10203,224,6,59,False,0,car,0 days 01:25:23.831000,0 days 02:22:20.926000
2024-06-23 14:28:38.404,10293,223,6,61,False,0,car,0 days 01:25:23.991000,0 days 02:22:21.086000
2024-06-23 14:28:38.684,10425,223,6,80,False,0,car,0 days 01:25:24.271000,0 days 02:22:21.366000
2024-06-23 14:28:39.004,10621,226,6,100,False,0,car,0 days 01:25:24.591000,0 days 02:22:21.686000
2024-06-23 14:28:39.244,10836,233,6,100,False,0,car,0 days 01:25:24.831000,0 days 02:22:21.926000
2024-06-23 14:28:39.524,11036,236,6,100,False,0,car,0 days 01:25:25.111000,0 days 02:22:22.206000
2024-06-23 14:28:39.845,11191,240,6,100,False,0,car,0 days 01:25:25.432000,0 days 02:22:22.527000
2024-06-23 14:28:40.245,11401,248,6,100,False,0,car,0 days 01:25:25.832000,0 days 02:22:22.927000
2024-06-23 14:28:40.445,11628,252,6,100,False,0,car,0 days 01:25:26.032000,0 days 02:22:23.127000
2024-06-23 14:28:40.645,11758,254,6,100,False,0,car,0 days 01:25:26.232000,0 days 02:22:23.327000
2024-06-23 14:28:40.845,11338,258,6,100,False,0,car,0 days 01:25:26.432000,0 days 02:22:23.527000
2024-06-23 14:28:41.045,10288,257,7,100,False,0,car,0 days 01:25:26.632000,0 days 02:22:23.727000
2024-06-23 14:28:41.245,10539,261,7,100,False,0,car,0 days 01:25:26.832000,0 days 02:22:23.927000
2024-06-23 14:28:41.525,10712,266,7,100,False,0,car,0 days 01:25:27.112000,0 days 02:22:24.207000
2024-06-23 14:28:41.845,10849,269,7,100,False,0,car,0 days 01:25:27.432000,0 days 02:22:24.527000
2024-06-23 14:28:42.045,10945,271,7,100,False,0,car,0 days 01:25:27.632000,0 days 02:22:24.727000
2024-06-23 14:28:42.365,11045,275,7,100,False,0,car,0 days 01:25:27.952000,0 days 02:22:25.047000
2024-06-23 14:28:42.765,11205,279,7,100,False,0,car,0 days 01:25:28.352000,0 days 02:22:25.447000
2024-06-23 14:28:43.045,11317,282,7,100,False,0,car,0 days 01:25:28.632000,0 days 02:22:25.727000
2024-06-23 14:28:43.245,11379,283,7,100,False,0,car,0 days 01:25:28.832000,0 days 02:22:25.927000
2024-06-23 14:28:43.565,11464,286,7,100,False,0,car,0 days 01:25:29.152000,0 days 02:22:26.247000
2024-06-23 14:28:43.804,11560,287,7,100,False,0,car,0 days 01:25:29.391000,0 days 02:22:26.486000
2024-06-23 14:28:44.044,11611,290,7,100,False,0,car,0 days 01:25:29.631000,0 days 02:22:26.726000
2024-06-23 14:28:44.444,11575,290,7,100,False,0,car,0 days 01:25:30.031000,0 days 02:22:27.126000
2024-06-23 14:28:44.604,11575,289,7,100,False,0,car,0 days 01:25:30.191000,0 days 02:22:27.286000
2024-06-23 14:28:45.044,10878,271,7,0,True,0,car,0 days 01:25:30.631000,0 days 02:22:27.726000
2024-06-23 14:28:45.404,9956,238,7,0,True,0,car,0 days 01:25:30.991000,0 days 02:22:28.086000
2024-06-23 14:28:45.644,9623,227,7,0,True,0,car,0 days 01:25:31.231000,0 days 02:22:28.326000
2024-06-23 14:28:45.844,9502,186,6,0,True,0,car,0 days 01:25:31.431000,0 days 02:22:28.526000
2024-06-23 14:28:46.004,9104,177,5,0,True,0,car,0 days 01:25:31.591000,0 days 02:22:28.686000
2024-06-23 14:28:46.245,9492,156,5,0,True,0,car,0 days 01:25:31.832000,0 days 02:22:28.927000
2024-06-23 14:28:46.405,9352,152,4,0,True,0,car,0 days 01:25:31.992000,0 days 02:22:29.087000
2024-06-23 14:28:46.565,9493,143,4,0,True,0,car,0 days 01:25:32.152000,0 days 02:22:29.247000
2024-06-23 14:28:46.845,9738,137,3,0,True,0,car,0 days 01:25:32.432000,0 days 02:22:29.527000
2024-06-23 14:28:47.245,9283,123,3,0,True,0,car,0 days 01:25:32.832000,0 days 02:22:29.927000
2024-06-23 14:28:47.485,8840,119,3,0,False,0,car,0 days 01:25:33.072000,0 days 02:22:30.167000
2024-06-23 14:28:47.685,8514,116,3,0,False,0,car,0 days 01:25:33.272000,0 days 02:22:30.367000
2024-06-23 14:28:47.925,8168,114,3,0,True,0,car,0 days 01:25:33.512000,0 days 02:22:30.607000
2024-06-23 14:28:48.165,7752,106,3,0,True,0,car,0 days 01:25:33.752000,0 days 02:22:30.847000
2024-06-23 14:28:48.605,7295,100,3,0,False,0,car,0 days 01:25:34.192000,0 days 02:22:31.287000
2024-06-23 14:28:48.845,7129,98,3,0,False,0,car,0 days 01:25:34.432000,0 days 02:22:31.527000
2024-06-23 14:28:49.125,7165,97,3,9,False,0,car,0 days 01:25:34.712000,0 days 02:22:31.807000
2024-06-23 14:28:49.405,7451,95,3,27,False,0,car,0 days 01:25:34.992000,0 days 02:22:32.087000
2024-06-23 14:28:49.645,7637,100,3,37,False,0,car,0 days 01:25:35.232000,0 days 02:22:32.327000
2024-06-23 14:28:50.045,8624,107,3,58,False,0,car,0 days 01:25:35.632000,0 days 02:22:32.727000
2024-06-23 14:28:50.285,9260,116,3,65,False,0,car,0 days 01:25:35.872000,0 days 02:22:32.967000
2024-06-23 14:28:50.604,9717,125,3,71,False,0,car,0 days 01:25:36.191000,0 days 02:22:33.286000
2024-06-23 14:28:50.964,10205,140,3,78,False,0,car,0 days 01:25:36.551000,0 days 02:22:33.646000
2024-06-23 14:28:51.124,9643,144,3,79,False,0,car,0 days 01:25:36.711000,0 days 02:22:33.806000
2024-06-23 14:28:51.484,10438,160,4,90,False,0,car,0 days 01:25:37.071000,0 days 02:22:34.166000
2024-06-23 14:28:51.804,11291,173,4,100,False,0,car,0 days 01:25:37.391000,0 days 02:22:34.486000
2024-06-23 14:28:52.044,11599,183,4,100,False,0,car,0 days 01:25:37.631000,0 days 02:22:34.726000
2024-06-23 14:28:52.244,10479,191,4,100,False,0,car,0 days 01:25:37.831000,0 days 02:22:34.926000
2024-06-23 14:28:52.484,10469,195,5,100,False,0,car,0 days 01:25:38.071000,0 days 02:22:35.166000
2024-06-23 14:28:52.885,9641,190,5,0,True,0,car,0 days 01:25:38.472000,0 days 02:22:35.567000
2024-06-23 14:28:53.085,9071,177,5,0,True,0,car,0 days 01:25:38.672000,0 days 02:22:35.767000
2024-06-23 14:28:53.365,9789,161,4,0,True,0,car,0 days 01:25:38.952000,0 days 02:22:36.047000
2024-06-23 14:28:53.525,9209,156,4,0,True,0,car,0 days 01:25:39.112000,0 days 02:22:36.207000
2024-06-23 14:28:53.725,8859,147,4,0,True,0,car,0 days 01:25:39.312000,0 days 02:22:36.407000
2024-06-23 14:28:53.925,8421,142,4,0,True,0,car,0 days 01:25:39.512000,0 days 02:22:36.607000
2024-06-23 14:28:54.085,8448,135,4,0,True,0,car,0 days 01:25:39.672000,0 days 02:22:36.767000
2024-06-23 14:28:54.405,8095,129,4,0,False,0,car,0 days 01:25:39.992000,0 days 02:22:37.087000
2024-06-23 14:28:54.845,7785,126,4,0,False,0,car,0 days 01:25:40.432000,0 days 02:22:37.527000
2024-06-23 14:28:55.205,7420,120,4,0,True,0,car,0 days 01:25:40.792000,0 days 02:22:37.887000
2024-06-23 14:28:55.405,7236,119,4,0,False,0,car,0 days 01:25:40.992000,0 days 02:22:38.087000
2024-06-23 14:28:55.565,7274,115,4,1,False,0,car,0 days 01:25:41.152000,0 days 02:22:38.247000
2024-06-23 14:28:55.925,7332,113,4,32,False,0,car,0 days 01:25:41.512000,0 days 02:22:38.607000
2024-06-23 14:28:56.245,7581,117,4,41,False,0,car,0 days 01:25:41.832000,0 days 02:22:38.927000
2024-06-23 14:28:56.685,7965,122,4,47,False,0,car,0 days 01:25:42.272000,0 days 02:22:39.367000
2024-06-23 14:28:57.005,8279,126,4,53,False,0,car,0 days 01:25:42.592000,0 days 02:22:39.687000
2024-06-23 14:28:57.284,8515,133,4,62,False,0,car,0 days 01:25:42.871000,0 days 02:22:39.966000
2024-06-23 14:28:57.724,9824,145,4,79,False,0,car,0 days 01:25:43.311000,0 days 02:22:40.406000
2024-06-23 14:28:57.924,10355,152,4,84,False,0,car,0 days 01:25:43.511000,0 days 02:22:40.606000
2024-06-23 14:28:58.324,11013,168,4,100,False,0,car,0 days 01:25:43.911000,0 days 02:22:41.006000
2024-06-23 14:28:58.564,10953,180,4,100,False,0,car,0 days 01:25:44.151000,0 days 02:22:41.246000
2024-06-23 14:28:58.804,10257,187,5,100,False,0,car,0 days 01:25:44.391000,0 days 02:22:41.486000
2024-06-23 14:28:59.044,10711,200,5,100,False,0,car,0 days 01:25:44.631000,0 days 02:22:41.726000
2024-06-23 14:28:59.364,11433,210,5,100,False,0,car,0 days 01:25:44.951000,0 days 02:22:42.046000
2024-06-23 14:28:59.565,11549,215,5,100,False,0,car,0 days 01:25:45.152000,0 days 02:22:42.247000
2024-06-23 14:28:59.725,10569,218,5,100,False,0,car,0 days 01:25:45.312000,0 days 02:22:42.407000
2024-06-23 14:28:59.925,10266,220,6,100,False,0,car,0 days 01:25:45.512000,0 days 02:22:42.607000
2024-06-23 14:29:00.085,10619,225,6,100,False,0,car,0 days 01:25:45.672000,0 days 02:22:42.767000
2024-06-23 14:29:00.285,10757,232,6,100,False,0,car,0 days 01:25:45.872000,0 days 02:22:42.967000
2024-06-23 14:29:00.645,10939,235,6,100,False,0,car,0 days 01:25:46.232000,0 days 02:22:43.327000
2024-06-23 14:29:00.845,11077,239,6,78,False,0,car,0 days 01:25:46.432000,0 days 02:22:43.527000
2024-06-23 14:29:01.165,11023,241,6,79,False,0,car,0 days 01:25:46.752000,0 days 02:22:43.847000
2024-06-23 14:29:01.405,11242,244,6,100,False,0,car,0 days 01:25:46.992000,0 days 02:22:44.087000
2024-06-23 14:29:01.645,11548,247,6,100,False,0,car,0 days 01:25:47.232000,0 days 02:22:44.327000
2024-06-23 14:29:01.965,11576,253,6,100,False,0,car,0 days 01:25:47.552000,0 days 02:22:44.647000
2024-06-23 14:29:02.125,11357,253,6,100,False,0,car,0 days 01:25:47.712000,0 days 02:22:44.807000
2024-06-23 14:29:02.365,10484,257,7,100,False,0,car,0 days 01:25:47.952000,0 days 02:22:45.047000
2024-06-23 14:29:02.525,10407,259,7,100,False,0,car,0 days 01:25:48.112000,0 days 02:22:45.207000
2024-06-23 14:29:02.725,10469,261,7,100,False,0,car,0 days 01:25:48.312000,0 days 02:22:45.407000
2024-06-23 14:29:03.045,10586,264,7,100,False,0,car,0 days 01:25:48.632000,0 days 02:22:45.727000
2024-06-23 14:29:03.245,10562,265,7,100,False,0,car,0 days 01:25:48.832000,0 days 02:22:45.927000
2024-06-23 14:29:03.485,10651,266,7,98,False,0,car,0 days 01:25:49.072000,0 days 02:22:46.167000
2024-06-23 14:29:03.805,10106,259,7,0,True,0,car,0 days 01:25:49.392000,0 days 02:22:46.487000
2024-06-23 14:29:04.044,10790,250,7,0,False,0,car,0 days 01:25:49.631000,0 days 02:22:46.726000
2024-06-23 14:29:04.284,11082,246,6,30,False,0,car,0 days 01:25:49.871000,0 days 02:22:46.966000
2024-06-23 14:29:04.524,10912,239,6,48,False,0,car,0 days 01:25:50.111000,0 days 02:22:47.206000
2024-06-23 14:29:04.844,10912,238,6,84,False,0,car,0 days 01:25:50.431000,0 days 02:22:47.526000
2024-06-23 14:29:05.004,10983,238,6,71,False,0,car,0 days 01:25:50.591000,0 days 02:22:47.686000
2024-06-23 14:29:05.164,11011,238,6,84,False,0,car,0 days 01:25:50.751000,0 days 02:22:47.846000
2024-06-23 14:29:05.444,11187,239,6,98,False,0,car,0 days 01:25:51.031000,0 days 02:22:48.126000
2024-06-23 14:29:05.644,11262,243,6,100,False,0,car,0 days 01:25:51.231000,0 days 02:22:48.326000
2024-06-23 14:29:05.844,11391,246,6,100,False,0,car,0 days 01:25:51.431000,0 days 02:22:48.526000
2024-06-23 14:29:06.165,11505,250,6,100,False,0,car,0 days 01:25:51.752000,0 days 02:22:48.847000
2024-06-23 14:29:06.325,11645,250,6,100,False,0,car,0 days 01:25:51.912000,0 days 02:22:49.007000
2024-06-23 14:29:06.765,11181,257,6,100,False,0,car,0 days 01:25:52.352000,0 days 02:22:49.447000
2024-06-23 14:29:06.965,10452,261,7,100,False,0,car,0 days 01:25:52.552000,0 days 02:22:49.647000
2024-06-23 14:29:07.125,10541,262,7,100,False,0,car,0 days 01:25:52.712000,0 days 02:22:49.807000
2024-06-23 14:29:07.525,10735,267,7,100,False,0,car,0 days 01:25:53.112000,0 days 02:22:50.207000
2024-06-23 14:29:07.685,10803,269,7,100,False,0,car,0 days 01:25:53.272000,0 days 02:22:50.367000
2024-06-23 14:29:07.885,10894,271,7,100,False,0,car,0 days 01:25:53.472000,0 days 02:22:50.567000
2024-06-23 14:29:08.165,10969,275,7,100,False,0,car,0 days 01:25:53.752000,0 days 02:22:50.847000
2024-06-23 14:29:08.405,11111,276,7,100,False,0,car,0 days 01:25:53.992000,0 days 02:22:51.087000
2024-06-23 14:29:08.565,11111,278,7,100,False,0,car,0 days 01:25:54.152000,0 days 02:22:51.247000
2024-06-23 14:29:08.805,11287,281,7,100,False,0,car,0 days 01:25:54.392000,0 days 02:22:51.487000
2024-06-23 14:29:09.285,11423,285,7,100,False,0,car,0 days 01:25:54.872000,0 days 02:22:51.967000
2024-06-23 14:29:09.525,11497,286,7,100,False,0,car,0 days 01:25:55.112000,0 days 02:22:52.207000
2024-06-23 14:29:09.845,11582,289,7,100,False,0,car,0 days 01:25:55.432000,0 days 02:22:52.527000
2024-06-23 14:29:10.205,11673,291,7,100,False,0,car,0 days 01:25:55.792000,0 days 02:22:52.887000
2024-06-23 14:29:10.405,11724,292,7,100,False,0,car,0 days 01:25:55.992000,0 days 02:22:53.087000
2024-06-23 14:29:10.605,11611,292,7,100,False,0,car,0 days 01:25:56.192000,0 days 02:22:53.287000
2024-06-23 14:29:10.764,10491,294,8,100,False,0,car,0 days 01:25:56.351000,0 days 02:22:53.446000
2024-06-23 14:29:11.004,10420,295,8,100,False,0,car,0 days 01:25:56.591000,0 days 02:22:53.686000
2024-06-23 14:29:11.164,10509,296,8,100,False,0,car,0 days 01:25:56.751000,0 days 02:22:53.846000
2024-06-23 14:29:11.364,10561,296,8,100,False,0,car,0 days 01:25:56.951000,0 days 02:22:54.046000
2024-06-23 14:29:11.604,10613,298,8,100,False,0,car,0 days 01:25:57.191000,0 days 02:22:54.286000
2024-06-23 14:29:11.924,10632,299,8,100,False,0,car,0 days 01:25:57.511000,0 days 02:22:54.606000
2024-06-23 14:29:12.084,10642,299,8,100,False,0,car,0 days 01:25:57.671000,0 days 02:22:54.766000
2024-06-23 14:29:12.324,10693,300,8,100,False,0,car,0 days 01:25:57.911000,0 days 02:22:55.006000
2024-06-23 14:29:12.484,10683,301,8,100,False,0,car,0 days 01:25:58.071000,0 days 02:22:55.166000
2024-06-23 14:29:12.765,10712,301,8,100,False,0,car,0 days 01:25:58.352000,0 days 02:22:55.447000
2024-06-23 14:29:12.965,10717,301,8,100,False,0,car,0 days 01:25:58.552000,0 days 02:22:55.647000
2024-06-23 14:29:13.325,10742,302,8,100,False,0,car,0 days 01:25:58.912000,0 days 02:22:56.007000
2024-06-23 14:29:13.565,10775,303,8,100,False,0,car,0 days 01:25:59.152000,0 days 02:22:56.247000
2024-06-23 14:29:13.805,10819,304,8,100,False,0,car,0 days 01:25:59.392000,0 days 02:22:56.487000
2024-06-23 14:29:14.085,10823,304,8,100,False,0,car,0 days 01:25:59.672000,0 days 02:22:56.767000
2024-06-23 14:29:14.245,10822,304,8,100,False,0,car,0 days 01:25:59.832000,0 days 02:22:56.927000
2024-06-23 14:29:14.525,10846,305,8,100,False,0,car,0 days 01:26:00.112000,0 days 02:22:57.207000
2024-06-23 14:29:14.805,10870,306,8,100,False,0,car,0 days 01:26:00.392000,0 days 02:22:57.487000
2024-06-23 14:29:15.165,10909,306,8,100,False,0,car,0 days 01:26:00.752000,0 days 02:22:57.847000
2024-06-23 14:29:15.805,10955,309,8,100,False,0,car,0 days 01:26:01.392000,0 days 02:22:58.487000
2024-06-23 14:29:16.005,10974,308,8,100,False,0,car,0 days 01:26:01.592000,0 days 02:22:58.687000
2024-06-23 14:29:16.285,10947,308,8,100,False,0,car,0 days 01:26:01.872000,0 days 02:22:58.967000
2024-06-23 14:29:16.645,10902,308,8,100,False,0,car,0 days 01:26:02.232000,0 days 02:22:59.327000
2024-06-23 14:29:16.965,10886,306,8,100,False,0,car,0 days 01:26:02.552000,0 days 02:22:59.647000
2024-06-23 14:29:17.125,10835,305,8,100,False,0,car,0 days 01:26:02.712000,0 days 02:22:59.807000
2024-06-23 14:29:17.285,10796,304,8,100,False,0,car,0 days 01:26:02.872000,0 days 02:22:59.967000
2024-06-23 14:29:17.444,10756,300,8,36,False,0,car,0 days 01:26:03.031000,0 days 02:23:00.126000
2024-06-23 14:29:17.764,10266,292,8,0,False,0,car,0 days 01:26:03.351000,0 days 02:23:00.446000
2024-06-23 14:29:18.084,9633,273,8,0,True,0,car,0 days 01:26:03.671000,0 days 02:23:00.766000
2024-06-23 14:29:18.244,9633,248,8,0,True,0,car,0 days 01:26:03.831000,0 days 02:23:00.926000
2024-06-23 14:29:18.404,9228,237,7,0,True,0,car,0 days 01:26:03.991000,0 days 02:23:01.086000
2024-06-23 14:29:18.644,9312,206,7,0,True,0,car,0 days 01:26:04.231000,0 days 02:23:01.326000
2024-06-23 14:29:18.924,9375,189,6,0,True,0,car,0 days 01:26:04.511000,0 days 02:23:01.606000
2024-06-23 14:29:19.165,9549,174,5,0,True,0,car,0 days 01:26:04.752000,0 days 02:23:01.847000
2024-06-23 14:29:19.365,9876,162,4,0,True,0,car,0 days 01:26:04.952000,0 days 02:23:02.047000
2024-06-23 14:29:19.565,9638,158,4,0,True,0,car,0 days 01:26:05.152000,0 days 02:23:02.247000
2024-06-23 14:29:20.045,9213,147,4,0,False,0,car,0 days 01:26:05.632000,0 days 02:23:02.727000
2024-06-23 14:29:20.445,9119,145,4,45,False,0,car,0 days 01:26:06.032000,0 days 02:23:03.127000
2024-06-23 14:29:20.885,9600,149,4,64,False,0,car,0 days 01:26:06.472000,0 days 02:23:03.567000
2024-06-23 14:29:21.085,9803,151,4,68,False,0,car,0 days 01:26:06.672000,0 days 02:23:03.767000
2024-06-23 14:29:21.365,10203,160,4,74,False,0,car,0 days 01:26:06.952000,0 days 02:23:04.047000
2024-06-23 14:29:21.525,10016,160,4,74,False,0,car,0 days 01:26:07.112000,0 days 02:23:04.207000
2024-06-23 14:29:21.725,9120,168,5,68,False,0,car,0 days 01:26:07.312000,0 days 02:23:04.407000
2024-06-23 14:29:22.045,9246,171,5,54,False,0,car,0 days 01:26:07.632000,0 days 02:23:04.727000
2024-06-23 14:29:22.245,9232,172,5,56,False,0,car,0 days 01:26:07.832000,0 days 02:23:04.927000
2024-06-23 14:29:22.445,9401,172,5,63,False,0,car,0 days 01:26:08.032000,0 days 02:23:05.127000
2024-06-23 14:29:22.725,9622,176,5,71,False,0,car,0 days 01:26:08.312000,0 days 02:23:05.407000
2024-06-23 14:29:23.045,10211,179,5,85,False,0,car,0 days 01:26:08.632000,0 days 02:23:05.727000
2024-06-23 14:29:23.205,10380,187,5,94,False,0,car,0 days 01:26:08.792000,0 days 02:23:05.887000
2024-06-23 14:29:23.565,10789,199,5,100,False,0,car,0 days 01:26:09.152000,0 days 02:23:06.247000
2024-06-23 14:29:23.885,11137,208,5,100,False,0,car,0 days 01:26:09.472000,0 days 02:23:06.567000
2024-06-23 14:29:24.125,11384,211,5,100,False,0,car,0 days 01:26:09.712000,0 days 02:23:06.807000
2024-06-23 14:29:24.284,10684,218,6,100,False,0,car,0 days 01:26:09.871000,0 days 02:23:06.966000
2024-06-23 14:29:24.444,10297,220,6,100,False,0,car,0 days 01:26:10.031000,0 days 02:23:07.126000
2024-06-23 14:29:24.764,10362,227,6,71,False,0,car,0 days 01:26:10.351000,0 days 02:23:07.446000
2024-06-23 14:29:25.204,9997,220,6,0,False,0,car,0 days 01:26:10.791000,0 days 02:23:07.886000
2024-06-23 14:29:25.604,9614,211,6,41,False,0,car,0 days 01:26:11.191000,0 days 02:23:08.286000
2024-06-23 14:29:25.885,9709,210,6,62,False,0,car,0 days 01:26:11.472000,0 days 02:23:08.567000
2024-06-23 14:29:26.165,9659,209,6,69,False,0,car,0 days 01:26:11.752000,0 days 02:23:08.847000
2024-06-23 14:29:26.605,9961,213,6,78,False,0,car,0 days 01:26:12.192000,0 days 02:23:09.287000
2024-06-23 14:29:26.845,10190,217,6,84,False,0,car,0 days 01:26:12.432000,0 days 02:23:09.527000
2024-06-23 14:29:27.245,10522,224,6,100,False,0,car,0 days 01:26:12.832000,0 days 02:23:09.927000
2024-06-23 14:29:27.405,10536,227,6,100,False,0,car,0 days 01:26:12.992000,0 days 02:23:10.087000
2024-06-23 14:29:27.565,10719,231,6,100,False,0,car,0 days 01:26:13.152000,0 days 02:23:10.247000
2024-06-23 14:29:27.885,10931,237,6,100,False,0,car,0 days 01:26:13.472000,0 days 02:23:10.567000
2024-06-23 14:29:28.085,11082,240,6,100,False,0,car,0 days 01:26:13.672000,0 days 02:23:10.767000
2024-06-23 14:29:28.525,11405,246,6,100,False,0,car,0 days 01:26:14.112000,0 days 02:23:11.207000
2024-06-23 14:29:28.925,11652,252,6,100,False,0,car,0 days 01:26:14.512000,0 days 02:23:11.607000
2024-06-23 14:29:29.165,11748,256,6,100,False,0,car,0 days 01:26:14.752000,0 days 02:23:11.847000
2024-06-23 14:29:29.485,10766,260,6,100,False,0,car,0 days 01:26:15.072000,0 days 02:23:12.167000
2024-06-23 14:29:29.645,10470,262,7,100,False,0,car,0 days 01:26:15.232000,0 days 02:23:12.327000
2024-06-23 14:29:29.805,10609,264,7,100,False,0,car,0 days 01:26:15.392000,0 days 02:23:12.487000
2024-06-23 14:29:30.005,10720,266,7,100,False,0,car,0 days 01:26:15.592000,0 days 02:23:12.687000
2024-06-23 14:29:30.205,10829,268,7,100,False,0,car,0 days 01:26:15.792000,0 days 02:23:12.887000
2024-06-23 14:29:30.605,10963,271,7,100,False,0,car,0 days 01:26:16.192000,0 days 02:23:13.287000
2024-06-23 14:29:30.885,11038,276,7,100,False,0,car,0 days 01:26:16.472000,0 days 02:23:13.567000
2024-06-23 14:29:31.044,11138,277,7,100,False,0,car,0 days 01:26:16.631000,0 days 02:23:13.726000
2024-06-23 14:29:31.284,11203,280,7,100,False,0,car,0 days 01:26:16.871000,0 days 02:23:13.966000
2024-06-23 14:29:31.484,11250,281,7,100,False,0,car,0 days 01:26:17.071000,0 days 02:23:14.166000
2024-06-23 14:29:31.804,11292,282,7,100,False,0,car,0 days 01:26:17.391000,0 days 02:23:14.486000
2024-06-23 14:29:32.244,10899,279,7,0,False,0,car,0 days 01:26:17.831000,0 days 02:23:14.926000
2024-06-23 14:29:32.565,10149,258,7,0,True,0,car,0 days 01:26:18.152000,0 days 02:23:15.247000
2024-06-23 14:29:32.725,9477,246,7,0,True,0,car,0 days 01:26:18.312000,0 days 02:23:15.407000
2024-06-23 14:29:33.085,9127,204,6,0,True,0,car,0 days 01:26:18.672000,0 days 02:23:15.767000
2024-06-23 14:29:33.485,9337,179,5,0,True,0,car,0 days 01:26:19.072000,0 days 02:23:16.167000
2024-06-23 14:29:33.685,9734,174,5,0,True,0,car,0 days 01:26:19.272000,0 days 02:23:16.367000
2024-06-23 14:29:33.965,10096,160,4,0,True,0,car,0 days 01:26:19.552000,0 days 02:23:16.647000
2024-06-23 14:29:34.245,9367,153,4,0,True,0,car,0 days 01:26:19.832000,0 days 02:23:16.927000
2024-06-23 14:29:34.525,9000,146,4,0,True,0,car,0 days 01:26:20.112000,0 days 02:23:17.207000
2024-06-23 14:29:34.725,8632,141,4,0,True,0,car,0 days 01:26:20.312000,0 days 02:23:17.407000
2024-06-23 14:29:34.925,8495,136,4,0,True,0,car,0 days 01:26:20.512000,0 days 02:23:17.607000
2024-06-23 14:29:35.165,8288,131,4,0,False,0,car,0 days 01:26:20.752000,0 days 02:23:17.847000
2024-06-23 14:29:35.325,8118,130,4,0,False,0,car,0 days 01:26:20.912000,0 days 02:23:18.007000
2024-06-23 14:29:35.525,8147,129,4,30,False,0,car,0 days 01:26:21.112000,0 days 02:23:18.207000
2024-06-23 14:29:35.885,8415,130,4,49,False,0,car,0 days 01:26:21.472000,0 days 02:23:18.567000
2024-06-23 14:29:36.205,8707,134,4,54,False,0,car,0 days 01:26:21.792000,0 days 02:23:18.887000
2024-06-23 14:29:36.565,9169,141,4,63,False,0,car,0 days 01:26:22.152000,0 days 02:23:19.247000
2024-06-23 14:29:36.725,9408,143,4,64,False,0,car,0 days 01:26:22.312000,0 days 02:23:19.407000
2024-06-23 14:29:37.045,9911,151,4,76,False,0,car,0 days 01:26:22.632000,0 days 02:23:19.727000
2024-06-23 14:29:37.245,10340,161,4,82,False,0,car,0 days 01:26:22.832000,0 days 02:23:19.927000
2024-06-23 14:29:37.405,10200,165,4,84,False,0,car,0 days 01:26:22.992000,0 days 02:23:20.087000
2024-06-23 14:29:38.364,10644,198,5,100,False,0,car,0 days 01:26:23.951000,0 days 02:23:21.046000
2024-06-23 14:29:38.604,11091,204,5,100,False,0,car,0 days 01:26:24.191000,0 days 02:23:21.286000
2024-06-23 14:29:38.764,11241,209,5,100,False,0,car,0 days 01:26:24.351000,0 days 02:23:21.446000
2024-06-23 14:29:38.925,11493,212,5,100,False,0,car,0 days 01:26:24.512000,0 days 02:23:21.607000
2024-06-23 14:29:39.125,10730,215,5,100,False,0,car,0 days 01:26:24.712000,0 days 02:23:21.807000
2024-06-23 14:29:39.325,10310,222,6,100,False,0,car,0 days 01:26:24.912000,0 days 02:23:22.007000
2024-06-23 14:29:39.485,10466,227,6,100,False,0,car,0 days 01:26:25.072000,0 days 02:23:22.167000
2024-06-23 14:29:39.725,10698,231,6,100,False,0,car,0 days 01:26:25.312000,0 days 02:23:22.407000
2024-06-23 14:29:39.925,10817,235,6,100,False,0,car,0 days 01:26:25.512000,0 days 02:23:22.607000
2024-06-23 14:29:40.165,10888,240,6,100,False,0,car,0 days 01:26:25.752000,0 days 02:23:22.847000
2024-06-23 14:29:40.325,10674,240,6,100,False,0,car,0 days 01:26:25.912000,0 days 02:23:23.007000
2024-06-23 14:29:40.605,10493,235,6,0,True,0,car,0 days 01:26:26.192000,0 days 02:23:23.287000
2024-06-23 14:29:40.885,9399,210,6,0,True,0,car,0 days 01:26:26.472000,0 days 02:23:23.567000
2024-06-23 14:29:41.045,9021,189,6,0,True,0,car,0 days 01:26:26.632000,0 days 02:23:23.727000
2024-06-23 14:29:41.245,9139,167,6,0,True,0,car,0 days 01:26:26.832000,0 days 02:23:23.927000
2024-06-23 14:29:41.405,9476,159,5,0,True,0,car,0 days 01:26:26.992000,0 days 02:23:24.087000
2024-06-23 14:29:41.565,8916,146,4,0,True,0,car,0 days 01:26:27.152000,0 days 02:23:24.247000
2024-06-23 14:29:41.845,9142,137,4,0,True,0,car,0 days 01:26:27.432000,0 days 02:23:24.527000
2024-06-23 14:29:42.125,8779,125,3,0,True,0,car,0 days 01:26:27.712000,0 days 02:23:24.807000
2024-06-23 14:29:42.445,8283,113,3,0,True,0,car,0 days 01:26:28.032000,0 days 02:23:25.127000
2024-06-23 14:29:42.605,8021,111,3,0,True,0,car,0 days 01:26:28.192000,0 days 02:23:25.287000
2024-06-23 14:29:42.925,7667,106,3,0,True,0,car,0 days 01:26:28.512000,0 days 02:23:25.607000
2024-06-23 14:29:43.365,7094,97,3,0,True,0,car,0 days 01:26:28.952000,0 days 02:23:26.047000
2024-06-23 14:29:43.645,6933,94,3,0,False,0,car,0 days 01:26:29.232000,0 days 02:23:26.327000
2024-06-23 14:29:43.805,6925,93,3,5,False,0,car,0 days 01:26:29.392000,0 days 02:23:26.487000
2024-06-23 14:29:44.045,7363,95,3,35,False,0,car,0 days 01:26:29.632000,0 days 02:23:26.727000
2024-06-23 14:29:44.285,7562,99,3,39,False,0,car,0 days 01:26:29.872000,0 days 02:23:26.967000
2024-06-23 14:29:44.524,7945,102,3,42,False,0,car,0 days 01:26:30.111000,0 days 02:23:27.206000
2024-06-23 14:29:44.684,8171,106,3,44,False,0,car,0 days 01:26:30.271000,0 days 02:23:27.366000
2024-06-23 14:29:44.884,8415,109,3,48,False,0,car,0 days 01:26:30.471000,0 days 02:23:27.566000
2024-06-23 14:29:45.204,7811,117,4,60,False,0,car,0 days 01:26:30.791000,0 days 02:23:27.886000
2024-06-23 14:29:45.525,8449,126,4,64,False,0,car,0 days 01:26:31.112000,0 days 02:23:28.207000
2024-06-23 14:29:45.765,9113,138,4,81,False,0,car,0 days 01:26:31.352000,0 days 02:23:28.447000
2024-06-23 14:29:46.245,10477,161,4,100,False,0,car,0 days 01:26:31.832000,0 days 02:23:28.927000
2024-06-23 14:29:46.525,10627,171,4,100,False,0,car,0 days 01:26:32.112000,0 days 02:23:29.207000
2024-06-23 14:29:46.845,9940,187,4,100,False,0,car,0 days 01:26:32.432000,0 days 02:23:29.527000
2024-06-23 14:29:47.245,10849,199,5,100,False,0,car,0 days 01:26:32.832000,0 days 02:23:29.927000
2024-06-23 14:29:47.445,11165,208,5,100,False,0,car,0 days 01:26:33.032000,0 days 02:23:30.127000
2024-06-23 14:29:47.645,11472,215,5,100,False,0,car,0 days 01:26:33.232000,0 days 02:23:30.327000
2024-06-23 14:29:47.805,11638,219,5,100,False,0,car,0 days 01:26:33.392000,0 days 02:23:30.487000
2024-06-23 14:29:48.245,10391,231,5,100,False,0,car,0 days 01:26:33.832000,0 days 02:23:30.927000
2024-06-23 14:29:48.605,11037,235,6,100,False,0,car,0 days 01:26:34.192000,0 days 02:23:31.287000
2024-06-23 14:29:48.805,11177,242,6,100,False,0,car,0 days 01:26:34.392000,0 days 02:23:31.487000
2024-06-23 14:29:49.085,11388,248,6,100,False,0,car,0 days 01:26:34.672000,0 days 02:23:31.767000
2024-06-23 14:29:49.525,11342,253,6,98,False,0,car,0 days 01:26:35.112000,0 days 02:23:32.207000
2024-06-23 14:29:49.765,11445,249,6,0,False,0,car,0 days 01:26:35.352000,0 days 02:23:32.447000
2024-06-23 14:29:50.085,11132,242,6,0,True,0,car,0 days 01:26:35.672000,0 days 02:23:32.767000
2024-06-23 14:29:50.365,9580,225,6,0,True,0,car,0 days 01:26:35.952000,0 days 02:23:33.047000
2024-06-23 14:29:50.645,9498,195,6,0,True,0,car,0 days 01:26:36.232000,0 days 02:23:33.327000
2024-06-23 14:29:50.885,9854,177,5,0,True,0,car,0 days 01:26:36.472000,0 days 02:23:33.567000
2024-06-23 14:29:51.164,9501,156,4,0,True,0,car,0 days 01:26:36.751000,0 days 02:23:33.846000
2024-06-23 14:29:51.404,8976,150,4,0,True,0,car,0 days 01:26:36.991000,0 days 02:23:34.086000
2024-06-23 14:29:51.564,8875,144,4,0,True,0,car,0 days 01:26:37.151000,0 days 02:23:34.246000
2024-06-23 14:29:52.004,8502,139,4,0,False,0,car,0 days 01:26:37.591000,0 days 02:23:34.686000
2024-06-23 14:29:52.165,8452,135,4,0,False,0,car,0 days 01:26:37.752000,0 days 02:23:34.847000
2024-06-23 14:29:52.525,8353,132,4,36,False,0,car,0 days 01:26:38.112000,0 days 02:23:35.207000
2024-06-23 14:29:52.765,8594,133,4,49,False,0,car,0 days 01:26:38.352000,0 days 02:23:35.447000
2024-06-23 14:29:52.925,8712,133,4,51,False,0,car,0 days 01:26:38.512000,0 days 02:23:35.607000
2024-06-23 14:29:53.245,9351,143,4,74,False,0,car,0 days 01:26:38.832000,0 days 02:23:35.927000
2024-06-23 14:29:53.405,9672,146,4,77,False,0,car,0 days 01:26:38.992000,0 days 02:23:36.087000
2024-06-23 14:29:53.685,10183,153,4,92,False,0,car,0 days 01:26:39.272000,0 days 02:23:36.367000
2024-06-23 14:29:54.085,11259,172,4,91,False,0,car,0 days 01:26:39.672000,0 days 02:23:36.767000
2024-06-23 14:29:54.325,11458,179,4,98,False,0,car,0 days 01:26:39.912000,0 days 02:23:37.007000
2024-06-23 14:29:54.605,10425,190,5,100,False,0,car,0 days 01:26:40.192000,0 days 02:23:37.287000
2024-06-23 14:29:54.765,10625,195,5,100,False,0,car,0 days 01:26:40.352000,0 days 02:23:37.447000
2024-06-23 14:29:55.085,11043,204,5,100,False,0,car,0 days 01:26:40.672000,0 days 02:23:37.767000
2024-06-23 14:29:55.325,11431,211,5,100,False,0,car,0 days 01:26:40.912000,0 days 02:23:38.007000
2024-06-23 14:29:55.685,11695,221,5,100,False,0,car,0 days 01:26:41.272000,0 days 02:23:38.367000
2024-06-23 14:29:55.925,10665,227,5,100,False,0,car,0 days 01:26:41.512000,0 days 02:23:38.607000
2024-06-23 14:29:56.125,10818,231,6,100,False,0,car,0 days 01:26:41.712000,0 days 02:23:38.807000
2024-06-23 14:29:56.445,11000,240,6,100,False,0,car,0 days 01:26:42.032000,0 days 02:23:39.127000
2024-06-23 14:29:56.725,11151,242,6,100,False,0,car,0 days 01:26:42.312000,0 days 02:23:39.407000
2024-06-23 14:29:57.005,11237,244,6,100,False,0,car,0 days 01:26:42.592000,0 days 02:23:39.687000
2024-06-23 14:29:57.325,10884,246,6,28,False,0,car,0 days 01:26:42.912000,0 days 02:23:40.007000
2024-06-23 14:29:57.685,10668,236,6,0,False,0,car,0 days 01:26:43.272000,0 days 02:23:40.367000
2024-06-23 14:29:57.964,10365,227,6,19,False,0,car,0 days 01:26:43.551000,0 days 02:23:40.646000
2024-06-23 14:29:58.164,10477,224,6,64,False,0,car,0 days 01:26:43.751000,0 days 02:23:40.846000
2024-06-23 14:29:58.324,10296,224,6,78,False,0,car,0 days 01:26:43.911000,0 days 02:23:41.006000
2024-06-23 14:29:58.484,10296,224,6,78,False,0,car,0 days 01:26:44.071000,0 days 02:23:41.166000
2024-06-23 14:29:58.805,10700,228,6,100,False,0,car,0 days 01:26:44.392000,0 days 02:23:41.487000
2024-06-23 14:29:58.965,10772,232,6,100,False,0,car,0 days 01:26:44.552000,0 days 02:23:41.647000
2024-06-23 14:29:59.165,10894,236,6,100,False,0,car,0 days 01:26:44.752000,0 days 02:23:41.847000
2024-06-23 14:29:59.365,10991,237,6,100,False,0,car,0 days 01:26:44.952000,0 days 02:23:42.047000
2024-06-23 14:29:59.605,11230,241,6,100,False,0,car,0 days 01:26:45.192000,0 days 02:23:42.287000
2024-06-23 14:29:59.805,11404,244,6,100,False,0,car,0 days 01:26:45.392000,0 days 02:23:42.487000
2024-06-23 14:30:00.085,11442,249,6,100,False,0,car,0 days 01:26:45.672000,0 days 02:23:42.767000
2024-06-23 14:30:00.405,11713,253,6,100,False,0,car,0 days 01:26:45.992000,0 days 02:23:43.087000
2024-06-23 14:30:00.765,11173,259,6,100,False,0,car,0 days 01:26:46.352000,0 days 02:23:43.447000
2024-06-23 14:30:01.045,10487,263,7,100,False,0,car,0 days 01:26:46.632000,0 days 02:23:43.727000
2024-06-23 14:30:01.245,10631,265,7,100,False,0,car,0 days 01:26:46.832000,0 days 02:23:43.927000
2024-06-23 14:30:01.445,10747,267,7,100,False,0,car,0 days 01:26:47.032000,0 days 02:23:44.127000
2024-06-23 14:30:01.765,10868,272,7,100,False,0,car,0 days 01:26:47.352000,0 days 02:23:44.447000
2024-06-23 14:30:01.965,10965,274,7,100,False,0,car,0 days 01:26:47.552000,0 days 02:23:44.647000
2024-06-23 14:30:02.285,11079,277,7,100,False,0,car,0 days 01:26:47.872000,0 days 02:23:44.967000
2024-06-23 14:30:02.485,11145,279,7,100,False,0,car,0 days 01:26:48.072000,0 days 02:23:45.167000
2024-06-23 14:30:02.765,11254,281,7,100,False,0,car,0 days 01:26:48.352000,0 days 02:23:45.447000
2024-06-23 14:30:03.125,11396,284,7,100,False,0,car,0 days 01:26:48.712000,0 days 02:23:45.807000
2024-06-23 14:30:03.365,11443,287,7,100,False,0,car,0 days 01:26:48.952000,0 days 02:23:46.047000
2024-06-23 14:30:03.645,11520,288,7,100,False,0,car,0 days 01:26:49.232000,0 days 02:23:46.327000
2024-06-23 14:30:03.845,11139,289,7,100,False,0,car,0 days 01:26:49.432000,0 days 02:23:46.527000
2024-06-23 14:30:04.245,11309,279,7,0,False,0,car,0 days 01:26:49.832000,0 days 02:23:46.927000
2024-06-23 14:30:04.604,10882,271,7,0,False,0,car,0 days 01:26:50.191000,0 days 02:23:47.286000
2024-06-23 14:30:05.004,10159,259,7,0,True,0,car,0 days 01:26:50.591000,0 days 02:23:47.686000
2024-06-23 14:30:05.164,9039,226,7,0,True,0,car,0 days 01:26:50.751000,0 days 02:23:47.846000
2024-06-23 14:30:05.365,9134,216,6,0,True,0,car,0 days 01:26:50.952000,0 days 02:23:48.047000
2024-06-23 14:30:05.605,9233,189,6,0,True,0,car,0 days 01:26:51.192000,0 days 02:23:48.287000
2024-06-23 14:30:05.885,8850,164,5,0,True,0,car,0 days 01:26:51.472000,0 days 02:23:48.567000
2024-06-23 14:30:06.045,9290,153,5,0,True,0,car,0 days 01:26:51.632000,0 days 02:23:48.727000
2024-06-23 14:30:06.245,8783,144,4,0,True,0,car,0 days 01:26:51.832000,0 days 02:23:48.927000
2024-06-23 14:30:06.405,8382,141,4,0,True,0,car,0 days 01:26:51.992000,0 days 02:23:49.087000
2024-06-23 14:30:06.605,8966,134,4,0,True,0,car,0 days 01:26:52.192000,0 days 02:23:49.287000
2024-06-23 14:30:06.965,8820,121,3,0,True,0,car,0 days 01:26:52.552000,0 days 02:23:49.647000
2024-06-23 14:30:07.165,8392,117,3,0,True,0,car,0 days 01:26:52.752000,0 days 02:23:49.847000
2024-06-23 14:30:07.605,8089,110,3,0,True,0,car,0 days 01:26:53.192000,0 days 02:23:50.287000
2024-06-23 14:30:07.765,7897,107,3,0,True,0,car,0 days 01:26:53.352000,0 days 02:23:50.447000
2024-06-23 14:30:08.045,7696,104,3,0,False,0,car,0 days 01:26:53.632000,0 days 02:23:50.727000
2024-06-23 14:30:08.285,7654,102,3,7,False,0,car,0 days 01:26:53.872000,0 days 02:23:50.967000
2024-06-23 14:30:08.525,7578,101,3,18,False,0,car,0 days 01:26:54.112000,0 days 02:23:51.207000
2024-06-23 14:30:08.845,7611,101,3,20,False,0,car,0 days 01:26:54.432000,0 days 02:23:51.527000
2024-06-23 14:30:09.285,7822,103,3,40,False,0,car,0 days 01:26:54.872000,0 days 02:23:51.967000
2024-06-23 14:30:09.525,8391,107,3,49,False,0,car,0 days 01:26:55.112000,0 days 02:23:52.207000
2024-06-23 14:30:09.885,8885,115,3,57,False,0,car,0 days 01:26:55.472000,0 days 02:23:52.567000
2024-06-23 14:30:10.125,8842,121,3,60,False,0,car,0 days 01:26:55.712000,0 days 02:23:52.807000
2024-06-23 14:30:10.325,8410,127,3,70,False,0,car,0 days 01:26:55.912000,0 days 02:23:53.007000
2024-06-23 14:30:10.725,9261,141,4,78,False,0,car,0 days 01:26:56.312000,0 days 02:23:53.407000
2024-06-23 14:30:11.045,10193,152,4,87,False,0,car,0 days 01:26:56.632000,0 days 02:23:53.727000
2024-06-23 14:30:11.284,10717,163,4,98,False,0,car,0 days 01:26:56.871000,0 days 02:23:53.966000
2024-06-23 14:30:11.444,11111,172,4,100,False,0,car,0 days 01:26:57.031000,0 days 02:23:54.126000
2024-06-23 14:30:11.684,11476,180,4,100,False,0,car,0 days 01:26:57.271000,0 days 02:23:54.366000
2024-06-23 14:30:11.845,10941,187,4,100,False,0,car,0 days 01:26:57.432000,0 days 02:23:54.527000
2024-06-23 14:30:12.085,10411,194,5,100,False,0,car,0 days 01:26:57.672000,0 days 02:23:54.767000
2024-06-23 14:30:12.285,10614,196,5,100,False,0,car,0 days 01:26:57.872000,0 days 02:23:54.967000
2024-06-23 14:30:12.525,10287,200,5,0,False,0,car,0 days 01:26:58.112000,0 days 02:23:55.207000
2024-06-23 14:30:12.885,9563,185,5,0,True,0,car,0 days 01:26:58.472000,0 days 02:23:55.567000
2024-06-23 14:30:13.165,8661,168,5,0,True,0,car,0 days 01:26:58.752000,0 days 02:23:55.847000
2024-06-23 14:30:13.325,8643,162,5,0,True,0,car,0 days 01:26:58.912000,0 days 02:23:56.007000
2024-06-23 14:30:13.485,9195,151,4,0,True,0,car,0 days 01:26:59.072000,0 days 02:23:56.167000
2024-06-23 14:30:13.805,8156,137,4,0,True,0,car,0 days 01:26:59.392000,0 days 02:23:56.487000
2024-06-23 14:30:14.125,8011,127,4,0,True,0,car,0 days 01:26:59.712000,0 days 02:23:56.807000
2024-06-23 14:30:14.325,7659,124,4,0,False,0,car,0 days 01:26:59.912000,0 days 02:23:57.007000
2024-06-23 14:30:14.525,7467,121,4,0,False,0,car,0 days 01:27:00.112000,0 days 02:23:57.207000
2024-06-23 14:30:14.725,7303,118,4,0,False,0,car,0 days 01:27:00.312000,0 days 02:23:57.407000
2024-06-23 14:30:15.085,6825,113,4,0,False,0,car,0 days 01:27:00.672000,0 days 02:23:57.767000
2024-06-23 14:30:15.365,6912,110,4,13,False,0,car,0 days 01:27:00.952000,0 days 02:23:58.047000
2024-06-23 14:30:15.605,7153,110,4,32,False,0,car,0 days 01:27:01.192000,0 days 02:23:58.287000
2024-06-23 14:30:15.925,7289,112,4,39,False,0,car,0 days 01:27:01.512000,0 days 02:23:58.607000
2024-06-23 14:30:16.165,7486,116,4,41,False,0,car,0 days 01:27:01.752000,0 days 02:23:58.847000
2024-06-23 14:30:16.325,7691,117,4,45,False,0,car,0 days 01:27:01.912000,0 days 02:23:59.007000
2024-06-23 14:30:16.605,7943,123,4,51,False,0,car,0 days 01:27:02.192000,0 days 02:23:59.287000
2024-06-23 14:30:16.805,8392,127,4,56,False,0,car,0 days 01:27:02.392000,0 days 02:23:59.487000
2024-06-23 14:30:17.205,8843,136,4,65,False,0,car,0 days 01:27:02.792000,0 days 02:23:59.887000
2024-06-23 14:30:17.365,9112,141,4,70,False,0,car,0 days 01:27:02.952000,0 days 02:24:00.047000
2024-06-23 14:30:17.645,9943,148,4,80,False,0,car,0 days 01:27:03.232000,0 days 02:24:00.327000
2024-06-23 14:30:17.845,10387,154,4,82,False,0,car,0 days 01:27:03.432000,0 days 02:24:00.527000
2024-06-23 14:30:18.084,10976,167,4,100,False,0,car,0 days 01:27:03.671000,0 days 02:24:00.766000
2024-06-23 14:30:18.405,11645,179,4,100,False,0,car,0 days 01:27:03.992000,0 days 02:24:01.087000
2024-06-23 14:30:18.765,10596,191,5,100,False,0,car,0 days 01:27:04.352000,0 days 02:24:01.447000
2024-06-23 14:30:19.045,10927,205,5,100,False,0,car,0 days 01:27:04.632000,0 days 02:24:01.727000
2024-06-23 14:30:19.365,11489,213,5,100,False,0,car,0 days 01:27:04.952000,0 days 02:24:02.047000
2024-06-23 14:30:19.525,11798,216,5,100,False,0,car,0 days 01:27:05.112000,0 days 02:24:02.207000
2024-06-23 14:30:19.685,11098,224,5,100,False,0,car,0 days 01:27:05.272000,0 days 02:24:02.367000
2024-06-23 14:30:19.965,10485,228,6,80,False,0,car,0 days 01:27:05.552000,0 days 02:24:02.647000
2024-06-23 14:30:20.125,10570,231,6,81,False,0,car,0 days 01:27:05.712000,0 days 02:24:02.807000
2024-06-23 14:30:20.365,10839,235,6,85,False,0,car,0 days 01:27:05.952000,0 days 02:24:03.047000
2024-06-23 14:30:20.565,10970,236,6,82,False,0,car,0 days 01:27:06.152000,0 days 02:24:03.247000
2024-06-23 14:30:20.965,10994,239,6,78,False,0,car,0 days 01:27:06.552000,0 days 02:24:03.647000
2024-06-23 14:30:21.165,10916,241,6,88,False,0,car,0 days 01:27:06.752000,0 days 02:24:03.847000
2024-06-23 14:30:21.365,11189,242,6,100,False,0,car,0 days 01:27:06.952000,0 days 02:24:04.047000
2024-06-23 14:30:21.605,11311,244,6,100,False,0,car,0 days 01:27:07.192000,0 days 02:24:04.287000
2024-06-23 14:30:22.045,11552,249,6,100,False,0,car,0 days 01:27:07.632000,0 days 02:24:04.727000
2024-06-23 14:30:22.245,11665,252,6,100,False,0,car,0 days 01:27:07.832000,0 days 02:24:04.927000
2024-06-23 14:30:22.405,11635,256,6,100,False,0,car,0 days 01:27:07.992000,0 days 02:24:05.087000
2024-06-23 14:30:22.565,10515,259,7,100,False,0,car,0 days 01:27:08.152000,0 days 02:24:05.247000
2024-06-23 14:30:22.845,10518,262,7,100,False,0,car,0 days 01:27:08.432000,0 days 02:24:05.527000
2024-06-23 14:30:23.205,10529,264,7,100,False,0,car,0 days 01:27:08.792000,0 days 02:24:05.887000
2024-06-23 14:30:23.565,10191,259,7,0,False,0,car,0 days 01:27:09.152000,0 days 02:24:06.247000
2024-06-23 14:30:23.765,10139,254,7,0,False,0,car,0 days 01:27:09.352000,0 days 02:24:06.447000
2024-06-23 14:30:23.925,9851,252,7,0,False,0,car,0 days 01:27:09.512000,0 days 02:24:06.607000
2024-06-23 14:30:24.125,10831,247,7,0,False,0,car,0 days 01:27:09.712000,0 days 02:24:06.807000
2024-06-23 14:30:24.485,10744,237,6,3,False,0,car,0 days 01:27:10.072000,0 days 02:24:07.167000
2024-06-23 14:30:24.685,10573,233,6,36,False,0,car,0 days 01:27:10.272000,0 days 02:24:07.367000
2024-06-23 14:30:24.925,10376,230,6,52,False,0,car,0 days 01:27:10.512000,0 days 02:24:07.607000
2024-06-23 14:30:25.085,10478,226,6,69,False,0,car,0 days 01:27:10.672000,0 days 02:24:07.767000
2024-06-23 14:30:25.325,10530,227,6,80,False,0,car,0 days 01:27:10.912000,0 days 02:24:08.007000
2024-06-23 14:30:25.725,10882,232,6,100,False,0,car,0 days 01:27:11.312000,0 days 02:24:08.407000
2024-06-23 14:30:25.885,10966,237,6,100,False,0,car,0 days 01:27:11.472000,0 days 02:24:08.567000
2024-06-23 14:30:26.085,11068,238,6,100,False,0,car,0 days 01:27:11.672000,0 days 02:24:08.767000
2024-06-23 14:30:26.485,11321,246,6,100,False,0,car,0 days 01:27:12.072000,0 days 02:24:09.167000
2024-06-23 14:30:26.685,11468,250,6,100,False,0,car,0 days 01:27:12.272000,0 days 02:24:09.367000
2024-06-23 14:30:26.885,11615,250,6,100,False,0,car,0 days 01:27:12.472000,0 days 02:24:09.567000
2024-06-23 14:30:27.085,11772,257,6,100,False,0,car,0 days 01:27:12.672000,0 days 02:24:09.767000
2024-06-23 14:30:27.365,10652,262,7,100,False,0,car,0 days 01:27:12.952000,0 days 02:24:10.047000
2024-06-23 14:30:27.525,10661,263,7,100,False,0,car,0 days 01:27:13.112000,0 days 02:24:10.207000
2024-06-23 14:30:27.765,10682,266,7,100,False,0,car,0 days 01:27:13.352000,0 days 02:24:10.447000
2024-06-23 14:30:28.005,10775,268,7,100,False,0,car,0 days 01:27:13.592000,0 days 02:24:10.687000
2024-06-23 14:30:28.365,10963,273,7,100,False,0,car,0 days 01:27:13.952000,0 days 02:24:11.047000
2024-06-23 14:30:28.525,11057,274,7,100,False,0,car,0 days 01:27:14.112000,0 days 02:24:11.207000
2024-06-23 14:30:28.805,11173,277,7,100,False,0,car,0 days 01:27:14.392000,0 days 02:24:11.487000
2024-06-23 14:30:29.085,11211,280,7,100,False,0,car,0 days 01:27:14.672000,0 days 02:24:11.767000
2024-06-23 14:30:29.285,11260,282,7,100,False,0,car,0 days 01:27:14.872000,0 days 02:24:11.967000
2024-06-23 14:30:29.485,11330,283,7,100,False,0,car,0 days 01:27:15.072000,0 days 02:24:12.167000
2024-06-23 14:30:29.845,11468,287,7,100,False,0,car,0 days 01:27:15.432000,0 days 02:24:12.527000
2024-06-23 14:30:30.045,11527,287,7,100,False,0,car,0 days 01:27:15.632000,0 days 02:24:12.727000
2024-06-23 14:30:30.365,11593,290,7,100,False,0,car,0 days 01:27:15.952000,0 days 02:24:13.047000
2024-06-23 14:30:30.685,11666,292,7,100,False,0,car,0 days 01:27:16.272000,0 days 02:24:13.367000
2024-06-23 14:30:30.885,11707,292,7,100,False,0,car,0 days 01:27:16.472000,0 days 02:24:13.567000
2024-06-23 14:30:31.125,11586,293,7,100,False,0,car,0 days 01:27:16.712000,0 days 02:24:13.807000
2024-06-23 14:30:31.445,10582,294,8,100,False,0,car,0 days 01:27:17.032000,0 days 02:24:14.127000
2024-06-23 14:30:31.885,10518,296,8,100,False,0,car,0 days 01:27:17.472000,0 days 02:24:14.567000
2024-06-23 14:30:32.125,10603,298,8,100,False,0,car,0 days 01:27:17.712000,0 days 02:24:14.807000
2024-06-23 14:30:32.405,10651,299,8,100,False,0,car,0 days 01:27:17.992000,0 days 02:24:15.087000
2024-06-23 14:30:32.725,10649,299,8,100,False,0,car,0 days 01:27:18.312000,0 days 02:24:15.407000
2024-06-23 14:30:33.125,10711,300,8,100,False,0,car,0 days 01:27:18.712000,0 days 02:24:15.807000
2024-06-23 14:30:33.405,10729,302,8,100,False,0,car,0 days 01:27:18.992000,0 days 02:24:16.087000
2024-06-23 14:30:33.645,10742,301,8,100,False,0,car,0 days 01:27:19.232000,0 days 02:24:16.327000
2024-06-23 14:30:33.885,10750,302,8,100,False,0,car,0 days 01:27:19.472000,0 days 02:24:16.567000
2024-06-23 14:30:34.245,10769,303,8,100,False,0,car,0 days 01:27:19.832000,0 days 02:24:16.927000
2024-06-23 14:30:34.605,10822,305,8,100,False,0,car,0 days 01:27:20.192000,0 days 02:24:17.287000
2024-06-23 14:30:34.805,10798,305,8,100,False,0,car,0 days 01:27:20.392000,0 days 02:24:17.487000
2024-06-23 14:30:35.085,10818,306,8,100,False,0,car,0 days 01:27:20.672000,0 days 02:24:17.767000
2024-06-23 14:30:35.405,10861,306,8,100,False,0,car,0 days 01:27:20.992000,0 days 02:24:18.087000
2024-06-23 14:30:35.685,10892,305,8,100,False,0,car,0 days 01:27:21.272000,0 days 02:24:18.367000
2024-06-23 14:30:36.005,10890,308,8,100,False,0,car,0 days 01:27:21.592000,0 days 02:24:18.687000
2024-06-23 14:30:36.285,10884,307,8,100,False,0,car,0 days 01:27:21.872000,0 days 02:24:18.967000
2024-06-23 14:30:36.725,10892,306,8,100,False,0,car,0 days 01:27:22.312000,0 days 02:24:19.407000
2024-06-23 14:30:37.005,10835,305,8,100,False,0,car,0 days 01:27:22.592000,0 days 02:24:19.687000
2024-06-23 14:30:37.205,10569,302,8,0,False,0,car,0 days 01:27:22.792000,0 days 02:24:19.887000
2024-06-23 14:30:37.565,10231,290,8,0,False,0,car,0 days 01:27:23.152000,0 days 02:24:20.247000
2024-06-23 14:30:37.965,9714,280,8,0,False,0,car,0 days 01:27:23.552000,0 days 02:24:20.647000
2024-06-23 14:30:38.325,9328,260,8,0,True,0,car,0 days 01:27:23.912000,0 days 02:24:21.007000
2024-06-23 14:30:38.485,9300,249,8,0,True,0,car,0 days 01:27:24.072000,0 days 02:24:21.167000
2024-06-23 14:30:38.725,8933,211,7,0,True,0,car,0 days 01:27:24.312000,0 days 02:24:21.407000
2024-06-23 14:30:38.925,8635,189,7,0,True,0,car,0 days 01:27:24.512000,0 days 02:24:21.607000
2024-06-23 14:30:39.285,9536,163,5,0,True,0,car,0 days 01:27:24.872000,0 days 02:24:21.967000
2024-06-23 14:30:39.445,9650,156,4,0,True,0,car,0 days 01:27:25.032000,0 days 02:24:22.127000
2024-06-23 14:30:39.845,9086,149,4,0,False,0,car,0 days 01:27:25.432000,0 days 02:24:22.527000
2024-06-23 14:30:40.245,8710,143,4,0,False,0,car,0 days 01:27:25.832000,0 days 02:24:22.927000
2024-06-23 14:30:40.565,8764,138,4,39,False,0,car,0 days 01:27:26.152000,0 days 02:24:23.247000
2024-06-23 14:30:40.885,8872,140,4,49,False,0,car,0 days 01:27:26.472000,0 days 02:24:23.567000
2024-06-23 14:30:41.205,9228,144,4,59,False,0,car,0 days 01:27:26.792000,0 days 02:24:23.887000
2024-06-23 14:30:41.565,9768,154,4,71,False,0,car,0 days 01:27:27.152000,0 days 02:24:24.247000
2024-06-23 14:30:41.765,10077,159,4,71,False,0,car,0 days 01:27:27.352000,0 days 02:24:24.447000
2024-06-23 14:30:42.125,8816,164,5,48,False,0,car,0 days 01:27:27.712000,0 days 02:24:24.807000
2024-06-23 14:30:42.525,8908,164,5,53,False,0,car,0 days 01:27:28.112000,0 days 02:24:25.207000
2024-06-23 14:30:42.725,9037,166,5,59,False,0,car,0 days 01:27:28.312000,0 days 02:24:25.407000
2024-06-23 14:30:42.965,9089,169,5,65,False,0,car,0 days 01:27:28.552000,0 days 02:24:25.647000
2024-06-23 14:30:43.325,9629,175,5,78,False,0,car,0 days 01:27:28.912000,0 days 02:24:26.007000
2024-06-23 14:30:43.525,9964,180,5,82,False,0,car,0 days 01:27:29.112000,0 days 02:24:26.207000
2024-06-23 14:30:43.965,10517,193,5,100,False,0,car,0 days 01:27:29.552000,0 days 02:24:26.647000
2024-06-23 14:30:44.125,10738,197,5,100,False,0,car,0 days 01:27:29.712000,0 days 02:24:26.807000
2024-06-23 14:30:44.365,11079,207,5,100,False,0,car,0 days 01:27:29.952000,0 days 02:24:27.047000
2024-06-23 14:30:44.686,11401,215,5,96,False,0,car,0 days 01:27:30.273000,0 days 02:24:27.368000
2024-06-23 14:30:45.005,10134,220,6,81,False,0,car,0 days 01:27:30.592000,0 days 02:24:27.687000
2024-06-23 14:30:45.325,10218,222,6,69,False,0,car,0 days 01:27:30.912000,0 days 02:24:28.007000
2024-06-23 14:30:45.605,10137,222,6,55,False,0,car,0 days 01:27:31.192000,0 days 02:24:28.287000
2024-06-23 14:30:46.045,10167,219,6,68,False,0,car,0 days 01:27:31.632000,0 days 02:24:28.727000
2024-06-23 14:30:46.205,10167,220,6,72,False,0,car,0 days 01:27:31.792000,0 days 02:24:28.887000
2024-06-23 14:30:46.405,10180,221,6,68,False,0,car,0 days 01:27:31.992000,0 days 02:24:29.087000
2024-06-23 14:30:46.605,10236,221,6,74,False,0,car,0 days 01:27:32.192000,0 days 02:24:29.287000
2024-06-23 14:30:47.045,10415,224,6,83,False,0,car,0 days 01:27:32.632000,0 days 02:24:29.727000
2024-06-23 14:30:47.285,10656,228,6,91,False,0,car,0 days 01:27:32.872000,0 days 02:24:29.967000
2024-06-23 14:30:47.685,10923,232,6,100,False,0,car,0 days 01:27:33.272000,0 days 02:24:30.367000
2024-06-23 14:30:47.925,11117,238,6,100,False,0,car,0 days 01:27:33.512000,0 days 02:24:30.607000
2024-06-23 14:30:48.125,11292,241,6,100,False,0,car,0 days 01:27:33.712000,0 days 02:24:30.807000
2024-06-23 14:30:48.325,11372,244,6,100,False,0,car,0 days 01:27:33.912000,0 days 02:24:31.007000
2024-06-23 14:30:48.605,11523,250,6,100,False,0,car,0 days 01:27:34.192000,0 days 02:24:31.287000
2024-06-23 14:30:48.805,11581,252,6,100,False,0,car,0 days 01:27:34.392000,0 days 02:24:31.487000
2024-06-23 14:30:49.125,11527,255,6,100,False,0,car,0 days 01:27:34.712000,0 days 02:24:31.807000
2024-06-23 14:30:49.365,10489,260,7,100,False,0,car,0 days 01:27:34.952000,0 days 02:24:32.047000
2024-06-23 14:30:49.645,10642,264,7,100,False,0,car,0 days 01:27:35.232000,0 days 02:24:32.327000
2024-06-23 14:30:49.885,10686,266,7,100,False,0,car,0 days 01:27:35.472000,0 days 02:24:32.567000
2024-06-23 14:30:50.045,10751,269,7,100,False,0,car,0 days 01:27:35.632000,0 days 02:24:32.727000
2024-06-23 14:30:50.285,10877,271,7,100,False,0,car,0 days 01:27:35.872000,0 days 02:24:32.967000
2024-06-23 14:30:50.445,10963,274,7,100,False,0,car,0 days 01:27:36.032000,0 days 02:24:33.127000
2024-06-23 14:30:50.605,11016,274,7,100,False,0,car,0 days 01:27:36.192000,0 days 02:24:33.287000
2024-06-23 14:30:50.845,11106,275,7,100,False,0,car,0 days 01:27:36.432000,0 days 02:24:33.527000
2024-06-23 14:30:51.005,11171,278,7,100,False,0,car,0 days 01:27:36.592000,0 days 02:24:33.687000
2024-06-23 14:30:51.286,11264,280,7,100,False,0,car,0 days 01:27:36.873000,0 days 02:24:33.968000
2024-06-23 14:30:51.606,11361,283,7,100,False,0,car,0 days 01:27:37.193000,0 days 02:24:34.288000
2024-06-23 14:30:51.845,11175,278,7,0,False,0,car,0 days 01:27:37.432000,0 days 02:24:34.527000
2024-06-23 14:30:52.125,10831,273,7,0,False,0,car,0 days 01:27:37.712000,0 days 02:24:34.807000
2024-06-23 14:30:52.405,10556,266,7,0,False,0,car,0 days 01:27:37.992000,0 days 02:24:35.087000
2024-06-23 14:30:52.605,10289,261,7,0,True,0,car,0 days 01:27:38.192000,0 days 02:24:35.287000
2024-06-23 14:30:53.405,8747,191,6,0,True,0,car,0 days 01:27:38.992000,0 days 02:24:36.087000
2024-06-23 14:30:53.845,8610,167,5,0,True,0,car,0 days 01:27:39.432000,0 days 02:24:36.527000
2024-06-23 14:30:54.165,9639,158,4,0,True,0,car,0 days 01:27:39.752000,0 days 02:24:36.847000
2024-06-23 14:30:54.405,9332,152,4,0,True,0,car,0 days 01:27:39.992000,0 days 02:24:37.087000
2024-06-23 14:30:54.725,8829,145,4,0,True,0,car,0 days 01:27:40.312000,0 days 02:24:37.407000
2024-06-23 14:30:55.085,8544,137,4,0,True,0,car,0 days 01:27:40.672000,0 days 02:24:37.767000
2024-06-23 14:30:55.445,8274,131,4,6,False,0,car,0 days 01:27:41.032000,0 days 02:24:38.127000
2024-06-23 14:30:55.725,8454,131,4,40,False,0,car,0 days 01:27:41.312000,0 days 02:24:38.407000
2024-06-23 14:30:55.965,8332,132,4,48,False,0,car,0 days 01:27:41.552000,0 days 02:24:38.647000
2024-06-23 14:30:56.245,8735,137,4,53,False,0,car,0 days 01:27:41.832000,0 days 02:24:38.927000
2024-06-23 14:30:56.485,9026,138,4,62,False,0,car,0 days 01:27:42.072000,0 days 02:24:39.167000
2024-06-23 14:30:56.685,9388,145,4,67,False,0,car,0 days 01:27:42.272000,0 days 02:24:39.367000
2024-06-23 14:30:56.885,9615,149,4,73,False,0,car,0 days 01:27:42.472000,0 days 02:24:39.567000
2024-06-23 14:30:57.125,10189,154,4,76,False,0,car,0 days 01:27:42.712000,0 days 02:24:39.807000
2024-06-23 14:30:57.325,10581,160,4,80,False,0,car,0 days 01:27:42.912000,0 days 02:24:40.007000
2024-06-23 14:30:57.525,11070,163,4,100,False,0,car,0 days 01:27:43.112000,0 days 02:24:40.207000
2024-06-23 14:30:57.725,11328,171,4,100,False,0,car,0 days 01:27:43.312000,0 days 02:24:40.407000
2024-06-23 14:30:57.966,10453,186,5,100,False,0,car,0 days 01:27:43.553000,0 days 02:24:40.648000
2024-06-23 14:30:58.366,10794,199,5,100,False,0,car,0 days 01:27:43.953000,0 days 02:24:41.048000
2024-06-23 14:30:58.645,11165,208,5,100,False,0,car,0 days 01:27:44.232000,0 days 02:24:41.327000
2024-06-23 14:30:59.005,11559,215,5,100,False,0,car,0 days 01:27:44.592000,0 days 02:24:41.687000
2024-06-23 14:30:59.165,11559,215,5,100,False,0,car,0 days 01:27:44.752000,0 days 02:24:41.847000
2024-06-23 14:30:59.405,10859,225,6,100,False,0,car,0 days 01:27:44.992000,0 days 02:24:42.087000
2024-06-23 14:30:59.645,10704,231,6,100,False,0,car,0 days 01:27:45.232000,0 days 02:24:42.327000
2024-06-23 14:30:59.925,10892,237,6,100,False,0,car,0 days 01:27:45.512000,0 days 02:24:42.607000
2024-06-23 14:31:00.165,11023,241,6,100,False,0,car,0 days 01:27:45.752000,0 days 02:24:42.847000
2024-06-23 14:31:00.525,11108,239,6,0,False,0,car,0 days 01:27:46.112000,0 days 02:24:43.207000
2024-06-23 14:31:00.805,10310,229,6,0,True,0,car,0 days 01:27:46.392000,0 days 02:24:43.487000
2024-06-23 14:31:01.045,9849,221,6,0,True,0,car,0 days 01:27:46.632000,0 days 02:24:43.727000
2024-06-23 14:31:01.205,10236,193,6,0,True,0,car,0 days 01:27:46.792000,0 days 02:24:43.887000
2024-06-23 14:31:01.605,9494,157,4,0,True,0,car,0 days 01:27:47.192000,0 days 02:24:44.287000
2024-06-23 14:31:01.805,9469,146,4,0,True,0,car,0 days 01:27:47.392000,0 days 02:24:44.487000
2024-06-23 14:31:01.965,9674,141,3,0,True,0,car,0 days 01:27:47.552000,0 days 02:24:44.647000
2024-06-23 14:31:02.205,9315,129,3,0,True,0,car,0 days 01:27:47.792000,0 days 02:24:44.887000
2024-06-23 14:31:02.405,8861,123,3,0,True,0,car,0 days 01:27:47.992000,0 days 02:24:45.087000
2024-06-23 14:31:02.645,8475,117,3,0,True,0,car,0 days 01:27:48.232000,0 days 02:24:45.327000
2024-06-23 14:31:03.085,7643,104,3,0,True,0,car,0 days 01:27:48.672000,0 days 02:24:45.767000
2024-06-23 14:31:03.245,7212,101,3,0,True,0,car,0 days 01:27:48.832000,0 days 02:24:45.927000
2024-06-23 14:31:03.685,6647,92,3,0,True,0,car,0 days 01:27:49.272000,0 days 02:24:46.367000
2024-06-23 14:31:03.965,6919,89,3,6,False,0,car,0 days 01:27:49.552000,0 days 02:24:46.647000
2024-06-23 14:31:04.325,6933,90,3,28,False,0,car,0 days 01:27:49.912000,0 days 02:24:47.007000
2024-06-23 14:31:04.526,7163,92,3,32,False,0,car,0 days 01:27:50.113000,0 days 02:24:47.208000
2024-06-23 14:31:04.926,7800,99,3,47,False,0,car,0 days 01:27:50.513000,0 days 02:24:47.608000
2024-06-23 14:31:05.365,8785,112,3,61,False,0,car,0 days 01:27:50.952000,0 days 02:24:48.047000
2024-06-23 14:31:05.525,9302,116,3,67,False,0,car,0 days 01:27:51.112000,0 days 02:24:48.207000
2024-06-23 14:31:05.765,9893,127,3,76,False,0,car,0 days 01:27:51.352000,0 days 02:24:48.447000
2024-06-23 14:31:06.125,9387,141,4,87,False,0,car,0 days 01:27:51.712000,0 days 02:24:48.807000
2024-06-23 14:31:06.285,10057,150,4,100,False,0,car,0 days 01:27:51.872000,0 days 02:24:48.967000
2024-06-23 14:31:06.445,10635,150,4,100,False,0,car,0 days 01:27:52.032000,0 days 02:24:49.127000
2024-06-23 14:31:06.645,10950,170,4,100,False,0,car,0 days 01:27:52.232000,0 days 02:24:49.327000
2024-06-23 14:31:06.925,11382,179,4,100,False,0,car,0 days 01:27:52.512000,0 days 02:24:49.607000
2024-06-23 14:31:07.205,10197,190,4,100,False,0,car,0 days 01:27:52.792000,0 days 02:24:49.887000
2024-06-23 14:31:07.405,10590,198,5,100,False,0,car,0 days 01:27:52.992000,0 days 02:24:50.087000
2024-06-23 14:31:07.765,11289,212,5,100,False,0,car,0 days 01:27:53.352000,0 days 02:24:50.447000
2024-06-23 14:31:07.925,11574,214,5,100,False,0,car,0 days 01:27:53.512000,0 days 02:24:50.607000
2024-06-23 14:31:08.125,11745,221,5,100,False,0,car,0 days 01:27:53.712000,0 days 02:24:50.807000
2024-06-23 14:31:08.365,11745,227,6,100,False,0,car,0 days 01:27:53.952000,0 days 02:24:51.047000
2024-06-23 14:31:08.565,10754,232,6,100,False,0,car,0 days 01:27:54.152000,0 days 02:24:51.247000
2024-06-23 14:31:08.805,10903,237,6,100,False,0,car,0 days 01:27:54.392000,0 days 02:24:51.487000
2024-06-23 14:31:08.965,11087,241,6,100,False,0,car,0 days 01:27:54.552000,0 days 02:24:51.647000
2024-06-23 14:31:09.205,11322,245,6,100,False,0,car,0 days 01:27:54.792000,0 days 02:24:51.887000
2024-06-23 14:31:09.565,11492,251,6,100,False,0,car,0 days 01:27:55.152000,0 days 02:24:52.247000
2024-06-23 14:31:09.725,11128,251,6,0,False,0,car,0 days 01:27:55.312000,0 days 02:24:52.407000
2024-06-23 14:31:09.965,11199,245,6,0,False,0,car,0 days 01:27:55.552000,0 days 02:24:52.647000
2024-06-23 14:31:10.245,10769,241,6,0,True,0,car,0 days 01:27:55.832000,0 days 02:24:52.927000
2024-06-23 14:31:10.685,9562,203,6,0,True,0,car,0 days 01:27:56.272000,0 days 02:24:53.367000
2024-06-23 14:31:10.885,9498,184,6,0,True,0,car,0 days 01:27:56.472000,0 days 02:24:53.567000
2024-06-23 14:31:11.326,9460,162,4,0,True,0,car,0 days 01:27:56.913000,0 days 02:24:54.008000
2024-06-23 14:31:11.766,8972,144,4,0,False,0,car,0 days 01:27:57.353000,0 days 02:24:54.448000
2024-06-23 14:31:12.125,8626,139,4,0,False,0,car,0 days 01:27:57.712000,0 days 02:24:54.807000
2024-06-23 14:31:12.405,8670,135,4,10,False,0,car,0 days 01:27:57.992000,0 days 02:24:55.087000
2024-06-23 14:31:12.805,8530,133,4,46,False,0,car,0 days 01:27:58.392000,0 days 02:24:55.487000
2024-06-23 14:31:13.165,8911,138,4,54,False,0,car,0 days 01:27:58.752000,0 days 02:24:55.847000
2024-06-23 14:31:13.405,9212,141,4,68,False,0,car,0 days 01:27:58.992000,0 days 02:24:56.087000
2024-06-23 14:31:13.565,9388,146,4,75,False,0,car,0 days 01:27:59.152000,0 days 02:24:56.247000
2024-06-23 14:31:13.765,9915,153,4,83,False,0,car,0 days 01:27:59.352000,0 days 02:24:56.447000
2024-06-23 14:31:14.005,10611,162,4,95,False,0,car,0 days 01:27:59.592000,0 days 02:24:56.687000
2024-06-23 14:31:14.445,11403,178,4,100,False,0,car,0 days 01:28:00.032000,0 days 02:24:57.127000
2024-06-23 14:31:14.845,10839,186,4,100,False,0,car,0 days 01:28:00.432000,0 days 02:24:57.527000
2024-06-23 14:31:15.165,10890,202,5,100,False,0,car,0 days 01:28:00.752000,0 days 02:24:57.847000
2024-06-23 14:31:15.325,11145,204,5,100,False,0,car,0 days 01:28:00.912000,0 days 02:24:58.007000
2024-06-23 14:31:15.605,11415,213,5,100,False,0,car,0 days 01:28:01.192000,0 days 02:24:58.287000
2024-06-23 14:31:15.885,11790,221,5,100,False,0,car,0 days 01:28:01.472000,0 days 02:24:58.567000
2024-06-23 14:31:16.205,11219,228,5,100,False,0,car,0 days 01:28:01.792000,0 days 02:24:58.887000
2024-06-23 14:31:16.365,10620,233,6,100,False,0,car,0 days 01:28:01.952000,0 days 02:24:59.047000
2024-06-23 14:31:16.605,10925,238,6,100,False,0,car,0 days 01:28:02.192000,0 days 02:24:59.287000
2024-06-23 14:31:16.765,11017,241,6,100,False,0,car,0 days 01:28:02.352000,0 days 02:24:59.447000
2024-06-23 14:31:17.005,11033,242,6,100,False,0,car,0 days 01:28:02.592000,0 days 02:24:59.687000
2024-06-23 14:31:17.165,11330,242,6,0,False,0,car,0 days 01:28:02.752000,0 days 02:24:59.847000
2024-06-23 14:31:17.445,10960,236,6,0,False,0,car,0 days 01:28:03.032000,0 days 02:25:00.127000
2024-06-23 14:31:17.806,10371,229,6,0,False,0,car,0 days 01:28:03.393000,0 days 02:25:00.488000
2024-06-23 14:31:18.126,10421,223,6,46,False,0,car,0 days 01:28:03.713000,0 days 02:25:00.808000
2024-06-23 14:31:18.286,10109,221,6,54,False,0,car,0 days 01:28:03.873000,0 days 02:25:00.968000
2024-06-23 14:31:18.526,9986,219,6,55,False,0,car,0 days 01:28:04.113000,0 days 02:25:01.208000
2024-06-23 14:31:18.765,10131,218,6,71,False,0,car,0 days 01:28:04.352000,0 days 02:25:01.447000
2024-06-23 14:31:19.005,10156,220,6,73,False,0,car,0 days 01:28:04.592000,0 days 02:25:01.687000
2024-06-23 14:31:19.285,10326,222,6,100,False,0,car,0 days 01:28:04.872000,0 days 02:25:01.967000
2024-06-23 14:31:19.525,10506,226,6,100,False,0,car,0 days 01:28:05.112000,0 days 02:25:02.207000
2024-06-23 14:31:19.765,10768,233,6,100,False,0,car,0 days 01:28:05.352000,0 days 02:25:02.447000
2024-06-23 14:31:20.045,10976,237,6,100,False,0,car,0 days 01:28:05.632000,0 days 02:25:02.727000
2024-06-23 14:31:20.405,11218,243,6,100,False,0,car,0 days 01:28:05.992000,0 days 02:25:03.087000
2024-06-23 14:31:20.765,11536,252,6,100,False,0,car,0 days 01:28:06.352000,0 days 02:25:03.447000
2024-06-23 14:31:21.085,11730,255,6,100,False,0,car,0 days 01:28:06.672000,0 days 02:25:03.767000
2024-06-23 14:31:21.325,11805,259,6,100,False,0,car,0 days 01:28:06.912000,0 days 02:25:04.007000
2024-06-23 14:31:21.565,10685,261,7,100,False,0,car,0 days 01:28:07.152000,0 days 02:25:04.247000
2024-06-23 14:31:21.765,10683,265,7,100,False,0,car,0 days 01:28:07.352000,0 days 02:25:04.447000
2024-06-23 14:31:22.285,10904,273,7,100,False,0,car,0 days 01:28:07.872000,0 days 02:25:04.967000
2024-06-23 14:31:22.485,10981,274,7,100,False,0,car,0 days 01:28:08.072000,0 days 02:25:05.167000
2024-06-23 14:31:22.805,11095,277,7,100,False,0,car,0 days 01:28:08.392000,0 days 02:25:05.487000
2024-06-23 14:31:23.045,11219,278,7,100,False,0,car,0 days 01:28:08.632000,0 days 02:25:05.727000
2024-06-23 14:31:23.325,11295,281,7,100,False,0,car,0 days 01:28:08.912000,0 days 02:25:06.007000
2024-06-23 14:31:23.525,11357,283,7,100,False,0,car,0 days 01:28:09.112000,0 days 02:25:06.207000
2024-06-23 14:31:23.925,11496,286,7,100,False,0,car,0 days 01:28:09.512000,0 days 02:25:06.607000
2024-06-23 14:31:24.206,11556,287,7,100,False,0,car,0 days 01:28:09.793000,0 days 02:25:06.888000
2024-06-23 14:31:24.486,11240,284,7,0,False,0,car,0 days 01:28:10.073000,0 days 02:25:07.168000
2024-06-23 14:31:24.966,10749,270,7,0,False,0,car,0 days 01:28:10.553000,0 days 02:25:07.648000
2024-06-23 14:31:25.286,10004,254,7,0,True,0,car,0 days 01:28:10.873000,0 days 02:25:07.968000
2024-06-23 14:31:25.445,9463,232,7,0,True,0,car,0 days 01:28:11.032000,0 days 02:25:08.127000
2024-06-23 14:31:25.645,8797,210,7,0,True,0,car,0 days 01:28:11.232000,0 days 02:25:08.327000
2024-06-23 14:31:25.965,9453,190,6,0,True,0,car,0 days 01:28:11.552000,0 days 02:25:08.647000
2024-06-23 14:31:26.165,8623,171,6,0,True,0,car,0 days 01:28:11.752000,0 days 02:25:08.847000
2024-06-23 14:31:26.525,9435,147,4,0,True,0,car,0 days 01:28:12.112000,0 days 02:25:09.207000
2024-06-23 14:31:26.805,8425,135,4,0,True,0,car,0 days 01:28:12.392000,0 days 02:25:09.487000
2024-06-23 14:31:26.965,9365,129,3,0,True,0,car,0 days 01:28:12.552000,0 days 02:25:09.647000
2024-06-23 14:31:27.245,9150,126,3,0,True,0,car,0 days 01:28:12.832000,0 days 02:25:09.927000
2024-06-23 14:31:27.525,8606,119,3,0,True,0,car,0 days 01:28:13.112000,0 days 02:25:10.207000
2024-06-23 14:31:27.765,8472,114,3,0,False,0,car,0 days 01:28:13.352000,0 days 02:25:10.447000
2024-06-23 14:31:28.005,8400,112,3,0,False,0,car,0 days 01:28:13.592000,0 days 02:25:10.687000
2024-06-23 14:31:28.325,7984,110,3,0,False,0,car,0 days 01:28:13.912000,0 days 02:25:11.007000
2024-06-23 14:31:28.565,7846,106,3,0,False,0,car,0 days 01:28:14.152000,0 days 02:25:11.247000
2024-06-23 14:31:28.765,7748,104,3,2,False,0,car,0 days 01:28:14.352000,0 days 02:25:11.447000
2024-06-23 14:31:29.045,7865,102,3,22,False,0,car,0 days 01:28:14.632000,0 days 02:25:11.727000
2024-06-23 14:31:29.205,7896,103,3,31,False,0,car,0 days 01:28:14.792000,0 days 02:25:11.887000
2024-06-23 14:31:29.645,8292,106,3,42,False,0,car,0 days 01:28:15.232000,0 days 02:25:12.327000
2024-06-23 14:31:30.005,8665,113,3,51,False,0,car,0 days 01:28:15.592000,0 days 02:25:12.687000
2024-06-23 14:31:30.205,9012,117,3,57,False,0,car,0 days 01:28:15.792000,0 days 02:25:12.887000
2024-06-23 14:31:30.445,9656,122,3,62,False,0,car,0 days 01:28:16.032000,0 days 02:25:13.127000
2024-06-23 14:31:30.645,8734,128,3,67,False,0,car,0 days 01:28:16.232000,0 days 02:25:13.327000
2024-06-23 14:31:30.806,8716,134,3,69,False,0,car,0 days 01:28:16.393000,0 days 02:25:13.488000
2024-06-23 14:31:30.966,9112,140,4,74,False,0,car,0 days 01:28:16.553000,0 days 02:25:13.648000
2024-06-23 14:31:31.206,9445,147,4,74,False,0,car,0 days 01:28:16.793000,0 days 02:25:13.888000
2024-06-23 14:31:31.406,9796,150,4,75,False,0,car,0 days 01:28:16.993000,0 days 02:25:14.088000
2024-06-23 14:31:31.726,10556,163,4,76,False,0,car,0 days 01:28:17.313000,0 days 02:25:14.408000
2024-06-23 14:31:32.045,10533,170,4,77,False,0,car,0 days 01:28:17.632000,0 days 02:25:14.727000
2024-06-23 14:31:32.365,9681,180,5,79,False,0,car,0 days 01:28:17.952000,0 days 02:25:15.047000
2024-06-23 14:31:32.725,9501,188,5,0,False,0,car,0 days 01:28:18.312000,0 days 02:25:15.407000
2024-06-23 14:31:32.885,9962,185,5,0,False,0,car,0 days 01:28:18.472000,0 days 02:25:15.567000
2024-06-23 14:31:33.125,9411,180,5,0,True,0,car,0 days 01:28:18.712000,0 days 02:25:15.807000
2024-06-23 14:31:33.285,9100,176,5,0,True,0,car,0 days 01:28:18.872000,0 days 02:25:15.967000
2024-06-23 14:31:33.485,8823,167,5,0,True,0,car,0 days 01:28:19.072000,0 days 02:25:16.167000
2024-06-23 14:31:33.685,9535,157,5,0,True,0,car,0 days 01:28:19.272000,0 days 02:25:16.367000
2024-06-23 14:31:33.965,8722,144,4,0,True,0,car,0 days 01:28:19.552000,0 days 02:25:16.647000
2024-06-23 14:31:34.165,8375,140,4,0,True,0,car,0 days 01:28:19.752000,0 days 02:25:16.847000
2024-06-23 14:31:34.365,8145,131,4,0,True,0,car,0 days 01:28:19.952000,0 days 02:25:17.047000
2024-06-23 14:31:34.685,7776,126,4,0,False,0,car,0 days 01:28:20.272000,0 days 02:25:17.367000
2024-06-23 14:31:34.925,7703,124,4,0,True,0,car,0 days 01:28:20.512000,0 days 02:25:17.607000
2024-06-23 14:31:35.245,8629,120,3,0,False,0,car,0 days 01:28:20.832000,0 days 02:25:17.927000
2024-06-23 14:31:35.445,8613,118,3,0,False,0,car,0 days 01:28:21.032000,0 days 02:25:18.127000
2024-06-23 14:31:35.645,8636,115,3,2,False,0,car,0 days 01:28:21.232000,0 days 02:25:18.327000
2024-06-23 14:31:35.845,8759,114,3,20,False,0,car,0 days 01:28:21.432000,0 days 02:25:18.527000
2024-06-23 14:31:36.005,8690,114,3,38,False,0,car,0 days 01:28:21.592000,0 days 02:25:18.687000
2024-06-23 14:31:36.285,8943,117,3,42,False,0,car,0 days 01:28:21.872000,0 days 02:25:18.967000
2024-06-23 14:31:36.485,8974,119,3,45,False,0,car,0 days 01:28:22.072000,0 days 02:25:19.167000
2024-06-23 14:31:36.685,9278,121,3,49,False,0,car,0 days 01:28:22.272000,0 days 02:25:19.367000
2024-06-23 14:31:36.885,9593,124,3,55,False,0,car,0 days 01:28:22.472000,0 days 02:25:19.567000
2024-06-23 14:31:37.045,9908,127,3,59,False,0,car,0 days 01:28:22.632000,0 days 02:25:19.727000
2024-06-23 14:31:37.286,10388,133,3,63,False,0,car,0 days 01:28:22.873000,0 days 02:25:19.968000
2024-06-23 14:31:37.446,10408,138,3,63,False,0,car,0 days 01:28:23.033000,0 days 02:25:20.128000
2024-06-23 14:31:37.686,8904,140,3,56,False,0,car,0 days 01:28:23.273000,0 days 02:25:20.368000
2024-06-23 14:31:38.126,9731,147,4,71,False,0,car,0 days 01:28:23.713000,0 days 02:25:20.808000
2024-06-23 14:31:38.486,10460,162,4,85,False,0,car,0 days 01:28:24.073000,0 days 02:25:21.168000
2024-06-23 14:31:38.686,10934,169,4,93,False,0,car,0 days 01:28:24.273000,0 days 02:25:21.368000
2024-06-23 14:31:38.965,10882,182,4,100,False,0,car,0 days 01:28:24.552000,0 days 02:25:21.647000
2024-06-23 14:31:39.325,10560,194,5,100,False,0,car,0 days 01:28:24.912000,0 days 02:25:22.007000
2024-06-23 14:31:39.605,10995,204,5,100,False,0,car,0 days 01:28:25.192000,0 days 02:25:22.287000
2024-06-23 14:31:39.965,11663,217,5,95,False,0,car,0 days 01:28:25.552000,0 days 02:25:22.647000
2024-06-23 14:31:40.365,10265,223,6,69,False,0,car,0 days 01:28:25.952000,0 days 02:25:23.047000
2024-06-23 14:31:40.725,10308,226,6,60,False,0,car,0 days 01:28:26.312000,0 days 02:25:23.407000
2024-06-23 14:31:40.925,10448,224,6,64,False,0,car,0 days 01:28:26.512000,0 days 02:25:23.607000
2024-06-23 14:31:41.125,10445,224,6,73,False,0,car,0 days 01:28:26.712000,0 days 02:25:23.807000
2024-06-23 14:31:41.405,10574,228,6,87,False,0,car,0 days 01:28:26.992000,0 days 02:25:24.087000
2024-06-23 14:31:41.645,10494,230,6,67,False,0,car,0 days 01:28:27.232000,0 days 02:25:24.327000
2024-06-23 14:31:41.805,10983,232,6,89,False,0,car,0 days 01:28:27.392000,0 days 02:25:24.487000
2024-06-23 14:31:41.965,10808,235,6,100,False,0,car,0 days 01:28:27.552000,0 days 02:25:24.647000
2024-06-23 14:31:42.125,10948,237,6,100,False,0,car,0 days 01:28:27.712000,0 days 02:25:24.807000
2024-06-23 14:31:42.365,11115,242,6,100,False,0,car,0 days 01:28:27.952000,0 days 02:25:25.047000
2024-06-23 14:31:42.565,11238,245,6,100,False,0,car,0 days 01:28:28.152000,0 days 02:25:25.247000
2024-06-23 14:31:42.765,11387,247,6,100,False,0,car,0 days 01:28:28.352000,0 days 02:25:25.447000
2024-06-23 14:31:42.925,11523,248,6,100,False,0,car,0 days 01:28:28.512000,0 days 02:25:25.607000
2024-06-23 14:31:43.285,10456,256,7,100,False,0,car,0 days 01:28:28.872000,0 days 02:25:25.967000
2024-06-23 14:31:43.445,10452,258,7,100,False,0,car,0 days 01:28:29.032000,0 days 02:25:26.127000
2024-06-23 14:31:43.765,10330,255,7,0,False,0,car,0 days 01:28:29.352000,0 days 02:25:26.447000
2024-06-23 14:31:44.086,9944,249,7,0,False,0,car,0 days 01:28:29.673000,0 days 02:25:26.768000
2024-06-23 14:31:44.406,11025,242,6,0,False,0,car,0 days 01:28:29.993000,0 days 02:25:27.088000
2024-06-23 14:31:44.566,10866,239,6,0,False,0,car,0 days 01:28:30.153000,0 days 02:25:27.248000
2024-06-23 14:31:44.886,10524,230,6,0,False,0,car,0 days 01:28:30.473000,0 days 02:25:27.568000
2024-06-23 14:31:45.246,10046,223,6,0,False,0,car,0 days 01:28:30.833000,0 days 02:25:27.928000
2024-06-23 14:31:45.525,9864,217,6,32,False,0,car,0 days 01:28:31.112000,0 days 02:25:28.207000
2024-06-23 14:31:45.805,9893,213,6,50,False,0,car,0 days 01:28:31.392000,0 days 02:25:28.487000
2024-06-23 14:31:46.165,9726,212,6,65,False,0,car,0 days 01:28:31.752000,0 days 02:25:28.847000
2024-06-23 14:31:46.405,9821,213,6,73,False,0,car,0 days 01:28:31.992000,0 days 02:25:29.087000
2024-06-23 14:31:46.725,9996,217,6,78,False,0,car,0 days 01:28:32.312000,0 days 02:25:29.407000
2024-06-23 14:31:47.045,10093,222,6,82,False,0,car,0 days 01:28:32.632000,0 days 02:25:29.727000
2024-06-23 14:31:47.405,10340,227,6,72,False,0,car,0 days 01:28:32.992000,0 days 02:25:30.087000
2024-06-23 14:31:47.685,10470,229,6,78,False,0,car,0 days 01:28:33.272000,0 days 02:25:30.367000
2024-06-23 14:31:48.005,10748,234,6,86,False,0,car,0 days 01:28:33.592000,0 days 02:25:30.687000
2024-06-23 14:31:48.445,11115,242,6,87,False,0,car,0 days 01:28:34.032000,0 days 02:25:31.127000
2024-06-23 14:31:48.685,11255,245,6,85,False,0,car,0 days 01:28:34.272000,0 days 02:25:31.367000
2024-06-23 14:31:49.045,11381,249,6,89,False,0,car,0 days 01:28:34.632000,0 days 02:25:31.727000
2024-06-23 14:31:49.405,11554,252,6,84,False,0,car,0 days 01:28:34.992000,0 days 02:25:32.087000
2024-06-23 14:31:49.845,11847,259,6,89,False,0,car,0 days 01:28:35.432000,0 days 02:25:32.527000
2024-06-23 14:31:50.045,11427,261,6,91,False,0,car,0 days 01:28:35.632000,0 days 02:25:32.727000
2024-06-23 14:31:50.245,10808,263,6,100,False,0,car,0 days 01:28:35.832000,0 days 02:25:32.927000
Pos_data
Date,Status,X,Y,Z,Source,Time,SessionTime
2024-06-23 13:03:14.415,OnTrack,1400,-214,1707,pos,0 days 00:00:00.002000,0 days 00:56:57.097000
2024-06-23 13:03:14.576,OnTrack,1400,-214,1707,pos,0 days 00:00:00.163000,0 days 00:56:57.258000
2024-06-23 13:03:14.876,OnTrack,1400,-214,1707,pos,0 days 00:00:00.463000,0 days 00:56:57.558000
2024-06-23 13:03:15.336,OnTrack,1395,-222,1707,pos,0 days 00:00:00.923000,0 days 00:56:58.018000
2024-06-23 13:03:15.436,OnTrack,1393,-225,1707,pos,0 days 00:00:01.023000,0 days 00:56:58.118000
2024-06-23 13:03:15.676,OnTrack,1385,-237,1707,pos,0 days 00:00:01.263000,0 days 00:56:58.358000
2024-06-23 13:03:15.956,OnTrack,1373,-256,1707,pos,0 days 00:00:01.543000,0 days 00:56:58.638000
2024-06-23 13:03:16.116,OnTrack,1364,-270,1707,pos,0 days 00:00:01.703000,0 days 00:56:58.798000
2024-06-23 13:03:16.296,OnTrack,1353,-288,1707,pos,0 days 00:00:01.883000,0 days 00:56:58.978000
2024-06-23 13:03:16.436,OnTrack,1342,-304,1707,pos,0 days 00:00:02.023000,0 days 00:56:59.118000
2024-06-23 13:03:16.756,OnTrack,1315,-348,1707,pos,0 days 00:00:02.343000,0 days 00:56:59.438000
2024-06-23 13:03:16.956,OnTrack,1295,-379,1707,pos,0 days 00:00:02.543000,0 days 00:56:59.638000
2024-06-23 13:03:17.216,OnTrack,1264,-427,1707,pos,0 days 00:00:02.803000,0 days 00:56:59.898000
2024-06-23 13:03:17.436,OnTrack,1235,-473,1708,pos,0 days 00:00:03.023000,0 days 00:57:00.118000
2024-06-23 13:03:17.636,OnTrack,1207,-518,1708,pos,0 days 00:00:03.223000,0 days 00:57:00.318000
2024-06-23 13:03:17.836,OnTrack,1175,-568,1708,pos,0 days 00:00:03.423000,0 days 00:57:00.518000
2024-06-23 13:03:17.996,OnTrack,1147,-612,1708,pos,0 days 00:00:03.583000,0 days 00:57:00.678000
2024-06-23 13:03:18.156,OnTrack,1117,-659,1708,pos,0 days 00:00:03.743000,0 days 00:57:00.838000
2024-06-23 13:03:18.456,OnTrack,1056,-755,1708,pos,0 days 00:00:04.043000,0 days 00:57:01.138000
2024-06-23 13:03:18.676,OnTrack,1006,-833,1708,pos,0 days 00:00:04.263000,0 days 00:57:01.358000
2024-06-23 13:03:18.896,OnTrack,953,-917,1708,pos,0 days 00:00:04.483000,0 days 00:57:01.578000
2024-06-23 13:03:19.055,OnTrack,913,-980,1708,pos,0 days 00:00:04.642000,0 days 00:57:01.737000
2024-06-23 13:03:19.255,OnTrack,861,-1062,1708,pos,0 days 00:00:04.842000,0 days 00:57:01.937000
2024-06-23 13:03:19.395,OnTrack,823,-1122,1708,pos,0 days 00:00:04.982000,0 days 00:57:02.077000
2024-06-23 13:03:19.575,OnTrack,772,-1202,1708,pos,0 days 00:00:05.162000,0 days 00:57:02.257000
2024-06-23 13:03:19.875,OnTrack,683,-1342,1707,pos,0 days 00:00:05.462000,0 days 00:57:02.557000
2024-06-23 13:03:20.075,OnTrack,622,-1438,1707,pos,0 days 00:00:05.662000,0 days 00:57:02.757000
2024-06-23 13:03:20.255,OnTrack,565,-1528,1708,pos,0 days 00:00:05.842000,0 days 00:57:02.937000
2024-06-23 13:03:20.495,OnTrack,448,-1713,1708,pos,0 days 00:00:06.082000,0 days 00:57:03.177000
2024-06-23 13:03:20.915,OnTrack,346,-1873,1708,pos,0 days 00:00:06.502000,0 days 00:57:03.597000
2024-06-23 13:03:21.156,OnTrack,212,-2085,1708,pos,0 days 00:00:06.743000,0 days 00:57:03.838000
2024-06-23 13:03:21.396,OnTrack,168,-2153,1708,pos,0 days 00:00:06.983000,0 days 00:57:04.078000
2024-06-23 13:03:21.716,OnTrack,27,-2375,1707,pos,0 days 00:00:07.303000,0 days 00:57:04.398000
2024-06-23 13:03:22.156,OnTrack,-140,-2635,1706,pos,0 days 00:00:07.743000,0 days 00:57:04.838000
2024-06-23 13:03:22.336,OnTrack,-212,-2745,1705,pos,0 days 00:00:07.923000,0 days 00:57:05.018000
2024-06-23 13:03:22.556,OnTrack,-350,-2953,1703,pos,0 days 00:00:08.143000,0 days 00:57:05.238000
2024-06-23 13:03:22.856,OnTrack,-424,-3065,1701,pos,0 days 00:00:08.443000,0 days 00:57:05.538000
2024-06-23 13:03:23.116,OnTrack,-532,-3228,1699,pos,0 days 00:00:08.703000,0 days 00:57:05.798000
2024-06-23 13:03:23.296,OnTrack,-608,-3341,1698,pos,0 days 00:00:08.883000,0 days 00:57:05.978000
2024-06-23 13:03:23.556,OnTrack,-761,-3569,1693,pos,0 days 00:00:09.143000,0 days 00:57:06.238000
2024-06-23 13:03:23.956,OnTrack,-949,-3851,1687,pos,0 days 00:00:09.543000,0 days 00:57:06.638000
2024-06-23 13:03:24.416,OnTrack,-1088,-4058,1682,pos,0 days 00:00:10.003000,0 days 00:57:07.098000
2024-06-23 13:03:24.616,OnTrack,-1228,-4266,1676,pos,0 days 00:00:10.203000,0 days 00:57:07.298000
2024-06-23 13:03:24.936,OnTrack,-1317,-4397,1672,pos,0 days 00:00:10.523000,0 days 00:57:07.618000
2024-06-23 13:03:25.176,OnTrack,-1423,-4556,1668,pos,0 days 00:00:10.763000,0 days 00:57:07.858000
2024-06-23 13:03:25.376,OnTrack,-1513,-4689,1664,pos,0 days 00:00:10.963000,0 days 00:57:08.058000
2024-06-23 13:03:25.695,OnTrack,-1647,-4892,1658,pos,0 days 00:00:11.282000,0 days 00:57:08.377000
2024-06-23 13:03:25.895,OnTrack,-1721,-5008,1656,pos,0 days 00:00:11.482000,0 days 00:57:08.577000
2024-06-23 13:03:26.095,OnTrack,-1798,-5133,1653,pos,0 days 00:00:11.682000,0 days 00:57:08.777000
2024-06-23 13:03:26.295,OnTrack,-1881,-5272,1649,pos,0 days 00:00:11.882000,0 days 00:57:08.977000
2024-06-23 13:03:26.475,OnTrack,-1954,-5399,1647,pos,0 days 00:00:12.062000,0 days 00:57:09.157000
2024-06-23 13:03:26.595,OnTrack,-2003,-5483,1646,pos,0 days 00:00:12.182000,0 days 00:57:09.277000
2024-06-23 13:03:26.815,OnTrack,-2087,-5632,1644,pos,0 days 00:00:12.402000,0 days 00:57:09.497000
2024-06-23 13:03:26.995,OnTrack,-2153,-5750,1642,pos,0 days 00:00:12.582000,0 days 00:57:09.677000
2024-06-23 13:03:27.295,OnTrack,-2254,-5934,1640,pos,0 days 00:00:12.882000,0 days 00:57:09.977000
2024-06-23 13:03:27.495,OnTrack,-2319,-6050,1639,pos,0 days 00:00:13.082000,0 days 00:57:10.177000
2024-06-23 13:03:27.655,OnTrack,-2419,-6224,1636,pos,0 days 00:00:13.242000,0 days 00:57:10.337000
2024-06-23 13:03:28.056,OnTrack,-2494,-6348,1635,pos,0 days 00:00:13.643000,0 days 00:57:10.738000
2024-06-23 13:03:28.276,OnTrack,-2609,-6519,1633,pos,0 days 00:00:13.863000,0 days 00:57:10.958000
2024-06-23 13:03:28.576,OnTrack,-2661,-6589,1632,pos,0 days 00:00:14.163000,0 days 00:57:11.258000
2024-06-23 13:03:28.776,OnTrack,-2718,-6661,1630,pos,0 days 00:00:14.363000,0 days 00:57:11.458000
2024-06-23 13:03:29.156,OnTrack,-2856,-6807,1627,pos,0 days 00:00:14.743000,0 days 00:57:11.838000
2024-06-23 13:03:29.536,OnTrack,-2948,-6883,1624,pos,0 days 00:00:15.123000,0 days 00:57:12.218000
2024-06-23 13:03:29.936,OnTrack,-3072,-6955,1625,pos,0 days 00:00:15.523000,0 days 00:57:12.618000
2024-06-23 13:03:30.376,OnTrack,-3202,-6991,1623,pos,0 days 00:00:15.963000,0 days 00:57:13.058000
2024-06-23 13:03:30.776,OnTrack,-3289,-6993,1624,pos,0 days 00:00:16.363000,0 days 00:57:13.458000
2024-06-23 13:03:30.936,OnTrack,-3338,-6987,1626,pos,0 days 00:00:16.523000,0 days 00:57:13.618000
2024-06-23 13:03:31.116,OnTrack,-3393,-6975,1627,pos,0 days 00:00:16.703000,0 days 00:57:13.798000
2024-06-23 13:03:31.396,OnTrack,-3476,-6947,1629,pos,0 days 00:00:16.983000,0 days 00:57:14.078000
2024-06-23 13:03:31.476,OnTrack,-3499,-6938,1629,pos,0 days 00:00:17.063000,0 days 00:57:14.158000
2024-06-23 13:03:31.856,OnTrack,-3650,-6870,1632,pos,0 days 00:00:17.443000,0 days 00:57:14.538000
2024-06-23 13:03:32.096,OnTrack,-3679,-6857,1632,pos,0 days 00:00:17.683000,0 days 00:57:14.778000
2024-06-23 13:03:32.415,OnTrack,-3777,-6815,1634,pos,0 days 00:00:18.002000,0 days 00:57:15.097000
2024-06-23 13:03:32.635,OnTrack,-3848,-6790,1635,pos,0 days 00:00:18.222000,0 days 00:57:15.317000
2024-06-23 13:03:32.815,OnTrack,-3907,-6776,1637,pos,0 days 00:00:18.402000,0 days 00:57:15.497000
2024-06-23 13:03:32.995,OnTrack,-3966,-6770,1640,pos,0 days 00:00:18.582000,0 days 00:57:15.677000
2024-06-23 13:03:33.295,OnTrack,-4066,-6774,1643,pos,0 days 00:00:18.882000,0 days 00:57:15.977000
2024-06-23 13:03:33.475,OnTrack,-4124,-6786,1646,pos,0 days 00:00:19.062000,0 days 00:57:16.157000
2024-06-23 13:03:33.655,OnTrack,-4182,-6802,1648,pos,0 days 00:00:19.242000,0 days 00:57:16.337000
2024-06-23 13:03:33.955,OnTrack,-4322,-6860,1655,pos,0 days 00:00:19.542000,0 days 00:57:16.637000
2024-06-23 13:03:34.235,OnTrack,-4366,-6883,1658,pos,0 days 00:00:19.822000,0 days 00:57:16.917000
2024-06-23 13:03:34.576,OnTrack,-4389,-6896,1659,pos,0 days 00:00:20.163000,0 days 00:57:17.258000
2024-06-23 13:03:34.776,OnTrack,-4458,-6938,1663,pos,0 days 00:00:20.363000,0 days 00:57:17.458000
2024-06-23 13:03:34.936,OnTrack,-4544,-6994,1669,pos,0 days 00:00:20.523000,0 days 00:57:17.618000
2024-06-23 13:03:35.336,OnTrack,-4656,-7074,1675,pos,0 days 00:00:20.923000,0 days 00:57:18.018000
2024-06-23 13:03:35.536,OnTrack,-4734,-7129,1679,pos,0 days 00:00:21.123000,0 days 00:57:18.218000
2024-06-23 13:03:35.756,OnTrack,-4825,-7189,1684,pos,0 days 00:00:21.343000,0 days 00:57:18.438000
2024-06-23 13:03:35.936,OnTrack,-4958,-7270,1691,pos,0 days 00:00:21.523000,0 days 00:57:18.618000
2024-06-23 13:03:36.296,OnTrack,-5075,-7331,1696,pos,0 days 00:00:21.883000,0 days 00:57:18.978000
2024-06-23 13:03:36.536,OnTrack,-5198,-7384,1702,pos,0 days 00:00:22.123000,0 days 00:57:19.218000
2024-06-23 13:03:36.856,OnTrack,-5425,-7443,1712,pos,0 days 00:00:22.443000,0 days 00:57:19.538000
2024-06-23 13:03:37.236,OnTrack,-5578,-7455,1719,pos,0 days 00:00:22.823000,0 days 00:57:19.918000
2024-06-23 13:03:37.436,OnTrack,-5688,-7451,1723,pos,0 days 00:00:23.023000,0 days 00:57:20.118000
2024-06-23 13:03:37.696,OnTrack,-5881,-7417,1731,pos,0 days 00:00:23.283000,0 days 00:57:20.378000
2024-06-23 13:03:38.076,OnTrack,-6002,-7380,1736,pos,0 days 00:00:23.663000,0 days 00:57:20.758000
2024-06-23 13:03:38.296,OnTrack,-6166,-7305,1742,pos,0 days 00:00:23.883000,0 days 00:57:20.978000
2024-06-23 13:03:38.576,OnTrack,-6253,-7251,1746,pos,0 days 00:00:24.163000,0 days 00:57:21.258000
2024-06-23 13:03:38.935,OnTrack,-6408,-7118,1752,pos,0 days 00:00:24.522000,0 days 00:57:21.617000
2024-06-23 13:03:39.135,OnTrack,-6503,-7001,1756,pos,0 days 00:00:24.722000,0 days 00:57:21.817000
2024-06-23 13:03:39.415,OnTrack,-6570,-6893,1759,pos,0 days 00:00:25.002000,0 days 00:57:22.097000
2024-06-23 13:03:39.635,OnTrack,-6625,-6780,1761,pos,0 days 00:00:25.222000,0 days 00:57:22.317000
2024-06-23 13:03:39.855,OnTrack,-6667,-6662,1764,pos,0 days 00:00:25.442000,0 days 00:57:22.537000
2024-06-23 13:03:40.075,OnTrack,-6699,-6540,1765,pos,0 days 00:00:25.662000,0 days 00:57:22.757000
2024-06-23 13:03:40.235,OnTrack,-6715,-6448,1767,pos,0 days 00:00:25.822000,0 days 00:57:22.917000
2024-06-23 13:03:40.595,OnTrack,-6732,-6236,1770,pos,0 days 00:00:26.182000,0 days 00:57:23.277000
2024-06-23 13:03:40.655,OnTrack,-6733,-6200,1770,pos,0 days 00:00:26.242000,0 days 00:57:23.337000
2024-06-23 13:03:40.916,OnTrack,-6728,-6030,1773,pos,0 days 00:00:26.503000,0 days 00:57:23.598000
2024-06-23 13:03:41.176,OnTrack,-6712,-5868,1775,pos,0 days 00:00:26.763000,0 days 00:57:23.858000
2024-06-23 13:03:41.416,OnTrack,-6689,-5717,1777,pos,0 days 00:00:27.003000,0 days 00:57:24.098000
2024-06-23 13:03:41.616,OnTrack,-6667,-5602,1779,pos,0 days 00:00:27.203000,0 days 00:57:24.298000
2024-06-23 13:03:41.716,OnTrack,-6657,-5548,1779,pos,0 days 00:00:27.303000,0 days 00:57:24.398000
2024-06-23 13:03:42.236,OnTrack,-6560,-5210,1786,pos,0 days 00:00:27.823000,0 days 00:57:24.918000
2024-06-23 13:03:42.636,OnTrack,-6489,-5043,1789,pos,0 days 00:00:28.223000,0 days 00:57:25.318000
2024-06-23 13:03:42.736,OnTrack,-6407,-4892,1791,pos,0 days 00:00:28.323000,0 days 00:57:25.418000
2024-06-23 13:03:43.176,OnTrack,-6289,-4708,1794,pos,0 days 00:00:28.763000,0 days 00:57:25.858000
2024-06-23 13:03:43.336,OnTrack,-6222,-4612,1795,pos,0 days 00:00:28.923000,0 days 00:57:26.018000
2024-06-23 13:03:43.556,OnTrack,-6127,-4479,1797,pos,0 days 00:00:29.143000,0 days 00:57:26.238000
2024-06-23 13:03:43.856,OnTrack,-5942,-4207,1802,pos,0 days 00:00:29.443000,0 days 00:57:26.538000
2024-06-23 13:03:44.136,OnTrack,-5887,-4113,1803,pos,0 days 00:00:29.723000,0 days 00:57:26.818000
2024-06-23 13:03:44.416,OnTrack,-5777,-3926,1806,pos,0 days 00:00:30.003000,0 days 00:57:27.098000
2024-06-23 13:03:44.616,OnTrack,-5696,-3793,1808,pos,0 days 00:00:30.203000,0 days 00:57:27.298000
2024-06-23 13:03:44.896,OnTrack,-5533,-3543,1812,pos,0 days 00:00:30.483000,0 days 00:57:27.578000
2024-06-23 13:03:45.296,OnTrack,-5431,-3395,1815,pos,0 days 00:00:30.883000,0 days 00:57:27.978000
2024-06-23 13:03:45.495,OnTrack,-5337,-3260,1817,pos,0 days 00:00:31.082000,0 days 00:57:28.177000
2024-06-23 13:03:45.875,OnTrack,-5240,-3135,1819,pos,0 days 00:00:31.462000,0 days 00:57:28.557000
2024-06-23 13:03:46.055,OnTrack,-5136,-3025,1819,pos,0 days 00:00:31.642000,0 days 00:57:28.737000
2024-06-23 13:03:46.455,OnTrack,-5048,-2952,1820,pos,0 days 00:00:32.042000,0 days 00:57:29.137000
2024-06-23 13:03:46.775,OnTrack,-4897,-2872,1822,pos,0 days 00:00:32.362000,0 days 00:57:29.457000
2024-06-23 13:03:47.075,OnTrack,-4823,-2851,1823,pos,0 days 00:00:32.662000,0 days 00:57:29.757000
2024-06-23 13:03:47.235,OnTrack,-4765,-2841,1824,pos,0 days 00:00:32.822000,0 days 00:57:29.917000
2024-06-23 13:03:47.456,OnTrack,-4678,-2839,1825,pos,0 days 00:00:33.043000,0 days 00:57:30.138000
2024-06-23 13:03:47.636,OnTrack,-4615,-2847,1827,pos,0 days 00:00:33.223000,0 days 00:57:30.318000
2024-06-23 13:03:47.876,OnTrack,-4540,-2865,1828,pos,0 days 00:00:33.463000,0 days 00:57:30.558000
2024-06-23 13:03:48.216,OnTrack,-4399,-2930,1831,pos,0 days 00:00:33.803000,0 days 00:57:30.898000
2024-06-23 13:03:48.456,OnTrack,-4366,-2952,1831,pos,0 days 00:00:34.043000,0 days 00:57:31.138000
2024-06-23 13:03:48.756,OnTrack,-4291,-3018,1834,pos,0 days 00:00:34.343000,0 days 00:57:31.438000
2024-06-23 13:03:48.936,OnTrack,-4271,-3040,1833,pos,0 days 00:00:34.523000,0 days 00:57:31.618000
2024-06-23 13:03:49.236,OnTrack,-4209,-3115,1835,pos,0 days 00:00:34.823000,0 days 00:57:31.918000
2024-06-23 13:03:49.676,OnTrack,-4143,-3216,1836,pos,0 days 00:00:35.263000,0 days 00:57:32.358000
2024-06-23 13:03:49.716,OnTrack,-4135,-3230,1836,pos,0 days 00:00:35.303000,0 days 00:57:32.398000
2024-06-23 13:03:50.056,OnTrack,-4062,-3413,1838,pos,0 days 00:00:35.643000,0 days 00:57:32.738000
2024-06-23 13:03:50.456,OnTrack,-4038,-3524,1839,pos,0 days 00:00:36.043000,0 days 00:57:33.138000
2024-06-23 13:03:50.696,OnTrack,-4028,-3632,1839,pos,0 days 00:00:36.283000,0 days 00:57:33.378000
2024-06-23 13:03:50.756,OnTrack,-4027,-3660,1839,pos,0 days 00:00:36.343000,0 days 00:57:33.438000
2024-06-23 13:03:51.056,OnTrack,-4035,-3802,1839,pos,0 days 00:00:36.643000,0 days 00:57:33.738000
2024-06-23 13:03:51.296,OnTrack,-4057,-3918,1838,pos,0 days 00:00:36.883000,0 days 00:57:33.978000
2024-06-23 13:03:51.556,OnTrack,-4101,-4054,1836,pos,0 days 00:00:37.143000,0 days 00:57:34.238000
2024-06-23 13:03:51.816,OnTrack,-4153,-4170,1835,pos,0 days 00:00:37.403000,0 days 00:57:34.498000
2024-06-23 13:03:52.035,OnTrack,-4214,-4275,1833,pos,0 days 00:00:37.622000,0 days 00:57:34.717000
2024-06-23 13:03:52.355,OnTrack,-4319,-4428,1830,pos,0 days 00:00:37.942000,0 days 00:57:35.037000
2024-06-23 13:03:52.535,OnTrack,-4424,-4575,1827,pos,0 days 00:00:38.122000,0 days 00:57:35.217000
2024-06-23 13:03:52.915,OnTrack,-4519,-4705,1823,pos,0 days 00:00:38.502000,0 days 00:57:35.597000
2024-06-23 13:03:53.895,OnTrack,-4879,-5198,1812,pos,0 days 00:00:39.482000,0 days 00:57:36.577000
2024-06-23 13:03:54.056,OnTrack,-4935,-5276,1810,pos,0 days 00:00:39.643000,0 days 00:57:36.738000
2024-06-23 13:03:54.316,OnTrack,-5008,-5383,1807,pos,0 days 00:00:39.903000,0 days 00:57:36.998000
2024-06-23 13:03:54.536,OnTrack,-5065,-5471,1803,pos,0 days 00:00:40.123000,0 days 00:57:37.218000
2024-06-23 13:03:54.696,OnTrack,-5096,-5523,1801,pos,0 days 00:00:40.283000,0 days 00:57:37.378000
2024-06-23 13:03:54.956,OnTrack,-5129,-5585,1799,pos,0 days 00:00:40.543000,0 days 00:57:37.638000
2024-06-23 13:03:55.156,OnTrack,-5161,-5652,1797,pos,0 days 00:00:40.743000,0 days 00:57:37.838000
2024-06-23 13:03:55.336,OnTrack,-5185,-5711,1794,pos,0 days 00:00:40.923000,0 days 00:57:38.018000
2024-06-23 13:03:55.536,OnTrack,-5206,-5775,1791,pos,0 days 00:00:41.123000,0 days 00:57:38.218000
2024-06-23 13:03:55.716,OnTrack,-5219,-5831,1789,pos,0 days 00:00:41.303000,0 days 00:57:38.398000
2024-06-23 13:03:55.936,OnTrack,-5226,-5897,1786,pos,0 days 00:00:41.523000,0 days 00:57:38.618000
2024-06-23 13:03:56.196,OnTrack,-5223,-5970,1782,pos,0 days 00:00:41.783000,0 days 00:57:38.878000
2024-06-23 13:03:56.516,OnTrack,-5200,-6051,1778,pos,0 days 00:00:42.103000,0 days 00:57:39.198000
2024-06-23 13:03:56.696,OnTrack,-5180,-6091,1775,pos,0 days 00:00:42.283000,0 days 00:57:39.378000
2024-06-23 13:03:56.916,OnTrack,-5127,-6158,1770,pos,0 days 00:00:42.503000,0 days 00:57:39.598000
2024-06-23 13:03:57.296,OnTrack,-5081,-6194,1767,pos,0 days 00:00:42.883000,0 days 00:57:39.978000
2024-06-23 13:03:57.456,OnTrack,-5047,-6213,1766,pos,0 days 00:00:43.043000,0 days 00:57:40.138000
2024-06-23 13:03:57.616,OnTrack,-5010,-6229,1763,pos,0 days 00:00:43.203000,0 days 00:57:40.298000
2024-06-23 13:03:57.816,OnTrack,-4960,-6242,1762,pos,0 days 00:00:43.403000,0 days 00:57:40.498000
2024-06-23 13:03:58.136,OnTrack,-4848,-6251,1755,pos,0 days 00:00:43.723000,0 days 00:57:40.818000
2024-06-23 13:03:58.436,OnTrack,-4790,-6245,1751,pos,0 days 00:00:44.023000,0 days 00:57:41.118000
2024-06-23 13:03:58.715,OnTrack,-4707,-6227,1745,pos,0 days 00:00:44.302000,0 days 00:57:41.397000
2024-06-23 13:03:58.815,OnTrack,-4676,-6218,1744,pos,0 days 00:00:44.402000,0 days 00:57:41.497000
2024-06-23 13:03:59.115,OnTrack,-4538,-6164,1735,pos,0 days 00:00:44.702000,0 days 00:57:41.797000
2024-06-23 13:03:59.535,OnTrack,-4446,-6118,1728,pos,0 days 00:00:45.122000,0 days 00:57:42.217000
2024-06-23 13:03:59.755,OnTrack,-4368,-6077,1723,pos,0 days 00:00:45.342000,0 days 00:57:42.437000
2024-06-23 13:03:59.835,OnTrack,-4339,-6061,1721,pos,0 days 00:00:45.422000,0 days 00:57:42.517000
2024-06-23 13:04:00.035,OnTrack,-4263,-6020,1716,pos,0 days 00:00:45.622000,0 days 00:57:42.717000
2024-06-23 13:04:00.315,OnTrack,-4149,-5958,1708,pos,0 days 00:00:45.902000,0 days 00:57:42.997000
2024-06-23 13:04:00.515,OnTrack,-3953,-5858,1695,pos,0 days 00:00:46.102000,0 days 00:57:43.197000
2024-06-23 13:04:00.876,OnTrack,-3841,-5807,1689,pos,0 days 00:00:46.463000,0 days 00:57:43.558000
2024-06-23 13:04:01.096,OnTrack,-3729,-5759,1683,pos,0 days 00:00:46.683000,0 days 00:57:43.778000
2024-06-23 13:04:01.276,OnTrack,-3644,-5723,1679,pos,0 days 00:00:46.863000,0 days 00:57:43.958000
2024-06-23 13:04:01.636,OnTrack,-3369,-5602,1667,pos,0 days 00:00:47.223000,0 days 00:57:44.318000
2024-06-23 13:04:02.096,OnTrack,-3138,-5470,1659,pos,0 days 00:00:47.683000,0 days 00:57:44.778000
2024-06-23 13:04:02.416,OnTrack,-2956,-5337,1654,pos,0 days 00:00:48.003000,0 days 00:57:45.098000
2024-06-23 13:04:02.756,OnTrack,-2844,-5240,1652,pos,0 days 00:00:48.343000,0 days 00:57:45.438000
2024-06-23 13:04:03.076,OnTrack,-2655,-5039,1650,pos,0 days 00:00:48.663000,0 days 00:57:45.758000
2024-06-23 13:04:03.416,OnTrack,-2544,-4896,1651,pos,0 days 00:00:49.003000,0 days 00:57:46.098000
2024-06-23 13:04:04.336,OnTrack,-2213,-4417,1656,pos,0 days 00:00:49.923000,0 days 00:57:47.018000
2024-06-23 13:04:04.616,OnTrack,-2170,-4347,1658,pos,0 days 00:00:50.203000,0 days 00:57:47.298000
2024-06-23 13:04:04.836,OnTrack,-2131,-4268,1660,pos,0 days 00:00:50.423000,0 days 00:57:47.518000
2024-06-23 13:04:05.136,OnTrack,-2100,-4164,1661,pos,0 days 00:00:50.723000,0 days 00:57:47.818000
2024-06-23 13:04:05.295,OnTrack,-2091,-4107,1662,pos,0 days 00:00:50.882000,0 days 00:57:47.977000
2024-06-23 13:04:05.495,OnTrack,-2085,-4038,1664,pos,0 days 00:00:51.082000,0 days 00:57:48.177000
2024-06-23 13:04:05.655,OnTrack,-2085,-3939,1666,pos,0 days 00:00:51.242000,0 days 00:57:48.337000
2024-06-23 13:04:05.975,OnTrack,-2089,-3881,1669,pos,0 days 00:00:51.562000,0 days 00:57:48.657000
2024-06-23 13:04:06.195,OnTrack,-2101,-3814,1673,pos,0 days 00:00:51.782000,0 days 00:57:48.877000
2024-06-23 13:04:06.435,OnTrack,-2124,-3745,1677,pos,0 days 00:00:52.022000,0 days 00:57:49.117000
2024-06-23 13:04:06.655,OnTrack,-2155,-3686,1680,pos,0 days 00:00:52.242000,0 days 00:57:49.337000
2024-06-23 13:04:06.935,OnTrack,-2209,-3618,1684,pos,0 days 00:00:52.522000,0 days 00:57:49.617000
2024-06-23 13:04:07.035,OnTrack,-2232,-3595,1685,pos,0 days 00:00:52.622000,0 days 00:57:49.717000
2024-06-23 13:04:07.376,OnTrack,-2342,-3506,1690,pos,0 days 00:00:52.963000,0 days 00:57:50.058000
2024-06-23 13:04:07.656,OnTrack,-2406,-3459,1694,pos,0 days 00:00:53.243000,0 days 00:57:50.338000
2024-06-23 13:04:07.956,OnTrack,-2492,-3395,1700,pos,0 days 00:00:53.543000,0 days 00:57:50.638000
2024-06-23 13:04:08.156,OnTrack,-2579,-3318,1708,pos,0 days 00:00:53.743000,0 days 00:57:50.838000
2024-06-23 13:04:08.536,OnTrack,-2695,-3182,1720,pos,0 days 00:00:54.123000,0 days 00:57:51.218000
2024-06-23 13:04:08.996,OnTrack,-2794,-3010,1733,pos,0 days 00:00:54.583000,0 days 00:57:51.678000
2024-06-23 13:04:09.396,OnTrack,-2878,-2827,1745,pos,0 days 00:00:54.983000,0 days 00:57:52.078000
2024-06-23 13:04:09.716,OnTrack,-2925,-2723,1752,pos,0 days 00:00:55.303000,0 days 00:57:52.398000
2024-06-23 13:04:09.896,OnTrack,-2963,-2644,1757,pos,0 days 00:00:55.483000,0 days 00:57:52.578000
2024-06-23 13:04:10.096,OnTrack,-3006,-2553,1764,pos,0 days 00:00:55.683000,0 days 00:57:52.778000
2024-06-23 13:04:10.296,OnTrack,-3051,-2459,1770,pos,0 days 00:00:55.883000,0 days 00:57:52.978000
2024-06-23 13:04:10.636,OnTrack,-3133,-2287,1781,pos,0 days 00:00:56.223000,0 days 00:57:53.318000
2024-06-23 13:04:10.816,OnTrack,-3176,-2196,1787,pos,0 days 00:00:56.403000,0 days 00:57:53.498000
2024-06-23 13:04:10.996,OnTrack,-3245,-2050,1797,pos,0 days 00:00:56.583000,0 days 00:57:53.678000
2024-06-23 13:04:11.456,OnTrack,-3369,-1793,1814,pos,0 days 00:00:57.043000,0 days 00:57:54.138000
2024-06-23 13:04:11.835,OnTrack,-3430,-1648,1824,pos,0 days 00:00:57.422000,0 days 00:57:54.517000
2024-06-23 13:04:11.935,OnTrack,-3450,-1592,1828,pos,0 days 00:00:57.522000,0 days 00:57:54.617000
2024-06-23 13:04:12.135,OnTrack,-3482,-1479,1834,pos,0 days 00:00:57.722000,0 days 00:57:54.817000
2024-06-23 13:04:12.375,OnTrack,-3503,-1344,1840,pos,0 days 00:00:57.962000,0 days 00:57:55.057000
2024-06-23 13:04:12.735,OnTrack,-3503,-1128,1848,pos,0 days 00:00:58.322000,0 days 00:57:55.417000
2024-06-23 13:04:13.135,OnTrack,-3470,-919,1857,pos,0 days 00:00:58.722000,0 days 00:57:55.817000
2024-06-23 13:04:13.355,OnTrack,-3438,-804,1861,pos,0 days 00:00:58.942000,0 days 00:57:56.037000
2024-06-23 13:04:13.535,OnTrack,-3384,-663,1866,pos,0 days 00:00:59.122000,0 days 00:57:56.217000
2024-06-23 13:04:13.956,OnTrack,-3295,-503,1870,pos,0 days 00:00:59.543000,0 days 00:57:56.638000
2024-06-23 13:04:14.156,OnTrack,-3161,-351,1873,pos,0 days 00:00:59.743000,0 days 00:57:56.838000
2024-06-23 13:04:14.476,OnTrack,-3076,-290,1874,pos,0 days 00:01:00.063000,0 days 00:57:57.158000
2024-06-23 13:04:14.716,OnTrack,-2947,-222,1875,pos,0 days 00:01:00.303000,0 days 00:57:57.398000
2024-06-23 13:04:14.976,OnTrack,-2797,-160,1874,pos,0 days 00:01:00.563000,0 days 00:57:57.658000
2024-06-23 13:04:15.096,OnTrack,-2726,-133,1873,pos,0 days 00:01:00.683000,0 days 00:57:57.778000
2024-06-23 13:04:15.276,OnTrack,-2622,-90,1871,pos,0 days 00:01:00.863000,0 days 00:57:57.958000
2024-06-23 13:04:15.496,OnTrack,-2493,-33,1870,pos,0 days 00:01:01.083000,0 days 00:57:58.178000
2024-06-23 13:04:15.836,OnTrack,-2254,78,1866,pos,0 days 00:01:01.423000,0 days 00:57:58.518000
2024-06-23 13:04:16.216,OnTrack,-2057,170,1864,pos,0 days 00:01:01.803000,0 days 00:57:58.898000
2024-06-23 13:04:16.396,OnTrack,-1882,253,1862,pos,0 days 00:01:01.983000,0 days 00:57:59.078000
2024-06-23 13:04:16.876,OnTrack,-1638,369,1859,pos,0 days 00:01:02.463000,0 days 00:57:59.558000
2024-06-23 13:04:16.996,OnTrack,-1560,406,1858,pos,0 days 00:01:02.583000,0 days 00:57:59.678000
2024-06-23 13:04:17.216,OnTrack,-1415,475,1856,pos,0 days 00:01:02.803000,0 days 00:57:59.898000
2024-06-23 13:04:17.476,OnTrack,-1242,558,1854,pos,0 days 00:01:03.063000,0 days 00:58:00.158000
2024-06-23 13:04:17.636,OnTrack,-1136,611,1852,pos,0 days 00:01:03.223000,0 days 00:58:00.318000
2024-06-23 13:04:17.796,OnTrack,-1031,664,1851,pos,0 days 00:01:03.383000,0 days 00:58:00.478000
2024-06-23 13:04:18.016,OnTrack,-883,742,1849,pos,0 days 00:01:03.603000,0 days 00:58:00.698000
2024-06-23 13:04:18.216,OnTrack,-748,814,1847,pos,0 days 00:01:03.803000,0 days 00:58:00.898000
2024-06-23 13:04:18.435,OnTrack,-599,894,1845,pos,0 days 00:01:04.022000,0 days 00:58:01.117000
2024-06-23 13:04:18.635,OnTrack,-462,967,1843,pos,0 days 00:01:04.222000,0 days 00:58:01.317000
2024-06-23 13:04:18.915,OnTrack,-271,1069,1841,pos,0 days 00:01:04.502000,0 days 00:58:01.597000
2024-06-23 13:04:19.135,OnTrack,-119,1150,1838,pos,0 days 00:01:04.722000,0 days 00:58:01.817000
2024-06-23 13:04:19.395,OnTrack,128,1282,1835,pos,0 days 00:01:04.982000,0 days 00:58:02.077000
2024-06-23 13:04:19.635,OnTrack,225,1333,1834,pos,0 days 00:01:05.222000,0 days 00:58:02.317000
2024-06-23 13:04:19.915,OnTrack,419,1432,1831,pos,0 days 00:01:05.502000,0 days 00:58:02.597000
2024-06-23 13:04:20.195,OnTrack,639,1532,1828,pos,0 days 00:01:05.782000,0 days 00:58:02.877000
2024-06-23 13:04:20.616,OnTrack,900,1638,1825,pos,0 days 00:01:06.203000,0 days 00:58:03.298000
2024-06-23 13:04:20.896,OnTrack,965,1665,1824,pos,0 days 00:01:06.483000,0 days 00:58:03.578000
2024-06-23 13:04:21.176,OnTrack,1077,1711,1823,pos,0 days 00:01:06.763000,0 days 00:58:03.858000
2024-06-23 13:04:21.356,OnTrack,1145,1742,1823,pos,0 days 00:01:06.943000,0 days 00:58:04.038000
2024-06-23 13:04:21.656,OnTrack,1246,1796,1821,pos,0 days 00:01:07.243000,0 days 00:58:04.338000
2024-06-23 13:04:21.816,OnTrack,1292,1827,1821,pos,0 days 00:01:07.403000,0 days 00:58:04.498000
2024-06-23 13:04:21.996,OnTrack,1339,1864,1820,pos,0 days 00:01:07.583000,0 days 00:58:04.678000
2024-06-23 13:04:22.236,OnTrack,1405,1938,1819,pos,0 days 00:01:07.823000,0 days 00:58:04.918000
2024-06-23 13:04:22.716,OnTrack,1453,2047,1818,pos,0 days 00:01:08.303000,0 days 00:58:05.398000
2024-06-23 13:04:23.016,OnTrack,1463,2133,1817,pos,0 days 00:01:08.603000,0 days 00:58:05.698000
2024-06-23 13:04:23.276,OnTrack,1455,2206,1817,pos,0 days 00:01:08.863000,0 days 00:58:05.958000
2024-06-23 13:04:23.436,OnTrack,1444,2250,1817,pos,0 days 00:01:09.023000,0 days 00:58:06.118000
2024-06-23 13:04:23.676,OnTrack,1422,2312,1818,pos,0 days 00:01:09.263000,0 days 00:58:06.358000
2024-06-23 13:04:23.876,OnTrack,1397,2361,1820,pos,0 days 00:01:09.463000,0 days 00:58:06.558000
2024-06-23 13:04:24.036,OnTrack,1350,2431,1822,pos,0 days 00:01:09.623000,0 days 00:58:06.718000
2024-06-23 13:04:24.476,OnTrack,1268,2519,1825,pos,0 days 00:01:10.063000,0 days 00:58:07.158000
2024-06-23 13:04:24.876,OnTrack,1200,2568,1827,pos,0 days 00:01:10.463000,0 days 00:58:07.558000
2024-06-23 13:04:25.055,OnTrack,1152,2594,1828,pos,0 days 00:01:10.642000,0 days 00:58:07.737000
2024-06-23 13:04:25.235,OnTrack,1099,2615,1829,pos,0 days 00:01:10.822000,0 days 00:58:07.917000
2024-06-23 13:04:25.555,OnTrack,956,2649,1833,pos,0 days 00:01:11.142000,0 days 00:58:08.237000
2024-06-23 13:04:25.935,OnTrack,863,2658,1834,pos,0 days 00:01:11.522000,0 days 00:58:08.617000
2024-06-23 13:04:26.035,OnTrack,825,2659,1835,pos,0 days 00:01:11.622000,0 days 00:58:08.717000
2024-06-23 13:04:26.375,OnTrack,690,2651,1838,pos,0 days 00:01:11.962000,0 days 00:58:09.057000
2024-06-23 13:04:26.615,OnTrack,572,2629,1841,pos,0 days 00:01:12.202000,0 days 00:58:09.297000
2024-06-23 13:04:26.896,OnTrack,459,2593,1844,pos,0 days 00:01:12.483000,0 days 00:58:09.578000
2024-06-23 13:04:27.116,OnTrack,361,2550,1848,pos,0 days 00:01:12.703000,0 days 00:58:09.798000
2024-06-23 13:04:27.316,OnTrack,273,2502,1852,pos,0 days 00:01:12.903000,0 days 00:58:09.998000
2024-06-23 13:04:27.516,OnTrack,194,2452,1856,pos,0 days 00:01:13.103000,0 days 00:58:10.198000
2024-06-23 13:04:27.756,OnTrack,90,2380,1862,pos,0 days 00:01:13.343000,0 days 00:58:10.438000
2024-06-23 13:04:27.956,OnTrack,-12,2307,1868,pos,0 days 00:01:13.543000,0 days 00:58:10.638000
2024-06-23 13:04:28.096,OnTrack,-81,2265,1871,pos,0 days 00:01:13.683000,0 days 00:58:10.778000
2024-06-23 13:04:28.336,OnTrack,-189,2209,1875,pos,0 days 00:01:13.923000,0 days 00:58:11.018000
2024-06-23 13:04:28.536,OnTrack,-277,2174,1878,pos,0 days 00:01:14.123000,0 days 00:58:11.218000
2024-06-23 13:04:28.716,OnTrack,-353,2150,1880,pos,0 days 00:01:14.303000,0 days 00:58:11.398000
2024-06-23 13:04:28.996,OnTrack,-468,2128,1886,pos,0 days 00:01:14.583000,0 days 00:58:11.678000
2024-06-23 13:04:29.256,OnTrack,-569,2122,1891,pos,0 days 00:01:14.843000,0 days 00:58:11.938000
2024-06-23 13:04:29.456,OnTrack,-691,2133,1896,pos,0 days 00:01:15.043000,0 days 00:58:12.138000
2024-06-23 13:04:29.816,OnTrack,-762,2152,1900,pos,0 days 00:01:15.403000,0 days 00:58:12.498000
2024-06-23 13:04:30.016,OnTrack,-821,2178,1904,pos,0 days 00:01:15.603000,0 days 00:58:12.698000
2024-06-23 13:04:30.176,OnTrack,-863,2205,1905,pos,0 days 00:01:15.763000,0 days 00:58:12.858000
2024-06-23 13:04:30.336,OnTrack,-902,2237,1907,pos,0 days 00:01:15.923000,0 days 00:58:13.018000
2024-06-23 13:04:30.696,OnTrack,-982,2337,1909,pos,0 days 00:01:16.283000,0 days 00:58:13.378000
2024-06-23 13:04:31.096,OnTrack,-1023,2429,1911,pos,0 days 00:01:16.683000,0 days 00:58:13.778000
2024-06-23 13:04:31.196,OnTrack,-1032,2457,1912,pos,0 days 00:01:16.783000,0 days 00:58:13.878000
2024-06-23 13:04:31.456,OnTrack,-1046,2532,1913,pos,0 days 00:01:17.043000,0 days 00:58:14.138000
2024-06-23 13:04:31.635,OnTrack,-1050,2627,1914,pos,0 days 00:01:17.222000,0 days 00:58:14.317000
2024-06-23 13:04:32.095,OnTrack,-1039,2727,1916,pos,0 days 00:01:17.682000,0 days 00:58:14.777000
2024-06-23 13:04:32.235,OnTrack,-1029,2772,1916,pos,0 days 00:01:17.822000,0 days 00:58:14.917000
2024-06-23 13:04:32.575,OnTrack,-978,2912,1918,pos,0 days 00:01:18.162000,0 days 00:58:15.257000
2024-06-23 13:04:32.955,OnTrack,-867,3088,1921,pos,0 days 00:01:18.542000,0 days 00:58:15.637000
2024-06-23 13:04:33.295,OnTrack,-811,3154,1922,pos,0 days 00:01:18.882000,0 days 00:58:15.977000
2024-06-23 13:04:33.496,OnTrack,-744,3220,1922,pos,0 days 00:01:19.083000,0 days 00:58:16.178000
2024-06-23 13:04:33.796,OnTrack,-641,3308,1922,pos,0 days 00:01:19.383000,0 days 00:58:16.478000
2024-06-23 13:04:34.016,OnTrack,-529,3397,1921,pos,0 days 00:01:19.603000,0 days 00:58:16.698000
2024-06-23 13:04:34.276,OnTrack,-464,3447,1920,pos,0 days 00:01:19.863000,0 days 00:58:16.958000
2024-06-23 13:04:34.596,OnTrack,-332,3553,1918,pos,0 days 00:01:20.183000,0 days 00:58:17.278000
2024-06-23 13:04:34.816,OnTrack,-204,3662,1914,pos,0 days 00:01:20.403000,0 days 00:58:17.498000
2024-06-23 13:04:35.136,OnTrack,-97,3753,1911,pos,0 days 00:01:20.723000,0 days 00:58:17.818000
2024-06-23 13:04:35.476,OnTrack,61,3883,1905,pos,0 days 00:01:21.063000,0 days 00:58:18.158000
2024-06-23 13:04:35.636,OnTrack,139,3942,1901,pos,0 days 00:01:21.223000,0 days 00:58:18.318000
2024-06-23 13:04:35.796,OnTrack,282,4033,1894,pos,0 days 00:01:21.383000,0 days 00:58:18.478000
2024-06-23 13:04:36.196,OnTrack,436,4099,1887,pos,0 days 00:01:21.783000,0 days 00:58:18.878000
2024-06-23 13:04:36.396,OnTrack,552,4127,1882,pos,0 days 00:01:21.983000,0 days 00:58:19.078000
2024-06-23 13:04:36.596,OnTrack,671,4139,1877,pos,0 days 00:01:22.183000,0 days 00:58:19.278000
2024-06-23 13:04:36.856,OnTrack,830,4131,1868,pos,0 days 00:01:22.443000,0 days 00:58:19.538000
2024-06-23 13:04:37.036,OnTrack,938,4112,1862,pos,0 days 00:01:22.623000,0 days 00:58:19.718000
2024-06-23 13:04:37.296,OnTrack,1092,4068,1852,pos,0 days 00:01:22.883000,0 days 00:58:19.978000
2024-06-23 13:04:37.496,OnTrack,1209,4021,1845,pos,0 days 00:01:23.083000,0 days 00:58:20.178000
2024-06-23 13:04:37.696,OnTrack,1358,3948,1836,pos,0 days 00:01:23.283000,0 days 00:58:20.378000
2024-06-23 13:04:38.116,OnTrack,1561,3830,1825,pos,0 days 00:01:23.703000,0 days 00:58:20.798000
2024-06-23 13:04:38.275,OnTrack,1707,3738,1815,pos,0 days 00:01:23.862000,0 days 00:58:20.957000
2024-06-23 13:04:38.675,OnTrack,1877,3628,1806,pos,0 days 00:01:24.262000,0 days 00:58:21.357000
2024-06-23 13:04:38.875,OnTrack,1992,3555,1799,pos,0 days 00:01:24.462000,0 days 00:58:21.557000
2024-06-23 13:04:39.175,OnTrack,2166,3444,1789,pos,0 days 00:01:24.762000,0 days 00:58:21.857000
2024-06-23 13:04:39.335,OnTrack,2259,3383,1784,pos,0 days 00:01:24.922000,0 days 00:58:22.017000
2024-06-23 13:04:39.575,OnTrack,2392,3289,1777,pos,0 days 00:01:25.162000,0 days 00:58:22.257000
2024-06-23 13:04:39.735,OnTrack,2529,3175,1771,pos,0 days 00:01:25.322000,0 days 00:58:22.417000
2024-06-23 13:04:40.076,OnTrack,2613,3091,1765,pos,0 days 00:01:25.663000,0 days 00:58:22.758000
2024-06-23 13:04:40.376,OnTrack,2755,2907,1757,pos,0 days 00:01:25.963000,0 days 00:58:23.058000
2024-06-23 13:04:40.656,OnTrack,2797,2825,1755,pos,0 days 00:01:26.243000,0 days 00:58:23.338000
2024-06-23 13:04:40.896,OnTrack,2844,2693,1750,pos,0 days 00:01:26.483000,0 days 00:58:23.578000
2024-06-23 13:04:41.056,OnTrack,2865,2602,1748,pos,0 days 00:01:26.643000,0 days 00:58:23.738000
2024-06-23 13:04:41.336,OnTrack,2885,2438,1744,pos,0 days 00:01:26.923000,0 days 00:58:24.018000
2024-06-23 13:04:41.616,OnTrack,2869,2235,1739,pos,0 days 00:01:27.203000,0 days 00:58:24.298000
2024-06-23 13:04:41.936,OnTrack,2829,2078,1737,pos,0 days 00:01:27.523000,0 days 00:58:24.618000
2024-06-23 13:04:42.236,OnTrack,2750,1893,1734,pos,0 days 00:01:27.823000,0 days 00:58:24.918000
2024-06-23 13:04:42.436,OnTrack,2660,1732,1732,pos,0 days 00:01:28.023000,0 days 00:58:25.118000
2024-06-23 13:04:42.756,OnTrack,2576,1596,1730,pos,0 days 00:01:28.343000,0 days 00:58:25.438000
2024-06-23 13:04:42.916,OnTrack,2517,1506,1728,pos,0 days 00:01:28.503000,0 days 00:58:25.598000
2024-06-23 13:04:43.236,OnTrack,2397,1323,1725,pos,0 days 00:01:28.823000,0 days 00:58:25.918000
2024-06-23 13:04:43.456,OnTrack,2275,1135,1721,pos,0 days 00:01:29.043000,0 days 00:58:26.138000
2024-06-23 13:04:43.896,OnTrack,2143,932,1718,pos,0 days 00:01:29.483000,0 days 00:58:26.578000
2024-06-23 13:04:44.116,OnTrack,2017,738,1714,pos,0 days 00:01:29.703000,0 days 00:58:26.798000
2024-06-23 13:04:44.396,OnTrack,1945,628,1713,pos,0 days 00:01:29.983000,0 days 00:58:27.078000
2024-06-23 13:04:44.616,OnTrack,1856,492,1711,pos,0 days 00:01:30.203000,0 days 00:58:27.298000
2024-06-23 13:04:44.815,OnTrack,1775,367,1710,pos,0 days 00:01:30.402000,0 days 00:58:27.497000
2024-06-23 13:04:45.055,OnTrack,1676,216,1708,pos,0 days 00:01:30.642000,0 days 00:58:27.737000
2024-06-23 13:04:45.335,OnTrack,1561,36,1708,pos,0 days 00:01:30.922000,0 days 00:58:28.017000
2024-06-23 13:04:45.575,OnTrack,1457,-125,1707,pos,0 days 00:01:31.162000,0 days 00:58:28.257000
2024-06-23 13:04:45.795,OnTrack,1323,-334,1707,pos,0 days 00:01:31.382000,0 days 00:58:28.477000
2024-06-23 13:04:46.135,OnTrack,1222,-493,1708,pos,0 days 00:01:31.722000,0 days 00:58:28.817000
2024-06-23 13:04:46.295,OnTrack,1154,-600,1708,pos,0 days 00:01:31.882000,0 days 00:58:28.977000
2024-06-23 13:04:46.475,OnTrack,1078,-720,1708,pos,0 days 00:01:32.062000,0 days 00:58:29.157000
2024-06-23 13:04:46.796,OnTrack,880,-1031,1708,pos,0 days 00:01:32.383000,0 days 00:58:29.478000
2024-06-23 13:04:47.196,OnTrack,759,-1222,1708,pos,0 days 00:01:32.783000,0 days 00:58:29.878000
2024-06-23 13:04:47.276,OnTrack,733,-1263,1708,pos,0 days 00:01:32.863000,0 days 00:58:29.958000
2024-06-23 13:04:47.536,OnTrack,620,-1441,1707,pos,0 days 00:01:33.123000,0 days 00:58:30.218000
2024-06-23 13:04:47.756,OnTrack,524,-1592,1708,pos,0 days 00:01:33.343000,0 days 00:58:30.438000
2024-06-23 13:04:48.036,OnTrack,401,-1786,1708,pos,0 days 00:01:33.623000,0 days 00:58:30.718000
2024-06-23 13:04:48.276,OnTrack,295,-1953,1708,pos,0 days 00:01:33.863000,0 days 00:58:30.958000
2024-06-23 13:04:48.416,OnTrack,234,-2050,1708,pos,0 days 00:01:34.003000,0 days 00:58:31.098000
2024-06-23 13:04:48.636,OnTrack,136,-2204,1707,pos,0 days 00:01:34.223000,0 days 00:58:31.318000
2024-06-23 13:04:48.796,OnTrack,65,-2316,1708,pos,0 days 00:01:34.383000,0 days 00:58:31.478000
2024-06-23 13:04:48.956,OnTrack,-6,-2428,1707,pos,0 days 00:01:34.543000,0 days 00:58:31.638000
2024-06-23 13:04:49.256,OnTrack,-130,-2619,1706,pos,0 days 00:01:34.843000,0 days 00:58:31.938000
2024-06-23 13:04:49.416,OnTrack,-203,-2731,1705,pos,0 days 00:01:35.003000,0 days 00:58:32.098000
2024-06-23 13:04:49.676,OnTrack,-324,-2914,1703,pos,0 days 00:01:35.263000,0 days 00:58:32.358000
2024-06-23 13:04:49.916,OnTrack,-501,-3181,1700,pos,0 days 00:01:35.503000,0 days 00:58:32.598000
2024-06-23 13:04:50.336,OnTrack,-632,-3377,1697,pos,0 days 00:01:35.923000,0 days 00:58:33.018000
2024-06-23 13:04:50.536,OnTrack,-727,-3518,1694,pos,0 days 00:01:36.123000,0 days 00:58:33.218000
2024-06-23 13:04:50.756,OnTrack,-878,-3744,1690,pos,0 days 00:01:36.343000,0 days 00:58:33.438000
2024-06-23 13:04:51.016,OnTrack,-954,-3857,1687,pos,0 days 00:01:36.603000,0 days 00:58:33.698000
2024-06-23 13:04:51.316,OnTrack,-1096,-4069,1681,pos,0 days 00:01:36.903000,0 days 00:58:33.998000
2024-06-23 13:04:51.595,OnTrack,-1278,-4339,1674,pos,0 days 00:01:37.182000,0 days 00:58:34.277000
2024-06-23 13:04:51.995,OnTrack,-1469,-4624,1665,pos,0 days 00:01:37.582000,0 days 00:58:34.677000
2024-06-23 13:04:52.355,OnTrack,-1588,-4802,1660,pos,0 days 00:01:37.942000,0 days 00:58:35.037000
2024-06-23 13:04:52.495,OnTrack,-1654,-4903,1658,pos,0 days 00:01:38.082000,0 days 00:58:35.177000
2024-06-23 13:04:52.715,OnTrack,-1763,-5075,1654,pos,0 days 00:01:38.302000,0 days 00:58:35.397000
2024-06-23 13:04:52.995,OnTrack,-1887,-5283,1649,pos,0 days 00:01:38.582000,0 days 00:58:35.677000
2024-06-23 13:04:53.296,OnTrack,-2025,-5523,1646,pos,0 days 00:01:38.883000,0 days 00:58:35.978000
2024-06-23 13:04:53.456,OnTrack,-2094,-5643,1644,pos,0 days 00:01:39.043000,0 days 00:58:36.138000
2024-06-23 13:04:53.656,OnTrack,-2176,-5792,1642,pos,0 days 00:01:39.243000,0 days 00:58:36.338000
2024-06-23 13:04:53.836,OnTrack,-2238,-5904,1640,pos,0 days 00:01:39.423000,0 days 00:58:36.518000
2024-06-23 13:04:54.116,OnTrack,-2345,-6096,1638,pos,0 days 00:01:39.703000,0 days 00:58:36.798000
2024-06-23 13:04:54.416,OnTrack,-2438,-6257,1636,pos,0 days 00:01:40.003000,0 days 00:58:37.098000
2024-06-23 13:04:54.676,OnTrack,-2557,-6444,1633,pos,0 days 00:01:40.263000,0 days 00:58:37.358000
2024-06-23 13:04:55.076,OnTrack,-2638,-6559,1632,pos,0 days 00:01:40.663000,0 days 00:58:37.758000
2024-06-23 13:04:55.296,OnTrack,-2705,-6644,1631,pos,0 days 00:01:40.883000,0 days 00:58:37.978000
2024-06-23 13:04:55.496,OnTrack,-2800,-6752,1628,pos,0 days 00:01:41.083000,0 days 00:58:38.178000
2024-06-23 13:04:55.836,OnTrack,-2866,-6816,1626,pos,0 days 00:01:41.423000,0 days 00:58:38.518000
2024-06-23 13:04:56.096,OnTrack,-2946,-6882,1624,pos,0 days 00:01:41.683000,0 days 00:58:38.778000
2024-06-23 13:04:56.316,OnTrack,-3015,-6927,1623,pos,0 days 00:01:41.903000,0 days 00:58:38.998000
2024-06-23 13:04:56.596,OnTrack,-3106,-6969,1623,pos,0 days 00:01:42.183000,0 days 00:58:39.278000
2024-06-23 13:04:56.816,OnTrack,-3181,-6988,1623,pos,0 days 00:01:42.403000,0 days 00:58:39.498000
2024-06-23 13:04:56.976,OnTrack,-3236,-6994,1624,pos,0 days 00:01:42.563000,0 days 00:58:39.658000
2024-06-23 13:04:57.236,OnTrack,-3375,-6980,1627,pos,0 days 00:01:42.823000,0 days 00:58:39.918000
2024-06-23 13:04:57.616,OnTrack,-3494,-6941,1629,pos,0 days 00:01:43.203000,0 days 00:58:40.298000
2024-06-23 13:04:58.915,OnTrack,-3900,-6777,1637,pos,0 days 00:01:44.502000,0 days 00:58:41.597000
2024-06-23 13:04:59.135,OnTrack,-3986,-6768,1640,pos,0 days 00:01:44.722000,0 days 00:58:41.817000
2024-06-23 13:04:59.395,OnTrack,-4093,-6778,1645,pos,0 days 00:01:44.982000,0 days 00:58:42.077000
2024-06-23 13:04:59.455,OnTrack,-4118,-6783,1645,pos,0 days 00:01:45.042000,0 days 00:58:42.137000
2024-06-23 13:04:59.715,OnTrack,-4290,-6843,1654,pos,0 days 00:01:45.302000,0 days 00:58:42.397000
2024-06-23 13:05:00.236,OnTrack,-4396,-6900,1660,pos,0 days 00:01:45.823000,0 days 00:58:42.918000
2024-06-23 13:05:00.396,OnTrack,-4451,-6933,1664,pos,0 days 00:01:45.983000,0 days 00:58:43.078000
2024-06-23 13:05:00.656,OnTrack,-4579,-7018,1670,pos,0 days 00:01:46.243000,0 days 00:58:43.338000
2024-06-23 13:05:00.896,OnTrack,-4652,-7071,1675,pos,0 days 00:01:46.483000,0 days 00:58:43.578000
2024-06-23 13:05:01.096,OnTrack,-4737,-7131,1679,pos,0 days 00:01:46.683000,0 days 00:58:43.778000
2024-06-23 13:05:01.436,OnTrack,-4890,-7230,1688,pos,0 days 00:01:47.023000,0 days 00:58:44.118000
2024-06-23 13:05:01.676,OnTrack,-5007,-7297,1693,pos,0 days 00:01:47.263000,0 days 00:58:44.358000
2024-06-23 13:05:01.876,OnTrack,-5160,-7369,1700,pos,0 days 00:01:47.463000,0 days 00:58:44.558000
2024-06-23 13:05:02.256,OnTrack,-5308,-7419,1707,pos,0 days 00:01:47.843000,0 days 00:58:44.938000
2024-06-23 13:05:02.456,OnTrack,-5418,-7442,1712,pos,0 days 00:01:48.043000,0 days 00:58:45.138000
2024-06-23 13:05:02.576,OnTrack,-5485,-7451,1715,pos,0 days 00:01:48.163000,0 days 00:58:45.258000
2024-06-23 13:05:02.836,OnTrack,-5632,-7454,1721,pos,0 days 00:01:48.423000,0 days 00:58:45.518000
2024-06-23 13:05:03.056,OnTrack,-5836,-7428,1730,pos,0 days 00:01:48.643000,0 days 00:58:45.738000
2024-06-23 13:05:03.436,OnTrack,-5968,-7393,1735,pos,0 days 00:01:49.023000,0 days 00:58:46.118000
2024-06-23 13:05:03.636,OnTrack,-6074,-7352,1738,pos,0 days 00:01:49.223000,0 days 00:58:46.318000
2024-06-23 13:05:03.896,OnTrack,-6243,-7258,1745,pos,0 days 00:01:49.483000,0 days 00:58:46.578000
2024-06-23 13:05:04.276,OnTrack,-6378,-7149,1751,pos,0 days 00:01:49.863000,0 days 00:58:46.958000
2024-06-23 13:05:04.476,OnTrack,-6457,-7063,1755,pos,0 days 00:01:50.063000,0 days 00:58:47.158000
2024-06-23 13:05:04.615,OnTrack,-6507,-6996,1756,pos,0 days 00:01:50.202000,0 days 00:58:47.297000
2024-06-23 13:05:04.875,OnTrack,-6587,-6862,1760,pos,0 days 00:01:50.462000,0 days 00:58:47.557000
2024-06-23 13:05:05.175,OnTrack,-6670,-6656,1764,pos,0 days 00:01:50.762000,0 days 00:58:47.857000
2024-06-23 13:05:05.515,OnTrack,-6710,-6484,1766,pos,0 days 00:01:51.102000,0 days 00:58:48.197000
2024-06-23 13:05:05.755,OnTrack,-6733,-6237,1770,pos,0 days 00:01:51.342000,0 days 00:58:48.437000
2024-06-23 13:05:06.175,OnTrack,-6723,-5970,1774,pos,0 days 00:01:51.762000,0 days 00:58:48.857000
2024-06-23 13:05:06.436,OnTrack,-6711,-5861,1776,pos,0 days 00:01:52.023000,0 days 00:58:49.118000
2024-06-23 13:05:06.816,OnTrack,-6656,-5549,1779,pos,0 days 00:01:52.403000,0 days 00:58:49.498000
2024-06-23 13:05:07.156,OnTrack,-6619,-5398,1782,pos,0 days 00:01:52.743000,0 days 00:58:49.838000
2024-06-23 13:05:07.456,OnTrack,-6555,-5195,1786,pos,0 days 00:01:53.043000,0 days 00:58:50.138000
2024-06-23 13:05:07.496,OnTrack,-6545,-5168,1786,pos,0 days 00:01:53.083000,0 days 00:58:50.178000
2024-06-23 13:05:07.696,OnTrack,-6486,-5037,1789,pos,0 days 00:01:53.283000,0 days 00:58:50.378000
2024-06-23 13:05:07.876,OnTrack,-6423,-4920,1790,pos,0 days 00:01:53.463000,0 days 00:58:50.558000
2024-06-23 13:05:08.236,OnTrack,-6278,-4693,1794,pos,0 days 00:01:53.823000,0 days 00:58:50.918000
2024-06-23 13:05:08.396,OnTrack,-6209,-4593,1796,pos,0 days 00:01:53.983000,0 days 00:58:51.078000
2024-06-23 13:05:08.636,OnTrack,-6039,-4357,1799,pos,0 days 00:01:54.223000,0 days 00:58:51.318000
2024-06-23 13:05:09.056,OnTrack,-5891,-4121,1803,pos,0 days 00:01:54.643000,0 days 00:58:51.738000
2024-06-23 13:05:09.296,OnTrack,-5828,-4012,1805,pos,0 days 00:01:54.883000,0 days 00:58:51.978000
2024-06-23 13:05:09.616,OnTrack,-5664,-3743,1809,pos,0 days 00:01:55.203000,0 days 00:58:52.298000
2024-06-23 13:05:09.996,OnTrack,-5543,-3558,1812,pos,0 days 00:01:55.583000,0 days 00:58:52.678000
2024-06-23 13:05:10.176,OnTrack,-5477,-3463,1814,pos,0 days 00:01:55.763000,0 days 00:58:52.858000
2024-06-23 13:05:10.336,OnTrack,-5420,-3379,1815,pos,0 days 00:01:55.923000,0 days 00:58:53.018000
2024-06-23 13:05:10.576,OnTrack,-5340,-3266,1817,pos,0 days 00:01:56.163000,0 days 00:58:53.258000
2024-06-23 13:05:10.816,OnTrack,-5263,-3164,1818,pos,0 days 00:01:56.403000,0 days 00:58:53.498000
2024-06-23 13:05:11.076,OnTrack,-5180,-3069,1819,pos,0 days 00:01:56.663000,0 days 00:58:53.758000
2024-06-23 13:05:11.255,OnTrack,-5076,-2973,1819,pos,0 days 00:01:56.842000,0 days 00:58:53.937000
2024-06-23 13:05:11.555,OnTrack,-5022,-2935,1820,pos,0 days 00:01:57.142000,0 days 00:58:54.237000
2024-06-23 13:05:11.875,OnTrack,-4864,-2861,1823,pos,0 days 00:01:57.462000,0 days 00:58:54.557000
2024-06-23 13:05:12.235,OnTrack,-4775,-2843,1824,pos,0 days 00:01:57.822000,0 days 00:58:54.917000
2024-06-23 13:05:12.575,OnTrack,-4649,-2842,1826,pos,0 days 00:01:58.162000,0 days 00:58:55.257000
2024-06-23 13:05:12.655,OnTrack,-4620,-2846,1826,pos,0 days 00:01:58.242000,0 days 00:58:55.337000
2024-06-23 13:05:12.855,OnTrack,-4549,-2862,1828,pos,0 days 00:01:58.442000,0 days 00:58:55.537000
2024-06-23 13:05:13.176,OnTrack,-4395,-2932,1831,pos,0 days 00:01:58.763000,0 days 00:58:55.858000
2024-06-23 13:05:13.576,OnTrack,-4330,-2981,1833,pos,0 days 00:01:59.163000,0 days 00:58:56.258000
2024-06-23 13:05:13.776,OnTrack,-4280,-3030,1834,pos,0 days 00:01:59.363000,0 days 00:58:56.458000
2024-06-23 13:05:14.096,OnTrack,-4229,-3088,1835,pos,0 days 00:01:59.683000,0 days 00:58:56.778000
2024-06-23 13:05:14.396,OnTrack,-4160,-3187,1836,pos,0 days 00:01:59.983000,0 days 00:58:57.078000
2024-06-23 13:05:14.796,OnTrack,-4100,-3305,1837,pos,0 days 00:02:00.383000,0 days 00:58:57.478000
2024-06-23 13:05:14.976,OnTrack,-4076,-3370,1838,pos,0 days 00:02:00.563000,0 days 00:58:57.658000
2024-06-23 13:05:15.156,OnTrack,-4056,-3439,1838,pos,0 days 00:02:00.743000,0 days 00:58:57.838000
2024-06-23 13:05:15.336,OnTrack,-4033,-3564,1839,pos,0 days 00:02:00.923000,0 days 00:58:58.018000
2024-06-23 13:05:15.816,OnTrack,-4028,-3728,1839,pos,0 days 00:02:01.403000,0 days 00:58:58.498000
2024-06-23 13:05:16.016,OnTrack,-4049,-3884,1838,pos,0 days 00:02:01.603000,0 days 00:58:58.698000
2024-06-23 13:05:16.416,OnTrack,-4089,-4023,1837,pos,0 days 00:02:02.003000,0 days 00:58:59.098000
2024-06-23 13:05:16.576,OnTrack,-4122,-4103,1836,pos,0 days 00:02:02.163000,0 days 00:58:59.258000
2024-06-23 13:05:16.816,OnTrack,-4182,-4222,1834,pos,0 days 00:02:02.403000,0 days 00:58:59.498000
2024-06-23 13:05:17.016,OnTrack,-4244,-4319,1833,pos,0 days 00:02:02.603000,0 days 00:58:59.698000
2024-06-23 13:05:17.176,OnTrack,-4297,-4398,1831,pos,0 days 00:02:02.763000,0 days 00:58:59.858000
2024-06-23 13:05:17.476,OnTrack,-4402,-4545,1828,pos,0 days 00:02:03.063000,0 days 00:59:00.158000
2024-06-23 13:05:17.676,OnTrack,-4475,-4645,1825,pos,0 days 00:02:03.263000,0 days 00:59:00.358000
2024-06-23 13:05:17.895,OnTrack,-4558,-4757,1822,pos,0 days 00:02:03.482000,0 days 00:59:00.577000
2024-06-23 13:05:18.075,OnTrack,-4626,-4851,1820,pos,0 days 00:02:03.662000,0 days 00:59:00.757000
2024-06-23 13:05:18.255,OnTrack,-4742,-5009,1816,pos,0 days 00:02:03.842000,0 days 00:59:00.937000
2024-06-23 13:05:18.675,OnTrack,-4854,-5163,1813,pos,0 days 00:02:04.262000,0 days 00:59:01.357000
2024-06-23 13:05:18.835,OnTrack,-4908,-5238,1811,pos,0 days 00:02:04.422000,0 days 00:59:01.517000
2024-06-23 13:05:19.055,OnTrack,-5004,-5375,1807,pos,0 days 00:02:04.642000,0 days 00:59:01.737000
2024-06-23 13:05:19.375,OnTrack,-5060,-5462,1804,pos,0 days 00:02:04.962000,0 days 00:59:02.057000
2024-06-23 13:05:19.616,OnTrack,-5122,-5570,1800,pos,0 days 00:02:05.203000,0 days 00:59:02.298000
2024-06-23 13:05:19.896,OnTrack,-5184,-5706,1794,pos,0 days 00:02:05.483000,0 days 00:59:02.578000
2024-06-23 13:05:20.296,OnTrack,-5218,-5828,1789,pos,0 days 00:02:05.883000,0 days 00:59:02.978000
2024-06-23 13:05:20.696,OnTrack,-5227,-5914,1785,pos,0 days 00:02:06.283000,0 days 00:59:03.378000
2024-06-23 13:05:20.916,OnTrack,-5222,-5978,1781,pos,0 days 00:02:06.503000,0 days 00:59:03.598000
2024-06-23 13:05:21.136,OnTrack,-5206,-6039,1778,pos,0 days 00:02:06.723000,0 days 00:59:03.818000
2024-06-23 13:05:21.336,OnTrack,-5182,-6090,1775,pos,0 days 00:02:06.923000,0 days 00:59:04.018000
2024-06-23 13:05:21.616,OnTrack,-5136,-6150,1770,pos,0 days 00:02:07.203000,0 days 00:59:04.298000
2024-06-23 13:05:21.656,OnTrack,-5128,-6158,1769,pos,0 days 00:02:07.243000,0 days 00:59:04.338000
2024-06-23 13:05:22.016,OnTrack,-5051,-6212,1766,pos,0 days 00:02:07.603000,0 days 00:59:04.698000
2024-06-23 13:05:22.216,OnTrack,-4966,-6242,1761,pos,0 days 00:02:07.803000,0 days 00:59:04.898000
2024-06-23 13:05:22.656,OnTrack,-4884,-6251,1756,pos,0 days 00:02:08.243000,0 days 00:59:05.338000
2024-06-23 13:05:22.716,OnTrack,-4866,-6251,1756,pos,0 days 00:02:08.303000,0 days 00:59:05.398000
2024-06-23 13:05:22.916,OnTrack,-4808,-6248,1752,pos,0 days 00:02:08.503000,0 days 00:59:05.598000
2024-06-23 13:05:23.136,OnTrack,-4741,-6236,1747,pos,0 days 00:02:08.723000,0 days 00:59:05.818000
2024-06-23 13:05:23.436,OnTrack,-4600,-6191,1739,pos,0 days 00:02:09.023000,0 days 00:59:06.118000
2024-06-23 13:05:23.816,OnTrack,-4520,-6156,1734,pos,0 days 00:02:09.403000,0 days 00:59:06.498000
2024-06-23 13:05:24.056,OnTrack,-4392,-6090,1724,pos,0 days 00:02:09.643000,0 days 00:59:06.738000
2024-06-23 13:05:24.495,OnTrack,-4243,-6008,1714,pos,0 days 00:02:10.082000,0 days 00:59:07.177000
2024-06-23 13:05:24.875,OnTrack,-4041,-5901,1701,pos,0 days 00:02:10.462000,0 days 00:59:07.557000
2024-06-23 13:05:25.355,OnTrack,-3817,-5796,1688,pos,0 days 00:02:10.942000,0 days 00:59:08.037000
2024-06-23 13:05:25.555,OnTrack,-3681,-5739,1681,pos,0 days 00:02:11.142000,0 days 00:59:08.237000
2024-06-23 13:05:25.815,OnTrack,-3573,-5694,1677,pos,0 days 00:02:11.402000,0 days 00:59:08.497000
2024-06-23 13:05:26.116,OnTrack,-3395,-5615,1669,pos,0 days 00:02:11.703000,0 days 00:59:08.798000
2024-06-23 13:05:26.396,OnTrack,-3185,-5500,1661,pos,0 days 00:02:11.983000,0 days 00:59:09.078000
2024-06-23 13:05:26.796,OnTrack,-3033,-5397,1656,pos,0 days 00:02:12.383000,0 days 00:59:09.478000
2024-06-23 13:05:26.976,OnTrack,-2866,-5260,1653,pos,0 days 00:02:12.563000,0 days 00:59:09.658000
2024-06-23 13:05:27.416,OnTrack,-2721,-5114,1650,pos,0 days 00:02:13.003000,0 days 00:59:10.098000
2024-06-23 13:05:27.656,OnTrack,-2612,-4986,1650,pos,0 days 00:02:13.243000,0 days 00:59:10.338000
2024-06-23 13:05:27.716,OnTrack,-2586,-4952,1651,pos,0 days 00:02:13.303000,0 days 00:59:10.398000
2024-06-23 13:05:27.956,OnTrack,-2488,-4818,1651,pos,0 days 00:02:13.543000,0 days 00:59:10.638000
2024-06-23 13:05:28.176,OnTrack,-2360,-4633,1651,pos,0 days 00:02:13.763000,0 days 00:59:10.858000
2024-06-23 13:05:28.616,OnTrack,-2268,-4500,1653,pos,0 days 00:02:14.203000,0 days 00:59:11.298000
2024-06-23 13:05:28.756,OnTrack,-2230,-4443,1655,pos,0 days 00:02:14.343000,0 days 00:59:11.438000
2024-06-23 13:05:29.056,OnTrack,-2160,-4330,1659,pos,0 days 00:02:14.643000,0 days 00:59:11.738000
2024-06-23 13:05:29.236,OnTrack,-2130,-4266,1661,pos,0 days 00:02:14.823000,0 days 00:59:11.918000
2024-06-23 13:05:29.496,OnTrack,-2100,-4161,1661,pos,0 days 00:02:15.083000,0 days 00:59:12.178000
2024-06-23 13:05:29.856,OnTrack,-2085,-4029,1664,pos,0 days 00:02:15.443000,0 days 00:59:12.538000
2024-06-23 13:05:30.196,OnTrack,-2085,-3929,1666,pos,0 days 00:02:15.783000,0 days 00:59:12.878000
2024-06-23 13:05:30.356,OnTrack,-2090,-3873,1670,pos,0 days 00:02:15.943000,0 days 00:59:13.038000
2024-06-23 13:05:30.636,OnTrack,-2110,-3781,1675,pos,0 days 00:02:16.223000,0 days 00:59:13.318000
2024-06-23 13:05:30.776,OnTrack,-2126,-3737,1678,pos,0 days 00:02:16.363000,0 days 00:59:13.458000
2024-06-23 13:05:30.975,OnTrack,-2160,-3678,1681,pos,0 days 00:02:16.562000,0 days 00:59:13.657000
2024-06-23 13:05:31.335,OnTrack,-2283,-3549,1688,pos,0 days 00:02:16.922000,0 days 00:59:14.017000
2024-06-23 13:05:31.595,OnTrack,-2320,-3521,1690,pos,0 days 00:02:17.182000,0 days 00:59:14.277000
2024-06-23 13:05:31.815,OnTrack,-2391,-3470,1693,pos,0 days 00:02:17.402000,0 days 00:59:14.497000
2024-06-23 13:05:32.155,OnTrack,-2505,-3384,1701,pos,0 days 00:02:17.742000,0 days 00:59:14.837000
2024-06-23 13:05:32.355,OnTrack,-2605,-3291,1710,pos,0 days 00:02:17.942000,0 days 00:59:15.037000
2024-06-23 13:05:32.676,OnTrack,-2680,-3203,1718,pos,0 days 00:02:18.263000,0 days 00:59:15.358000
2024-06-23 13:05:32.896,OnTrack,-2741,-3110,1726,pos,0 days 00:02:18.483000,0 days 00:59:15.578000
2024-06-23 13:05:33.136,OnTrack,-2800,-2997,1735,pos,0 days 00:02:18.723000,0 days 00:59:15.818000
2024-06-23 13:05:33.396,OnTrack,-2856,-2876,1742,pos,0 days 00:02:18.983000,0 days 00:59:16.078000
2024-06-23 13:05:33.576,OnTrack,-2912,-2752,1750,pos,0 days 00:02:19.163000,0 days 00:59:16.258000
2024-06-23 13:05:33.996,OnTrack,-3039,-2485,1769,pos,0 days 00:02:19.583000,0 days 00:59:16.678000
2024-06-23 13:05:34.336,OnTrack,-3124,-2305,1780,pos,0 days 00:02:19.923000,0 days 00:59:17.018000
2024-06-23 13:05:34.796,OnTrack,-3217,-2109,1793,pos,0 days 00:02:20.383000,0 days 00:59:17.478000
2024-06-23 13:05:35.056,OnTrack,-3291,-1955,1803,pos,0 days 00:02:20.643000,0 days 00:59:17.738000
2024-06-23 13:05:35.256,OnTrack,-3366,-1799,1814,pos,0 days 00:02:20.843000,0 days 00:59:17.938000
2024-06-23 13:05:35.516,OnTrack,-3418,-1677,1822,pos,0 days 00:02:21.103000,0 days 00:59:18.198000
2024-06-23 13:05:35.776,OnTrack,-3471,-1522,1831,pos,0 days 00:02:21.363000,0 days 00:59:18.458000
2024-06-23 13:05:35.916,OnTrack,-3490,-1440,1836,pos,0 days 00:02:21.503000,0 days 00:59:18.598000
2024-06-23 13:05:36.156,OnTrack,-3507,-1297,1842,pos,0 days 00:02:21.743000,0 days 00:59:18.838000
2024-06-23 13:05:36.336,OnTrack,-3507,-1189,1846,pos,0 days 00:02:21.923000,0 days 00:59:19.018000
2024-06-23 13:05:36.576,OnTrack,-3494,-1049,1851,pos,0 days 00:02:22.163000,0 days 00:59:19.258000
2024-06-23 13:05:36.856,OnTrack,-3463,-890,1858,pos,0 days 00:02:22.443000,0 days 00:59:19.538000
2024-06-23 13:05:36.976,OnTrack,-3445,-824,1859,pos,0 days 00:02:22.563000,0 days 00:59:19.658000
2024-06-23 13:05:37.236,OnTrack,-3395,-686,1865,pos,0 days 00:02:22.823000,0 days 00:59:19.918000
2024-06-23 13:05:37.476,OnTrack,-3334,-564,1869,pos,0 days 00:02:23.063000,0 days 00:59:20.158000
2024-06-23 13:05:37.715,OnTrack,-3235,-424,1872,pos,0 days 00:02:23.302000,0 days 00:59:20.397000
2024-06-23 13:05:37.875,OnTrack,-3171,-359,1873,pos,0 days 00:02:23.462000,0 days 00:59:20.557000
2024-06-23 13:05:38.095,OnTrack,-3062,-281,1874,pos,0 days 00:02:23.682000,0 days 00:59:20.777000
2024-06-23 13:05:38.315,OnTrack,-2854,-183,1874,pos,0 days 00:02:23.902000,0 days 00:59:20.997000
2024-06-23 13:05:38.795,OnTrack,-2649,-102,1872,pos,0 days 00:02:24.382000,0 days 00:59:21.477000
2024-06-23 13:05:38.815,OnTrack,-2637,-97,1871,pos,0 days 00:02:24.402000,0 days 00:59:21.497000
2024-06-23 13:05:39.015,OnTrack,-2517,-44,1870,pos,0 days 00:02:24.602000,0 days 00:59:21.697000
2024-06-23 13:05:39.316,OnTrack,-2235,86,1866,pos,0 days 00:02:24.903000,0 days 00:59:21.998000
2024-06-23 13:05:39.736,OnTrack,-2059,169,1864,pos,0 days 00:02:25.323000,0 days 00:59:22.418000
2024-06-23 13:05:39.856,OnTrack,-1995,200,1863,pos,0 days 00:02:25.443000,0 days 00:59:22.538000
2024-06-23 13:05:40.156,OnTrack,-1799,293,1861,pos,0 days 00:02:25.743000,0 days 00:59:22.838000
2024-06-23 13:05:40.436,OnTrack,-1598,388,1858,pos,0 days 00:02:26.023000,0 days 00:59:23.118000
2024-06-23 13:05:40.836,OnTrack,-1339,511,1855,pos,0 days 00:02:26.423000,0 days 00:59:23.518000
2024-06-23 13:05:40.936,OnTrack,-1173,592,1853,pos,0 days 00:02:26.523000,0 days 00:59:23.618000
2024-06-23 13:05:41.256,OnTrack,-1054,652,1851,pos,0 days 00:02:26.843000,0 days 00:59:23.938000
2024-06-23 13:05:41.556,OnTrack,-844,762,1849,pos,0 days 00:02:27.143000,0 days 00:59:24.238000
2024-06-23 13:05:41.716,OnTrack,-732,823,1847,pos,0 days 00:02:27.303000,0 days 00:59:24.398000
2024-06-23 13:05:42.056,OnTrack,-489,952,1843,pos,0 days 00:02:27.643000,0 days 00:59:24.738000
2024-06-23 13:05:42.236,OnTrack,-286,1061,1841,pos,0 days 00:02:27.823000,0 days 00:59:24.918000
2024-06-23 13:05:42.576,OnTrack,-110,1155,1838,pos,0 days 00:02:28.163000,0 days 00:59:25.258000
2024-06-23 13:05:42.736,OnTrack,7,1218,1837,pos,0 days 00:02:28.323000,0 days 00:59:25.418000
2024-06-23 13:05:42.936,OnTrack,155,1296,1835,pos,0 days 00:02:28.523000,0 days 00:59:25.618000
2024-06-23 13:05:43.196,OnTrack,344,1394,1832,pos,0 days 00:02:28.783000,0 days 00:59:25.878000
2024-06-23 13:05:43.456,OnTrack,469,1456,1830,pos,0 days 00:02:29.043000,0 days 00:59:26.138000
2024-06-23 13:05:43.676,OnTrack,631,1529,1828,pos,0 days 00:02:29.263000,0 days 00:59:26.358000
2024-06-23 13:05:43.896,OnTrack,762,1583,1827,pos,0 days 00:02:29.483000,0 days 00:59:26.578000
2024-06-23 13:05:44.095,OnTrack,931,1650,1824,pos,0 days 00:02:29.682000,0 days 00:59:26.777000
2024-06-23 13:05:44.375,OnTrack,1006,1681,1824,pos,0 days 00:02:29.962000,0 days 00:59:27.057000
2024-06-23 13:05:44.555,OnTrack,1085,1715,1823,pos,0 days 00:02:30.142000,0 days 00:59:27.237000
2024-06-23 13:05:44.915,OnTrack,1225,1784,1821,pos,0 days 00:02:30.502000,0 days 00:59:27.597000
2024-06-23 13:05:45.015,OnTrack,1258,1804,1821,pos,0 days 00:02:30.602000,0 days 00:59:27.697000
2024-06-23 13:05:45.175,OnTrack,1308,1838,1821,pos,0 days 00:02:30.762000,0 days 00:59:27.857000
2024-06-23 13:05:45.475,OnTrack,1382,1908,1819,pos,0 days 00:02:31.062000,0 days 00:59:28.157000
2024-06-23 13:05:45.695,OnTrack,1421,1965,1819,pos,0 days 00:02:31.282000,0 days 00:59:28.377000
2024-06-23 13:05:45.956,OnTrack,1453,2045,1818,pos,0 days 00:02:31.543000,0 days 00:59:28.638000
2024-06-23 13:05:46.116,OnTrack,1461,2091,1818,pos,0 days 00:02:31.703000,0 days 00:59:28.798000
2024-06-23 13:05:46.296,OnTrack,1463,2144,1817,pos,0 days 00:02:31.883000,0 days 00:59:28.978000
2024-06-23 13:05:46.496,OnTrack,1450,2229,1817,pos,0 days 00:02:32.083000,0 days 00:59:29.178000
2024-06-23 13:05:46.936,OnTrack,1421,2313,1818,pos,0 days 00:02:32.523000,0 days 00:59:29.618000
2024-06-23 13:05:47.016,OnTrack,1412,2333,1819,pos,0 days 00:02:32.603000,0 days 00:59:29.698000
2024-06-23 13:05:47.256,OnTrack,1379,2390,1821,pos,0 days 00:02:32.843000,0 days 00:59:29.938000
2024-06-23 13:05:47.536,OnTrack,1320,2468,1824,pos,0 days 00:02:33.123000,0 days 00:59:30.218000
2024-06-23 13:05:47.896,OnTrack,1264,2522,1825,pos,0 days 00:02:33.483000,0 days 00:59:30.578000
2024-06-23 13:05:48.176,OnTrack,1169,2585,1828,pos,0 days 00:02:33.763000,0 days 00:59:30.858000
2024-06-23 13:05:48.476,OnTrack,1120,2607,1829,pos,0 days 00:02:34.063000,0 days 00:59:31.158000
2024-06-23 13:05:48.756,OnTrack,1036,2633,1831,pos,0 days 00:02:34.343000,0 days 00:59:31.438000
2024-06-23 13:05:48.976,OnTrack,964,2648,1832,pos,0 days 00:02:34.563000,0 days 00:59:31.658000
2024-06-23 13:05:49.136,OnTrack,910,2655,1833,pos,0 days 00:02:34.723000,0 days 00:59:31.818000
2024-06-23 13:05:49.316,OnTrack,846,2659,1835,pos,0 days 00:02:34.903000,0 days 00:59:31.998000
2024-06-23 13:05:49.496,OnTrack,780,2659,1836,pos,0 days 00:02:35.083000,0 days 00:59:32.178000
2024-06-23 13:05:49.736,OnTrack,687,2651,1838,pos,0 days 00:02:35.323000,0 days 00:59:32.418000
2024-06-23 13:05:49.976,OnTrack,589,2633,1840,pos,0 days 00:02:35.563000,0 days 00:59:32.658000
2024-06-23 13:05:50.136,OnTrack,522,2615,1842,pos,0 days 00:02:35.723000,0 days 00:59:32.818000
2024-06-23 13:05:50.416,OnTrack,359,2549,1848,pos,0 days 00:02:36.003000,0 days 00:59:33.098000
2024-06-23 13:05:50.775,OnTrack,247,2486,1853,pos,0 days 00:02:36.362000,0 days 00:59:33.457000
2024-06-23 13:05:50.915,OnTrack,186,2447,1857,pos,0 days 00:02:36.502000,0 days 00:59:33.597000
2024-06-23 13:05:51.295,OnTrack,-12,2308,1868,pos,0 days 00:02:36.882000,0 days 00:59:33.977000
2024-06-23 13:05:51.715,OnTrack,-175,2216,1874,pos,0 days 00:02:37.302000,0 days 00:59:34.397000
2024-06-23 13:05:51.915,OnTrack,-261,2180,1878,pos,0 days 00:02:37.502000,0 days 00:59:34.597000
2024-06-23 13:05:51.935,OnTrack,-270,2177,1878,pos,0 days 00:02:37.522000,0 days 00:59:34.617000
2024-06-23 13:05:52.155,OnTrack,-362,2148,1881,pos,0 days 00:02:37.742000,0 days 00:59:34.837000
2024-06-23 13:05:52.416,OnTrack,-473,2128,1886,pos,0 days 00:02:38.003000,0 days 00:59:35.098000
2024-06-23 13:05:52.696,OnTrack,-579,2122,1891,pos,0 days 00:02:38.283000,0 days 00:59:35.378000
2024-06-23 13:05:52.916,OnTrack,-658,2127,1895,pos,0 days 00:02:38.503000,0 days 00:59:35.598000
2024-06-23 13:05:52.976,OnTrack,-678,2131,1896,pos,0 days 00:02:38.563000,0 days 00:59:35.658000
2024-06-23 13:05:53.296,OnTrack,-804,2169,1902,pos,0 days 00:02:38.883000,0 days 00:59:35.978000
2024-06-23 13:05:53.596,OnTrack,-858,2201,1905,pos,0 days 00:02:39.183000,0 days 00:59:36.278000
2024-06-23 13:05:53.816,OnTrack,-911,2246,1907,pos,0 days 00:02:39.403000,0 days 00:59:36.498000
2024-06-23 13:05:54.016,OnTrack,-952,2292,1908,pos,0 days 00:02:39.603000,0 days 00:59:36.698000
2024-06-23 13:05:54.276,OnTrack,-995,2361,1910,pos,0 days 00:02:39.863000,0 days 00:59:36.958000
2024-06-23 13:05:54.516,OnTrack,-1036,2473,1912,pos,0 days 00:02:40.103000,0 days 00:59:37.198000
2024-06-23 13:05:54.816,OnTrack,-1046,2523,1913,pos,0 days 00:02:40.403000,0 days 00:59:37.498000
2024-06-23 13:05:55.116,OnTrack,-1051,2621,1914,pos,0 days 00:02:40.703000,0 days 00:59:37.798000
2024-06-23 13:05:55.316,OnTrack,-1046,2687,1915,pos,0 days 00:02:40.903000,0 days 00:59:37.998000
2024-06-23 13:05:55.576,OnTrack,-1028,2775,1917,pos,0 days 00:02:41.163000,0 days 00:59:38.258000
2024-06-23 13:05:55.776,OnTrack,-1007,2842,1917,pos,0 days 00:02:41.363000,0 days 00:59:38.458000
2024-06-23 13:05:56.016,OnTrack,-973,2923,1919,pos,0 days 00:02:41.603000,0 days 00:59:38.698000
2024-06-23 13:05:56.176,OnTrack,-928,3003,1921,pos,0 days 00:02:41.763000,0 days 00:59:38.858000
2024-06-23 13:05:56.456,OnTrack,-849,3111,1922,pos,0 days 00:02:42.043000,0 days 00:59:39.138000
2024-06-23 13:05:56.776,OnTrack,-756,3209,1922,pos,0 days 00:02:42.363000,0 days 00:59:39.458000
2024-06-23 13:05:56.996,OnTrack,-682,3274,1922,pos,0 days 00:02:42.583000,0 days 00:59:39.678000
2024-06-23 13:05:57.176,OnTrack,-618,3327,1922,pos,0 days 00:02:42.763000,0 days 00:59:39.858000
2024-06-23 13:05:57.335,OnTrack,-557,3375,1921,pos,0 days 00:02:42.922000,0 days 00:59:40.017000
2024-06-23 13:05:57.575,OnTrack,-466,3446,1920,pos,0 days 00:02:43.162000,0 days 00:59:40.257000
2024-06-23 13:05:57.735,OnTrack,-401,3495,1919,pos,0 days 00:02:43.322000,0 days 00:59:40.417000
2024-06-23 13:05:57.915,OnTrack,-328,3556,1917,pos,0 days 00:02:43.502000,0 days 00:59:40.597000
2024-06-23 13:05:58.075,OnTrack,-262,3613,1916,pos,0 days 00:02:43.662000,0 days 00:59:40.757000
2024-06-23 13:05:58.315,OnTrack,-159,3700,1912,pos,0 days 00:02:43.902000,0 days 00:59:40.997000
2024-06-23 13:05:58.635,OnTrack,49,3874,1905,pos,0 days 00:02:44.222000,0 days 00:59:41.317000
2024-06-23 13:05:58.895,OnTrack,108,3919,1902,pos,0 days 00:02:44.482000,0 days 00:59:41.577000
2024-06-23 13:05:59.196,OnTrack,273,4028,1895,pos,0 days 00:02:44.783000,0 days 00:59:41.878000
2024-06-23 13:05:59.396,OnTrack,384,4081,1889,pos,0 days 00:02:44.983000,0 days 00:59:42.078000
2024-06-23 13:05:59.616,OnTrack,503,4117,1884,pos,0 days 00:02:45.203000,0 days 00:59:42.298000
2024-06-23 13:05:59.856,OnTrack,726,4140,1873,pos,0 days 00:02:45.443000,0 days 00:59:42.538000
2024-06-23 13:06:00.156,OnTrack,840,4130,1867,pos,0 days 00:02:45.743000,0 days 00:59:42.838000
2024-06-23 13:06:00.396,OnTrack,990,4100,1858,pos,0 days 00:02:45.983000,0 days 00:59:43.078000
2024-06-23 13:06:00.596,OnTrack,1111,4061,1851,pos,0 days 00:02:46.183000,0 days 00:59:43.278000
2024-06-23 13:06:00.796,OnTrack,1232,4011,1844,pos,0 days 00:02:46.383000,0 days 00:59:43.478000
2024-06-23 13:06:01.036,OnTrack,1373,3940,1836,pos,0 days 00:02:46.623000,0 days 00:59:43.718000
2024-06-23 13:06:01.296,OnTrack,1523,3853,1827,pos,0 days 00:02:46.883000,0 days 00:59:43.978000
2024-06-23 13:06:01.536,OnTrack,1718,3730,1816,pos,0 days 00:02:47.123000,0 days 00:59:44.218000
2024-06-23 13:06:01.816,OnTrack,1823,3663,1809,pos,0 days 00:02:47.403000,0 days 00:59:44.498000
2024-06-23 13:06:02.096,OnTrack,1988,3557,1799,pos,0 days 00:02:47.683000,0 days 00:59:44.778000
2024-06-23 13:06:02.276,OnTrack,2096,3489,1793,pos,0 days 00:02:47.863000,0 days 00:59:44.958000
2024-06-23 13:06:02.516,OnTrack,2240,3396,1785,pos,0 days 00:02:48.103000,0 days 00:59:45.198000
2024-06-23 13:06:02.796,OnTrack,2441,3251,1775,pos,0 days 00:02:48.383000,0 days 00:59:45.478000
2024-06-23 13:06:03.156,OnTrack,2578,3129,1767,pos,0 days 00:02:48.743000,0 days 00:59:45.838000
2024-06-23 13:06:03.436,OnTrack,2732,2946,1759,pos,0 days 00:02:49.023000,0 days 00:59:46.118000
2024-06-23 13:06:03.756,OnTrack,2796,2827,1755,pos,0 days 00:02:49.343000,0 days 00:59:46.438000
2024-06-23 13:06:03.915,OnTrack,2831,2736,1752,pos,0 days 00:02:49.502000,0 days 00:59:46.597000
2024-06-23 13:06:04.175,OnTrack,2881,2495,1745,pos,0 days 00:02:49.762000,0 days 00:59:46.857000
2024-06-23 13:06:04.655,OnTrack,2871,2245,1740,pos,0 days 00:02:50.242000,0 days 00:59:47.337000
2024-06-23 13:06:05.015,OnTrack,2822,2058,1737,pos,0 days 00:02:50.602000,0 days 00:59:47.697000
2024-06-23 13:06:05.235,OnTrack,2766,1924,1735,pos,0 days 00:02:50.822000,0 days 00:59:47.917000
2024-06-23 13:06:05.495,OnTrack,2634,1688,1731,pos,0 days 00:02:51.082000,0 days 00:59:48.177000
2024-06-23 13:06:05.736,OnTrack,2590,1619,1730,pos,0 days 00:02:51.323000,0 days 00:59:48.418000
2024-06-23 13:06:06.096,OnTrack,2455,1411,1726,pos,0 days 00:02:51.683000,0 days 00:59:48.778000
2024-06-23 13:06:06.296,OnTrack,2363,1270,1724,pos,0 days 00:02:51.883000,0 days 00:59:48.978000
2024-06-23 13:06:06.596,OnTrack,2269,1127,1721,pos,0 days 00:02:52.183000,0 days 00:59:49.278000
2024-06-23 13:06:06.876,OnTrack,2160,958,1718,pos,0 days 00:02:52.463000,0 days 00:59:49.558000
2024-06-23 13:06:07.136,OnTrack,2057,799,1716,pos,0 days 00:02:52.723000,0 days 00:59:49.818000
2024-06-23 13:06:07.236,OnTrack,2016,737,1714,pos,0 days 00:02:52.823000,0 days 00:59:49.918000
2024-06-23 13:06:07.416,OnTrack,1943,625,1713,pos,0 days 00:02:53.003000,0 days 00:59:50.098000
2024-06-23 13:06:07.656,OnTrack,1844,473,1711,pos,0 days 00:02:53.243000,0 days 00:59:50.338000
2024-06-23 13:06:07.956,OnTrack,1719,282,1709,pos,0 days 00:02:53.543000,0 days 00:59:50.638000
2024-06-23 13:06:08.116,OnTrack,1663,195,1708,pos,0 days 00:02:53.703000,0 days 00:59:50.798000
2024-06-23 13:06:08.276,OnTrack,1596,90,1707,pos,0 days 00:02:53.863000,0 days 00:59:50.958000
2024-06-23 13:06:08.496,OnTrack,1498,-61,1707,pos,0 days 00:02:54.083000,0 days 00:59:51.178000
2024-06-23 13:06:08.716,OnTrack,1361,-274,1707,pos,0 days 00:02:54.303000,0 days 00:59:51.398000
2024-06-23 13:06:09.096,OnTrack,1240,-465,1708,pos,0 days 00:02:54.683000,0 days 00:59:51.778000
2024-06-23 13:06:09.396,OnTrack,1082,-714,1708,pos,0 days 00:02:54.983000,0 days 00:59:52.078000
2024-06-23 13:06:09.796,OnTrack,894,-1010,1708,pos,0 days 00:02:55.383000,0 days 00:59:52.478000
2024-06-23 13:06:10.116,OnTrack,785,-1181,1708,pos,0 days 00:02:55.703000,0 days 00:59:52.798000
2024-06-23 13:06:10.276,OnTrack,712,-1296,1707,pos,0 days 00:02:55.863000,0 days 00:59:52.958000
2024-06-23 13:06:10.535,OnTrack,593,-1484,1707,pos,0 days 00:02:56.122000,0 days 00:59:53.217000
2024-06-23 13:06:10.775,OnTrack,482,-1659,1708,pos,0 days 00:02:56.362000,0 days 00:59:53.457000
2024-06-23 13:06:10.995,OnTrack,379,-1821,1708,pos,0 days 00:02:56.582000,0 days 00:59:53.677000
2024-06-23 13:06:11.195,OnTrack,285,-1970,1708,pos,0 days 00:02:56.782000,0 days 00:59:53.877000
2024-06-23 13:06:11.475,OnTrack,152,-2178,1708,pos,0 days 00:02:57.062000,0 days 00:59:54.157000
2024-06-23 13:06:11.635,OnTrack,76,-2298,1708,pos,0 days 00:02:57.222000,0 days 00:59:54.317000
2024-06-23 13:06:11.875,OnTrack,-38,-2479,1707,pos,0 days 00:02:57.462000,0 days 00:59:54.557000
2024-06-23 13:06:12.075,OnTrack,-127,-2615,1706,pos,0 days 00:02:57.662000,0 days 00:59:54.757000
2024-06-23 13:06:12.296,OnTrack,-246,-2796,1705,pos,0 days 00:02:57.883000,0 days 00:59:54.978000
2024-06-23 13:06:12.396,OnTrack,-296,-2872,1704,pos,0 days 00:02:57.983000,0 days 00:59:55.078000
2024-06-23 13:06:12.696,OnTrack,-447,-3099,1701,pos,0 days 00:02:58.283000,0 days 00:59:55.378000
2024-06-23 13:06:12.956,OnTrack,-579,-3298,1698,pos,0 days 00:02:58.543000,0 days 00:59:55.638000
2024-06-23 13:06:13.216,OnTrack,-702,-3481,1695,pos,0 days 00:02:58.803000,0 days 00:59:55.898000
2024-06-23 13:06:13.576,OnTrack,-897,-3773,1689,pos,0 days 00:02:59.163000,0 days 00:59:56.258000
2024-06-23 13:06:13.956,OnTrack,-1157,-4159,1679,pos,0 days 00:02:59.543000,0 days 00:59:56.638000
2024-06-23 13:06:14.376,OnTrack,-1303,-4377,1673,pos,0 days 00:02:59.963000,0 days 00:59:57.058000
2024-06-23 13:06:14.536,OnTrack,-1450,-4596,1666,pos,0 days 00:03:00.123000,0 days 00:59:57.218000
2024-06-23 13:06:14.996,OnTrack,-1679,-4941,1657,pos,0 days 00:03:00.583000,0 days 00:59:57.678000
2024-06-23 13:06:15.236,OnTrack,-1749,-5052,1654,pos,0 days 00:03:00.823000,0 days 00:59:57.918000
2024-06-23 13:06:15.616,OnTrack,-1932,-5359,1648,pos,0 days 00:03:01.203000,0 days 00:59:58.298000
2024-06-23 13:06:15.776,OnTrack,-2052,-5571,1645,pos,0 days 00:03:01.363000,0 days 00:59:58.458000
2024-06-23 13:06:16.076,OnTrack,-2140,-5727,1643,pos,0 days 00:03:01.663000,0 days 00:59:58.758000
2024-06-23 13:06:16.456,OnTrack,-2293,-6003,1639,pos,0 days 00:03:02.043000,0 days 00:59:59.138000
2024-06-23 13:06:16.656,OnTrack,-2366,-6133,1637,pos,0 days 00:03:02.243000,0 days 00:59:59.338000
2024-06-23 13:06:16.816,OnTrack,-2423,-6231,1636,pos,0 days 00:03:02.403000,0 days 00:59:59.498000
2024-06-23 13:06:17.095,OnTrack,-2561,-6450,1634,pos,0 days 00:03:02.682000,0 days 00:59:59.777000
2024-06-23 13:06:17.355,OnTrack,-2600,-6507,1633,pos,0 days 00:03:02.942000,0 days 01:00:00.037000
2024-06-23 13:06:17.635,OnTrack,-2686,-6622,1631,pos,0 days 00:03:03.222000,0 days 01:00:00.317000
2024-06-23 13:06:17.815,OnTrack,-2779,-6730,1629,pos,0 days 00:03:03.402000,0 days 01:00:00.497000
2024-06-23 13:06:18.255,OnTrack,-2864,-6815,1627,pos,0 days 00:03:03.842000,0 days 01:00:00.937000
2024-06-23 13:06:18.495,OnTrack,-2935,-6873,1625,pos,0 days 00:03:04.082000,0 days 01:00:01.177000
2024-06-23 13:06:18.736,OnTrack,-3015,-6927,1623,pos,0 days 00:03:04.323000,0 days 01:00:01.418000
2024-06-23 13:06:18.956,OnTrack,-3127,-6976,1623,pos,0 days 00:03:04.543000,0 days 01:00:01.638000
2024-06-23 13:06:19.276,OnTrack,-3196,-6991,1623,pos,0 days 00:03:04.863000,0 days 01:00:01.958000
2024-06-23 13:06:19.536,OnTrack,-3281,-6994,1624,pos,0 days 00:03:05.123000,0 days 01:00:02.218000
2024-06-23 13:06:19.716,OnTrack,-3392,-6976,1627,pos,0 days 00:03:05.303000,0 days 01:00:02.398000
2024-06-23 13:06:20.156,OnTrack,-3541,-6920,1630,pos,0 days 00:03:05.743000,0 days 01:00:02.838000
2024-06-23 13:06:20.576,OnTrack,-3657,-6867,1632,pos,0 days 00:03:06.163000,0 days 01:00:03.258000
2024-06-23 13:06:20.876,OnTrack,-3743,-6829,1633,pos,0 days 00:03:06.463000,0 days 01:00:03.558000
2024-06-23 13:06:21.116,OnTrack,-3835,-6794,1635,pos,0 days 00:03:06.703000,0 days 01:00:03.798000
2024-06-23 13:06:21.256,OnTrack,-3890,-6779,1637,pos,0 days 00:03:06.843000,0 days 01:00:03.938000
2024-06-23 13:06:21.576,OnTrack,-4071,-6774,1644,pos,0 days 00:03:07.163000,0 days 01:00:04.258000
2024-06-23 13:06:22.036,OnTrack,-4249,-6825,1651,pos,0 days 00:03:07.623000,0 days 01:00:04.718000
2024-06-23 13:06:22.396,OnTrack,-4350,-6873,1656,pos,0 days 00:03:07.983000,0 days 01:00:05.078000
2024-06-23 13:06:22.576,OnTrack,-4401,-6902,1660,pos,0 days 00:03:08.163000,0 days 01:00:05.258000
2024-06-23 13:06:22.816,OnTrack,-4499,-6963,1666,pos,0 days 00:03:08.403000,0 days 01:00:05.498000
2024-06-23 13:06:23.116,OnTrack,-4623,-7049,1673,pos,0 days 00:03:08.703000,0 days 01:00:05.798000
2024-06-23 13:06:23.276,OnTrack,-4690,-7098,1677,pos,0 days 00:03:08.863000,0 days 01:00:05.958000
2024-06-23 13:06:23.436,OnTrack,-4825,-7189,1684,pos,0 days 00:03:09.023000,0 days 01:00:06.118000
2024-06-23 13:06:23.855,OnTrack,-4961,-7271,1691,pos,0 days 00:03:09.442000,0 days 01:00:06.537000
2024-06-23 13:06:24.155,OnTrack,-5155,-7368,1700,pos,0 days 00:03:09.742000,0 days 01:00:06.837000
2024-06-23 13:06:24.415,OnTrack,-5252,-7403,1704,pos,0 days 00:03:10.002000,0 days 01:00:07.097000
2024-06-23 13:06:24.635,OnTrack,-5374,-7434,1709,pos,0 days 00:03:10.222000,0 days 01:00:07.317000
2024-06-23 13:06:24.895,OnTrack,-5523,-7453,1716,pos,0 days 00:03:10.482000,0 days 01:00:07.577000
2024-06-23 13:06:25.175,OnTrack,-5768,-7441,1727,pos,0 days 00:03:10.762000,0 days 01:00:07.857000
2024-06-23 13:06:25.596,OnTrack,-5936,-7403,1734,pos,0 days 00:03:11.183000,0 days 01:00:08.278000
2024-06-23 13:06:25.816,OnTrack,-6098,-7341,1740,pos,0 days 00:03:11.403000,0 days 01:00:08.498000
2024-06-23 13:06:26.156,OnTrack,-6286,-7227,1747,pos,0 days 00:03:11.743000,0 days 01:00:08.838000
2024-06-23 13:06:26.596,OnTrack,-6462,-7056,1755,pos,0 days 00:03:12.183000,0 days 01:00:09.278000
2024-06-23 13:06:26.876,OnTrack,-6518,-6979,1757,pos,0 days 00:03:12.463000,0 days 01:00:09.558000
2024-06-23 13:06:27.096,OnTrack,-6585,-6865,1759,pos,0 days 00:03:12.683000,0 days 01:00:09.778000
2024-06-23 13:06:27.376,OnTrack,-6653,-6706,1763,pos,0 days 00:03:12.963000,0 days 01:00:10.058000
2024-06-23 13:06:27.676,OnTrack,-6705,-6511,1766,pos,0 days 00:03:13.263000,0 days 01:00:10.358000
2024-06-23 13:06:27.996,OnTrack,-6729,-6317,1769,pos,0 days 00:03:13.583000,0 days 01:00:10.678000
2024-06-23 13:06:28.216,OnTrack,-6733,-6173,1771,pos,0 days 00:03:13.803000,0 days 01:00:10.898000
2024-06-23 13:06:28.436,OnTrack,-6727,-6026,1773,pos,0 days 00:03:14.023000,0 days 01:00:11.118000
2024-06-23 13:06:28.636,OnTrack,-6704,-5811,1776,pos,0 days 00:03:14.223000,0 days 01:00:11.318000
2024-06-23 13:06:29.016,OnTrack,-6674,-5634,1779,pos,0 days 00:03:14.603000,0 days 01:00:11.698000
2024-06-23 13:06:29.196,OnTrack,-6652,-5528,1780,pos,0 days 00:03:14.783000,0 days 01:00:11.878000
2024-06-23 13:06:29.376,OnTrack,-6621,-5405,1782,pos,0 days 00:03:14.963000,0 days 01:00:12.058000
2024-06-23 13:06:29.576,OnTrack,-6581,-5270,1785,pos,0 days 00:03:15.163000,0 days 01:00:12.258000
2024-06-23 13:06:29.736,OnTrack,-6542,-5163,1786,pos,0 days 00:03:15.323000,0 days 01:00:12.418000
2024-06-23 13:06:30.116,OnTrack,-6398,-4877,1791,pos,0 days 00:03:15.703000,0 days 01:00:12.798000
2024-06-23 13:06:30.555,OnTrack,-6216,-4604,1796,pos,0 days 00:03:16.142000,0 days 01:00:13.237000
2024-06-23 13:06:30.855,OnTrack,-6050,-4372,1799,pos,0 days 00:03:16.442000,0 days 01:00:13.537000
2024-06-23 13:06:31.335,OnTrack,-5912,-4156,1803,pos,0 days 00:03:16.922000,0 days 01:00:14.017000
2024-06-23 13:06:31.575,OnTrack,-5780,-3932,1806,pos,0 days 00:03:17.162000,0 days 01:00:14.257000
2024-06-23 13:06:31.976,OnTrack,-5656,-3729,1809,pos,0 days 00:03:17.563000,0 days 01:00:14.658000
2024-06-23 13:06:32.176,OnTrack,-5542,-3557,1812,pos,0 days 00:03:17.763000,0 days 01:00:14.858000
2024-06-23 13:06:32.476,OnTrack,-5475,-3460,1814,pos,0 days 00:03:18.063000,0 days 01:00:15.158000
2024-06-23 13:06:32.696,OnTrack,-5403,-3354,1815,pos,0 days 00:03:18.283000,0 days 01:00:15.378000
2024-06-23 13:06:33.976,OnTrack,-4996,-2919,1821,pos,0 days 00:03:19.563000,0 days 01:00:16.658000
2024-06-23 13:06:34.156,OnTrack,-4933,-2887,1822,pos,0 days 00:03:19.743000,0 days 01:00:16.838000
2024-06-23 13:06:34.356,OnTrack,-4861,-2860,1823,pos,0 days 00:03:19.943000,0 days 01:00:17.038000
2024-06-23 13:06:34.456,OnTrack,-4824,-2851,1823,pos,0 days 00:03:20.043000,0 days 01:00:17.138000
2024-06-23 13:06:34.776,OnTrack,-4706,-2838,1825,pos,0 days 00:03:20.363000,0 days 01:00:17.458000
2024-06-23 13:06:34.936,OnTrack,-4648,-2842,1826,pos,0 days 00:03:20.523000,0 days 01:00:17.618000
2024-06-23 13:06:35.156,OnTrack,-4570,-2856,1827,pos,0 days 00:03:20.743000,0 days 01:00:17.838000
2024-06-23 13:06:35.436,OnTrack,-4477,-2889,1829,pos,0 days 00:03:21.023000,0 days 01:00:18.118000
2024-06-23 13:06:35.476,OnTrack,-4464,-2895,1830,pos,0 days 00:03:21.063000,0 days 01:00:18.158000
2024-06-23 13:06:35.856,OnTrack,-4326,-2984,1833,pos,0 days 00:03:21.443000,0 days 01:00:18.538000
2024-06-23 13:06:36.116,OnTrack,-4298,-3011,1833,pos,0 days 00:03:21.703000,0 days 01:00:18.798000
2024-06-23 13:06:36.396,OnTrack,-4231,-3085,1835,pos,0 days 00:03:21.983000,0 days 01:00:19.078000
2024-06-23 13:06:36.596,OnTrack,-4166,-3176,1836,pos,0 days 00:03:22.183000,0 days 01:00:19.278000
2024-06-23 13:06:37.055,OnTrack,-4101,-3301,1837,pos,0 days 00:03:22.642000,0 days 01:00:19.737000
2024-06-23 13:06:37.255,OnTrack,-4073,-3378,1838,pos,0 days 00:03:22.842000,0 days 01:00:19.937000
2024-06-23 13:06:37.435,OnTrack,-4052,-3452,1838,pos,0 days 00:03:23.022000,0 days 01:00:20.117000
2024-06-23 13:06:37.595,OnTrack,-4039,-3521,1839,pos,0 days 00:03:23.182000,0 days 01:00:20.277000
2024-06-23 13:06:37.755,OnTrack,-4030,-3590,1839,pos,0 days 00:03:23.342000,0 days 01:00:20.437000
2024-06-23 13:06:38.115,OnTrack,-4035,-3803,1839,pos,0 days 00:03:23.702000,0 days 01:00:20.797000
2024-06-23 13:06:38.496,OnTrack,-4070,-3964,1838,pos,0 days 00:03:24.083000,0 days 01:00:21.178000
2024-06-23 13:06:38.676,OnTrack,-4101,-4055,1836,pos,0 days 00:03:24.263000,0 days 01:00:21.358000
2024-06-23 13:06:38.896,OnTrack,-4178,-4216,1834,pos,0 days 00:03:24.483000,0 days 01:00:21.578000
2024-06-23 13:06:39.176,OnTrack,-4227,-4294,1833,pos,0 days 00:03:24.763000,0 days 01:00:21.858000
2024-06-23 13:06:39.516,OnTrack,-4342,-4460,1829,pos,0 days 00:03:25.103000,0 days 01:00:22.198000
2024-06-23 13:06:39.576,OnTrack,-4363,-4490,1829,pos,0 days 00:03:25.163000,0 days 01:00:22.258000
2024-06-23 13:06:39.916,OnTrack,-4486,-4659,1825,pos,0 days 00:03:25.503000,0 days 01:00:22.598000
2024-06-23 13:06:40.076,OnTrack,-4544,-4739,1822,pos,0 days 00:03:25.663000,0 days 01:00:22.758000
2024-06-23 13:06:40.316,OnTrack,-4634,-4861,1820,pos,0 days 00:03:25.903000,0 days 01:00:22.998000
2024-06-23 13:06:40.516,OnTrack,-4710,-4965,1818,pos,0 days 00:03:26.103000,0 days 01:00:23.198000
2024-06-23 13:06:40.676,OnTrack,-4769,-5046,1816,pos,0 days 00:03:26.263000,0 days 01:00:23.358000
2024-06-23 13:06:40.916,OnTrack,-4898,-5224,1812,pos,0 days 00:03:26.503000,0 days 01:00:23.598000
2024-06-23 13:06:41.376,OnTrack,-4991,-5357,1807,pos,0 days 00:03:26.963000,0 days 01:00:24.058000
2024-06-23 13:06:41.596,OnTrack,-5045,-5439,1805,pos,0 days 00:03:27.183000,0 days 01:00:24.278000
2024-06-23 13:06:41.756,OnTrack,-5080,-5496,1802,pos,0 days 00:03:27.343000,0 days 01:00:24.438000
2024-06-23 13:06:41.936,OnTrack,-5147,-5620,1798,pos,0 days 00:03:27.523000,0 days 01:00:24.618000
2024-06-23 13:06:42.296,OnTrack,-5178,-5692,1795,pos,0 days 00:03:27.883000,0 days 01:00:24.978000
2024-06-23 13:06:42.536,OnTrack,-5203,-5766,1791,pos,0 days 00:03:28.123000,0 days 01:00:25.218000
2024-06-23 13:06:42.816,OnTrack,-5223,-5862,1787,pos,0 days 00:03:28.403000,0 days 01:00:25.498000
2024-06-23 13:06:43.176,OnTrack,-5221,-5983,1781,pos,0 days 00:03:28.763000,0 days 01:00:25.858000
2024-06-23 13:06:43.575,OnTrack,-5196,-6063,1777,pos,0 days 00:03:29.162000,0 days 01:00:26.257000
2024-06-23 13:06:43.735,OnTrack,-5174,-6101,1774,pos,0 days 00:03:29.322000,0 days 01:00:26.417000
2024-06-23 13:06:44.015,OnTrack,-5102,-6180,1768,pos,0 days 00:03:29.602000,0 days 01:00:26.697000
2024-06-23 13:06:44.455,OnTrack,-5000,-6232,1763,pos,0 days 00:03:30.042000,0 days 01:00:27.137000
2024-06-23 13:06:44.695,OnTrack,-4970,-6241,1761,pos,0 days 00:03:30.282000,0 days 01:00:27.377000
2024-06-23 13:06:44.975,OnTrack,-4894,-6251,1757,pos,0 days 00:03:30.562000,0 days 01:00:27.657000
2024-06-23 13:06:45.256,OnTrack,-4773,-6242,1749,pos,0 days 00:03:30.843000,0 days 01:00:27.938000
2024-06-23 13:06:45.576,OnTrack,-4713,-6229,1745,pos,0 days 00:03:31.163000,0 days 01:00:28.258000
2024-06-23 13:06:45.736,OnTrack,-4671,-6217,1743,pos,0 days 00:03:31.323000,0 days 01:00:28.418000
2024-06-23 13:06:45.936,OnTrack,-4609,-6195,1739,pos,0 days 00:03:31.523000,0 days 01:00:28.618000
2024-06-23 13:06:46.296,OnTrack,-4491,-6142,1731,pos,0 days 00:03:31.883000,0 days 01:00:28.978000
2024-06-23 13:06:46.516,OnTrack,-4415,-6102,1725,pos,0 days 00:03:32.103000,0 days 01:00:29.198000
2024-06-23 13:06:46.596,OnTrack,-4333,-6058,1721,pos,0 days 00:03:32.183000,0 days 01:00:29.278000
2024-06-23 13:06:46.996,OnTrack,-4231,-6002,1714,pos,0 days 00:03:32.583000,0 days 01:00:29.678000
2024-06-23 13:06:47.336,OnTrack,-3960,-5862,1695,pos,0 days 00:03:32.923000,0 days 01:00:30.018000
2024-06-23 13:06:47.596,OnTrack,-3895,-5831,1692,pos,0 days 00:03:33.183000,0 days 01:00:30.278000
2024-06-23 13:06:47.776,OnTrack,-3806,-5791,1688,pos,0 days 00:03:33.363000,0 days 01:00:30.458000
2024-06-23 13:06:48.156,OnTrack,-3607,-5708,1677,pos,0 days 00:03:33.743000,0 days 01:00:30.838000
2024-06-23 13:06:48.856,OnTrack,-3223,-5523,1662,pos,0 days 00:03:34.443000,0 days 01:00:31.538000
2024-06-23 13:06:49.036,OnTrack,-3125,-5462,1659,pos,0 days 00:03:34.623000,0 days 01:00:31.718000
2024-06-23 13:06:49.236,OnTrack,-3019,-5386,1656,pos,0 days 00:03:34.823000,0 days 01:00:31.918000
2024-06-23 13:06:49.556,OnTrack,-2856,-5250,1653,pos,0 days 00:03:35.143000,0 days 01:00:32.238000
2024-06-23 13:06:49.796,OnTrack,-2741,-5136,1651,pos,0 days 00:03:35.383000,0 days 01:00:32.478000
2024-06-23 13:06:49.975,OnTrack,-2615,-4990,1650,pos,0 days 00:03:35.562000,0 days 01:00:32.657000
2024-06-23 13:06:50.315,OnTrack,-2515,-4857,1651,pos,0 days 00:03:35.902000,0 days 01:00:32.997000
2024-06-23 13:06:50.495,OnTrack,-2445,-4757,1651,pos,0 days 00:03:36.082000,0 days 01:00:33.177000
2024-06-23 13:06:50.735,OnTrack,-2362,-4637,1651,pos,0 days 00:03:36.322000,0 days 01:00:33.417000
2024-06-23 13:06:50.915,OnTrack,-2305,-4553,1653,pos,0 days 00:03:36.502000,0 days 01:00:33.597000
2024-06-23 13:06:51.215,OnTrack,-2221,-4428,1655,pos,0 days 00:03:36.802000,0 days 01:00:33.897000
2024-06-23 13:06:51.495,OnTrack,-2149,-4308,1660,pos,0 days 00:03:37.082000,0 days 01:00:34.177000
2024-06-23 13:06:51.836,OnTrack,-2108,-4199,1661,pos,0 days 00:03:37.423000,0 days 01:00:34.518000
2024-06-23 13:06:52.096,OnTrack,-2090,-4102,1662,pos,0 days 00:03:37.683000,0 days 01:00:34.778000
2024-06-23 13:06:52.256,OnTrack,-2084,-4005,1664,pos,0 days 00:03:37.843000,0 days 01:00:34.938000
2024-06-23 13:06:52.636,OnTrack,-2086,-3910,1667,pos,0 days 00:03:38.223000,0 days 01:00:35.318000
2024-06-23 13:06:52.816,OnTrack,-2094,-3847,1671,pos,0 days 00:03:38.403000,0 days 01:00:35.498000
2024-06-23 13:06:53.136,OnTrack,-2124,-3741,1678,pos,0 days 00:03:38.723000,0 days 01:00:35.818000
2024-06-23 13:06:53.296,OnTrack,-2150,-3692,1680,pos,0 days 00:03:38.883000,0 days 01:00:35.978000
2024-06-23 13:06:53.476,OnTrack,-2187,-3641,1683,pos,0 days 00:03:39.063000,0 days 01:00:36.158000
2024-06-23 13:06:53.696,OnTrack,-2244,-3582,1686,pos,0 days 00:03:39.283000,0 days 01:00:36.378000
2024-06-23 13:06:53.896,OnTrack,-2335,-3509,1690,pos,0 days 00:03:39.483000,0 days 01:00:36.578000
2024-06-23 13:06:54.216,OnTrack,-2409,-3457,1694,pos,0 days 00:03:39.803000,0 days 01:00:36.898000
2024-06-23 13:06:54.516,OnTrack,-2512,-3378,1701,pos,0 days 00:03:40.103000,0 days 01:00:37.198000
2024-06-23 13:06:54.776,OnTrack,-2600,-3297,1709,pos,0 days 00:03:40.363000,0 days 01:00:37.458000
2024-06-23 13:06:55.016,OnTrack,-2676,-3208,1718,pos,0 days 00:03:40.603000,0 days 01:00:37.698000
2024-06-23 13:06:55.216,OnTrack,-2759,-3078,1729,pos,0 days 00:03:40.803000,0 days 01:00:37.898000
2024-06-23 13:06:55.596,OnTrack,-2827,-2941,1739,pos,0 days 00:03:41.183000,0 days 01:00:38.278000
2024-06-23 13:06:55.696,OnTrack,-2850,-2890,1741,pos,0 days 00:03:41.283000,0 days 01:00:38.378000
2024-06-23 13:06:55.996,OnTrack,-2951,-2670,1755,pos,0 days 00:03:41.583000,0 days 01:00:38.678000
2024-06-23 13:06:56.376,OnTrack,-3018,-2529,1766,pos,0 days 00:03:41.963000,0 days 01:00:39.058000
2024-06-23 13:06:56.655,OnTrack,-3091,-2374,1776,pos,0 days 00:03:42.242000,0 days 01:00:39.337000
2024-06-23 13:06:56.755,OnTrack,-3157,-2236,1785,pos,0 days 00:03:42.342000,0 days 01:00:39.437000
2024-06-23 13:06:57.175,OnTrack,-3234,-2073,1796,pos,0 days 00:03:42.762000,0 days 01:00:39.857000
2024-06-23 13:06:57.475,OnTrack,-3354,-1823,1812,pos,0 days 00:03:43.062000,0 days 01:00:40.157000
2024-06-23 13:06:57.895,OnTrack,-3447,-1599,1827,pos,0 days 00:03:43.482000,0 days 01:00:40.577000
2024-06-23 13:06:58.155,OnTrack,-3478,-1494,1832,pos,0 days 00:03:43.742000,0 days 01:00:40.837000
2024-06-23 13:06:58.516,OnTrack,-3508,-1237,1844,pos,0 days 00:03:44.103000,0 days 01:00:41.198000
2024-06-23 13:06:58.876,OnTrack,-3497,-1074,1850,pos,0 days 00:03:44.463000,0 days 01:00:41.558000
2024-06-23 13:06:59.136,OnTrack,-3458,-871,1859,pos,0 days 00:03:44.723000,0 days 01:00:41.818000
2024-06-23 13:06:59.516,OnTrack,-3391,-677,1865,pos,0 days 00:03:45.103000,0 days 01:00:42.198000
2024-06-23 13:06:59.816,OnTrack,-3334,-564,1869,pos,0 days 00:03:45.403000,0 days 01:00:42.498000
2024-06-23 13:07:00.136,OnTrack,-3163,-352,1873,pos,0 days 00:03:45.723000,0 days 01:00:42.818000
2024-06-23 13:07:00.496,OnTrack,-2946,-222,1875,pos,0 days 00:03:46.083000,0 days 01:00:43.178000
2024-06-23 13:07:00.976,OnTrack,-2728,-134,1873,pos,0 days 00:03:46.563000,0 days 01:00:43.658000
2024-06-23 13:07:01.176,OnTrack,-2583,-74,1871,pos,0 days 00:03:46.763000,0 days 01:00:43.858000
2024-06-23 13:07:01.556,OnTrack,-2300,56,1867,pos,0 days 00:03:47.143000,0 days 01:00:44.238000
2024-06-23 13:07:01.916,OnTrack,-2149,127,1865,pos,0 days 00:03:47.503000,0 days 01:00:44.598000
2024-06-23 13:07:02.156,OnTrack,-1917,237,1862,pos,0 days 00:03:47.743000,0 days 01:00:44.838000
2024-06-23 13:07:02.536,OnTrack,-1745,318,1860,pos,0 days 00:03:48.123000,0 days 01:00:45.218000
2024-06-23 13:07:02.736,OnTrack,-1611,382,1858,pos,0 days 00:03:48.323000,0 days 01:00:45.418000
2024-06-23 13:07:03.016,OnTrack,-1351,505,1855,pos,0 days 00:03:48.603000,0 days 01:00:45.698000
2024-06-23 13:07:03.415,OnTrack,-1068,645,1851,pos,0 days 00:03:49.002000,0 days 01:00:46.097000
2024-06-23 13:07:03.735,OnTrack,-928,718,1850,pos,0 days 00:03:49.322000,0 days 01:00:46.417000
2024-06-23 13:07:04.055,OnTrack,-603,891,1845,pos,0 days 00:03:49.642000,0 days 01:00:46.737000
2024-06-23 13:07:04.315,OnTrack,-517,937,1844,pos,0 days 00:03:49.902000,0 days 01:00:46.997000
2024-06-23 13:07:04.595,OnTrack,-315,1045,1841,pos,0 days 00:03:50.182000,0 days 01:00:47.277000
2024-06-23 13:07:04.916,OnTrack,-68,1177,1838,pos,0 days 00:03:50.503000,0 days 01:00:47.598000
2024-06-23 13:07:04.976,OnTrack,-25,1200,1837,pos,0 days 00:03:50.563000,0 days 01:00:47.658000
2024-06-23 13:07:05.296,OnTrack,281,1362,1833,pos,0 days 00:03:50.883000,0 days 01:00:47.978000
2024-06-23 13:07:05.636,OnTrack,424,1435,1831,pos,0 days 00:03:51.223000,0 days 01:00:48.318000
2024-06-23 13:07:05.836,OnTrack,555,1496,1829,pos,0 days 00:03:51.423000,0 days 01:00:48.518000
2024-06-23 13:07:06.056,OnTrack,754,1580,1827,pos,0 days 00:03:51.643000,0 days 01:00:48.738000
2024-06-23 13:07:06.456,OnTrack,904,1640,1825,pos,0 days 00:03:52.043000,0 days 01:00:49.138000
2024-06-23 13:07:06.636,OnTrack,992,1675,1824,pos,0 days 00:03:52.223000,0 days 01:00:49.318000
2024-06-23 13:07:06.976,OnTrack,1146,1743,1823,pos,0 days 00:03:52.563000,0 days 01:00:49.658000
2024-06-23 13:07:07.256,OnTrack,1239,1792,1821,pos,0 days 00:03:52.843000,0 days 01:00:49.938000
2024-06-23 13:07:07.496,OnTrack,1312,1842,1821,pos,0 days 00:03:53.083000,0 days 01:00:50.178000
2024-06-23 13:07:07.756,OnTrack,1378,1903,1820,pos,0 days 00:03:53.343000,0 days 01:00:50.438000
2024-06-23 13:07:08.036,OnTrack,1441,2006,1818,pos,0 days 00:03:53.623000,0 days 01:00:50.718000
2024-06-23 13:07:08.416,OnTrack,1461,2088,1818,pos,0 days 00:03:54.003000,0 days 01:00:51.098000
2024-06-23 13:07:08.636,OnTrack,1462,2153,1817,pos,0 days 00:03:54.223000,0 days 01:00:51.318000
2024-06-23 13:07:08.816,OnTrack,1456,2205,1817,pos,0 days 00:03:54.403000,0 days 01:00:51.498000
2024-06-23 13:07:08.876,OnTrack,1452,2221,1817,pos,0 days 00:03:54.463000,0 days 01:00:51.558000
2024-06-23 13:07:09.216,OnTrack,1406,2344,1819,pos,0 days 00:03:54.803000,0 days 01:00:51.898000
2024-06-23 13:07:09.596,OnTrack,1373,2399,1821,pos,0 days 00:03:55.183000,0 days 01:00:52.278000
2024-06-23 13:07:09.895,OnTrack,1325,2462,1823,pos,0 days 00:03:55.482000,0 days 01:00:52.577000
2024-06-23 13:07:09.935,OnTrack,1318,2470,1824,pos,0 days 00:03:55.522000,0 days 01:00:52.617000
2024-06-23 13:07:10.315,OnTrack,1224,2553,1826,pos,0 days 00:03:55.902000,0 days 01:00:52.997000
2024-06-23 13:07:10.715,OnTrack,1145,2597,1828,pos,0 days 00:03:56.302000,0 days 01:00:53.397000
2024-06-23 13:07:10.895,OnTrack,1095,2616,1829,pos,0 days 00:03:56.482000,0 days 01:00:53.577000
2024-06-23 13:07:11.135,OnTrack,1016,2638,1831,pos,0 days 00:03:56.722000,0 days 01:00:53.817000
2024-06-23 13:07:11.456,OnTrack,911,2655,1833,pos,0 days 00:03:57.043000,0 days 01:00:54.138000
2024-06-23 13:07:11.676,OnTrack,834,2659,1835,pos,0 days 00:03:57.263000,0 days 01:00:54.358000
2024-06-23 13:07:11.876,OnTrack,759,2658,1836,pos,0 days 00:03:57.463000,0 days 01:00:54.558000
2024-06-23 13:07:11.996,OnTrack,721,2655,1837,pos,0 days 00:03:57.583000,0 days 01:00:54.678000
2024-06-23 13:07:12.356,OnTrack,542,2621,1841,pos,0 days 00:03:57.943000,0 days 01:00:55.038000
2024-06-23 13:07:12.716,OnTrack,360,2550,1848,pos,0 days 00:03:58.303000,0 days 01:00:55.398000
2024-06-23 13:07:13.016,OnTrack,291,2512,1851,pos,0 days 00:03:58.603000,0 days 01:00:55.698000
2024-06-23 13:07:13.236,OnTrack,195,2453,1856,pos,0 days 00:03:58.823000,0 days 01:00:55.918000
2024-06-23 13:07:13.456,OnTrack,98,2386,1862,pos,0 days 00:03:59.043000,0 days 01:00:56.138000
2024-06-23 13:07:13.716,OnTrack,-36,2292,1869,pos,0 days 00:03:59.303000,0 days 01:00:56.398000
2024-06-23 13:07:13.936,OnTrack,-195,2207,1875,pos,0 days 00:03:59.523000,0 days 01:00:56.618000
2024-06-23 13:07:14.256,OnTrack,-272,2176,1878,pos,0 days 00:03:59.843000,0 days 01:00:56.938000
2024-06-23 13:07:14.576,OnTrack,-405,2139,1883,pos,0 days 00:04:00.163000,0 days 01:00:57.258000
2024-06-23 13:07:14.796,OnTrack,-494,2125,1887,pos,0 days 00:04:00.383000,0 days 01:00:57.478000
2024-06-23 13:07:15.036,OnTrack,-609,2123,1893,pos,0 days 00:04:00.623000,0 days 01:00:57.718000
2024-06-23 13:07:15.396,OnTrack,-716,2138,1898,pos,0 days 00:04:00.983000,0 days 01:00:58.078000
2024-06-23 13:07:16.435,OnTrack,-993,2358,1910,pos,0 days 00:04:02.022000,0 days 01:00:59.117000
2024-06-23 13:07:16.815,OnTrack,-1025,2435,1912,pos,0 days 00:04:02.402000,0 days 01:00:59.497000
2024-06-23 13:07:16.995,OnTrack,-1039,2487,1912,pos,0 days 00:04:02.582000,0 days 01:00:59.677000
2024-06-23 13:07:17.215,OnTrack,-1048,2551,1913,pos,0 days 00:04:02.802000,0 days 01:00:59.897000
2024-06-23 13:07:17.395,OnTrack,-1051,2606,1914,pos,0 days 00:04:02.982000,0 days 01:01:00.077000
2024-06-23 13:07:17.655,OnTrack,-1045,2686,1915,pos,0 days 00:04:03.242000,0 days 01:01:00.337000
2024-06-23 13:07:17.875,OnTrack,-1033,2754,1916,pos,0 days 00:04:03.462000,0 days 01:01:00.557000
2024-06-23 13:07:17.956,OnTrack,-1025,2786,1917,pos,0 days 00:04:03.543000,0 days 01:01:00.638000
2024-06-23 13:07:18.336,OnTrack,-959,2948,1920,pos,0 days 00:04:03.923000,0 days 01:01:01.018000
2024-06-23 13:07:18.576,OnTrack,-946,2972,1920,pos,0 days 00:04:04.163000,0 days 01:01:01.258000
2024-06-23 13:07:18.796,OnTrack,-902,3041,1921,pos,0 days 00:04:04.383000,0 days 01:01:01.478000
2024-06-23 13:07:19.116,OnTrack,-798,3167,1923,pos,0 days 00:04:04.703000,0 days 01:01:01.798000
2024-06-23 13:07:19.336,OnTrack,-732,3231,1923,pos,0 days 00:04:04.923000,0 days 01:01:02.018000
2024-06-23 13:07:19.496,OnTrack,-679,3277,1922,pos,0 days 00:04:05.083000,0 days 01:01:02.178000
2024-06-23 13:07:19.776,OnTrack,-570,3365,1921,pos,0 days 00:04:05.363000,0 days 01:01:02.458000
2024-06-23 13:07:20.176,OnTrack,-422,3479,1919,pos,0 days 00:04:05.763000,0 days 01:01:02.858000
2024-06-23 13:07:20.396,OnTrack,-282,3595,1916,pos,0 days 00:04:05.983000,0 days 01:01:03.078000
2024-06-23 13:07:20.656,OnTrack,-223,3646,1915,pos,0 days 00:04:06.243000,0 days 01:01:03.338000
2024-06-23 13:07:20.816,OnTrack,-154,3704,1913,pos,0 days 00:04:06.403000,0 days 01:01:03.498000
2024-06-23 13:07:21.196,OnTrack,64,3886,1905,pos,0 days 00:04:06.783000,0 days 01:01:03.878000
2024-06-23 13:07:21.556,OnTrack,267,4025,1895,pos,0 days 00:04:07.143000,0 days 01:01:04.238000
2024-06-23 13:07:21.976,OnTrack,425,4095,1888,pos,0 days 00:04:07.563000,0 days 01:01:04.658000
2024-06-23 13:07:22.096,OnTrack,497,4116,1884,pos,0 days 00:04:07.683000,0 days 01:01:04.778000
2024-06-23 13:07:22.416,OnTrack,790,4136,1870,pos,0 days 00:04:08.003000,0 days 01:01:05.098000
2024-06-23 13:07:22.716,OnTrack,894,4121,1864,pos,0 days 00:04:08.303000,0 days 01:01:05.398000
2024-06-23 13:07:22.955,OnTrack,1044,4084,1855,pos,0 days 00:04:08.542000,0 days 01:01:05.637000
2024-06-23 13:07:23.215,OnTrack,1205,4022,1845,pos,0 days 00:04:08.802000,0 days 01:01:05.897000
2024-06-23 13:07:23.415,OnTrack,1326,3965,1838,pos,0 days 00:04:09.002000,0 days 01:01:06.097000
2024-06-23 13:07:23.595,OnTrack,1433,3907,1833,pos,0 days 00:04:09.182000,0 days 01:01:06.277000
2024-06-23 13:07:23.835,OnTrack,1573,3823,1824,pos,0 days 00:04:09.422000,0 days 01:01:06.517000
2024-06-23 13:07:23.995,OnTrack,1665,3765,1818,pos,0 days 00:04:09.582000,0 days 01:01:06.677000
2024-06-23 13:07:24.255,OnTrack,1815,3668,1809,pos,0 days 00:04:09.842000,0 days 01:01:06.937000
2024-06-23 13:07:24.455,OnTrack,2003,3548,1798,pos,0 days 00:04:10.042000,0 days 01:01:07.137000
2024-06-23 13:07:24.876,OnTrack,2193,3426,1787,pos,0 days 00:04:10.463000,0 days 01:01:07.558000
2024-06-23 13:07:25.096,OnTrack,2345,3323,1780,pos,0 days 00:04:10.683000,0 days 01:01:07.778000
2024-06-23 13:07:25.416,OnTrack,2485,3215,1773,pos,0 days 00:04:11.003000,0 days 01:01:08.098000
2024-06-23 13:07:25.616,OnTrack,2555,3150,1768,pos,0 days 00:04:11.203000,0 days 01:01:08.298000
2024-06-23 13:07:25.836,OnTrack,2654,3047,1763,pos,0 days 00:04:11.423000,0 days 01:01:08.518000
2024-06-23 13:07:26.036,OnTrack,2729,2950,1759,pos,0 days 00:04:11.623000,0 days 01:01:08.718000
2024-06-23 13:07:26.336,OnTrack,2830,2740,1752,pos,0 days 00:04:11.923000,0 days 01:01:09.018000
2024-06-23 13:07:26.776,OnTrack,2884,2449,1744,pos,0 days 00:04:12.363000,0 days 01:01:09.458000
2024-06-23 13:07:27.176,OnTrack,2875,2275,1740,pos,0 days 00:04:12.763000,0 days 01:01:09.858000
2024-06-23 13:07:27.396,OnTrack,2829,2076,1737,pos,0 days 00:04:12.983000,0 days 01:01:10.078000
2024-06-23 13:07:27.776,OnTrack,2726,1846,1733,pos,0 days 00:04:13.363000,0 days 01:01:10.458000
2024-06-23 13:07:28.156,OnTrack,2631,1684,1731,pos,0 days 00:04:13.743000,0 days 01:01:10.838000
2024-06-23 13:07:28.436,OnTrack,2529,1525,1728,pos,0 days 00:04:14.023000,0 days 01:01:11.118000
2024-06-23 13:07:28.656,OnTrack,2446,1398,1726,pos,0 days 00:04:14.243000,0 days 01:01:11.338000
2024-06-23 13:07:28.856,OnTrack,2332,1223,1723,pos,0 days 00:04:14.443000,0 days 01:01:11.538000
2024-06-23 13:07:29.116,OnTrack,2271,1129,1721,pos,0 days 00:04:14.703000,0 days 01:01:11.798000
2024-06-23 13:07:29.416,OnTrack,2155,950,1718,pos,0 days 00:04:15.003000,0 days 01:01:12.098000
2024-06-23 13:07:29.635,OnTrack,2068,817,1716,pos,0 days 00:04:15.222000,0 days 01:01:12.317000
2024-06-23 13:07:29.815,OnTrack,1997,707,1714,pos,0 days 00:04:15.402000,0 days 01:01:12.497000
2024-06-23 13:07:30.075,OnTrack,1892,547,1712,pos,0 days 00:04:15.662000,0 days 01:01:12.757000
2024-06-23 13:07:30.295,OnTrack,1803,410,1710,pos,0 days 00:04:15.882000,0 days 01:01:12.977000
2024-06-23 13:07:30.475,OnTrack,1728,296,1709,pos,0 days 00:04:16.062000,0 days 01:01:13.157000
2024-06-23 13:07:30.695,OnTrack,1582,69,1708,pos,0 days 00:04:16.282000,0 days 01:01:13.377000
2024-06-23 13:07:30.975,OnTrack,1511,-40,1707,pos,0 days 00:04:16.562000,0 days 01:01:13.657000
2024-06-23 13:07:31.196,OnTrack,1410,-198,1707,pos,0 days 00:04:16.783000,0 days 01:01:13.878000
2024-06-23 13:07:31.396,OnTrack,1325,-330,1707,pos,0 days 00:04:16.983000,0 days 01:01:14.078000
2024-06-23 13:07:31.716,OnTrack,1197,-532,1708,pos,0 days 00:04:17.303000,0 days 01:01:14.398000
2024-06-23 13:07:31.876,OnTrack,1128,-641,1708,pos,0 days 00:04:17.463000,0 days 01:01:14.558000
2024-06-23 13:07:32.116,OnTrack,1024,-805,1708,pos,0 days 00:04:17.703000,0 days 01:01:14.798000
2024-06-23 13:07:32.236,OnTrack,971,-888,1708,pos,0 days 00:04:17.823000,0 days 01:01:14.918000
2024-06-23 13:07:32.456,OnTrack,874,-1041,1708,pos,0 days 00:04:18.043000,0 days 01:01:15.138000
2024-06-23 13:07:32.776,OnTrack,687,-1336,1707,pos,0 days 00:04:18.363000,0 days 01:01:15.458000
2024-06-23 13:07:33.036,OnTrack,615,-1450,1708,pos,0 days 00:04:18.623000,0 days 01:01:15.718000
2024-06-23 13:07:33.356,OnTrack,469,-1679,1707,pos,0 days 00:04:18.943000,0 days 01:01:16.038000
2024-06-23 13:07:33.516,OnTrack,396,-1794,1708,pos,0 days 00:04:19.103000,0 days 01:01:16.198000
2024-06-23 13:07:33.736,OnTrack,239,-2041,1708,pos,0 days 00:04:19.323000,0 days 01:01:16.418000
2024-06-23 13:07:34.136,OnTrack,109,-2246,1707,pos,0 days 00:04:19.723000,0 days 01:01:16.818000
2024-06-23 13:07:34.296,OnTrack,34,-2363,1707,pos,0 days 00:04:19.883000,0 days 01:01:16.978000
2024-06-23 13:07:34.656,OnTrack,-136,-2628,1706,pos,0 days 00:04:20.243000,0 days 01:01:17.338000
2024-06-23 13:07:34.856,OnTrack,-281,-2849,1704,pos,0 days 00:04:20.443000,0 days 01:01:17.538000
2024-06-23 13:07:35.256,OnTrack,-428,-3071,1701,pos,0 days 00:04:20.843000,0 days 01:01:17.938000
2024-06-23 13:07:35.516,OnTrack,-626,-3368,1697,pos,0 days 00:04:21.103000,0 days 01:01:18.198000
2024-06-23 13:07:35.876,OnTrack,-776,-3592,1693,pos,0 days 00:04:21.463000,0 days 01:01:18.558000
2024-06-23 13:07:36.175,OnTrack,-886,-3756,1689,pos,0 days 00:04:21.762000,0 days 01:01:18.857000
2024-06-23 13:07:36.435,OnTrack,-1018,-3952,1685,pos,0 days 00:04:22.022000,0 days 01:01:19.117000
2024-06-23 13:07:36.675,OnTrack,-1139,-4133,1680,pos,0 days 00:04:22.262000,0 days 01:01:19.357000
2024-06-23 13:07:36.835,OnTrack,-1220,-4254,1676,pos,0 days 00:04:22.422000,0 days 01:01:19.517000
2024-06-23 13:07:37.015,OnTrack,-1312,-4390,1672,pos,0 days 00:04:22.602000,0 days 01:01:19.697000
2024-06-23 13:07:37.355,OnTrack,-1543,-4735,1663,pos,0 days 00:04:22.942000,0 days 01:01:20.037000
2024-06-23 13:07:37.656,OnTrack,-1636,-4875,1659,pos,0 days 00:04:23.243000,0 days 01:01:20.338000
2024-06-23 13:07:37.936,OnTrack,-1773,-5091,1653,pos,0 days 00:04:23.523000,0 days 01:01:20.618000
2024-06-23 13:07:38.176,OnTrack,-1885,-5279,1649,pos,0 days 00:04:23.763000,0 days 01:01:20.858000
2024-06-23 13:07:38.256,OnTrack,-1913,-5326,1649,pos,0 days 00:04:23.843000,0 days 01:01:20.938000
2024-06-23 13:07:38.576,OnTrack,-2057,-5578,1645,pos,0 days 00:04:24.163000,0 days 01:01:21.258000
2024-06-23 13:07:38.796,OnTrack,-2153,-5750,1642,pos,0 days 00:04:24.383000,0 days 01:01:21.478000
2024-06-23 13:07:39.016,OnTrack,-2247,-5921,1640,pos,0 days 00:04:24.603000,0 days 01:01:21.698000
2024-06-23 13:07:39.076,OnTrack,-2272,-5965,1639,pos,0 days 00:04:24.663000,0 days 01:01:21.758000
2024-06-23 13:07:39.416,OnTrack,-2402,-6196,1637,pos,0 days 00:04:25.003000,0 days 01:01:22.098000
2024-06-23 13:07:39.576,OnTrack,-2460,-6292,1636,pos,0 days 00:04:25.163000,0 days 01:01:22.258000
2024-06-23 13:07:39.876,OnTrack,-2592,-6495,1633,pos,0 days 00:04:25.463000,0 days 01:01:22.558000
2024-06-23 13:07:40.276,OnTrack,-2696,-6634,1631,pos,0 days 00:04:25.863000,0 days 01:01:22.958000
2024-06-23 13:07:40.396,OnTrack,-2778,-6730,1629,pos,0 days 00:04:25.983000,0 days 01:01:23.078000
2024-06-23 13:07:40.776,OnTrack,-2853,-6805,1627,pos,0 days 00:04:26.363000,0 days 01:01:23.458000
2024-06-23 13:07:41.116,OnTrack,-2960,-6892,1624,pos,0 days 00:04:26.703000,0 days 01:01:23.798000
2024-06-23 13:07:41.276,OnTrack,-3012,-6925,1623,pos,0 days 00:04:26.863000,0 days 01:01:23.958000
2024-06-23 13:07:41.496,OnTrack,-3120,-6974,1623,pos,0 days 00:04:27.083000,0 days 01:01:24.178000
2024-06-23 13:07:41.956,OnTrack,-3250,-6995,1625,pos,0 days 00:04:27.543000,0 days 01:01:24.638000
2024-06-23 13:07:42.196,OnTrack,-3337,-6988,1626,pos,0 days 00:04:27.783000,0 days 01:01:24.878000
2024-06-23 13:07:42.556,OnTrack,-3505,-6936,1630,pos,0 days 00:04:28.143000,0 days 01:01:25.238000
2024-06-23 13:07:42.835,OnTrack,-3560,-6912,1631,pos,0 days 00:04:28.422000,0 days 01:01:25.517000
2024-06-23 13:07:43.135,OnTrack,-3664,-6864,1632,pos,0 days 00:04:28.722000,0 days 01:01:25.817000
2024-06-23 13:07:43.355,OnTrack,-3766,-6819,1634,pos,0 days 00:04:28.942000,0 days 01:01:26.037000
2024-06-23 13:07:43.755,OnTrack,-3899,-6777,1637,pos,0 days 00:04:29.342000,0 days 01:01:26.437000
2024-06-23 13:07:43.935,OnTrack,-4014,-6768,1641,pos,0 days 00:04:29.522000,0 days 01:01:26.617000
2024-06-23 13:07:44.356,OnTrack,-4160,-6794,1647,pos,0 days 00:04:29.943000,0 days 01:01:27.038000
2024-06-23 13:07:44.596,OnTrack,-4311,-6853,1655,pos,0 days 00:04:30.183000,0 days 01:01:27.278000
2024-06-23 13:07:44.916,OnTrack,-4355,-6876,1657,pos,0 days 00:04:30.503000,0 days 01:01:27.598000
2024-06-23 13:07:45.176,OnTrack,-4464,-6940,1664,pos,0 days 00:04:30.763000,0 days 01:01:27.858000
2024-06-23 13:07:45.376,OnTrack,-4547,-6995,1669,pos,0 days 00:04:30.963000,0 days 01:01:28.058000
2024-06-23 13:07:45.596,OnTrack,-4691,-7098,1677,pos,0 days 00:04:31.183000,0 days 01:01:28.278000
2024-06-23 13:07:46.016,OnTrack,-4826,-7190,1684,pos,0 days 00:04:31.603000,0 days 01:01:28.698000
2024-06-23 13:07:46.196,OnTrack,-4913,-7244,1689,pos,0 days 00:04:31.783000,0 days 01:01:28.878000
2024-06-23 13:07:46.356,OnTrack,-4993,-7289,1693,pos,0 days 00:04:31.943000,0 days 01:01:29.038000
2024-06-23 13:07:46.596,OnTrack,-5116,-7351,1698,pos,0 days 00:04:32.183000,0 days 01:01:29.278000
2024-06-23 13:07:46.776,OnTrack,-5212,-7389,1702,pos,0 days 00:04:32.363000,0 days 01:01:29.458000
2024-06-23 13:07:46.956,OnTrack,-5310,-7420,1707,pos,0 days 00:04:32.543000,0 days 01:01:29.638000
2024-06-23 13:07:47.236,OnTrack,-5466,-7448,1714,pos,0 days 00:04:32.823000,0 days 01:01:29.918000
2024-06-23 13:07:47.356,OnTrack,-5534,-7454,1716,pos,0 days 00:04:32.943000,0 days 01:01:30.038000
2024-06-23 13:07:47.596,OnTrack,-5672,-7452,1722,pos,0 days 00:04:33.183000,0 days 01:01:30.278000
2024-06-23 13:07:47.796,OnTrack,-5785,-7438,1728,pos,0 days 00:04:33.383000,0 days 01:01:30.478000
2024-06-23 13:07:47.956,OnTrack,-5871,-7420,1731,pos,0 days 00:04:33.543000,0 days 01:01:30.638000
2024-06-23 13:07:48.236,OnTrack,-6024,-7372,1737,pos,0 days 00:04:33.823000,0 days 01:01:30.918000
2024-06-23 13:07:48.536,OnTrack,-6181,-7297,1743,pos,0 days 00:04:34.123000,0 days 01:01:31.218000
2024-06-23 13:07:48.696,OnTrack,-6299,-7218,1747,pos,0 days 00:04:34.283000,0 days 01:01:31.378000
2024-06-23 13:07:49.036,OnTrack,-6413,-7113,1753,pos,0 days 00:04:34.623000,0 days 01:01:31.718000
2024-06-23 13:07:49.315,OnTrack,-6520,-6976,1757,pos,0 days 00:04:34.902000,0 days 01:01:31.997000
2024-06-23 13:07:49.435,OnTrack,-6560,-6912,1759,pos,0 days 00:04:35.022000,0 days 01:01:32.117000
2024-06-23 13:07:49.635,OnTrack,-6618,-6798,1761,pos,0 days 00:04:35.222000,0 days 01:01:32.317000
2024-06-23 13:07:49.955,OnTrack,-6702,-6526,1766,pos,0 days 00:04:35.542000,0 days 01:01:32.637000
2024-06-23 13:07:50.395,OnTrack,-6729,-6315,1769,pos,0 days 00:04:35.982000,0 days 01:01:33.077000
2024-06-23 13:07:50.455,OnTrack,-6732,-6274,1769,pos,0 days 00:04:36.042000,0 days 01:01:33.137000
2024-06-23 13:07:50.615,OnTrack,-6733,-6166,1771,pos,0 days 00:04:36.202000,0 days 01:01:33.297000
2024-06-23 13:07:50.956,OnTrack,-6718,-5919,1775,pos,0 days 00:04:36.543000,0 days 01:01:33.638000
2024-06-23 13:07:51.216,OnTrack,-6691,-5727,1777,pos,0 days 00:04:36.803000,0 days 01:01:33.898000
2024-06-23 13:07:51.536,OnTrack,-6639,-5476,1781,pos,0 days 00:04:37.123000,0 days 01:01:34.218000
2024-06-23 13:07:51.976,OnTrack,-6581,-5269,1785,pos,0 days 00:04:37.563000,0 days 01:01:34.658000
2024-06-23 13:07:52.236,OnTrack,-6513,-5093,1788,pos,0 days 00:04:37.823000,0 days 01:01:34.918000
2024-06-23 13:07:52.436,OnTrack,-6417,-4909,1791,pos,0 days 00:04:38.023000,0 days 01:01:35.118000
2024-06-23 13:07:52.896,OnTrack,-6251,-4654,1795,pos,0 days 00:04:38.483000,0 days 01:01:35.578000
2024-06-23 13:07:53.896,OnTrack,-5835,-4025,1805,pos,0 days 00:04:39.483000,0 days 01:01:36.578000
2024-06-23 13:07:54.136,OnTrack,-5739,-3864,1807,pos,0 days 00:04:39.723000,0 days 01:01:36.818000
2024-06-23 13:07:54.396,OnTrack,-5634,-3695,1810,pos,0 days 00:04:39.983000,0 days 01:01:37.078000
2024-06-23 13:07:54.576,OnTrack,-5562,-3586,1811,pos,0 days 00:04:40.163000,0 days 01:01:37.258000
2024-06-23 13:07:54.736,OnTrack,-5502,-3499,1813,pos,0 days 00:04:40.323000,0 days 01:01:37.418000
2024-06-23 13:07:54.956,OnTrack,-5394,-3341,1816,pos,0 days 00:04:40.543000,0 days 01:01:37.638000
2024-06-23 13:07:55.276,OnTrack,-5325,-3244,1817,pos,0 days 00:04:40.863000,0 days 01:01:37.958000
2024-06-23 13:07:55.636,OnTrack,-5216,-3108,1819,pos,0 days 00:04:41.223000,0 days 01:01:38.318000
2024-06-23 13:07:55.815,OnTrack,-5131,-3020,1819,pos,0 days 00:04:41.402000,0 days 01:01:38.497000
2024-06-23 13:07:56.115,OnTrack,-5067,-2967,1820,pos,0 days 00:04:41.702000,0 days 01:01:38.797000
2024-06-23 13:07:56.395,OnTrack,-4974,-2907,1821,pos,0 days 00:04:41.982000,0 days 01:01:39.077000
2024-06-23 13:07:56.495,OnTrack,-4940,-2890,1821,pos,0 days 00:04:42.082000,0 days 01:01:39.177000
2024-06-23 13:07:56.715,OnTrack,-4862,-2861,1823,pos,0 days 00:04:42.302000,0 days 01:01:39.397000
2024-06-23 13:07:57.075,OnTrack,-4688,-2839,1825,pos,0 days 00:04:42.662000,0 days 01:01:39.757000
2024-06-23 13:07:57.376,OnTrack,-4618,-2846,1826,pos,0 days 00:04:42.963000,0 days 01:01:40.058000
2024-06-23 13:07:57.536,OnTrack,-4563,-2858,1828,pos,0 days 00:04:43.123000,0 days 01:01:40.218000
2024-06-23 13:07:57.796,OnTrack,-4478,-2889,1829,pos,0 days 00:04:43.383000,0 days 01:01:40.478000
2024-06-23 13:07:57.956,OnTrack,-4429,-2913,1830,pos,0 days 00:04:43.543000,0 days 01:01:40.638000
2024-06-23 13:07:58.236,OnTrack,-4355,-2959,1832,pos,0 days 00:04:43.823000,0 days 01:01:40.918000
2024-06-23 13:07:58.496,OnTrack,-4276,-3034,1834,pos,0 days 00:04:44.083000,0 days 01:01:41.178000
2024-06-23 13:07:58.756,OnTrack,-4248,-3065,1834,pos,0 days 00:04:44.343000,0 days 01:01:41.438000
2024-06-23 13:07:58.996,OnTrack,-4196,-3132,1835,pos,0 days 00:04:44.583000,0 days 01:01:41.678000
2024-06-23 13:07:59.176,OnTrack,-4160,-3186,1836,pos,0 days 00:04:44.763000,0 days 01:01:41.858000
2024-06-23 13:07:59.536,OnTrack,-4083,-3349,1838,pos,0 days 00:04:45.123000,0 days 01:01:42.218000
2024-06-23 13:07:59.836,OnTrack,-4061,-3417,1838,pos,0 days 00:04:45.423000,0 days 01:01:42.518000
2024-06-23 13:08:00.016,OnTrack,-4045,-3489,1838,pos,0 days 00:04:45.603000,0 days 01:01:42.698000
2024-06-23 13:08:00.376,OnTrack,-4028,-3641,1839,pos,0 days 00:04:45.963000,0 days 01:01:43.058000
2024-06-23 13:08:00.496,OnTrack,-4027,-3694,1839,pos,0 days 00:04:46.083000,0 days 01:01:43.178000
2024-06-23 13:08:00.776,OnTrack,-4038,-3822,1839,pos,0 days 00:04:46.363000,0 days 01:01:43.458000
2024-06-23 13:08:00.936,OnTrack,-4071,-3965,1838,pos,0 days 00:04:46.523000,0 days 01:01:43.618000
2024-06-23 13:08:01.216,OnTrack,-4093,-4033,1837,pos,0 days 00:04:46.803000,0 days 01:01:43.898000
2024-06-23 13:08:01.516,OnTrack,-4157,-4178,1835,pos,0 days 00:04:47.103000,0 days 01:01:44.198000
2024-06-23 13:08:01.796,OnTrack,-4283,-4377,1832,pos,0 days 00:04:47.383000,0 days 01:01:44.478000
2024-06-23 13:08:02.096,OnTrack,-4337,-4453,1830,pos,0 days 00:04:47.683000,0 days 01:01:44.778000
2024-06-23 13:08:02.376,OnTrack,-4435,-4589,1826,pos,0 days 00:04:47.963000,0 days 01:01:45.058000
2024-06-23 13:08:02.555,OnTrack,-4499,-4677,1824,pos,0 days 00:04:48.142000,0 days 01:01:45.237000
2024-06-23 13:08:02.775,OnTrack,-4580,-4787,1821,pos,0 days 00:04:48.362000,0 days 01:01:45.457000
2024-06-23 13:08:03.015,OnTrack,-4669,-4909,1819,pos,0 days 00:04:48.602000,0 days 01:01:45.697000
2024-06-23 13:08:03.195,OnTrack,-4736,-5002,1817,pos,0 days 00:04:48.782000,0 days 01:01:45.877000
2024-06-23 13:08:03.355,OnTrack,-4796,-5082,1815,pos,0 days 00:04:48.942000,0 days 01:01:46.037000
2024-06-23 13:08:03.475,OnTrack,-4839,-5142,1814,pos,0 days 00:04:49.062000,0 days 01:01:46.157000
2024-06-23 13:08:03.695,OnTrack,-4912,-5243,1811,pos,0 days 00:04:49.282000,0 days 01:01:46.377000
2024-06-23 13:08:04.016,OnTrack,-5048,-5444,1805,pos,0 days 00:04:49.603000,0 days 01:01:46.698000
2024-06-23 13:08:04.296,OnTrack,-5079,-5495,1802,pos,0 days 00:04:49.883000,0 days 01:01:46.978000
2024-06-23 13:08:04.676,OnTrack,-5146,-5618,1798,pos,0 days 00:04:50.263000,0 days 01:01:47.358000
2024-06-23 13:08:04.876,OnTrack,-5182,-5703,1794,pos,0 days 00:04:50.463000,0 days 01:01:47.558000
2024-06-23 13:08:05.316,OnTrack,-5217,-5821,1789,pos,0 days 00:04:50.903000,0 days 01:01:47.998000
2024-06-23 13:08:05.476,OnTrack,-5224,-5869,1787,pos,0 days 00:04:51.063000,0 days 01:01:48.158000
2024-06-23 13:08:05.576,OnTrack,-5227,-5898,1786,pos,0 days 00:04:51.163000,0 days 01:01:48.258000
2024-06-23 13:08:05.816,OnTrack,-5223,-5968,1782,pos,0 days 00:04:51.403000,0 days 01:01:48.498000
2024-06-23 13:08:06.076,OnTrack,-5205,-6039,1778,pos,0 days 00:04:51.663000,0 days 01:01:48.758000
2024-06-23 13:08:06.276,OnTrack,-5182,-6090,1775,pos,0 days 00:04:51.863000,0 days 01:01:48.958000
2024-06-23 13:08:06.536,OnTrack,-5139,-6147,1770,pos,0 days 00:04:52.123000,0 days 01:01:49.218000
2024-06-23 13:08:06.656,OnTrack,-5116,-6169,1769,pos,0 days 00:04:52.243000,0 days 01:01:49.338000
2024-06-23 13:08:06.936,OnTrack,-5054,-6210,1768,pos,0 days 00:04:52.523000,0 days 01:01:49.618000
2024-06-23 13:08:07.136,OnTrack,-5005,-6231,1763,pos,0 days 00:04:52.723000,0 days 01:01:49.818000
2024-06-23 13:08:07.296,OnTrack,-4963,-6242,1762,pos,0 days 00:04:52.883000,0 days 01:01:49.978000
2024-06-23 13:08:07.456,OnTrack,-4920,-6249,1758,pos,0 days 00:04:53.043000,0 days 01:01:50.138000
2024-06-23 13:08:07.816,OnTrack,-4776,-6243,1750,pos,0 days 00:04:53.403000,0 days 01:01:50.498000
2024-06-23 13:08:08.196,OnTrack,-4703,-6227,1745,pos,0 days 00:04:53.783000,0 days 01:01:50.878000
2024-06-23 13:08:08.376,OnTrack,-4647,-6209,1742,pos,0 days 00:04:53.963000,0 days 01:01:51.058000
2024-06-23 13:08:08.656,OnTrack,-4558,-6173,1736,pos,0 days 00:04:54.243000,0 days 01:01:51.338000
2024-06-23 13:08:08.676,OnTrack,-4551,-6170,1735,pos,0 days 00:04:54.263000,0 days 01:01:51.358000
2024-06-23 13:08:09.015,OnTrack,-4399,-6094,1725,pos,0 days 00:04:54.602000,0 days 01:01:51.697000
2024-06-23 13:08:09.315,OnTrack,-4327,-6055,1720,pos,0 days 00:04:54.902000,0 days 01:01:51.997000
2024-06-23 13:08:09.535,OnTrack,-4241,-6008,1714,pos,0 days 00:04:55.122000,0 days 01:01:52.217000
2024-06-23 13:08:09.795,OnTrack,-4133,-5949,1707,pos,0 days 00:04:55.382000,0 days 01:01:52.477000
2024-06-23 13:08:10.095,OnTrack,-3910,-5838,1693,pos,0 days 00:04:55.682000,0 days 01:01:52.777000
2024-06-23 13:08:10.435,OnTrack,-3762,-5772,1685,pos,0 days 00:04:56.022000,0 days 01:01:53.117000
2024-06-23 13:08:10.716,OnTrack,-3527,-5675,1675,pos,0 days 00:04:56.303000,0 days 01:01:53.398000
2024-06-23 13:08:10.976,OnTrack,-3462,-5646,1671,pos,0 days 00:04:56.563000,0 days 01:01:53.658000
2024-06-23 13:08:11.176,OnTrack,-3362,-5599,1667,pos,0 days 00:04:56.763000,0 days 01:01:53.858000
2024-06-23 13:08:11.416,OnTrack,-3231,-5528,1662,pos,0 days 00:04:57.003000,0 days 01:01:54.098000
2024-06-23 13:08:11.656,OnTrack,-3101,-5445,1658,pos,0 days 00:04:57.243000,0 days 01:01:54.338000
2024-06-23 13:08:11.836,OnTrack,-3005,-5376,1656,pos,0 days 00:04:57.423000,0 days 01:01:54.518000
2024-06-23 13:08:12.156,OnTrack,-2795,-5192,1652,pos,0 days 00:04:57.743000,0 days 01:01:54.838000
2024-06-23 13:08:12.496,OnTrack,-2684,-5072,1651,pos,0 days 00:04:58.083000,0 days 01:01:55.178000
2024-06-23 13:08:12.676,OnTrack,-2605,-4977,1650,pos,0 days 00:04:58.263000,0 days 01:01:55.358000
2024-06-23 13:08:12.856,OnTrack,-2530,-4877,1651,pos,0 days 00:04:58.443000,0 days 01:01:55.538000
2024-06-23 13:08:13.196,OnTrack,-2400,-4692,1651,pos,0 days 00:04:58.783000,0 days 01:01:55.878000
2024-06-23 13:08:13.356,OnTrack,-2308,-4559,1653,pos,0 days 00:04:58.943000,0 days 01:01:56.038000
2024-06-23 13:08:13.656,OnTrack,-2256,-4482,1654,pos,0 days 00:04:59.243000,0 days 01:01:56.338000
2024-06-23 13:08:13.876,OnTrack,-2198,-4393,1656,pos,0 days 00:04:59.463000,0 days 01:01:56.558000
2024-06-23 13:08:14.216,OnTrack,-2130,-4267,1661,pos,0 days 00:04:59.803000,0 days 01:01:56.898000
2024-06-23 13:08:14.436,OnTrack,-2104,-4184,1662,pos,0 days 00:05:00.023000,0 days 01:01:57.118000
2024-06-23 13:08:14.616,OnTrack,-2092,-4114,1662,pos,0 days 00:05:00.203000,0 days 01:01:57.298000
2024-06-23 13:08:14.776,OnTrack,-2086,-4051,1663,pos,0 days 00:05:00.363000,0 days 01:01:57.458000
2024-06-23 13:08:15.076,OnTrack,-2086,-3914,1667,pos,0 days 00:05:00.663000,0 days 01:01:57.758000
2024-06-23 13:08:15.336,OnTrack,-2095,-3841,1671,pos,0 days 00:05:00.923000,0 days 01:01:58.018000
2024-06-23 13:08:15.615,OnTrack,-2122,-3746,1677,pos,0 days 00:05:01.202000,0 days 01:01:58.297000
2024-06-23 13:08:15.775,OnTrack,-2148,-3695,1680,pos,0 days 00:05:01.362000,0 days 01:01:58.457000
2024-06-23 13:08:15.995,OnTrack,-2195,-3631,1683,pos,0 days 00:05:01.582000,0 days 01:01:58.677000
2024-06-23 13:08:16.275,OnTrack,-2271,-3559,1687,pos,0 days 00:05:01.862000,0 days 01:01:58.957000
2024-06-23 13:08:16.455,OnTrack,-2326,-3516,1690,pos,0 days 00:05:02.042000,0 days 01:01:59.137000
2024-06-23 13:08:16.715,OnTrack,-2411,-3456,1694,pos,0 days 00:05:02.302000,0 days 01:01:59.397000
2024-06-23 13:08:16.735,OnTrack,-2418,-3451,1695,pos,0 days 00:05:02.322000,0 days 01:01:59.417000
2024-06-23 13:08:17.095,OnTrack,-2562,-3334,1706,pos,0 days 00:05:02.682000,0 days 01:01:59.777000
2024-06-23 13:08:17.456,OnTrack,-2658,-3232,1716,pos,0 days 00:05:03.043000,0 days 01:02:00.138000
2024-06-23 13:08:17.716,OnTrack,-2731,-3127,1726,pos,0 days 00:05:03.303000,0 days 01:02:00.398000
2024-06-23 13:08:17.896,OnTrack,-2772,-3054,1730,pos,0 days 00:05:03.483000,0 days 01:02:00.578000
2024-06-23 13:08:18.096,OnTrack,-2819,-2958,1737,pos,0 days 00:05:03.683000,0 days 01:02:00.778000
2024-06-23 13:08:18.316,OnTrack,-2869,-2848,1745,pos,0 days 00:05:03.903000,0 days 01:02:00.998000
2024-06-23 13:08:18.556,OnTrack,-2925,-2725,1752,pos,0 days 00:05:04.143000,0 days 01:02:01.238000
2024-06-23 13:08:18.676,OnTrack,-2954,-2662,1756,pos,0 days 00:05:04.263000,0 days 01:02:01.358000
2024-06-23 13:08:19.016,OnTrack,-3073,-2414,1773,pos,0 days 00:05:04.603000,0 days 01:02:01.698000
2024-06-23 13:08:19.396,OnTrack,-3138,-2276,1782,pos,0 days 00:05:04.983000,0 days 01:02:02.078000
2024-06-23 13:08:19.596,OnTrack,-3192,-2162,1791,pos,0 days 00:05:05.183000,0 days 01:02:02.278000
2024-06-23 13:08:19.836,OnTrack,-3275,-1987,1801,pos,0 days 00:05:05.423000,0 days 01:02:02.518000
2024-06-23 13:08:20.216,OnTrack,-3388,-1750,1817,pos,0 days 00:05:05.803000,0 days 01:02:02.898000
2024-06-23 13:08:20.556,OnTrack,-3450,-1592,1828,pos,0 days 00:05:06.143000,0 days 01:02:03.238000
2024-06-23 13:08:20.876,OnTrack,-3497,-1397,1838,pos,0 days 00:05:06.463000,0 days 01:02:03.558000
2024-06-23 13:08:21.036,OnTrack,-3507,-1298,1842,pos,0 days 00:05:06.623000,0 days 01:02:03.718000
2024-06-23 13:08:21.236,OnTrack,-3506,-1174,1846,pos,0 days 00:05:06.823000,0 days 01:02:03.918000
2024-06-23 13:08:21.396,OnTrack,-3498,-1077,1850,pos,0 days 00:05:06.983000,0 days 01:02:04.078000
2024-06-23 13:08:21.616,OnTrack,-3476,-946,1855,pos,0 days 00:05:07.203000,0 days 01:02:04.298000
2024-06-23 13:08:21.776,OnTrack,-3453,-853,1859,pos,0 days 00:05:07.363000,0 days 01:02:04.458000
2024-06-23 13:08:22.175,OnTrack,-3371,-634,1866,pos,0 days 00:05:07.762000,0 days 01:02:04.857000
2024-06-23 13:08:22.395,OnTrack,-3308,-521,1870,pos,0 days 00:05:07.982000,0 days 01:02:05.077000
2024-06-23 13:08:22.595,OnTrack,-3207,-393,1873,pos,0 days 00:05:08.182000,0 days 01:02:05.277000
2024-06-23 13:08:22.835,OnTrack,-3094,-301,1874,pos,0 days 00:05:08.422000,0 days 01:02:05.517000
2024-06-23 13:08:23.055,OnTrack,-2971,-233,1875,pos,0 days 00:05:08.642000,0 days 01:02:05.737000
2024-06-23 13:08:23.275,OnTrack,-2839,-177,1874,pos,0 days 00:05:08.862000,0 days 01:02:05.957000
2024-06-23 13:08:23.595,OnTrack,-2646,-101,1872,pos,0 days 00:05:09.182000,0 days 01:02:06.277000
2024-06-23 13:08:23.816,OnTrack,-2415,1,1869,pos,0 days 00:05:09.403000,0 days 01:02:06.498000
2024-06-23 13:08:24.116,OnTrack,-2316,48,1867,pos,0 days 00:05:09.703000,0 days 01:02:06.798000
2024-06-23 13:08:24.356,OnTrack,-2178,113,1866,pos,0 days 00:05:09.943000,0 days 01:02:07.038000
2024-06-23 13:08:24.596,OnTrack,-2025,186,1864,pos,0 days 00:05:10.183000,0 days 01:02:07.278000
2024-06-23 13:08:24.776,OnTrack,-1907,241,1862,pos,0 days 00:05:10.363000,0 days 01:02:07.458000
2024-06-23 13:08:25.056,OnTrack,-1722,329,1860,pos,0 days 00:05:10.643000,0 days 01:02:07.738000
2024-06-23 13:08:25.216,OnTrack,-1561,405,1858,pos,0 days 00:05:10.803000,0 days 01:02:07.898000
2024-06-23 13:08:25.696,OnTrack,-1286,537,1854,pos,0 days 00:05:11.283000,0 days 01:02:08.378000
2024-06-23 13:08:25.896,OnTrack,-1054,652,1851,pos,0 days 00:05:11.483000,0 days 01:02:08.578000
2024-06-23 13:08:26.316,OnTrack,-857,755,1849,pos,0 days 00:05:11.903000,0 days 01:02:08.998000
2024-06-23 13:08:26.496,OnTrack,-730,823,1847,pos,0 days 00:05:12.083000,0 days 01:02:09.178000
2024-06-23 13:08:26.696,OnTrack,-587,900,1845,pos,0 days 00:05:12.283000,0 days 01:02:09.378000
2024-06-23 13:08:26.916,OnTrack,-328,1038,1841,pos,0 days 00:05:12.503000,0 days 01:02:09.598000
2024-06-23 13:08:27.316,OnTrack,-139,1139,1839,pos,0 days 00:05:12.903000,0 days 01:02:09.998000
2024-06-23 13:08:27.516,OnTrack,6,1217,1837,pos,0 days 00:05:13.103000,0 days 01:02:10.198000
2024-06-23 13:08:27.756,OnTrack,182,1310,1834,pos,0 days 00:05:13.343000,0 days 01:02:10.438000
2024-06-23 13:08:27.936,OnTrack,312,1378,1833,pos,0 days 00:05:13.523000,0 days 01:02:10.618000
2024-06-23 13:08:28.116,OnTrack,437,1441,1831,pos,0 days 00:05:13.703000,0 days 01:02:10.798000
2024-06-23 13:08:28.376,OnTrack,683,1550,1828,pos,0 days 00:05:13.963000,0 days 01:02:11.058000
2024-06-23 13:08:28.795,OnTrack,845,1616,1826,pos,0 days 00:05:14.382000,0 days 01:02:11.477000
2024-06-23 13:08:28.895,OnTrack,895,1636,1825,pos,0 days 00:05:14.482000,0 days 01:02:11.577000
2024-06-23 13:08:29.055,OnTrack,971,1667,1824,pos,0 days 00:05:14.642000,0 days 01:02:11.737000
2024-06-23 13:08:29.295,OnTrack,1075,1710,1823,pos,0 days 00:05:14.882000,0 days 01:02:11.977000
2024-06-23 13:08:29.495,OnTrack,1153,1746,1823,pos,0 days 00:05:15.082000,0 days 01:02:12.177000
2024-06-23 13:08:29.755,OnTrack,1243,1794,1821,pos,0 days 00:05:15.342000,0 days 01:02:12.437000
2024-06-23 13:08:29.875,OnTrack,1280,1818,1821,pos,0 days 00:05:15.462000,0 days 01:02:12.557000
2024-06-23 13:08:30.095,OnTrack,1340,1865,1820,pos,0 days 00:05:15.682000,0 days 01:02:12.777000
2024-06-23 13:08:30.276,OnTrack,1386,1912,1819,pos,0 days 00:05:15.863000,0 days 01:02:12.958000
2024-06-23 13:08:30.636,OnTrack,1442,2009,1818,pos,0 days 00:05:16.223000,0 days 01:02:13.318000
2024-06-23 13:08:30.796,OnTrack,1456,2056,1818,pos,0 days 00:05:16.383000,0 days 01:02:13.478000
2024-06-23 13:08:30.896,OnTrack,1460,2079,1818,pos,0 days 00:05:16.483000,0 days 01:02:13.578000
2024-06-23 13:08:31.136,OnTrack,1463,2150,1817,pos,0 days 00:05:16.723000,0 days 01:02:13.818000
2024-06-23 13:08:31.336,OnTrack,1455,2207,1817,pos,0 days 00:05:16.923000,0 days 01:02:14.018000
2024-06-23 13:08:31.496,OnTrack,1444,2252,1817,pos,0 days 00:05:17.083000,0 days 01:02:14.178000
2024-06-23 13:08:31.896,OnTrack,1401,2355,1820,pos,0 days 00:05:17.483000,0 days 01:02:14.578000
2024-06-23 13:08:31.936,OnTrack,1395,2364,1820,pos,0 days 00:05:17.523000,0 days 01:02:14.618000
2024-06-23 13:08:32.156,OnTrack,1363,2415,1822,pos,0 days 00:05:17.743000,0 days 01:02:14.838000
2024-06-23 13:08:32.416,OnTrack,1295,2494,1824,pos,0 days 00:05:18.003000,0 days 01:02:15.098000
2024-06-23 13:08:32.816,OnTrack,1236,2544,1826,pos,0 days 00:05:18.403000,0 days 01:02:15.498000
2024-06-23 13:08:33.076,OnTrack,1152,2594,1828,pos,0 days 00:05:18.663000,0 days 01:02:15.758000
2024-06-23 13:08:33.496,OnTrack,1054,2628,1830,pos,0 days 00:05:19.083000,0 days 01:02:16.178000
2024-06-23 13:08:33.696,OnTrack,993,2643,1832,pos,0 days 00:05:19.283000,0 days 01:02:16.378000
2024-06-23 13:08:33.836,OnTrack,948,2650,1833,pos,0 days 00:05:19.423000,0 days 01:02:16.518000
2024-06-23 13:08:34.156,OnTrack,804,2659,1836,pos,0 days 00:05:19.743000,0 days 01:02:16.838000
2024-06-23 13:08:34.556,OnTrack,692,2652,1838,pos,0 days 00:05:20.143000,0 days 01:02:17.238000
2024-06-23 13:08:34.796,OnTrack,596,2635,1840,pos,0 days 00:05:20.383000,0 days 01:02:17.478000
2024-06-23 13:08:34.956,OnTrack,488,2603,1843,pos,0 days 00:05:20.543000,0 days 01:02:17.638000
2024-06-23 13:08:35.236,OnTrack,411,2573,1845,pos,0 days 00:05:20.823000,0 days 01:02:17.918000
2024-06-23 13:08:35.555,OnTrack,221,2470,1855,pos,0 days 00:05:21.142000,0 days 01:02:18.237000
2024-06-23 13:08:36.015,OnTrack,38,2343,1866,pos,0 days 00:05:21.602000,0 days 01:02:18.697000
2024-06-23 13:08:36.335,OnTrack,-162,2222,1874,pos,0 days 00:05:21.922000,0 days 01:02:19.017000
2024-06-23 13:08:36.755,OnTrack,-284,2171,1878,pos,0 days 00:05:22.342000,0 days 01:02:19.437000
2024-06-23 13:08:36.976,OnTrack,-386,2143,1882,pos,0 days 00:05:22.563000,0 days 01:02:19.658000
2024-06-23 13:08:37.256,OnTrack,-553,2122,1890,pos,0 days 00:05:22.843000,0 days 01:02:19.938000
2024-06-23 13:08:37.576,OnTrack,-613,2123,1893,pos,0 days 00:05:23.163000,0 days 01:02:20.258000
2024-06-23 13:08:37.856,OnTrack,-711,2137,1898,pos,0 days 00:05:23.443000,0 days 01:02:20.538000
2024-06-23 13:08:37.956,OnTrack,-743,2146,1899,pos,0 days 00:05:23.543000,0 days 01:02:20.638000
2024-06-23 13:08:38.216,OnTrack,-822,2179,1904,pos,0 days 00:05:23.803000,0 days 01:02:20.898000
2024-06-23 13:08:38.456,OnTrack,-884,2221,1906,pos,0 days 00:05:24.043000,0 days 01:02:21.138000
2024-06-23 13:08:38.696,OnTrack,-956,2298,1908,pos,0 days 00:05:24.283000,0 days 01:02:21.378000
2024-06-23 13:08:39.016,OnTrack,-991,2354,1910,pos,0 days 00:05:24.603000,0 days 01:02:21.698000
2024-06-23 13:08:39.276,OnTrack,-1030,2452,1912,pos,0 days 00:05:24.863000,0 days 01:02:21.958000
2024-06-23 13:08:39.576,OnTrack,-1043,2510,1912,pos,0 days 00:05:25.163000,0 days 01:02:22.258000
2024-06-23 13:08:39.816,OnTrack,-1050,2582,1914,pos,0 days 00:05:25.403000,0 days 01:02:22.498000
2024-06-23 13:08:39.996,OnTrack,-1050,2637,1914,pos,0 days 00:05:25.583000,0 days 01:02:22.678000
2024-06-23 13:08:40.256,OnTrack,-1040,2718,1916,pos,0 days 00:05:25.843000,0 days 01:02:22.938000
2024-06-23 13:08:40.416,OnTrack,-1030,2768,1916,pos,0 days 00:05:26.003000,0 days 01:02:23.098000
2024-06-23 13:08:40.616,OnTrack,-1011,2831,1917,pos,0 days 00:05:26.203000,0 days 01:02:23.298000
2024-06-23 13:08:40.776,OnTrack,-991,2882,1918,pos,0 days 00:05:26.363000,0 days 01:02:23.458000
2024-06-23 13:08:41.176,OnTrack,-903,3040,1921,pos,0 days 00:05:26.763000,0 days 01:02:23.858000
2024-06-23 13:08:41.416,OnTrack,-846,3114,1922,pos,0 days 00:05:27.003000,0 days 01:02:24.098000
2024-06-23 13:08:41.616,OnTrack,-792,3173,1922,pos,0 days 00:05:27.203000,0 days 01:02:24.298000
2024-06-23 13:08:41.915,OnTrack,-698,3261,1922,pos,0 days 00:05:27.502000,0 days 01:02:24.597000
2024-06-23 13:08:42.075,OnTrack,-643,3307,1922,pos,0 days 00:05:27.662000,0 days 01:02:24.757000
2024-06-23 13:08:42.255,OnTrack,-579,3358,1921,pos,0 days 00:05:27.842000,0 days 01:02:24.937000
2024-06-23 13:08:42.475,OnTrack,-494,3423,1920,pos,0 days 00:05:28.062000,0 days 01:02:25.157000
2024-06-23 13:08:42.835,OnTrack,-349,3538,1918,pos,0 days 00:05:28.422000,0 days 01:02:25.517000
2024-06-23 13:08:42.855,OnTrack,-341,3545,1918,pos,0 days 00:05:28.442000,0 days 01:02:25.537000
2024-06-23 13:08:43.195,OnTrack,-138,3718,1912,pos,0 days 00:05:28.782000,0 days 01:02:25.877000
2024-06-23 13:08:43.656,OnTrack,15,3847,1907,pos,0 days 00:05:29.243000,0 days 01:02:26.338000
2024-06-23 13:08:43.816,OnTrack,92,3907,1903,pos,0 days 00:05:29.403000,0 days 01:02:26.498000
2024-06-23 13:08:43.916,OnTrack,141,3943,1901,pos,0 days 00:05:29.503000,0 days 01:02:26.598000
2024-06-23 13:08:44.196,OnTrack,354,4068,1891,pos,0 days 00:05:29.783000,0 days 01:02:26.878000
2024-06-23 13:08:44.616,OnTrack,521,4121,1884,pos,0 days 00:05:30.203000,0 days 01:02:27.298000
2024-06-23 13:08:44.896,OnTrack,699,4140,1875,pos,0 days 00:05:30.483000,0 days 01:02:27.578000
2024-06-23 13:08:44.976,OnTrack,750,4139,1872,pos,0 days 00:05:30.563000,0 days 01:02:27.658000
2024-06-23 13:08:45.296,OnTrack,958,4108,1860,pos,0 days 00:05:30.883000,0 days 01:02:27.978000
2024-06-23 13:08:45.456,OnTrack,1060,4079,1854,pos,0 days 00:05:31.043000,0 days 01:02:28.138000
2024-06-23 13:08:45.736,OnTrack,1296,3980,1840,pos,0 days 00:05:31.323000,0 days 01:02:28.418000
2024-06-23 13:08:46.136,OnTrack,1522,3854,1827,pos,0 days 00:05:31.723000,0 days 01:02:28.818000
2024-06-23 13:08:46.596,OnTrack,1743,3714,1813,pos,0 days 00:05:32.183000,0 days 01:02:29.278000
2024-06-23 13:08:46.816,OnTrack,1920,3601,1803,pos,0 days 00:05:32.403000,0 days 01:02:29.498000
2024-06-23 13:08:47.036,OnTrack,2002,3548,1798,pos,0 days 00:05:32.623000,0 days 01:02:29.718000
2024-06-23 13:08:47.396,OnTrack,2218,3410,1786,pos,0 days 00:05:32.983000,0 days 01:02:30.078000
2024-06-23 13:08:47.596,OnTrack,2382,3296,1777,pos,0 days 00:05:33.183000,0 days 01:02:30.278000
2024-06-23 13:08:48.056,OnTrack,2560,3145,1768,pos,0 days 00:05:33.643000,0 days 01:02:30.738000
2024-06-23 13:08:48.116,OnTrack,2590,3116,1766,pos,0 days 00:05:33.703000,0 days 01:02:30.798000
2024-06-23 13:08:48.436,OnTrack,2725,2956,1759,pos,0 days 00:05:34.023000,0 days 01:02:31.118000
2024-06-23 13:08:48.675,OnTrack,2818,2775,1753,pos,0 days 00:05:34.262000,0 days 01:02:31.357000
2024-06-23 13:08:48.935,OnTrack,2852,2665,1749,pos,0 days 00:05:34.522000,0 days 01:02:31.617000
2024-06-23 13:08:49.255,OnTrack,2885,2389,1744,pos,0 days 00:05:34.842000,0 days 01:02:31.937000
2024-06-23 13:08:49.655,OnTrack,2865,2211,1739,pos,0 days 00:05:35.242000,0 days 01:02:32.337000
2024-06-23 13:08:49.875,OnTrack,2828,2073,1737,pos,0 days 00:05:35.462000,0 days 01:02:32.557000
2024-06-23 13:08:50.116,OnTrack,2730,1854,1733,pos,0 days 00:05:35.703000,0 days 01:02:32.798000
2024-06-23 13:08:50.396,OnTrack,2670,1748,1732,pos,0 days 00:05:35.983000,0 days 01:02:33.078000
2024-06-23 13:08:50.636,OnTrack,2592,1621,1730,pos,0 days 00:05:36.223000,0 days 01:02:33.318000
2024-06-23 13:08:50.916,OnTrack,2487,1460,1727,pos,0 days 00:05:36.503000,0 days 01:02:33.598000
2024-06-23 13:08:51.016,OnTrack,2449,1403,1726,pos,0 days 00:05:36.603000,0 days 01:02:33.698000
2024-06-23 13:08:51.256,OnTrack,2357,1263,1724,pos,0 days 00:05:36.843000,0 days 01:02:33.938000
2024-06-23 13:08:51.436,OnTrack,2288,1156,1722,pos,0 days 00:05:37.023000,0 days 01:02:34.118000
2024-06-23 13:08:51.696,OnTrack,2187,1000,1719,pos,0 days 00:05:37.283000,0 days 01:02:34.378000
2024-06-23 13:08:51.956,OnTrack,2085,842,1716,pos,0 days 00:05:37.543000,0 days 01:02:34.638000
2024-06-23 13:08:51.996,OnTrack,2069,818,1716,pos,0 days 00:05:37.583000,0 days 01:02:34.678000
2024-06-23 13:08:52.336,OnTrack,1932,608,1713,pos,0 days 00:05:37.923000,0 days 01:02:35.018000
2024-06-23 13:08:52.536,OnTrack,1809,420,1710,pos,0 days 00:05:38.123000,0 days 01:02:35.218000
2024-06-23 13:08:52.996,OnTrack,1660,191,1708,pos,0 days 00:05:38.583000,0 days 01:02:35.678000
2024-06-23 13:08:53.136,OnTrack,1543,9,1708,pos,0 days 00:05:38.723000,0 days 01:02:35.818000
2024-06-23 13:08:53.556,OnTrack,1425,-175,1707,pos,0 days 00:05:39.143000,0 days 01:02:36.238000
2024-06-23 13:08:53.816,OnTrack,1262,-430,1707,pos,0 days 00:05:39.403000,0 days 01:02:36.498000
2024-06-23 13:08:54.156,OnTrack,1167,-580,1708,pos,0 days 00:05:39.743000,0 days 01:02:36.838000
2024-06-23 13:08:54.316,OnTrack,1097,-690,1708,pos,0 days 00:05:39.903000,0 days 01:02:36.998000
2024-06-23 13:08:54.616,OnTrack,903,-996,1708,pos,0 days 00:05:40.203000,0 days 01:02:37.298000
2024-06-23 13:08:55.056,OnTrack,769,-1207,1708,pos,0 days 00:05:40.643000,0 days 01:02:37.738000
2024-06-23 13:08:55.175,OnTrack,715,-1292,1707,pos,0 days 00:05:40.762000,0 days 01:02:37.857000
2024-06-23 13:08:55.475,OnTrack,533,-1578,1708,pos,0 days 00:05:41.062000,0 days 01:02:38.157000
2024-06-23 13:08:55.815,OnTrack,423,-1751,1708,pos,0 days 00:05:41.402000,0 days 01:02:38.497000
2024-06-23 13:08:56.075,OnTrack,303,-1941,1708,pos,0 days 00:05:41.662000,0 days 01:02:38.757000
2024-06-23 13:08:56.315,OnTrack,154,-2176,1707,pos,0 days 00:05:41.902000,0 days 01:02:38.997000
2024-06-23 13:08:56.636,OnTrack,32,-2368,1707,pos,0 days 00:05:42.223000,0 days 01:02:39.318000
2024-06-23 13:08:56.876,OnTrack,-131,-2621,1706,pos,0 days 00:05:42.463000,0 days 01:02:39.558000
2024-06-23 13:08:57.196,OnTrack,-218,-2754,1705,pos,0 days 00:05:42.783000,0 days 01:02:39.878000
2024-06-23 13:08:57.496,OnTrack,-366,-2976,1703,pos,0 days 00:05:43.083000,0 days 01:02:40.178000
2024-06-23 13:08:57.776,OnTrack,-504,-3185,1700,pos,0 days 00:05:43.363000,0 days 01:02:40.458000
2024-06-23 13:08:57.996,OnTrack,-613,-3349,1697,pos,0 days 00:05:43.583000,0 days 01:02:40.678000
2024-06-23 13:08:58.076,OnTrack,-653,-3409,1696,pos,0 days 00:05:43.663000,0 days 01:02:40.758000
2024-06-23 13:08:58.296,OnTrack,-764,-3574,1693,pos,0 days 00:05:43.883000,0 days 01:02:40.978000
2024-06-23 13:08:58.516,OnTrack,-874,-3739,1690,pos,0 days 00:05:44.103000,0 days 01:02:41.198000
2024-06-23 13:08:58.796,OnTrack,-1077,-4040,1682,pos,0 days 00:05:44.383000,0 days 01:02:41.478000
2024-06-23 13:08:59.176,OnTrack,-1209,-4237,1677,pos,0 days 00:05:44.763000,0 days 01:02:41.858000
2024-06-23 13:08:59.436,OnTrack,-1403,-4526,1668,pos,0 days 00:05:45.023000,0 days 01:02:42.118000
2024-06-23 13:08:59.816,OnTrack,-1538,-4726,1662,pos,0 days 00:05:45.403000,0 days 01:02:42.498000
2024-06-23 13:08:59.996,OnTrack,-1631,-4867,1659,pos,0 days 00:05:45.583000,0 days 01:02:42.678000
2024-06-23 13:09:00.256,OnTrack,-1782,-5105,1653,pos,0 days 00:05:45.843000,0 days 01:02:42.938000
2024-06-23 13:09:00.636,OnTrack,-2015,-5505,1646,pos,0 days 00:05:46.223000,0 days 01:02:43.318000
2024-06-23 13:09:00.996,OnTrack,-2115,-5682,1643,pos,0 days 00:05:46.583000,0 days 01:02:43.678000
2024-06-23 13:09:01.176,OnTrack,-2245,-5916,1640,pos,0 days 00:05:46.763000,0 days 01:02:43.858000
2024-06-23 13:09:01.536,OnTrack,-2340,-6088,1638,pos,0 days 00:05:47.123000,0 days 01:02:44.218000
2024-06-23 13:09:01.895,OnTrack,-2506,-6367,1634,pos,0 days 00:05:47.482000,0 days 01:02:44.577000
2024-06-23 13:09:02.195,OnTrack,-2571,-6465,1633,pos,0 days 00:05:47.782000,0 days 01:02:44.877000
2024-06-23 13:09:02.435,OnTrack,-2647,-6570,1632,pos,0 days 00:05:48.022000,0 days 01:02:45.117000
2024-06-23 13:09:02.715,OnTrack,-2761,-6711,1629,pos,0 days 00:05:48.302000,0 days 01:02:45.397000
2024-06-23 13:09:02.955,OnTrack,-2811,-6764,1628,pos,0 days 00:05:48.542000,0 days 01:02:45.637000
2024-06-23 13:09:03.176,OnTrack,-2887,-6835,1626,pos,0 days 00:05:48.763000,0 days 01:02:45.858000
2024-06-23 13:09:03.556,OnTrack,-3055,-6948,1624,pos,0 days 00:05:49.143000,0 days 01:02:46.238000
2024-06-23 13:09:03.936,OnTrack,-3171,-6987,1623,pos,0 days 00:05:49.523000,0 days 01:02:46.618000
2024-06-23 13:09:04.336,OnTrack,-3315,-6991,1625,pos,0 days 00:05:49.923000,0 days 01:02:47.018000
2024-06-23 13:09:04.776,OnTrack,-3441,-6961,1628,pos,0 days 00:05:50.363000,0 days 01:02:47.458000
2024-06-23 13:09:05.136,OnTrack,-3552,-6916,1630,pos,0 days 00:05:50.723000,0 days 01:02:47.818000
2024-06-23 13:09:05.296,OnTrack,-3608,-6890,1631,pos,0 days 00:05:50.883000,0 days 01:02:47.978000
2024-06-23 13:09:05.616,OnTrack,-3723,-6837,1633,pos,0 days 00:05:51.203000,0 days 01:02:48.298000
2024-06-23 13:09:05.776,OnTrack,-3783,-6812,1634,pos,0 days 00:05:51.363000,0 days 01:02:48.458000
2024-06-23 13:09:05.936,OnTrack,-3846,-6791,1635,pos,0 days 00:05:51.523000,0 days 01:02:48.618000
2024-06-23 13:09:06.216,OnTrack,-3960,-6769,1639,pos,0 days 00:05:51.803000,0 days 01:02:48.898000
2024-06-23 13:09:06.356,OnTrack,-4020,-6768,1641,pos,0 days 00:05:51.943000,0 days 01:02:49.038000
2024-06-23 13:09:06.556,OnTrack,-4107,-6780,1645,pos,0 days 00:05:52.143000,0 days 01:02:49.238000
2024-06-23 13:09:06.716,OnTrack,-4177,-6799,1648,pos,0 days 00:05:52.303000,0 days 01:02:49.398000
2024-06-23 13:09:06.936,OnTrack,-4272,-6835,1653,pos,0 days 00:05:52.523000,0 days 01:02:49.618000
2024-06-23 13:09:07.176,OnTrack,-4347,-6871,1657,pos,0 days 00:05:52.763000,0 days 01:02:49.858000
2024-06-23 13:09:07.276,OnTrack,-4385,-6893,1659,pos,0 days 00:05:52.863000,0 days 01:02:49.958000
2024-06-23 13:09:07.536,OnTrack,-4493,-6959,1666,pos,0 days 00:05:53.123000,0 days 01:02:50.218000
2024-06-23 13:09:07.756,OnTrack,-4584,-7021,1671,pos,0 days 00:05:53.343000,0 days 01:02:50.438000
2024-06-23 13:09:07.936,OnTrack,-4659,-7076,1674,pos,0 days 00:05:53.523000,0 days 01:02:50.618000
2024-06-23 13:09:08.255,OnTrack,-4846,-7202,1685,pos,0 days 00:05:53.842000,0 days 01:02:50.937000
2024-06-23 13:09:08.535,OnTrack,-4933,-7255,1690,pos,0 days 00:05:54.122000,0 days 01:02:51.217000
2024-06-23 13:09:08.855,OnTrack,-5096,-7342,1697,pos,0 days 00:05:54.442000,0 days 01:02:51.537000
2024-06-23 13:09:09.015,OnTrack,-5182,-7378,1701,pos,0 days 00:05:54.602000,0 days 01:02:51.697000
2024-06-23 13:09:09.155,OnTrack,-5258,-7405,1705,pos,0 days 00:05:54.742000,0 days 01:02:51.837000
2024-06-23 13:09:09.415,OnTrack,-5471,-7449,1714,pos,0 days 00:05:55.002000,0 days 01:02:52.097000
2024-06-23 13:09:09.816,OnTrack,-5644,-7454,1721,pos,0 days 00:05:55.403000,0 days 01:02:52.498000
2024-06-23 13:09:10.116,OnTrack,-5840,-7428,1729,pos,0 days 00:05:55.703000,0 days 01:02:52.798000
2024-06-23 13:09:10.496,OnTrack,-6014,-7376,1736,pos,0 days 00:05:56.083000,0 days 01:02:53.178000
2024-06-23 13:09:10.716,OnTrack,-6169,-7303,1742,pos,0 days 00:05:56.303000,0 days 01:02:53.398000
2024-06-23 13:09:11.116,OnTrack,-6322,-7200,1748,pos,0 days 00:05:56.703000,0 days 01:02:53.798000
2024-06-23 13:09:11.236,OnTrack,-6374,-7153,1751,pos,0 days 00:05:56.823000,0 days 01:02:53.918000
2024-06-23 13:09:11.556,OnTrack,-6534,-6955,1758,pos,0 days 00:05:57.143000,0 days 01:02:54.238000
2024-06-23 13:09:11.816,OnTrack,-6583,-6869,1759,pos,0 days 00:05:57.403000,0 days 01:02:54.498000
2024-06-23 13:09:11.996,OnTrack,-6631,-6766,1762,pos,0 days 00:05:57.583000,0 days 01:02:54.678000
2024-06-23 13:09:12.376,OnTrack,-6701,-6533,1766,pos,0 days 00:05:57.963000,0 days 01:02:55.058000
2024-06-23 13:09:12.556,OnTrack,-6727,-6350,1768,pos,0 days 00:05:58.143000,0 days 01:02:55.238000
2024-06-23 13:09:12.916,OnTrack,-6731,-6084,1772,pos,0 days 00:05:58.503000,0 days 01:02:55.598000
2024-06-23 13:09:13.216,OnTrack,-6723,-5975,1774,pos,0 days 00:05:58.803000,0 days 01:02:55.898000
2024-06-23 13:09:13.516,OnTrack,-6698,-5769,1777,pos,0 days 00:05:59.103000,0 days 01:02:56.198000
2024-06-23 13:09:13.676,OnTrack,-6679,-5659,1778,pos,0 days 00:05:59.263000,0 days 01:02:56.358000
2024-06-23 13:09:13.856,OnTrack,-6656,-5549,1779,pos,0 days 00:05:59.443000,0 days 01:02:56.538000
2024-06-23 13:09:14.156,OnTrack,-6603,-5342,1783,pos,0 days 00:05:59.743000,0 days 01:02:56.838000
2024-06-23 13:09:14.336,OnTrack,-6563,-5219,1786,pos,0 days 00:05:59.923000,0 days 01:02:57.018000
2024-06-23 13:09:14.616,OnTrack,-6484,-5032,1789,pos,0 days 00:06:00.203000,0 days 01:02:57.298000
2024-06-23 13:09:14.816,OnTrack,-6390,-4864,1791,pos,0 days 00:06:00.403000,0 days 01:02:57.498000
2024-06-23 13:09:15.095,OnTrack,-6300,-4725,1794,pos,0 days 00:06:00.682000,0 days 01:02:57.777000
2024-06-23 13:09:15.395,OnTrack,-6125,-4476,1797,pos,0 days 00:06:00.982000,0 days 01:02:58.077000
2024-06-23 13:09:15.775,OnTrack,-5952,-4224,1801,pos,0 days 00:06:01.362000,0 days 01:02:58.457000
2024-06-23 13:09:16.275,OnTrack,-5800,-3965,1806,pos,0 days 00:06:01.862000,0 days 01:02:58.957000
2024-06-23 13:09:16.416,OnTrack,-5735,-3857,1807,pos,0 days 00:06:02.003000,0 days 01:02:59.098000
2024-06-23 13:09:16.596,OnTrack,-5601,-3645,1810,pos,0 days 00:06:02.183000,0 days 01:02:59.278000
2024-06-23 13:09:17.076,OnTrack,-5435,-3401,1815,pos,0 days 00:06:02.663000,0 days 01:02:59.758000
2024-06-23 13:09:17.336,OnTrack,-5388,-3333,1816,pos,0 days 00:06:02.923000,0 days 01:03:00.018000
2024-06-23 13:09:17.616,OnTrack,-5268,-3171,1818,pos,0 days 00:06:03.203000,0 days 01:03:00.298000
2024-06-23 13:09:18.036,OnTrack,-5170,-3059,1819,pos,0 days 00:06:03.623000,0 days 01:03:00.718000
2024-06-23 13:09:18.236,OnTrack,-5108,-3000,1819,pos,0 days 00:06:03.823000,0 days 01:03:00.918000
2024-06-23 13:09:18.436,OnTrack,-5043,-2949,1820,pos,0 days 00:06:04.023000,0 days 01:03:01.118000
2024-06-23 13:09:18.656,OnTrack,-4928,-2885,1822,pos,0 days 00:06:04.243000,0 days 01:03:01.338000
2024-06-23 13:09:18.956,OnTrack,-4865,-2862,1823,pos,0 days 00:06:04.543000,0 days 01:03:01.638000
2024-06-23 13:09:19.276,OnTrack,-4754,-2841,1824,pos,0 days 00:06:04.863000,0 days 01:03:01.958000
2024-06-23 13:09:19.416,OnTrack,-4705,-2839,1825,pos,0 days 00:06:05.003000,0 days 01:03:02.098000
2024-06-23 13:09:19.576,OnTrack,-4650,-2842,1826,pos,0 days 00:06:05.163000,0 days 01:03:02.258000
2024-06-23 13:09:19.796,OnTrack,-4575,-2855,1827,pos,0 days 00:06:05.383000,0 days 01:03:02.478000
2024-06-23 13:09:20.176,OnTrack,-4423,-2916,1831,pos,0 days 00:06:05.763000,0 days 01:03:02.858000
2024-06-23 13:09:20.476,OnTrack,-4365,-2953,1832,pos,0 days 00:06:06.063000,0 days 01:03:03.158000
2024-06-23 13:09:20.756,OnTrack,-4276,-3032,1834,pos,0 days 00:06:06.343000,0 days 01:03:03.438000
2024-06-23 13:09:21.096,OnTrack,-4212,-3110,1835,pos,0 days 00:06:06.683000,0 days 01:03:03.778000
2024-06-23 13:09:21.396,OnTrack,-4151,-3202,1836,pos,0 days 00:06:06.983000,0 days 01:03:04.078000
2024-06-23 13:09:21.575,OnTrack,-4103,-3298,1837,pos,0 days 00:06:07.162000,0 days 01:03:04.257000
2024-06-23 13:09:21.975,OnTrack,-4050,-3461,1838,pos,0 days 00:06:07.562000,0 days 01:03:04.657000
2024-06-23 13:09:22.335,OnTrack,-4033,-3564,1839,pos,0 days 00:06:07.922000,0 days 01:03:05.017000
2024-06-23 13:09:22.535,OnTrack,-4027,-3655,1839,pos,0 days 00:06:08.122000,0 days 01:03:05.217000
2024-06-23 13:09:22.835,OnTrack,-4046,-3869,1838,pos,0 days 00:06:08.422000,0 days 01:03:05.517000
2024-06-23 13:09:23.136,OnTrack,-4069,-3959,1838,pos,0 days 00:06:08.723000,0 days 01:03:05.818000
2024-06-23 13:09:23.456,OnTrack,-4128,-4118,1836,pos,0 days 00:06:09.043000,0 days 01:03:06.138000
2024-06-23 13:09:23.676,OnTrack,-4197,-4246,1834,pos,0 days 00:06:09.263000,0 days 01:03:06.358000
2024-06-23 13:09:23.996,OnTrack,-4281,-4374,1831,pos,0 days 00:06:09.583000,0 days 01:03:06.678000
2024-06-23 13:09:24.276,OnTrack,-4378,-4510,1829,pos,0 days 00:06:09.863000,0 days 01:03:06.958000
2024-06-23 13:09:24.416,OnTrack,-4428,-4579,1826,pos,0 days 00:06:10.003000,0 days 01:03:07.098000
2024-06-23 13:09:24.656,OnTrack,-4516,-4700,1823,pos,0 days 00:06:10.243000,0 days 01:03:07.338000
2024-06-23 13:09:24.836,OnTrack,-4584,-4793,1821,pos,0 days 00:06:10.423000,0 days 01:03:07.518000
2024-06-23 13:09:25.056,OnTrack,-4714,-4971,1817,pos,0 days 00:06:10.643000,0 days 01:03:07.738000
2024-06-23 13:09:25.376,OnTrack,-4791,-5076,1815,pos,0 days 00:06:10.963000,0 days 01:03:08.058000
2024-06-23 13:09:25.756,OnTrack,-4951,-5298,1810,pos,0 days 00:06:11.343000,0 days 01:03:08.438000
2024-06-23 13:09:25.996,OnTrack,-4990,-5356,1807,pos,0 days 00:06:11.583000,0 days 01:03:08.678000
2024-06-23 13:09:26.396,OnTrack,-5084,-5503,1802,pos,0 days 00:06:11.983000,0 days 01:03:09.078000
2024-06-23 13:09:26.436,OnTrack,-5092,-5516,1801,pos,0 days 00:06:12.023000,0 days 01:03:09.118000
2024-06-23 13:09:26.756,OnTrack,-5146,-5619,1798,pos,0 days 00:06:12.343000,0 days 01:03:09.438000
2024-06-23 13:09:26.996,OnTrack,-5187,-5715,1793,pos,0 days 00:06:12.583000,0 days 01:03:09.678000
2024-06-23 13:09:27.876,OnTrack,-5226,-5941,1784,pos,0 days 00:06:13.463000,0 days 01:03:10.558000
2024-06-23 13:09:28.175,OnTrack,-5205,-6039,1778,pos,0 days 00:06:13.762000,0 days 01:03:10.857000
2024-06-23 13:09:28.495,OnTrack,-5160,-6121,1772,pos,0 days 00:06:14.082000,0 days 01:03:11.177000
2024-06-23 13:09:28.875,OnTrack,-5114,-6170,1769,pos,0 days 00:06:14.462000,0 days 01:03:11.557000
2024-06-23 13:09:29.115,OnTrack,-5064,-6205,1767,pos,0 days 00:06:14.702000,0 days 01:03:11.797000
2024-06-23 13:09:29.395,OnTrack,-4997,-6233,1763,pos,0 days 00:06:14.982000,0 days 01:03:12.077000
2024-06-23 13:09:29.616,OnTrack,-4935,-6247,1759,pos,0 days 00:06:15.203000,0 days 01:03:12.298000
2024-06-23 13:09:29.796,OnTrack,-4869,-6251,1756,pos,0 days 00:06:15.383000,0 days 01:03:12.478000
2024-06-23 13:09:30.256,OnTrack,-4760,-6240,1749,pos,0 days 00:06:15.843000,0 days 01:03:12.938000
2024-06-23 13:09:30.436,OnTrack,-4706,-6227,1745,pos,0 days 00:06:16.023000,0 days 01:03:13.118000
2024-06-23 13:09:30.576,OnTrack,-4663,-6214,1742,pos,0 days 00:06:16.163000,0 days 01:03:13.258000
2024-06-23 13:09:30.756,OnTrack,-4607,-6194,1739,pos,0 days 00:06:16.343000,0 days 01:03:13.438000
2024-06-23 13:09:31.036,OnTrack,-4517,-6154,1734,pos,0 days 00:06:16.623000,0 days 01:03:13.718000
2024-06-23 13:09:31.276,OnTrack,-4400,-6095,1725,pos,0 days 00:06:16.863000,0 days 01:03:13.958000
2024-06-23 13:09:31.536,OnTrack,-4342,-6063,1721,pos,0 days 00:06:17.123000,0 days 01:03:14.218000
2024-06-23 13:09:31.816,OnTrack,-4234,-6004,1714,pos,0 days 00:06:17.403000,0 days 01:03:14.498000
2024-06-23 13:09:32.036,OnTrack,-4090,-5927,1704,pos,0 days 00:06:17.623000,0 days 01:03:14.718000
2024-06-23 13:09:32.376,OnTrack,-3991,-5877,1697,pos,0 days 00:06:17.963000,0 days 01:03:15.058000
2024-06-23 13:09:32.596,OnTrack,-3884,-5826,1692,pos,0 days 00:06:18.183000,0 days 01:03:15.278000
2024-06-23 13:09:32.936,OnTrack,-3646,-5724,1679,pos,0 days 00:06:18.523000,0 days 01:03:15.618000
2024-06-23 13:09:33.336,OnTrack,-3470,-5649,1672,pos,0 days 00:06:18.923000,0 days 01:03:16.018000
2024-06-23 13:09:33.656,OnTrack,-3314,-5574,1665,pos,0 days 00:06:19.243000,0 days 01:03:16.338000
2024-06-23 13:09:33.876,OnTrack,-3192,-5505,1661,pos,0 days 00:06:19.463000,0 days 01:03:16.558000
2024-06-23 13:09:34.156,OnTrack,-3040,-5403,1656,pos,0 days 00:06:19.743000,0 days 01:03:16.838000
2024-06-23 13:09:34.356,OnTrack,-2864,-5258,1653,pos,0 days 00:06:19.943000,0 days 01:03:17.038000
2024-06-23 13:09:34.655,OnTrack,-2784,-5182,1651,pos,0 days 00:06:20.242000,0 days 01:03:17.337000
2024-06-23 13:09:34.895,OnTrack,-2672,-5059,1650,pos,0 days 00:06:20.482000,0 days 01:03:17.577000
2024-06-23 13:09:35.095,OnTrack,-2527,-4872,1651,pos,0 days 00:06:20.682000,0 days 01:03:17.777000
2024-06-23 13:09:35.635,OnTrack,-2355,-4627,1651,pos,0 days 00:06:21.222000,0 days 01:03:18.317000
2024-06-23 13:09:36.015,OnTrack,-2242,-4461,1654,pos,0 days 00:06:21.602000,0 days 01:03:18.697000
2024-06-23 13:09:36.296,OnTrack,-2194,-4387,1656,pos,0 days 00:06:21.883000,0 days 01:03:18.978000
2024-06-23 13:09:36.496,OnTrack,-2154,-4317,1659,pos,0 days 00:06:22.083000,0 days 01:03:19.178000
2024-06-23 13:09:36.776,OnTrack,-2106,-4193,1661,pos,0 days 00:06:22.363000,0 days 01:03:19.458000
2024-06-23 13:09:37.036,OnTrack,-2088,-4081,1662,pos,0 days 00:06:22.623000,0 days 01:03:19.718000
2024-06-23 13:09:37.316,OnTrack,-2084,-3993,1665,pos,0 days 00:06:22.903000,0 days 01:03:19.998000
2024-06-23 13:09:37.576,OnTrack,-2087,-3899,1668,pos,0 days 00:06:23.163000,0 days 01:03:20.258000
2024-06-23 13:09:37.736,OnTrack,-2094,-3844,1671,pos,0 days 00:06:23.323000,0 days 01:03:20.418000
2024-06-23 13:09:37.976,OnTrack,-2115,-3766,1675,pos,0 days 00:06:23.563000,0 days 01:03:20.658000
2024-06-23 13:09:38.216,OnTrack,-2150,-3693,1680,pos,0 days 00:06:23.803000,0 days 01:03:20.898000
2024-06-23 13:09:38.476,OnTrack,-2205,-3621,1683,pos,0 days 00:06:24.063000,0 days 01:03:21.158000
2024-06-23 13:09:38.516,OnTrack,-2215,-3610,1684,pos,0 days 00:06:24.103000,0 days 01:03:21.198000
2024-06-23 13:09:38.876,OnTrack,-2346,-3502,1691,pos,0 days 00:06:24.463000,0 days 01:03:21.558000
2024-06-23 13:09:39.156,OnTrack,-2405,-3460,1694,pos,0 days 00:06:24.743000,0 days 01:03:21.838000
2024-06-23 13:09:39.496,OnTrack,-2517,-3374,1702,pos,0 days 00:06:25.083000,0 days 01:03:22.178000
2024-06-23 13:09:39.716,OnTrack,-2609,-3288,1710,pos,0 days 00:06:25.303000,0 days 01:03:22.398000
2024-06-23 13:09:40.016,OnTrack,-2680,-3202,1718,pos,0 days 00:06:25.603000,0 days 01:03:22.698000
2024-06-23 13:09:40.236,OnTrack,-2740,-3112,1727,pos,0 days 00:06:25.823000,0 days 01:03:22.918000
2024-06-23 13:09:40.516,OnTrack,-2807,-2983,1736,pos,0 days 00:06:26.103000,0 days 01:03:23.198000
2024-06-23 13:09:40.696,OnTrack,-2847,-2894,1741,pos,0 days 00:06:26.283000,0 days 01:03:23.378000
2024-06-23 13:09:40.896,OnTrack,-2893,-2794,1748,pos,0 days 00:06:26.483000,0 days 01:03:23.578000
2024-06-23 13:09:41.116,OnTrack,-2946,-2680,1755,pos,0 days 00:06:26.703000,0 days 01:03:23.798000
2024-06-23 13:09:41.335,OnTrack,-3000,-2565,1763,pos,0 days 00:06:26.922000,0 days 01:03:24.017000
2024-06-23 13:09:41.515,OnTrack,-3046,-2469,1769,pos,0 days 00:06:27.102000,0 days 01:03:24.197000
2024-06-23 13:09:41.655,OnTrack,-3087,-2382,1776,pos,0 days 00:06:27.242000,0 days 01:03:24.337000
2024-06-23 13:09:41.835,OnTrack,-3143,-2264,1783,pos,0 days 00:06:27.422000,0 days 01:03:24.517000
2024-06-23 13:09:42.135,OnTrack,-3225,-2093,1795,pos,0 days 00:06:27.722000,0 days 01:03:24.817000
2024-06-23 13:09:42.295,OnTrack,-3270,-1999,1801,pos,0 days 00:06:27.882000,0 days 01:03:24.977000
2024-06-23 13:09:42.515,OnTrack,-3333,-1868,1809,pos,0 days 00:06:28.102000,0 days 01:03:25.197000
2024-06-23 13:09:42.696,OnTrack,-3423,-1665,1822,pos,0 days 00:06:28.283000,0 days 01:03:25.378000
2024-06-23 13:09:43.016,OnTrack,-3460,-1559,1829,pos,0 days 00:06:28.603000,0 days 01:03:25.698000
2024-06-23 13:09:43.376,OnTrack,-3502,-1360,1840,pos,0 days 00:06:28.963000,0 days 01:03:26.058000
2024-06-23 13:09:43.536,OnTrack,-3508,-1265,1843,pos,0 days 00:06:29.123000,0 days 01:03:26.218000
2024-06-23 13:09:43.736,OnTrack,-3504,-1145,1847,pos,0 days 00:06:29.323000,0 days 01:03:26.418000
2024-06-23 13:09:43.956,OnTrack,-3473,-934,1856,pos,0 days 00:06:29.543000,0 days 01:03:26.638000
2024-06-23 13:09:44.376,OnTrack,-3409,-721,1864,pos,0 days 00:06:29.963000,0 days 01:03:27.058000
2024-06-23 13:09:44.676,OnTrack,-3362,-615,1867,pos,0 days 00:06:30.263000,0 days 01:03:27.358000
2024-06-23 13:09:44.996,OnTrack,-3263,-458,1871,pos,0 days 00:06:30.583000,0 days 01:03:27.678000
2024-06-23 13:09:45.156,OnTrack,-3201,-388,1873,pos,0 days 00:06:30.743000,0 days 01:03:27.838000
2024-06-23 13:09:45.416,OnTrack,-3012,-254,1875,pos,0 days 00:06:31.003000,0 days 01:03:28.098000
2024-06-23 13:09:45.736,OnTrack,-2895,-200,1874,pos,0 days 00:06:31.323000,0 days 01:03:28.418000
2024-06-23 13:09:46.056,OnTrack,-2701,-123,1872,pos,0 days 00:06:31.643000,0 days 01:03:28.738000
2024-06-23 13:09:46.256,OnTrack,-2531,-51,1870,pos,0 days 00:06:31.843000,0 days 01:03:28.938000
2024-06-23 13:09:46.556,OnTrack,-2396,10,1868,pos,0 days 00:06:32.143000,0 days 01:03:29.238000
2024-06-23 13:09:46.836,OnTrack,-2146,128,1865,pos,0 days 00:06:32.423000,0 days 01:03:29.518000
2024-06-23 13:09:47.296,OnTrack,-1925,233,1862,pos,0 days 00:06:32.883000,0 days 01:03:29.978000
2024-06-23 13:09:47.456,OnTrack,-1820,283,1861,pos,0 days 00:06:33.043000,0 days 01:03:30.138000
2024-06-23 13:09:47.696,OnTrack,-1563,404,1858,pos,0 days 00:06:33.283000,0 days 01:03:30.378000
2024-06-23 13:09:48.115,OnTrack,-1371,495,1855,pos,0 days 00:06:33.702000,0 days 01:03:30.797000
2024-06-23 13:09:48.295,OnTrack,-1245,556,1854,pos,0 days 00:06:33.882000,0 days 01:03:30.977000
2024-06-23 13:09:48.515,OnTrack,-1043,657,1851,pos,0 days 00:06:34.102000,0 days 01:03:31.197000
2024-06-23 13:09:48.655,OnTrack,-945,709,1850,pos,0 days 00:06:34.242000,0 days 01:03:31.337000
2024-06-23 13:09:48.815,OnTrack,-832,769,1848,pos,0 days 00:06:34.402000,0 days 01:03:31.497000
2024-06-23 13:09:49.135,OnTrack,-603,892,1845,pos,0 days 00:06:34.722000,0 days 01:03:31.817000
2024-06-23 13:09:49.396,OnTrack,-325,1040,1841,pos,0 days 00:06:34.983000,0 days 01:03:32.078000
2024-06-23 13:09:49.636,OnTrack,-223,1094,1840,pos,0 days 00:06:35.223000,0 days 01:03:32.318000
2024-06-23 13:09:50.016,OnTrack,25,1226,1836,pos,0 days 00:06:35.603000,0 days 01:03:32.698000
2024-06-23 13:09:50.216,OnTrack,157,1297,1835,pos,0 days 00:06:35.803000,0 days 01:03:32.898000
2024-06-23 13:09:50.396,OnTrack,308,1376,1833,pos,0 days 00:06:35.983000,0 days 01:03:33.078000
2024-06-23 13:09:50.856,OnTrack,567,1501,1829,pos,0 days 00:06:36.443000,0 days 01:03:33.538000
2024-06-23 13:09:51.096,OnTrack,664,1542,1828,pos,0 days 00:06:36.683000,0 days 01:03:33.778000
2024-06-23 13:09:51.296,OnTrack,766,1584,1827,pos,0 days 00:06:36.883000,0 days 01:03:33.978000
2024-06-23 13:09:51.696,OnTrack,950,1658,1824,pos,0 days 00:06:37.283000,0 days 01:03:34.378000
2024-06-23 13:09:51.796,OnTrack,992,1675,1824,pos,0 days 00:06:37.383000,0 days 01:03:34.478000
2024-06-23 13:09:51.976,OnTrack,1064,1705,1823,pos,0 days 00:06:37.563000,0 days 01:03:34.658000
2024-06-23 13:09:52.156,OnTrack,1130,1735,1823,pos,0 days 00:06:37.743000,0 days 01:03:34.838000
2024-06-23 13:09:52.476,OnTrack,1237,1791,1821,pos,0 days 00:06:38.063000,0 days 01:03:35.158000
2024-06-23 13:09:52.696,OnTrack,1301,1833,1821,pos,0 days 00:06:38.283000,0 days 01:03:35.378000
2024-06-23 13:09:52.736,OnTrack,1312,1842,1821,pos,0 days 00:06:38.323000,0 days 01:03:35.418000
2024-06-23 13:09:53.036,OnTrack,1383,1909,1819,pos,0 days 00:06:38.623000,0 days 01:03:35.718000
2024-06-23 13:09:53.256,OnTrack,1421,1965,1819,pos,0 days 00:06:38.843000,0 days 01:03:35.938000
2024-06-23 13:09:53.436,OnTrack,1444,2015,1818,pos,0 days 00:06:39.023000,0 days 01:03:36.118000
2024-06-23 13:09:53.616,OnTrack,1458,2067,1818,pos,0 days 00:06:39.203000,0 days 01:03:36.298000
2024-06-23 13:09:53.776,OnTrack,1463,2114,1817,pos,0 days 00:06:39.363000,0 days 01:03:36.458000
2024-06-23 13:09:54.076,OnTrack,1456,2202,1817,pos,0 days 00:06:39.663000,0 days 01:03:36.758000
2024-06-23 13:09:54.336,OnTrack,1425,2304,1818,pos,0 days 00:06:39.923000,0 days 01:03:37.018000
2024-06-23 13:09:54.755,OnTrack,1388,2376,1820,pos,0 days 00:06:40.342000,0 days 01:03:37.437000
2024-06-23 13:09:54.815,OnTrack,1379,2390,1821,pos,0 days 00:06:40.402000,0 days 01:03:37.497000
2024-06-23 13:09:55.175,OnTrack,1297,2492,1824,pos,0 days 00:06:40.762000,0 days 01:03:37.857000
2024-06-23 13:09:55.535,OnTrack,1253,2531,1826,pos,0 days 00:06:41.122000,0 days 01:03:38.217000
2024-06-23 13:09:55.655,OnTrack,1227,2551,1826,pos,0 days 00:06:41.242000,0 days 01:03:38.337000
2024-06-23 13:09:55.916,OnTrack,1159,2590,1828,pos,0 days 00:06:41.503000,0 days 01:03:38.598000
2024-06-23 13:09:56.116,OnTrack,1105,2613,1829,pos,0 days 00:06:41.703000,0 days 01:03:38.798000
2024-06-23 13:09:56.316,OnTrack,1047,2630,1830,pos,0 days 00:06:41.903000,0 days 01:03:38.998000
2024-06-23 13:09:56.556,OnTrack,979,2645,1832,pos,0 days 00:06:42.143000,0 days 01:03:39.238000
2024-06-23 13:09:56.716,OnTrack,926,2653,1833,pos,0 days 00:06:42.303000,0 days 01:03:39.398000
2024-06-23 13:09:56.876,OnTrack,872,2658,1834,pos,0 days 00:06:42.463000,0 days 01:03:39.558000
2024-06-23 13:09:57.156,OnTrack,718,2655,1837,pos,0 days 00:06:42.743000,0 days 01:03:39.838000
2024-06-23 13:09:57.596,OnTrack,600,2635,1840,pos,0 days 00:06:43.183000,0 days 01:03:40.278000
2024-06-23 13:09:57.876,OnTrack,484,2602,1843,pos,0 days 00:06:43.463000,0 days 01:03:40.558000
2024-06-23 13:09:58.056,OnTrack,364,2551,1848,pos,0 days 00:06:43.643000,0 days 01:03:40.738000
2024-06-23 13:09:58.436,OnTrack,243,2484,1853,pos,0 days 00:06:44.023000,0 days 01:03:41.118000
2024-06-23 13:09:58.676,OnTrack,139,2415,1860,pos,0 days 00:06:44.263000,0 days 01:03:41.358000
2024-06-23 13:09:58.896,OnTrack,43,2347,1865,pos,0 days 00:06:44.483000,0 days 01:03:41.578000
2024-06-23 13:09:59.116,OnTrack,-118,2244,1872,pos,0 days 00:06:44.703000,0 days 01:03:41.798000
2024-06-23 13:09:59.456,OnTrack,-230,2192,1876,pos,0 days 00:06:45.043000,0 days 01:03:42.138000
2024-06-23 13:09:59.636,OnTrack,-305,2165,1879,pos,0 days 00:06:45.223000,0 days 01:03:42.318000
2024-06-23 13:09:59.856,OnTrack,-394,2141,1882,pos,0 days 00:06:45.443000,0 days 01:03:42.538000
2024-06-23 13:10:00.056,OnTrack,-472,2128,1886,pos,0 days 00:06:45.643000,0 days 01:03:42.738000
2024-06-23 13:10:00.236,OnTrack,-540,2123,1889,pos,0 days 00:06:45.823000,0 days 01:03:42.918000
2024-06-23 13:10:00.536,OnTrack,-649,2126,1895,pos,0 days 00:06:46.123000,0 days 01:03:43.218000
2024-06-23 13:10:00.716,OnTrack,-712,2137,1898,pos,0 days 00:06:46.303000,0 days 01:03:43.398000
2024-06-23 13:10:00.995,OnTrack,-829,2183,1904,pos,0 days 00:06:46.582000,0 days 01:03:43.677000
2024-06-23 13:10:01.335,OnTrack,-919,2254,1907,pos,0 days 00:06:46.922000,0 days 01:03:44.017000
2024-06-23 13:10:01.655,OnTrack,-960,2303,1909,pos,0 days 00:06:47.242000,0 days 01:03:44.337000
2024-06-23 13:10:01.855,OnTrack,-992,2355,1910,pos,0 days 00:06:47.442000,0 days 01:03:44.537000
2024-06-23 13:10:02.155,OnTrack,-1027,2439,1912,pos,0 days 00:06:47.742000,0 days 01:03:44.837000
2024-06-23 13:10:02.356,OnTrack,-1042,2503,1913,pos,0 days 00:06:47.943000,0 days 01:03:45.038000
2024-06-23 13:10:02.596,OnTrack,-1051,2599,1914,pos,0 days 00:06:48.183000,0 days 01:03:45.278000
2024-06-23 13:10:03.016,OnTrack,-1044,2697,1915,pos,0 days 00:06:48.603000,0 days 01:03:45.698000
2024-06-23 13:10:03.176,OnTrack,-1035,2747,1916,pos,0 days 00:06:48.763000,0 days 01:03:45.858000
2024-06-23 13:10:03.476,OnTrack,-997,2866,1917,pos,0 days 00:06:49.063000,0 days 01:03:46.158000
2024-06-23 13:10:03.776,OnTrack,-966,2935,1920,pos,0 days 00:06:49.363000,0 days 01:03:46.458000
2024-06-23 13:10:03.996,OnTrack,-927,3004,1921,pos,0 days 00:06:49.583000,0 days 01:03:46.678000
2024-06-23 13:10:04.216,OnTrack,-841,3120,1922,pos,0 days 00:06:49.803000,0 days 01:03:46.898000
2024-06-23 13:10:04.536,OnTrack,-751,3213,1922,pos,0 days 00:06:50.123000,0 days 01:03:47.218000
2024-06-23 13:10:04.716,OnTrack,-694,3264,1922,pos,0 days 00:06:50.303000,0 days 01:03:47.398000
2024-06-23 13:10:04.816,OnTrack,-661,3292,1922,pos,0 days 00:06:50.403000,0 days 01:03:47.498000
2024-06-23 13:10:04.996,OnTrack,-597,3343,1921,pos,0 days 00:06:50.583000,0 days 01:03:47.678000
2024-06-23 13:10:05.296,OnTrack,-482,3433,1920,pos,0 days 00:06:50.883000,0 days 01:03:47.978000
2024-06-23 13:10:05.456,OnTrack,-418,3482,1919,pos,0 days 00:06:51.043000,0 days 01:03:48.138000
2024-06-23 13:10:05.676,OnTrack,-330,3554,1918,pos,0 days 00:06:51.263000,0 days 01:03:48.358000
2024-06-23 13:10:05.836,OnTrack,-264,3610,1916,pos,0 days 00:06:51.423000,0 days 01:03:48.518000
2024-06-23 13:10:06.056,OnTrack,-171,3690,1913,pos,0 days 00:06:51.643000,0 days 01:03:48.738000
2024-06-23 13:10:06.376,OnTrack,-28,3810,1908,pos,0 days 00:06:51.963000,0 days 01:03:49.058000
2024-06-23 13:10:06.636,OnTrack,142,3944,1901,pos,0 days 00:06:52.223000,0 days 01:03:49.318000
2024-06-23 13:10:07.056,OnTrack,356,4069,1891,pos,0 days 00:06:52.643000,0 days 01:03:49.738000
2024-06-23 13:10:07.396,OnTrack,570,4130,1881,pos,0 days 00:06:52.983000,0 days 01:03:50.078000
2024-06-23 13:10:07.755,OnTrack,734,4139,1873,pos,0 days 00:06:53.342000,0 days 01:03:50.437000
2024-06-23 13:10:08.095,OnTrack,966,4106,1860,pos,0 days 00:06:53.682000,0 days 01:03:50.777000
2024-06-23 13:10:08.375,OnTrack,1128,4054,1850,pos,0 days 00:06:53.962000,0 days 01:03:51.057000
2024-06-23 13:10:08.635,OnTrack,1288,3984,1840,pos,0 days 00:06:54.222000,0 days 01:03:51.317000
2024-06-23 13:10:08.895,OnTrack,1525,3852,1827,pos,0 days 00:06:54.482000,0 days 01:03:51.577000
2024-06-23 13:10:09.176,OnTrack,1619,3794,1821,pos,0 days 00:06:54.763000,0 days 01:03:51.858000
2024-06-23 13:10:09.516,OnTrack,1867,3635,1806,pos,0 days 00:06:55.103000,0 days 01:03:52.198000
2024-06-23 13:10:09.956,OnTrack,2071,3505,1794,pos,0 days 00:06:55.543000,0 days 01:03:52.638000
2024-06-23 13:10:10.136,OnTrack,2180,3435,1788,pos,0 days 00:06:55.723000,0 days 01:03:52.818000
2024-06-23 13:10:10.296,OnTrack,2357,3314,1779,pos,0 days 00:06:55.883000,0 days 01:03:52.978000
2024-06-23 13:10:10.656,OnTrack,2477,3222,1773,pos,0 days 00:06:56.243000,0 days 01:03:53.338000
2024-06-23 13:10:10.896,OnTrack,2582,3125,1767,pos,0 days 00:06:56.483000,0 days 01:03:53.578000
2024-06-23 13:10:11.056,OnTrack,2653,3048,1763,pos,0 days 00:06:56.643000,0 days 01:03:53.738000
2024-06-23 13:10:11.316,OnTrack,2749,2919,1757,pos,0 days 00:06:56.903000,0 days 01:03:53.998000
2024-06-23 13:10:11.556,OnTrack,2814,2785,1753,pos,0 days 00:06:57.143000,0 days 01:03:54.238000
2024-06-23 13:10:11.796,OnTrack,2857,2641,1748,pos,0 days 00:06:57.383000,0 days 01:03:54.478000
2024-06-23 13:10:11.996,OnTrack,2878,2516,1745,pos,0 days 00:06:57.583000,0 days 01:03:54.678000
2024-06-23 13:10:12.216,OnTrack,2879,2304,1741,pos,0 days 00:06:57.803000,0 days 01:03:54.898000
2024-06-23 13:10:12.636,OnTrack,2825,2065,1737,pos,0 days 00:06:58.223000,0 days 01:03:55.318000
2024-06-23 13:10:13.036,OnTrack,2735,1862,1734,pos,0 days 00:06:58.623000,0 days 01:03:55.718000
2024-06-23 13:10:13.196,OnTrack,2640,1699,1731,pos,0 days 00:06:58.783000,0 days 01:03:55.878000
2024-06-23 13:10:13.576,OnTrack,2546,1550,1729,pos,0 days 00:06:59.163000,0 days 01:03:56.258000
2024-06-23 13:10:13.776,OnTrack,2470,1435,1727,pos,0 days 00:06:59.363000,0 days 01:03:56.458000
2024-06-23 13:10:13.896,OnTrack,2425,1365,1726,pos,0 days 00:06:59.483000,0 days 01:03:56.578000
2024-06-23 13:10:14.155,OnTrack,2325,1213,1723,pos,0 days 00:06:59.742000,0 days 01:03:56.837000
2024-06-23 13:10:14.315,OnTrack,2263,1117,1721,pos,0 days 00:06:59.902000,0 days 01:03:56.997000
2024-06-23 13:10:14.515,OnTrack,2185,997,1719,pos,0 days 00:07:00.102000,0 days 01:03:57.197000
2024-06-23 13:10:14.755,OnTrack,2090,851,1716,pos,0 days 00:07:00.342000,0 days 01:03:57.437000
2024-06-23 13:10:14.935,OnTrack,2018,740,1715,pos,0 days 00:07:00.522000,0 days 01:03:57.617000
2024-06-23 13:10:15.275,OnTrack,1840,467,1711,pos,0 days 00:07:00.862000,0 days 01:03:57.957000
2024-06-23 13:10:15.616,OnTrack,1732,302,1709,pos,0 days 00:07:01.203000,0 days 01:03:58.298000
2024-06-23 13:10:15.856,OnTrack,1632,147,1707,pos,0 days 00:07:01.443000,0 days 01:03:58.538000
2024-06-23 13:10:15.996,OnTrack,1574,56,1708,pos,0 days 00:07:01.583000,0 days 01:03:58.678000
2024-06-23 13:10:16.156,OnTrack,1515,-35,1707,pos,0 days 00:07:01.743000,0 days 01:03:58.838000
2024-06-23 13:10:16.556,OnTrack,1344,-302,1707,pos,0 days 00:07:02.143000,0 days 01:03:59.238000
2024-06-23 13:10:17.456,OnTrack,914,-977,1708,pos,0 days 00:07:03.043000,0 days 01:04:00.138000
2024-06-23 13:10:17.916,OnTrack,744,-1245,1708,pos,0 days 00:07:03.503000,0 days 01:04:00.598000
2024-06-23 13:10:18.016,OnTrack,699,-1316,1707,pos,0 days 00:07:03.603000,0 days 01:04:00.698000
2024-06-23 13:10:18.196,OnTrack,618,-1445,1707,pos,0 days 00:07:03.783000,0 days 01:04:00.878000
2024-06-23 13:10:18.536,OnTrack,462,-1690,1708,pos,0 days 00:07:04.123000,0 days 01:04:01.218000
2024-06-23 13:10:18.736,OnTrack,323,-1909,1708,pos,0 days 00:07:04.323000,0 days 01:04:01.418000
2024-06-23 13:10:19.156,OnTrack,118,-2232,1707,pos,0 days 00:07:04.743000,0 days 01:04:01.838000
2024-06-23 13:10:19.456,OnTrack,33,-2366,1707,pos,0 days 00:07:05.043000,0 days 01:04:02.138000
2024-06-23 13:10:19.696,OnTrack,-81,-2544,1707,pos,0 days 00:07:05.283000,0 days 01:04:02.378000
2024-06-23 13:10:19.976,OnTrack,-214,-2747,1705,pos,0 days 00:07:05.563000,0 days 01:04:02.658000
2024-06-23 13:10:20.176,OnTrack,-312,-2896,1703,pos,0 days 00:07:05.763000,0 days 01:04:02.858000
2024-06-23 13:10:20.336,OnTrack,-460,-3119,1701,pos,0 days 00:07:05.923000,0 days 01:04:03.018000
2024-06-23 13:10:20.696,OnTrack,-570,-3284,1699,pos,0 days 00:07:06.283000,0 days 01:04:03.378000
2024-06-23 13:10:20.935,OnTrack,-690,-3463,1695,pos,0 days 00:07:06.522000,0 days 01:04:03.617000
2024-06-23 13:10:21.215,OnTrack,-831,-3674,1691,pos,0 days 00:07:06.802000,0 days 01:04:03.897000
2024-06-23 13:10:21.395,OnTrack,-923,-3810,1688,pos,0 days 00:07:06.982000,0 days 01:04:04.077000
2024-06-23 13:10:21.635,OnTrack,-1045,-3992,1683,pos,0 days 00:07:07.222000,0 days 01:04:04.317000
2024-06-23 13:10:21.795,OnTrack,-1126,-4114,1680,pos,0 days 00:07:07.382000,0 days 01:04:04.477000
2024-06-23 13:10:22.035,OnTrack,-1300,-4372,1673,pos,0 days 00:07:07.622000,0 days 01:04:04.717000
2024-06-23 13:10:22.416,OnTrack,-1454,-4602,1666,pos,0 days 00:07:08.003000,0 days 01:04:05.098000
2024-06-23 13:10:22.576,OnTrack,-1536,-4724,1663,pos,0 days 00:07:08.163000,0 days 01:04:05.258000
2024-06-23 13:10:22.816,OnTrack,-1647,-4891,1658,pos,0 days 00:07:08.403000,0 days 01:04:05.498000
2024-06-23 13:10:22.996,OnTrack,-1820,-5168,1652,pos,0 days 00:07:08.583000,0 days 01:04:05.678000
2024-06-23 13:10:23.356,OnTrack,-1923,-5343,1648,pos,0 days 00:07:08.943000,0 days 01:04:06.038000
2024-06-23 13:10:23.596,OnTrack,-2032,-5534,1645,pos,0 days 00:07:09.183000,0 days 01:04:06.278000
2024-06-23 13:10:23.836,OnTrack,-2139,-5724,1643,pos,0 days 00:07:09.423000,0 days 01:04:06.518000
2024-06-23 13:10:24.036,OnTrack,-2272,-5966,1639,pos,0 days 00:07:09.623000,0 days 01:04:06.718000
2024-06-23 13:10:24.456,OnTrack,-2388,-6172,1637,pos,0 days 00:07:10.043000,0 days 01:04:07.138000
2024-06-23 13:10:24.636,OnTrack,-2452,-6279,1636,pos,0 days 00:07:10.223000,0 days 01:04:07.318000
2024-06-23 13:10:24.856,OnTrack,-2526,-6397,1634,pos,0 days 00:07:10.443000,0 days 01:04:07.538000
2024-06-23 13:10:25.096,OnTrack,-2592,-6494,1633,pos,0 days 00:07:10.683000,0 days 01:04:07.778000
2024-06-23 13:10:25.256,OnTrack,-2643,-6565,1632,pos,0 days 00:07:10.843000,0 days 01:04:07.938000
2024-06-23 13:10:25.496,OnTrack,-2715,-6657,1630,pos,0 days 00:07:11.083000,0 days 01:04:08.178000
2024-06-23 13:10:25.736,OnTrack,-2786,-6737,1628,pos,0 days 00:07:11.323000,0 days 01:04:08.418000
2024-06-23 13:10:25.936,OnTrack,-2845,-6797,1627,pos,0 days 00:07:11.523000,0 days 01:04:08.618000
2024-06-23 13:10:26.096,OnTrack,-2893,-6840,1626,pos,0 days 00:07:11.683000,0 days 01:04:08.778000
2024-06-23 13:10:26.296,OnTrack,-2953,-6887,1624,pos,0 days 00:07:11.883000,0 days 01:04:08.978000
2024-06-23 13:10:26.496,OnTrack,-3059,-6950,1625,pos,0 days 00:07:12.083000,0 days 01:04:09.178000
2024-06-23 13:10:26.956,OnTrack,-3164,-6985,1623,pos,0 days 00:07:12.543000,0 days 01:04:09.638000
2024-06-23 13:10:27.016,OnTrack,-3185,-6989,1623,pos,0 days 00:07:12.603000,0 days 01:04:09.698000
2024-06-23 13:10:27.355,OnTrack,-3301,-6992,1625,pos,0 days 00:07:12.942000,0 days 01:04:10.037000
2024-06-23 13:10:27.595,OnTrack,-3382,-6979,1627,pos,0 days 00:07:13.182000,0 days 01:04:10.277000
2024-06-23 13:10:27.815,OnTrack,-3455,-6956,1629,pos,0 days 00:07:13.402000,0 days 01:04:10.497000
2024-06-23 13:10:28.015,OnTrack,-3520,-6930,1630,pos,0 days 00:07:13.602000,0 days 01:04:10.697000
2024-06-23 13:10:28.115,OnTrack,-3553,-6915,1630,pos,0 days 00:07:13.702000,0 days 01:04:10.797000
2024-06-23 13:10:28.395,OnTrack,-3694,-6850,1632,pos,0 days 00:07:13.982000,0 days 01:04:11.077000
2024-06-23 13:10:28.756,OnTrack,-3818,-6800,1635,pos,0 days 00:07:14.343000,0 days 01:04:11.438000
2024-06-23 13:10:29.256,OnTrack,-3976,-6768,1640,pos,0 days 00:07:14.843000,0 days 01:04:11.938000
2024-06-23 13:10:29.436,OnTrack,-4068,-6773,1643,pos,0 days 00:07:15.023000,0 days 01:04:12.118000
2024-06-23 13:10:29.776,OnTrack,-4187,-6802,1648,pos,0 days 00:07:15.363000,0 days 01:04:12.458000
2024-06-23 13:10:29.936,OnTrack,-4254,-6827,1652,pos,0 days 00:07:15.523000,0 days 01:04:12.618000
2024-06-23 13:10:30.276,OnTrack,-4375,-6887,1659,pos,0 days 00:07:15.863000,0 days 01:04:12.958000
2024-06-23 13:10:30.556,OnTrack,-4480,-6951,1665,pos,0 days 00:07:16.143000,0 days 01:04:13.238000
2024-06-23 13:10:30.756,OnTrack,-4561,-7005,1670,pos,0 days 00:07:16.343000,0 days 01:04:13.438000
2024-06-23 13:10:30.996,OnTrack,-4659,-7076,1674,pos,0 days 00:07:16.583000,0 days 01:04:13.678000
2024-06-23 13:10:31.276,OnTrack,-4798,-7171,1683,pos,0 days 00:07:16.863000,0 days 01:04:13.958000
2024-06-23 13:10:31.556,OnTrack,-4908,-7241,1688,pos,0 days 00:07:17.143000,0 days 01:04:14.238000
2024-06-23 13:10:31.896,OnTrack,-5127,-7355,1699,pos,0 days 00:07:17.483000,0 days 01:04:14.578000
2024-06-23 13:10:32.276,OnTrack,-5274,-7410,1705,pos,0 days 00:07:17.863000,0 days 01:04:14.958000
2024-06-23 13:10:32.496,OnTrack,-5394,-7438,1710,pos,0 days 00:07:18.083000,0 days 01:04:15.178000
2024-06-23 13:10:32.676,OnTrack,-5494,-7451,1715,pos,0 days 00:07:18.263000,0 days 01:04:15.358000
2024-06-23 13:10:32.936,OnTrack,-5637,-7454,1721,pos,0 days 00:07:18.523000,0 days 01:04:15.618000
2024-06-23 13:10:33.096,OnTrack,-5723,-7447,1725,pos,0 days 00:07:18.683000,0 days 01:04:15.778000
2024-06-23 13:10:33.296,OnTrack,-5830,-7429,1729,pos,0 days 00:07:18.883000,0 days 01:04:15.978000
2024-06-23 13:10:33.596,OnTrack,-6027,-7371,1737,pos,0 days 00:07:19.183000,0 days 01:04:16.278000
2024-06-23 13:10:33.895,OnTrack,-6134,-7322,1741,pos,0 days 00:07:19.482000,0 days 01:04:16.577000
2024-06-23 13:10:34.155,OnTrack,-6255,-7249,1746,pos,0 days 00:07:19.742000,0 days 01:04:16.837000
2024-06-23 13:10:34.355,OnTrack,-6381,-7145,1751,pos,0 days 00:07:19.942000,0 days 01:04:17.037000
2024-06-23 13:10:34.695,OnTrack,-6471,-7044,1755,pos,0 days 00:07:20.282000,0 days 01:04:17.377000
2024-06-23 13:10:34.895,OnTrack,-6536,-6951,1758,pos,0 days 00:07:20.482000,0 days 01:04:17.577000
2024-06-23 13:10:35.195,OnTrack,-6644,-6731,1762,pos,0 days 00:07:20.782000,0 days 01:04:17.877000
2024-06-23 13:10:35.476,OnTrack,-6677,-6628,1764,pos,0 days 00:07:21.063000,0 days 01:04:18.158000
2024-06-23 13:10:35.736,OnTrack,-6712,-6472,1767,pos,0 days 00:07:21.323000,0 days 01:04:18.418000
2024-06-23 13:10:35.916,OnTrack,-6724,-6372,1768,pos,0 days 00:07:21.503000,0 days 01:04:18.598000
2024-06-23 13:10:36.116,OnTrack,-6732,-6244,1770,pos,0 days 00:07:21.703000,0 days 01:04:18.798000
2024-06-23 13:10:36.316,OnTrack,-6732,-6114,1772,pos,0 days 00:07:21.903000,0 days 01:04:18.998000
2024-06-23 13:10:36.556,OnTrack,-6721,-5956,1774,pos,0 days 00:07:22.143000,0 days 01:04:19.238000
2024-06-23 13:10:36.736,OnTrack,-6708,-5836,1776,pos,0 days 00:07:22.323000,0 days 01:04:19.418000
2024-06-23 13:10:36.936,OnTrack,-6687,-5703,1778,pos,0 days 00:07:22.523000,0 days 01:04:19.618000
2024-06-23 13:10:37.156,OnTrack,-6657,-5555,1779,pos,0 days 00:07:22.743000,0 days 01:04:19.838000
2024-06-23 13:10:37.356,OnTrack,-6625,-5420,1782,pos,0 days 00:07:22.943000,0 days 01:04:20.038000
2024-06-23 13:10:37.536,OnTrack,-6590,-5299,1784,pos,0 days 00:07:23.123000,0 days 01:04:20.218000
2024-06-23 13:10:37.776,OnTrack,-6533,-5140,1787,pos,0 days 00:07:23.363000,0 days 01:04:20.458000
2024-06-23 13:10:38.076,OnTrack,-6439,-4947,1790,pos,0 days 00:07:23.663000,0 days 01:04:20.758000
2024-06-23 13:10:38.176,OnTrack,-6402,-4884,1791,pos,0 days 00:07:23.763000,0 days 01:04:20.858000
2024-06-23 13:10:38.336,OnTrack,-6339,-4784,1793,pos,0 days 00:07:23.923000,0 days 01:04:21.018000
2024-06-23 13:10:38.596,OnTrack,-6231,-4625,1795,pos,0 days 00:07:24.183000,0 days 01:04:21.278000
2024-06-23 13:10:38.776,OnTrack,-6153,-4515,1797,pos,0 days 00:07:24.363000,0 days 01:04:21.458000
2024-06-23 13:10:39.076,OnTrack,-6021,-4331,1799,pos,0 days 00:07:24.663000,0 days 01:04:21.758000
2024-06-23 13:10:39.296,OnTrack,-5932,-4191,1802,pos,0 days 00:07:24.883000,0 days 01:04:21.978000
2024-06-23 13:10:39.516,OnTrack,-5800,-3964,1806,pos,0 days 00:07:25.103000,0 days 01:04:22.198000
2024-06-23 13:10:39.896,OnTrack,-5696,-3794,1808,pos,0 days 00:07:25.483000,0 days 01:04:22.578000
2024-06-23 13:10:40.116,OnTrack,-5619,-3673,1810,pos,0 days 00:07:25.703000,0 days 01:04:22.798000
2024-06-23 13:10:40.256,OnTrack,-5565,-3592,1811,pos,0 days 00:07:25.843000,0 days 01:04:22.938000
2024-06-23 13:10:40.475,OnTrack,-5438,-3405,1815,pos,0 days 00:07:26.062000,0 days 01:04:23.157000
2024-06-23 13:10:40.795,OnTrack,-5380,-3321,1816,pos,0 days 00:07:26.382000,0 days 01:04:23.477000
2024-06-23 13:10:41.135,OnTrack,-5273,-3177,1818,pos,0 days 00:07:26.722000,0 days 01:04:23.817000
2024-06-23 13:10:41.275,OnTrack,-5231,-3126,1819,pos,0 days 00:07:26.862000,0 days 01:04:23.957000
2024-06-23 13:10:41.435,OnTrack,-5182,-3071,1819,pos,0 days 00:07:27.022000,0 days 01:04:24.117000
2024-06-23 13:10:41.715,OnTrack,-5061,-2962,1820,pos,0 days 00:07:27.302000,0 days 01:04:24.397000
2024-06-23 13:10:42.096,OnTrack,-4959,-2899,1822,pos,0 days 00:07:27.683000,0 days 01:04:24.778000
2024-06-23 13:10:42.276,OnTrack,-4897,-2873,1822,pos,0 days 00:07:27.863000,0 days 01:04:24.958000
2024-06-23 13:10:42.496,OnTrack,-4826,-2852,1823,pos,0 days 00:07:28.083000,0 days 01:04:25.178000
2024-06-23 13:10:42.716,OnTrack,-4700,-2839,1825,pos,0 days 00:07:28.303000,0 days 01:04:25.398000
2024-06-23 13:10:43.056,OnTrack,-4631,-2844,1826,pos,0 days 00:07:28.643000,0 days 01:04:25.738000
2024-06-23 13:10:43.316,OnTrack,-4545,-2864,1828,pos,0 days 00:07:28.903000,0 days 01:04:25.998000
2024-06-23 13:10:43.636,OnTrack,-4412,-2922,1831,pos,0 days 00:07:29.223000,0 days 01:04:26.318000
2024-06-23 13:10:43.876,OnTrack,-4378,-2943,1831,pos,0 days 00:07:29.463000,0 days 01:04:26.558000
2024-06-23 13:10:44.856,OnTrack,-4149,-3205,1836,pos,0 days 00:07:30.443000,0 days 01:04:27.538000
2024-06-23 13:10:45.176,OnTrack,-4094,-3319,1837,pos,0 days 00:07:30.763000,0 days 01:04:27.858000
2024-06-23 13:10:45.296,OnTrack,-4060,-3422,1838,pos,0 days 00:07:30.883000,0 days 01:04:27.978000
2024-06-23 13:10:45.776,OnTrack,-4027,-3636,1839,pos,0 days 00:07:31.363000,0 days 01:04:28.458000
2024-06-23 13:10:46.036,OnTrack,-4027,-3694,1839,pos,0 days 00:07:31.623000,0 days 01:04:28.718000
2024-06-23 13:10:46.376,OnTrack,-4045,-3864,1838,pos,0 days 00:07:31.963000,0 days 01:04:29.058000
2024-06-23 13:10:46.536,OnTrack,-4064,-3945,1838,pos,0 days 00:07:32.123000,0 days 01:04:29.218000
2024-06-23 13:10:46.776,OnTrack,-4129,-4120,1836,pos,0 days 00:07:32.363000,0 days 01:04:29.458000
2024-06-23 13:10:47.055,OnTrack,-4175,-4211,1834,pos,0 days 00:07:32.642000,0 days 01:04:29.737000
2024-06-23 13:10:47.395,OnTrack,-4285,-4380,1831,pos,0 days 00:07:32.982000,0 days 01:04:30.077000
2024-06-23 13:10:47.635,OnTrack,-4413,-4559,1828,pos,0 days 00:07:33.222000,0 days 01:04:30.317000
2024-06-23 13:10:48.035,OnTrack,-4555,-4754,1822,pos,0 days 00:07:33.622000,0 days 01:04:30.717000
2024-06-23 13:10:48.375,OnTrack,-4710,-4965,1818,pos,0 days 00:07:33.962000,0 days 01:04:31.057000
2024-06-23 13:10:48.796,OnTrack,-4813,-5107,1814,pos,0 days 00:07:34.383000,0 days 01:04:31.478000
2024-06-23 13:10:49.016,OnTrack,-4914,-5246,1811,pos,0 days 00:07:34.603000,0 days 01:04:31.698000
2024-06-23 13:10:49.376,OnTrack,-4989,-5354,1807,pos,0 days 00:07:34.963000,0 days 01:04:32.058000
2024-06-23 13:10:49.576,OnTrack,-5040,-5432,1805,pos,0 days 00:07:35.163000,0 days 01:04:32.258000
2024-06-23 13:10:49.836,OnTrack,-5101,-5532,1801,pos,0 days 00:07:35.423000,0 days 01:04:32.518000
2024-06-23 13:10:50.076,OnTrack,-5146,-5619,1798,pos,0 days 00:07:35.663000,0 days 01:04:32.758000
2024-06-23 13:10:50.256,OnTrack,-5172,-5677,1795,pos,0 days 00:07:35.843000,0 days 01:04:32.938000
2024-06-23 13:10:50.536,OnTrack,-5204,-5769,1791,pos,0 days 00:07:36.123000,0 days 01:04:33.218000
2024-06-23 13:10:50.796,OnTrack,-5220,-5840,1788,pos,0 days 00:07:36.383000,0 days 01:04:33.478000
2024-06-23 13:10:51.096,OnTrack,-5227,-5926,1785,pos,0 days 00:07:36.683000,0 days 01:04:33.778000
2024-06-23 13:10:51.356,OnTrack,-5218,-5997,1781,pos,0 days 00:07:36.943000,0 days 01:04:34.038000
2024-06-23 13:10:51.396,OnTrack,-5215,-6007,1780,pos,0 days 00:07:36.983000,0 days 01:04:34.078000
2024-06-23 13:10:51.616,OnTrack,-5195,-6063,1777,pos,0 days 00:07:37.203000,0 days 01:04:34.298000
2024-06-23 13:10:51.836,OnTrack,-5167,-6113,1773,pos,0 days 00:07:37.423000,0 days 01:04:34.518000
2024-06-23 13:10:52.136,OnTrack,-5115,-6169,1769,pos,0 days 00:07:37.723000,0 days 01:04:34.818000
2024-06-23 13:10:52.296,OnTrack,-5082,-6194,1767,pos,0 days 00:07:37.883000,0 days 01:04:34.978000
2024-06-23 13:10:52.536,OnTrack,-5005,-6231,1763,pos,0 days 00:07:38.123000,0 days 01:04:35.218000
2024-06-23 13:10:52.956,OnTrack,-4896,-6251,1758,pos,0 days 00:07:38.543000,0 days 01:04:35.638000
2024-06-23 13:10:53.416,OnTrack,-4795,-6246,1751,pos,0 days 00:07:39.003000,0 days 01:04:36.098000
2024-06-23 13:10:53.436,OnTrack,-4789,-6245,1751,pos,0 days 00:07:39.023000,0 days 01:04:36.118000
2024-06-23 13:10:53.735,OnTrack,-4657,-6212,1742,pos,0 days 00:07:39.322000,0 days 01:04:36.417000
2024-06-23 13:10:54.135,OnTrack,-4574,-6180,1736,pos,0 days 00:07:39.722000,0 days 01:04:36.817000
2024-06-23 13:10:54.395,OnTrack,-4487,-6140,1731,pos,0 days 00:07:39.982000,0 days 01:04:37.077000
2024-06-23 13:10:54.555,OnTrack,-4432,-6112,1727,pos,0 days 00:07:40.142000,0 days 01:04:37.237000
2024-06-23 13:10:54.755,OnTrack,-4362,-6074,1723,pos,0 days 00:07:40.342000,0 days 01:04:37.437000
2024-06-23 13:10:55.056,OnTrack,-4240,-6007,1714,pos,0 days 00:07:40.643000,0 days 01:04:37.738000
2024-06-23 13:10:55.236,OnTrack,-4167,-5967,1709,pos,0 days 00:07:40.823000,0 days 01:04:37.918000
2024-06-23 13:10:55.356,OnTrack,-4116,-5940,1706,pos,0 days 00:07:40.943000,0 days 01:04:38.038000
2024-06-23 13:10:55.516,OnTrack,-4045,-5903,1701,pos,0 days 00:07:41.103000,0 days 01:04:38.198000
2024-06-23 13:10:55.756,OnTrack,-3942,-5853,1695,pos,0 days 00:07:41.343000,0 days 01:04:38.438000
2024-06-23 13:10:56.096,OnTrack,-3740,-5764,1684,pos,0 days 00:07:41.683000,0 days 01:04:38.778000
2024-06-23 13:10:56.396,OnTrack,-3611,-5710,1677,pos,0 days 00:07:41.983000,0 days 01:04:39.078000
2024-06-23 13:10:56.576,OnTrack,-3512,-5668,1674,pos,0 days 00:07:42.163000,0 days 01:04:39.258000
2024-06-23 13:10:56.916,OnTrack,-3245,-5536,1663,pos,0 days 00:07:42.503000,0 days 01:04:39.598000
2024-06-23 13:10:57.296,OnTrack,-3113,-5454,1658,pos,0 days 00:07:42.883000,0 days 01:04:39.978000
2024-06-23 13:10:57.456,OnTrack,-3026,-5393,1656,pos,0 days 00:07:43.043000,0 days 01:04:40.138000
2024-06-23 13:10:57.756,OnTrack,-2850,-5246,1652,pos,0 days 00:07:43.343000,0 days 01:04:40.438000
2024-06-23 13:10:58.116,OnTrack,-2697,-5088,1650,pos,0 days 00:07:43.703000,0 days 01:04:40.798000
2024-06-23 13:10:58.376,OnTrack,-2583,-4949,1651,pos,0 days 00:07:43.963000,0 days 01:04:41.058000
2024-06-23 13:10:58.476,OnTrack,-2543,-4895,1651,pos,0 days 00:07:44.063000,0 days 01:04:41.158000
2024-06-23 13:10:58.776,OnTrack,-2433,-4740,1651,pos,0 days 00:07:44.363000,0 days 01:04:41.458000
2024-06-23 13:10:59.016,OnTrack,-2320,-4575,1653,pos,0 days 00:07:44.603000,0 days 01:04:41.698000
2024-06-23 13:10:59.336,OnTrack,-2265,-4495,1653,pos,0 days 00:07:44.923000,0 days 01:04:42.018000
2024-06-23 13:10:59.516,OnTrack,-2220,-4427,1655,pos,0 days 00:07:45.103000,0 days 01:04:42.198000
2024-06-23 13:10:59.816,OnTrack,-2154,-4318,1659,pos,0 days 00:07:45.403000,0 days 01:04:42.498000
2024-06-23 13:10:59.996,OnTrack,-2111,-4217,1661,pos,0 days 00:07:45.583000,0 days 01:04:42.678000
2024-06-23 13:11:00.216,OnTrack,-2089,-4096,1662,pos,0 days 00:07:45.803000,0 days 01:04:42.898000
2024-06-23 13:11:00.475,OnTrack,-2085,-4034,1664,pos,0 days 00:07:46.062000,0 days 01:04:43.157000
2024-06-23 13:11:00.795,OnTrack,-2089,-3880,1669,pos,0 days 00:07:46.382000,0 days 01:04:43.477000
2024-06-23 13:11:01.215,OnTrack,-2131,-3728,1678,pos,0 days 00:07:46.802000,0 days 01:04:43.897000
2024-06-23 13:11:01.495,OnTrack,-2154,-3686,1680,pos,0 days 00:07:47.082000,0 days 01:04:44.177000
2024-06-23 13:11:01.876,OnTrack,-2251,-3576,1686,pos,0 days 00:07:47.463000,0 days 01:04:44.558000
2024-06-23 13:11:02.096,OnTrack,-2344,-3503,1691,pos,0 days 00:07:47.683000,0 days 01:04:44.778000
2024-06-23 13:11:02.336,OnTrack,-2392,-3469,1693,pos,0 days 00:07:47.923000,0 days 01:04:45.018000
2024-06-23 13:11:02.716,OnTrack,-2558,-3338,1706,pos,0 days 00:07:48.303000,0 days 01:04:45.398000
2024-06-23 13:11:03.096,OnTrack,-2651,-3240,1714,pos,0 days 00:07:48.683000,0 days 01:04:45.778000
2024-06-23 13:11:03.296,OnTrack,-2710,-3159,1723,pos,0 days 00:07:48.883000,0 days 01:04:45.978000
2024-06-23 13:11:03.356,OnTrack,-2727,-3133,1725,pos,0 days 00:07:48.943000,0 days 01:04:46.038000
2024-06-23 13:11:03.596,OnTrack,-2788,-3022,1733,pos,0 days 00:07:49.183000,0 days 01:04:46.278000
2024-06-23 13:11:03.796,OnTrack,-2835,-2922,1740,pos,0 days 00:07:49.383000,0 days 01:04:46.478000
2024-06-23 13:11:03.976,OnTrack,-2877,-2830,1745,pos,0 days 00:07:49.563000,0 days 01:04:46.658000
2024-06-23 13:11:04.356,OnTrack,-2970,-2629,1759,pos,0 days 00:07:49.943000,0 days 01:04:47.038000
2024-06-23 13:11:04.576,OnTrack,-3058,-2444,1771,pos,0 days 00:07:50.163000,0 days 01:04:47.258000
2024-06-23 13:11:04.796,OnTrack,-3091,-2374,1777,pos,0 days 00:07:50.383000,0 days 01:04:47.478000
2024-06-23 13:11:05.096,OnTrack,-3218,-2106,1793,pos,0 days 00:07:50.683000,0 days 01:04:47.778000
2024-06-23 13:11:05.516,OnTrack,-3298,-1941,1804,pos,0 days 00:07:51.103000,0 days 01:04:48.198000
2024-06-23 13:11:05.776,OnTrack,-3399,-1724,1819,pos,0 days 00:07:51.363000,0 days 01:04:48.458000
2024-06-23 13:11:06.116,OnTrack,-3454,-1580,1828,pos,0 days 00:07:51.703000,0 days 01:04:48.798000
2024-06-23 13:11:06.436,OnTrack,-3498,-1389,1838,pos,0 days 00:07:52.023000,0 days 01:04:49.118000
2024-06-23 13:11:06.656,OnTrack,-3508,-1257,1843,pos,0 days 00:07:52.243000,0 days 01:04:49.338000
2024-06-23 13:11:06.815,OnTrack,-3500,-1099,1850,pos,0 days 00:07:52.402000,0 days 01:04:49.497000
2024-06-23 13:11:07.175,OnTrack,-3476,-945,1855,pos,0 days 00:07:52.762000,0 days 01:04:49.857000
2024-06-23 13:11:07.415,OnTrack,-3439,-806,1861,pos,0 days 00:07:53.002000,0 days 01:04:50.097000
2024-06-23 13:11:07.655,OnTrack,-3389,-672,1866,pos,0 days 00:07:53.242000,0 days 01:04:50.337000
2024-06-23 13:11:07.835,OnTrack,-3340,-575,1869,pos,0 days 00:07:53.422000,0 days 01:04:50.517000
2024-06-23 13:11:08.035,OnTrack,-3263,-458,1871,pos,0 days 00:07:53.622000,0 days 01:04:50.717000
2024-06-23 13:11:08.236,OnTrack,-3090,-298,1874,pos,0 days 00:07:53.823000,0 days 01:04:50.918000
2024-06-23 13:11:08.736,OnTrack,-2831,-174,1874,pos,0 days 00:07:54.323000,0 days 01:04:51.418000
2024-06-23 13:11:09.076,OnTrack,-2683,-116,1872,pos,0 days 00:07:54.663000,0 days 01:04:51.758000
2024-06-23 13:11:09.256,OnTrack,-2572,-69,1871,pos,0 days 00:07:54.843000,0 days 01:04:51.938000
2024-06-23 13:11:09.456,OnTrack,-2450,-14,1870,pos,0 days 00:07:55.043000,0 days 01:04:52.138000
2024-06-23 13:11:09.656,OnTrack,-2326,43,1867,pos,0 days 00:07:55.243000,0 days 01:04:52.338000
2024-06-23 13:11:09.856,OnTrack,-2199,103,1866,pos,0 days 00:07:55.443000,0 days 01:04:52.538000
2024-06-23 13:11:10.196,OnTrack,-1914,238,1862,pos,0 days 00:07:55.783000,0 days 01:04:52.878000
2024-06-23 13:11:10.596,OnTrack,-1714,332,1860,pos,0 days 00:07:56.183000,0 days 01:04:53.278000
2024-06-23 13:11:10.796,OnTrack,-1579,397,1858,pos,0 days 00:07:56.383000,0 days 01:04:53.478000
2024-06-23 13:11:10.956,OnTrack,-1469,449,1856,pos,0 days 00:07:56.543000,0 days 01:04:53.638000
2024-06-23 13:11:11.196,OnTrack,-1220,568,1853,pos,0 days 00:07:56.783000,0 days 01:04:53.878000
2024-06-23 13:11:11.476,OnTrack,-1110,624,1852,pos,0 days 00:07:57.063000,0 days 01:04:54.158000
2024-06-23 13:11:11.696,OnTrack,-956,703,1850,pos,0 days 00:07:57.283000,0 days 01:04:54.378000
2024-06-23 13:11:12.076,OnTrack,-615,885,1845,pos,0 days 00:07:57.663000,0 days 01:04:54.758000
2024-06-23 13:11:12.296,OnTrack,-529,931,1844,pos,0 days 00:07:57.883000,0 days 01:04:54.978000
2024-06-23 13:11:12.676,OnTrack,-180,1117,1839,pos,0 days 00:07:58.263000,0 days 01:04:55.358000
2024-06-23 13:11:12.956,OnTrack,-47,1188,1838,pos,0 days 00:07:58.543000,0 days 01:04:55.638000
2024-06-23 13:11:13.156,OnTrack,99,1266,1835,pos,0 days 00:07:58.743000,0 days 01:04:55.838000
2024-06-23 13:11:13.336,OnTrack,228,1334,1834,pos,0 days 00:07:58.923000,0 days 01:04:56.018000
2024-06-23 13:11:13.715,OnTrack,546,1492,1829,pos,0 days 00:07:59.302000,0 days 01:04:56.397000
2024-06-23 13:11:14.035,OnTrack,684,1551,1827,pos,0 days 00:07:59.622000,0 days 01:04:56.717000
2024-06-23 13:11:14.215,OnTrack,787,1593,1826,pos,0 days 00:07:59.802000,0 days 01:04:56.897000
2024-06-23 13:11:14.575,OnTrack,968,1665,1824,pos,0 days 00:08:00.162000,0 days 01:04:57.257000
2024-06-23 13:11:14.655,OnTrack,1073,1710,1823,pos,0 days 00:08:00.242000,0 days 01:04:57.337000
2024-06-23 13:11:15.136,OnTrack,1206,1773,1822,pos,0 days 00:08:00.723000,0 days 01:04:57.818000
2024-06-23 13:11:15.376,OnTrack,1277,1816,1821,pos,0 days 00:08:00.963000,0 days 01:04:58.058000
2024-06-23 13:11:15.556,OnTrack,1328,1855,1821,pos,0 days 00:08:01.143000,0 days 01:04:58.238000
2024-06-23 13:11:15.756,OnTrack,1377,1901,1820,pos,0 days 00:08:01.343000,0 days 01:04:58.438000
2024-06-23 13:11:15.936,OnTrack,1411,1947,1819,pos,0 days 00:08:01.523000,0 days 01:04:58.618000
2024-06-23 13:11:16.176,OnTrack,1453,2043,1818,pos,0 days 00:08:01.763000,0 days 01:04:58.858000
2024-06-23 13:11:16.536,OnTrack,1463,2118,1817,pos,0 days 00:08:02.123000,0 days 01:04:59.218000
2024-06-23 13:11:16.676,OnTrack,1462,2157,1817,pos,0 days 00:08:02.263000,0 days 01:04:59.358000
2024-06-23 13:11:16.876,OnTrack,1454,2212,1817,pos,0 days 00:08:02.463000,0 days 01:04:59.558000
2024-06-23 13:11:17.196,OnTrack,1415,2326,1819,pos,0 days 00:08:02.783000,0 days 01:04:59.878000
2024-06-23 13:11:17.516,OnTrack,1394,2366,1820,pos,0 days 00:08:03.103000,0 days 01:05:00.198000
2024-06-23 13:11:17.856,OnTrack,1332,2453,1823,pos,0 days 00:08:03.443000,0 days 01:05:00.538000
2024-06-23 13:11:18.196,OnTrack,1286,2502,1825,pos,0 days 00:08:03.783000,0 days 01:05:00.878000
2024-06-23 13:11:18.456,OnTrack,1206,2564,1827,pos,0 days 00:08:04.043000,0 days 01:05:01.138000
2024-06-23 13:11:18.736,OnTrack,1168,2586,1828,pos,0 days 00:08:04.323000,0 days 01:05:01.418000
2024-06-23 13:11:18.976,OnTrack,1104,2613,1829,pos,0 days 00:08:04.563000,0 days 01:05:01.658000
2024-06-23 13:11:19.316,OnTrack,1004,2640,1831,pos,0 days 00:08:04.903000,0 days 01:05:01.998000
2024-06-23 13:11:19.476,OnTrack,954,2649,1833,pos,0 days 00:08:05.063000,0 days 01:05:02.158000
2024-06-23 13:11:19.696,OnTrack,880,2657,1834,pos,0 days 00:08:05.283000,0 days 01:05:02.378000
2024-06-23 13:11:19.876,OnTrack,817,2659,1835,pos,0 days 00:08:05.463000,0 days 01:05:02.558000
2024-06-23 13:11:20.035,OnTrack,758,2658,1836,pos,0 days 00:08:05.622000,0 days 01:05:02.717000
2024-06-23 13:11:20.335,OnTrack,592,2634,1840,pos,0 days 00:08:05.922000,0 days 01:05:03.017000
2024-06-23 13:11:20.615,OnTrack,526,2616,1842,pos,0 days 00:08:06.202000,0 days 01:05:03.297000
2024-06-23 13:11:20.835,OnTrack,432,2582,1845,pos,0 days 00:08:06.422000,0 days 01:05:03.517000
2024-06-23 13:11:21.055,OnTrack,337,2538,1849,pos,0 days 00:08:06.642000,0 days 01:05:03.737000
2024-06-23 13:11:21.316,OnTrack,173,2438,1858,pos,0 days 00:08:06.903000,0 days 01:05:03.998000
2024-06-23 13:11:21.736,OnTrack,32,2340,1866,pos,0 days 00:08:07.323000,0 days 01:05:04.418000
2024-06-23 13:11:21.916,OnTrack,-42,2288,1869,pos,0 days 00:08:07.503000,0 days 01:05:04.598000
2024-06-23 13:11:22.136,OnTrack,-140,2233,1873,pos,0 days 00:08:07.723000,0 days 01:05:04.818000
2024-06-23 13:11:22.356,OnTrack,-237,2189,1877,pos,0 days 00:08:07.943000,0 days 01:05:05.038000
2024-06-23 13:11:22.596,OnTrack,-336,2155,1880,pos,0 days 00:08:08.183000,0 days 01:05:05.278000
2024-06-23 13:11:22.716,OnTrack,-384,2143,1882,pos,0 days 00:08:08.303000,0 days 01:05:05.398000
2024-06-23 13:11:22.996,OnTrack,-522,2123,1889,pos,0 days 00:08:08.583000,0 days 01:05:05.678000
2024-06-23 13:11:23.296,OnTrack,-602,2123,1892,pos,0 days 00:08:08.883000,0 days 01:05:05.978000
2024-06-23 13:11:23.516,OnTrack,-679,2131,1896,pos,0 days 00:08:09.103000,0 days 01:05:06.198000
2024-06-23 13:11:23.836,OnTrack,-813,2174,1903,pos,0 days 00:08:09.423000,0 days 01:05:06.518000
2024-06-23 13:11:24.236,OnTrack,-908,2242,1907,pos,0 days 00:08:09.823000,0 days 01:05:06.918000
2024-06-23 13:11:24.576,OnTrack,-954,2296,1908,pos,0 days 00:08:10.163000,0 days 01:05:07.258000
2024-06-23 13:11:24.836,OnTrack,-994,2360,1910,pos,0 days 00:08:10.423000,0 days 01:05:07.518000
2024-06-23 13:11:25.096,OnTrack,-1023,2429,1911,pos,0 days 00:08:10.683000,0 days 01:05:07.778000
2024-06-23 13:11:25.276,OnTrack,-1037,2478,1912,pos,0 days 00:08:10.863000,0 days 01:05:07.958000
2024-06-23 13:11:25.456,OnTrack,-1046,2527,1913,pos,0 days 00:08:11.043000,0 days 01:05:08.138000
2024-06-23 13:11:25.676,OnTrack,-1050,2589,1914,pos,0 days 00:08:11.263000,0 days 01:05:08.358000
2024-06-23 13:11:25.836,OnTrack,-1050,2635,1914,pos,0 days 00:08:11.423000,0 days 01:05:08.518000
2024-06-23 13:11:26.036,OnTrack,-1037,2735,1916,pos,0 days 00:08:11.623000,0 days 01:05:08.718000
2024-06-23 13:11:26.436,OnTrack,-1016,2813,1917,pos,0 days 00:08:12.023000,0 days 01:05:09.118000
2024-06-23 13:11:26.735,OnTrack,-980,2905,1919,pos,0 days 00:08:12.322000,0 days 01:05:09.417000
2024-06-23 13:11:26.795,OnTrack,-972,2924,1919,pos,0 days 00:08:12.382000,0 days 01:05:09.477000
2024-06-23 13:11:27.155,OnTrack,-838,3124,1922,pos,0 days 00:08:12.742000,0 days 01:05:09.837000
2024-06-23 13:11:27.495,OnTrack,-782,3183,1922,pos,0 days 00:08:13.082000,0 days 01:05:10.177000
2024-06-23 13:11:27.775,OnTrack,-694,3264,1922,pos,0 days 00:08:13.362000,0 days 01:05:10.457000
2024-06-23 13:11:27.795,OnTrack,-687,3270,1922,pos,0 days 00:08:13.382000,0 days 01:05:10.477000
2024-06-23 13:11:28.116,OnTrack,-563,3370,1921,pos,0 days 00:08:13.703000,0 days 01:05:10.798000
2024-06-23 13:11:28.296,OnTrack,-492,3425,1920,pos,0 days 00:08:13.883000,0 days 01:05:10.978000
2024-06-23 13:11:28.496,OnTrack,-370,3521,1918,pos,0 days 00:08:14.083000,0 days 01:05:11.178000
2024-06-23 13:11:28.956,OnTrack,-185,3678,1914,pos,0 days 00:08:14.543000,0 days 01:05:11.638000
2024-06-23 13:11:29.316,OnTrack,-69,3776,1910,pos,0 days 00:08:14.903000,0 days 01:05:11.998000
2024-06-23 13:11:29.576,OnTrack,51,3875,1905,pos,0 days 00:08:15.163000,0 days 01:05:12.258000
2024-06-23 13:11:29.816,OnTrack,170,3963,1899,pos,0 days 00:08:15.403000,0 days 01:05:12.498000
2024-06-23 13:11:30.016,OnTrack,275,4029,1894,pos,0 days 00:08:15.603000,0 days 01:05:12.698000
2024-06-23 13:11:30.276,OnTrack,513,4120,1883,pos,0 days 00:08:15.863000,0 days 01:05:12.958000
2024-06-23 13:11:30.656,OnTrack,683,4141,1876,pos,0 days 00:08:16.243000,0 days 01:05:13.338000
2024-06-23 13:11:30.836,OnTrack,880,4124,1865,pos,0 days 00:08:16.423000,0 days 01:05:13.518000
2024-06-23 13:11:31.176,OnTrack,1023,4091,1856,pos,0 days 00:08:16.763000,0 days 01:05:13.858000
2024-06-23 13:11:31.496,OnTrack,1312,3972,1839,pos,0 days 00:08:17.083000,0 days 01:05:14.178000
2024-06-23 13:11:31.856,OnTrack,1445,3900,1832,pos,0 days 00:08:17.443000,0 days 01:05:14.538000
2024-06-23 13:11:32.136,OnTrack,1623,3791,1821,pos,0 days 00:08:17.723000,0 days 01:05:14.818000
2024-06-23 13:11:32.496,OnTrack,1825,3662,1809,pos,0 days 00:08:18.083000,0 days 01:05:15.178000
2024-06-23 13:11:32.696,OnTrack,1944,3586,1801,pos,0 days 00:08:18.283000,0 days 01:05:15.378000
2024-06-23 13:11:32.916,OnTrack,2076,3501,1794,pos,0 days 00:08:18.503000,0 days 01:05:15.598000
2024-06-23 13:11:33.096,OnTrack,2185,3431,1788,pos,0 days 00:08:18.683000,0 days 01:05:15.778000
2024-06-23 13:11:33.275,OnTrack,2293,3359,1782,pos,0 days 00:08:18.862000,0 days 01:05:15.957000
2024-06-23 13:11:33.515,OnTrack,2431,3259,1775,pos,0 days 00:08:19.102000,0 days 01:05:16.197000
2024-06-23 13:11:33.755,OnTrack,2538,3167,1770,pos,0 days 00:08:19.342000,0 days 01:05:16.437000
2024-06-23 13:11:33.855,OnTrack,2570,3135,1768,pos,0 days 00:08:19.442000,0 days 01:05:16.537000
2024-06-23 13:11:34.055,OnTrack,2661,3040,1762,pos,0 days 00:08:19.642000,0 days 01:05:16.737000
2024-06-23 13:11:34.335,OnTrack,2761,2898,1756,pos,0 days 00:08:19.922000,0 days 01:05:17.017000
2024-06-23 13:11:34.596,OnTrack,2849,2674,1749,pos,0 days 00:08:20.183000,0 days 01:05:17.278000
2024-06-23 13:11:34.856,OnTrack,2871,2573,1748,pos,0 days 00:08:20.443000,0 days 01:05:17.538000
2024-06-23 13:11:35.256,OnTrack,2878,2291,1741,pos,0 days 00:08:20.843000,0 days 01:05:17.938000
2024-06-23 13:11:35.616,OnTrack,2837,2100,1737,pos,0 days 00:08:21.203000,0 days 01:05:18.298000
2024-06-23 13:11:35.776,OnTrack,2761,1915,1734,pos,0 days 00:08:21.363000,0 days 01:05:18.458000
2024-06-23 13:11:36.216,OnTrack,2616,1660,1731,pos,0 days 00:08:21.803000,0 days 01:05:18.898000
2024-06-23 13:11:36.716,OnTrack,2483,1454,1727,pos,0 days 00:08:22.303000,0 days 01:05:19.398000
2024-06-23 13:11:36.876,OnTrack,2422,1362,1726,pos,0 days 00:08:22.463000,0 days 01:05:19.558000
2024-06-23 13:11:37.096,OnTrack,2338,1232,1723,pos,0 days 00:08:22.683000,0 days 01:05:19.778000
2024-06-23 13:11:37.316,OnTrack,2197,1016,1719,pos,0 days 00:08:22.903000,0 days 01:05:19.998000
2024-06-23 13:11:37.756,OnTrack,2079,833,1716,pos,0 days 00:08:23.343000,0 days 01:05:20.438000
2024-06-23 13:11:37.856,OnTrack,2038,771,1715,pos,0 days 00:08:23.443000,0 days 01:05:20.538000
2024-06-23 13:11:38.116,OnTrack,1932,609,1713,pos,0 days 00:08:23.703000,0 days 01:05:20.798000
2024-06-23 13:11:38.356,OnTrack,1834,457,1711,pos,0 days 00:08:23.943000,0 days 01:05:21.038000
2024-06-23 13:11:38.556,OnTrack,1750,329,1709,pos,0 days 00:08:24.143000,0 days 01:05:21.238000
2024-06-23 13:11:38.736,OnTrack,1672,209,1708,pos,0 days 00:08:24.323000,0 days 01:05:21.418000
2024-06-23 13:11:38.836,OnTrack,1630,144,1707,pos,0 days 00:08:24.423000,0 days 01:05:21.518000
2024-06-23 13:11:39.196,OnTrack,1476,-95,1707,pos,0 days 00:08:24.783000,0 days 01:05:21.878000
2024-06-23 13:11:39.356,OnTrack,1407,-203,1707,pos,0 days 00:08:24.943000,0 days 01:05:22.038000
2024-06-23 13:11:39.556,OnTrack,1320,-339,1707,pos,0 days 00:08:25.143000,0 days 01:05:22.238000
2024-06-23 13:11:39.815,OnTrack,1205,-519,1708,pos,0 days 00:08:25.402000,0 days 01:05:22.497000
2024-06-23 13:11:39.855,OnTrack,1188,-547,1708,pos,0 days 00:08:25.442000,0 days 01:05:22.537000
2024-06-23 13:11:40.115,OnTrack,1072,-730,1708,pos,0 days 00:08:25.702000,0 days 01:05:22.797000
2024-06-23 13:11:40.315,OnTrack,982,-871,1708,pos,0 days 00:08:25.902000,0 days 01:05:22.997000
2024-06-23 13:11:40.555,OnTrack,873,-1043,1708,pos,0 days 00:08:26.142000,0 days 01:05:23.237000
2024-06-23 13:11:40.835,OnTrack,744,-1246,1708,pos,0 days 00:08:26.422000,0 days 01:05:23.517000
2024-06-23 13:11:40.955,OnTrack,689,-1333,1707,pos,0 days 00:08:26.542000,0 days 01:05:23.637000
2024-06-23 13:11:41.136,OnTrack,595,-1480,1707,pos,0 days 00:08:26.723000,0 days 01:05:23.818000
2024-06-23 13:11:41.456,OnTrack,397,-1792,1708,pos,0 days 00:08:27.043000,0 days 01:05:24.138000
2024-06-23 13:11:41.756,OnTrack,312,-1927,1708,pos,0 days 00:08:27.343000,0 days 01:05:24.438000
2024-06-23 13:11:41.996,OnTrack,197,-2108,1708,pos,0 days 00:08:27.583000,0 days 01:05:24.678000
2024-06-23 13:11:42.356,OnTrack,4,-2410,1707,pos,0 days 00:08:27.943000,0 days 01:05:25.038000
2024-06-23 13:11:42.776,OnTrack,-204,-2732,1705,pos,0 days 00:08:28.363000,0 days 01:05:25.458000
2024-06-23 13:11:42.856,OnTrack,-243,-2792,1705,pos,0 days 00:08:28.443000,0 days 01:05:25.538000
2024-06-23 13:11:43.156,OnTrack,-393,-3017,1702,pos,0 days 00:08:28.743000,0 days 01:05:25.838000
2024-06-23 13:11:43.336,OnTrack,-483,-3153,1701,pos,0 days 00:08:28.923000,0 days 01:05:26.018000
2024-06-23 13:11:43.536,OnTrack,-583,-3303,1698,pos,0 days 00:08:29.123000,0 days 01:05:26.218000
2024-06-23 13:11:43.696,OnTrack,-663,-3424,1696,pos,0 days 00:08:29.283000,0 days 01:05:26.378000
2024-06-23 13:11:44.036,OnTrack,-895,-3770,1689,pos,0 days 00:08:29.623000,0 days 01:05:26.718000
2024-06-23 13:11:44.336,OnTrack,-986,-3905,1686,pos,0 days 00:08:29.923000,0 days 01:05:27.018000
2024-06-23 13:11:44.536,OnTrack,-1088,-4056,1682,pos,0 days 00:08:30.123000,0 days 01:05:27.218000
2024-06-23 13:11:44.756,OnTrack,-1199,-4223,1677,pos,0 days 00:08:30.343000,0 days 01:05:27.438000
2024-06-23 13:11:44.956,OnTrack,-1372,-4480,1670,pos,0 days 00:08:30.543000,0 days 01:05:27.638000
2024-06-23 13:11:45.336,OnTrack,-1494,-4662,1664,pos,0 days 00:08:30.923000,0 days 01:05:28.018000
2024-06-23 13:11:45.676,OnTrack,-1724,-5013,1655,pos,0 days 00:08:31.263000,0 days 01:05:28.358000
2024-06-23 13:11:46.056,OnTrack,-1848,-5216,1651,pos,0 days 00:08:31.643000,0 days 01:05:28.738000
2024-06-23 13:11:46.276,OnTrack,-1950,-5390,1647,pos,0 days 00:08:31.863000,0 days 01:05:28.958000
2024-06-23 13:11:46.475,OnTrack,-2077,-5614,1644,pos,0 days 00:08:32.062000,0 days 01:05:29.157000
2024-06-23 13:11:46.735,OnTrack,-2157,-5757,1642,pos,0 days 00:08:32.322000,0 days 01:05:29.417000
2024-06-23 13:11:47.055,OnTrack,-2356,-6114,1638,pos,0 days 00:08:32.642000,0 days 01:05:29.737000
2024-06-23 13:11:47.455,OnTrack,-2490,-6342,1635,pos,0 days 00:08:33.042000,0 days 01:05:30.137000
2024-06-23 13:11:47.836,OnTrack,-2586,-6486,1633,pos,0 days 00:08:33.423000,0 days 01:05:30.518000
2024-06-23 13:11:48.136,OnTrack,-2694,-6631,1631,pos,0 days 00:08:33.723000,0 days 01:05:30.818000
2024-06-23 13:11:48.456,OnTrack,-2808,-6760,1628,pos,0 days 00:08:34.043000,0 days 01:05:31.138000
2024-06-23 13:11:48.796,OnTrack,-2877,-6826,1626,pos,0 days 00:08:34.383000,0 days 01:05:31.478000
2024-06-23 13:11:48.996,OnTrack,-2940,-6878,1625,pos,0 days 00:08:34.583000,0 days 01:05:31.678000
2024-06-23 13:11:49.356,OnTrack,-3059,-6950,1625,pos,0 days 00:08:34.943000,0 days 01:05:32.038000
2024-06-23 13:11:49.516,OnTrack,-3154,-6983,1623,pos,0 days 00:08:35.103000,0 days 01:05:32.198000
2024-06-23 13:11:49.796,OnTrack,-3211,-6992,1624,pos,0 days 00:08:35.383000,0 days 01:05:32.478000
2024-06-23 13:11:50.076,OnTrack,-3359,-6984,1626,pos,0 days 00:08:35.663000,0 days 01:05:32.758000
2024-06-23 13:11:50.396,OnTrack,-3420,-6968,1628,pos,0 days 00:08:35.983000,0 days 01:05:33.078000
2024-06-23 13:11:50.756,OnTrack,-3538,-6922,1630,pos,0 days 00:08:36.343000,0 days 01:05:33.438000
2024-06-23 13:11:50.976,OnTrack,-3609,-6889,1631,pos,0 days 00:08:36.563000,0 days 01:05:33.658000
2024-06-23 13:11:51.056,OnTrack,-3635,-6877,1632,pos,0 days 00:08:36.643000,0 days 01:05:33.738000
2024-06-23 13:11:51.236,OnTrack,-3695,-6849,1633,pos,0 days 00:08:36.823000,0 days 01:05:33.918000
2024-06-23 13:11:51.576,OnTrack,-3869,-6784,1636,pos,0 days 00:08:37.163000,0 days 01:05:34.258000
2024-06-23 13:11:52.036,OnTrack,-3990,-6768,1640,pos,0 days 00:08:37.623000,0 days 01:05:34.718000
2024-06-23 13:11:52.136,OnTrack,-4028,-6769,1642,pos,0 days 00:08:37.723000,0 days 01:05:34.818000
2024-06-23 13:11:52.376,OnTrack,-4160,-6794,1647,pos,0 days 00:08:37.963000,0 days 01:05:35.058000
2024-06-23 13:11:52.796,OnTrack,-4326,-6861,1656,pos,0 days 00:08:38.383000,0 days 01:05:35.478000
2024-06-23 13:11:53.195,OnTrack,-4442,-6927,1662,pos,0 days 00:08:38.782000,0 days 01:05:35.877000
2024-06-23 13:11:53.555,OnTrack,-4534,-6987,1668,pos,0 days 00:08:39.142000,0 days 01:05:36.237000
2024-06-23 13:11:53.855,OnTrack,-4652,-7071,1675,pos,0 days 00:08:39.442000,0 days 01:05:36.537000
2024-06-23 13:11:53.975,OnTrack,-4761,-7147,1681,pos,0 days 00:08:39.562000,0 days 01:05:36.657000
2024-06-23 13:11:54.316,OnTrack,-4858,-7210,1686,pos,0 days 00:08:39.903000,0 days 01:05:36.998000
2024-06-23 13:11:54.676,OnTrack,-5029,-7308,1695,pos,0 days 00:08:40.263000,0 days 01:05:37.358000
2024-06-23 13:11:54.856,OnTrack,-5109,-7347,1698,pos,0 days 00:08:40.443000,0 days 01:05:37.538000
2024-06-23 13:11:55.056,OnTrack,-5212,-7389,1702,pos,0 days 00:08:40.643000,0 days 01:05:37.738000
2024-06-23 13:11:55.216,OnTrack,-5371,-7433,1709,pos,0 days 00:08:40.803000,0 days 01:05:37.898000
2024-06-23 13:11:55.716,OnTrack,-5629,-7454,1721,pos,0 days 00:08:41.303000,0 days 01:05:38.398000
2024-06-23 13:11:56.096,OnTrack,-5820,-7431,1729,pos,0 days 00:08:41.683000,0 days 01:05:38.778000
2024-06-23 13:11:57.336,OnTrack,-6349,-7175,1749,pos,0 days 00:08:42.923000,0 days 01:05:40.018000
2024-06-23 13:11:57.576,OnTrack,-6438,-7084,1753,pos,0 days 00:08:43.163000,0 days 01:05:40.258000
2024-06-23 13:11:57.836,OnTrack,-6523,-6971,1757,pos,0 days 00:08:43.423000,0 days 01:05:40.518000
2024-06-23 13:11:58.016,OnTrack,-6574,-6885,1759,pos,0 days 00:08:43.603000,0 days 01:05:40.698000
2024-06-23 13:11:58.136,OnTrack,-6605,-6824,1760,pos,0 days 00:08:43.723000,0 days 01:05:40.818000
2024-06-23 13:11:58.516,OnTrack,-6684,-6605,1764,pos,0 days 00:08:44.103000,0 days 01:05:41.198000
2024-06-23 13:11:58.796,OnTrack,-6715,-6450,1767,pos,0 days 00:08:44.383000,0 days 01:05:41.478000
2024-06-23 13:11:59.016,OnTrack,-6729,-6314,1769,pos,0 days 00:08:44.603000,0 days 01:05:41.698000
2024-06-23 13:11:59.296,OnTrack,-6732,-6137,1771,pos,0 days 00:08:44.883000,0 days 01:05:41.978000
2024-06-23 13:11:59.476,OnTrack,-6727,-6021,1773,pos,0 days 00:08:45.063000,0 days 01:05:42.158000
2024-06-23 13:11:59.715,OnTrack,-6711,-5864,1776,pos,0 days 00:08:45.302000,0 days 01:05:42.397000
2024-06-23 13:11:59.975,OnTrack,-6685,-5692,1778,pos,0 days 00:08:45.562000,0 days 01:05:42.657000
2024-06-23 13:12:00.075,OnTrack,-6672,-5626,1779,pos,0 days 00:08:45.662000,0 days 01:05:42.757000
2024-06-23 13:12:00.315,OnTrack,-6636,-5465,1781,pos,0 days 00:08:45.902000,0 days 01:05:42.997000
2024-06-23 13:12:00.515,OnTrack,-6600,-5332,1784,pos,0 days 00:08:46.102000,0 days 01:05:43.197000
2024-06-23 13:12:00.776,OnTrack,-6536,-5149,1787,pos,0 days 00:08:46.363000,0 days 01:05:43.458000
2024-06-23 13:12:00.976,OnTrack,-6478,-5020,1789,pos,0 days 00:08:46.563000,0 days 01:05:43.658000
2024-06-23 13:12:01.216,OnTrack,-6346,-4795,1793,pos,0 days 00:08:46.803000,0 days 01:05:43.898000
2024-06-23 13:12:01.636,OnTrack,-6188,-4565,1796,pos,0 days 00:08:47.223000,0 days 01:05:44.318000
2024-06-23 13:12:02.036,OnTrack,-6058,-4384,1799,pos,0 days 00:08:47.623000,0 days 01:05:44.718000
2024-06-23 13:12:02.156,OnTrack,-6006,-4311,1800,pos,0 days 00:08:47.743000,0 days 01:05:44.838000
2024-06-23 13:12:02.336,OnTrack,-5936,-4198,1802,pos,0 days 00:08:47.923000,0 days 01:05:45.018000
2024-06-23 13:12:02.636,OnTrack,-5821,-4000,1805,pos,0 days 00:08:48.223000,0 days 01:05:45.318000
2024-06-23 13:12:02.876,OnTrack,-5726,-3843,1807,pos,0 days 00:08:48.463000,0 days 01:05:45.558000
2024-06-23 13:12:03.076,OnTrack,-5646,-3714,1809,pos,0 days 00:08:48.663000,0 days 01:05:45.758000
2024-06-23 13:12:03.176,OnTrack,-5605,-3650,1810,pos,0 days 00:08:48.763000,0 days 01:05:45.858000
2024-06-23 13:12:03.416,OnTrack,-5507,-3506,1813,pos,0 days 00:08:49.003000,0 days 01:05:46.098000
2024-06-23 13:12:03.616,OnTrack,-5431,-3395,1815,pos,0 days 00:08:49.203000,0 days 01:05:46.298000
2024-06-23 13:12:03.916,OnTrack,-5301,-3213,1817,pos,0 days 00:08:49.503000,0 days 01:05:46.598000
2024-06-23 13:12:04.256,OnTrack,-5214,-3106,1819,pos,0 days 00:08:49.843000,0 days 01:05:46.938000
2024-06-23 13:12:04.456,OnTrack,-5147,-3035,1819,pos,0 days 00:08:50.043000,0 days 01:05:47.138000
2024-06-23 13:12:04.656,OnTrack,-5077,-2974,1819,pos,0 days 00:08:50.243000,0 days 01:05:47.338000
2024-06-23 13:12:04.876,OnTrack,-4997,-2920,1821,pos,0 days 00:08:50.463000,0 days 01:05:47.558000
2024-06-23 13:12:05.076,OnTrack,-4922,-2882,1822,pos,0 days 00:08:50.663000,0 days 01:05:47.758000
2024-06-23 13:12:05.216,OnTrack,-4869,-2863,1823,pos,0 days 00:08:50.803000,0 days 01:05:47.898000
2024-06-23 13:12:05.496,OnTrack,-4761,-2841,1824,pos,0 days 00:08:51.083000,0 days 01:05:48.178000
2024-06-23 13:12:05.736,OnTrack,-4671,-2840,1826,pos,0 days 00:08:51.323000,0 days 01:05:48.418000
2024-06-23 13:12:05.936,OnTrack,-4598,-2850,1827,pos,0 days 00:08:51.523000,0 days 01:05:48.618000
2024-06-23 13:12:06.115,OnTrack,-4535,-2867,1828,pos,0 days 00:08:51.702000,0 days 01:05:48.797000
2024-06-23 13:12:06.235,OnTrack,-4496,-2881,1829,pos,0 days 00:08:51.822000,0 days 01:05:48.917000
2024-06-23 13:12:06.555,OnTrack,-4369,-2950,1831,pos,0 days 00:08:52.142000,0 days 01:05:49.237000
2024-06-23 13:12:06.895,OnTrack,-4287,-3022,1834,pos,0 days 00:08:52.482000,0 days 01:05:49.577000
2024-06-23 13:12:07.356,OnTrack,-4194,-3134,1835,pos,0 days 00:08:52.943000,0 days 01:05:50.038000
2024-06-23 13:12:07.756,OnTrack,-4130,-3240,1836,pos,0 days 00:08:53.343000,0 days 01:05:50.438000
2024-06-23 13:12:07.936,OnTrack,-4102,-3301,1837,pos,0 days 00:08:53.523000,0 days 01:05:50.618000
2024-06-23 13:12:08.136,OnTrack,-4077,-3365,1838,pos,0 days 00:08:53.723000,0 days 01:05:50.818000
2024-06-23 13:12:08.316,OnTrack,-4057,-3433,1838,pos,0 days 00:08:53.903000,0 days 01:05:50.998000
2024-06-23 13:12:08.496,OnTrack,-4042,-3505,1838,pos,0 days 00:08:54.083000,0 days 01:05:51.178000
2024-06-23 13:12:08.676,OnTrack,-4032,-3581,1839,pos,0 days 00:08:54.263000,0 days 01:05:51.358000
2024-06-23 13:12:09.016,OnTrack,-4034,-3790,1839,pos,0 days 00:08:54.603000,0 days 01:05:51.698000
2024-06-23 13:12:09.356,OnTrack,-4052,-3896,1838,pos,0 days 00:08:54.943000,0 days 01:05:52.038000
2024-06-23 13:12:09.596,OnTrack,-4086,-4013,1837,pos,0 days 00:08:55.183000,0 days 01:05:52.278000
2024-06-23 13:12:09.876,OnTrack,-4144,-4151,1835,pos,0 days 00:08:55.463000,0 days 01:05:52.558000
2024-06-23 13:12:10.276,OnTrack,-4260,-4343,1832,pos,0 days 00:08:55.863000,0 days 01:05:52.958000
2024-06-23 13:12:10.496,OnTrack,-4334,-4449,1830,pos,0 days 00:08:56.083000,0 days 01:05:53.178000
2024-06-23 13:12:10.696,OnTrack,-4447,-4605,1826,pos,0 days 00:08:56.283000,0 days 01:05:53.378000
2024-06-23 13:12:11.136,OnTrack,-4563,-4765,1822,pos,0 days 00:08:56.723000,0 days 01:05:53.818000
2024-06-23 13:12:11.236,OnTrack,-4600,-4815,1821,pos,0 days 00:08:56.823000,0 days 01:05:53.918000
2024-06-23 13:12:11.536,OnTrack,-4713,-4969,1817,pos,0 days 00:08:57.123000,0 days 01:05:54.218000
2024-06-23 13:12:11.696,OnTrack,-4774,-5052,1816,pos,0 days 00:08:57.283000,0 days 01:05:54.378000
2024-06-23 13:12:11.956,OnTrack,-4899,-5225,1812,pos,0 days 00:08:57.543000,0 days 01:05:54.638000
2024-06-23 13:12:12.176,OnTrack,-4946,-5291,1810,pos,0 days 00:08:57.763000,0 days 01:05:54.858000
2024-06-23 13:12:12.396,OnTrack,-5011,-5387,1807,pos,0 days 00:08:57.983000,0 days 01:05:55.078000
2024-06-23 13:12:12.735,OnTrack,-5112,-5553,1800,pos,0 days 00:08:58.322000,0 days 01:05:55.417000
2024-06-23 13:12:13.155,OnTrack,-5162,-5653,1796,pos,0 days 00:08:58.742000,0 days 01:05:55.837000
2024-06-23 13:12:13.315,OnTrack,-5184,-5707,1794,pos,0 days 00:08:58.902000,0 days 01:05:55.997000
2024-06-23 13:12:13.575,OnTrack,-5220,-5836,1788,pos,0 days 00:08:59.162000,0 days 01:05:56.257000
2024-06-23 13:12:13.996,OnTrack,-5226,-5940,1784,pos,0 days 00:08:59.583000,0 days 01:05:56.678000
2024-06-23 13:12:14.256,OnTrack,-5217,-6003,1780,pos,0 days 00:08:59.843000,0 days 01:05:56.938000
2024-06-23 13:12:14.476,OnTrack,-5196,-6061,1777,pos,0 days 00:09:00.063000,0 days 01:05:57.158000
2024-06-23 13:12:14.656,OnTrack,-5175,-6100,1774,pos,0 days 00:09:00.243000,0 days 01:05:57.338000
2024-06-23 13:12:14.976,OnTrack,-5120,-6165,1769,pos,0 days 00:09:00.563000,0 days 01:05:57.658000
2024-06-23 13:12:15.196,OnTrack,-5075,-6199,1767,pos,0 days 00:09:00.783000,0 days 01:05:57.878000
2024-06-23 13:12:15.296,OnTrack,-5052,-6211,1766,pos,0 days 00:09:00.883000,0 days 01:05:57.978000
2024-06-23 13:12:15.656,OnTrack,-4928,-6248,1759,pos,0 days 00:09:01.243000,0 days 01:05:58.338000
2024-06-23 13:12:15.976,OnTrack,-4880,-6251,1756,pos,0 days 00:09:01.563000,0 days 01:05:58.658000
2024-06-23 13:12:16.176,OnTrack,-4825,-6249,1753,pos,0 days 00:09:01.763000,0 days 01:05:58.858000
2024-06-23 13:12:16.416,OnTrack,-4756,-6239,1749,pos,0 days 00:09:02.003000,0 days 01:05:59.098000
2024-06-23 13:12:16.616,OnTrack,-4669,-6216,1743,pos,0 days 00:09:02.203000,0 days 01:05:59.298000
2024-06-23 13:12:16.936,OnTrack,-4602,-6192,1739,pos,0 days 00:09:02.523000,0 days 01:05:59.618000
2024-06-23 13:12:17.276,OnTrack,-4496,-6144,1731,pos,0 days 00:09:02.863000,0 days 01:05:59.958000
2024-06-23 13:12:17.496,OnTrack,-4384,-6086,1724,pos,0 days 00:09:03.083000,0 days 01:06:00.178000
2024-06-23 13:12:17.796,OnTrack,-4310,-6045,1719,pos,0 days 00:09:03.383000,0 days 01:06:00.478000
2024-06-23 13:12:18.056,OnTrack,-4206,-5989,1711,pos,0 days 00:09:03.643000,0 days 01:06:00.738000
2024-06-23 13:12:18.316,OnTrack,-4033,-5898,1696,pos,0 days 00:09:03.903000,0 days 01:06:00.998000
2024-06-23 13:12:18.756,OnTrack,-3826,-5800,1689,pos,0 days 00:09:04.343000,0 days 01:06:01.438000
2024-06-23 13:12:18.916,OnTrack,-3693,-5744,1681,pos,0 days 00:09:04.503000,0 days 01:06:01.598000
2024-06-23 13:12:19.335,OnTrack,-3490,-5658,1673,pos,0 days 00:09:04.922000,0 days 01:06:02.017000
2024-06-23 13:12:19.615,OnTrack,-3369,-5602,1667,pos,0 days 00:09:05.202000,0 days 01:06:02.297000
2024-06-23 13:12:19.855,OnTrack,-3238,-5532,1663,pos,0 days 00:09:05.442000,0 days 01:06:02.537000
2024-06-23 13:12:20.155,OnTrack,-3077,-5429,1657,pos,0 days 00:09:05.742000,0 days 01:06:02.837000
2024-06-23 13:12:20.375,OnTrack,-2962,-5342,1654,pos,0 days 00:09:05.962000,0 days 01:06:03.057000
2024-06-23 13:12:20.596,OnTrack,-2841,-5237,1652,pos,0 days 00:09:06.183000,0 days 01:06:03.278000
2024-06-23 13:12:20.756,OnTrack,-2699,-5090,1650,pos,0 days 00:09:06.343000,0 days 01:06:03.438000
2024-06-23 13:12:21.256,OnTrack,-2551,-4906,1651,pos,0 days 00:09:06.843000,0 days 01:06:03.938000
2024-06-23 13:12:21.416,OnTrack,-2486,-4816,1651,pos,0 days 00:09:07.003000,0 days 01:06:04.098000
2024-06-23 13:12:21.616,OnTrack,-2369,-4647,1651,pos,0 days 00:09:07.203000,0 days 01:06:04.298000
2024-06-23 13:12:21.936,OnTrack,-2303,-4551,1653,pos,0 days 00:09:07.523000,0 days 01:06:04.618000
2024-06-23 13:12:22.196,OnTrack,-2226,-4437,1655,pos,0 days 00:09:07.783000,0 days 01:06:04.878000
2024-06-23 13:12:22.396,OnTrack,-2174,-4355,1658,pos,0 days 00:09:07.983000,0 days 01:06:05.078000
2024-06-23 13:12:22.636,OnTrack,-2129,-4263,1661,pos,0 days 00:09:08.223000,0 days 01:06:05.318000
2024-06-23 13:12:22.816,OnTrack,-2095,-4138,1662,pos,0 days 00:09:08.403000,0 days 01:06:05.498000
2024-06-23 13:12:23.236,OnTrack,-2084,-4027,1664,pos,0 days 00:09:08.823000,0 days 01:06:05.918000
2024-06-23 13:12:23.476,OnTrack,-2084,-3936,1667,pos,0 days 00:09:09.063000,0 days 01:06:06.158000
2024-06-23 13:12:23.696,OnTrack,-2092,-3856,1671,pos,0 days 00:09:09.283000,0 days 01:06:06.378000
2024-06-23 13:12:23.956,OnTrack,-2132,-3725,1678,pos,0 days 00:09:09.543000,0 days 01:06:06.638000
2024-06-23 13:12:24.196,OnTrack,-2149,-3695,1680,pos,0 days 00:09:09.783000,0 days 01:06:06.878000
2024-06-23 13:12:24.476,OnTrack,-2209,-3616,1684,pos,0 days 00:09:10.063000,0 days 01:06:07.158000
2024-06-23 13:12:24.676,OnTrack,-2262,-3566,1686,pos,0 days 00:09:10.263000,0 days 01:06:07.358000
2024-06-23 13:12:24.896,OnTrack,-2358,-3493,1692,pos,0 days 00:09:10.483000,0 days 01:06:07.578000
2024-06-23 13:12:25.316,OnTrack,-2462,-3418,1697,pos,0 days 00:09:10.903000,0 days 01:06:07.998000
2024-06-23 13:12:25.496,OnTrack,-2522,-3370,1702,pos,0 days 00:09:11.083000,0 days 01:06:08.178000
2024-06-23 13:12:25.796,OnTrack,-2656,-3233,1716,pos,0 days 00:09:11.383000,0 days 01:06:08.478000
2024-06-23 13:12:26.095,OnTrack,-2708,-3163,1723,pos,0 days 00:09:11.682000,0 days 01:06:08.777000
2024-06-23 13:12:26.355,OnTrack,-2774,-3049,1731,pos,0 days 00:09:11.942000,0 days 01:06:09.037000
2024-06-23 13:12:26.535,OnTrack,-2816,-2963,1736,pos,0 days 00:09:12.122000,0 days 01:06:09.217000
2024-06-23 13:12:26.755,OnTrack,-2865,-2855,1744,pos,0 days 00:09:12.342000,0 days 01:06:09.437000
2024-06-23 13:12:26.935,OnTrack,-2907,-2763,1749,pos,0 days 00:09:12.522000,0 days 01:06:09.617000
2024-06-23 13:12:27.176,OnTrack,-2970,-2629,1759,pos,0 days 00:09:12.763000,0 days 01:06:09.858000
2024-06-23 13:12:27.316,OnTrack,-3005,-2555,1764,pos,0 days 00:09:12.903000,0 days 01:06:09.998000
2024-06-23 13:12:27.576,OnTrack,-3072,-2414,1773,pos,0 days 00:09:13.163000,0 days 01:06:10.258000
2024-06-23 13:12:27.756,OnTrack,-3111,-2333,1779,pos,0 days 00:09:13.343000,0 days 01:06:10.438000
2024-06-23 13:12:27.956,OnTrack,-3164,-2220,1786,pos,0 days 00:09:13.543000,0 days 01:06:10.638000
2024-06-23 13:12:28.156,OnTrack,-3219,-2105,1793,pos,0 days 00:09:13.743000,0 days 01:06:10.838000
2024-06-23 13:12:28.316,OnTrack,-3263,-2012,1800,pos,0 days 00:09:13.903000,0 days 01:06:10.998000
2024-06-23 13:12:28.696,OnTrack,-3387,-1751,1817,pos,0 days 00:09:14.283000,0 days 01:06:11.378000
2024-06-23 13:12:29.076,OnTrack,-3481,-1480,1834,pos,0 days 00:09:14.663000,0 days 01:06:11.758000
2024-06-23 13:12:29.516,OnTrack,-3508,-1218,1845,pos,0 days 00:09:15.103000,0 days 01:06:12.198000
2024-06-23 13:12:29.756,OnTrack,-3503,-1130,1848,pos,0 days 00:09:15.343000,0 days 01:06:12.438000
2024-06-23 13:12:30.056,OnTrack,-3459,-875,1858,pos,0 days 00:09:15.643000,0 days 01:06:12.738000
2024-06-23 13:12:30.436,OnTrack,-3411,-725,1864,pos,0 days 00:09:16.023000,0 days 01:06:13.118000
2024-06-23 13:12:30.656,OnTrack,-3356,-604,1867,pos,0 days 00:09:16.243000,0 days 01:06:13.338000
2024-06-23 13:12:30.956,OnTrack,-3180,-367,1873,pos,0 days 00:09:16.543000,0 days 01:06:13.638000
2024-06-23 13:12:31.396,OnTrack,-3024,-260,1875,pos,0 days 00:09:16.983000,0 days 01:06:14.078000
2024-06-23 13:12:31.596,OnTrack,-2829,-173,1874,pos,0 days 00:09:17.183000,0 days 01:06:14.278000
2024-06-23 13:12:32.036,OnTrack,-2630,-94,1871,pos,0 days 00:09:17.623000,0 days 01:06:14.718000
2024-06-23 13:12:32.196,OnTrack,-2531,-51,1870,pos,0 days 00:09:17.783000,0 days 01:06:14.878000
2024-06-23 13:12:32.376,OnTrack,-2420,0,1869,pos,0 days 00:09:17.963000,0 days 01:06:15.058000
2024-06-23 13:12:32.575,OnTrack,-2294,58,1867,pos,0 days 00:09:18.162000,0 days 01:06:15.257000
2024-06-23 13:12:32.755,OnTrack,-2181,112,1866,pos,0 days 00:09:18.342000,0 days 01:06:15.437000
2024-06-23 13:12:33.035,OnTrack,-1937,227,1862,pos,0 days 00:09:18.622000,0 days 01:06:15.717000
2024-06-23 13:12:33.455,OnTrack,-1727,326,1860,pos,0 days 00:09:19.042000,0 days 01:06:16.137000
2024-06-23 13:12:33.555,OnTrack,-1661,357,1859,pos,0 days 00:09:19.142000,0 days 01:06:16.237000
2024-06-23 13:12:33.736,OnTrack,-1528,421,1857,pos,0 days 00:09:19.323000,0 days 01:06:16.418000
2024-06-23 13:12:33.956,OnTrack,-1380,491,1855,pos,0 days 00:09:19.543000,0 days 01:06:16.638000
2024-06-23 13:12:34.236,OnTrack,-1191,583,1853,pos,0 days 00:09:19.823000,0 days 01:06:16.918000
2024-06-23 13:12:34.396,OnTrack,-1097,630,1852,pos,0 days 00:09:19.983000,0 days 01:06:17.078000
2024-06-23 13:12:34.656,OnTrack,-921,722,1850,pos,0 days 00:09:20.243000,0 days 01:06:17.338000
2024-06-23 13:12:34.916,OnTrack,-717,830,1847,pos,0 days 00:09:20.503000,0 days 01:06:17.598000
2024-06-23 13:12:35.216,OnTrack,-538,926,1844,pos,0 days 00:09:20.803000,0 days 01:06:17.898000
2024-06-23 13:12:35.396,OnTrack,-414,992,1842,pos,0 days 00:09:20.983000,0 days 01:06:18.078000
2024-06-23 13:12:35.716,OnTrack,-191,1111,1840,pos,0 days 00:09:21.303000,0 days 01:06:18.398000
2024-06-23 13:12:35.956,OnTrack,61,1246,1836,pos,0 days 00:09:21.543000,0 days 01:06:18.638000
2024-06-23 13:12:36.276,OnTrack,202,1321,1834,pos,0 days 00:09:21.863000,0 days 01:06:18.958000
2024-06-23 13:12:36.456,OnTrack,327,1385,1833,pos,0 days 00:09:22.043000,0 days 01:06:19.138000
2024-06-23 13:12:36.696,OnTrack,472,1457,1830,pos,0 days 00:09:22.283000,0 days 01:06:19.378000
2024-06-23 13:12:36.936,OnTrack,623,1525,1828,pos,0 days 00:09:22.523000,0 days 01:06:19.618000
2024-06-23 13:12:37.196,OnTrack,783,1591,1827,pos,0 days 00:09:22.783000,0 days 01:06:19.878000
2024-06-23 13:12:37.556,OnTrack,959,1662,1824,pos,0 days 00:09:23.143000,0 days 01:06:20.238000
2024-06-23 13:12:37.776,OnTrack,1053,1701,1823,pos,0 days 00:09:23.363000,0 days 01:06:20.458000
2024-06-23 13:12:37.996,OnTrack,1166,1752,1823,pos,0 days 00:09:23.583000,0 days 01:06:20.678000
2024-06-23 13:12:38.436,OnTrack,1280,1818,1821,pos,0 days 00:09:24.023000,0 days 01:06:21.118000
2024-06-23 13:12:38.516,OnTrack,1302,1834,1821,pos,0 days 00:09:24.103000,0 days 01:06:21.198000
2024-06-23 13:12:38.756,OnTrack,1360,1884,1820,pos,0 days 00:09:24.343000,0 days 01:06:21.438000
2024-06-23 13:12:38.996,OnTrack,1406,1940,1819,pos,0 days 00:09:24.583000,0 days 01:06:21.678000
2024-06-23 13:12:39.195,OnTrack,1449,2031,1818,pos,0 days 00:09:24.782000,0 days 01:06:21.877000
2024-06-23 13:12:39.555,OnTrack,1461,2093,1818,pos,0 days 00:09:25.142000,0 days 01:06:22.237000
2024-06-23 13:12:39.755,OnTrack,1462,2151,1817,pos,0 days 00:09:25.342000,0 days 01:06:22.437000
2024-06-23 13:12:39.935,OnTrack,1456,2201,1817,pos,0 days 00:09:25.522000,0 days 01:06:22.617000
2024-06-23 13:12:40.155,OnTrack,1441,2260,1817,pos,0 days 00:09:25.742000,0 days 01:06:22.837000
2024-06-23 13:12:40.416,OnTrack,1413,2329,1819,pos,0 days 00:09:26.003000,0 days 01:06:23.098000
2024-06-23 13:12:40.656,OnTrack,1368,2407,1821,pos,0 days 00:09:26.243000,0 days 01:06:23.338000
2024-06-23 13:12:41.096,OnTrack,1314,2474,1824,pos,0 days 00:09:26.683000,0 days 01:06:23.778000
2024-06-23 13:12:41.276,OnTrack,1254,2531,1826,pos,0 days 00:09:26.863000,0 days 01:06:23.958000
2024-06-23 13:12:41.616,OnTrack,1202,2567,1827,pos,0 days 00:09:27.203000,0 days 01:06:24.298000
2024-06-23 13:12:41.876,OnTrack,1132,2602,1828,pos,0 days 00:09:27.463000,0 days 01:06:24.558000
2024-06-23 13:12:42.076,OnTrack,1072,2623,1830,pos,0 days 00:09:27.663000,0 days 01:06:24.758000
2024-06-23 13:12:42.376,OnTrack,954,2649,1833,pos,0 days 00:09:27.963000,0 days 01:06:25.058000
2024-06-23 13:12:42.756,OnTrack,821,2660,1835,pos,0 days 00:09:28.343000,0 days 01:06:25.438000
2024-06-23 13:12:43.056,OnTrack,716,2655,1837,pos,0 days 00:09:28.643000,0 days 01:06:25.738000
2024-06-23 13:12:43.316,OnTrack,606,2637,1840,pos,0 days 00:09:28.903000,0 days 01:06:25.998000
2024-06-23 13:12:43.596,OnTrack,484,2602,1843,pos,0 days 00:09:29.183000,0 days 01:06:26.278000
2024-06-23 13:12:43.636,OnTrack,466,2596,1844,pos,0 days 00:09:29.223000,0 days 01:06:26.318000
2024-06-23 13:12:44.356,OnTrack,145,2419,1859,pos,0 days 00:09:29.943000,0 days 01:06:27.038000
2024-06-23 13:12:44.496,OnTrack,82,2375,1863,pos,0 days 00:09:30.083000,0 days 01:06:27.178000
2024-06-23 13:12:44.856,OnTrack,-207,2202,1876,pos,0 days 00:09:30.443000,0 days 01:06:27.538000
2024-06-23 13:12:45.196,OnTrack,-295,2168,1879,pos,0 days 00:09:30.783000,0 days 01:06:27.878000
2024-06-23 13:12:45.356,OnTrack,-365,2148,1881,pos,0 days 00:09:30.943000,0 days 01:06:28.038000
2024-06-23 13:12:45.576,OnTrack,-457,2130,1885,pos,0 days 00:09:31.163000,0 days 01:06:28.258000
2024-06-23 13:12:45.735,OnTrack,-522,2123,1889,pos,0 days 00:09:31.322000,0 days 01:06:28.417000
2024-06-23 13:12:45.975,OnTrack,-616,2123,1893,pos,0 days 00:09:31.562000,0 days 01:06:28.657000
2024-06-23 13:12:46.335,OnTrack,-755,2150,1900,pos,0 days 00:09:31.922000,0 days 01:06:29.017000
2024-06-23 13:12:46.735,OnTrack,-895,2231,1906,pos,0 days 00:09:32.322000,0 days 01:06:29.417000
2024-06-23 13:12:47.016,OnTrack,-930,2266,1908,pos,0 days 00:09:32.603000,0 days 01:06:29.698000
2024-06-23 13:12:47.316,OnTrack,-983,2340,1909,pos,0 days 00:09:32.903000,0 days 01:06:29.998000
2024-06-23 13:12:47.516,OnTrack,-1007,2387,1910,pos,0 days 00:09:33.103000,0 days 01:06:30.198000
2024-06-23 13:12:47.616,OnTrack,-1018,2414,1911,pos,0 days 00:09:33.203000,0 days 01:06:30.298000
2024-06-23 13:12:47.936,OnTrack,-1046,2532,1913,pos,0 days 00:09:33.523000,0 days 01:06:30.618000
2024-06-23 13:12:48.376,OnTrack,-1050,2633,1914,pos,0 days 00:09:33.963000,0 days 01:06:31.058000
2024-06-23 13:12:48.616,OnTrack,-1042,2707,1916,pos,0 days 00:09:34.203000,0 days 01:06:31.298000
2024-06-23 13:12:48.696,OnTrack,-1038,2732,1916,pos,0 days 00:09:34.283000,0 days 01:06:31.378000
2024-06-23 13:12:48.896,OnTrack,-1022,2795,1917,pos,0 days 00:09:34.483000,0 days 01:06:31.578000
2024-06-23 13:12:49.076,OnTrack,-1003,2852,1918,pos,0 days 00:09:34.663000,0 days 01:06:31.758000
2024-06-23 13:12:49.416,OnTrack,-941,2980,1920,pos,0 days 00:09:35.003000,0 days 01:06:32.098000
2024-06-23 13:12:49.736,OnTrack,-805,3161,1922,pos,0 days 00:09:35.323000,0 days 01:06:32.418000
2024-06-23 13:12:50.176,OnTrack,-711,3249,1922,pos,0 days 00:09:35.763000,0 days 01:06:32.858000
2024-06-23 13:12:50.336,OnTrack,-657,3295,1922,pos,0 days 00:09:35.923000,0 days 01:06:33.018000
2024-06-23 13:12:50.496,OnTrack,-599,3342,1922,pos,0 days 00:09:36.083000,0 days 01:06:33.178000
2024-06-23 13:12:50.836,OnTrack,-418,3482,1919,pos,0 days 00:09:36.423000,0 days 01:06:33.518000
2024-06-23 13:12:51.196,OnTrack,-320,3563,1917,pos,0 days 00:09:36.783000,0 days 01:06:33.878000
2024-06-23 13:12:51.416,OnTrack,-227,3642,1914,pos,0 days 00:09:37.003000,0 days 01:06:34.098000
2024-06-23 13:12:51.616,OnTrack,-141,3716,1912,pos,0 days 00:09:37.203000,0 days 01:06:34.298000
2024-06-23 13:12:51.856,OnTrack,-32,3807,1908,pos,0 days 00:09:37.443000,0 days 01:06:34.538000
2024-06-23 13:12:52.096,OnTrack,149,3949,1901,pos,0 days 00:09:37.683000,0 days 01:06:34.778000
2024-06-23 13:12:52.415,OnTrack,243,4010,1896,pos,0 days 00:09:38.002000,0 days 01:06:35.097000
2024-06-23 13:12:52.655,OnTrack,377,4077,1890,pos,0 days 00:09:38.242000,0 days 01:06:35.337000
2024-06-23 13:12:52.795,OnTrack,460,4106,1886,pos,0 days 00:09:38.382000,0 days 01:06:35.477000
2024-06-23 13:12:53.055,OnTrack,729,4140,1873,pos,0 days 00:09:38.642000,0 days 01:06:35.737000
2024-06-23 13:12:53.396,OnTrack,888,4122,1864,pos,0 days 00:09:38.983000,0 days 01:06:36.078000
2024-06-23 13:12:53.616,OnTrack,1030,4089,1856,pos,0 days 00:09:39.203000,0 days 01:06:36.298000
2024-06-23 13:12:53.876,OnTrack,1193,4027,1846,pos,0 days 00:09:39.463000,0 days 01:06:36.558000
2024-06-23 13:12:54.096,OnTrack,1315,3970,1839,pos,0 days 00:09:39.683000,0 days 01:06:36.778000
2024-06-23 13:12:54.276,OnTrack,1423,3912,1833,pos,0 days 00:09:39.863000,0 days 01:06:36.958000
2024-06-23 13:12:54.556,OnTrack,1647,3776,1819,pos,0 days 00:09:40.143000,0 days 01:06:37.238000
2024-06-23 13:12:54.956,OnTrack,1825,3662,1809,pos,0 days 00:09:40.543000,0 days 01:06:37.638000
2024-06-23 13:12:55.156,OnTrack,1945,3585,1801,pos,0 days 00:09:40.743000,0 days 01:06:37.838000
2024-06-23 13:12:55.396,OnTrack,2151,3453,1790,pos,0 days 00:09:40.983000,0 days 01:06:38.078000
2024-06-23 13:12:55.636,OnTrack,2236,3398,1785,pos,0 days 00:09:41.223000,0 days 01:06:38.318000
2024-06-23 13:12:55.996,OnTrack,2476,3223,1773,pos,0 days 00:09:41.583000,0 days 01:06:38.678000
2024-06-23 13:12:56.276,OnTrack,2543,3161,1769,pos,0 days 00:09:41.863000,0 days 01:06:38.958000
2024-06-23 13:12:56.636,OnTrack,2696,2997,1761,pos,0 days 00:09:42.223000,0 days 01:06:39.318000
2024-06-23 13:12:56.716,OnTrack,2724,2957,1759,pos,0 days 00:09:42.303000,0 days 01:06:39.398000
2024-06-23 13:12:56.996,OnTrack,2828,2745,1752,pos,0 days 00:09:42.583000,0 days 01:06:39.678000
2024-06-23 13:12:57.476,OnTrack,2879,2509,1745,pos,0 days 00:09:43.063000,0 days 01:06:40.158000
2024-06-23 13:12:57.656,OnTrack,2885,2397,1744,pos,0 days 00:09:43.243000,0 days 01:06:40.338000
2024-06-23 13:12:57.836,OnTrack,2864,2206,1739,pos,0 days 00:09:43.423000,0 days 01:06:40.518000
2024-06-23 13:12:58.136,OnTrack,2834,2093,1737,pos,0 days 00:09:43.723000,0 days 01:06:40.818000
2024-06-23 13:12:58.336,OnTrack,2784,1963,1735,pos,0 days 00:09:43.923000,0 days 01:06:41.018000
2024-06-23 13:12:58.636,OnTrack,2685,1774,1733,pos,0 days 00:09:44.223000,0 days 01:06:41.318000
2024-06-23 13:12:58.716,OnTrack,2658,1727,1732,pos,0 days 00:09:44.303000,0 days 01:06:41.398000
2024-06-23 13:12:59.055,OnTrack,2534,1532,1728,pos,0 days 00:09:44.642000,0 days 01:06:41.737000
2024-06-23 13:12:59.235,OnTrack,2465,1427,1727,pos,0 days 00:09:44.822000,0 days 01:06:41.917000
2024-06-23 13:12:59.495,OnTrack,2365,1275,1724,pos,0 days 00:09:45.082000,0 days 01:06:42.177000
2024-06-23 13:12:59.695,OnTrack,2288,1156,1722,pos,0 days 00:09:45.282000,0 days 01:06:42.377000
2024-06-23 13:12:59.875,OnTrack,2218,1048,1720,pos,0 days 00:09:45.462000,0 days 01:06:42.557000
2024-06-23 13:13:00.036,OnTrack,2147,938,1718,pos,0 days 00:09:45.623000,0 days 01:06:42.718000
2024-06-23 13:13:00.316,OnTrack,2035,767,1715,pos,0 days 00:09:45.903000,0 days 01:06:42.998000
2024-06-23 13:13:00.516,OnTrack,1955,643,1713,pos,0 days 00:09:46.103000,0 days 01:06:43.198000
2024-06-23 13:13:00.676,OnTrack,1898,555,1712,pos,0 days 00:09:46.263000,0 days 01:06:43.358000
2024-06-23 13:13:00.896,OnTrack,1807,417,1710,pos,0 days 00:09:46.483000,0 days 01:06:43.578000
2024-06-23 13:13:01.076,OnTrack,1733,303,1709,pos,0 days 00:09:46.663000,0 days 01:06:43.758000
2024-06-23 13:13:01.356,OnTrack,1610,114,1707,pos,0 days 00:09:46.943000,0 days 01:06:44.038000
2024-06-23 13:13:01.536,OnTrack,1536,-2,1708,pos,0 days 00:09:47.123000,0 days 01:06:44.218000
2024-06-23 13:13:01.716,OnTrack,1461,-119,1708,pos,0 days 00:09:47.303000,0 days 01:06:44.398000
2024-06-23 13:13:01.856,OnTrack,1401,-211,1707,pos,0 days 00:09:47.443000,0 days 01:06:44.538000
2024-06-23 13:13:02.216,OnTrack,1249,-450,1707,pos,0 days 00:09:47.803000,0 days 01:06:44.898000
2024-06-23 13:13:02.396,OnTrack,1138,-625,1708,pos,0 days 00:09:47.983000,0 days 01:06:45.078000
2024-06-23 13:13:02.716,OnTrack,1035,-787,1708,pos,0 days 00:09:48.303000,0 days 01:06:45.398000
2024-06-23 13:13:02.876,OnTrack,966,-895,1708,pos,0 days 00:09:48.463000,0 days 01:06:45.558000
2024-06-23 13:13:03.156,OnTrack,845,-1087,1708,pos,0 days 00:09:48.743000,0 days 01:06:45.838000
2024-06-23 13:13:03.396,OnTrack,740,-1252,1708,pos,0 days 00:09:48.983000,0 days 01:06:46.078000
2024-06-23 13:13:03.656,OnTrack,574,-1514,1707,pos,0 days 00:09:49.243000,0 days 01:06:46.338000
2024-06-23 13:13:03.916,OnTrack,512,-1612,1708,pos,0 days 00:09:49.503000,0 days 01:06:46.598000
2024-06-23 13:13:04.136,OnTrack,414,-1765,1708,pos,0 days 00:09:49.723000,0 days 01:06:46.818000
2024-06-23 13:13:04.456,OnTrack,219,-2073,1708,pos,0 days 00:09:50.043000,0 days 01:06:47.138000
2024-06-23 13:13:04.916,OnTrack,12,-2398,1707,pos,0 days 00:09:50.503000,0 days 01:06:47.598000
2024-06-23 13:13:05.316,OnTrack,-153,-2654,1706,pos,0 days 00:09:50.903000,0 days 01:06:47.998000
2024-06-23 13:13:05.535,OnTrack,-208,-2739,1705,pos,0 days 00:09:51.122000,0 days 01:06:48.217000
2024-06-23 13:13:05.895,OnTrack,-377,-2993,1703,pos,0 days 00:09:51.482000,0 days 01:06:48.577000
2024-06-23 13:13:06.095,OnTrack,-518,-3206,1700,pos,0 days 00:09:51.682000,0 days 01:06:48.777000
2024-06-23 13:13:06.495,OnTrack,-717,-3503,1695,pos,0 days 00:09:52.082000,0 days 01:06:49.177000
2024-06-23 13:13:06.936,OnTrack,-879,-3745,1689,pos,0 days 00:09:52.523000,0 days 01:06:49.618000
2024-06-23 13:13:07.136,OnTrack,-974,-3887,1686,pos,0 days 00:09:52.723000,0 days 01:06:49.818000
2024-06-23 13:13:07.316,OnTrack,-1098,-4071,1681,pos,0 days 00:09:52.903000,0 days 01:06:49.998000
2024-06-23 13:13:07.596,OnTrack,-1184,-4199,1678,pos,0 days 00:09:53.183000,0 days 01:06:50.278000
2024-06-23 13:13:07.856,OnTrack,-1308,-4385,1673,pos,0 days 00:09:53.443000,0 days 01:06:50.538000
2024-06-23 13:13:08.116,OnTrack,-1433,-4570,1667,pos,0 days 00:09:53.703000,0 days 01:06:50.798000
2024-06-23 13:13:08.376,OnTrack,-1552,-4747,1662,pos,0 days 00:09:53.963000,0 days 01:06:51.058000
2024-06-23 13:13:08.616,OnTrack,-1724,-5012,1655,pos,0 days 00:09:54.203000,0 days 01:06:51.298000
2024-06-23 13:13:08.876,OnTrack,-1779,-5100,1653,pos,0 days 00:09:54.463000,0 days 01:06:51.558000
2024-06-23 13:13:09.136,OnTrack,-1893,-5292,1649,pos,0 days 00:09:54.723000,0 days 01:06:51.818000
2024-06-23 13:13:09.356,OnTrack,-2047,-5560,1645,pos,0 days 00:09:54.943000,0 days 01:06:52.038000
2024-06-23 13:13:09.736,OnTrack,-2147,-5738,1642,pos,0 days 00:09:55.323000,0 days 01:06:52.418000
2024-06-23 13:13:10.056,OnTrack,-2327,-6064,1638,pos,0 days 00:09:55.643000,0 days 01:06:52.738000
2024-06-23 13:13:10.476,OnTrack,-2429,-6241,1636,pos,0 days 00:09:56.063000,0 days 01:06:53.158000
2024-06-23 13:13:10.656,OnTrack,-2492,-6344,1635,pos,0 days 00:09:56.243000,0 days 01:06:53.338000
2024-06-23 13:13:10.896,OnTrack,-2572,-6466,1633,pos,0 days 00:09:56.483000,0 days 01:06:53.578000
2024-06-23 13:13:11.056,OnTrack,-2668,-6598,1631,pos,0 days 00:09:56.643000,0 days 01:06:53.738000
2024-06-23 13:13:11.476,OnTrack,-2756,-6705,1629,pos,0 days 00:09:57.063000,0 days 01:06:54.158000
2024-06-23 13:13:11.656,OnTrack,-2812,-6765,1628,pos,0 days 00:09:57.243000,0 days 01:06:54.338000
2024-06-23 13:13:11.876,OnTrack,-2912,-6856,1626,pos,0 days 00:09:57.463000,0 days 01:06:54.558000
2024-06-23 13:13:12.215,OnTrack,-2990,-6912,1624,pos,0 days 00:09:57.802000,0 days 01:06:54.897000
2024-06-23 13:13:12.435,OnTrack,-3064,-6952,1625,pos,0 days 00:09:58.022000,0 days 01:06:55.117000
2024-06-23 13:13:12.755,OnTrack,-3175,-6987,1623,pos,0 days 00:09:58.342000,0 days 01:06:55.437000
2024-06-23 13:13:12.895,OnTrack,-3226,-6994,1624,pos,0 days 00:09:58.482000,0 days 01:06:55.577000
2024-06-23 13:13:13.156,OnTrack,-3328,-6990,1626,pos,0 days 00:09:58.743000,0 days 01:06:55.838000
2024-06-23 13:13:13.336,OnTrack,-3392,-6976,1627,pos,0 days 00:09:58.923000,0 days 01:06:56.018000
2024-06-23 13:13:13.496,OnTrack,-3450,-6958,1628,pos,0 days 00:09:59.083000,0 days 01:06:56.178000
2024-06-23 13:13:13.776,OnTrack,-3543,-6920,1630,pos,0 days 00:09:59.363000,0 days 01:06:56.458000
2024-06-23 13:13:13.856,OnTrack,-3572,-6907,1631,pos,0 days 00:09:59.443000,0 days 01:06:56.538000
2024-06-23 13:13:14.216,OnTrack,-3705,-6845,1633,pos,0 days 00:09:59.803000,0 days 01:06:56.898000
2024-06-23 13:13:14.396,OnTrack,-3823,-6798,1635,pos,0 days 00:09:59.983000,0 days 01:06:57.078000
2024-06-23 13:13:14.836,OnTrack,-3958,-6769,1639,pos,0 days 00:10:00.423000,0 days 01:06:57.518000
2024-06-23 13:13:15.016,OnTrack,-4098,-6778,1645,pos,0 days 00:10:00.603000,0 days 01:06:57.698000
2024-06-23 13:13:15.376,OnTrack,-4195,-6804,1649,pos,0 days 00:10:00.963000,0 days 01:06:58.058000
2024-06-23 13:13:15.676,OnTrack,-4368,-6883,1658,pos,0 days 00:10:01.263000,0 days 01:06:58.358000
2024-06-23 13:13:15.936,OnTrack,-4418,-6911,1661,pos,0 days 00:10:01.523000,0 days 01:06:58.618000
2024-06-23 13:13:16.136,OnTrack,-4499,-6963,1666,pos,0 days 00:10:01.723000,0 days 01:06:58.818000
2024-06-23 13:13:16.396,OnTrack,-4655,-7072,1675,pos,0 days 00:10:01.983000,0 days 01:06:59.078000
2024-06-23 13:13:16.856,OnTrack,-4803,-7175,1683,pos,0 days 00:10:02.443000,0 days 01:06:59.538000
2024-06-23 13:13:17.036,OnTrack,-4887,-7228,1687,pos,0 days 00:10:02.623000,0 days 01:06:59.718000
2024-06-23 13:13:17.216,OnTrack,-4974,-7279,1692,pos,0 days 00:10:02.803000,0 days 01:06:59.898000
2024-06-23 13:13:17.416,OnTrack,-5075,-7331,1696,pos,0 days 00:10:03.003000,0 days 01:07:00.098000
2024-06-23 13:13:17.716,OnTrack,-5285,-7413,1705,pos,0 days 00:10:03.303000,0 days 01:07:00.398000
2024-06-23 13:13:18.036,OnTrack,-5406,-7440,1711,pos,0 days 00:10:03.623000,0 days 01:07:00.718000
2024-06-23 13:13:18.256,OnTrack,-5530,-7454,1716,pos,0 days 00:10:03.843000,0 days 01:07:00.938000
2024-06-23 13:13:18.416,OnTrack,-5621,-7455,1720,pos,0 days 00:10:04.003000,0 days 01:07:01.098000
2024-06-23 13:13:18.655,OnTrack,-5757,-7442,1727,pos,0 days 00:10:04.242000,0 days 01:07:01.337000
2024-06-23 13:13:18.855,OnTrack,-5864,-7422,1730,pos,0 days 00:10:04.442000,0 days 01:07:01.537000
2024-06-23 13:13:19.155,OnTrack,-6059,-7358,1738,pos,0 days 00:10:04.742000,0 days 01:07:01.837000
2024-06-23 13:13:19.555,OnTrack,-6210,-7279,1744,pos,0 days 00:10:05.142000,0 days 01:07:02.237000
2024-06-23 13:13:19.776,OnTrack,-6323,-7198,1748,pos,0 days 00:10:05.363000,0 days 01:07:02.458000
2024-06-23 13:13:20.096,OnTrack,-6440,-7082,1753,pos,0 days 00:10:05.683000,0 days 01:07:02.778000
2024-06-23 13:13:20.336,OnTrack,-6515,-6983,1757,pos,0 days 00:10:05.923000,0 days 01:07:03.018000
2024-06-23 13:13:20.596,OnTrack,-6591,-6852,1760,pos,0 days 00:10:06.183000,0 days 01:07:03.278000
2024-06-23 13:13:20.796,OnTrack,-6644,-6732,1762,pos,0 days 00:10:06.383000,0 days 01:07:03.478000
2024-06-23 13:13:21.176,OnTrack,-6703,-6519,1766,pos,0 days 00:10:06.763000,0 days 01:07:03.858000
2024-06-23 13:13:21.356,OnTrack,-6721,-6407,1768,pos,0 days 00:10:06.943000,0 days 01:07:04.038000
2024-06-23 13:13:21.536,OnTrack,-6733,-6203,1770,pos,0 days 00:10:07.123000,0 days 01:07:04.218000
2024-06-23 13:13:21.856,OnTrack,-6731,-6085,1772,pos,0 days 00:10:07.443000,0 days 01:07:04.538000
2024-06-23 13:13:22.116,OnTrack,-6717,-5913,1775,pos,0 days 00:10:07.703000,0 days 01:07:04.798000
2024-06-23 13:13:22.456,OnTrack,-6671,-5618,1779,pos,0 days 00:10:08.043000,0 days 01:07:05.138000
2024-06-23 13:13:22.836,OnTrack,-6611,-5368,1783,pos,0 days 00:10:08.423000,0 days 01:07:05.518000
2024-06-23 13:13:23.096,OnTrack,-6577,-5260,1785,pos,0 days 00:10:08.683000,0 days 01:07:05.778000
2024-06-23 13:13:23.296,OnTrack,-6528,-5127,1787,pos,0 days 00:10:08.883000,0 days 01:07:05.978000
2024-06-23 13:13:23.496,OnTrack,-6466,-4998,1789,pos,0 days 00:10:09.083000,0 days 01:07:06.178000
2024-06-23 13:13:23.756,OnTrack,-6371,-4833,1792,pos,0 days 00:10:09.343000,0 days 01:07:06.438000
2024-06-23 13:13:23.936,OnTrack,-6298,-4722,1794,pos,0 days 00:10:09.523000,0 days 01:07:06.618000
2024-06-23 13:13:24.296,OnTrack,-6090,-4428,1798,pos,0 days 00:10:09.883000,0 days 01:07:06.978000
2024-06-23 13:13:24.696,OnTrack,-5971,-4256,1801,pos,0 days 00:10:10.283000,0 days 01:07:07.378000
2024-06-23 13:13:24.856,OnTrack,-5908,-4150,1802,pos,0 days 00:10:10.443000,0 days 01:07:07.538000
2024-06-23 13:13:25.116,OnTrack,-5807,-3977,1805,pos,0 days 00:10:10.703000,0 days 01:07:07.798000
2024-06-23 13:13:25.315,OnTrack,-5728,-3846,1807,pos,0 days 00:10:10.902000,0 days 01:07:07.997000
2024-06-23 13:13:25.495,OnTrack,-5655,-3729,1809,pos,0 days 00:10:11.082000,0 days 01:07:08.177000
2024-06-23 13:13:25.755,OnTrack,-5517,-3520,1813,pos,0 days 00:10:11.342000,0 days 01:07:08.437000
2024-06-23 13:13:26.155,OnTrack,-5403,-3355,1815,pos,0 days 00:10:11.742000,0 days 01:07:08.837000
2024-06-23 13:13:26.336,OnTrack,-5325,-3245,1817,pos,0 days 00:10:11.923000,0 days 01:07:09.018000
2024-06-23 13:13:26.736,OnTrack,-5178,-3067,1819,pos,0 days 00:10:12.323000,0 days 01:07:09.418000
2024-06-23 13:13:27.116,OnTrack,-5094,-2988,1819,pos,0 days 00:10:12.703000,0 days 01:07:09.798000
2024-06-23 13:13:27.376,OnTrack,-5005,-2925,1821,pos,0 days 00:10:12.963000,0 days 01:07:10.058000
2024-06-23 13:13:27.556,OnTrack,-4941,-2891,1821,pos,0 days 00:10:13.143000,0 days 01:07:10.238000
2024-06-23 13:13:27.716,OnTrack,-4883,-2867,1823,pos,0 days 00:10:13.303000,0 days 01:07:10.398000
2024-06-23 13:13:27.996,OnTrack,-4778,-2843,1824,pos,0 days 00:10:13.583000,0 days 01:07:10.678000
2024-06-23 13:13:28.076,OnTrack,-4748,-2840,1825,pos,0 days 00:10:13.663000,0 days 01:07:10.758000
2024-06-23 13:13:28.356,OnTrack,-4645,-2842,1826,pos,0 days 00:10:13.943000,0 days 01:07:11.038000
2024-06-23 13:13:28.556,OnTrack,-4540,-2865,1828,pos,0 days 00:10:14.143000,0 days 01:07:11.238000
2024-06-23 13:13:29.036,OnTrack,-4419,-2918,1830,pos,0 days 00:10:14.623000,0 days 01:07:11.718000
2024-06-23 13:13:29.076,OnTrack,-4407,-2925,1831,pos,0 days 00:10:14.663000,0 days 01:07:11.758000
2024-06-23 13:13:29.356,OnTrack,-4331,-2980,1833,pos,0 days 00:10:14.943000,0 days 01:07:12.038000
2024-06-23 13:13:29.576,OnTrack,-4279,-3030,1834,pos,0 days 00:10:15.163000,0 days 01:07:12.258000
2024-06-23 13:13:29.836,OnTrack,-4219,-3100,1835,pos,0 days 00:10:15.423000,0 days 01:07:12.518000
2024-06-23 13:13:30.056,OnTrack,-4173,-3165,1835,pos,0 days 00:10:15.643000,0 days 01:07:12.738000
2024-06-23 13:13:30.096,OnTrack,-4165,-3178,1836,pos,0 days 00:10:15.683000,0 days 01:07:12.778000
2024-06-23 13:13:30.376,OnTrack,-4094,-3321,1837,pos,0 days 00:10:15.963000,0 days 01:07:13.058000
2024-06-23 13:13:30.896,OnTrack,-4044,-3494,1838,pos,0 days 00:10:16.483000,0 days 01:07:13.578000
2024-06-23 13:13:31.156,OnTrack,-4031,-3581,1839,pos,0 days 00:10:16.743000,0 days 01:07:13.838000
2024-06-23 13:13:31.496,OnTrack,-4031,-3766,1839,pos,0 days 00:10:17.083000,0 days 01:07:14.178000
2024-06-23 13:13:31.795,OnTrack,-4049,-3884,1838,pos,0 days 00:10:17.382000,0 days 01:07:14.477000
2024-06-23 13:13:31.995,OnTrack,-4076,-3983,1838,pos,0 days 00:10:17.582000,0 days 01:07:14.677000
2024-06-23 13:13:32.195,OnTrack,-4113,-4084,1836,pos,0 days 00:10:17.782000,0 days 01:07:14.877000
2024-06-23 13:13:32.455,OnTrack,-4176,-4211,1834,pos,0 days 00:10:18.042000,0 days 01:07:15.137000
2024-06-23 13:13:32.635,OnTrack,-4229,-4297,1833,pos,0 days 00:10:18.222000,0 days 01:07:15.317000
2024-06-23 13:13:32.815,OnTrack,-4289,-4385,1831,pos,0 days 00:10:18.402000,0 days 01:07:15.497000
2024-06-23 13:13:32.996,OnTrack,-4358,-4483,1829,pos,0 days 00:10:18.583000,0 days 01:07:15.678000
2024-06-23 13:13:33.336,OnTrack,-4502,-4681,1824,pos,0 days 00:10:18.923000,0 days 01:07:16.018000
2024-06-23 13:13:33.596,OnTrack,-4569,-4772,1822,pos,0 days 00:10:19.183000,0 days 01:07:16.278000
2024-06-23 13:13:33.896,OnTrack,-4682,-4927,1818,pos,0 days 00:10:19.483000,0 days 01:07:16.578000
2024-06-23 13:13:34.116,OnTrack,-4766,-5042,1816,pos,0 days 00:10:19.703000,0 days 01:07:16.798000
2024-06-23 13:13:34.176,OnTrack,-4789,-5073,1815,pos,0 days 00:10:19.763000,0 days 01:07:16.858000
2024-06-23 13:13:34.396,OnTrack,-4870,-5185,1813,pos,0 days 00:10:19.983000,0 days 01:07:17.078000
2024-06-23 13:13:34.716,OnTrack,-5013,-5389,1807,pos,0 days 00:10:20.303000,0 days 01:07:17.398000
2024-06-23 13:13:35.036,OnTrack,-5058,-5460,1804,pos,0 days 00:10:20.623000,0 days 01:07:17.718000
2024-06-23 13:13:35.316,OnTrack,-5146,-5619,1798,pos,0 days 00:10:20.903000,0 days 01:07:17.998000
2024-06-23 13:13:35.616,OnTrack,-5174,-5680,1795,pos,0 days 00:10:21.203000,0 days 01:07:18.298000
2024-06-23 13:13:35.816,OnTrack,-5198,-5746,1792,pos,0 days 00:10:21.403000,0 days 01:07:18.498000
2024-06-23 13:13:36.076,OnTrack,-5219,-5830,1789,pos,0 days 00:10:21.663000,0 days 01:07:18.758000
2024-06-23 13:13:36.256,OnTrack,-5226,-5886,1786,pos,0 days 00:10:21.843000,0 days 01:07:18.938000
2024-06-23 13:13:36.456,OnTrack,-5226,-5946,1783,pos,0 days 00:10:22.043000,0 days 01:07:19.138000
2024-06-23 13:13:36.696,OnTrack,-5214,-6014,1780,pos,0 days 00:10:22.283000,0 days 01:07:19.378000
2024-06-23 13:13:36.916,OnTrack,-5191,-6072,1776,pos,0 days 00:10:22.503000,0 days 01:07:19.598000
2024-06-23 13:13:37.156,OnTrack,-5156,-6127,1771,pos,0 days 00:10:22.743000,0 days 01:07:19.838000
2024-06-23 13:13:37.296,OnTrack,-5132,-6154,1770,pos,0 days 00:10:22.883000,0 days 01:07:19.978000
2024-06-23 13:13:37.656,OnTrack,-5058,-6208,1767,pos,0 days 00:10:23.243000,0 days 01:07:20.338000
2024-06-23 13:13:37.816,OnTrack,-5002,-6232,1763,pos,0 days 00:10:23.403000,0 days 01:07:20.498000
2024-06-23 13:13:38.276,OnTrack,-4883,-6251,1756,pos,0 days 00:10:23.863000,0 days 01:07:20.958000
2024-06-23 13:13:38.595,OnTrack,-4778,-6243,1750,pos,0 days 00:10:24.182000,0 days 01:07:21.277000
2024-06-23 13:13:38.995,OnTrack,-4703,-6226,1745,pos,0 days 00:10:24.582000,0 days 01:07:21.677000
2024-06-23 13:13:39.135,OnTrack,-4663,-6214,1742,pos,0 days 00:10:24.722000,0 days 01:07:21.817000
2024-06-23 13:13:39.536,OnTrack,-4533,-6162,1734,pos,0 days 00:10:25.123000,0 days 01:07:22.218000
2024-06-23 13:13:39.736,OnTrack,-4454,-6123,1729,pos,0 days 00:10:25.323000,0 days 01:07:22.418000
2024-06-23 13:13:40.156,OnTrack,-4326,-6054,1720,pos,0 days 00:10:25.743000,0 days 01:07:22.838000
2024-06-23 13:13:40.316,OnTrack,-4265,-6021,1716,pos,0 days 00:10:25.903000,0 days 01:07:22.998000
2024-06-23 13:13:40.976,OnTrack,-3981,-5872,1696,pos,0 days 00:10:26.563000,0 days 01:07:23.658000
2024-06-23 13:13:41.156,OnTrack,-3895,-5831,1692,pos,0 days 00:10:26.743000,0 days 01:07:23.838000
2024-06-23 13:13:41.396,OnTrack,-3711,-5751,1682,pos,0 days 00:10:26.983000,0 days 01:07:24.078000
2024-06-23 13:13:41.656,OnTrack,-3636,-5720,1679,pos,0 days 00:10:27.243000,0 days 01:07:24.338000
2024-06-23 13:13:41.996,OnTrack,-3449,-5640,1671,pos,0 days 00:10:27.583000,0 days 01:07:24.678000
2024-06-23 13:13:42.196,OnTrack,-3338,-5586,1666,pos,0 days 00:10:27.783000,0 days 01:07:24.878000
2024-06-23 13:13:42.456,OnTrack,-3195,-5506,1661,pos,0 days 00:10:28.043000,0 days 01:07:25.138000
2024-06-23 13:13:43.336,OnTrack,-2741,-5137,1651,pos,0 days 00:10:28.923000,0 days 01:07:26.018000
2024-06-23 13:13:43.656,OnTrack,-2598,-4967,1650,pos,0 days 00:10:29.243000,0 days 01:07:26.338000
2024-06-23 13:13:43.816,OnTrack,-2530,-4878,1651,pos,0 days 00:10:29.403000,0 days 01:07:26.498000
2024-06-23 13:13:44.096,OnTrack,-2423,-4726,1651,pos,0 days 00:10:29.683000,0 days 01:07:26.778000
2024-06-23 13:13:44.176,OnTrack,-2395,-4686,1651,pos,0 days 00:10:29.763000,0 days 01:07:26.858000
2024-06-23 13:13:44.476,OnTrack,-2283,-4522,1653,pos,0 days 00:10:30.063000,0 days 01:07:27.158000
2024-06-23 13:13:44.776,OnTrack,-2218,-4424,1655,pos,0 days 00:10:30.363000,0 days 01:07:27.458000
2024-06-23 13:13:45.115,OnTrack,-2143,-4296,1660,pos,0 days 00:10:30.702000,0 days 01:07:27.797000
2024-06-23 13:13:45.135,OnTrack,-2135,-4280,1661,pos,0 days 00:10:30.722000,0 days 01:07:27.817000
2024-06-23 13:13:45.475,OnTrack,-2094,-4133,1662,pos,0 days 00:10:31.062000,0 days 01:07:28.157000
2024-06-23 13:13:45.735,OnTrack,-2083,-3999,1664,pos,0 days 00:10:31.322000,0 days 01:07:28.417000
2024-06-23 13:13:45.975,OnTrack,-2084,-3938,1667,pos,0 days 00:10:31.562000,0 days 01:07:28.657000
2024-06-23 13:13:46.156,OnTrack,-2091,-3865,1671,pos,0 days 00:10:31.743000,0 days 01:07:28.838000
2024-06-23 13:13:46.416,OnTrack,-2111,-3775,1675,pos,0 days 00:10:32.003000,0 days 01:07:29.098000
2024-06-23 13:13:46.676,OnTrack,-2146,-3699,1680,pos,0 days 00:10:32.263000,0 days 01:07:29.358000
2024-06-23 13:13:46.976,OnTrack,-2250,-3576,1686,pos,0 days 00:10:32.563000,0 days 01:07:29.658000
2024-06-23 13:13:47.376,OnTrack,-2364,-3489,1692,pos,0 days 00:10:32.963000,0 days 01:07:30.058000
2024-06-23 13:13:47.776,OnTrack,-2468,-3414,1698,pos,0 days 00:10:33.363000,0 days 01:07:30.458000
2024-06-23 13:13:47.936,OnTrack,-2523,-3369,1703,pos,0 days 00:10:33.523000,0 days 01:07:30.618000
2024-06-23 13:13:48.176,OnTrack,-2605,-3291,1710,pos,0 days 00:10:33.763000,0 days 01:07:30.858000
2024-06-23 13:13:48.376,OnTrack,-2667,-3219,1717,pos,0 days 00:10:33.963000,0 days 01:07:31.058000
2024-06-23 13:13:48.556,OnTrack,-2720,-3145,1725,pos,0 days 00:10:34.143000,0 days 01:07:31.238000
2024-06-23 13:13:48.816,OnTrack,-2796,-3006,1733,pos,0 days 00:10:34.403000,0 days 01:07:31.498000
2024-06-23 13:13:49.116,OnTrack,-2856,-2875,1742,pos,0 days 00:10:34.703000,0 days 01:07:31.798000
2024-06-23 13:13:49.316,OnTrack,-2903,-2772,1749,pos,0 days 00:10:34.903000,0 days 01:07:31.998000
2024-06-23 13:13:49.496,OnTrack,-2947,-2677,1755,pos,0 days 00:10:35.083000,0 days 01:07:32.178000
2024-06-23 13:13:49.836,OnTrack,-3050,-2460,1770,pos,0 days 00:10:35.423000,0 days 01:07:32.518000
2024-06-23 13:13:50.196,OnTrack,-3139,-2273,1783,pos,0 days 00:10:35.783000,0 days 01:07:32.878000
2024-06-23 13:13:50.356,OnTrack,-3183,-2181,1789,pos,0 days 00:10:35.943000,0 days 01:07:33.038000
2024-06-23 13:13:50.636,OnTrack,-3261,-2017,1799,pos,0 days 00:10:36.223000,0 days 01:07:33.318000
2024-06-23 13:13:50.876,OnTrack,-3370,-1789,1814,pos,0 days 00:10:36.463000,0 days 01:07:33.558000
2024-06-23 13:13:51.296,OnTrack,-3441,-1616,1825,pos,0 days 00:10:36.883000,0 days 01:07:33.978000
2024-06-23 13:13:51.495,OnTrack,-3479,-1492,1833,pos,0 days 00:10:37.082000,0 days 01:07:34.177000
2024-06-23 13:13:51.675,OnTrack,-3506,-1303,1842,pos,0 days 00:10:37.262000,0 days 01:07:34.357000
2024-06-23 13:13:52.135,OnTrack,-3491,-1028,1853,pos,0 days 00:10:37.722000,0 days 01:07:34.817000
2024-06-23 13:13:52.555,OnTrack,-3424,-760,1862,pos,0 days 00:10:38.142000,0 days 01:07:35.237000
2024-06-23 13:13:52.916,OnTrack,-3369,-630,1867,pos,0 days 00:10:38.503000,0 days 01:07:35.598000
2024-06-23 13:13:53.176,OnTrack,-3292,-498,1871,pos,0 days 00:10:38.763000,0 days 01:07:35.858000
2024-06-23 13:13:53.376,OnTrack,-3205,-390,1873,pos,0 days 00:10:38.963000,0 days 01:07:36.058000
2024-06-23 13:13:53.536,OnTrack,-3133,-328,1874,pos,0 days 00:10:39.123000,0 days 01:07:36.218000
2024-06-23 13:13:53.796,OnTrack,-2993,-244,1874,pos,0 days 00:10:39.383000,0 days 01:07:36.478000
2024-06-23 13:13:53.976,OnTrack,-2887,-197,1874,pos,0 days 00:10:39.563000,0 days 01:07:36.658000
2024-06-23 13:13:54.176,OnTrack,-2767,-149,1873,pos,0 days 00:10:39.763000,0 days 01:07:36.858000
2024-06-23 13:13:54.336,OnTrack,-2670,-110,1872,pos,0 days 00:10:39.923000,0 days 01:07:37.018000
2024-06-23 13:13:54.496,OnTrack,-2574,-70,1871,pos,0 days 00:10:40.083000,0 days 01:07:37.178000
2024-06-23 13:13:54.836,OnTrack,-2282,64,1867,pos,0 days 00:10:40.423000,0 days 01:07:37.518000
2024-06-23 13:13:55.236,OnTrack,-2119,141,1865,pos,0 days 00:10:40.823000,0 days 01:07:37.918000
2024-06-23 13:13:55.356,OnTrack,-2044,177,1864,pos,0 days 00:10:40.943000,0 days 01:07:38.038000
2024-06-23 13:13:55.596,OnTrack,-1890,249,1862,pos,0 days 00:10:41.183000,0 days 01:07:38.278000
2024-06-23 13:13:55.756,OnTrack,-1786,298,1860,pos,0 days 00:10:41.343000,0 days 01:07:38.438000
2024-06-23 13:13:56.036,OnTrack,-1603,385,1858,pos,0 days 00:10:41.623000,0 days 01:07:38.718000
2024-06-23 13:13:56.196,OnTrack,-1496,436,1857,pos,0 days 00:10:41.783000,0 days 01:07:38.878000
2024-06-23 13:13:56.476,OnTrack,-1255,551,1854,pos,0 days 00:10:42.063000,0 days 01:07:39.158000
2024-06-23 13:13:56.796,OnTrack,-1102,628,1852,pos,0 days 00:10:42.383000,0 days 01:07:39.478000
2024-06-23 13:13:56.976,OnTrack,-982,690,1850,pos,0 days 00:10:42.563000,0 days 01:07:39.658000
2024-06-23 13:13:57.316,OnTrack,-751,812,1847,pos,0 days 00:10:42.903000,0 days 01:07:39.998000
2024-06-23 13:13:57.416,OnTrack,-683,848,1846,pos,0 days 00:10:43.003000,0 days 01:07:40.098000
2024-06-23 13:13:57.756,OnTrack,-450,973,1843,pos,0 days 00:10:43.343000,0 days 01:07:40.438000
2024-06-23 13:13:57.956,OnTrack,-227,1092,1840,pos,0 days 00:10:43.543000,0 days 01:07:40.638000
2024-06-23 13:13:58.255,OnTrack,-102,1159,1838,pos,0 days 00:10:43.842000,0 days 01:07:40.937000
2024-06-23 13:13:58.495,OnTrack,164,1300,1835,pos,0 days 00:10:44.082000,0 days 01:07:41.177000
2024-06-23 13:13:59.015,OnTrack,460,1452,1830,pos,0 days 00:10:44.602000,0 days 01:07:41.697000
2024-06-23 13:13:59.356,OnTrack,606,1518,1829,pos,0 days 00:10:44.943000,0 days 01:07:42.038000
2024-06-23 13:13:59.616,OnTrack,752,1579,1827,pos,0 days 00:10:45.203000,0 days 01:07:42.298000
2024-06-23 13:13:59.816,OnTrack,846,1616,1826,pos,0 days 00:10:45.403000,0 days 01:07:42.498000
2024-06-23 13:13:59.996,OnTrack,932,1651,1824,pos,0 days 00:10:45.583000,0 days 01:07:42.678000
2024-06-23 13:14:00.216,OnTrack,1029,1691,1824,pos,0 days 00:10:45.803000,0 days 01:07:42.898000
2024-06-23 13:14:00.316,OnTrack,1069,1708,1823,pos,0 days 00:10:45.903000,0 days 01:07:42.998000
2024-06-23 13:14:00.656,OnTrack,1212,1776,1822,pos,0 days 00:10:46.243000,0 days 01:07:43.338000
2024-06-23 13:14:01.056,OnTrack,1337,1862,1820,pos,0 days 00:10:46.643000,0 days 01:07:43.738000
2024-06-23 13:14:01.356,OnTrack,1382,1908,1819,pos,0 days 00:10:46.943000,0 days 01:07:44.038000
2024-06-23 13:14:01.696,OnTrack,1436,1995,1818,pos,0 days 00:10:47.283000,0 days 01:07:44.378000
2024-06-23 13:14:01.896,OnTrack,1461,2087,1818,pos,0 days 00:10:47.483000,0 days 01:07:44.578000
2024-06-23 13:14:02.356,OnTrack,1459,2185,1817,pos,0 days 00:10:47.943000,0 days 01:07:45.038000
2024-06-23 13:14:02.376,OnTrack,1458,2191,1817,pos,0 days 00:10:47.963000,0 days 01:07:45.058000
2024-06-23 13:14:02.656,OnTrack,1439,2267,1817,pos,0 days 00:10:48.243000,0 days 01:07:45.338000
2024-06-23 13:14:02.876,OnTrack,1402,2351,1820,pos,0 days 00:10:48.463000,0 days 01:07:45.558000
2024-06-23 13:14:03.356,OnTrack,1350,2431,1822,pos,0 days 00:10:48.943000,0 days 01:07:46.038000
2024-06-23 13:14:03.536,OnTrack,1297,2492,1824,pos,0 days 00:10:49.123000,0 days 01:07:46.218000
2024-06-23 13:14:03.876,OnTrack,1251,2533,1826,pos,0 days 00:10:49.463000,0 days 01:07:46.558000
2024-06-23 13:14:04.176,OnTrack,1141,2599,1828,pos,0 days 00:10:49.763000,0 days 01:07:46.858000
2024-06-23 13:14:04.496,OnTrack,1088,2618,1830,pos,0 days 00:10:50.083000,0 days 01:07:47.178000
2024-06-23 13:14:04.675,OnTrack,1031,2635,1831,pos,0 days 00:10:50.262000,0 days 01:07:47.357000
2024-06-23 13:14:04.915,OnTrack,950,2650,1833,pos,0 days 00:10:50.502000,0 days 01:07:47.597000
2024-06-23 13:14:05.195,OnTrack,809,2660,1835,pos,0 days 00:10:50.782000,0 days 01:07:47.877000
2024-06-23 13:14:05.555,OnTrack,705,2653,1838,pos,0 days 00:10:51.142000,0 days 01:07:48.237000
2024-06-23 13:14:05.776,OnTrack,604,2637,1840,pos,0 days 00:10:51.363000,0 days 01:07:48.458000
2024-06-23 13:14:05.936,OnTrack,536,2619,1841,pos,0 days 00:10:51.523000,0 days 01:07:48.618000
2024-06-23 13:14:06.256,OnTrack,369,2554,1847,pos,0 days 00:10:51.843000,0 days 01:07:48.938000
2024-06-23 13:14:06.676,OnTrack,177,2441,1858,pos,0 days 00:10:52.263000,0 days 01:07:49.358000
2024-06-23 13:14:07.016,OnTrack,-48,2284,1870,pos,0 days 00:10:52.603000,0 days 01:07:49.698000
2024-06-23 13:14:07.316,OnTrack,-129,2239,1873,pos,0 days 00:10:52.903000,0 days 01:07:49.998000
2024-06-23 13:14:07.716,OnTrack,-361,2149,1881,pos,0 days 00:10:53.303000,0 days 01:07:50.398000
2024-06-23 13:14:08.016,OnTrack,-426,2135,1884,pos,0 days 00:10:53.603000,0 days 01:07:50.698000
2024-06-23 13:14:08.196,OnTrack,-497,2125,1887,pos,0 days 00:10:53.783000,0 days 01:07:50.878000
2024-06-23 13:14:08.456,OnTrack,-646,2126,1895,pos,0 days 00:10:54.043000,0 days 01:07:51.138000
2024-06-23 13:14:08.816,OnTrack,-721,2140,1898,pos,0 days 00:10:54.403000,0 days 01:07:51.498000
2024-06-23 13:14:09.016,OnTrack,-784,2161,1901,pos,0 days 00:10:54.603000,0 days 01:07:51.698000
2024-06-23 13:14:09.236,OnTrack,-847,2194,1905,pos,0 days 00:10:54.823000,0 days 01:07:51.918000
2024-06-23 13:14:09.436,OnTrack,-896,2232,1906,pos,0 days 00:10:55.023000,0 days 01:07:52.118000
2024-06-23 13:14:09.596,OnTrack,-931,2266,1908,pos,0 days 00:10:55.183000,0 days 01:07:52.278000
2024-06-23 13:14:09.976,OnTrack,-1005,2384,1911,pos,0 days 00:10:55.563000,0 days 01:07:52.658000
2024-06-23 13:14:10.356,OnTrack,-1032,2458,1912,pos,0 days 00:10:55.943000,0 days 01:07:53.038000
2024-06-23 13:14:10.436,OnTrack,-1037,2480,1912,pos,0 days 00:10:56.023000,0 days 01:07:53.118000
2024-06-23 13:14:10.676,OnTrack,-1048,2549,1913,pos,0 days 00:10:56.263000,0 days 01:07:53.358000
2024-06-23 13:14:10.896,OnTrack,-1050,2615,1914,pos,0 days 00:10:56.483000,0 days 01:07:53.578000
2024-06-23 13:14:11.136,OnTrack,-1045,2688,1915,pos,0 days 00:10:56.723000,0 days 01:07:53.818000
2024-06-23 13:14:11.455,OnTrack,-1024,2787,1917,pos,0 days 00:10:57.042000,0 days 01:07:54.137000
2024-06-23 13:14:11.535,OnTrack,-1017,2813,1917,pos,0 days 00:10:57.122000,0 days 01:07:54.217000
2024-06-23 13:14:11.855,OnTrack,-966,2935,1920,pos,0 days 00:10:57.442000,0 days 01:07:54.537000
2024-06-23 13:14:12.235,OnTrack,-891,3055,1921,pos,0 days 00:10:57.822000,0 days 01:07:54.917000
2024-06-23 13:14:12.416,OnTrack,-820,3144,1922,pos,0 days 00:10:58.003000,0 days 01:07:55.098000
2024-06-23 13:14:12.556,OnTrack,-735,3228,1923,pos,0 days 00:10:58.143000,0 days 01:07:55.238000
2024-06-23 13:14:12.916,OnTrack,-660,3293,1922,pos,0 days 00:10:58.503000,0 days 01:07:55.598000
2024-06-23 13:14:13.196,OnTrack,-564,3370,1921,pos,0 days 00:10:58.783000,0 days 01:07:55.878000
2024-06-23 13:14:13.356,OnTrack,-501,3418,1921,pos,0 days 00:10:58.943000,0 days 01:07:56.038000
2024-06-23 13:14:13.656,OnTrack,-345,3541,1918,pos,0 days 00:10:59.243000,0 days 01:07:56.338000
2024-06-23 13:14:14.016,OnTrack,-175,3686,1913,pos,0 days 00:10:59.603000,0 days 01:07:56.698000
2024-06-23 13:14:14.416,OnTrack,-50,3792,1909,pos,0 days 00:11:00.003000,0 days 01:07:57.098000
2024-06-23 13:14:14.716,OnTrack,90,3905,1903,pos,0 days 00:11:00.303000,0 days 01:07:57.398000
2024-06-23 13:14:14.936,OnTrack,255,4018,1895,pos,0 days 00:11:00.523000,0 days 01:07:57.618000
2024-06-23 13:14:15.176,OnTrack,333,4058,1892,pos,0 days 00:11:00.763000,0 days 01:07:57.858000
2024-06-23 13:14:15.396,OnTrack,464,4107,1886,pos,0 days 00:11:00.983000,0 days 01:07:58.078000
2024-06-23 13:14:15.696,OnTrack,661,4140,1877,pos,0 days 00:11:01.283000,0 days 01:07:58.378000
2024-06-23 13:14:15.876,OnTrack,873,4125,1865,pos,0 days 00:11:01.463000,0 days 01:07:58.558000
2024-06-23 13:14:16.276,OnTrack,1041,4085,1856,pos,0 days 00:11:01.863000,0 days 01:07:58.958000
2024-06-23 13:14:16.536,OnTrack,1206,4022,1845,pos,0 days 00:11:02.123000,0 days 01:07:59.218000
2024-06-23 13:14:16.676,OnTrack,1293,3982,1840,pos,0 days 00:11:02.263000,0 days 01:07:59.358000
2024-06-23 13:14:16.936,OnTrack,1449,3897,1832,pos,0 days 00:11:02.523000,0 days 01:07:59.618000
2024-06-23 13:14:17.136,OnTrack,1627,3789,1821,pos,0 days 00:11:02.723000,0 days 01:07:59.818000
2024-06-23 13:14:17.436,OnTrack,1745,3713,1813,pos,0 days 00:11:03.023000,0 days 01:08:00.118000
2024-06-23 13:14:17.756,OnTrack,1935,3591,1802,pos,0 days 00:11:03.343000,0 days 01:08:00.438000
2024-06-23 13:14:17.935,OnTrack,2116,3475,1791,pos,0 days 00:11:03.522000,0 days 01:08:00.617000
2024-06-23 13:14:18.395,OnTrack,2355,3315,1779,pos,0 days 00:11:03.982000,0 days 01:08:01.077000
2024-06-23 13:14:18.655,OnTrack,2464,3232,1774,pos,0 days 00:11:04.242000,0 days 01:08:01.337000
2024-06-23 13:14:18.916,OnTrack,2582,3124,1767,pos,0 days 00:11:04.503000,0 days 01:08:01.598000
2024-06-23 13:14:19.216,OnTrack,2742,2931,1758,pos,0 days 00:11:04.803000,0 days 01:08:01.898000
2024-06-23 13:14:19.536,OnTrack,2799,2820,1754,pos,0 days 00:11:05.123000,0 days 01:08:02.218000
2024-06-23 13:14:19.696,OnTrack,2835,2725,1751,pos,0 days 00:11:05.283000,0 days 01:08:02.378000
2024-06-23 13:14:19.916,OnTrack,2868,2589,1748,pos,0 days 00:11:05.503000,0 days 01:08:02.598000
2024-06-23 13:14:20.176,OnTrack,2885,2426,1744,pos,0 days 00:11:05.763000,0 days 01:08:02.858000
2024-06-23 13:14:20.456,OnTrack,2856,2171,1738,pos,0 days 00:11:06.043000,0 days 01:08:03.138000
2024-06-23 13:14:20.756,OnTrack,2823,2058,1737,pos,0 days 00:11:06.343000,0 days 01:08:03.438000
2024-06-23 13:14:21.096,OnTrack,2727,1849,1733,pos,0 days 00:11:06.683000,0 days 01:08:03.778000
2024-06-23 13:14:21.256,OnTrack,2631,1684,1731,pos,0 days 00:11:06.843000,0 days 01:08:03.938000
2024-06-23 13:14:21.556,OnTrack,2565,1580,1729,pos,0 days 00:11:07.143000,0 days 01:08:04.238000
2024-06-23 13:14:21.776,OnTrack,2482,1452,1727,pos,0 days 00:11:07.363000,0 days 01:08:04.458000
2024-06-23 13:14:21.996,OnTrack,2397,1323,1725,pos,0 days 00:11:07.583000,0 days 01:08:04.678000
2024-06-23 13:14:22.216,OnTrack,2257,1109,1721,pos,0 days 00:11:07.803000,0 days 01:08:04.898000
2024-06-23 13:14:22.716,OnTrack,2059,804,1716,pos,0 days 00:11:08.303000,0 days 01:08:05.398000
2024-06-23 13:14:23.016,OnTrack,1995,705,1714,pos,0 days 00:11:08.603000,0 days 01:08:05.698000
2024-06-23 13:14:23.316,OnTrack,1873,517,1711,pos,0 days 00:11:08.903000,0 days 01:08:05.998000
2024-06-23 13:14:23.496,OnTrack,1799,404,1710,pos,0 days 00:11:09.083000,0 days 01:08:06.178000
2024-06-23 13:14:23.696,OnTrack,1716,277,1709,pos,0 days 00:11:09.283000,0 days 01:08:06.378000
2024-06-23 13:14:23.976,OnTrack,1558,32,1708,pos,0 days 00:11:09.563000,0 days 01:08:06.658000
2024-06-23 13:14:24.376,OnTrack,1389,-231,1707,pos,0 days 00:11:09.963000,0 days 01:08:07.058000
2024-06-23 13:14:24.695,OnTrack,1312,-351,1707,pos,0 days 00:11:10.282000,0 days 01:08:07.377000
2024-06-23 13:14:24.915,OnTrack,1219,-498,1708,pos,0 days 00:11:10.502000,0 days 01:08:07.597000
2024-06-23 13:14:25.075,OnTrack,1151,-605,1708,pos,0 days 00:11:10.662000,0 days 01:08:07.757000
2024-06-23 13:14:25.455,OnTrack,936,-943,1708,pos,0 days 00:11:11.042000,0 days 01:08:08.137000
2024-06-23 13:14:25.776,OnTrack,841,-1092,1708,pos,0 days 00:11:11.363000,0 days 01:08:08.458000
2024-06-23 13:14:25.956,OnTrack,763,-1215,1708,pos,0 days 00:11:11.543000,0 days 01:08:08.638000
2024-06-23 13:14:26.216,OnTrack,597,-1477,1707,pos,0 days 00:11:11.803000,0 days 01:08:08.898000
2024-06-23 13:14:26.696,OnTrack,448,-1712,1708,pos,0 days 00:11:12.283000,0 days 01:08:09.378000
2024-06-23 13:14:26.716,OnTrack,439,-1726,1708,pos,0 days 00:11:12.303000,0 days 01:08:09.398000
2024-06-23 13:14:27.076,OnTrack,279,-1977,1708,pos,0 days 00:11:12.663000,0 days 01:08:09.758000
2024-06-23 13:14:27.256,OnTrack,199,-2104,1708,pos,0 days 00:11:12.843000,0 days 01:08:09.938000
2024-06-23 13:14:27.476,OnTrack,101,-2258,1708,pos,0 days 00:11:13.063000,0 days 01:08:10.158000
2024-06-23 13:14:27.596,OnTrack,47,-2343,1707,pos,0 days 00:11:13.183000,0 days 01:08:10.278000
2024-06-23 13:14:27.856,OnTrack,-129,-2618,1706,pos,0 days 00:11:13.443000,0 days 01:08:10.538000
2024-06-23 13:14:28.356,OnTrack,-352,-2955,1703,pos,0 days 00:11:13.943000,0 days 01:08:11.038000
2024-06-23 13:14:28.736,OnTrack,-483,-3153,1701,pos,0 days 00:11:14.323000,0 days 01:08:11.418000
2024-06-23 13:14:28.916,OnTrack,-568,-3280,1699,pos,0 days 00:11:14.503000,0 days 01:08:11.598000
2024-06-23 13:14:29.116,OnTrack,-719,-3507,1695,pos,0 days 00:11:14.703000,0 days 01:08:11.798000
2024-06-23 13:14:29.496,OnTrack,-890,-3762,1689,pos,0 days 00:11:15.083000,0 days 01:08:12.178000
2024-06-23 13:14:29.876,OnTrack,-1023,-3960,1684,pos,0 days 00:11:15.463000,0 days 01:08:12.558000
2024-06-23 13:14:30.116,OnTrack,-1138,-4131,1680,pos,0 days 00:11:15.703000,0 days 01:08:12.798000
2024-06-23 13:14:30.396,OnTrack,-1338,-4429,1671,pos,0 days 00:11:15.983000,0 days 01:08:13.078000
2024-06-23 13:14:30.716,OnTrack,-1424,-4557,1668,pos,0 days 00:11:16.303000,0 days 01:08:13.398000
2024-06-23 13:14:30.876,OnTrack,-1501,-4671,1664,pos,0 days 00:11:16.463000,0 days 01:08:13.558000
2024-06-23 13:14:31.135,OnTrack,-1621,-4852,1659,pos,0 days 00:11:16.722000,0 days 01:08:13.817000
2024-06-23 13:14:31.315,OnTrack,-1768,-5083,1654,pos,0 days 00:11:16.902000,0 days 01:08:13.997000
2024-06-23 13:14:31.695,OnTrack,-1873,-5258,1650,pos,0 days 00:11:17.282000,0 days 01:08:14.377000
2024-06-23 13:14:31.875,OnTrack,-1950,-5391,1648,pos,0 days 00:11:17.462000,0 days 01:08:14.557000
2024-06-23 13:14:32.076,OnTrack,-2043,-5554,1645,pos,0 days 00:11:17.663000,0 days 01:08:14.758000
2024-06-23 13:14:32.376,OnTrack,-2224,-5879,1640,pos,0 days 00:11:17.963000,0 days 01:08:15.058000
2024-06-23 13:14:32.816,OnTrack,-2336,-6080,1638,pos,0 days 00:11:18.403000,0 days 01:08:15.498000
2024-06-23 13:14:33.016,OnTrack,-2412,-6213,1636,pos,0 days 00:11:18.603000,0 days 01:08:15.698000
2024-06-23 13:14:33.276,OnTrack,-2513,-6378,1634,pos,0 days 00:11:18.863000,0 days 01:08:15.958000
2024-06-23 13:14:33.636,OnTrack,-2606,-6514,1633,pos,0 days 00:11:19.223000,0 days 01:08:16.318000
2024-06-23 13:14:33.776,OnTrack,-2650,-6574,1632,pos,0 days 00:11:19.363000,0 days 01:08:16.458000
2024-06-23 13:14:34.016,OnTrack,-2723,-6666,1631,pos,0 days 00:11:19.603000,0 days 01:08:16.698000
2024-06-23 13:14:34.196,OnTrack,-2777,-6728,1629,pos,0 days 00:11:19.783000,0 days 01:08:16.878000
2024-06-23 13:14:34.476,OnTrack,-2861,-6812,1627,pos,0 days 00:11:20.063000,0 days 01:08:17.158000
2024-06-23 13:14:34.676,OnTrack,-2923,-6865,1625,pos,0 days 00:11:20.263000,0 days 01:08:17.358000
2024-06-23 13:14:34.936,OnTrack,-3006,-6922,1623,pos,0 days 00:11:20.523000,0 days 01:08:17.618000
2024-06-23 13:14:35.116,OnTrack,-3093,-6964,1623,pos,0 days 00:11:20.703000,0 days 01:08:17.798000
2024-06-23 13:14:35.376,OnTrack,-3155,-6983,1623,pos,0 days 00:11:20.963000,0 days 01:08:18.058000
2024-06-23 13:14:35.576,OnTrack,-3227,-6994,1624,pos,0 days 00:11:21.163000,0 days 01:08:18.258000
2024-06-23 13:14:35.876,OnTrack,-3335,-6988,1626,pos,0 days 00:11:21.463000,0 days 01:08:18.558000
2024-06-23 13:14:36.136,OnTrack,-3428,-6965,1628,pos,0 days 00:11:21.723000,0 days 01:08:18.818000
2024-06-23 13:14:36.296,OnTrack,-3486,-6944,1629,pos,0 days 00:11:21.883000,0 days 01:08:18.978000
2024-06-23 13:14:36.576,OnTrack,-3624,-6883,1632,pos,0 days 00:11:22.163000,0 days 01:08:19.258000
2024-06-23 13:14:36.916,OnTrack,-3715,-6841,1633,pos,0 days 00:11:22.503000,0 days 01:08:19.598000
2024-06-23 13:14:37.196,OnTrack,-3828,-6796,1635,pos,0 days 00:11:22.783000,0 days 01:08:19.878000
2024-06-23 13:14:37.376,OnTrack,-3902,-6776,1638,pos,0 days 00:11:22.963000,0 days 01:08:20.058000
2024-06-23 13:14:37.615,OnTrack,-4005,-6767,1641,pos,0 days 00:11:23.202000,0 days 01:08:20.297000
2024-06-23 13:14:37.775,OnTrack,-4076,-6774,1644,pos,0 days 00:11:23.362000,0 days 01:08:20.457000
2024-06-23 13:14:37.975,OnTrack,-4212,-6810,1650,pos,0 days 00:11:23.562000,0 days 01:08:20.657000
2024-06-23 13:14:38.375,OnTrack,-4356,-6876,1658,pos,0 days 00:11:23.962000,0 days 01:08:21.057000
2024-06-23 13:14:38.555,OnTrack,-4434,-6920,1662,pos,0 days 00:11:24.142000,0 days 01:08:21.237000
2024-06-23 13:14:38.716,OnTrack,-4510,-6970,1666,pos,0 days 00:11:24.303000,0 days 01:08:21.398000
2024-06-23 13:14:38.996,OnTrack,-4629,-7054,1673,pos,0 days 00:11:24.583000,0 days 01:08:21.678000
2024-06-23 13:14:39.216,OnTrack,-4726,-7123,1679,pos,0 days 00:11:24.803000,0 days 01:08:21.898000
2024-06-23 13:14:39.396,OnTrack,-4800,-7172,1683,pos,0 days 00:11:24.983000,0 days 01:08:22.078000
2024-06-23 13:14:39.576,OnTrack,-4886,-7227,1687,pos,0 days 00:11:25.163000,0 days 01:08:22.258000
2024-06-23 13:14:39.876,OnTrack,-5038,-7313,1695,pos,0 days 00:11:25.463000,0 days 01:08:22.558000
2024-06-23 13:14:40.096,OnTrack,-5155,-7367,1700,pos,0 days 00:11:25.683000,0 days 01:08:22.778000
2024-06-23 13:14:40.256,OnTrack,-5242,-7400,1704,pos,0 days 00:11:25.843000,0 days 01:08:22.938000
2024-06-23 13:14:40.436,OnTrack,-5343,-7428,1708,pos,0 days 00:11:26.023000,0 days 01:08:23.118000
2024-06-23 13:14:40.696,OnTrack,-5491,-7451,1715,pos,0 days 00:11:26.283000,0 days 01:08:23.378000
2024-06-23 13:14:40.816,OnTrack,-5560,-7455,1718,pos,0 days 00:11:26.403000,0 days 01:08:23.498000
2024-06-23 13:14:40.976,OnTrack,-5653,-7453,1721,pos,0 days 00:11:26.563000,0 days 01:08:23.658000
2024-06-23 13:14:41.356,OnTrack,-5954,-7397,1734,pos,0 days 00:11:26.943000,0 days 01:08:24.038000
2024-06-23 13:14:41.676,OnTrack,-6049,-7362,1738,pos,0 days 00:11:27.263000,0 days 01:08:24.358000
2024-06-23 13:14:41.976,OnTrack,-6219,-7274,1744,pos,0 days 00:11:27.563000,0 days 01:08:24.658000
2024-06-23 13:14:42.376,OnTrack,-6404,-7122,1752,pos,0 days 00:11:27.963000,0 days 01:08:25.058000
2024-06-23 13:14:42.656,OnTrack,-6488,-7022,1755,pos,0 days 00:11:28.243000,0 days 01:08:25.338000
2024-06-23 13:14:42.896,OnTrack,-6566,-6901,1759,pos,0 days 00:11:28.483000,0 days 01:08:25.578000
2024-06-23 13:14:43.196,OnTrack,-6663,-6676,1763,pos,0 days 00:11:28.783000,0 days 01:08:25.878000
2024-06-23 13:14:43.596,OnTrack,-6715,-6453,1767,pos,0 days 00:11:29.183000,0 days 01:08:26.278000
2024-06-23 13:14:44.016,OnTrack,-6733,-6165,1771,pos,0 days 00:11:29.603000,0 days 01:08:26.698000
2024-06-23 13:14:44.375,OnTrack,-6723,-5977,1774,pos,0 days 00:11:29.962000,0 days 01:08:27.057000
2024-06-23 13:14:44.555,OnTrack,-6710,-5856,1776,pos,0 days 00:11:30.142000,0 days 01:08:27.237000
2024-06-23 13:14:44.855,OnTrack,-6677,-5652,1778,pos,0 days 00:11:30.442000,0 days 01:08:27.537000
2024-06-23 13:14:44.955,OnTrack,-6665,-5591,1779,pos,0 days 00:11:30.542000,0 days 01:08:27.637000
2024-06-23 13:14:45.135,OnTrack,-6640,-5480,1781,pos,0 days 00:11:30.722000,0 days 01:08:27.817000
2024-06-23 13:14:45.336,OnTrack,-6600,-5330,1784,pos,0 days 00:11:30.923000,0 days 01:08:28.018000
2024-06-23 13:14:45.616,OnTrack,-6534,-5142,1787,pos,0 days 00:11:31.203000,0 days 01:08:28.298000
2024-06-23 13:14:45.816,OnTrack,-6473,-5011,1789,pos,0 days 00:11:31.403000,0 days 01:08:28.498000
2024-06-23 13:14:46.116,OnTrack,-6313,-4745,1793,pos,0 days 00:11:31.703000,0 days 01:08:28.798000
2024-06-23 13:14:46.356,OnTrack,-6271,-4683,1794,pos,0 days 00:11:31.943000,0 days 01:08:29.038000
2024-06-23 13:14:46.576,OnTrack,-6176,-4548,1796,pos,0 days 00:11:32.163000,0 days 01:08:29.258000
2024-06-23 13:14:46.796,OnTrack,-6080,-4413,1798,pos,0 days 00:11:32.383000,0 days 01:08:29.478000
2024-06-23 13:14:46.996,OnTrack,-5992,-4290,1800,pos,0 days 00:11:32.583000,0 days 01:08:29.678000
2024-06-23 13:14:47.236,OnTrack,-5899,-4134,1803,pos,0 days 00:11:32.823000,0 days 01:08:29.918000
2024-06-23 13:14:47.556,OnTrack,-5774,-3922,1806,pos,0 days 00:11:33.143000,0 days 01:08:30.238000
2024-06-23 13:14:47.736,OnTrack,-5703,-3805,1808,pos,0 days 00:11:33.323000,0 days 01:08:30.418000
2024-06-23 13:14:47.936,OnTrack,-5621,-3676,1810,pos,0 days 00:11:33.523000,0 days 01:08:30.618000
2024-06-23 13:14:48.116,OnTrack,-5550,-3569,1812,pos,0 days 00:11:33.703000,0 days 01:08:30.798000
2024-06-23 13:14:48.276,OnTrack,-5489,-3480,1813,pos,0 days 00:11:33.863000,0 days 01:08:30.958000
2024-06-23 13:14:48.556,OnTrack,-5360,-3294,1816,pos,0 days 00:11:34.143000,0 days 01:08:31.238000
2024-06-23 13:14:48.876,OnTrack,-5291,-3200,1817,pos,0 days 00:11:34.463000,0 days 01:08:31.558000
2024-06-23 13:14:49.076,OnTrack,-5229,-3123,1819,pos,0 days 00:11:34.663000,0 days 01:08:31.758000
2024-06-23 13:14:49.356,OnTrack,-5116,-3007,1819,pos,0 days 00:11:34.943000,0 days 01:08:32.038000
2024-06-23 13:14:49.776,OnTrack,-4980,-2910,1821,pos,0 days 00:11:35.363000,0 days 01:08:32.458000
2024-06-23 13:14:50.036,OnTrack,-4909,-2877,1822,pos,0 days 00:11:35.623000,0 days 01:08:32.718000
2024-06-23 13:14:50.236,OnTrack,-4836,-2854,1823,pos,0 days 00:11:35.823000,0 days 01:08:32.918000
2024-06-23 13:14:50.516,OnTrack,-4733,-2839,1825,pos,0 days 00:11:36.103000,0 days 01:08:33.198000
2024-06-23 13:14:50.835,OnTrack,-4618,-2846,1826,pos,0 days 00:11:36.422000,0 days 01:08:33.517000
2024-06-23 13:14:50.975,OnTrack,-4536,-2866,1828,pos,0 days 00:11:36.562000,0 days 01:08:33.657000
2024-06-23 13:14:51.415,OnTrack,-4388,-2937,1831,pos,0 days 00:11:37.002000,0 days 01:08:34.097000
2024-06-23 13:14:51.796,OnTrack,-4320,-2989,1833,pos,0 days 00:11:37.383000,0 days 01:08:34.478000
2024-06-23 13:14:52.056,OnTrack,-4258,-3053,1834,pos,0 days 00:11:37.643000,0 days 01:08:34.738000
2024-06-23 13:14:52.236,OnTrack,-4218,-3102,1835,pos,0 days 00:11:37.823000,0 days 01:08:34.918000
2024-06-23 13:14:52.496,OnTrack,-4150,-3204,1836,pos,0 days 00:11:38.083000,0 days 01:08:35.178000
2024-06-23 13:14:52.796,OnTrack,-4115,-3271,1837,pos,0 days 00:11:38.383000,0 days 01:08:35.478000
2024-06-23 13:14:53.116,OnTrack,-4069,-3390,1838,pos,0 days 00:11:38.703000,0 days 01:08:35.798000
2024-06-23 13:14:53.316,OnTrack,-4048,-3471,1838,pos,0 days 00:11:38.903000,0 days 01:08:35.998000
2024-06-23 13:14:53.516,OnTrack,-4034,-3557,1839,pos,0 days 00:11:39.103000,0 days 01:08:36.198000
2024-06-23 13:14:53.736,OnTrack,-4027,-3656,1839,pos,0 days 00:11:39.323000,0 days 01:08:36.418000
2024-06-23 13:14:53.896,OnTrack,-4029,-3731,1839,pos,0 days 00:11:39.483000,0 days 01:08:36.578000
2024-06-23 13:14:54.076,OnTrack,-4038,-3819,1839,pos,0 days 00:11:39.663000,0 days 01:08:36.758000
2024-06-23 13:14:54.356,OnTrack,-4091,-4028,1837,pos,0 days 00:11:39.943000,0 days 01:08:37.038000
2024-06-23 13:14:54.696,OnTrack,-4133,-4128,1836,pos,0 days 00:11:40.283000,0 days 01:08:37.378000
2024-06-23 13:14:54.996,OnTrack,-4216,-4276,1833,pos,0 days 00:11:40.583000,0 days 01:08:37.678000
2024-06-23 13:14:55.116,OnTrack,-4254,-4335,1832,pos,0 days 00:11:40.703000,0 days 01:08:37.798000
2024-06-23 13:14:55.396,OnTrack,-4350,-4471,1829,pos,0 days 00:11:40.983000,0 days 01:08:38.078000
2024-06-23 13:14:55.576,OnTrack,-4413,-4560,1828,pos,0 days 00:11:41.163000,0 days 01:08:38.258000
2024-06-23 13:14:55.756,OnTrack,-4479,-4649,1825,pos,0 days 00:11:41.343000,0 days 01:08:38.438000
2024-06-23 13:14:55.936,OnTrack,-4546,-4740,1822,pos,0 days 00:11:41.523000,0 days 01:08:38.618000
2024-06-23 13:14:56.136,OnTrack,-4620,-4843,1820,pos,0 days 00:11:41.723000,0 days 01:08:38.818000
2024-06-23 13:14:56.476,OnTrack,-4796,-5083,1815,pos,0 days 00:11:42.063000,0 days 01:08:39.158000
2024-06-23 13:14:56.856,OnTrack,-4890,-5212,1812,pos,0 days 00:11:42.443000,0 days 01:08:39.538000
2024-06-23 13:14:56.996,OnTrack,-4938,-5279,1810,pos,0 days 00:11:42.583000,0 days 01:08:39.678000
2024-06-23 13:14:57.256,OnTrack,-5046,-5440,1804,pos,0 days 00:11:42.843000,0 days 01:08:39.938000
2024-06-23 13:14:57.735,OnTrack,-5135,-5596,1799,pos,0 days 00:11:43.322000,0 days 01:08:40.417000
2024-06-23 13:14:57.895,OnTrack,-5162,-5653,1796,pos,0 days 00:11:43.482000,0 days 01:08:40.577000
2024-06-23 13:14:57.995,OnTrack,-5177,-5688,1795,pos,0 days 00:11:43.582000,0 days 01:08:40.677000
2024-06-23 13:14:58.215,OnTrack,-5203,-5763,1791,pos,0 days 00:11:43.802000,0 days 01:08:40.897000
2024-06-23 13:14:58.536,OnTrack,-5227,-5900,1786,pos,0 days 00:11:44.123000,0 days 01:08:41.218000
2024-06-23 13:14:58.796,OnTrack,-5225,-5955,1783,pos,0 days 00:11:44.383000,0 days 01:08:41.478000
2024-06-23 13:14:59.056,OnTrack,-5211,-6025,1779,pos,0 days 00:11:44.643000,0 days 01:08:41.738000
2024-06-23 13:14:59.336,OnTrack,-5169,-6110,1773,pos,0 days 00:11:44.923000,0 days 01:08:42.018000
2024-06-23 13:14:59.736,OnTrack,-5108,-6176,1769,pos,0 days 00:11:45.323000,0 days 01:08:42.418000
2024-06-23 13:14:59.976,OnTrack,-5055,-6210,1767,pos,0 days 00:11:45.563000,0 days 01:08:42.658000
2024-06-23 13:15:00.076,OnTrack,-5032,-6221,1764,pos,0 days 00:11:45.663000,0 days 01:08:42.758000
2024-06-23 13:15:00.356,OnTrack,-4964,-6242,1761,pos,0 days 00:11:45.943000,0 days 01:08:43.038000
2024-06-23 13:15:00.636,OnTrack,-4886,-6251,1757,pos,0 days 00:11:46.223000,0 days 01:08:43.318000
2024-06-23 13:15:01.016,OnTrack,-4787,-6245,1751,pos,0 days 00:11:46.603000,0 days 01:08:43.698000
2024-06-23 13:15:01.136,OnTrack,-4753,-6239,1748,pos,0 days 00:11:46.723000,0 days 01:08:43.818000
2024-06-23 13:15:01.296,OnTrack,-4707,-6228,1745,pos,0 days 00:11:46.883000,0 days 01:08:43.978000
2024-06-23 13:15:01.636,OnTrack,-4560,-6174,1736,pos,0 days 00:11:47.223000,0 days 01:08:44.318000
2024-06-23 13:15:02.056,OnTrack,-4469,-6130,1730,pos,0 days 00:11:47.643000,0 days 01:08:44.738000
2024-06-23 13:15:02.236,OnTrack,-4373,-6080,1723,pos,0 days 00:11:47.823000,0 days 01:08:44.918000
2024-06-23 13:15:02.536,OnTrack,-4297,-6038,1718,pos,0 days 00:11:48.123000,0 days 01:08:45.218000
2024-06-23 13:15:02.796,OnTrack,-4192,-5981,1711,pos,0 days 00:11:48.383000,0 days 01:08:45.478000
2024-06-23 13:15:02.996,OnTrack,-4106,-5935,1706,pos,0 days 00:11:48.583000,0 days 01:08:45.678000
2024-06-23 13:15:03.136,OnTrack,-4043,-5902,1701,pos,0 days 00:11:48.723000,0 days 01:08:45.818000
2024-06-23 13:15:03.436,OnTrack,-3857,-5814,1690,pos,0 days 00:11:49.023000,0 days 01:08:46.118000
2024-06-23 13:15:03.696,OnTrack,-3724,-5757,1683,pos,0 days 00:11:49.283000,0 days 01:08:46.378000
2024-06-23 13:15:03.876,OnTrack,-3575,-5695,1677,pos,0 days 00:11:49.463000,0 days 01:08:46.558000
2024-06-23 13:15:04.275,OnTrack,-3409,-5622,1669,pos,0 days 00:11:49.862000,0 days 01:08:46.957000
2024-06-23 13:15:04.555,OnTrack,-3212,-5517,1662,pos,0 days 00:11:50.142000,0 days 01:08:47.237000
2024-06-23 13:15:04.795,OnTrack,-3125,-5462,1659,pos,0 days 00:11:50.382000,0 days 01:08:47.477000
2024-06-23 13:15:05.096,OnTrack,-2956,-5338,1654,pos,0 days 00:11:50.683000,0 days 01:08:47.778000
2024-06-23 13:15:05.356,OnTrack,-2758,-5155,1651,pos,0 days 00:11:50.943000,0 days 01:08:48.038000
2024-06-23 13:15:05.716,OnTrack,-2667,-5053,1650,pos,0 days 00:11:51.303000,0 days 01:08:48.398000
2024-06-23 13:15:05.896,OnTrack,-2588,-4955,1650,pos,0 days 00:11:51.483000,0 days 01:08:48.578000
2024-06-23 13:15:06.136,OnTrack,-2490,-4821,1651,pos,0 days 00:11:51.723000,0 days 01:08:48.818000
2024-06-23 13:15:06.216,OnTrack,-2459,-4777,1651,pos,0 days 00:11:51.803000,0 days 01:08:48.898000
2024-06-23 13:15:06.456,OnTrack,-2372,-4652,1651,pos,0 days 00:11:52.043000,0 days 01:08:49.138000
2024-06-23 13:15:06.756,OnTrack,-2275,-4510,1653,pos,0 days 00:11:52.343000,0 days 01:08:49.438000
2024-06-23 13:15:06.976,OnTrack,-2191,-4382,1656,pos,0 days 00:11:52.563000,0 days 01:08:49.658000
2024-06-23 13:15:07.396,OnTrack,-2115,-4224,1661,pos,0 days 00:11:52.983000,0 days 01:08:50.078000
2024-06-23 13:15:07.636,OnTrack,-2097,-4152,1662,pos,0 days 00:11:53.223000,0 days 01:08:50.318000
2024-06-23 13:15:07.936,OnTrack,-2083,-3975,1666,pos,0 days 00:11:53.523000,0 days 01:08:50.618000
2024-06-23 13:15:08.316,OnTrack,-2088,-3882,1669,pos,0 days 00:11:53.903000,0 days 01:08:50.998000
2024-06-23 13:15:08.516,OnTrack,-2101,-3810,1673,pos,0 days 00:11:54.103000,0 days 01:08:51.198000
2024-06-23 13:15:08.736,OnTrack,-2126,-3737,1678,pos,0 days 00:11:54.323000,0 days 01:08:51.418000
2024-06-23 13:15:09.016,OnTrack,-2179,-3651,1682,pos,0 days 00:11:54.603000,0 days 01:08:51.698000
2024-06-23 13:15:09.236,OnTrack,-2239,-3586,1686,pos,0 days 00:11:54.823000,0 days 01:08:51.918000
2024-06-23 13:15:09.496,OnTrack,-2311,-3527,1689,pos,0 days 00:11:55.083000,0 days 01:08:52.178000
2024-06-23 13:15:09.756,OnTrack,-2445,-3431,1697,pos,0 days 00:11:55.343000,0 days 01:08:52.438000
2024-06-23 13:15:10.176,OnTrack,-2539,-3355,1704,pos,0 days 00:11:55.763000,0 days 01:08:52.858000
2024-06-23 13:15:10.396,OnTrack,-2612,-3284,1710,pos,0 days 00:11:55.983000,0 days 01:08:53.078000
2024-06-23 13:15:10.655,OnTrack,-2731,-3127,1726,pos,0 days 00:11:56.242000,0 days 01:08:53.337000
2024-06-23 13:15:10.915,OnTrack,-2762,-3073,1729,pos,0 days 00:11:56.502000,0 days 01:08:53.597000
2024-06-23 13:15:11.255,OnTrack,-2842,-2907,1740,pos,0 days 00:11:56.842000,0 days 01:08:53.937000
2024-06-23 13:15:11.455,OnTrack,-2926,-2722,1752,pos,0 days 00:11:57.042000,0 days 01:08:54.137000
2024-06-23 13:15:11.836,OnTrack,-2986,-2594,1761,pos,0 days 00:11:57.423000,0 days 01:08:54.518000
2024-06-23 13:15:12.116,OnTrack,-3059,-2442,1771,pos,0 days 00:11:57.703000,0 days 01:08:54.798000
2024-06-23 13:15:12.236,OnTrack,-3086,-2386,1775,pos,0 days 00:11:57.823000,0 days 01:08:54.918000
2024-06-23 13:15:12.556,OnTrack,-3203,-2138,1792,pos,0 days 00:11:58.143000,0 days 01:08:55.238000
2024-06-23 13:15:12.936,OnTrack,-3276,-1985,1801,pos,0 days 00:11:58.523000,0 days 01:08:55.618000
2024-06-23 13:15:13.836,OnTrack,-3491,-1435,1836,pos,0 days 00:11:59.423000,0 days 01:08:56.518000
2024-06-23 13:15:13.996,OnTrack,-3504,-1334,1841,pos,0 days 00:11:59.583000,0 days 01:08:56.678000
2024-06-23 13:15:14.336,OnTrack,-3502,-1119,1849,pos,0 days 00:11:59.923000,0 days 01:08:57.018000
2024-06-23 13:15:14.596,OnTrack,-3479,-962,1855,pos,0 days 00:12:00.183000,0 days 01:08:57.278000
2024-06-23 13:15:14.796,OnTrack,-3434,-789,1862,pos,0 days 00:12:00.383000,0 days 01:08:57.478000
2024-06-23 13:15:15.236,OnTrack,-3356,-605,1867,pos,0 days 00:12:00.823000,0 days 01:08:57.918000
2024-06-23 13:15:15.256,OnTrack,-3351,-594,1868,pos,0 days 00:12:00.843000,0 days 01:08:57.938000
2024-06-23 13:15:15.456,OnTrack,-3290,-494,1871,pos,0 days 00:12:01.043000,0 days 01:08:58.138000
2024-06-23 13:15:15.656,OnTrack,-3201,-387,1873,pos,0 days 00:12:01.243000,0 days 01:08:58.338000
2024-06-23 13:15:15.896,OnTrack,-3087,-297,1874,pos,0 days 00:12:01.483000,0 days 01:08:58.578000
2024-06-23 13:15:16.216,OnTrack,-2904,-203,1874,pos,0 days 00:12:01.803000,0 days 01:08:58.898000
2024-06-23 13:15:16.376,OnTrack,-2807,-164,1873,pos,0 days 00:12:01.963000,0 days 01:08:59.058000
2024-06-23 13:15:16.596,OnTrack,-2612,-86,1871,pos,0 days 00:12:02.183000,0 days 01:08:59.278000
2024-06-23 13:15:16.916,OnTrack,-2478,-27,1870,pos,0 days 00:12:02.503000,0 days 01:08:59.598000
2024-06-23 13:15:17.195,OnTrack,-2305,53,1867,pos,0 days 00:12:02.782000,0 days 01:08:59.877000
2024-06-23 13:15:17.355,OnTrack,-2205,100,1866,pos,0 days 00:12:02.942000,0 days 01:09:00.037000
2024-06-23 13:15:17.615,OnTrack,-2040,178,1864,pos,0 days 00:12:03.202000,0 days 01:09:00.297000
2024-06-23 13:15:17.815,OnTrack,-1911,239,1862,pos,0 days 00:12:03.402000,0 days 01:09:00.497000
2024-06-23 13:15:18.096,OnTrack,-1716,332,1860,pos,0 days 00:12:03.683000,0 days 01:09:00.778000
2024-06-23 13:15:18.296,OnTrack,-1584,394,1858,pos,0 days 00:12:03.883000,0 days 01:09:00.978000
2024-06-23 13:15:18.376,OnTrack,-1530,419,1857,pos,0 days 00:12:03.963000,0 days 01:09:01.058000
2024-06-23 13:15:18.716,OnTrack,-1221,568,1853,pos,0 days 00:12:04.303000,0 days 01:09:01.398000
2024-06-23 13:15:19.056,OnTrack,-1084,637,1851,pos,0 days 00:12:04.643000,0 days 01:09:01.738000
2024-06-23 13:15:19.316,OnTrack,-908,728,1849,pos,0 days 00:12:04.903000,0 days 01:09:01.998000
2024-06-23 13:15:19.536,OnTrack,-690,845,1846,pos,0 days 00:12:05.123000,0 days 01:09:02.218000
2024-06-23 13:15:19.836,OnTrack,-553,918,1844,pos,0 days 00:12:05.423000,0 days 01:09:02.518000
2024-06-23 13:15:20.076,OnTrack,-387,1007,1842,pos,0 days 00:12:05.663000,0 days 01:09:02.758000
2024-06-23 13:15:20.216,OnTrack,-289,1059,1841,pos,0 days 00:12:05.803000,0 days 01:09:02.898000
2024-06-23 13:15:20.456,OnTrack,-122,1148,1838,pos,0 days 00:12:06.043000,0 days 01:09:03.138000
2024-06-23 13:15:20.776,OnTrack,101,1267,1835,pos,0 days 00:12:06.363000,0 days 01:09:03.458000
2024-06-23 13:15:20.936,OnTrack,213,1326,1834,pos,0 days 00:12:06.523000,0 days 01:09:03.618000
2024-06-23 13:15:21.176,OnTrack,354,1399,1832,pos,0 days 00:12:06.763000,0 days 01:09:03.858000
2024-06-23 13:15:21.276,OnTrack,420,1432,1831,pos,0 days 00:12:06.863000,0 days 01:09:03.958000
2024-06-23 13:15:21.516,OnTrack,588,1510,1829,pos,0 days 00:12:07.103000,0 days 01:09:04.198000
2024-06-23 13:15:21.756,OnTrack,743,1575,1827,pos,0 days 00:12:07.343000,0 days 01:09:04.438000
2024-06-23 13:15:21.976,OnTrack,936,1653,1824,pos,0 days 00:12:07.563000,0 days 01:09:04.658000
2024-06-23 13:15:22.336,OnTrack,1039,1695,1824,pos,0 days 00:12:07.923000,0 days 01:09:05.018000
2024-06-23 13:15:22.516,OnTrack,1161,1750,1823,pos,0 days 00:12:08.103000,0 days 01:09:05.198000
2024-06-23 13:15:22.936,OnTrack,1263,1807,1821,pos,0 days 00:12:08.523000,0 days 01:09:05.618000
2024-06-23 13:15:23.236,OnTrack,1348,1872,1820,pos,0 days 00:12:08.823000,0 days 01:09:05.918000
2024-06-23 13:15:23.256,OnTrack,1353,1876,1820,pos,0 days 00:12:08.843000,0 days 01:09:05.938000
2024-06-23 13:15:23.616,OnTrack,1437,1997,1818,pos,0 days 00:12:09.203000,0 days 01:09:06.298000
2024-06-23 13:15:23.995,OnTrack,1460,2081,1818,pos,0 days 00:12:09.582000,0 days 01:09:06.677000
2024-06-23 13:15:24.175,OnTrack,1463,2137,1817,pos,0 days 00:12:09.762000,0 days 01:09:06.857000
2024-06-23 13:15:24.295,OnTrack,1461,2173,1817,pos,0 days 00:12:09.882000,0 days 01:09:06.977000
2024-06-23 13:15:24.655,OnTrack,1424,2307,1818,pos,0 days 00:12:10.242000,0 days 01:09:07.337000
2024-06-23 13:15:24.956,OnTrack,1400,2356,1820,pos,0 days 00:12:10.543000,0 days 01:09:07.638000
2024-06-23 13:15:25.156,OnTrack,1371,2402,1821,pos,0 days 00:12:10.743000,0 days 01:09:07.838000
2024-06-23 13:15:25.436,OnTrack,1330,2457,1823,pos,0 days 00:12:11.023000,0 days 01:09:08.118000
2024-06-23 13:15:25.736,OnTrack,1249,2534,1826,pos,0 days 00:12:11.323000,0 days 01:09:08.418000
2024-06-23 13:15:26.016,OnTrack,1214,2560,1826,pos,0 days 00:12:11.603000,0 days 01:09:08.698000
2024-06-23 13:15:26.176,OnTrack,1175,2582,1828,pos,0 days 00:12:11.763000,0 days 01:09:08.858000
2024-06-23 13:15:26.536,OnTrack,1047,2631,1830,pos,0 days 00:12:12.123000,0 days 01:09:09.218000
2024-06-23 13:15:26.796,OnTrack,997,2642,1831,pos,0 days 00:12:12.383000,0 days 01:09:09.478000
2024-06-23 13:15:27.096,OnTrack,897,2656,1834,pos,0 days 00:12:12.683000,0 days 01:09:09.778000
2024-06-23 13:15:27.376,OnTrack,796,2659,1836,pos,0 days 00:12:12.963000,0 days 01:09:10.058000
2024-06-23 13:15:27.536,OnTrack,679,2650,1838,pos,0 days 00:12:13.123000,0 days 01:09:10.218000
2024-06-23 13:15:28.016,OnTrack,487,2603,1843,pos,0 days 00:12:13.603000,0 days 01:09:10.698000
2024-06-23 13:15:28.376,OnTrack,383,2561,1847,pos,0 days 00:12:13.963000,0 days 01:09:11.058000
2024-06-23 13:15:28.656,OnTrack,260,2494,1852,pos,0 days 00:12:14.243000,0 days 01:09:11.338000
2024-06-23 13:15:28.816,OnTrack,137,2414,1860,pos,0 days 00:12:14.403000,0 days 01:09:11.498000
2024-06-23 13:15:29.156,OnTrack,40,2345,1865,pos,0 days 00:12:14.743000,0 days 01:09:11.838000
2024-06-23 13:15:29.296,OnTrack,-41,2289,1869,pos,0 days 00:12:14.883000,0 days 01:09:11.978000
2024-06-23 13:15:29.596,OnTrack,-179,2214,1875,pos,0 days 00:12:15.183000,0 days 01:09:12.278000
2024-06-23 13:15:29.876,OnTrack,-366,2147,1881,pos,0 days 00:12:15.463000,0 days 01:09:12.558000
2024-06-23 13:15:30.275,OnTrack,-475,2127,1886,pos,0 days 00:12:15.862000,0 days 01:09:12.957000
2024-06-23 13:15:30.475,OnTrack,-610,2123,1893,pos,0 days 00:12:16.062000,0 days 01:09:13.157000
2024-06-23 13:15:30.815,OnTrack,-684,2131,1897,pos,0 days 00:12:16.402000,0 days 01:09:13.497000
2024-06-23 13:15:31.055,OnTrack,-765,2153,1900,pos,0 days 00:12:16.642000,0 days 01:09:13.737000
2024-06-23 13:15:31.256,OnTrack,-831,2184,1904,pos,0 days 00:12:16.843000,0 days 01:09:13.938000
2024-06-23 13:15:31.496,OnTrack,-923,2257,1907,pos,0 days 00:12:17.083000,0 days 01:09:14.178000
2024-06-23 13:15:31.836,OnTrack,-967,2313,1909,pos,0 days 00:12:17.423000,0 days 01:09:14.518000
2024-06-23 13:15:32.136,OnTrack,-1023,2427,1911,pos,0 days 00:12:17.723000,0 days 01:09:14.818000
2024-06-23 13:15:32.476,OnTrack,-1044,2514,1913,pos,0 days 00:12:18.063000,0 days 01:09:15.158000
2024-06-23 13:15:32.956,OnTrack,-1049,2654,1914,pos,0 days 00:12:18.543000,0 days 01:09:15.638000
2024-06-23 13:15:33.216,OnTrack,-1042,2710,1916,pos,0 days 00:12:18.803000,0 days 01:09:15.898000
2024-06-23 13:15:33.416,OnTrack,-1028,2773,1916,pos,0 days 00:12:19.003000,0 days 01:09:16.098000
2024-06-23 13:15:33.696,OnTrack,-999,2862,1917,pos,0 days 00:12:19.283000,0 days 01:09:16.378000
2024-06-23 13:15:33.936,OnTrack,-965,2938,1920,pos,0 days 00:12:19.523000,0 days 01:09:16.618000
2024-06-23 13:15:34.116,OnTrack,-912,3026,1921,pos,0 days 00:12:19.703000,0 days 01:09:16.798000
2024-06-23 13:15:34.476,OnTrack,-814,3150,1922,pos,0 days 00:12:20.063000,0 days 01:09:17.158000
2024-06-23 13:15:34.756,OnTrack,-712,3248,1922,pos,0 days 00:12:20.343000,0 days 01:09:17.438000
2024-06-23 13:15:35.076,OnTrack,-625,3321,1922,pos,0 days 00:12:20.663000,0 days 01:09:17.758000
2024-06-23 13:15:35.376,OnTrack,-514,3408,1921,pos,0 days 00:12:20.963000,0 days 01:09:18.058000
2024-06-23 13:15:35.596,OnTrack,-386,3507,1919,pos,0 days 00:12:21.183000,0 days 01:09:18.278000
2024-06-23 13:15:35.996,OnTrack,-263,3611,1916,pos,0 days 00:12:21.583000,0 days 01:09:18.678000
2024-06-23 13:15:36.216,OnTrack,-126,3728,1912,pos,0 days 00:12:21.803000,0 days 01:09:18.898000
2024-06-23 13:15:36.496,OnTrack,-46,3796,1909,pos,0 days 00:12:22.083000,0 days 01:09:19.178000
2024-06-23 13:15:36.696,OnTrack,46,3871,1905,pos,0 days 00:12:22.283000,0 days 01:09:19.378000
2024-06-23 13:15:37.015,OnTrack,257,4018,1895,pos,0 days 00:12:22.602000,0 days 01:09:19.697000
2024-06-23 13:15:37.375,OnTrack,402,4087,1889,pos,0 days 00:12:22.962000,0 days 01:09:20.057000
2024-06-23 13:15:37.535,OnTrack,499,4116,1884,pos,0 days 00:12:23.122000,0 days 01:09:20.217000
2024-06-23 13:15:37.876,OnTrack,733,4139,1873,pos,0 days 00:12:23.463000,0 days 01:09:20.558000
2024-06-23 13:15:38.236,OnTrack,1027,4089,1856,pos,0 days 00:12:23.823000,0 days 01:09:20.918000
2024-06-23 13:15:38.496,OnTrack,1102,4064,1851,pos,0 days 00:12:24.083000,0 days 01:09:21.178000
2024-06-23 13:15:38.716,OnTrack,1238,4008,1843,pos,0 days 00:12:24.303000,0 days 01:09:21.398000
2024-06-23 13:15:38.996,OnTrack,1406,3922,1833,pos,0 days 00:12:24.583000,0 days 01:09:21.678000
2024-06-23 13:15:39.296,OnTrack,1653,3772,1819,pos,0 days 00:12:24.883000,0 days 01:09:21.978000
2024-06-23 13:15:39.576,OnTrack,1746,3712,1813,pos,0 days 00:12:25.163000,0 days 01:09:22.258000
2024-06-23 13:15:39.756,OnTrack,1852,3644,1807,pos,0 days 00:12:25.343000,0 days 01:09:22.438000
2024-06-23 13:15:39.976,OnTrack,1982,3561,1800,pos,0 days 00:12:25.563000,0 days 01:09:22.658000
2024-06-23 13:15:40.256,OnTrack,2148,3455,1790,pos,0 days 00:12:25.843000,0 days 01:09:22.938000
2024-06-23 13:15:40.436,OnTrack,2250,3388,1785,pos,0 days 00:12:26.023000,0 days 01:09:23.118000
2024-06-23 13:15:40.636,OnTrack,2354,3317,1779,pos,0 days 00:12:26.223000,0 days 01:09:23.318000
2024-06-23 13:15:40.916,OnTrack,2481,3218,1773,pos,0 days 00:12:26.503000,0 days 01:09:23.598000
2024-06-23 13:15:41.096,OnTrack,2543,3162,1769,pos,0 days 00:12:26.683000,0 days 01:09:23.778000
2024-06-23 13:15:41.296,OnTrack,2616,3088,1765,pos,0 days 00:12:26.883000,0 days 01:09:23.978000
2024-06-23 13:15:41.496,OnTrack,2682,3013,1761,pos,0 days 00:12:27.083000,0 days 01:09:24.178000
2024-06-23 13:15:41.676,OnTrack,2768,2883,1756,pos,0 days 00:12:27.263000,0 days 01:09:24.358000
2024-06-23 13:15:42.156,OnTrack,2850,2665,1749,pos,0 days 00:12:27.743000,0 days 01:09:24.838000
2024-06-23 13:15:42.436,OnTrack,2864,2600,1748,pos,0 days 00:12:28.023000,0 days 01:09:25.118000
2024-06-23 13:15:42.716,OnTrack,2882,2468,1744,pos,0 days 00:12:28.303000,0 days 01:09:25.398000
2024-06-23 13:15:42.916,OnTrack,2742,2552,1744,pos,0 days 00:12:28.503000,0 days 01:09:25.598000
2024-06-23 13:15:43.096,OnTrack,2750,2464,1744,pos,0 days 00:12:28.683000,0 days 01:09:25.778000
2024-06-23 13:15:43.316,OnTrack,2752,2354,1744,pos,0 days 00:12:28.903000,0 days 01:09:25.998000
2024-06-23 13:15:43.595,OnTrack,2730,2211,1744,pos,0 days 00:12:29.182000,0 days 01:09:26.277000
2024-06-23 13:15:43.875,OnTrack,2662,2039,1744,pos,0 days 00:12:29.462000,0 days 01:09:26.557000
2024-06-23 13:15:44.235,OnTrack,2579,1888,1744,pos,0 days 00:12:29.822000,0 days 01:09:26.917000
2024-06-23 13:15:44.416,OnTrack,2516,1787,1744,pos,0 days 00:12:30.003000,0 days 01:09:27.098000
2024-06-23 13:15:44.676,OnTrack,2430,1654,1744,pos,0 days 00:12:30.263000,0 days 01:09:27.358000
2024-06-23 13:15:44.936,OnTrack,2315,1478,1744,pos,0 days 00:12:30.523000,0 days 01:09:27.618000
2024-06-23 13:15:45.376,OnTrack,2210,1316,1744,pos,0 days 00:12:30.963000,0 days 01:09:28.058000
2024-06-23 13:15:45.576,OnTrack,2155,1232,1744,pos,0 days 00:12:31.163000,0 days 01:09:28.258000
2024-06-23 13:15:45.696,OnTrack,2124,1184,1744,pos,0 days 00:12:31.283000,0 days 01:09:28.378000
2024-06-23 13:15:45.996,OnTrack,2032,1043,1744,pos,0 days 00:12:31.583000,0 days 01:09:28.678000
2024-06-23 13:15:46.396,OnTrack,1960,930,1744,pos,0 days 00:12:31.983000,0 days 01:09:29.078000
2024-06-23 13:15:46.636,OnTrack,1939,898,1744,pos,0 days 00:12:32.223000,0 days 01:09:29.318000
2024-06-23 13:15:46.896,OnTrack,1904,844,1744,pos,0 days 00:12:32.483000,0 days 01:09:29.578000
2024-06-23 13:15:47.096,OnTrack,1881,807,1744,pos,0 days 00:12:32.683000,0 days 01:09:29.778000
2024-06-23 13:15:47.316,OnTrack,1855,768,1744,pos,0 days 00:12:32.903000,0 days 01:09:29.998000
2024-06-23 13:15:47.496,OnTrack,1807,692,1744,pos,0 days 00:12:33.083000,0 days 01:09:30.178000
2024-06-23 13:15:47.796,OnTrack,1725,566,1744,pos,0 days 00:12:33.383000,0 days 01:09:30.478000
2024-06-23 13:15:47.996,OnTrack,1702,529,1744,pos,0 days 00:12:33.583000,0 days 01:09:30.678000
2024-06-23 13:15:48.216,OnTrack,1676,489,1744,pos,0 days 00:12:33.803000,0 days 01:09:30.898000
2024-06-23 13:15:48.376,OnTrack,1656,459,1744,pos,0 days 00:12:33.963000,0 days 01:09:31.058000
2024-06-23 13:15:48.596,OnTrack,1630,418,1744,pos,0 days 00:12:34.183000,0 days 01:09:31.278000
2024-06-23 13:15:48.856,OnTrack,1599,370,1744,pos,0 days 00:12:34.443000,0 days 01:09:31.538000
2024-06-23 13:15:49.076,OnTrack,1544,285,1744,pos,0 days 00:12:34.663000,0 days 01:09:31.758000
2024-06-23 13:15:49.236,OnTrack,1516,240,1744,pos,0 days 00:12:34.823000,0 days 01:09:31.918000
2024-06-23 13:15:49.516,OnTrack,1482,188,1744,pos,0 days 00:12:35.103000,0 days 01:09:32.198000
2024-06-23 13:15:49.716,OnTrack,1458,151,1744,pos,0 days 00:12:35.303000,0 days 01:09:32.398000
2024-06-23 13:15:49.956,OnTrack,1421,94,1744,pos,0 days 00:12:35.543000,0 days 01:09:32.638000
2024-06-23 13:15:50.275,OnTrack,1385,38,1744,pos,0 days 00:12:35.862000,0 days 01:09:32.957000
2024-06-23 13:15:50.495,OnTrack,1359,-1,1744,pos,0 days 00:12:36.082000,0 days 01:09:33.177000
2024-06-23 13:15:50.735,OnTrack,1318,-65,1744,pos,0 days 00:12:36.322000,0 days 01:09:33.417000
2024-06-23 13:15:51.176,OnTrack,1275,-132,1744,pos,0 days 00:12:36.763000,0 days 01:09:33.858000
2024-06-23 13:15:51.376,OnTrack,1237,-191,1744,pos,0 days 00:12:36.963000,0 days 01:09:34.058000
2024-06-23 13:15:51.656,OnTrack,1220,-218,1744,pos,0 days 00:12:37.243000,0 days 01:09:34.338000
2024-06-23 13:15:52.016,OnTrack,1162,-306,1744,pos,0 days 00:12:37.603000,0 days 01:09:34.698000
2024-06-23 13:15:52.276,OnTrack,1146,-332,1744,pos,0 days 00:12:37.863000,0 days 01:09:34.958000
2024-06-23 13:15:52.656,OnTrack,1099,-404,1744,pos,0 days 00:12:38.243000,0 days 01:09:35.338000
2024-06-23 13:15:52.796,OnTrack,1082,-431,1744,pos,0 days 00:12:38.383000,0 days 01:09:35.478000
2024-06-23 13:15:53.096,OnTrack,1046,-487,1744,pos,0 days 00:12:38.683000,0 days 01:09:35.778000
2024-06-23 13:15:53.316,OnTrack,1010,-542,1744,pos,0 days 00:12:38.903000,0 days 01:09:35.998000
2024-06-23 13:15:53.556,OnTrack,991,-571,1744,pos,0 days 00:12:39.143000,0 days 01:09:36.238000
2024-06-23 13:15:53.756,OnTrack,968,-609,1744,pos,0 days 00:12:39.343000,0 days 01:09:36.438000
2024-06-23 13:15:54.056,OnTrack,932,-664,1744,pos,0 days 00:12:39.643000,0 days 01:09:36.738000
2024-06-23 13:15:54.356,OnTrack,889,-731,1744,pos,0 days 00:12:39.943000,0 days 01:09:37.038000
2024-06-23 13:15:54.716,OnTrack,853,-786,1744,pos,0 days 00:12:40.303000,0 days 01:09:37.398000
2024-06-23 13:15:54.976,OnTrack,808,-857,1744,pos,0 days 00:12:40.563000,0 days 01:09:37.658000
2024-06-23 13:15:55.256,OnTrack,789,-887,1744,pos,0 days 00:12:40.843000,0 days 01:09:37.938000
2024-06-23 13:15:55.596,OnTrack,748,-950,1744,pos,0 days 00:12:41.183000,0 days 01:09:38.278000
2024-06-23 13:15:55.796,OnTrack,719,-995,1744,pos,0 days 00:12:41.383000,0 days 01:09:38.478000
2024-06-23 13:15:56.116,OnTrack,686,-1047,1744,pos,0 days 00:12:41.703000,0 days 01:09:38.798000
2024-06-23 13:15:56.296,OnTrack,665,-1079,1744,pos,0 days 00:12:41.883000,0 days 01:09:38.978000
2024-06-23 13:15:56.596,OnTrack,632,-1130,1744,pos,0 days 00:12:42.183000,0 days 01:09:39.278000
2024-06-23 13:15:56.655,OnTrack,624,-1141,1744,pos,0 days 00:12:42.242000,0 days 01:09:39.337000
2024-06-23 13:15:57.015,OnTrack,574,-1220,1744,pos,0 days 00:12:42.602000,0 days 01:09:39.697000
2024-06-23 13:15:57.435,OnTrack,532,-1287,1744,pos,0 days 00:12:43.022000,0 days 01:09:40.117000
2024-06-23 13:15:57.656,OnTrack,503,-1331,1744,pos,0 days 00:12:43.243000,0 days 01:09:40.338000
2024-06-23 13:15:57.776,OnTrack,490,-1350,1744,pos,0 days 00:12:43.363000,0 days 01:09:40.458000
2024-06-23 13:15:58.036,OnTrack,455,-1405,1744,pos,0 days 00:12:43.623000,0 days 01:09:40.718000
2024-06-23 13:15:58.296,OnTrack,415,-1466,1744,pos,0 days 00:12:43.883000,0 days 01:09:40.978000
2024-06-23 13:15:58.616,OnTrack,384,-1514,1744,pos,0 days 00:12:44.203000,0 days 01:09:41.298000
2024-06-23 13:15:58.776,OnTrack,365,-1544,1744,pos,0 days 00:12:44.363000,0 days 01:09:41.458000
2024-06-23 13:15:59.056,OnTrack,331,-1596,1744,pos,0 days 00:12:44.643000,0 days 01:09:41.738000
2024-06-23 13:15:59.336,OnTrack,298,-1648,1744,pos,0 days 00:12:44.923000,0 days 01:09:42.018000
2024-06-23 13:15:59.536,OnTrack,274,-1685,1744,pos,0 days 00:12:45.123000,0 days 01:09:42.218000
2024-06-23 13:15:59.736,OnTrack,250,-1722,1744,pos,0 days 00:12:45.323000,0 days 01:09:42.418000
2024-06-23 13:15:59.976,OnTrack,228,-1757,1744,pos,0 days 00:12:45.563000,0 days 01:09:42.658000
2024-06-23 13:16:00.156,OnTrack,208,-1787,1744,pos,0 days 00:12:45.743000,0 days 01:09:42.838000
2024-06-23 13:16:00.336,OnTrack,182,-1828,1744,pos,0 days 00:12:45.923000,0 days 01:09:43.018000
2024-06-23 13:16:00.756,OnTrack,146,-1884,1744,pos,0 days 00:12:46.343000,0 days 01:09:43.438000
2024-06-23 13:16:00.976,OnTrack,114,-1933,1744,pos,0 days 00:12:46.563000,0 days 01:09:43.658000
2024-06-23 13:16:01.336,OnTrack,94,-1965,1744,pos,0 days 00:12:46.923000,0 days 01:09:44.018000
2024-06-23 13:16:01.576,OnTrack,75,-1993,1744,pos,0 days 00:12:47.163000,0 days 01:09:44.258000
2024-06-23 13:16:01.816,OnTrack,59,-2019,1744,pos,0 days 00:12:47.403000,0 days 01:09:44.498000
2024-06-23 13:16:01.996,OnTrack,48,-2036,1744,pos,0 days 00:12:47.583000,0 days 01:09:44.678000
2024-06-23 13:16:02.196,OnTrack,38,-2052,1744,pos,0 days 00:12:47.783000,0 days 01:09:44.878000
2024-06-23 13:16:02.376,OnTrack,30,-2064,1744,pos,0 days 00:12:47.963000,0 days 01:09:45.058000
2024-06-23 13:16:02.676,OnTrack,21,-2078,1744,pos,0 days 00:12:48.263000,0 days 01:09:45.358000
2024-06-23 13:16:03.056,OnTrack,15,-2088,1744,pos,0 days 00:12:48.643000,0 days 01:09:45.738000
2024-06-23 13:16:03.475,OnTrack,15,-2088,1744,pos,0 days 00:12:49.062000,0 days 01:09:46.157000
2024-06-23 13:16:03.635,OnTrack,15,-2088,1744,pos,0 days 00:12:49.222000,0 days 01:09:46.317000
2024-06-23 13:16:03.755,OnTrack,15,-2088,1744,pos,0 days 00:12:49.342000,0 days 01:09:46.437000
2024-06-23 13:16:04.075,OnTrack,15,-2088,1744,pos,0 days 00:12:49.662000,0 days 01:09:46.757000
2024-06-23 13:16:04.416,OnTrack,15,-2088,1744,pos,0 days 00:12:50.003000,0 days 01:09:47.098000
2024-06-23 13:16:04.696,OnTrack,15,-2088,1744,pos,0 days 00:12:50.283000,0 days 01:09:47.378000
2024-06-23 13:16:04.736,OnTrack,15,-2088,1744,pos,0 days 00:12:50.323000,0 days 01:09:47.418000
2024-06-23 13:16:05.016,OnTrack,15,-2088,1744,pos,0 days 00:12:50.603000,0 days 01:09:47.698000
2024-06-23 13:16:05.316,OnTrack,15,-2088,1744,pos,0 days 00:12:50.903000,0 days 01:09:47.998000
2024-06-23 13:16:05.696,OnTrack,15,-2088,1744,pos,0 days 00:12:51.283000,0 days 01:09:48.378000
2024-06-23 13:16:05.916,OnTrack,14,-2088,1744,pos,0 days 00:12:51.503000,0 days 01:09:48.598000
2024-06-23 13:16:06.276,OnTrack,12,-2092,1744,pos,0 days 00:12:51.863000,0 days 01:09:48.958000
2024-06-23 13:16:06.576,OnTrack,4,-2103,1744,pos,0 days 00:12:52.163000,0 days 01:09:49.258000
2024-06-23 13:16:06.896,OnTrack,-2,-2115,1744,pos,0 days 00:12:52.483000,0 days 01:09:49.578000
2024-06-23 13:16:07.156,OnTrack,-12,-2130,1744,pos,0 days 00:12:52.743000,0 days 01:09:49.838000
2024-06-23 13:16:07.396,OnTrack,-32,-2160,1744,pos,0 days 00:12:52.983000,0 days 01:09:50.078000
2024-06-23 13:16:07.696,OnTrack,-41,-2176,1744,pos,0 days 00:12:53.283000,0 days 01:09:50.378000
2024-06-23 13:16:07.956,OnTrack,-59,-2203,1744,pos,0 days 00:12:53.543000,0 days 01:09:50.638000
2024-06-23 13:16:08.156,OnTrack,-87,-2246,1744,pos,0 days 00:12:53.743000,0 days 01:09:50.838000
2024-06-23 13:16:08.456,OnTrack,-102,-2270,1744,pos,0 days 00:12:54.043000,0 days 01:09:51.138000
2024-06-23 13:16:08.756,OnTrack,-134,-2318,1744,pos,0 days 00:12:54.343000,0 days 01:09:51.438000
2024-06-23 13:16:08.936,OnTrack,-154,-2349,1744,pos,0 days 00:12:54.523000,0 days 01:09:51.618000
2024-06-23 13:16:09.216,OnTrack,-205,-2424,1744,pos,0 days 00:12:54.803000,0 days 01:09:51.898000
2024-06-23 13:16:09.456,OnTrack,-217,-2442,1744,pos,0 days 00:12:55.043000,0 days 01:09:52.138000
2024-06-23 13:16:09.815,OnTrack,-259,-2505,1744,pos,0 days 00:12:55.402000,0 days 01:09:52.497000
2024-06-23 13:16:09.975,OnTrack,-279,-2534,1744,pos,0 days 00:12:55.562000,0 days 01:09:52.657000
2024-06-23 13:16:10.235,OnTrack,-319,-2597,1744,pos,0 days 00:12:55.822000,0 days 01:09:52.917000
2024-06-23 13:16:10.555,OnTrack,-355,-2653,1744,pos,0 days 00:12:56.142000,0 days 01:09:53.237000
2024-06-23 13:16:10.796,OnTrack,-394,-2713,1744,pos,0 days 00:12:56.383000,0 days 01:09:53.478000
2024-06-23 13:16:10.936,OnTrack,-417,-2748,1744,pos,0 days 00:12:56.523000,0 days 01:09:53.618000
2024-06-23 13:16:11.296,OnTrack,-477,-2844,1744,pos,0 days 00:12:56.883000,0 days 01:09:53.978000
2024-06-23 13:16:11.496,OnTrack,-511,-2898,1744,pos,0 days 00:12:57.083000,0 days 01:09:54.178000
2024-06-23 13:16:11.656,OnTrack,-541,-2948,1744,pos,0 days 00:12:57.243000,0 days 01:09:54.338000
2024-06-23 13:16:11.816,OnTrack,-572,-3002,1744,pos,0 days 00:12:57.403000,0 days 01:09:54.498000
2024-06-23 13:16:11.996,OnTrack,-609,-3066,1744,pos,0 days 00:12:57.583000,0 days 01:09:54.678000
2024-06-23 13:16:12.216,OnTrack,-657,-3150,1744,pos,0 days 00:12:57.803000,0 days 01:09:54.898000
2024-06-23 13:16:12.456,OnTrack,-745,-3305,1744,pos,0 days 00:12:58.043000,0 days 01:09:55.138000
2024-06-23 13:16:12.936,OnTrack,-831,-3456,1744,pos,0 days 00:12:58.523000,0 days 01:09:55.618000
2024-06-23 13:16:13.136,OnTrack,-921,-3614,1744,pos,0 days 00:12:58.723000,0 days 01:09:55.818000
2024-06-23 13:16:13.436,OnTrack,-966,-3692,1744,pos,0 days 00:12:59.023000,0 days 01:09:56.118000
2024-06-23 13:16:13.756,OnTrack,-1058,-3854,1744,pos,0 days 00:12:59.343000,0 days 01:09:56.438000
2024-06-23 13:16:13.876,OnTrack,-1094,-3916,1744,pos,0 days 00:12:59.463000,0 days 01:09:56.558000
2024-06-23 13:16:14.196,OnTrack,-1216,-4131,1744,pos,0 days 00:12:59.783000,0 days 01:09:56.878000
2024-06-23 13:16:14.576,OnTrack,-1336,-4343,1744,pos,0 days 00:13:00.163000,0 days 01:09:57.258000
2024-06-23 13:16:14.976,OnTrack,-1481,-4598,1744,pos,0 days 00:13:00.563000,0 days 01:09:57.658000
2024-06-23 13:16:15.276,OnTrack,-1585,-4783,1661,pos,0 days 00:13:00.863000,0 days 01:09:57.958000
2024-06-23 13:16:15.636,OnTrack,-1720,-5008,1655,pos,0 days 00:13:01.223000,0 days 01:09:58.318000
2024-06-23 13:16:15.796,OnTrack,-1748,-5053,1655,pos,0 days 00:13:01.383000,0 days 01:09:58.478000
2024-06-23 13:16:16.016,OnTrack,-1867,-5247,1650,pos,0 days 00:13:01.603000,0 days 01:09:58.698000
2024-06-23 13:16:16.415,OnTrack,-2010,-5497,1646,pos,0 days 00:13:02.002000,0 days 01:09:59.097000
2024-06-23 13:16:16.815,OnTrack,-2117,-5685,1643,pos,0 days 00:13:02.402000,0 days 01:09:59.497000
2024-06-23 13:16:16.955,OnTrack,-2216,-5864,1641,pos,0 days 00:13:02.542000,0 days 01:09:59.637000
2024-06-23 13:16:17.336,OnTrack,-2307,-6029,1639,pos,0 days 00:13:02.923000,0 days 01:10:00.018000
2024-06-23 13:16:17.656,OnTrack,-2415,-6217,1636,pos,0 days 00:13:03.243000,0 days 01:10:00.338000
2024-06-23 13:16:17.836,OnTrack,-2472,-6311,1636,pos,0 days 00:13:03.423000,0 days 01:10:00.518000
2024-06-23 13:16:17.916,OnTrack,-2490,-6341,1635,pos,0 days 00:13:03.503000,0 days 01:10:00.598000
2024-06-23 13:16:18.116,OnTrack,-2550,-6434,1634,pos,0 days 00:13:03.703000,0 days 01:10:00.798000
2024-06-23 13:16:18.376,OnTrack,-2602,-6509,1633,pos,0 days 00:13:03.963000,0 days 01:10:01.058000
2024-06-23 13:16:18.556,OnTrack,-2653,-6578,1632,pos,0 days 00:13:04.143000,0 days 01:10:01.238000
2024-06-23 13:16:18.736,OnTrack,-2702,-6640,1631,pos,0 days 00:13:04.323000,0 days 01:10:01.418000
2024-06-23 13:16:18.996,OnTrack,-2770,-6720,1629,pos,0 days 00:13:04.583000,0 days 01:10:01.678000
2024-06-23 13:16:19.256,OnTrack,-2863,-6814,1627,pos,0 days 00:13:04.843000,0 days 01:10:01.938000
2024-06-23 13:16:19.616,OnTrack,-2972,-6900,1624,pos,0 days 00:13:05.203000,0 days 01:10:02.298000
2024-06-23 13:16:20.096,OnTrack,-3089,-6962,1623,pos,0 days 00:13:05.683000,0 days 01:10:02.778000
2024-06-23 13:16:20.416,OnTrack,-3169,-6986,1623,pos,0 days 00:13:06.003000,0 days 01:10:03.098000
2024-06-23 13:16:20.676,OnTrack,-3251,-6994,1624,pos,0 days 00:13:06.263000,0 days 01:10:03.358000
2024-06-23 13:16:20.936,OnTrack,-3334,-6988,1626,pos,0 days 00:13:06.523000,0 days 01:10:03.618000
2024-06-23 13:16:21.036,OnTrack,-3367,-6982,1627,pos,0 days 00:13:06.623000,0 days 01:10:03.718000
2024-06-23 13:16:21.236,OnTrack,-3431,-6964,1628,pos,0 days 00:13:06.823000,0 days 01:10:03.918000
2024-06-23 13:16:21.556,OnTrack,-3535,-6923,1630,pos,0 days 00:13:07.143000,0 days 01:10:04.238000
2024-06-23 13:16:21.776,OnTrack,-3637,-6876,1632,pos,0 days 00:13:07.363000,0 days 01:10:04.458000
2024-06-23 13:16:22.036,OnTrack,-3702,-6846,1633,pos,0 days 00:13:07.623000,0 days 01:10:04.718000
2024-06-23 13:16:22.216,OnTrack,-3770,-6817,1634,pos,0 days 00:13:07.803000,0 days 01:10:04.898000
2024-06-23 13:16:22.536,OnTrack,-3941,-6770,1639,pos,0 days 00:13:08.123000,0 days 01:10:05.218000
2024-06-23 13:16:22.916,OnTrack,-4061,-6772,1643,pos,0 days 00:13:08.503000,0 days 01:10:05.598000
2024-06-23 13:16:23.195,OnTrack,-4243,-6823,1651,pos,0 days 00:13:08.782000,0 days 01:10:05.877000
2024-06-23 13:16:23.555,OnTrack,-4413,-6908,1661,pos,0 days 00:13:09.142000,0 days 01:10:06.237000
2024-06-23 13:16:23.916,OnTrack,-4514,-6972,1667,pos,0 days 00:13:09.503000,0 days 01:10:06.598000
2024-06-23 13:16:24.096,OnTrack,-4590,-7026,1671,pos,0 days 00:13:09.683000,0 days 01:10:06.778000
2024-06-23 13:16:24.336,OnTrack,-4757,-7144,1680,pos,0 days 00:13:09.923000,0 days 01:10:07.018000
2024-06-23 13:16:24.696,OnTrack,-4850,-7205,1686,pos,0 days 00:13:10.283000,0 days 01:10:07.378000
2024-06-23 13:16:24.996,OnTrack,-5000,-7293,1693,pos,0 days 00:13:10.583000,0 days 01:10:07.678000
2024-06-23 13:16:25.076,OnTrack,-5041,-7315,1695,pos,0 days 00:13:10.663000,0 days 01:10:07.758000
2024-06-23 13:16:25.336,OnTrack,-5182,-7378,1701,pos,0 days 00:13:10.923000,0 days 01:10:08.018000
2024-06-23 13:16:25.576,OnTrack,-5318,-7422,1707,pos,0 days 00:13:11.163000,0 days 01:10:08.258000
2024-06-23 13:16:25.896,OnTrack,-5509,-7453,1715,pos,0 days 00:13:11.483000,0 days 01:10:08.578000
2024-06-23 13:16:25.976,OnTrack,-5557,-7455,1718,pos,0 days 00:13:11.563000,0 days 01:10:08.658000
2024-06-23 13:16:26.956,OnTrack,-6137,-7321,1741,pos,0 days 00:13:12.543000,0 days 01:10:09.638000
2024-06-23 13:16:27.096,OnTrack,-6212,-7279,1744,pos,0 days 00:13:12.683000,0 days 01:10:09.778000
2024-06-23 13:16:27.336,OnTrack,-6330,-7193,1749,pos,0 days 00:13:12.923000,0 days 01:10:10.018000
2024-06-23 13:16:27.556,OnTrack,-6427,-7098,1753,pos,0 days 00:13:13.143000,0 days 01:10:10.238000
2024-06-23 13:16:27.756,OnTrack,-6505,-6999,1756,pos,0 days 00:13:13.343000,0 days 01:10:10.438000
2024-06-23 13:16:27.916,OnTrack,-6559,-6913,1759,pos,0 days 00:13:13.503000,0 days 01:10:10.598000
2024-06-23 13:16:28.136,OnTrack,-6622,-6787,1761,pos,0 days 00:13:13.723000,0 days 01:10:10.818000
2024-06-23 13:16:28.316,OnTrack,-6663,-6678,1763,pos,0 days 00:13:13.903000,0 days 01:10:10.998000
2024-06-23 13:16:28.616,OnTrack,-6710,-6485,1766,pos,0 days 00:13:14.203000,0 days 01:10:11.298000
2024-06-23 13:16:28.776,OnTrack,-6724,-6378,1768,pos,0 days 00:13:14.363000,0 days 01:10:11.458000
2024-06-23 13:16:28.976,OnTrack,-6733,-6242,1770,pos,0 days 00:13:14.563000,0 days 01:10:11.658000
2024-06-23 13:16:29.096,OnTrack,-6733,-6160,1771,pos,0 days 00:13:14.683000,0 days 01:10:11.778000
2024-06-23 13:16:29.416,OnTrack,-6712,-5869,1775,pos,0 days 00:13:15.003000,0 days 01:10:12.098000
2024-06-23 13:16:29.715,OnTrack,-6691,-5730,1777,pos,0 days 00:13:15.302000,0 days 01:10:12.397000
2024-06-23 13:16:29.915,OnTrack,-6666,-5594,1779,pos,0 days 00:13:15.502000,0 days 01:10:12.597000
2024-06-23 13:16:30.215,OnTrack,-6621,-5407,1782,pos,0 days 00:13:15.802000,0 days 01:10:12.897000
2024-06-23 13:16:30.496,OnTrack,-6518,-5105,1788,pos,0 days 00:13:16.083000,0 days 01:10:13.178000
2024-06-23 13:16:30.916,OnTrack,-6424,-4921,1790,pos,0 days 00:13:16.503000,0 days 01:10:13.598000
2024-06-23 13:16:31.116,OnTrack,-6352,-4805,1792,pos,0 days 00:13:16.703000,0 days 01:10:13.798000
2024-06-23 13:16:31.316,OnTrack,-6207,-4591,1796,pos,0 days 00:13:16.903000,0 days 01:10:13.998000
2024-06-23 13:16:31.636,OnTrack,-6127,-4479,1797,pos,0 days 00:13:17.223000,0 days 01:10:14.318000
2024-06-23 13:16:31.896,OnTrack,-6011,-4318,1800,pos,0 days 00:13:17.483000,0 days 01:10:14.578000
2024-06-23 13:16:31.996,OnTrack,-5970,-4255,1801,pos,0 days 00:13:17.583000,0 days 01:10:14.678000
2024-06-23 13:16:32.196,OnTrack,-5891,-4120,1803,pos,0 days 00:13:17.783000,0 days 01:10:14.878000
2024-06-23 13:16:32.416,OnTrack,-5804,-3972,1805,pos,0 days 00:13:18.003000,0 days 01:10:15.098000
2024-06-23 13:16:32.756,OnTrack,-5634,-3695,1810,pos,0 days 00:13:18.343000,0 days 01:10:15.438000
2024-06-23 13:16:33.036,OnTrack,-5548,-3566,1812,pos,0 days 00:13:18.623000,0 days 01:10:15.718000
2024-06-23 13:16:33.336,OnTrack,-5431,-3395,1815,pos,0 days 00:13:18.923000,0 days 01:10:16.018000
2024-06-23 13:16:33.596,OnTrack,-5334,-3257,1817,pos,0 days 00:13:19.183000,0 days 01:10:16.278000
2024-06-23 13:16:33.816,OnTrack,-5236,-3131,1818,pos,0 days 00:13:19.403000,0 days 01:10:16.498000
2024-06-23 13:16:34.136,OnTrack,-5146,-3034,1819,pos,0 days 00:13:19.723000,0 days 01:10:16.818000
2024-06-23 13:16:34.336,OnTrack,-5074,-2972,1820,pos,0 days 00:13:19.923000,0 days 01:10:17.018000
2024-06-23 13:16:34.516,OnTrack,-5007,-2925,1821,pos,0 days 00:13:20.103000,0 days 01:10:17.198000
2024-06-23 13:16:34.756,OnTrack,-4914,-2879,1822,pos,0 days 00:13:20.343000,0 days 01:10:17.438000
2024-06-23 13:16:35.036,OnTrack,-4801,-2846,1824,pos,0 days 00:13:20.623000,0 days 01:10:17.718000
2024-06-23 13:16:35.256,OnTrack,-4654,-2841,1826,pos,0 days 00:13:20.843000,0 days 01:10:17.938000
2024-06-23 13:16:35.656,OnTrack,-4501,-2878,1829,pos,0 days 00:13:21.243000,0 days 01:10:18.338000
2024-06-23 13:16:36.056,OnTrack,-4411,-2922,1831,pos,0 days 00:13:21.643000,0 days 01:10:18.738000
2024-06-23 13:16:36.295,OnTrack,-4336,-2974,1833,pos,0 days 00:13:21.882000,0 days 01:10:18.977000
2024-06-23 13:16:36.515,OnTrack,-4252,-3060,1834,pos,0 days 00:13:22.102000,0 days 01:10:19.197000
2024-06-23 13:16:36.815,OnTrack,-4211,-3110,1835,pos,0 days 00:13:22.402000,0 days 01:10:19.497000
2024-06-23 13:16:37.036,OnTrack,-4156,-3193,1836,pos,0 days 00:13:22.623000,0 days 01:10:19.718000
2024-06-23 13:16:37.336,OnTrack,-4098,-3309,1837,pos,0 days 00:13:22.923000,0 days 01:10:20.018000
2024-06-23 13:16:37.496,OnTrack,-4073,-3378,1838,pos,0 days 00:13:23.083000,0 days 01:10:20.178000
2024-06-23 13:16:37.696,OnTrack,-4039,-3517,1839,pos,0 days 00:13:23.283000,0 days 01:10:20.378000
2024-06-23 13:16:37.996,OnTrack,-4029,-3606,1839,pos,0 days 00:13:23.583000,0 days 01:10:20.678000
2024-06-23 13:16:38.316,OnTrack,-4038,-3826,1839,pos,0 days 00:13:23.903000,0 days 01:10:20.998000
2024-06-23 13:16:38.776,OnTrack,-4088,-4019,1837,pos,0 days 00:13:24.363000,0 days 01:10:21.458000
2024-06-23 13:16:38.956,OnTrack,-4147,-4157,1835,pos,0 days 00:13:24.543000,0 days 01:10:21.638000
2024-06-23 13:16:39.276,OnTrack,-4218,-4280,1833,pos,0 days 00:13:24.863000,0 days 01:10:21.958000
2024-06-23 13:16:39.476,OnTrack,-4287,-4382,1831,pos,0 days 00:13:25.063000,0 days 01:10:22.158000
2024-06-23 13:16:39.656,OnTrack,-4351,-4473,1829,pos,0 days 00:13:25.243000,0 days 01:10:22.338000
2024-06-23 13:16:39.976,OnTrack,-4522,-4709,1823,pos,0 days 00:13:25.563000,0 days 01:10:22.658000
2024-06-23 13:16:40.276,OnTrack,-4583,-4792,1821,pos,0 days 00:13:25.863000,0 days 01:10:22.958000
2024-06-23 13:16:40.596,OnTrack,-4708,-4962,1818,pos,0 days 00:13:26.183000,0 days 01:10:23.278000
2024-06-23 13:16:40.836,OnTrack,-4848,-5154,1814,pos,0 days 00:13:26.423000,0 days 01:10:23.518000
2024-06-23 13:16:41.296,OnTrack,-4995,-5362,1807,pos,0 days 00:13:26.883000,0 days 01:10:23.978000
2024-06-23 13:16:41.576,OnTrack,-5052,-5449,1805,pos,0 days 00:13:27.163000,0 days 01:10:24.258000
2024-06-23 13:16:41.816,OnTrack,-5109,-5547,1800,pos,0 days 00:13:27.403000,0 days 01:10:24.498000
2024-06-23 13:16:42.096,OnTrack,-5162,-5653,1796,pos,0 days 00:13:27.683000,0 days 01:10:24.778000
2024-06-23 13:16:42.156,OnTrack,-5172,-5675,1795,pos,0 days 00:13:27.743000,0 days 01:10:24.838000
2024-06-23 13:16:42.496,OnTrack,-5221,-5837,1788,pos,0 days 00:13:28.083000,0 days 01:10:25.178000
2024-06-23 13:16:42.835,OnTrack,-5227,-5910,1786,pos,0 days 00:13:28.422000,0 days 01:10:25.517000
2024-06-23 13:16:42.995,OnTrack,-5225,-5962,1783,pos,0 days 00:13:28.582000,0 days 01:10:25.677000
2024-06-23 13:16:43.195,OnTrack,-5212,-6024,1779,pos,0 days 00:13:28.782000,0 days 01:10:25.877000
2024-06-23 13:16:43.495,OnTrack,-5172,-6106,1774,pos,0 days 00:13:29.082000,0 days 01:10:26.177000
2024-06-23 13:16:43.656,OnTrack,-5139,-6148,1770,pos,0 days 00:13:29.243000,0 days 01:10:26.338000
2024-06-23 13:16:43.836,OnTrack,-5099,-6183,1768,pos,0 days 00:13:29.423000,0 days 01:10:26.518000
2024-06-23 13:16:44.176,OnTrack,-5013,-6229,1763,pos,0 days 00:13:29.763000,0 days 01:10:26.858000
2024-06-23 13:16:44.296,OnTrack,-4986,-6237,1762,pos,0 days 00:13:29.883000,0 days 01:10:26.978000
2024-06-23 13:16:44.576,OnTrack,-4907,-6250,1758,pos,0 days 00:13:30.163000,0 days 01:10:27.258000
2024-06-23 13:16:44.816,OnTrack,-4836,-6251,1754,pos,0 days 00:13:30.403000,0 days 01:10:27.498000
2024-06-23 13:16:45.016,OnTrack,-4750,-6238,1748,pos,0 days 00:13:30.603000,0 days 01:10:27.698000
2024-06-23 13:16:45.356,OnTrack,-4666,-6216,1742,pos,0 days 00:13:30.943000,0 days 01:10:28.038000
2024-06-23 13:16:45.616,OnTrack,-4578,-6182,1737,pos,0 days 00:13:31.203000,0 days 01:10:28.298000
2024-06-23 13:16:45.796,OnTrack,-4461,-6127,1729,pos,0 days 00:13:31.383000,0 days 01:10:28.478000
2024-06-23 13:16:46.116,OnTrack,-4392,-6091,1724,pos,0 days 00:13:31.703000,0 days 01:10:28.798000
2024-06-23 13:16:46.316,OnTrack,-4312,-6047,1719,pos,0 days 00:13:31.903000,0 days 01:10:28.998000
2024-06-23 13:16:46.636,OnTrack,-4120,-5943,1706,pos,0 days 00:13:32.223000,0 days 01:10:29.318000
2024-06-23 13:16:47.096,OnTrack,-3913,-5839,1694,pos,0 days 00:13:32.683000,0 days 01:10:29.778000
2024-06-23 13:16:47.316,OnTrack,-3801,-5789,1687,pos,0 days 00:13:32.903000,0 days 01:10:29.998000
2024-06-23 13:16:47.456,OnTrack,-3726,-5758,1683,pos,0 days 00:13:33.043000,0 days 01:10:30.138000
2024-06-23 13:16:47.736,OnTrack,-3538,-5679,1676,pos,0 days 00:13:33.323000,0 days 01:10:30.418000
2024-06-23 13:16:48.076,OnTrack,-3380,-5608,1668,pos,0 days 00:13:33.663000,0 days 01:10:30.758000
2024-06-23 13:16:48.256,OnTrack,-3278,-5555,1664,pos,0 days 00:13:33.843000,0 days 01:10:30.938000
2024-06-23 13:16:48.436,OnTrack,-3178,-5496,1660,pos,0 days 00:13:34.023000,0 days 01:10:31.118000
2024-06-23 13:16:48.736,OnTrack,-3015,-5384,1656,pos,0 days 00:13:34.323000,0 days 01:10:31.418000
2024-06-23 13:16:48.916,OnTrack,-2849,-5245,1652,pos,0 days 00:13:34.503000,0 days 01:10:31.598000
2024-06-23 13:16:49.296,OnTrack,-2668,-5054,1650,pos,0 days 00:13:34.883000,0 days 01:10:31.978000
2024-06-23 13:16:49.675,OnTrack,-2563,-4922,1650,pos,0 days 00:13:35.262000,0 days 01:10:32.357000
2024-06-23 13:16:49.995,OnTrack,-2407,-4703,1651,pos,0 days 00:13:35.582000,0 days 01:10:32.677000
2024-06-23 13:16:50.276,OnTrack,-2316,-4570,1653,pos,0 days 00:13:35.863000,0 days 01:10:32.958000
2024-06-23 13:16:50.576,OnTrack,-2193,-4386,1656,pos,0 days 00:13:36.163000,0 days 01:10:33.258000
2024-06-23 13:16:51.016,OnTrack,-2120,-4241,1661,pos,0 days 00:13:36.603000,0 days 01:10:33.698000
2024-06-23 13:16:51.196,OnTrack,-2105,-4184,1662,pos,0 days 00:13:36.783000,0 days 01:10:33.878000
2024-06-23 13:16:51.336,OnTrack,-2087,-4072,1662,pos,0 days 00:13:36.923000,0 days 01:10:34.018000
2024-06-23 13:16:51.696,OnTrack,-2083,-3972,1666,pos,0 days 00:13:37.283000,0 days 01:10:34.378000
2024-06-23 13:16:52.036,OnTrack,-2094,-3840,1671,pos,0 days 00:13:37.623000,0 days 01:10:34.718000
2024-06-23 13:16:52.216,OnTrack,-2111,-3775,1675,pos,0 days 00:13:37.803000,0 days 01:10:34.898000
2024-06-23 13:16:52.356,OnTrack,-2131,-3727,1678,pos,0 days 00:13:37.943000,0 days 01:10:35.038000
2024-06-23 13:16:52.636,OnTrack,-2189,-3638,1683,pos,0 days 00:13:38.223000,0 days 01:10:35.318000
2024-06-23 13:16:52.836,OnTrack,-2268,-3560,1687,pos,0 days 00:13:38.423000,0 days 01:10:35.518000
2024-06-23 13:16:53.316,OnTrack,-2406,-3458,1694,pos,0 days 00:13:38.903000,0 days 01:10:35.998000
2024-06-23 13:16:53.436,OnTrack,-2502,-3387,1700,pos,0 days 00:13:39.023000,0 days 01:10:36.118000
2024-06-23 13:16:53.896,OnTrack,-2615,-3281,1711,pos,0 days 00:13:39.483000,0 days 01:10:36.578000
2024-06-23 13:16:54.076,OnTrack,-2673,-3212,1717,pos,0 days 00:13:39.663000,0 days 01:10:36.758000
2024-06-23 13:16:54.336,OnTrack,-2749,-3097,1728,pos,0 days 00:13:39.923000,0 days 01:10:37.018000
2024-06-23 13:16:54.496,OnTrack,-2790,-3019,1733,pos,0 days 00:13:40.083000,0 days 01:10:37.178000
2024-06-23 13:16:54.796,OnTrack,-2895,-2790,1748,pos,0 days 00:13:40.383000,0 days 01:10:37.478000
2024-06-23 13:16:55.036,OnTrack,-2919,-2736,1751,pos,0 days 00:13:40.623000,0 days 01:10:37.718000
2024-06-23 13:16:55.236,OnTrack,-2970,-2628,1759,pos,0 days 00:13:40.823000,0 days 01:10:37.918000
2024-06-23 13:16:55.436,OnTrack,-3023,-2518,1767,pos,0 days 00:13:41.023000,0 days 01:10:38.118000
2024-06-23 13:16:55.756,OnTrack,-3106,-2343,1777,pos,0 days 00:13:41.343000,0 days 01:10:38.438000
2024-06-23 13:16:56.035,OnTrack,-3222,-2099,1794,pos,0 days 00:13:41.622000,0 days 01:10:38.717000
2024-06-23 13:16:56.315,OnTrack,-3261,-2017,1799,pos,0 days 00:13:41.902000,0 days 01:10:38.997000
2024-06-23 13:16:56.495,OnTrack,-3313,-1909,1806,pos,0 days 00:13:42.082000,0 days 01:10:39.177000
2024-06-23 13:16:56.836,OnTrack,-3413,-1689,1821,pos,0 days 00:13:42.423000,0 days 01:10:39.518000
2024-06-23 13:16:56.996,OnTrack,-3451,-1588,1828,pos,0 days 00:13:42.583000,0 days 01:10:39.678000
2024-06-23 13:16:57.176,OnTrack,-3483,-1474,1835,pos,0 days 00:13:42.763000,0 days 01:10:39.858000
2024-06-23 13:16:57.316,OnTrack,-3499,-1384,1839,pos,0 days 00:13:42.903000,0 days 01:10:39.998000
2024-06-23 13:16:57.576,OnTrack,-3508,-1229,1844,pos,0 days 00:13:43.163000,0 days 01:10:40.258000
2024-06-23 13:16:57.916,OnTrack,-3489,-1012,1853,pos,0 days 00:13:43.503000,0 days 01:10:40.598000
2024-06-23 13:16:58.136,OnTrack,-3460,-877,1858,pos,0 days 00:13:43.723000,0 days 01:10:40.818000
2024-06-23 13:16:58.356,OnTrack,-3419,-746,1863,pos,0 days 00:13:43.943000,0 days 01:10:41.038000
2024-06-23 13:16:58.536,OnTrack,-3375,-643,1867,pos,0 days 00:13:44.123000,0 days 01:10:41.218000
2024-06-23 13:16:58.696,OnTrack,-3329,-554,1869,pos,0 days 00:13:44.283000,0 days 01:10:41.378000
2024-06-23 13:16:58.916,OnTrack,-3197,-382,1873,pos,0 days 00:13:44.503000,0 days 01:10:41.598000
2024-06-23 13:16:59.396,OnTrack,-2979,-237,1874,pos,0 days 00:13:44.983000,0 days 01:10:42.078000
2024-06-23 13:16:59.556,OnTrack,-2879,-192,1874,pos,0 days 00:13:45.143000,0 days 01:10:42.238000
2024-06-23 13:16:59.796,OnTrack,-2650,-102,1872,pos,0 days 00:13:45.383000,0 days 01:10:42.478000
2024-06-23 13:17:00.136,OnTrack,-2512,-42,1870,pos,0 days 00:13:45.723000,0 days 01:10:42.818000
2024-06-23 13:17:00.296,OnTrack,-2411,3,1869,pos,0 days 00:13:45.883000,0 days 01:10:42.978000
2024-06-23 13:17:00.436,OnTrack,-2322,45,1868,pos,0 days 00:13:46.023000,0 days 01:10:43.118000
2024-06-23 13:17:00.756,OnTrack,-2116,142,1865,pos,0 days 00:13:46.343000,0 days 01:10:43.438000
2024-06-23 13:17:00.956,OnTrack,-1919,235,1862,pos,0 days 00:13:46.543000,0 days 01:10:43.638000
2024-06-23 13:17:01.436,OnTrack,-1667,355,1859,pos,0 days 00:13:47.023000,0 days 01:10:44.118000
2024-06-23 13:17:01.536,OnTrack,-1600,386,1858,pos,0 days 00:13:47.123000,0 days 01:10:44.218000
2024-06-23 13:17:01.756,OnTrack,-1451,457,1856,pos,0 days 00:13:47.343000,0 days 01:10:44.438000
2024-06-23 13:17:02.036,OnTrack,-1206,576,1853,pos,0 days 00:13:47.623000,0 days 01:10:44.718000
2024-06-23 13:17:02.416,OnTrack,-1013,673,1851,pos,0 days 00:13:48.003000,0 days 01:10:45.098000
2024-06-23 13:17:02.575,OnTrack,-903,731,1849,pos,0 days 00:13:48.162000,0 days 01:10:45.257000
2024-06-23 13:17:02.775,OnTrack,-766,804,1847,pos,0 days 00:13:48.362000,0 days 01:10:45.457000
2024-06-23 13:17:02.955,OnTrack,-641,871,1846,pos,0 days 00:13:48.542000,0 days 01:10:45.637000
2024-06-23 13:17:03.275,OnTrack,-419,989,1842,pos,0 days 00:13:48.862000,0 days 01:10:45.957000
2024-06-23 13:17:03.356,OnTrack,-349,1027,1841,pos,0 days 00:13:48.943000,0 days 01:10:46.038000
2024-06-23 13:17:03.656,OnTrack,-68,1176,1838,pos,0 days 00:13:49.243000,0 days 01:10:46.338000
2024-06-23 13:17:04.056,OnTrack,128,1281,1835,pos,0 days 00:13:49.643000,0 days 01:10:46.738000
2024-06-23 13:17:04.336,OnTrack,327,1385,1832,pos,0 days 00:13:49.923000,0 days 01:10:47.018000
2024-06-23 13:17:04.496,OnTrack,512,1476,1830,pos,0 days 00:13:50.083000,0 days 01:10:47.178000
2024-06-23 13:17:04.896,OnTrack,707,1561,1827,pos,0 days 00:13:50.483000,0 days 01:10:47.578000
2024-06-23 13:17:05.136,OnTrack,853,1619,1826,pos,0 days 00:13:50.723000,0 days 01:10:47.818000
2024-06-23 13:17:05.356,OnTrack,972,1667,1824,pos,0 days 00:13:50.943000,0 days 01:10:48.038000
2024-06-23 13:17:05.536,OnTrack,1112,1727,1823,pos,0 days 00:13:51.123000,0 days 01:10:48.218000
2024-06-23 13:17:05.896,OnTrack,1205,1772,1822,pos,0 days 00:13:51.483000,0 days 01:10:48.578000
2024-06-23 13:17:06.196,OnTrack,1303,1834,1821,pos,0 days 00:13:51.783000,0 days 01:10:48.878000
2024-06-23 13:17:06.416,OnTrack,1363,1886,1820,pos,0 days 00:13:52.003000,0 days 01:10:49.098000
2024-06-23 13:17:06.516,OnTrack,1385,1911,1819,pos,0 days 00:13:52.103000,0 days 01:10:49.198000
2024-06-23 13:17:06.856,OnTrack,1442,2009,1818,pos,0 days 00:13:52.443000,0 days 01:10:49.538000
2024-06-23 13:17:07.076,OnTrack,1462,2090,1818,pos,0 days 00:13:52.663000,0 days 01:10:49.758000
2024-06-23 13:17:07.296,OnTrack,1463,2147,1817,pos,0 days 00:13:52.883000,0 days 01:10:49.978000
2024-06-23 13:17:07.556,OnTrack,1451,2229,1817,pos,0 days 00:13:53.143000,0 days 01:10:50.238000
2024-06-23 13:17:07.736,OnTrack,1434,2283,1818,pos,0 days 00:13:53.323000,0 days 01:10:50.418000
2024-06-23 13:17:08.096,OnTrack,1370,2404,1821,pos,0 days 00:13:53.683000,0 days 01:10:50.778000
2024-06-23 13:17:08.476,OnTrack,1320,2469,1824,pos,0 days 00:13:54.063000,0 days 01:10:51.158000
2024-06-23 13:17:08.576,OnTrack,1299,2490,1824,pos,0 days 00:13:54.163000,0 days 01:10:51.258000
2024-06-23 13:17:08.856,OnTrack,1205,2565,1827,pos,0 days 00:13:54.443000,0 days 01:10:51.538000
2024-06-23 13:17:09.175,OnTrack,1151,2595,1828,pos,0 days 00:13:54.762000,0 days 01:10:51.857000
2024-06-23 13:17:09.415,OnTrack,1077,2622,1830,pos,0 days 00:13:55.002000,0 days 01:10:52.097000
2024-06-23 13:17:09.615,OnTrack,1011,2639,1831,pos,0 days 00:13:55.202000,0 days 01:10:52.297000
2024-06-23 13:17:09.775,OnTrack,955,2649,1833,pos,0 days 00:13:55.362000,0 days 01:10:52.457000
2024-06-23 13:17:10.136,OnTrack,757,2658,1836,pos,0 days 00:13:55.723000,0 days 01:10:52.818000
2024-06-23 13:17:10.576,OnTrack,623,2641,1840,pos,0 days 00:13:56.163000,0 days 01:10:53.258000
2024-06-23 13:17:10.856,OnTrack,516,2613,1842,pos,0 days 00:13:56.443000,0 days 01:10:53.538000
2024-06-23 13:17:11.176,OnTrack,372,2556,1847,pos,0 days 00:13:56.763000,0 days 01:10:53.858000
2024-06-23 13:17:11.376,OnTrack,282,2507,1851,pos,0 days 00:13:56.963000,0 days 01:10:54.058000
2024-06-23 13:17:11.576,OnTrack,191,2451,1856,pos,0 days 00:13:57.163000,0 days 01:10:54.258000
2024-06-23 13:17:11.756,OnTrack,111,2395,1861,pos,0 days 00:13:57.343000,0 days 01:10:54.438000
2024-06-23 13:17:11.976,OnTrack,11,2324,1866,pos,0 days 00:13:57.563000,0 days 01:10:54.658000
2024-06-23 13:17:12.156,OnTrack,-136,2235,1873,pos,0 days 00:13:57.743000,0 days 01:10:54.838000
2024-06-23 13:17:12.556,OnTrack,-307,2164,1879,pos,0 days 00:13:58.143000,0 days 01:10:55.238000
2024-06-23 13:17:12.896,OnTrack,-426,2134,1884,pos,0 days 00:13:58.483000,0 days 01:10:55.578000
2024-06-23 13:17:13.216,OnTrack,-589,2122,1892,pos,0 days 00:13:58.803000,0 days 01:10:55.898000
2024-06-23 13:17:13.636,OnTrack,-729,2141,1899,pos,0 days 00:13:59.223000,0 days 01:10:56.318000
2024-06-23 13:17:13.796,OnTrack,-786,2161,1902,pos,0 days 00:13:59.383000,0 days 01:10:56.478000
2024-06-23 13:17:13.956,OnTrack,-838,2187,1905,pos,0 days 00:13:59.543000,0 days 01:10:56.638000
2024-06-23 13:17:14.216,OnTrack,-945,2282,1908,pos,0 days 00:13:59.803000,0 days 01:10:56.898000
2024-06-23 13:17:14.476,OnTrack,-970,2316,1909,pos,0 days 00:14:00.063000,0 days 01:10:57.158000
2024-06-23 13:17:14.796,OnTrack,-1019,2415,1911,pos,0 days 00:14:00.383000,0 days 01:10:57.478000
2024-06-23 13:17:14.996,OnTrack,-1046,2522,1913,pos,0 days 00:14:00.583000,0 days 01:10:57.678000
2024-06-23 13:17:15.436,OnTrack,-1051,2633,1914,pos,0 days 00:14:01.023000,0 days 01:10:58.118000
2024-06-23 13:17:15.516,OnTrack,-1049,2661,1915,pos,0 days 00:14:01.103000,0 days 01:10:58.198000
2024-06-23 13:17:15.735,OnTrack,-1037,2739,1916,pos,0 days 00:14:01.322000,0 days 01:10:58.417000
2024-06-23 13:17:16.115,OnTrack,-979,2909,1918,pos,0 days 00:14:01.702000,0 days 01:10:58.797000
2024-06-23 13:17:16.435,OnTrack,-939,2985,1920,pos,0 days 00:14:02.022000,0 days 01:10:59.117000
2024-06-23 13:17:16.616,OnTrack,-893,3053,1921,pos,0 days 00:14:02.203000,0 days 01:10:59.298000
2024-06-23 13:17:16.856,OnTrack,-809,3156,1923,pos,0 days 00:14:02.443000,0 days 01:10:59.538000
2024-06-23 13:17:17.056,OnTrack,-744,3220,1922,pos,0 days 00:14:02.643000,0 days 01:10:59.738000
2024-06-23 13:17:17.356,OnTrack,-604,3338,1922,pos,0 days 00:14:02.943000,0 days 01:11:00.038000
2024-06-23 13:17:17.656,OnTrack,-523,3401,1921,pos,0 days 00:14:03.243000,0 days 01:11:00.338000
2024-06-23 13:17:17.976,OnTrack,-372,3519,1918,pos,0 days 00:14:03.563000,0 days 01:11:00.658000
2024-06-23 13:17:18.236,OnTrack,-277,3599,1916,pos,0 days 00:14:03.823000,0 days 01:11:00.918000
2024-06-23 13:17:18.616,OnTrack,-107,3744,1911,pos,0 days 00:14:04.203000,0 days 01:11:01.298000
2024-06-23 13:17:18.636,OnTrack,-98,3752,1911,pos,0 days 00:14:04.223000,0 days 01:11:01.318000
2024-06-23 13:17:18.916,OnTrack,34,3862,1906,pos,0 days 00:14:04.503000,0 days 01:11:01.598000
2024-06-23 13:17:19.156,OnTrack,155,3952,1901,pos,0 days 00:14:04.743000,0 days 01:11:01.838000
2024-06-23 13:17:19.316,OnTrack,239,4008,1896,pos,0 days 00:14:04.903000,0 days 01:11:01.998000
2024-06-23 13:17:19.556,OnTrack,374,4076,1890,pos,0 days 00:14:05.143000,0 days 01:11:02.238000
2024-06-23 13:17:19.776,OnTrack,509,4119,1884,pos,0 days 00:14:05.363000,0 days 01:11:02.458000
2024-06-23 13:17:20.036,OnTrack,762,4138,1871,pos,0 days 00:14:05.623000,0 days 01:11:02.718000
2024-06-23 13:17:20.316,OnTrack,869,4125,1865,pos,0 days 00:14:05.903000,0 days 01:11:02.998000
2024-06-23 13:17:20.496,OnTrack,988,4101,1858,pos,0 days 00:14:06.083000,0 days 01:11:03.178000
2024-06-23 13:17:20.756,OnTrack,1156,4043,1848,pos,0 days 00:14:06.343000,0 days 01:11:03.438000
2024-06-23 13:17:21.016,OnTrack,1369,3942,1836,pos,0 days 00:14:06.603000,0 days 01:11:03.698000
2024-06-23 13:17:21.296,OnTrack,1491,3873,1828,pos,0 days 00:14:06.883000,0 days 01:11:03.978000
2024-06-23 13:17:21.496,OnTrack,1611,3799,1822,pos,0 days 00:14:07.083000,0 days 01:11:04.178000
2024-06-23 13:17:21.796,OnTrack,1791,3683,1811,pos,0 days 00:14:07.383000,0 days 01:11:04.478000
2024-06-23 13:17:22.036,OnTrack,1936,3591,1802,pos,0 days 00:14:07.623000,0 days 01:11:04.718000
2024-06-23 13:17:22.255,OnTrack,2130,3467,1790,pos,0 days 00:14:07.842000,0 days 01:11:04.937000
2024-06-23 13:17:22.655,OnTrack,2311,3347,1781,pos,0 days 00:14:08.242000,0 days 01:11:05.337000
2024-06-23 13:17:22.775,OnTrack,2382,3296,1777,pos,0 days 00:14:08.362000,0 days 01:11:05.457000
2024-06-23 13:17:23.055,OnTrack,2570,3135,1768,pos,0 days 00:14:08.642000,0 days 01:11:05.737000
2024-06-23 13:17:23.496,OnTrack,2710,2978,1760,pos,0 days 00:14:09.083000,0 days 01:11:06.178000
2024-06-23 13:17:23.696,OnTrack,2770,2882,1756,pos,0 days 00:14:09.283000,0 days 01:11:06.378000
2024-06-23 13:17:23.836,OnTrack,2808,2800,1754,pos,0 days 00:14:09.423000,0 days 01:11:06.518000
2024-06-23 13:17:24.096,OnTrack,2866,2599,1748,pos,0 days 00:14:09.683000,0 days 01:11:06.778000
2024-06-23 13:17:24.356,OnTrack,2883,2468,1744,pos,0 days 00:14:09.943000,0 days 01:11:07.038000
2024-06-23 13:17:24.596,OnTrack,2880,2312,1742,pos,0 days 00:14:10.183000,0 days 01:11:07.278000
2024-06-23 13:17:24.916,OnTrack,2838,2103,1737,pos,0 days 00:14:10.503000,0 days 01:11:07.598000
2024-06-23 13:17:25.096,OnTrack,2795,1989,1736,pos,0 days 00:14:10.683000,0 days 01:11:07.778000
2024-06-23 13:17:25.316,OnTrack,2737,1868,1734,pos,0 days 00:14:10.903000,0 days 01:11:07.998000
2024-06-23 13:17:25.516,OnTrack,2669,1747,1732,pos,0 days 00:14:11.103000,0 days 01:11:08.198000
2024-06-23 13:17:25.756,OnTrack,2527,1522,1728,pos,0 days 00:14:11.343000,0 days 01:11:08.438000
2024-06-23 13:17:26.016,OnTrack,2481,1451,1727,pos,0 days 00:14:11.603000,0 days 01:11:08.698000
2024-06-23 13:17:26.336,OnTrack,2355,1259,1723,pos,0 days 00:14:11.923000,0 days 01:11:09.018000
2024-06-23 13:17:26.556,OnTrack,2269,1126,1721,pos,0 days 00:14:12.143000,0 days 01:11:09.238000
2024-06-23 13:17:26.756,OnTrack,2157,955,1718,pos,0 days 00:14:12.343000,0 days 01:11:09.438000
2024-06-23 13:17:27.096,OnTrack,2053,794,1716,pos,0 days 00:14:12.683000,0 days 01:11:09.778000
2024-06-23 13:17:27.336,OnTrack,1897,555,1712,pos,0 days 00:14:12.923000,0 days 01:11:10.018000
2024-06-23 13:17:27.836,OnTrack,1689,237,1708,pos,0 days 00:14:13.423000,0 days 01:11:10.518000
2024-06-23 13:17:28.056,OnTrack,1656,185,1708,pos,0 days 00:14:13.643000,0 days 01:11:10.738000
2024-06-23 13:17:28.336,OnTrack,1494,-67,1708,pos,0 days 00:14:13.923000,0 days 01:11:11.018000
2024-06-23 13:17:28.696,OnTrack,1393,-225,1707,pos,0 days 00:14:14.283000,0 days 01:11:11.378000
2024-06-23 13:17:28.855,OnTrack,1325,-331,1707,pos,0 days 00:14:14.442000,0 days 01:11:11.537000
2024-06-23 13:17:29.255,OnTrack,1095,-692,1708,pos,0 days 00:14:14.842000,0 days 01:11:11.937000
2024-06-23 13:17:29.535,OnTrack,1035,-787,1708,pos,0 days 00:14:15.122000,0 days 01:11:12.217000
2024-06-23 13:17:29.736,OnTrack,941,-936,1708,pos,0 days 00:14:15.323000,0 days 01:11:12.418000
2024-06-23 13:17:29.916,OnTrack,863,-1058,1708,pos,0 days 00:14:15.503000,0 days 01:11:12.598000
2024-06-23 13:17:30.176,OnTrack,751,-1235,1708,pos,0 days 00:14:15.763000,0 days 01:11:12.858000
2024-06-23 13:17:30.376,OnTrack,673,-1358,1707,pos,0 days 00:14:15.963000,0 days 01:11:13.058000
2024-06-23 13:17:30.576,OnTrack,586,-1495,1707,pos,0 days 00:14:16.163000,0 days 01:11:13.258000
2024-06-23 13:17:30.796,OnTrack,489,-1647,1708,pos,0 days 00:14:16.383000,0 days 01:11:13.478000
2024-06-23 13:17:31.056,OnTrack,376,-1825,1708,pos,0 days 00:14:16.643000,0 days 01:11:13.738000
2024-06-23 13:17:31.236,OnTrack,297,-1949,1708,pos,0 days 00:14:16.823000,0 days 01:11:13.918000
2024-06-23 13:17:31.456,OnTrack,140,-2197,1708,pos,0 days 00:14:17.043000,0 days 01:11:14.138000
2024-06-23 13:17:31.936,OnTrack,-27,-2460,1707,pos,0 days 00:14:17.523000,0 days 01:11:14.618000
2024-06-23 13:17:32.216,OnTrack,-134,-2626,1706,pos,0 days 00:14:17.803000,0 days 01:11:14.898000
2024-06-23 13:17:32.476,OnTrack,-307,-2888,1703,pos,0 days 00:14:18.063000,0 days 01:11:15.158000
2024-06-23 13:17:32.776,OnTrack,-389,-3012,1702,pos,0 days 00:14:18.363000,0 days 01:11:15.458000
2024-06-23 13:17:33.076,OnTrack,-527,-3219,1700,pos,0 days 00:14:18.663000,0 days 01:11:15.758000
2024-06-23 13:17:33.236,OnTrack,-600,-3329,1698,pos,0 days 00:14:18.823000,0 days 01:11:15.918000
2024-06-23 13:17:33.496,OnTrack,-720,-3508,1695,pos,0 days 00:14:19.083000,0 days 01:11:16.178000
2024-06-23 13:17:33.736,OnTrack,-831,-3673,1691,pos,0 days 00:14:19.323000,0 days 01:11:16.418000
2024-06-23 13:17:33.936,OnTrack,-923,-3811,1688,pos,0 days 00:14:19.523000,0 days 01:11:16.618000
2024-06-23 13:17:34.136,OnTrack,-1016,-3949,1685,pos,0 days 00:14:19.723000,0 days 01:11:16.818000
2024-06-23 13:17:34.396,OnTrack,-1174,-4184,1679,pos,0 days 00:14:19.983000,0 days 01:11:17.078000
2024-06-23 13:17:34.656,OnTrack,-1257,-4309,1675,pos,0 days 00:14:20.243000,0 days 01:11:17.338000
2024-06-23 13:17:34.956,OnTrack,-1397,-4516,1669,pos,0 days 00:14:20.543000,0 days 01:11:17.638000
2024-06-23 13:17:35.156,OnTrack,-1490,-4655,1665,pos,0 days 00:14:20.743000,0 days 01:11:17.838000
2024-06-23 13:17:35.336,OnTrack,-1633,-4869,1659,pos,0 days 00:14:20.923000,0 days 01:11:18.018000
2024-06-23 13:17:35.675,OnTrack,-1723,-5010,1655,pos,0 days 00:14:21.262000,0 days 01:11:18.357000
2024-06-23 13:17:36.035,OnTrack,-1878,-5266,1650,pos,0 days 00:14:21.622000,0 days 01:11:18.717000
2024-06-23 13:17:36.236,OnTrack,-2011,-5498,1646,pos,0 days 00:14:21.823000,0 days 01:11:18.918000
2024-06-23 13:17:36.636,OnTrack,-2135,-5717,1643,pos,0 days 00:14:22.223000,0 days 01:11:19.318000
2024-06-23 13:17:36.796,OnTrack,-2199,-5834,1641,pos,0 days 00:14:22.383000,0 days 01:11:19.478000
2024-06-23 13:17:36.976,OnTrack,-2264,-5951,1640,pos,0 days 00:14:22.563000,0 days 01:11:19.658000
2024-06-23 13:17:37.216,OnTrack,-2361,-6124,1638,pos,0 days 00:14:22.803000,0 days 01:11:19.898000
2024-06-23 13:17:37.396,OnTrack,-2433,-6248,1636,pos,0 days 00:14:22.983000,0 days 01:11:20.078000
2024-06-23 13:17:37.616,OnTrack,-2520,-6388,1634,pos,0 days 00:14:23.203000,0 days 01:11:20.298000
2024-06-23 13:17:37.716,OnTrack,-2557,-6445,1634,pos,0 days 00:14:23.303000,0 days 01:11:20.398000
2024-06-23 13:17:37.916,OnTrack,-2630,-6548,1632,pos,0 days 00:14:23.503000,0 days 01:11:20.598000
2024-06-23 13:17:38.276,OnTrack,-2796,-6749,1628,pos,0 days 00:14:23.863000,0 days 01:11:20.958000
2024-06-23 13:17:38.696,OnTrack,-2898,-6845,1626,pos,0 days 00:14:24.283000,0 days 01:11:21.378000
2024-06-23 13:17:38.836,OnTrack,-2948,-6884,1624,pos,0 days 00:14:24.423000,0 days 01:11:21.518000
2024-06-23 13:17:38.996,OnTrack,-3005,-6921,1623,pos,0 days 00:14:24.583000,0 days 01:11:21.678000
2024-06-23 13:17:39.196,OnTrack,-3078,-6959,1625,pos,0 days 00:14:24.783000,0 days 01:11:21.878000
2024-06-23 13:17:39.516,OnTrack,-3239,-6995,1624,pos,0 days 00:14:25.103000,0 days 01:11:22.198000
2024-06-23 13:17:39.856,OnTrack,-3334,-6989,1626,pos,0 days 00:14:25.443000,0 days 01:11:22.538000
2024-06-23 13:17:40.016,OnTrack,-3396,-6976,1627,pos,0 days 00:14:25.603000,0 days 01:11:22.698000
2024-06-23 13:17:40.316,OnTrack,-3510,-6935,1630,pos,0 days 00:14:25.903000,0 days 01:11:22.998000
2024-06-23 13:17:40.516,OnTrack,-3614,-6887,1632,pos,0 days 00:14:26.103000,0 days 01:11:23.198000
2024-06-23 13:17:40.856,OnTrack,-3712,-6842,1633,pos,0 days 00:14:26.443000,0 days 01:11:23.538000
2024-06-23 13:17:41.136,OnTrack,-3857,-6787,1636,pos,0 days 00:14:26.723000,0 days 01:11:23.818000
2024-06-23 13:17:41.496,OnTrack,-3977,-6768,1640,pos,0 days 00:14:27.083000,0 days 01:11:24.178000
2024-06-23 13:17:41.676,OnTrack,-4058,-6771,1643,pos,0 days 00:14:27.263000,0 days 01:11:24.358000
2024-06-23 13:17:41.816,OnTrack,-4122,-6783,1646,pos,0 days 00:14:27.403000,0 days 01:11:24.498000
2024-06-23 13:17:42.035,OnTrack,-4223,-6814,1650,pos,0 days 00:14:27.622000,0 days 01:11:24.717000
2024-06-23 13:17:42.415,OnTrack,-4358,-6877,1657,pos,0 days 00:14:28.002000,0 days 01:11:25.097000
2024-06-23 13:17:42.595,OnTrack,-4472,-6945,1665,pos,0 days 00:14:28.182000,0 days 01:11:25.277000
2024-06-23 13:17:42.896,OnTrack,-4577,-7016,1670,pos,0 days 00:14:28.483000,0 days 01:11:25.578000
2024-06-23 13:17:43.176,OnTrack,-4703,-7107,1677,pos,0 days 00:14:28.763000,0 days 01:11:25.858000
2024-06-23 13:17:43.416,OnTrack,-4817,-7183,1683,pos,0 days 00:14:29.003000,0 days 01:11:26.098000
2024-06-23 13:17:43.596,OnTrack,-4896,-7233,1688,pos,0 days 00:14:29.183000,0 days 01:11:26.278000
2024-06-23 13:17:43.776,OnTrack,-4989,-7287,1693,pos,0 days 00:14:29.363000,0 days 01:11:26.458000
2024-06-23 13:17:44.056,OnTrack,-5195,-7383,1701,pos,0 days 00:14:29.643000,0 days 01:11:26.738000
2024-06-23 13:17:44.436,OnTrack,-5355,-7430,1709,pos,0 days 00:14:30.023000,0 days 01:11:27.118000
2024-06-23 13:17:44.636,OnTrack,-5507,-7452,1715,pos,0 days 00:14:30.223000,0 days 01:11:27.318000
2024-06-23 13:17:44.936,OnTrack,-5649,-7453,1721,pos,0 days 00:14:30.523000,0 days 01:11:27.618000
2024-06-23 13:17:45.156,OnTrack,-5778,-7439,1728,pos,0 days 00:14:30.743000,0 days 01:11:27.838000
2024-06-23 13:17:45.376,OnTrack,-5899,-7413,1732,pos,0 days 00:14:30.963000,0 days 01:11:28.058000
2024-06-23 13:17:45.696,OnTrack,-6075,-7351,1738,pos,0 days 00:14:31.283000,0 days 01:11:28.378000
2024-06-23 13:17:45.876,OnTrack,-6199,-7286,1744,pos,0 days 00:14:31.463000,0 days 01:11:28.558000
2024-06-23 13:17:46.136,OnTrack,-6295,-7221,1747,pos,0 days 00:14:31.723000,0 days 01:11:28.818000
2024-06-23 13:17:46.416,OnTrack,-6415,-7111,1753,pos,0 days 00:14:32.003000,0 days 01:11:29.098000
2024-06-23 13:17:46.676,OnTrack,-6544,-6938,1758,pos,0 days 00:14:32.263000,0 days 01:11:29.358000
2024-06-23 13:17:46.976,OnTrack,-6602,-6831,1760,pos,0 days 00:14:32.563000,0 days 01:11:29.658000
2024-06-23 13:17:47.236,OnTrack,-6686,-6595,1765,pos,0 days 00:14:32.823000,0 days 01:11:29.918000
2024-06-23 13:17:47.636,OnTrack,-6718,-6430,1767,pos,0 days 00:14:33.223000,0 days 01:11:30.318000
2024-06-23 13:17:47.876,OnTrack,-6731,-6274,1769,pos,0 days 00:14:33.463000,0 days 01:11:30.558000
2024-06-23 13:17:48.156,OnTrack,-6727,-6019,1773,pos,0 days 00:14:33.743000,0 days 01:11:30.838000
2024-06-23 13:17:48.436,OnTrack,-6715,-5897,1775,pos,0 days 00:14:34.023000,0 days 01:11:31.118000
2024-06-23 13:17:48.615,OnTrack,-6699,-5774,1777,pos,0 days 00:14:34.202000,0 days 01:11:31.297000
2024-06-23 13:17:48.875,OnTrack,-6667,-5599,1779,pos,0 days 00:14:34.462000,0 days 01:11:31.557000
2024-06-23 13:17:49.135,OnTrack,-6612,-5371,1783,pos,0 days 00:14:34.722000,0 days 01:11:31.817000
2024-06-23 13:17:49.516,OnTrack,-6539,-5155,1787,pos,0 days 00:14:35.103000,0 days 01:11:32.198000
2024-06-23 13:17:49.716,OnTrack,-6479,-5023,1789,pos,0 days 00:14:35.303000,0 days 01:11:32.398000
2024-06-23 13:17:49.896,OnTrack,-6423,-4921,1790,pos,0 days 00:14:35.483000,0 days 01:11:32.578000
2024-06-23 13:17:50.056,OnTrack,-6362,-4819,1792,pos,0 days 00:14:35.643000,0 days 01:11:32.738000
2024-06-23 13:17:50.396,OnTrack,-6219,-4608,1795,pos,0 days 00:14:35.983000,0 days 01:11:33.078000
2024-06-23 13:17:50.556,OnTrack,-6149,-4510,1797,pos,0 days 00:14:36.143000,0 days 01:11:33.238000
2024-06-23 13:17:50.816,OnTrack,-6034,-4350,1799,pos,0 days 00:14:36.403000,0 days 01:11:33.498000
2024-06-23 13:17:51.016,OnTrack,-5912,-4157,1803,pos,0 days 00:14:36.603000,0 days 01:11:33.698000
2024-06-23 13:17:51.276,OnTrack,-5849,-4049,1804,pos,0 days 00:14:36.863000,0 days 01:11:33.958000
2024-06-23 13:17:51.576,OnTrack,-5730,-3849,1807,pos,0 days 00:14:37.163000,0 days 01:11:34.258000
2024-06-23 13:17:51.736,OnTrack,-5664,-3742,1809,pos,0 days 00:14:37.323000,0 days 01:11:34.418000
2024-06-23 13:17:51.896,OnTrack,-5596,-3638,1811,pos,0 days 00:14:37.483000,0 days 01:11:34.578000
2024-06-23 13:17:52.076,OnTrack,-5521,-3526,1813,pos,0 days 00:14:37.663000,0 days 01:11:34.758000
2024-06-23 13:17:52.436,OnTrack,-5331,-3252,1817,pos,0 days 00:14:38.023000,0 days 01:11:35.118000
2024-06-23 13:17:52.896,OnTrack,-5222,-3115,1819,pos,0 days 00:14:38.483000,0 days 01:11:35.578000
2024-06-23 13:17:53.076,OnTrack,-5112,-3003,1819,pos,0 days 00:14:38.663000,0 days 01:11:35.758000
2024-06-23 13:17:53.476,OnTrack,-4980,-2910,1821,pos,0 days 00:14:39.063000,0 days 01:11:36.158000
2024-06-23 13:17:53.756,OnTrack,-4910,-2877,1822,pos,0 days 00:14:39.343000,0 days 01:11:36.438000
2024-06-23 13:17:54.116,OnTrack,-4768,-2841,1824,pos,0 days 00:14:39.703000,0 days 01:11:36.798000
2024-06-23 13:17:54.296,OnTrack,-4697,-2838,1825,pos,0 days 00:14:39.883000,0 days 01:11:36.978000
2024-06-23 13:17:54.516,OnTrack,-4575,-2855,1827,pos,0 days 00:14:40.103000,0 days 01:11:37.198000
2024-06-23 13:17:54.776,OnTrack,-4517,-2873,1828,pos,0 days 00:14:40.363000,0 days 01:11:37.458000
2024-06-23 13:17:55.016,OnTrack,-4435,-2909,1830,pos,0 days 00:14:40.603000,0 days 01:11:37.698000
2024-06-23 13:17:55.315,OnTrack,-4342,-2969,1833,pos,0 days 00:14:40.902000,0 days 01:11:37.997000
2024-06-23 13:17:55.495,OnTrack,-4273,-3036,1834,pos,0 days 00:14:41.082000,0 days 01:11:38.177000
2024-06-23 13:17:55.855,OnTrack,-4208,-3114,1835,pos,0 days 00:14:41.442000,0 days 01:11:38.537000
2024-06-23 13:17:56.056,OnTrack,-4159,-3188,1836,pos,0 days 00:14:41.643000,0 days 01:11:38.738000
2024-06-23 13:17:56.296,OnTrack,-4092,-3324,1837,pos,0 days 00:14:41.883000,0 days 01:11:38.978000
2024-06-23 13:17:56.756,OnTrack,-4050,-3460,1838,pos,0 days 00:14:42.343000,0 days 01:11:39.438000
2024-06-23 13:17:56.976,OnTrack,-4033,-3562,1839,pos,0 days 00:14:42.563000,0 days 01:11:39.658000
2024-06-23 13:17:57.236,OnTrack,-4028,-3719,1839,pos,0 days 00:14:42.823000,0 days 01:11:39.918000
2024-06-23 13:17:57.496,OnTrack,-4038,-3821,1839,pos,0 days 00:14:43.083000,0 days 01:11:40.178000
2024-06-23 13:17:57.676,OnTrack,-4056,-3914,1838,pos,0 days 00:14:43.263000,0 days 01:11:40.358000
2024-06-23 13:17:57.996,OnTrack,-4112,-4081,1836,pos,0 days 00:14:43.583000,0 days 01:11:40.678000
2024-06-23 13:17:58.196,OnTrack,-4183,-4224,1834,pos,0 days 00:14:43.783000,0 days 01:11:40.878000
2024-06-23 13:17:58.616,OnTrack,-4345,-4465,1829,pos,0 days 00:14:44.203000,0 days 01:11:41.298000
2024-06-23 13:17:59.056,OnTrack,-4454,-4615,1826,pos,0 days 00:14:44.643000,0 days 01:11:41.738000
2024-06-23 13:17:59.076,OnTrack,-4462,-4626,1825,pos,0 days 00:14:44.663000,0 days 01:11:41.758000
2024-06-23 13:17:59.376,OnTrack,-4575,-4780,1821,pos,0 days 00:14:44.963000,0 days 01:11:42.058000
2024-06-23 13:17:59.636,OnTrack,-4721,-4981,1817,pos,0 days 00:14:45.223000,0 days 01:11:42.318000
2024-06-23 13:17:59.936,OnTrack,-4792,-5077,1815,pos,0 days 00:14:45.523000,0 days 01:11:42.618000
2024-06-23 13:18:00.156,OnTrack,-4876,-5193,1812,pos,0 days 00:14:45.743000,0 days 01:11:42.838000
2024-06-23 13:18:00.516,OnTrack,-5001,-5371,1807,pos,0 days 00:14:46.103000,0 days 01:11:43.198000
2024-06-23 13:18:00.736,OnTrack,-5063,-5467,1804,pos,0 days 00:14:46.323000,0 days 01:11:43.418000
2024-06-23 13:18:00.896,OnTrack,-5101,-5531,1801,pos,0 days 00:14:46.483000,0 days 01:11:43.578000
2024-06-23 13:18:01.096,OnTrack,-5157,-5642,1796,pos,0 days 00:14:46.683000,0 days 01:11:43.778000
2024-06-23 13:18:01.416,OnTrack,-5189,-5721,1793,pos,0 days 00:14:47.003000,0 days 01:11:44.098000
2024-06-23 13:18:01.616,OnTrack,-5211,-5790,1791,pos,0 days 00:14:47.203000,0 days 01:11:44.298000
2024-06-23 13:18:01.915,OnTrack,-5227,-5890,1786,pos,0 days 00:14:47.502000,0 days 01:11:44.597000
2024-06-23 13:18:02.115,OnTrack,-5221,-5985,1781,pos,0 days 00:14:47.702000,0 days 01:11:44.797000
2024-06-23 13:18:02.475,OnTrack,-5198,-6059,1777,pos,0 days 00:14:48.062000,0 days 01:11:45.157000
2024-06-23 13:18:02.656,OnTrack,-5170,-6109,1773,pos,0 days 00:14:48.243000,0 days 01:11:45.338000
2024-06-23 13:18:02.956,OnTrack,-5115,-6170,1769,pos,0 days 00:14:48.543000,0 days 01:11:45.638000
2024-06-23 13:18:03.176,OnTrack,-5061,-6207,1767,pos,0 days 00:14:48.763000,0 days 01:11:45.858000
2024-06-23 13:18:03.416,OnTrack,-5012,-6229,1763,pos,0 days 00:14:49.003000,0 days 01:11:46.098000
2024-06-23 13:18:03.656,OnTrack,-4949,-6245,1761,pos,0 days 00:14:49.243000,0 days 01:11:46.338000
2024-06-23 13:18:03.956,OnTrack,-4866,-6251,1756,pos,0 days 00:14:49.543000,0 days 01:11:46.638000
2024-06-23 13:18:04.116,OnTrack,-4820,-6249,1753,pos,0 days 00:14:49.703000,0 days 01:11:46.798000
2024-06-23 13:18:04.416,OnTrack,-4688,-6222,1744,pos,0 days 00:14:50.003000,0 days 01:11:47.098000
2024-06-23 13:18:04.816,OnTrack,-4560,-6174,1736,pos,0 days 00:14:50.403000,0 days 01:11:47.498000
2024-06-23 13:18:05.076,OnTrack,-4520,-6156,1734,pos,0 days 00:14:50.663000,0 days 01:11:47.758000
2024-06-23 13:18:05.336,OnTrack,-4429,-6110,1727,pos,0 days 00:14:50.923000,0 days 01:11:48.018000
2024-06-23 13:18:05.576,OnTrack,-4283,-6031,1717,pos,0 days 00:14:51.163000,0 days 01:11:48.258000
2024-06-23 13:18:05.956,OnTrack,-4183,-5976,1710,pos,0 days 00:14:51.543000,0 days 01:11:48.638000
2024-06-23 13:18:06.196,OnTrack,-3993,-5878,1696,pos,0 days 00:14:51.783000,0 days 01:11:48.878000
2024-06-23 13:18:06.596,OnTrack,-3757,-5771,1684,pos,0 days 00:14:52.183000,0 days 01:11:49.278000
2024-06-23 13:18:06.996,OnTrack,-3619,-5713,1678,pos,0 days 00:14:52.583000,0 days 01:11:49.678000
2024-06-23 13:18:07.236,OnTrack,-3488,-5657,1673,pos,0 days 00:14:52.823000,0 days 01:11:49.918000
2024-06-23 13:18:07.476,OnTrack,-3355,-5595,1667,pos,0 days 00:14:53.063000,0 days 01:11:50.158000
2024-06-23 13:18:07.656,OnTrack,-3203,-5511,1661,pos,0 days 00:14:53.243000,0 days 01:11:50.338000
2024-06-23 13:18:07.996,OnTrack,-3074,-5427,1657,pos,0 days 00:14:53.583000,0 days 01:11:50.678000
2024-06-23 13:18:08.216,OnTrack,-2959,-5340,1654,pos,0 days 00:14:53.803000,0 days 01:11:50.898000
2024-06-23 13:18:08.415,OnTrack,-2857,-5252,1653,pos,0 days 00:14:54.002000,0 days 01:11:51.097000
2024-06-23 13:18:08.595,OnTrack,-2770,-5167,1651,pos,0 days 00:14:54.182000,0 days 01:11:51.277000
2024-06-23 13:18:08.895,OnTrack,-2590,-4957,1650,pos,0 days 00:14:54.482000,0 days 01:11:51.577000
2024-06-23 13:18:09.256,OnTrack,-2473,-4798,1651,pos,0 days 00:14:54.843000,0 days 01:11:51.938000
2024-06-23 13:18:09.436,OnTrack,-2403,-4697,1651,pos,0 days 00:14:55.023000,0 days 01:11:52.118000
2024-06-23 13:18:09.596,OnTrack,-2344,-4611,1652,pos,0 days 00:14:55.183000,0 days 01:11:52.278000
2024-06-23 13:18:09.796,OnTrack,-2284,-4524,1653,pos,0 days 00:14:55.383000,0 days 01:11:52.478000
2024-06-23 13:18:10.196,OnTrack,-2171,-4349,1658,pos,0 days 00:14:55.783000,0 days 01:11:52.878000
2024-06-23 13:18:10.376,OnTrack,-2135,-4278,1660,pos,0 days 00:14:55.963000,0 days 01:11:53.058000
2024-06-23 13:18:10.576,OnTrack,-2109,-4204,1661,pos,0 days 00:14:56.163000,0 days 01:11:53.258000
2024-06-23 13:18:10.776,OnTrack,-2092,-4121,1662,pos,0 days 00:14:56.363000,0 days 01:11:53.458000
2024-06-23 13:18:10.996,OnTrack,-2084,-4030,1664,pos,0 days 00:14:56.583000,0 days 01:11:53.678000
2024-06-23 13:18:11.076,OnTrack,-2083,-3998,1665,pos,0 days 00:14:56.663000,0 days 01:11:53.758000
2024-06-23 13:18:11.276,OnTrack,-2085,-3919,1667,pos,0 days 00:14:56.863000,0 days 01:11:53.958000
2024-06-23 13:18:11.536,OnTrack,-2098,-3821,1673,pos,0 days 00:14:57.123000,0 days 01:11:54.218000
2024-06-23 13:18:11.816,OnTrack,-2149,-3693,1680,pos,0 days 00:14:57.403000,0 days 01:11:54.498000
2024-06-23 13:18:12.176,OnTrack,-2243,-3582,1686,pos,0 days 00:14:57.763000,0 days 01:11:54.858000
2024-06-23 13:18:12.476,OnTrack,-2299,-3535,1689,pos,0 days 00:14:58.063000,0 days 01:11:55.158000
2024-06-23 13:18:12.756,OnTrack,-2395,-3466,1694,pos,0 days 00:14:58.343000,0 days 01:11:55.438000
2024-06-23 13:18:12.956,OnTrack,-2466,-3415,1698,pos,0 days 00:14:58.543000,0 days 01:11:55.638000
2024-06-23 13:18:13.236,OnTrack,-2565,-3331,1707,pos,0 days 00:14:58.823000,0 days 01:11:55.918000
2024-06-23 13:18:13.416,OnTrack,-2626,-3269,1712,pos,0 days 00:14:59.003000,0 days 01:11:56.098000
2024-06-23 13:18:13.596,OnTrack,-2683,-3199,1718,pos,0 days 00:14:59.183000,0 days 01:11:56.278000
2024-06-23 13:18:13.856,OnTrack,-2755,-3086,1729,pos,0 days 00:14:59.443000,0 days 01:11:56.538000
2024-06-23 13:18:14.076,OnTrack,-2809,-2978,1736,pos,0 days 00:14:59.663000,0 days 01:11:56.758000
2024-06-23 13:18:14.336,OnTrack,-2893,-2793,1748,pos,0 days 00:14:59.923000,0 days 01:11:57.018000
2024-06-23 13:18:14.596,OnTrack,-2932,-2708,1753,pos,0 days 00:15:00.183000,0 days 01:11:57.278000
2024-06-23 13:18:14.935,OnTrack,-3020,-2524,1766,pos,0 days 00:15:00.522000,0 days 01:11:57.617000
2024-06-23 13:18:15.135,OnTrack,-3073,-2413,1774,pos,0 days 00:15:00.722000,0 days 01:11:57.817000
2024-06-23 13:18:15.255,OnTrack,-3102,-2350,1777,pos,0 days 00:15:00.842000,0 days 01:11:57.937000
2024-06-23 13:18:15.435,OnTrack,-3149,-2252,1784,pos,0 days 00:15:01.022000,0 days 01:11:58.117000
2024-06-23 13:18:15.716,OnTrack,-3232,-2076,1795,pos,0 days 00:15:01.303000,0 days 01:11:58.398000
2024-06-23 13:18:15.936,OnTrack,-3295,-1945,1804,pos,0 days 00:15:01.523000,0 days 01:11:58.618000
2024-06-23 13:18:16.176,OnTrack,-3365,-1801,1814,pos,0 days 00:15:01.763000,0 days 01:11:58.858000
2024-06-23 13:18:16.296,OnTrack,-3397,-1728,1818,pos,0 days 00:15:01.883000,0 days 01:11:58.978000
2024-06-23 13:18:16.596,OnTrack,-3461,-1557,1829,pos,0 days 00:15:02.183000,0 days 01:11:59.278000
2024-06-23 13:18:16.776,OnTrack,-3488,-1448,1836,pos,0 days 00:15:02.363000,0 days 01:11:59.458000
2024-06-23 13:18:17.016,OnTrack,-3506,-1300,1842,pos,0 days 00:15:02.603000,0 days 01:11:59.698000
2024-06-23 13:18:17.176,OnTrack,-3507,-1201,1846,pos,0 days 00:15:02.763000,0 days 01:11:59.858000
2024-06-23 13:18:17.316,OnTrack,-3502,-1115,1849,pos,0 days 00:15:02.903000,0 days 01:11:59.998000
2024-06-23 13:18:17.516,OnTrack,-3485,-995,1854,pos,0 days 00:15:03.103000,0 days 01:12:00.198000
2024-06-23 13:18:17.716,OnTrack,-3460,-878,1858,pos,0 days 00:15:03.303000,0 days 01:12:00.398000
2024-06-23 13:18:17.996,OnTrack,-3409,-721,1864,pos,0 days 00:15:03.583000,0 days 01:12:00.678000
2024-06-23 13:18:18.196,OnTrack,-3360,-613,1867,pos,0 days 00:15:03.783000,0 days 01:12:00.878000
2024-06-23 13:18:18.456,OnTrack,-3228,-416,1872,pos,0 days 00:15:04.043000,0 days 01:12:01.138000
2024-06-23 13:18:18.696,OnTrack,-3186,-373,1873,pos,0 days 00:15:04.283000,0 days 01:12:01.378000
2024-06-23 13:18:19.036,OnTrack,-3010,-253,1875,pos,0 days 00:15:04.623000,0 days 01:12:01.718000
2024-06-23 13:18:19.256,OnTrack,-2878,-192,1874,pos,0 days 00:15:04.843000,0 days 01:12:01.938000
2024-06-23 13:18:19.296,OnTrack,-2853,-182,1874,pos,0 days 00:15:04.883000,0 days 01:12:01.978000
2024-06-23 13:18:19.636,OnTrack,-2642,-99,1871,pos,0 days 00:15:05.223000,0 days 01:12:02.318000
2024-06-23 13:18:19.836,OnTrack,-2458,-18,1870,pos,0 days 00:15:05.423000,0 days 01:12:02.518000
2024-06-23 13:18:20.136,OnTrack,-2333,40,1868,pos,0 days 00:15:05.723000,0 days 01:12:02.818000
2024-06-23 13:18:20.396,OnTrack,-2169,117,1866,pos,0 days 00:15:05.983000,0 days 01:12:03.078000
2024-06-23 13:18:20.596,OnTrack,-1950,221,1863,pos,0 days 00:15:06.183000,0 days 01:12:03.278000
2024-06-23 13:18:21.076,OnTrack,-1727,326,1860,pos,0 days 00:15:06.663000,0 days 01:12:03.758000
2024-06-23 13:18:21.216,OnTrack,-1634,370,1859,pos,0 days 00:15:06.803000,0 days 01:12:03.898000
2024-06-23 13:18:21.515,OnTrack,-1433,466,1856,pos,0 days 00:15:07.102000,0 days 01:12:04.197000
2024-06-23 13:18:21.735,OnTrack,-1284,537,1854,pos,0 days 00:15:07.322000,0 days 01:12:04.417000
2024-06-23 13:18:21.915,OnTrack,-1162,597,1853,pos,0 days 00:15:07.502000,0 days 01:12:04.597000
2024-06-23 13:18:22.175,OnTrack,-986,687,1850,pos,0 days 00:15:07.762000,0 days 01:12:04.857000
2024-06-23 13:18:22.316,OnTrack,-877,744,1849,pos,0 days 00:15:07.903000,0 days 01:12:04.998000
2024-06-23 13:18:22.596,OnTrack,-604,891,1845,pos,0 days 00:15:08.183000,0 days 01:12:05.278000
2024-06-23 13:18:23.016,OnTrack,-383,1009,1842,pos,0 days 00:15:08.603000,0 days 01:12:05.698000
2024-06-23 13:18:23.436,OnTrack,-76,1172,1838,pos,0 days 00:15:09.023000,0 days 01:12:06.118000
2024-06-23 13:18:23.736,OnTrack,92,1262,1835,pos,0 days 00:15:09.323000,0 days 01:12:06.418000
2024-06-23 13:18:23.936,OnTrack,233,1337,1834,pos,0 days 00:15:09.523000,0 days 01:12:06.618000
2024-06-23 13:18:24.136,OnTrack,374,1409,1832,pos,0 days 00:15:09.723000,0 days 01:12:06.818000
2024-06-23 13:18:24.396,OnTrack,550,1493,1829,pos,0 days 00:15:09.983000,0 days 01:12:07.078000
2024-06-23 13:18:24.576,OnTrack,673,1546,1828,pos,0 days 00:15:10.163000,0 days 01:12:07.258000
2024-06-23 13:18:24.896,OnTrack,859,1622,1826,pos,0 days 00:15:10.483000,0 days 01:12:07.578000
2024-06-23 13:18:25.056,OnTrack,982,1671,1824,pos,0 days 00:15:10.643000,0 days 01:12:07.738000
2024-06-23 13:18:25.396,OnTrack,1098,1720,1823,pos,0 days 00:15:10.983000,0 days 01:12:08.078000
2024-06-23 13:18:25.676,OnTrack,1207,1773,1822,pos,0 days 00:15:11.263000,0 days 01:12:08.358000
2024-06-23 13:18:25.876,OnTrack,1309,1838,1821,pos,0 days 00:15:11.463000,0 days 01:12:08.558000
2024-06-23 13:18:26.236,OnTrack,1370,1894,1820,pos,0 days 00:15:11.823000,0 days 01:12:08.918000
2024-06-23 13:18:26.416,OnTrack,1407,1940,1819,pos,0 days 00:15:12.003000,0 days 01:12:09.098000
2024-06-23 13:18:26.636,OnTrack,1440,2003,1818,pos,0 days 00:15:12.223000,0 days 01:12:09.318000
2024-06-23 13:18:26.936,OnTrack,1463,2105,1817,pos,0 days 00:15:12.523000,0 days 01:12:09.618000
2024-06-23 13:18:27.256,OnTrack,1458,2192,1817,pos,0 days 00:15:12.843000,0 days 01:12:09.938000
2024-06-23 13:18:27.456,OnTrack,1445,2251,1817,pos,0 days 00:15:13.043000,0 days 01:12:10.138000
2024-06-23 13:18:27.716,OnTrack,1417,2324,1819,pos,0 days 00:15:13.303000,0 days 01:12:10.398000
2024-06-23 13:18:27.896,OnTrack,1392,2370,1821,pos,0 days 00:15:13.483000,0 days 01:12:10.578000
2024-06-23 13:18:28.076,OnTrack,1364,2414,1822,pos,0 days 00:15:13.663000,0 days 01:12:10.758000
2024-06-23 13:18:28.215,OnTrack,1339,2446,1823,pos,0 days 00:15:13.802000,0 days 01:12:10.897000
2024-06-23 13:18:28.555,OnTrack,1256,2529,1826,pos,0 days 00:15:14.142000,0 days 01:12:11.237000
2024-06-23 13:18:28.976,OnTrack,1157,2592,1828,pos,0 days 00:15:14.563000,0 days 01:12:11.658000
2024-06-23 13:18:29.136,OnTrack,1109,2612,1829,pos,0 days 00:15:14.723000,0 days 01:12:11.818000
2024-06-23 13:18:29.316,OnTrack,1004,2641,1831,pos,0 days 00:15:14.903000,0 days 01:12:11.998000
2024-06-23 13:18:29.816,OnTrack,881,2658,1834,pos,0 days 00:15:15.403000,0 days 01:12:12.498000
2024-06-23 13:18:29.996,OnTrack,779,2659,1836,pos,0 days 00:15:15.583000,0 days 01:12:12.678000
2024-06-23 13:18:30.276,OnTrack,699,2653,1838,pos,0 days 00:15:15.863000,0 days 01:12:12.958000
2024-06-23 13:18:30.576,OnTrack,572,2629,1841,pos,0 days 00:15:16.163000,0 days 01:12:13.258000
2024-06-23 13:18:30.756,OnTrack,494,2606,1843,pos,0 days 00:15:16.343000,0 days 01:12:13.438000
2024-06-23 13:18:30.956,OnTrack,405,2571,1846,pos,0 days 00:15:16.543000,0 days 01:12:13.638000
2024-06-23 13:18:31.136,OnTrack,325,2532,1849,pos,0 days 00:15:16.723000,0 days 01:12:13.818000
2024-06-23 13:18:31.336,OnTrack,236,2480,1854,pos,0 days 00:15:16.923000,0 days 01:12:14.018000
2024-06-23 13:18:31.636,OnTrack,103,2390,1862,pos,0 days 00:15:17.223000,0 days 01:12:14.318000
2024-06-23 13:18:31.816,OnTrack,0,2317,1868,pos,0 days 00:15:17.403000,0 days 01:12:14.498000
2024-06-23 13:18:31.996,OnTrack,-94,2258,1871,pos,0 days 00:15:17.583000,0 days 01:12:14.678000
2024-06-23 13:18:32.276,OnTrack,-222,2195,1876,pos,0 days 00:15:17.863000,0 days 01:12:14.958000
2024-06-23 13:18:32.416,OnTrack,-285,2171,1878,pos,0 days 00:15:18.003000,0 days 01:12:15.098000
2024-06-23 13:18:32.716,OnTrack,-470,2128,1886,pos,0 days 00:15:18.303000,0 days 01:12:15.398000
2024-06-23 13:18:32.936,OnTrack,-512,2124,1888,pos,0 days 00:15:18.523000,0 days 01:12:15.618000
2024-06-23 13:18:33.176,OnTrack,-610,2123,1893,pos,0 days 00:15:18.763000,0 days 01:12:15.858000
2024-06-23 13:18:33.496,OnTrack,-731,2142,1898,pos,0 days 00:15:19.083000,0 days 01:12:16.178000
2024-06-23 13:18:33.736,OnTrack,-811,2173,1903,pos,0 days 00:15:19.323000,0 days 01:12:16.418000
2024-06-23 13:18:33.916,OnTrack,-865,2206,1905,pos,0 days 00:15:19.503000,0 days 01:12:16.598000
2024-06-23 13:18:34.116,OnTrack,-936,2271,1908,pos,0 days 00:15:19.703000,0 days 01:12:16.798000
2024-06-23 13:18:34.356,OnTrack,-968,2314,1909,pos,0 days 00:15:19.943000,0 days 01:12:17.038000
2024-06-23 13:18:34.556,OnTrack,-1001,2373,1911,pos,0 days 00:15:20.143000,0 days 01:12:17.238000
2024-06-23 13:18:34.935,OnTrack,-1048,2538,1913,pos,0 days 00:15:20.522000,0 days 01:12:17.617000
2024-06-23 13:18:35.355,OnTrack,-1050,2631,1914,pos,0 days 00:15:20.942000,0 days 01:12:18.037000
2024-06-23 13:18:35.436,OnTrack,-1048,2665,1915,pos,0 days 00:15:21.023000,0 days 01:12:18.118000
2024-06-23 13:18:35.596,OnTrack,-1041,2719,1916,pos,0 days 00:15:21.183000,0 days 01:12:18.278000
2024-06-23 13:18:35.956,OnTrack,-1007,2841,1917,pos,0 days 00:15:21.543000,0 days 01:12:18.638000
2024-06-23 13:18:36.136,OnTrack,-985,2895,1918,pos,0 days 00:15:21.723000,0 days 01:12:18.818000
2024-06-23 13:18:36.316,OnTrack,-955,2956,1920,pos,0 days 00:15:21.903000,0 days 01:12:18.998000
2024-06-23 13:18:36.576,OnTrack,-874,3078,1922,pos,0 days 00:15:22.163000,0 days 01:12:19.258000
2024-06-23 13:18:36.916,OnTrack,-740,3223,1922,pos,0 days 00:15:22.503000,0 days 01:12:19.598000
2024-06-23 13:18:37.376,OnTrack,-620,3325,1922,pos,0 days 00:15:22.963000,0 days 01:12:20.058000
2024-06-23 13:18:37.536,OnTrack,-501,3418,1921,pos,0 days 00:15:23.123000,0 days 01:12:20.218000
2024-06-23 13:18:38.016,OnTrack,-359,3529,1918,pos,0 days 00:15:23.603000,0 days 01:12:20.698000
2024-06-23 13:18:38.176,OnTrack,-231,3638,1915,pos,0 days 00:15:23.763000,0 days 01:12:20.858000
2024-06-23 13:18:38.596,OnTrack,-52,3791,1910,pos,0 days 00:15:24.183000,0 days 01:12:21.278000
2024-06-23 13:18:38.916,OnTrack,42,3868,1905,pos,0 days 00:15:24.503000,0 days 01:12:21.598000
2024-06-23 13:18:39.116,OnTrack,142,3943,1901,pos,0 days 00:15:24.703000,0 days 01:12:21.798000
2024-06-23 13:18:39.276,OnTrack,226,4000,1897,pos,0 days 00:15:24.863000,0 days 01:12:21.958000
2024-06-23 13:18:39.636,OnTrack,429,4096,1888,pos,0 days 00:15:25.223000,0 days 01:12:22.318000
2024-06-23 13:18:39.836,OnTrack,617,4136,1879,pos,0 days 00:15:25.423000,0 days 01:12:22.518000
2024-06-23 13:18:40.236,OnTrack,810,4133,1869,pos,0 days 00:15:25.823000,0 days 01:12:22.918000
2024-06-23 13:18:40.396,OnTrack,913,4117,1863,pos,0 days 00:15:25.983000,0 days 01:12:23.078000
2024-06-23 13:18:40.676,OnTrack,1138,4050,1849,pos,0 days 00:15:26.263000,0 days 01:12:23.358000
2024-06-23 13:18:41.016,OnTrack,1297,3980,1840,pos,0 days 00:15:26.603000,0 days 01:12:23.698000
2024-06-23 13:18:41.256,OnTrack,1440,3903,1831,pos,0 days 00:15:26.843000,0 days 01:12:23.938000
2024-06-23 13:18:41.475,OnTrack,1568,3826,1824,pos,0 days 00:15:27.062000,0 days 01:12:24.157000
2024-06-23 13:18:41.635,OnTrack,1662,3766,1818,pos,0 days 00:15:27.222000,0 days 01:12:24.317000
2024-06-23 13:18:41.935,OnTrack,1838,3653,1808,pos,0 days 00:15:27.522000,0 days 01:12:24.617000
2024-06-23 13:18:42.116,OnTrack,2030,3531,1797,pos,0 days 00:15:27.703000,0 days 01:12:24.798000
2024-06-23 13:18:42.436,OnTrack,2150,3454,1790,pos,0 days 00:15:28.023000,0 days 01:12:25.118000
2024-06-23 13:18:42.616,OnTrack,2258,3383,1784,pos,0 days 00:15:28.203000,0 days 01:12:25.298000
2024-06-23 13:18:42.796,OnTrack,2352,3318,1779,pos,0 days 00:15:28.383000,0 days 01:12:25.478000
2024-06-23 13:18:43.096,OnTrack,2511,3192,1771,pos,0 days 00:15:28.683000,0 days 01:12:25.778000
2024-06-23 13:18:43.376,OnTrack,2614,3090,1765,pos,0 days 00:15:28.963000,0 days 01:12:26.058000
2024-06-23 13:18:43.416,OnTrack,2632,3071,1764,pos,0 days 00:15:29.003000,0 days 01:12:26.098000
2024-06-23 13:18:43.756,OnTrack,2757,2905,1757,pos,0 days 00:15:29.343000,0 days 01:12:26.438000
2024-06-23 13:18:43.976,OnTrack,2831,2736,1752,pos,0 days 00:15:29.563000,0 days 01:12:26.658000
2024-06-23 13:18:44.336,OnTrack,2871,2567,1748,pos,0 days 00:15:29.923000,0 days 01:12:27.018000
2024-06-23 13:18:44.476,OnTrack,2882,2481,1744,pos,0 days 00:15:30.063000,0 days 01:12:27.158000
2024-06-23 13:18:44.676,OnTrack,2883,2359,1743,pos,0 days 00:15:30.263000,0 days 01:12:27.358000
2024-06-23 13:18:44.936,OnTrack,2839,2107,1738,pos,0 days 00:15:30.523000,0 days 01:12:27.618000
2024-06-23 13:18:45.416,OnTrack,2753,1897,1734,pos,0 days 00:15:31.003000,0 days 01:12:28.098000
2024-06-23 13:18:45.476,OnTrack,2734,1862,1734,pos,0 days 00:15:31.063000,0 days 01:12:28.158000
2024-06-23 13:18:45.736,OnTrack,2647,1710,1732,pos,0 days 00:15:31.323000,0 days 01:12:28.418000
2024-06-23 13:18:46.016,OnTrack,2545,1549,1729,pos,0 days 00:15:31.603000,0 days 01:12:28.698000
2024-06-23 13:18:46.196,OnTrack,2424,1364,1726,pos,0 days 00:15:31.783000,0 days 01:12:28.878000
2024-06-23 13:18:46.516,OnTrack,2355,1259,1723,pos,0 days 00:15:32.103000,0 days 01:12:29.198000
2024-06-23 13:18:46.716,OnTrack,2277,1140,1722,pos,0 days 00:15:32.303000,0 days 01:12:29.398000
2024-06-23 13:18:47.016,OnTrack,2160,959,1718,pos,0 days 00:15:32.603000,0 days 01:12:29.698000
2024-06-23 13:18:47.256,OnTrack,2065,813,1716,pos,0 days 00:15:32.843000,0 days 01:12:29.938000
2024-06-23 13:18:47.476,OnTrack,1977,677,1714,pos,0 days 00:15:33.063000,0 days 01:12:30.158000
2024-06-23 13:18:47.576,OnTrack,1936,615,1713,pos,0 days 00:15:33.163000,0 days 01:12:30.258000
2024-06-23 13:18:47.895,OnTrack,1805,414,1710,pos,0 days 00:15:33.482000,0 days 01:12:30.577000
2024-06-23 13:18:48.075,OnTrack,1731,301,1709,pos,0 days 00:15:33.662000,0 days 01:12:30.757000
2024-06-23 13:18:48.255,OnTrack,1675,214,1708,pos,0 days 00:15:33.842000,0 days 01:12:30.937000
2024-06-23 13:18:48.495,OnTrack,1575,59,1708,pos,0 days 00:15:34.082000,0 days 01:12:31.177000
2024-06-23 13:18:48.616,OnTrack,1507,-46,1707,pos,0 days 00:15:34.203000,0 days 01:12:31.298000
2024-06-23 13:18:48.816,OnTrack,1424,-177,1707,pos,0 days 00:15:34.403000,0 days 01:12:31.498000
2024-06-23 13:18:49.056,OnTrack,1323,-334,1707,pos,0 days 00:15:34.643000,0 days 01:12:31.738000
2024-06-23 13:18:49.316,OnTrack,1222,-493,1708,pos,0 days 00:15:34.903000,0 days 01:12:31.998000
2024-06-23 13:18:49.516,OnTrack,1137,-626,1708,pos,0 days 00:15:35.103000,0 days 01:12:32.198000
2024-06-23 13:18:49.636,OnTrack,1086,-707,1708,pos,0 days 00:15:35.223000,0 days 01:12:32.318000
2024-06-23 13:18:49.976,OnTrack,941,-935,1708,pos,0 days 00:15:35.563000,0 days 01:12:32.658000
2024-06-23 13:18:50.176,OnTrack,855,-1071,1708,pos,0 days 00:15:35.763000,0 days 01:12:32.858000
2024-06-23 13:18:50.416,OnTrack,752,-1234,1708,pos,0 days 00:15:36.003000,0 days 01:12:33.098000
2024-06-23 13:18:50.576,OnTrack,630,-1425,1707,pos,0 days 00:15:36.163000,0 days 01:12:33.258000
2024-06-23 13:18:50.876,OnTrack,552,-1549,1708,pos,0 days 00:15:36.463000,0 days 01:12:33.558000
2024-06-23 13:18:51.236,OnTrack,359,-1852,1708,pos,0 days 00:15:36.823000,0 days 01:12:33.918000
2024-06-23 13:18:51.456,OnTrack,298,-1949,1708,pos,0 days 00:15:37.043000,0 days 01:12:34.138000
2024-06-23 13:18:51.836,OnTrack,78,-2295,1707,pos,0 days 00:15:37.423000,0 days 01:12:34.518000
2024-06-23 13:18:52.156,OnTrack,-10,-2434,1707,pos,0 days 00:15:37.743000,0 days 01:12:34.838000
2024-06-23 13:18:52.416,OnTrack,-120,-2604,1706,pos,0 days 00:15:38.003000,0 days 01:12:35.098000
2024-06-23 13:18:52.536,OnTrack,-174,-2687,1706,pos,0 days 00:15:38.123000,0 days 01:12:35.218000
2024-06-23 13:18:52.776,OnTrack,-284,-2853,1704,pos,0 days 00:15:38.363000,0 days 01:12:35.458000
2024-06-23 13:18:53.016,OnTrack,-440,-3088,1701,pos,0 days 00:15:38.603000,0 days 01:12:35.698000
2024-06-23 13:18:53.416,OnTrack,-578,-3295,1698,pos,0 days 00:15:39.003000,0 days 01:12:36.098000
2024-06-23 13:18:53.636,OnTrack,-735,-3531,1694,pos,0 days 00:15:39.223000,0 days 01:12:36.318000
2024-06-23 13:18:54.076,OnTrack,-950,-3851,1687,pos,0 days 00:15:39.663000,0 days 01:12:36.758000
2024-06-23 13:18:54.436,OnTrack,-1052,-4004,1683,pos,0 days 00:15:40.023000,0 days 01:12:37.118000
2024-06-23 13:18:54.715,OnTrack,-1230,-4268,1676,pos,0 days 00:15:40.302000,0 days 01:12:37.397000
2024-06-23 13:18:55.115,OnTrack,-1389,-4505,1669,pos,0 days 00:15:40.702000,0 days 01:12:37.797000
2024-06-23 13:18:55.496,OnTrack,-1553,-4749,1662,pos,0 days 00:15:41.083000,0 days 01:12:38.178000
2024-06-23 13:18:55.756,OnTrack,-1723,-5010,1655,pos,0 days 00:15:41.343000,0 days 01:12:38.438000
2024-06-23 13:18:56.036,OnTrack,-1784,-5109,1653,pos,0 days 00:15:41.623000,0 days 01:12:38.718000
2024-06-23 13:18:56.236,OnTrack,-1870,-5253,1650,pos,0 days 00:15:41.823000,0 days 01:12:38.918000
2024-06-23 13:18:56.496,OnTrack,-1979,-5441,1647,pos,0 days 00:15:42.083000,0 days 01:12:39.178000
2024-06-23 13:18:56.616,OnTrack,-2029,-5528,1646,pos,0 days 00:15:42.203000,0 days 01:12:39.298000
2024-06-23 13:18:56.856,OnTrack,-2127,-5702,1643,pos,0 days 00:15:42.443000,0 days 01:12:39.538000
2024-06-23 13:18:57.076,OnTrack,-2271,-5963,1640,pos,0 days 00:15:42.663000,0 days 01:12:39.758000
2024-06-23 13:18:57.516,OnTrack,-2389,-6172,1637,pos,0 days 00:15:43.103000,0 days 01:12:40.198000
2024-06-23 13:18:57.656,OnTrack,-2444,-6266,1636,pos,0 days 00:15:43.243000,0 days 01:12:40.338000
2024-06-23 13:18:57.936,OnTrack,-2552,-6437,1634,pos,0 days 00:15:43.523000,0 days 01:12:40.618000
2024-06-23 13:18:58.196,OnTrack,-2683,-6617,1631,pos,0 days 00:15:43.783000,0 days 01:12:40.878000
2024-06-23 13:18:58.536,OnTrack,-2765,-6715,1629,pos,0 days 00:15:44.123000,0 days 01:12:41.218000
2024-06-23 13:18:58.756,OnTrack,-2864,-6815,1626,pos,0 days 00:15:44.343000,0 days 01:12:41.438000
2024-06-23 13:18:59.176,OnTrack,-3030,-6935,1623,pos,0 days 00:15:44.763000,0 days 01:12:41.858000
2024-06-23 13:18:59.596,OnTrack,-3132,-6978,1623,pos,0 days 00:15:45.183000,0 days 01:12:42.278000
2024-06-23 13:18:59.676,OnTrack,-3162,-6985,1623,pos,0 days 00:15:45.263000,0 days 01:12:42.358000
2024-06-23 13:19:00.016,OnTrack,-3336,-6989,1626,pos,0 days 00:15:45.603000,0 days 01:12:42.698000
2024-06-23 13:19:00.376,OnTrack,-3435,-6964,1628,pos,0 days 00:15:45.963000,0 days 01:12:43.058000
2024-06-23 13:19:00.596,OnTrack,-3519,-6931,1630,pos,0 days 00:15:46.183000,0 days 01:12:43.278000
2024-06-23 13:19:00.816,OnTrack,-3657,-6867,1632,pos,0 days 00:15:46.403000,0 days 01:12:43.498000
2024-06-23 13:19:01.095,OnTrack,-3713,-6842,1633,pos,0 days 00:15:46.682000,0 days 01:12:43.777000
2024-06-23 13:19:01.295,OnTrack,-3797,-6807,1635,pos,0 days 00:15:46.882000,0 days 01:12:43.977000
2024-06-23 13:19:01.575,OnTrack,-3918,-6773,1638,pos,0 days 00:15:47.162000,0 days 01:12:44.257000
2024-06-23 13:19:01.896,OnTrack,-4123,-6783,1646,pos,0 days 00:15:47.483000,0 days 01:12:44.578000
2024-06-23 13:19:02.136,OnTrack,-4191,-6802,1649,pos,0 days 00:15:47.723000,0 days 01:12:44.818000
2024-06-23 13:19:02.376,OnTrack,-4294,-6844,1654,pos,0 days 00:15:47.963000,0 days 01:12:45.058000
2024-06-23 13:19:02.656,OnTrack,-4397,-6899,1660,pos,0 days 00:15:48.243000,0 days 01:12:45.338000
2024-06-23 13:19:02.936,OnTrack,-4541,-6991,1669,pos,0 days 00:15:48.523000,0 days 01:12:45.618000
2024-06-23 13:19:03.316,OnTrack,-4694,-7100,1677,pos,0 days 00:15:48.903000,0 days 01:12:45.998000
2024-06-23 13:19:03.496,OnTrack,-4779,-7158,1682,pos,0 days 00:15:49.083000,0 days 01:12:46.178000
2024-06-23 13:19:03.696,OnTrack,-4948,-7264,1691,pos,0 days 00:15:49.283000,0 days 01:12:46.378000
2024-06-23 13:19:04.056,OnTrack,-5065,-7326,1696,pos,0 days 00:15:49.643000,0 days 01:12:46.738000
2024-06-23 13:19:04.376,OnTrack,-5241,-7399,1704,pos,0 days 00:15:49.963000,0 days 01:12:47.058000
2024-06-23 13:19:04.576,OnTrack,-5353,-7430,1709,pos,0 days 00:15:50.163000,0 days 01:12:47.258000
2024-06-23 13:19:04.656,OnTrack,-5399,-7439,1711,pos,0 days 00:15:50.243000,0 days 01:12:47.338000
2024-06-23 13:19:04.916,OnTrack,-5546,-7454,1717,pos,0 days 00:15:50.503000,0 days 01:12:47.598000
2024-06-23 13:19:05.176,OnTrack,-5691,-7450,1723,pos,0 days 00:15:50.763000,0 days 01:12:47.858000
2024-06-23 13:19:05.356,OnTrack,-5790,-7437,1728,pos,0 days 00:15:50.943000,0 days 01:12:48.038000
2024-06-23 13:19:05.636,OnTrack,-5924,-7405,1733,pos,0 days 00:15:51.223000,0 days 01:12:48.318000
2024-06-23 13:19:05.736,OnTrack,-5977,-7389,1736,pos,0 days 00:15:51.323000,0 days 01:12:48.418000
2024-06-23 13:19:05.916,OnTrack,-6071,-7353,1738,pos,0 days 00:15:51.503000,0 days 01:12:48.598000
2024-06-23 13:19:06.136,OnTrack,-6182,-7296,1743,pos,0 days 00:15:51.723000,0 days 01:12:48.818000
2024-06-23 13:19:06.336,OnTrack,-6340,-7183,1749,pos,0 days 00:15:51.923000,0 days 01:12:49.018000
2024-06-23 13:19:06.716,OnTrack,-6440,-7083,1753,pos,0 days 00:15:52.303000,0 days 01:12:49.398000
2024-06-23 13:19:06.976,OnTrack,-6532,-6957,1757,pos,0 days 00:15:52.563000,0 days 01:12:49.658000
2024-06-23 13:19:07.216,OnTrack,-6603,-6829,1760,pos,0 days 00:15:52.803000,0 days 01:12:49.898000
2024-06-23 13:19:07.416,OnTrack,-6650,-6715,1763,pos,0 days 00:15:53.003000,0 days 01:12:50.098000
2024-06-23 13:19:07.576,OnTrack,-6680,-6619,1764,pos,0 days 00:15:53.163000,0 days 01:12:50.258000
2024-06-23 13:19:07.795,OnTrack,-6710,-6481,1766,pos,0 days 00:15:53.382000,0 days 01:12:50.477000
2024-06-23 13:19:08.035,OnTrack,-6731,-6286,1769,pos,0 days 00:15:53.622000,0 days 01:12:50.717000
2024-06-23 13:19:08.476,OnTrack,-6718,-5923,1775,pos,0 days 00:15:54.063000,0 days 01:12:51.158000
2024-06-23 13:19:08.836,OnTrack,-6698,-5773,1777,pos,0 days 00:15:54.423000,0 days 01:12:51.518000
2024-06-23 13:19:09.056,OnTrack,-6658,-5557,1779,pos,0 days 00:15:54.643000,0 days 01:12:51.738000
2024-06-23 13:19:09.356,OnTrack,-6628,-5433,1782,pos,0 days 00:15:54.943000,0 days 01:12:52.038000
2024-06-23 13:19:09.576,OnTrack,-6585,-5283,1785,pos,0 days 00:15:55.163000,0 days 01:12:52.258000
2024-06-23 13:19:09.756,OnTrack,-6542,-5161,1786,pos,0 days 00:15:55.343000,0 days 01:12:52.438000
2024-06-23 13:19:10.036,OnTrack,-6455,-4978,1790,pos,0 days 00:15:55.623000,0 days 01:12:52.718000
2024-06-23 13:19:10.316,OnTrack,-6349,-4800,1792,pos,0 days 00:15:55.903000,0 days 01:12:52.998000
2024-06-23 13:19:10.496,OnTrack,-6275,-4688,1794,pos,0 days 00:15:56.083000,0 days 01:12:53.178000
2024-06-23 13:19:10.756,OnTrack,-6162,-4528,1797,pos,0 days 00:15:56.343000,0 days 01:12:53.438000
2024-06-23 13:19:10.816,OnTrack,-6135,-4491,1797,pos,0 days 00:15:56.403000,0 days 01:12:53.498000
2024-06-23 13:19:11.096,OnTrack,-5963,-4243,1801,pos,0 days 00:15:56.683000,0 days 01:12:53.778000
2024-06-23 13:19:11.596,OnTrack,-5814,-3989,1805,pos,0 days 00:15:57.183000,0 days 01:12:54.278000
2024-06-23 13:19:11.636,OnTrack,-5798,-3962,1805,pos,0 days 00:15:57.223000,0 days 01:12:54.318000
2024-06-23 13:19:11.956,OnTrack,-5630,-3689,1810,pos,0 days 00:15:57.543000,0 days 01:12:54.638000
2024-06-23 13:19:12.256,OnTrack,-5546,-3562,1812,pos,0 days 00:15:57.843000,0 days 01:12:54.938000
2024-06-23 13:19:12.576,OnTrack,-5414,-3370,1815,pos,0 days 00:15:58.163000,0 days 01:12:55.258000
2024-06-23 13:19:12.696,OnTrack,-5369,-3306,1816,pos,0 days 00:15:58.283000,0 days 01:12:55.378000
2024-06-23 13:19:12.976,OnTrack,-5270,-3173,1818,pos,0 days 00:15:58.563000,0 days 01:12:55.658000
2024-06-23 13:19:13.276,OnTrack,-5136,-3025,1819,pos,0 days 00:15:58.863000,0 days 01:12:55.958000
2024-06-23 13:19:13.556,OnTrack,-5063,-2964,1820,pos,0 days 00:15:59.143000,0 days 01:12:56.238000
2024-06-23 13:19:13.756,OnTrack,-4988,-2914,1821,pos,0 days 00:15:59.343000,0 days 01:12:56.438000
2024-06-23 13:19:13.956,OnTrack,-4910,-2877,1822,pos,0 days 00:15:59.543000,0 days 01:12:56.638000
2024-06-23 13:19:14.255,OnTrack,-4790,-2844,1824,pos,0 days 00:15:59.842000,0 days 01:12:56.937000
2024-06-23 13:19:14.455,OnTrack,-4711,-2838,1825,pos,0 days 00:16:00.042000,0 days 01:12:57.137000
2024-06-23 13:19:14.635,OnTrack,-4640,-2843,1826,pos,0 days 00:16:00.222000,0 days 01:12:57.317000
2024-06-23 13:19:14.795,OnTrack,-4580,-2854,1827,pos,0 days 00:16:00.382000,0 days 01:12:57.477000
2024-06-23 13:19:14.956,OnTrack,-4515,-2873,1828,pos,0 days 00:16:00.543000,0 days 01:12:57.638000
2024-06-23 13:19:15.136,OnTrack,-4453,-2900,1830,pos,0 days 00:16:00.723000,0 days 01:12:57.818000
2024-06-23 13:19:15.436,OnTrack,-4327,-2983,1833,pos,0 days 00:16:01.023000,0 days 01:12:58.118000
2024-06-23 13:19:15.776,OnTrack,-4289,-3020,1834,pos,0 days 00:16:01.363000,0 days 01:12:58.458000
2024-06-23 13:19:16.116,OnTrack,-4205,-3119,1835,pos,0 days 00:16:01.703000,0 days 01:12:58.798000
2024-06-23 13:19:16.316,OnTrack,-4149,-3204,1836,pos,0 days 00:16:01.903000,0 days 01:12:58.998000
2024-06-23 13:19:16.616,OnTrack,-4105,-3292,1837,pos,0 days 00:16:02.203000,0 days 01:12:59.298000
2024-06-23 13:19:16.856,OnTrack,-4070,-3387,1838,pos,0 days 00:16:02.443000,0 days 01:12:59.538000
2024-06-23 13:19:17.116,OnTrack,-4042,-3501,1838,pos,0 days 00:16:02.703000,0 days 01:12:59.798000
2024-06-23 13:19:17.336,OnTrack,-4027,-3673,1839,pos,0 days 00:16:02.923000,0 days 01:13:00.018000
2024-06-23 13:19:17.776,OnTrack,-4038,-3823,1839,pos,0 days 00:16:03.363000,0 days 01:13:00.458000
2024-06-23 13:19:17.976,OnTrack,-4081,-3998,1837,pos,0 days 00:16:03.563000,0 days 01:13:00.658000
2024-06-23 13:19:18.376,OnTrack,-4150,-4164,1835,pos,0 days 00:16:03.963000,0 days 01:13:01.058000
2024-06-23 13:19:18.796,OnTrack,-4260,-4344,1832,pos,0 days 00:16:04.383000,0 days 01:13:01.478000
2024-06-23 13:19:18.996,OnTrack,-4329,-4442,1830,pos,0 days 00:16:04.583000,0 days 01:13:01.678000
2024-06-23 13:19:19.156,OnTrack,-4438,-4593,1826,pos,0 days 00:16:04.743000,0 days 01:13:01.838000
2024-06-23 13:19:19.596,OnTrack,-4581,-4788,1821,pos,0 days 00:16:05.183000,0 days 01:13:02.278000
2024-06-23 13:19:19.896,OnTrack,-4665,-4903,1819,pos,0 days 00:16:05.483000,0 days 01:13:02.578000
2024-06-23 13:19:20.156,OnTrack,-4766,-5041,1816,pos,0 days 00:16:05.743000,0 days 01:13:02.838000
2024-06-23 13:19:20.356,OnTrack,-4843,-5147,1814,pos,0 days 00:16:05.943000,0 days 01:13:03.038000
2024-06-23 13:19:20.596,OnTrack,-4930,-5268,1810,pos,0 days 00:16:06.183000,0 days 01:13:03.278000
2024-06-23 13:19:20.855,OnTrack,-5012,-5387,1807,pos,0 days 00:16:06.442000,0 days 01:13:03.537000
2024-06-23 13:19:21.075,OnTrack,-5071,-5480,1803,pos,0 days 00:16:06.662000,0 days 01:13:03.757000
2024-06-23 13:19:21.255,OnTrack,-5143,-5612,1798,pos,0 days 00:16:06.842000,0 days 01:13:03.937000
2024-06-23 13:19:21.676,OnTrack,-5189,-5719,1793,pos,0 days 00:16:07.263000,0 days 01:13:04.358000
2024-06-23 13:19:21.856,OnTrack,-5208,-5780,1791,pos,0 days 00:16:07.443000,0 days 01:13:04.538000
2024-06-23 13:19:21.956,OnTrack,-5216,-5814,1789,pos,0 days 00:16:07.543000,0 days 01:13:04.638000
2024-06-23 13:19:22.276,OnTrack,-5226,-5941,1784,pos,0 days 00:16:07.863000,0 days 01:13:04.958000
2024-06-23 13:19:22.716,OnTrack,-5206,-6040,1778,pos,0 days 00:16:08.303000,0 days 01:13:05.398000
2024-06-23 13:19:22.776,OnTrack,-5199,-6056,1777,pos,0 days 00:16:08.363000,0 days 01:13:05.458000
2024-06-23 13:19:23.016,OnTrack,-5165,-6116,1773,pos,0 days 00:16:08.603000,0 days 01:13:05.698000
2024-06-23 13:19:23.216,OnTrack,-5129,-6157,1769,pos,0 days 00:16:08.803000,0 days 01:13:05.898000
2024-06-23 13:19:23.396,OnTrack,-5092,-6188,1768,pos,0 days 00:16:08.983000,0 days 01:13:06.078000
2024-06-23 13:19:23.576,OnTrack,-5050,-6213,1766,pos,0 days 00:16:09.163000,0 days 01:13:06.258000
2024-06-23 13:19:23.956,OnTrack,-4919,-6249,1758,pos,0 days 00:16:09.543000,0 days 01:13:06.638000
2024-06-23 13:19:24.236,OnTrack,-4873,-6252,1756,pos,0 days 00:16:09.823000,0 days 01:13:06.918000
2024-06-23 13:19:24.476,OnTrack,-4771,-6242,1749,pos,0 days 00:16:10.063000,0 days 01:13:07.158000
2024-06-23 13:19:24.916,OnTrack,-4632,-6204,1740,pos,0 days 00:16:10.503000,0 days 01:13:07.598000
2024-06-23 13:19:25.316,OnTrack,-4531,-6162,1734,pos,0 days 00:16:10.903000,0 days 01:13:07.998000
2024-06-23 13:19:25.476,OnTrack,-4475,-6134,1730,pos,0 days 00:16:11.063000,0 days 01:13:08.158000
2024-06-23 13:19:25.676,OnTrack,-4401,-6095,1725,pos,0 days 00:16:11.263000,0 days 01:13:08.358000
2024-06-23 13:19:25.836,OnTrack,-4340,-6062,1721,pos,0 days 00:16:11.423000,0 days 01:13:08.518000
2024-06-23 13:19:26.176,OnTrack,-4165,-5967,1709,pos,0 days 00:16:11.763000,0 days 01:13:08.858000
2024-06-23 13:19:26.496,OnTrack,-4057,-5910,1702,pos,0 days 00:16:12.083000,0 days 01:13:09.178000
2024-06-23 13:19:26.836,OnTrack,-3833,-5803,1689,pos,0 days 00:16:12.423000,0 days 01:13:09.518000
2024-06-23 13:19:26.936,OnTrack,-3708,-5750,1682,pos,0 days 00:16:12.523000,0 days 01:13:09.618000
2024-06-23 13:19:27.435,OnTrack,-3512,-5668,1674,pos,0 days 00:16:13.022000,0 days 01:13:10.117000
2024-06-23 13:19:27.595,OnTrack,-3346,-5591,1667,pos,0 days 00:16:13.182000,0 days 01:13:10.277000
2024-06-23 13:19:27.915,OnTrack,-3248,-5538,1663,pos,0 days 00:16:13.502000,0 days 01:13:10.597000
2024-06-23 13:19:28.236,OnTrack,-3064,-5420,1657,pos,0 days 00:16:13.823000,0 days 01:13:10.918000
2024-06-23 13:19:28.476,OnTrack,-2878,-5271,1653,pos,0 days 00:16:14.063000,0 days 01:13:11.158000
2024-06-23 13:19:28.876,OnTrack,-2751,-5148,1651,pos,0 days 00:16:14.463000,0 days 01:13:11.558000
2024-06-23 13:19:29.016,OnTrack,-2687,-5076,1651,pos,0 days 00:16:14.603000,0 days 01:13:11.698000
2024-06-23 13:19:29.216,OnTrack,-2599,-4969,1650,pos,0 days 00:16:14.803000,0 days 01:13:11.898000
2024-06-23 13:19:29.376,OnTrack,-2532,-4880,1651,pos,0 days 00:16:14.963000,0 days 01:13:12.058000
2024-06-23 13:19:29.616,OnTrack,-2435,-4743,1651,pos,0 days 00:16:15.203000,0 days 01:13:12.298000
2024-06-23 13:19:29.836,OnTrack,-2351,-4621,1652,pos,0 days 00:16:15.423000,0 days 01:13:12.518000
2024-06-23 13:19:29.996,OnTrack,-2295,-4539,1653,pos,0 days 00:16:15.583000,0 days 01:13:12.678000
2024-06-23 13:19:30.196,OnTrack,-2230,-4444,1655,pos,0 days 00:16:15.783000,0 days 01:13:12.878000
2024-06-23 13:19:30.356,OnTrack,-2185,-4372,1657,pos,0 days 00:16:15.943000,0 days 01:13:13.038000
2024-06-23 13:19:30.616,OnTrack,-2129,-4265,1661,pos,0 days 00:16:16.203000,0 days 01:13:13.298000
2024-06-23 13:19:30.816,OnTrack,-2103,-4182,1662,pos,0 days 00:16:16.403000,0 days 01:13:13.498000
2024-06-23 13:19:30.996,OnTrack,-2090,-4104,1662,pos,0 days 00:16:16.583000,0 days 01:13:13.678000
2024-06-23 13:19:31.296,OnTrack,-2083,-3976,1666,pos,0 days 00:16:16.883000,0 days 01:13:13.978000
2024-06-23 13:19:31.556,OnTrack,-2089,-3872,1670,pos,0 days 00:16:17.143000,0 days 01:13:14.238000
2024-06-23 13:19:31.756,OnTrack,-2108,-3783,1675,pos,0 days 00:16:17.343000,0 days 01:13:14.438000
2024-06-23 13:19:32.096,OnTrack,-2187,-3640,1683,pos,0 days 00:16:17.683000,0 days 01:13:14.778000
2024-06-23 13:19:32.476,OnTrack,-2252,-3574,1686,pos,0 days 00:16:18.063000,0 days 01:13:15.158000
2024-06-23 13:19:32.736,OnTrack,-2360,-3491,1691,pos,0 days 00:16:18.323000,0 days 01:13:15.418000
2024-06-23 13:19:33.036,OnTrack,-2433,-3439,1695,pos,0 days 00:16:18.623000,0 days 01:13:15.718000
2024-06-23 13:19:33.336,OnTrack,-2535,-3359,1704,pos,0 days 00:16:18.923000,0 days 01:13:16.018000
2024-06-23 13:19:33.596,OnTrack,-2639,-3254,1714,pos,0 days 00:16:19.183000,0 days 01:13:16.278000
2024-06-23 13:19:33.916,OnTrack,-2715,-3151,1722,pos,0 days 00:16:19.503000,0 days 01:13:16.598000
2024-06-23 13:19:34.095,OnTrack,-2762,-3071,1729,pos,0 days 00:16:19.682000,0 days 01:13:16.777000
2024-06-23 13:19:34.415,OnTrack,-2838,-2916,1740,pos,0 days 00:16:20.002000,0 days 01:13:17.097000
2024-06-23 13:19:34.575,OnTrack,-2874,-2835,1745,pos,0 days 00:16:20.162000,0 days 01:13:17.257000
2024-06-23 13:19:34.776,OnTrack,-2926,-2722,1752,pos,0 days 00:16:20.363000,0 days 01:13:17.458000
2024-06-23 13:19:35.056,OnTrack,-2996,-2574,1762,pos,0 days 00:16:20.643000,0 days 01:13:17.738000
2024-06-23 13:19:35.236,OnTrack,-3042,-2476,1769,pos,0 days 00:16:20.823000,0 days 01:13:17.918000
2024-06-23 13:19:35.416,OnTrack,-3109,-2338,1777,pos,0 days 00:16:21.003000,0 days 01:13:18.098000
2024-06-23 13:19:35.936,OnTrack,-3213,-2118,1793,pos,0 days 00:16:21.523000,0 days 01:13:18.618000
2024-06-23 13:19:36.076,OnTrack,-3252,-2035,1798,pos,0 days 00:16:21.663000,0 days 01:13:18.758000
2024-06-23 13:19:36.316,OnTrack,-3349,-1833,1811,pos,0 days 00:16:21.903000,0 days 01:13:18.998000
2024-06-23 13:19:36.696,OnTrack,-3455,-1576,1829,pos,0 days 00:16:22.283000,0 days 01:13:19.378000
2024-06-23 13:19:37.136,OnTrack,-3498,-1388,1838,pos,0 days 00:16:22.723000,0 days 01:13:19.818000
2024-06-23 13:19:37.296,OnTrack,-3507,-1198,1846,pos,0 days 00:16:22.883000,0 days 01:13:19.978000
2024-06-23 13:19:37.616,OnTrack,-3499,-1085,1851,pos,0 days 00:16:23.203000,0 days 01:13:20.298000
2024-06-23 13:19:37.936,OnTrack,-3463,-890,1858,pos,0 days 00:16:23.523000,0 days 01:13:20.618000
2024-06-23 13:19:38.036,OnTrack,-3447,-831,1859,pos,0 days 00:16:23.623000,0 days 01:13:20.718000
2024-06-23 13:19:38.356,OnTrack,-3356,-604,1867,pos,0 days 00:16:23.943000,0 days 01:13:21.038000
2024-06-23 13:19:38.756,OnTrack,-3230,-418,1872,pos,0 days 00:16:24.343000,0 days 01:13:21.438000
2024-06-23 13:19:39.016,OnTrack,-3110,-311,1874,pos,0 days 00:16:24.603000,0 days 01:13:21.698000
2024-06-23 13:19:39.116,OnTrack,-3055,-277,1874,pos,0 days 00:16:24.703000,0 days 01:13:21.798000
2024-06-23 13:19:39.396,OnTrack,-2861,-186,1874,pos,0 days 00:16:24.983000,0 days 01:13:22.078000
2024-06-23 13:19:39.676,OnTrack,-2710,-126,1872,pos,0 days 00:16:25.263000,0 days 01:13:22.358000
2024-06-23 13:19:39.996,OnTrack,-2510,-42,1870,pos,0 days 00:16:25.583000,0 days 01:13:22.678000
2024-06-23 13:19:40.056,OnTrack,-2472,-24,1870,pos,0 days 00:16:25.643000,0 days 01:13:22.738000
2024-06-23 13:19:40.296,OnTrack,-2321,45,1868,pos,0 days 00:16:25.883000,0 days 01:13:22.978000
2024-06-23 13:19:40.516,OnTrack,-2181,112,1866,pos,0 days 00:16:26.103000,0 days 01:13:23.198000
2024-06-23 13:19:40.755,OnTrack,-2025,185,1864,pos,0 days 00:16:26.342000,0 days 01:13:23.437000
2024-06-23 13:19:41.035,OnTrack,-1842,272,1861,pos,0 days 00:16:26.622000,0 days 01:13:23.717000
2024-06-23 13:19:41.135,OnTrack,-1775,303,1860,pos,0 days 00:16:26.722000,0 days 01:13:23.817000
2024-06-23 13:19:41.416,OnTrack,-1575,398,1858,pos,0 days 00:16:27.003000,0 days 01:13:24.098000
2024-06-23 13:19:41.596,OnTrack,-1386,488,1855,pos,0 days 00:16:27.183000,0 days 01:13:24.278000
2024-06-23 13:19:41.916,OnTrack,-1249,554,1854,pos,0 days 00:16:27.503000,0 days 01:13:24.598000
2024-06-23 13:19:42.276,OnTrack,-1003,678,1851,pos,0 days 00:16:27.863000,0 days 01:13:24.958000
2024-06-23 13:19:42.456,OnTrack,-880,743,1849,pos,0 days 00:16:28.043000,0 days 01:13:25.138000
2024-06-23 13:19:42.656,OnTrack,-647,868,1846,pos,0 days 00:16:28.243000,0 days 01:13:25.338000
2024-06-23 13:19:42.956,OnTrack,-536,927,1844,pos,0 days 00:16:28.543000,0 days 01:13:25.638000
2024-06-23 13:19:43.176,OnTrack,-383,1008,1842,pos,0 days 00:16:28.763000,0 days 01:13:25.858000
2024-06-23 13:19:43.396,OnTrack,-230,1090,1840,pos,0 days 00:16:28.983000,0 days 01:13:26.078000
2024-06-23 13:19:43.596,OnTrack,-89,1165,1838,pos,0 days 00:16:29.183000,0 days 01:13:26.278000
2024-06-23 13:19:43.796,OnTrack,50,1240,1836,pos,0 days 00:16:29.383000,0 days 01:13:26.478000
2024-06-23 13:19:44.076,OnTrack,248,1344,1833,pos,0 days 00:16:29.663000,0 days 01:13:26.758000
2024-06-23 13:19:44.296,OnTrack,365,1404,1832,pos,0 days 00:16:29.883000,0 days 01:13:26.978000
2024-06-23 13:19:44.516,OnTrack,621,1525,1828,pos,0 days 00:16:30.103000,0 days 01:13:27.198000
2024-06-23 13:19:44.896,OnTrack,785,1592,1826,pos,0 days 00:16:30.483000,0 days 01:13:27.578000
2024-06-23 13:19:45.136,OnTrack,922,1647,1825,pos,0 days 00:16:30.723000,0 days 01:13:27.818000
2024-06-23 13:19:45.236,OnTrack,973,1668,1824,pos,0 days 00:16:30.823000,0 days 01:13:27.918000
2024-06-23 13:19:45.496,OnTrack,1093,1718,1823,pos,0 days 00:16:31.083000,0 days 01:13:28.178000
2024-06-23 13:19:45.816,OnTrack,1218,1779,1821,pos,0 days 00:16:31.403000,0 days 01:13:28.498000
2024-06-23 13:19:45.996,OnTrack,1277,1816,1821,pos,0 days 00:16:31.583000,0 days 01:13:28.678000
2024-06-23 13:19:46.096,OnTrack,1308,1838,1821,pos,0 days 00:16:31.683000,0 days 01:13:28.778000
2024-06-23 13:19:46.296,OnTrack,1392,1919,1819,pos,0 days 00:16:31.883000,0 days 01:13:28.978000
2024-06-23 13:19:46.796,OnTrack,1447,2021,1818,pos,0 days 00:16:32.383000,0 days 01:13:29.478000
2024-06-23 13:19:46.976,OnTrack,1460,2077,1818,pos,0 days 00:16:32.563000,0 days 01:13:29.658000
2024-06-23 13:19:47.175,OnTrack,1464,2140,1817,pos,0 days 00:16:32.762000,0 days 01:13:29.857000
2024-06-23 13:19:47.375,OnTrack,1457,2202,1817,pos,0 days 00:16:32.962000,0 days 01:13:30.057000
2024-06-23 13:19:47.535,OnTrack,1445,2250,1817,pos,0 days 00:16:33.122000,0 days 01:13:30.217000
2024-06-23 13:19:47.775,OnTrack,1420,2317,1819,pos,0 days 00:16:33.362000,0 days 01:13:30.457000
2024-06-23 13:19:48.056,OnTrack,1377,2394,1821,pos,0 days 00:16:33.643000,0 days 01:13:30.738000
2024-06-23 13:19:48.176,OnTrack,1358,2422,1822,pos,0 days 00:16:33.763000,0 days 01:13:30.858000
2024-06-23 13:19:48.356,OnTrack,1306,2483,1824,pos,0 days 00:16:33.943000,0 days 01:13:31.038000
2024-06-23 13:19:48.716,OnTrack,1255,2530,1826,pos,0 days 00:16:34.303000,0 days 01:13:31.398000
2024-06-23 13:19:49.016,OnTrack,1182,2579,1827,pos,0 days 00:16:34.603000,0 days 01:13:31.698000
2024-06-23 13:19:49.256,OnTrack,1080,2621,1830,pos,0 days 00:16:34.843000,0 days 01:13:31.938000
2024-06-23 13:19:49.676,OnTrack,937,2652,1833,pos,0 days 00:16:35.263000,0 days 01:13:32.358000
2024-06-23 13:19:50.076,OnTrack,844,2659,1835,pos,0 days 00:16:35.663000,0 days 01:13:32.758000
2024-06-23 13:19:50.236,OnTrack,784,2659,1836,pos,0 days 00:16:35.823000,0 days 01:13:32.918000
2024-06-23 13:19:50.456,OnTrack,696,2652,1838,pos,0 days 00:16:36.043000,0 days 01:13:33.138000
2024-06-23 13:19:50.616,OnTrack,631,2642,1839,pos,0 days 00:16:36.203000,0 days 01:13:33.298000
2024-06-23 13:19:50.896,OnTrack,510,2611,1842,pos,0 days 00:16:36.483000,0 days 01:13:33.578000
2024-06-23 13:19:51.096,OnTrack,422,2578,1845,pos,0 days 00:16:36.683000,0 days 01:13:33.778000
2024-06-23 13:19:51.236,OnTrack,360,2550,1848,pos,0 days 00:16:36.823000,0 days 01:13:33.918000
2024-06-23 13:19:51.436,OnTrack,271,2501,1852,pos,0 days 00:16:37.023000,0 days 01:13:34.118000
2024-06-23 13:19:51.756,OnTrack,122,2403,1860,pos,0 days 00:16:37.343000,0 days 01:13:34.438000
2024-06-23 13:19:52.096,OnTrack,-41,2289,1869,pos,0 days 00:16:37.683000,0 days 01:13:34.778000
2024-06-23 13:19:52.256,OnTrack,-179,2214,1874,pos,0 days 00:16:37.843000,0 days 01:13:34.938000
2024-06-23 13:19:52.616,OnTrack,-277,2174,1878,pos,0 days 00:16:38.203000,0 days 01:13:35.298000
2024-06-23 13:19:52.936,OnTrack,-416,2137,1884,pos,0 days 00:16:38.523000,0 days 01:13:35.618000
2024-06-23 13:19:53.136,OnTrack,-499,2125,1887,pos,0 days 00:16:38.723000,0 days 01:13:35.818000
2024-06-23 13:19:53.256,OnTrack,-548,2122,1890,pos,0 days 00:16:38.843000,0 days 01:13:35.938000
2024-06-23 13:19:53.536,OnTrack,-658,2127,1895,pos,0 days 00:16:39.123000,0 days 01:13:36.218000
2024-06-23 13:19:53.755,OnTrack,-779,2158,1901,pos,0 days 00:16:39.342000,0 days 01:13:36.437000
2024-06-23 13:19:54.235,OnTrack,-885,2222,1906,pos,0 days 00:16:39.822000,0 days 01:13:36.917000
2024-06-23 13:19:54.295,OnTrack,-901,2235,1907,pos,0 days 00:16:39.882000,0 days 01:13:36.977000
2024-06-23 13:19:54.596,OnTrack,-970,2317,1909,pos,0 days 00:16:40.183000,0 days 01:13:37.278000
2024-06-23 13:19:54.816,OnTrack,-1005,2380,1911,pos,0 days 00:16:40.403000,0 days 01:13:37.498000
2024-06-23 13:19:54.976,OnTrack,-1023,2428,1911,pos,0 days 00:16:40.563000,0 days 01:13:37.658000
2024-06-23 13:19:55.176,OnTrack,-1038,2483,1912,pos,0 days 00:16:40.763000,0 days 01:13:37.858000
2024-06-23 13:19:55.316,OnTrack,-1046,2526,1913,pos,0 days 00:16:40.903000,0 days 01:13:37.998000
2024-06-23 13:19:55.616,OnTrack,-1051,2621,1914,pos,0 days 00:16:41.203000,0 days 01:13:38.298000
2024-06-23 13:19:55.816,OnTrack,-1039,2725,1916,pos,0 days 00:16:41.403000,0 days 01:13:38.498000
2024-06-23 13:19:56.176,OnTrack,-1020,2803,1917,pos,0 days 00:16:41.763000,0 days 01:13:38.858000
2024-06-23 13:19:56.416,OnTrack,-975,2917,1919,pos,0 days 00:16:42.003000,0 days 01:13:39.098000
2024-06-23 13:19:56.716,OnTrack,-939,2984,1920,pos,0 days 00:16:42.303000,0 days 01:13:39.398000
2024-06-23 13:19:57.056,OnTrack,-835,3127,1922,pos,0 days 00:16:42.643000,0 days 01:13:39.738000
2024-06-23 13:19:57.256,OnTrack,-776,3189,1922,pos,0 days 00:16:42.843000,0 days 01:13:39.938000
2024-06-23 13:19:57.416,OnTrack,-723,3238,1923,pos,0 days 00:16:43.003000,0 days 01:13:40.098000
2024-06-23 13:19:57.716,OnTrack,-615,3329,1922,pos,0 days 00:16:43.303000,0 days 01:13:40.398000
2024-06-23 13:19:57.896,OnTrack,-544,3385,1921,pos,0 days 00:16:43.483000,0 days 01:13:40.578000
2024-06-23 13:19:58.076,OnTrack,-471,3441,1920,pos,0 days 00:16:43.663000,0 days 01:13:40.758000
2024-06-23 13:19:58.156,OnTrack,-438,3467,1919,pos,0 days 00:16:43.743000,0 days 01:13:40.838000
2024-06-23 13:19:58.436,OnTrack,-320,3562,1917,pos,0 days 00:16:44.023000,0 days 01:13:41.118000
2024-06-23 13:19:58.696,OnTrack,-164,3696,1913,pos,0 days 00:16:44.283000,0 days 01:13:41.378000
2024-06-23 13:19:59.096,OnTrack,-27,3811,1908,pos,0 days 00:16:44.683000,0 days 01:13:41.778000
2024-06-23 13:19:59.336,OnTrack,148,3948,1901,pos,0 days 00:16:44.923000,0 days 01:13:42.018000
2024-06-23 13:19:59.656,OnTrack,254,4017,1896,pos,0 days 00:16:45.243000,0 days 01:13:42.338000
2024-06-23 13:19:59.956,OnTrack,511,4119,1884,pos,0 days 00:16:45.543000,0 days 01:13:42.638000
2024-06-23 13:20:00.256,OnTrack,617,4136,1879,pos,0 days 00:16:45.843000,0 days 01:13:42.938000
2024-06-23 13:20:00.555,OnTrack,894,4121,1864,pos,0 days 00:16:46.142000,0 days 01:13:43.237000
2024-06-23 13:20:01.016,OnTrack,1187,4030,1846,pos,0 days 00:16:46.603000,0 days 01:13:43.698000
2024-06-23 13:20:01.316,OnTrack,1310,3973,1839,pos,0 days 00:16:46.903000,0 days 01:13:43.998000
2024-06-23 13:20:01.516,OnTrack,1431,3908,1833,pos,0 days 00:16:47.103000,0 days 01:13:44.198000
2024-06-23 13:20:01.796,OnTrack,1668,3762,1818,pos,0 days 00:16:47.383000,0 days 01:13:44.478000
2024-06-23 13:20:02.296,OnTrack,1883,3624,1805,pos,0 days 00:16:47.883000,0 days 01:13:44.978000
2024-06-23 13:20:02.416,OnTrack,2027,3532,1797,pos,0 days 00:16:48.003000,0 days 01:13:45.098000
2024-06-23 13:20:02.916,OnTrack,2257,3384,1784,pos,0 days 00:16:48.503000,0 days 01:13:45.598000
2024-06-23 13:20:03.116,OnTrack,2420,3267,1776,pos,0 days 00:16:48.703000,0 days 01:13:45.798000
2024-06-23 13:20:03.396,OnTrack,2526,3179,1770,pos,0 days 00:16:48.983000,0 days 01:13:46.078000
2024-06-23 13:20:03.696,OnTrack,2644,3058,1763,pos,0 days 00:16:49.283000,0 days 01:13:46.378000
2024-06-23 13:20:03.876,OnTrack,2756,2906,1757,pos,0 days 00:16:49.463000,0 days 01:13:46.558000
2024-06-23 13:20:04.356,OnTrack,2844,2694,1750,pos,0 days 00:16:49.943000,0 days 01:13:47.038000
2024-06-23 13:20:04.556,OnTrack,2878,2516,1745,pos,0 days 00:16:50.143000,0 days 01:13:47.238000
2024-06-23 13:20:04.956,OnTrack,2867,2221,1739,pos,0 days 00:16:50.543000,0 days 01:13:47.638000
2024-06-23 13:20:05.276,OnTrack,2838,2105,1737,pos,0 days 00:16:50.863000,0 days 01:13:47.958000
2024-06-23 13:20:05.516,OnTrack,2780,1954,1735,pos,0 days 00:16:51.103000,0 days 01:13:48.198000
2024-06-23 13:20:05.756,OnTrack,2704,1806,1733,pos,0 days 00:16:51.343000,0 days 01:13:48.438000
2024-06-23 13:20:05.976,OnTrack,2626,1676,1731,pos,0 days 00:16:51.563000,0 days 01:13:48.658000
2024-06-23 13:20:06.196,OnTrack,2545,1549,1729,pos,0 days 00:16:51.783000,0 days 01:13:48.878000
2024-06-23 13:20:06.456,OnTrack,2406,1337,1725,pos,0 days 00:16:52.043000,0 days 01:13:49.138000
2024-06-23 13:20:06.796,OnTrack,2313,1194,1723,pos,0 days 00:16:52.383000,0 days 01:13:49.478000
2024-06-23 13:20:06.975,OnTrack,2187,1000,1719,pos,0 days 00:16:52.562000,0 days 01:13:49.657000
2024-06-23 13:20:07.455,OnTrack,2011,729,1714,pos,0 days 00:16:53.042000,0 days 01:13:50.137000
2024-06-23 13:20:07.776,OnTrack,1914,580,1712,pos,0 days 00:16:53.363000,0 days 01:13:50.458000
2024-06-23 13:20:08.116,OnTrack,1757,341,1709,pos,0 days 00:16:53.703000,0 days 01:13:50.798000
2024-06-23 13:20:08.376,OnTrack,1684,229,1708,pos,0 days 00:16:53.963000,0 days 01:13:51.058000
2024-06-23 13:20:08.716,OnTrack,1496,-64,1708,pos,0 days 00:16:54.303000,0 days 01:13:51.398000
2024-06-23 13:20:09.136,OnTrack,1370,-261,1707,pos,0 days 00:16:54.723000,0 days 01:13:51.818000
2024-06-23 13:20:09.336,OnTrack,1285,-393,1707,pos,0 days 00:16:54.923000,0 days 01:13:52.018000
2024-06-23 13:20:09.476,OnTrack,1226,-486,1708,pos,0 days 00:16:55.063000,0 days 01:13:52.158000
2024-06-23 13:20:09.716,OnTrack,1081,-714,1708,pos,0 days 00:16:55.303000,0 days 01:13:52.398000
2024-06-23 13:20:10.076,OnTrack,970,-890,1708,pos,0 days 00:16:55.663000,0 days 01:13:52.758000
2024-06-23 13:20:10.376,OnTrack,840,-1095,1708,pos,0 days 00:16:55.963000,0 days 01:13:53.058000
2024-06-23 13:20:10.436,OnTrack,814,-1136,1708,pos,0 days 00:16:56.023000,0 days 01:13:53.118000
2024-06-23 13:20:10.736,OnTrack,683,-1341,1707,pos,0 days 00:16:56.323000,0 days 01:13:53.418000
2024-06-23 13:20:10.936,OnTrack,544,-1561,1708,pos,0 days 00:16:56.523000,0 days 01:13:53.618000
2024-06-23 13:20:11.256,OnTrack,456,-1698,1707,pos,0 days 00:16:56.843000,0 days 01:13:53.938000
2024-06-23 13:20:11.476,OnTrack,360,-1850,1708,pos,0 days 00:16:57.063000,0 days 01:13:54.158000
2024-06-23 13:20:11.696,OnTrack,263,-2003,1708,pos,0 days 00:16:57.283000,0 days 01:13:54.378000
2024-06-23 13:20:12.036,OnTrack,69,-2309,1707,pos,0 days 00:16:57.623000,0 days 01:13:54.718000
2024-06-23 13:20:12.276,OnTrack,7,-2406,1707,pos,0 days 00:16:57.863000,0 days 01:13:54.958000
2024-06-23 13:20:12.536,OnTrack,-107,-2584,1706,pos,0 days 00:16:58.123000,0 days 01:13:55.218000
2024-06-23 13:20:12.736,OnTrack,-197,-2721,1705,pos,0 days 00:16:58.323000,0 days 01:13:55.418000
2024-06-23 13:20:12.996,OnTrack,-315,-2900,1703,pos,0 days 00:16:58.583000,0 days 01:13:55.678000
2024-06-23 13:20:13.176,OnTrack,-453,-3107,1701,pos,0 days 00:16:58.763000,0 days 01:13:55.858000
2024-06-23 13:20:13.575,OnTrack,-581,-3300,1698,pos,0 days 00:16:59.162000,0 days 01:13:56.257000
2024-06-23 13:20:13.775,OnTrack,-673,-3438,1696,pos,0 days 00:16:59.362000,0 days 01:13:56.457000
2024-06-23 13:20:14.116,OnTrack,-895,-3769,1689,pos,0 days 00:16:59.703000,0 days 01:13:56.798000
2024-06-23 13:20:14.456,OnTrack,-998,-3922,1685,pos,0 days 00:17:00.043000,0 days 01:13:57.138000
2024-06-23 13:20:14.676,OnTrack,-1156,-4158,1679,pos,0 days 00:17:00.263000,0 days 01:13:57.358000
2024-06-23 13:20:14.976,OnTrack,-1231,-4270,1676,pos,0 days 00:17:00.563000,0 days 01:13:57.658000
2024-06-23 13:20:15.236,OnTrack,-1353,-4451,1671,pos,0 days 00:17:00.823000,0 days 01:13:57.918000
2024-06-23 13:20:15.436,OnTrack,-1447,-4590,1666,pos,0 days 00:17:01.023000,0 days 01:13:58.118000
2024-06-23 13:20:15.616,OnTrack,-1532,-4718,1663,pos,0 days 00:17:01.203000,0 days 01:13:58.298000
2024-06-23 13:20:15.776,OnTrack,-1610,-4835,1660,pos,0 days 00:17:01.363000,0 days 01:13:58.458000
2024-06-23 13:20:15.976,OnTrack,-1701,-4975,1656,pos,0 days 00:17:01.563000,0 days 01:13:58.658000
2024-06-23 13:20:16.376,OnTrack,-1871,-5254,1650,pos,0 days 00:17:01.963000,0 days 01:13:59.058000
2024-06-23 13:20:16.576,OnTrack,-1981,-5444,1646,pos,0 days 00:17:02.163000,0 days 01:13:59.258000
2024-06-23 13:20:16.896,OnTrack,-2145,-5736,1642,pos,0 days 00:17:02.483000,0 days 01:13:59.578000
2024-06-23 13:20:17.236,OnTrack,-2226,-5882,1640,pos,0 days 00:17:02.823000,0 days 01:13:59.918000
2024-06-23 13:20:17.556,OnTrack,-2354,-6111,1638,pos,0 days 00:17:03.143000,0 days 01:14:00.238000
2024-06-23 13:20:17.776,OnTrack,-2495,-6348,1635,pos,0 days 00:17:03.363000,0 days 01:14:00.458000
2024-06-23 13:20:18.056,OnTrack,-2546,-6427,1634,pos,0 days 00:17:03.643000,0 days 01:14:00.738000
2024-06-23 13:20:18.456,OnTrack,-2684,-6618,1631,pos,0 days 00:17:04.043000,0 days 01:14:01.138000
2024-06-23 13:20:18.636,OnTrack,-2789,-6741,1628,pos,0 days 00:17:04.223000,0 days 01:14:01.318000
2024-06-23 13:20:19.056,OnTrack,-2912,-6856,1626,pos,0 days 00:17:04.643000,0 days 01:14:01.738000
2024-06-23 13:20:19.336,OnTrack,-2972,-6900,1624,pos,0 days 00:17:04.923000,0 days 01:14:02.018000
2024-06-23 13:20:19.576,OnTrack,-3053,-6947,1624,pos,0 days 00:17:05.163000,0 days 01:14:02.258000
2024-06-23 13:20:19.856,OnTrack,-3152,-6983,1623,pos,0 days 00:17:05.443000,0 days 01:14:02.538000
2024-06-23 13:20:20.056,OnTrack,-3225,-6994,1624,pos,0 days 00:17:05.643000,0 days 01:14:02.738000
2024-06-23 13:20:20.215,OnTrack,-3285,-6994,1624,pos,0 days 00:17:05.802000,0 days 01:14:02.897000
2024-06-23 13:20:20.495,OnTrack,-3388,-6978,1627,pos,0 days 00:17:06.082000,0 days 01:14:03.177000
2024-06-23 13:20:20.716,OnTrack,-3476,-6948,1629,pos,0 days 00:17:06.303000,0 days 01:14:03.398000
2024-06-23 13:20:20.916,OnTrack,-3550,-6917,1630,pos,0 days 00:17:06.503000,0 days 01:14:03.598000
2024-06-23 13:20:21.136,OnTrack,-3662,-6865,1632,pos,0 days 00:17:06.723000,0 days 01:14:03.818000
2024-06-23 13:20:21.416,OnTrack,-3733,-6833,1633,pos,0 days 00:17:07.003000,0 days 01:14:04.098000
2024-06-23 13:20:21.756,OnTrack,-3872,-6783,1636,pos,0 days 00:17:07.343000,0 days 01:14:04.438000
2024-06-23 13:20:21.916,OnTrack,-3941,-6770,1639,pos,0 days 00:17:07.503000,0 days 01:14:04.598000
2024-06-23 13:20:22.136,OnTrack,-4074,-6774,1644,pos,0 days 00:17:07.723000,0 days 01:14:04.818000
2024-06-23 13:20:22.436,OnTrack,-4174,-6797,1648,pos,0 days 00:17:08.023000,0 days 01:14:05.118000
2024-06-23 13:20:22.816,OnTrack,-4360,-6878,1658,pos,0 days 00:17:08.403000,0 days 01:14:05.498000
2024-06-23 13:20:23.096,OnTrack,-4438,-6923,1662,pos,0 days 00:17:08.683000,0 days 01:14:05.778000
2024-06-23 13:20:23.276,OnTrack,-4515,-6973,1667,pos,0 days 00:17:08.863000,0 days 01:14:05.958000
2024-06-23 13:20:23.636,OnTrack,-4734,-7129,1679,pos,0 days 00:17:09.223000,0 days 01:14:06.318000
2024-06-23 13:20:24.016,OnTrack,-4847,-7203,1685,pos,0 days 00:17:09.603000,0 days 01:14:06.698000
2024-06-23 13:20:24.196,OnTrack,-4937,-7257,1690,pos,0 days 00:17:09.783000,0 days 01:14:06.878000
2024-06-23 13:20:24.476,OnTrack,-5082,-7335,1696,pos,0 days 00:17:10.063000,0 days 01:14:07.158000
2024-06-23 13:20:24.496,OnTrack,-5093,-7340,1697,pos,0 days 00:17:10.083000,0 days 01:14:07.178000
2024-06-23 13:20:24.736,OnTrack,-5223,-7393,1702,pos,0 days 00:17:10.323000,0 days 01:14:07.418000
2024-06-23 13:20:24.976,OnTrack,-5359,-7431,1709,pos,0 days 00:17:10.563000,0 days 01:14:07.658000
2024-06-23 13:20:25.296,OnTrack,-5542,-7454,1717,pos,0 days 00:17:10.883000,0 days 01:14:07.978000
2024-06-23 13:20:25.476,OnTrack,-5645,-7453,1721,pos,0 days 00:17:11.063000,0 days 01:14:08.158000
2024-06-23 13:20:25.616,OnTrack,-5725,-7447,1725,pos,0 days 00:17:11.203000,0 days 01:14:08.298000
2024-06-23 13:20:25.896,OnTrack,-5919,-7407,1733,pos,0 days 00:17:11.483000,0 days 01:14:08.578000
2024-06-23 13:20:26.336,OnTrack,-6180,-7297,1743,pos,0 days 00:17:11.923000,0 days 01:14:09.018000
2024-06-23 13:20:26.675,OnTrack,-6332,-7190,1749,pos,0 days 00:17:12.262000,0 days 01:14:09.357000
2024-06-23 13:20:26.995,OnTrack,-6417,-7108,1752,pos,0 days 00:17:12.582000,0 days 01:14:09.677000
2024-06-23 13:20:27.175,OnTrack,-6486,-7024,1755,pos,0 days 00:17:12.762000,0 days 01:14:09.857000
2024-06-23 13:20:27.416,OnTrack,-6573,-6888,1759,pos,0 days 00:17:13.003000,0 days 01:14:10.098000
2024-06-23 13:20:27.656,OnTrack,-6637,-6751,1762,pos,0 days 00:17:13.243000,0 days 01:14:10.338000
2024-06-23 13:20:27.836,OnTrack,-6674,-6642,1764,pos,0 days 00:17:13.423000,0 days 01:14:10.518000
2024-06-23 13:20:28.116,OnTrack,-6718,-6426,1768,pos,0 days 00:17:13.703000,0 days 01:14:10.798000
2024-06-23 13:20:28.516,OnTrack,-6733,-6212,1770,pos,0 days 00:17:14.103000,0 days 01:14:11.198000
2024-06-23 13:20:28.696,OnTrack,-6725,-5993,1774,pos,0 days 00:17:14.283000,0 days 01:14:11.378000
2024-06-23 13:20:29.056,OnTrack,-6708,-5842,1776,pos,0 days 00:17:14.643000,0 days 01:14:11.738000
2024-06-23 13:20:29.416,OnTrack,-6666,-5596,1779,pos,0 days 00:17:15.003000,0 days 01:14:12.098000
2024-06-23 13:20:29.596,OnTrack,-6618,-5395,1782,pos,0 days 00:17:15.183000,0 days 01:14:12.278000
2024-06-23 13:20:30.036,OnTrack,-6513,-5094,1788,pos,0 days 00:17:15.623000,0 days 01:14:12.718000
2024-06-23 13:20:30.816,OnTrack,-6272,-4683,1794,pos,0 days 00:17:16.403000,0 days 01:14:13.498000
2024-06-23 13:20:31.056,OnTrack,-6167,-4535,1797,pos,0 days 00:17:16.643000,0 days 01:14:13.738000
2024-06-23 13:20:31.316,OnTrack,-6050,-4373,1799,pos,0 days 00:17:16.903000,0 days 01:14:13.998000
2024-06-23 13:20:31.596,OnTrack,-5934,-4194,1802,pos,0 days 00:17:17.183000,0 days 01:14:14.278000
2024-06-23 13:20:31.756,OnTrack,-5871,-4086,1804,pos,0 days 00:17:17.343000,0 days 01:14:14.438000
2024-06-23 13:20:31.976,OnTrack,-5784,-3938,1806,pos,0 days 00:17:17.563000,0 days 01:14:14.658000
2024-06-23 13:20:32.136,OnTrack,-5719,-3831,1808,pos,0 days 00:17:17.723000,0 days 01:14:14.818000
2024-06-23 13:20:32.356,OnTrack,-5628,-3687,1810,pos,0 days 00:17:17.943000,0 days 01:14:15.038000
2024-06-23 13:20:32.616,OnTrack,-5501,-3498,1813,pos,0 days 00:17:18.203000,0 days 01:14:15.298000
2024-06-23 13:20:32.936,OnTrack,-5409,-3362,1815,pos,0 days 00:17:18.523000,0 days 01:14:15.618000
2024-06-23 13:20:33.116,OnTrack,-5349,-3277,1817,pos,0 days 00:17:18.703000,0 days 01:14:15.798000
2024-06-23 13:20:33.315,OnTrack,-5283,-3190,1818,pos,0 days 00:17:18.902000,0 days 01:14:15.997000
2024-06-23 13:20:33.535,OnTrack,-5214,-3106,1819,pos,0 days 00:17:19.122000,0 days 01:14:16.217000
2024-06-23 13:20:33.775,OnTrack,-5136,-3026,1819,pos,0 days 00:17:19.362000,0 days 01:14:16.457000
2024-06-23 13:20:34.076,OnTrack,-5015,-2931,1821,pos,0 days 00:17:19.663000,0 days 01:14:16.758000
2024-06-23 13:20:34.456,OnTrack,-4898,-2873,1822,pos,0 days 00:17:20.043000,0 days 01:14:17.138000
2024-06-23 13:20:34.616,OnTrack,-4838,-2854,1823,pos,0 days 00:17:20.203000,0 days 01:14:17.298000
2024-06-23 13:20:34.876,OnTrack,-4691,-2839,1825,pos,0 days 00:17:20.463000,0 days 01:14:17.558000
2024-06-23 13:20:35.236,OnTrack,-4600,-2849,1827,pos,0 days 00:17:20.823000,0 days 01:14:17.918000
2024-06-23 13:20:35.456,OnTrack,-4522,-2871,1828,pos,0 days 00:17:21.043000,0 days 01:14:18.138000
2024-06-23 13:20:35.596,OnTrack,-4474,-2890,1829,pos,0 days 00:17:21.183000,0 days 01:14:18.278000
2024-06-23 13:20:35.896,OnTrack,-4341,-2971,1833,pos,0 days 00:17:21.483000,0 days 01:14:18.578000
2024-06-23 13:20:36.316,OnTrack,-4239,-3075,1835,pos,0 days 00:17:21.903000,0 days 01:14:18.998000
2024-06-23 13:20:36.736,OnTrack,-4156,-3193,1836,pos,0 days 00:17:22.323000,0 days 01:14:19.418000
2024-06-23 13:20:37.096,OnTrack,-4090,-3330,1838,pos,0 days 00:17:22.683000,0 days 01:14:19.778000
2024-06-23 13:20:37.496,OnTrack,-4052,-3453,1838,pos,0 days 00:17:23.083000,0 days 01:14:20.178000
2024-06-23 13:20:37.756,OnTrack,-4030,-3595,1839,pos,0 days 00:17:23.343000,0 days 01:14:20.438000
2024-06-23 13:20:38.116,OnTrack,-4029,-3739,1839,pos,0 days 00:17:23.703000,0 days 01:14:20.798000
2024-06-23 13:20:38.296,OnTrack,-4039,-3829,1839,pos,0 days 00:17:23.883000,0 days 01:14:20.978000
2024-06-23 13:20:38.496,OnTrack,-4061,-3932,1838,pos,0 days 00:17:24.083000,0 days 01:14:21.178000
2024-06-23 13:20:38.756,OnTrack,-4105,-4065,1836,pos,0 days 00:17:24.343000,0 days 01:14:21.438000
2024-06-23 13:20:38.976,OnTrack,-4179,-4217,1834,pos,0 days 00:17:24.563000,0 days 01:14:21.658000
2024-06-23 13:20:39.256,OnTrack,-4242,-4316,1833,pos,0 days 00:17:24.843000,0 days 01:14:21.938000
2024-06-23 13:20:39.596,OnTrack,-4359,-4484,1829,pos,0 days 00:17:25.183000,0 days 01:14:22.278000
2024-06-23 13:20:39.716,OnTrack,-4453,-4614,1826,pos,0 days 00:17:25.303000,0 days 01:14:22.398000
2024-06-23 13:20:40.095,OnTrack,-4543,-4736,1822,pos,0 days 00:17:25.682000,0 days 01:14:22.777000
2024-06-23 13:20:40.456,OnTrack,-4688,-4935,1818,pos,0 days 00:17:26.043000,0 days 01:14:23.138000
2024-06-23 13:20:40.676,OnTrack,-4765,-5040,1816,pos,0 days 00:17:26.263000,0 days 01:14:23.358000
2024-06-23 13:20:40.876,OnTrack,-4850,-5157,1813,pos,0 days 00:17:26.463000,0 days 01:14:23.558000
2024-06-23 13:20:41.036,OnTrack,-4903,-5230,1811,pos,0 days 00:17:26.623000,0 days 01:14:23.718000
2024-06-23 13:20:41.296,OnTrack,-5028,-5411,1806,pos,0 days 00:17:26.883000,0 days 01:14:23.978000
2024-06-23 13:20:41.576,OnTrack,-5066,-5472,1803,pos,0 days 00:17:27.163000,0 days 01:14:24.258000
2024-06-23 13:20:41.896,OnTrack,-5165,-5658,1796,pos,0 days 00:17:27.483000,0 days 01:14:24.578000
2024-06-23 13:20:42.316,OnTrack,-5210,-5788,1791,pos,0 days 00:17:27.903000,0 days 01:14:24.998000
2024-06-23 13:20:42.716,OnTrack,-5226,-5887,1786,pos,0 days 00:17:28.303000,0 days 01:14:25.398000
2024-06-23 13:20:42.816,OnTrack,-5227,-5919,1785,pos,0 days 00:17:28.403000,0 days 01:14:25.498000
2024-06-23 13:20:43.096,OnTrack,-5212,-6021,1779,pos,0 days 00:17:28.683000,0 days 01:14:25.778000
2024-06-23 13:20:43.416,OnTrack,-5182,-6090,1775,pos,0 days 00:17:29.003000,0 days 01:14:26.098000
2024-06-23 13:20:43.636,OnTrack,-5146,-6140,1770,pos,0 days 00:17:29.223000,0 days 01:14:26.318000
2024-06-23 13:20:43.936,OnTrack,-5086,-6192,1768,pos,0 days 00:17:29.523000,0 days 01:14:26.618000
2024-06-23 13:20:44.096,OnTrack,-5049,-6213,1766,pos,0 days 00:17:29.683000,0 days 01:14:26.778000
2024-06-23 13:20:44.296,OnTrack,-5001,-6232,1763,pos,0 days 00:17:29.883000,0 days 01:14:26.978000
2024-06-23 13:20:44.536,OnTrack,-4939,-6246,1760,pos,0 days 00:17:30.123000,0 days 01:14:27.218000
2024-06-23 13:20:44.596,OnTrack,-4924,-6249,1758,pos,0 days 00:17:30.183000,0 days 01:14:27.278000
2024-06-23 13:20:44.876,OnTrack,-4847,-6251,1755,pos,0 days 00:17:30.463000,0 days 01:14:27.558000
2024-06-23 13:20:45.116,OnTrack,-4779,-6243,1750,pos,0 days 00:17:30.703000,0 days 01:14:27.798000
2024-06-23 13:20:45.356,OnTrack,-4709,-6228,1745,pos,0 days 00:17:30.943000,0 days 01:14:28.038000
2024-06-23 13:20:45.556,OnTrack,-4649,-6210,1742,pos,0 days 00:17:31.143000,0 days 01:14:28.238000
2024-06-23 13:20:45.736,OnTrack,-4594,-6189,1738,pos,0 days 00:17:31.323000,0 days 01:14:28.418000
2024-06-23 13:20:45.996,OnTrack,-4509,-6151,1732,pos,0 days 00:17:31.583000,0 days 01:14:28.678000
2024-06-23 13:20:46.156,OnTrack,-4455,-6124,1729,pos,0 days 00:17:31.743000,0 days 01:14:28.838000
2024-06-23 13:20:46.316,OnTrack,-4399,-6094,1725,pos,0 days 00:17:31.903000,0 days 01:14:28.998000
2024-06-23 13:20:46.615,OnTrack,-4286,-6033,1717,pos,0 days 00:17:32.202000,0 days 01:14:29.297000
2024-06-23 13:20:46.815,OnTrack,-4172,-5970,1709,pos,0 days 00:17:32.402000,0 days 01:14:29.497000
2024-06-23 13:20:47.096,OnTrack,-4075,-5919,1703,pos,0 days 00:17:32.683000,0 days 01:14:29.778000
2024-06-23 13:20:47.376,OnTrack,-3909,-5837,1693,pos,0 days 00:17:32.963000,0 days 01:14:30.058000
2024-06-23 13:20:47.576,OnTrack,-3809,-5793,1688,pos,0 days 00:17:33.163000,0 days 01:14:30.258000
2024-06-23 13:20:47.816,OnTrack,-3695,-5745,1682,pos,0 days 00:17:33.403000,0 days 01:14:30.498000
2024-06-23 13:20:48.056,OnTrack,-3566,-5691,1677,pos,0 days 00:17:33.643000,0 days 01:14:30.738000
2024-06-23 13:20:48.296,OnTrack,-3435,-5634,1670,pos,0 days 00:17:33.883000,0 days 01:14:30.978000
2024-06-23 13:20:48.456,OnTrack,-3313,-5574,1665,pos,0 days 00:17:34.043000,0 days 01:14:31.138000
2024-06-23 13:20:48.736,OnTrack,-3193,-5505,1661,pos,0 days 00:17:34.323000,0 days 01:14:31.418000
2024-06-23 13:20:49.056,OnTrack,-3021,-5389,1656,pos,0 days 00:17:34.643000,0 days 01:14:31.738000
2024-06-23 13:20:49.296,OnTrack,-2827,-5224,1652,pos,0 days 00:17:34.883000,0 days 01:14:31.978000
2024-06-23 13:20:49.636,OnTrack,-2731,-5126,1651,pos,0 days 00:17:35.223000,0 days 01:14:32.318000
2024-06-23 13:20:49.936,OnTrack,-2597,-4967,1650,pos,0 days 00:17:35.523000,0 days 01:14:32.618000
2024-06-23 13:20:50.136,OnTrack,-2480,-4808,1651,pos,0 days 00:17:35.723000,0 days 01:14:32.818000
2024-06-23 13:20:50.456,OnTrack,-2386,-4673,1651,pos,0 days 00:17:36.043000,0 days 01:14:33.138000
2024-06-23 13:20:50.716,OnTrack,-2293,-4537,1653,pos,0 days 00:17:36.303000,0 days 01:14:33.398000
2024-06-23 13:20:50.856,OnTrack,-2207,-4408,1656,pos,0 days 00:17:36.443000,0 days 01:14:33.538000
2024-06-23 13:20:51.296,OnTrack,-2135,-4279,1660,pos,0 days 00:17:36.883000,0 days 01:14:33.978000
2024-06-23 13:20:51.516,OnTrack,-2095,-4141,1662,pos,0 days 00:17:37.103000,0 days 01:14:34.198000
2024-06-23 13:20:51.896,OnTrack,-2084,-4039,1664,pos,0 days 00:17:37.483000,0 days 01:14:34.578000
2024-06-23 13:20:52.116,OnTrack,-2085,-3915,1667,pos,0 days 00:17:37.703000,0 days 01:14:34.798000
2024-06-23 13:20:52.516,OnTrack,-2120,-3751,1677,pos,0 days 00:17:38.103000,0 days 01:14:35.198000
2024-06-23 13:20:52.996,OnTrack,-2228,-3596,1685,pos,0 days 00:17:38.583000,0 days 01:14:35.678000
2024-06-23 13:20:53.275,OnTrack,-2269,-3559,1687,pos,0 days 00:17:38.862000,0 days 01:14:35.957000
2024-06-23 13:20:53.515,OnTrack,-2347,-3501,1691,pos,0 days 00:17:39.102000,0 days 01:14:36.197000
2024-06-23 13:20:53.736,OnTrack,-2429,-3443,1694,pos,0 days 00:17:39.323000,0 days 01:14:36.418000
2024-06-23 13:20:53.956,OnTrack,-2504,-3384,1701,pos,0 days 00:17:39.543000,0 days 01:14:36.638000
2024-06-23 13:20:54.176,OnTrack,-2619,-3276,1711,pos,0 days 00:17:39.763000,0 days 01:14:36.858000
2024-06-23 13:20:54.496,OnTrack,-2675,-3209,1718,pos,0 days 00:17:40.083000,0 days 01:14:37.178000
2024-06-23 13:20:55.336,OnTrack,-2885,-2811,1747,pos,0 days 00:17:40.923000,0 days 01:14:38.018000
2024-06-23 13:20:55.516,OnTrack,-2928,-2717,1753,pos,0 days 00:17:41.103000,0 days 01:14:38.198000
2024-06-23 13:20:55.836,OnTrack,-3036,-2491,1768,pos,0 days 00:17:41.423000,0 days 01:14:38.518000
2024-06-23 13:20:56.216,OnTrack,-3107,-2342,1777,pos,0 days 00:17:41.803000,0 days 01:14:38.898000
2024-06-23 13:20:56.456,OnTrack,-3171,-2206,1787,pos,0 days 00:17:42.043000,0 days 01:14:39.138000
2024-06-23 13:20:56.616,OnTrack,-3216,-2112,1793,pos,0 days 00:17:42.203000,0 days 01:14:39.298000
2024-06-23 13:20:56.776,OnTrack,-3261,-2017,1799,pos,0 days 00:17:42.363000,0 days 01:14:39.458000
2024-06-23 13:20:56.976,OnTrack,-3318,-1898,1807,pos,0 days 00:17:42.563000,0 days 01:14:39.658000
2024-06-23 13:20:57.296,OnTrack,-3408,-1703,1821,pos,0 days 00:17:42.883000,0 days 01:14:39.978000
2024-06-23 13:20:57.516,OnTrack,-3458,-1565,1829,pos,0 days 00:17:43.103000,0 days 01:14:40.198000
2024-06-23 13:20:57.736,OnTrack,-3492,-1426,1837,pos,0 days 00:17:43.323000,0 days 01:14:40.418000
2024-06-23 13:20:57.976,OnTrack,-3508,-1273,1843,pos,0 days 00:17:43.563000,0 days 01:14:40.658000
2024-06-23 13:20:58.156,OnTrack,-3505,-1158,1847,pos,0 days 00:17:43.743000,0 days 01:14:40.838000
2024-06-23 13:20:58.336,OnTrack,-3483,-982,1855,pos,0 days 00:17:43.923000,0 days 01:14:41.018000
2024-06-23 13:20:58.776,OnTrack,-3429,-776,1862,pos,0 days 00:17:44.363000,0 days 01:14:41.458000
2024-06-23 13:20:58.916,OnTrack,-3398,-695,1864,pos,0 days 00:17:44.503000,0 days 01:14:41.598000
2024-06-23 13:20:59.136,OnTrack,-3313,-528,1870,pos,0 days 00:17:44.723000,0 days 01:14:41.818000
2024-06-23 13:20:59.476,OnTrack,-3189,-374,1873,pos,0 days 00:17:45.063000,0 days 01:14:42.158000
2024-06-23 13:20:59.775,OnTrack,-3028,-262,1875,pos,0 days 00:17:45.362000,0 days 01:14:42.457000
2024-06-23 13:20:59.875,OnTrack,-2967,-231,1875,pos,0 days 00:17:45.462000,0 days 01:14:42.557000
2024-06-23 13:21:00.135,OnTrack,-2803,-163,1873,pos,0 days 00:17:45.722000,0 days 01:14:42.817000
2024-06-23 13:21:00.356,OnTrack,-2651,-103,1872,pos,0 days 00:17:45.943000,0 days 01:14:43.038000
2024-06-23 13:21:00.616,OnTrack,-2410,4,1869,pos,0 days 00:17:46.203000,0 days 01:14:43.298000
2024-06-23 13:21:01.056,OnTrack,-2128,137,1865,pos,0 days 00:17:46.643000,0 days 01:14:43.738000
2024-06-23 13:21:01.376,OnTrack,-2010,192,1863,pos,0 days 00:17:46.963000,0 days 01:14:44.058000
2024-06-23 13:21:01.656,OnTrack,-1826,279,1861,pos,0 days 00:17:47.243000,0 days 01:14:44.338000
2024-06-23 13:21:01.836,OnTrack,-1705,336,1860,pos,0 days 00:17:47.423000,0 days 01:14:44.518000
2024-06-23 13:21:02.016,OnTrack,-1503,432,1857,pos,0 days 00:17:47.603000,0 days 01:14:44.698000
2024-06-23 13:21:02.396,OnTrack,-1326,517,1855,pos,0 days 00:17:47.983000,0 days 01:14:45.078000
2024-06-23 13:21:02.736,OnTrack,-1102,628,1852,pos,0 days 00:17:48.323000,0 days 01:14:45.418000
2024-06-23 13:21:02.836,OnTrack,-1034,662,1851,pos,0 days 00:17:48.423000,0 days 01:14:45.518000
2024-06-23 13:21:03.116,OnTrack,-746,814,1847,pos,0 days 00:17:48.703000,0 days 01:14:45.798000
2024-06-23 13:21:03.396,OnTrack,-650,866,1846,pos,0 days 00:17:48.983000,0 days 01:14:46.078000
2024-06-23 13:21:03.756,OnTrack,-400,1000,1842,pos,0 days 00:17:49.343000,0 days 01:14:46.438000
2024-06-23 13:21:03.916,OnTrack,-288,1059,1841,pos,0 days 00:17:49.503000,0 days 01:14:46.598000
2024-06-23 13:21:04.196,OnTrack,-91,1164,1838,pos,0 days 00:17:49.783000,0 days 01:14:46.878000
2024-06-23 13:21:04.376,OnTrack,35,1232,1836,pos,0 days 00:17:49.963000,0 days 01:14:47.058000
2024-06-23 13:21:04.536,OnTrack,148,1292,1835,pos,0 days 00:17:50.123000,0 days 01:14:47.218000
2024-06-23 13:21:04.836,OnTrack,362,1403,1832,pos,0 days 00:17:50.423000,0 days 01:14:47.518000
2024-06-23 13:21:04.976,OnTrack,462,1452,1830,pos,0 days 00:17:50.563000,0 days 01:14:47.658000
2024-06-23 13:21:05.156,OnTrack,586,1509,1829,pos,0 days 00:17:50.743000,0 days 01:14:47.838000
2024-06-23 13:21:05.436,OnTrack,761,1582,1827,pos,0 days 00:17:51.023000,0 days 01:14:48.118000
2024-06-23 13:21:05.616,OnTrack,872,1627,1826,pos,0 days 00:17:51.203000,0 days 01:14:48.298000
2024-06-23 13:21:05.776,OnTrack,963,1663,1824,pos,0 days 00:17:51.363000,0 days 01:14:48.458000
2024-06-23 13:21:06.056,OnTrack,1096,1719,1823,pos,0 days 00:17:51.643000,0 days 01:14:48.738000
2024-06-23 13:21:06.235,OnTrack,1170,1754,1823,pos,0 days 00:17:51.822000,0 days 01:14:48.917000
2024-06-23 13:21:06.455,OnTrack,1277,1815,1821,pos,0 days 00:17:52.042000,0 days 01:14:49.137000
2024-06-23 13:21:06.756,OnTrack,1347,1871,1820,pos,0 days 00:17:52.343000,0 days 01:14:49.438000
2024-06-23 13:21:07.096,OnTrack,1420,1961,1819,pos,0 days 00:17:52.683000,0 days 01:14:49.778000
2024-06-23 13:21:07.276,OnTrack,1444,2014,1818,pos,0 days 00:17:52.863000,0 days 01:14:49.958000
2024-06-23 13:21:07.456,OnTrack,1458,2064,1818,pos,0 days 00:17:53.043000,0 days 01:14:50.138000
2024-06-23 13:21:07.636,OnTrack,1464,2120,1817,pos,0 days 00:17:53.223000,0 days 01:14:50.318000
2024-06-23 13:21:07.896,OnTrack,1457,2201,1817,pos,0 days 00:17:53.483000,0 days 01:14:50.578000
2024-06-23 13:21:08.036,OnTrack,1447,2242,1817,pos,0 days 00:17:53.623000,0 days 01:14:50.718000
2024-06-23 13:21:08.316,OnTrack,1403,2351,1820,pos,0 days 00:17:53.903000,0 days 01:14:50.998000
2024-06-23 13:21:08.656,OnTrack,1370,2404,1821,pos,0 days 00:17:54.243000,0 days 01:14:51.338000
2024-06-23 13:21:08.816,OnTrack,1344,2440,1822,pos,0 days 00:17:54.403000,0 days 01:14:51.498000
2024-06-23 13:21:09.096,OnTrack,1292,2497,1824,pos,0 days 00:17:54.683000,0 days 01:14:51.778000
2024-06-23 13:21:09.296,OnTrack,1250,2534,1826,pos,0 days 00:17:54.883000,0 days 01:14:51.978000
2024-06-23 13:21:09.536,OnTrack,1164,2588,1828,pos,0 days 00:17:55.123000,0 days 01:14:52.218000
2024-06-23 13:21:09.976,OnTrack,1045,2631,1830,pos,0 days 00:17:55.563000,0 days 01:14:52.658000
2024-06-23 13:21:10.436,OnTrack,912,2655,1833,pos,0 days 00:17:56.023000,0 days 01:14:53.118000
2024-06-23 13:21:10.716,OnTrack,836,2659,1835,pos,0 days 00:17:56.303000,0 days 01:14:53.398000
2024-06-23 13:21:10.996,OnTrack,737,2656,1837,pos,0 days 00:17:56.583000,0 days 01:14:53.678000
2024-06-23 13:21:11.276,OnTrack,627,2641,1840,pos,0 days 00:17:56.863000,0 days 01:14:53.958000
2024-06-23 13:21:11.456,OnTrack,553,2624,1841,pos,0 days 00:17:57.043000,0 days 01:14:54.138000
2024-06-23 13:21:11.636,OnTrack,477,2600,1843,pos,0 days 00:17:57.223000,0 days 01:14:54.318000
2024-06-23 13:21:11.796,OnTrack,409,2573,1845,pos,0 days 00:17:57.383000,0 days 01:14:54.478000
2024-06-23 13:21:12.076,OnTrack,288,2511,1851,pos,0 days 00:17:57.663000,0 days 01:14:54.758000
2024-06-23 13:21:12.236,OnTrack,218,2468,1855,pos,0 days 00:17:57.823000,0 days 01:14:54.918000
2024-06-23 13:21:12.516,OnTrack,96,2385,1862,pos,0 days 00:17:58.103000,0 days 01:14:55.198000
2024-06-23 13:21:12.716,OnTrack,-39,2290,1869,pos,0 days 00:17:58.303000,0 days 01:14:55.398000
2024-06-23 13:21:13.135,OnTrack,-222,2195,1876,pos,0 days 00:17:58.722000,0 days 01:14:55.817000
2024-06-23 13:21:13.596,OnTrack,-414,2137,1884,pos,0 days 00:17:59.183000,0 days 01:14:56.278000
2024-06-23 13:21:13.896,OnTrack,-523,2123,1889,pos,0 days 00:17:59.483000,0 days 01:14:56.578000
2024-06-23 13:21:14.216,OnTrack,-695,2133,1897,pos,0 days 00:17:59.803000,0 days 01:14:56.898000
2024-06-23 13:21:14.536,OnTrack,-758,2150,1900,pos,0 days 00:18:00.123000,0 days 01:14:57.218000
2024-06-23 13:21:14.776,OnTrack,-834,2185,1904,pos,0 days 00:18:00.363000,0 days 01:14:57.458000
2024-06-23 13:21:14.936,OnTrack,-880,2217,1906,pos,0 days 00:18:00.523000,0 days 01:14:57.618000
2024-06-23 13:21:15.116,OnTrack,-924,2259,1907,pos,0 days 00:18:00.703000,0 days 01:14:57.798000
2024-06-23 13:21:15.396,OnTrack,-995,2361,1910,pos,0 days 00:18:00.983000,0 days 01:14:58.078000
2024-06-23 13:21:15.676,OnTrack,-1018,2414,1911,pos,0 days 00:18:01.263000,0 days 01:14:58.358000
2024-06-23 13:21:15.996,OnTrack,-1044,2511,1913,pos,0 days 00:18:01.583000,0 days 01:14:58.678000
2024-06-23 13:21:16.156,OnTrack,-1049,2561,1914,pos,0 days 00:18:01.743000,0 days 01:14:58.838000
2024-06-23 13:21:16.456,OnTrack,-1046,2683,1915,pos,0 days 00:18:02.043000,0 days 01:14:59.138000
2024-06-23 13:21:16.836,OnTrack,-1026,2782,1916,pos,0 days 00:18:02.423000,0 days 01:14:59.518000
2024-06-23 13:21:16.976,OnTrack,-1012,2828,1917,pos,0 days 00:18:02.563000,0 days 01:14:59.658000
2024-06-23 13:21:17.176,OnTrack,-985,2895,1918,pos,0 days 00:18:02.763000,0 days 01:14:59.858000
2024-06-23 13:21:17.396,OnTrack,-948,2968,1920,pos,0 days 00:18:02.983000,0 days 01:15:00.078000
2024-06-23 13:21:17.696,OnTrack,-837,3124,1922,pos,0 days 00:18:03.283000,0 days 01:15:00.378000
2024-06-23 13:21:18.096,OnTrack,-748,3215,1923,pos,0 days 00:18:03.683000,0 days 01:15:00.778000
2024-06-23 13:21:18.276,OnTrack,-689,3268,1922,pos,0 days 00:18:03.863000,0 days 01:15:00.958000
2024-06-23 13:21:18.476,OnTrack,-573,3362,1921,pos,0 days 00:18:04.063000,0 days 01:15:01.158000
2024-06-23 13:21:18.756,OnTrack,-510,3411,1921,pos,0 days 00:18:04.343000,0 days 01:15:01.438000
2024-06-23 13:21:19.076,OnTrack,-327,3556,1917,pos,0 days 00:18:04.663000,0 days 01:15:01.758000
2024-06-23 13:21:19.375,OnTrack,-251,3621,1916,pos,0 days 00:18:04.962000,0 days 01:15:02.057000
2024-06-23 13:21:19.655,OnTrack,-73,3773,1910,pos,0 days 00:18:05.242000,0 days 01:15:02.337000
2024-06-23 13:21:20.056,OnTrack,68,3888,1904,pos,0 days 00:18:05.643000,0 days 01:15:02.738000
2024-06-23 13:21:20.296,OnTrack,189,3976,1898,pos,0 days 00:18:05.883000,0 days 01:15:02.978000
2024-06-23 13:21:20.496,OnTrack,365,4073,1891,pos,0 days 00:18:06.083000,0 days 01:15:03.178000
2024-06-23 13:21:20.856,OnTrack,500,4117,1884,pos,0 days 00:18:06.443000,0 days 01:15:03.538000
2024-06-23 13:21:21.156,OnTrack,775,4137,1870,pos,0 days 00:18:06.743000,0 days 01:15:03.838000
2024-06-23 13:21:21.456,OnTrack,910,4118,1863,pos,0 days 00:18:07.043000,0 days 01:15:04.138000
2024-06-23 13:21:21.736,OnTrack,1092,4068,1851,pos,0 days 00:18:07.323000,0 days 01:15:04.418000
2024-06-23 13:21:21.956,OnTrack,1232,4011,1844,pos,0 days 00:18:07.543000,0 days 01:15:04.638000
2024-06-23 13:21:22.076,OnTrack,1306,3975,1839,pos,0 days 00:18:07.663000,0 days 01:15:04.758000
2024-06-23 13:21:22.376,OnTrack,1549,3838,1826,pos,0 days 00:18:07.963000,0 days 01:15:05.058000
2024-06-23 13:21:22.696,OnTrack,1680,3755,1817,pos,0 days 00:18:08.283000,0 days 01:15:05.378000
2024-06-23 13:21:22.896,OnTrack,1800,3678,1810,pos,0 days 00:18:08.483000,0 days 01:15:05.578000
2024-06-23 13:21:23.156,OnTrack,1956,3577,1801,pos,0 days 00:18:08.743000,0 days 01:15:05.838000
2024-06-23 13:21:23.436,OnTrack,2199,3422,1787,pos,0 days 00:18:09.023000,0 days 01:15:06.118000
2024-06-23 13:21:23.876,OnTrack,2445,3248,1775,pos,0 days 00:18:09.463000,0 days 01:15:06.558000
2024-06-23 13:21:24.116,OnTrack,2517,3186,1770,pos,0 days 00:18:09.703000,0 days 01:15:06.798000
2024-06-23 13:21:24.376,OnTrack,2615,3089,1765,pos,0 days 00:18:09.963000,0 days 01:15:07.058000
2024-06-23 13:21:24.696,OnTrack,2741,2931,1758,pos,0 days 00:18:10.283000,0 days 01:15:07.378000
2024-06-23 13:21:24.916,OnTrack,2805,2808,1754,pos,0 days 00:18:10.503000,0 days 01:15:07.598000
2024-06-23 13:21:25.156,OnTrack,2858,2637,1748,pos,0 days 00:18:10.743000,0 days 01:15:07.838000
2024-06-23 13:21:25.396,OnTrack,2879,2510,1745,pos,0 days 00:18:10.983000,0 days 01:15:08.078000
2024-06-23 13:21:25.596,OnTrack,2885,2383,1743,pos,0 days 00:18:11.183000,0 days 01:15:08.278000
2024-06-23 13:21:25.836,OnTrack,2868,2227,1739,pos,0 days 00:18:11.423000,0 days 01:15:08.518000
2024-06-23 13:21:26.155,OnTrack,2809,2023,1736,pos,0 days 00:18:11.742000,0 days 01:15:08.837000
2024-06-23 13:21:26.395,OnTrack,2706,1811,1733,pos,0 days 00:18:11.982000,0 days 01:15:09.077000
2024-06-23 13:21:26.776,OnTrack,2547,1552,1729,pos,0 days 00:18:12.363000,0 days 01:15:09.458000
2024-06-23 13:21:27.236,OnTrack,2416,1352,1725,pos,0 days 00:18:12.823000,0 days 01:15:09.918000
2024-06-23 13:21:27.616,OnTrack,2243,1086,1721,pos,0 days 00:18:13.203000,0 days 01:15:10.298000
2024-06-23 13:21:27.916,OnTrack,2163,963,1718,pos,0 days 00:18:13.503000,0 days 01:15:10.598000
2024-06-23 13:21:28.136,OnTrack,2074,827,1716,pos,0 days 00:18:13.723000,0 days 01:15:10.818000
2024-06-23 13:21:28.316,OnTrack,2001,715,1714,pos,0 days 00:18:13.903000,0 days 01:15:10.998000
2024-06-23 13:21:28.616,OnTrack,1878,526,1711,pos,0 days 00:18:14.203000,0 days 01:15:11.298000
2024-06-23 13:21:28.836,OnTrack,1787,386,1710,pos,0 days 00:18:14.423000,0 days 01:15:11.518000
2024-06-23 13:21:29.136,OnTrack,1671,208,1708,pos,0 days 00:18:14.723000,0 days 01:15:11.818000
2024-06-23 13:21:29.236,OnTrack,1629,143,1707,pos,0 days 00:18:14.823000,0 days 01:15:11.918000
2024-06-23 13:21:29.396,OnTrack,1562,39,1708,pos,0 days 00:18:14.983000,0 days 01:15:12.078000
2024-06-23 13:21:29.756,OnTrack,1351,-290,1707,pos,0 days 00:18:15.343000,0 days 01:15:12.438000
2024-06-23 13:21:29.996,OnTrack,1309,-356,1707,pos,0 days 00:18:15.583000,0 days 01:15:12.678000
2024-06-23 13:21:30.276,OnTrack,1189,-544,1708,pos,0 days 00:18:15.863000,0 days 01:15:12.958000
2024-06-23 13:21:30.576,OnTrack,1018,-815,1708,pos,0 days 00:18:16.163000,0 days 01:15:13.258000
2024-06-23 13:21:30.996,OnTrack,879,-1032,1708,pos,0 days 00:18:16.583000,0 days 01:15:13.678000
2024-06-23 13:21:31.096,OnTrack,836,-1101,1708,pos,0 days 00:18:16.683000,0 days 01:15:13.778000
2024-06-23 13:21:31.276,OnTrack,758,-1224,1708,pos,0 days 00:18:16.863000,0 days 01:15:13.958000
2024-06-23 13:21:31.496,OnTrack,662,-1375,1707,pos,0 days 00:18:17.083000,0 days 01:15:14.178000
2024-06-23 13:21:31.676,OnTrack,583,-1499,1707,pos,0 days 00:18:17.263000,0 days 01:15:14.358000
2024-06-23 13:21:32.016,OnTrack,434,-1733,1708,pos,0 days 00:18:17.603000,0 days 01:15:14.698000
2024-06-23 13:21:32.196,OnTrack,355,-1858,1708,pos,0 days 00:18:17.783000,0 days 01:15:14.878000
2024-06-23 13:21:32.356,OnTrack,231,-2053,1708,pos,0 days 00:18:17.943000,0 days 01:15:15.038000
2024-06-23 13:21:32.815,OnTrack,45,-2347,1707,pos,0 days 00:18:18.402000,0 days 01:15:15.497000
2024-06-23 13:21:33.076,OnTrack,-44,-2487,1707,pos,0 days 00:18:18.663000,0 days 01:15:15.758000
2024-06-23 13:21:33.416,OnTrack,-193,-2716,1705,pos,0 days 00:18:19.003000,0 days 01:15:16.098000
2024-06-23 13:21:33.676,OnTrack,-350,-2952,1703,pos,0 days 00:18:19.263000,0 days 01:15:16.358000
2024-06-23 13:21:33.996,OnTrack,-452,-3106,1701,pos,0 days 00:18:19.583000,0 days 01:15:16.678000
2024-06-23 13:21:34.316,OnTrack,-601,-3330,1698,pos,0 days 00:18:19.903000,0 days 01:15:16.998000
2024-06-23 13:21:34.516,OnTrack,-760,-3568,1693,pos,0 days 00:18:20.103000,0 days 01:15:17.198000
2024-06-23 13:21:34.916,OnTrack,-882,-3750,1689,pos,0 days 00:18:20.503000,0 days 01:15:17.598000
2024-06-23 13:21:35.076,OnTrack,-957,-3862,1687,pos,0 days 00:18:20.663000,0 days 01:15:17.758000
2024-06-23 13:21:35.216,OnTrack,-1023,-3960,1684,pos,0 days 00:18:20.803000,0 days 01:15:17.898000
2024-06-23 13:21:35.516,OnTrack,-1165,-4171,1679,pos,0 days 00:18:21.103000,0 days 01:15:18.198000
2024-06-23 13:21:35.696,OnTrack,-1288,-4354,1674,pos,0 days 00:18:21.283000,0 days 01:15:18.378000
2024-06-23 13:21:35.956,OnTrack,-1373,-4481,1670,pos,0 days 00:18:21.543000,0 days 01:15:18.638000
2024-06-23 13:21:36.216,OnTrack,-1497,-4665,1664,pos,0 days 00:18:21.803000,0 days 01:15:18.898000
2024-06-23 13:21:36.536,OnTrack,-1702,-4976,1656,pos,0 days 00:18:22.123000,0 days 01:15:19.218000
2024-06-23 13:21:36.856,OnTrack,-1789,-5118,1653,pos,0 days 00:18:22.443000,0 days 01:15:19.538000
2024-06-23 13:21:37.016,OnTrack,-1858,-5232,1650,pos,0 days 00:18:22.603000,0 days 01:15:19.698000
2024-06-23 13:21:37.236,OnTrack,-1949,-5389,1648,pos,0 days 00:18:22.823000,0 days 01:15:19.918000
2024-06-23 13:21:37.436,OnTrack,-2029,-5529,1646,pos,0 days 00:18:23.023000,0 days 01:15:20.118000
2024-06-23 13:21:37.816,OnTrack,-2217,-5865,1641,pos,0 days 00:18:23.403000,0 days 01:15:20.498000
2024-06-23 13:21:38.196,OnTrack,-2306,-6026,1639,pos,0 days 00:18:23.783000,0 days 01:15:20.878000
2024-06-23 13:21:38.356,OnTrack,-2357,-6117,1638,pos,0 days 00:18:23.943000,0 days 01:15:21.038000
2024-06-23 13:21:38.536,OnTrack,-2413,-6214,1636,pos,0 days 00:18:24.123000,0 days 01:15:21.218000
2024-06-23 13:21:38.836,OnTrack,-2527,-6399,1634,pos,0 days 00:18:24.423000,0 days 01:15:21.518000
2024-06-23 13:21:39.096,OnTrack,-2586,-6487,1633,pos,0 days 00:18:24.683000,0 days 01:15:21.778000
2024-06-23 13:21:39.375,OnTrack,-2669,-6599,1631,pos,0 days 00:18:24.962000,0 days 01:15:22.057000
2024-06-23 13:21:39.616,OnTrack,-2783,-6734,1629,pos,0 days 00:18:25.203000,0 days 01:15:22.298000
2024-06-23 13:21:40.016,OnTrack,-2896,-6842,1625,pos,0 days 00:18:25.603000,0 days 01:15:22.698000
2024-06-23 13:21:40.416,OnTrack,-2968,-6897,1624,pos,0 days 00:18:26.003000,0 days 01:15:23.098000
2024-06-23 13:21:40.656,OnTrack,-3068,-6954,1625,pos,0 days 00:18:26.243000,0 days 01:15:23.338000
2024-06-23 13:21:40.996,OnTrack,-3155,-6983,1623,pos,0 days 00:18:26.583000,0 days 01:15:23.678000
2024-06-23 13:21:41.296,OnTrack,-3261,-6994,1625,pos,0 days 00:18:26.883000,0 days 01:15:23.978000
2024-06-23 13:21:41.496,OnTrack,-3368,-6982,1627,pos,0 days 00:18:27.083000,0 days 01:15:24.178000
2024-06-23 13:21:41.876,OnTrack,-3500,-6938,1629,pos,0 days 00:18:27.463000,0 days 01:15:24.558000
2024-06-23 13:21:42.196,OnTrack,-3578,-6904,1631,pos,0 days 00:18:27.783000,0 days 01:15:24.878000
2024-06-23 13:21:42.416,OnTrack,-3655,-6868,1632,pos,0 days 00:18:28.003000,0 days 01:15:25.098000
2024-06-23 13:21:42.636,OnTrack,-3737,-6831,1633,pos,0 days 00:18:28.223000,0 days 01:15:25.318000
2024-06-23 13:21:42.816,OnTrack,-3808,-6803,1635,pos,0 days 00:18:28.403000,0 days 01:15:25.498000
2024-06-23 13:21:43.016,OnTrack,-3890,-6779,1637,pos,0 days 00:18:28.603000,0 days 01:15:25.698000
2024-06-23 13:21:43.296,OnTrack,-4010,-6768,1641,pos,0 days 00:18:28.883000,0 days 01:15:25.978000
2024-06-23 13:21:43.536,OnTrack,-4116,-6782,1645,pos,0 days 00:18:29.123000,0 days 01:15:26.218000
2024-06-23 13:21:43.696,OnTrack,-4247,-6824,1651,pos,0 days 00:18:29.283000,0 days 01:15:26.378000
2024-06-23 13:21:43.996,OnTrack,-4316,-6855,1655,pos,0 days 00:18:29.583000,0 days 01:15:26.678000
2024-06-23 13:21:44.296,OnTrack,-4416,-6911,1661,pos,0 days 00:18:29.883000,0 days 01:15:26.978000
2024-06-23 13:21:44.476,OnTrack,-4490,-6957,1665,pos,0 days 00:18:30.063000,0 days 01:15:27.158000
2024-06-23 13:21:44.716,OnTrack,-4589,-7025,1671,pos,0 days 00:18:30.303000,0 days 01:15:27.398000
2024-06-23 13:21:44.956,OnTrack,-4691,-7098,1677,pos,0 days 00:18:30.543000,0 days 01:15:27.638000
2024-06-23 13:21:45.196,OnTrack,-4797,-7170,1683,pos,0 days 00:18:30.783000,0 days 01:15:27.878000
2024-06-23 13:21:45.356,OnTrack,-4870,-7217,1686,pos,0 days 00:18:30.943000,0 days 01:15:28.038000
2024-06-23 13:21:45.616,OnTrack,-4997,-7291,1693,pos,0 days 00:18:31.203000,0 days 01:15:28.298000
2024-06-23 13:21:45.775,OnTrack,-5079,-7333,1696,pos,0 days 00:18:31.362000,0 days 01:15:28.457000
2024-06-23 13:21:45.935,OnTrack,-5164,-7371,1700,pos,0 days 00:18:31.522000,0 days 01:15:28.617000
2024-06-23 13:21:46.256,OnTrack,-5350,-7429,1708,pos,0 days 00:18:31.843000,0 days 01:15:28.938000
2024-06-23 13:21:46.456,OnTrack,-5528,-7453,1716,pos,0 days 00:18:32.043000,0 days 01:15:29.138000
2024-06-23 13:21:46.756,OnTrack,-5627,-7454,1721,pos,0 days 00:18:32.343000,0 days 01:15:29.438000
2024-06-23 13:21:47.136,OnTrack,-5900,-7412,1732,pos,0 days 00:18:32.723000,0 days 01:15:29.818000
2024-06-23 13:21:47.476,OnTrack,-6006,-7379,1736,pos,0 days 00:18:33.063000,0 days 01:15:30.158000
2024-06-23 13:21:47.676,OnTrack,-6107,-7336,1740,pos,0 days 00:18:33.263000,0 days 01:15:30.358000
2024-06-23 13:21:47.836,OnTrack,-6186,-7293,1743,pos,0 days 00:18:33.423000,0 days 01:15:30.518000
2024-06-23 13:21:48.056,OnTrack,-6289,-7225,1747,pos,0 days 00:18:33.643000,0 days 01:15:30.738000
2024-06-23 13:21:48.216,OnTrack,-6359,-7166,1750,pos,0 days 00:18:33.803000,0 days 01:15:30.898000
2024-06-23 13:21:48.416,OnTrack,-6440,-7083,1753,pos,0 days 00:18:34.003000,0 days 01:15:31.098000
2024-06-23 13:21:48.796,OnTrack,-6570,-6894,1759,pos,0 days 00:18:34.383000,0 days 01:15:31.478000
2024-06-23 13:21:48.956,OnTrack,-6638,-6748,1762,pos,0 days 00:18:34.543000,0 days 01:15:31.638000
2024-06-23 13:21:49.256,OnTrack,-6678,-6628,1764,pos,0 days 00:18:34.843000,0 days 01:15:31.938000
2024-06-23 13:21:49.456,OnTrack,-6706,-6503,1766,pos,0 days 00:18:35.043000,0 days 01:15:32.138000
2024-06-23 13:21:49.836,OnTrack,-6732,-6254,1770,pos,0 days 00:18:35.423000,0 days 01:15:32.518000
2024-06-23 13:21:50.036,OnTrack,-6729,-6053,1773,pos,0 days 00:18:35.623000,0 days 01:15:32.718000
2024-06-23 13:21:50.476,OnTrack,-6697,-5768,1777,pos,0 days 00:18:36.063000,0 days 01:15:33.158000
2024-06-23 13:21:50.796,OnTrack,-6650,-5521,1779,pos,0 days 00:18:36.383000,0 days 01:15:33.478000
2024-06-23 13:21:51.156,OnTrack,-6611,-5370,1783,pos,0 days 00:18:36.743000,0 days 01:15:33.838000
2024-06-23 13:21:51.356,OnTrack,-6568,-5233,1785,pos,0 days 00:18:36.943000,0 days 01:15:34.038000
2024-06-23 13:21:51.596,OnTrack,-6503,-5073,1788,pos,0 days 00:18:37.183000,0 days 01:15:34.278000
2024-06-23 13:21:51.816,OnTrack,-6428,-4929,1790,pos,0 days 00:18:37.403000,0 days 01:15:34.498000
2024-06-23 13:21:51.996,OnTrack,-6359,-4815,1792,pos,0 days 00:18:37.583000,0 days 01:15:34.678000
2024-06-23 13:21:52.295,OnTrack,-6233,-4627,1795,pos,0 days 00:18:37.882000,0 days 01:15:34.977000
2024-06-23 13:21:52.535,OnTrack,-6100,-4442,1798,pos,0 days 00:18:38.122000,0 days 01:15:35.217000
2024-06-23 13:21:52.856,OnTrack,-5978,-4268,1800,pos,0 days 00:18:38.443000,0 days 01:15:35.538000
2024-06-23 13:21:53.016,OnTrack,-5915,-4162,1802,pos,0 days 00:18:38.603000,0 days 01:15:35.698000
2024-06-23 13:21:53.276,OnTrack,-5813,-3987,1805,pos,0 days 00:18:38.863000,0 days 01:15:35.958000
2024-06-23 13:21:53.456,OnTrack,-5749,-3880,1807,pos,0 days 00:18:39.043000,0 days 01:15:36.138000
2024-06-23 13:21:53.616,OnTrack,-5683,-3774,1808,pos,0 days 00:18:39.203000,0 days 01:15:36.298000
2024-06-23 13:21:53.916,OnTrack,-5559,-3583,1812,pos,0 days 00:18:39.503000,0 days 01:15:36.598000
2024-06-23 13:21:54.156,OnTrack,-5466,-3446,1814,pos,0 days 00:18:39.743000,0 days 01:15:36.838000
2024-06-23 13:21:54.376,OnTrack,-5388,-3333,1816,pos,0 days 00:18:39.963000,0 days 01:15:37.058000
2024-06-23 13:21:54.396,OnTrack,-5382,-3324,1816,pos,0 days 00:18:39.983000,0 days 01:15:37.078000
2024-06-23 13:21:54.696,OnTrack,-5239,-3135,1819,pos,0 days 00:18:40.283000,0 days 01:15:37.378000
2024-06-23 13:21:55.056,OnTrack,-5168,-3056,1819,pos,0 days 00:18:40.643000,0 days 01:15:37.738000
2024-06-23 13:21:55.296,OnTrack,-5089,-2985,1819,pos,0 days 00:18:40.883000,0 days 01:15:37.978000
2024-06-23 13:21:55.496,OnTrack,-5021,-2935,1820,pos,0 days 00:18:41.083000,0 days 01:15:38.178000
2024-06-23 13:21:55.756,OnTrack,-4929,-2885,1822,pos,0 days 00:18:41.343000,0 days 01:15:38.438000
2024-06-23 13:21:55.996,OnTrack,-4840,-2855,1823,pos,0 days 00:18:41.583000,0 days 01:15:38.678000
2024-06-23 13:21:56.196,OnTrack,-4764,-2841,1824,pos,0 days 00:18:41.783000,0 days 01:15:38.878000
2024-06-23 13:21:56.416,OnTrack,-4680,-2839,1825,pos,0 days 00:18:42.003000,0 days 01:15:39.098000
2024-06-23 13:21:56.676,OnTrack,-4585,-2853,1827,pos,0 days 00:18:42.263000,0 days 01:15:39.358000
2024-06-23 13:21:56.836,OnTrack,-4529,-2869,1828,pos,0 days 00:18:42.423000,0 days 01:15:39.518000
2024-06-23 13:21:57.036,OnTrack,-4432,-2911,1830,pos,0 days 00:18:42.623000,0 days 01:15:39.718000
2024-06-23 13:21:57.376,OnTrack,-4361,-2955,1832,pos,0 days 00:18:42.963000,0 days 01:15:40.058000
2024-06-23 13:21:57.716,OnTrack,-4281,-3028,1834,pos,0 days 00:18:43.303000,0 days 01:15:40.398000
2024-06-23 13:21:57.936,OnTrack,-4215,-3105,1835,pos,0 days 00:18:43.523000,0 days 01:15:40.618000
2024-06-23 13:21:58.156,OnTrack,-4180,-3155,1835,pos,0 days 00:18:43.743000,0 days 01:15:40.838000
2024-06-23 13:21:58.396,OnTrack,-4132,-3236,1836,pos,0 days 00:18:43.983000,0 days 01:15:41.078000
2024-06-23 13:21:58.596,OnTrack,-4098,-3310,1837,pos,0 days 00:18:44.183000,0 days 01:15:41.278000
2024-06-23 13:21:58.935,OnTrack,-4053,-3451,1838,pos,0 days 00:18:44.522000,0 days 01:15:41.617000
2024-06-23 13:21:59.115,OnTrack,-4037,-3532,1839,pos,0 days 00:18:44.702000,0 days 01:15:41.797000
2024-06-23 13:21:59.315,OnTrack,-4028,-3626,1839,pos,0 days 00:18:44.902000,0 days 01:15:41.997000
2024-06-23 13:21:59.536,OnTrack,-4029,-3745,1839,pos,0 days 00:18:45.123000,0 days 01:15:42.218000
2024-06-23 13:21:59.716,OnTrack,-4040,-3838,1839,pos,0 days 00:18:45.303000,0 days 01:15:42.398000
2024-06-23 13:21:59.876,OnTrack,-4058,-3920,1838,pos,0 days 00:18:45.463000,0 days 01:15:42.558000
2024-06-23 13:22:00.056,OnTrack,-4083,-4004,1837,pos,0 days 00:18:45.643000,0 days 01:15:42.738000
2024-06-23 13:22:00.276,OnTrack,-4129,-4119,1836,pos,0 days 00:18:45.863000,0 days 01:15:42.958000
2024-06-23 13:22:00.396,OnTrack,-4159,-4181,1835,pos,0 days 00:18:45.983000,0 days 01:15:43.078000
2024-06-23 13:22:00.676,OnTrack,-4246,-4323,1833,pos,0 days 00:18:46.263000,0 days 01:15:43.358000
2024-06-23 13:22:00.956,OnTrack,-4344,-4463,1829,pos,0 days 00:18:46.543000,0 days 01:15:43.638000
2024-06-23 13:22:01.156,OnTrack,-4417,-4564,1828,pos,0 days 00:18:46.743000,0 days 01:15:43.838000
2024-06-23 13:22:01.396,OnTrack,-4507,-4687,1824,pos,0 days 00:18:46.983000,0 days 01:15:44.078000
2024-06-23 13:22:01.476,OnTrack,-4537,-4728,1823,pos,0 days 00:18:47.063000,0 days 01:15:44.158000
2024-06-23 13:22:01.756,OnTrack,-4645,-4876,1819,pos,0 days 00:18:47.343000,0 days 01:15:44.438000
2024-06-23 13:22:01.976,OnTrack,-4785,-5068,1815,pos,0 days 00:18:47.563000,0 days 01:15:44.658000
2024-06-23 13:22:02.436,OnTrack,-4902,-5228,1811,pos,0 days 00:18:48.023000,0 days 01:15:45.118000
2024-06-23 13:22:02.556,OnTrack,-4940,-5283,1810,pos,0 days 00:18:48.143000,0 days 01:15:45.238000
2024-06-23 13:22:02.836,OnTrack,-5021,-5401,1806,pos,0 days 00:18:48.423000,0 days 01:15:45.518000
2024-06-23 13:22:02.996,OnTrack,-5088,-5508,1802,pos,0 days 00:18:48.583000,0 days 01:15:45.678000
2024-06-23 13:22:03.476,OnTrack,-5160,-5647,1797,pos,0 days 00:18:49.063000,0 days 01:15:46.158000
2024-06-23 13:22:03.556,OnTrack,-5172,-5676,1795,pos,0 days 00:18:49.143000,0 days 01:15:46.238000
2024-06-23 13:22:03.796,OnTrack,-5201,-5757,1791,pos,0 days 00:18:49.383000,0 days 01:15:46.478000
2024-06-23 13:22:03.976,OnTrack,-5216,-5816,1789,pos,0 days 00:18:49.563000,0 days 01:15:46.658000
2024-06-23 13:22:04.296,OnTrack,-5226,-5945,1784,pos,0 days 00:18:49.883000,0 days 01:15:46.978000
2024-06-23 13:22:04.676,OnTrack,-5211,-6025,1779,pos,0 days 00:18:50.263000,0 days 01:15:47.358000
2024-06-23 13:22:04.916,OnTrack,-5184,-6086,1775,pos,0 days 00:18:50.503000,0 days 01:15:47.598000
2024-06-23 13:22:05.076,OnTrack,-5160,-6123,1772,pos,0 days 00:18:50.663000,0 days 01:15:47.758000
2024-06-23 13:22:05.336,OnTrack,-5088,-6190,1768,pos,0 days 00:18:50.923000,0 days 01:15:48.018000
2024-06-23 13:22:05.615,OnTrack,-5053,-6211,1768,pos,0 days 00:18:51.202000,0 days 01:15:48.297000
2024-06-23 13:22:05.835,OnTrack,-5002,-6232,1763,pos,0 days 00:18:51.422000,0 days 01:15:48.517000
2024-06-23 13:22:06.016,OnTrack,-4951,-6244,1761,pos,0 days 00:18:51.603000,0 days 01:15:48.698000
2024-06-23 13:22:06.296,OnTrack,-4876,-6251,1756,pos,0 days 00:18:51.883000,0 days 01:15:48.978000
2024-06-23 13:22:06.536,OnTrack,-4808,-6248,1752,pos,0 days 00:18:52.123000,0 days 01:15:49.218000
2024-06-23 13:22:06.796,OnTrack,-4738,-6235,1747,pos,0 days 00:18:52.383000,0 days 01:15:49.478000
2024-06-23 13:22:06.996,OnTrack,-4678,-6219,1744,pos,0 days 00:18:52.583000,0 days 01:15:49.678000
2024-06-23 13:22:07.936,OnTrack,-4326,-6054,1720,pos,0 days 00:18:53.523000,0 days 01:15:50.618000
2024-06-23 13:22:08.296,OnTrack,-4222,-5997,1713,pos,0 days 00:18:53.883000,0 days 01:15:50.978000
2024-06-23 13:22:08.616,OnTrack,-4083,-5923,1704,pos,0 days 00:18:54.203000,0 days 01:15:51.298000
2024-06-23 13:22:08.756,OnTrack,-3953,-5859,1695,pos,0 days 00:18:54.343000,0 days 01:15:51.438000
2024-06-23 13:22:09.236,OnTrack,-3782,-5781,1686,pos,0 days 00:18:54.823000,0 days 01:15:51.918000
2024-06-23 13:22:09.416,OnTrack,-3687,-5742,1681,pos,0 days 00:18:55.003000,0 days 01:15:52.098000
2024-06-23 13:22:09.476,OnTrack,-3655,-5728,1680,pos,0 days 00:18:55.063000,0 days 01:15:52.158000
2024-06-23 13:22:09.716,OnTrack,-3522,-5672,1675,pos,0 days 00:18:55.303000,0 days 01:15:52.398000
2024-06-23 13:22:09.976,OnTrack,-3377,-5606,1668,pos,0 days 00:18:55.563000,0 days 01:15:52.658000
2024-06-23 13:22:10.276,OnTrack,-3155,-5482,1660,pos,0 days 00:18:55.863000,0 days 01:15:52.958000
2024-06-23 13:22:10.496,OnTrack,-3090,-5439,1658,pos,0 days 00:18:56.083000,0 days 01:15:53.178000
2024-06-23 13:22:10.776,OnTrack,-2941,-5325,1654,pos,0 days 00:18:56.363000,0 days 01:15:53.458000
2024-06-23 13:22:11.096,OnTrack,-2760,-5157,1651,pos,0 days 00:18:56.683000,0 days 01:15:53.778000
2024-06-23 13:22:11.436,OnTrack,-2624,-5001,1651,pos,0 days 00:18:57.023000,0 days 01:15:54.118000
2024-06-23 13:22:11.536,OnTrack,-2580,-4945,1651,pos,0 days 00:18:57.123000,0 days 01:15:54.218000
2024-06-23 13:22:11.796,OnTrack,-2473,-4798,1651,pos,0 days 00:18:57.383000,0 days 01:15:54.478000
2024-06-23 13:22:12.095,OnTrack,-2342,-4608,1652,pos,0 days 00:18:57.682000,0 days 01:15:54.777000
2024-06-23 13:22:12.455,OnTrack,-2249,-4473,1654,pos,0 days 00:18:58.042000,0 days 01:15:55.137000
2024-06-23 13:22:12.596,OnTrack,-2206,-4407,1656,pos,0 days 00:18:58.183000,0 days 01:15:55.278000
2024-06-23 13:22:12.936,OnTrack,-2114,-4230,1661,pos,0 days 00:18:58.523000,0 days 01:15:55.618000
2024-06-23 13:22:13.196,OnTrack,-2096,-4151,1662,pos,0 days 00:18:58.783000,0 days 01:15:55.878000
2024-06-23 13:22:13.356,OnTrack,-2087,-4081,1662,pos,0 days 00:18:58.943000,0 days 01:15:56.038000
2024-06-23 13:22:13.576,OnTrack,-2083,-3989,1665,pos,0 days 00:18:59.163000,0 days 01:15:56.258000
2024-06-23 13:22:13.836,OnTrack,-2088,-3886,1669,pos,0 days 00:18:59.423000,0 days 01:15:56.518000
2024-06-23 13:22:14.156,OnTrack,-2113,-3769,1675,pos,0 days 00:18:59.743000,0 days 01:15:56.838000
2024-06-23 13:22:14.336,OnTrack,-2150,-3691,1680,pos,0 days 00:18:59.923000,0 days 01:15:57.018000
2024-06-23 13:22:14.656,OnTrack,-2210,-3614,1684,pos,0 days 00:19:00.243000,0 days 01:15:57.338000
2024-06-23 13:22:14.896,OnTrack,-2278,-3552,1688,pos,0 days 00:19:00.483000,0 days 01:15:57.578000
2024-06-23 13:22:15.076,OnTrack,-2382,-3476,1693,pos,0 days 00:19:00.663000,0 days 01:15:57.758000
2024-06-23 13:22:15.416,OnTrack,-2450,-3427,1697,pos,0 days 00:19:01.003000,0 days 01:15:58.098000
2024-06-23 13:22:15.776,OnTrack,-2612,-3284,1710,pos,0 days 00:19:01.363000,0 days 01:15:58.458000
2024-06-23 13:22:16.196,OnTrack,-2736,-3117,1727,pos,0 days 00:19:01.783000,0 days 01:15:58.878000
2024-06-23 13:22:16.516,OnTrack,-2787,-3024,1733,pos,0 days 00:19:02.103000,0 days 01:15:59.198000
2024-06-23 13:22:16.776,OnTrack,-2847,-2895,1741,pos,0 days 00:19:02.363000,0 days 01:15:59.458000
2024-06-23 13:22:16.976,OnTrack,-2893,-2792,1748,pos,0 days 00:19:02.563000,0 days 01:15:59.658000
2024-06-23 13:22:17.216,OnTrack,-2988,-2591,1762,pos,0 days 00:19:02.803000,0 days 01:15:59.898000
2024-06-23 13:22:17.556,OnTrack,-3040,-2482,1769,pos,0 days 00:19:03.143000,0 days 01:16:00.238000
2024-06-23 13:22:17.756,OnTrack,-3098,-2359,1777,pos,0 days 00:19:03.343000,0 days 01:16:00.438000
2024-06-23 13:22:18.036,OnTrack,-3199,-2146,1791,pos,0 days 00:19:03.623000,0 days 01:16:00.718000
2024-06-23 13:22:18.276,OnTrack,-3244,-2052,1797,pos,0 days 00:19:03.863000,0 days 01:16:00.958000
2024-06-23 13:22:18.576,OnTrack,-3330,-1874,1809,pos,0 days 00:19:04.163000,0 days 01:16:01.258000
2024-06-23 13:22:18.715,OnTrack,-3370,-1789,1814,pos,0 days 00:19:04.302000,0 days 01:16:01.397000
2024-06-23 13:22:19.015,OnTrack,-3465,-1541,1830,pos,0 days 00:19:04.602000,0 days 01:16:01.697000
2024-06-23 13:22:19.356,OnTrack,-3500,-1377,1839,pos,0 days 00:19:04.943000,0 days 01:16:02.038000
2024-06-23 13:22:19.596,OnTrack,-3508,-1224,1845,pos,0 days 00:19:05.183000,0 days 01:16:02.278000
2024-06-23 13:22:19.816,OnTrack,-3500,-1097,1850,pos,0 days 00:19:05.403000,0 days 01:16:02.498000
2024-06-23 13:22:20.016,OnTrack,-3482,-974,1855,pos,0 days 00:19:05.603000,0 days 01:16:02.698000
2024-06-23 13:22:20.256,OnTrack,-3447,-832,1859,pos,0 days 00:19:05.843000,0 days 01:16:02.938000
2024-06-23 13:22:20.476,OnTrack,-3374,-640,1866,pos,0 days 00:19:06.063000,0 days 01:16:03.158000
2024-06-23 13:22:20.856,OnTrack,-3297,-505,1871,pos,0 days 00:19:06.443000,0 days 01:16:03.538000
2024-06-23 13:22:21.036,OnTrack,-3202,-387,1873,pos,0 days 00:19:06.623000,0 days 01:16:03.718000
2024-06-23 13:22:21.336,OnTrack,-2994,-244,1874,pos,0 days 00:19:06.923000,0 days 01:16:04.018000
2024-06-23 13:22:21.756,OnTrack,-2799,-161,1874,pos,0 days 00:19:07.343000,0 days 01:16:04.438000
2024-06-23 13:22:21.836,OnTrack,-2750,-142,1873,pos,0 days 00:19:07.423000,0 days 01:16:04.518000
2024-06-23 13:22:22.016,OnTrack,-2639,-98,1871,pos,0 days 00:19:07.603000,0 days 01:16:04.698000
2024-06-23 13:22:22.216,OnTrack,-2516,-44,1870,pos,0 days 00:19:07.803000,0 days 01:16:04.898000
2024-06-23 13:22:22.536,OnTrack,-2317,47,1868,pos,0 days 00:19:08.123000,0 days 01:16:05.218000
2024-06-23 13:22:22.796,OnTrack,-2152,125,1865,pos,0 days 00:19:08.383000,0 days 01:16:05.478000
2024-06-23 13:22:22.916,OnTrack,-2010,193,1863,pos,0 days 00:19:08.503000,0 days 01:16:05.598000
2024-06-23 13:22:23.316,OnTrack,-1812,286,1861,pos,0 days 00:19:08.903000,0 days 01:16:05.998000
2024-06-23 13:22:23.576,OnTrack,-1584,394,1858,pos,0 days 00:19:09.163000,0 days 01:16:06.258000
2024-06-23 13:22:23.956,OnTrack,-1281,539,1854,pos,0 days 00:19:09.543000,0 days 01:16:06.638000
2024-06-23 13:22:24.336,OnTrack,-1120,618,1852,pos,0 days 00:19:09.923000,0 days 01:16:07.018000
2024-06-23 13:22:24.616,OnTrack,-878,744,1849,pos,0 days 00:19:10.203000,0 days 01:16:07.298000
2024-06-23 13:22:24.856,OnTrack,-766,804,1847,pos,0 days 00:19:10.443000,0 days 01:16:07.538000
2024-06-23 13:22:25.116,OnTrack,-581,903,1845,pos,0 days 00:19:10.703000,0 days 01:16:07.798000
2024-06-23 13:22:25.355,OnTrack,-409,995,1842,pos,0 days 00:19:10.942000,0 days 01:16:08.037000
2024-06-23 13:22:25.535,OnTrack,-279,1064,1841,pos,0 days 00:19:11.122000,0 days 01:16:08.217000
2024-06-23 13:22:25.816,OnTrack,-61,1180,1838,pos,0 days 00:19:11.403000,0 days 01:16:08.498000
2024-06-23 13:22:25.996,OnTrack,69,1250,1836,pos,0 days 00:19:11.583000,0 days 01:16:08.678000
2024-06-23 13:22:26.276,OnTrack,320,1382,1833,pos,0 days 00:19:11.863000,0 days 01:16:08.958000
2024-06-23 13:22:26.536,OnTrack,395,1420,1831,pos,0 days 00:19:12.123000,0 days 01:16:09.218000
2024-06-23 13:22:26.876,OnTrack,666,1544,1828,pos,0 days 00:19:12.463000,0 days 01:16:09.558000
2024-06-23 13:22:27.076,OnTrack,846,1616,1826,pos,0 days 00:19:12.663000,0 days 01:16:09.758000
2024-06-23 13:22:27.356,OnTrack,945,1656,1824,pos,0 days 00:19:12.943000,0 days 01:16:10.038000
2024-06-23 13:22:27.696,OnTrack,1095,1719,1823,pos,0 days 00:19:13.283000,0 days 01:16:10.378000
2024-06-23 13:22:27.896,OnTrack,1200,1770,1822,pos,0 days 00:19:13.483000,0 days 01:16:10.578000
2024-06-23 13:22:28.156,OnTrack,1259,1804,1821,pos,0 days 00:19:13.743000,0 days 01:16:10.838000
2024-06-23 13:22:28.396,OnTrack,1327,1854,1821,pos,0 days 00:19:13.983000,0 days 01:16:11.078000
2024-06-23 13:22:28.596,OnTrack,1375,1900,1820,pos,0 days 00:19:14.183000,0 days 01:16:11.278000
2024-06-23 13:22:28.796,OnTrack,1413,1950,1819,pos,0 days 00:19:14.383000,0 days 01:16:11.478000
2024-06-23 13:22:29.156,OnTrack,1457,2064,1818,pos,0 days 00:19:14.743000,0 days 01:16:11.838000
2024-06-23 13:22:29.396,OnTrack,1463,2122,1817,pos,0 days 00:19:14.983000,0 days 01:16:12.078000
2024-06-23 13:22:29.656,OnTrack,1457,2198,1817,pos,0 days 00:19:15.243000,0 days 01:16:12.338000
2024-06-23 13:22:29.956,OnTrack,1434,2281,1818,pos,0 days 00:19:15.543000,0 days 01:16:12.638000
2024-06-23 13:22:30.176,OnTrack,1410,2337,1819,pos,0 days 00:19:15.763000,0 days 01:16:12.858000
2024-06-23 13:22:30.356,OnTrack,1378,2392,1821,pos,0 days 00:19:15.943000,0 days 01:16:13.038000
2024-06-23 13:22:30.776,OnTrack,1319,2469,1824,pos,0 days 00:19:16.363000,0 days 01:16:13.458000
2024-06-23 13:22:30.876,OnTrack,1301,2488,1824,pos,0 days 00:19:16.463000,0 days 01:16:13.558000
2024-06-23 13:22:31.136,OnTrack,1216,2558,1826,pos,0 days 00:19:16.723000,0 days 01:16:13.818000
2024-06-23 13:22:31.556,OnTrack,1145,2597,1828,pos,0 days 00:19:17.143000,0 days 01:16:14.238000
2024-06-23 13:22:31.756,OnTrack,1088,2619,1830,pos,0 days 00:19:17.343000,0 days 01:16:14.438000
2024-06-23 13:22:32.015,OnTrack,1007,2640,1831,pos,0 days 00:19:17.602000,0 days 01:16:14.697000
2024-06-23 13:22:32.215,OnTrack,912,2655,1833,pos,0 days 00:19:17.802000,0 days 01:16:14.897000
2024-06-23 13:22:32.636,OnTrack,755,2658,1836,pos,0 days 00:19:18.223000,0 days 01:16:15.318000
2024-06-23 13:22:32.936,OnTrack,666,2648,1839,pos,0 days 00:19:18.523000,0 days 01:16:15.618000
2024-06-23 13:22:33.156,OnTrack,573,2629,1841,pos,0 days 00:19:18.743000,0 days 01:16:15.838000
2024-06-23 13:22:33.336,OnTrack,495,2606,1843,pos,0 days 00:19:18.923000,0 days 01:16:16.018000
2024-06-23 13:22:33.496,OnTrack,424,2579,1845,pos,0 days 00:19:19.083000,0 days 01:16:16.178000
2024-06-23 13:22:33.736,OnTrack,317,2528,1850,pos,0 days 00:19:19.323000,0 days 01:16:16.418000
2024-06-23 13:22:34.056,OnTrack,132,2410,1860,pos,0 days 00:19:19.643000,0 days 01:16:16.738000
2024-06-23 13:22:34.496,OnTrack,-93,2258,1871,pos,0 days 00:19:20.083000,0 days 01:16:17.178000
2024-06-23 13:22:34.756,OnTrack,-185,2212,1875,pos,0 days 00:19:20.343000,0 days 01:16:17.438000
2024-06-23 13:22:35.116,OnTrack,-341,2154,1880,pos,0 days 00:19:20.703000,0 days 01:16:17.798000
2024-06-23 13:22:35.276,OnTrack,-409,2138,1883,pos,0 days 00:19:20.863000,0 days 01:16:17.958000
2024-06-23 13:22:35.456,OnTrack,-483,2127,1886,pos,0 days 00:19:21.043000,0 days 01:16:18.138000
2024-06-23 13:22:35.736,OnTrack,-631,2125,1893,pos,0 days 00:19:21.323000,0 days 01:16:18.418000
2024-06-23 13:22:36.056,OnTrack,-710,2137,1898,pos,0 days 00:19:21.643000,0 days 01:16:18.738000
2024-06-23 13:22:36.316,OnTrack,-795,2165,1902,pos,0 days 00:19:21.903000,0 days 01:16:18.998000
2024-06-23 13:22:36.476,OnTrack,-880,2217,1906,pos,0 days 00:19:22.063000,0 days 01:16:19.158000
2024-06-23 13:22:36.836,OnTrack,-932,2267,1908,pos,0 days 00:19:22.423000,0 days 01:16:19.518000
2024-06-23 13:22:37.156,OnTrack,-1002,2376,1911,pos,0 days 00:19:22.743000,0 days 01:16:19.838000
2024-06-23 13:22:37.536,OnTrack,-1041,2496,1913,pos,0 days 00:19:23.123000,0 days 01:16:20.218000
2024-06-23 13:22:37.816,OnTrack,-1049,2552,1913,pos,0 days 00:19:23.403000,0 days 01:16:20.498000
2024-06-23 13:22:38.056,OnTrack,-1050,2626,1914,pos,0 days 00:19:23.643000,0 days 01:16:20.738000
2024-06-23 13:22:38.336,OnTrack,-1041,2715,1916,pos,0 days 00:19:23.923000,0 days 01:16:21.018000
2024-06-23 13:22:38.615,OnTrack,-1017,2811,1917,pos,0 days 00:19:24.202000,0 days 01:16:21.297000
2024-06-23 13:22:38.956,OnTrack,-973,2920,1919,pos,0 days 00:19:24.543000,0 days 01:16:21.638000
2024-06-23 13:22:39.116,OnTrack,-946,2971,1920,pos,0 days 00:19:24.703000,0 days 01:16:21.798000
2024-06-23 13:22:39.396,OnTrack,-841,3120,1922,pos,0 days 00:19:24.983000,0 days 01:16:22.078000
2024-06-23 13:22:39.756,OnTrack,-761,3203,1923,pos,0 days 00:19:25.343000,0 days 01:16:22.438000
2024-06-23 13:22:39.876,OnTrack,-723,3239,1923,pos,0 days 00:19:25.463000,0 days 01:16:22.558000
2024-06-23 13:22:40.236,OnTrack,-596,3344,1921,pos,0 days 00:19:25.823000,0 days 01:16:22.918000
2024-06-23 13:22:40.436,OnTrack,-519,3404,1921,pos,0 days 00:19:26.023000,0 days 01:16:23.118000
2024-06-23 13:22:40.616,OnTrack,-447,3460,1920,pos,0 days 00:19:26.203000,0 days 01:16:23.298000
2024-06-23 13:22:40.856,OnTrack,-348,3538,1918,pos,0 days 00:19:26.443000,0 days 01:16:23.538000
2024-06-23 13:22:40.956,OnTrack,-307,3574,1917,pos,0 days 00:19:26.543000,0 days 01:16:23.638000
2024-06-23 13:22:41.296,OnTrack,-161,3698,1913,pos,0 days 00:19:26.883000,0 days 01:16:23.978000
2024-06-23 13:22:41.456,OnTrack,-90,3759,1910,pos,0 days 00:19:27.043000,0 days 01:16:24.138000
2024-06-23 13:22:41.636,OnTrack,39,3865,1905,pos,0 days 00:19:27.223000,0 days 01:16:24.318000
2024-06-23 13:22:41.976,OnTrack,158,3954,1900,pos,0 days 00:19:27.563000,0 days 01:16:24.658000
2024-06-23 13:22:42.196,OnTrack,274,4028,1895,pos,0 days 00:19:27.783000,0 days 01:16:24.878000
2024-06-23 13:22:42.516,OnTrack,461,4106,1886,pos,0 days 00:19:28.103000,0 days 01:16:25.198000
2024-06-23 13:22:42.736,OnTrack,615,4137,1879,pos,0 days 00:19:28.323000,0 days 01:16:25.418000
2024-06-23 13:22:42.936,OnTrack,746,4139,1872,pos,0 days 00:19:28.523000,0 days 01:16:25.618000
2024-06-23 13:22:43.016,OnTrack,800,4135,1869,pos,0 days 00:19:28.603000,0 days 01:16:25.698000
2024-06-23 13:22:43.196,OnTrack,920,4116,1863,pos,0 days 00:19:28.783000,0 days 01:16:25.878000
2024-06-23 13:22:43.376,OnTrack,1036,4087,1856,pos,0 days 00:19:28.963000,0 days 01:16:26.058000
2024-06-23 13:22:43.576,OnTrack,1162,4041,1848,pos,0 days 00:19:29.163000,0 days 01:16:26.258000
2024-06-23 13:22:43.836,OnTrack,1321,3967,1839,pos,0 days 00:19:29.423000,0 days 01:16:26.518000
2024-06-23 13:22:44.036,OnTrack,1440,3902,1831,pos,0 days 00:19:29.623000,0 days 01:16:26.718000
2024-06-23 13:22:44.276,OnTrack,1665,3764,1818,pos,0 days 00:19:29.863000,0 days 01:16:26.958000
2024-06-23 13:22:44.796,OnTrack,1975,3566,1800,pos,0 days 00:19:30.383000,0 days 01:16:27.478000
2024-06-23 13:22:45.035,OnTrack,2035,3527,1796,pos,0 days 00:19:30.622000,0 days 01:16:27.717000
2024-06-23 13:22:45.255,OnTrack,2169,3442,1789,pos,0 days 00:19:30.842000,0 days 01:16:27.937000
2024-06-23 13:22:45.516,OnTrack,2337,3328,1780,pos,0 days 00:19:31.103000,0 days 01:16:28.198000
2024-06-23 13:22:45.756,OnTrack,2522,3182,1770,pos,0 days 00:19:31.343000,0 days 01:16:28.438000
2024-06-23 13:22:46.136,OnTrack,2615,3089,1765,pos,0 days 00:19:31.723000,0 days 01:16:28.818000
2024-06-23 13:22:46.356,OnTrack,2706,2983,1760,pos,0 days 00:19:31.943000,0 days 01:16:29.038000
2024-06-23 13:22:46.596,OnTrack,2817,2775,1753,pos,0 days 00:19:32.183000,0 days 01:16:29.278000
2024-06-23 13:22:46.896,OnTrack,2848,2680,1750,pos,0 days 00:19:32.483000,0 days 01:16:29.578000
2024-06-23 13:22:47.256,OnTrack,2885,2384,1743,pos,0 days 00:19:32.843000,0 days 01:16:29.938000
2024-06-23 13:22:47.596,OnTrack,2871,2245,1740,pos,0 days 00:19:33.183000,0 days 01:16:30.278000
2024-06-23 13:22:47.836,OnTrack,2810,2024,1736,pos,0 days 00:19:33.423000,0 days 01:16:30.518000
2024-06-23 13:22:48.236,OnTrack,2698,1797,1733,pos,0 days 00:19:33.823000,0 days 01:16:30.918000
2024-06-23 13:22:48.596,OnTrack,2608,1647,1731,pos,0 days 00:19:34.183000,0 days 01:16:31.278000
2024-06-23 13:22:48.776,OnTrack,2542,1544,1729,pos,0 days 00:19:34.363000,0 days 01:16:31.458000
2024-06-23 13:22:49.056,OnTrack,2435,1382,1726,pos,0 days 00:19:34.643000,0 days 01:16:31.738000
2024-06-23 13:22:49.156,OnTrack,2397,1324,1725,pos,0 days 00:19:34.743000,0 days 01:16:31.838000
2024-06-23 13:22:49.416,OnTrack,2297,1169,1722,pos,0 days 00:19:35.003000,0 days 01:16:32.098000
2024-06-23 13:22:49.656,OnTrack,2203,1025,1719,pos,0 days 00:19:35.243000,0 days 01:16:32.338000
2024-06-23 13:22:49.916,OnTrack,2100,867,1717,pos,0 days 00:19:35.503000,0 days 01:16:32.598000
2024-06-23 13:22:50.036,OnTrack,2052,793,1716,pos,0 days 00:19:35.623000,0 days 01:16:32.718000
2024-06-23 13:22:50.356,OnTrack,1898,557,1712,pos,0 days 00:19:35.943000,0 days 01:16:33.038000
2024-06-23 13:22:50.736,OnTrack,1709,267,1709,pos,0 days 00:19:36.323000,0 days 01:16:33.418000
2024-06-23 13:22:51.096,OnTrack,1637,156,1706,pos,0 days 00:19:36.683000,0 days 01:16:33.778000
2024-06-23 13:22:51.336,OnTrack,1537,0,1708,pos,0 days 00:19:36.923000,0 days 01:16:34.018000
2024-06-23 13:22:51.496,OnTrack,1470,-104,1708,pos,0 days 00:19:37.083000,0 days 01:16:34.178000
2024-06-23 13:22:51.755,OnTrack,1360,-275,1707,pos,0 days 00:19:37.342000,0 days 01:16:34.437000
2024-06-23 13:22:51.996,OnTrack,1250,-448,1707,pos,0 days 00:19:37.583000,0 days 01:16:34.678000
2024-06-23 13:22:52.036,OnTrack,1233,-475,1708,pos,0 days 00:19:37.623000,0 days 01:16:34.718000
2024-06-23 13:22:52.376,OnTrack,1045,-771,1708,pos,0 days 00:19:37.963000,0 days 01:16:35.058000
2024-06-23 13:22:52.736,OnTrack,942,-934,1708,pos,0 days 00:19:38.323000,0 days 01:16:35.418000
2024-06-23 13:22:53.016,OnTrack,821,-1124,1708,pos,0 days 00:19:38.603000,0 days 01:16:35.698000
2024-06-23 13:22:53.136,OnTrack,769,-1206,1708,pos,0 days 00:19:38.723000,0 days 01:16:35.818000
2024-06-23 13:22:53.456,OnTrack,629,-1426,1707,pos,0 days 00:19:39.043000,0 days 01:16:36.138000
2024-06-23 13:22:53.676,OnTrack,497,-1634,1708,pos,0 days 00:19:39.263000,0 days 01:16:36.358000
2024-06-23 13:22:53.996,OnTrack,391,-1801,1708,pos,0 days 00:19:39.583000,0 days 01:16:36.678000
2024-06-23 13:22:54.116,OnTrack,338,-1884,1708,pos,0 days 00:19:39.703000,0 days 01:16:36.798000
2024-06-23 13:22:54.336,OnTrack,241,-2038,1708,pos,0 days 00:19:39.923000,0 days 01:16:37.018000
2024-06-23 13:22:54.536,OnTrack,152,-2178,1707,pos,0 days 00:19:40.123000,0 days 01:16:37.218000
2024-06-23 13:22:54.896,OnTrack,-9,-2432,1707,pos,0 days 00:19:40.483000,0 days 01:16:37.578000
2024-06-23 13:22:55.096,OnTrack,-101,-2574,1706,pos,0 days 00:19:40.683000,0 days 01:16:37.778000
2024-06-23 13:22:55.256,OnTrack,-175,-2688,1706,pos,0 days 00:19:40.843000,0 days 01:16:37.938000
2024-06-23 13:22:55.476,OnTrack,-276,-2841,1704,pos,0 days 00:19:41.063000,0 days 01:16:38.158000
2024-06-23 13:22:55.736,OnTrack,-453,-3107,1701,pos,0 days 00:19:41.323000,0 days 01:16:38.418000
2024-06-23 13:22:56.136,OnTrack,-583,-3303,1698,pos,0 days 00:19:41.723000,0 days 01:16:38.818000
2024-06-23 13:22:56.316,OnTrack,-667,-3429,1696,pos,0 days 00:19:41.903000,0 days 01:16:38.998000
2024-06-23 13:22:56.516,OnTrack,-818,-3654,1692,pos,0 days 00:19:42.103000,0 days 01:16:39.198000
2024-06-23 13:22:56.876,OnTrack,-970,-3880,1686,pos,0 days 00:19:42.463000,0 days 01:16:39.558000
2024-06-23 13:22:57.176,OnTrack,-1074,-4036,1682,pos,0 days 00:19:42.763000,0 days 01:16:39.858000
2024-06-23 13:22:57.476,OnTrack,-1217,-4248,1676,pos,0 days 00:19:43.063000,0 days 01:16:40.158000
2024-06-23 13:22:57.636,OnTrack,-1293,-4362,1673,pos,0 days 00:19:43.223000,0 days 01:16:40.318000
2024-06-23 13:22:57.836,OnTrack,-1388,-4504,1669,pos,0 days 00:19:43.423000,0 days 01:16:40.518000
2024-06-23 13:22:58.036,OnTrack,-1484,-4645,1665,pos,0 days 00:19:43.623000,0 days 01:16:40.718000
2024-06-23 13:22:58.215,OnTrack,-1574,-4780,1661,pos,0 days 00:19:43.802000,0 days 01:16:40.897000
2024-06-23 13:22:58.556,OnTrack,-1815,-5160,1652,pos,0 days 00:19:44.143000,0 days 01:16:41.238000
2024-06-23 13:22:58.936,OnTrack,-1927,-5351,1648,pos,0 days 00:19:44.523000,0 days 01:16:41.618000
2024-06-23 13:22:59.136,OnTrack,-2012,-5499,1646,pos,0 days 00:19:44.723000,0 days 01:16:41.818000
2024-06-23 13:22:59.236,OnTrack,-2045,-5558,1645,pos,0 days 00:19:44.823000,0 days 01:16:41.918000
2024-06-23 13:22:59.616,OnTrack,-2242,-5912,1640,pos,0 days 00:19:45.203000,0 days 01:16:42.298000
2024-06-23 13:22:59.976,OnTrack,-2401,-6194,1637,pos,0 days 00:19:45.563000,0 days 01:16:42.658000
2024-06-23 13:23:00.416,OnTrack,-2515,-6380,1634,pos,0 days 00:19:46.003000,0 days 01:16:43.098000
2024-06-23 13:23:00.636,OnTrack,-2587,-6488,1633,pos,0 days 00:19:46.223000,0 days 01:16:43.318000
2024-06-23 13:23:00.796,OnTrack,-2642,-6564,1632,pos,0 days 00:19:46.383000,0 days 01:16:43.478000
2024-06-23 13:23:00.956,OnTrack,-2696,-6634,1631,pos,0 days 00:19:46.543000,0 days 01:16:43.638000
2024-06-23 13:23:01.156,OnTrack,-2763,-6712,1630,pos,0 days 00:19:46.743000,0 days 01:16:43.838000
2024-06-23 13:23:01.396,OnTrack,-2841,-6794,1627,pos,0 days 00:19:46.983000,0 days 01:16:44.078000
2024-06-23 13:23:01.616,OnTrack,-2914,-6858,1625,pos,0 days 00:19:47.203000,0 days 01:16:44.298000
2024-06-23 13:23:01.776,OnTrack,-2969,-6898,1624,pos,0 days 00:19:47.363000,0 days 01:16:44.458000
2024-06-23 13:23:02.056,OnTrack,-3066,-6953,1625,pos,0 days 00:19:47.643000,0 days 01:16:44.738000
2024-06-23 13:23:02.216,OnTrack,-3124,-6975,1623,pos,0 days 00:19:47.803000,0 days 01:16:44.898000
2024-06-23 13:23:02.416,OnTrack,-3244,-6995,1625,pos,0 days 00:19:48.003000,0 days 01:16:45.098000
2024-06-23 13:23:02.776,OnTrack,-3335,-6989,1626,pos,0 days 00:19:48.363000,0 days 01:16:45.458000
2024-06-23 13:23:03.096,OnTrack,-3453,-6957,1629,pos,0 days 00:19:48.683000,0 days 01:16:45.778000
2024-06-23 13:23:03.316,OnTrack,-3561,-6912,1631,pos,0 days 00:19:48.903000,0 days 01:16:45.998000
2024-06-23 13:23:03.636,OnTrack,-3647,-6872,1632,pos,0 days 00:19:49.223000,0 days 01:16:46.318000
2024-06-23 13:23:03.876,OnTrack,-3736,-6832,1633,pos,0 days 00:19:49.463000,0 days 01:16:46.558000
2024-06-23 13:23:04.116,OnTrack,-3829,-6796,1635,pos,0 days 00:19:49.703000,0 days 01:16:46.798000
2024-06-23 13:23:04.296,OnTrack,-3903,-6776,1638,pos,0 days 00:19:49.883000,0 days 01:16:46.978000
2024-06-23 13:23:04.516,OnTrack,-3996,-6767,1641,pos,0 days 00:19:50.103000,0 days 01:16:47.198000
2024-06-23 13:23:04.756,OnTrack,-4100,-6778,1645,pos,0 days 00:19:50.343000,0 days 01:16:47.438000
2024-06-23 13:23:04.935,OnTrack,-4223,-6814,1650,pos,0 days 00:19:50.522000,0 days 01:16:47.617000
2024-06-23 13:23:05.336,OnTrack,-4360,-6878,1657,pos,0 days 00:19:50.923000,0 days 01:16:48.018000
2024-06-23 13:23:05.576,OnTrack,-4412,-6908,1661,pos,0 days 00:19:51.163000,0 days 01:16:48.258000
2024-06-23 13:23:05.756,OnTrack,-4521,-6978,1667,pos,0 days 00:19:51.343000,0 days 01:16:48.438000
2024-06-23 13:23:06.156,OnTrack,-4649,-7068,1674,pos,0 days 00:19:51.743000,0 days 01:16:48.838000
2024-06-23 13:23:06.396,OnTrack,-4792,-7167,1683,pos,0 days 00:19:51.983000,0 days 01:16:49.078000
2024-06-23 13:23:06.736,OnTrack,-4917,-7246,1689,pos,0 days 00:19:52.323000,0 days 01:16:49.418000
2024-06-23 13:23:06.996,OnTrack,-5050,-7319,1696,pos,0 days 00:19:52.583000,0 days 01:16:49.678000
2024-06-23 13:23:07.216,OnTrack,-5167,-7372,1701,pos,0 days 00:19:52.803000,0 days 01:16:49.898000
2024-06-23 13:23:07.356,OnTrack,-5311,-7420,1707,pos,0 days 00:19:52.943000,0 days 01:16:50.038000
2024-06-23 13:23:07.676,OnTrack,-5423,-7443,1712,pos,0 days 00:19:53.263000,0 days 01:16:50.358000
2024-06-23 13:23:07.976,OnTrack,-5591,-7455,1719,pos,0 days 00:19:53.563000,0 days 01:16:50.658000
2024-06-23 13:23:08.136,OnTrack,-5680,-7451,1723,pos,0 days 00:19:53.723000,0 days 01:16:50.818000
2024-06-23 13:23:08.376,OnTrack,-5865,-7421,1730,pos,0 days 00:19:53.963000,0 days 01:16:51.058000
2024-06-23 13:23:08.816,OnTrack,-6046,-7363,1737,pos,0 days 00:19:54.403000,0 days 01:16:51.498000
2024-06-23 13:23:08.976,OnTrack,-6129,-7325,1741,pos,0 days 00:19:54.563000,0 days 01:16:51.658000
2024-06-23 13:23:09.176,OnTrack,-6230,-7266,1745,pos,0 days 00:19:54.763000,0 days 01:16:51.858000
2024-06-23 13:23:09.336,OnTrack,-6306,-7212,1748,pos,0 days 00:19:54.923000,0 days 01:16:52.018000
2024-06-23 13:23:09.616,OnTrack,-6427,-7098,1753,pos,0 days 00:19:55.203000,0 days 01:16:52.298000
2024-06-23 13:23:09.816,OnTrack,-6502,-7002,1756,pos,0 days 00:19:55.403000,0 days 01:16:52.498000
2024-06-23 13:23:09.996,OnTrack,-6562,-6908,1759,pos,0 days 00:19:55.583000,0 days 01:16:52.678000
2024-06-23 13:23:10.336,OnTrack,-6650,-6715,1763,pos,0 days 00:19:55.923000,0 days 01:16:53.018000
2024-06-23 13:23:10.516,OnTrack,-6684,-6605,1765,pos,0 days 00:19:56.103000,0 days 01:16:53.198000
2024-06-23 13:23:10.716,OnTrack,-6717,-6438,1767,pos,0 days 00:19:56.303000,0 days 01:16:53.398000
2024-06-23 13:23:11.076,OnTrack,-6732,-6239,1770,pos,0 days 00:19:56.663000,0 days 01:16:53.758000
2024-06-23 13:23:11.176,OnTrack,-6733,-6171,1771,pos,0 days 00:19:56.763000,0 days 01:16:53.858000
2024-06-23 13:23:11.515,OnTrack,-6720,-5940,1774,pos,0 days 00:19:57.102000,0 days 01:16:54.197000
2024-06-23 13:23:11.716,OnTrack,-6692,-5734,1777,pos,0 days 00:19:57.303000,0 days 01:16:54.398000
2024-06-23 13:23:12.076,OnTrack,-6659,-5562,1779,pos,0 days 00:19:57.663000,0 days 01:16:54.758000
2024-06-23 13:23:12.336,OnTrack,-6618,-5396,1782,pos,0 days 00:19:57.923000,0 days 01:16:55.018000
2024-06-23 13:23:12.516,OnTrack,-6581,-5272,1785,pos,0 days 00:19:58.103000,0 days 01:16:55.198000
2024-06-23 13:23:12.736,OnTrack,-6526,-5124,1787,pos,0 days 00:19:58.323000,0 days 01:16:55.418000
2024-06-23 13:23:12.956,OnTrack,-6412,-4901,1791,pos,0 days 00:19:58.543000,0 days 01:16:55.638000
2024-06-23 13:23:13.256,OnTrack,-6341,-4787,1793,pos,0 days 00:19:58.843000,0 days 01:16:55.938000
2024-06-23 13:23:13.616,OnTrack,-6143,-4501,1797,pos,0 days 00:19:59.203000,0 days 01:16:56.298000
2024-06-23 13:23:13.936,OnTrack,-6045,-4365,1799,pos,0 days 00:19:59.523000,0 days 01:16:56.618000
2024-06-23 13:23:14.236,OnTrack,-5922,-4174,1802,pos,0 days 00:19:59.823000,0 days 01:16:56.918000
2024-06-23 13:23:14.256,OnTrack,-5914,-4160,1802,pos,0 days 00:19:59.843000,0 days 01:16:56.938000
2024-06-23 13:23:14.556,OnTrack,-5797,-3960,1805,pos,0 days 00:20:00.143000,0 days 01:16:57.238000
2024-06-23 13:23:14.856,OnTrack,-5654,-3727,1809,pos,0 days 00:20:00.443000,0 days 01:16:57.538000
2024-06-23 13:23:15.136,OnTrack,-5564,-3590,1811,pos,0 days 00:20:00.723000,0 days 01:16:57.818000
2024-06-23 13:23:15.316,OnTrack,-5492,-3484,1813,pos,0 days 00:20:00.903000,0 days 01:16:57.998000
2024-06-23 13:23:15.636,OnTrack,-5378,-3318,1816,pos,0 days 00:20:01.223000,0 days 01:16:58.318000
2024-06-23 13:23:15.856,OnTrack,-5304,-3217,1817,pos,0 days 00:20:01.443000,0 days 01:16:58.538000
2024-06-23 13:23:16.096,OnTrack,-5216,-3108,1818,pos,0 days 00:20:01.683000,0 days 01:16:58.778000
2024-06-23 13:23:16.376,OnTrack,-5139,-3028,1819,pos,0 days 00:20:01.963000,0 days 01:16:59.058000
2024-06-23 13:23:16.556,OnTrack,-5080,-2977,1820,pos,0 days 00:20:02.143000,0 days 01:16:59.238000
2024-06-23 13:23:16.736,OnTrack,-5019,-2933,1820,pos,0 days 00:20:02.323000,0 days 01:16:59.418000
2024-06-23 13:23:17.096,OnTrack,-4837,-2854,1823,pos,0 days 00:20:02.683000,0 days 01:16:59.778000
2024-06-23 13:23:17.356,OnTrack,-4792,-2845,1824,pos,0 days 00:20:02.943000,0 days 01:17:00.038000
2024-06-23 13:23:17.596,OnTrack,-4702,-2839,1825,pos,0 days 00:20:03.183000,0 days 01:17:00.278000
2024-06-23 13:23:17.916,OnTrack,-4556,-2860,1828,pos,0 days 00:20:03.503000,0 days 01:17:00.598000
2024-06-23 13:23:18.175,OnTrack,-4494,-2882,1829,pos,0 days 00:20:03.762000,0 days 01:17:00.857000
2024-06-23 13:23:18.416,OnTrack,-4412,-2923,1831,pos,0 days 00:20:04.003000,0 days 01:17:01.098000
2024-06-23 13:23:18.696,OnTrack,-4332,-2979,1833,pos,0 days 00:20:04.283000,0 days 01:17:01.378000
2024-06-23 13:23:19.356,OnTrack,-4179,-3157,1835,pos,0 days 00:20:04.943000,0 days 01:17:02.038000
2024-06-23 13:23:19.696,OnTrack,-4107,-3288,1837,pos,0 days 00:20:05.283000,0 days 01:17:02.378000
2024-06-23 13:23:20.096,OnTrack,-4057,-3432,1838,pos,0 days 00:20:05.683000,0 days 01:17:02.778000
2024-06-23 13:23:20.256,OnTrack,-4042,-3500,1838,pos,0 days 00:20:05.843000,0 days 01:17:02.938000
2024-06-23 13:23:20.436,OnTrack,-4031,-3582,1839,pos,0 days 00:20:06.023000,0 days 01:17:03.118000
2024-06-23 13:23:20.616,OnTrack,-4027,-3668,1839,pos,0 days 00:20:06.203000,0 days 01:17:03.298000
2024-06-23 13:23:20.856,OnTrack,-4044,-3858,1838,pos,0 days 00:20:06.443000,0 days 01:17:03.538000
2024-06-23 13:23:21.356,OnTrack,-4097,-4043,1837,pos,0 days 00:20:06.943000,0 days 01:17:04.038000
2024-06-23 13:23:21.456,OnTrack,-4151,-4166,1835,pos,0 days 00:20:07.043000,0 days 01:17:04.138000
2024-06-23 13:23:21.816,OnTrack,-4215,-4276,1833,pos,0 days 00:20:07.403000,0 days 01:17:04.498000
2024-06-23 13:23:22.036,OnTrack,-4289,-4385,1831,pos,0 days 00:20:07.623000,0 days 01:17:04.718000
2024-06-23 13:23:22.316,OnTrack,-4388,-4524,1828,pos,0 days 00:20:07.903000,0 days 01:17:04.998000
2024-06-23 13:23:22.596,OnTrack,-4490,-4665,1825,pos,0 days 00:20:08.183000,0 days 01:17:05.278000
2024-06-23 13:23:22.816,OnTrack,-4625,-4849,1820,pos,0 days 00:20:08.403000,0 days 01:17:05.498000
2024-06-23 13:23:23.136,OnTrack,-4694,-4943,1818,pos,0 days 00:20:08.723000,0 days 01:17:05.818000
2024-06-23 13:23:23.356,OnTrack,-4779,-5060,1815,pos,0 days 00:20:08.943000,0 days 01:17:06.038000
2024-06-23 13:23:23.476,OnTrack,-4826,-5124,1814,pos,0 days 00:20:09.063000,0 days 01:17:06.158000
2024-06-23 13:23:23.836,OnTrack,-4987,-5351,1807,pos,0 days 00:20:09.423000,0 days 01:17:06.518000
2024-06-23 13:23:24.256,OnTrack,-5074,-5485,1803,pos,0 days 00:20:09.843000,0 days 01:17:06.938000
2024-06-23 13:23:24.436,OnTrack,-5111,-5549,1800,pos,0 days 00:20:10.023000,0 days 01:17:07.118000
2024-06-23 13:23:24.635,OnTrack,-5147,-5621,1798,pos,0 days 00:20:10.222000,0 days 01:17:07.317000
2024-06-23 13:23:24.795,OnTrack,-5172,-5676,1795,pos,0 days 00:20:10.382000,0 days 01:17:07.477000
2024-06-23 13:23:25.076,OnTrack,-5212,-5796,1790,pos,0 days 00:20:10.663000,0 days 01:17:07.758000
2024-06-23 13:23:25.456,OnTrack,-5227,-5898,1786,pos,0 days 00:20:11.043000,0 days 01:17:08.138000
2024-06-23 13:23:25.556,OnTrack,-5227,-5922,1785,pos,0 days 00:20:11.143000,0 days 01:17:08.238000
2024-06-23 13:23:25.896,OnTrack,-5212,-6022,1779,pos,0 days 00:20:11.483000,0 days 01:17:08.578000
2024-06-23 13:23:26.116,OnTrack,-5167,-6112,1773,pos,0 days 00:20:11.703000,0 days 01:17:08.798000
2024-06-23 13:23:26.356,OnTrack,-5151,-6134,1771,pos,0 days 00:20:11.943000,0 days 01:17:09.038000
2024-06-23 13:23:26.636,OnTrack,-5097,-6184,1768,pos,0 days 00:20:12.223000,0 days 01:17:09.318000
2024-06-23 13:23:26.836,OnTrack,-5053,-6211,1766,pos,0 days 00:20:12.423000,0 days 01:17:09.518000
2024-06-23 13:23:26.996,OnTrack,-5015,-6227,1764,pos,0 days 00:20:12.583000,0 days 01:17:09.678000
2024-06-23 13:23:27.276,OnTrack,-4945,-6246,1761,pos,0 days 00:20:12.863000,0 days 01:17:09.958000
2024-06-23 13:23:27.496,OnTrack,-4886,-6251,1757,pos,0 days 00:20:13.083000,0 days 01:17:10.178000
2024-06-23 13:23:27.756,OnTrack,-4777,-6243,1750,pos,0 days 00:20:13.343000,0 days 01:17:10.438000
2024-06-23 13:23:28.216,OnTrack,-4649,-6210,1742,pos,0 days 00:20:13.803000,0 days 01:17:10.898000
2024-06-23 13:23:28.536,OnTrack,-4572,-6180,1736,pos,0 days 00:20:14.123000,0 days 01:17:11.218000
2024-06-23 13:23:28.836,OnTrack,-4455,-6123,1729,pos,0 days 00:20:14.423000,0 days 01:17:11.518000
2024-06-23 13:23:29.096,OnTrack,-4374,-6081,1723,pos,0 days 00:20:14.683000,0 days 01:17:11.778000
2024-06-23 13:23:29.376,OnTrack,-4265,-6021,1716,pos,0 days 00:20:14.963000,0 days 01:17:12.058000
2024-06-23 13:23:29.576,OnTrack,-4181,-5975,1710,pos,0 days 00:20:15.163000,0 days 01:17:12.258000
2024-06-23 13:23:29.816,OnTrack,-4007,-5885,1696,pos,0 days 00:20:15.403000,0 days 01:17:12.498000
2024-06-23 13:23:30.196,OnTrack,-3833,-5803,1689,pos,0 days 00:20:15.783000,0 days 01:17:12.878000
2024-06-23 13:23:30.456,OnTrack,-3699,-5746,1682,pos,0 days 00:20:16.043000,0 days 01:17:13.138000
2024-06-23 13:23:30.636,OnTrack,-3602,-5706,1677,pos,0 days 00:20:16.223000,0 days 01:17:13.318000
2024-06-23 13:23:30.816,OnTrack,-3504,-5664,1674,pos,0 days 00:20:16.403000,0 days 01:17:13.498000
2024-06-23 13:23:31.096,OnTrack,-3305,-5569,1665,pos,0 days 00:20:16.683000,0 days 01:17:13.778000
2024-06-23 13:23:31.476,OnTrack,-3130,-5466,1659,pos,0 days 00:20:17.063000,0 days 01:17:14.158000
2024-06-23 13:23:31.676,OnTrack,-3024,-5391,1656,pos,0 days 00:20:17.263000,0 days 01:17:14.358000
2024-06-23 13:23:31.876,OnTrack,-2850,-5245,1652,pos,0 days 00:20:17.463000,0 days 01:17:14.558000
2024-06-23 13:23:32.276,OnTrack,-2734,-5130,1651,pos,0 days 00:20:17.863000,0 days 01:17:14.958000
2024-06-23 13:23:32.456,OnTrack,-2653,-5037,1650,pos,0 days 00:20:18.043000,0 days 01:17:15.138000
2024-06-23 13:23:32.596,OnTrack,-2593,-4961,1650,pos,0 days 00:20:18.183000,0 days 01:17:15.278000
2024-06-23 13:23:32.916,OnTrack,-2414,-4713,1651,pos,0 days 00:20:18.503000,0 days 01:17:15.598000
2024-06-23 13:23:33.236,OnTrack,-2341,-4607,1652,pos,0 days 00:20:18.823000,0 days 01:17:15.918000
2024-06-23 13:23:33.536,OnTrack,-2243,-4463,1654,pos,0 days 00:20:19.123000,0 days 01:17:16.218000
2024-06-23 13:23:33.756,OnTrack,-2150,-4310,1660,pos,0 days 00:20:19.343000,0 days 01:17:16.438000
2024-06-23 13:23:34.056,OnTrack,-2122,-4247,1661,pos,0 days 00:20:19.643000,0 days 01:17:16.738000
2024-06-23 13:23:34.216,OnTrack,-2103,-4181,1662,pos,0 days 00:20:19.803000,0 days 01:17:16.898000
2024-06-23 13:23:34.536,OnTrack,-2085,-4047,1664,pos,0 days 00:20:20.123000,0 days 01:17:17.218000
2024-06-23 13:23:34.736,OnTrack,-2083,-3965,1666,pos,0 days 00:20:20.323000,0 days 01:17:17.418000
2024-06-23 13:23:34.896,OnTrack,-2086,-3902,1668,pos,0 days 00:20:20.483000,0 days 01:17:17.578000
2024-06-23 13:23:35.116,OnTrack,-2099,-3819,1673,pos,0 days 00:20:20.703000,0 days 01:17:17.798000
2024-06-23 13:23:35.356,OnTrack,-2126,-3736,1678,pos,0 days 00:20:20.943000,0 days 01:17:18.038000
2024-06-23 13:23:35.596,OnTrack,-2195,-3631,1683,pos,0 days 00:20:21.183000,0 days 01:17:18.278000
2024-06-23 13:23:35.996,OnTrack,-2277,-3553,1688,pos,0 days 00:20:21.583000,0 days 01:17:18.678000
2024-06-23 13:23:36.276,OnTrack,-2386,-3473,1693,pos,0 days 00:20:21.863000,0 days 01:17:18.958000
2024-06-23 13:23:36.496,OnTrack,-2438,-3436,1695,pos,0 days 00:20:22.083000,0 days 01:17:19.178000
2024-06-23 13:23:36.896,OnTrack,-2569,-3327,1707,pos,0 days 00:20:22.483000,0 days 01:17:19.578000
2024-06-23 13:23:37.076,OnTrack,-2662,-3226,1715,pos,0 days 00:20:22.663000,0 days 01:17:19.758000
2024-06-23 13:23:37.416,OnTrack,-2723,-3140,1725,pos,0 days 00:20:23.003000,0 days 01:17:20.098000
2024-06-23 13:23:37.576,OnTrack,-2763,-3070,1729,pos,0 days 00:20:23.163000,0 days 01:17:20.258000
2024-06-23 13:23:37.935,OnTrack,-2846,-2898,1741,pos,0 days 00:20:23.522000,0 days 01:17:20.617000
2024-06-23 13:23:38.136,OnTrack,-2896,-2787,1748,pos,0 days 00:20:23.723000,0 days 01:17:20.818000
2024-06-23 13:23:38.296,OnTrack,-2969,-2631,1759,pos,0 days 00:20:23.883000,0 days 01:17:20.978000
2024-06-23 13:23:38.616,OnTrack,-3014,-2536,1765,pos,0 days 00:20:24.203000,0 days 01:17:21.298000
2024-06-23 13:23:38.836,OnTrack,-3066,-2427,1772,pos,0 days 00:20:24.423000,0 days 01:17:21.518000
2024-06-23 13:23:39.136,OnTrack,-3167,-2214,1787,pos,0 days 00:20:24.723000,0 days 01:17:21.818000
2024-06-23 13:23:39.416,OnTrack,-3217,-2110,1793,pos,0 days 00:20:25.003000,0 days 01:17:22.098000
2024-06-23 13:23:39.676,OnTrack,-3289,-1958,1803,pos,0 days 00:20:25.263000,0 days 01:17:22.358000
2024-06-23 13:23:39.896,OnTrack,-3390,-1744,1818,pos,0 days 00:20:25.483000,0 days 01:17:22.578000
2024-06-23 13:23:40.276,OnTrack,-3448,-1597,1827,pos,0 days 00:20:25.863000,0 days 01:17:22.958000
2024-06-23 13:23:40.476,OnTrack,-3483,-1472,1835,pos,0 days 00:20:26.063000,0 days 01:17:23.158000
2024-06-23 13:23:40.756,OnTrack,-3508,-1220,1845,pos,0 days 00:20:26.343000,0 days 01:17:23.438000
2024-06-23 13:23:41.216,OnTrack,-3479,-963,1855,pos,0 days 00:20:26.803000,0 days 01:17:23.898000
2024-06-23 13:23:41.676,OnTrack,-3409,-721,1864,pos,0 days 00:20:27.263000,0 days 01:17:24.358000
2024-06-23 13:23:41.976,OnTrack,-3299,-508,1871,pos,0 days 00:20:27.563000,0 days 01:17:24.658000
2024-06-23 13:23:42.356,OnTrack,-3189,-375,1873,pos,0 days 00:20:27.943000,0 days 01:17:25.038000
2024-06-23 13:23:42.696,OnTrack,-2976,-236,1874,pos,0 days 00:20:28.283000,0 days 01:17:25.378000
2024-06-23 13:23:43.056,OnTrack,-2741,-139,1873,pos,0 days 00:20:28.643000,0 days 01:17:25.738000
2024-06-23 13:23:43.516,OnTrack,-2506,-40,1870,pos,0 days 00:20:29.103000,0 days 01:17:26.198000
2024-06-23 13:23:43.596,OnTrack,-2456,-17,1869,pos,0 days 00:20:29.183000,0 days 01:17:26.278000
2024-06-23 13:23:43.856,OnTrack,-2205,100,1866,pos,0 days 00:20:29.443000,0 days 01:17:26.538000
2024-06-23 13:23:44.176,OnTrack,-2091,154,1864,pos,0 days 00:20:29.763000,0 days 01:17:26.858000
2024-06-23 13:23:44.555,OnTrack,-1844,271,1861,pos,0 days 00:20:30.142000,0 days 01:17:27.237000
2024-06-23 13:23:44.636,OnTrack,-1779,302,1860,pos,0 days 00:20:30.223000,0 days 01:17:27.318000
2024-06-23 13:23:44.956,OnTrack,-1500,434,1857,pos,0 days 00:20:30.543000,0 days 01:17:27.638000
2024-06-23 13:23:45.256,OnTrack,-1379,491,1855,pos,0 days 00:20:30.843000,0 days 01:17:27.938000
2024-06-23 13:23:45.556,OnTrack,-1176,590,1853,pos,0 days 00:20:31.143000,0 days 01:17:28.238000
2024-06-23 13:23:45.696,OnTrack,-1083,637,1851,pos,0 days 00:20:31.283000,0 days 01:17:28.378000
2024-06-23 13:23:45.956,OnTrack,-907,729,1849,pos,0 days 00:20:31.543000,0 days 01:17:28.638000
2024-06-23 13:23:46.176,OnTrack,-661,860,1846,pos,0 days 00:20:31.763000,0 days 01:17:28.858000
2024-06-23 13:23:46.476,OnTrack,-551,919,1844,pos,0 days 00:20:32.063000,0 days 01:17:29.158000
2024-06-23 13:23:46.656,OnTrack,-426,985,1843,pos,0 days 00:20:32.243000,0 days 01:17:29.338000
2024-06-23 13:23:46.856,OnTrack,-288,1059,1841,pos,0 days 00:20:32.443000,0 days 01:17:29.538000
2024-06-23 13:23:47.176,OnTrack,-10,1207,1837,pos,0 days 00:20:32.763000,0 days 01:17:29.858000
2024-06-23 13:23:47.516,OnTrack,170,1304,1834,pos,0 days 00:20:33.103000,0 days 01:17:30.198000
2024-06-23 13:23:47.636,OnTrack,254,1348,1833,pos,0 days 00:20:33.223000,0 days 01:17:30.318000
2024-06-23 13:23:48.036,OnTrack,508,1474,1830,pos,0 days 00:20:33.623000,0 days 01:17:30.718000
2024-06-23 13:23:48.356,OnTrack,772,1586,1827,pos,0 days 00:20:33.943000,0 days 01:17:31.038000
2024-06-23 13:23:48.816,OnTrack,950,1658,1824,pos,0 days 00:20:34.403000,0 days 01:17:31.498000
2024-06-23 13:23:49.036,OnTrack,1096,1719,1823,pos,0 days 00:20:34.623000,0 days 01:17:31.718000
2024-06-23 13:23:49.436,OnTrack,1234,1789,1821,pos,0 days 00:20:35.023000,0 days 01:17:32.118000
2024-06-23 13:23:49.696,OnTrack,1282,1819,1821,pos,0 days 00:20:35.283000,0 days 01:17:32.378000
2024-06-23 13:23:50.076,OnTrack,1403,1936,1819,pos,0 days 00:20:35.663000,0 days 01:17:32.758000
2024-06-23 13:23:50.496,OnTrack,1452,2041,1818,pos,0 days 00:20:36.083000,0 days 01:17:33.178000
2024-06-23 13:23:50.896,OnTrack,1461,2172,1817,pos,0 days 00:20:36.483000,0 days 01:17:33.578000
2024-06-23 13:23:51.176,OnTrack,1453,2219,1817,pos,0 days 00:20:36.763000,0 days 01:17:33.858000
2024-06-23 13:23:51.476,OnTrack,1427,2301,1818,pos,0 days 00:20:37.063000,0 days 01:17:34.158000
2024-06-23 13:23:51.736,OnTrack,1394,2366,1820,pos,0 days 00:20:37.323000,0 days 01:17:34.418000
2024-06-23 13:23:51.816,OnTrack,1386,2380,1821,pos,0 days 00:20:37.403000,0 days 01:17:34.498000
2024-06-23 13:23:52.056,OnTrack,1348,2435,1822,pos,0 days 00:20:37.643000,0 days 01:17:34.738000
2024-06-23 13:23:52.256,OnTrack,1311,2478,1824,pos,0 days 00:20:37.843000,0 days 01:17:34.938000
2024-06-23 13:23:52.496,OnTrack,1262,2525,1825,pos,0 days 00:20:38.083000,0 days 01:17:35.178000
2024-06-23 13:23:52.816,OnTrack,1157,2591,1828,pos,0 days 00:20:38.403000,0 days 01:17:35.498000
2024-06-23 13:23:53.136,OnTrack,1094,2617,1830,pos,0 days 00:20:38.723000,0 days 01:17:35.818000
2024-06-23 13:23:53.316,OnTrack,1037,2633,1831,pos,0 days 00:20:38.903000,0 days 01:17:35.998000
2024-06-23 13:23:53.576,OnTrack,949,2650,1833,pos,0 days 00:20:39.163000,0 days 01:17:36.258000
2024-06-23 13:23:53.696,OnTrack,906,2655,1834,pos,0 days 00:20:39.283000,0 days 01:17:36.378000
2024-06-23 13:23:54.056,OnTrack,771,2659,1836,pos,0 days 00:20:39.643000,0 days 01:17:36.738000
2024-06-23 13:23:54.236,OnTrack,667,2648,1839,pos,0 days 00:20:39.823000,0 days 01:17:36.918000
2024-06-23 13:23:54.536,OnTrack,574,2630,1841,pos,0 days 00:20:40.123000,0 days 01:17:37.218000
2024-06-23 13:23:54.716,OnTrack,496,2607,1843,pos,0 days 00:20:40.303000,0 days 01:17:37.398000
2024-06-23 13:23:54.956,OnTrack,390,2564,1846,pos,0 days 00:20:40.543000,0 days 01:17:37.638000
2024-06-23 13:23:55.316,OnTrack,220,2470,1855,pos,0 days 00:20:40.903000,0 days 01:17:37.998000
2024-06-23 13:23:55.676,OnTrack,69,2366,1864,pos,0 days 00:20:41.263000,0 days 01:17:38.358000
2024-06-23 13:23:55.756,OnTrack,30,2338,1867,pos,0 days 00:20:41.343000,0 days 01:17:38.438000
2024-06-23 13:23:56.016,OnTrack,-176,2216,1874,pos,0 days 00:20:41.603000,0 days 01:17:38.698000
2024-06-23 13:23:56.476,OnTrack,-351,2151,1880,pos,0 days 00:20:42.063000,0 days 01:17:39.158000
2024-06-23 13:23:56.956,OnTrack,-525,2123,1889,pos,0 days 00:20:42.543000,0 days 01:17:39.638000
2024-06-23 13:23:57.316,OnTrack,-656,2127,1895,pos,0 days 00:20:42.903000,0 days 01:17:39.998000
2024-06-23 13:23:57.516,OnTrack,-728,2141,1899,pos,0 days 00:20:43.103000,0 days 01:17:40.198000
2024-06-23 13:23:57.695,OnTrack,-788,2162,1902,pos,0 days 00:20:43.282000,0 days 01:17:40.377000
2024-06-23 13:23:57.896,OnTrack,-855,2199,1905,pos,0 days 00:20:43.483000,0 days 01:17:40.578000
2024-06-23 13:23:58.136,OnTrack,-917,2251,1907,pos,0 days 00:20:43.723000,0 days 01:17:40.818000
2024-06-23 13:23:58.416,OnTrack,-971,2319,1909,pos,0 days 00:20:44.003000,0 days 01:17:41.098000
2024-06-23 13:23:58.616,OnTrack,-1018,2412,1911,pos,0 days 00:20:44.203000,0 days 01:17:41.298000
2024-06-23 13:23:58.916,OnTrack,-1035,2467,1912,pos,0 days 00:20:44.503000,0 days 01:17:41.598000
2024-06-23 13:23:59.096,OnTrack,-1045,2523,1913,pos,0 days 00:20:44.683000,0 days 01:17:41.778000
2024-06-23 13:23:59.296,OnTrack,-1051,2586,1914,pos,0 days 00:20:44.883000,0 days 01:17:41.978000
2024-06-23 13:23:59.696,OnTrack,-1041,2714,1916,pos,0 days 00:20:45.283000,0 days 01:17:42.378000
2024-06-23 13:23:59.776,OnTrack,-1036,2739,1916,pos,0 days 00:20:45.363000,0 days 01:17:42.458000
2024-06-23 13:23:59.996,OnTrack,-1018,2810,1917,pos,0 days 00:20:45.583000,0 days 01:17:42.678000
2024-06-23 13:24:00.176,OnTrack,-997,2867,1917,pos,0 days 00:20:45.763000,0 days 01:17:42.858000
2024-06-23 13:24:00.376,OnTrack,-968,2930,1919,pos,0 days 00:20:45.963000,0 days 01:17:43.058000
2024-06-23 13:24:00.576,OnTrack,-934,2992,1920,pos,0 days 00:20:46.163000,0 days 01:17:43.258000
2024-06-23 13:24:00.756,OnTrack,-897,3048,1921,pos,0 days 00:20:46.343000,0 days 01:17:43.438000
2024-06-23 13:24:01.096,OnTrack,-791,3173,1922,pos,0 days 00:20:46.683000,0 days 01:17:43.778000
2024-06-23 13:24:01.336,OnTrack,-712,3247,1922,pos,0 days 00:20:46.923000,0 days 01:17:44.018000
2024-06-23 13:24:01.616,OnTrack,-624,3321,1922,pos,0 days 00:20:47.203000,0 days 01:17:44.298000
2024-06-23 13:24:01.776,OnTrack,-566,3368,1921,pos,0 days 00:20:47.363000,0 days 01:17:44.458000
2024-06-23 13:24:02.136,OnTrack,-377,3515,1918,pos,0 days 00:20:47.723000,0 days 01:17:44.818000
2024-06-23 13:24:02.396,OnTrack,-320,3562,1917,pos,0 days 00:20:47.983000,0 days 01:17:45.078000
2024-06-23 13:24:02.676,OnTrack,-203,3663,1914,pos,0 days 00:20:48.263000,0 days 01:17:45.358000
2024-06-23 13:24:02.916,OnTrack,-53,3790,1910,pos,0 days 00:20:48.503000,0 days 01:17:45.598000
2024-06-23 13:24:03.276,OnTrack,68,3888,1904,pos,0 days 00:20:48.863000,0 days 01:17:45.958000
2024-06-23 13:24:03.536,OnTrack,198,3982,1898,pos,0 days 00:20:49.123000,0 days 01:17:46.218000
2024-06-23 13:24:03.736,OnTrack,305,4045,1893,pos,0 days 00:20:49.323000,0 days 01:17:46.418000
2024-06-23 13:24:03.876,OnTrack,386,4081,1889,pos,0 days 00:20:49.463000,0 days 01:17:46.558000
2024-06-23 13:24:04.056,OnTrack,495,4115,1884,pos,0 days 00:20:49.643000,0 days 01:17:46.738000
2024-06-23 13:24:04.416,OnTrack,746,4139,1872,pos,0 days 00:20:50.003000,0 days 01:17:47.098000
2024-06-23 13:24:04.656,OnTrack,957,4108,1860,pos,0 days 00:20:50.243000,0 days 01:17:47.338000
2024-06-23 13:24:04.916,OnTrack,1072,4075,1853,pos,0 days 00:20:50.503000,0 days 01:17:47.598000
2024-06-23 13:24:05.196,OnTrack,1298,3979,1840,pos,0 days 00:20:50.783000,0 days 01:17:47.878000
2024-06-23 13:24:05.596,OnTrack,1480,3879,1830,pos,0 days 00:20:51.183000,0 days 01:17:48.278000
2024-06-23 13:24:05.756,OnTrack,1575,3822,1824,pos,0 days 00:20:51.343000,0 days 01:17:48.438000
2024-06-23 13:24:05.996,OnTrack,1799,3678,1810,pos,0 days 00:20:51.583000,0 days 01:17:48.678000
2024-06-23 13:24:06.456,OnTrack,1990,3556,1799,pos,0 days 00:20:52.043000,0 days 01:17:49.138000
2024-06-23 13:24:06.636,OnTrack,2098,3487,1792,pos,0 days 00:20:52.223000,0 days 01:17:49.318000
2024-06-23 13:24:06.816,OnTrack,2207,3417,1786,pos,0 days 00:20:52.403000,0 days 01:17:49.498000
2024-06-23 13:24:06.996,OnTrack,2314,3345,1781,pos,0 days 00:20:52.583000,0 days 01:17:49.678000
2024-06-23 13:24:07.196,OnTrack,2429,3260,1776,pos,0 days 00:20:52.783000,0 days 01:17:49.878000
2024-06-23 13:24:07.376,OnTrack,2523,3181,1770,pos,0 days 00:20:52.963000,0 days 01:17:50.058000
2024-06-23 13:24:07.696,OnTrack,2653,3049,1763,pos,0 days 00:20:53.283000,0 days 01:17:50.378000
2024-06-23 13:24:07.776,OnTrack,2686,3010,1761,pos,0 days 00:20:53.363000,0 days 01:17:50.458000
2024-06-23 13:24:07.976,OnTrack,2756,2907,1757,pos,0 days 00:20:53.563000,0 days 01:17:50.658000
2024-06-23 13:24:08.296,OnTrack,2859,2634,1748,pos,0 days 00:20:53.883000,0 days 01:17:50.978000
2024-06-23 13:24:08.736,OnTrack,2884,2443,1744,pos,0 days 00:20:54.323000,0 days 01:17:51.418000
2024-06-23 13:24:08.936,OnTrack,2880,2316,1742,pos,0 days 00:20:54.523000,0 days 01:17:51.618000
2024-06-23 13:24:09.116,OnTrack,2850,2149,1738,pos,0 days 00:20:54.703000,0 days 01:17:51.798000
2024-06-23 13:24:09.476,OnTrack,2788,1973,1735,pos,0 days 00:20:55.063000,0 days 01:17:52.158000
2024-06-23 13:24:09.716,OnTrack,2713,1823,1733,pos,0 days 00:20:55.303000,0 days 01:17:52.398000
2024-06-23 13:24:09.976,OnTrack,2593,1623,1730,pos,0 days 00:20:55.563000,0 days 01:17:52.658000
2024-06-23 13:24:10.396,OnTrack,2447,1400,1726,pos,0 days 00:20:55.983000,0 days 01:17:53.078000
2024-06-23 13:24:10.676,OnTrack,2354,1258,1723,pos,0 days 00:20:56.263000,0 days 01:17:53.358000
2024-06-23 13:24:11.016,OnTrack,2189,1004,1719,pos,0 days 00:20:56.603000,0 days 01:17:53.698000
2024-06-23 13:24:11.316,OnTrack,2093,856,1716,pos,0 days 00:20:56.903000,0 days 01:17:53.998000
2024-06-23 13:24:11.596,OnTrack,1988,695,1714,pos,0 days 00:20:57.183000,0 days 01:17:54.278000
2024-06-23 13:24:11.776,OnTrack,1915,582,1712,pos,0 days 00:20:57.363000,0 days 01:17:54.458000
2024-06-23 13:24:11.956,OnTrack,1840,468,1711,pos,0 days 00:20:57.543000,0 days 01:17:54.638000
2024-06-23 13:24:12.196,OnTrack,1689,237,1708,pos,0 days 00:20:57.783000,0 days 01:17:54.878000
2024-06-23 13:24:12.516,OnTrack,1621,130,1707,pos,0 days 00:20:58.103000,0 days 01:17:55.198000
2024-06-23 13:24:12.856,OnTrack,1473,-99,1707,pos,0 days 00:20:58.443000,0 days 01:17:55.538000
2024-06-23 13:24:12.996,OnTrack,1414,-192,1707,pos,0 days 00:20:58.583000,0 days 01:17:55.678000
2024-06-23 13:24:13.216,OnTrack,1295,-378,1707,pos,0 days 00:20:58.803000,0 days 01:17:55.898000
2024-06-23 13:24:13.576,OnTrack,1167,-579,1708,pos,0 days 00:20:59.163000,0 days 01:17:56.258000
2024-06-23 13:24:13.756,OnTrack,1090,-701,1708,pos,0 days 00:20:59.343000,0 days 01:17:56.438000
2024-06-23 13:24:13.896,OnTrack,1030,-796,1708,pos,0 days 00:20:59.483000,0 days 01:17:56.578000
2024-06-23 13:24:14.256,OnTrack,830,-1110,1708,pos,0 days 00:20:59.843000,0 days 01:17:56.938000
2024-06-23 13:24:14.596,OnTrack,725,-1276,1707,pos,0 days 00:21:00.183000,0 days 01:17:57.278000
2024-06-23 13:24:14.856,OnTrack,611,-1456,1708,pos,0 days 00:21:00.443000,0 days 01:17:57.538000
2024-06-23 13:24:15.056,OnTrack,460,-1692,1708,pos,0 days 00:21:00.643000,0 days 01:17:57.738000
2024-06-23 13:24:15.496,OnTrack,327,-1902,1708,pos,0 days 00:21:01.083000,0 days 01:17:58.178000
2024-06-23 13:24:15.676,OnTrack,247,-2028,1708,pos,0 days 00:21:01.263000,0 days 01:17:58.358000
2024-06-23 13:24:15.876,OnTrack,157,-2169,1707,pos,0 days 00:21:01.463000,0 days 01:17:58.558000
2024-06-23 13:24:15.936,OnTrack,131,-2212,1707,pos,0 days 00:21:01.523000,0 days 01:17:58.618000
2024-06-23 13:24:16.216,OnTrack,5,-2409,1707,pos,0 days 00:21:01.803000,0 days 01:17:58.898000
2024-06-23 13:24:16.516,OnTrack,-133,-2625,1706,pos,0 days 00:21:02.103000,0 days 01:17:59.198000
2024-06-23 13:24:16.676,OnTrack,-207,-2737,1705,pos,0 days 00:21:02.263000,0 days 01:17:59.358000
2024-06-23 13:24:16.876,OnTrack,-300,-2877,1703,pos,0 days 00:21:02.463000,0 days 01:17:59.558000
2024-06-23 13:24:17.036,OnTrack,-375,-2990,1703,pos,0 days 00:21:02.623000,0 days 01:17:59.718000
2024-06-23 13:24:17.216,OnTrack,-459,-3117,1701,pos,0 days 00:21:02.803000,0 days 01:17:59.898000
2024-06-23 13:24:17.516,OnTrack,-609,-3342,1698,pos,0 days 00:21:03.103000,0 days 01:18:00.198000
2024-06-23 13:24:17.676,OnTrack,-751,-3553,1694,pos,0 days 00:21:03.263000,0 days 01:18:00.358000
2024-06-23 13:24:18.036,OnTrack,-855,-3709,1690,pos,0 days 00:21:03.623000,0 days 01:18:00.718000
2024-06-23 13:24:18.296,OnTrack,-969,-3879,1686,pos,0 days 00:21:03.883000,0 days 01:18:00.978000
2024-06-23 13:24:18.516,OnTrack,-1073,-4035,1682,pos,0 days 00:21:04.103000,0 days 01:18:01.198000
2024-06-23 13:24:18.816,OnTrack,-1216,-4248,1676,pos,0 days 00:21:04.403000,0 days 01:18:01.498000
2024-06-23 13:24:18.976,OnTrack,-1293,-4361,1673,pos,0 days 00:21:04.563000,0 days 01:18:01.658000
2024-06-23 13:24:19.036,OnTrack,-1322,-4404,1672,pos,0 days 00:21:04.623000,0 days 01:18:01.718000
2024-06-23 13:24:19.336,OnTrack,-1465,-4617,1666,pos,0 days 00:21:04.923000,0 days 01:18:02.018000
2024-06-23 13:24:19.596,OnTrack,-1612,-4837,1660,pos,0 days 00:21:05.183000,0 days 01:18:02.278000
2024-06-23 13:24:19.996,OnTrack,-1763,-5075,1654,pos,0 days 00:21:05.583000,0 days 01:18:02.678000
2024-06-23 13:24:20.096,OnTrack,-1807,-5147,1652,pos,0 days 00:21:05.683000,0 days 01:18:02.778000
2024-06-23 13:24:20.276,OnTrack,-1885,-5278,1649,pos,0 days 00:21:05.863000,0 days 01:18:02.958000
2024-06-23 13:24:20.496,OnTrack,-1978,-5439,1647,pos,0 days 00:21:06.083000,0 days 01:18:03.178000
2024-06-23 13:24:20.836,OnTrack,-2168,-5777,1642,pos,0 days 00:21:06.423000,0 days 01:18:03.518000
2024-06-23 13:24:21.156,OnTrack,-2248,-5923,1640,pos,0 days 00:21:06.743000,0 days 01:18:03.838000
2024-06-23 13:24:21.416,OnTrack,-2382,-6160,1637,pos,0 days 00:21:07.003000,0 days 01:18:04.098000
2024-06-23 13:24:21.716,OnTrack,-2464,-6299,1635,pos,0 days 00:21:07.303000,0 days 01:18:04.398000
2024-06-23 13:24:22.036,OnTrack,-2578,-6475,1633,pos,0 days 00:21:07.623000,0 days 01:18:04.718000
2024-06-23 13:24:22.236,OnTrack,-2624,-6539,1632,pos,0 days 00:21:07.823000,0 days 01:18:04.918000
2024-06-23 13:24:22.436,OnTrack,-2689,-6625,1631,pos,0 days 00:21:08.023000,0 days 01:18:05.118000
2024-06-23 13:24:22.616,OnTrack,-2746,-6693,1630,pos,0 days 00:21:08.203000,0 days 01:18:05.298000
2024-06-23 13:24:22.816,OnTrack,-2808,-6760,1628,pos,0 days 00:21:08.403000,0 days 01:18:05.498000
2024-06-23 13:24:23.076,OnTrack,-2889,-6837,1626,pos,0 days 00:21:08.663000,0 days 01:18:05.758000
2024-06-23 13:24:23.296,OnTrack,-2988,-6910,1624,pos,0 days 00:21:08.883000,0 days 01:18:05.978000
2024-06-23 13:24:23.756,OnTrack,-3138,-6979,1623,pos,0 days 00:21:09.343000,0 days 01:18:06.438000
2024-06-23 13:24:24.015,OnTrack,-3210,-6992,1624,pos,0 days 00:21:09.602000,0 days 01:18:06.697000
2024-06-23 13:24:24.276,OnTrack,-3313,-6991,1625,pos,0 days 00:21:09.863000,0 days 01:18:06.958000
2024-06-23 13:24:24.576,OnTrack,-3416,-6970,1628,pos,0 days 00:21:10.163000,0 days 01:18:07.258000
2024-06-23 13:24:24.736,OnTrack,-3475,-6949,1629,pos,0 days 00:21:10.323000,0 days 01:18:07.418000
2024-06-23 13:24:24.936,OnTrack,-3549,-6917,1630,pos,0 days 00:21:10.523000,0 days 01:18:07.618000
2024-06-23 13:24:25.036,OnTrack,-3586,-6900,1631,pos,0 days 00:21:10.623000,0 days 01:18:07.718000
2024-06-23 13:24:25.336,OnTrack,-3701,-6847,1633,pos,0 days 00:21:10.923000,0 days 01:18:08.018000
2024-06-23 13:24:25.496,OnTrack,-3824,-6797,1635,pos,0 days 00:21:11.083000,0 days 01:18:08.178000
2024-06-23 13:24:25.876,OnTrack,-3927,-6772,1638,pos,0 days 00:21:11.463000,0 days 01:18:08.558000
2024-06-23 13:24:26.056,OnTrack,-4007,-6767,1641,pos,0 days 00:21:11.643000,0 days 01:18:08.738000
2024-06-23 13:24:26.336,OnTrack,-4135,-6786,1646,pos,0 days 00:21:11.923000,0 days 01:18:09.018000
2024-06-23 13:24:26.616,OnTrack,-4290,-6842,1654,pos,0 days 00:21:12.203000,0 days 01:18:09.298000
2024-06-23 13:24:26.956,OnTrack,-4420,-6912,1662,pos,0 days 00:21:12.543000,0 days 01:18:09.638000
2024-06-23 13:24:27.116,OnTrack,-4490,-6956,1666,pos,0 days 00:21:12.703000,0 days 01:18:09.798000
2024-06-23 13:24:27.276,OnTrack,-4560,-7004,1669,pos,0 days 00:21:12.863000,0 days 01:18:09.958000
2024-06-23 13:24:27.616,OnTrack,-4737,-7130,1679,pos,0 days 00:21:13.203000,0 days 01:18:10.298000
2024-06-23 13:24:27.996,OnTrack,-4890,-7230,1688,pos,0 days 00:21:13.583000,0 days 01:18:10.678000
2024-06-23 13:24:28.276,OnTrack,-5034,-7311,1695,pos,0 days 00:21:13.863000,0 days 01:18:10.958000
2024-06-23 13:24:28.456,OnTrack,-5130,-7357,1699,pos,0 days 00:21:14.043000,0 days 01:18:11.138000
2024-06-23 13:24:28.656,OnTrack,-5320,-7422,1707,pos,0 days 00:21:14.243000,0 days 01:18:11.338000
2024-06-23 13:24:28.916,OnTrack,-5389,-7437,1710,pos,0 days 00:21:14.503000,0 days 01:18:11.598000
2024-06-23 13:24:29.176,OnTrack,-5537,-7454,1717,pos,0 days 00:21:14.763000,0 days 01:18:11.858000
2024-06-23 13:24:29.376,OnTrack,-5650,-7453,1721,pos,0 days 00:21:14.963000,0 days 01:18:12.058000
2024-06-23 13:24:29.536,OnTrack,-5740,-7445,1726,pos,0 days 00:21:15.123000,0 days 01:18:12.218000
2024-06-23 13:24:29.816,OnTrack,-5894,-7414,1731,pos,0 days 00:21:15.403000,0 days 01:18:12.498000
2024-06-23 13:24:30.036,OnTrack,-6011,-7377,1736,pos,0 days 00:21:15.623000,0 days 01:18:12.718000
2024-06-23 13:24:30.296,OnTrack,-6195,-7288,1743,pos,0 days 00:21:15.883000,0 days 01:18:12.978000
2024-06-23 13:24:30.635,OnTrack,-6309,-7210,1748,pos,0 days 00:21:16.222000,0 days 01:18:13.317000
2024-06-23 13:24:30.816,OnTrack,-6395,-7131,1752,pos,0 days 00:21:16.403000,0 days 01:18:13.498000
2024-06-23 13:24:31.076,OnTrack,-6494,-7013,1756,pos,0 days 00:21:16.663000,0 days 01:18:13.758000
2024-06-23 13:24:31.176,OnTrack,-6529,-6963,1757,pos,0 days 00:21:16.763000,0 days 01:18:13.858000
2024-06-23 13:24:31.476,OnTrack,-6611,-6812,1761,pos,0 days 00:21:17.063000,0 days 01:18:14.158000
2024-06-23 13:24:31.716,OnTrack,-6665,-6672,1763,pos,0 days 00:21:17.303000,0 days 01:18:14.398000
2024-06-23 13:24:31.916,OnTrack,-6697,-6548,1765,pos,0 days 00:21:17.503000,0 days 01:18:14.598000
2024-06-23 13:24:32.176,OnTrack,-6729,-6314,1769,pos,0 days 00:21:17.763000,0 days 01:18:14.858000
2024-06-23 13:24:32.396,OnTrack,-6733,-6234,1770,pos,0 days 00:21:17.983000,0 days 01:18:15.078000
2024-06-23 13:24:32.676,OnTrack,-6728,-6045,1773,pos,0 days 00:21:18.263000,0 days 01:18:15.358000
2024-06-23 13:24:32.896,OnTrack,-6715,-5894,1775,pos,0 days 00:21:18.483000,0 days 01:18:15.578000
2024-06-23 13:24:33.116,OnTrack,-6681,-5674,1778,pos,0 days 00:21:18.703000,0 days 01:18:15.798000
2024-06-23 13:24:33.596,OnTrack,-6626,-5424,1782,pos,0 days 00:21:19.183000,0 days 01:18:16.278000
2024-06-23 13:24:33.756,OnTrack,-6595,-5314,1784,pos,0 days 00:21:19.343000,0 days 01:18:16.438000
2024-06-23 13:24:33.916,OnTrack,-6558,-5205,1786,pos,0 days 00:21:19.503000,0 days 01:18:16.598000
2024-06-23 13:24:34.036,OnTrack,-6526,-5124,1787,pos,0 days 00:21:19.623000,0 days 01:18:16.718000
2024-06-23 13:24:34.296,OnTrack,-6441,-4952,1790,pos,0 days 00:21:19.883000,0 days 01:18:16.978000
2024-06-23 13:24:34.596,OnTrack,-6299,-4723,1794,pos,0 days 00:21:20.183000,0 days 01:18:17.278000
2024-06-23 13:24:34.936,OnTrack,-6177,-4550,1796,pos,0 days 00:21:20.523000,0 days 01:18:17.618000
2024-06-23 13:24:35.116,OnTrack,-6098,-4438,1798,pos,0 days 00:21:20.703000,0 days 01:18:17.798000
2024-06-23 13:24:35.376,OnTrack,-5984,-4278,1800,pos,0 days 00:21:20.963000,0 days 01:18:18.058000
2024-06-23 13:24:35.556,OnTrack,-5914,-4160,1802,pos,0 days 00:21:21.143000,0 days 01:18:18.238000
2024-06-23 13:24:35.736,OnTrack,-5844,-4040,1804,pos,0 days 00:21:21.323000,0 days 01:18:18.418000
2024-06-23 13:24:35.916,OnTrack,-5773,-3921,1806,pos,0 days 00:21:21.503000,0 days 01:18:18.598000
2024-06-23 13:24:36.276,OnTrack,-5630,-3690,1810,pos,0 days 00:21:21.863000,0 days 01:18:18.958000
2024-06-23 13:24:36.456,OnTrack,-5556,-3578,1812,pos,0 days 00:21:22.043000,0 days 01:18:19.138000
2024-06-23 13:24:36.616,OnTrack,-5491,-3483,1813,pos,0 days 00:21:22.203000,0 days 01:18:19.298000
2024-06-23 13:24:36.896,OnTrack,-5387,-3331,1816,pos,0 days 00:21:22.483000,0 days 01:18:19.578000
2024-06-23 13:24:37.076,OnTrack,-5324,-3243,1817,pos,0 days 00:21:22.663000,0 days 01:18:19.758000
2024-06-23 13:24:37.296,OnTrack,-5231,-3126,1819,pos,0 days 00:21:22.883000,0 days 01:18:19.978000
2024-06-23 13:24:37.616,OnTrack,-5139,-3028,1819,pos,0 days 00:21:23.203000,0 days 01:18:20.298000
2024-06-23 13:24:37.836,OnTrack,-5071,-2970,1820,pos,0 days 00:21:23.423000,0 days 01:18:20.518000
2024-06-23 13:24:38.036,OnTrack,-4999,-2921,1821,pos,0 days 00:21:23.623000,0 days 01:18:20.718000
2024-06-23 13:24:38.236,OnTrack,-4924,-2883,1822,pos,0 days 00:21:23.823000,0 days 01:18:20.918000
2024-06-23 13:24:38.436,OnTrack,-4849,-2857,1823,pos,0 days 00:21:24.023000,0 days 01:18:21.118000
2024-06-23 13:24:38.716,OnTrack,-4696,-2839,1825,pos,0 days 00:21:24.303000,0 days 01:18:21.398000
2024-06-23 13:24:39.136,OnTrack,-4585,-2853,1827,pos,0 days 00:21:24.723000,0 days 01:18:21.818000
2024-06-23 13:24:39.276,OnTrack,-4536,-2866,1828,pos,0 days 00:21:24.863000,0 days 01:18:21.958000
2024-06-23 13:24:39.436,OnTrack,-4482,-2887,1829,pos,0 days 00:21:25.023000,0 days 01:18:22.118000
2024-06-23 13:24:39.636,OnTrack,-4418,-2919,1830,pos,0 days 00:21:25.223000,0 days 01:18:22.318000
2024-06-23 13:24:39.996,OnTrack,-4316,-2993,1833,pos,0 days 00:21:25.583000,0 days 01:18:22.678000
2024-06-23 13:24:40.176,OnTrack,-4270,-3040,1834,pos,0 days 00:21:25.763000,0 days 01:18:22.858000
2024-06-23 13:24:40.296,OnTrack,-4241,-3073,1835,pos,0 days 00:21:25.883000,0 days 01:18:22.978000
2024-06-23 13:24:40.616,OnTrack,-4161,-3184,1836,pos,0 days 00:21:26.203000,0 days 01:18:23.298000
2024-06-23 13:24:40.836,OnTrack,-4127,-3247,1836,pos,0 days 00:21:26.423000,0 days 01:18:23.518000
2024-06-23 13:24:41.236,OnTrack,-4066,-3400,1838,pos,0 days 00:21:26.823000,0 days 01:18:23.918000
2024-06-23 13:24:41.276,OnTrack,-4062,-3416,1838,pos,0 days 00:21:26.863000,0 days 01:18:23.958000
2024-06-23 13:24:41.556,OnTrack,-4031,-3585,1839,pos,0 days 00:21:27.143000,0 days 01:18:24.238000
2024-06-23 13:24:42.016,OnTrack,-4040,-3831,1839,pos,0 days 00:21:27.603000,0 days 01:18:24.698000
2024-06-23 13:24:42.276,OnTrack,-4051,-3893,1838,pos,0 days 00:21:27.863000,0 days 01:18:24.958000
2024-06-23 13:24:42.576,OnTrack,-4099,-4047,1836,pos,0 days 00:21:28.163000,0 days 01:18:25.258000
2024-06-23 13:24:42.756,OnTrack,-4138,-4139,1835,pos,0 days 00:21:28.343000,0 days 01:18:25.438000
2024-06-23 13:24:42.936,OnTrack,-4186,-4229,1834,pos,0 days 00:21:28.523000,0 days 01:18:25.618000
2024-06-23 13:24:43.236,OnTrack,-4284,-4379,1831,pos,0 days 00:21:28.823000,0 days 01:18:25.918000
2024-06-23 13:24:43.476,OnTrack,-4398,-4538,1828,pos,0 days 00:21:29.063000,0 days 01:18:26.158000
2024-06-23 13:24:43.876,OnTrack,-4523,-4710,1823,pos,0 days 00:21:29.463000,0 days 01:18:26.558000
2024-06-23 13:24:44.116,OnTrack,-4614,-4834,1821,pos,0 days 00:21:29.703000,0 days 01:18:26.798000
2024-06-23 13:24:44.156,OnTrack,-4629,-4854,1820,pos,0 days 00:21:29.743000,0 days 01:18:26.838000
2024-06-23 13:24:44.416,OnTrack,-4721,-4981,1817,pos,0 days 00:21:30.003000,0 days 01:18:27.098000
2024-06-23 13:24:44.596,OnTrack,-4791,-5076,1815,pos,0 days 00:21:30.183000,0 days 01:18:27.278000
2024-06-23 13:24:44.836,OnTrack,-4928,-5265,1810,pos,0 days 00:21:30.423000,0 days 01:18:27.518000
2024-06-23 13:24:45.276,OnTrack,-5030,-5415,1806,pos,0 days 00:21:30.863000,0 days 01:18:27.958000
2024-06-23 13:24:45.476,OnTrack,-5114,-5554,1800,pos,0 days 00:21:31.063000,0 days 01:18:28.158000
2024-06-23 13:24:45.796,OnTrack,-5149,-5623,1798,pos,0 days 00:21:31.383000,0 days 01:18:28.478000
2024-06-23 13:24:45.996,OnTrack,-5180,-5695,1794,pos,0 days 00:21:31.583000,0 days 01:18:28.678000
2024-06-23 13:24:46.256,OnTrack,-5219,-5826,1789,pos,0 days 00:21:31.843000,0 days 01:18:28.938000
2024-06-23 13:24:46.696,OnTrack,-5227,-5930,1785,pos,0 days 00:21:32.283000,0 days 01:18:29.378000
2024-06-23 13:24:46.916,OnTrack,-5219,-5996,1781,pos,0 days 00:21:32.503000,0 days 01:18:29.598000
2024-06-23 13:24:47.096,OnTrack,-5203,-6047,1778,pos,0 days 00:21:32.683000,0 days 01:18:29.778000
2024-06-23 13:24:47.296,OnTrack,-5177,-6098,1774,pos,0 days 00:21:32.883000,0 days 01:18:29.978000
2024-06-23 13:24:47.536,OnTrack,-5137,-6149,1770,pos,0 days 00:21:33.123000,0 days 01:18:30.218000
2024-06-23 13:24:47.756,OnTrack,-5072,-6201,1767,pos,0 days 00:21:33.343000,0 days 01:18:30.438000
2024-06-23 13:24:48.096,OnTrack,-5016,-6227,1764,pos,0 days 00:21:33.683000,0 days 01:18:30.778000
2024-06-23 13:24:48.276,OnTrack,-4972,-6240,1761,pos,0 days 00:21:33.863000,0 days 01:18:30.958000
2024-06-23 13:24:48.596,OnTrack,-4889,-6251,1757,pos,0 days 00:21:34.183000,0 days 01:18:31.278000
2024-06-23 13:24:48.776,OnTrack,-4840,-6250,1754,pos,0 days 00:21:34.363000,0 days 01:18:31.458000
2024-06-23 13:24:49.036,OnTrack,-4746,-6237,1748,pos,0 days 00:21:34.623000,0 days 01:18:31.718000
2024-06-23 13:24:49.456,OnTrack,-4629,-6203,1740,pos,0 days 00:21:35.043000,0 days 01:18:32.138000
2024-06-23 13:24:49.776,OnTrack,-4548,-6169,1735,pos,0 days 00:21:35.363000,0 days 01:18:32.458000
2024-06-23 13:24:50.036,OnTrack,-4428,-6109,1727,pos,0 days 00:21:35.623000,0 days 01:18:32.718000
2024-06-23 13:24:50.496,OnTrack,-4248,-6012,1714,pos,0 days 00:21:36.083000,0 days 01:18:33.178000
2024-06-23 13:24:50.776,OnTrack,-4174,-5971,1709,pos,0 days 00:21:36.363000,0 days 01:18:33.458000
2024-06-23 13:24:51.016,OnTrack,-4078,-5921,1703,pos,0 days 00:21:36.603000,0 days 01:18:33.698000
2024-06-23 13:24:51.296,OnTrack,-3905,-5836,1693,pos,0 days 00:21:36.883000,0 days 01:18:33.978000
2024-06-23 13:24:51.436,OnTrack,-3836,-5805,1689,pos,0 days 00:21:37.023000,0 days 01:18:34.118000
2024-06-23 13:24:51.656,OnTrack,-3723,-5756,1683,pos,0 days 00:21:37.243000,0 days 01:18:34.338000
2024-06-23 13:24:51.956,OnTrack,-3530,-5676,1675,pos,0 days 00:21:37.543000,0 days 01:18:34.638000
2024-06-23 13:24:52.376,OnTrack,-3332,-5583,1666,pos,0 days 00:21:37.963000,0 days 01:18:35.058000
2024-06-23 13:24:52.576,OnTrack,-3223,-5523,1662,pos,0 days 00:21:38.163000,0 days 01:18:35.258000
2024-06-23 13:24:52.756,OnTrack,-3126,-5463,1659,pos,0 days 00:21:38.343000,0 days 01:18:35.438000
2024-06-23 13:24:52.956,OnTrack,-3020,-5388,1656,pos,0 days 00:21:38.543000,0 days 01:18:35.638000
2024-06-23 13:24:53.176,OnTrack,-2907,-5296,1653,pos,0 days 00:21:38.763000,0 days 01:18:35.858000
2024-06-23 13:24:53.276,OnTrack,-2857,-5252,1653,pos,0 days 00:21:38.863000,0 days 01:18:35.958000
2024-06-23 13:24:53.556,OnTrack,-2725,-5119,1650,pos,0 days 00:21:39.143000,0 days 01:18:36.238000
2024-06-23 13:24:53.816,OnTrack,-2610,-4983,1650,pos,0 days 00:21:39.403000,0 days 01:18:36.498000
2024-06-23 13:24:54.016,OnTrack,-2470,-4793,1651,pos,0 days 00:21:39.603000,0 days 01:18:36.698000
2024-06-23 13:24:54.296,OnTrack,-2415,-4714,1651,pos,0 days 00:21:39.883000,0 days 01:18:36.978000
2024-06-23 13:24:54.676,OnTrack,-2282,-4521,1653,pos,0 days 00:21:40.263000,0 days 01:18:37.358000
2024-06-23 13:24:54.936,OnTrack,-2206,-4406,1656,pos,0 days 00:21:40.523000,0 days 01:18:37.618000
2024-06-23 13:24:55.216,OnTrack,-2142,-4294,1660,pos,0 days 00:21:40.803000,0 days 01:18:37.898000
2024-06-23 13:24:55.316,OnTrack,-2125,-4255,1661,pos,0 days 00:21:40.903000,0 days 01:18:37.998000
2024-06-23 13:24:55.656,OnTrack,-2092,-4120,1662,pos,0 days 00:21:41.243000,0 days 01:18:38.338000
2024-06-23 13:24:55.836,OnTrack,-2085,-4046,1664,pos,0 days 00:21:41.423000,0 days 01:18:38.518000
2024-06-23 13:24:56.056,OnTrack,-2086,-3910,1667,pos,0 days 00:21:41.643000,0 days 01:18:38.738000
2024-06-23 13:24:56.416,OnTrack,-2112,-3771,1675,pos,0 days 00:21:42.003000,0 days 01:18:39.098000
2024-06-23 13:24:56.776,OnTrack,-2146,-3699,1680,pos,0 days 00:21:42.363000,0 days 01:18:39.458000
2024-06-23 13:24:57.056,OnTrack,-2214,-3611,1684,pos,0 days 00:21:42.643000,0 days 01:18:39.738000
2024-06-23 13:24:57.276,OnTrack,-2277,-3553,1688,pos,0 days 00:21:42.863000,0 days 01:18:39.958000
2024-06-23 13:24:57.456,OnTrack,-2333,-3510,1690,pos,0 days 00:21:43.043000,0 days 01:18:40.138000
2024-06-23 13:24:57.736,OnTrack,-2420,-3449,1695,pos,0 days 00:21:43.323000,0 days 01:18:40.418000
2024-06-23 13:24:57.956,OnTrack,-2494,-3393,1700,pos,0 days 00:21:43.543000,0 days 01:18:40.638000
2024-06-23 13:24:58.136,OnTrack,-2598,-3299,1709,pos,0 days 00:21:43.723000,0 days 01:18:40.818000
2024-06-23 13:24:58.556,OnTrack,-2705,-3167,1721,pos,0 days 00:21:44.143000,0 days 01:18:41.238000
2024-06-23 13:24:58.836,OnTrack,-2757,-3082,1729,pos,0 days 00:21:44.423000,0 days 01:18:41.518000
2024-06-23 13:24:59.136,OnTrack,-2827,-2939,1739,pos,0 days 00:21:44.723000,0 days 01:18:41.818000
2024-06-23 13:24:59.396,OnTrack,-2886,-2809,1747,pos,0 days 00:21:44.983000,0 days 01:18:42.078000
2024-06-23 13:24:59.536,OnTrack,-2918,-2737,1751,pos,0 days 00:21:45.123000,0 days 01:18:42.218000
2024-06-23 13:24:59.836,OnTrack,-2993,-2579,1762,pos,0 days 00:21:45.423000,0 days 01:18:42.518000
2024-06-23 13:25:00.016,OnTrack,-3040,-2482,1769,pos,0 days 00:21:45.603000,0 days 01:18:42.698000
2024-06-23 13:25:00.196,OnTrack,-3087,-2382,1776,pos,0 days 00:21:45.783000,0 days 01:18:42.878000
2024-06-23 13:25:00.396,OnTrack,-3141,-2269,1783,pos,0 days 00:21:45.983000,0 days 01:18:43.078000
2024-06-23 13:25:00.536,OnTrack,-3179,-2189,1788,pos,0 days 00:21:46.123000,0 days 01:18:43.218000
2024-06-23 13:25:00.776,OnTrack,-3284,-1968,1802,pos,0 days 00:21:46.363000,0 days 01:18:43.458000
2024-06-23 13:25:01.196,OnTrack,-3364,-1802,1814,pos,0 days 00:21:46.783000,0 days 01:18:43.878000
2024-06-23 13:25:01.436,OnTrack,-3449,-1594,1828,pos,0 days 00:21:47.023000,0 days 01:18:44.118000
2024-06-23 13:25:01.796,OnTrack,-3491,-1435,1836,pos,0 days 00:21:47.383000,0 days 01:18:44.478000
2024-06-23 13:25:01.956,OnTrack,-3504,-1337,1841,pos,0 days 00:21:47.543000,0 days 01:18:44.638000
2024-06-23 13:25:02.176,OnTrack,-3507,-1199,1846,pos,0 days 00:21:47.763000,0 days 01:18:44.858000
2024-06-23 13:25:02.516,OnTrack,-3485,-990,1855,pos,0 days 00:21:48.103000,0 days 01:18:45.198000
2024-06-23 13:25:02.736,OnTrack,-3455,-861,1859,pos,0 days 00:21:48.323000,0 days 01:18:45.418000
2024-06-23 13:25:02.936,OnTrack,-3419,-747,1863,pos,0 days 00:21:48.523000,0 days 01:18:45.618000
2024-06-23 13:25:03.116,OnTrack,-3377,-647,1866,pos,0 days 00:21:48.703000,0 days 01:18:45.798000
2024-06-23 13:25:03.356,OnTrack,-3308,-521,1870,pos,0 days 00:21:48.943000,0 days 01:18:46.038000
2024-06-23 13:25:03.536,OnTrack,-3219,-405,1872,pos,0 days 00:21:49.123000,0 days 01:18:46.218000
2024-06-23 13:25:03.796,OnTrack,-3064,-283,1874,pos,0 days 00:21:49.383000,0 days 01:18:46.478000
2024-06-23 13:25:04.116,OnTrack,-2912,-207,1874,pos,0 days 00:21:49.703000,0 days 01:18:46.798000
2024-06-23 13:25:04.396,OnTrack,-2752,-143,1873,pos,0 days 00:21:49.983000,0 days 01:18:47.078000
2024-06-23 13:25:04.536,OnTrack,-2665,-109,1872,pos,0 days 00:21:50.123000,0 days 01:18:47.218000
2024-06-23 13:25:04.756,OnTrack,-2530,-51,1870,pos,0 days 00:21:50.343000,0 days 01:18:47.438000
2024-06-23 13:25:04.996,OnTrack,-2382,16,1868,pos,0 days 00:21:50.583000,0 days 01:18:47.678000
2024-06-23 13:25:05.216,OnTrack,-2244,81,1866,pos,0 days 00:21:50.803000,0 days 01:18:47.898000
2024-06-23 13:25:05.376,OnTrack,-2143,129,1865,pos,0 days 00:21:50.963000,0 days 01:18:48.058000
2024-06-23 13:25:05.596,OnTrack,-2003,196,1863,pos,0 days 00:21:51.183000,0 days 01:18:48.278000
2024-06-23 13:25:05.776,OnTrack,-1808,288,1861,pos,0 days 00:21:51.363000,0 days 01:18:48.458000
2024-06-23 13:25:06.136,OnTrack,-1559,406,1858,pos,0 days 00:21:51.723000,0 days 01:18:48.818000
2024-06-23 13:25:06.536,OnTrack,-1385,489,1855,pos,0 days 00:21:52.123000,0 days 01:18:49.218000
2024-06-23 13:25:06.716,OnTrack,-1264,547,1854,pos,0 days 00:21:52.303000,0 days 01:18:49.398000
2024-06-23 13:25:07.076,OnTrack,-1022,668,1851,pos,0 days 00:21:52.663000,0 days 01:18:49.758000
2024-06-23 13:25:07.236,OnTrack,-915,725,1849,pos,0 days 00:21:52.823000,0 days 01:18:49.918000
2024-06-23 13:25:07.456,OnTrack,-767,803,1847,pos,0 days 00:21:53.043000,0 days 01:18:50.138000
2024-06-23 13:25:07.656,OnTrack,-631,876,1846,pos,0 days 00:21:53.243000,0 days 01:18:50.338000
2024-06-23 13:25:07.856,OnTrack,-412,993,1842,pos,0 days 00:21:53.443000,0 days 01:18:50.538000
2024-06-23 13:25:08.256,OnTrack,-178,1118,1839,pos,0 days 00:21:53.843000,0 days 01:18:50.938000
2024-06-23 13:25:08.676,OnTrack,70,1250,1836,pos,0 days 00:21:54.263000,0 days 01:18:51.358000
2024-06-23 13:25:08.836,OnTrack,181,1309,1834,pos,0 days 00:21:54.423000,0 days 01:18:51.518000
2024-06-23 13:25:09.016,OnTrack,306,1374,1833,pos,0 days 00:21:54.603000,0 days 01:18:51.698000
2024-06-23 13:25:09.276,OnTrack,459,1451,1830,pos,0 days 00:21:54.863000,0 days 01:18:51.958000
2024-06-23 13:25:09.516,OnTrack,628,1528,1828,pos,0 days 00:21:55.103000,0 days 01:18:52.198000
2024-06-23 13:25:09.716,OnTrack,750,1578,1827,pos,0 days 00:21:55.303000,0 days 01:18:52.398000
2024-06-23 13:25:09.876,OnTrack,842,1615,1826,pos,0 days 00:21:55.463000,0 days 01:18:52.558000
2024-06-23 13:25:10.056,OnTrack,937,1653,1824,pos,0 days 00:21:55.643000,0 days 01:18:52.738000
2024-06-23 13:25:10.316,OnTrack,1073,1709,1823,pos,0 days 00:21:55.903000,0 days 01:18:52.998000
2024-06-23 13:25:10.556,OnTrack,1206,1773,1822,pos,0 days 00:21:56.143000,0 days 01:18:53.238000
2024-06-23 13:25:10.936,OnTrack,1330,1856,1821,pos,0 days 00:21:56.523000,0 days 01:18:53.618000
2024-06-23 13:25:11.356,OnTrack,1395,1923,1819,pos,0 days 00:21:56.943000,0 days 01:18:54.038000
2024-06-23 13:25:11.536,OnTrack,1443,2012,1818,pos,0 days 00:21:57.123000,0 days 01:18:54.218000
2024-06-23 13:25:11.876,OnTrack,1459,2071,1818,pos,0 days 00:21:57.463000,0 days 01:18:54.558000
2024-06-23 13:25:12.076,OnTrack,1463,2132,1817,pos,0 days 00:21:57.663000,0 days 01:18:54.758000
2024-06-23 13:25:12.376,OnTrack,1452,2221,1817,pos,0 days 00:21:57.963000,0 days 01:18:55.058000
2024-06-23 13:25:12.536,OnTrack,1440,2266,1817,pos,0 days 00:21:58.123000,0 days 01:18:55.218000
2024-06-23 13:25:12.696,OnTrack,1423,2309,1818,pos,0 days 00:21:58.283000,0 days 01:18:55.378000
2024-06-23 13:25:12.916,OnTrack,1395,2364,1820,pos,0 days 00:21:58.503000,0 days 01:18:55.598000
2024-06-23 13:25:13.236,OnTrack,1346,2438,1822,pos,0 days 00:21:58.823000,0 days 01:18:55.918000
2024-06-23 13:25:13.416,OnTrack,1313,2476,1824,pos,0 days 00:21:59.003000,0 days 01:18:56.098000
2024-06-23 13:25:13.496,OnTrack,1298,2492,1824,pos,0 days 00:21:59.083000,0 days 01:18:56.178000
2024-06-23 13:25:13.676,OnTrack,1260,2526,1825,pos,0 days 00:21:59.263000,0 days 01:18:56.358000
2024-06-23 13:25:13.916,OnTrack,1204,2566,1827,pos,0 days 00:21:59.503000,0 days 01:18:56.598000
2024-06-23 13:25:14.096,OnTrack,1158,2591,1828,pos,0 days 00:21:59.683000,0 days 01:18:56.778000
2024-06-23 13:25:14.356,OnTrack,1083,2620,1830,pos,0 days 00:21:59.943000,0 days 01:18:57.038000
2024-06-23 13:25:14.656,OnTrack,988,2644,1832,pos,0 days 00:22:00.243000,0 days 01:18:57.338000
2024-06-23 13:25:14.816,OnTrack,935,2652,1833,pos,0 days 00:22:00.403000,0 days 01:18:57.498000
2024-06-23 13:25:15.036,OnTrack,857,2659,1834,pos,0 days 00:22:00.623000,0 days 01:18:57.718000
2024-06-23 13:25:15.196,OnTrack,752,2658,1836,pos,0 days 00:22:00.783000,0 days 01:18:57.878000
2024-06-23 13:25:15.636,OnTrack,582,2632,1840,pos,0 days 00:22:01.223000,0 days 01:18:58.318000
2024-06-23 13:25:16.116,OnTrack,419,2577,1845,pos,0 days 00:22:01.703000,0 days 01:18:58.798000
2024-06-23 13:25:16.316,OnTrack,332,2535,1849,pos,0 days 00:22:01.903000,0 days 01:18:58.998000
2024-06-23 13:25:16.516,OnTrack,246,2486,1853,pos,0 days 00:22:02.103000,0 days 01:18:59.198000
2024-06-23 13:25:16.616,OnTrack,202,2458,1856,pos,0 days 00:22:02.203000,0 days 01:18:59.298000
2024-06-23 13:25:16.896,OnTrack,2,2318,1868,pos,0 days 00:22:02.483000,0 days 01:18:59.578000
2024-06-23 13:25:17.316,OnTrack,-177,2215,1874,pos,0 days 00:22:02.903000,0 days 01:18:59.998000
2024-06-23 13:25:17.616,OnTrack,-256,2182,1877,pos,0 days 00:22:03.203000,0 days 01:19:00.298000
2024-06-23 13:25:17.876,OnTrack,-368,2147,1881,pos,0 days 00:22:03.463000,0 days 01:19:00.558000
2024-06-23 13:25:18.036,OnTrack,-435,2133,1884,pos,0 days 00:22:03.623000,0 days 01:19:00.718000
2024-06-23 13:25:18.196,OnTrack,-500,2125,1887,pos,0 days 00:22:03.783000,0 days 01:19:00.878000
2024-06-23 13:25:18.576,OnTrack,-647,2126,1895,pos,0 days 00:22:04.163000,0 days 01:19:01.258000
2024-06-23 13:25:18.656,OnTrack,-676,2130,1896,pos,0 days 00:22:04.243000,0 days 01:19:01.338000
2024-06-23 13:25:18.896,OnTrack,-758,2150,1900,pos,0 days 00:22:04.483000,0 days 01:19:01.578000
2024-06-23 13:25:19.156,OnTrack,-837,2187,1905,pos,0 days 00:22:04.743000,0 days 01:19:01.838000
2024-06-23 13:25:19.316,OnTrack,-880,2218,1906,pos,0 days 00:22:04.903000,0 days 01:19:01.998000
2024-06-23 13:25:19.556,OnTrack,-935,2272,1908,pos,0 days 00:22:05.143000,0 days 01:19:02.238000
2024-06-23 13:25:19.676,OnTrack,-959,2302,1909,pos,0 days 00:22:05.263000,0 days 01:19:02.358000
2024-06-23 13:25:20.036,OnTrack,-1025,2434,1911,pos,0 days 00:22:05.623000,0 days 01:19:02.718000
2024-06-23 13:25:20.416,OnTrack,-1048,2552,1913,pos,0 days 00:22:06.003000,0 days 01:19:03.098000
2024-06-23 13:25:20.756,OnTrack,-1050,2613,1914,pos,0 days 00:22:06.343000,0 days 01:19:03.438000
2024-06-23 13:25:20.976,OnTrack,-1042,2705,1916,pos,0 days 00:22:06.563000,0 days 01:19:03.658000
2024-06-23 13:25:21.436,OnTrack,-1013,2824,1917,pos,0 days 00:22:07.023000,0 days 01:19:04.118000
2024-06-23 13:25:21.656,OnTrack,-986,2893,1918,pos,0 days 00:22:07.243000,0 days 01:19:04.338000
2024-06-23 13:25:21.736,OnTrack,-974,2918,1919,pos,0 days 00:22:07.323000,0 days 01:19:04.418000
2024-06-23 13:25:21.916,OnTrack,-945,2974,1920,pos,0 days 00:22:07.503000,0 days 01:19:04.598000
2024-06-23 13:25:22.236,OnTrack,-828,3134,1922,pos,0 days 00:22:07.823000,0 days 01:19:04.918000
2024-06-23 13:25:22.536,OnTrack,-772,3193,1922,pos,0 days 00:22:08.123000,0 days 01:19:05.218000
2024-06-23 13:25:22.776,OnTrack,-695,3263,1922,pos,0 days 00:22:08.363000,0 days 01:19:05.458000
2024-06-23 13:25:22.976,OnTrack,-625,3321,1922,pos,0 days 00:22:08.563000,0 days 01:19:05.658000
2024-06-23 13:25:23.176,OnTrack,-551,3379,1921,pos,0 days 00:22:08.763000,0 days 01:19:05.858000
2024-06-23 13:25:23.356,OnTrack,-474,3439,1920,pos,0 days 00:22:08.943000,0 days 01:19:06.038000
2024-06-23 13:25:23.516,OnTrack,-409,3489,1919,pos,0 days 00:22:09.103000,0 days 01:19:06.198000
2024-06-23 13:25:23.716,OnTrack,-327,3556,1917,pos,0 days 00:22:09.303000,0 days 01:19:06.398000
2024-06-23 13:25:24.016,OnTrack,-209,3657,1914,pos,0 days 00:22:09.603000,0 days 01:19:06.698000
2024-06-23 13:25:24.256,OnTrack,-104,3746,1911,pos,0 days 00:22:09.843000,0 days 01:19:06.938000
2024-06-23 13:25:24.476,OnTrack,-4,3830,1907,pos,0 days 00:22:10.063000,0 days 01:19:07.158000
2024-06-23 13:25:24.656,OnTrack,81,3898,1904,pos,0 days 00:22:10.243000,0 days 01:19:07.338000
2024-06-23 13:25:24.836,OnTrack,170,3963,1900,pos,0 days 00:22:10.423000,0 days 01:19:07.518000
2024-06-23 13:25:25.096,OnTrack,377,4077,1890,pos,0 days 00:22:10.683000,0 days 01:19:07.778000
2024-06-23 13:25:25.476,OnTrack,537,4125,1883,pos,0 days 00:22:11.063000,0 days 01:19:08.158000
2024-06-23 13:25:25.736,OnTrack,802,4134,1869,pos,0 days 00:22:11.323000,0 days 01:19:08.418000
2024-06-23 13:25:26.096,OnTrack,1013,4094,1857,pos,0 days 00:22:11.683000,0 days 01:19:08.778000
2024-06-23 13:25:26.576,OnTrack,1253,4001,1842,pos,0 days 00:22:12.163000,0 days 01:19:09.258000
2024-06-23 13:25:26.656,OnTrack,1302,3977,1840,pos,0 days 00:22:12.243000,0 days 01:19:09.338000
2024-06-23 13:25:26.956,OnTrack,1531,3849,1827,pos,0 days 00:22:12.543000,0 days 01:19:09.638000
2024-06-23 13:25:27.256,OnTrack,1661,3767,1818,pos,0 days 00:22:12.843000,0 days 01:19:09.938000
2024-06-23 13:25:27.556,OnTrack,1837,3654,1808,pos,0 days 00:22:13.143000,0 days 01:19:10.238000
2024-06-23 13:25:27.736,OnTrack,1944,3585,1801,pos,0 days 00:22:13.323000,0 days 01:19:10.418000
2024-06-23 13:25:27.996,OnTrack,2136,3463,1790,pos,0 days 00:22:13.583000,0 days 01:19:10.678000
2024-06-23 13:25:28.336,OnTrack,2304,3352,1782,pos,0 days 00:22:13.923000,0 days 01:19:11.018000
2024-06-23 13:25:28.596,OnTrack,2454,3241,1774,pos,0 days 00:22:14.183000,0 days 01:19:11.278000
2024-06-23 13:25:28.696,OnTrack,2506,3196,1771,pos,0 days 00:22:14.283000,0 days 01:19:11.378000
2024-06-23 13:25:29.036,OnTrack,2682,3015,1761,pos,0 days 00:22:14.623000,0 days 01:19:11.718000
2024-06-23 13:25:29.336,OnTrack,2759,2901,1756,pos,0 days 00:22:14.923000,0 days 01:19:12.018000
2024-06-23 13:25:29.516,OnTrack,2808,2799,1754,pos,0 days 00:22:15.103000,0 days 01:19:12.198000
2024-06-23 13:25:29.756,OnTrack,2854,2654,1749,pos,0 days 00:22:15.343000,0 days 01:19:12.438000
2024-06-23 13:25:30.056,OnTrack,2885,2393,1744,pos,0 days 00:22:15.643000,0 days 01:19:12.738000
2024-06-23 13:25:30.456,OnTrack,2857,2176,1738,pos,0 days 00:22:16.043000,0 days 01:19:13.138000
2024-06-23 13:25:30.776,OnTrack,2806,2015,1736,pos,0 days 00:22:16.363000,0 days 01:19:13.458000
2024-06-23 13:25:30.996,OnTrack,2745,1883,1734,pos,0 days 00:22:16.583000,0 days 01:19:13.678000
2024-06-23 13:25:31.276,OnTrack,2601,1636,1730,pos,0 days 00:22:16.863000,0 days 01:19:13.958000
2024-06-23 13:25:31.556,OnTrack,2549,1555,1729,pos,0 days 00:22:17.143000,0 days 01:19:14.238000
2024-06-23 13:25:31.796,OnTrack,2457,1415,1726,pos,0 days 00:22:17.383000,0 days 01:19:14.478000
2024-06-23 13:25:31.956,OnTrack,2395,1321,1725,pos,0 days 00:22:17.543000,0 days 01:19:14.638000
2024-06-23 13:25:32.176,OnTrack,2310,1190,1723,pos,0 days 00:22:17.763000,0 days 01:19:14.858000
2024-06-23 13:25:32.456,OnTrack,2200,1020,1719,pos,0 days 00:22:18.043000,0 days 01:19:15.138000
2024-06-23 13:25:32.656,OnTrack,2121,898,1717,pos,0 days 00:22:18.243000,0 days 01:19:15.338000
2024-06-23 13:25:32.816,OnTrack,2056,799,1716,pos,0 days 00:22:18.403000,0 days 01:19:15.498000
2024-06-23 13:25:32.996,OnTrack,1983,687,1714,pos,0 days 00:22:18.583000,0 days 01:19:15.678000
2024-06-23 13:25:33.256,OnTrack,1877,524,1711,pos,0 days 00:22:18.843000,0 days 01:19:15.938000
2024-06-23 13:25:33.536,OnTrack,1719,283,1709,pos,0 days 00:22:19.123000,0 days 01:19:16.218000
2024-06-23 13:25:33.796,OnTrack,1653,180,1708,pos,0 days 00:22:19.383000,0 days 01:19:16.478000
2024-06-23 13:25:34.056,OnTrack,1544,10,1708,pos,0 days 00:22:19.643000,0 days 01:19:16.738000
2024-06-23 13:25:34.256,OnTrack,1460,-120,1708,pos,0 days 00:22:19.843000,0 days 01:19:16.938000
2024-06-23 13:25:34.456,OnTrack,1375,-252,1707,pos,0 days 00:22:20.043000,0 days 01:19:17.138000
2024-06-23 13:25:34.676,OnTrack,1282,-399,1707,pos,0 days 00:22:20.263000,0 days 01:19:17.358000
2024-06-23 13:25:34.956,OnTrack,1163,-586,1708,pos,0 days 00:22:20.543000,0 days 01:19:17.638000
2024-06-23 13:25:35.236,OnTrack,991,-856,1708,pos,0 days 00:22:20.823000,0 days 01:19:17.918000
2024-06-23 13:25:35.456,OnTrack,948,-925,1708,pos,0 days 00:22:21.043000,0 days 01:19:18.138000
2024-06-23 13:25:35.736,OnTrack,765,-1212,1708,pos,0 days 00:22:21.323000,0 days 01:19:18.418000
2024-06-23 13:25:36.196,OnTrack,625,-1433,1707,pos,0 days 00:22:21.783000,0 days 01:19:18.878000
2024-06-23 13:25:36.416,OnTrack,483,-1656,1708,pos,0 days 00:22:22.003000,0 days 01:19:19.098000
2024-06-23 13:25:36.836,OnTrack,333,-1893,1708,pos,0 days 00:22:22.423000,0 days 01:19:19.518000
2024-06-23 13:25:37.076,OnTrack,181,-2132,1708,pos,0 days 00:22:22.663000,0 days 01:19:19.758000
2024-06-23 13:25:37.476,OnTrack,47,-2343,1707,pos,0 days 00:22:23.063000,0 days 01:19:20.158000
2024-06-23 13:25:37.776,OnTrack,-79,-2540,1707,pos,0 days 00:22:23.363000,0 days 01:19:20.458000
2024-06-23 13:25:37.956,OnTrack,-157,-2660,1706,pos,0 days 00:22:23.543000,0 days 01:19:20.638000
2024-06-23 13:25:38.236,OnTrack,-333,-2927,1703,pos,0 days 00:22:23.823000,0 days 01:19:20.918000
2024-06-23 13:25:38.556,OnTrack,-435,-3081,1701,pos,0 days 00:22:24.143000,0 days 01:19:21.238000
2024-06-23 13:25:38.896,OnTrack,-632,-3376,1697,pos,0 days 00:22:24.483000,0 days 01:19:21.578000
2024-06-23 13:25:39.176,OnTrack,-726,-3516,1694,pos,0 days 00:22:24.763000,0 days 01:19:21.858000
2024-06-23 13:25:39.396,OnTrack,-829,-3671,1691,pos,0 days 00:22:24.983000,0 days 01:19:22.078000
2024-06-23 13:25:39.756,OnTrack,-998,-3923,1685,pos,0 days 00:22:25.343000,0 days 01:19:22.438000
2024-06-23 13:25:39.796,OnTrack,-1017,-3951,1685,pos,0 days 00:22:25.383000,0 days 01:19:22.478000
2024-06-23 13:25:40.176,OnTrack,-1196,-4218,1678,pos,0 days 00:22:25.763000,0 days 01:19:22.858000
2024-06-23 13:25:40.336,OnTrack,-1319,-4401,1672,pos,0 days 00:22:25.923000,0 days 01:19:23.018000
2024-06-23 13:25:40.736,OnTrack,-1461,-4611,1666,pos,0 days 00:22:26.323000,0 days 01:19:23.418000
2024-06-23 13:25:40.936,OnTrack,-1616,-4843,1660,pos,0 days 00:22:26.523000,0 days 01:19:23.618000
2024-06-23 13:25:41.316,OnTrack,-1720,-5005,1655,pos,0 days 00:22:26.903000,0 days 01:19:23.998000
2024-06-23 13:25:41.516,OnTrack,-1806,-5146,1652,pos,0 days 00:22:27.103000,0 days 01:19:24.198000
2024-06-23 13:25:41.716,OnTrack,-1892,-5290,1649,pos,0 days 00:22:27.303000,0 days 01:19:24.398000
2024-06-23 13:25:42.076,OnTrack,-2042,-5551,1645,pos,0 days 00:22:27.663000,0 days 01:19:24.758000
2024-06-23 13:25:42.276,OnTrack,-2139,-5725,1643,pos,0 days 00:22:27.863000,0 days 01:19:24.958000
2024-06-23 13:25:42.676,OnTrack,-2282,-5984,1639,pos,0 days 00:22:28.263000,0 days 01:19:25.358000
2024-06-23 13:25:42.856,OnTrack,-2352,-6108,1638,pos,0 days 00:22:28.443000,0 days 01:19:25.538000
2024-06-23 13:25:43.037,OnTrack,-2427,-6237,1636,pos,0 days 00:22:28.624000,0 days 01:19:25.719000
2024-06-23 13:25:43.296,OnTrack,-2547,-6429,1634,pos,0 days 00:22:28.883000,0 days 01:19:25.978000
2024-06-23 13:25:43.536,OnTrack,-2583,-6483,1633,pos,0 days 00:22:29.123000,0 days 01:19:26.218000
2024-06-23 13:25:43.736,OnTrack,-2642,-6564,1632,pos,0 days 00:22:29.323000,0 days 01:19:26.418000
2024-06-23 13:25:43.996,OnTrack,-2723,-6666,1631,pos,0 days 00:22:29.583000,0 days 01:19:26.678000
2024-06-23 13:25:44.236,OnTrack,-2796,-6748,1628,pos,0 days 00:22:29.823000,0 days 01:19:26.918000
2024-06-23 13:25:44.476,OnTrack,-2870,-6820,1626,pos,0 days 00:22:30.063000,0 days 01:19:27.158000
2024-06-23 13:25:44.696,OnTrack,-2939,-6876,1625,pos,0 days 00:22:30.283000,0 days 01:19:27.378000
2024-06-23 13:25:44.816,OnTrack,-2978,-6904,1624,pos,0 days 00:22:30.403000,0 days 01:19:27.498000
2024-06-23 13:25:45.116,OnTrack,-3078,-6958,1625,pos,0 days 00:22:30.703000,0 days 01:19:27.798000
2024-06-23 13:25:45.336,OnTrack,-3154,-6983,1623,pos,0 days 00:22:30.923000,0 days 01:19:28.018000
2024-06-23 13:25:45.536,OnTrack,-3278,-6994,1624,pos,0 days 00:22:31.123000,0 days 01:19:28.218000
2024-06-23 13:25:45.836,OnTrack,-3337,-6988,1626,pos,0 days 00:22:31.423000,0 days 01:19:28.518000
2024-06-23 13:25:46.136,OnTrack,-3485,-6945,1629,pos,0 days 00:22:31.723000,0 days 01:19:28.818000
2024-06-23 13:25:46.496,OnTrack,-3581,-6902,1631,pos,0 days 00:22:32.083000,0 days 01:19:29.178000
2024-06-23 13:25:46.776,OnTrack,-3688,-6853,1632,pos,0 days 00:22:32.363000,0 days 01:19:29.458000
2024-06-23 13:25:46.876,OnTrack,-3728,-6835,1633,pos,0 days 00:22:32.463000,0 days 01:19:29.558000
2024-06-23 13:25:47.216,OnTrack,-3931,-6771,1638,pos,0 days 00:22:32.803000,0 days 01:19:29.898000
2024-06-23 13:25:47.616,OnTrack,-4048,-6770,1643,pos,0 days 00:22:33.203000,0 days 01:19:30.298000
2024-06-23 13:25:47.796,OnTrack,-4132,-6785,1646,pos,0 days 00:22:33.383000,0 days 01:19:30.478000
2024-06-23 13:25:48.036,OnTrack,-4290,-6842,1654,pos,0 days 00:22:33.623000,0 days 01:19:30.718000
2024-06-23 13:25:48.316,OnTrack,-4382,-6889,1659,pos,0 days 00:22:33.903000,0 days 01:19:30.998000
2024-06-23 13:25:48.576,OnTrack,-4498,-6961,1666,pos,0 days 00:22:34.163000,0 days 01:19:31.258000
2024-06-23 13:25:48.816,OnTrack,-4604,-7035,1672,pos,0 days 00:22:34.403000,0 days 01:19:31.498000
2024-06-23 13:25:48.996,OnTrack,-4751,-7140,1681,pos,0 days 00:22:34.583000,0 days 01:19:31.678000
2024-06-23 13:25:49.316,OnTrack,-4837,-7196,1685,pos,0 days 00:22:34.903000,0 days 01:19:31.998000
2024-06-23 13:25:49.636,OnTrack,-5010,-7299,1694,pos,0 days 00:22:35.223000,0 days 01:19:32.318000
2024-06-23 13:25:49.916,OnTrack,-5162,-7370,1700,pos,0 days 00:22:35.503000,0 days 01:19:32.598000
2024-06-23 13:25:49.936,OnTrack,-5173,-7374,1701,pos,0 days 00:22:35.523000,0 days 01:19:32.618000
2024-06-23 13:25:50.256,OnTrack,-5338,-7426,1708,pos,0 days 00:22:35.843000,0 days 01:19:32.938000
2024-06-23 13:25:50.516,OnTrack,-5539,-7454,1717,pos,0 days 00:22:36.103000,0 days 01:19:33.198000
2024-06-23 13:25:50.816,OnTrack,-5649,-7453,1721,pos,0 days 00:22:36.403000,0 days 01:19:33.498000
2024-06-23 13:25:51.156,OnTrack,-5896,-7414,1731,pos,0 days 00:22:36.743000,0 days 01:19:33.838000
2024-06-23 13:25:51.416,OnTrack,-5969,-7392,1735,pos,0 days 00:22:37.003000,0 days 01:19:34.098000
2024-06-23 13:25:51.696,OnTrack,-6111,-7333,1740,pos,0 days 00:22:37.283000,0 days 01:19:34.378000
2024-06-23 13:25:51.896,OnTrack,-6209,-7279,1744,pos,0 days 00:22:37.483000,0 days 01:19:34.578000
2024-06-23 13:25:52.056,OnTrack,-6284,-7228,1747,pos,0 days 00:22:37.643000,0 days 01:19:34.738000
2024-06-23 13:25:52.356,OnTrack,-6413,-7113,1753,pos,0 days 00:22:37.943000,0 days 01:19:35.038000
2024-06-23 13:25:52.536,OnTrack,-6516,-6982,1757,pos,0 days 00:22:38.123000,0 days 01:19:35.218000
2024-06-23 13:25:52.976,OnTrack,-6640,-6743,1762,pos,0 days 00:22:38.563000,0 days 01:19:35.658000
2024-06-23 13:25:53.316,OnTrack,-6685,-6599,1765,pos,0 days 00:22:38.903000,0 days 01:19:35.998000
2024-06-23 13:25:53.636,OnTrack,-6725,-6369,1768,pos,0 days 00:22:39.223000,0 days 01:19:36.318000
2024-06-23 13:25:53.956,OnTrack,-6733,-6183,1771,pos,0 days 00:22:39.543000,0 days 01:19:36.638000
2024-06-23 13:25:54.216,OnTrack,-6720,-5939,1774,pos,0 days 00:22:39.803000,0 days 01:19:36.898000
2024-06-23 13:25:54.616,OnTrack,-6692,-5734,1777,pos,0 days 00:22:40.203000,0 days 01:19:37.298000
2024-06-23 13:25:54.776,OnTrack,-6672,-5624,1779,pos,0 days 00:22:40.363000,0 days 01:19:37.458000
2024-06-23 13:25:54.996,OnTrack,-6638,-5473,1781,pos,0 days 00:22:40.583000,0 days 01:19:37.678000
2024-06-23 13:25:55.176,OnTrack,-6605,-5349,1783,pos,0 days 00:22:40.763000,0 days 01:19:37.858000
2024-06-23 13:25:55.356,OnTrack,-6566,-5228,1785,pos,0 days 00:22:40.943000,0 days 01:19:38.038000
2024-06-23 13:25:55.676,OnTrack,-6475,-5015,1789,pos,0 days 00:22:41.263000,0 days 01:19:38.358000
2024-06-23 13:25:55.836,OnTrack,-6419,-4912,1791,pos,0 days 00:22:41.423000,0 days 01:19:38.518000
2024-06-23 13:25:56.096,OnTrack,-6316,-4749,1793,pos,0 days 00:22:41.683000,0 days 01:19:38.778000
2024-06-23 13:25:56.256,OnTrack,-6240,-4638,1795,pos,0 days 00:22:41.843000,0 days 01:19:38.938000
2024-06-23 13:25:56.496,OnTrack,-6136,-4491,1797,pos,0 days 00:22:42.083000,0 days 01:19:39.178000
2024-06-23 13:25:56.676,OnTrack,-6056,-4381,1799,pos,0 days 00:22:42.263000,0 days 01:19:39.358000
2024-06-23 13:25:56.856,OnTrack,-5988,-4284,1800,pos,0 days 00:22:42.443000,0 days 01:19:39.538000
2024-06-23 13:25:57.136,OnTrack,-5872,-4087,1803,pos,0 days 00:22:42.723000,0 days 01:19:39.818000
2024-06-23 13:25:57.536,OnTrack,-5723,-3838,1807,pos,0 days 00:22:43.123000,0 days 01:19:40.218000
2024-06-23 13:25:57.696,OnTrack,-5658,-3734,1809,pos,0 days 00:22:43.283000,0 days 01:19:40.378000
2024-06-23 13:25:57.876,OnTrack,-5584,-3619,1811,pos,0 days 00:22:43.463000,0 days 01:19:40.558000
2024-06-23 13:25:58.076,OnTrack,-5501,-3498,1813,pos,0 days 00:22:43.663000,0 days 01:19:40.758000
2024-06-23 13:25:58.276,OnTrack,-5425,-3386,1815,pos,0 days 00:22:43.863000,0 days 01:19:40.958000
2024-06-23 13:25:58.536,OnTrack,-5334,-3257,1817,pos,0 days 00:22:44.123000,0 days 01:19:41.218000
2024-06-23 13:25:58.796,OnTrack,-5227,-3121,1819,pos,0 days 00:22:44.383000,0 days 01:19:41.478000
2024-06-23 13:25:59.036,OnTrack,-5168,-3056,1819,pos,0 days 00:22:44.623000,0 days 01:19:41.718000
2024-06-23 13:25:59.276,OnTrack,-5087,-2983,1820,pos,0 days 00:22:44.863000,0 days 01:19:41.958000
2024-06-23 13:25:59.616,OnTrack,-4931,-2886,1822,pos,0 days 00:22:45.203000,0 days 01:19:42.298000
2024-06-23 13:25:59.876,OnTrack,-4870,-2863,1823,pos,0 days 00:22:45.463000,0 days 01:19:42.558000
2024-06-23 13:26:00.156,OnTrack,-4764,-2841,1824,pos,0 days 00:22:45.743000,0 days 01:19:42.838000
2024-06-23 13:26:00.416,OnTrack,-4665,-2840,1826,pos,0 days 00:22:46.003000,0 days 01:19:43.098000
2024-06-23 13:26:00.636,OnTrack,-4542,-2864,1828,pos,0 days 00:22:46.223000,0 days 01:19:43.318000
2024-06-23 13:26:00.936,OnTrack,-4481,-2887,1829,pos,0 days 00:22:46.523000,0 days 01:19:43.618000
2024-06-23 13:26:01.216,OnTrack,-4364,-2953,1832,pos,0 days 00:22:46.803000,0 days 01:19:43.898000
2024-06-23 13:26:01.636,OnTrack,-4300,-3010,1833,pos,0 days 00:22:47.223000,0 days 01:19:44.318000
2024-06-23 13:26:01.816,OnTrack,-4255,-3058,1834,pos,0 days 00:22:47.403000,0 days 01:19:44.498000
2024-06-23 13:26:02.076,OnTrack,-4195,-3133,1835,pos,0 days 00:22:47.663000,0 days 01:19:44.758000
2024-06-23 13:26:02.296,OnTrack,-4138,-3225,1836,pos,0 days 00:22:47.883000,0 days 01:19:44.978000
2024-06-23 13:26:02.636,OnTrack,-4091,-3328,1837,pos,0 days 00:22:48.223000,0 days 01:19:45.318000
2024-06-23 13:26:02.856,OnTrack,-4060,-3424,1838,pos,0 days 00:22:48.443000,0 days 01:19:45.538000
2024-06-23 13:26:03.136,OnTrack,-4035,-3545,1839,pos,0 days 00:22:48.723000,0 days 01:19:45.818000
2024-06-23 13:26:03.296,OnTrack,-4028,-3619,1839,pos,0 days 00:22:48.883000,0 days 01:19:45.978000
2024-06-23 13:26:03.476,OnTrack,-4027,-3696,1839,pos,0 days 00:22:49.063000,0 days 01:19:46.158000
2024-06-23 13:26:03.736,OnTrack,-4039,-3825,1839,pos,0 days 00:22:49.323000,0 days 01:19:46.418000
2024-06-23 13:26:03.936,OnTrack,-4060,-3927,1838,pos,0 days 00:22:49.523000,0 days 01:19:46.618000
2024-06-23 13:26:04.136,OnTrack,-4116,-4091,1836,pos,0 days 00:22:49.723000,0 days 01:19:46.818000
2024-06-23 13:26:04.576,OnTrack,-4200,-4251,1834,pos,0 days 00:22:50.163000,0 days 01:19:47.258000
2024-06-23 13:26:04.776,OnTrack,-4264,-4349,1832,pos,0 days 00:22:50.363000,0 days 01:19:47.458000
2024-06-23 13:26:04.956,OnTrack,-4326,-4438,1830,pos,0 days 00:22:50.543000,0 days 01:19:47.638000
2024-06-23 13:26:05.136,OnTrack,-4390,-4527,1828,pos,0 days 00:22:50.723000,0 days 01:19:47.818000
2024-06-23 13:26:05.316,OnTrack,-4456,-4618,1825,pos,0 days 00:22:50.903000,0 days 01:19:47.998000
2024-06-23 13:26:05.556,OnTrack,-4575,-4780,1821,pos,0 days 00:22:51.143000,0 days 01:19:48.238000
2024-06-23 13:26:06.016,OnTrack,-4720,-4978,1817,pos,0 days 00:22:51.603000,0 days 01:19:48.698000
2024-06-23 13:26:06.136,OnTrack,-4766,-5041,1816,pos,0 days 00:22:51.723000,0 days 01:19:48.818000
2024-06-23 13:26:06.416,OnTrack,-4895,-5219,1812,pos,0 days 00:22:52.003000,0 days 01:19:49.098000
2024-06-23 13:26:06.796,OnTrack,-5027,-5410,1806,pos,0 days 00:22:52.383000,0 days 01:19:49.478000
2024-06-23 13:26:07.096,OnTrack,-5078,-5492,1802,pos,0 days 00:22:52.683000,0 days 01:19:49.778000
2024-06-23 13:26:07.316,OnTrack,-5128,-5581,1800,pos,0 days 00:22:52.903000,0 days 01:19:49.998000
2024-06-23 13:26:07.656,OnTrack,-5182,-5702,1794,pos,0 days 00:22:53.243000,0 days 01:19:50.338000
2024-06-23 13:26:07.836,OnTrack,-5203,-5762,1792,pos,0 days 00:22:53.423000,0 days 01:19:50.518000
2024-06-23 13:26:08.096,OnTrack,-5222,-5846,1788,pos,0 days 00:22:53.683000,0 days 01:19:50.778000
2024-06-23 13:26:08.196,OnTrack,-5227,-5921,1785,pos,0 days 00:22:53.783000,0 days 01:19:50.878000
2024-06-23 13:26:08.556,OnTrack,-5221,-5985,1781,pos,0 days 00:22:54.143000,0 days 01:19:51.238000
2024-06-23 13:26:08.856,OnTrack,-5195,-6066,1776,pos,0 days 00:22:54.443000,0 days 01:19:51.538000
2024-06-23 13:26:09.156,OnTrack,-5151,-6134,1771,pos,0 days 00:22:54.743000,0 days 01:19:51.838000
2024-06-23 13:26:09.296,OnTrack,-5106,-6177,1769,pos,0 days 00:22:54.883000,0 days 01:19:51.978000
2024-06-23 13:26:09.676,OnTrack,-5007,-6230,1763,pos,0 days 00:22:55.263000,0 days 01:19:52.358000
2024-06-23 13:26:10.076,OnTrack,-4946,-6245,1761,pos,0 days 00:22:55.663000,0 days 01:19:52.758000
2024-06-23 13:26:10.276,OnTrack,-4893,-6251,1757,pos,0 days 00:22:55.863000,0 days 01:19:52.958000
2024-06-23 13:26:10.576,OnTrack,-4803,-6247,1752,pos,0 days 00:22:56.163000,0 days 01:19:53.258000
2024-06-23 13:26:10.856,OnTrack,-4728,-6233,1746,pos,0 days 00:22:56.443000,0 days 01:19:53.538000
2024-06-23 13:26:11.136,OnTrack,-4643,-6208,1741,pos,0 days 00:22:56.723000,0 days 01:19:53.818000
2024-06-23 13:26:11.296,OnTrack,-4593,-6188,1738,pos,0 days 00:22:56.883000,0 days 01:19:53.978000
2024-06-23 13:26:11.476,OnTrack,-4535,-6163,1734,pos,0 days 00:22:57.063000,0 days 01:19:54.158000
2024-06-23 13:26:11.716,OnTrack,-4455,-6123,1729,pos,0 days 00:22:57.303000,0 days 01:19:54.398000
2024-06-23 13:26:11.876,OnTrack,-4399,-6094,1725,pos,0 days 00:22:57.463000,0 days 01:19:54.558000
2024-06-23 13:26:12.196,OnTrack,-4277,-6027,1716,pos,0 days 00:22:57.783000,0 days 01:19:54.878000
2024-06-23 13:26:12.416,OnTrack,-4135,-5951,1707,pos,0 days 00:22:58.003000,0 days 01:19:55.098000
2024-06-23 13:26:12.776,OnTrack,-4006,-5884,1696,pos,0 days 00:22:58.363000,0 days 01:19:55.458000
2024-06-23 13:26:12.996,OnTrack,-3864,-5817,1690,pos,0 days 00:22:58.583000,0 days 01:19:55.678000
2024-06-23 13:26:13.136,OnTrack,-3794,-5786,1687,pos,0 days 00:22:58.723000,0 days 01:19:55.818000
2024-06-23 13:26:13.316,OnTrack,-3700,-5747,1682,pos,0 days 00:22:58.903000,0 days 01:19:55.998000
2024-06-23 13:26:13.656,OnTrack,-3518,-5671,1675,pos,0 days 00:22:59.243000,0 days 01:19:56.338000
2024-06-23 13:26:13.836,OnTrack,-3419,-5626,1670,pos,0 days 00:22:59.423000,0 days 01:19:56.518000
2024-06-23 13:26:14.016,OnTrack,-3320,-5577,1665,pos,0 days 00:22:59.603000,0 days 01:19:56.698000
2024-06-23 13:26:14.176,OnTrack,-3232,-5529,1662,pos,0 days 00:22:59.763000,0 days 01:19:56.858000
2024-06-23 13:26:14.496,OnTrack,-3060,-5417,1657,pos,0 days 00:23:00.083000,0 days 01:19:57.178000
2024-06-23 13:26:14.716,OnTrack,-2945,-5329,1654,pos,0 days 00:23:00.303000,0 days 01:19:57.398000
2024-06-23 13:26:14.876,OnTrack,-2806,-5203,1652,pos,0 days 00:23:00.463000,0 days 01:19:57.558000
2024-06-23 13:26:15.176,OnTrack,-2721,-5115,1650,pos,0 days 00:23:00.763000,0 days 01:19:57.858000
2024-06-23 13:26:15.476,OnTrack,-2539,-4890,1651,pos,0 days 00:23:01.063000,0 days 01:19:58.158000
2024-06-23 13:26:15.897,OnTrack,-2374,-4655,1651,pos,0 days 00:23:01.484000,0 days 01:19:58.579000
2024-06-23 13:26:16.296,OnTrack,-2235,-4450,1655,pos,0 days 00:23:01.883000,0 days 01:19:58.978000
2024-06-23 13:26:16.636,OnTrack,-2180,-4365,1658,pos,0 days 00:23:02.223000,0 days 01:19:59.318000
2024-06-23 13:26:16.936,OnTrack,-2108,-4201,1662,pos,0 days 00:23:02.523000,0 days 01:19:59.618000
2024-06-23 13:26:17.416,OnTrack,-2084,-4020,1664,pos,0 days 00:23:03.003000,0 days 01:20:00.098000
2024-06-23 13:26:17.836,OnTrack,-2088,-3886,1669,pos,0 days 00:23:03.423000,0 days 01:20:00.518000
2024-06-23 13:26:17.996,OnTrack,-2097,-3827,1672,pos,0 days 00:23:03.583000,0 days 01:20:00.678000
2024-06-23 13:26:18.256,OnTrack,-2126,-3737,1678,pos,0 days 00:23:03.843000,0 days 01:20:00.938000
2024-06-23 13:26:18.416,OnTrack,-2179,-3650,1682,pos,0 days 00:23:04.003000,0 days 01:20:01.098000
2024-06-23 13:26:18.676,OnTrack,-2213,-3611,1684,pos,0 days 00:23:04.263000,0 days 01:20:01.358000
2024-06-23 13:26:18.936,OnTrack,-2288,-3544,1689,pos,0 days 00:23:04.523000,0 days 01:20:01.618000
2024-06-23 13:26:19.176,OnTrack,-2366,-3487,1692,pos,0 days 00:23:04.763000,0 days 01:20:01.858000
2024-06-23 13:26:19.456,OnTrack,-2460,-3419,1697,pos,0 days 00:23:05.043000,0 days 01:20:02.138000
2024-06-23 13:26:19.616,OnTrack,-2514,-3376,1702,pos,0 days 00:23:05.203000,0 days 01:20:02.298000
2024-06-23 13:26:19.896,OnTrack,-2638,-3255,1714,pos,0 days 00:23:05.483000,0 days 01:20:02.578000
2024-06-23 13:26:20.136,OnTrack,-2680,-3203,1718,pos,0 days 00:23:05.723000,0 days 01:20:02.818000
2024-06-23 13:26:20.436,OnTrack,-2760,-3076,1729,pos,0 days 00:23:06.023000,0 days 01:20:03.118000
2024-06-23 13:26:20.716,OnTrack,-2826,-2942,1739,pos,0 days 00:23:06.303000,0 days 01:20:03.398000
2024-06-23 13:26:20.896,OnTrack,-2890,-2799,1748,pos,0 days 00:23:06.483000,0 days 01:20:03.578000
2024-06-23 13:26:21.176,OnTrack,-2933,-2706,1753,pos,0 days 00:23:06.763000,0 days 01:20:03.858000
2024-06-23 13:26:21.416,OnTrack,-2993,-2580,1762,pos,0 days 00:23:07.003000,0 days 01:20:04.098000
2024-06-23 13:26:21.676,OnTrack,-3087,-2382,1776,pos,0 days 00:23:07.263000,0 days 01:20:04.358000
2024-06-23 13:26:22.076,OnTrack,-3170,-2208,1787,pos,0 days 00:23:07.663000,0 days 01:20:04.758000
2024-06-23 13:26:22.256,OnTrack,-3253,-2034,1799,pos,0 days 00:23:07.843000,0 days 01:20:04.938000
2024-06-23 13:26:22.577,OnTrack,-3315,-1905,1806,pos,0 days 00:23:08.164000,0 days 01:20:05.259000
2024-06-23 13:26:22.876,OnTrack,-3399,-1724,1819,pos,0 days 00:23:08.463000,0 days 01:20:05.558000
2024-06-23 13:26:23.136,OnTrack,-3454,-1577,1828,pos,0 days 00:23:08.723000,0 days 01:20:05.818000
2024-06-23 13:26:23.236,OnTrack,-3473,-1515,1832,pos,0 days 00:23:08.823000,0 days 01:20:05.918000
2024-06-23 13:26:23.396,OnTrack,-3494,-1415,1837,pos,0 days 00:23:08.983000,0 days 01:20:06.078000
2024-06-23 13:26:23.696,OnTrack,-3508,-1227,1844,pos,0 days 00:23:09.283000,0 days 01:20:06.378000
2024-06-23 13:26:23.896,OnTrack,-3491,-1028,1853,pos,0 days 00:23:09.483000,0 days 01:20:06.578000
2024-06-23 13:26:24.236,OnTrack,-3465,-896,1858,pos,0 days 00:23:09.823000,0 days 01:20:06.918000
2024-06-23 13:26:24.496,OnTrack,-3392,-681,1865,pos,0 days 00:23:10.083000,0 days 01:20:07.178000
2024-06-23 13:26:24.976,OnTrack,-3246,-437,1871,pos,0 days 00:23:10.563000,0 days 01:20:07.658000
2024-06-23 13:26:25.376,OnTrack,-3098,-304,1874,pos,0 days 00:23:10.963000,0 days 01:20:08.058000
2024-06-23 13:26:25.556,OnTrack,-2997,-246,1875,pos,0 days 00:23:11.143000,0 days 01:20:08.238000
2024-06-23 13:26:25.796,OnTrack,-2853,-182,1874,pos,0 days 00:23:11.383000,0 days 01:20:08.478000
2024-06-23 13:26:25.996,OnTrack,-2730,-134,1873,pos,0 days 00:23:11.583000,0 days 01:20:08.678000
2024-06-23 13:26:26.896,OnTrack,-2174,115,1866,pos,0 days 00:23:12.483000,0 days 01:20:09.578000
2024-06-23 13:26:27.116,OnTrack,-2034,181,1864,pos,0 days 00:23:12.703000,0 days 01:20:09.798000
2024-06-23 13:26:27.296,OnTrack,-1919,236,1862,pos,0 days 00:23:12.883000,0 days 01:20:09.978000
2024-06-23 13:26:27.496,OnTrack,-1789,297,1861,pos,0 days 00:23:13.083000,0 days 01:20:10.178000
2024-06-23 13:26:27.776,OnTrack,-1604,384,1858,pos,0 days 00:23:13.363000,0 days 01:20:10.458000
2024-06-23 13:26:27.996,OnTrack,-1458,454,1856,pos,0 days 00:23:13.583000,0 days 01:20:10.678000
2024-06-23 13:26:28.256,OnTrack,-1283,538,1854,pos,0 days 00:23:13.843000,0 days 01:20:10.938000
2024-06-23 13:26:28.376,OnTrack,-1202,577,1853,pos,0 days 00:23:13.963000,0 days 01:20:11.058000
2024-06-23 13:26:28.676,OnTrack,-960,701,1850,pos,0 days 00:23:14.263000,0 days 01:20:11.358000
2024-06-23 13:26:28.916,OnTrack,-840,764,1849,pos,0 days 00:23:14.503000,0 days 01:20:11.598000
2024-06-23 13:26:29.177,OnTrack,-649,866,1846,pos,0 days 00:23:14.764000,0 days 01:20:11.859000
2024-06-23 13:26:29.396,OnTrack,-499,947,1843,pos,0 days 00:23:14.983000,0 days 01:20:12.078000
2024-06-23 13:26:29.696,OnTrack,-306,1049,1841,pos,0 days 00:23:15.283000,0 days 01:20:12.378000
2024-06-23 13:26:29.956,OnTrack,-31,1196,1837,pos,0 days 00:23:15.543000,0 days 01:20:12.638000
2024-06-23 13:26:30.276,OnTrack,92,1262,1835,pos,0 days 00:23:15.863000,0 days 01:20:12.958000
2024-06-23 13:26:30.396,OnTrack,175,1306,1834,pos,0 days 00:23:15.983000,0 days 01:20:13.078000
2024-06-23 13:26:30.636,OnTrack,335,1389,1833,pos,0 days 00:23:16.223000,0 days 01:20:13.318000
2024-06-23 13:26:30.796,OnTrack,426,1435,1831,pos,0 days 00:23:16.383000,0 days 01:20:13.478000
2024-06-23 13:26:31.116,OnTrack,646,1535,1828,pos,0 days 00:23:16.703000,0 days 01:20:13.798000
2024-06-23 13:26:31.276,OnTrack,742,1575,1827,pos,0 days 00:23:16.863000,0 days 01:20:13.958000
2024-06-23 13:26:31.456,OnTrack,844,1615,1826,pos,0 days 00:23:17.043000,0 days 01:20:14.138000
2024-06-23 13:26:31.736,OnTrack,988,1673,1824,pos,0 days 00:23:17.323000,0 days 01:20:14.418000
2024-06-23 13:26:31.896,OnTrack,1060,1703,1823,pos,0 days 00:23:17.483000,0 days 01:20:14.578000
2024-06-23 13:26:32.216,OnTrack,1186,1762,1822,pos,0 days 00:23:17.803000,0 days 01:20:14.898000
2024-06-23 13:26:32.436,OnTrack,1260,1804,1821,pos,0 days 00:23:18.023000,0 days 01:20:15.118000
2024-06-23 13:26:32.656,OnTrack,1349,1873,1820,pos,0 days 00:23:18.243000,0 days 01:20:15.338000
2024-06-23 13:26:32.896,OnTrack,1382,1907,1819,pos,0 days 00:23:18.483000,0 days 01:20:15.578000
2024-06-23 13:26:33.116,OnTrack,1422,1965,1819,pos,0 days 00:23:18.703000,0 days 01:20:15.798000
2024-06-23 13:26:33.356,OnTrack,1451,2036,1818,pos,0 days 00:23:18.943000,0 days 01:20:16.038000
2024-06-23 13:26:33.576,OnTrack,1463,2103,1817,pos,0 days 00:23:19.163000,0 days 01:20:16.258000
2024-06-23 13:26:33.736,OnTrack,1463,2153,1817,pos,0 days 00:23:19.323000,0 days 01:20:16.418000
2024-06-23 13:26:34.056,OnTrack,1431,2291,1818,pos,0 days 00:23:19.643000,0 days 01:20:16.738000
2024-06-23 13:26:34.476,OnTrack,1383,2385,1821,pos,0 days 00:23:20.063000,0 days 01:20:17.158000
2024-06-23 13:26:34.876,OnTrack,1328,2459,1823,pos,0 days 00:23:20.463000,0 days 01:20:17.558000
2024-06-23 13:26:35.136,OnTrack,1259,2527,1825,pos,0 days 00:23:20.723000,0 days 01:20:17.818000
2024-06-23 13:26:35.416,OnTrack,1212,2561,1826,pos,0 days 00:23:21.003000,0 days 01:20:18.098000
2024-06-23 13:26:35.737,OnTrack,1122,2607,1829,pos,0 days 00:23:21.324000,0 days 01:20:18.419000
2024-06-23 13:26:35.896,OnTrack,1075,2623,1830,pos,0 days 00:23:21.483000,0 days 01:20:18.578000
2024-06-23 13:26:36.096,OnTrack,1013,2639,1831,pos,0 days 00:23:21.683000,0 days 01:20:18.778000
2024-06-23 13:26:36.396,OnTrack,919,2654,1833,pos,0 days 00:23:21.983000,0 days 01:20:19.078000
2024-06-23 13:26:36.596,OnTrack,849,2659,1835,pos,0 days 00:23:22.183000,0 days 01:20:19.278000
2024-06-23 13:26:36.796,OnTrack,721,2655,1837,pos,0 days 00:23:22.383000,0 days 01:20:19.478000
2024-06-23 13:26:37.136,OnTrack,642,2644,1839,pos,0 days 00:23:22.723000,0 days 01:20:19.818000
2024-06-23 13:26:37.376,OnTrack,543,2621,1841,pos,0 days 00:23:22.963000,0 days 01:20:20.058000
2024-06-23 13:26:37.616,OnTrack,442,2586,1844,pos,0 days 00:23:23.203000,0 days 01:20:20.298000
2024-06-23 13:26:37.836,OnTrack,347,2543,1849,pos,0 days 00:23:23.423000,0 days 01:20:20.518000
2024-06-23 13:26:38.016,OnTrack,270,2500,1852,pos,0 days 00:23:23.603000,0 days 01:20:20.698000
2024-06-23 13:26:38.196,OnTrack,192,2451,1856,pos,0 days 00:23:23.783000,0 days 01:20:20.878000
2024-06-23 13:26:38.336,OnTrack,131,2410,1860,pos,0 days 00:23:23.923000,0 days 01:20:21.018000
2024-06-23 13:26:38.656,OnTrack,-27,2297,1868,pos,0 days 00:23:24.243000,0 days 01:20:21.338000
2024-06-23 13:26:38.836,OnTrack,-156,2225,1874,pos,0 days 00:23:24.423000,0 days 01:20:21.518000
2024-06-23 13:26:39.216,OnTrack,-280,2173,1878,pos,0 days 00:23:24.803000,0 days 01:20:21.898000
2024-06-23 13:26:39.436,OnTrack,-375,2145,1881,pos,0 days 00:23:25.023000,0 days 01:20:22.118000
2024-06-23 13:26:39.636,OnTrack,-458,2130,1885,pos,0 days 00:23:25.223000,0 days 01:20:22.318000
2024-06-23 13:26:39.796,OnTrack,-523,2123,1889,pos,0 days 00:23:25.383000,0 days 01:20:22.478000
2024-06-23 13:26:39.976,OnTrack,-593,2122,1892,pos,0 days 00:23:25.563000,0 days 01:20:22.658000
2024-06-23 13:26:40.296,OnTrack,-709,2137,1898,pos,0 days 00:23:25.883000,0 days 01:20:22.978000
2024-06-23 13:26:40.476,OnTrack,-768,2154,1900,pos,0 days 00:23:26.063000,0 days 01:20:23.158000
2024-06-23 13:26:40.696,OnTrack,-834,2186,1904,pos,0 days 00:23:26.283000,0 days 01:20:23.378000
2024-06-23 13:26:40.936,OnTrack,-897,2232,1906,pos,0 days 00:23:26.523000,0 days 01:20:23.618000
2024-06-23 13:26:41.156,OnTrack,-944,2283,1908,pos,0 days 00:23:26.743000,0 days 01:20:23.838000
2024-06-23 13:26:41.376,OnTrack,-983,2340,1909,pos,0 days 00:23:26.963000,0 days 01:20:24.058000
2024-06-23 13:26:41.476,OnTrack,-998,2367,1910,pos,0 days 00:23:27.063000,0 days 01:20:24.158000
2024-06-23 13:26:41.796,OnTrack,-1032,2458,1912,pos,0 days 00:23:27.383000,0 days 01:20:24.478000
2024-06-23 13:26:41.956,OnTrack,-1042,2504,1913,pos,0 days 00:23:27.543000,0 days 01:20:24.638000
2024-06-23 13:26:42.116,OnTrack,-1048,2552,1913,pos,0 days 00:23:27.703000,0 days 01:20:24.798000
2024-06-23 13:26:42.357,OnTrack,-1050,2631,1914,pos,0 days 00:23:27.944000,0 days 01:20:25.039000
2024-06-23 13:26:42.616,OnTrack,-1037,2737,1916,pos,0 days 00:23:28.203000,0 days 01:20:25.298000
2024-06-23 13:26:42.896,OnTrack,-1023,2794,1917,pos,0 days 00:23:28.483000,0 days 01:20:25.578000
2024-06-23 13:26:43.136,OnTrack,-996,2870,1917,pos,0 days 00:23:28.723000,0 days 01:20:25.818000
2024-06-23 13:26:43.456,OnTrack,-946,2972,1920,pos,0 days 00:23:29.043000,0 days 01:20:26.138000
2024-06-23 13:26:43.536,OnTrack,-931,2997,1921,pos,0 days 00:23:29.123000,0 days 01:20:26.218000
2024-06-23 13:26:43.776,OnTrack,-860,3096,1922,pos,0 days 00:23:29.363000,0 days 01:20:26.458000
2024-06-23 13:26:43.936,OnTrack,-816,3147,1922,pos,0 days 00:23:29.523000,0 days 01:20:26.618000
2024-06-23 13:26:44.196,OnTrack,-739,3224,1922,pos,0 days 00:23:29.783000,0 days 01:20:26.878000
2024-06-23 13:26:44.416,OnTrack,-666,3287,1922,pos,0 days 00:23:30.003000,0 days 01:20:27.098000
2024-06-23 13:26:44.676,OnTrack,-571,3363,1921,pos,0 days 00:23:30.263000,0 days 01:20:27.358000
2024-06-23 13:26:44.836,OnTrack,-454,3454,1920,pos,0 days 00:23:30.423000,0 days 01:20:27.518000
2024-06-23 13:26:45.256,OnTrack,-340,3545,1918,pos,0 days 00:23:30.843000,0 days 01:20:27.938000
2024-06-23 13:26:45.536,OnTrack,-179,3682,1913,pos,0 days 00:23:31.123000,0 days 01:20:28.218000
2024-06-23 13:26:45.896,OnTrack,-64,3780,1910,pos,0 days 00:23:31.483000,0 days 01:20:28.578000
2024-06-23 13:26:46.156,OnTrack,56,3879,1905,pos,0 days 00:23:31.743000,0 days 01:20:28.838000
2024-06-23 13:26:46.316,OnTrack,135,3938,1902,pos,0 days 00:23:31.903000,0 days 01:20:28.998000
2024-06-23 13:26:46.476,OnTrack,217,3994,1897,pos,0 days 00:23:32.063000,0 days 01:20:29.158000
2024-06-23 13:26:46.716,OnTrack,430,4096,1888,pos,0 days 00:23:32.303000,0 days 01:20:29.398000
2024-06-23 13:26:47.136,OnTrack,604,4135,1880,pos,0 days 00:23:32.723000,0 days 01:20:29.818000
2024-06-23 13:26:47.336,OnTrack,733,4139,1873,pos,0 days 00:23:32.923000,0 days 01:20:30.018000
2024-06-23 13:26:47.516,OnTrack,942,4111,1861,pos,0 days 00:23:33.103000,0 days 01:20:30.198000
2024-06-23 13:26:47.996,OnTrack,1220,4016,1845,pos,0 days 00:23:33.583000,0 days 01:20:30.678000
2024-06-23 13:26:48.256,OnTrack,1318,3969,1839,pos,0 days 00:23:33.843000,0 days 01:20:30.938000
2024-06-23 13:26:48.516,OnTrack,1543,3841,1826,pos,0 days 00:23:34.103000,0 days 01:20:31.198000
2024-06-23 13:26:49.016,OnTrack,1835,3655,1808,pos,0 days 00:23:34.603000,0 days 01:20:31.698000
2024-06-23 13:26:49.356,OnTrack,1976,3565,1800,pos,0 days 00:23:34.943000,0 days 01:20:32.038000
2024-06-23 13:26:49.556,OnTrack,2083,3496,1793,pos,0 days 00:23:35.143000,0 days 01:20:32.238000
2024-06-23 13:26:49.856,OnTrack,2332,3332,1780,pos,0 days 00:23:35.443000,0 days 01:20:32.538000
2024-06-23 13:26:50.116,OnTrack,2411,3274,1776,pos,0 days 00:23:35.703000,0 days 01:20:32.798000
2024-06-23 13:26:50.336,OnTrack,2524,3180,1770,pos,0 days 00:23:35.923000,0 days 01:20:33.018000
2024-06-23 13:26:50.596,OnTrack,2645,3058,1763,pos,0 days 00:23:36.183000,0 days 01:20:33.278000
2024-06-23 13:26:50.756,OnTrack,2709,2980,1760,pos,0 days 00:23:36.343000,0 days 01:20:33.438000
2024-06-23 13:26:51.036,OnTrack,2796,2828,1755,pos,0 days 00:23:36.623000,0 days 01:20:33.718000
2024-06-23 13:26:51.196,OnTrack,2832,2733,1751,pos,0 days 00:23:36.783000,0 days 01:20:33.878000
2024-06-23 13:26:51.396,OnTrack,2864,2609,1748,pos,0 days 00:23:36.983000,0 days 01:20:34.078000
2024-06-23 13:26:51.596,OnTrack,2882,2483,1744,pos,0 days 00:23:37.183000,0 days 01:20:34.278000
2024-06-23 13:26:51.796,OnTrack,2883,2358,1743,pos,0 days 00:23:37.383000,0 days 01:20:34.478000
2024-06-23 13:26:52.096,OnTrack,2838,2104,1737,pos,0 days 00:23:37.683000,0 days 01:20:34.778000
2024-06-23 13:26:52.496,OnTrack,2764,1921,1734,pos,0 days 00:23:38.083000,0 days 01:20:35.178000
2024-06-23 13:26:52.636,OnTrack,2720,1837,1733,pos,0 days 00:23:38.223000,0 days 01:20:35.318000
2024-06-23 13:26:52.916,OnTrack,2624,1673,1731,pos,0 days 00:23:38.503000,0 days 01:20:35.598000
2024-06-23 13:26:53.196,OnTrack,2467,1430,1727,pos,0 days 00:23:38.783000,0 days 01:20:35.878000
2024-06-23 13:26:53.576,OnTrack,2336,1229,1723,pos,0 days 00:23:39.163000,0 days 01:20:36.258000
2024-06-23 13:26:53.976,OnTrack,2218,1048,1720,pos,0 days 00:23:39.563000,0 days 01:20:36.658000
2024-06-23 13:26:54.236,OnTrack,2083,840,1716,pos,0 days 00:23:39.823000,0 days 01:20:36.918000
2024-06-23 13:26:54.476,OnTrack,2019,741,1715,pos,0 days 00:23:40.063000,0 days 01:20:37.158000
2024-06-23 13:26:54.856,OnTrack,1831,453,1711,pos,0 days 00:23:40.443000,0 days 01:20:37.538000
2024-06-23 13:26:55.276,OnTrack,1631,146,1707,pos,0 days 00:23:40.863000,0 days 01:20:37.958000
2024-06-23 13:26:55.577,OnTrack,1556,29,1708,pos,0 days 00:23:41.164000,0 days 01:20:38.259000
2024-06-23 13:26:55.756,OnTrack,1505,-50,1707,pos,0 days 00:23:41.343000,0 days 01:20:38.438000
2024-06-23 13:26:55.996,OnTrack,1412,-195,1707,pos,0 days 00:23:41.583000,0 days 01:20:38.678000
2024-06-23 13:26:56.276,OnTrack,1293,-381,1708,pos,0 days 00:23:41.863000,0 days 01:20:38.958000
2024-06-23 13:26:56.456,OnTrack,1216,-502,1708,pos,0 days 00:23:42.043000,0 days 01:20:39.138000
2024-06-23 13:26:56.676,OnTrack,1122,-651,1708,pos,0 days 00:23:42.263000,0 days 01:20:39.358000
2024-06-23 13:26:56.856,OnTrack,984,-868,1708,pos,0 days 00:23:42.443000,0 days 01:20:39.538000
2024-06-23 13:26:57.336,OnTrack,837,-1100,1708,pos,0 days 00:23:42.923000,0 days 01:20:40.018000
2024-06-23 13:26:57.536,OnTrack,750,-1236,1708,pos,0 days 00:23:43.123000,0 days 01:20:40.218000
2024-06-23 13:26:57.696,OnTrack,680,-1346,1707,pos,0 days 00:23:43.283000,0 days 01:20:40.378000
2024-06-23 13:26:57.876,OnTrack,601,-1471,1707,pos,0 days 00:23:43.463000,0 days 01:20:40.558000
2024-06-23 13:26:58.156,OnTrack,434,-1734,1708,pos,0 days 00:23:43.743000,0 days 01:20:40.838000
2024-06-23 13:26:58.456,OnTrack,345,-1874,1708,pos,0 days 00:23:44.043000,0 days 01:20:41.138000
2024-06-23 13:26:58.716,OnTrack,229,-2056,1708,pos,0 days 00:23:44.303000,0 days 01:20:41.398000
2024-06-23 13:26:58.876,OnTrack,158,-2168,1707,pos,0 days 00:23:44.463000,0 days 01:20:41.558000
2024-06-23 13:26:59.236,OnTrack,-66,-2520,1707,pos,0 days 00:23:44.823000,0 days 01:20:41.918000
2024-06-23 13:26:59.596,OnTrack,-161,-2667,1706,pos,0 days 00:23:45.183000,0 days 01:20:42.278000
2024-06-23 13:26:59.756,OnTrack,-235,-2779,1705,pos,0 days 00:23:45.343000,0 days 01:20:42.438000
2024-06-23 13:26:59.936,OnTrack,-318,-2905,1703,pos,0 days 00:23:45.523000,0 days 01:20:42.618000
2024-06-23 13:27:00.176,OnTrack,-430,-3073,1701,pos,0 days 00:23:45.763000,0 days 01:20:42.858000
2024-06-23 13:27:00.356,OnTrack,-514,-3199,1700,pos,0 days 00:23:45.943000,0 days 01:20:43.038000
2024-06-23 13:27:00.636,OnTrack,-702,-3481,1695,pos,0 days 00:23:46.223000,0 days 01:20:43.318000
2024-06-23 13:27:00.956,OnTrack,-797,-3622,1692,pos,0 days 00:23:46.543000,0 days 01:20:43.638000
2024-06-23 13:27:01.256,OnTrack,-939,-3834,1688,pos,0 days 00:23:46.843000,0 days 01:20:43.938000
2024-06-23 13:27:01.496,OnTrack,-1052,-4003,1683,pos,0 days 00:23:47.083000,0 days 01:20:44.178000
2024-06-23 13:27:01.576,OnTrack,-1090,-4060,1681,pos,0 days 00:23:47.163000,0 days 01:20:44.258000
2024-06-23 13:27:01.776,OnTrack,-1186,-4202,1678,pos,0 days 00:23:47.363000,0 days 01:20:44.458000
2024-06-23 13:27:02.017,OnTrack,-1309,-4386,1673,pos,0 days 00:23:47.604000,0 days 01:20:44.699000
2024-06-23 13:27:02.276,OnTrack,-1433,-4570,1667,pos,0 days 00:23:47.863000,0 days 01:20:44.958000
2024-06-23 13:27:02.516,OnTrack,-1553,-4748,1662,pos,0 days 00:23:48.103000,0 days 01:20:45.198000
2024-06-23 13:27:02.756,OnTrack,-1657,-4907,1658,pos,0 days 00:23:48.343000,0 days 01:20:45.438000
2024-06-23 13:27:02.956,OnTrack,-1801,-5137,1652,pos,0 days 00:23:48.543000,0 days 01:20:45.638000
2024-06-23 13:27:03.196,OnTrack,-1853,-5224,1651,pos,0 days 00:23:48.783000,0 days 01:20:45.878000
2024-06-23 13:27:03.556,OnTrack,-2006,-5488,1646,pos,0 days 00:23:49.143000,0 days 01:20:46.238000
2024-06-23 13:27:03.636,OnTrack,-2039,-5547,1645,pos,0 days 00:23:49.223000,0 days 01:20:46.318000
2024-06-23 13:27:03.856,OnTrack,-2130,-5707,1643,pos,0 days 00:23:49.443000,0 days 01:20:46.538000
2024-06-23 13:27:04.176,OnTrack,-2259,-5941,1640,pos,0 days 00:23:49.763000,0 days 01:20:46.858000
2024-06-23 13:27:04.396,OnTrack,-2385,-6165,1637,pos,0 days 00:23:49.983000,0 days 01:20:47.078000
2024-06-23 13:27:04.816,OnTrack,-2508,-6369,1634,pos,0 days 00:23:50.403000,0 days 01:20:47.498000
2024-06-23 13:27:04.976,OnTrack,-2566,-6458,1633,pos,0 days 00:23:50.563000,0 days 01:20:47.658000
2024-06-23 13:27:05.176,OnTrack,-2642,-6563,1632,pos,0 days 00:23:50.763000,0 days 01:20:47.858000
2024-06-23 13:27:05.496,OnTrack,-2713,-6655,1631,pos,0 days 00:23:51.083000,0 days 01:20:48.178000
2024-06-23 13:27:05.856,OnTrack,-2860,-6811,1627,pos,0 days 00:23:51.443000,0 days 01:20:48.538000
2024-06-23 13:27:06.156,OnTrack,-2925,-6866,1625,pos,0 days 00:23:51.743000,0 days 01:20:48.838000
2024-06-23 13:27:06.396,OnTrack,-3052,-6947,1625,pos,0 days 00:23:51.983000,0 days 01:20:49.078000
2024-06-23 13:27:06.716,OnTrack,-3114,-6972,1623,pos,0 days 00:23:52.303000,0 days 01:20:49.398000
2024-06-23 13:27:06.956,OnTrack,-3201,-6991,1623,pos,0 days 00:23:52.543000,0 days 01:20:49.638000
2024-06-23 13:27:07.236,OnTrack,-3305,-6992,1625,pos,0 days 00:23:52.823000,0 days 01:20:49.918000
2024-06-23 13:27:07.416,OnTrack,-3417,-6969,1628,pos,0 days 00:23:53.003000,0 days 01:20:50.098000
2024-06-23 13:27:07.736,OnTrack,-3491,-6942,1629,pos,0 days 00:23:53.323000,0 days 01:20:50.418000
2024-06-23 13:27:07.936,OnTrack,-3566,-6910,1631,pos,0 days 00:23:53.523000,0 days 01:20:50.618000
2024-06-23 13:27:08.256,OnTrack,-3738,-6831,1633,pos,0 days 00:23:53.843000,0 days 01:20:50.938000
2024-06-23 13:27:08.637,OnTrack,-3855,-6788,1636,pos,0 days 00:23:54.224000,0 days 01:20:51.319000
2024-06-23 13:27:08.916,OnTrack,-4031,-6768,1642,pos,0 days 00:23:54.503000,0 days 01:20:51.598000
2024-06-23 13:27:09.256,OnTrack,-4190,-6802,1649,pos,0 days 00:23:54.843000,0 days 01:20:51.938000
2024-06-23 13:27:09.616,OnTrack,-4290,-6842,1654,pos,0 days 00:23:55.203000,0 days 01:20:52.298000
2024-06-23 13:27:09.876,OnTrack,-4474,-6945,1665,pos,0 days 00:23:55.463000,0 days 01:20:52.558000
2024-06-23 13:27:10.336,OnTrack,-4612,-7041,1673,pos,0 days 00:23:55.923000,0 days 01:20:53.018000
2024-06-23 13:27:10.516,OnTrack,-4691,-7099,1677,pos,0 days 00:23:56.103000,0 days 01:20:53.198000
2024-06-23 13:27:10.796,OnTrack,-4821,-7186,1684,pos,0 days 00:23:56.383000,0 days 01:20:53.478000
2024-06-23 13:27:11.016,OnTrack,-4930,-7254,1690,pos,0 days 00:23:56.603000,0 days 01:20:53.698000
2024-06-23 13:27:11.196,OnTrack,-5044,-7316,1695,pos,0 days 00:23:56.783000,0 days 01:20:53.878000
2024-06-23 13:27:11.596,OnTrack,-5239,-7398,1704,pos,0 days 00:23:57.183000,0 days 01:20:54.278000
2024-06-23 13:27:11.676,OnTrack,-5283,-7412,1705,pos,0 days 00:23:57.263000,0 days 01:20:54.358000
2024-06-23 13:27:11.856,OnTrack,-5385,-7436,1710,pos,0 days 00:23:57.443000,0 days 01:20:54.538000
2024-06-23 13:27:12.216,OnTrack,-5641,-7454,1721,pos,0 days 00:23:57.803000,0 days 01:20:54.898000
2024-06-23 13:27:13.336,OnTrack,-6195,-7288,1743,pos,0 days 00:23:58.923000,0 days 01:20:56.018000
2024-06-23 13:27:13.676,OnTrack,-6346,-7178,1749,pos,0 days 00:23:59.263000,0 days 01:20:56.358000
2024-06-23 13:27:13.896,OnTrack,-6462,-7056,1755,pos,0 days 00:23:59.483000,0 days 01:20:56.578000
2024-06-23 13:27:14.276,OnTrack,-6597,-6840,1760,pos,0 days 00:23:59.863000,0 days 01:20:56.958000
2024-06-23 13:27:14.576,OnTrack,-6635,-6753,1762,pos,0 days 00:24:00.163000,0 days 01:20:57.258000
2024-06-23 13:27:14.896,OnTrack,-6703,-6520,1766,pos,0 days 00:24:00.483000,0 days 01:20:57.578000
2024-06-23 13:27:15.157,OnTrack,-6722,-6397,1768,pos,0 days 00:24:00.744000,0 days 01:20:57.839000
2024-06-23 13:27:15.396,OnTrack,-6732,-6245,1770,pos,0 days 00:24:00.983000,0 days 01:20:58.078000
2024-06-23 13:27:15.656,OnTrack,-6730,-6076,1773,pos,0 days 00:24:01.243000,0 days 01:20:58.338000
2024-06-23 13:27:15.776,OnTrack,-6726,-6010,1773,pos,0 days 00:24:01.363000,0 days 01:20:58.458000
2024-06-23 13:27:16.056,OnTrack,-6706,-5825,1776,pos,0 days 00:24:01.643000,0 days 01:20:58.738000
2024-06-23 13:27:16.376,OnTrack,-6669,-5609,1779,pos,0 days 00:24:01.963000,0 days 01:20:59.058000
2024-06-23 13:27:16.536,OnTrack,-6628,-5431,1782,pos,0 days 00:24:02.123000,0 days 01:20:59.218000
2024-06-23 13:27:16.916,OnTrack,-6572,-5243,1785,pos,0 days 00:24:02.503000,0 days 01:20:59.598000
2024-06-23 13:27:17.076,OnTrack,-6532,-5137,1787,pos,0 days 00:24:02.663000,0 days 01:20:59.758000
2024-06-23 13:27:17.316,OnTrack,-6458,-4982,1790,pos,0 days 00:24:02.903000,0 days 01:20:59.998000
2024-06-23 13:27:17.516,OnTrack,-6385,-4856,1792,pos,0 days 00:24:03.103000,0 days 01:21:00.198000
2024-06-23 13:27:17.696,OnTrack,-6313,-4745,1793,pos,0 days 00:24:03.283000,0 days 01:21:00.378000
2024-06-23 13:27:17.976,OnTrack,-6144,-4502,1797,pos,0 days 00:24:03.563000,0 days 01:21:00.658000
2024-06-23 13:27:18.336,OnTrack,-5989,-4285,1800,pos,0 days 00:24:03.923000,0 days 01:21:01.018000
2024-06-23 13:27:18.696,OnTrack,-5896,-4129,1803,pos,0 days 00:24:04.283000,0 days 01:21:01.378000
2024-06-23 13:27:18.956,OnTrack,-5796,-3959,1805,pos,0 days 00:24:04.543000,0 days 01:21:01.638000
2024-06-23 13:27:19.236,OnTrack,-5670,-3752,1809,pos,0 days 00:24:04.823000,0 days 01:21:01.918000
2024-06-23 13:27:19.496,OnTrack,-5580,-3614,1811,pos,0 days 00:24:05.083000,0 days 01:21:02.178000
2024-06-23 13:27:19.776,OnTrack,-5460,-3438,1814,pos,0 days 00:24:05.363000,0 days 01:21:02.458000
2024-06-23 13:27:19.976,OnTrack,-5383,-3326,1816,pos,0 days 00:24:05.563000,0 days 01:21:02.658000
2024-06-23 13:27:20.216,OnTrack,-5298,-3209,1818,pos,0 days 00:24:05.803000,0 days 01:21:02.898000
2024-06-23 13:27:20.376,OnTrack,-5243,-3139,1818,pos,0 days 00:24:05.963000,0 days 01:21:03.058000
2024-06-23 13:27:20.636,OnTrack,-5103,-2996,1819,pos,0 days 00:24:06.223000,0 days 01:21:03.318000
2024-06-23 13:27:21.056,OnTrack,-4949,-2894,1821,pos,0 days 00:24:06.643000,0 days 01:21:03.738000
2024-06-23 13:27:21.356,OnTrack,-4888,-2869,1822,pos,0 days 00:24:06.943000,0 days 01:21:04.038000
2024-06-23 13:27:21.677,OnTrack,-4757,-2841,1824,pos,0 days 00:24:07.264000,0 days 01:21:04.359000
2024-06-23 13:27:21.897,OnTrack,-4672,-2840,1826,pos,0 days 00:24:07.484000,0 days 01:21:04.579000
2024-06-23 13:27:22.056,OnTrack,-4612,-2847,1827,pos,0 days 00:24:07.643000,0 days 01:21:04.738000
2024-06-23 13:27:22.256,OnTrack,-4539,-2865,1828,pos,0 days 00:24:07.843000,0 days 01:21:04.938000
2024-06-23 13:27:22.456,OnTrack,-4445,-2904,1830,pos,0 days 00:24:08.043000,0 days 01:21:05.138000
2024-06-23 13:27:22.756,OnTrack,-4383,-2940,1831,pos,0 days 00:24:08.343000,0 days 01:21:05.438000
2024-06-23 13:27:23.076,OnTrack,-4305,-3004,1833,pos,0 days 00:24:08.663000,0 days 01:21:05.758000
2024-06-23 13:27:23.236,OnTrack,-4273,-3037,1834,pos,0 days 00:24:08.823000,0 days 01:21:05.918000
2024-06-23 13:27:23.436,OnTrack,-4224,-3094,1835,pos,0 days 00:24:09.023000,0 days 01:21:06.118000
2024-06-23 13:27:23.736,OnTrack,-4159,-3188,1836,pos,0 days 00:24:09.323000,0 days 01:21:06.418000
2024-06-23 13:27:23.836,OnTrack,-4140,-3222,1836,pos,0 days 00:24:09.423000,0 days 01:21:06.518000
2024-06-23 13:27:24.176,OnTrack,-4083,-3348,1838,pos,0 days 00:24:09.763000,0 days 01:21:06.858000
2024-06-23 13:27:24.396,OnTrack,-4056,-3438,1838,pos,0 days 00:24:09.983000,0 days 01:21:07.078000
2024-06-23 13:27:24.576,OnTrack,-4035,-3552,1839,pos,0 days 00:24:10.163000,0 days 01:21:07.258000
2024-06-23 13:27:24.916,OnTrack,-4027,-3672,1839,pos,0 days 00:24:10.503000,0 days 01:21:07.598000
2024-06-23 13:27:25.216,OnTrack,-4038,-3819,1839,pos,0 days 00:24:10.803000,0 days 01:21:07.898000
2024-06-23 13:27:25.376,OnTrack,-4053,-3900,1838,pos,0 days 00:24:10.963000,0 days 01:21:08.058000
2024-06-23 13:27:25.556,OnTrack,-4097,-4042,1837,pos,0 days 00:24:11.143000,0 days 01:21:08.238000
2024-06-23 13:27:26.036,OnTrack,-4188,-4232,1834,pos,0 days 00:24:11.623000,0 days 01:21:08.718000
2024-06-23 13:27:26.216,OnTrack,-4245,-4321,1833,pos,0 days 00:24:11.803000,0 days 01:21:08.898000
2024-06-23 13:27:26.416,OnTrack,-4341,-4459,1829,pos,0 days 00:24:12.003000,0 days 01:21:09.098000
2024-06-23 13:27:26.816,OnTrack,-4456,-4618,1825,pos,0 days 00:24:12.403000,0 days 01:21:09.498000
2024-06-23 13:27:26.956,OnTrack,-4507,-4688,1824,pos,0 days 00:24:12.543000,0 days 01:21:09.638000
2024-06-23 13:27:27.196,OnTrack,-4597,-4810,1821,pos,0 days 00:24:12.783000,0 days 01:21:09.878000
2024-06-23 13:27:27.436,OnTrack,-4688,-4935,1818,pos,0 days 00:24:13.023000,0 days 01:21:10.118000
2024-06-23 13:27:27.596,OnTrack,-4749,-5019,1816,pos,0 days 00:24:13.183000,0 days 01:21:10.278000
2024-06-23 13:27:27.796,OnTrack,-4827,-5125,1814,pos,0 days 00:24:13.383000,0 days 01:21:10.478000
2024-06-23 13:27:28.096,OnTrack,-4972,-5329,1808,pos,0 days 00:24:13.683000,0 days 01:21:10.778000
2024-06-23 13:27:28.497,OnTrack,-5080,-5496,1802,pos,0 days 00:24:14.084000,0 days 01:21:11.179000
2024-06-23 13:27:28.836,OnTrack,-5136,-5597,1799,pos,0 days 00:24:14.423000,0 days 01:21:11.518000
2024-06-23 13:27:28.936,OnTrack,-5150,-5627,1798,pos,0 days 00:24:14.523000,0 days 01:21:11.618000
2024-06-23 13:27:29.236,OnTrack,-5194,-5735,1793,pos,0 days 00:24:14.823000,0 days 01:21:11.918000
2024-06-23 13:27:29.496,OnTrack,-5218,-5824,1789,pos,0 days 00:24:15.083000,0 days 01:21:12.178000
2024-06-23 13:27:29.696,OnTrack,-5227,-5916,1785,pos,0 days 00:24:15.283000,0 days 01:21:12.378000
2024-06-23 13:27:30.096,OnTrack,-5201,-6051,1778,pos,0 days 00:24:15.683000,0 days 01:21:12.778000
2024-06-23 13:27:30.516,OnTrack,-5163,-6119,1773,pos,0 days 00:24:16.103000,0 days 01:21:13.198000
2024-06-23 13:27:30.736,OnTrack,-5123,-6163,1770,pos,0 days 00:24:16.323000,0 days 01:21:13.418000
2024-06-23 13:27:30.896,OnTrack,-5089,-6190,1768,pos,0 days 00:24:16.483000,0 days 01:21:13.578000
2024-06-23 13:27:31.096,OnTrack,-5020,-6226,1764,pos,0 days 00:24:16.683000,0 days 01:21:13.778000
2024-06-23 13:27:31.456,OnTrack,-4954,-6244,1761,pos,0 days 00:24:17.043000,0 days 01:21:14.138000
2024-06-23 13:27:31.656,OnTrack,-4901,-6250,1758,pos,0 days 00:24:17.243000,0 days 01:21:14.338000
2024-06-23 13:27:31.916,OnTrack,-4829,-6250,1754,pos,0 days 00:24:17.503000,0 days 01:21:14.598000
2024-06-23 13:27:32.176,OnTrack,-4754,-6239,1748,pos,0 days 00:24:17.763000,0 days 01:21:14.858000
2024-06-23 13:27:32.416,OnTrack,-4683,-6221,1744,pos,0 days 00:24:18.003000,0 days 01:21:15.098000
2024-06-23 13:27:32.596,OnTrack,-4629,-6203,1740,pos,0 days 00:24:18.183000,0 days 01:21:15.278000
2024-06-23 13:27:32.816,OnTrack,-4562,-6175,1736,pos,0 days 00:24:18.403000,0 days 01:21:15.498000
2024-06-23 13:27:32.976,OnTrack,-4464,-6128,1729,pos,0 days 00:24:18.563000,0 days 01:21:15.658000
2024-06-23 13:27:33.296,OnTrack,-4402,-6096,1725,pos,0 days 00:24:18.883000,0 days 01:21:15.978000
2024-06-23 13:27:33.576,OnTrack,-4299,-6039,1718,pos,0 days 00:24:19.163000,0 days 01:21:16.258000
2024-06-23 13:27:33.736,OnTrack,-4236,-6005,1714,pos,0 days 00:24:19.323000,0 days 01:21:16.418000
2024-06-23 13:27:33.916,OnTrack,-4161,-5964,1709,pos,0 days 00:24:19.503000,0 days 01:21:16.598000
2024-06-23 13:27:34.296,OnTrack,-3922,-5844,1694,pos,0 days 00:24:19.883000,0 days 01:21:16.978000
2024-06-23 13:27:34.676,OnTrack,-3742,-5764,1684,pos,0 days 00:24:20.263000,0 days 01:21:17.358000
2024-06-23 13:27:34.917,OnTrack,-3636,-5721,1679,pos,0 days 00:24:20.504000,0 days 01:21:17.599000
2024-06-23 13:27:35.296,OnTrack,-3428,-5631,1670,pos,0 days 00:24:20.883000,0 days 01:21:17.978000
2024-06-23 13:27:35.456,OnTrack,-3351,-5593,1667,pos,0 days 00:24:21.043000,0 days 01:21:18.138000
2024-06-23 13:27:35.676,OnTrack,-3230,-5527,1662,pos,0 days 00:24:21.263000,0 days 01:21:18.358000
2024-06-23 13:27:35.836,OnTrack,-3142,-5474,1659,pos,0 days 00:24:21.423000,0 days 01:21:18.518000
2024-06-23 13:27:35.996,OnTrack,-3057,-5415,1657,pos,0 days 00:24:21.583000,0 days 01:21:18.678000
2024-06-23 13:27:36.256,OnTrack,-2861,-5256,1653,pos,0 days 00:24:21.843000,0 days 01:21:18.938000
2024-06-23 13:27:36.596,OnTrack,-2755,-5152,1651,pos,0 days 00:24:22.183000,0 days 01:21:19.278000
2024-06-23 13:27:36.836,OnTrack,-2646,-5029,1650,pos,0 days 00:24:22.423000,0 days 01:21:19.518000
2024-06-23 13:27:37.056,OnTrack,-2552,-4908,1651,pos,0 days 00:24:22.643000,0 days 01:21:19.738000
2024-06-23 13:27:37.356,OnTrack,-2424,-4727,1651,pos,0 days 00:24:22.943000,0 days 01:21:20.038000
2024-06-23 13:27:37.596,OnTrack,-2343,-4610,1652,pos,0 days 00:24:23.183000,0 days 01:21:20.278000
2024-06-23 13:27:37.916,OnTrack,-2238,-4455,1654,pos,0 days 00:24:23.503000,0 days 01:21:20.598000
2024-06-23 13:27:38.116,OnTrack,-2183,-4369,1658,pos,0 days 00:24:23.703000,0 days 01:21:20.798000
2024-06-23 13:27:38.396,OnTrack,-2116,-4227,1661,pos,0 days 00:24:23.983000,0 days 01:21:21.078000
2024-06-23 13:27:38.776,OnTrack,-2092,-4118,1662,pos,0 days 00:24:24.363000,0 days 01:21:21.458000
2024-06-23 13:27:38.976,OnTrack,-2084,-4037,1664,pos,0 days 00:24:24.563000,0 days 01:21:21.658000
2024-06-23 13:27:39.136,OnTrack,-2083,-3973,1666,pos,0 days 00:24:24.723000,0 days 01:21:21.818000
2024-06-23 13:27:39.376,OnTrack,-2088,-3881,1669,pos,0 days 00:24:24.963000,0 days 01:21:22.058000
2024-06-23 13:27:39.556,OnTrack,-2099,-3816,1673,pos,0 days 00:24:25.143000,0 days 01:21:22.238000
2024-06-23 13:27:39.796,OnTrack,-2147,-3696,1680,pos,0 days 00:24:25.383000,0 days 01:21:22.478000
2024-06-23 13:27:40.136,OnTrack,-2195,-3631,1683,pos,0 days 00:24:25.723000,0 days 01:21:22.818000
2024-06-23 13:27:40.376,OnTrack,-2260,-3567,1686,pos,0 days 00:24:25.963000,0 days 01:21:23.058000
2024-06-23 13:27:40.616,OnTrack,-2335,-3510,1690,pos,0 days 00:24:26.203000,0 days 01:21:23.298000
2024-06-23 13:27:40.856,OnTrack,-2415,-3452,1695,pos,0 days 00:24:26.443000,0 days 01:21:23.538000
2024-06-23 13:27:40.936,OnTrack,-2442,-3433,1695,pos,0 days 00:24:26.523000,0 days 01:21:23.618000
2024-06-23 13:27:41.116,OnTrack,-2504,-3385,1701,pos,0 days 00:24:26.703000,0 days 01:21:23.798000
2024-06-23 13:27:41.417,OnTrack,-2611,-3285,1710,pos,0 days 00:24:27.004000,0 days 01:21:24.099000
2024-06-23 13:27:41.637,OnTrack,-2680,-3202,1718,pos,0 days 00:24:27.224000,0 days 01:21:24.319000
2024-06-23 13:27:41.836,OnTrack,-2736,-3118,1726,pos,0 days 00:24:27.423000,0 days 01:21:24.518000
2024-06-23 13:27:41.996,OnTrack,-2777,-3044,1731,pos,0 days 00:24:27.583000,0 days 01:21:24.678000
2024-06-23 13:27:42.316,OnTrack,-2856,-2876,1742,pos,0 days 00:24:27.903000,0 days 01:21:24.998000
2024-06-23 13:27:42.596,OnTrack,-2912,-2751,1750,pos,0 days 00:24:28.183000,0 days 01:21:25.278000
2024-06-23 13:27:42.936,OnTrack,-2997,-2571,1763,pos,0 days 00:24:28.523000,0 days 01:21:25.618000
2024-06-23 13:27:42.996,OnTrack,-3013,-2539,1765,pos,0 days 00:24:28.583000,0 days 01:21:25.678000
2024-06-23 13:27:43.356,OnTrack,-3110,-2334,1778,pos,0 days 00:24:28.943000,0 days 01:21:26.038000
2024-06-23 13:27:43.536,OnTrack,-3169,-2209,1787,pos,0 days 00:24:29.123000,0 days 01:21:26.218000
2024-06-23 13:27:43.916,OnTrack,-3263,-2011,1800,pos,0 days 00:24:29.503000,0 days 01:21:26.598000
2024-06-23 13:27:44.016,OnTrack,-3291,-1953,1804,pos,0 days 00:24:29.603000,0 days 01:21:26.698000
2024-06-23 13:27:44.276,OnTrack,-3403,-1714,1819,pos,0 days 00:24:29.863000,0 days 01:21:26.958000
2024-06-23 13:27:44.736,OnTrack,-3487,-1456,1835,pos,0 days 00:24:30.323000,0 days 01:21:27.418000
2024-06-23 13:27:45.196,OnTrack,-3508,-1220,1845,pos,0 days 00:24:30.783000,0 days 01:21:27.878000
2024-06-23 13:27:45.556,OnTrack,-3488,-1011,1853,pos,0 days 00:24:31.143000,0 days 01:21:28.238000
2024-06-23 13:27:45.816,OnTrack,-3451,-846,1859,pos,0 days 00:24:31.403000,0 days 01:21:28.498000
2024-06-23 13:27:46.176,OnTrack,-3381,-655,1866,pos,0 days 00:24:31.763000,0 days 01:21:28.858000
2024-06-23 13:27:46.376,OnTrack,-3325,-548,1869,pos,0 days 00:24:31.963000,0 days 01:21:29.058000
2024-06-23 13:27:46.636,OnTrack,-3147,-339,1874,pos,0 days 00:24:32.223000,0 days 01:21:29.318000
2024-06-23 13:27:46.996,OnTrack,-3029,-262,1875,pos,0 days 00:24:32.583000,0 days 01:21:29.678000
2024-06-23 13:27:47.136,OnTrack,-2945,-221,1874,pos,0 days 00:24:32.723000,0 days 01:21:29.818000
2024-06-23 13:27:47.456,OnTrack,-2747,-141,1873,pos,0 days 00:24:33.043000,0 days 01:21:30.138000
2024-06-23 13:27:47.636,OnTrack,-2636,-97,1871,pos,0 days 00:24:33.223000,0 days 01:21:30.318000
2024-06-23 13:27:47.896,OnTrack,-2438,-9,1869,pos,0 days 00:24:33.483000,0 days 01:21:30.578000
2024-06-23 13:27:48.796,OnTrack,-1904,242,1862,pos,0 days 00:24:34.383000,0 days 01:21:31.478000
2024-06-23 13:27:49.096,OnTrack,-1707,336,1860,pos,0 days 00:24:34.683000,0 days 01:21:31.778000
2024-06-23 13:27:49.316,OnTrack,-1494,436,1857,pos,0 days 00:24:34.903000,0 days 01:21:31.998000
2024-06-23 13:27:49.716,OnTrack,-1211,573,1853,pos,0 days 00:24:35.303000,0 days 01:21:32.398000
2024-06-23 13:27:50.116,OnTrack,-1028,665,1851,pos,0 days 00:24:35.703000,0 days 01:21:32.798000
2024-06-23 13:27:50.376,OnTrack,-852,758,1849,pos,0 days 00:24:35.963000,0 days 01:21:33.058000
2024-06-23 13:27:50.656,OnTrack,-592,897,1845,pos,0 days 00:24:36.243000,0 days 01:21:33.338000
2024-06-23 13:27:51.036,OnTrack,-400,1000,1842,pos,0 days 00:24:36.623000,0 days 01:21:33.718000
2024-06-23 13:27:51.076,OnTrack,-372,1014,1842,pos,0 days 00:24:36.663000,0 days 01:21:33.758000
2024-06-23 13:27:51.376,OnTrack,-165,1125,1839,pos,0 days 00:24:36.963000,0 days 01:21:34.058000
2024-06-23 13:27:51.696,OnTrack,56,1243,1836,pos,0 days 00:24:37.283000,0 days 01:21:34.378000
2024-06-23 13:27:52.076,OnTrack,321,1382,1833,pos,0 days 00:24:37.663000,0 days 01:21:34.758000
2024-06-23 13:27:52.216,OnTrack,440,1442,1831,pos,0 days 00:24:37.803000,0 days 01:21:34.898000
2024-06-23 13:27:52.616,OnTrack,664,1543,1828,pos,0 days 00:24:38.203000,0 days 01:21:35.298000
2024-06-23 13:27:52.836,OnTrack,806,1600,1826,pos,0 days 00:24:38.423000,0 days 01:21:35.518000
2024-06-23 13:27:53.116,OnTrack,956,1660,1824,pos,0 days 00:24:38.703000,0 days 01:21:35.798000
2024-06-23 13:27:53.316,OnTrack,1050,1699,1823,pos,0 days 00:24:38.903000,0 days 01:21:35.998000
2024-06-23 13:27:53.556,OnTrack,1158,1748,1823,pos,0 days 00:24:39.143000,0 days 01:21:36.238000
2024-06-23 13:27:53.816,OnTrack,1246,1796,1821,pos,0 days 00:24:39.403000,0 days 01:21:36.498000
2024-06-23 13:27:54.116,OnTrack,1336,1860,1820,pos,0 days 00:24:39.703000,0 days 01:21:36.798000
2024-06-23 13:27:54.336,OnTrack,1388,1914,1819,pos,0 days 00:24:39.923000,0 days 01:21:37.018000
2024-06-23 13:27:54.536,OnTrack,1424,1969,1819,pos,0 days 00:24:40.123000,0 days 01:21:37.218000
2024-06-23 13:27:54.697,OnTrack,1447,2022,1818,pos,0 days 00:24:40.284000,0 days 01:21:37.379000
2024-06-23 13:27:54.956,OnTrack,1464,2134,1817,pos,0 days 00:24:40.543000,0 days 01:21:37.638000
2024-06-23 13:27:55.396,OnTrack,1445,2249,1817,pos,0 days 00:24:40.983000,0 days 01:21:38.078000
2024-06-23 13:27:55.796,OnTrack,1408,2341,1819,pos,0 days 00:24:41.383000,0 days 01:21:38.478000
2024-06-23 13:27:55.976,OnTrack,1382,2386,1821,pos,0 days 00:24:41.563000,0 days 01:21:38.658000
2024-06-23 13:27:56.156,OnTrack,1354,2427,1822,pos,0 days 00:24:41.743000,0 days 01:21:38.838000
2024-06-23 13:27:56.376,OnTrack,1296,2493,1824,pos,0 days 00:24:41.963000,0 days 01:21:39.058000
2024-06-23 13:27:56.816,OnTrack,1225,2552,1826,pos,0 days 00:24:42.403000,0 days 01:21:39.498000
2024-06-23 13:27:56.976,OnTrack,1187,2576,1827,pos,0 days 00:24:42.563000,0 days 01:21:39.658000
2024-06-23 13:27:57.216,OnTrack,1086,2619,1830,pos,0 days 00:24:42.803000,0 days 01:21:39.898000
2024-06-23 13:27:57.636,OnTrack,964,2648,1832,pos,0 days 00:24:43.223000,0 days 01:21:40.318000
2024-06-23 13:27:57.876,OnTrack,925,2653,1833,pos,0 days 00:24:43.463000,0 days 01:21:40.558000
2024-06-23 13:27:58.116,OnTrack,842,2659,1835,pos,0 days 00:24:43.703000,0 days 01:21:40.798000
2024-06-23 13:27:58.336,OnTrack,762,2658,1836,pos,0 days 00:24:43.923000,0 days 01:21:41.018000
2024-06-23 13:27:58.496,OnTrack,701,2653,1838,pos,0 days 00:24:44.083000,0 days 01:21:41.178000
2024-06-23 13:27:58.776,OnTrack,589,2633,1840,pos,0 days 00:24:44.363000,0 days 01:21:41.458000
2024-06-23 13:27:59.056,OnTrack,473,2598,1843,pos,0 days 00:24:44.643000,0 days 01:21:41.738000
2024-06-23 13:27:59.196,OnTrack,414,2575,1845,pos,0 days 00:24:44.783000,0 days 01:21:41.878000
2024-06-23 13:27:59.416,OnTrack,268,2499,1852,pos,0 days 00:24:45.003000,0 days 01:21:42.098000
2024-06-23 13:27:59.776,OnTrack,164,2432,1858,pos,0 days 00:24:45.363000,0 days 01:21:42.458000
2024-06-23 13:27:59.996,OnTrack,68,2365,1864,pos,0 days 00:24:45.583000,0 days 01:21:42.678000
2024-06-23 13:28:00.196,OnTrack,-20,2303,1868,pos,0 days 00:24:45.783000,0 days 01:21:42.878000
2024-06-23 13:28:00.496,OnTrack,-158,2224,1874,pos,0 days 00:24:46.083000,0 days 01:21:43.178000
2024-06-23 13:28:00.696,OnTrack,-248,2185,1877,pos,0 days 00:24:46.283000,0 days 01:21:43.378000
2024-06-23 13:28:00.856,OnTrack,-317,2161,1879,pos,0 days 00:24:46.443000,0 days 01:21:43.538000
2024-06-23 13:28:01.996,OnTrack,-782,2160,1901,pos,0 days 00:24:47.583000,0 days 01:21:44.678000
2024-06-23 13:28:02.416,OnTrack,-894,2230,1906,pos,0 days 00:24:48.003000,0 days 01:21:45.098000
2024-06-23 13:28:02.836,OnTrack,-986,2344,1909,pos,0 days 00:24:48.423000,0 days 01:21:45.518000
2024-06-23 13:28:03.236,OnTrack,-1023,2429,1911,pos,0 days 00:24:48.823000,0 days 01:21:45.918000
2024-06-23 13:28:03.356,OnTrack,-1034,2464,1912,pos,0 days 00:24:48.943000,0 days 01:21:46.038000
2024-06-23 13:28:03.516,OnTrack,-1044,2512,1913,pos,0 days 00:24:49.103000,0 days 01:21:46.198000
2024-06-23 13:28:03.736,OnTrack,-1050,2578,1914,pos,0 days 00:24:49.323000,0 days 01:21:46.418000
2024-06-23 13:28:03.916,OnTrack,-1050,2634,1914,pos,0 days 00:24:49.503000,0 days 01:21:46.598000
2024-06-23 13:28:04.236,OnTrack,-1037,2734,1915,pos,0 days 00:24:49.823000,0 days 01:21:46.918000
2024-06-23 13:28:04.416,OnTrack,-1023,2791,1917,pos,0 days 00:24:50.003000,0 days 01:21:47.098000
2024-06-23 13:28:04.616,OnTrack,-984,2897,1918,pos,0 days 00:24:50.203000,0 days 01:21:47.298000
2024-06-23 13:28:04.996,OnTrack,-945,2973,1920,pos,0 days 00:24:50.583000,0 days 01:21:47.678000
2024-06-23 13:28:05.276,OnTrack,-886,3063,1921,pos,0 days 00:24:50.863000,0 days 01:21:47.958000
2024-06-23 13:28:05.476,OnTrack,-799,3165,1923,pos,0 days 00:24:51.063000,0 days 01:21:48.158000
2024-06-23 13:28:05.896,OnTrack,-694,3263,1922,pos,0 days 00:24:51.483000,0 days 01:21:48.578000
2024-06-23 13:28:06.116,OnTrack,-619,3326,1922,pos,0 days 00:24:51.703000,0 days 01:21:48.798000
2024-06-23 13:28:06.196,OnTrack,-590,3349,1922,pos,0 days 00:24:51.783000,0 days 01:21:48.878000
2024-06-23 13:28:06.416,OnTrack,-451,3457,1920,pos,0 days 00:24:52.003000,0 days 01:21:49.098000
2024-06-23 13:28:06.756,OnTrack,-370,3520,1918,pos,0 days 00:24:52.343000,0 days 01:21:49.438000
2024-06-23 13:28:07.056,OnTrack,-246,3625,1915,pos,0 days 00:24:52.643000,0 days 01:21:49.738000
2024-06-23 13:28:07.296,OnTrack,-143,3713,1912,pos,0 days 00:24:52.883000,0 days 01:21:49.978000
2024-06-23 13:28:07.536,OnTrack,1,3835,1907,pos,0 days 00:24:53.123000,0 days 01:21:50.218000
2024-06-23 13:28:07.877,OnTrack,136,3939,1902,pos,0 days 00:24:53.464000,0 days 01:21:50.559000
2024-06-23 13:28:08.077,OnTrack,239,4008,1896,pos,0 days 00:24:53.664000,0 days 01:21:50.759000
2024-06-23 13:28:08.316,OnTrack,444,4101,1887,pos,0 days 00:24:53.903000,0 days 01:21:50.998000
2024-06-23 13:28:08.616,OnTrack,543,4126,1882,pos,0 days 00:24:54.203000,0 days 01:21:51.298000
2024-06-23 13:28:08.896,OnTrack,721,4140,1873,pos,0 days 00:24:54.483000,0 days 01:21:51.578000
2024-06-23 13:28:09.116,OnTrack,866,4126,1865,pos,0 days 00:24:54.703000,0 days 01:21:51.798000
2024-06-23 13:28:09.396,OnTrack,1109,4061,1851,pos,0 days 00:24:54.983000,0 days 01:21:52.078000
2024-06-23 13:28:09.796,OnTrack,1295,3980,1840,pos,0 days 00:24:55.383000,0 days 01:21:52.478000
2024-06-23 13:28:09.956,OnTrack,1391,3930,1834,pos,0 days 00:24:55.543000,0 days 01:21:52.638000
2024-06-23 13:28:10.196,OnTrack,1533,3847,1826,pos,0 days 00:24:55.783000,0 days 01:21:52.878000
2024-06-23 13:28:10.296,OnTrack,1592,3811,1823,pos,0 days 00:24:55.883000,0 days 01:21:52.978000
2024-06-23 13:28:10.496,OnTrack,1708,3737,1815,pos,0 days 00:24:56.083000,0 days 01:21:53.178000
2024-06-23 13:28:10.776,OnTrack,1943,3586,1801,pos,0 days 00:24:56.363000,0 days 01:21:53.458000
2024-06-23 13:28:11.056,OnTrack,2038,3525,1796,pos,0 days 00:24:56.643000,0 days 01:21:53.738000
2024-06-23 13:28:11.296,OnTrack,2182,3433,1788,pos,0 days 00:24:56.883000,0 days 01:21:53.978000
2024-06-23 13:28:11.596,OnTrack,2403,3280,1776,pos,0 days 00:24:57.183000,0 days 01:21:54.278000
2024-06-23 13:28:12.016,OnTrack,2559,3146,1768,pos,0 days 00:24:57.603000,0 days 01:21:54.698000
2024-06-23 13:28:12.216,OnTrack,2651,3050,1763,pos,0 days 00:24:57.803000,0 days 01:21:54.898000
2024-06-23 13:28:12.336,OnTrack,2700,2992,1760,pos,0 days 00:24:57.923000,0 days 01:21:55.018000
2024-06-23 13:28:12.636,OnTrack,2796,2829,1755,pos,0 days 00:24:58.223000,0 days 01:21:55.318000
2024-06-23 13:28:12.896,OnTrack,2867,2595,1748,pos,0 days 00:24:58.483000,0 days 01:21:55.578000
2024-06-23 13:28:13.296,OnTrack,2885,2417,1744,pos,0 days 00:24:58.883000,0 days 01:21:55.978000
2024-06-23 13:28:13.396,OnTrack,2883,2354,1743,pos,0 days 00:24:58.983000,0 days 01:21:56.078000
2024-06-23 13:28:13.676,OnTrack,2840,2111,1738,pos,0 days 00:24:59.263000,0 days 01:21:56.358000
2024-06-23 13:28:14.056,OnTrack,2772,1938,1735,pos,0 days 00:24:59.643000,0 days 01:21:56.738000
2024-06-23 13:28:14.256,OnTrack,2710,1818,1733,pos,0 days 00:24:59.843000,0 days 01:21:56.938000
2024-06-23 13:28:14.357,OnTrack,2669,1747,1732,pos,0 days 00:24:59.944000,0 days 01:21:57.039000
2024-06-23 13:28:14.577,OnTrack,2590,1619,1730,pos,0 days 00:25:00.164000,0 days 01:21:57.259000
2024-06-23 13:28:14.916,OnTrack,2415,1351,1725,pos,0 days 00:25:00.503000,0 days 01:21:57.598000
2024-06-23 13:28:15.216,OnTrack,2353,1256,1723,pos,0 days 00:25:00.803000,0 days 01:21:57.898000
2024-06-23 13:28:15.356,OnTrack,2298,1172,1722,pos,0 days 00:25:00.943000,0 days 01:21:58.038000
2024-06-23 13:28:15.716,OnTrack,2156,953,1718,pos,0 days 00:25:01.303000,0 days 01:21:58.398000
2024-06-23 13:28:15.876,OnTrack,2092,855,1716,pos,0 days 00:25:01.463000,0 days 01:21:58.558000
2024-06-23 13:28:16.116,OnTrack,1995,705,1714,pos,0 days 00:25:01.703000,0 days 01:21:58.798000
2024-06-23 13:28:16.316,OnTrack,1913,580,1712,pos,0 days 00:25:01.903000,0 days 01:21:58.998000
2024-06-23 13:28:16.536,OnTrack,1764,352,1710,pos,0 days 00:25:02.123000,0 days 01:21:59.218000
2024-06-23 13:28:16.836,OnTrack,1699,251,1708,pos,0 days 00:25:02.423000,0 days 01:21:59.518000
2024-06-23 13:28:17.176,OnTrack,1567,46,1708,pos,0 days 00:25:02.763000,0 days 01:21:59.858000
2024-06-23 13:28:17.376,OnTrack,1481,-87,1707,pos,0 days 00:25:02.963000,0 days 01:22:00.058000
2024-06-23 13:28:17.456,OnTrack,1447,-140,1707,pos,0 days 00:25:03.043000,0 days 01:22:00.138000
2024-06-23 13:28:17.776,OnTrack,1311,-352,1707,pos,0 days 00:25:03.363000,0 days 01:22:00.458000
2024-06-23 13:28:17.996,OnTrack,1217,-500,1708,pos,0 days 00:25:03.583000,0 days 01:22:00.678000
2024-06-23 13:28:18.176,OnTrack,1140,-622,1708,pos,0 days 00:25:03.763000,0 days 01:22:00.858000
2024-06-23 13:28:18.376,OnTrack,1053,-758,1708,pos,0 days 00:25:03.963000,0 days 01:22:01.058000
2024-06-23 13:28:18.616,OnTrack,949,-922,1708,pos,0 days 00:25:04.203000,0 days 01:22:01.298000
2024-06-23 13:28:18.856,OnTrack,810,-1142,1708,pos,0 days 00:25:04.443000,0 days 01:22:01.538000
2024-06-23 13:28:19.136,OnTrack,722,-1281,1707,pos,0 days 00:25:04.723000,0 days 01:22:01.818000
2024-06-23 13:28:19.456,OnTrack,580,-1503,1707,pos,0 days 00:25:05.043000,0 days 01:22:02.138000
2024-06-23 13:28:19.696,OnTrack,474,-1670,1708,pos,0 days 00:25:05.283000,0 days 01:22:02.378000
2024-06-23 13:28:19.916,OnTrack,367,-1838,1708,pos,0 days 00:25:05.503000,0 days 01:22:02.598000
2024-06-23 13:28:20.136,OnTrack,278,-1979,1708,pos,0 days 00:25:05.723000,0 days 01:22:02.818000
2024-06-23 13:28:20.396,OnTrack,162,-2162,1708,pos,0 days 00:25:05.983000,0 days 01:22:03.078000
2024-06-23 13:28:20.556,OnTrack,90,-2276,1708,pos,0 days 00:25:06.143000,0 days 01:22:03.238000
2024-06-23 13:28:20.816,OnTrack,-27,-2460,1707,pos,0 days 00:25:06.403000,0 days 01:22:03.498000
2024-06-23 13:28:21.137,OnTrack,-239,-2785,1705,pos,0 days 00:25:06.724000,0 days 01:22:03.819000
2024-06-23 13:28:21.436,OnTrack,-323,-2912,1703,pos,0 days 00:25:07.023000,0 days 01:22:04.118000
2024-06-23 13:28:21.716,OnTrack,-483,-3152,1701,pos,0 days 00:25:07.303000,0 days 01:22:04.398000
2024-06-23 13:28:22.136,OnTrack,-643,-3393,1697,pos,0 days 00:25:07.723000,0 days 01:22:04.818000
2024-06-23 13:28:22.316,OnTrack,-729,-3521,1694,pos,0 days 00:25:07.903000,0 days 01:22:04.998000
2024-06-23 13:28:22.516,OnTrack,-881,-3748,1689,pos,0 days 00:25:08.103000,0 days 01:22:05.198000
2024-06-23 13:28:22.916,OnTrack,-1073,-4033,1682,pos,0 days 00:25:08.503000,0 days 01:22:05.598000
2024-06-23 13:28:23.256,OnTrack,-1178,-4191,1678,pos,0 days 00:25:08.843000,0 days 01:22:05.938000
2024-06-23 13:28:23.576,OnTrack,-1332,-4419,1671,pos,0 days 00:25:09.163000,0 days 01:22:06.258000
2024-06-23 13:28:23.816,OnTrack,-1496,-4663,1664,pos,0 days 00:25:09.403000,0 days 01:22:06.498000
2024-06-23 13:28:24.256,OnTrack,-1696,-4967,1656,pos,0 days 00:25:09.843000,0 days 01:22:06.938000
2024-06-23 13:28:24.576,OnTrack,-1799,-5134,1653,pos,0 days 00:25:10.163000,0 days 01:22:07.258000
2024-06-23 13:28:25.416,OnTrack,-2156,-5755,1642,pos,0 days 00:25:11.003000,0 days 01:22:08.098000
2024-06-23 13:28:25.576,OnTrack,-2222,-5874,1641,pos,0 days 00:25:11.163000,0 days 01:22:08.258000
2024-06-23 13:28:25.776,OnTrack,-2303,-6021,1639,pos,0 days 00:25:11.363000,0 days 01:22:08.458000
2024-06-23 13:28:25.976,OnTrack,-2384,-6164,1637,pos,0 days 00:25:11.563000,0 days 01:22:08.658000
2024-06-23 13:28:26.216,OnTrack,-2478,-6322,1635,pos,0 days 00:25:11.803000,0 days 01:22:08.898000
2024-06-23 13:28:26.376,OnTrack,-2538,-6416,1634,pos,0 days 00:25:11.963000,0 days 01:22:09.058000
2024-06-23 13:28:26.656,OnTrack,-2622,-6536,1632,pos,0 days 00:25:12.243000,0 days 01:22:09.338000
2024-06-23 13:28:26.936,OnTrack,-2755,-6703,1629,pos,0 days 00:25:12.523000,0 days 01:22:09.618000
2024-06-23 13:28:27.316,OnTrack,-2839,-6792,1627,pos,0 days 00:25:12.903000,0 days 01:22:09.998000
2024-06-23 13:28:27.517,OnTrack,-2911,-6855,1626,pos,0 days 00:25:13.104000,0 days 01:22:10.199000
2024-06-23 13:28:27.737,OnTrack,-3027,-6933,1623,pos,0 days 00:25:13.324000,0 days 01:22:10.419000
2024-06-23 13:28:28.076,OnTrack,-3096,-6966,1623,pos,0 days 00:25:13.663000,0 days 01:22:10.758000
2024-06-23 13:28:28.356,OnTrack,-3199,-6991,1623,pos,0 days 00:25:13.943000,0 days 01:22:11.038000
2024-06-23 13:28:28.436,OnTrack,-3229,-6994,1624,pos,0 days 00:25:14.023000,0 days 01:22:11.118000
2024-06-23 13:28:28.776,OnTrack,-3355,-6985,1626,pos,0 days 00:25:14.363000,0 days 01:22:11.458000
2024-06-23 13:28:28.956,OnTrack,-3420,-6968,1628,pos,0 days 00:25:14.543000,0 days 01:22:11.638000
2024-06-23 13:28:29.136,OnTrack,-3485,-6945,1629,pos,0 days 00:25:14.723000,0 days 01:22:11.818000
2024-06-23 13:28:29.316,OnTrack,-3549,-6917,1630,pos,0 days 00:25:14.903000,0 days 01:22:11.998000
2024-06-23 13:28:29.556,OnTrack,-3636,-6877,1632,pos,0 days 00:25:15.143000,0 days 01:22:12.238000
2024-06-23 13:28:29.736,OnTrack,-3702,-6846,1633,pos,0 days 00:25:15.323000,0 days 01:22:12.418000
2024-06-23 13:28:29.916,OnTrack,-3772,-6816,1634,pos,0 days 00:25:15.503000,0 days 01:22:12.598000
2024-06-23 13:28:30.076,OnTrack,-3836,-6793,1635,pos,0 days 00:25:15.663000,0 days 01:22:12.758000
2024-06-23 13:28:30.336,OnTrack,-3943,-6770,1639,pos,0 days 00:25:15.923000,0 days 01:22:13.018000
2024-06-23 13:28:30.496,OnTrack,-4011,-6768,1641,pos,0 days 00:25:16.083000,0 days 01:22:13.178000
2024-06-23 13:28:30.776,OnTrack,-4135,-6786,1646,pos,0 days 00:25:16.363000,0 days 01:22:13.458000
2024-06-23 13:28:31.016,OnTrack,-4242,-6822,1651,pos,0 days 00:25:16.603000,0 days 01:22:13.698000
2024-06-23 13:28:31.236,OnTrack,-4337,-6866,1656,pos,0 days 00:25:16.823000,0 days 01:22:13.918000
2024-06-23 13:28:31.436,OnTrack,-4423,-6914,1662,pos,0 days 00:25:17.023000,0 days 01:22:14.118000
2024-06-23 13:28:31.576,OnTrack,-4483,-6952,1665,pos,0 days 00:25:17.163000,0 days 01:22:14.258000
2024-06-23 13:28:31.776,OnTrack,-4569,-7010,1670,pos,0 days 00:25:17.363000,0 days 01:22:14.458000
2024-06-23 13:28:32.036,OnTrack,-4707,-7110,1677,pos,0 days 00:25:17.623000,0 days 01:22:14.718000
2024-06-23 13:28:32.476,OnTrack,-4886,-7227,1687,pos,0 days 00:25:18.063000,0 days 01:22:15.158000
2024-06-23 13:28:32.556,OnTrack,-4925,-7251,1690,pos,0 days 00:25:18.143000,0 days 01:22:15.238000
2024-06-23 13:28:32.776,OnTrack,-5038,-7313,1695,pos,0 days 00:25:18.363000,0 days 01:22:15.458000
2024-06-23 13:28:32.936,OnTrack,-5123,-7354,1699,pos,0 days 00:25:18.523000,0 days 01:22:15.618000
2024-06-23 13:28:33.136,OnTrack,-5233,-7396,1703,pos,0 days 00:25:18.723000,0 days 01:22:15.818000
2024-06-23 13:28:33.456,OnTrack,-5414,-7441,1711,pos,0 days 00:25:19.043000,0 days 01:22:16.138000
2024-06-23 13:28:33.656,OnTrack,-5528,-7453,1716,pos,0 days 00:25:19.243000,0 days 01:22:16.338000
2024-06-23 13:28:33.816,OnTrack,-5619,-7454,1720,pos,0 days 00:25:19.403000,0 days 01:22:16.498000
2024-06-23 13:28:34.057,OnTrack,-5764,-7441,1727,pos,0 days 00:25:19.644000,0 days 01:22:16.739000
2024-06-23 13:28:34.297,OnTrack,-5895,-7414,1731,pos,0 days 00:25:19.884000,0 days 01:22:16.979000
2024-06-23 13:28:34.497,OnTrack,-6000,-7381,1736,pos,0 days 00:25:20.084000,0 days 01:22:17.179000
2024-06-23 13:28:34.616,OnTrack,-6062,-7357,1738,pos,0 days 00:25:20.203000,0 days 01:22:17.298000
2024-06-23 13:28:34.776,OnTrack,-6132,-7323,1741,pos,0 days 00:25:20.363000,0 days 01:22:17.458000
2024-06-23 13:28:35.056,OnTrack,-6266,-7241,1746,pos,0 days 00:25:20.643000,0 days 01:22:17.738000
2024-06-23 13:28:35.336,OnTrack,-6405,-7121,1752,pos,0 days 00:25:20.923000,0 days 01:22:18.018000
2024-06-23 13:28:35.596,OnTrack,-6487,-7023,1755,pos,0 days 00:25:21.183000,0 days 01:22:18.278000
2024-06-23 13:28:35.956,OnTrack,-6624,-6782,1761,pos,0 days 00:25:21.543000,0 days 01:22:18.638000
2024-06-23 13:28:36.256,OnTrack,-6666,-6666,1763,pos,0 days 00:25:21.843000,0 days 01:22:18.938000
2024-06-23 13:28:36.436,OnTrack,-6695,-6556,1765,pos,0 days 00:25:22.023000,0 days 01:22:19.118000
2024-06-23 13:28:36.716,OnTrack,-6724,-6378,1768,pos,0 days 00:25:22.303000,0 days 01:22:19.398000
2024-06-23 13:28:36.896,OnTrack,-6733,-6167,1771,pos,0 days 00:25:22.483000,0 days 01:22:19.578000
2024-06-23 13:28:37.276,OnTrack,-6726,-6007,1773,pos,0 days 00:25:22.863000,0 days 01:22:19.958000
2024-06-23 13:28:37.596,OnTrack,-6701,-5790,1776,pos,0 days 00:25:23.183000,0 days 01:22:20.278000
2024-06-23 13:28:37.636,OnTrack,-6697,-5763,1777,pos,0 days 00:25:23.223000,0 days 01:22:20.318000
2024-06-23 13:28:37.896,OnTrack,-6664,-5585,1779,pos,0 days 00:25:23.483000,0 days 01:22:20.578000
2024-06-23 13:28:38.116,OnTrack,-6628,-5434,1782,pos,0 days 00:25:23.703000,0 days 01:22:20.798000
2024-06-23 13:28:38.316,OnTrack,-6590,-5298,1784,pos,0 days 00:25:23.903000,0 days 01:22:20.998000
2024-06-23 13:28:38.536,OnTrack,-6537,-5149,1787,pos,0 days 00:25:24.123000,0 days 01:22:21.218000
2024-06-23 13:28:38.836,OnTrack,-6427,-4928,1790,pos,0 days 00:25:24.423000,0 days 01:22:21.518000
2024-06-23 13:28:39.236,OnTrack,-6267,-4677,1794,pos,0 days 00:25:24.823000,0 days 01:22:21.918000
2024-06-23 13:28:39.596,OnTrack,-6128,-4481,1797,pos,0 days 00:25:25.183000,0 days 01:22:22.278000
2024-06-23 13:28:39.756,OnTrack,-6057,-4383,1799,pos,0 days 00:25:25.343000,0 days 01:22:22.438000
2024-06-23 13:28:40.076,OnTrack,-5895,-4127,1803,pos,0 days 00:25:25.663000,0 days 01:22:22.758000
2024-06-23 13:28:40.436,OnTrack,-5785,-3941,1806,pos,0 days 00:25:26.023000,0 days 01:22:23.118000
2024-06-23 13:28:40.556,OnTrack,-5738,-3862,1807,pos,0 days 00:25:26.143000,0 days 01:22:23.238000
2024-06-23 13:28:40.857,OnTrack,-5607,-3654,1810,pos,0 days 00:25:26.444000,0 days 01:22:23.539000
2024-06-23 13:28:41.136,OnTrack,-5491,-3484,1813,pos,0 days 00:25:26.723000,0 days 01:22:23.818000
2024-06-23 13:28:41.316,OnTrack,-5394,-3342,1816,pos,0 days 00:25:26.903000,0 days 01:22:23.998000
2024-06-23 13:28:41.656,OnTrack,-5311,-3226,1817,pos,0 days 00:25:27.243000,0 days 01:22:24.338000
2024-06-23 13:28:41.896,OnTrack,-5195,-3085,1819,pos,0 days 00:25:27.483000,0 days 01:22:24.578000
2024-06-23 13:28:42.336,OnTrack,-5078,-2975,1820,pos,0 days 00:25:27.923000,0 days 01:22:25.018000
2024-06-23 13:28:42.536,OnTrack,-5005,-2924,1821,pos,0 days 00:25:28.123000,0 days 01:22:25.218000
2024-06-23 13:28:42.636,OnTrack,-4968,-2904,1821,pos,0 days 00:25:28.223000,0 days 01:22:25.318000
2024-06-23 13:28:42.996,OnTrack,-4829,-2852,1823,pos,0 days 00:25:28.583000,0 days 01:22:25.678000
2024-06-23 13:28:43.176,OnTrack,-4759,-2841,1824,pos,0 days 00:25:28.763000,0 days 01:22:25.858000
2024-06-23 13:28:43.336,OnTrack,-4652,-2841,1826,pos,0 days 00:25:28.923000,0 days 01:22:26.018000
2024-06-23 13:28:43.796,OnTrack,-4529,-2869,1828,pos,0 days 00:25:29.383000,0 days 01:22:26.478000
2024-06-23 13:28:43.996,OnTrack,-4462,-2896,1830,pos,0 days 00:25:29.583000,0 days 01:22:26.678000
2024-06-23 13:28:44.256,OnTrack,-4381,-2941,1831,pos,0 days 00:25:29.843000,0 days 01:22:26.938000
2024-06-23 13:28:44.436,OnTrack,-4319,-2990,1833,pos,0 days 00:25:30.023000,0 days 01:22:27.118000
2024-06-23 13:28:44.856,OnTrack,-4205,-3118,1835,pos,0 days 00:25:30.443000,0 days 01:22:27.538000
2024-06-23 13:28:45.156,OnTrack,-4170,-3170,1836,pos,0 days 00:25:30.743000,0 days 01:22:27.838000
2024-06-23 13:28:45.436,OnTrack,-4116,-3269,1837,pos,0 days 00:25:31.023000,0 days 01:22:28.118000
2024-06-23 13:28:45.596,OnTrack,-4089,-3331,1838,pos,0 days 00:25:31.183000,0 days 01:22:28.278000
2024-06-23 13:28:45.876,OnTrack,-4053,-3448,1838,pos,0 days 00:25:31.463000,0 days 01:22:28.558000
2024-06-23 13:28:46.096,OnTrack,-4034,-3557,1839,pos,0 days 00:25:31.683000,0 days 01:22:28.778000
2024-06-23 13:28:46.336,OnTrack,-4027,-3663,1839,pos,0 days 00:25:31.923000,0 days 01:22:29.018000
2024-06-23 13:28:46.656,OnTrack,-4038,-3824,1839,pos,0 days 00:25:32.243000,0 days 01:22:29.338000
2024-06-23 13:28:46.936,OnTrack,-4072,-3970,1837,pos,0 days 00:25:32.523000,0 days 01:22:29.618000
2024-06-23 13:28:47.116,OnTrack,-4127,-4115,1836,pos,0 days 00:25:32.703000,0 days 01:22:29.798000
2024-06-23 13:28:47.517,OnTrack,-4215,-4276,1833,pos,0 days 00:25:33.104000,0 days 01:22:30.199000
2024-06-23 13:28:47.716,OnTrack,-4282,-4375,1831,pos,0 days 00:25:33.303000,0 days 01:22:30.398000
2024-06-23 13:28:47.916,OnTrack,-4388,-4524,1828,pos,0 days 00:25:33.503000,0 days 01:22:30.598000
2024-06-23 13:28:48.356,OnTrack,-4536,-4727,1823,pos,0 days 00:25:33.943000,0 days 01:22:31.038000
2024-06-23 13:28:48.716,OnTrack,-4643,-4873,1820,pos,0 days 00:25:34.303000,0 days 01:22:31.398000
2024-06-23 13:28:48.836,OnTrack,-4689,-4936,1818,pos,0 days 00:25:34.423000,0 days 01:22:31.518000
2024-06-23 13:28:49.016,OnTrack,-4758,-5031,1816,pos,0 days 00:25:34.603000,0 days 01:22:31.698000
2024-06-23 13:28:49.416,OnTrack,-4951,-5298,1809,pos,0 days 00:25:35.003000,0 days 01:22:32.098000
2024-06-23 13:28:49.736,OnTrack,-5013,-5389,1806,pos,0 days 00:25:35.323000,0 days 01:22:32.418000
2024-06-23 13:28:49.936,OnTrack,-5067,-5473,1803,pos,0 days 00:25:35.523000,0 days 01:22:32.618000
2024-06-23 13:28:50.136,OnTrack,-5109,-5546,1800,pos,0 days 00:25:35.723000,0 days 01:22:32.818000
2024-06-23 13:28:50.296,OnTrack,-5138,-5602,1798,pos,0 days 00:25:35.883000,0 days 01:22:32.978000
2024-06-23 13:28:50.496,OnTrack,-5170,-5672,1796,pos,0 days 00:25:36.083000,0 days 01:22:33.178000
2024-06-23 13:28:50.716,OnTrack,-5198,-5746,1792,pos,0 days 00:25:36.303000,0 days 01:22:33.398000
2024-06-23 13:28:51.016,OnTrack,-5221,-5843,1788,pos,0 days 00:25:36.603000,0 days 01:22:33.698000
2024-06-23 13:28:51.176,OnTrack,-5227,-5893,1786,pos,0 days 00:25:36.763000,0 days 01:22:33.858000
2024-06-23 13:28:51.476,OnTrack,-5216,-6004,1780,pos,0 days 00:25:37.063000,0 days 01:22:34.158000
2024-06-23 13:28:51.796,OnTrack,-5194,-6067,1776,pos,0 days 00:25:37.383000,0 days 01:22:34.478000
2024-06-23 13:28:51.996,OnTrack,-5166,-6114,1773,pos,0 days 00:25:37.583000,0 days 01:22:34.678000
2024-06-23 13:28:52.296,OnTrack,-5113,-6171,1769,pos,0 days 00:25:37.883000,0 days 01:22:34.978000
2024-06-23 13:28:52.516,OnTrack,-5067,-6204,1767,pos,0 days 00:25:38.103000,0 days 01:22:35.198000
2024-06-23 13:28:52.676,OnTrack,-5030,-6221,1764,pos,0 days 00:25:38.263000,0 days 01:22:35.358000
2024-06-23 13:28:52.956,OnTrack,-4930,-6248,1759,pos,0 days 00:25:38.543000,0 days 01:22:35.638000
2024-06-23 13:28:53.276,OnTrack,-4876,-6251,1756,pos,0 days 00:25:38.863000,0 days 01:22:35.958000
2024-06-23 13:28:53.576,OnTrack,-4763,-6241,1749,pos,0 days 00:25:39.163000,0 days 01:22:36.258000
2024-06-23 13:28:53.897,OnTrack,-4650,-6210,1742,pos,0 days 00:25:39.484000,0 days 01:22:36.579000
2024-06-23 13:28:54.277,OnTrack,-4575,-6181,1736,pos,0 days 00:25:39.864000,0 days 01:22:36.959000
2024-06-23 13:28:54.576,OnTrack,-4484,-6138,1731,pos,0 days 00:25:40.163000,0 days 01:22:37.258000
2024-06-23 13:28:54.776,OnTrack,-4415,-6102,1725,pos,0 days 00:25:40.363000,0 days 01:22:37.458000
2024-06-23 13:28:55.016,OnTrack,-4327,-6055,1720,pos,0 days 00:25:40.603000,0 days 01:22:37.698000
2024-06-23 13:28:55.256,OnTrack,-4234,-6004,1714,pos,0 days 00:25:40.843000,0 days 01:22:37.938000
2024-06-23 13:28:55.436,OnTrack,-4124,-5945,1707,pos,0 days 00:25:41.023000,0 days 01:22:38.118000
2024-06-23 13:28:55.756,OnTrack,-3959,-5862,1695,pos,0 days 00:25:41.343000,0 days 01:22:38.438000
2024-06-23 13:28:56.016,OnTrack,-3826,-5800,1689,pos,0 days 00:25:41.603000,0 days 01:22:38.698000
2024-06-23 13:28:56.176,OnTrack,-3744,-5765,1684,pos,0 days 00:25:41.763000,0 days 01:22:38.858000
2024-06-23 13:28:56.396,OnTrack,-3631,-5718,1678,pos,0 days 00:25:41.983000,0 days 01:22:39.078000
2024-06-23 13:28:56.696,OnTrack,-3469,-5649,1672,pos,0 days 00:25:42.283000,0 days 01:22:39.378000
2024-06-23 13:28:56.796,OnTrack,-3414,-5624,1669,pos,0 days 00:25:42.383000,0 days 01:22:39.478000
2024-06-23 13:28:57.036,OnTrack,-3208,-5514,1662,pos,0 days 00:25:42.623000,0 days 01:22:39.718000
2024-06-23 13:28:57.516,OnTrack,-2964,-5344,1655,pos,0 days 00:25:43.103000,0 days 01:22:40.198000
2024-06-23 13:28:57.956,OnTrack,-2756,-5153,1651,pos,0 days 00:25:43.543000,0 days 01:22:40.638000
2024-06-23 13:28:58.176,OnTrack,-2701,-5093,1650,pos,0 days 00:25:43.763000,0 days 01:22:40.858000
2024-06-23 13:28:58.536,OnTrack,-2545,-4899,1651,pos,0 days 00:25:44.123000,0 days 01:22:41.218000
2024-06-23 13:28:58.736,OnTrack,-2464,-4785,1651,pos,0 days 00:25:44.323000,0 days 01:22:41.418000
2024-06-23 13:28:58.936,OnTrack,-2385,-4671,1651,pos,0 days 00:25:44.523000,0 days 01:22:41.618000
2024-06-23 13:28:59.096,OnTrack,-2326,-4585,1653,pos,0 days 00:25:44.683000,0 days 01:22:41.778000
2024-06-23 13:28:59.296,OnTrack,-2260,-4488,1654,pos,0 days 00:25:44.883000,0 days 01:22:41.978000
2024-06-23 13:28:59.496,OnTrack,-2200,-4397,1656,pos,0 days 00:25:45.083000,0 days 01:22:42.178000
2024-06-23 13:28:59.736,OnTrack,-2142,-4295,1660,pos,0 days 00:25:45.323000,0 days 01:22:42.418000
2024-06-23 13:28:59.836,OnTrack,-2125,-4255,1661,pos,0 days 00:25:45.423000,0 days 01:22:42.518000
2024-06-23 13:29:00.016,OnTrack,-2107,-4194,1661,pos,0 days 00:25:45.603000,0 days 01:22:42.698000
2024-06-23 13:29:00.357,OnTrack,-2083,-3996,1665,pos,0 days 00:25:45.944000,0 days 01:22:43.039000
2024-06-23 13:29:00.777,OnTrack,-2088,-3880,1669,pos,0 days 00:25:46.364000,0 days 01:22:43.459000
2024-06-23 13:29:00.896,OnTrack,-2095,-3837,1671,pos,0 days 00:25:46.483000,0 days 01:22:43.578000
2024-06-23 13:29:01.076,OnTrack,-2109,-3781,1675,pos,0 days 00:25:46.663000,0 days 01:22:43.758000
2024-06-23 13:29:01.356,OnTrack,-2151,-3691,1680,pos,0 days 00:25:46.943000,0 days 01:22:44.038000
2024-06-23 13:29:01.596,OnTrack,-2214,-3611,1684,pos,0 days 00:25:47.183000,0 days 01:22:44.278000
2024-06-23 13:29:02.016,OnTrack,-2358,-3493,1692,pos,0 days 00:25:47.603000,0 days 01:22:44.698000
2024-06-23 13:29:02.376,OnTrack,-2445,-3431,1697,pos,0 days 00:25:47.963000,0 days 01:22:45.058000
2024-06-23 13:29:02.576,OnTrack,-2545,-3350,1705,pos,0 days 00:25:48.163000,0 days 01:22:45.258000
2024-06-23 13:29:02.896,OnTrack,-2616,-3279,1711,pos,0 days 00:25:48.483000,0 days 01:22:45.578000
2024-06-23 13:29:03.196,OnTrack,-2706,-3166,1723,pos,0 days 00:25:48.783000,0 days 01:22:45.878000
2024-06-23 13:29:03.356,OnTrack,-2748,-3097,1728,pos,0 days 00:25:48.943000,0 days 01:22:46.038000
2024-06-23 13:29:03.576,OnTrack,-2801,-2994,1735,pos,0 days 00:25:49.163000,0 days 01:22:46.258000
2024-06-23 13:29:03.756,OnTrack,-2842,-2905,1740,pos,0 days 00:25:49.343000,0 days 01:22:46.438000
2024-06-23 13:29:04.076,OnTrack,-2951,-2669,1755,pos,0 days 00:25:49.663000,0 days 01:22:46.758000
2024-06-23 13:29:04.436,OnTrack,-3007,-2551,1764,pos,0 days 00:25:50.023000,0 days 01:22:47.118000
2024-06-23 13:29:04.716,OnTrack,-3080,-2397,1774,pos,0 days 00:25:50.303000,0 days 01:22:47.398000
2024-06-23 13:29:04.836,OnTrack,-3112,-2330,1779,pos,0 days 00:25:50.423000,0 days 01:22:47.518000
2024-06-23 13:29:05.116,OnTrack,-3188,-2170,1789,pos,0 days 00:25:50.703000,0 days 01:22:47.798000
2024-06-23 13:29:05.276,OnTrack,-3265,-2007,1800,pos,0 days 00:25:50.863000,0 days 01:22:47.958000
2024-06-23 13:29:05.756,OnTrack,-3368,-1793,1814,pos,0 days 00:25:51.343000,0 days 01:22:48.438000
2024-06-23 13:29:05.796,OnTrack,-3379,-1769,1816,pos,0 days 00:25:51.383000,0 days 01:22:48.478000
2024-06-23 13:29:06.176,OnTrack,-3487,-1451,1836,pos,0 days 00:25:51.763000,0 days 01:22:48.858000
2024-06-23 13:29:06.416,OnTrack,-3498,-1390,1838,pos,0 days 00:25:52.003000,0 days 01:22:49.098000
2024-06-23 13:29:06.776,OnTrack,-3505,-1167,1846,pos,0 days 00:25:52.363000,0 days 01:22:49.458000
2024-06-23 13:29:06.997,OnTrack,-3481,-971,1855,pos,0 days 00:25:52.584000,0 days 01:22:49.679000
2024-06-23 13:29:07.417,OnTrack,-3412,-729,1864,pos,0 days 00:25:53.004000,0 days 01:22:50.099000
2024-06-23 13:29:07.676,OnTrack,-3374,-641,1866,pos,0 days 00:25:53.263000,0 days 01:22:50.358000
2024-06-23 13:29:07.996,OnTrack,-3211,-397,1873,pos,0 days 00:25:53.583000,0 days 01:22:50.678000
2024-06-23 13:29:08.796,OnTrack,-2835,-175,1874,pos,0 days 00:25:54.383000,0 days 01:22:51.478000
2024-06-23 13:29:09.176,OnTrack,-2575,-71,1871,pos,0 days 00:25:54.763000,0 days 01:22:51.858000
2024-06-23 13:29:09.576,OnTrack,-2289,60,1867,pos,0 days 00:25:55.163000,0 days 01:22:52.258000
2024-06-23 13:29:09.996,OnTrack,-2047,175,1864,pos,0 days 00:25:55.583000,0 days 01:22:52.678000
2024-06-23 13:29:10.276,OnTrack,-1904,242,1862,pos,0 days 00:25:55.863000,0 days 01:22:52.958000
2024-06-23 13:29:10.556,OnTrack,-1720,329,1860,pos,0 days 00:25:56.143000,0 days 01:22:53.238000
2024-06-23 13:29:10.836,OnTrack,-1534,418,1857,pos,0 days 00:25:56.423000,0 days 01:22:53.518000
2024-06-23 13:29:10.936,OnTrack,-1372,495,1855,pos,0 days 00:25:56.523000,0 days 01:22:53.618000
2024-06-23 13:29:11.356,OnTrack,-1182,587,1853,pos,0 days 00:25:56.943000,0 days 01:22:54.038000
2024-06-23 13:29:11.576,OnTrack,-1033,663,1851,pos,0 days 00:25:57.163000,0 days 01:22:54.258000
2024-06-23 13:29:11.736,OnTrack,-924,720,1850,pos,0 days 00:25:57.323000,0 days 01:22:54.418000
2024-06-23 13:29:11.896,OnTrack,-814,778,1848,pos,0 days 00:25:57.483000,0 days 01:22:54.578000
2024-06-23 13:29:12.116,OnTrack,-664,859,1846,pos,0 days 00:25:57.703000,0 days 01:22:54.798000
2024-06-23 13:29:12.456,OnTrack,-374,1014,1842,pos,0 days 00:25:58.043000,0 days 01:22:55.138000
2024-06-23 13:29:12.856,OnTrack,-151,1132,1839,pos,0 days 00:25:58.443000,0 days 01:22:55.538000
2024-06-23 13:29:12.936,OnTrack,-95,1162,1838,pos,0 days 00:25:58.523000,0 days 01:22:55.618000
2024-06-23 13:29:13.176,OnTrack,72,1251,1836,pos,0 days 00:25:58.763000,0 days 01:22:55.858000
2024-06-23 13:29:13.517,OnTrack,324,1384,1832,pos,0 days 00:25:59.104000,0 days 01:22:56.199000
2024-06-23 13:29:13.677,OnTrack,462,1452,1830,pos,0 days 00:25:59.264000,0 days 01:22:56.359000
2024-06-23 13:29:14.037,OnTrack,661,1541,1828,pos,0 days 00:25:59.624000,0 days 01:22:56.719000
2024-06-23 13:29:14.276,OnTrack,796,1596,1826,pos,0 days 00:25:59.863000,0 days 01:22:56.958000
2024-06-23 13:29:14.476,OnTrack,962,1663,1824,pos,0 days 00:26:00.063000,0 days 01:22:57.158000
2024-06-23 13:29:14.956,OnTrack,1135,1737,1823,pos,0 days 00:26:00.543000,0 days 01:22:57.638000
2024-06-23 13:29:15.036,OnTrack,1166,1752,1823,pos,0 days 00:26:00.623000,0 days 01:22:57.718000
2024-06-23 13:29:15.356,OnTrack,1277,1816,1821,pos,0 days 00:26:00.943000,0 days 01:22:58.038000
2024-06-23 13:29:15.596,OnTrack,1346,1870,1820,pos,0 days 00:26:01.183000,0 days 01:22:58.278000
2024-06-23 13:29:15.756,OnTrack,1404,1936,1819,pos,0 days 00:26:01.343000,0 days 01:22:58.438000
2024-06-23 13:29:16.136,OnTrack,1446,2018,1818,pos,0 days 00:26:01.723000,0 days 01:22:58.818000
2024-06-23 13:29:16.296,OnTrack,1459,2068,1818,pos,0 days 00:26:01.883000,0 days 01:22:58.978000
2024-06-23 13:29:16.596,OnTrack,1459,2189,1817,pos,0 days 00:26:02.183000,0 days 01:22:59.278000
2024-06-23 13:29:16.996,OnTrack,1434,2285,1818,pos,0 days 00:26:02.583000,0 days 01:22:59.678000
2024-06-23 13:29:17.116,OnTrack,1419,2319,1819,pos,0 days 00:26:02.703000,0 days 01:22:59.798000
2024-06-23 13:29:17.416,OnTrack,1366,2412,1822,pos,0 days 00:26:03.003000,0 days 01:23:00.098000
2024-06-23 13:29:17.816,OnTrack,1282,2507,1825,pos,0 days 00:26:03.403000,0 days 01:23:00.498000
2024-06-23 13:29:18.076,OnTrack,1247,2536,1826,pos,0 days 00:26:03.663000,0 days 01:23:00.758000
2024-06-23 13:29:18.296,OnTrack,1195,2572,1827,pos,0 days 00:26:03.883000,0 days 01:23:00.978000
2024-06-23 13:29:18.656,OnTrack,1057,2628,1830,pos,0 days 00:26:04.243000,0 days 01:23:01.338000
2024-06-23 13:29:19.016,OnTrack,989,2643,1832,pos,0 days 00:26:04.603000,0 days 01:23:01.698000
2024-06-23 13:29:19.096,OnTrack,964,2648,1832,pos,0 days 00:26:04.683000,0 days 01:23:01.778000
2024-06-23 13:29:19.296,OnTrack,899,2656,1834,pos,0 days 00:26:04.883000,0 days 01:23:01.978000
2024-06-23 13:29:19.596,OnTrack,751,2657,1836,pos,0 days 00:26:05.183000,0 days 01:23:02.278000
2024-06-23 13:29:20.056,OnTrack,581,2631,1840,pos,0 days 00:26:05.643000,0 days 01:23:02.738000
2024-06-23 13:29:20.357,OnTrack,491,2605,1843,pos,0 days 00:26:05.944000,0 days 01:23:03.039000
2024-06-23 13:29:20.597,OnTrack,391,2564,1846,pos,0 days 00:26:06.184000,0 days 01:23:03.279000
2024-06-23 13:29:20.796,OnTrack,316,2526,1850,pos,0 days 00:26:06.383000,0 days 01:23:03.478000
2024-06-23 13:29:21.156,OnTrack,162,2431,1858,pos,0 days 00:26:06.743000,0 days 01:23:03.838000
2024-06-23 13:29:21.376,OnTrack,67,2364,1864,pos,0 days 00:26:06.963000,0 days 01:23:04.058000
2024-06-23 13:29:21.736,OnTrack,-117,2245,1872,pos,0 days 00:26:07.323000,0 days 01:23:04.418000
2024-06-23 13:29:22.116,OnTrack,-259,2181,1877,pos,0 days 00:26:07.703000,0 days 01:23:04.798000
2024-06-23 13:29:22.356,OnTrack,-362,2149,1881,pos,0 days 00:26:07.943000,0 days 01:23:05.038000
2024-06-23 13:29:22.536,OnTrack,-437,2133,1884,pos,0 days 00:26:08.123000,0 days 01:23:05.218000
2024-06-23 13:29:22.816,OnTrack,-597,2122,1892,pos,0 days 00:26:08.403000,0 days 01:23:05.498000
2024-06-23 13:29:23.156,OnTrack,-678,2131,1896,pos,0 days 00:26:08.743000,0 days 01:23:05.838000
2024-06-23 13:29:23.416,OnTrack,-772,2156,1900,pos,0 days 00:26:09.003000,0 days 01:23:06.098000
2024-06-23 13:29:23.696,OnTrack,-849,2195,1905,pos,0 days 00:26:09.283000,0 days 01:23:06.378000
2024-06-23 13:29:23.936,OnTrack,-909,2244,1907,pos,0 days 00:26:09.523000,0 days 01:23:06.618000
2024-06-23 13:29:24.056,OnTrack,-935,2272,1908,pos,0 days 00:26:09.643000,0 days 01:23:06.738000
2024-06-23 13:29:24.376,OnTrack,-992,2355,1910,pos,0 days 00:26:09.963000,0 days 01:23:07.058000
2024-06-23 13:29:24.636,OnTrack,-1032,2457,1912,pos,0 days 00:26:10.223000,0 days 01:23:07.318000
2024-06-23 13:29:24.956,OnTrack,-1045,2522,1913,pos,0 days 00:26:10.543000,0 days 01:23:07.638000
2024-06-23 13:29:25.216,OnTrack,-1050,2638,1914,pos,0 days 00:26:10.803000,0 days 01:23:07.898000
2024-06-23 13:29:25.656,OnTrack,-1030,2765,1916,pos,0 days 00:26:11.243000,0 days 01:23:08.338000
2024-06-23 13:29:25.916,OnTrack,-1014,2822,1917,pos,0 days 00:26:11.503000,0 days 01:23:08.598000
2024-06-23 13:29:26.136,OnTrack,-986,2893,1918,pos,0 days 00:26:11.723000,0 days 01:23:08.818000
2024-06-23 13:29:26.336,OnTrack,-955,2956,1920,pos,0 days 00:26:11.923000,0 days 01:23:09.018000
2024-06-23 13:29:26.576,OnTrack,-908,3032,1921,pos,0 days 00:26:12.163000,0 days 01:23:09.258000
2024-06-23 13:29:26.797,OnTrack,-832,3130,1922,pos,0 days 00:26:12.384000,0 days 01:23:09.479000
2024-06-23 13:29:26.957,OnTrack,-793,3172,1922,pos,0 days 00:26:12.544000,0 days 01:23:09.639000
2024-06-23 13:29:27.257,OnTrack,-665,3288,1922,pos,0 days 00:26:12.844000,0 days 01:23:09.939000
2024-06-23 13:29:27.676,OnTrack,-517,3405,1921,pos,0 days 00:26:13.263000,0 days 01:23:10.358000
2024-06-23 13:29:27.996,OnTrack,-421,3479,1919,pos,0 days 00:26:13.583000,0 days 01:23:10.678000
2024-06-23 13:29:28.156,OnTrack,-356,3532,1918,pos,0 days 00:26:13.743000,0 days 01:23:10.838000
2024-06-23 13:29:28.456,OnTrack,-232,3638,1915,pos,0 days 00:26:14.043000,0 days 01:23:11.138000
2024-06-23 13:29:28.636,OnTrack,-154,3704,1913,pos,0 days 00:26:14.223000,0 days 01:23:11.318000
2024-06-23 13:29:28.876,OnTrack,-47,3795,1909,pos,0 days 00:26:14.463000,0 days 01:23:11.558000
2024-06-23 13:29:29.036,OnTrack,26,3855,1906,pos,0 days 00:26:14.623000,0 days 01:23:11.718000
2024-06-23 13:29:29.316,OnTrack,163,3958,1900,pos,0 days 00:26:14.903000,0 days 01:23:11.998000
2024-06-23 13:29:29.556,OnTrack,334,4059,1892,pos,0 days 00:26:15.143000,0 days 01:23:12.238000
2024-06-23 13:29:29.936,OnTrack,605,4135,1880,pos,0 days 00:26:15.523000,0 days 01:23:12.618000
2024-06-23 13:29:30.356,OnTrack,883,4123,1864,pos,0 days 00:26:15.943000,0 days 01:23:13.038000
2024-06-23 13:29:30.796,OnTrack,1166,4039,1848,pos,0 days 00:26:16.383000,0 days 01:23:13.478000
2024-06-23 13:29:31.196,OnTrack,1327,3964,1838,pos,0 days 00:26:16.783000,0 days 01:23:13.878000
2024-06-23 13:29:31.416,OnTrack,1520,3855,1827,pos,0 days 00:26:17.003000,0 days 01:23:14.098000
2024-06-23 13:29:31.836,OnTrack,1792,3683,1811,pos,0 days 00:26:17.423000,0 days 01:23:14.518000
2024-06-23 13:29:32.076,OnTrack,1851,3645,1807,pos,0 days 00:26:17.663000,0 days 01:23:14.758000
2024-06-23 13:29:32.476,OnTrack,2091,3492,1793,pos,0 days 00:26:18.063000,0 days 01:23:15.158000
2024-06-23 13:29:32.676,OnTrack,2260,3382,1784,pos,0 days 00:26:18.263000,0 days 01:23:15.358000
2024-06-23 13:29:33.076,OnTrack,2443,3250,1775,pos,0 days 00:26:18.663000,0 days 01:23:15.758000
2024-06-23 13:29:33.237,OnTrack,2534,3171,1770,pos,0 days 00:26:18.824000,0 days 01:23:15.919000
2024-06-23 13:29:33.437,OnTrack,2628,3076,1764,pos,0 days 00:26:19.024000,0 days 01:23:16.119000
2024-06-23 13:29:33.617,OnTrack,2702,2989,1760,pos,0 days 00:26:19.204000,0 days 01:23:16.299000
2024-06-23 13:29:33.797,OnTrack,2796,2828,1755,pos,0 days 00:26:19.384000,0 days 01:23:16.479000
2024-06-23 13:29:34.196,OnTrack,2849,2674,1749,pos,0 days 00:26:19.783000,0 days 01:23:16.878000
2024-06-23 13:29:34.416,OnTrack,2875,2538,1746,pos,0 days 00:26:20.003000,0 days 01:23:17.098000
2024-06-23 13:29:34.716,OnTrack,2881,2325,1742,pos,0 days 00:26:20.303000,0 days 01:23:17.398000
2024-06-23 13:29:34.976,OnTrack,2859,2185,1739,pos,0 days 00:26:20.563000,0 days 01:23:17.658000
2024-06-23 13:29:35.176,OnTrack,2823,2061,1737,pos,0 days 00:26:20.763000,0 days 01:23:17.858000
2024-06-23 13:29:35.456,OnTrack,2749,1891,1734,pos,0 days 00:26:21.043000,0 days 01:23:18.138000
2024-06-23 13:29:35.756,OnTrack,2650,1715,1732,pos,0 days 00:26:21.343000,0 days 01:23:18.438000
2024-06-23 13:29:35.956,OnTrack,2577,1600,1730,pos,0 days 00:26:21.543000,0 days 01:23:18.638000
2024-06-23 13:29:36.196,OnTrack,2488,1462,1727,pos,0 days 00:26:21.783000,0 days 01:23:18.878000
2024-06-23 13:29:36.396,OnTrack,2365,1274,1724,pos,0 days 00:26:21.983000,0 days 01:23:19.078000
2024-06-23 13:29:36.696,OnTrack,2295,1168,1722,pos,0 days 00:26:22.283000,0 days 01:23:19.378000
2024-06-23 13:29:36.876,OnTrack,2225,1060,1720,pos,0 days 00:26:22.463000,0 days 01:23:19.558000
2024-06-23 13:29:37.116,OnTrack,2131,914,1718,pos,0 days 00:26:22.703000,0 days 01:23:19.798000
2024-06-23 13:29:37.296,OnTrack,2059,803,1716,pos,0 days 00:26:22.883000,0 days 01:23:19.978000
2024-06-23 13:29:37.516,OnTrack,1970,667,1714,pos,0 days 00:26:23.103000,0 days 01:23:20.198000
2024-06-23 13:29:37.716,OnTrack,1889,542,1712,pos,0 days 00:26:23.303000,0 days 01:23:20.398000
2024-06-23 13:29:38.036,OnTrack,1724,290,1709,pos,0 days 00:26:23.623000,0 days 01:23:20.718000
2024-06-23 13:29:38.436,OnTrack,1600,97,1707,pos,0 days 00:26:24.023000,0 days 01:23:21.118000
2024-06-23 13:29:38.736,OnTrack,1494,-67,1708,pos,0 days 00:26:24.323000,0 days 01:23:21.418000
2024-06-23 13:29:39.036,OnTrack,1325,-330,1707,pos,0 days 00:26:24.623000,0 days 01:23:21.718000
2024-06-23 13:29:39.356,OnTrack,1232,-477,1708,pos,0 days 00:26:24.943000,0 days 01:23:22.038000
2024-06-23 13:29:39.696,OnTrack,1018,-814,1708,pos,0 days 00:26:25.283000,0 days 01:23:22.378000
2024-06-23 13:29:39.997,OnTrack,949,-923,1708,pos,0 days 00:26:25.584000,0 days 01:23:22.679000
2024-06-23 13:29:40.177,OnTrack,871,-1045,1708,pos,0 days 00:26:25.764000,0 days 01:23:22.859000
2024-06-23 13:29:40.476,OnTrack,750,-1237,1708,pos,0 days 00:26:26.063000,0 days 01:23:23.158000
2024-06-23 13:29:40.716,OnTrack,645,-1402,1707,pos,0 days 00:26:26.303000,0 days 01:23:23.398000
2024-06-23 13:29:40.876,OnTrack,575,-1512,1707,pos,0 days 00:26:26.463000,0 days 01:23:23.558000
2024-06-23 13:29:41.036,OnTrack,504,-1623,1708,pos,0 days 00:26:26.623000,0 days 01:23:23.718000
2024-06-23 13:29:41.316,OnTrack,381,-1817,1708,pos,0 days 00:26:26.903000,0 days 01:23:23.998000
2024-06-23 13:29:41.496,OnTrack,248,-2026,1708,pos,0 days 00:26:27.083000,0 days 01:23:24.178000
2024-06-23 13:29:41.816,OnTrack,160,-2166,1708,pos,0 days 00:26:27.403000,0 days 01:23:24.498000
2024-06-23 13:29:42.096,OnTrack,-27,-2460,1707,pos,0 days 00:26:27.683000,0 days 01:23:24.778000
2024-06-23 13:29:42.496,OnTrack,-216,-2750,1705,pos,0 days 00:26:28.083000,0 days 01:23:25.178000
2024-06-23 13:29:42.856,OnTrack,-317,-2903,1703,pos,0 days 00:26:28.443000,0 days 01:23:25.538000
2024-06-23 13:29:43.156,OnTrack,-456,-3113,1701,pos,0 days 00:26:28.743000,0 days 01:23:25.838000
2024-06-23 13:29:43.376,OnTrack,-559,-3267,1699,pos,0 days 00:26:28.963000,0 days 01:23:26.058000
2024-06-23 13:29:43.616,OnTrack,-672,-3435,1696,pos,0 days 00:26:29.203000,0 days 01:23:26.298000
2024-06-23 13:29:43.836,OnTrack,-803,-3632,1692,pos,0 days 00:26:29.423000,0 days 01:23:26.518000
2024-06-23 13:29:44.196,OnTrack,-945,-3843,1687,pos,0 days 00:26:29.783000,0 days 01:23:26.878000
2024-06-23 13:29:44.456,OnTrack,-1125,-4112,1680,pos,0 days 00:26:30.043000,0 days 01:23:27.138000
2024-06-23 13:29:44.796,OnTrack,-1287,-4352,1674,pos,0 days 00:26:30.383000,0 days 01:23:27.478000
2024-06-23 13:29:45.216,OnTrack,-1430,-4565,1667,pos,0 days 00:26:30.803000,0 days 01:23:27.898000
2024-06-23 13:29:45.336,OnTrack,-1487,-4650,1665,pos,0 days 00:26:30.923000,0 days 01:23:28.018000
2024-06-23 13:29:45.616,OnTrack,-1672,-4929,1657,pos,0 days 00:26:31.203000,0 days 01:23:28.298000
2024-06-23 13:29:45.916,OnTrack,-1750,-5053,1654,pos,0 days 00:26:31.503000,0 days 01:23:28.598000
2024-06-23 13:29:46.236,OnTrack,-1889,-5286,1649,pos,0 days 00:26:31.823000,0 days 01:23:28.918000
2024-06-23 13:29:46.397,OnTrack,-1966,-5418,1647,pos,0 days 00:26:31.984000,0 days 01:23:29.079000
2024-06-23 13:29:46.617,OnTrack,-2057,-5579,1645,pos,0 days 00:26:32.204000,0 days 01:23:29.299000
2024-06-23 13:29:46.837,OnTrack,-2196,-5827,1641,pos,0 days 00:26:32.424000,0 days 01:23:29.519000
2024-06-23 13:29:47.176,OnTrack,-2276,-5971,1639,pos,0 days 00:26:32.763000,0 days 01:23:29.858000
2024-06-23 13:29:47.476,OnTrack,-2393,-6179,1636,pos,0 days 00:26:33.063000,0 days 01:23:30.158000
2024-06-23 13:29:47.656,OnTrack,-2461,-6293,1636,pos,0 days 00:26:33.243000,0 days 01:23:30.338000
2024-06-23 13:29:47.816,OnTrack,-2519,-6386,1634,pos,0 days 00:26:33.403000,0 days 01:23:30.498000
2024-06-23 13:29:48.116,OnTrack,-2600,-6506,1633,pos,0 days 00:26:33.703000,0 days 01:23:30.798000
2024-06-23 13:29:48.296,OnTrack,-2660,-6587,1632,pos,0 days 00:26:33.883000,0 days 01:23:30.978000
2024-06-23 13:29:48.496,OnTrack,-2723,-6666,1631,pos,0 days 00:26:34.083000,0 days 01:23:31.178000
2024-06-23 13:29:48.676,OnTrack,-2778,-6729,1629,pos,0 days 00:26:34.263000,0 days 01:23:31.358000
2024-06-23 13:29:48.976,OnTrack,-2872,-6821,1626,pos,0 days 00:26:34.563000,0 days 01:23:31.658000
2024-06-23 13:29:49.176,OnTrack,-2937,-6875,1625,pos,0 days 00:26:34.763000,0 days 01:23:31.858000
2024-06-23 13:29:49.236,OnTrack,-2957,-6889,1624,pos,0 days 00:26:34.823000,0 days 01:23:31.918000
2024-06-23 13:29:49.556,OnTrack,-3065,-6953,1625,pos,0 days 00:26:35.143000,0 days 01:23:32.238000
2024-06-23 13:29:49.716,OnTrack,-3122,-6974,1623,pos,0 days 00:26:35.303000,0 days 01:23:32.398000
2024-06-23 13:29:49.976,OnTrack,-3262,-6995,1624,pos,0 days 00:26:35.563000,0 days 01:23:32.658000
2024-06-23 13:29:50.296,OnTrack,-3337,-6988,1626,pos,0 days 00:26:35.883000,0 days 01:23:32.978000
2024-06-23 13:29:50.636,OnTrack,-3462,-6954,1629,pos,0 days 00:26:36.223000,0 days 01:23:33.318000
2024-06-23 13:29:50.796,OnTrack,-3521,-6930,1630,pos,0 days 00:26:36.383000,0 days 01:23:33.478000
2024-06-23 13:29:50.996,OnTrack,-3632,-6879,1632,pos,0 days 00:26:36.583000,0 days 01:23:33.678000
2024-06-23 13:29:51.416,OnTrack,-3789,-6810,1634,pos,0 days 00:26:37.003000,0 days 01:23:34.098000
2024-06-23 13:29:51.776,OnTrack,-3906,-6775,1638,pos,0 days 00:26:37.363000,0 days 01:23:34.458000
2024-06-23 13:29:51.976,OnTrack,-4047,-6770,1643,pos,0 days 00:26:37.563000,0 days 01:23:34.658000
2024-06-23 13:29:52.336,OnTrack,-4157,-6792,1647,pos,0 days 00:26:37.923000,0 days 01:23:35.018000
2024-06-23 13:29:52.576,OnTrack,-4267,-6832,1652,pos,0 days 00:26:38.163000,0 days 01:23:35.258000
2024-06-23 13:29:52.896,OnTrack,-4416,-6909,1661,pos,0 days 00:26:38.483000,0 days 01:23:35.578000
2024-06-23 13:29:53.097,OnTrack,-4546,-6994,1669,pos,0 days 00:26:38.684000,0 days 01:23:35.779000
2024-06-23 13:29:53.397,OnTrack,-4695,-7101,1677,pos,0 days 00:26:38.984000,0 days 01:23:36.079000
2024-06-23 13:29:53.796,OnTrack,-4816,-7183,1683,pos,0 days 00:26:39.383000,0 days 01:23:36.478000
2024-06-23 13:29:54.076,OnTrack,-4955,-7268,1691,pos,0 days 00:26:39.663000,0 days 01:23:36.758000
2024-06-23 13:29:54.316,OnTrack,-5081,-7334,1696,pos,0 days 00:26:39.903000,0 days 01:23:36.998000
2024-06-23 13:29:54.416,OnTrack,-5135,-7359,1699,pos,0 days 00:26:40.003000,0 days 01:23:37.098000
2024-06-23 13:29:54.736,OnTrack,-5370,-7433,1709,pos,0 days 00:26:40.323000,0 days 01:23:37.418000
2024-06-23 13:29:55.156,OnTrack,-5551,-7454,1717,pos,0 days 00:26:40.743000,0 days 01:23:37.838000
2024-06-23 13:29:55.336,OnTrack,-5653,-7453,1721,pos,0 days 00:26:40.923000,0 days 01:23:38.018000
2024-06-23 13:29:55.476,OnTrack,-5730,-7446,1725,pos,0 days 00:26:41.063000,0 days 01:23:38.158000
2024-06-23 13:29:55.756,OnTrack,-5938,-7402,1734,pos,0 days 00:26:41.343000,0 days 01:23:38.438000
2024-06-23 13:29:56.076,OnTrack,-6054,-7360,1737,pos,0 days 00:26:41.663000,0 days 01:23:38.758000
2024-06-23 13:29:56.316,OnTrack,-6175,-7300,1742,pos,0 days 00:26:41.903000,0 days 01:23:38.998000
2024-06-23 13:29:56.456,OnTrack,-6243,-7258,1745,pos,0 days 00:26:42.043000,0 days 01:23:39.138000
2024-06-23 13:29:56.636,OnTrack,-6326,-7196,1748,pos,0 days 00:26:42.223000,0 days 01:23:39.318000
2024-06-23 13:29:56.976,OnTrack,-6464,-7053,1755,pos,0 days 00:26:42.563000,0 days 01:23:39.658000
2024-06-23 13:29:57.176,OnTrack,-6533,-6955,1757,pos,0 days 00:26:42.763000,0 days 01:23:39.858000
2024-06-23 13:29:57.396,OnTrack,-6598,-6839,1760,pos,0 days 00:26:42.983000,0 days 01:23:40.078000
2024-06-23 13:29:57.476,OnTrack,-6618,-6795,1761,pos,0 days 00:26:43.063000,0 days 01:23:40.158000
2024-06-23 13:29:57.796,OnTrack,-6683,-6608,1764,pos,0 days 00:26:43.383000,0 days 01:23:40.478000
2024-06-23 13:29:57.996,OnTrack,-6719,-6420,1768,pos,0 days 00:26:43.583000,0 days 01:23:40.678000
2024-06-23 13:29:58.296,OnTrack,-6730,-6291,1769,pos,0 days 00:26:43.883000,0 days 01:23:40.978000
2024-06-23 13:29:58.496,OnTrack,-6733,-6159,1771,pos,0 days 00:26:44.083000,0 days 01:23:41.178000
2024-06-23 13:29:58.816,OnTrack,-6720,-5945,1774,pos,0 days 00:26:44.403000,0 days 01:23:41.498000
2024-06-23 13:29:59.076,OnTrack,-6684,-5687,1778,pos,0 days 00:26:44.663000,0 days 01:23:41.758000
2024-06-23 13:29:59.456,OnTrack,-6647,-5510,1780,pos,0 days 00:26:45.043000,0 days 01:23:42.138000
2024-06-23 13:29:59.597,OnTrack,-6619,-5400,1782,pos,0 days 00:26:45.184000,0 days 01:23:42.279000
2024-06-23 13:29:59.757,OnTrack,-6588,-5291,1784,pos,0 days 00:26:45.344000,0 days 01:23:42.439000
2024-06-23 13:29:59.957,OnTrack,-6540,-5157,1786,pos,0 days 00:26:45.544000,0 days 01:23:42.639000
2024-06-23 13:30:00.276,OnTrack,-6446,-4961,1790,pos,0 days 00:26:45.863000,0 days 01:23:42.958000
2024-06-23 13:30:00.336,OnTrack,-6425,-4923,1790,pos,0 days 00:26:45.923000,0 days 01:23:43.018000
2024-06-23 13:30:00.556,OnTrack,-6339,-4784,1793,pos,0 days 00:26:46.143000,0 days 01:23:43.238000
2024-06-23 13:30:00.916,OnTrack,-6126,-4477,1797,pos,0 days 00:26:46.503000,0 days 01:23:43.598000
2024-06-23 13:30:01.216,OnTrack,-6055,-4380,1799,pos,0 days 00:26:46.803000,0 days 01:23:43.898000
2024-06-23 13:30:01.376,OnTrack,-5987,-4282,1800,pos,0 days 00:26:46.963000,0 days 01:23:44.058000
2024-06-23 13:30:01.696,OnTrack,-5832,-4019,1805,pos,0 days 00:26:47.283000,0 days 01:23:44.378000
2024-06-23 13:30:01.976,OnTrack,-5753,-3888,1807,pos,0 days 00:26:47.563000,0 days 01:23:44.658000
2024-06-23 13:30:02.316,OnTrack,-5615,-3667,1810,pos,0 days 00:26:47.903000,0 days 01:23:44.998000
2024-06-23 13:30:02.416,OnTrack,-5573,-3604,1811,pos,0 days 00:26:48.003000,0 days 01:23:45.098000
2024-06-23 13:30:02.736,OnTrack,-5448,-3421,1815,pos,0 days 00:26:48.323000,0 days 01:23:45.418000
2024-06-23 13:30:02.896,OnTrack,-5389,-3334,1816,pos,0 days 00:26:48.483000,0 days 01:23:45.578000
2024-06-23 13:30:03.076,OnTrack,-5273,-3176,1818,pos,0 days 00:26:48.663000,0 days 01:23:45.758000
2024-06-23 13:30:03.456,OnTrack,-5191,-3081,1819,pos,0 days 00:26:49.043000,0 days 01:23:46.138000
2024-06-23 13:30:03.636,OnTrack,-5129,-3019,1819,pos,0 days 00:26:49.223000,0 days 01:23:46.318000
2024-06-23 13:30:03.916,OnTrack,-4976,-2908,1821,pos,0 days 00:26:49.503000,0 days 01:23:46.598000
2024-06-23 13:30:04.336,OnTrack,-4869,-2863,1823,pos,0 days 00:26:49.923000,0 days 01:23:47.018000
2024-06-23 13:30:04.556,OnTrack,-4737,-2839,1825,pos,0 days 00:26:50.143000,0 days 01:23:47.238000
2024-06-23 13:30:04.916,OnTrack,-4646,-2842,1826,pos,0 days 00:26:50.503000,0 days 01:23:47.598000
2024-06-23 13:30:05.196,OnTrack,-4545,-2864,1828,pos,0 days 00:26:50.783000,0 days 01:23:47.878000
2024-06-23 13:30:05.416,OnTrack,-4471,-2892,1829,pos,0 days 00:26:51.003000,0 days 01:23:48.098000
2024-06-23 13:30:05.576,OnTrack,-4420,-2918,1831,pos,0 days 00:26:51.163000,0 days 01:23:48.258000
2024-06-23 13:30:05.876,OnTrack,-4324,-2985,1833,pos,0 days 00:26:51.463000,0 days 01:23:48.558000
2024-06-23 13:30:06.197,OnTrack,-4237,-3078,1835,pos,0 days 00:26:51.784000,0 days 01:23:48.879000
2024-06-23 13:30:06.597,OnTrack,-4176,-3161,1835,pos,0 days 00:26:52.184000,0 days 01:23:49.279000
2024-06-23 13:30:06.817,OnTrack,-4138,-3226,1836,pos,0 days 00:26:52.404000,0 days 01:23:49.499000
2024-06-23 13:30:07.016,OnTrack,-4104,-3297,1837,pos,0 days 00:26:52.603000,0 days 01:23:49.698000
2024-06-23 13:30:07.316,OnTrack,-4058,-3429,1838,pos,0 days 00:26:52.903000,0 days 01:23:49.998000
2024-06-23 13:30:07.676,OnTrack,-4033,-3569,1839,pos,0 days 00:26:53.263000,0 days 01:23:50.358000
2024-06-23 13:30:07.856,OnTrack,-4027,-3652,1839,pos,0 days 00:26:53.443000,0 days 01:23:50.538000
2024-06-23 13:30:08.076,OnTrack,-4031,-3760,1839,pos,0 days 00:26:53.663000,0 days 01:23:50.758000
2024-06-23 13:30:08.316,OnTrack,-4064,-3941,1838,pos,0 days 00:26:53.903000,0 days 01:23:50.998000
2024-06-23 13:30:08.616,OnTrack,-4093,-4033,1837,pos,0 days 00:26:54.203000,0 days 01:23:51.298000
2024-06-23 13:30:08.916,OnTrack,-4202,-4255,1834,pos,0 days 00:26:54.503000,0 days 01:23:51.598000
2024-06-23 13:30:09.276,OnTrack,-4274,-4363,1832,pos,0 days 00:26:54.863000,0 days 01:23:51.958000
2024-06-23 13:30:09.436,OnTrack,-4329,-4442,1830,pos,0 days 00:26:55.023000,0 days 01:23:52.118000
2024-06-23 13:30:09.696,OnTrack,-4421,-4570,1827,pos,0 days 00:26:55.283000,0 days 01:23:52.378000
2024-06-23 13:30:09.856,OnTrack,-4480,-4651,1825,pos,0 days 00:26:55.443000,0 days 01:23:52.538000
2024-06-23 13:30:10.196,OnTrack,-4608,-4825,1821,pos,0 days 00:26:55.783000,0 days 01:23:52.878000
2024-06-23 13:30:10.376,OnTrack,-4676,-4919,1819,pos,0 days 00:26:55.963000,0 days 01:23:53.058000
2024-06-23 13:30:10.496,OnTrack,-4722,-4982,1817,pos,0 days 00:26:56.083000,0 days 01:23:53.178000
2024-06-23 13:30:10.656,OnTrack,-4784,-5066,1815,pos,0 days 00:26:56.243000,0 days 01:23:53.338000
2024-06-23 13:30:11.016,OnTrack,-4959,-5310,1808,pos,0 days 00:26:56.603000,0 days 01:23:53.698000
2024-06-23 13:30:11.296,OnTrack,-5008,-5382,1807,pos,0 days 00:26:56.883000,0 days 01:23:53.978000
2024-06-23 13:30:11.656,OnTrack,-5100,-5530,1801,pos,0 days 00:26:57.243000,0 days 01:23:54.338000
2024-06-23 13:30:11.736,OnTrack,-5116,-5558,1800,pos,0 days 00:26:57.323000,0 days 01:23:54.418000
2024-06-23 13:30:12.056,OnTrack,-5171,-5674,1795,pos,0 days 00:26:57.643000,0 days 01:23:54.738000
2024-06-23 13:30:12.296,OnTrack,-5201,-5757,1791,pos,0 days 00:26:57.883000,0 days 01:23:54.978000
2024-06-23 13:30:12.476,OnTrack,-5217,-5817,1789,pos,0 days 00:26:58.063000,0 days 01:23:55.158000
2024-06-23 13:30:12.676,OnTrack,-5226,-5882,1787,pos,0 days 00:26:58.263000,0 days 01:23:55.358000
2024-06-23 13:30:12.837,OnTrack,-5227,-5938,1784,pos,0 days 00:26:58.424000,0 days 01:23:55.519000
2024-06-23 13:30:13.117,OnTrack,-5205,-6040,1778,pos,0 days 00:26:58.704000,0 days 01:23:55.799000
2024-06-23 13:30:13.476,OnTrack,-5173,-6105,1774,pos,0 days 00:26:59.063000,0 days 01:23:56.158000
2024-06-23 13:30:13.576,OnTrack,-5157,-6127,1772,pos,0 days 00:26:59.163000,0 days 01:23:56.258000
2024-06-23 13:30:13.756,OnTrack,-5125,-6161,1770,pos,0 days 00:26:59.343000,0 days 01:23:56.438000
2024-06-23 13:30:14.076,OnTrack,-5024,-6224,1764,pos,0 days 00:26:59.663000,0 days 01:23:56.758000
2024-06-23 13:30:14.436,OnTrack,-4970,-6241,1761,pos,0 days 00:27:00.023000,0 days 01:23:57.118000
2024-06-23 13:30:14.656,OnTrack,-4912,-6250,1758,pos,0 days 00:27:00.243000,0 days 01:23:57.338000
2024-06-23 13:30:14.896,OnTrack,-4812,-6248,1752,pos,0 days 00:27:00.483000,0 days 01:23:57.578000
2024-06-23 13:30:15.376,OnTrack,-4670,-6217,1743,pos,0 days 00:27:00.963000,0 days 01:23:58.058000
2024-06-23 13:30:15.636,OnTrack,-4627,-6202,1740,pos,0 days 00:27:01.223000,0 days 01:23:58.318000
2024-06-23 13:30:15.996,OnTrack,-4485,-6139,1731,pos,0 days 00:27:01.583000,0 days 01:23:58.678000
2024-06-23 13:30:16.336,OnTrack,-4394,-6092,1724,pos,0 days 00:27:01.923000,0 days 01:23:59.018000
2024-06-23 13:30:16.576,OnTrack,-4304,-6042,1718,pos,0 days 00:27:02.163000,0 days 01:23:59.258000
2024-06-23 13:30:16.796,OnTrack,-4215,-5994,1713,pos,0 days 00:27:02.383000,0 days 01:23:59.478000
2024-06-23 13:30:16.996,OnTrack,-4113,-5939,1706,pos,0 days 00:27:02.583000,0 days 01:23:59.678000
2024-06-23 13:30:17.296,OnTrack,-3924,-5844,1694,pos,0 days 00:27:02.883000,0 days 01:23:59.978000
2024-06-23 13:30:17.556,OnTrack,-3795,-5787,1687,pos,0 days 00:27:03.143000,0 days 01:24:00.238000
2024-06-23 13:30:17.656,OnTrack,-3744,-5765,1684,pos,0 days 00:27:03.243000,0 days 01:24:00.338000
2024-06-23 13:30:17.976,OnTrack,-3574,-5695,1677,pos,0 days 00:27:03.563000,0 days 01:24:00.658000
2024-06-23 13:30:18.176,OnTrack,-3465,-5647,1672,pos,0 days 00:27:03.763000,0 days 01:24:00.858000
2024-06-23 13:30:18.336,OnTrack,-3377,-5606,1668,pos,0 days 00:27:03.923000,0 days 01:24:01.018000
2024-06-23 13:30:18.556,OnTrack,-3257,-5543,1663,pos,0 days 00:27:04.143000,0 days 01:24:01.238000
2024-06-23 13:30:18.796,OnTrack,-3127,-5463,1659,pos,0 days 00:27:04.383000,0 days 01:24:01.478000
2024-06-23 13:30:19.056,OnTrack,-2938,-5323,1654,pos,0 days 00:27:04.643000,0 days 01:24:01.738000
2024-06-23 13:30:19.457,OnTrack,-2779,-5177,1651,pos,0 days 00:27:05.044000,0 days 01:24:02.139000
2024-06-23 13:30:19.677,OnTrack,-2678,-5066,1650,pos,0 days 00:27:05.264000,0 days 01:24:02.359000
2024-06-23 13:30:19.837,OnTrack,-2608,-4981,1650,pos,0 days 00:27:05.424000,0 days 01:24:02.519000
2024-06-23 13:30:20.036,OnTrack,-2532,-4880,1651,pos,0 days 00:27:05.623000,0 days 01:24:02.718000
2024-06-23 13:30:20.196,OnTrack,-2467,-4789,1651,pos,0 days 00:27:05.783000,0 days 01:24:02.878000
2024-06-23 13:30:20.476,OnTrack,-2358,-4633,1651,pos,0 days 00:27:06.063000,0 days 01:24:03.158000
2024-06-23 13:30:20.636,OnTrack,-2302,-4550,1653,pos,0 days 00:27:06.223000,0 days 01:24:03.318000
2024-06-23 13:30:20.856,OnTrack,-2232,-4446,1655,pos,0 days 00:27:06.443000,0 days 01:24:03.538000
2024-06-23 13:30:21.036,OnTrack,-2181,-4367,1658,pos,0 days 00:27:06.623000,0 days 01:24:03.718000
2024-06-23 13:30:21.336,OnTrack,-2115,-4223,1661,pos,0 days 00:27:06.923000,0 days 01:24:04.018000
2024-06-23 13:30:21.616,OnTrack,-2095,-4142,1662,pos,0 days 00:27:07.203000,0 days 01:24:04.298000
2024-06-23 13:30:21.936,OnTrack,-2083,-4006,1664,pos,0 days 00:27:07.523000,0 days 01:24:04.618000
2024-06-23 13:30:22.136,OnTrack,-2085,-3927,1667,pos,0 days 00:27:07.723000,0 days 01:24:04.818000
2024-06-23 13:30:22.316,OnTrack,-2101,-3808,1673,pos,0 days 00:27:07.903000,0 days 01:24:04.998000
2024-06-23 13:30:22.716,OnTrack,-2134,-3721,1679,pos,0 days 00:27:08.303000,0 days 01:24:05.398000
2024-06-23 13:30:22.876,OnTrack,-2163,-3672,1681,pos,0 days 00:27:08.463000,0 days 01:24:05.558000
2024-06-23 13:30:23.196,OnTrack,-2241,-3585,1686,pos,0 days 00:27:08.783000,0 days 01:24:05.878000
2024-06-23 13:30:23.396,OnTrack,-2298,-3537,1689,pos,0 days 00:27:08.983000,0 days 01:24:06.078000
2024-06-23 13:30:23.556,OnTrack,-2347,-3501,1691,pos,0 days 00:27:09.143000,0 days 01:24:06.238000
2024-06-23 13:30:23.776,OnTrack,-2417,-3451,1695,pos,0 days 00:27:09.363000,0 days 01:24:06.458000
2024-06-23 13:30:23.996,OnTrack,-2520,-3371,1702,pos,0 days 00:27:09.583000,0 days 01:24:06.678000
2024-06-23 13:30:24.456,OnTrack,-2633,-3260,1712,pos,0 days 00:27:10.043000,0 days 01:24:07.138000
2024-06-23 13:30:24.656,OnTrack,-2691,-3187,1720,pos,0 days 00:27:10.243000,0 days 01:24:07.338000
2024-06-23 13:30:24.876,OnTrack,-2783,-3032,1732,pos,0 days 00:27:10.463000,0 days 01:24:07.558000
2024-06-23 13:30:25.136,OnTrack,-2810,-2975,1736,pos,0 days 00:27:10.723000,0 days 01:24:07.818000
2024-06-23 13:30:25.316,OnTrack,-2850,-2887,1741,pos,0 days 00:27:10.903000,0 days 01:24:07.998000
2024-06-23 13:30:25.576,OnTrack,-2909,-2757,1750,pos,0 days 00:27:11.163000,0 days 01:24:08.258000
2024-06-23 13:30:25.816,OnTrack,-2968,-2632,1759,pos,0 days 00:27:11.403000,0 days 01:24:08.498000
2024-06-23 13:30:25.997,OnTrack,-3018,-2527,1766,pos,0 days 00:27:11.584000,0 days 01:24:08.679000
2024-06-23 13:30:26.297,OnTrack,-3107,-2340,1778,pos,0 days 00:27:11.884000,0 days 01:24:08.979000
2024-06-23 13:30:26.597,OnTrack,-3171,-2205,1787,pos,0 days 00:27:12.184000,0 days 01:24:09.279000
2024-06-23 13:30:26.836,OnTrack,-3237,-2066,1796,pos,0 days 00:27:12.423000,0 days 01:24:09.518000
2024-06-23 13:30:27.036,OnTrack,-3293,-1950,1804,pos,0 days 00:27:12.623000,0 days 01:24:09.718000
2024-06-23 13:30:27.236,OnTrack,-3388,-1748,1817,pos,0 days 00:27:12.823000,0 days 01:24:09.918000
2024-06-23 13:30:27.536,OnTrack,-3429,-1650,1824,pos,0 days 00:27:13.123000,0 days 01:24:10.218000
2024-06-23 13:30:27.856,OnTrack,-3487,-1452,1836,pos,0 days 00:27:13.443000,0 days 01:24:10.538000
2024-06-23 13:30:28.136,OnTrack,-3507,-1202,1846,pos,0 days 00:27:13.723000,0 days 01:24:10.818000
2024-06-23 13:30:28.536,OnTrack,-3480,-968,1855,pos,0 days 00:27:14.123000,0 days 01:24:11.218000
2024-06-23 13:30:28.916,OnTrack,-3438,-803,1861,pos,0 days 00:27:14.503000,0 days 01:24:11.598000
2024-06-23 13:30:29.156,OnTrack,-3360,-611,1867,pos,0 days 00:27:14.743000,0 days 01:24:11.838000
2024-06-23 13:30:29.456,OnTrack,-3298,-506,1871,pos,0 days 00:27:15.043000,0 days 01:24:12.138000
2024-06-23 13:30:29.736,OnTrack,-3166,-355,1873,pos,0 days 00:27:15.323000,0 days 01:24:12.418000
2024-06-23 13:30:29.956,OnTrack,-3051,-275,1875,pos,0 days 00:27:15.543000,0 days 01:24:12.638000
2024-06-23 13:30:30.196,OnTrack,-2908,-205,1874,pos,0 days 00:27:15.783000,0 days 01:24:12.878000
2024-06-23 13:30:30.376,OnTrack,-2759,-146,1873,pos,0 days 00:27:15.963000,0 days 01:24:13.058000
2024-06-23 13:30:30.656,OnTrack,-2622,-91,1871,pos,0 days 00:27:16.243000,0 days 01:24:13.338000
2024-06-23 13:30:31.016,OnTrack,-2376,19,1868,pos,0 days 00:27:16.603000,0 days 01:24:13.698000
2024-06-23 13:30:31.336,OnTrack,-2201,102,1866,pos,0 days 00:27:16.923000,0 days 01:24:14.018000
2024-06-23 13:30:31.496,OnTrack,-2098,150,1865,pos,0 days 00:27:17.083000,0 days 01:24:14.178000
2024-06-23 13:30:31.716,OnTrack,-1956,218,1863,pos,0 days 00:27:17.303000,0 days 01:24:14.398000
2024-06-23 13:30:31.936,OnTrack,-1813,285,1861,pos,0 days 00:27:17.523000,0 days 01:24:14.618000
2024-06-23 13:30:32.236,OnTrack,-1575,398,1858,pos,0 days 00:27:17.823000,0 days 01:24:14.918000
2024-06-23 13:30:32.597,OnTrack,-1292,533,1855,pos,0 days 00:27:18.184000,0 days 01:24:15.279000
2024-06-23 13:30:32.917,OnTrack,-1143,607,1853,pos,0 days 00:27:18.504000,0 days 01:24:15.599000
2024-06-23 13:30:33.137,OnTrack,-1008,675,1851,pos,0 days 00:27:18.724000,0 days 01:24:15.819000
2024-06-23 13:30:33.516,OnTrack,-694,842,1846,pos,0 days 00:27:19.103000,0 days 01:24:16.198000
2024-06-23 13:30:33.816,OnTrack,-542,924,1844,pos,0 days 00:27:19.403000,0 days 01:24:16.498000
2024-06-23 13:30:33.976,OnTrack,-431,983,1843,pos,0 days 00:27:19.563000,0 days 01:24:16.658000
2024-06-23 13:30:34.216,OnTrack,-265,1071,1840,pos,0 days 00:27:19.803000,0 days 01:24:16.898000
2024-06-23 13:30:34.416,OnTrack,-126,1145,1838,pos,0 days 00:27:20.003000,0 days 01:24:17.098000
2024-06-23 13:30:34.616,OnTrack,12,1220,1836,pos,0 days 00:27:20.203000,0 days 01:24:17.298000
2024-06-23 13:30:34.896,OnTrack,278,1360,1833,pos,0 days 00:27:20.483000,0 days 01:24:17.578000
2024-06-23 13:30:35.376,OnTrack,614,1521,1829,pos,0 days 00:27:20.963000,0 days 01:24:18.058000
2024-06-23 13:30:35.676,OnTrack,725,1568,1827,pos,0 days 00:27:21.263000,0 days 01:24:18.358000
2024-06-23 13:30:35.996,OnTrack,959,1662,1824,pos,0 days 00:27:21.583000,0 days 01:24:18.678000
2024-06-23 13:30:36.416,OnTrack,1146,1742,1823,pos,0 days 00:27:22.003000,0 days 01:24:19.098000
2024-06-23 13:30:36.696,OnTrack,1214,1777,1822,pos,0 days 00:27:22.283000,0 days 01:24:19.378000
2024-06-23 13:30:36.936,OnTrack,1291,1825,1821,pos,0 days 00:27:22.523000,0 days 01:24:19.618000
2024-06-23 13:30:37.136,OnTrack,1346,1870,1820,pos,0 days 00:27:22.723000,0 days 01:24:19.818000
2024-06-23 13:30:37.336,OnTrack,1392,1919,1819,pos,0 days 00:27:22.923000,0 days 01:24:20.018000
2024-06-23 13:30:37.536,OnTrack,1427,1974,1819,pos,0 days 00:27:23.123000,0 days 01:24:20.218000
2024-06-23 13:30:37.836,OnTrack,1458,2064,1818,pos,0 days 00:27:23.423000,0 days 01:24:20.518000
2024-06-23 13:30:37.976,OnTrack,1463,2108,1817,pos,0 days 00:27:23.563000,0 days 01:24:20.658000
2024-06-23 13:30:38.196,OnTrack,1461,2177,1817,pos,0 days 00:27:23.783000,0 days 01:24:20.878000
2024-06-23 13:30:38.396,OnTrack,1449,2237,1817,pos,0 days 00:27:23.983000,0 days 01:24:21.078000
2024-06-23 13:30:38.696,OnTrack,1400,2356,1820,pos,0 days 00:27:24.283000,0 days 01:24:21.378000
2024-06-23 13:30:39.137,OnTrack,1333,2453,1823,pos,0 days 00:27:24.724000,0 days 01:24:21.819000
2024-06-23 13:30:39.357,OnTrack,1311,2478,1824,pos,0 days 00:27:24.944000,0 days 01:24:22.039000
2024-06-23 13:30:39.677,OnTrack,1223,2554,1826,pos,0 days 00:27:25.264000,0 days 01:24:22.359000
2024-06-23 13:30:40.136,OnTrack,1136,2601,1828,pos,0 days 00:27:25.723000,0 days 01:24:22.818000
2024-06-23 13:30:40.356,OnTrack,1054,2629,1830,pos,0 days 00:27:25.943000,0 days 01:24:23.038000
2024-06-23 13:30:40.636,OnTrack,984,2644,1832,pos,0 days 00:27:26.223000,0 days 01:24:23.318000
2024-06-23 13:30:40.896,OnTrack,897,2656,1834,pos,0 days 00:27:26.483000,0 days 01:24:23.578000
2024-06-23 13:30:41.076,OnTrack,832,2659,1835,pos,0 days 00:27:26.663000,0 days 01:24:23.758000
2024-06-23 13:30:41.316,OnTrack,742,2657,1837,pos,0 days 00:27:26.903000,0 days 01:24:23.998000
2024-06-23 13:30:41.556,OnTrack,598,2635,1840,pos,0 days 00:27:27.143000,0 days 01:24:24.238000
2024-06-23 13:30:41.836,OnTrack,531,2618,1841,pos,0 days 00:27:27.423000,0 days 01:24:24.518000
2024-06-23 13:30:42.016,OnTrack,455,2592,1844,pos,0 days 00:27:27.603000,0 days 01:24:24.698000
2024-06-23 13:30:42.376,OnTrack,238,2481,1854,pos,0 days 00:27:27.963000,0 days 01:24:25.058000
2024-06-23 13:30:42.796,OnTrack,116,2399,1861,pos,0 days 00:27:28.383000,0 days 01:24:25.478000
2024-06-23 13:30:42.896,OnTrack,10,2324,1866,pos,0 days 00:27:28.483000,0 days 01:24:25.578000
2024-06-23 13:30:43.336,OnTrack,-176,2216,1874,pos,0 days 00:27:28.923000,0 days 01:24:26.018000
2024-06-23 13:30:43.696,OnTrack,-281,2173,1878,pos,0 days 00:27:29.283000,0 days 01:24:26.378000
2024-06-23 13:30:44.016,OnTrack,-454,2130,1885,pos,0 days 00:27:29.603000,0 days 01:24:26.698000
2024-06-23 13:30:44.396,OnTrack,-601,2123,1892,pos,0 days 00:27:29.983000,0 days 01:24:27.078000
2024-06-23 13:30:44.836,OnTrack,-721,2140,1898,pos,0 days 00:27:30.423000,0 days 01:24:27.518000
2024-06-23 13:30:45.036,OnTrack,-785,2161,1902,pos,0 days 00:27:30.623000,0 days 01:24:27.718000
2024-06-23 13:30:45.236,OnTrack,-844,2192,1904,pos,0 days 00:27:30.823000,0 days 01:24:27.918000
2024-06-23 13:30:45.416,OnTrack,-920,2254,1907,pos,0 days 00:27:31.003000,0 days 01:24:28.098000
2024-06-23 13:30:45.857,OnTrack,-985,2342,1909,pos,0 days 00:27:31.444000,0 days 01:24:28.539000
2024-06-23 13:30:46.077,OnTrack,-1023,2428,1911,pos,0 days 00:27:31.664000,0 days 01:24:28.759000
2024-06-23 13:30:46.476,OnTrack,-1044,2518,1913,pos,0 days 00:27:32.063000,0 days 01:24:29.158000
2024-06-23 13:30:46.696,OnTrack,-1051,2608,1914,pos,0 days 00:27:32.283000,0 days 01:24:29.378000
2024-06-23 13:30:47.056,OnTrack,-1044,2694,1915,pos,0 days 00:27:32.643000,0 days 01:24:29.738000
2024-06-23 13:30:47.336,OnTrack,-1026,2780,1916,pos,0 days 00:27:32.923000,0 days 01:24:30.018000
2024-06-23 13:30:47.496,OnTrack,-1011,2829,1917,pos,0 days 00:27:33.083000,0 days 01:24:30.178000
2024-06-23 13:30:47.656,OnTrack,-992,2879,1918,pos,0 days 00:27:33.243000,0 days 01:24:30.338000
2024-06-23 13:30:47.896,OnTrack,-956,2953,1920,pos,0 days 00:27:33.483000,0 days 01:24:30.578000
2024-06-23 13:30:48.116,OnTrack,-915,3022,1921,pos,0 days 00:27:33.703000,0 days 01:24:30.798000
2024-06-23 13:30:48.296,OnTrack,-823,3141,1922,pos,0 days 00:27:33.883000,0 days 01:24:30.978000
2024-06-23 13:30:48.716,OnTrack,-683,3273,1922,pos,0 days 00:27:34.303000,0 days 01:24:31.398000
2024-06-23 13:30:49.136,OnTrack,-583,3354,1921,pos,0 days 00:27:34.723000,0 days 01:24:31.818000
2024-06-23 13:30:49.396,OnTrack,-435,3469,1919,pos,0 days 00:27:34.983000,0 days 01:24:32.078000
2024-06-23 13:30:49.736,OnTrack,-345,3541,1918,pos,0 days 00:27:35.323000,0 days 01:24:32.418000
2024-06-23 13:30:49.896,OnTrack,-279,3598,1916,pos,0 days 00:27:35.483000,0 days 01:24:32.578000
2024-06-23 13:30:50.176,OnTrack,-96,3753,1911,pos,0 days 00:27:35.763000,0 days 01:24:32.858000
2024-06-23 13:30:50.556,OnTrack,79,3896,1904,pos,0 days 00:27:36.143000,0 days 01:24:33.238000
2024-06-23 13:30:50.956,OnTrack,210,3990,1897,pos,0 days 00:27:36.543000,0 days 01:24:33.638000
2024-06-23 13:30:51.056,OnTrack,264,4022,1895,pos,0 days 00:27:36.643000,0 days 01:24:33.738000
2024-06-23 13:30:51.336,OnTrack,423,4094,1888,pos,0 days 00:27:36.923000,0 days 01:24:34.018000
2024-06-23 13:30:51.636,OnTrack,621,4137,1879,pos,0 days 00:27:37.223000,0 days 01:24:34.318000
2024-06-23 13:30:51.836,OnTrack,749,4139,1872,pos,0 days 00:27:37.423000,0 days 01:24:34.518000
2024-06-23 13:30:51.876,OnTrack,776,4137,1870,pos,0 days 00:27:37.463000,0 days 01:24:34.558000
2024-06-23 13:30:52.116,OnTrack,932,4114,1862,pos,0 days 00:27:37.703000,0 days 01:24:34.798000
2024-06-23 13:30:52.417,OnTrack,1134,4052,1849,pos,0 days 00:27:38.004000,0 days 01:24:35.099000
2024-06-23 13:30:52.577,OnTrack,1234,4009,1843,pos,0 days 00:27:38.164000,0 days 01:24:35.259000
2024-06-23 13:30:52.737,OnTrack,1331,3962,1838,pos,0 days 00:27:38.324000,0 days 01:24:35.419000
2024-06-23 13:30:52.977,OnTrack,1463,3889,1831,pos,0 days 00:27:38.564000,0 days 01:24:35.659000
2024-06-23 13:30:53.256,OnTrack,1674,3758,1818,pos,0 days 00:27:38.843000,0 days 01:24:35.938000
2024-06-23 13:30:53.716,OnTrack,1957,3577,1801,pos,0 days 00:27:39.303000,0 days 01:24:36.398000
2024-06-23 13:30:54.016,OnTrack,2077,3500,1794,pos,0 days 00:27:39.603000,0 days 01:24:36.698000
2024-06-23 13:30:54.296,OnTrack,2315,3344,1781,pos,0 days 00:27:39.883000,0 days 01:24:36.978000
2024-06-23 13:30:54.736,OnTrack,2535,3170,1770,pos,0 days 00:27:40.323000,0 days 01:24:37.418000
2024-06-23 13:30:55.056,OnTrack,2619,3085,1765,pos,0 days 00:27:40.643000,0 days 01:24:37.738000
2024-06-23 13:30:55.336,OnTrack,2753,2912,1757,pos,0 days 00:27:40.923000,0 days 01:24:38.018000
2024-06-23 13:30:55.616,OnTrack,2814,2784,1753,pos,0 days 00:27:41.203000,0 days 01:24:38.298000
2024-06-23 13:30:55.956,OnTrack,2871,2570,1748,pos,0 days 00:27:41.543000,0 days 01:24:38.638000
2024-06-23 13:30:56.136,OnTrack,2884,2367,1743,pos,0 days 00:27:41.723000,0 days 01:24:38.818000
2024-06-23 13:30:56.536,OnTrack,2862,2200,1739,pos,0 days 00:27:42.123000,0 days 01:24:39.218000
2024-06-23 13:30:56.756,OnTrack,2823,2061,1737,pos,0 days 00:27:42.343000,0 days 01:24:39.438000
2024-06-23 13:30:56.956,OnTrack,2770,1934,1735,pos,0 days 00:27:42.543000,0 days 01:24:39.638000
2024-06-23 13:30:57.156,OnTrack,2707,1812,1733,pos,0 days 00:27:42.743000,0 days 01:24:39.838000
2024-06-23 13:30:57.376,OnTrack,2630,1683,1731,pos,0 days 00:27:42.963000,0 days 01:24:40.058000
2024-06-23 13:30:57.616,OnTrack,2541,1544,1729,pos,0 days 00:27:43.203000,0 days 01:24:40.298000
2024-06-23 13:30:57.796,OnTrack,2473,1439,1727,pos,0 days 00:27:43.383000,0 days 01:24:40.478000
2024-06-23 13:30:58.056,OnTrack,2372,1286,1724,pos,0 days 00:27:43.643000,0 days 01:24:40.738000
2024-06-23 13:30:58.116,OnTrack,2349,1250,1723,pos,0 days 00:27:43.703000,0 days 01:24:40.798000
2024-06-23 13:30:58.376,OnTrack,2247,1093,1721,pos,0 days 00:27:43.963000,0 days 01:24:41.058000
2024-06-23 13:30:58.636,OnTrack,2144,935,1718,pos,0 days 00:27:44.223000,0 days 01:24:41.318000
2024-06-23 13:30:58.877,OnTrack,1999,712,1714,pos,0 days 00:27:44.464000,0 days 01:24:41.559000
2024-06-23 13:30:59.157,OnTrack,1926,599,1713,pos,0 days 00:27:44.744000,0 days 01:24:41.839000
2024-06-23 13:30:59.437,OnTrack,1819,435,1710,pos,0 days 00:27:45.024000,0 days 01:24:42.119000
2024-06-23 13:30:59.596,OnTrack,1752,333,1709,pos,0 days 00:27:45.183000,0 days 01:24:42.278000
2024-06-23 13:30:59.896,OnTrack,1594,88,1707,pos,0 days 00:27:45.483000,0 days 01:24:42.578000
2024-06-23 13:31:00.156,OnTrack,1526,-17,1708,pos,0 days 00:27:45.743000,0 days 01:24:42.838000
2024-06-23 13:31:00.356,OnTrack,1447,-141,1707,pos,0 days 00:27:45.943000,0 days 01:24:43.038000
2024-06-23 13:31:00.556,OnTrack,1362,-272,1707,pos,0 days 00:27:46.143000,0 days 01:24:43.238000
2024-06-23 13:31:00.936,OnTrack,1141,-620,1708,pos,0 days 00:27:46.523000,0 days 01:24:43.618000
2024-06-23 13:31:01.196,OnTrack,1090,-700,1708,pos,0 days 00:27:46.783000,0 days 01:24:43.878000
2024-06-23 13:31:01.516,OnTrack,953,-917,1708,pos,0 days 00:27:47.103000,0 days 01:24:44.198000
2024-06-23 13:31:01.696,OnTrack,832,-1107,1708,pos,0 days 00:27:47.283000,0 days 01:24:44.378000
2024-06-23 13:31:02.116,OnTrack,694,-1325,1707,pos,0 days 00:27:47.703000,0 days 01:24:44.798000
2024-06-23 13:31:02.336,OnTrack,563,-1531,1708,pos,0 days 00:27:47.923000,0 days 01:24:45.018000
2024-06-23 13:31:02.696,OnTrack,387,-1807,1707,pos,0 days 00:27:48.283000,0 days 01:24:45.378000
2024-06-23 13:31:03.176,OnTrack,176,-2140,1708,pos,0 days 00:27:48.763000,0 days 01:24:45.858000
2024-06-23 13:31:03.436,OnTrack,114,-2237,1707,pos,0 days 00:27:49.023000,0 days 01:24:46.118000
2024-06-23 13:31:03.716,OnTrack,-9,-2432,1707,pos,0 days 00:27:49.303000,0 days 01:24:46.398000
2024-06-23 13:31:03.956,OnTrack,-120,-2603,1706,pos,0 days 00:27:49.543000,0 days 01:24:46.638000
2024-06-23 13:31:04.116,OnTrack,-192,-2714,1705,pos,0 days 00:27:49.703000,0 days 01:24:46.798000
2024-06-23 13:31:04.416,OnTrack,-330,-2923,1703,pos,0 days 00:27:50.003000,0 days 01:24:47.098000
2024-06-23 13:31:04.656,OnTrack,-497,-3174,1700,pos,0 days 00:27:50.243000,0 days 01:24:47.338000
2024-06-23 13:31:04.976,OnTrack,-590,-3313,1698,pos,0 days 00:27:50.563000,0 days 01:24:47.658000
2024-06-23 13:31:05.236,OnTrack,-711,-3495,1695,pos,0 days 00:27:50.823000,0 days 01:24:47.918000
2024-06-23 13:31:05.457,OnTrack,-852,-3705,1690,pos,0 days 00:27:51.044000,0 days 01:24:48.139000
2024-06-23 13:31:05.817,OnTrack,-993,-3915,1686,pos,0 days 00:27:51.404000,0 days 01:24:48.499000
2024-06-23 13:31:06.017,OnTrack,-1078,-4041,1682,pos,0 days 00:27:51.604000,0 days 01:24:48.699000
2024-06-23 13:31:06.276,OnTrack,-1201,-4224,1677,pos,0 days 00:27:51.863000,0 days 01:24:48.958000
2024-06-23 13:31:06.516,OnTrack,-1315,-4394,1672,pos,0 days 00:27:52.103000,0 days 01:24:49.198000
2024-06-23 13:31:06.716,OnTrack,-1457,-4606,1666,pos,0 days 00:27:52.303000,0 days 01:24:49.398000
2024-06-23 13:31:07.116,OnTrack,-1598,-4816,1660,pos,0 days 00:27:52.703000,0 days 01:24:49.798000
2024-06-23 13:31:07.236,OnTrack,-1654,-4901,1658,pos,0 days 00:27:52.823000,0 days 01:24:49.918000
2024-06-23 13:31:07.476,OnTrack,-1759,-5068,1654,pos,0 days 00:27:53.063000,0 days 01:24:50.158000
2024-06-23 13:31:07.676,OnTrack,-1847,-5213,1651,pos,0 days 00:27:53.263000,0 days 01:24:50.358000
2024-06-23 13:31:07.956,OnTrack,-1966,-5417,1647,pos,0 days 00:27:53.543000,0 days 01:24:50.638000
2024-06-23 13:31:08.196,OnTrack,-2066,-5593,1645,pos,0 days 00:27:53.783000,0 days 01:24:50.878000
2024-06-23 13:31:08.376,OnTrack,-2139,-5725,1643,pos,0 days 00:27:53.963000,0 days 01:24:51.058000
2024-06-23 13:31:08.536,OnTrack,-2204,-5842,1641,pos,0 days 00:27:54.123000,0 days 01:24:51.218000
2024-06-23 13:31:08.816,OnTrack,-2315,-6041,1639,pos,0 days 00:27:54.403000,0 days 01:24:51.498000
2024-06-23 13:31:09.056,OnTrack,-2433,-6247,1636,pos,0 days 00:27:54.643000,0 days 01:24:51.738000
2024-06-23 13:31:09.356,OnTrack,-2509,-6370,1634,pos,0 days 00:27:54.943000,0 days 01:24:52.038000
2024-06-23 13:31:09.556,OnTrack,-2575,-6470,1633,pos,0 days 00:27:55.143000,0 days 01:24:52.238000
2024-06-23 13:31:09.836,OnTrack,-2665,-6594,1631,pos,0 days 00:27:55.423000,0 days 01:24:52.518000
2024-06-23 13:31:10.276,OnTrack,-2802,-6754,1628,pos,0 days 00:27:55.863000,0 days 01:24:52.958000
2024-06-23 13:31:10.656,OnTrack,-2935,-6874,1625,pos,0 days 00:27:56.243000,0 days 01:24:53.338000
2024-06-23 13:31:10.936,OnTrack,-2995,-6915,1623,pos,0 days 00:27:56.523000,0 days 01:24:53.618000
2024-06-23 13:31:11.236,OnTrack,-3100,-6967,1623,pos,0 days 00:27:56.823000,0 days 01:24:53.918000
2024-06-23 13:31:11.997,OnTrack,-3430,-6965,1628,pos,0 days 00:27:57.584000,0 days 01:24:54.679000
2024-06-23 13:31:12.277,OnTrack,-3497,-6940,1629,pos,0 days 00:27:57.864000,0 days 01:24:54.959000
2024-06-23 13:31:12.497,OnTrack,-3625,-6882,1632,pos,0 days 00:27:58.084000,0 days 01:24:55.179000
2024-06-23 13:31:12.816,OnTrack,-3694,-6850,1633,pos,0 days 00:27:58.403000,0 days 01:24:55.498000
2024-06-23 13:31:13.076,OnTrack,-3799,-6806,1635,pos,0 days 00:27:58.663000,0 days 01:24:55.758000
2024-06-23 13:31:13.236,OnTrack,-3866,-6785,1636,pos,0 days 00:27:58.823000,0 days 01:24:55.918000
2024-06-23 13:31:13.536,OnTrack,-4058,-6771,1643,pos,0 days 00:27:59.123000,0 days 01:24:56.218000
2024-06-23 13:31:14.056,OnTrack,-4230,-6817,1651,pos,0 days 00:27:59.643000,0 days 01:24:56.738000
2024-06-23 13:31:14.256,OnTrack,-4324,-6859,1656,pos,0 days 00:27:59.843000,0 days 01:24:56.938000
2024-06-23 13:31:14.316,OnTrack,-4353,-6874,1658,pos,0 days 00:27:59.903000,0 days 01:24:56.998000
2024-06-23 13:31:14.576,OnTrack,-4466,-6940,1664,pos,0 days 00:28:00.163000,0 days 01:24:57.258000
2024-06-23 13:31:14.736,OnTrack,-4534,-6986,1668,pos,0 days 00:28:00.323000,0 days 01:24:57.418000
2024-06-23 13:31:14.976,OnTrack,-4637,-7059,1674,pos,0 days 00:28:00.563000,0 days 01:24:57.658000
2024-06-23 13:31:15.256,OnTrack,-4761,-7147,1681,pos,0 days 00:28:00.843000,0 days 01:24:57.938000
2024-06-23 13:31:15.496,OnTrack,-4876,-7221,1686,pos,0 days 00:28:01.083000,0 days 01:24:58.178000
2024-06-23 13:31:15.716,OnTrack,-4986,-7286,1693,pos,0 days 00:28:01.303000,0 days 01:24:58.398000
2024-06-23 13:31:15.916,OnTrack,-5166,-7371,1700,pos,0 days 00:28:01.503000,0 days 01:24:58.598000
2024-06-23 13:31:16.236,OnTrack,-5264,-7406,1705,pos,0 days 00:28:01.823000,0 days 01:24:58.918000
2024-06-23 13:31:16.476,OnTrack,-5398,-7439,1711,pos,0 days 00:28:02.063000,0 days 01:24:59.158000
2024-06-23 13:31:16.676,OnTrack,-5511,-7452,1715,pos,0 days 00:28:02.263000,0 days 01:24:59.358000
2024-06-23 13:31:16.836,OnTrack,-5601,-7455,1720,pos,0 days 00:28:02.423000,0 days 01:24:59.518000
2024-06-23 13:31:17.076,OnTrack,-5735,-7445,1725,pos,0 days 00:28:02.663000,0 days 01:24:59.758000
2024-06-23 13:31:17.316,OnTrack,-5868,-7421,1731,pos,0 days 00:28:02.903000,0 days 01:24:59.998000
2024-06-23 13:31:17.536,OnTrack,-5986,-7386,1736,pos,0 days 00:28:03.123000,0 days 01:25:00.218000
2024-06-23 13:31:17.756,OnTrack,-6131,-7324,1741,pos,0 days 00:28:03.343000,0 days 01:25:00.438000
2024-06-23 13:31:18.156,OnTrack,-6294,-7221,1747,pos,0 days 00:28:03.743000,0 days 01:25:00.838000
2024-06-23 13:31:18.336,OnTrack,-6372,-7154,1751,pos,0 days 00:28:03.923000,0 days 01:25:01.018000
2024-06-23 13:31:18.557,OnTrack,-6467,-7050,1755,pos,0 days 00:28:04.144000,0 days 01:25:01.239000
2024-06-23 13:31:18.737,OnTrack,-6566,-6900,1759,pos,0 days 00:28:04.324000,0 days 01:25:01.419000
2024-06-23 13:31:19.097,OnTrack,-6625,-6779,1761,pos,0 days 00:28:04.684000,0 days 01:25:01.779000
2024-06-23 13:31:19.376,OnTrack,-6681,-6614,1764,pos,0 days 00:28:04.963000,0 days 01:25:02.058000
2024-06-23 13:31:19.516,OnTrack,-6702,-6527,1766,pos,0 days 00:28:05.103000,0 days 01:25:02.198000
2024-06-23 13:31:19.716,OnTrack,-6721,-6399,1768,pos,0 days 00:28:05.303000,0 days 01:25:02.398000
2024-06-23 13:31:19.896,OnTrack,-6731,-6281,1769,pos,0 days 00:28:05.483000,0 days 01:25:02.578000
2024-06-23 13:31:20.156,OnTrack,-6731,-6108,1772,pos,0 days 00:28:05.743000,0 days 01:25:02.838000
2024-06-23 13:31:20.356,OnTrack,-6723,-5973,1774,pos,0 days 00:28:05.943000,0 days 01:25:03.038000
2024-06-23 13:31:20.456,OnTrack,-6716,-5906,1775,pos,0 days 00:28:06.043000,0 days 01:25:03.138000
2024-06-23 13:31:20.756,OnTrack,-6686,-5702,1778,pos,0 days 00:28:06.343000,0 days 01:25:03.438000
2024-06-23 13:31:20.956,OnTrack,-6662,-5575,1779,pos,0 days 00:28:06.543000,0 days 01:25:03.638000
2024-06-23 13:31:21.136,OnTrack,-6633,-5454,1781,pos,0 days 00:28:06.723000,0 days 01:25:03.818000
2024-06-23 13:31:21.336,OnTrack,-6595,-5317,1784,pos,0 days 00:28:06.923000,0 days 01:25:04.018000
2024-06-23 13:31:21.636,OnTrack,-6522,-5115,1787,pos,0 days 00:28:07.223000,0 days 01:25:04.318000
2024-06-23 13:31:21.816,OnTrack,-6466,-4998,1789,pos,0 days 00:28:07.403000,0 days 01:25:04.498000
2024-06-23 13:31:22.016,OnTrack,-6362,-4820,1792,pos,0 days 00:28:07.603000,0 days 01:25:04.698000
2024-06-23 13:31:22.436,OnTrack,-6176,-4547,1796,pos,0 days 00:28:08.023000,0 days 01:25:05.118000
2024-06-23 13:31:22.756,OnTrack,-6079,-4412,1798,pos,0 days 00:28:08.343000,0 days 01:25:05.438000
2024-06-23 13:31:23.036,OnTrack,-5921,-4172,1802,pos,0 days 00:28:08.623000,0 days 01:25:05.718000
2024-06-23 13:31:23.496,OnTrack,-5733,-3854,1807,pos,0 days 00:28:09.083000,0 days 01:25:06.178000
2024-06-23 13:31:23.776,OnTrack,-5669,-3751,1809,pos,0 days 00:28:09.363000,0 days 01:25:06.458000
2024-06-23 13:31:23.996,OnTrack,-5579,-3613,1811,pos,0 days 00:28:09.583000,0 days 01:25:06.678000
2024-06-23 13:31:24.276,OnTrack,-5468,-3450,1814,pos,0 days 00:28:09.863000,0 days 01:25:06.958000
2024-06-23 13:31:24.536,OnTrack,-5347,-3276,1817,pos,0 days 00:28:10.123000,0 days 01:25:07.218000
2024-06-23 13:31:24.816,OnTrack,-5281,-3188,1818,pos,0 days 00:28:10.403000,0 days 01:25:07.498000
2024-06-23 13:31:25.137,OnTrack,-5171,-3060,1819,pos,0 days 00:28:10.724000,0 days 01:25:07.819000
2024-06-23 13:31:25.377,OnTrack,-5093,-2987,1819,pos,0 days 00:28:10.964000,0 days 01:25:08.059000
2024-06-23 13:31:25.437,OnTrack,-5072,-2971,1820,pos,0 days 00:28:11.024000,0 days 01:25:08.119000
2024-06-23 13:31:25.737,OnTrack,-4975,-2908,1821,pos,0 days 00:28:11.324000,0 days 01:25:08.419000
2024-06-23 13:31:25.937,OnTrack,-4903,-2875,1822,pos,0 days 00:28:11.524000,0 days 01:25:08.619000
2024-06-23 13:31:26.096,OnTrack,-4844,-2856,1823,pos,0 days 00:28:11.683000,0 days 01:25:08.778000
2024-06-23 13:31:26.316,OnTrack,-4762,-2841,1824,pos,0 days 00:28:11.903000,0 days 01:25:08.998000
2024-06-23 13:31:26.616,OnTrack,-4651,-2842,1826,pos,0 days 00:28:12.203000,0 days 01:25:09.298000
2024-06-23 13:31:26.796,OnTrack,-4587,-2852,1827,pos,0 days 00:28:12.383000,0 days 01:25:09.478000
2024-06-23 13:31:27.056,OnTrack,-4467,-2894,1829,pos,0 days 00:28:12.643000,0 days 01:25:09.738000
2024-06-23 13:31:27.476,OnTrack,-4371,-2949,1831,pos,0 days 00:28:13.063000,0 days 01:25:10.158000
2024-06-23 13:31:27.596,OnTrack,-4310,-3000,1833,pos,0 days 00:28:13.183000,0 days 01:25:10.278000
2024-06-23 13:31:28.016,OnTrack,-4220,-3099,1835,pos,0 days 00:28:13.603000,0 days 01:25:10.698000
2024-06-23 13:31:28.416,OnTrack,-4158,-3191,1836,pos,0 days 00:28:14.003000,0 days 01:25:11.098000
2024-06-23 13:31:28.696,OnTrack,-4108,-3288,1837,pos,0 days 00:28:14.283000,0 days 01:25:11.378000
2024-06-23 13:31:28.896,OnTrack,-4065,-3405,1838,pos,0 days 00:28:14.483000,0 days 01:25:11.578000
2024-06-23 13:31:29.136,OnTrack,-4050,-3463,1838,pos,0 days 00:28:14.723000,0 days 01:25:11.818000
2024-06-23 13:31:29.376,OnTrack,-4032,-3570,1839,pos,0 days 00:28:14.963000,0 days 01:25:12.058000
2024-06-23 13:31:29.636,OnTrack,-4027,-3693,1839,pos,0 days 00:28:15.223000,0 days 01:25:12.318000
2024-06-23 13:31:29.796,OnTrack,-4032,-3772,1839,pos,0 days 00:28:15.383000,0 days 01:25:12.478000
2024-06-23 13:31:30.116,OnTrack,-4070,-3965,1838,pos,0 days 00:28:15.703000,0 days 01:25:12.798000
2024-06-23 13:31:30.476,OnTrack,-4129,-4118,1836,pos,0 days 00:28:16.063000,0 days 01:25:13.158000
2024-06-23 13:31:30.656,OnTrack,-4210,-4268,1834,pos,0 days 00:28:16.243000,0 days 01:25:13.338000
2024-06-23 13:31:30.976,OnTrack,-4276,-4367,1832,pos,0 days 00:28:16.563000,0 days 01:25:13.658000
2024-06-23 13:31:31.236,OnTrack,-4367,-4495,1829,pos,0 days 00:28:16.823000,0 days 01:25:13.918000
2024-06-23 13:31:31.396,OnTrack,-4425,-4575,1827,pos,0 days 00:28:16.983000,0 days 01:25:14.078000
2024-06-23 13:31:31.616,OnTrack,-4507,-4687,1824,pos,0 days 00:28:17.203000,0 days 01:25:14.298000
2024-06-23 13:31:31.877,OnTrack,-4612,-4831,1821,pos,0 days 00:28:17.464000,0 days 01:25:14.559000
2024-06-23 13:31:32.057,OnTrack,-4681,-4925,1819,pos,0 days 00:28:17.644000,0 days 01:25:14.739000
2024-06-23 13:31:32.397,OnTrack,-4805,-5095,1815,pos,0 days 00:28:17.984000,0 days 01:25:15.079000
2024-06-23 13:31:32.576,OnTrack,-4924,-5259,1810,pos,0 days 00:28:18.163000,0 days 01:25:15.258000
2024-06-23 13:31:32.956,OnTrack,-5000,-5369,1807,pos,0 days 00:28:18.543000,0 days 01:25:15.638000
2024-06-23 13:31:33.236,OnTrack,-5096,-5522,1801,pos,0 days 00:28:18.823000,0 days 01:25:15.918000
2024-06-23 13:31:33.576,OnTrack,-5142,-5610,1798,pos,0 days 00:28:19.163000,0 days 01:25:16.258000
2024-06-23 13:31:33.756,OnTrack,-5187,-5714,1793,pos,0 days 00:28:19.343000,0 days 01:25:16.438000
2024-06-23 13:31:34.156,OnTrack,-5214,-5807,1790,pos,0 days 00:28:19.743000,0 days 01:25:16.838000
2024-06-23 13:31:34.356,OnTrack,-5225,-5870,1787,pos,0 days 00:28:19.943000,0 days 01:25:17.038000
2024-06-23 13:31:34.636,OnTrack,-5221,-5983,1781,pos,0 days 00:28:20.223000,0 days 01:25:17.318000
2024-06-23 13:31:35.036,OnTrack,-5183,-6087,1775,pos,0 days 00:28:20.623000,0 days 01:25:17.718000
2024-06-23 13:31:35.436,OnTrack,-5137,-6150,1770,pos,0 days 00:28:21.023000,0 days 01:25:18.118000
2024-06-23 13:31:35.696,OnTrack,-5085,-6192,1768,pos,0 days 00:28:21.283000,0 days 01:25:18.378000
2024-06-23 13:31:35.876,OnTrack,-5046,-6215,1766,pos,0 days 00:28:21.463000,0 days 01:25:18.558000
2024-06-23 13:31:36.076,OnTrack,-4998,-6233,1763,pos,0 days 00:28:21.663000,0 days 01:25:18.758000
2024-06-23 13:31:36.256,OnTrack,-4920,-6249,1758,pos,0 days 00:28:21.843000,0 days 01:25:18.938000
2024-06-23 13:31:36.616,OnTrack,-4854,-6251,1755,pos,0 days 00:28:22.203000,0 days 01:25:19.298000
2024-06-23 13:31:36.896,OnTrack,-4740,-6236,1747,pos,0 days 00:28:22.483000,0 days 01:25:19.578000
2024-06-23 13:31:37.216,OnTrack,-4680,-6220,1744,pos,0 days 00:28:22.803000,0 days 01:25:19.898000
2024-06-23 13:31:37.556,OnTrack,-4573,-6180,1736,pos,0 days 00:28:23.143000,0 days 01:25:20.238000
2024-06-23 13:31:37.636,OnTrack,-4547,-6169,1735,pos,0 days 00:28:23.223000,0 days 01:25:20.318000
2024-06-23 13:31:37.836,OnTrack,-4480,-6137,1731,pos,0 days 00:28:23.423000,0 days 01:25:20.518000
2024-06-23 13:31:38.076,OnTrack,-4395,-6092,1724,pos,0 days 00:28:23.663000,0 days 01:25:20.758000
2024-06-23 13:31:38.237,OnTrack,-4328,-6055,1720,pos,0 days 00:28:23.824000,0 days 01:25:20.919000
2024-06-23 13:31:38.477,OnTrack,-4232,-6003,1714,pos,0 days 00:28:24.064000,0 days 01:25:21.159000
2024-06-23 13:31:38.677,OnTrack,-4148,-5957,1708,pos,0 days 00:28:24.264000,0 days 01:25:21.359000
2024-06-23 13:31:38.917,OnTrack,-4041,-5902,1696,pos,0 days 00:28:24.504000,0 days 01:25:21.599000
2024-06-23 13:31:39.236,OnTrack,-3827,-5801,1689,pos,0 days 00:28:24.823000,0 days 01:25:21.918000
2024-06-23 13:31:39.436,OnTrack,-3725,-5757,1683,pos,0 days 00:28:25.023000,0 days 01:25:22.118000
2024-06-23 13:31:39.476,OnTrack,-3704,-5748,1682,pos,0 days 00:28:25.063000,0 days 01:25:22.158000
2024-06-23 13:31:39.716,OnTrack,-3575,-5695,1677,pos,0 days 00:28:25.303000,0 days 01:25:22.398000
2024-06-23 13:31:39.976,OnTrack,-3435,-5634,1670,pos,0 days 00:28:25.563000,0 days 01:25:22.658000
2024-06-23 13:31:40.176,OnTrack,-3248,-5538,1663,pos,0 days 00:28:25.763000,0 days 01:25:22.858000
2024-06-23 13:31:40.516,OnTrack,-3139,-5472,1659,pos,0 days 00:28:26.103000,0 days 01:25:23.198000
2024-06-23 13:31:40.796,OnTrack,-2991,-5366,1655,pos,0 days 00:28:26.383000,0 days 01:25:23.478000
2024-06-23 13:31:40.976,OnTrack,-2899,-5289,1653,pos,0 days 00:28:26.563000,0 days 01:25:23.658000
2024-06-23 13:31:41.176,OnTrack,-2800,-5197,1652,pos,0 days 00:28:26.763000,0 days 01:25:23.858000
2024-06-23 13:31:41.396,OnTrack,-2697,-5088,1650,pos,0 days 00:28:26.983000,0 days 01:25:24.078000
2024-06-23 13:31:41.596,OnTrack,-2566,-4926,1651,pos,0 days 00:28:27.183000,0 days 01:25:24.278000
2024-06-23 13:31:41.956,OnTrack,-2459,-4778,1651,pos,0 days 00:28:27.543000,0 days 01:25:24.638000
2024-06-23 13:31:42.276,OnTrack,-2339,-4604,1652,pos,0 days 00:28:27.863000,0 days 01:25:24.958000
2024-06-23 13:31:42.456,OnTrack,-2278,-4516,1653,pos,0 days 00:28:28.043000,0 days 01:25:25.138000
2024-06-23 13:31:42.676,OnTrack,-2179,-4364,1658,pos,0 days 00:28:28.263000,0 days 01:25:25.358000
2024-06-23 13:31:43.036,OnTrack,-2131,-4269,1660,pos,0 days 00:28:28.623000,0 days 01:25:25.718000
2024-06-23 13:31:43.196,OnTrack,-2109,-4205,1662,pos,0 days 00:28:28.783000,0 days 01:25:25.878000
2024-06-23 13:31:43.456,OnTrack,-2089,-4097,1662,pos,0 days 00:28:29.043000,0 days 01:25:26.138000
2024-06-23 13:31:43.696,OnTrack,-2083,-3952,1666,pos,0 days 00:28:29.283000,0 days 01:25:26.378000
2024-06-23 13:31:43.996,OnTrack,-2088,-3882,1669,pos,0 days 00:28:29.583000,0 days 01:25:26.678000
2024-06-23 13:31:44.236,OnTrack,-2105,-3796,1674,pos,0 days 00:28:29.823000,0 days 01:25:26.918000
2024-06-23 13:31:44.556,OnTrack,-2150,-3691,1680,pos,0 days 00:28:30.143000,0 days 01:25:27.238000
2024-06-23 13:31:44.756,OnTrack,-2225,-3600,1684,pos,0 days 00:28:30.343000,0 days 01:25:27.438000
2024-06-23 13:31:45.057,OnTrack,-2282,-3549,1688,pos,0 days 00:28:30.644000,0 days 01:25:27.739000
2024-06-23 13:31:45.317,OnTrack,-2364,-3489,1692,pos,0 days 00:28:30.904000,0 days 01:25:27.999000
2024-06-23 13:31:45.517,OnTrack,-2423,-3447,1695,pos,0 days 00:28:31.104000,0 days 01:25:28.199000
2024-06-23 13:31:45.717,OnTrack,-2528,-3364,1703,pos,0 days 00:28:31.304000,0 days 01:25:28.399000
2024-06-23 13:31:46.116,OnTrack,-2620,-3275,1711,pos,0 days 00:28:31.703000,0 days 01:25:28.798000
2024-06-23 13:31:46.336,OnTrack,-2686,-3194,1720,pos,0 days 00:28:31.923000,0 days 01:25:29.018000
2024-06-23 13:31:46.616,OnTrack,-2760,-3075,1729,pos,0 days 00:28:32.203000,0 days 01:25:29.298000
2024-06-23 13:31:46.756,OnTrack,-2793,-3011,1733,pos,0 days 00:28:32.343000,0 days 01:25:29.438000
2024-06-23 13:31:47.036,OnTrack,-2880,-2821,1747,pos,0 days 00:28:32.623000,0 days 01:25:29.718000
2024-06-23 13:31:47.376,OnTrack,-2937,-2697,1754,pos,0 days 00:28:32.963000,0 days 01:25:30.058000
2024-06-23 13:31:47.676,OnTrack,-3013,-2538,1765,pos,0 days 00:28:33.263000,0 days 01:25:30.358000
2024-06-23 13:31:47.736,OnTrack,-3029,-2505,1767,pos,0 days 00:28:33.323000,0 days 01:25:30.418000
2024-06-23 13:31:48.116,OnTrack,-3154,-2242,1785,pos,0 days 00:28:33.703000,0 days 01:25:30.798000
2024-06-23 13:31:48.496,OnTrack,-3231,-2080,1795,pos,0 days 00:28:34.083000,0 days 01:25:31.178000
2024-06-23 13:31:48.596,OnTrack,-3259,-2021,1799,pos,0 days 00:28:34.183000,0 days 01:25:31.278000
2024-06-23 13:31:48.976,OnTrack,-3368,-1794,1814,pos,0 days 00:28:34.563000,0 days 01:25:31.658000
2024-06-23 13:31:49.176,OnTrack,-3430,-1647,1824,pos,0 days 00:28:34.763000,0 days 01:25:31.858000
2024-06-23 13:31:49.576,OnTrack,-3493,-1423,1837,pos,0 days 00:28:35.163000,0 days 01:25:32.258000
2024-06-23 13:31:49.676,OnTrack,-3502,-1361,1840,pos,0 days 00:28:35.263000,0 days 01:25:32.358000
2024-06-23 13:31:49.936,OnTrack,-3501,-1111,1849,pos,0 days 00:28:35.523000,0 days 01:25:32.618000
2024-06-23 13:31:50.416,OnTrack,-3467,-907,1857,pos,0 days 00:28:36.003000,0 days 01:25:33.098000
2024-06-23 13:31:50.636,OnTrack,-3430,-779,1862,pos,0 days 00:28:36.223000,0 days 01:25:33.318000
2024-06-23 13:31:50.716,OnTrack,-3414,-734,1863,pos,0 days 00:28:36.303000,0 days 01:25:33.398000
2024-06-23 13:31:50.916,OnTrack,-3366,-624,1867,pos,0 days 00:28:36.503000,0 days 01:25:33.598000
2024-06-23 13:31:51.136,OnTrack,-3300,-509,1871,pos,0 days 00:28:36.723000,0 days 01:25:33.818000
2024-06-23 13:31:51.377,OnTrack,-3186,-372,1873,pos,0 days 00:28:36.964000,0 days 01:25:34.059000
2024-06-23 13:31:51.617,OnTrack,-3053,-276,1874,pos,0 days 00:28:37.204000,0 days 01:25:34.299000
2024-06-23 13:31:51.837,OnTrack,-2924,-212,1874,pos,0 days 00:28:37.424000,0 days 01:25:34.519000
2024-06-23 13:31:52.037,OnTrack,-2812,-167,1873,pos,0 days 00:28:37.624000,0 days 01:25:34.719000
2024-06-23 13:31:52.197,OnTrack,-2713,-128,1872,pos,0 days 00:28:37.784000,0 days 01:25:34.879000
2024-06-23 13:31:52.376,OnTrack,-2601,-82,1871,pos,0 days 00:28:37.963000,0 days 01:25:35.058000
2024-06-23 13:31:52.716,OnTrack,-2389,13,1868,pos,0 days 00:28:38.303000,0 days 01:25:35.398000
2024-06-23 13:31:52.796,OnTrack,-2339,37,1868,pos,0 days 00:28:38.383000,0 days 01:25:35.478000
2024-06-23 13:31:53.036,OnTrack,-2187,109,1866,pos,0 days 00:28:38.623000,0 days 01:25:35.718000
2024-06-23 13:31:53.336,OnTrack,-1955,218,1863,pos,0 days 00:28:38.923000,0 days 01:25:36.018000
2024-06-23 13:31:53.616,OnTrack,-1811,287,1861,pos,0 days 00:28:39.203000,0 days 01:25:36.298000
2024-06-23 13:31:53.956,OnTrack,-1585,393,1858,pos,0 days 00:28:39.543000,0 days 01:25:36.638000
2024-06-23 13:31:54.176,OnTrack,-1369,496,1855,pos,0 days 00:28:39.763000,0 days 01:25:36.858000
2024-06-23 13:31:54.596,OnTrack,-1151,602,1853,pos,0 days 00:28:40.183000,0 days 01:25:37.278000
2024-06-23 13:31:54.756,OnTrack,-1036,661,1851,pos,0 days 00:28:40.343000,0 days 01:25:37.438000
2024-06-23 13:31:54.836,OnTrack,-982,689,1850,pos,0 days 00:28:40.423000,0 days 01:25:37.518000
2024-06-23 13:31:55.136,OnTrack,-777,798,1848,pos,0 days 00:28:40.723000,0 days 01:25:37.818000
2024-06-23 13:31:55.356,OnTrack,-625,879,1846,pos,0 days 00:28:40.943000,0 days 01:25:38.038000
2024-06-23 13:31:55.536,OnTrack,-500,946,1844,pos,0 days 00:28:41.123000,0 days 01:25:38.218000
2024-06-23 13:31:55.756,OnTrack,-262,1073,1840,pos,0 days 00:28:41.343000,0 days 01:25:38.438000
2024-06-23 13:31:56.176,OnTrack,-51,1185,1838,pos,0 days 00:28:41.763000,0 days 01:25:38.858000
2024-06-23 13:31:56.416,OnTrack,117,1275,1835,pos,0 days 00:28:42.003000,0 days 01:25:39.098000
2024-06-23 13:31:56.596,OnTrack,245,1343,1833,pos,0 days 00:28:42.183000,0 days 01:25:39.278000
2024-06-23 13:31:56.696,OnTrack,315,1379,1833,pos,0 days 00:28:42.283000,0 days 01:25:39.378000
2024-06-23 13:31:57.036,OnTrack,501,1471,1830,pos,0 days 00:28:42.623000,0 days 01:25:39.718000
2024-06-23 13:31:57.216,OnTrack,621,1524,1829,pos,0 days 00:28:42.803000,0 days 01:25:39.898000
2024-06-23 13:31:57.376,OnTrack,719,1565,1827,pos,0 days 00:28:42.963000,0 days 01:25:40.058000
2024-06-23 13:31:57.676,OnTrack,883,1631,1826,pos,0 days 00:28:43.263000,0 days 01:25:40.358000
2024-06-23 13:31:57.756,OnTrack,922,1647,1825,pos,0 days 00:28:43.343000,0 days 01:25:40.438000
2024-06-23 13:31:58.097,OnTrack,1104,1723,1823,pos,0 days 00:28:43.684000,0 days 01:25:40.779000
2024-06-23 13:31:58.417,OnTrack,1238,1791,1821,pos,0 days 00:28:44.004000,0 days 01:25:41.099000
2024-06-23 13:31:58.857,OnTrack,1358,1882,1820,pos,0 days 00:28:44.444000,0 days 01:25:41.539000
2024-06-23 13:31:59.336,OnTrack,1423,1967,1819,pos,0 days 00:28:44.923000,0 days 01:25:42.018000
2024-06-23 13:31:59.536,OnTrack,1447,2024,1818,pos,0 days 00:28:45.123000,0 days 01:25:42.218000
2024-06-23 13:31:59.716,OnTrack,1460,2078,1818,pos,0 days 00:28:45.303000,0 days 01:25:42.398000
2024-06-23 13:31:59.836,OnTrack,1462,2157,1817,pos,0 days 00:28:45.423000,0 days 01:25:42.518000
2024-06-23 13:32:00.296,OnTrack,1431,2291,1818,pos,0 days 00:28:45.883000,0 days 01:25:42.978000
2024-06-23 13:32:00.716,OnTrack,1396,2364,1820,pos,0 days 00:28:46.303000,0 days 01:25:43.398000
2024-06-23 13:32:00.916,OnTrack,1349,2433,1822,pos,0 days 00:28:46.503000,0 days 01:25:43.598000
2024-06-23 13:32:01.256,OnTrack,1307,2482,1824,pos,0 days 00:28:46.843000,0 days 01:25:43.938000
2024-06-23 13:32:01.596,OnTrack,1214,2560,1826,pos,0 days 00:28:47.183000,0 days 01:25:44.278000
2024-06-23 13:32:01.976,OnTrack,1144,2597,1828,pos,0 days 00:28:47.563000,0 days 01:25:44.658000
2024-06-23 13:32:02.196,OnTrack,1046,2631,1830,pos,0 days 00:28:47.783000,0 days 01:25:44.878000
2024-06-23 13:32:02.516,OnTrack,982,2645,1832,pos,0 days 00:28:48.103000,0 days 01:25:45.198000
2024-06-23 13:32:02.676,OnTrack,929,2653,1833,pos,0 days 00:28:48.263000,0 days 01:25:45.358000
2024-06-23 13:32:02.936,OnTrack,837,2659,1835,pos,0 days 00:28:48.523000,0 days 01:25:45.618000
2024-06-23 13:32:03.236,OnTrack,677,2650,1838,pos,0 days 00:28:48.823000,0 days 01:25:45.918000
2024-06-23 13:32:03.636,OnTrack,537,2620,1842,pos,0 days 00:28:49.223000,0 days 01:25:46.318000
2024-06-23 13:32:03.936,OnTrack,435,2584,1845,pos,0 days 00:28:49.523000,0 days 01:25:46.618000
2024-06-23 13:32:04.136,OnTrack,347,2543,1849,pos,0 days 00:28:49.723000,0 days 01:25:46.818000
2024-06-23 13:32:04.436,OnTrack,163,2431,1858,pos,0 days 00:28:50.023000,0 days 01:25:47.118000
2024-06-23 13:32:04.837,OnTrack,26,2336,1867,pos,0 days 00:28:50.424000,0 days 01:25:47.519000
2024-06-23 13:32:05.017,OnTrack,-77,2267,1871,pos,0 days 00:28:50.604000,0 days 01:25:47.699000
2024-06-23 13:32:05.277,OnTrack,-194,2207,1875,pos,0 days 00:28:50.864000,0 days 01:25:47.959000
2024-06-23 13:32:05.517,OnTrack,-291,2170,1879,pos,0 days 00:28:51.104000,0 days 01:25:48.199000
2024-06-23 13:32:05.696,OnTrack,-367,2147,1881,pos,0 days 00:28:51.283000,0 days 01:25:48.378000
2024-06-23 13:32:06.076,OnTrack,-524,2123,1889,pos,0 days 00:28:51.663000,0 days 01:25:48.758000
2024-06-23 13:32:06.256,OnTrack,-625,2124,1893,pos,0 days 00:28:51.843000,0 days 01:25:48.938000
2024-06-23 13:32:06.656,OnTrack,-765,2153,1900,pos,0 days 00:28:52.243000,0 days 01:25:49.338000
2024-06-23 13:32:07.056,OnTrack,-859,2202,1905,pos,0 days 00:28:52.643000,0 days 01:25:49.738000
2024-06-23 13:32:07.316,OnTrack,-939,2276,1908,pos,0 days 00:28:52.903000,0 days 01:25:49.998000
2024-06-23 13:32:07.676,OnTrack,-1007,2386,1910,pos,0 days 00:28:53.263000,0 days 01:25:50.358000
2024-06-23 13:32:07.996,OnTrack,-1025,2436,1912,pos,0 days 00:28:53.583000,0 days 01:25:50.678000
2024-06-23 13:32:08.316,OnTrack,-1046,2528,1913,pos,0 days 00:28:53.903000,0 days 01:25:50.998000
2024-06-23 13:32:08.576,OnTrack,-1049,2643,1914,pos,0 days 00:28:54.163000,0 days 01:25:51.258000
2024-06-23 13:32:08.916,OnTrack,-1041,2712,1916,pos,0 days 00:28:54.503000,0 days 01:25:51.598000
2024-06-23 13:32:09.076,OnTrack,-1031,2762,1916,pos,0 days 00:28:54.663000,0 days 01:25:51.758000
2024-06-23 13:32:09.396,OnTrack,-980,2907,1918,pos,0 days 00:28:54.983000,0 days 01:25:52.078000
2024-06-23 13:32:09.636,OnTrack,-964,2939,1920,pos,0 days 00:28:55.223000,0 days 01:25:52.318000
2024-06-23 13:32:09.916,OnTrack,-868,3085,1921,pos,0 days 00:28:55.503000,0 days 01:25:52.598000
2024-06-23 13:32:10.296,OnTrack,-799,3166,1923,pos,0 days 00:28:55.883000,0 days 01:25:52.978000
2024-06-23 13:32:10.636,OnTrack,-678,3277,1922,pos,0 days 00:28:56.223000,0 days 01:25:53.318000
2024-06-23 13:32:11.036,OnTrack,-540,3388,1921,pos,0 days 00:28:56.623000,0 days 01:25:53.718000
2024-06-23 13:32:11.257,OnTrack,-453,3455,1920,pos,0 days 00:28:56.844000,0 days 01:25:53.939000
2024-06-23 13:32:11.477,OnTrack,-364,3525,1918,pos,0 days 00:28:57.064000,0 days 01:25:54.159000
2024-06-23 13:32:11.797,OnTrack,-239,3631,1915,pos,0 days 00:28:57.384000,0 days 01:25:54.479000
2024-06-23 13:32:11.977,OnTrack,-161,3698,1913,pos,0 days 00:28:57.564000,0 days 01:25:54.659000
2024-06-23 13:32:12.216,OnTrack,-18,3819,1907,pos,0 days 00:28:57.803000,0 days 01:25:54.898000
2024-06-23 13:32:12.496,OnTrack,76,3894,1904,pos,0 days 00:28:58.083000,0 days 01:25:55.178000
2024-06-23 13:32:12.716,OnTrack,186,3974,1898,pos,0 days 00:28:58.303000,0 days 01:25:55.398000
2024-06-23 13:32:12.936,OnTrack,303,4044,1893,pos,0 days 00:28:58.523000,0 days 01:25:55.618000
2024-06-23 13:32:13.216,OnTrack,466,4108,1886,pos,0 days 00:28:58.803000,0 days 01:25:55.898000
2024-06-23 13:32:13.376,OnTrack,566,4129,1881,pos,0 days 00:28:58.963000,0 days 01:25:56.058000
2024-06-23 13:32:13.696,OnTrack,851,4128,1866,pos,0 days 00:28:59.283000,0 days 01:25:56.378000
2024-06-23 13:32:13.976,OnTrack,956,4108,1860,pos,0 days 00:28:59.563000,0 days 01:25:56.658000
2024-06-23 13:32:14.256,OnTrack,1184,4031,1846,pos,0 days 00:28:59.843000,0 days 01:25:56.938000
2024-06-23 13:32:14.576,OnTrack,1332,3962,1838,pos,0 days 00:29:00.163000,0 days 01:25:57.258000
2024-06-23 13:32:14.896,OnTrack,1525,3852,1827,pos,0 days 00:29:00.483000,0 days 01:25:57.578000
2024-06-23 13:32:15.136,OnTrack,1727,3724,1814,pos,0 days 00:29:00.723000,0 days 01:25:57.818000
2024-06-23 13:32:15.376,OnTrack,1810,3671,1810,pos,0 days 00:29:00.963000,0 days 01:25:58.058000
2024-06-23 13:32:15.576,OnTrack,1930,3594,1802,pos,0 days 00:29:01.163000,0 days 01:25:58.258000
2024-06-23 13:32:15.956,OnTrack,2161,3447,1789,pos,0 days 00:29:01.543000,0 days 01:25:58.638000
2024-06-23 13:32:16.156,OnTrack,2341,3326,1780,pos,0 days 00:29:01.743000,0 days 01:25:58.838000
2024-06-23 13:32:16.436,OnTrack,2443,3249,1775,pos,0 days 00:29:02.023000,0 days 01:25:59.118000
2024-06-23 13:32:16.736,OnTrack,2640,3064,1764,pos,0 days 00:29:02.323000,0 days 01:25:59.418000
2024-06-23 13:32:17.076,OnTrack,2733,2943,1758,pos,0 days 00:29:02.663000,0 days 01:25:59.758000
2024-06-23 13:32:17.336,OnTrack,2831,2736,1751,pos,0 days 00:29:02.923000,0 days 01:26:00.018000
2024-06-23 13:32:17.616,OnTrack,2861,2624,1748,pos,0 days 00:29:03.203000,0 days 01:26:00.298000
2024-06-23 13:32:17.957,OnTrack,2885,2397,1744,pos,0 days 00:29:03.544000,0 days 01:26:00.639000
2024-06-23 13:32:18.037,OnTrack,2883,2346,1742,pos,0 days 00:29:03.624000,0 days 01:26:00.719000
2024-06-23 13:32:18.377,OnTrack,2820,2053,1736,pos,0 days 00:29:03.964000,0 days 01:26:01.059000
2024-06-23 13:32:18.816,OnTrack,2715,1827,1733,pos,0 days 00:29:04.403000,0 days 01:26:01.498000
2024-06-23 13:32:19.196,OnTrack,2617,1662,1731,pos,0 days 00:29:04.783000,0 days 01:26:01.878000
2024-06-23 13:32:19.436,OnTrack,2489,1464,1727,pos,0 days 00:29:05.023000,0 days 01:26:02.118000
2024-06-23 13:32:19.796,OnTrack,2389,1311,1725,pos,0 days 00:29:05.383000,0 days 01:26:02.478000
2024-06-23 13:32:19.976,OnTrack,2318,1203,1723,pos,0 days 00:29:05.563000,0 days 01:26:02.658000
2024-06-23 13:32:20.136,OnTrack,2256,1107,1721,pos,0 days 00:29:05.723000,0 days 01:26:02.818000
2024-06-23 13:32:20.316,OnTrack,2185,997,1719,pos,0 days 00:29:05.903000,0 days 01:26:02.998000
2024-06-23 13:32:20.656,OnTrack,2048,787,1716,pos,0 days 00:29:06.243000,0 days 01:26:03.338000
2024-06-23 13:32:20.876,OnTrack,1942,625,1713,pos,0 days 00:29:06.463000,0 days 01:26:03.558000
2024-06-23 13:32:21.316,OnTrack,1735,308,1709,pos,0 days 00:29:06.903000,0 days 01:26:03.998000
2024-06-23 13:32:21.676,OnTrack,1641,163,1707,pos,0 days 00:29:07.263000,0 days 01:26:04.358000
2024-06-23 13:32:21.876,OnTrack,1558,32,1708,pos,0 days 00:29:07.463000,0 days 01:26:04.558000
2024-06-23 13:32:21.976,OnTrack,1515,-34,1707,pos,0 days 00:29:07.563000,0 days 01:26:04.658000
2024-06-23 13:32:22.176,OnTrack,1430,-166,1707,pos,0 days 00:29:07.763000,0 days 01:26:04.858000
2024-06-23 13:32:22.456,OnTrack,1311,-352,1707,pos,0 days 00:29:08.043000,0 days 01:26:05.138000
2024-06-23 13:32:22.676,OnTrack,1218,-499,1708,pos,0 days 00:29:08.263000,0 days 01:26:05.358000
2024-06-23 13:32:22.836,OnTrack,1150,-607,1708,pos,0 days 00:29:08.423000,0 days 01:26:05.518000
2024-06-23 13:32:23.136,OnTrack,1020,-810,1708,pos,0 days 00:29:08.723000,0 days 01:26:05.818000
2024-06-23 13:32:23.316,OnTrack,899,-1001,1708,pos,0 days 00:29:08.903000,0 days 01:26:05.998000
2024-06-23 13:32:23.696,OnTrack,778,-1192,1708,pos,0 days 00:29:09.283000,0 days 01:26:06.378000
2024-06-23 13:32:23.856,OnTrack,708,-1302,1707,pos,0 days 00:29:09.443000,0 days 01:26:06.538000
2024-06-23 13:32:24.136,OnTrack,585,-1495,1707,pos,0 days 00:29:09.723000,0 days 01:26:06.818000
2024-06-23 13:32:24.397,OnTrack,400,-1787,1708,pos,0 days 00:29:09.984000,0 days 01:26:07.079000
2024-06-23 13:32:24.697,OnTrack,329,-1899,1708,pos,0 days 00:29:10.284000,0 days 01:26:07.379000
2024-06-23 13:32:24.937,OnTrack,231,-2053,1708,pos,0 days 00:29:10.524000,0 days 01:26:07.619000
2024-06-23 13:32:25.157,OnTrack,71,-2306,1708,pos,0 days 00:29:10.744000,0 days 01:26:07.839000
2024-06-23 13:32:25.516,OnTrack,-27,-2461,1707,pos,0 days 00:29:11.103000,0 days 01:26:08.198000
2024-06-23 13:32:25.696,OnTrack,-107,-2584,1706,pos,0 days 00:29:11.283000,0 days 01:26:08.378000
2024-06-23 13:32:25.956,OnTrack,-226,-2765,1705,pos,0 days 00:29:11.543000,0 days 01:26:08.638000
2024-06-23 13:32:26.236,OnTrack,-356,-2961,1703,pos,0 days 00:29:11.823000,0 days 01:26:08.918000
2024-06-23 13:32:26.396,OnTrack,-430,-3074,1701,pos,0 days 00:29:11.983000,0 days 01:26:09.078000
2024-06-23 13:32:26.656,OnTrack,-618,-3355,1697,pos,0 days 00:29:12.243000,0 days 01:26:09.338000
2024-06-23 13:32:27.036,OnTrack,-731,-3523,1694,pos,0 days 00:29:12.623000,0 days 01:26:09.718000
2024-06-23 13:32:27.136,OnTrack,-778,-3594,1693,pos,0 days 00:29:12.723000,0 days 01:26:09.818000
2024-06-23 13:32:27.396,OnTrack,-900,-3777,1689,pos,0 days 00:29:12.983000,0 days 01:26:10.078000
2024-06-23 13:32:27.696,OnTrack,-1071,-4031,1682,pos,0 days 00:29:13.283000,0 days 01:26:10.378000
2024-06-23 13:32:27.956,OnTrack,-1166,-4172,1679,pos,0 days 00:29:13.543000,0 days 01:26:10.638000
2024-06-23 13:32:28.296,OnTrack,-1327,-4413,1672,pos,0 days 00:29:13.883000,0 days 01:26:10.978000
2024-06-23 13:32:28.516,OnTrack,-1470,-4625,1665,pos,0 days 00:29:14.103000,0 days 01:26:11.198000
2024-06-23 13:32:28.876,OnTrack,-1602,-4823,1660,pos,0 days 00:29:14.463000,0 days 01:26:11.558000
2024-06-23 13:32:29.096,OnTrack,-1705,-4981,1656,pos,0 days 00:29:14.683000,0 days 01:26:11.778000
2024-06-23 13:32:29.176,OnTrack,-1741,-5039,1655,pos,0 days 00:29:14.763000,0 days 01:26:11.858000
2024-06-23 13:32:29.396,OnTrack,-1839,-5200,1651,pos,0 days 00:29:14.983000,0 days 01:26:12.078000
2024-06-23 13:32:29.696,OnTrack,-1968,-5422,1647,pos,0 days 00:29:15.283000,0 days 01:26:12.378000
2024-06-23 13:32:29.896,OnTrack,-2053,-5571,1645,pos,0 days 00:29:15.483000,0 days 01:26:12.578000
2024-06-23 13:32:30.116,OnTrack,-2145,-5734,1642,pos,0 days 00:29:15.703000,0 days 01:26:12.798000
2024-06-23 13:32:30.336,OnTrack,-2267,-5955,1640,pos,0 days 00:29:15.923000,0 days 01:26:13.018000
2024-06-23 13:32:30.716,OnTrack,-2448,-6272,1636,pos,0 days 00:29:16.303000,0 days 01:26:13.398000
2024-06-23 13:32:31.077,OnTrack,-2528,-6401,1634,pos,0 days 00:29:16.664000,0 days 01:26:13.759000
2024-06-23 13:32:31.337,OnTrack,-2598,-6503,1633,pos,0 days 00:29:16.924000,0 days 01:26:14.019000
2024-06-23 13:32:31.577,OnTrack,-2719,-6662,1631,pos,0 days 00:29:17.164000,0 days 01:26:14.259000
2024-06-23 13:32:31.996,OnTrack,-2809,-6761,1628,pos,0 days 00:29:17.583000,0 days 01:26:14.678000
2024-06-23 13:32:32.176,OnTrack,-2912,-6856,1626,pos,0 days 00:29:17.763000,0 days 01:26:14.858000
2024-06-23 13:32:32.616,OnTrack,-3060,-6951,1625,pos,0 days 00:29:18.203000,0 days 01:26:15.298000
2024-06-23 13:32:33.036,OnTrack,-3159,-6984,1623,pos,0 days 00:29:18.623000,0 days 01:26:15.718000
2024-06-23 13:32:33.316,OnTrack,-3269,-6994,1624,pos,0 days 00:29:18.903000,0 days 01:26:15.998000
2024-06-23 13:32:33.616,OnTrack,-3371,-6981,1627,pos,0 days 00:29:19.203000,0 days 01:26:16.298000
2024-06-23 13:32:33.836,OnTrack,-3451,-6958,1628,pos,0 days 00:29:19.423000,0 days 01:26:16.518000
2024-06-23 13:32:34.076,OnTrack,-3536,-6923,1630,pos,0 days 00:29:19.663000,0 days 01:26:16.758000
2024-06-23 13:32:34.176,OnTrack,-3572,-6906,1631,pos,0 days 00:29:19.763000,0 days 01:26:16.858000
2024-06-23 13:32:34.436,OnTrack,-3667,-6862,1632,pos,0 days 00:29:20.023000,0 days 01:26:17.118000
2024-06-23 13:32:34.676,OnTrack,-3758,-6822,1633,pos,0 days 00:29:20.263000,0 days 01:26:17.358000
2024-06-23 13:32:34.936,OnTrack,-3894,-6778,1637,pos,0 days 00:29:20.523000,0 days 01:26:17.618000
2024-06-23 13:32:35.256,OnTrack,-3994,-6767,1641,pos,0 days 00:29:20.843000,0 days 01:26:17.938000
2024-06-23 13:32:35.456,OnTrack,-4080,-6775,1644,pos,0 days 00:29:21.043000,0 days 01:26:18.138000
2024-06-23 13:32:35.776,OnTrack,-4221,-6814,1650,pos,0 days 00:29:21.363000,0 days 01:26:18.458000
2024-06-23 13:32:35.976,OnTrack,-4308,-6851,1655,pos,0 days 00:29:21.563000,0 days 01:26:18.658000
2024-06-23 13:32:36.196,OnTrack,-4401,-6901,1660,pos,0 days 00:29:21.783000,0 days 01:26:18.878000
2024-06-23 13:32:36.356,OnTrack,-4468,-6942,1664,pos,0 days 00:29:21.943000,0 days 01:26:19.038000
2024-06-23 13:32:36.536,OnTrack,-4543,-6992,1669,pos,0 days 00:29:22.123000,0 days 01:26:19.218000
2024-06-23 13:32:36.736,OnTrack,-4627,-7052,1673,pos,0 days 00:29:22.323000,0 days 01:26:19.418000
2024-06-23 13:32:36.976,OnTrack,-4733,-7127,1679,pos,0 days 00:29:22.563000,0 days 01:26:19.658000
2024-06-23 13:32:37.136,OnTrack,-4806,-7176,1683,pos,0 days 00:29:22.723000,0 days 01:26:19.818000
2024-06-23 13:32:37.396,OnTrack,-4931,-7254,1690,pos,0 days 00:29:22.983000,0 days 01:26:20.078000
2024-06-23 13:32:37.577,OnTrack,-5023,-7305,1694,pos,0 days 00:29:23.164000,0 days 01:26:20.259000
2024-06-23 13:32:37.837,OnTrack,-5172,-7374,1701,pos,0 days 00:29:23.424000,0 days 01:26:20.519000
2024-06-23 13:32:38.057,OnTrack,-5282,-7412,1705,pos,0 days 00:29:23.644000,0 days 01:26:20.739000
2024-06-23 13:32:38.217,OnTrack,-5372,-7434,1709,pos,0 days 00:29:23.804000,0 days 01:26:20.899000
2024-06-23 13:32:38.457,OnTrack,-5506,-7452,1715,pos,0 days 00:29:24.044000,0 days 01:26:21.139000
2024-06-23 13:32:38.656,OnTrack,-5693,-7450,1723,pos,0 days 00:29:24.243000,0 days 01:26:21.338000
2024-06-23 13:32:38.916,OnTrack,-5758,-7442,1727,pos,0 days 00:29:24.503000,0 days 01:26:21.598000
2024-06-23 13:32:39.176,OnTrack,-5896,-7413,1731,pos,0 days 00:29:24.763000,0 days 01:26:21.858000
2024-06-23 13:32:39.456,OnTrack,-6071,-7352,1738,pos,0 days 00:29:25.043000,0 days 01:26:22.138000
2024-06-23 13:32:39.816,OnTrack,-6219,-7273,1744,pos,0 days 00:29:25.403000,0 days 01:26:22.498000
2024-06-23 13:32:39.996,OnTrack,-6302,-7215,1748,pos,0 days 00:29:25.583000,0 days 01:26:22.678000
2024-06-23 13:32:40.176,OnTrack,-6379,-7148,1750,pos,0 days 00:29:25.763000,0 days 01:26:22.858000
2024-06-23 13:32:40.496,OnTrack,-6527,-6965,1757,pos,0 days 00:29:26.083000,0 days 01:26:23.178000
2024-06-23 13:32:40.896,OnTrack,-6619,-6794,1761,pos,0 days 00:29:26.483000,0 days 01:26:23.578000
2024-06-23 13:32:41.116,OnTrack,-6667,-6665,1764,pos,0 days 00:29:26.703000,0 days 01:26:23.798000
2024-06-23 13:32:41.336,OnTrack,-6714,-6452,1767,pos,0 days 00:29:26.923000,0 days 01:26:24.018000
2024-06-23 13:32:41.616,OnTrack,-6726,-6349,1768,pos,0 days 00:29:27.203000,0 days 01:26:24.298000
2024-06-23 13:32:41.876,OnTrack,-6733,-6176,1771,pos,0 days 00:29:27.463000,0 days 01:26:24.558000
2024-06-23 13:32:42.076,OnTrack,-6728,-6042,1773,pos,0 days 00:29:27.663000,0 days 01:26:24.758000
2024-06-23 13:32:42.336,OnTrack,-6704,-5811,1776,pos,0 days 00:29:27.923000,0 days 01:26:25.018000
2024-06-23 13:32:42.656,OnTrack,-6676,-5646,1778,pos,0 days 00:29:28.243000,0 days 01:26:25.338000
2024-06-23 13:32:42.836,OnTrack,-6653,-5535,1780,pos,0 days 00:29:28.423000,0 days 01:26:25.518000
2024-06-23 13:32:43.036,OnTrack,-6619,-5397,1782,pos,0 days 00:29:28.623000,0 days 01:26:25.718000
2024-06-23 13:32:43.256,OnTrack,-6573,-5247,1785,pos,0 days 00:29:28.843000,0 days 01:26:25.938000
2024-06-23 13:32:43.636,OnTrack,-6465,-4995,1789,pos,0 days 00:29:29.223000,0 days 01:26:26.318000
2024-06-23 13:32:43.816,OnTrack,-6399,-4879,1791,pos,0 days 00:29:29.403000,0 days 01:26:26.498000
2024-06-23 13:32:43.997,OnTrack,-6318,-4753,1793,pos,0 days 00:29:29.584000,0 days 01:26:26.679000
2024-06-23 13:32:44.177,OnTrack,-6242,-4641,1795,pos,0 days 00:29:29.764000,0 days 01:26:26.859000
2024-06-23 13:32:44.417,OnTrack,-6092,-4430,1798,pos,0 days 00:29:30.004000,0 days 01:26:27.099000
2024-06-23 13:32:44.777,OnTrack,-5986,-4281,1800,pos,0 days 00:29:30.364000,0 days 01:26:27.459000
2024-06-23 13:32:45.037,OnTrack,-5883,-4106,1803,pos,0 days 00:29:30.624000,0 days 01:26:27.719000
2024-06-23 13:32:45.236,OnTrack,-5803,-3971,1805,pos,0 days 00:29:30.823000,0 days 01:26:27.918000
2024-06-23 13:32:45.356,OnTrack,-5755,-3891,1807,pos,0 days 00:29:30.943000,0 days 01:26:28.038000
2024-06-23 13:32:45.676,OnTrack,-5599,-3643,1811,pos,0 days 00:29:31.263000,0 days 01:26:28.358000
2024-06-23 13:32:45.996,OnTrack,-5488,-3479,1813,pos,0 days 00:29:31.583000,0 days 01:26:28.678000
2024-06-23 13:32:46.216,OnTrack,-5404,-3356,1815,pos,0 days 00:29:31.803000,0 days 01:26:28.898000
2024-06-23 13:32:46.356,OnTrack,-5354,-3285,1816,pos,0 days 00:29:31.943000,0 days 01:26:29.038000
2024-06-23 13:32:46.716,OnTrack,-5198,-3088,1819,pos,0 days 00:29:32.303000,0 days 01:26:29.398000
2024-06-23 13:32:47.136,OnTrack,-5040,-2948,1820,pos,0 days 00:29:32.723000,0 days 01:26:29.818000
2024-06-23 13:32:47.456,OnTrack,-4975,-2908,1821,pos,0 days 00:29:33.043000,0 days 01:26:30.138000
2024-06-23 13:32:47.676,OnTrack,-4894,-2871,1822,pos,0 days 00:29:33.263000,0 days 01:26:30.358000
2024-06-23 13:32:47.976,OnTrack,-4750,-2840,1824,pos,0 days 00:29:33.563000,0 days 01:26:30.658000
2024-06-23 13:32:48.236,OnTrack,-4683,-2839,1825,pos,0 days 00:29:33.823000,0 days 01:26:30.918000
2024-06-23 13:32:48.456,OnTrack,-4601,-2849,1827,pos,0 days 00:29:34.043000,0 days 01:26:31.138000
2024-06-23 13:32:48.616,OnTrack,-4545,-2864,1828,pos,0 days 00:29:34.203000,0 days 01:26:31.298000
2024-06-23 13:32:48.936,OnTrack,-4439,-2908,1830,pos,0 days 00:29:34.523000,0 days 01:26:31.618000
2024-06-23 13:32:49.196,OnTrack,-4361,-2955,1832,pos,0 days 00:29:34.783000,0 days 01:26:31.878000
2024-06-23 13:32:49.396,OnTrack,-4309,-3000,1833,pos,0 days 00:29:34.983000,0 days 01:26:32.078000
2024-06-23 13:32:49.556,OnTrack,-4237,-3078,1835,pos,0 days 00:29:35.143000,0 days 01:26:32.238000
2024-06-23 13:32:49.936,OnTrack,-4185,-3147,1835,pos,0 days 00:29:35.523000,0 days 01:26:32.618000
2024-06-23 13:32:50.196,OnTrack,-4135,-3231,1836,pos,0 days 00:29:35.783000,0 days 01:26:32.878000
2024-06-23 13:32:50.436,OnTrack,-4096,-3316,1837,pos,0 days 00:29:36.023000,0 days 01:26:33.118000
2024-06-23 13:32:50.577,OnTrack,-4062,-3416,1838,pos,0 days 00:29:36.164000,0 days 01:26:33.259000
2024-06-23 13:32:50.917,OnTrack,-4040,-3517,1838,pos,0 days 00:29:36.504000,0 days 01:26:33.599000
2024-06-23 13:32:51.217,OnTrack,-4027,-3645,1839,pos,0 days 00:29:36.804000,0 days 01:26:33.899000
2024-06-23 13:32:51.437,OnTrack,-4030,-3752,1839,pos,0 days 00:29:37.024000,0 days 01:26:34.119000
2024-06-23 13:32:51.597,OnTrack,-4054,-3902,1838,pos,0 days 00:29:37.184000,0 days 01:26:34.279000
2024-06-23 13:32:51.956,OnTrack,-4087,-4015,1837,pos,0 days 00:29:37.543000,0 days 01:26:34.638000
2024-06-23 13:32:52.316,OnTrack,-4168,-4197,1834,pos,0 days 00:29:37.903000,0 days 01:26:34.998000
2024-06-23 13:32:52.356,OnTrack,-4179,-4216,1834,pos,0 days 00:29:37.943000,0 days 01:26:35.038000
2024-06-23 13:32:52.596,OnTrack,-4255,-4335,1832,pos,0 days 00:29:38.183000,0 days 01:26:35.278000
2024-06-23 13:32:52.876,OnTrack,-4352,-4474,1829,pos,0 days 00:29:38.463000,0 days 01:26:35.558000
2024-06-23 13:32:53.136,OnTrack,-4446,-4604,1826,pos,0 days 00:29:38.723000,0 days 01:26:35.818000
2024-06-23 13:32:53.336,OnTrack,-4520,-4705,1823,pos,0 days 00:29:38.923000,0 days 01:26:36.018000
2024-06-23 13:32:53.476,OnTrack,-4573,-4777,1821,pos,0 days 00:29:39.063000,0 days 01:26:36.158000
2024-06-23 13:32:53.696,OnTrack,-4696,-4946,1818,pos,0 days 00:29:39.283000,0 days 01:26:36.378000
2024-06-23 13:32:54.016,OnTrack,-4782,-5063,1815,pos,0 days 00:29:39.603000,0 days 01:26:36.698000
2024-06-23 13:32:54.256,OnTrack,-4875,-5192,1812,pos,0 days 00:29:39.843000,0 days 01:26:36.938000
2024-06-23 13:32:54.556,OnTrack,-5012,-5388,1807,pos,0 days 00:29:40.143000,0 days 01:26:37.238000
2024-06-23 13:32:54.896,OnTrack,-5077,-5490,1803,pos,0 days 00:29:40.483000,0 days 01:26:37.578000
2024-06-23 13:32:55.196,OnTrack,-5160,-5649,1797,pos,0 days 00:29:40.783000,0 days 01:26:37.878000
2024-06-23 13:32:55.576,OnTrack,-5208,-5782,1791,pos,0 days 00:29:41.163000,0 days 01:26:38.258000
2024-06-23 13:32:55.976,OnTrack,-5227,-5914,1785,pos,0 days 00:29:41.563000,0 days 01:26:38.658000
2024-06-23 13:32:56.436,OnTrack,-5202,-6050,1778,pos,0 days 00:29:42.023000,0 days 01:26:39.118000
2024-06-23 13:32:56.856,OnTrack,-5138,-6149,1770,pos,0 days 00:29:42.443000,0 days 01:26:39.538000
2024-06-23 13:32:57.157,OnTrack,-5102,-6181,1768,pos,0 days 00:29:42.744000,0 days 01:26:39.839000
2024-06-23 13:32:57.377,OnTrack,-5057,-6209,1767,pos,0 days 00:29:42.964000,0 days 01:26:40.059000
2024-06-23 13:32:57.597,OnTrack,-5000,-6233,1763,pos,0 days 00:29:43.184000,0 days 01:26:40.279000
2024-06-23 13:32:57.777,OnTrack,-4960,-6243,1762,pos,0 days 00:29:43.364000,0 days 01:26:40.459000
2024-06-23 13:32:58.097,OnTrack,-4876,-6251,1756,pos,0 days 00:29:43.684000,0 days 01:26:40.779000
2024-06-23 13:32:58.257,OnTrack,-4833,-6250,1754,pos,0 days 00:29:43.844000,0 days 01:26:40.939000
2024-06-23 13:32:58.456,OnTrack,-4750,-6238,1748,pos,0 days 00:29:44.043000,0 days 01:26:41.138000
2024-06-23 13:32:58.936,OnTrack,-4604,-6193,1739,pos,0 days 00:29:44.523000,0 days 01:26:41.618000
2024-06-23 13:32:59.316,OnTrack,-4523,-6157,1734,pos,0 days 00:29:44.903000,0 days 01:26:41.998000
2024-06-23 13:32:59.476,OnTrack,-4423,-6107,1726,pos,0 days 00:29:45.063000,0 days 01:26:42.158000
2024-06-23 13:32:59.796,OnTrack,-4359,-6072,1723,pos,0 days 00:29:45.383000,0 days 01:26:42.478000
2024-06-23 13:33:00.016,OnTrack,-4276,-6027,1716,pos,0 days 00:29:45.603000,0 days 01:26:42.698000
2024-06-23 13:33:00.316,OnTrack,-4153,-5960,1708,pos,0 days 00:29:45.903000,0 days 01:26:42.998000
2024-06-23 13:33:00.556,OnTrack,-3944,-5854,1695,pos,0 days 00:29:46.143000,0 days 01:26:43.238000
2024-06-23 13:33:00.936,OnTrack,-3817,-5796,1688,pos,0 days 00:29:46.523000,0 days 01:26:43.618000
2024-06-23 13:33:01.096,OnTrack,-3735,-5761,1684,pos,0 days 00:29:46.683000,0 days 01:26:43.778000
2024-06-23 13:33:01.316,OnTrack,-3618,-5713,1678,pos,0 days 00:29:46.903000,0 days 01:26:43.998000
2024-06-23 13:33:01.616,OnTrack,-3399,-5617,1669,pos,0 days 00:29:47.203000,0 days 01:26:44.298000
2024-06-23 13:33:01.976,OnTrack,-3256,-5543,1663,pos,0 days 00:29:47.563000,0 days 01:26:44.658000
2024-06-23 13:33:02.136,OnTrack,-3170,-5491,1660,pos,0 days 00:29:47.723000,0 days 01:26:44.818000
2024-06-23 13:33:02.316,OnTrack,-3073,-5427,1657,pos,0 days 00:29:47.903000,0 days 01:26:44.998000
2024-06-23 13:33:02.496,OnTrack,-2978,-5356,1655,pos,0 days 00:29:48.083000,0 days 01:26:45.178000
2024-06-23 13:33:02.816,OnTrack,-2817,-5215,1652,pos,0 days 00:29:48.403000,0 days 01:26:45.498000
2024-06-23 13:33:02.976,OnTrack,-2741,-5137,1651,pos,0 days 00:29:48.563000,0 days 01:26:45.658000
2024-06-23 13:33:03.236,OnTrack,-2581,-4946,1651,pos,0 days 00:29:48.823000,0 days 01:26:45.918000
2024-06-23 13:33:03.556,OnTrack,-2489,-4821,1651,pos,0 days 00:29:49.143000,0 days 01:26:46.238000
2024-06-23 13:33:03.757,OnTrack,-2402,-4696,1651,pos,0 days 00:29:49.344000,0 days 01:26:46.439000
2024-06-23 13:33:03.937,OnTrack,-2337,-4601,1653,pos,0 days 00:29:49.524000,0 days 01:26:46.619000
2024-06-23 13:33:04.237,OnTrack,-2211,-4415,1656,pos,0 days 00:29:49.824000,0 days 01:26:46.919000
2024-06-23 13:33:04.557,OnTrack,-2159,-4329,1659,pos,0 days 00:29:50.144000,0 days 01:26:47.239000
2024-06-23 13:33:04.916,OnTrack,-2108,-4195,1661,pos,0 days 00:29:50.503000,0 days 01:26:47.598000
2024-06-23 13:33:05.336,OnTrack,-2085,-4040,1664,pos,0 days 00:29:50.923000,0 days 01:26:48.018000
2024-06-23 13:33:05.496,OnTrack,-2083,-3976,1666,pos,0 days 00:29:51.083000,0 days 01:26:48.178000
2024-06-23 13:33:05.676,OnTrack,-2090,-3868,1670,pos,0 days 00:29:51.263000,0 days 01:26:48.358000
2024-06-23 13:33:06.076,OnTrack,-2132,-3724,1679,pos,0 days 00:29:51.663000,0 days 01:26:48.758000
2024-06-23 13:33:06.376,OnTrack,-2166,-3668,1681,pos,0 days 00:29:51.963000,0 days 01:26:49.058000
2024-06-23 13:33:06.596,OnTrack,-2218,-3606,1684,pos,0 days 00:29:52.183000,0 days 01:26:49.278000
2024-06-23 13:33:06.856,OnTrack,-2293,-3541,1689,pos,0 days 00:29:52.443000,0 days 01:26:49.538000
2024-06-23 13:33:07.176,OnTrack,-2443,-3432,1695,pos,0 days 00:29:52.763000,0 days 01:26:49.858000
2024-06-23 13:33:07.436,OnTrack,-2483,-3401,1700,pos,0 days 00:29:53.023000,0 days 01:26:50.118000
2024-06-23 13:33:07.636,OnTrack,-2550,-3345,1705,pos,0 days 00:29:53.223000,0 days 01:26:50.318000
2024-06-23 13:33:07.916,OnTrack,-2641,-3251,1714,pos,0 days 00:29:53.503000,0 days 01:26:50.598000
2024-06-23 13:33:08.216,OnTrack,-2748,-3096,1728,pos,0 days 00:29:53.803000,0 days 01:26:50.898000
2024-06-23 13:33:08.616,OnTrack,-2857,-2874,1742,pos,0 days 00:29:54.203000,0 days 01:26:51.298000
2024-06-23 13:33:08.976,OnTrack,-2942,-2688,1755,pos,0 days 00:29:54.563000,0 days 01:26:51.658000
2024-06-23 13:33:09.376,OnTrack,-3008,-2549,1764,pos,0 days 00:29:54.963000,0 days 01:26:52.058000
2024-06-23 13:33:09.596,OnTrack,-3065,-2429,1772,pos,0 days 00:29:55.183000,0 days 01:26:52.278000
2024-06-23 13:33:09.856,OnTrack,-3156,-2238,1785,pos,0 days 00:29:55.443000,0 days 01:26:52.538000
2024-06-23 13:33:10.096,OnTrack,-3205,-2134,1792,pos,0 days 00:29:55.683000,0 days 01:26:52.778000
2024-06-23 13:33:10.397,OnTrack,-3295,-1945,1804,pos,0 days 00:29:55.984000,0 days 01:26:53.079000
2024-06-23 13:33:10.637,OnTrack,-3402,-1717,1819,pos,0 days 00:29:56.224000,0 days 01:26:53.319000
2024-06-23 13:33:10.937,OnTrack,-3436,-1631,1825,pos,0 days 00:29:56.524000,0 days 01:26:53.619000
2024-06-23 13:33:11.297,OnTrack,-3497,-1396,1838,pos,0 days 00:29:56.884000,0 days 01:26:53.979000
2024-06-23 13:33:11.636,OnTrack,-3507,-1196,1846,pos,0 days 00:29:57.223000,0 days 01:26:54.318000
2024-06-23 13:33:11.836,OnTrack,-3497,-1072,1850,pos,0 days 00:29:57.423000,0 days 01:26:54.518000
2024-06-23 13:33:12.036,OnTrack,-3464,-894,1858,pos,0 days 00:29:57.623000,0 days 01:26:54.718000
2024-06-23 13:33:12.356,OnTrack,-3426,-768,1862,pos,0 days 00:29:57.943000,0 days 01:26:55.038000
2024-06-23 13:33:12.716,OnTrack,-3332,-561,1869,pos,0 days 00:29:58.303000,0 days 01:26:55.398000
2024-06-23 13:33:12.956,OnTrack,-3246,-437,1871,pos,0 days 00:29:58.543000,0 days 01:26:55.638000
2024-06-23 13:33:13.256,OnTrack,-3107,-310,1874,pos,0 days 00:29:58.843000,0 days 01:26:55.938000
2024-06-23 13:33:13.516,OnTrack,-2960,-228,1875,pos,0 days 00:29:59.103000,0 days 01:26:56.198000
2024-06-23 13:33:13.696,OnTrack,-2851,-182,1874,pos,0 days 00:29:59.283000,0 days 01:26:56.378000
2024-06-23 13:33:13.956,OnTrack,-2628,-93,1871,pos,0 days 00:29:59.543000,0 days 01:26:56.638000
2024-06-23 13:33:14.396,OnTrack,-2406,5,1869,pos,0 days 00:29:59.983000,0 days 01:26:57.078000
2024-06-23 13:33:14.716,OnTrack,-2219,94,1866,pos,0 days 00:30:00.303000,0 days 01:26:57.398000
2024-06-23 13:33:14.896,OnTrack,-2104,148,1865,pos,0 days 00:30:00.483000,0 days 01:26:57.578000
2024-06-23 13:33:15.056,OnTrack,-2001,196,1863,pos,0 days 00:30:00.643000,0 days 01:26:57.738000
2024-06-23 13:33:15.316,OnTrack,-1832,276,1861,pos,0 days 00:30:00.903000,0 days 01:26:57.998000
2024-06-23 13:33:15.556,OnTrack,-1674,351,1859,pos,0 days 00:30:01.143000,0 days 01:26:58.238000
2024-06-23 13:33:15.716,OnTrack,-1568,402,1858,pos,0 days 00:30:01.303000,0 days 01:26:58.398000
2024-06-23 13:33:16.016,OnTrack,-1298,530,1855,pos,0 days 00:30:01.603000,0 days 01:26:58.698000
2024-06-23 13:33:16.336,OnTrack,-1149,604,1853,pos,0 days 00:30:01.923000,0 days 01:26:59.018000
2024-06-23 13:33:16.656,OnTrack,-939,712,1850,pos,0 days 00:30:02.243000,0 days 01:26:59.338000
2024-06-23 13:33:16.736,OnTrack,-789,792,1848,pos,0 days 00:30:02.323000,0 days 01:26:59.418000
2024-06-23 13:33:17.157,OnTrack,-582,902,1845,pos,0 days 00:30:02.744000,0 days 01:26:59.839000
2024-06-23 13:33:17.337,OnTrack,-457,969,1843,pos,0 days 00:30:02.924000,0 days 01:27:00.019000
2024-06-23 13:33:17.677,OnTrack,-232,1089,1840,pos,0 days 00:30:03.264000,0 days 01:27:00.359000
2024-06-23 13:33:17.797,OnTrack,-148,1134,1839,pos,0 days 00:30:03.384000,0 days 01:27:00.479000
2024-06-23 13:33:17.977,OnTrack,-20,1202,1837,pos,0 days 00:30:03.564000,0 days 01:27:00.659000
2024-06-23 13:33:18.276,OnTrack,192,1315,1834,pos,0 days 00:30:03.863000,0 days 01:27:00.958000
2024-06-23 13:33:18.436,OnTrack,305,1374,1833,pos,0 days 00:30:04.023000,0 days 01:27:01.118000
2024-06-23 13:33:18.676,OnTrack,505,1473,1830,pos,0 days 00:30:04.263000,0 days 01:27:01.358000
2024-06-23 13:33:18.936,OnTrack,608,1519,1829,pos,0 days 00:30:04.523000,0 days 01:27:01.618000
2024-06-23 13:33:19.336,OnTrack,854,1619,1826,pos,0 days 00:30:04.923000,0 days 01:27:02.018000
2024-06-23 13:33:19.636,OnTrack,989,1674,1824,pos,0 days 00:30:05.223000,0 days 01:27:02.318000
2024-06-23 13:33:19.956,OnTrack,1121,1730,1823,pos,0 days 00:30:05.543000,0 days 01:27:02.638000
2024-06-23 13:33:20.156,OnTrack,1233,1788,1821,pos,0 days 00:30:05.743000,0 days 01:27:02.838000
2024-06-23 13:33:20.436,OnTrack,1282,1819,1821,pos,0 days 00:30:06.023000,0 days 01:27:03.118000
2024-06-23 13:33:20.656,OnTrack,1342,1866,1820,pos,0 days 00:30:06.243000,0 days 01:27:03.338000
2024-06-23 13:33:20.976,OnTrack,1409,1945,1819,pos,0 days 00:30:06.563000,0 days 01:27:03.658000
2024-06-23 13:33:21.216,OnTrack,1443,2012,1818,pos,0 days 00:30:06.803000,0 days 01:27:03.898000
2024-06-23 13:33:21.396,OnTrack,1458,2066,1818,pos,0 days 00:30:06.983000,0 days 01:27:04.078000
2024-06-23 13:33:21.596,OnTrack,1464,2126,1817,pos,0 days 00:30:07.183000,0 days 01:27:04.278000
2024-06-23 13:33:21.836,OnTrack,1456,2205,1817,pos,0 days 00:30:07.423000,0 days 01:27:04.518000
2024-06-23 13:33:22.156,OnTrack,1431,2290,1818,pos,0 days 00:30:07.743000,0 days 01:27:04.838000
2024-06-23 13:33:22.356,OnTrack,1388,2376,1820,pos,0 days 00:30:07.943000,0 days 01:27:05.038000
2024-06-23 13:33:22.836,OnTrack,1334,2452,1823,pos,0 days 00:30:08.423000,0 days 01:27:05.518000
2024-06-23 13:33:22.996,OnTrack,1305,2484,1824,pos,0 days 00:30:08.583000,0 days 01:27:05.678000
2024-06-23 13:33:23.216,OnTrack,1260,2526,1825,pos,0 days 00:30:08.803000,0 days 01:27:05.898000
2024-06-23 13:33:23.457,OnTrack,1185,2577,1827,pos,0 days 00:30:09.044000,0 days 01:27:06.139000
2024-06-23 13:33:23.857,OnTrack,1054,2629,1830,pos,0 days 00:30:09.444000,0 days 01:27:06.539000
2024-06-23 13:33:24.157,OnTrack,1003,2641,1831,pos,0 days 00:30:09.744000,0 days 01:27:06.839000
2024-06-23 13:33:24.517,OnTrack,844,2659,1835,pos,0 days 00:30:10.104000,0 days 01:27:07.199000
2024-06-23 13:33:24.836,OnTrack,762,2658,1836,pos,0 days 00:30:10.423000,0 days 01:27:07.518000
2024-06-23 13:33:25.016,OnTrack,692,2652,1838,pos,0 days 00:30:10.603000,0 days 01:27:07.698000
2024-06-23 13:33:25.336,OnTrack,561,2626,1841,pos,0 days 00:30:10.923000,0 days 01:27:08.018000
2024-06-23 13:33:25.576,OnTrack,425,2579,1845,pos,0 days 00:30:11.163000,0 days 01:27:08.258000
2024-06-23 13:33:25.856,OnTrack,338,2538,1849,pos,0 days 00:30:11.443000,0 days 01:27:08.538000
2024-06-23 13:33:26.076,OnTrack,242,2483,1853,pos,0 days 00:30:11.663000,0 days 01:27:08.758000
2024-06-23 13:33:26.396,OnTrack,39,2345,1866,pos,0 days 00:30:11.983000,0 days 01:27:09.078000
2024-06-23 13:33:26.676,OnTrack,-23,2301,1868,pos,0 days 00:30:12.263000,0 days 01:27:09.358000
2024-06-23 13:33:26.876,OnTrack,-112,2248,1872,pos,0 days 00:30:12.463000,0 days 01:27:09.558000
2024-06-23 13:33:27.136,OnTrack,-226,2194,1876,pos,0 days 00:30:12.723000,0 days 01:27:09.818000
2024-06-23 13:33:27.336,OnTrack,-311,2163,1879,pos,0 days 00:30:12.923000,0 days 01:27:10.018000
2024-06-23 13:33:27.636,OnTrack,-433,2134,1884,pos,0 days 00:30:13.223000,0 days 01:27:10.318000
2024-06-23 13:33:27.796,OnTrack,-497,2125,1887,pos,0 days 00:30:13.383000,0 days 01:27:10.478000
2024-06-23 13:33:27.996,OnTrack,-573,2122,1891,pos,0 days 00:30:13.583000,0 days 01:27:10.678000
2024-06-23 13:33:28.256,OnTrack,-703,2136,1897,pos,0 days 00:30:13.843000,0 days 01:27:10.938000
2024-06-23 13:33:28.596,OnTrack,-781,2159,1901,pos,0 days 00:30:14.183000,0 days 01:27:11.278000
2024-06-23 13:33:28.716,OnTrack,-817,2176,1904,pos,0 days 00:30:14.303000,0 days 01:27:11.398000
2024-06-23 13:33:28.956,OnTrack,-882,2220,1906,pos,0 days 00:30:14.543000,0 days 01:27:11.638000
2024-06-23 13:33:29.296,OnTrack,-956,2298,1908,pos,0 days 00:30:14.883000,0 days 01:27:11.978000
2024-06-23 13:33:29.496,OnTrack,-1003,2378,1911,pos,0 days 00:30:15.083000,0 days 01:27:12.178000
2024-06-23 13:33:29.756,OnTrack,-1021,2422,1911,pos,0 days 00:30:15.343000,0 days 01:27:12.438000
2024-06-23 13:33:30.117,OnTrack,-1047,2534,1913,pos,0 days 00:30:15.704000,0 days 01:27:12.799000
2024-06-23 13:33:30.337,OnTrack,-1051,2602,1914,pos,0 days 00:30:15.924000,0 days 01:27:13.019000
2024-06-23 13:33:30.497,OnTrack,-1049,2652,1914,pos,0 days 00:30:16.084000,0 days 01:27:13.179000
2024-06-23 13:33:30.737,OnTrack,-1040,2722,1916,pos,0 days 00:30:16.324000,0 days 01:27:13.419000
2024-06-23 13:33:30.857,OnTrack,-1031,2760,1916,pos,0 days 00:30:16.444000,0 days 01:27:13.539000
2024-06-23 13:33:31.037,OnTrack,-1015,2818,1917,pos,0 days 00:30:16.624000,0 days 01:27:13.719000
2024-06-23 13:33:31.396,OnTrack,-957,2952,1920,pos,0 days 00:30:16.983000,0 days 01:27:14.078000
2024-06-23 13:33:31.616,OnTrack,-927,3003,1921,pos,0 days 00:30:17.203000,0 days 01:27:14.298000
2024-06-23 13:33:31.976,OnTrack,-761,3204,1923,pos,0 days 00:30:17.563000,0 days 01:27:14.658000
2024-06-23 13:33:32.376,OnTrack,-620,3324,1922,pos,0 days 00:30:17.963000,0 days 01:27:15.058000
2024-06-23 13:33:32.696,OnTrack,-555,3376,1921,pos,0 days 00:30:18.283000,0 days 01:27:15.378000
2024-06-23 13:33:32.996,OnTrack,-388,3506,1919,pos,0 days 00:30:18.583000,0 days 01:27:15.678000
2024-06-23 13:33:33.456,OnTrack,-248,3624,1915,pos,0 days 00:30:19.043000,0 days 01:27:16.138000
2024-06-23 13:33:33.656,OnTrack,-119,3734,1911,pos,0 days 00:30:19.243000,0 days 01:27:16.338000
2024-06-23 13:33:33.916,OnTrack,-47,3795,1909,pos,0 days 00:30:19.503000,0 days 01:27:16.598000
2024-06-23 13:33:34.236,OnTrack,103,3915,1903,pos,0 days 00:30:19.823000,0 days 01:27:16.918000
2024-06-23 13:33:34.396,OnTrack,184,3972,1899,pos,0 days 00:30:19.983000,0 days 01:27:17.078000
2024-06-23 13:33:34.676,OnTrack,333,4058,1892,pos,0 days 00:30:20.263000,0 days 01:27:17.358000
2024-06-23 13:33:34.836,OnTrack,426,4095,1888,pos,0 days 00:30:20.423000,0 days 01:27:17.518000
2024-06-23 13:33:35.076,OnTrack,573,4131,1881,pos,0 days 00:30:20.663000,0 days 01:27:17.758000
2024-06-23 13:33:35.236,OnTrack,675,4140,1876,pos,0 days 00:30:20.823000,0 days 01:27:17.918000
2024-06-23 13:33:35.476,OnTrack,832,4131,1867,pos,0 days 00:30:21.063000,0 days 01:27:18.158000
2024-06-23 13:33:35.656,OnTrack,1000,4097,1858,pos,0 days 00:30:21.243000,0 days 01:27:18.338000
2024-06-23 13:33:36.036,OnTrack,1189,4029,1846,pos,0 days 00:30:21.623000,0 days 01:27:18.718000
2024-06-23 13:33:36.216,OnTrack,1299,3978,1840,pos,0 days 00:30:21.803000,0 days 01:27:18.898000
2024-06-23 13:33:36.456,OnTrack,1514,3859,1827,pos,0 days 00:30:22.043000,0 days 01:27:19.138000
2024-06-23 13:33:36.837,OnTrack,1679,3755,1817,pos,0 days 00:30:22.424000,0 days 01:27:19.519000
2024-06-23 13:33:37.117,OnTrack,1846,3648,1807,pos,0 days 00:30:22.704000,0 days 01:27:19.799000
2024-06-23 13:33:37.317,OnTrack,2014,3541,1798,pos,0 days 00:30:22.904000,0 days 01:27:19.999000
2024-06-23 13:33:37.737,OnTrack,2207,3416,1786,pos,0 days 00:30:23.324000,0 days 01:27:20.419000
2024-06-23 13:33:37.797,OnTrack,2244,3393,1785,pos,0 days 00:30:23.384000,0 days 01:27:20.479000
2024-06-23 13:33:38.176,OnTrack,2513,3191,1771,pos,0 days 00:30:23.763000,0 days 01:27:20.858000
2024-06-23 13:33:38.396,OnTrack,2571,3135,1768,pos,0 days 00:30:23.983000,0 days 01:27:21.078000
2024-06-23 13:33:38.616,OnTrack,2670,3029,1762,pos,0 days 00:30:24.203000,0 days 01:27:21.298000
2024-06-23 13:33:38.856,OnTrack,2756,2906,1757,pos,0 days 00:30:24.443000,0 days 01:27:21.538000
2024-06-23 13:33:39.076,OnTrack,2815,2781,1753,pos,0 days 00:30:24.663000,0 days 01:27:21.758000
2024-06-23 13:33:39.256,OnTrack,2850,2671,1749,pos,0 days 00:30:24.843000,0 days 01:27:21.938000
2024-06-23 13:33:39.576,OnTrack,2885,2393,1744,pos,0 days 00:30:25.163000,0 days 01:27:22.258000
2024-06-23 13:33:39.916,OnTrack,2872,2251,1740,pos,0 days 00:30:25.503000,0 days 01:27:22.598000
2024-06-23 13:33:40.156,OnTrack,2809,2022,1736,pos,0 days 00:30:25.743000,0 days 01:27:22.838000
2024-06-23 13:33:40.656,OnTrack,2664,1738,1732,pos,0 days 00:30:26.243000,0 days 01:27:23.338000
2024-06-23 13:33:40.956,OnTrack,2591,1620,1730,pos,0 days 00:30:26.543000,0 days 01:27:23.638000
2024-06-23 13:33:41.236,OnTrack,2485,1457,1727,pos,0 days 00:30:26.823000,0 days 01:27:23.918000
2024-06-23 13:33:41.456,OnTrack,2399,1327,1725,pos,0 days 00:30:27.043000,0 days 01:27:24.138000
2024-06-23 13:33:41.616,OnTrack,2305,1183,1722,pos,0 days 00:30:27.203000,0 days 01:27:24.298000
2024-06-23 13:33:42.016,OnTrack,2130,913,1718,pos,0 days 00:30:27.603000,0 days 01:27:24.698000
2024-06-23 13:33:42.496,OnTrack,1952,639,1713,pos,0 days 00:30:28.083000,0 days 01:27:25.178000
2024-06-23 13:33:42.776,OnTrack,1869,512,1711,pos,0 days 00:30:28.363000,0 days 01:27:25.458000
2024-06-23 13:33:43.076,OnTrack,1710,269,1709,pos,0 days 00:30:28.663000,0 days 01:27:25.758000
2024-06-23 13:33:43.477,OnTrack,1583,71,1708,pos,0 days 00:30:29.064000,0 days 01:27:26.159000
2024-06-23 13:33:43.637,OnTrack,1507,-47,1707,pos,0 days 00:30:29.224000,0 days 01:27:26.319000
2024-06-23 13:33:43.797,OnTrack,1439,-152,1707,pos,0 days 00:30:29.384000,0 days 01:27:26.479000
2024-06-23 13:33:44.077,OnTrack,1328,-325,1707,pos,0 days 00:30:29.664000,0 days 01:27:26.759000
2024-06-23 13:33:44.337,OnTrack,1166,-580,1708,pos,0 days 00:30:29.924000,0 days 01:27:27.019000
2024-06-23 13:33:44.676,OnTrack,1072,-729,1708,pos,0 days 00:30:30.263000,0 days 01:27:27.358000
2024-06-23 13:33:45.016,OnTrack,925,-960,1708,pos,0 days 00:30:30.603000,0 days 01:27:27.698000
2024-06-23 13:33:45.056,OnTrack,908,-987,1708,pos,0 days 00:30:30.643000,0 days 01:27:27.738000
2024-06-23 13:33:45.376,OnTrack,769,-1206,1708,pos,0 days 00:30:30.963000,0 days 01:27:28.058000
2024-06-23 13:33:45.556,OnTrack,690,-1330,1708,pos,0 days 00:30:31.143000,0 days 01:27:28.238000
2024-06-23 13:33:45.796,OnTrack,585,-1496,1707,pos,0 days 00:30:31.383000,0 days 01:27:28.478000
2024-06-23 13:33:45.896,OnTrack,541,-1565,1708,pos,0 days 00:30:31.483000,0 days 01:27:28.578000
2024-06-23 13:33:46.176,OnTrack,417,-1760,1708,pos,0 days 00:30:31.763000,0 days 01:27:28.858000
2024-06-23 13:33:46.436,OnTrack,275,-1984,1708,pos,0 days 00:30:32.023000,0 days 01:27:29.118000
2024-06-23 13:33:46.756,OnTrack,159,-2167,1707,pos,0 days 00:30:32.343000,0 days 01:27:29.438000
2024-06-23 13:33:47.096,OnTrack,6,-2407,1707,pos,0 days 00:30:32.683000,0 days 01:27:29.778000
2024-06-23 13:33:47.256,OnTrack,-65,-2519,1707,pos,0 days 00:30:32.843000,0 days 01:27:29.938000
2024-06-23 13:33:47.476,OnTrack,-231,-2772,1705,pos,0 days 00:30:33.063000,0 days 01:27:30.158000
2024-06-23 13:33:47.856,OnTrack,-342,-2940,1703,pos,0 days 00:30:33.443000,0 days 01:27:30.538000
2024-06-23 13:33:47.976,OnTrack,-398,-3025,1702,pos,0 days 00:30:33.563000,0 days 01:27:30.658000
2024-06-23 13:33:48.216,OnTrack,-510,-3193,1700,pos,0 days 00:30:33.803000,0 days 01:27:30.898000
2024-06-23 13:33:48.576,OnTrack,-727,-3518,1694,pos,0 days 00:30:34.163000,0 days 01:27:31.258000
2024-06-23 13:33:48.816,OnTrack,-793,-3617,1692,pos,0 days 00:30:34.403000,0 days 01:27:31.498000
2024-06-23 13:33:49.016,OnTrack,-888,-3758,1689,pos,0 days 00:30:34.603000,0 days 01:27:31.698000
2024-06-23 13:33:49.336,OnTrack,-1088,-4056,1682,pos,0 days 00:30:34.923000,0 days 01:27:32.018000
2024-06-23 13:33:49.797,OnTrack,-1269,-4325,1675,pos,0 days 00:30:35.384000,0 days 01:27:32.479000
2024-06-23 13:33:49.977,OnTrack,-1355,-4453,1671,pos,0 days 00:30:35.564000,0 days 01:27:32.659000
2024-06-23 13:33:50.077,OnTrack,-1403,-4525,1668,pos,0 days 00:30:35.664000,0 days 01:27:32.759000
2024-06-23 13:33:50.317,OnTrack,-1518,-4696,1664,pos,0 days 00:30:35.904000,0 days 01:27:32.999000
2024-06-23 13:33:50.497,OnTrack,-1589,-4802,1660,pos,0 days 00:30:36.084000,0 days 01:27:33.179000
2024-06-23 13:33:50.757,OnTrack,-1710,-4989,1656,pos,0 days 00:30:36.344000,0 days 01:27:33.439000
2024-06-23 13:33:50.957,OnTrack,-1801,-5136,1652,pos,0 days 00:30:36.544000,0 days 01:27:33.639000
2024-06-23 13:33:51.116,OnTrack,-1871,-5254,1650,pos,0 days 00:30:36.703000,0 days 01:27:33.798000
2024-06-23 13:33:51.376,OnTrack,-2025,-5522,1646,pos,0 days 00:30:36.963000,0 days 01:27:34.058000
2024-06-23 13:33:51.736,OnTrack,-2134,-5715,1643,pos,0 days 00:30:37.323000,0 days 01:27:34.418000
2024-06-23 13:33:52.016,OnTrack,-2248,-5922,1640,pos,0 days 00:30:37.603000,0 days 01:27:34.698000
2024-06-23 13:33:52.236,OnTrack,-2390,-6175,1637,pos,0 days 00:30:37.823000,0 days 01:27:34.918000
2024-06-23 13:33:52.576,OnTrack,-2466,-6302,1635,pos,0 days 00:30:38.163000,0 days 01:27:35.258000
2024-06-23 13:33:52.776,OnTrack,-2539,-6417,1634,pos,0 days 00:30:38.363000,0 days 01:27:35.458000
2024-06-23 13:33:52.976,OnTrack,-2584,-6483,1633,pos,0 days 00:30:38.563000,0 days 01:27:35.658000
2024-06-23 13:33:53.196,OnTrack,-2691,-6627,1631,pos,0 days 00:30:38.783000,0 days 01:27:35.878000
2024-06-23 13:33:53.636,OnTrack,-2819,-6772,1628,pos,0 days 00:30:39.223000,0 days 01:27:36.318000
2024-06-23 13:33:53.956,OnTrack,-2897,-6843,1625,pos,0 days 00:30:39.543000,0 days 01:27:36.638000
2024-06-23 13:33:54.136,OnTrack,-2957,-6889,1624,pos,0 days 00:30:39.723000,0 days 01:27:36.818000
2024-06-23 13:33:54.436,OnTrack,-3060,-6950,1625,pos,0 days 00:30:40.023000,0 days 01:27:37.118000
2024-06-23 13:33:54.596,OnTrack,-3116,-6973,1623,pos,0 days 00:30:40.183000,0 days 01:27:37.278000
2024-06-23 13:33:54.836,OnTrack,-3203,-6992,1624,pos,0 days 00:30:40.423000,0 days 01:27:37.518000
2024-06-23 13:33:55.036,OnTrack,-3278,-6994,1624,pos,0 days 00:30:40.623000,0 days 01:27:37.718000
2024-06-23 13:33:55.136,OnTrack,-3315,-6991,1625,pos,0 days 00:30:40.723000,0 days 01:27:37.818000
2024-06-23 13:33:55.356,OnTrack,-3395,-6975,1627,pos,0 days 00:30:40.943000,0 days 01:27:38.038000
2024-06-23 13:33:55.696,OnTrack,-3560,-6912,1631,pos,0 days 00:30:41.283000,0 days 01:27:38.378000
2024-06-23 13:33:56.076,OnTrack,-3654,-6868,1632,pos,0 days 00:30:41.663000,0 days 01:27:38.758000
2024-06-23 13:33:56.196,OnTrack,-3699,-6848,1633,pos,0 days 00:30:41.783000,0 days 01:27:38.878000
2024-06-23 13:33:56.497,OnTrack,-3848,-6790,1635,pos,0 days 00:30:42.084000,0 days 01:27:39.179000
2024-06-23 13:33:56.877,OnTrack,-4014,-6768,1641,pos,0 days 00:30:42.464000,0 days 01:27:39.559000
2024-06-23 13:33:57.297,OnTrack,-4155,-6792,1647,pos,0 days 00:30:42.884000,0 days 01:27:39.979000
2024-06-23 13:33:57.457,OnTrack,-4225,-6815,1650,pos,0 days 00:30:43.044000,0 days 01:27:40.139000
2024-06-23 13:33:57.716,OnTrack,-4387,-6893,1659,pos,0 days 00:30:43.303000,0 days 01:27:40.398000
2024-06-23 13:33:58.136,OnTrack,-4513,-6972,1667,pos,0 days 00:30:43.723000,0 days 01:27:40.818000
2024-06-23 13:33:58.276,OnTrack,-4623,-7049,1673,pos,0 days 00:30:43.863000,0 days 01:27:40.958000
2024-06-23 13:33:58.696,OnTrack,-4811,-7179,1683,pos,0 days 00:30:44.283000,0 days 01:27:41.378000
2024-06-23 13:33:59.176,OnTrack,-4987,-7286,1693,pos,0 days 00:30:44.763000,0 days 01:27:41.858000
2024-06-23 13:33:59.376,OnTrack,-5156,-7368,1700,pos,0 days 00:30:44.963000,0 days 01:27:42.058000
2024-06-23 13:33:59.796,OnTrack,-5322,-7422,1707,pos,0 days 00:30:45.383000,0 days 01:27:42.478000
2024-06-23 13:33:59.976,OnTrack,-5423,-7443,1712,pos,0 days 00:30:45.563000,0 days 01:27:42.658000
2024-06-23 13:34:00.136,OnTrack,-5512,-7452,1715,pos,0 days 00:30:45.723000,0 days 01:27:42.818000
2024-06-23 13:34:00.356,OnTrack,-5634,-7454,1721,pos,0 days 00:30:45.943000,0 days 01:27:43.038000
2024-06-23 13:34:00.516,OnTrack,-5722,-7447,1725,pos,0 days 00:30:46.103000,0 days 01:27:43.198000
2024-06-23 13:34:00.676,OnTrack,-5809,-7433,1728,pos,0 days 00:30:46.263000,0 days 01:27:43.358000
2024-06-23 13:34:00.876,OnTrack,-5917,-7408,1733,pos,0 days 00:30:46.463000,0 days 01:27:43.558000
2024-06-23 13:34:01.076,OnTrack,-6022,-7373,1737,pos,0 days 00:30:46.663000,0 days 01:27:43.758000
2024-06-23 13:34:01.416,OnTrack,-6192,-7290,1743,pos,0 days 00:30:47.003000,0 days 01:27:44.098000
2024-06-23 13:34:01.576,OnTrack,-6267,-7241,1746,pos,0 days 00:30:47.163000,0 days 01:27:44.258000
2024-06-23 13:34:01.756,OnTrack,-6406,-7120,1752,pos,0 days 00:30:47.343000,0 days 01:27:44.438000
2024-06-23 13:34:02.136,OnTrack,-6496,-7010,1756,pos,0 days 00:30:47.723000,0 days 01:27:44.818000
2024-06-23 13:34:02.476,OnTrack,-6632,-6763,1762,pos,0 days 00:30:48.063000,0 days 01:27:45.158000
2024-06-23 13:34:02.776,OnTrack,-6690,-6581,1765,pos,0 days 00:30:48.363000,0 days 01:27:45.458000
2024-06-23 13:34:03.157,OnTrack,-6721,-6403,1768,pos,0 days 00:30:48.744000,0 days 01:27:45.839000
2024-06-23 13:34:03.377,OnTrack,-6732,-6258,1769,pos,0 days 00:30:48.964000,0 days 01:27:46.059000
2024-06-23 13:34:03.657,OnTrack,-6726,-6016,1773,pos,0 days 00:30:49.244000,0 days 01:27:46.339000
2024-06-23 13:34:03.997,OnTrack,-6710,-5853,1776,pos,0 days 00:30:49.584000,0 days 01:27:46.679000
2024-06-23 13:34:04.296,OnTrack,-6665,-5592,1779,pos,0 days 00:30:49.883000,0 days 01:27:46.978000
2024-06-23 13:34:04.536,OnTrack,-6640,-5481,1781,pos,0 days 00:30:50.123000,0 days 01:27:47.218000
2024-06-23 13:34:04.876,OnTrack,-6554,-5194,1786,pos,0 days 00:30:50.463000,0 days 01:27:47.558000
2024-06-23 13:34:05.256,OnTrack,-6465,-4996,1789,pos,0 days 00:30:50.843000,0 days 01:27:47.938000
2024-06-23 13:34:05.456,OnTrack,-6392,-4868,1791,pos,0 days 00:30:51.043000,0 days 01:27:48.138000
2024-06-23 13:34:05.736,OnTrack,-6278,-4692,1794,pos,0 days 00:30:51.323000,0 days 01:27:48.418000
2024-06-23 13:34:05.916,OnTrack,-6156,-4520,1797,pos,0 days 00:30:51.503000,0 days 01:27:48.598000
2024-06-23 13:34:06.296,OnTrack,-5973,-4261,1801,pos,0 days 00:30:51.883000,0 days 01:27:48.978000
2024-06-23 13:34:06.696,OnTrack,-5871,-4086,1804,pos,0 days 00:30:52.283000,0 days 01:27:49.378000
2024-06-23 13:34:06.936,OnTrack,-5720,-3832,1807,pos,0 days 00:30:52.523000,0 days 01:27:49.618000
2024-06-23 13:34:07.176,OnTrack,-5679,-3766,1809,pos,0 days 00:30:52.763000,0 days 01:27:49.858000
2024-06-23 13:34:07.536,OnTrack,-5508,-3508,1813,pos,0 days 00:30:53.123000,0 days 01:27:50.218000
2024-06-23 13:34:07.996,OnTrack,-5349,-3278,1817,pos,0 days 00:30:53.583000,0 days 01:27:50.678000
2024-06-23 13:34:08.296,OnTrack,-5264,-3166,1818,pos,0 days 00:30:53.883000,0 days 01:27:50.978000
2024-06-23 13:34:08.556,OnTrack,-5143,-3032,1819,pos,0 days 00:30:54.143000,0 days 01:27:51.238000
2024-06-23 13:34:08.856,OnTrack,-5084,-2981,1820,pos,0 days 00:30:54.443000,0 days 01:27:51.538000
2024-06-23 13:34:09.096,OnTrack,-5001,-2923,1821,pos,0 days 00:30:54.683000,0 days 01:27:51.778000
2024-06-23 13:34:09.296,OnTrack,-4929,-2885,1822,pos,0 days 00:30:54.883000,0 days 01:27:51.978000
2024-06-23 13:34:09.496,OnTrack,-4856,-2859,1823,pos,0 days 00:30:55.083000,0 days 01:27:52.178000
2024-06-23 13:34:09.657,OnTrack,-4789,-2845,1824,pos,0 days 00:30:55.244000,0 days 01:27:52.339000
2024-06-23 13:34:09.977,OnTrack,-4670,-2840,1826,pos,0 days 00:30:55.564000,0 days 01:27:52.659000
2024-06-23 13:34:10.177,OnTrack,-4606,-2849,1827,pos,0 days 00:30:55.764000,0 days 01:27:52.859000
2024-06-23 13:34:10.297,OnTrack,-4564,-2858,1828,pos,0 days 00:30:55.884000,0 days 01:27:52.979000
2024-06-23 13:34:10.657,OnTrack,-4446,-2904,1830,pos,0 days 00:30:56.244000,0 days 01:27:53.339000
2024-06-23 13:34:10.856,OnTrack,-4347,-2966,1832,pos,0 days 00:30:56.443000,0 days 01:27:53.538000
2024-06-23 13:34:11.156,OnTrack,-4305,-3004,1833,pos,0 days 00:30:56.743000,0 days 01:27:53.838000
2024-06-23 13:34:11.516,OnTrack,-4218,-3102,1835,pos,0 days 00:30:57.103000,0 days 01:27:54.198000
2024-06-23 13:34:11.696,OnTrack,-4154,-3196,1836,pos,0 days 00:30:57.283000,0 days 01:27:54.378000
2024-06-23 13:34:12.136,OnTrack,-4098,-3310,1837,pos,0 days 00:30:57.723000,0 days 01:27:54.818000
2024-06-23 13:34:12.336,OnTrack,-4070,-3388,1838,pos,0 days 00:30:57.923000,0 days 01:27:55.018000
2024-06-23 13:34:12.516,OnTrack,-4050,-3462,1838,pos,0 days 00:30:58.103000,0 days 01:27:55.198000
2024-06-23 13:34:12.716,OnTrack,-4035,-3551,1839,pos,0 days 00:30:58.303000,0 days 01:27:55.398000
2024-06-23 13:34:12.876,OnTrack,-4027,-3674,1839,pos,0 days 00:30:58.463000,0 days 01:27:55.558000
2024-06-23 13:34:13.356,OnTrack,-4060,-3926,1838,pos,0 days 00:30:58.943000,0 days 01:27:56.038000
2024-06-23 13:34:13.716,OnTrack,-4100,-4050,1836,pos,0 days 00:30:59.303000,0 days 01:27:56.398000
2024-06-23 13:34:13.956,OnTrack,-4176,-4212,1834,pos,0 days 00:30:59.543000,0 days 01:27:56.638000
2024-06-23 13:34:14.216,OnTrack,-4232,-4302,1833,pos,0 days 00:30:59.803000,0 days 01:27:56.898000
2024-06-23 13:34:14.456,OnTrack,-4314,-4420,1830,pos,0 days 00:31:00.043000,0 days 01:27:57.138000
2024-06-23 13:34:14.616,OnTrack,-4370,-4500,1829,pos,0 days 00:31:00.203000,0 days 01:27:57.298000
2024-06-23 13:34:14.876,OnTrack,-4465,-4630,1825,pos,0 days 00:31:00.463000,0 days 01:27:57.558000
2024-06-23 13:34:15.196,OnTrack,-4585,-4794,1821,pos,0 days 00:31:00.783000,0 days 01:27:57.878000
2024-06-23 13:34:15.256,OnTrack,-4608,-4825,1821,pos,0 days 00:31:00.843000,0 days 01:27:57.938000
2024-06-23 13:34:15.596,OnTrack,-4739,-5005,1817,pos,0 days 00:31:01.183000,0 days 01:27:58.278000
2024-06-23 13:34:15.816,OnTrack,-4825,-5122,1814,pos,0 days 00:31:01.403000,0 days 01:27:58.498000
2024-06-23 13:34:15.996,OnTrack,-4932,-5271,1810,pos,0 days 00:31:01.583000,0 days 01:27:58.678000
2024-06-23 13:34:16.397,OnTrack,-5022,-5403,1806,pos,0 days 00:31:01.984000,0 days 01:27:59.079000
2024-06-23 13:34:16.637,OnTrack,-5104,-5537,1801,pos,0 days 00:31:02.224000,0 days 01:27:59.319000
2024-06-23 13:34:16.877,OnTrack,-5129,-5583,1799,pos,0 days 00:31:02.464000,0 days 01:27:59.559000
2024-06-23 13:34:17.077,OnTrack,-5162,-5653,1796,pos,0 days 00:31:02.664000,0 days 01:27:59.759000
2024-06-23 13:34:17.397,OnTrack,-5209,-5786,1791,pos,0 days 00:31:02.984000,0 days 01:28:00.079000
2024-06-23 13:34:17.836,OnTrack,-5227,-5900,1786,pos,0 days 00:31:03.423000,0 days 01:28:00.518000
2024-06-23 13:34:18.036,OnTrack,-5219,-5995,1781,pos,0 days 00:31:03.623000,0 days 01:28:00.718000
2024-06-23 13:34:18.376,OnTrack,-5200,-6055,1778,pos,0 days 00:31:03.963000,0 days 01:28:01.058000
2024-06-23 13:34:18.616,OnTrack,-5168,-6112,1773,pos,0 days 00:31:04.203000,0 days 01:28:01.298000
2024-06-23 13:34:18.776,OnTrack,-5141,-6145,1770,pos,0 days 00:31:04.363000,0 days 01:28:01.458000
2024-06-23 13:34:19.096,OnTrack,-5077,-6197,1767,pos,0 days 00:31:04.683000,0 days 01:28:01.778000
2024-06-23 13:34:19.296,OnTrack,-5033,-6220,1763,pos,0 days 00:31:04.883000,0 days 01:28:01.978000
2024-06-23 13:34:19.316,OnTrack,-5028,-6222,1764,pos,0 days 00:31:04.903000,0 days 01:28:01.998000
2024-06-23 13:34:19.696,OnTrack,-4934,-6247,1759,pos,0 days 00:31:05.283000,0 days 01:28:02.378000
2024-06-23 13:34:19.876,OnTrack,-4848,-6251,1755,pos,0 days 00:31:05.463000,0 days 01:28:02.558000
2024-06-23 13:34:20.336,OnTrack,-4759,-6240,1749,pos,0 days 00:31:05.923000,0 days 01:28:03.018000
2024-06-23 13:34:20.476,OnTrack,-4690,-6223,1744,pos,0 days 00:31:06.063000,0 days 01:28:03.158000
2024-06-23 13:34:20.836,OnTrack,-4612,-6196,1739,pos,0 days 00:31:06.423000,0 days 01:28:03.518000
2024-06-23 13:34:21.016,OnTrack,-4556,-6172,1735,pos,0 days 00:31:06.603000,0 days 01:28:03.698000
2024-06-23 13:34:21.336,OnTrack,-4450,-6121,1729,pos,0 days 00:31:06.923000,0 days 01:28:04.018000
2024-06-23 13:34:21.516,OnTrack,-4386,-6087,1724,pos,0 days 00:31:07.103000,0 days 01:28:04.198000
2024-06-23 13:34:21.776,OnTrack,-4271,-6025,1716,pos,0 days 00:31:07.363000,0 days 01:28:04.458000
2024-06-23 13:34:21.996,OnTrack,-4198,-5984,1711,pos,0 days 00:31:07.583000,0 days 01:28:04.678000
2024-06-23 13:34:22.296,OnTrack,-4067,-5915,1703,pos,0 days 00:31:07.883000,0 days 01:28:04.978000
2024-06-23 13:34:22.576,OnTrack,-3798,-5788,1687,pos,0 days 00:31:08.163000,0 days 01:28:05.258000
2024-06-23 13:34:22.817,OnTrack,-3746,-5766,1684,pos,0 days 00:31:08.404000,0 days 01:28:05.499000
2024-06-23 13:34:23.117,OnTrack,-3531,-5677,1675,pos,0 days 00:31:08.704000,0 days 01:28:05.799000
2024-06-23 13:34:23.617,OnTrack,-3256,-5542,1663,pos,0 days 00:31:09.204000,0 days 01:28:06.299000
2024-06-23 13:34:23.957,OnTrack,-3060,-5418,1657,pos,0 days 00:31:09.544000,0 days 01:28:06.639000
2024-06-23 13:34:24.336,OnTrack,-2935,-5320,1654,pos,0 days 00:31:09.923000,0 days 01:28:07.018000
2024-06-23 13:34:24.496,OnTrack,-2854,-5249,1652,pos,0 days 00:31:10.083000,0 days 01:28:07.178000
2024-06-23 13:34:24.696,OnTrack,-2756,-5153,1651,pos,0 days 00:31:10.283000,0 days 01:28:07.378000
2024-06-23 13:34:24.996,OnTrack,-2620,-4996,1651,pos,0 days 00:31:10.583000,0 days 01:28:07.678000
2024-06-23 13:34:25.176,OnTrack,-2485,-4815,1651,pos,0 days 00:31:10.763000,0 days 01:28:07.858000
2024-06-23 13:34:25.536,OnTrack,-2400,-4693,1651,pos,0 days 00:31:11.123000,0 days 01:28:08.218000
2024-06-23 13:34:25.696,OnTrack,-2344,-4611,1652,pos,0 days 00:31:11.283000,0 days 01:28:08.378000
2024-06-23 13:34:26.036,OnTrack,-2237,-4454,1654,pos,0 days 00:31:11.623000,0 days 01:28:08.718000
2024-06-23 13:34:26.276,OnTrack,-2173,-4353,1658,pos,0 days 00:31:11.863000,0 days 01:28:08.958000
2024-06-23 13:34:26.356,OnTrack,-2155,-4320,1659,pos,0 days 00:31:11.943000,0 days 01:28:09.038000
2024-06-23 13:34:26.596,OnTrack,-2115,-4226,1661,pos,0 days 00:31:12.183000,0 days 01:28:09.278000
2024-06-23 13:34:26.756,OnTrack,-2099,-4161,1661,pos,0 days 00:31:12.343000,0 days 01:28:09.438000
2024-06-23 13:34:27.096,OnTrack,-2083,-3988,1665,pos,0 days 00:31:12.683000,0 days 01:28:09.778000
2024-06-23 13:34:27.376,OnTrack,-2086,-3909,1667,pos,0 days 00:31:12.963000,0 days 01:28:10.058000
2024-06-23 13:34:27.636,OnTrack,-2100,-3811,1673,pos,0 days 00:31:13.223000,0 days 01:28:10.318000
2024-06-23 13:34:27.876,OnTrack,-2143,-3703,1680,pos,0 days 00:31:13.463000,0 days 01:28:10.558000
2024-06-23 13:34:28.216,OnTrack,-2200,-3625,1683,pos,0 days 00:31:13.803000,0 days 01:28:10.898000
2024-06-23 13:34:28.356,OnTrack,-2237,-3587,1686,pos,0 days 00:31:13.943000,0 days 01:28:11.038000
2024-06-23 13:34:28.736,OnTrack,-2354,-3495,1692,pos,0 days 00:31:14.323000,0 days 01:28:11.418000
2024-06-23 13:34:28.896,OnTrack,-2408,-3458,1694,pos,0 days 00:31:14.483000,0 days 01:28:11.578000
2024-06-23 13:34:29.136,OnTrack,-2488,-3398,1700,pos,0 days 00:31:14.723000,0 days 01:28:11.818000
2024-06-23 13:34:29.317,OnTrack,-2555,-3340,1706,pos,0 days 00:31:14.904000,0 days 01:28:11.999000
2024-06-23 13:34:29.497,OnTrack,-2614,-3281,1711,pos,0 days 00:31:15.084000,0 days 01:28:12.179000
2024-06-23 13:34:29.677,OnTrack,-2670,-3215,1717,pos,0 days 00:31:15.264000,0 days 01:28:12.359000
2024-06-23 13:34:29.877,OnTrack,-2721,-3142,1725,pos,0 days 00:31:15.464000,0 days 01:28:12.559000
2024-06-23 13:34:30.077,OnTrack,-2772,-3053,1730,pos,0 days 00:31:15.664000,0 days 01:28:12.759000
2024-06-23 13:34:30.277,OnTrack,-2819,-2957,1737,pos,0 days 00:31:15.864000,0 days 01:28:12.959000
2024-06-23 13:34:30.477,OnTrack,-2865,-2856,1744,pos,0 days 00:31:16.064000,0 days 01:28:13.159000
2024-06-23 13:34:30.796,OnTrack,-2940,-2690,1755,pos,0 days 00:31:16.383000,0 days 01:28:13.478000
2024-06-23 13:34:31.156,OnTrack,-3033,-2497,1768,pos,0 days 00:31:16.743000,0 days 01:28:13.838000
2024-06-23 13:34:31.356,OnTrack,-3086,-2386,1775,pos,0 days 00:31:16.943000,0 days 01:28:14.038000
2024-06-23 13:34:31.596,OnTrack,-3151,-2247,1784,pos,0 days 00:31:17.183000,0 days 01:28:14.278000
2024-06-23 13:34:31.996,OnTrack,-3257,-2024,1799,pos,0 days 00:31:17.583000,0 days 01:28:14.678000
2024-06-23 13:34:32.196,OnTrack,-3355,-1821,1812,pos,0 days 00:31:17.783000,0 days 01:28:14.878000
2024-06-23 13:34:32.596,OnTrack,-3438,-1624,1825,pos,0 days 00:31:18.183000,0 days 01:28:15.278000
2024-06-23 13:34:32.836,OnTrack,-3474,-1511,1832,pos,0 days 00:31:18.423000,0 days 01:28:15.518000
2024-06-23 13:34:33.056,OnTrack,-3500,-1374,1839,pos,0 days 00:31:18.643000,0 days 01:28:15.738000
2024-06-23 13:34:33.416,OnTrack,-3504,-1147,1847,pos,0 days 00:31:19.003000,0 days 01:28:16.098000
2024-06-23 13:34:33.476,OnTrack,-3501,-1110,1849,pos,0 days 00:31:19.063000,0 days 01:28:16.158000
2024-06-23 13:34:33.656,OnTrack,-3486,-1000,1854,pos,0 days 00:31:19.243000,0 days 01:28:16.338000
2024-06-23 13:34:33.916,OnTrack,-3452,-848,1859,pos,0 days 00:31:19.503000,0 days 01:28:16.598000
2024-06-23 13:34:34.076,OnTrack,-3422,-757,1862,pos,0 days 00:31:19.663000,0 days 01:28:16.758000
2024-06-23 13:34:34.396,OnTrack,-3345,-583,1868,pos,0 days 00:31:19.983000,0 days 01:28:17.078000
2024-06-23 13:34:34.656,OnTrack,-3230,-417,1872,pos,0 days 00:31:20.243000,0 days 01:28:17.338000
2024-06-23 13:34:34.836,OnTrack,-3152,-343,1874,pos,0 days 00:31:20.423000,0 days 01:28:17.518000
2024-06-23 13:34:35.036,OnTrack,-2979,-237,1874,pos,0 days 00:31:20.623000,0 days 01:28:17.718000
2024-06-23 13:34:35.416,OnTrack,-2822,-170,1874,pos,0 days 00:31:21.003000,0 days 01:28:18.098000
2024-06-23 13:34:35.716,OnTrack,-2602,-82,1871,pos,0 days 00:31:21.303000,0 days 01:28:18.398000
2024-06-23 13:34:36.057,OnTrack,-2355,29,1868,pos,0 days 00:31:21.644000,0 days 01:28:18.739000
2024-06-23 13:34:36.457,OnTrack,-2180,112,1866,pos,0 days 00:31:22.044000,0 days 01:28:19.139000
2024-06-23 13:34:36.637,OnTrack,-2066,166,1864,pos,0 days 00:31:22.224000,0 days 01:28:19.319000
2024-06-23 13:34:36.857,OnTrack,-1847,269,1861,pos,0 days 00:31:22.444000,0 days 01:28:19.539000
2024-06-23 13:34:37.177,OnTrack,-1716,331,1860,pos,0 days 00:31:22.764000,0 days 01:28:19.859000
2024-06-23 13:34:37.556,OnTrack,-1464,451,1856,pos,0 days 00:31:23.143000,0 days 01:28:20.238000
2024-06-23 13:34:37.596,OnTrack,-1437,464,1856,pos,0 days 00:31:23.183000,0 days 01:28:20.278000
2024-06-23 13:34:37.936,OnTrack,-1208,574,1853,pos,0 days 00:31:23.523000,0 days 01:28:20.618000
2024-06-23 13:34:38.156,OnTrack,-1069,644,1851,pos,0 days 00:31:23.743000,0 days 01:28:20.838000
2024-06-23 13:34:38.316,OnTrack,-878,744,1849,pos,0 days 00:31:23.903000,0 days 01:28:20.998000
2024-06-23 13:34:38.776,OnTrack,-646,868,1846,pos,0 days 00:31:24.363000,0 days 01:28:21.458000
2024-06-23 13:34:38.996,OnTrack,-398,1000,1842,pos,0 days 00:31:24.583000,0 days 01:28:21.678000
2024-06-23 13:34:39.316,OnTrack,-273,1067,1841,pos,0 days 00:31:24.903000,0 days 01:28:21.998000
2024-06-23 13:34:39.516,OnTrack,-133,1142,1839,pos,0 days 00:31:25.103000,0 days 01:28:22.198000
2024-06-23 13:34:39.736,OnTrack,21,1224,1836,pos,0 days 00:31:25.323000,0 days 01:28:22.418000
2024-06-23 13:34:39.936,OnTrack,162,1299,1835,pos,0 days 00:31:25.523000,0 days 01:28:22.618000
2024-06-23 13:34:40.116,OnTrack,288,1365,1833,pos,0 days 00:31:25.703000,0 days 01:28:22.798000
2024-06-23 13:34:40.436,OnTrack,413,1428,1831,pos,0 days 00:31:26.023000,0 days 01:28:23.118000
2024-06-23 13:34:40.616,OnTrack,570,1503,1829,pos,0 days 00:31:26.203000,0 days 01:28:23.298000
2024-06-23 13:34:40.796,OnTrack,705,1560,1827,pos,0 days 00:31:26.383000,0 days 01:28:23.478000
2024-06-23 13:34:41.036,OnTrack,883,1631,1826,pos,0 days 00:31:26.623000,0 days 01:28:23.718000
2024-06-23 13:34:41.436,OnTrack,1022,1688,1824,pos,0 days 00:31:27.023000,0 days 01:28:24.118000
2024-06-23 13:34:41.516,OnTrack,1056,1702,1823,pos,0 days 00:31:27.103000,0 days 01:28:24.198000
2024-06-23 13:34:41.876,OnTrack,1228,1785,1821,pos,0 days 00:31:27.463000,0 days 01:28:24.558000
2024-06-23 13:34:42.216,OnTrack,1300,1832,1821,pos,0 days 00:31:27.803000,0 days 01:28:24.898000
2024-06-23 13:34:42.457,OnTrack,1367,1890,1820,pos,0 days 00:31:28.044000,0 days 01:28:25.139000
2024-06-23 13:34:42.717,OnTrack,1429,1978,1818,pos,0 days 00:31:28.304000,0 days 01:28:25.399000
2024-06-23 13:34:43.037,OnTrack,1453,2042,1818,pos,0 days 00:31:28.624000,0 days 01:28:25.719000
2024-06-23 13:34:43.257,OnTrack,1463,2111,1817,pos,0 days 00:31:28.844000,0 days 01:28:25.939000
2024-06-23 13:34:43.557,OnTrack,1457,2201,1817,pos,0 days 00:31:29.144000,0 days 01:28:26.239000
2024-06-23 13:34:43.637,OnTrack,1452,2225,1817,pos,0 days 00:31:29.224000,0 days 01:28:26.319000
2024-06-23 13:34:43.956,OnTrack,1412,2332,1819,pos,0 days 00:31:29.543000,0 days 01:28:26.638000
2024-06-23 13:34:44.396,OnTrack,1360,2418,1822,pos,0 days 00:31:29.983000,0 days 01:28:27.078000
2024-06-23 13:34:44.556,OnTrack,1333,2453,1823,pos,0 days 00:31:30.143000,0 days 01:28:27.238000
2024-06-23 13:34:44.656,OnTrack,1315,2474,1824,pos,0 days 00:31:30.243000,0 days 01:28:27.338000
2024-06-23 13:34:44.876,OnTrack,1271,2516,1825,pos,0 days 00:31:30.463000,0 days 01:28:27.558000
2024-06-23 13:34:45.156,OnTrack,1208,2563,1827,pos,0 days 00:31:30.743000,0 days 01:28:27.838000
2024-06-23 13:34:45.336,OnTrack,1163,2589,1828,pos,0 days 00:31:30.923000,0 days 01:28:28.018000
2024-06-23 13:34:45.536,OnTrack,1107,2612,1829,pos,0 days 00:31:31.123000,0 days 01:28:28.218000
2024-06-23 13:34:45.716,OnTrack,1054,2629,1830,pos,0 days 00:31:31.303000,0 days 01:28:28.398000
2024-06-23 13:34:45.916,OnTrack,991,2643,1832,pos,0 days 00:31:31.503000,0 days 01:28:28.598000
2024-06-23 13:34:46.136,OnTrack,917,2654,1833,pos,0 days 00:31:31.723000,0 days 01:28:28.818000
2024-06-23 13:34:46.396,OnTrack,824,2660,1835,pos,0 days 00:31:31.983000,0 days 01:28:29.078000
2024-06-23 13:34:46.596,OnTrack,749,2657,1836,pos,0 days 00:31:32.183000,0 days 01:28:29.278000
2024-06-23 13:34:46.816,OnTrack,663,2648,1839,pos,0 days 00:31:32.403000,0 days 01:28:29.498000
2024-06-23 13:34:46.996,OnTrack,589,2633,1840,pos,0 days 00:31:32.583000,0 days 01:28:29.678000
2024-06-23 13:34:47.176,OnTrack,514,2612,1842,pos,0 days 00:31:32.763000,0 days 01:28:29.858000
2024-06-23 13:34:47.356,OnTrack,438,2585,1845,pos,0 days 00:31:32.943000,0 days 01:28:30.038000
2024-06-23 13:34:47.536,OnTrack,361,2550,1848,pos,0 days 00:31:33.123000,0 days 01:28:30.218000
2024-06-23 13:34:47.856,OnTrack,224,2472,1855,pos,0 days 00:31:33.443000,0 days 01:28:30.538000
2024-06-23 13:34:48.016,OnTrack,155,2426,1859,pos,0 days 00:31:33.603000,0 days 01:28:30.698000
2024-06-23 13:34:48.276,OnTrack,40,2345,1865,pos,0 days 00:31:33.863000,0 days 01:28:30.958000
2024-06-23 13:34:48.496,OnTrack,-58,2278,1870,pos,0 days 00:31:34.083000,0 days 01:28:31.178000
2024-06-23 13:34:48.656,OnTrack,-130,2238,1873,pos,0 days 00:31:34.243000,0 days 01:28:31.338000
2024-06-23 13:34:48.836,OnTrack,-209,2201,1876,pos,0 days 00:31:34.423000,0 days 01:28:31.518000
2024-06-23 13:34:49.117,OnTrack,-335,2156,1880,pos,0 days 00:31:34.704000,0 days 01:28:31.799000
2024-06-23 13:34:49.297,OnTrack,-449,2131,1885,pos,0 days 00:31:34.884000,0 days 01:28:31.979000
2024-06-23 13:34:49.717,OnTrack,-564,2122,1891,pos,0 days 00:31:35.304000,0 days 01:28:32.399000
2024-06-23 13:34:49.937,OnTrack,-687,2132,1897,pos,0 days 00:31:35.524000,0 days 01:28:32.619000
2024-06-23 13:34:50.217,OnTrack,-741,2145,1899,pos,0 days 00:31:35.804000,0 days 01:28:32.899000
2024-06-23 13:34:50.377,OnTrack,-791,2164,1902,pos,0 days 00:31:35.964000,0 days 01:28:33.059000
2024-06-23 13:34:50.716,OnTrack,-886,2223,1906,pos,0 days 00:31:36.303000,0 days 01:28:33.398000
2024-06-23 13:34:50.876,OnTrack,-952,2293,1908,pos,0 days 00:31:36.463000,0 days 01:28:33.558000
2024-06-23 13:34:51.356,OnTrack,-1006,2384,1911,pos,0 days 00:31:36.943000,0 days 01:28:34.038000
2024-06-23 13:34:51.556,OnTrack,-1027,2440,1912,pos,0 days 00:31:37.143000,0 days 01:28:34.238000
2024-06-23 13:34:51.656,OnTrack,-1035,2469,1912,pos,0 days 00:31:37.243000,0 days 01:28:34.338000
2024-06-23 13:34:51.876,OnTrack,-1047,2534,1913,pos,0 days 00:31:37.463000,0 days 01:28:34.558000
2024-06-23 13:34:52.136,OnTrack,-1048,2657,1915,pos,0 days 00:31:37.723000,0 days 01:28:34.818000
2024-06-23 13:34:52.456,OnTrack,-1041,2714,1916,pos,0 days 00:31:38.043000,0 days 01:28:35.138000
2024-06-23 13:34:52.736,OnTrack,-1020,2803,1917,pos,0 days 00:31:38.323000,0 days 01:28:35.418000
2024-06-23 13:34:52.956,OnTrack,-980,2905,1919,pos,0 days 00:31:38.543000,0 days 01:28:35.638000
2024-06-23 13:34:53.356,OnTrack,-929,3000,1921,pos,0 days 00:31:38.943000,0 days 01:28:36.038000
2024-06-23 13:34:53.576,OnTrack,-836,3126,1922,pos,0 days 00:31:39.163000,0 days 01:28:36.258000
2024-06-23 13:34:53.636,OnTrack,-820,3144,1922,pos,0 days 00:31:39.223000,0 days 01:28:36.318000
2024-06-23 13:34:53.936,OnTrack,-732,3230,1923,pos,0 days 00:31:39.523000,0 days 01:28:36.618000
2024-06-23 13:34:54.156,OnTrack,-661,3291,1922,pos,0 days 00:31:39.743000,0 days 01:28:36.838000
2024-06-23 13:34:54.316,OnTrack,-605,3337,1922,pos,0 days 00:31:39.903000,0 days 01:28:36.998000
2024-06-23 13:34:54.536,OnTrack,-523,3401,1921,pos,0 days 00:31:40.123000,0 days 01:28:37.218000
2024-06-23 13:34:54.696,OnTrack,-460,3449,1920,pos,0 days 00:31:40.283000,0 days 01:28:37.378000
2024-06-23 13:34:55.036,OnTrack,-323,3560,1917,pos,0 days 00:31:40.623000,0 days 01:28:37.718000
2024-06-23 13:34:55.236,OnTrack,-188,3675,1914,pos,0 days 00:31:40.823000,0 days 01:28:37.918000
2024-06-23 13:34:55.536,OnTrack,-109,3742,1911,pos,0 days 00:31:41.123000,0 days 01:28:38.218000
2024-06-23 13:34:55.797,OnTrack,17,3848,1907,pos,0 days 00:31:41.384000,0 days 01:28:38.479000
2024-06-23 13:34:56.017,OnTrack,194,3979,1898,pos,0 days 00:31:41.604000,0 days 01:28:38.699000
2024-06-23 13:34:56.297,OnTrack,257,4018,1895,pos,0 days 00:31:41.884000,0 days 01:28:38.979000
2024-06-23 13:34:56.557,OnTrack,403,4087,1889,pos,0 days 00:31:42.144000,0 days 01:28:39.239000
2024-06-23 13:34:56.797,OnTrack,561,4129,1881,pos,0 days 00:31:42.384000,0 days 01:28:39.479000
2024-06-23 13:34:57.096,OnTrack,839,4130,1867,pos,0 days 00:31:42.683000,0 days 01:28:39.778000
2024-06-23 13:34:57.316,OnTrack,905,4119,1863,pos,0 days 00:31:42.903000,0 days 01:28:39.998000
2024-06-23 13:34:57.596,OnTrack,1084,4071,1852,pos,0 days 00:31:43.183000,0 days 01:28:40.278000
2024-06-23 13:34:57.796,OnTrack,1210,4020,1845,pos,0 days 00:31:43.383000,0 days 01:28:40.478000
2024-06-23 13:34:58.116,OnTrack,1405,3922,1833,pos,0 days 00:31:43.703000,0 days 01:28:40.798000
2024-06-23 13:34:58.276,OnTrack,1572,3823,1824,pos,0 days 00:31:43.863000,0 days 01:28:40.958000
2024-06-23 13:34:58.736,OnTrack,1774,3694,1811,pos,0 days 00:31:44.323000,0 days 01:28:41.418000
2024-06-23 13:34:58.796,OnTrack,1810,3671,1810,pos,0 days 00:31:44.383000,0 days 01:28:41.478000
2024-06-23 13:34:59.056,OnTrack,1967,3571,1801,pos,0 days 00:31:44.643000,0 days 01:28:41.738000
2024-06-23 13:34:59.236,OnTrack,2077,3500,1794,pos,0 days 00:31:44.823000,0 days 01:28:41.918000
2024-06-23 13:34:59.436,OnTrack,2199,3422,1787,pos,0 days 00:31:45.023000,0 days 01:28:42.118000
2024-06-23 13:34:59.596,OnTrack,2296,3357,1782,pos,0 days 00:31:45.183000,0 days 01:28:42.278000
2024-06-23 13:34:59.856,OnTrack,2446,3247,1774,pos,0 days 00:31:45.443000,0 days 01:28:42.538000
2024-06-23 13:35:00.016,OnTrack,2527,3177,1770,pos,0 days 00:31:45.603000,0 days 01:28:42.698000
2024-06-23 13:35:00.276,OnTrack,2648,3054,1763,pos,0 days 00:31:45.863000,0 days 01:28:42.958000
2024-06-23 13:35:00.516,OnTrack,2771,2879,1756,pos,0 days 00:31:46.103000,0 days 01:28:43.198000
2024-06-23 13:35:00.956,OnTrack,2865,2601,1748,pos,0 days 00:31:46.543000,0 days 01:28:43.638000
2024-06-23 13:35:01.256,OnTrack,2881,2487,1744,pos,0 days 00:31:46.843000,0 days 01:28:43.938000
2024-06-23 13:35:01.556,OnTrack,2878,2299,1741,pos,0 days 00:31:47.143000,0 days 01:28:44.238000
2024-06-23 13:35:01.756,OnTrack,2856,2172,1738,pos,0 days 00:31:47.343000,0 days 01:28:44.438000
2024-06-23 13:35:02.036,OnTrack,2799,1999,1735,pos,0 days 00:31:47.623000,0 days 01:28:44.718000
2024-06-23 13:35:02.217,OnTrack,2724,1845,1733,pos,0 days 00:31:47.804000,0 days 01:28:44.899000
2024-06-23 13:35:02.637,OnTrack,2586,1613,1730,pos,0 days 00:31:48.224000,0 days 01:28:45.319000
2024-06-23 13:35:02.957,OnTrack,2504,1486,1728,pos,0 days 00:31:48.544000,0 days 01:28:45.639000
2024-06-23 13:35:03.197,OnTrack,2412,1346,1725,pos,0 days 00:31:48.784000,0 days 01:28:45.879000
2024-06-23 13:35:03.477,OnTrack,2303,1179,1722,pos,0 days 00:31:49.064000,0 days 01:28:46.159000
2024-06-23 13:35:03.636,OnTrack,2200,1021,1719,pos,0 days 00:31:49.223000,0 days 01:28:46.318000
2024-06-23 13:35:04.036,OnTrack,2081,837,1716,pos,0 days 00:31:49.623000,0 days 01:28:46.718000
2024-06-23 13:35:04.296,OnTrack,1935,613,1713,pos,0 days 00:31:49.883000,0 days 01:28:46.978000
2024-06-23 13:35:04.596,OnTrack,1852,486,1711,pos,0 days 00:31:50.183000,0 days 01:28:47.278000
2024-06-23 13:35:04.836,OnTrack,1752,334,1709,pos,0 days 00:31:50.423000,0 days 01:28:47.518000
2024-06-23 13:35:04.996,OnTrack,1680,223,1708,pos,0 days 00:31:50.583000,0 days 01:28:47.678000
2024-06-23 13:35:05.216,OnTrack,1589,80,1707,pos,0 days 00:31:50.803000,0 days 01:28:47.898000
2024-06-23 13:35:05.376,OnTrack,1519,-27,1708,pos,0 days 00:31:50.963000,0 days 01:28:48.058000
2024-06-23 13:35:05.696,OnTrack,1384,-239,1707,pos,0 days 00:31:51.283000,0 days 01:28:48.378000
2024-06-23 13:35:05.936,OnTrack,1256,-438,1707,pos,0 days 00:31:51.523000,0 days 01:28:48.618000
2024-06-23 13:35:06.276,OnTrack,1137,-627,1708,pos,0 days 00:31:51.863000,0 days 01:28:48.958000
2024-06-23 13:35:06.496,OnTrack,1042,-776,1708,pos,0 days 00:31:52.083000,0 days 01:28:49.178000
2024-06-23 13:35:06.676,OnTrack,964,-898,1708,pos,0 days 00:31:52.263000,0 days 01:28:49.358000
2024-06-23 13:35:06.956,OnTrack,842,-1090,1708,pos,0 days 00:31:52.543000,0 days 01:28:49.638000
2024-06-23 13:35:07.156,OnTrack,755,-1228,1708,pos,0 days 00:31:52.743000,0 days 01:28:49.838000
2024-06-23 13:35:07.396,OnTrack,605,-1463,1707,pos,0 days 00:31:52.983000,0 days 01:28:50.078000
2024-06-23 13:35:07.776,OnTrack,481,-1659,1708,pos,0 days 00:31:53.363000,0 days 01:28:50.458000
2024-06-23 13:35:07.996,OnTrack,384,-1813,1708,pos,0 days 00:31:53.583000,0 days 01:28:50.678000
2024-06-23 13:35:08.196,OnTrack,259,-2010,1708,pos,0 days 00:31:53.783000,0 days 01:28:50.878000
2024-06-23 13:35:08.496,OnTrack,160,-2165,1708,pos,0 days 00:31:54.083000,0 days 01:28:51.178000
2024-06-23 13:35:08.837,OnTrack,-1,-2420,1707,pos,0 days 00:31:54.424000,0 days 01:28:51.519000
2024-06-23 13:35:08.937,OnTrack,-47,-2491,1707,pos,0 days 00:31:54.524000,0 days 01:28:51.619000
2024-06-23 13:35:09.197,OnTrack,-153,-2655,1706,pos,0 days 00:31:54.784000,0 days 01:28:51.879000
2024-06-23 13:35:09.377,OnTrack,-274,-2838,1704,pos,0 days 00:31:54.964000,0 days 01:28:52.059000
2024-06-23 13:35:09.777,OnTrack,-415,-3050,1702,pos,0 days 00:31:55.364000,0 days 01:28:52.459000
2024-06-23 13:35:09.997,OnTrack,-518,-3206,1700,pos,0 days 00:31:55.584000,0 days 01:28:52.679000
2024-06-23 13:35:10.216,OnTrack,-622,-3361,1697,pos,0 days 00:31:55.803000,0 days 01:28:52.898000
2024-06-23 13:35:10.456,OnTrack,-736,-3531,1694,pos,0 days 00:31:56.043000,0 days 01:28:53.138000
2024-06-23 13:35:10.716,OnTrack,-917,-3801,1688,pos,0 days 00:31:56.303000,0 days 01:28:53.398000
2024-06-23 13:35:11.096,OnTrack,-1040,-3985,1684,pos,0 days 00:31:56.683000,0 days 01:28:53.778000
2024-06-23 13:35:11.276,OnTrack,-1183,-4198,1678,pos,0 days 00:31:56.863000,0 days 01:28:53.958000
2024-06-23 13:35:11.536,OnTrack,-1250,-4298,1675,pos,0 days 00:31:57.123000,0 days 01:28:54.218000
2024-06-23 13:35:11.876,OnTrack,-1413,-4539,1668,pos,0 days 00:31:57.463000,0 days 01:28:54.558000
2024-06-23 13:35:11.976,OnTrack,-1460,-4610,1666,pos,0 days 00:31:57.563000,0 days 01:28:54.658000
2024-06-23 13:35:12.176,OnTrack,-1552,-4748,1662,pos,0 days 00:31:57.763000,0 days 01:28:54.858000
2024-06-23 13:35:12.396,OnTrack,-1654,-4902,1658,pos,0 days 00:31:57.983000,0 days 01:28:55.078000
2024-06-23 13:35:12.716,OnTrack,-1878,-5266,1650,pos,0 days 00:31:58.303000,0 days 01:28:55.398000
2024-06-23 13:35:12.976,OnTrack,-1930,-5355,1648,pos,0 days 00:31:58.563000,0 days 01:28:55.658000
2024-06-23 13:35:13.356,OnTrack,-2099,-5652,1644,pos,0 days 00:31:58.943000,0 days 01:28:56.038000
2024-06-23 13:35:13.616,OnTrack,-2198,-5831,1641,pos,0 days 00:31:59.203000,0 days 01:28:56.298000
2024-06-23 13:35:13.776,OnTrack,-2264,-5950,1640,pos,0 days 00:31:59.363000,0 days 01:28:56.458000
2024-06-23 13:35:14.036,OnTrack,-2369,-6137,1637,pos,0 days 00:31:59.623000,0 days 01:28:56.718000
2024-06-23 13:35:14.336,OnTrack,-2520,-6388,1634,pos,0 days 00:31:59.923000,0 days 01:28:57.018000
2024-06-23 13:35:14.756,OnTrack,-2624,-6540,1632,pos,0 days 00:32:00.343000,0 days 01:28:57.438000
2024-06-23 13:35:14.916,OnTrack,-2677,-6610,1631,pos,0 days 00:32:00.503000,0 days 01:28:57.598000
2024-06-23 13:35:15.176,OnTrack,-2761,-6710,1629,pos,0 days 00:32:00.763000,0 days 01:28:57.858000
2024-06-23 13:35:15.357,OnTrack,-2857,-6808,1627,pos,0 days 00:32:00.944000,0 days 01:28:58.039000
2024-06-23 13:35:15.637,OnTrack,-2916,-6859,1625,pos,0 days 00:32:01.224000,0 days 01:28:58.319000
2024-06-23 13:35:15.917,OnTrack,-3004,-6920,1623,pos,0 days 00:32:01.504000,0 days 01:28:58.599000
2024-06-23 13:35:16.237,OnTrack,-3116,-6973,1623,pos,0 days 00:32:01.824000,0 days 01:28:58.919000
2024-06-23 13:35:16.417,OnTrack,-3227,-6994,1624,pos,0 days 00:32:02.004000,0 days 01:28:59.099000
2024-06-23 13:35:16.856,OnTrack,-3348,-6986,1626,pos,0 days 00:32:02.443000,0 days 01:28:59.538000
2024-06-23 13:35:16.996,OnTrack,-3399,-6975,1627,pos,0 days 00:32:02.583000,0 days 01:28:59.678000
2024-06-23 13:35:17.256,OnTrack,-3529,-6926,1630,pos,0 days 00:32:02.843000,0 days 01:28:59.938000
2024-06-23 13:35:17.536,OnTrack,-3593,-6897,1631,pos,0 days 00:32:03.123000,0 days 01:29:00.218000
2024-06-23 13:35:17.816,OnTrack,-3694,-6850,1632,pos,0 days 00:32:03.403000,0 days 01:29:00.498000
2024-06-23 13:35:18.116,OnTrack,-3810,-6802,1635,pos,0 days 00:32:03.703000,0 days 01:29:00.798000
2024-06-23 13:35:18.276,OnTrack,-3875,-6782,1636,pos,0 days 00:32:03.863000,0 days 01:29:00.958000
2024-06-23 13:35:18.496,OnTrack,-3967,-6768,1640,pos,0 days 00:32:04.083000,0 days 01:29:01.178000
2024-06-23 13:35:18.736,OnTrack,-4072,-6773,1644,pos,0 days 00:32:04.323000,0 days 01:29:01.418000
2024-06-23 13:35:18.916,OnTrack,-4151,-6791,1647,pos,0 days 00:32:04.503000,0 days 01:29:01.598000
2024-06-23 13:35:19.096,OnTrack,-4273,-6835,1653,pos,0 days 00:32:04.683000,0 days 01:29:01.778000
2024-06-23 13:35:19.416,OnTrack,-4349,-6872,1656,pos,0 days 00:32:05.003000,0 days 01:29:02.098000
2024-06-23 13:35:19.716,OnTrack,-4457,-6935,1663,pos,0 days 00:32:05.303000,0 days 01:29:02.398000
2024-06-23 13:35:19.976,OnTrack,-4565,-7008,1670,pos,0 days 00:32:05.563000,0 days 01:29:02.658000
2024-06-23 13:35:20.156,OnTrack,-4666,-7080,1675,pos,0 days 00:32:05.743000,0 days 01:29:02.838000
2024-06-23 13:35:20.436,OnTrack,-4763,-7148,1681,pos,0 days 00:32:06.023000,0 days 01:29:03.118000
2024-06-23 13:35:20.616,OnTrack,-4847,-7203,1685,pos,0 days 00:32:06.203000,0 days 01:29:03.298000
2024-06-23 13:35:20.876,OnTrack,-4975,-7279,1692,pos,0 days 00:32:06.463000,0 days 01:29:03.558000
2024-06-23 13:35:21.176,OnTrack,-5186,-7379,1701,pos,0 days 00:32:06.763000,0 days 01:29:03.858000
2024-06-23 13:35:21.496,OnTrack,-5308,-7419,1707,pos,0 days 00:32:07.083000,0 days 01:29:04.178000
2024-06-23 13:35:21.696,OnTrack,-5423,-7443,1712,pos,0 days 00:32:07.283000,0 days 01:29:04.378000
2024-06-23 13:35:21.897,OnTrack,-5550,-7454,1717,pos,0 days 00:32:07.484000,0 days 01:29:04.579000
2024-06-23 13:35:22.157,OnTrack,-5699,-7449,1724,pos,0 days 00:32:07.744000,0 days 01:29:04.839000
2024-06-23 13:35:22.377,OnTrack,-5822,-7431,1729,pos,0 days 00:32:07.964000,0 days 01:29:05.059000
2024-06-23 13:35:22.637,OnTrack,-6010,-7377,1736,pos,0 days 00:32:08.224000,0 days 01:29:05.319000
2024-06-23 13:35:22.877,OnTrack,-6071,-7352,1738,pos,0 days 00:32:08.464000,0 days 01:29:05.559000
2024-06-23 13:35:23.057,OnTrack,-6160,-7308,1742,pos,0 days 00:32:08.644000,0 days 01:29:05.739000
2024-06-23 13:35:23.396,OnTrack,-6317,-7202,1748,pos,0 days 00:32:08.983000,0 days 01:29:06.078000
2024-06-23 13:35:23.636,OnTrack,-6454,-7065,1755,pos,0 days 00:32:09.223000,0 days 01:29:06.318000
2024-06-23 13:35:24.036,OnTrack,-6555,-6919,1758,pos,0 days 00:32:09.623000,0 days 01:29:06.718000
2024-06-23 13:35:24.216,OnTrack,-6630,-6766,1762,pos,0 days 00:32:09.803000,0 days 01:29:06.898000
2024-06-23 13:35:24.496,OnTrack,-6668,-6661,1764,pos,0 days 00:32:10.083000,0 days 01:29:07.178000
2024-06-23 13:35:24.796,OnTrack,-6711,-6475,1767,pos,0 days 00:32:10.383000,0 days 01:29:07.478000
2024-06-23 13:35:25.036,OnTrack,-6729,-6320,1769,pos,0 days 00:32:10.623000,0 days 01:29:07.718000
2024-06-23 13:35:25.096,OnTrack,-6731,-6281,1769,pos,0 days 00:32:10.683000,0 days 01:29:07.778000
2024-06-23 13:35:25.416,OnTrack,-6724,-5988,1774,pos,0 days 00:32:11.003000,0 days 01:29:08.098000
2024-06-23 13:35:25.896,OnTrack,-6691,-5730,1777,pos,0 days 00:32:11.483000,0 days 01:29:08.578000
2024-06-23 13:35:26.276,OnTrack,-6616,-5389,1782,pos,0 days 00:32:11.863000,0 days 01:29:08.958000
2024-06-23 13:35:26.576,OnTrack,-6584,-5280,1785,pos,0 days 00:32:12.163000,0 days 01:29:09.258000
2024-06-23 13:35:26.896,OnTrack,-6481,-5028,1789,pos,0 days 00:32:12.483000,0 days 01:29:09.578000
2024-06-23 13:35:27.296,OnTrack,-6357,-4811,1792,pos,0 days 00:32:12.883000,0 days 01:29:09.978000
2024-06-23 13:35:27.496,OnTrack,-6274,-4687,1794,pos,0 days 00:32:13.083000,0 days 01:29:10.178000
2024-06-23 13:35:27.676,OnTrack,-6197,-4577,1796,pos,0 days 00:32:13.263000,0 days 01:29:10.358000
2024-06-23 13:35:27.856,OnTrack,-6117,-4466,1798,pos,0 days 00:32:13.443000,0 days 01:29:10.538000
2024-06-23 13:35:28.036,OnTrack,-6038,-4355,1799,pos,0 days 00:32:13.623000,0 days 01:29:10.718000
2024-06-23 13:35:28.376,OnTrack,-5869,-4083,1804,pos,0 days 00:32:13.963000,0 days 01:29:11.058000
2024-06-23 13:35:28.757,OnTrack,-5719,-3831,1808,pos,0 days 00:32:14.344000,0 days 01:29:11.439000
2024-06-23 13:35:29.057,OnTrack,-5641,-3707,1809,pos,0 days 00:32:14.644000,0 days 01:29:11.739000
2024-06-23 13:35:29.237,OnTrack,-5567,-3594,1811,pos,0 days 00:32:14.824000,0 days 01:29:11.919000
2024-06-23 13:35:29.557,OnTrack,-5416,-3373,1815,pos,0 days 00:32:15.144000,0 days 01:29:12.239000
2024-06-23 13:35:29.957,OnTrack,-5301,-3213,1817,pos,0 days 00:32:15.544000,0 days 01:29:12.639000
2024-06-23 13:35:30.196,OnTrack,-5192,-3081,1819,pos,0 days 00:32:15.783000,0 days 01:29:12.878000
2024-06-23 13:35:30.556,OnTrack,-5106,-2999,1819,pos,0 days 00:32:16.143000,0 days 01:29:13.238000
2024-06-23 13:35:30.756,OnTrack,-5038,-2946,1820,pos,0 days 00:32:16.343000,0 days 01:29:13.438000
2024-06-23 13:35:30.976,OnTrack,-4959,-2899,1822,pos,0 days 00:32:16.563000,0 days 01:29:13.658000
2024-06-23 13:35:31.156,OnTrack,-4893,-2871,1822,pos,0 days 00:32:16.743000,0 days 01:29:13.838000
2024-06-23 13:35:31.416,OnTrack,-4743,-2840,1825,pos,0 days 00:32:17.003000,0 days 01:29:14.098000
2024-06-23 13:35:31.856,OnTrack,-4591,-2852,1827,pos,0 days 00:32:17.443000,0 days 01:29:14.538000
2024-06-23 13:35:32.256,OnTrack,-4461,-2897,1830,pos,0 days 00:32:17.843000,0 days 01:29:14.938000
2024-06-23 13:35:32.656,OnTrack,-4379,-2943,1831,pos,0 days 00:32:18.243000,0 days 01:29:15.338000
2024-06-23 13:35:32.836,OnTrack,-4331,-2980,1833,pos,0 days 00:32:18.423000,0 days 01:29:15.518000
2024-06-23 13:35:33.056,OnTrack,-4276,-3033,1834,pos,0 days 00:32:18.643000,0 days 01:29:15.738000
2024-06-23 13:35:33.156,OnTrack,-4252,-3060,1834,pos,0 days 00:32:18.743000,0 days 01:29:15.838000
2024-06-23 13:35:33.416,OnTrack,-4194,-3134,1835,pos,0 days 00:32:19.003000,0 days 01:29:16.098000
2024-06-23 13:35:33.616,OnTrack,-4132,-3236,1836,pos,0 days 00:32:19.203000,0 days 01:29:16.298000
2024-06-23 13:35:34.136,OnTrack,-4071,-3384,1838,pos,0 days 00:32:19.723000,0 days 01:29:16.818000
2024-06-23 13:35:34.196,OnTrack,-4064,-3409,1838,pos,0 days 00:32:19.783000,0 days 01:29:16.878000
2024-06-23 13:35:34.556,OnTrack,-4032,-3575,1839,pos,0 days 00:32:20.143000,0 days 01:29:17.238000
2024-06-23 13:35:34.856,OnTrack,-4028,-3710,1839,pos,0 days 00:32:20.443000,0 days 01:29:17.538000
2024-06-23 13:35:35.037,OnTrack,-4036,-3810,1839,pos,0 days 00:32:20.624000,0 days 01:29:17.719000
2024-06-23 13:35:35.277,OnTrack,-4062,-3934,1838,pos,0 days 00:32:20.864000,0 days 01:29:17.959000
2024-06-23 13:35:35.517,OnTrack,-4103,-4058,1836,pos,0 days 00:32:21.104000,0 days 01:29:18.199000
2024-06-23 13:35:35.737,OnTrack,-4149,-4162,1835,pos,0 days 00:32:21.324000,0 days 01:29:18.419000
2024-06-23 13:35:35.977,OnTrack,-4219,-4282,1833,pos,0 days 00:32:21.564000,0 days 01:29:18.659000
2024-06-23 13:35:36.197,OnTrack,-4293,-4391,1831,pos,0 days 00:32:21.784000,0 days 01:29:18.879000
2024-06-23 13:35:36.297,OnTrack,-4328,-4441,1830,pos,0 days 00:32:21.884000,0 days 01:29:18.979000
2024-06-23 13:35:36.576,OnTrack,-4430,-4581,1826,pos,0 days 00:32:22.163000,0 days 01:29:19.258000
2024-06-23 13:35:36.796,OnTrack,-4512,-4694,1824,pos,0 days 00:32:22.383000,0 days 01:29:19.478000
2024-06-23 13:35:36.996,OnTrack,-4588,-4798,1821,pos,0 days 00:32:22.583000,0 days 01:29:19.678000
2024-06-23 13:35:37.236,OnTrack,-4680,-4925,1819,pos,0 days 00:32:22.823000,0 days 01:29:19.918000
2024-06-23 13:35:37.356,OnTrack,-4727,-4989,1817,pos,0 days 00:32:22.943000,0 days 01:29:20.038000
2024-06-23 13:35:37.576,OnTrack,-4852,-5160,1813,pos,0 days 00:32:23.163000,0 days 01:29:20.258000
2024-06-23 13:35:37.876,OnTrack,-4924,-5260,1810,pos,0 days 00:32:23.463000,0 days 01:29:20.558000
2024-06-23 13:35:38.176,OnTrack,-5016,-5394,1806,pos,0 days 00:32:23.763000,0 days 01:29:20.858000
2024-06-23 13:35:38.356,OnTrack,-5063,-5467,1804,pos,0 days 00:32:23.943000,0 days 01:29:21.038000
2024-06-23 13:35:38.636,OnTrack,-5145,-5615,1798,pos,0 days 00:32:24.223000,0 days 01:29:21.318000
2024-06-23 13:35:38.976,OnTrack,-5181,-5699,1794,pos,0 days 00:32:24.563000,0 days 01:29:21.658000
2024-06-23 13:35:39.176,OnTrack,-5204,-5767,1791,pos,0 days 00:32:24.763000,0 days 01:29:21.858000
2024-06-23 13:35:39.476,OnTrack,-5224,-5865,1787,pos,0 days 00:32:25.063000,0 days 01:29:22.158000
2024-06-23 13:35:39.636,OnTrack,-5227,-5916,1785,pos,0 days 00:32:25.223000,0 days 01:29:22.318000
2024-06-23 13:35:39.856,OnTrack,-5215,-6012,1780,pos,0 days 00:32:25.443000,0 days 01:29:22.538000
2024-06-23 13:35:40.336,OnTrack,-5170,-6109,1773,pos,0 days 00:32:25.923000,0 days 01:29:23.018000
2024-06-23 13:35:40.516,OnTrack,-5121,-6165,1769,pos,0 days 00:32:26.103000,0 days 01:29:23.198000
2024-06-23 13:35:40.856,OnTrack,-5071,-6201,1767,pos,0 days 00:32:26.443000,0 days 01:29:23.538000
2024-06-23 13:35:41.056,OnTrack,-5025,-6224,1764,pos,0 days 00:32:26.643000,0 days 01:29:23.738000
2024-06-23 13:35:41.196,OnTrack,-4992,-6235,1762,pos,0 days 00:32:26.783000,0 days 01:29:23.878000
2024-06-23 13:35:41.516,OnTrack,-4879,-6251,1756,pos,0 days 00:32:27.103000,0 days 01:29:24.198000
2024-06-23 13:35:41.777,OnTrack,-4835,-6250,1754,pos,0 days 00:32:27.364000,0 days 01:29:24.459000
2024-06-23 13:35:42.017,OnTrack,-4768,-6242,1749,pos,0 days 00:32:27.604000,0 days 01:29:24.699000
2024-06-23 13:35:42.197,OnTrack,-4717,-6230,1746,pos,0 days 00:32:27.784000,0 days 01:29:24.879000
2024-06-23 13:35:42.477,OnTrack,-4641,-6207,1741,pos,0 days 00:32:28.064000,0 days 01:29:25.159000
2024-06-23 13:35:42.717,OnTrack,-4537,-6164,1735,pos,0 days 00:32:28.304000,0 days 01:29:25.399000
2024-06-23 13:35:43.117,OnTrack,-4439,-6115,1728,pos,0 days 00:32:28.704000,0 days 01:29:25.799000
2024-06-23 13:35:43.296,OnTrack,-4375,-6081,1723,pos,0 days 00:32:28.883000,0 days 01:29:25.978000
2024-06-23 13:35:43.496,OnTrack,-4301,-6041,1718,pos,0 days 00:32:29.083000,0 days 01:29:26.178000
2024-06-23 13:35:43.696,OnTrack,-4222,-5997,1713,pos,0 days 00:32:29.283000,0 days 01:29:26.378000
2024-06-23 13:35:43.936,OnTrack,-4121,-5943,1707,pos,0 days 00:32:29.523000,0 days 01:29:26.618000
2024-06-23 13:35:44.136,OnTrack,-4009,-5886,1696,pos,0 days 00:32:29.723000,0 days 01:29:26.818000
2024-06-23 13:35:44.416,OnTrack,-3787,-5783,1686,pos,0 days 00:32:30.003000,0 days 01:29:27.098000
2024-06-23 13:35:44.776,OnTrack,-3653,-5727,1679,pos,0 days 00:32:30.363000,0 days 01:29:27.458000
2024-06-23 13:35:45.016,OnTrack,-3523,-5673,1675,pos,0 days 00:32:30.603000,0 days 01:29:27.698000
2024-06-23 13:35:45.176,OnTrack,-3436,-5634,1670,pos,0 days 00:32:30.763000,0 days 01:29:27.858000
2024-06-23 13:35:45.316,OnTrack,-3359,-5597,1667,pos,0 days 00:32:30.903000,0 days 01:29:27.998000
2024-06-23 13:35:45.536,OnTrack,-3239,-5533,1663,pos,0 days 00:32:31.123000,0 days 01:29:28.218000
2024-06-23 13:35:45.856,OnTrack,-2994,-5368,1655,pos,0 days 00:32:31.443000,0 days 01:29:28.538000
2024-06-23 13:35:46.236,OnTrack,-2871,-5265,1653,pos,0 days 00:32:31.823000,0 days 01:29:28.918000
2024-06-23 13:35:46.476,OnTrack,-2755,-5152,1651,pos,0 days 00:32:32.063000,0 days 01:29:29.158000
2024-06-23 13:35:46.696,OnTrack,-2655,-5039,1650,pos,0 days 00:32:32.283000,0 days 01:29:29.378000
2024-06-23 13:35:46.916,OnTrack,-2561,-4919,1650,pos,0 days 00:32:32.503000,0 days 01:29:29.598000
2024-06-23 13:35:47.096,OnTrack,-2487,-4817,1651,pos,0 days 00:32:32.683000,0 days 01:29:29.778000
2024-06-23 13:35:47.336,OnTrack,-2392,-4681,1651,pos,0 days 00:32:32.923000,0 days 01:29:30.018000
2024-06-23 13:35:47.516,OnTrack,-2299,-4546,1653,pos,0 days 00:32:33.103000,0 days 01:29:30.198000
2024-06-23 13:35:47.836,OnTrack,-2224,-4435,1655,pos,0 days 00:32:33.423000,0 days 01:29:30.518000
2024-06-23 13:35:48.076,OnTrack,-2162,-4334,1659,pos,0 days 00:32:33.663000,0 days 01:29:30.758000
2024-06-23 13:35:48.337,OnTrack,-2114,-4224,1661,pos,0 days 00:32:33.924000,0 days 01:29:31.019000
2024-06-23 13:35:48.517,OnTrack,-2097,-4151,1662,pos,0 days 00:32:34.104000,0 days 01:29:31.199000
2024-06-23 13:35:48.697,OnTrack,-2087,-4076,1662,pos,0 days 00:32:34.284000,0 days 01:29:31.379000
2024-06-23 13:35:48.857,OnTrack,-2084,-4019,1664,pos,0 days 00:32:34.444000,0 days 01:29:31.539000
2024-06-23 13:35:49.117,OnTrack,-2085,-3918,1667,pos,0 days 00:32:34.704000,0 days 01:29:31.799000
2024-06-23 13:35:49.197,OnTrack,-2088,-3888,1669,pos,0 days 00:32:34.784000,0 days 01:29:31.879000
2024-06-23 13:35:49.497,OnTrack,-2109,-3781,1675,pos,0 days 00:32:35.084000,0 days 01:29:32.179000
2024-06-23 13:35:49.737,OnTrack,-2158,-3679,1681,pos,0 days 00:32:35.324000,0 days 01:29:32.419000
2024-06-23 13:35:50.136,OnTrack,-2234,-3591,1685,pos,0 days 00:32:35.723000,0 days 01:29:32.818000
2024-06-23 13:35:50.316,OnTrack,-2285,-3547,1688,pos,0 days 00:32:35.903000,0 days 01:29:32.998000
2024-06-23 13:35:50.576,OnTrack,-2406,-3459,1694,pos,0 days 00:32:36.163000,0 days 01:29:33.258000
2024-06-23 13:35:50.896,OnTrack,-2472,-3410,1698,pos,0 days 00:32:36.483000,0 days 01:29:33.578000
2024-06-23 13:35:51.076,OnTrack,-2532,-3361,1703,pos,0 days 00:32:36.663000,0 days 01:29:33.758000
2024-06-23 13:35:51.336,OnTrack,-2618,-3277,1711,pos,0 days 00:32:36.923000,0 days 01:29:34.018000
2024-06-23 13:35:51.556,OnTrack,-2713,-3155,1722,pos,0 days 00:32:37.143000,0 days 01:29:34.238000
2024-06-23 13:35:51.996,OnTrack,-2826,-2942,1739,pos,0 days 00:32:37.583000,0 days 01:29:34.678000
2024-06-23 13:35:52.396,OnTrack,-2908,-2759,1750,pos,0 days 00:32:37.983000,0 days 01:29:35.078000
2024-06-23 13:35:52.776,OnTrack,-2983,-2601,1761,pos,0 days 00:32:38.363000,0 days 01:29:35.458000
2024-06-23 13:35:53.016,OnTrack,-3071,-2417,1773,pos,0 days 00:32:38.603000,0 days 01:29:35.698000
2024-06-23 13:35:53.476,OnTrack,-3183,-2180,1789,pos,0 days 00:32:39.063000,0 days 01:29:36.158000
2024-06-23 13:35:53.716,OnTrack,-3233,-2075,1795,pos,0 days 00:32:39.303000,0 days 01:29:36.398000
2024-06-23 13:35:53.956,OnTrack,-3301,-1933,1805,pos,0 days 00:32:39.543000,0 days 01:29:36.638000
2024-06-23 13:35:54.116,OnTrack,-3347,-1837,1811,pos,0 days 00:32:39.703000,0 days 01:29:36.798000
2024-06-23 13:35:54.376,OnTrack,-3417,-1678,1822,pos,0 days 00:32:39.963000,0 days 01:29:37.058000
2024-06-23 13:35:54.676,OnTrack,-3479,-1490,1833,pos,0 days 00:32:40.263000,0 days 01:29:37.358000
2024-06-23 13:35:54.877,OnTrack,-3507,-1285,1843,pos,0 days 00:32:40.464000,0 days 01:29:37.559000
2024-06-23 13:35:55.337,OnTrack,-3495,-1057,1851,pos,0 days 00:32:40.924000,0 days 01:29:38.019000
2024-06-23 13:35:55.537,OnTrack,-3476,-946,1855,pos,0 days 00:32:41.124000,0 days 01:29:38.219000
2024-06-23 13:35:55.697,OnTrack,-3426,-768,1862,pos,0 days 00:32:41.284000,0 days 01:29:38.379000
2024-06-23 13:35:56.077,OnTrack,-3337,-570,1869,pos,0 days 00:32:41.664000,0 days 01:29:38.759000
2024-06-23 13:35:56.376,OnTrack,-3269,-467,1871,pos,0 days 00:32:41.963000,0 days 01:29:39.058000
2024-06-23 13:35:56.576,OnTrack,-3173,-361,1873,pos,0 days 00:32:42.163000,0 days 01:29:39.258000
2024-06-23 13:35:56.856,OnTrack,-3027,-261,1875,pos,0 days 00:32:42.443000,0 days 01:29:39.538000
2024-06-23 13:35:57.076,OnTrack,-2895,-200,1874,pos,0 days 00:32:42.663000,0 days 01:29:39.758000
2024-06-23 13:35:57.316,OnTrack,-2746,-141,1873,pos,0 days 00:32:42.903000,0 days 01:29:39.998000
2024-06-23 13:35:57.396,OnTrack,-2697,-121,1872,pos,0 days 00:32:42.983000,0 days 01:29:40.078000
2024-06-23 13:35:57.636,OnTrack,-2550,-59,1870,pos,0 days 00:32:43.223000,0 days 01:29:40.318000
2024-06-23 13:35:57.996,OnTrack,-2301,55,1867,pos,0 days 00:32:43.583000,0 days 01:29:40.678000
2024-06-23 13:35:58.376,OnTrack,-1995,200,1863,pos,0 days 00:32:43.963000,0 days 01:29:41.058000
2024-06-23 13:35:58.676,OnTrack,-1891,249,1862,pos,0 days 00:32:44.263000,0 days 01:29:41.358000
2024-06-23 13:35:59.056,OnTrack,-1561,405,1858,pos,0 days 00:32:44.643000,0 days 01:29:41.738000
2024-06-23 13:35:59.316,OnTrack,-1467,449,1856,pos,0 days 00:32:44.903000,0 days 01:29:41.998000
2024-06-23 13:35:59.516,OnTrack,-1333,514,1855,pos,0 days 00:32:45.103000,0 days 01:29:42.198000
2024-06-23 13:35:59.736,OnTrack,-1184,586,1853,pos,0 days 00:32:45.323000,0 days 01:29:42.418000
2024-06-23 13:35:59.916,OnTrack,-1069,644,1851,pos,0 days 00:32:45.503000,0 days 01:29:42.598000
2024-06-23 13:36:00.296,OnTrack,-810,780,1848,pos,0 days 00:32:45.883000,0 days 01:29:42.978000
2024-06-23 13:36:00.396,OnTrack,-742,816,1847,pos,0 days 00:32:45.983000,0 days 01:29:43.078000
2024-06-23 13:36:00.656,OnTrack,-563,913,1845,pos,0 days 00:32:46.243000,0 days 01:29:43.338000
2024-06-23 13:36:00.816,OnTrack,-452,972,1843,pos,0 days 00:32:46.403000,0 days 01:29:43.498000
2024-06-23 13:36:01.096,OnTrack,-257,1076,1840,pos,0 days 00:32:46.683000,0 days 01:29:43.778000
2024-06-23 13:36:01.337,OnTrack,-75,1173,1838,pos,0 days 00:32:46.924000,0 days 01:29:44.019000
2024-06-23 13:36:01.477,OnTrack,121,1278,1835,pos,0 days 00:32:47.064000,0 days 01:29:44.159000
2024-06-23 13:36:01.837,OnTrack,277,1359,1833,pos,0 days 00:32:47.424000,0 days 01:29:44.519000
2024-06-23 13:36:02.117,OnTrack,502,1471,1830,pos,0 days 00:32:47.704000,0 days 01:29:44.799000
2024-06-23 13:36:02.457,OnTrack,654,1538,1828,pos,0 days 00:32:48.044000,0 days 01:29:45.139000
2024-06-23 13:36:02.757,OnTrack,828,1609,1826,pos,0 days 00:32:48.344000,0 days 01:29:45.439000
2024-06-23 13:36:02.996,OnTrack,963,1663,1824,pos,0 days 00:32:48.583000,0 days 01:29:45.678000
2024-06-23 13:36:03.396,OnTrack,1131,1735,1823,pos,0 days 00:32:48.983000,0 days 01:29:46.078000
2024-06-23 13:36:03.556,OnTrack,1190,1764,1822,pos,0 days 00:32:49.143000,0 days 01:29:46.238000
2024-06-23 13:36:03.776,OnTrack,1262,1806,1821,pos,0 days 00:32:49.363000,0 days 01:29:46.458000
2024-06-23 13:36:03.976,OnTrack,1321,1848,1821,pos,0 days 00:32:49.563000,0 days 01:29:46.658000
2024-06-23 13:36:04.136,OnTrack,1361,1885,1820,pos,0 days 00:32:49.723000,0 days 01:29:46.818000
2024-06-23 13:36:04.376,OnTrack,1410,1945,1819,pos,0 days 00:32:49.963000,0 days 01:29:47.058000
2024-06-23 13:36:04.516,OnTrack,1431,1984,1818,pos,0 days 00:32:50.103000,0 days 01:29:47.198000
2024-06-23 13:36:04.776,OnTrack,1462,2097,1817,pos,0 days 00:32:50.363000,0 days 01:29:47.458000
2024-06-23 13:36:05.116,OnTrack,1462,2164,1817,pos,0 days 00:32:50.703000,0 days 01:29:47.798000
2024-06-23 13:36:05.296,OnTrack,1453,2218,1817,pos,0 days 00:32:50.883000,0 days 01:29:47.978000
2024-06-23 13:36:05.576,OnTrack,1429,2297,1818,pos,0 days 00:32:51.163000,0 days 01:29:48.258000
2024-06-23 13:36:05.736,OnTrack,1410,2338,1819,pos,0 days 00:32:51.323000,0 days 01:29:48.418000
2024-06-23 13:36:05.996,OnTrack,1360,2419,1822,pos,0 days 00:32:51.583000,0 days 01:29:48.678000
2024-06-23 13:36:06.396,OnTrack,1303,2486,1824,pos,0 days 00:32:51.983000,0 days 01:29:49.078000
2024-06-23 13:36:06.656,OnTrack,1228,2551,1826,pos,0 days 00:32:52.243000,0 days 01:29:49.338000
2024-06-23 13:36:06.996,OnTrack,1137,2600,1828,pos,0 days 00:32:52.583000,0 days 01:29:49.678000
2024-06-23 13:36:07.336,OnTrack,1074,2623,1830,pos,0 days 00:32:52.923000,0 days 01:29:50.018000
2024-06-23 13:36:07.596,OnTrack,994,2643,1832,pos,0 days 00:32:53.183000,0 days 01:29:50.278000
2024-06-23 13:36:07.776,OnTrack,935,2652,1833,pos,0 days 00:32:53.363000,0 days 01:29:50.458000
2024-06-23 13:36:08.097,OnTrack,786,2659,1836,pos,0 days 00:32:53.684000,0 days 01:29:50.779000
2024-06-23 13:36:08.357,OnTrack,719,2655,1837,pos,0 days 00:32:53.944000,0 days 01:29:51.039000
2024-06-23 13:36:08.577,OnTrack,640,2644,1839,pos,0 days 00:32:54.164000,0 days 01:29:51.259000
2024-06-23 13:36:08.797,OnTrack,551,2623,1841,pos,0 days 00:32:54.384000,0 days 01:29:51.479000
2024-06-23 13:36:09.117,OnTrack,382,2560,1847,pos,0 days 00:32:54.704000,0 days 01:29:51.799000
2024-06-23 13:36:09.417,OnTrack,288,2511,1851,pos,0 days 00:32:55.004000,0 days 01:29:52.099000
2024-06-23 13:36:09.636,OnTrack,193,2452,1856,pos,0 days 00:32:55.223000,0 days 01:29:52.318000
2024-06-23 13:36:09.876,OnTrack,89,2380,1862,pos,0 days 00:32:55.463000,0 days 01:29:52.558000
2024-06-23 13:36:10.036,OnTrack,18,2330,1866,pos,0 days 00:32:55.623000,0 days 01:29:52.718000
2024-06-23 13:36:10.316,OnTrack,-117,2245,1872,pos,0 days 00:32:55.903000,0 days 01:29:52.998000
2024-06-23 13:36:10.476,OnTrack,-191,2209,1875,pos,0 days 00:32:56.063000,0 days 01:29:53.158000
2024-06-23 13:36:10.736,OnTrack,-309,2163,1879,pos,0 days 00:32:56.323000,0 days 01:29:53.418000
2024-06-23 13:36:10.956,OnTrack,-404,2139,1883,pos,0 days 00:32:56.543000,0 days 01:29:53.638000
2024-06-23 13:36:11.116,OnTrack,-518,2124,1888,pos,0 days 00:32:56.703000,0 days 01:29:53.798000
2024-06-23 13:36:11.436,OnTrack,-596,2122,1892,pos,0 days 00:32:57.023000,0 days 01:29:54.118000
2024-06-23 13:36:11.816,OnTrack,-731,2142,1898,pos,0 days 00:32:57.403000,0 days 01:29:54.498000
2024-06-23 13:36:12.016,OnTrack,-818,2177,1904,pos,0 days 00:32:57.603000,0 days 01:29:54.698000
2024-06-23 13:36:12.296,OnTrack,-873,2212,1906,pos,0 days 00:32:57.883000,0 days 01:29:54.978000
2024-06-23 13:36:12.596,OnTrack,-941,2279,1908,pos,0 days 00:32:58.183000,0 days 01:29:55.278000
2024-06-23 13:36:12.776,OnTrack,-989,2350,1910,pos,0 days 00:32:58.363000,0 days 01:29:55.458000
2024-06-23 13:36:13.196,OnTrack,-1037,2479,1912,pos,0 days 00:32:58.783000,0 days 01:29:55.878000
2024-06-23 13:36:13.496,OnTrack,-1046,2527,1913,pos,0 days 00:32:59.083000,0 days 01:29:56.178000
2024-06-23 13:36:13.816,OnTrack,-1050,2625,1914,pos,0 days 00:32:59.403000,0 days 01:29:56.498000
2024-06-23 13:36:14.016,OnTrack,-1039,2726,1916,pos,0 days 00:32:59.603000,0 days 01:29:56.698000
2024-06-23 13:36:14.497,OnTrack,-1004,2848,1918,pos,0 days 00:33:00.084000,0 days 01:29:57.179000
2024-06-23 13:36:14.677,OnTrack,-980,2906,1918,pos,0 days 00:33:00.264000,0 days 01:29:57.359000
2024-06-23 13:36:14.897,OnTrack,-943,2977,1920,pos,0 days 00:33:00.484000,0 days 01:29:57.579000
2024-06-23 13:36:15.117,OnTrack,-851,3108,1922,pos,0 days 00:33:00.704000,0 days 01:29:57.799000
2024-06-23 13:36:15.437,OnTrack,-785,3180,1922,pos,0 days 00:33:01.024000,0 days 01:29:58.119000
2024-06-23 13:36:15.597,OnTrack,-735,3228,1923,pos,0 days 00:33:01.184000,0 days 01:29:58.279000
2024-06-23 13:36:15.797,OnTrack,-666,3287,1922,pos,0 days 00:33:01.384000,0 days 01:29:58.479000
2024-06-23 13:36:16.097,OnTrack,-515,3407,1921,pos,0 days 00:33:01.684000,0 days 01:29:58.779000
2024-06-23 13:36:16.456,OnTrack,-408,3489,1919,pos,0 days 00:33:02.043000,0 days 01:29:59.138000
2024-06-23 13:36:16.776,OnTrack,-233,3637,1915,pos,0 days 00:33:02.363000,0 days 01:29:59.458000
2024-06-23 13:36:17.096,OnTrack,-137,3719,1912,pos,0 days 00:33:02.683000,0 days 01:29:59.778000
2024-06-23 13:36:17.256,OnTrack,-64,3780,1910,pos,0 days 00:33:02.843000,0 days 01:29:59.938000
2024-06-23 13:36:17.536,OnTrack,66,3887,1905,pos,0 days 00:33:03.123000,0 days 01:30:00.218000
2024-06-23 13:36:17.796,OnTrack,229,4001,1897,pos,0 days 00:33:03.383000,0 days 01:30:00.478000
2024-06-23 13:36:18.216,OnTrack,435,4098,1887,pos,0 days 00:33:03.803000,0 days 01:30:00.898000
2024-06-23 13:36:18.396,OnTrack,560,4129,1881,pos,0 days 00:33:03.983000,0 days 01:30:01.078000
2024-06-23 13:36:18.576,OnTrack,680,4140,1876,pos,0 days 00:33:04.163000,0 days 01:30:01.258000
2024-06-23 13:36:18.816,OnTrack,841,4130,1867,pos,0 days 00:33:04.403000,0 days 01:30:01.498000
2024-06-23 13:36:19.016,OnTrack,1063,4078,1854,pos,0 days 00:33:04.603000,0 days 01:30:01.698000
2024-06-23 13:36:19.316,OnTrack,1165,4039,1848,pos,0 days 00:33:04.903000,0 days 01:30:01.998000
2024-06-23 13:36:19.576,OnTrack,1326,3964,1838,pos,0 days 00:33:05.163000,0 days 01:30:02.258000
2024-06-23 13:36:19.816,OnTrack,1471,3884,1829,pos,0 days 00:33:05.403000,0 days 01:30:02.498000
2024-06-23 13:36:20.056,OnTrack,1673,3759,1818,pos,0 days 00:33:05.643000,0 days 01:30:02.738000
2024-06-23 13:36:20.456,OnTrack,1852,3644,1807,pos,0 days 00:33:06.043000,0 days 01:30:03.138000
2024-06-23 13:36:20.616,OnTrack,1948,3583,1801,pos,0 days 00:33:06.203000,0 days 01:30:03.298000
2024-06-23 13:36:20.776,OnTrack,2045,3521,1796,pos,0 days 00:33:06.363000,0 days 01:30:03.458000
2024-06-23 13:36:21.097,OnTrack,2334,3330,1780,pos,0 days 00:33:06.684000,0 days 01:30:03.779000
2024-06-23 13:36:21.317,OnTrack,2380,3297,1777,pos,0 days 00:33:06.904000,0 days 01:30:03.999000
2024-06-23 13:36:21.677,OnTrack,2575,3130,1767,pos,0 days 00:33:07.264000,0 days 01:30:04.359000
2024-06-23 13:36:22.037,OnTrack,2733,2944,1759,pos,0 days 00:33:07.624000,0 days 01:30:04.719000
2024-06-23 13:36:22.497,OnTrack,2826,2751,1752,pos,0 days 00:33:08.084000,0 days 01:30:05.179000
2024-06-23 13:36:22.597,OnTrack,2845,2690,1750,pos,0 days 00:33:08.184000,0 days 01:30:05.279000
2024-06-23 13:36:22.896,OnTrack,2880,2501,1745,pos,0 days 00:33:08.483000,0 days 01:30:05.578000
2024-06-23 13:36:23.136,OnTrack,2875,2271,1740,pos,0 days 00:33:08.723000,0 days 01:30:05.818000
2024-06-23 13:36:23.476,OnTrack,2845,2129,1738,pos,0 days 00:33:09.063000,0 days 01:30:06.158000
2024-06-23 13:36:23.636,OnTrack,2812,2029,1735,pos,0 days 00:33:09.223000,0 days 01:30:06.318000
2024-06-23 13:36:23.956,OnTrack,2701,1801,1733,pos,0 days 00:33:09.543000,0 days 01:30:06.638000
2024-06-23 13:36:24.216,OnTrack,2623,1671,1731,pos,0 days 00:33:09.803000,0 days 01:30:06.898000
2024-06-23 13:36:24.556,OnTrack,2495,1473,1727,pos,0 days 00:33:10.143000,0 days 01:30:07.238000
2024-06-23 13:36:24.636,OnTrack,2465,1427,1727,pos,0 days 00:33:10.223000,0 days 01:30:07.318000
2024-06-23 13:36:24.936,OnTrack,2293,1165,1722,pos,0 days 00:33:10.523000,0 days 01:30:07.618000
2024-06-23 13:36:25.256,OnTrack,2222,1055,1720,pos,0 days 00:33:10.843000,0 days 01:30:07.938000
2024-06-23 13:36:25.556,OnTrack,2102,870,1717,pos,0 days 00:33:11.143000,0 days 01:30:08.238000
2024-06-23 13:36:25.656,OnTrack,2062,808,1716,pos,0 days 00:33:11.243000,0 days 01:30:08.338000
2024-06-23 13:36:25.936,OnTrack,1947,631,1713,pos,0 days 00:33:11.523000,0 days 01:30:08.618000
2024-06-23 13:36:26.156,OnTrack,1856,492,1711,pos,0 days 00:33:11.743000,0 days 01:30:08.838000
2024-06-23 13:36:26.396,OnTrack,1755,338,1709,pos,0 days 00:33:11.983000,0 days 01:30:09.078000
2024-06-23 13:36:26.576,OnTrack,1680,222,1708,pos,0 days 00:33:12.163000,0 days 01:30:09.258000
2024-06-23 13:36:26.816,OnTrack,1519,-28,1708,pos,0 days 00:33:12.403000,0 days 01:30:09.498000
2024-06-23 13:36:27.176,OnTrack,1424,-176,1707,pos,0 days 00:33:12.763000,0 days 01:30:09.858000
2024-06-23 13:36:27.356,OnTrack,1346,-297,1707,pos,0 days 00:33:12.943000,0 days 01:30:10.038000
2024-06-23 13:36:27.616,OnTrack,1233,-475,1708,pos,0 days 00:33:13.203000,0 days 01:30:10.298000
2024-06-23 13:36:27.837,OnTrack,1128,-641,1708,pos,0 days 00:33:13.424000,0 days 01:30:10.519000
2024-06-23 13:36:27.997,OnTrack,1021,-808,1708,pos,0 days 00:33:13.584000,0 days 01:30:10.679000
2024-06-23 13:36:28.357,OnTrack,842,-1090,1708,pos,0 days 00:33:13.944000,0 days 01:30:11.039000
2024-06-23 13:36:28.877,OnTrack,670,-1362,1708,pos,0 days 00:33:14.464000,0 days 01:30:11.559000
2024-06-23 13:36:29.057,OnTrack,533,-1578,1708,pos,0 days 00:33:14.644000,0 days 01:30:11.739000
2024-06-23 13:36:29.476,OnTrack,394,-1797,1708,pos,0 days 00:33:15.063000,0 days 01:30:12.158000
2024-06-23 13:36:29.636,OnTrack,319,-1914,1708,pos,0 days 00:33:15.223000,0 days 01:30:12.318000
2024-06-23 13:36:29.896,OnTrack,198,-2105,1708,pos,0 days 00:33:15.483000,0 days 01:30:12.578000
2024-06-23 13:36:30.096,OnTrack,104,-2253,1708,pos,0 days 00:33:15.683000,0 days 01:30:12.778000
2024-06-23 13:36:30.296,OnTrack,10,-2401,1707,pos,0 days 00:33:15.883000,0 days 01:30:12.978000
2024-06-23 13:36:30.536,OnTrack,-121,-2606,1706,pos,0 days 00:33:16.123000,0 days 01:30:13.218000
2024-06-23 13:36:30.916,OnTrack,-336,-2932,1703,pos,0 days 00:33:16.503000,0 days 01:30:13.598000
2024-06-23 13:36:31.256,OnTrack,-455,-3110,1701,pos,0 days 00:33:16.843000,0 days 01:30:13.938000
2024-06-23 13:36:31.456,OnTrack,-554,-3259,1699,pos,0 days 00:33:17.043000,0 days 01:30:14.138000
2024-06-23 13:36:31.636,OnTrack,-644,-3393,1697,pos,0 days 00:33:17.223000,0 days 01:30:14.318000
2024-06-23 13:36:31.856,OnTrack,-753,-3558,1694,pos,0 days 00:33:17.443000,0 days 01:30:14.538000
2024-06-23 13:36:32.036,OnTrack,-844,-3692,1691,pos,0 days 00:33:17.623000,0 days 01:30:14.718000
2024-06-23 13:36:32.256,OnTrack,-954,-3857,1687,pos,0 days 00:33:17.843000,0 days 01:30:14.938000
2024-06-23 13:36:32.456,OnTrack,-1055,-4007,1683,pos,0 days 00:33:18.043000,0 days 01:30:15.138000
2024-06-23 13:36:32.716,OnTrack,-1187,-4203,1678,pos,0 days 00:33:18.303000,0 days 01:30:15.398000
2024-06-23 13:36:32.916,OnTrack,-1288,-4354,1674,pos,0 days 00:33:18.503000,0 days 01:30:15.598000
2024-06-23 13:36:33.156,OnTrack,-1410,-4536,1668,pos,0 days 00:33:18.743000,0 days 01:30:15.838000
2024-06-23 13:36:33.396,OnTrack,-1541,-4730,1663,pos,0 days 00:33:18.983000,0 days 01:30:16.078000
2024-06-23 13:36:33.776,OnTrack,-1733,-5025,1655,pos,0 days 00:33:19.363000,0 days 01:30:16.458000
2024-06-23 13:36:33.916,OnTrack,-1800,-5134,1652,pos,0 days 00:33:19.503000,0 days 01:30:16.598000
2024-06-23 13:36:34.176,OnTrack,-1966,-5418,1647,pos,0 days 00:33:19.763000,0 days 01:30:16.858000
2024-06-23 13:36:34.597,OnTrack,-2180,-5799,1641,pos,0 days 00:33:20.184000,0 days 01:30:17.279000
2024-06-23 13:36:35.017,OnTrack,-2329,-6067,1638,pos,0 days 00:33:20.604000,0 days 01:30:17.699000
2024-06-23 13:36:35.257,OnTrack,-2398,-6187,1637,pos,0 days 00:33:20.844000,0 days 01:30:17.939000
2024-06-23 13:36:35.457,OnTrack,-2479,-6323,1635,pos,0 days 00:33:21.044000,0 days 01:30:18.139000
2024-06-23 13:36:35.797,OnTrack,-2603,-6510,1634,pos,0 days 00:33:21.384000,0 days 01:30:18.479000
2024-06-23 13:36:35.917,OnTrack,-2603,-6509,1633,pos,0 days 00:33:21.504000,0 days 01:30:18.599000
2024-06-23 13:36:36.076,OnTrack,-2658,-6584,1632,pos,0 days 00:33:21.663000,0 days 01:30:18.758000
2024-06-23 13:36:36.336,OnTrack,-2743,-6690,1630,pos,0 days 00:33:21.923000,0 days 01:30:19.018000
2024-06-23 13:36:36.616,OnTrack,-2833,-6786,1628,pos,0 days 00:33:22.203000,0 days 01:30:19.298000
2024-06-23 13:36:36.816,OnTrack,-2899,-6845,1626,pos,0 days 00:33:22.403000,0 days 01:30:19.498000
2024-06-23 13:36:36.956,OnTrack,-2994,-6914,1623,pos,0 days 00:33:22.543000,0 days 01:30:19.638000
2024-06-23 13:36:37.396,OnTrack,-3144,-6981,1623,pos,0 days 00:33:22.983000,0 days 01:30:20.078000
2024-06-23 13:36:37.716,OnTrack,-3218,-6993,1624,pos,0 days 00:33:23.303000,0 days 01:30:20.398000
2024-06-23 13:36:37.956,OnTrack,-3309,-6992,1625,pos,0 days 00:33:23.543000,0 days 01:30:20.638000
2024-06-23 13:36:38.196,OnTrack,-3398,-6975,1627,pos,0 days 00:33:23.783000,0 days 01:30:20.878000
2024-06-23 13:36:38.476,OnTrack,-3502,-6938,1629,pos,0 days 00:33:24.063000,0 days 01:30:21.158000
2024-06-23 13:36:38.636,OnTrack,-3561,-6912,1631,pos,0 days 00:33:24.223000,0 days 01:30:21.318000
2024-06-23 13:36:38.756,OnTrack,-3605,-6891,1631,pos,0 days 00:33:24.343000,0 days 01:30:21.438000
2024-06-23 13:36:39.116,OnTrack,-3741,-6829,1633,pos,0 days 00:33:24.703000,0 days 01:30:21.798000
2024-06-23 13:36:39.296,OnTrack,-3864,-6785,1636,pos,0 days 00:33:24.883000,0 days 01:30:21.978000
2024-06-23 13:36:39.656,OnTrack,-3964,-6768,1640,pos,0 days 00:33:25.243000,0 days 01:30:22.338000
2024-06-23 13:36:39.796,OnTrack,-4025,-6768,1642,pos,0 days 00:33:25.383000,0 days 01:30:22.478000
2024-06-23 13:36:40.056,OnTrack,-4141,-6788,1647,pos,0 days 00:33:25.643000,0 days 01:30:22.738000
2024-06-23 13:36:40.356,OnTrack,-4274,-6835,1653,pos,0 days 00:33:25.943000,0 days 01:30:23.038000
2024-06-23 13:36:40.556,OnTrack,-4366,-6881,1658,pos,0 days 00:33:26.143000,0 days 01:30:23.238000
2024-06-23 13:36:40.716,OnTrack,-4435,-6921,1662,pos,0 days 00:33:26.303000,0 days 01:30:23.398000
2024-06-23 13:36:40.817,OnTrack,-4486,-6953,1665,pos,0 days 00:33:26.404000,0 days 01:30:23.499000
2024-06-23 13:36:41.117,OnTrack,-4674,-7086,1676,pos,0 days 00:33:26.704000,0 days 01:30:23.799000
2024-06-23 13:36:41.457,OnTrack,-4754,-7142,1681,pos,0 days 00:33:27.044000,0 days 01:30:24.139000
2024-06-23 13:36:41.697,OnTrack,-4867,-7215,1686,pos,0 days 00:33:27.284000,0 days 01:30:24.379000
2024-06-23 13:36:41.997,OnTrack,-5069,-7328,1696,pos,0 days 00:33:27.584000,0 days 01:30:24.679000
2024-06-23 13:36:42.217,OnTrack,-5133,-7358,1699,pos,0 days 00:33:27.804000,0 days 01:30:24.899000
2024-06-23 13:36:42.477,OnTrack,-5276,-7410,1705,pos,0 days 00:33:28.064000,0 days 01:30:25.159000
2024-06-23 13:36:42.736,OnTrack,-5423,-7443,1712,pos,0 days 00:33:28.323000,0 days 01:30:25.418000
2024-06-23 13:36:42.816,OnTrack,-5469,-7449,1714,pos,0 days 00:33:28.403000,0 days 01:30:25.498000
2024-06-23 13:36:43.056,OnTrack,-5605,-7455,1720,pos,0 days 00:33:28.643000,0 days 01:30:25.738000
2024-06-23 13:36:43.316,OnTrack,-5751,-7443,1726,pos,0 days 00:33:28.903000,0 days 01:30:25.998000
2024-06-23 13:36:43.496,OnTrack,-5852,-7424,1730,pos,0 days 00:33:29.083000,0 days 01:30:26.178000
2024-06-23 13:36:43.696,OnTrack,-5962,-7394,1734,pos,0 days 00:33:29.283000,0 days 01:30:26.378000
2024-06-23 13:36:43.896,OnTrack,-6070,-7353,1738,pos,0 days 00:33:29.483000,0 days 01:30:26.578000
2024-06-23 13:36:44.196,OnTrack,-6225,-7270,1744,pos,0 days 00:33:29.783000,0 days 01:30:26.878000
2024-06-23 13:36:44.396,OnTrack,-6321,-7200,1748,pos,0 days 00:33:29.983000,0 days 01:30:27.078000
2024-06-23 13:36:44.576,OnTrack,-6400,-7127,1751,pos,0 days 00:33:30.163000,0 days 01:30:27.258000
2024-06-23 13:36:44.856,OnTrack,-6509,-6993,1756,pos,0 days 00:33:30.443000,0 days 01:30:27.538000
2024-06-23 13:36:45.036,OnTrack,-6569,-6896,1759,pos,0 days 00:33:30.623000,0 days 01:30:27.718000
2024-06-23 13:36:45.196,OnTrack,-6634,-6757,1762,pos,0 days 00:33:30.783000,0 days 01:30:27.878000
2024-06-23 13:36:45.556,OnTrack,-6689,-6584,1765,pos,0 days 00:33:31.143000,0 days 01:30:28.238000
2024-06-23 13:36:45.736,OnTrack,-6712,-6467,1767,pos,0 days 00:33:31.323000,0 days 01:30:28.418000
2024-06-23 13:36:45.896,OnTrack,-6726,-6360,1768,pos,0 days 00:33:31.483000,0 days 01:30:28.578000
2024-06-23 13:36:46.196,OnTrack,-6733,-6156,1771,pos,0 days 00:33:31.783000,0 days 01:30:28.878000
2024-06-23 13:36:46.356,OnTrack,-6721,-5950,1774,pos,0 days 00:33:31.943000,0 days 01:30:29.038000
2024-06-23 13:36:46.836,OnTrack,-6688,-5713,1777,pos,0 days 00:33:32.423000,0 days 01:30:29.518000
2024-06-23 13:36:46.996,OnTrack,-6667,-5602,1779,pos,0 days 00:33:32.583000,0 days 01:30:29.678000
2024-06-23 13:36:47.236,OnTrack,-6628,-5434,1782,pos,0 days 00:33:32.823000,0 days 01:30:29.918000
2024-06-23 13:36:47.397,OnTrack,-6566,-5226,1786,pos,0 days 00:33:32.984000,0 days 01:30:30.079000
2024-06-23 13:36:47.877,OnTrack,-6459,-4984,1790,pos,0 days 00:33:33.464000,0 days 01:30:30.559000
2024-06-23 13:36:47.917,OnTrack,-6445,-4958,1790,pos,0 days 00:33:33.504000,0 days 01:30:30.599000
2024-06-23 13:36:48.177,OnTrack,-6352,-4804,1792,pos,0 days 00:33:33.764000,0 days 01:30:30.859000
2024-06-23 13:36:48.477,OnTrack,-6171,-4540,1796,pos,0 days 00:33:34.064000,0 days 01:30:31.159000
2024-06-23 13:36:48.937,OnTrack,-6018,-4328,1799,pos,0 days 00:33:34.524000,0 days 01:30:31.619000
2024-06-23 13:36:49.136,OnTrack,-5889,-4116,1803,pos,0 days 00:33:34.723000,0 days 01:30:31.818000
2024-06-23 13:36:49.456,OnTrack,-5809,-3981,1805,pos,0 days 00:33:35.043000,0 days 01:30:32.138000
2024-06-23 13:36:49.716,OnTrack,-5704,-3808,1808,pos,0 days 00:33:35.303000,0 days 01:30:32.398000
2024-06-23 13:36:49.916,OnTrack,-5644,-3712,1809,pos,0 days 00:33:35.503000,0 days 01:30:32.598000
2024-06-23 13:36:50.156,OnTrack,-5484,-3473,1814,pos,0 days 00:33:35.743000,0 days 01:30:32.838000
2024-06-23 13:36:50.516,OnTrack,-5392,-3338,1816,pos,0 days 00:33:36.103000,0 days 01:30:33.198000
2024-06-23 13:36:50.676,OnTrack,-5334,-3258,1817,pos,0 days 00:33:36.263000,0 days 01:30:33.358000
2024-06-23 13:36:50.916,OnTrack,-5252,-3150,1818,pos,0 days 00:33:36.503000,0 days 01:30:33.598000
2024-06-23 13:36:51.096,OnTrack,-5190,-3080,1819,pos,0 days 00:33:36.683000,0 days 01:30:33.778000
2024-06-23 13:36:51.336,OnTrack,-5107,-2999,1819,pos,0 days 00:33:36.923000,0 days 01:30:34.018000
2024-06-23 13:36:51.496,OnTrack,-5050,-2954,1820,pos,0 days 00:33:37.083000,0 days 01:30:34.178000
2024-06-23 13:36:51.696,OnTrack,-4975,-2907,1821,pos,0 days 00:33:37.283000,0 days 01:30:34.378000
2024-06-23 13:36:52.016,OnTrack,-4850,-2857,1823,pos,0 days 00:33:37.603000,0 days 01:30:34.698000
2024-06-23 13:36:52.196,OnTrack,-4778,-2843,1824,pos,0 days 00:33:37.783000,0 days 01:30:34.878000
2024-06-23 13:36:52.356,OnTrack,-4714,-2838,1825,pos,0 days 00:33:37.943000,0 days 01:30:35.038000
2024-06-23 13:36:52.676,OnTrack,-4546,-2863,1828,pos,0 days 00:33:38.263000,0 days 01:30:35.358000
2024-06-23 13:36:53.016,OnTrack,-4436,-2909,1830,pos,0 days 00:33:38.603000,0 days 01:30:35.698000
2024-06-23 13:36:53.456,OnTrack,-4335,-2976,1833,pos,0 days 00:33:39.043000,0 days 01:30:36.138000
2024-06-23 13:36:53.676,OnTrack,-4287,-3022,1834,pos,0 days 00:33:39.263000,0 days 01:30:36.358000
2024-06-23 13:36:53.896,OnTrack,-4232,-3084,1835,pos,0 days 00:33:39.483000,0 days 01:30:36.578000
2024-06-23 13:36:53.977,OnTrack,-4209,-3113,1835,pos,0 days 00:33:39.564000,0 days 01:30:36.659000
2024-06-23 13:36:54.177,OnTrack,-4166,-3177,1836,pos,0 days 00:33:39.764000,0 days 01:30:36.859000
2024-06-23 13:36:54.477,OnTrack,-4091,-3327,1837,pos,0 days 00:33:40.064000,0 days 01:30:37.159000
2024-06-23 13:36:54.837,OnTrack,-4062,-3415,1838,pos,0 days 00:33:40.424000,0 days 01:30:37.519000
2024-06-23 13:36:55.117,OnTrack,-4031,-3590,1839,pos,0 days 00:33:40.704000,0 days 01:30:37.799000
2024-06-23 13:36:55.437,OnTrack,-4027,-3684,1839,pos,0 days 00:33:41.024000,0 days 01:30:38.119000
2024-06-23 13:36:55.736,OnTrack,-4040,-3832,1839,pos,0 days 00:33:41.323000,0 days 01:30:38.418000
2024-06-23 13:36:55.936,OnTrack,-4062,-3934,1838,pos,0 days 00:33:41.523000,0 days 01:30:38.618000
2024-06-23 13:36:56.096,OnTrack,-4106,-4067,1836,pos,0 days 00:33:41.683000,0 days 01:30:38.778000
2024-06-23 13:36:56.436,OnTrack,-4163,-4188,1835,pos,0 days 00:33:42.023000,0 days 01:30:39.118000
2024-06-23 13:36:56.716,OnTrack,-4283,-4376,1831,pos,0 days 00:33:42.303000,0 days 01:30:39.398000
2024-06-23 13:36:57.116,OnTrack,-4389,-4525,1828,pos,0 days 00:33:42.703000,0 days 01:30:39.798000
2024-06-23 13:36:57.376,OnTrack,-4536,-4727,1823,pos,0 days 00:33:42.963000,0 days 01:30:40.058000
2024-06-23 13:36:57.716,OnTrack,-4650,-4883,1819,pos,0 days 00:33:43.303000,0 days 01:30:40.398000
2024-06-23 13:36:58.076,OnTrack,-4750,-5020,1816,pos,0 days 00:33:43.663000,0 days 01:30:40.758000
2024-06-23 13:36:58.336,OnTrack,-4896,-5220,1812,pos,0 days 00:33:43.923000,0 days 01:30:41.018000
2024-06-23 13:36:58.656,OnTrack,-4964,-5317,1808,pos,0 days 00:33:44.243000,0 days 01:30:41.338000
2024-06-23 13:36:58.876,OnTrack,-5029,-5414,1806,pos,0 days 00:33:44.463000,0 days 01:30:41.558000
2024-06-23 13:36:59.056,OnTrack,-5075,-5487,1803,pos,0 days 00:33:44.643000,0 days 01:30:41.738000
2024-06-23 13:36:59.296,OnTrack,-5120,-5567,1800,pos,0 days 00:33:44.883000,0 days 01:30:41.978000
2024-06-23 13:36:59.556,OnTrack,-5180,-5696,1794,pos,0 days 00:33:45.143000,0 days 01:30:42.238000
2024-06-23 13:36:59.936,OnTrack,-5211,-5792,1791,pos,0 days 00:33:45.523000,0 days 01:30:42.618000
2024-06-23 13:37:00.236,OnTrack,-5227,-5890,1786,pos,0 days 00:33:45.823000,0 days 01:30:42.918000
2024-06-23 13:37:00.436,OnTrack,-5226,-5953,1783,pos,0 days 00:33:46.023000,0 days 01:30:43.118000
2024-06-23 13:37:00.597,OnTrack,-5203,-6046,1778,pos,0 days 00:33:46.184000,0 days 01:30:43.279000
2024-06-23 13:37:01.017,OnTrack,-5164,-6117,1773,pos,0 days 00:33:46.604000,0 days 01:30:43.699000
2024-06-23 13:37:01.117,OnTrack,-5147,-6139,1770,pos,0 days 00:33:46.704000,0 days 01:30:43.799000
2024-06-23 13:37:01.437,OnTrack,-5084,-6193,1768,pos,0 days 00:33:47.024000,0 days 01:30:44.119000
2024-06-23 13:37:01.657,OnTrack,-5032,-6221,1764,pos,0 days 00:33:47.244000,0 days 01:30:44.339000
2024-06-23 13:37:01.817,OnTrack,-4991,-6236,1762,pos,0 days 00:33:47.404000,0 days 01:30:44.499000
2024-06-23 13:37:01.997,OnTrack,-4943,-6246,1760,pos,0 days 00:33:47.584000,0 days 01:30:44.679000
2024-06-23 13:37:02.157,OnTrack,-4899,-6251,1758,pos,0 days 00:33:47.744000,0 days 01:30:44.839000
2024-06-23 13:37:02.336,OnTrack,-4847,-6251,1755,pos,0 days 00:33:47.923000,0 days 01:30:45.018000
2024-06-23 13:37:02.716,OnTrack,-4699,-6226,1745,pos,0 days 00:33:48.303000,0 days 01:30:45.398000
2024-06-23 13:37:02.976,OnTrack,-4656,-6212,1742,pos,0 days 00:33:48.563000,0 days 01:30:45.658000
2024-06-23 13:37:03.176,OnTrack,-4593,-6188,1738,pos,0 days 00:33:48.763000,0 days 01:30:45.858000
2024-06-23 13:37:03.496,OnTrack,-4489,-6141,1731,pos,0 days 00:33:49.083000,0 days 01:30:46.178000
2024-06-23 13:37:03.676,OnTrack,-4390,-6089,1724,pos,0 days 00:33:49.263000,0 days 01:30:46.358000
2024-06-23 13:37:04.056,OnTrack,-4285,-6032,1717,pos,0 days 00:33:49.643000,0 days 01:30:46.738000
2024-06-23 13:37:04.276,OnTrack,-4195,-5983,1711,pos,0 days 00:33:49.863000,0 days 01:30:46.958000
2024-06-23 13:37:04.456,OnTrack,-4117,-5941,1706,pos,0 days 00:33:50.043000,0 days 01:30:47.138000
2024-06-23 13:37:04.676,OnTrack,-3991,-5877,1696,pos,0 days 00:33:50.263000,0 days 01:30:47.358000
2024-06-23 13:37:04.956,OnTrack,-3827,-5801,1689,pos,0 days 00:33:50.543000,0 days 01:30:47.638000
2024-06-23 13:37:05.156,OnTrack,-3724,-5757,1683,pos,0 days 00:33:50.743000,0 days 01:30:47.838000
2024-06-23 13:37:05.316,OnTrack,-3639,-5722,1679,pos,0 days 00:33:50.903000,0 days 01:30:47.998000
2024-06-23 13:37:05.516,OnTrack,-3533,-5677,1675,pos,0 days 00:33:51.103000,0 days 01:30:48.198000
2024-06-23 13:37:05.736,OnTrack,-3412,-5623,1669,pos,0 days 00:33:51.323000,0 days 01:30:48.418000
2024-06-23 13:37:05.996,OnTrack,-3268,-5550,1664,pos,0 days 00:33:51.583000,0 days 01:30:48.678000
2024-06-23 13:37:06.136,OnTrack,-3192,-5505,1661,pos,0 days 00:33:51.723000,0 days 01:30:48.818000
2024-06-23 13:37:06.316,OnTrack,-3094,-5442,1658,pos,0 days 00:33:51.903000,0 days 01:30:48.998000
2024-06-23 13:37:06.516,OnTrack,-2988,-5364,1655,pos,0 days 00:33:52.103000,0 days 01:30:49.198000
2024-06-23 13:37:06.676,OnTrack,-2906,-5296,1653,pos,0 days 00:33:52.263000,0 days 01:30:49.358000
2024-06-23 13:37:06.896,OnTrack,-2797,-5195,1652,pos,0 days 00:33:52.483000,0 days 01:30:49.578000
2024-06-23 13:37:07.217,OnTrack,-2606,-4978,1650,pos,0 days 00:33:52.804000,0 days 01:30:49.899000
2024-06-23 13:37:07.497,OnTrack,-2522,-4866,1651,pos,0 days 00:33:53.084000,0 days 01:30:50.179000
2024-06-23 13:37:07.817,OnTrack,-2363,-4640,1651,pos,0 days 00:33:53.404000,0 days 01:30:50.499000
2024-06-23 13:37:08.077,OnTrack,-2305,-4555,1653,pos,0 days 00:33:53.664000,0 days 01:30:50.759000
2024-06-23 13:37:08.397,OnTrack,-2174,-4354,1658,pos,0 days 00:33:53.984000,0 days 01:30:51.079000
2024-06-23 13:37:08.877,OnTrack,-2099,-4163,1661,pos,0 days 00:33:54.464000,0 days 01:30:51.559000
2024-06-23 13:37:09.136,OnTrack,-2090,-4105,1662,pos,0 days 00:33:54.723000,0 days 01:30:51.818000
2024-06-23 13:37:09.376,OnTrack,-2083,-4006,1664,pos,0 days 00:33:54.963000,0 days 01:30:52.058000
2024-06-23 13:37:09.656,OnTrack,-2087,-3895,1669,pos,0 days 00:33:55.243000,0 days 01:30:52.338000
2024-06-23 13:37:09.916,OnTrack,-2120,-3751,1677,pos,0 days 00:33:55.503000,0 days 01:30:52.598000
2024-06-23 13:37:10.256,OnTrack,-2153,-3687,1680,pos,0 days 00:33:55.843000,0 days 01:30:52.938000
2024-06-23 13:37:10.536,OnTrack,-2228,-3596,1685,pos,0 days 00:33:56.123000,0 days 01:30:53.218000
2024-06-23 13:37:10.856,OnTrack,-2310,-3527,1689,pos,0 days 00:33:56.443000,0 days 01:30:53.538000
2024-06-23 13:37:11.136,OnTrack,-2400,-3463,1694,pos,0 days 00:33:56.723000,0 days 01:30:53.818000
2024-06-23 13:37:11.356,OnTrack,-2472,-3410,1698,pos,0 days 00:33:56.943000,0 days 01:30:54.038000
2024-06-23 13:37:11.556,OnTrack,-2537,-3356,1704,pos,0 days 00:33:57.143000,0 days 01:30:54.238000
2024-06-23 13:37:11.736,OnTrack,-2626,-3268,1712,pos,0 days 00:33:57.323000,0 days 01:30:54.418000
2024-06-23 13:37:12.016,OnTrack,-2680,-3203,1718,pos,0 days 00:33:57.603000,0 days 01:30:54.698000
2024-06-23 13:37:12.376,OnTrack,-2774,-3049,1731,pos,0 days 00:33:57.963000,0 days 01:30:55.058000
2024-06-23 13:37:12.596,OnTrack,-2824,-2945,1739,pos,0 days 00:33:58.183000,0 days 01:30:55.278000
2024-06-23 13:37:12.816,OnTrack,-2901,-2774,1748,pos,0 days 00:33:58.403000,0 days 01:30:55.498000
2024-06-23 13:37:13.216,OnTrack,-2969,-2630,1759,pos,0 days 00:33:58.803000,0 days 01:30:55.898000
2024-06-23 13:37:13.256,OnTrack,-2979,-2608,1761,pos,0 days 00:33:58.843000,0 days 01:30:55.938000
2024-06-23 13:37:13.536,OnTrack,-3051,-2458,1770,pos,0 days 00:33:59.123000,0 days 01:30:56.218000
2024-06-23 13:37:13.797,OnTrack,-3125,-2302,1781,pos,0 days 00:33:59.384000,0 days 01:30:56.479000
2024-06-23 13:37:13.997,OnTrack,-3179,-2188,1788,pos,0 days 00:33:59.584000,0 days 01:30:56.679000
2024-06-23 13:37:14.257,OnTrack,-3251,-2038,1798,pos,0 days 00:33:59.844000,0 days 01:30:56.939000
2024-06-23 13:37:14.477,OnTrack,-3336,-1861,1810,pos,0 days 00:34:00.064000,0 days 01:30:57.159000
2024-06-23 13:37:14.857,OnTrack,-3436,-1630,1825,pos,0 days 00:34:00.444000,0 days 01:30:57.539000
2024-06-23 13:37:15.277,OnTrack,-3492,-1430,1836,pos,0 days 00:34:00.864000,0 days 01:30:57.959000
2024-06-23 13:37:15.497,OnTrack,-3508,-1226,1844,pos,0 days 00:34:01.084000,0 days 01:30:58.179000
2024-06-23 13:37:15.816,OnTrack,-3499,-1089,1851,pos,0 days 00:34:01.403000,0 days 01:30:58.498000
2024-06-23 13:37:16.036,OnTrack,-3478,-954,1855,pos,0 days 00:34:01.623000,0 days 01:30:58.718000
2024-06-23 13:37:16.156,OnTrack,-3461,-883,1859,pos,0 days 00:34:01.743000,0 days 01:30:58.838000
2024-06-23 13:37:16.396,OnTrack,-3385,-665,1866,pos,0 days 00:34:01.983000,0 days 01:30:59.078000
2024-06-23 13:37:16.856,OnTrack,-3290,-494,1871,pos,0 days 00:34:02.443000,0 days 01:30:59.538000
2024-06-23 13:37:17.056,OnTrack,-3206,-392,1873,pos,0 days 00:34:02.643000,0 days 01:30:59.738000
2024-06-23 13:37:17.156,OnTrack,-3160,-350,1873,pos,0 days 00:34:02.743000,0 days 01:30:59.838000
2024-06-23 13:37:17.356,OnTrack,-3055,-277,1874,pos,0 days 00:34:02.943000,0 days 01:31:00.038000
2024-06-23 13:37:17.656,OnTrack,-2872,-190,1874,pos,0 days 00:34:03.243000,0 days 01:31:00.338000
2024-06-23 13:37:17.936,OnTrack,-2633,-96,1871,pos,0 days 00:34:03.523000,0 days 01:31:00.618000
2024-06-23 13:37:18.236,OnTrack,-2508,-41,1870,pos,0 days 00:34:03.823000,0 days 01:31:00.918000
2024-06-23 13:37:18.476,OnTrack,-2281,64,1867,pos,0 days 00:34:04.063000,0 days 01:31:01.158000
2024-06-23 13:37:18.776,OnTrack,-2166,118,1865,pos,0 days 00:34:04.363000,0 days 01:31:01.458000
2024-06-23 13:37:19.096,OnTrack,-1959,216,1863,pos,0 days 00:34:04.683000,0 days 01:31:01.778000
2024-06-23 13:37:19.196,OnTrack,-1894,247,1862,pos,0 days 00:34:04.783000,0 days 01:31:01.878000
2024-06-23 13:37:19.376,OnTrack,-1775,303,1860,pos,0 days 00:34:04.963000,0 days 01:31:02.058000
2024-06-23 13:37:19.696,OnTrack,-1494,436,1857,pos,0 days 00:34:05.283000,0 days 01:31:02.378000
2024-06-23 13:37:20.156,OnTrack,-1250,554,1854,pos,0 days 00:34:05.743000,0 days 01:31:02.838000
2024-06-23 13:37:20.216,OnTrack,-1209,574,1853,pos,0 days 00:34:05.803000,0 days 01:31:02.898000
2024-06-23 13:37:20.517,OnTrack,-933,715,1850,pos,0 days 00:34:06.104000,0 days 01:31:03.199000
2024-06-23 13:37:20.957,OnTrack,-714,832,1847,pos,0 days 00:34:06.544000,0 days 01:31:03.639000
2024-06-23 13:37:21.217,OnTrack,-535,927,1844,pos,0 days 00:34:06.804000,0 days 01:31:03.899000
2024-06-23 13:37:21.417,OnTrack,-326,1039,1841,pos,0 days 00:34:07.004000,0 days 01:31:04.099000
2024-06-23 13:37:21.697,OnTrack,-200,1106,1840,pos,0 days 00:34:07.284000,0 days 01:31:04.379000
2024-06-23 13:37:22.057,OnTrack,66,1248,1836,pos,0 days 00:34:07.644000,0 days 01:31:04.739000
2024-06-23 13:37:22.456,OnTrack,334,1389,1832,pos,0 days 00:34:08.043000,0 days 01:31:05.138000
2024-06-23 13:37:22.636,OnTrack,489,1465,1830,pos,0 days 00:34:08.223000,0 days 01:31:05.318000
2024-06-23 13:37:22.956,OnTrack,670,1545,1828,pos,0 days 00:34:08.543000,0 days 01:31:05.638000
2024-06-23 13:37:23.236,OnTrack,843,1615,1826,pos,0 days 00:34:08.823000,0 days 01:31:05.918000
2024-06-23 13:37:23.436,OnTrack,954,1660,1824,pos,0 days 00:34:09.023000,0 days 01:31:06.118000
2024-06-23 13:37:23.636,OnTrack,1052,1700,1823,pos,0 days 00:34:09.223000,0 days 01:31:06.318000
2024-06-23 13:37:23.876,OnTrack,1169,1754,1823,pos,0 days 00:34:09.463000,0 days 01:31:06.558000
2024-06-23 13:37:24.156,OnTrack,1255,1801,1821,pos,0 days 00:34:09.743000,0 days 01:31:06.838000
2024-06-23 13:37:24.396,OnTrack,1328,1854,1821,pos,0 days 00:34:09.983000,0 days 01:31:07.078000
2024-06-23 13:37:24.656,OnTrack,1391,1918,1819,pos,0 days 00:34:10.243000,0 days 01:31:07.338000
2024-06-23 13:37:24.856,OnTrack,1427,1974,1819,pos,0 days 00:34:10.443000,0 days 01:31:07.538000
2024-06-23 13:37:25.056,OnTrack,1459,2072,1818,pos,0 days 00:34:10.643000,0 days 01:31:07.738000
2024-06-23 13:37:25.476,OnTrack,1462,2166,1817,pos,0 days 00:34:11.063000,0 days 01:31:08.158000
2024-06-23 13:37:25.716,OnTrack,1448,2239,1817,pos,0 days 00:34:11.303000,0 days 01:31:08.398000
2024-06-23 13:37:25.936,OnTrack,1427,2301,1818,pos,0 days 00:34:11.523000,0 days 01:31:08.618000
2024-06-23 13:37:26.096,OnTrack,1386,2380,1821,pos,0 days 00:34:11.683000,0 days 01:31:08.778000
2024-06-23 13:37:26.576,OnTrack,1329,2458,1823,pos,0 days 00:34:12.163000,0 days 01:31:09.258000
2024-06-23 13:37:26.756,OnTrack,1271,2517,1825,pos,0 days 00:34:12.343000,0 days 01:31:09.438000
2024-06-23 13:37:27.177,OnTrack,1185,2577,1827,pos,0 days 00:34:12.764000,0 days 01:31:09.859000
2024-06-23 13:37:27.517,OnTrack,1116,2609,1829,pos,0 days 00:34:13.104000,0 days 01:31:10.199000
2024-06-23 13:37:27.737,OnTrack,1053,2629,1830,pos,0 days 00:34:13.324000,0 days 01:31:10.419000
2024-06-23 13:37:27.917,OnTrack,998,2642,1831,pos,0 days 00:34:13.504000,0 days 01:31:10.599000
2024-06-23 13:37:28.197,OnTrack,872,2658,1834,pos,0 days 00:34:13.784000,0 days 01:31:10.879000
2024-06-23 13:37:28.597,OnTrack,765,2658,1836,pos,0 days 00:34:14.184000,0 days 01:31:11.279000
2024-06-23 13:37:28.796,OnTrack,657,2647,1839,pos,0 days 00:34:14.383000,0 days 01:31:11.478000
2024-06-23 13:37:29.176,OnTrack,534,2619,1841,pos,0 days 00:34:14.763000,0 days 01:31:11.858000
2024-06-23 13:37:29.276,OnTrack,492,2605,1843,pos,0 days 00:34:14.863000,0 days 01:31:11.958000
2024-06-23 13:37:29.476,OnTrack,406,2571,1846,pos,0 days 00:34:15.063000,0 days 01:31:12.158000
2024-06-23 13:37:29.776,OnTrack,275,2504,1852,pos,0 days 00:34:15.363000,0 days 01:31:12.458000
2024-06-23 13:37:30.056,OnTrack,154,2425,1859,pos,0 days 00:34:15.643000,0 days 01:31:12.738000
2024-06-23 13:37:30.216,OnTrack,84,2376,1862,pos,0 days 00:34:15.803000,0 days 01:31:12.898000
2024-06-23 13:37:30.436,OnTrack,-11,2309,1868,pos,0 days 00:34:16.023000,0 days 01:31:13.118000
2024-06-23 13:37:30.616,OnTrack,-87,2262,1871,pos,0 days 00:34:16.203000,0 days 01:31:13.298000
2024-06-23 13:37:30.896,OnTrack,-239,2188,1877,pos,0 days 00:34:16.483000,0 days 01:31:13.578000
2024-06-23 13:37:31.256,OnTrack,-370,2146,1881,pos,0 days 00:34:16.843000,0 days 01:31:13.938000
2024-06-23 13:37:31.496,OnTrack,-469,2128,1886,pos,0 days 00:34:17.083000,0 days 01:31:14.178000
2024-06-23 13:37:31.696,OnTrack,-549,2122,1890,pos,0 days 00:34:17.283000,0 days 01:31:14.378000
2024-06-23 13:37:31.856,OnTrack,-656,2127,1895,pos,0 days 00:34:17.443000,0 days 01:31:14.538000
2024-06-23 13:37:32.196,OnTrack,-734,2143,1899,pos,0 days 00:34:17.783000,0 days 01:31:14.878000
2024-06-23 13:37:32.496,OnTrack,-829,2183,1904,pos,0 days 00:34:18.083000,0 days 01:31:15.178000
2024-06-23 13:37:32.696,OnTrack,-884,2221,1906,pos,0 days 00:34:18.283000,0 days 01:31:15.378000
2024-06-23 13:37:32.916,OnTrack,-952,2292,1908,pos,0 days 00:34:18.503000,0 days 01:31:15.598000
2024-06-23 13:37:33.316,OnTrack,-1004,2380,1911,pos,0 days 00:34:18.903000,0 days 01:31:15.998000
2024-06-23 13:37:33.517,OnTrack,-1038,2481,1912,pos,0 days 00:34:19.104000,0 days 01:31:16.199000
2024-06-23 13:37:33.857,OnTrack,-1048,2547,1913,pos,0 days 00:34:19.444000,0 days 01:31:16.539000
2024-06-23 13:37:34.117,OnTrack,-1050,2622,1914,pos,0 days 00:34:19.704000,0 days 01:31:16.799000
2024-06-23 13:37:34.277,OnTrack,-1047,2673,1915,pos,0 days 00:34:19.864000,0 days 01:31:16.959000
2024-06-23 13:37:34.517,OnTrack,-1034,2750,1916,pos,0 days 00:34:20.104000,0 days 01:31:17.199000
2024-06-23 13:37:34.757,OnTrack,-1012,2827,1917,pos,0 days 00:34:20.344000,0 days 01:31:17.439000
2024-06-23 13:37:34.957,OnTrack,-986,2892,1918,pos,0 days 00:34:20.544000,0 days 01:31:17.639000
2024-06-23 13:37:35.177,OnTrack,-932,2995,1921,pos,0 days 00:34:20.764000,0 days 01:31:17.859000
2024-06-23 13:37:35.576,OnTrack,-830,3133,1922,pos,0 days 00:34:21.163000,0 days 01:31:18.258000
2024-06-23 13:37:35.956,OnTrack,-692,3265,1922,pos,0 days 00:34:21.543000,0 days 01:31:18.638000
2024-06-23 13:37:36.336,OnTrack,-609,3334,1922,pos,0 days 00:34:21.923000,0 days 01:31:19.018000
2024-06-23 13:37:36.576,OnTrack,-518,3405,1921,pos,0 days 00:34:22.163000,0 days 01:31:19.258000
2024-06-23 13:37:36.776,OnTrack,-439,3466,1919,pos,0 days 00:34:22.363000,0 days 01:31:19.458000
2024-06-23 13:37:37.036,OnTrack,-333,3551,1917,pos,0 days 00:34:22.623000,0 days 01:31:19.718000
2024-06-23 13:37:37.216,OnTrack,-259,3615,1916,pos,0 days 00:34:22.803000,0 days 01:31:19.898000
2024-06-23 13:37:37.336,OnTrack,-207,3659,1914,pos,0 days 00:34:22.923000,0 days 01:31:20.018000
2024-06-23 13:37:37.516,OnTrack,-129,3726,1912,pos,0 days 00:34:23.103000,0 days 01:31:20.198000
2024-06-23 13:37:37.796,OnTrack,-2,3832,1907,pos,0 days 00:34:23.383000,0 days 01:31:20.478000
2024-06-23 13:37:37.956,OnTrack,73,3892,1904,pos,0 days 00:34:23.543000,0 days 01:31:20.638000
2024-06-23 13:37:38.276,OnTrack,236,4006,1896,pos,0 days 00:34:23.863000,0 days 01:31:20.958000
2024-06-23 13:37:38.356,OnTrack,279,4031,1894,pos,0 days 00:34:23.943000,0 days 01:31:21.038000
2024-06-23 13:37:38.656,OnTrack,514,4120,1883,pos,0 days 00:34:24.243000,0 days 01:31:21.338000
2024-06-23 13:37:38.996,OnTrack,669,4140,1877,pos,0 days 00:34:24.583000,0 days 01:31:21.678000
2024-06-23 13:37:39.176,OnTrack,788,4136,1870,pos,0 days 00:34:24.763000,0 days 01:31:21.858000
2024-06-23 13:37:39.416,OnTrack,947,4110,1861,pos,0 days 00:34:25.003000,0 days 01:31:22.098000
2024-06-23 13:37:39.616,OnTrack,1075,4074,1853,pos,0 days 00:34:25.203000,0 days 01:31:22.298000
2024-06-23 13:37:39.816,OnTrack,1202,4024,1845,pos,0 days 00:34:25.403000,0 days 01:31:22.498000
2024-06-23 13:37:40.137,OnTrack,1411,3919,1833,pos,0 days 00:34:25.724000,0 days 01:31:22.819000
2024-06-23 13:37:40.337,OnTrack,1531,3848,1827,pos,0 days 00:34:25.924000,0 days 01:31:23.019000
2024-06-23 13:37:40.497,OnTrack,1627,3789,1821,pos,0 days 00:34:26.084000,0 days 01:31:23.179000
2024-06-23 13:37:40.797,OnTrack,1878,3628,1805,pos,0 days 00:34:26.384000,0 days 01:31:23.479000
2024-06-23 13:37:41.057,OnTrack,1950,3581,1801,pos,0 days 00:34:26.644000,0 days 01:31:23.739000
2024-06-23 13:37:41.337,OnTrack,2120,3473,1791,pos,0 days 00:34:26.924000,0 days 01:31:24.019000
2024-06-23 13:37:41.597,OnTrack,2336,3329,1780,pos,0 days 00:34:27.184000,0 days 01:31:24.279000
2024-06-23 13:37:41.956,OnTrack,2478,3221,1773,pos,0 days 00:34:27.543000,0 days 01:31:24.638000
2024-06-23 13:37:42.116,OnTrack,2537,3167,1770,pos,0 days 00:34:27.703000,0 days 01:31:24.798000
2024-06-23 13:37:42.436,OnTrack,2677,3020,1761,pos,0 days 00:34:28.023000,0 days 01:31:25.118000
2024-06-23 13:37:42.676,OnTrack,2760,2899,1756,pos,0 days 00:34:28.263000,0 days 01:31:25.358000
2024-06-23 13:37:42.836,OnTrack,2803,2810,1754,pos,0 days 00:34:28.423000,0 days 01:31:25.518000
2024-06-23 13:37:42.996,OnTrack,2837,2716,1751,pos,0 days 00:34:28.583000,0 days 01:31:25.678000
2024-06-23 13:37:43.176,OnTrack,2865,2605,1748,pos,0 days 00:34:28.763000,0 days 01:31:25.858000
2024-06-23 13:37:43.536,OnTrack,2883,2354,1743,pos,0 days 00:34:29.123000,0 days 01:31:26.218000
2024-06-23 13:37:43.796,OnTrack,2865,2212,1739,pos,0 days 00:34:29.383000,0 days 01:31:26.478000
2024-06-23 13:37:44.156,OnTrack,2794,1985,1736,pos,0 days 00:34:29.743000,0 days 01:31:26.838000
2024-06-23 13:37:44.316,OnTrack,2746,1884,1734,pos,0 days 00:34:29.903000,0 days 01:31:26.998000
2024-06-23 13:37:44.416,OnTrack,2713,1824,1733,pos,0 days 00:34:30.003000,0 days 01:31:27.098000
2024-06-23 13:37:44.756,OnTrack,2594,1625,1730,pos,0 days 00:34:30.343000,0 days 01:31:27.438000
2024-06-23 13:37:44.916,OnTrack,2488,1462,1727,pos,0 days 00:34:30.503000,0 days 01:31:27.598000
2024-06-23 13:37:45.336,OnTrack,2372,1286,1724,pos,0 days 00:34:30.923000,0 days 01:31:28.018000
2024-06-23 13:37:45.556,OnTrack,2286,1154,1721,pos,0 days 00:34:31.143000,0 days 01:31:28.238000
2024-06-23 13:37:45.736,OnTrack,2216,1045,1720,pos,0 days 00:34:31.323000,0 days 01:31:28.418000
2024-06-23 13:37:45.936,OnTrack,2105,874,1717,pos,0 days 00:34:31.523000,0 days 01:31:28.618000
2024-06-23 13:37:46.296,OnTrack,1992,700,1714,pos,0 days 00:34:31.883000,0 days 01:31:28.978000
2024-06-23 13:37:46.577,OnTrack,1869,512,1711,pos,0 days 00:34:32.164000,0 days 01:31:29.259000
2024-06-23 13:37:46.777,OnTrack,1786,385,1710,pos,0 days 00:34:32.364000,0 days 01:31:29.459000
2024-06-23 13:37:46.937,OnTrack,1682,225,1708,pos,0 days 00:34:32.524000,0 days 01:31:29.619000
2024-06-23 13:37:47.277,OnTrack,1600,98,1707,pos,0 days 00:34:32.864000,0 days 01:31:29.959000
2024-06-23 13:37:47.637,OnTrack,1407,-203,1707,pos,0 days 00:34:33.224000,0 days 01:31:30.319000
2024-06-23 13:37:47.977,OnTrack,1246,-454,1708,pos,0 days 00:34:33.564000,0 days 01:31:30.659000
2024-06-23 13:37:48.417,OnTrack,1119,-655,1708,pos,0 days 00:34:34.004000,0 days 01:31:31.099000
2024-06-23 13:37:48.596,OnTrack,990,-857,1708,pos,0 days 00:34:34.183000,0 days 01:31:31.278000
2024-06-23 13:37:48.996,OnTrack,870,-1047,1708,pos,0 days 00:34:34.583000,0 days 01:31:31.678000
2024-06-23 13:37:49.216,OnTrack,775,-1197,1708,pos,0 days 00:34:34.803000,0 days 01:31:31.898000
2024-06-23 13:37:49.516,OnTrack,644,-1402,1707,pos,0 days 00:34:35.103000,0 days 01:31:32.198000
2024-06-23 13:37:49.676,OnTrack,574,-1513,1707,pos,0 days 00:34:35.263000,0 days 01:31:32.358000
2024-06-23 13:37:49.916,OnTrack,417,-1761,1708,pos,0 days 00:34:35.503000,0 days 01:31:32.598000
2024-06-23 13:37:50.296,OnTrack,302,-1941,1708,pos,0 days 00:34:35.883000,0 days 01:31:32.978000
2024-06-23 13:37:50.456,OnTrack,232,-2052,1708,pos,0 days 00:34:36.043000,0 days 01:31:33.138000
2024-06-23 13:37:50.576,OnTrack,179,-2136,1708,pos,0 days 00:34:36.163000,0 days 01:31:33.258000
2024-06-23 13:37:50.856,OnTrack,54,-2331,1708,pos,0 days 00:34:36.443000,0 days 01:31:33.538000
2024-06-23 13:37:51.136,OnTrack,-70,-2527,1707,pos,0 days 00:34:36.723000,0 days 01:31:33.818000
2024-06-23 13:37:51.376,OnTrack,-197,-2721,1705,pos,0 days 00:34:36.963000,0 days 01:31:34.058000
2024-06-23 13:37:51.756,OnTrack,-353,-2958,1703,pos,0 days 00:34:37.343000,0 days 01:31:34.438000
2024-06-23 13:37:51.916,OnTrack,-427,-3069,1701,pos,0 days 00:34:37.503000,0 days 01:31:34.598000
2024-06-23 13:37:52.176,OnTrack,-594,-3320,1698,pos,0 days 00:34:37.763000,0 days 01:31:34.858000
2024-06-23 13:37:52.556,OnTrack,-725,-3515,1694,pos,0 days 00:34:38.143000,0 days 01:31:35.238000
2024-06-23 13:37:52.656,OnTrack,-772,-3585,1693,pos,0 days 00:34:38.243000,0 days 01:31:35.338000
2024-06-23 13:37:52.936,OnTrack,-903,-3780,1689,pos,0 days 00:34:38.523000,0 days 01:31:35.618000
2024-06-23 13:37:53.217,OnTrack,-1072,-4032,1682,pos,0 days 00:34:38.804000,0 days 01:31:35.899000
2024-06-23 13:37:53.537,OnTrack,-1194,-4215,1678,pos,0 days 00:34:39.124000,0 days 01:31:36.219000
2024-06-23 13:37:53.717,OnTrack,-1279,-4341,1674,pos,0 days 00:34:39.304000,0 days 01:31:36.399000
2024-06-23 13:37:54.017,OnTrack,-1468,-4622,1665,pos,0 days 00:34:39.604000,0 days 01:31:36.699000
2024-06-23 13:37:54.497,OnTrack,-1639,-4878,1659,pos,0 days 00:34:40.084000,0 days 01:31:37.179000
2024-06-23 13:37:54.637,OnTrack,-1702,-4977,1656,pos,0 days 00:34:40.224000,0 days 01:31:37.319000
2024-06-23 13:37:54.817,OnTrack,-1781,-5104,1653,pos,0 days 00:34:40.404000,0 days 01:31:37.499000
2024-06-23 13:37:54.997,OnTrack,-1860,-5235,1650,pos,0 days 00:34:40.584000,0 days 01:31:37.679000
2024-06-23 13:37:55.156,OnTrack,-1928,-5352,1648,pos,0 days 00:34:40.743000,0 days 01:31:37.838000
2024-06-23 13:37:55.436,OnTrack,-2046,-5559,1645,pos,0 days 00:34:41.023000,0 days 01:31:38.118000
2024-06-23 13:37:55.676,OnTrack,-2186,-5809,1641,pos,0 days 00:34:41.263000,0 days 01:31:38.358000
2024-06-23 13:37:56.036,OnTrack,-2291,-5999,1639,pos,0 days 00:34:41.623000,0 days 01:31:38.718000
2024-06-23 13:37:56.256,OnTrack,-2380,-6157,1637,pos,0 days 00:34:41.843000,0 days 01:31:38.938000
2024-06-23 13:37:56.536,OnTrack,-2491,-6342,1635,pos,0 days 00:34:42.123000,0 days 01:31:39.218000
2024-06-23 13:37:56.656,OnTrack,-2537,-6414,1634,pos,0 days 00:34:42.243000,0 days 01:31:39.338000
2024-06-23 13:37:56.816,OnTrack,-2581,-6480,1633,pos,0 days 00:34:42.403000,0 days 01:31:39.498000
2024-06-23 13:37:57.116,OnTrack,-2713,-6655,1630,pos,0 days 00:34:42.703000,0 days 01:31:39.798000
2024-06-23 13:37:57.436,OnTrack,-2786,-6738,1628,pos,0 days 00:34:43.023000,0 days 01:31:40.118000
2024-06-23 13:37:57.656,OnTrack,-2858,-6809,1627,pos,0 days 00:34:43.243000,0 days 01:31:40.338000
2024-06-23 13:37:57.876,OnTrack,-2979,-6904,1624,pos,0 days 00:34:43.463000,0 days 01:31:40.558000
2024-06-23 13:37:58.296,OnTrack,-3077,-6958,1625,pos,0 days 00:34:43.883000,0 days 01:31:40.978000
2024-06-23 13:37:58.456,OnTrack,-3135,-6978,1623,pos,0 days 00:34:44.043000,0 days 01:31:41.138000
2024-06-23 13:37:58.756,OnTrack,-3246,-6995,1625,pos,0 days 00:34:44.343000,0 days 01:31:41.438000
2024-06-23 13:37:58.936,OnTrack,-3314,-6991,1625,pos,0 days 00:34:44.523000,0 days 01:31:41.618000
2024-06-23 13:37:59.096,OnTrack,-3374,-6981,1627,pos,0 days 00:34:44.683000,0 days 01:31:41.778000
2024-06-23 13:37:59.316,OnTrack,-3455,-6956,1629,pos,0 days 00:34:44.903000,0 days 01:31:41.998000
2024-06-23 13:37:59.516,OnTrack,-3528,-6927,1630,pos,0 days 00:34:45.103000,0 days 01:31:42.198000
2024-06-23 13:37:59.797,OnTrack,-3638,-6876,1632,pos,0 days 00:34:45.384000,0 days 01:31:42.479000
2024-06-23 13:38:00.017,OnTrack,-3779,-6814,1634,pos,0 days 00:34:45.604000,0 days 01:31:42.699000
2024-06-23 13:38:00.397,OnTrack,-3913,-6774,1638,pos,0 days 00:34:45.984000,0 days 01:31:43.079000
2024-06-23 13:38:00.697,OnTrack,-4001,-6767,1641,pos,0 days 00:34:46.284000,0 days 01:31:43.379000
2024-06-23 13:38:01.037,OnTrack,-4156,-6792,1647,pos,0 days 00:34:46.624000,0 days 01:31:43.719000
2024-06-23 13:38:01.297,OnTrack,-4275,-6835,1653,pos,0 days 00:34:46.884000,0 days 01:31:43.979000
2024-06-23 13:38:01.497,OnTrack,-4421,-6913,1662,pos,0 days 00:34:47.084000,0 days 01:31:44.179000
2024-06-23 13:38:01.816,OnTrack,-4498,-6962,1666,pos,0 days 00:34:47.403000,0 days 01:31:44.498000
2024-06-23 13:38:02.096,OnTrack,-4618,-7045,1672,pos,0 days 00:34:47.683000,0 days 01:31:44.778000
2024-06-23 13:38:02.316,OnTrack,-4751,-7140,1681,pos,0 days 00:34:47.903000,0 days 01:31:44.998000
2024-06-23 13:38:02.776,OnTrack,-4973,-7278,1692,pos,0 days 00:34:48.363000,0 days 01:31:45.458000
2024-06-23 13:38:02.996,OnTrack,-5046,-7317,1695,pos,0 days 00:34:48.583000,0 days 01:31:45.678000
2024-06-23 13:38:03.356,OnTrack,-5243,-7400,1704,pos,0 days 00:34:48.943000,0 days 01:31:46.038000
2024-06-23 13:38:03.516,OnTrack,-5335,-7426,1708,pos,0 days 00:34:49.103000,0 days 01:31:46.198000
2024-06-23 13:38:03.756,OnTrack,-5473,-7449,1714,pos,0 days 00:34:49.343000,0 days 01:31:46.438000
2024-06-23 13:38:03.996,OnTrack,-5610,-7455,1720,pos,0 days 00:34:49.583000,0 days 01:31:46.678000
2024-06-23 13:38:04.236,OnTrack,-5766,-7441,1727,pos,0 days 00:34:49.823000,0 days 01:31:46.918000
2024-06-23 13:38:04.516,OnTrack,-5895,-7414,1731,pos,0 days 00:34:50.103000,0 days 01:31:47.198000
2024-06-23 13:38:04.836,OnTrack,-6102,-7338,1740,pos,0 days 00:34:50.423000,0 days 01:31:47.518000
2024-06-23 13:38:05.196,OnTrack,-6239,-7260,1745,pos,0 days 00:34:50.783000,0 days 01:31:47.878000
2024-06-23 13:38:05.416,OnTrack,-6372,-7154,1751,pos,0 days 00:34:51.003000,0 days 01:31:48.098000
2024-06-23 13:38:05.716,OnTrack,-6458,-7060,1755,pos,0 days 00:34:51.303000,0 days 01:31:48.398000
2024-06-23 13:38:06.036,OnTrack,-6565,-6902,1759,pos,0 days 00:34:51.623000,0 days 01:31:48.718000
2024-06-23 13:38:06.276,OnTrack,-6655,-6700,1763,pos,0 days 00:34:51.863000,0 days 01:31:48.958000
2024-06-23 13:38:06.517,OnTrack,-6681,-6615,1764,pos,0 days 00:34:52.104000,0 days 01:31:49.199000
2024-06-23 13:38:06.737,OnTrack,-6711,-6477,1766,pos,0 days 00:34:52.324000,0 days 01:31:49.419000
2024-06-23 13:38:07.017,OnTrack,-6729,-6308,1769,pos,0 days 00:34:52.604000,0 days 01:31:49.699000
2024-06-23 13:38:07.337,OnTrack,-6729,-6055,1773,pos,0 days 00:34:52.924000,0 days 01:31:50.019000
2024-06-23 13:38:07.637,OnTrack,-6714,-5892,1775,pos,0 days 00:34:53.224000,0 days 01:31:50.319000
2024-06-23 13:38:07.917,OnTrack,-6671,-5619,1779,pos,0 days 00:34:53.504000,0 days 01:31:50.599000
2024-06-23 13:38:08.197,OnTrack,-6651,-5527,1780,pos,0 days 00:34:53.784000,0 days 01:31:50.879000
2024-06-23 13:38:08.436,OnTrack,-6609,-5362,1783,pos,0 days 00:34:54.023000,0 days 01:31:51.118000
2024-06-23 13:38:08.736,OnTrack,-6540,-5158,1786,pos,0 days 00:34:54.323000,0 days 01:31:51.418000
2024-06-23 13:38:08.996,OnTrack,-6432,-4935,1790,pos,0 days 00:34:54.583000,0 days 01:31:51.678000
2024-06-23 13:38:09.316,OnTrack,-6338,-4783,1793,pos,0 days 00:34:54.903000,0 days 01:31:51.998000
2024-06-23 13:38:09.496,OnTrack,-6262,-4670,1794,pos,0 days 00:34:55.083000,0 days 01:31:52.178000
2024-06-23 13:38:09.636,OnTrack,-6202,-4584,1796,pos,0 days 00:34:55.223000,0 days 01:31:52.318000
2024-06-23 13:38:09.916,OnTrack,-6078,-4411,1798,pos,0 days 00:34:55.503000,0 days 01:31:52.598000
2024-06-23 13:38:10.216,OnTrack,-5902,-4140,1803,pos,0 days 00:34:55.803000,0 days 01:31:52.898000
2024-06-23 13:38:10.556,OnTrack,-5815,-3991,1805,pos,0 days 00:34:56.143000,0 days 01:31:53.238000
2024-06-23 13:38:10.696,OnTrack,-5759,-3898,1806,pos,0 days 00:34:56.283000,0 days 01:31:53.378000
2024-06-23 13:38:10.936,OnTrack,-5661,-3739,1809,pos,0 days 00:34:56.523000,0 days 01:31:53.618000
2024-06-23 13:38:11.176,OnTrack,-5560,-3584,1812,pos,0 days 00:34:56.763000,0 days 01:31:53.858000
2024-06-23 13:38:11.356,OnTrack,-5487,-3478,1813,pos,0 days 00:34:56.943000,0 days 01:31:54.038000
2024-06-23 13:38:11.696,OnTrack,-5359,-3293,1816,pos,0 days 00:34:57.283000,0 days 01:31:54.378000
2024-06-23 13:38:11.756,OnTrack,-5338,-3264,1817,pos,0 days 00:34:57.343000,0 days 01:31:54.438000
2024-06-23 13:38:12.076,OnTrack,-5229,-3123,1819,pos,0 days 00:34:57.663000,0 days 01:31:54.758000
2024-06-23 13:38:12.296,OnTrack,-5154,-3042,1819,pos,0 days 00:34:57.883000,0 days 01:31:54.978000
2024-06-23 13:38:12.456,OnTrack,-5098,-2991,1820,pos,0 days 00:34:58.043000,0 days 01:31:55.138000
2024-06-23 13:38:12.656,OnTrack,-5026,-2938,1820,pos,0 days 00:34:58.243000,0 days 01:31:55.338000
2024-06-23 13:38:12.977,OnTrack,-4897,-2872,1822,pos,0 days 00:34:58.564000,0 days 01:31:55.659000
2024-06-23 13:38:13.137,OnTrack,-4779,-2843,1824,pos,0 days 00:34:58.724000,0 days 01:31:55.819000
2024-06-23 13:38:13.557,OnTrack,-4677,-2839,1826,pos,0 days 00:34:59.144000,0 days 01:31:56.239000
2024-06-23 13:38:13.777,OnTrack,-4595,-2851,1827,pos,0 days 00:34:59.364000,0 days 01:31:56.459000
2024-06-23 13:38:13.857,OnTrack,-4566,-2857,1828,pos,0 days 00:34:59.444000,0 days 01:31:56.539000
2024-06-23 13:38:14.097,OnTrack,-4483,-2886,1829,pos,0 days 00:34:59.684000,0 days 01:31:56.779000
2024-06-23 13:38:14.317,OnTrack,-4413,-2922,1831,pos,0 days 00:34:59.904000,0 days 01:31:56.999000
2024-06-23 13:38:14.617,OnTrack,-4305,-3004,1833,pos,0 days 00:35:00.204000,0 days 01:31:57.299000
2024-06-23 13:38:14.916,OnTrack,-4268,-3042,1834,pos,0 days 00:35:00.503000,0 days 01:31:57.598000
2024-06-23 13:38:15.156,OnTrack,-4184,-3148,1835,pos,0 days 00:35:00.743000,0 days 01:31:57.838000
2024-06-23 13:38:15.596,OnTrack,-4122,-3257,1836,pos,0 days 00:35:01.183000,0 days 01:31:58.278000
2024-06-23 13:38:15.756,OnTrack,-4096,-3316,1837,pos,0 days 00:35:01.343000,0 days 01:31:58.438000
2024-06-23 13:38:15.996,OnTrack,-4063,-3411,1838,pos,0 days 00:35:01.583000,0 days 01:31:58.678000
2024-06-23 13:38:16.196,OnTrack,-4043,-3496,1838,pos,0 days 00:35:01.783000,0 days 01:31:58.878000
2024-06-23 13:38:16.396,OnTrack,-4031,-3586,1839,pos,0 days 00:35:01.983000,0 days 01:31:59.078000
2024-06-23 13:38:16.696,OnTrack,-4029,-3729,1839,pos,0 days 00:35:02.283000,0 days 01:31:59.378000
2024-06-23 13:38:16.816,OnTrack,-4034,-3789,1839,pos,0 days 00:35:02.403000,0 days 01:31:59.498000
2024-06-23 13:38:17.096,OnTrack,-4067,-3951,1838,pos,0 days 00:35:02.683000,0 days 01:31:59.778000
2024-06-23 13:38:17.336,OnTrack,-4101,-4054,1836,pos,0 days 00:35:02.923000,0 days 01:32:00.018000
2024-06-23 13:38:17.676,OnTrack,-4185,-4226,1834,pos,0 days 00:35:03.263000,0 days 01:32:00.358000
2024-06-23 13:38:17.916,OnTrack,-4261,-4345,1832,pos,0 days 00:35:03.503000,0 days 01:32:00.598000
2024-06-23 13:38:18.116,OnTrack,-4330,-4444,1830,pos,0 days 00:35:03.703000,0 days 01:32:00.798000
2024-06-23 13:38:18.296,OnTrack,-4446,-4604,1826,pos,0 days 00:35:03.883000,0 days 01:32:00.978000
2024-06-23 13:38:18.596,OnTrack,-4505,-4685,1824,pos,0 days 00:35:04.183000,0 days 01:32:01.278000
2024-06-23 13:38:18.896,OnTrack,-4619,-4840,1820,pos,0 days 00:35:04.483000,0 days 01:32:01.578000
2024-06-23 13:38:19.056,OnTrack,-4680,-4924,1819,pos,0 days 00:35:04.643000,0 days 01:32:01.738000
2024-06-23 13:38:19.356,OnTrack,-4836,-5137,1814,pos,0 days 00:35:04.943000,0 days 01:32:02.038000
2024-06-23 13:38:19.677,OnTrack,-4924,-5260,1810,pos,0 days 00:35:05.264000,0 days 01:32:02.359000
2024-06-23 13:38:19.977,OnTrack,-5046,-5439,1805,pos,0 days 00:35:05.564000,0 days 01:32:02.659000
2024-06-23 13:38:20.197,OnTrack,-5071,-5480,1803,pos,0 days 00:35:05.784000,0 days 01:32:02.879000
2024-06-23 13:38:20.437,OnTrack,-5117,-5562,1800,pos,0 days 00:35:06.024000,0 days 01:32:03.119000
2024-06-23 13:38:20.657,OnTrack,-5161,-5651,1797,pos,0 days 00:35:06.244000,0 days 01:32:03.339000
2024-06-23 13:38:20.857,OnTrack,-5189,-5719,1793,pos,0 days 00:35:06.444000,0 days 01:32:03.539000
2024-06-23 13:38:21.037,OnTrack,-5208,-5780,1791,pos,0 days 00:35:06.624000,0 days 01:32:03.719000
2024-06-23 13:38:21.217,OnTrack,-5221,-5838,1788,pos,0 days 00:35:06.804000,0 days 01:32:03.899000
2024-06-23 13:38:21.536,OnTrack,-5224,-5968,1782,pos,0 days 00:35:07.123000,0 days 01:32:04.218000
2024-06-23 13:38:21.856,OnTrack,-5209,-6030,1779,pos,0 days 00:35:07.443000,0 days 01:32:04.538000
2024-06-23 13:38:22.176,OnTrack,-5147,-6139,1770,pos,0 days 00:35:07.763000,0 days 01:32:04.858000
2024-06-23 13:38:22.576,OnTrack,-5097,-6184,1768,pos,0 days 00:35:08.163000,0 days 01:32:05.258000
2024-06-23 13:38:23.356,OnTrack,-4907,-6250,1758,pos,0 days 00:35:08.943000,0 days 01:32:06.038000
2024-06-23 13:38:23.676,OnTrack,-4790,-6245,1751,pos,0 days 00:35:09.263000,0 days 01:32:06.358000
2024-06-23 13:38:23.896,OnTrack,-4754,-6239,1748,pos,0 days 00:35:09.483000,0 days 01:32:06.578000
2024-06-23 13:38:24.276,OnTrack,-4607,-6194,1739,pos,0 days 00:35:09.863000,0 days 01:32:06.958000
2024-06-23 13:38:24.576,OnTrack,-4542,-6166,1735,pos,0 days 00:35:10.163000,0 days 01:32:07.258000
2024-06-23 13:38:24.776,OnTrack,-4474,-6133,1730,pos,0 days 00:35:10.363000,0 days 01:32:07.458000
2024-06-23 13:38:24.956,OnTrack,-4410,-6100,1725,pos,0 days 00:35:10.543000,0 days 01:32:07.638000
2024-06-23 13:38:25.156,OnTrack,-4336,-6060,1721,pos,0 days 00:35:10.743000,0 days 01:32:07.838000
2024-06-23 13:38:25.456,OnTrack,-4216,-5994,1713,pos,0 days 00:35:11.043000,0 days 01:32:08.138000
2024-06-23 13:38:25.716,OnTrack,-4058,-5911,1702,pos,0 days 00:35:11.303000,0 days 01:32:08.398000
2024-06-23 13:38:26.016,OnTrack,-3964,-5864,1696,pos,0 days 00:35:11.603000,0 days 01:32:08.698000
2024-06-23 13:38:26.177,OnTrack,-3876,-5823,1691,pos,0 days 00:35:11.764000,0 days 01:32:08.859000
2024-06-23 13:38:26.537,OnTrack,-3645,-5724,1679,pos,0 days 00:35:12.124000,0 days 01:32:09.219000
2024-06-23 13:38:26.877,OnTrack,-3513,-5669,1674,pos,0 days 00:35:12.464000,0 days 01:32:09.559000
2024-06-23 13:38:27.137,OnTrack,-3301,-5567,1665,pos,0 days 00:35:12.724000,0 days 01:32:09.819000
2024-06-23 13:38:27.557,OnTrack,-3092,-5440,1658,pos,0 days 00:35:13.144000,0 days 01:32:10.239000
2024-06-23 13:38:27.917,OnTrack,-2943,-5328,1654,pos,0 days 00:35:13.504000,0 days 01:32:10.599000
2024-06-23 13:38:28.136,OnTrack,-2783,-5181,1651,pos,0 days 00:35:13.723000,0 days 01:32:10.818000
2024-06-23 13:38:28.496,OnTrack,-2662,-5047,1650,pos,0 days 00:35:14.083000,0 days 01:32:11.178000
2024-06-23 13:38:28.836,OnTrack,-2516,-4859,1651,pos,0 days 00:35:14.423000,0 days 01:32:11.518000
2024-06-23 13:38:28.936,OnTrack,-2476,-4802,1651,pos,0 days 00:35:14.523000,0 days 01:32:11.618000
2024-06-23 13:38:29.096,OnTrack,-2414,-4714,1651,pos,0 days 00:35:14.683000,0 days 01:32:11.778000
2024-06-23 13:38:29.296,OnTrack,-2345,-4612,1652,pos,0 days 00:35:14.883000,0 days 01:32:11.978000
2024-06-23 13:38:29.496,OnTrack,-2282,-4521,1653,pos,0 days 00:35:15.083000,0 days 01:32:12.178000
2024-06-23 13:38:29.776,OnTrack,-2206,-4406,1656,pos,0 days 00:35:15.363000,0 days 01:32:12.458000
2024-06-23 13:38:30.036,OnTrack,-2150,-4310,1660,pos,0 days 00:35:15.623000,0 days 01:32:12.718000
2024-06-23 13:38:30.236,OnTrack,-2100,-4170,1662,pos,0 days 00:35:15.823000,0 days 01:32:12.918000
2024-06-23 13:38:30.636,OnTrack,-2085,-4050,1663,pos,0 days 00:35:16.223000,0 days 01:32:13.318000
2024-06-23 13:38:30.876,OnTrack,-2083,-3956,1666,pos,0 days 00:35:16.463000,0 days 01:32:13.558000
2024-06-23 13:38:31.076,OnTrack,-2094,-3844,1671,pos,0 days 00:35:16.663000,0 days 01:32:13.758000
2024-06-23 13:38:31.476,OnTrack,-2146,-3699,1680,pos,0 days 00:35:17.063000,0 days 01:32:14.158000
2024-06-23 13:38:31.896,OnTrack,-2207,-3618,1684,pos,0 days 00:35:17.483000,0 days 01:32:14.578000
2024-06-23 13:38:31.936,OnTrack,-2217,-3607,1684,pos,0 days 00:35:17.523000,0 days 01:32:14.618000
2024-06-23 13:38:32.136,OnTrack,-2273,-3556,1687,pos,0 days 00:35:17.723000,0 days 01:32:14.818000
2024-06-23 13:38:32.356,OnTrack,-2342,-3504,1690,pos,0 days 00:35:17.943000,0 days 01:32:15.038000
2024-06-23 13:38:32.637,OnTrack,-2442,-3433,1695,pos,0 days 00:35:18.224000,0 days 01:32:15.319000
2024-06-23 13:38:32.797,OnTrack,-2496,-3391,1700,pos,0 days 00:35:18.384000,0 days 01:32:15.479000
2024-06-23 13:38:33.097,OnTrack,-2634,-3259,1712,pos,0 days 00:35:18.684000,0 days 01:32:15.779000
2024-06-23 13:38:33.397,OnTrack,-2682,-3199,1718,pos,0 days 00:35:18.984000,0 days 01:32:16.079000
2024-06-23 13:38:33.697,OnTrack,-2763,-3070,1729,pos,0 days 00:35:19.284000,0 days 01:32:16.379000
2024-06-23 13:38:33.917,OnTrack,-2815,-2964,1736,pos,0 days 00:35:19.504000,0 days 01:32:16.599000
2024-06-23 13:38:33.977,OnTrack,-2829,-2934,1739,pos,0 days 00:35:19.564000,0 days 01:32:16.659000
2024-06-23 13:38:34.237,OnTrack,-2889,-2802,1748,pos,0 days 00:35:19.824000,0 days 01:32:16.919000
2024-06-23 13:38:34.557,OnTrack,-2967,-2634,1757,pos,0 days 00:35:20.144000,0 days 01:32:17.239000
2024-06-23 13:38:34.736,OnTrack,-3014,-2537,1765,pos,0 days 00:35:20.323000,0 days 01:32:17.418000
2024-06-23 13:38:34.976,OnTrack,-3077,-2404,1774,pos,0 days 00:35:20.563000,0 days 01:32:17.658000
2024-06-23 13:38:35.076,OnTrack,-3107,-2341,1778,pos,0 days 00:35:20.663000,0 days 01:32:17.758000
2024-06-23 13:38:35.316,OnTrack,-3172,-2203,1787,pos,0 days 00:35:20.903000,0 days 01:32:17.998000
2024-06-23 13:38:35.476,OnTrack,-3216,-2111,1793,pos,0 days 00:35:21.063000,0 days 01:32:18.158000
2024-06-23 13:38:35.656,OnTrack,-3267,-2004,1801,pos,0 days 00:35:21.243000,0 days 01:32:18.338000
2024-06-23 13:38:35.876,OnTrack,-3330,-1873,1809,pos,0 days 00:35:21.463000,0 days 01:32:18.558000
2024-06-23 13:38:36.116,OnTrack,-3432,-1640,1824,pos,0 days 00:35:21.703000,0 days 01:32:18.798000
2024-06-23 13:38:36.476,OnTrack,-3476,-1503,1832,pos,0 days 00:35:22.063000,0 days 01:32:19.158000
2024-06-23 13:38:36.676,OnTrack,-3499,-1378,1839,pos,0 days 00:35:22.263000,0 days 01:32:19.358000
2024-06-23 13:38:36.936,OnTrack,-3507,-1214,1846,pos,0 days 00:35:22.523000,0 days 01:32:19.618000
2024-06-23 13:38:37.076,OnTrack,-3503,-1126,1849,pos,0 days 00:35:22.663000,0 days 01:32:19.758000
2024-06-23 13:38:37.436,OnTrack,-3461,-883,1859,pos,0 days 00:35:23.023000,0 days 01:32:20.118000
2024-06-23 13:38:37.756,OnTrack,-3409,-721,1864,pos,0 days 00:35:23.343000,0 days 01:32:20.438000
2024-06-23 13:38:37.996,OnTrack,-3347,-587,1868,pos,0 days 00:35:23.583000,0 days 01:32:20.678000
2024-06-23 13:38:38.196,OnTrack,-3208,-394,1873,pos,0 days 00:35:23.783000,0 days 01:32:20.878000
2024-06-23 13:38:38.576,OnTrack,-3009,-252,1875,pos,0 days 00:35:24.163000,0 days 01:32:21.258000
2024-06-23 13:38:39.056,OnTrack,-2786,-156,1873,pos,0 days 00:35:24.643000,0 days 01:32:21.738000
2024-06-23 13:38:39.277,OnTrack,-2585,-75,1871,pos,0 days 00:35:24.864000,0 days 01:32:21.959000
2024-06-23 13:38:39.557,OnTrack,-2460,-19,1870,pos,0 days 00:35:25.144000,0 days 01:32:22.239000
2024-06-23 13:38:39.797,OnTrack,-2309,51,1867,pos,0 days 00:35:25.384000,0 days 01:32:22.479000
2024-06-23 13:38:40.117,OnTrack,-2079,160,1864,pos,0 days 00:35:25.704000,0 days 01:32:22.799000
2024-06-23 13:38:40.357,OnTrack,-1962,215,1863,pos,0 days 00:35:25.944000,0 days 01:32:23.039000
2024-06-23 13:38:40.577,OnTrack,-1817,284,1861,pos,0 days 00:35:26.164000,0 days 01:32:23.259000
2024-06-23 13:38:40.817,OnTrack,-1657,359,1859,pos,0 days 00:35:26.404000,0 days 01:32:23.499000
2024-06-23 13:38:41.037,OnTrack,-1510,429,1857,pos,0 days 00:35:26.624000,0 days 01:32:23.719000
2024-06-23 13:38:41.276,OnTrack,-1347,506,1855,pos,0 days 00:35:26.863000,0 days 01:32:23.958000
2024-06-23 13:38:41.476,OnTrack,-1212,572,1853,pos,0 days 00:35:27.063000,0 days 01:32:24.158000
2024-06-23 13:38:41.636,OnTrack,-1103,627,1852,pos,0 days 00:35:27.223000,0 days 01:32:24.318000
2024-06-23 13:38:41.916,OnTrack,-913,726,1849,pos,0 days 00:35:27.503000,0 days 01:32:24.598000
2024-06-23 13:38:42.156,OnTrack,-652,864,1846,pos,0 days 00:35:27.743000,0 days 01:32:24.838000
2024-06-23 13:38:42.496,OnTrack,-514,938,1844,pos,0 days 00:35:28.083000,0 days 01:32:25.178000
2024-06-23 13:38:42.676,OnTrack,-389,1005,1842,pos,0 days 00:35:28.263000,0 days 01:32:25.358000
2024-06-23 13:38:42.836,OnTrack,-277,1065,1841,pos,0 days 00:35:28.423000,0 days 01:32:25.518000
2024-06-23 13:38:42.996,OnTrack,-165,1124,1839,pos,0 days 00:35:28.583000,0 days 01:32:25.678000
2024-06-23 13:38:43.216,OnTrack,-11,1207,1837,pos,0 days 00:35:28.803000,0 days 01:32:25.898000
2024-06-23 13:38:43.556,OnTrack,326,1385,1832,pos,0 days 00:35:29.143000,0 days 01:32:26.238000
2024-06-23 13:38:43.856,OnTrack,439,1441,1831,pos,0 days 00:35:29.443000,0 days 01:32:26.538000
2024-06-23 13:38:44.076,OnTrack,588,1510,1829,pos,0 days 00:35:29.663000,0 days 01:32:26.758000
2024-06-23 13:38:44.356,OnTrack,755,1580,1827,pos,0 days 00:35:29.943000,0 days 01:32:27.038000
2024-06-23 13:38:44.616,OnTrack,899,1638,1825,pos,0 days 00:35:30.203000,0 days 01:32:27.298000
2024-06-23 13:38:44.816,OnTrack,999,1678,1824,pos,0 days 00:35:30.403000,0 days 01:32:27.498000
2024-06-23 13:38:44.996,OnTrack,1081,1713,1823,pos,0 days 00:35:30.583000,0 days 01:32:27.678000
2024-06-23 13:38:45.096,OnTrack,1123,1731,1823,pos,0 days 00:35:30.683000,0 days 01:32:27.778000
2024-06-23 13:38:45.376,OnTrack,1254,1801,1821,pos,0 days 00:35:30.963000,0 days 01:32:28.058000
2024-06-23 13:38:45.656,OnTrack,1314,1843,1821,pos,0 days 00:35:31.243000,0 days 01:32:28.338000
2024-06-23 13:38:45.937,OnTrack,1387,1913,1819,pos,0 days 00:35:31.524000,0 days 01:32:28.619000
2024-06-23 13:38:46.077,OnTrack,1414,1951,1819,pos,0 days 00:35:31.664000,0 days 01:32:28.759000
2024-06-23 13:38:46.397,OnTrack,1460,2076,1818,pos,0 days 00:35:31.984000,0 days 01:32:29.079000
2024-06-23 13:38:46.797,OnTrack,1462,2163,1817,pos,0 days 00:35:32.384000,0 days 01:32:29.479000
2024-06-23 13:38:47.057,OnTrack,1448,2242,1817,pos,0 days 00:35:32.644000,0 days 01:32:29.739000
2024-06-23 13:38:47.157,OnTrack,1439,2271,1817,pos,0 days 00:35:32.744000,0 days 01:32:29.839000
2024-06-23 13:38:47.397,OnTrack,1411,2337,1819,pos,0 days 00:35:32.984000,0 days 01:32:30.079000
2024-06-23 13:38:47.617,OnTrack,1379,2392,1821,pos,0 days 00:35:33.204000,0 days 01:32:30.299000
2024-06-23 13:38:47.876,OnTrack,1310,2479,1824,pos,0 days 00:35:33.463000,0 days 01:32:30.558000
2024-06-23 13:38:48.096,OnTrack,1294,2495,1824,pos,0 days 00:35:33.683000,0 days 01:32:30.778000
2024-06-23 13:38:48.416,OnTrack,1228,2550,1826,pos,0 days 00:35:34.003000,0 days 01:32:31.098000
2024-06-23 13:38:48.656,OnTrack,1170,2585,1828,pos,0 days 00:35:34.243000,0 days 01:32:31.338000
2024-06-23 13:38:48.876,OnTrack,1088,2618,1830,pos,0 days 00:35:34.463000,0 days 01:32:31.558000
2024-06-23 13:38:49.316,OnTrack,951,2650,1833,pos,0 days 00:35:34.903000,0 days 01:32:31.998000
2024-06-23 13:38:49.656,OnTrack,826,2660,1835,pos,0 days 00:35:35.243000,0 days 01:32:32.338000
2024-06-23 13:38:50.096,OnTrack,698,2653,1838,pos,0 days 00:35:35.683000,0 days 01:32:32.778000
2024-06-23 13:38:50.256,OnTrack,594,2634,1840,pos,0 days 00:35:35.843000,0 days 01:32:32.938000
2024-06-23 13:38:50.636,OnTrack,478,2600,1843,pos,0 days 00:35:36.223000,0 days 01:32:33.318000
2024-06-23 13:38:50.876,OnTrack,375,2557,1847,pos,0 days 00:35:36.463000,0 days 01:32:33.558000
2024-06-23 13:38:51.156,OnTrack,255,2491,1853,pos,0 days 00:35:36.743000,0 days 01:32:33.838000
2024-06-23 13:38:51.236,OnTrack,220,2469,1855,pos,0 days 00:35:36.823000,0 days 01:32:33.918000
2024-06-23 13:38:51.536,OnTrack,37,2343,1866,pos,0 days 00:35:37.123000,0 days 01:32:34.218000
2024-06-23 13:38:51.836,OnTrack,-44,2287,1869,pos,0 days 00:35:37.423000,0 days 01:32:34.518000
2024-06-23 13:38:52.156,OnTrack,-191,2209,1875,pos,0 days 00:35:37.743000,0 days 01:32:34.838000
2024-06-23 13:38:52.296,OnTrack,-254,2183,1877,pos,0 days 00:35:37.883000,0 days 01:32:34.978000
2024-06-23 13:38:52.457,OnTrack,-333,2156,1880,pos,0 days 00:35:38.044000,0 days 01:32:35.139000
2024-06-23 13:38:52.697,OnTrack,-435,2133,1884,pos,0 days 00:35:38.284000,0 days 01:32:35.379000
2024-06-23 13:38:52.877,OnTrack,-510,2124,1888,pos,0 days 00:35:38.464000,0 days 01:32:35.559000
2024-06-23 13:38:53.157,OnTrack,-613,2123,1893,pos,0 days 00:35:38.744000,0 days 01:32:35.839000
2024-06-23 13:38:53.417,OnTrack,-708,2136,1898,pos,0 days 00:35:39.004000,0 days 01:32:36.099000
2024-06-23 13:38:53.597,OnTrack,-770,2155,1900,pos,0 days 00:35:39.184000,0 days 01:32:36.279000
2024-06-23 13:38:53.837,OnTrack,-875,2214,1906,pos,0 days 00:35:39.424000,0 days 01:32:36.519000
2024-06-23 13:38:54.157,OnTrack,-924,2258,1907,pos,0 days 00:35:39.744000,0 days 01:32:36.839000
2024-06-23 13:38:54.317,OnTrack,-956,2298,1908,pos,0 days 00:35:39.904000,0 days 01:32:36.999000
2024-06-23 13:38:54.636,OnTrack,-1006,2385,1911,pos,0 days 00:35:40.223000,0 days 01:32:37.318000
2024-06-23 13:38:54.836,OnTrack,-1032,2460,1912,pos,0 days 00:35:40.423000,0 days 01:32:37.518000
2024-06-23 13:38:55.216,OnTrack,-1049,2554,1913,pos,0 days 00:35:40.803000,0 days 01:32:37.898000
2024-06-23 13:38:55.476,OnTrack,-1047,2670,1915,pos,0 days 00:35:41.063000,0 days 01:32:38.158000
2024-06-23 13:38:55.856,OnTrack,-1024,2789,1917,pos,0 days 00:35:41.443000,0 days 01:32:38.538000
2024-06-23 13:38:56.156,OnTrack,-1005,2846,1918,pos,0 days 00:35:41.743000,0 days 01:32:38.838000
2024-06-23 13:38:56.376,OnTrack,-975,2917,1919,pos,0 days 00:35:41.963000,0 days 01:32:39.058000
2024-06-23 13:38:56.636,OnTrack,-929,2999,1921,pos,0 days 00:35:42.223000,0 days 01:32:39.318000
2024-06-23 13:38:56.916,OnTrack,-868,3087,1922,pos,0 days 00:35:42.503000,0 days 01:32:39.598000
2024-06-23 13:38:57.136,OnTrack,-810,3153,1922,pos,0 days 00:35:42.723000,0 days 01:32:39.818000
2024-06-23 13:38:57.236,OnTrack,-781,3183,1922,pos,0 days 00:35:42.823000,0 days 01:32:39.918000
2024-06-23 13:38:57.396,OnTrack,-732,3230,1923,pos,0 days 00:35:42.983000,0 days 01:32:40.078000
2024-06-23 13:38:57.676,OnTrack,-635,3312,1922,pos,0 days 00:35:43.263000,0 days 01:32:40.358000
2024-06-23 13:38:57.936,OnTrack,-497,3421,1920,pos,0 days 00:35:43.523000,0 days 01:32:40.618000
2024-06-23 13:38:58.316,OnTrack,-382,3511,1919,pos,0 days 00:35:43.903000,0 days 01:32:40.998000
2024-06-23 13:38:58.496,OnTrack,-307,3573,1917,pos,0 days 00:35:44.083000,0 days 01:32:41.178000
2024-06-23 13:38:58.696,OnTrack,-221,3647,1915,pos,0 days 00:35:44.283000,0 days 01:32:41.378000
2024-06-23 13:38:58.937,OnTrack,-106,3745,1911,pos,0 days 00:35:44.524000,0 days 01:32:41.619000
2024-06-23 13:38:59.157,OnTrack,-4,3830,1907,pos,0 days 00:35:44.744000,0 days 01:32:41.839000
2024-06-23 13:38:59.357,OnTrack,91,3906,1903,pos,0 days 00:35:44.944000,0 days 01:32:42.039000
2024-06-23 13:38:59.577,OnTrack,246,4012,1896,pos,0 days 00:35:45.164000,0 days 01:32:42.259000
2024-06-23 13:38:59.897,OnTrack,369,4074,1891,pos,0 days 00:35:45.484000,0 days 01:32:42.579000
2024-06-23 13:39:00.157,OnTrack,546,4127,1882,pos,0 days 00:35:45.744000,0 days 01:32:42.839000
2024-06-23 13:39:00.377,OnTrack,792,4135,1869,pos,0 days 00:35:45.964000,0 days 01:32:43.059000
2024-06-23 13:39:00.717,OnTrack,927,4115,1862,pos,0 days 00:35:46.304000,0 days 01:32:43.399000
2024-06-23 13:39:00.997,OnTrack,1108,4062,1851,pos,0 days 00:35:46.584000,0 days 01:32:43.679000
2024-06-23 13:39:01.216,OnTrack,1248,4003,1843,pos,0 days 00:35:46.803000,0 days 01:32:43.898000
2024-06-23 13:39:01.336,OnTrack,1395,3928,1834,pos,0 days 00:35:46.923000,0 days 01:32:44.018000
2024-06-23 13:39:01.736,OnTrack,1563,3829,1825,pos,0 days 00:35:47.323000,0 days 01:32:44.418000
2024-06-23 13:39:01.896,OnTrack,1658,3769,1819,pos,0 days 00:35:47.483000,0 days 01:32:44.578000
2024-06-23 13:39:02.216,OnTrack,1849,3646,1807,pos,0 days 00:35:47.803000,0 days 01:32:44.898000
2024-06-23 13:39:02.356,OnTrack,1934,3592,1802,pos,0 days 00:35:47.943000,0 days 01:32:45.038000
2024-06-23 13:39:02.676,OnTrack,2178,3436,1788,pos,0 days 00:35:48.263000,0 days 01:32:45.358000
2024-06-23 13:39:02.956,OnTrack,2299,3355,1782,pos,0 days 00:35:48.543000,0 days 01:32:45.638000
2024-06-23 13:39:03.156,OnTrack,2415,3271,1777,pos,0 days 00:35:48.743000,0 days 01:32:45.838000
2024-06-23 13:39:03.356,OnTrack,2520,3184,1770,pos,0 days 00:35:48.943000,0 days 01:32:46.038000
2024-06-23 13:39:03.616,OnTrack,2685,3011,1761,pos,0 days 00:35:49.203000,0 days 01:32:46.298000
2024-06-23 13:39:03.916,OnTrack,2755,2907,1757,pos,0 days 00:35:49.503000,0 days 01:32:46.598000
2024-06-23 13:39:04.196,OnTrack,2828,2746,1752,pos,0 days 00:35:49.783000,0 days 01:32:46.878000
2024-06-23 13:39:04.456,OnTrack,2881,2494,1745,pos,0 days 00:35:50.043000,0 days 01:32:47.138000
2024-06-23 13:39:04.816,OnTrack,2883,2355,1743,pos,0 days 00:35:50.403000,0 days 01:32:47.498000
2024-06-23 13:39:05.036,OnTrack,2850,2148,1738,pos,0 days 00:35:50.623000,0 days 01:32:47.718000
2024-06-23 13:39:05.476,OnTrack,2773,1938,1735,pos,0 days 00:35:51.063000,0 days 01:32:48.158000
2024-06-23 13:39:05.697,OnTrack,2666,1743,1732,pos,0 days 00:35:51.284000,0 days 01:32:48.379000
2024-06-23 13:39:06.077,OnTrack,2572,1591,1729,pos,0 days 00:35:51.664000,0 days 01:32:48.759000
2024-06-23 13:39:06.297,OnTrack,2496,1474,1727,pos,0 days 00:35:51.884000,0 days 01:32:48.979000
2024-06-23 13:39:06.417,OnTrack,2449,1403,1726,pos,0 days 00:35:52.004000,0 days 01:32:49.099000
2024-06-23 13:39:06.697,OnTrack,2285,1152,1721,pos,0 days 00:35:52.284000,0 days 01:32:49.379000
2024-06-23 13:39:07.077,OnTrack,2190,1006,1719,pos,0 days 00:35:52.664000,0 days 01:32:49.759000
2024-06-23 13:39:07.217,OnTrack,2134,920,1718,pos,0 days 00:35:52.804000,0 days 01:32:49.899000
2024-06-23 13:39:07.417,OnTrack,2054,796,1716,pos,0 days 00:35:53.004000,0 days 01:32:50.099000
2024-06-23 13:39:07.796,OnTrack,1857,494,1711,pos,0 days 00:35:53.383000,0 days 01:32:50.478000
2024-06-23 13:39:08.196,OnTrack,1732,303,1709,pos,0 days 00:35:53.783000,0 days 01:32:50.878000
2024-06-23 13:39:08.376,OnTrack,1657,187,1708,pos,0 days 00:35:53.963000,0 days 01:32:51.058000
2024-06-23 13:39:08.556,OnTrack,1583,71,1708,pos,0 days 00:35:54.143000,0 days 01:32:51.238000
2024-06-23 13:39:08.776,OnTrack,1491,-72,1708,pos,0 days 00:35:54.363000,0 days 01:32:51.458000
2024-06-23 13:39:08.956,OnTrack,1415,-190,1707,pos,0 days 00:35:54.543000,0 days 01:32:51.638000
2024-06-23 13:39:09.136,OnTrack,1339,-309,1707,pos,0 days 00:35:54.723000,0 days 01:32:51.818000
2024-06-23 13:39:09.236,OnTrack,1296,-376,1707,pos,0 days 00:35:54.823000,0 days 01:32:51.918000
2024-06-23 13:39:09.476,OnTrack,1194,-536,1708,pos,0 days 00:35:55.063000,0 days 01:32:52.158000
2024-06-23 13:39:09.736,OnTrack,1083,-711,1708,pos,0 days 00:35:55.323000,0 days 01:32:52.418000
2024-06-23 13:39:09.896,OnTrack,1015,-819,1708,pos,0 days 00:35:55.483000,0 days 01:32:52.578000
2024-06-23 13:39:10.176,OnTrack,894,-1009,1708,pos,0 days 00:35:55.763000,0 days 01:32:52.858000
2024-06-23 13:39:10.296,OnTrack,842,-1091,1708,pos,0 days 00:35:55.883000,0 days 01:32:52.978000
2024-06-23 13:39:10.576,OnTrack,677,-1351,1707,pos,0 days 00:35:56.163000,0 days 01:32:53.258000
2024-06-23 13:39:10.976,OnTrack,546,-1557,1707,pos,0 days 00:35:56.563000,0 days 01:32:53.658000
2024-06-23 13:39:11.176,OnTrack,458,-1696,1707,pos,0 days 00:35:56.763000,0 days 01:32:53.858000
2024-06-23 13:39:11.376,OnTrack,370,-1834,1708,pos,0 days 00:35:56.963000,0 days 01:32:54.058000
2024-06-23 13:39:11.656,OnTrack,193,-2113,1708,pos,0 days 00:35:57.243000,0 days 01:32:54.338000
2024-06-23 13:39:12.056,OnTrack,-1,-2420,1707,pos,0 days 00:35:57.643000,0 days 01:32:54.738000
2024-06-23 13:39:12.337,OnTrack,-64,-2517,1707,pos,0 days 00:35:57.924000,0 days 01:32:55.019000
2024-06-23 13:39:12.557,OnTrack,-152,-2653,1706,pos,0 days 00:35:58.144000,0 days 01:32:55.239000
2024-06-23 13:39:12.837,OnTrack,-271,-2834,1704,pos,0 days 00:35:58.424000,0 days 01:32:55.519000
2024-06-23 13:39:13.117,OnTrack,-400,-3028,1702,pos,0 days 00:35:58.704000,0 days 01:32:55.799000
2024-06-23 13:39:13.317,OnTrack,-493,-3167,1700,pos,0 days 00:35:58.904000,0 days 01:32:55.999000
2024-06-23 13:39:13.497,OnTrack,-576,-3292,1698,pos,0 days 00:35:59.084000,0 days 01:32:56.179000
2024-06-23 13:39:13.677,OnTrack,-660,-3417,1696,pos,0 days 00:35:59.264000,0 days 01:32:56.359000
2024-06-23 13:39:13.837,OnTrack,-734,-3529,1694,pos,0 days 00:35:59.424000,0 days 01:32:56.519000
2024-06-23 13:39:13.997,OnTrack,-809,-3640,1691,pos,0 days 00:35:59.584000,0 days 01:32:56.679000
2024-06-23 13:39:14.177,OnTrack,-893,-3766,1689,pos,0 days 00:35:59.764000,0 days 01:32:56.859000
2024-06-23 13:39:14.456,OnTrack,-1024,-3961,1684,pos,0 days 00:36:00.043000,0 days 01:32:57.138000
2024-06-23 13:39:14.736,OnTrack,-1203,-4227,1677,pos,0 days 00:36:00.323000,0 days 01:32:57.418000
2024-06-23 13:39:15.036,OnTrack,-1297,-4367,1673,pos,0 days 00:36:00.623000,0 days 01:32:57.718000
2024-06-23 13:39:15.216,OnTrack,-1382,-4493,1669,pos,0 days 00:36:00.803000,0 days 01:32:57.898000
2024-06-23 13:39:15.476,OnTrack,-1504,-4676,1664,pos,0 days 00:36:01.063000,0 days 01:32:58.158000
2024-06-23 13:39:15.756,OnTrack,-1634,-4871,1659,pos,0 days 00:36:01.343000,0 days 01:32:58.438000
2024-06-23 13:39:15.936,OnTrack,-1716,-4999,1655,pos,0 days 00:36:01.523000,0 days 01:32:58.618000
2024-06-23 13:39:16.116,OnTrack,-1796,-5128,1653,pos,0 days 00:36:01.703000,0 days 01:32:58.798000
2024-06-23 13:39:16.416,OnTrack,-1925,-5347,1648,pos,0 days 00:36:02.003000,0 days 01:32:59.098000
2024-06-23 13:39:16.636,OnTrack,-2068,-5597,1645,pos,0 days 00:36:02.223000,0 days 01:32:59.318000
2024-06-23 13:39:16.936,OnTrack,-2141,-5728,1642,pos,0 days 00:36:02.523000,0 days 01:32:59.618000
2024-06-23 13:39:17.216,OnTrack,-2255,-5934,1640,pos,0 days 00:36:02.803000,0 days 01:32:59.898000
2024-06-23 13:39:17.416,OnTrack,-2335,-6078,1638,pos,0 days 00:36:03.003000,0 days 01:33:00.098000
2024-06-23 13:39:17.556,OnTrack,-2392,-6178,1636,pos,0 days 00:36:03.143000,0 days 01:33:00.238000
2024-06-23 13:39:17.796,OnTrack,-2486,-6334,1635,pos,0 days 00:36:03.383000,0 days 01:33:00.478000
2024-06-23 13:39:18.036,OnTrack,-2576,-6473,1633,pos,0 days 00:36:03.623000,0 days 01:33:00.718000
2024-06-23 13:39:18.316,OnTrack,-2648,-6572,1632,pos,0 days 00:36:03.903000,0 days 01:33:00.998000
2024-06-23 13:39:18.496,OnTrack,-2706,-6646,1631,pos,0 days 00:36:04.083000,0 days 01:33:01.178000
2024-06-23 13:39:18.697,OnTrack,-2777,-6728,1629,pos,0 days 00:36:04.284000,0 days 01:33:01.379000
2024-06-23 13:39:18.897,OnTrack,-2872,-6822,1626,pos,0 days 00:36:04.484000,0 days 01:33:01.579000
2024-06-23 13:39:19.197,OnTrack,-2938,-6876,1625,pos,0 days 00:36:04.784000,0 days 01:33:01.879000
2024-06-23 13:39:19.517,OnTrack,-3041,-6941,1625,pos,0 days 00:36:05.104000,0 days 01:33:02.199000
2024-06-23 13:39:19.677,OnTrack,-3141,-6980,1623,pos,0 days 00:36:05.264000,0 days 01:33:02.359000
2024-06-23 13:39:20.197,OnTrack,-3291,-6994,1624,pos,0 days 00:36:05.784000,0 days 01:33:02.879000
2024-06-23 13:39:20.357,OnTrack,-3351,-6986,1626,pos,0 days 00:36:05.944000,0 days 01:33:03.039000
2024-06-23 13:39:20.477,OnTrack,-3396,-6975,1627,pos,0 days 00:36:06.064000,0 days 01:33:03.159000
2024-06-23 13:39:20.637,OnTrack,-3455,-6956,1629,pos,0 days 00:36:06.224000,0 days 01:33:03.319000
2024-06-23 13:39:20.836,OnTrack,-3529,-6926,1630,pos,0 days 00:36:06.423000,0 days 01:33:03.518000
2024-06-23 13:39:21.216,OnTrack,-3693,-6850,1632,pos,0 days 00:36:06.803000,0 days 01:33:03.898000
2024-06-23 13:39:21.456,OnTrack,-3765,-6819,1634,pos,0 days 00:36:07.043000,0 days 01:33:04.138000
2024-06-23 13:39:21.736,OnTrack,-3881,-6781,1637,pos,0 days 00:36:07.323000,0 days 01:33:04.418000
2024-06-23 13:39:21.976,OnTrack,-3983,-6767,1640,pos,0 days 00:36:07.563000,0 days 01:33:04.658000
2024-06-23 13:39:22.196,OnTrack,-4147,-6789,1647,pos,0 days 00:36:07.783000,0 days 01:33:04.878000
2024-06-23 13:39:22.656,OnTrack,-4321,-6857,1656,pos,0 days 00:36:08.243000,0 days 01:33:05.338000
2024-06-23 13:39:23.056,OnTrack,-4524,-6979,1667,pos,0 days 00:36:08.643000,0 days 01:33:05.738000
2024-06-23 13:39:23.396,OnTrack,-4618,-7046,1672,pos,0 days 00:36:08.983000,0 days 01:33:06.078000
2024-06-23 13:39:23.636,OnTrack,-4724,-7122,1679,pos,0 days 00:36:09.223000,0 days 01:33:06.318000
2024-06-23 13:39:23.836,OnTrack,-4817,-7184,1683,pos,0 days 00:36:09.423000,0 days 01:33:06.518000
2024-06-23 13:39:24.116,OnTrack,-4955,-7268,1691,pos,0 days 00:36:09.703000,0 days 01:33:06.798000
2024-06-23 13:39:24.316,OnTrack,-5124,-7354,1699,pos,0 days 00:36:09.903000,0 days 01:33:06.998000
2024-06-23 13:39:24.616,OnTrack,-5225,-7394,1702,pos,0 days 00:36:10.203000,0 days 01:33:07.298000
2024-06-23 13:39:24.856,OnTrack,-5364,-7432,1709,pos,0 days 00:36:10.443000,0 days 01:33:07.538000
2024-06-23 13:39:25.096,OnTrack,-5557,-7455,1718,pos,0 days 00:36:10.683000,0 days 01:33:07.778000
2024-06-23 13:39:25.537,OnTrack,-5784,-7438,1728,pos,0 days 00:36:11.124000,0 days 01:33:08.219000
2024-06-23 13:39:25.677,OnTrack,-5868,-7421,1731,pos,0 days 00:36:11.264000,0 days 01:33:08.359000
2024-06-23 13:39:25.857,OnTrack,-5968,-7392,1735,pos,0 days 00:36:11.444000,0 days 01:33:08.539000
2024-06-23 13:39:26.077,OnTrack,-6125,-7327,1740,pos,0 days 00:36:11.664000,0 days 01:33:08.759000
2024-06-23 13:39:26.437,OnTrack,-6252,-7251,1746,pos,0 days 00:36:12.024000,0 days 01:33:09.119000
2024-06-23 13:39:26.617,OnTrack,-6333,-7189,1749,pos,0 days 00:36:12.204000,0 days 01:33:09.299000
2024-06-23 13:39:26.917,OnTrack,-6455,-7064,1755,pos,0 days 00:36:12.504000,0 days 01:33:09.599000
2024-06-23 13:39:27.137,OnTrack,-6532,-6958,1757,pos,0 days 00:36:12.724000,0 days 01:33:09.819000
2024-06-23 13:39:27.297,OnTrack,-6580,-6874,1759,pos,0 days 00:36:12.884000,0 days 01:33:09.979000
2024-06-23 13:39:27.596,OnTrack,-6669,-6656,1764,pos,0 days 00:36:13.183000,0 days 01:33:10.278000
2024-06-23 13:39:27.936,OnTrack,-6708,-6494,1766,pos,0 days 00:36:13.523000,0 days 01:33:10.618000
2024-06-23 13:39:28.136,OnTrack,-6725,-6365,1768,pos,0 days 00:36:13.723000,0 days 01:33:10.818000
2024-06-23 13:39:28.316,OnTrack,-6732,-6247,1770,pos,0 days 00:36:13.903000,0 days 01:33:10.998000
2024-06-23 13:39:28.596,OnTrack,-6724,-5991,1774,pos,0 days 00:36:14.183000,0 days 01:33:11.278000
2024-06-23 13:39:28.916,OnTrack,-6708,-5842,1776,pos,0 days 00:36:14.503000,0 days 01:33:11.598000
2024-06-23 13:39:29.216,OnTrack,-6674,-5636,1779,pos,0 days 00:36:14.803000,0 days 01:33:11.898000
2024-06-23 13:39:29.456,OnTrack,-6643,-5493,1781,pos,0 days 00:36:15.043000,0 days 01:33:12.138000
2024-06-23 13:39:29.536,OnTrack,-6629,-5437,1782,pos,0 days 00:36:15.123000,0 days 01:33:12.218000
2024-06-23 13:39:29.756,OnTrack,-6558,-5205,1786,pos,0 days 00:36:15.343000,0 days 01:33:12.438000
2024-06-23 13:39:30.156,OnTrack,-6477,-5019,1789,pos,0 days 00:36:15.743000,0 days 01:33:12.838000
2024-06-23 13:39:30.356,OnTrack,-6405,-4890,1791,pos,0 days 00:36:15.943000,0 days 01:33:13.038000
2024-06-23 13:39:30.556,OnTrack,-6326,-4764,1793,pos,0 days 00:36:16.143000,0 days 01:33:13.238000
2024-06-23 13:39:30.836,OnTrack,-6153,-4516,1797,pos,0 days 00:36:16.423000,0 days 01:33:13.518000
2024-06-23 13:39:31.156,OnTrack,-6065,-4393,1799,pos,0 days 00:36:16.743000,0 days 01:33:13.838000
2024-06-23 13:39:31.456,OnTrack,-5939,-4203,1802,pos,0 days 00:36:17.043000,0 days 01:33:14.138000
2024-06-23 13:39:31.556,OnTrack,-5899,-4135,1803,pos,0 days 00:36:17.143000,0 days 01:33:14.238000
2024-06-23 13:39:31.816,OnTrack,-5797,-3960,1805,pos,0 days 00:36:17.403000,0 days 01:33:14.498000
2024-06-23 13:39:32.017,OnTrack,-5708,-3814,1808,pos,0 days 00:36:17.604000,0 days 01:33:14.699000
2024-06-23 13:39:32.197,OnTrack,-5637,-3702,1810,pos,0 days 00:36:17.784000,0 days 01:33:14.879000
2024-06-23 13:39:32.557,OnTrack,-5495,-3490,1813,pos,0 days 00:36:18.144000,0 days 01:33:15.239000
2024-06-23 13:39:32.677,OnTrack,-5447,-3420,1814,pos,0 days 00:36:18.264000,0 days 01:33:15.359000
2024-06-23 13:39:32.917,OnTrack,-5319,-3236,1817,pos,0 days 00:36:18.504000,0 days 01:33:15.599000
2024-06-23 13:39:33.197,OnTrack,-5265,-3167,1818,pos,0 days 00:36:18.784000,0 days 01:33:15.879000
2024-06-23 13:39:33.437,OnTrack,-5184,-3073,1819,pos,0 days 00:36:19.024000,0 days 01:33:16.119000
2024-06-23 13:39:33.677,OnTrack,-5052,-2956,1820,pos,0 days 00:36:19.264000,0 days 01:33:16.359000
2024-06-23 13:39:34.056,OnTrack,-4964,-2902,1821,pos,0 days 00:36:19.643000,0 days 01:33:16.738000
2024-06-23 13:39:34.336,OnTrack,-4855,-2859,1823,pos,0 days 00:36:19.923000,0 days 01:33:17.018000
2024-06-23 13:39:34.556,OnTrack,-4768,-2842,1824,pos,0 days 00:36:20.143000,0 days 01:33:17.238000
2024-06-23 13:39:34.656,OnTrack,-4729,-2839,1825,pos,0 days 00:36:20.243000,0 days 01:33:17.338000
2024-06-23 13:39:34.896,OnTrack,-4635,-2843,1826,pos,0 days 00:36:20.483000,0 days 01:33:17.578000
2024-06-23 13:39:35.196,OnTrack,-4524,-2870,1828,pos,0 days 00:36:20.783000,0 days 01:33:17.878000
2024-06-23 13:39:35.376,OnTrack,-4430,-2912,1830,pos,0 days 00:36:20.963000,0 days 01:33:18.058000
2024-06-23 13:39:35.796,OnTrack,-4335,-2976,1832,pos,0 days 00:36:21.383000,0 days 01:33:18.478000
2024-06-23 13:39:35.996,OnTrack,-4293,-3016,1834,pos,0 days 00:36:21.583000,0 days 01:33:18.678000
2024-06-23 13:39:36.216,OnTrack,-4237,-3078,1835,pos,0 days 00:36:21.803000,0 days 01:33:18.898000
2024-06-23 13:39:36.416,OnTrack,-4191,-3139,1835,pos,0 days 00:36:22.003000,0 days 01:33:19.098000
2024-06-23 13:39:36.616,OnTrack,-4149,-3205,1836,pos,0 days 00:36:22.203000,0 days 01:33:19.298000
2024-06-23 13:39:37.476,OnTrack,-4033,-3564,1839,pos,0 days 00:36:23.063000,0 days 01:33:20.158000
2024-06-23 13:39:37.896,OnTrack,-4036,-3808,1839,pos,0 days 00:36:23.483000,0 days 01:33:20.578000
2024-06-23 13:39:38.196,OnTrack,-4056,-3911,1838,pos,0 days 00:36:23.783000,0 days 01:33:20.878000
2024-06-23 13:39:38.497,OnTrack,-4110,-4076,1836,pos,0 days 00:36:24.084000,0 days 01:33:21.179000
2024-06-23 13:39:38.597,OnTrack,-4133,-4128,1836,pos,0 days 00:36:24.184000,0 days 01:33:21.279000
2024-06-23 13:39:38.797,OnTrack,-4186,-4228,1834,pos,0 days 00:36:24.384000,0 days 01:33:21.479000
2024-06-23 13:39:39.137,OnTrack,-4291,-4388,1831,pos,0 days 00:36:24.724000,0 days 01:33:21.819000
2024-06-23 13:39:39.317,OnTrack,-4398,-4537,1828,pos,0 days 00:36:24.904000,0 days 01:33:21.999000
2024-06-23 13:39:39.737,OnTrack,-4547,-4742,1822,pos,0 days 00:36:25.324000,0 days 01:33:22.419000
2024-06-23 13:39:40.157,OnTrack,-4708,-4963,1818,pos,0 days 00:36:25.744000,0 days 01:33:22.839000
2024-06-23 13:39:40.497,OnTrack,-4802,-5090,1815,pos,0 days 00:36:26.084000,0 days 01:33:23.179000
2024-06-23 13:39:40.796,OnTrack,-4916,-5248,1811,pos,0 days 00:36:26.383000,0 days 01:33:23.478000
2024-06-23 13:39:40.976,OnTrack,-5014,-5390,1806,pos,0 days 00:36:26.563000,0 days 01:33:23.658000
2024-06-23 13:39:41.416,OnTrack,-5124,-5574,1800,pos,0 days 00:36:27.003000,0 days 01:33:24.098000
2024-06-23 13:39:41.836,OnTrack,-5189,-5719,1793,pos,0 days 00:36:27.423000,0 days 01:33:24.518000
2024-06-23 13:39:42.156,OnTrack,-5210,-5787,1791,pos,0 days 00:36:27.743000,0 days 01:33:24.838000
2024-06-23 13:39:42.376,OnTrack,-5224,-5860,1788,pos,0 days 00:36:27.963000,0 days 01:33:25.058000
2024-06-23 13:39:42.596,OnTrack,-5227,-5930,1785,pos,0 days 00:36:28.183000,0 days 01:33:25.278000
2024-06-23 13:39:42.796,OnTrack,-5209,-6030,1779,pos,0 days 00:36:28.383000,0 days 01:33:25.478000
2024-06-23 13:39:43.196,OnTrack,-5178,-6097,1774,pos,0 days 00:36:28.783000,0 days 01:33:25.878000
2024-06-23 13:39:43.416,OnTrack,-5114,-6171,1769,pos,0 days 00:36:29.003000,0 days 01:33:26.098000
2024-06-23 13:39:43.796,OnTrack,-5061,-6207,1767,pos,0 days 00:36:29.383000,0 days 01:33:26.478000
2024-06-23 13:39:44.076,OnTrack,-4979,-6239,1761,pos,0 days 00:36:29.663000,0 days 01:33:26.758000
2024-06-23 13:39:44.476,OnTrack,-4861,-6251,1755,pos,0 days 00:36:30.063000,0 days 01:33:27.158000
2024-06-23 13:39:44.816,OnTrack,-4765,-6241,1749,pos,0 days 00:36:30.403000,0 days 01:33:27.498000
2024-06-23 13:39:45.217,OnTrack,-4635,-6205,1740,pos,0 days 00:36:30.804000,0 days 01:33:27.899000
2024-06-23 13:39:45.717,OnTrack,-4522,-6157,1734,pos,0 days 00:36:31.304000,0 days 01:33:28.399000
2024-06-23 13:39:45.837,OnTrack,-4482,-6137,1731,pos,0 days 00:36:31.424000,0 days 01:33:28.519000
2024-06-23 13:39:46.097,OnTrack,-4349,-6067,1722,pos,0 days 00:36:31.684000,0 days 01:33:28.779000
2024-06-23 13:39:46.497,OnTrack,-4241,-6008,1714,pos,0 days 00:36:32.084000,0 days 01:33:29.179000
2024-06-23 13:39:46.697,OnTrack,-4158,-5963,1709,pos,0 days 00:36:32.284000,0 days 01:33:29.379000
2024-06-23 13:39:46.837,OnTrack,-4097,-5931,1704,pos,0 days 00:36:32.424000,0 days 01:33:29.519000
2024-06-23 13:39:47.077,OnTrack,-3988,-5875,1697,pos,0 days 00:36:32.664000,0 days 01:33:29.759000
2024-06-23 13:39:47.276,OnTrack,-3892,-5830,1692,pos,0 days 00:36:32.863000,0 days 01:33:29.958000
2024-06-23 13:39:47.456,OnTrack,-3801,-5790,1687,pos,0 days 00:36:33.043000,0 days 01:33:30.138000
2024-06-23 13:39:47.776,OnTrack,-3631,-5719,1678,pos,0 days 00:36:33.363000,0 days 01:33:30.458000
2024-06-23 13:39:47.856,OnTrack,-3587,-5700,1677,pos,0 days 00:36:33.443000,0 days 01:33:30.538000
2024-06-23 13:39:48.036,OnTrack,-3488,-5658,1673,pos,0 days 00:36:33.623000,0 days 01:33:30.718000
2024-06-23 13:39:48.276,OnTrack,-3355,-5595,1667,pos,0 days 00:36:33.863000,0 days 01:33:30.958000
2024-06-23 13:39:48.616,OnTrack,-3167,-5489,1660,pos,0 days 00:36:34.203000,0 days 01:33:31.298000
2024-06-23 13:39:48.816,OnTrack,-3059,-5416,1657,pos,0 days 00:36:34.403000,0 days 01:33:31.498000
2024-06-23 13:39:49.436,OnTrack,-2689,-5079,1651,pos,0 days 00:36:35.023000,0 days 01:33:32.118000
2024-06-23 13:39:49.716,OnTrack,-2618,-4993,1651,pos,0 days 00:36:35.303000,0 days 01:33:32.398000
2024-06-23 13:39:49.936,OnTrack,-2524,-4870,1651,pos,0 days 00:36:35.523000,0 days 01:33:32.618000
2024-06-23 13:39:50.196,OnTrack,-2419,-4721,1651,pos,0 days 00:36:35.783000,0 days 01:33:32.878000
2024-06-23 13:39:50.356,OnTrack,-2359,-4634,1651,pos,0 days 00:36:35.943000,0 days 01:33:33.038000
2024-06-23 13:39:50.656,OnTrack,-2261,-4490,1653,pos,0 days 00:36:36.243000,0 days 01:33:33.338000
2024-06-23 13:39:51.336,OnTrack,-2105,-4193,1661,pos,0 days 00:36:36.923000,0 days 01:33:34.018000
2024-06-23 13:39:51.577,OnTrack,-2088,-4087,1662,pos,0 days 00:36:37.164000,0 days 01:33:34.259000
2024-06-23 13:39:51.777,OnTrack,-2084,-3948,1666,pos,0 days 00:36:37.364000,0 days 01:33:34.459000
2024-06-23 13:39:52.177,OnTrack,-2091,-3857,1671,pos,0 days 00:36:37.764000,0 days 01:33:34.859000
2024-06-23 13:39:52.517,OnTrack,-2148,-3694,1680,pos,0 days 00:36:38.104000,0 days 01:33:35.199000
2024-06-23 13:39:52.777,OnTrack,-2173,-3658,1681,pos,0 days 00:36:38.364000,0 days 01:33:35.459000
2024-06-23 13:39:53.037,OnTrack,-2238,-3587,1686,pos,0 days 00:36:38.624000,0 days 01:33:35.719000
2024-06-23 13:39:53.277,OnTrack,-2310,-3528,1689,pos,0 days 00:36:38.864000,0 days 01:33:35.959000
2024-06-23 13:39:53.537,OnTrack,-2395,-3467,1694,pos,0 days 00:36:39.124000,0 days 01:33:36.219000
2024-06-23 13:39:53.737,OnTrack,-2462,-3418,1697,pos,0 days 00:36:39.324000,0 days 01:33:36.419000
2024-06-23 13:39:53.836,OnTrack,-2495,-3392,1700,pos,0 days 00:36:39.423000,0 days 01:33:36.518000
2024-06-23 13:39:54.096,OnTrack,-2581,-3316,1708,pos,0 days 00:36:39.683000,0 days 01:33:36.778000
2024-06-23 13:39:54.276,OnTrack,-2638,-3255,1714,pos,0 days 00:36:39.863000,0 days 01:33:36.958000
2024-06-23 13:39:54.596,OnTrack,-2750,-3094,1728,pos,0 days 00:36:40.183000,0 days 01:33:37.278000
2024-06-23 13:39:54.976,OnTrack,-2839,-2913,1740,pos,0 days 00:36:40.563000,0 days 01:33:37.658000
2024-06-23 13:39:55.336,OnTrack,-2903,-2771,1749,pos,0 days 00:36:40.923000,0 days 01:33:38.018000
2024-06-23 13:39:55.636,OnTrack,-2977,-2614,1760,pos,0 days 00:36:41.223000,0 days 01:33:38.318000
2024-06-23 13:39:55.816,OnTrack,-3023,-2518,1767,pos,0 days 00:36:41.403000,0 days 01:33:38.498000
2024-06-23 13:39:56.016,OnTrack,-3099,-2356,1777,pos,0 days 00:36:41.603000,0 days 01:33:38.698000
2024-06-23 13:39:56.316,OnTrack,-3161,-2227,1785,pos,0 days 00:36:41.903000,0 days 01:33:38.998000
2024-06-23 13:39:56.636,OnTrack,-3249,-2041,1798,pos,0 days 00:36:42.223000,0 days 01:33:39.318000
2024-06-23 13:39:56.776,OnTrack,-3289,-1958,1803,pos,0 days 00:36:42.363000,0 days 01:33:39.458000
2024-06-23 13:39:57.036,OnTrack,-3396,-1729,1818,pos,0 days 00:36:42.623000,0 days 01:33:39.718000
2024-06-23 13:39:57.396,OnTrack,-3453,-1580,1828,pos,0 days 00:36:42.983000,0 days 01:33:40.078000
2024-06-23 13:39:57.576,OnTrack,-3484,-1466,1835,pos,0 days 00:36:43.163000,0 days 01:33:40.258000
2024-06-23 13:39:57.876,OnTrack,-3508,-1224,1845,pos,0 days 00:36:43.463000,0 days 01:33:40.558000
2024-06-23 13:39:58.317,OnTrack,-3471,-923,1857,pos,0 days 00:36:43.904000,0 days 01:33:40.999000
2024-06-23 13:39:58.677,OnTrack,-3427,-769,1862,pos,0 days 00:36:44.264000,0 days 01:33:41.359000
2024-06-23 13:39:58.877,OnTrack,-3386,-665,1866,pos,0 days 00:36:44.464000,0 days 01:33:41.559000
2024-06-23 13:39:59.117,OnTrack,-3289,-493,1871,pos,0 days 00:36:44.704000,0 days 01:33:41.799000
2024-06-23 13:39:59.477,OnTrack,-3151,-343,1874,pos,0 days 00:36:45.064000,0 days 01:33:42.159000
2024-06-23 13:39:59.777,OnTrack,-2986,-240,1874,pos,0 days 00:36:45.364000,0 days 01:33:42.459000
2024-06-23 13:39:59.877,OnTrack,-2925,-212,1874,pos,0 days 00:36:45.464000,0 days 01:33:42.559000
2024-06-23 13:40:00.037,OnTrack,-2825,-172,1874,pos,0 days 00:36:45.624000,0 days 01:33:42.719000
2024-06-23 13:40:00.277,OnTrack,-2675,-113,1872,pos,0 days 00:36:45.864000,0 days 01:33:42.959000
2024-06-23 13:40:00.476,OnTrack,-2551,-60,1870,pos,0 days 00:36:46.063000,0 days 01:33:43.158000
2024-06-23 13:40:00.736,OnTrack,-2389,13,1868,pos,0 days 00:36:46.323000,0 days 01:33:43.418000
2024-06-23 13:40:00.976,OnTrack,-2237,85,1866,pos,0 days 00:36:46.563000,0 days 01:33:43.658000
2024-06-23 13:40:01.236,OnTrack,-1980,206,1863,pos,0 days 00:36:46.823000,0 days 01:33:43.918000
2024-06-23 13:40:01.656,OnTrack,-1717,331,1860,pos,0 days 00:36:47.243000,0 days 01:33:44.338000
2024-06-23 13:40:02.036,OnTrack,-1543,413,1858,pos,0 days 00:36:47.623000,0 days 01:33:44.718000
2024-06-23 13:40:02.256,OnTrack,-1314,523,1855,pos,0 days 00:36:47.843000,0 days 01:33:44.938000
2024-06-23 13:40:02.556,OnTrack,-1192,582,1853,pos,0 days 00:36:48.143000,0 days 01:33:45.238000
2024-06-23 13:40:02.876,OnTrack,-980,690,1850,pos,0 days 00:36:48.463000,0 days 01:33:45.558000
2024-06-23 13:40:03.076,OnTrack,-844,762,1849,pos,0 days 00:36:48.663000,0 days 01:33:45.758000
2024-06-23 13:40:03.276,OnTrack,-707,835,1846,pos,0 days 00:36:48.863000,0 days 01:33:45.958000
2024-06-23 13:40:03.436,OnTrack,-597,894,1845,pos,0 days 00:36:49.023000,0 days 01:33:46.118000
2024-06-23 13:40:03.636,OnTrack,-459,968,1843,pos,0 days 00:36:49.223000,0 days 01:33:46.318000
2024-06-23 13:40:03.796,OnTrack,-347,1028,1841,pos,0 days 00:36:49.383000,0 days 01:33:46.478000
2024-06-23 13:40:04.076,OnTrack,-152,1132,1839,pos,0 days 00:36:49.663000,0 days 01:33:46.758000
2024-06-23 13:40:04.296,OnTrack,2,1214,1837,pos,0 days 00:36:49.883000,0 days 01:33:46.978000
2024-06-23 13:40:04.536,OnTrack,270,1356,1833,pos,0 days 00:36:50.123000,0 days 01:33:47.218000
2024-06-23 13:40:04.857,OnTrack,371,1407,1832,pos,0 days 00:36:50.444000,0 days 01:33:47.539000
2024-06-23 13:40:05.177,OnTrack,649,1536,1828,pos,0 days 00:36:50.764000,0 days 01:33:47.859000
2024-06-23 13:40:05.617,OnTrack,900,1638,1825,pos,0 days 00:36:51.204000,0 days 01:33:48.299000
2024-06-23 13:40:06.017,OnTrack,1052,1700,1823,pos,0 days 00:36:51.604000,0 days 01:33:48.699000
2024-06-23 13:40:06.217,OnTrack,1173,1756,1823,pos,0 days 00:36:51.804000,0 days 01:33:48.899000
2024-06-23 13:40:06.577,OnTrack,1262,1806,1821,pos,0 days 00:36:52.164000,0 days 01:33:49.259000
2024-06-23 13:40:06.837,OnTrack,1337,1862,1820,pos,0 days 00:36:52.424000,0 days 01:33:49.519000
2024-06-23 13:40:07.056,OnTrack,1403,1934,1819,pos,0 days 00:36:52.643000,0 days 01:33:49.738000
2024-06-23 13:40:07.356,OnTrack,1437,1995,1818,pos,0 days 00:36:52.943000,0 days 01:33:50.038000
2024-06-23 13:40:07.716,OnTrack,1464,2122,1817,pos,0 days 00:36:53.303000,0 days 01:33:50.398000
2024-06-23 13:40:08.016,OnTrack,1458,2195,1817,pos,0 days 00:36:53.603000,0 days 01:33:50.698000
2024-06-23 13:40:08.236,OnTrack,1430,2294,1818,pos,0 days 00:36:53.823000,0 days 01:33:50.918000
2024-06-23 13:40:08.576,OnTrack,1402,2352,1820,pos,0 days 00:36:54.163000,0 days 01:33:51.258000
2024-06-23 13:40:08.776,OnTrack,1372,2402,1821,pos,0 days 00:36:54.363000,0 days 01:33:51.458000
2024-06-23 13:40:08.976,OnTrack,1338,2447,1823,pos,0 days 00:36:54.563000,0 days 01:33:51.658000
2024-06-23 13:40:09.356,OnTrack,1262,2524,1825,pos,0 days 00:36:54.943000,0 days 01:33:52.038000
2024-06-23 13:40:09.736,OnTrack,1160,2590,1828,pos,0 days 00:36:55.323000,0 days 01:33:52.418000
2024-06-23 13:40:10.136,OnTrack,1055,2628,1830,pos,0 days 00:36:55.723000,0 days 01:33:52.818000
2024-06-23 13:40:10.376,OnTrack,968,2647,1832,pos,0 days 00:36:55.963000,0 days 01:33:53.058000
2024-06-23 13:40:10.716,OnTrack,831,2659,1835,pos,0 days 00:36:56.303000,0 days 01:33:53.398000
2024-06-23 13:40:11.096,OnTrack,727,2656,1837,pos,0 days 00:36:56.683000,0 days 01:33:53.778000
2024-06-23 13:40:11.377,OnTrack,553,2624,1841,pos,0 days 00:36:56.964000,0 days 01:33:54.059000
2024-06-23 13:40:11.677,OnTrack,487,2603,1843,pos,0 days 00:36:57.264000,0 days 01:33:54.359000
2024-06-23 13:40:11.917,OnTrack,394,2566,1846,pos,0 days 00:36:57.504000,0 days 01:33:54.599000
2024-06-23 13:40:12.077,OnTrack,327,2533,1849,pos,0 days 00:36:57.664000,0 days 01:33:54.759000
2024-06-23 13:40:12.317,OnTrack,226,2473,1855,pos,0 days 00:36:57.904000,0 days 01:33:54.999000
2024-06-23 13:40:12.497,OnTrack,149,2422,1859,pos,0 days 00:36:58.084000,0 days 01:33:55.179000
2024-06-23 13:40:12.817,OnTrack,9,2324,1867,pos,0 days 00:36:58.404000,0 days 01:33:55.499000
2024-06-23 13:40:13.057,OnTrack,-103,2253,1872,pos,0 days 00:36:58.644000,0 days 01:33:55.739000
2024-06-23 13:40:13.237,OnTrack,-187,2211,1875,pos,0 days 00:36:58.824000,0 days 01:33:55.919000
2024-06-23 13:40:13.437,OnTrack,-277,2174,1878,pos,0 days 00:36:59.024000,0 days 01:33:56.119000
2024-06-23 13:40:13.636,OnTrack,-363,2148,1881,pos,0 days 00:36:59.223000,0 days 01:33:56.318000
2024-06-23 13:40:13.956,OnTrack,-495,2125,1887,pos,0 days 00:36:59.543000,0 days 01:33:56.638000
2024-06-23 13:40:14.036,OnTrack,-528,2123,1889,pos,0 days 00:36:59.623000,0 days 01:33:56.718000
2024-06-23 13:40:14.256,OnTrack,-613,2123,1893,pos,0 days 00:36:59.843000,0 days 01:33:56.938000
2024-06-23 13:40:14.436,OnTrack,-679,2131,1896,pos,0 days 00:37:00.023000,0 days 01:33:57.118000
2024-06-23 13:40:14.596,OnTrack,-734,2143,1899,pos,0 days 00:37:00.183000,0 days 01:33:57.278000
2024-06-23 13:40:14.836,OnTrack,-810,2173,1903,pos,0 days 00:37:00.423000,0 days 01:33:57.518000
2024-06-23 13:40:15.076,OnTrack,-878,2216,1906,pos,0 days 00:37:00.663000,0 days 01:33:57.758000
2024-06-23 13:40:15.376,OnTrack,-974,2323,1909,pos,0 days 00:37:00.963000,0 days 01:33:58.058000
2024-06-23 13:40:15.736,OnTrack,-1007,2386,1910,pos,0 days 00:37:01.323000,0 days 01:33:58.418000
2024-06-23 13:40:16.016,OnTrack,-1035,2469,1912,pos,0 days 00:37:01.603000,0 days 01:33:58.698000
2024-06-23 13:40:16.216,OnTrack,-1046,2530,1913,pos,0 days 00:37:01.803000,0 days 01:33:58.898000
2024-06-23 13:40:16.436,OnTrack,-1050,2630,1914,pos,0 days 00:37:02.023000,0 days 01:33:59.118000
2024-06-23 13:40:16.836,OnTrack,-1029,2770,1916,pos,0 days 00:37:02.423000,0 days 01:33:59.518000
2024-06-23 13:40:17.276,OnTrack,-982,2902,1918,pos,0 days 00:37:02.863000,0 days 01:33:59.958000
2024-06-23 13:40:17.616,OnTrack,-947,2970,1920,pos,0 days 00:37:03.203000,0 days 01:34:00.298000
2024-06-23 13:40:17.776,OnTrack,-882,3067,1921,pos,0 days 00:37:03.363000,0 days 01:34:00.458000
2024-06-23 13:40:18.237,OnTrack,-802,3162,1922,pos,0 days 00:37:03.824000,0 days 01:34:00.919000
2024-06-23 13:40:18.477,OnTrack,-692,3265,1922,pos,0 days 00:37:04.064000,0 days 01:34:01.159000
2024-06-23 13:40:18.917,OnTrack,-557,3375,1921,pos,0 days 00:37:04.504000,0 days 01:34:01.599000
2024-06-23 13:40:19.237,OnTrack,-464,3446,1920,pos,0 days 00:37:04.824000,0 days 01:34:01.919000
2024-06-23 13:40:19.477,OnTrack,-367,3523,1918,pos,0 days 00:37:05.064000,0 days 01:34:02.159000
2024-06-23 13:40:19.697,OnTrack,-216,3651,1914,pos,0 days 00:37:05.284000,0 days 01:34:02.379000
2024-06-23 13:40:19.997,OnTrack,-147,3710,1912,pos,0 days 00:37:05.584000,0 days 01:34:02.679000
2024-06-23 13:40:20.336,OnTrack,63,3884,1905,pos,0 days 00:37:05.923000,0 days 01:34:03.018000
2024-06-23 13:40:20.616,OnTrack,142,3943,1901,pos,0 days 00:37:06.203000,0 days 01:34:03.298000
2024-06-23 13:40:20.896,OnTrack,289,4036,1894,pos,0 days 00:37:06.483000,0 days 01:34:03.578000
2024-06-23 13:40:21.096,OnTrack,403,4087,1888,pos,0 days 00:37:06.683000,0 days 01:34:03.778000
2024-06-23 13:40:21.316,OnTrack,656,4140,1877,pos,0 days 00:37:06.903000,0 days 01:34:03.998000
2024-06-23 13:40:21.776,OnTrack,947,4110,1861,pos,0 days 00:37:07.363000,0 days 01:34:04.458000
2024-06-23 13:40:22.076,OnTrack,1062,4078,1854,pos,0 days 00:37:07.663000,0 days 01:34:04.758000
2024-06-23 13:40:22.276,OnTrack,1188,4030,1846,pos,0 days 00:37:07.863000,0 days 01:34:04.958000
2024-06-23 13:40:22.456,OnTrack,1299,3978,1840,pos,0 days 00:37:08.043000,0 days 01:34:05.138000
2024-06-23 13:40:22.756,OnTrack,1479,3879,1830,pos,0 days 00:37:08.343000,0 days 01:34:05.438000
2024-06-23 13:40:23.016,OnTrack,1633,3784,1820,pos,0 days 00:37:08.603000,0 days 01:34:05.698000
2024-06-23 13:40:23.196,OnTrack,1740,3716,1813,pos,0 days 00:37:08.783000,0 days 01:34:05.878000
2024-06-23 13:40:23.476,OnTrack,1907,3609,1804,pos,0 days 00:37:09.063000,0 days 01:34:06.158000
2024-06-23 13:40:23.676,OnTrack,2088,3493,1793,pos,0 days 00:37:09.263000,0 days 01:34:06.358000
2024-06-23 13:40:24.096,OnTrack,2281,3367,1783,pos,0 days 00:37:09.683000,0 days 01:34:06.778000
2024-06-23 13:40:24.196,OnTrack,2340,3326,1780,pos,0 days 00:37:09.783000,0 days 01:34:06.878000
2024-06-23 13:40:24.396,OnTrack,2453,3241,1774,pos,0 days 00:37:09.983000,0 days 01:34:07.078000
2024-06-23 13:40:24.577,OnTrack,2537,3167,1770,pos,0 days 00:37:10.164000,0 days 01:34:07.259000
2024-06-23 13:40:24.817,OnTrack,2646,3056,1763,pos,0 days 00:37:10.404000,0 days 01:34:07.499000
2024-06-23 13:40:25.017,OnTrack,2725,2957,1759,pos,0 days 00:37:10.604000,0 days 01:34:07.699000
2024-06-23 13:40:25.357,OnTrack,2837,2718,1751,pos,0 days 00:37:10.944000,0 days 01:34:08.039000
2024-06-23 13:40:25.597,OnTrack,2859,2631,1748,pos,0 days 00:37:11.184000,0 days 01:34:08.279000
2024-06-23 13:40:25.937,OnTrack,2883,2352,1743,pos,0 days 00:37:11.524000,0 days 01:34:08.619000
2024-06-23 13:40:26.237,OnTrack,2867,2222,1739,pos,0 days 00:37:11.824000,0 days 01:34:08.919000
2024-06-23 13:40:26.477,OnTrack,2826,2068,1737,pos,0 days 00:37:12.064000,0 days 01:34:09.159000
2024-06-23 13:40:26.776,OnTrack,2740,1873,1734,pos,0 days 00:37:12.363000,0 days 01:34:09.458000
2024-06-23 13:40:27.316,OnTrack,2548,1554,1729,pos,0 days 00:37:12.903000,0 days 01:34:09.998000
2024-06-23 13:40:27.516,OnTrack,2471,1437,1727,pos,0 days 00:37:13.103000,0 days 01:34:10.198000
2024-06-23 13:40:27.876,OnTrack,2332,1224,1723,pos,0 days 00:37:13.463000,0 days 01:34:10.558000
2024-06-23 13:40:28.036,OnTrack,2269,1127,1721,pos,0 days 00:37:13.623000,0 days 01:34:10.718000
2024-06-23 13:40:28.236,OnTrack,2190,1006,1719,pos,0 days 00:37:13.823000,0 days 01:34:10.918000
2024-06-23 13:40:28.436,OnTrack,2079,834,1716,pos,0 days 00:37:14.023000,0 days 01:34:11.118000
2024-06-23 13:40:28.816,OnTrack,1908,572,1712,pos,0 days 00:37:14.403000,0 days 01:34:11.498000
2024-06-23 13:40:29.136,OnTrack,1826,446,1710,pos,0 days 00:37:14.723000,0 days 01:34:11.818000
2024-06-23 13:40:29.356,OnTrack,1735,306,1709,pos,0 days 00:37:14.943000,0 days 01:34:12.038000
2024-06-23 13:40:29.736,OnTrack,1552,23,1708,pos,0 days 00:37:15.323000,0 days 01:34:12.418000
2024-06-23 13:40:30.076,OnTrack,1447,-140,1707,pos,0 days 00:37:15.663000,0 days 01:34:12.758000
2024-06-23 13:40:30.216,OnTrack,1388,-232,1707,pos,0 days 00:37:15.803000,0 days 01:34:12.898000
2024-06-23 13:40:30.516,OnTrack,1262,-430,1707,pos,0 days 00:37:16.103000,0 days 01:34:13.198000
2024-06-23 13:40:30.736,OnTrack,1169,-577,1708,pos,0 days 00:37:16.323000,0 days 01:34:13.418000
2024-06-23 13:40:30.896,OnTrack,1032,-792,1708,pos,0 days 00:37:16.483000,0 days 01:34:13.578000
2024-06-23 13:40:31.297,OnTrack,860,-1063,1708,pos,0 days 00:37:16.884000,0 days 01:34:13.979000
2024-06-23 13:40:31.637,OnTrack,773,-1199,1708,pos,0 days 00:37:17.224000,0 days 01:34:14.319000
2024-06-23 13:40:31.877,OnTrack,677,-1350,1707,pos,0 days 00:37:17.464000,0 days 01:34:14.559000
2024-06-23 13:40:32.137,OnTrack,564,-1529,1707,pos,0 days 00:37:17.724000,0 days 01:34:14.819000
2024-06-23 13:40:32.297,OnTrack,494,-1640,1708,pos,0 days 00:37:17.884000,0 days 01:34:14.979000
2024-06-23 13:40:32.577,OnTrack,371,-1833,1708,pos,0 days 00:37:18.164000,0 days 01:34:15.259000
2024-06-23 13:40:32.757,OnTrack,291,-1958,1708,pos,0 days 00:37:18.344000,0 days 01:34:15.439000
2024-06-23 13:40:33.017,OnTrack,132,-2209,1707,pos,0 days 00:37:18.604000,0 days 01:34:15.699000
2024-06-23 13:40:33.456,OnTrack,-36,-2474,1707,pos,0 days 00:37:19.043000,0 days 01:34:16.138000
2024-06-23 13:40:33.716,OnTrack,-133,-2625,1706,pos,0 days 00:37:19.303000,0 days 01:34:16.398000
2024-06-23 13:40:33.996,OnTrack,-261,-2819,1704,pos,0 days 00:37:19.583000,0 days 01:34:16.678000
2024-06-23 13:40:34.276,OnTrack,-390,-3013,1702,pos,0 days 00:37:19.863000,0 days 01:34:16.958000
2024-06-23 13:40:34.476,OnTrack,-482,-3152,1701,pos,0 days 00:37:20.063000,0 days 01:34:17.158000
2024-06-23 13:40:34.656,OnTrack,-612,-3346,1698,pos,0 days 00:37:20.243000,0 days 01:34:17.338000
2024-06-23 13:40:35.096,OnTrack,-770,-3582,1693,pos,0 days 00:37:20.683000,0 days 01:34:17.778000
2024-06-23 13:40:35.276,OnTrack,-854,-3707,1690,pos,0 days 00:37:20.863000,0 days 01:34:17.958000
2024-06-23 13:40:35.436,OnTrack,-928,-3818,1688,pos,0 days 00:37:21.023000,0 days 01:34:18.118000
2024-06-23 13:40:35.716,OnTrack,-1059,-4012,1683,pos,0 days 00:37:21.303000,0 days 01:34:18.398000
2024-06-23 13:40:35.916,OnTrack,-1198,-4221,1677,pos,0 days 00:37:21.503000,0 days 01:34:18.598000
2024-06-23 13:40:36.356,OnTrack,-1357,-4457,1671,pos,0 days 00:37:21.943000,0 days 01:34:19.038000
2024-06-23 13:40:36.536,OnTrack,-1442,-4583,1667,pos,0 days 00:37:22.123000,0 days 01:34:19.218000
2024-06-23 13:40:36.776,OnTrack,-1550,-4743,1662,pos,0 days 00:37:22.363000,0 days 01:34:19.458000
2024-06-23 13:40:36.996,OnTrack,-1701,-4975,1656,pos,0 days 00:37:22.583000,0 days 01:34:19.678000
2024-06-23 13:40:37.396,OnTrack,-1824,-5175,1652,pos,0 days 00:37:22.983000,0 days 01:34:20.078000
2024-06-23 13:40:37.576,OnTrack,-1951,-5392,1647,pos,0 days 00:37:23.163000,0 days 01:34:20.258000
2024-06-23 13:40:38.017,OnTrack,-2092,-5640,1644,pos,0 days 00:37:23.604000,0 days 01:34:20.699000
2024-06-23 13:40:38.257,OnTrack,-2181,-5800,1642,pos,0 days 00:37:23.844000,0 days 01:34:20.939000
2024-06-23 13:40:38.437,OnTrack,-2301,-6017,1639,pos,0 days 00:37:24.024000,0 days 01:34:21.119000
2024-06-23 13:40:38.797,OnTrack,-2396,-6184,1637,pos,0 days 00:37:24.384000,0 days 01:34:21.479000
2024-06-23 13:40:38.997,OnTrack,-2472,-6312,1635,pos,0 days 00:37:24.584000,0 days 01:34:21.679000
2024-06-23 13:40:39.257,OnTrack,-2566,-6457,1633,pos,0 days 00:37:24.844000,0 days 01:34:21.939000
2024-06-23 13:40:39.357,OnTrack,-2583,-6482,1633,pos,0 days 00:37:24.944000,0 days 01:34:22.039000
2024-06-23 13:40:39.677,OnTrack,-2727,-6671,1630,pos,0 days 00:37:25.264000,0 days 01:34:22.359000
2024-06-23 13:40:39.956,OnTrack,-2778,-6728,1629,pos,0 days 00:37:25.543000,0 days 01:34:22.638000
2024-06-23 13:40:40.316,OnTrack,-2894,-6841,1625,pos,0 days 00:37:25.903000,0 days 01:34:22.998000
2024-06-23 13:40:40.516,OnTrack,-2982,-6906,1624,pos,0 days 00:37:26.103000,0 days 01:34:23.198000
2024-06-23 13:40:40.796,OnTrack,-3058,-6949,1625,pos,0 days 00:37:26.383000,0 days 01:34:23.478000
2024-06-23 13:40:41.116,OnTrack,-3174,-6987,1623,pos,0 days 00:37:26.703000,0 days 01:34:23.798000
2024-06-23 13:40:41.196,OnTrack,-3204,-6992,1624,pos,0 days 00:37:26.783000,0 days 01:34:23.878000
2024-06-23 13:40:41.476,OnTrack,-3310,-6992,1625,pos,0 days 00:37:27.063000,0 days 01:34:24.158000
2024-06-23 13:40:41.716,OnTrack,-3451,-6958,1628,pos,0 days 00:37:27.303000,0 days 01:34:24.398000
2024-06-23 13:40:42.096,OnTrack,-3539,-6922,1630,pos,0 days 00:37:27.683000,0 days 01:34:24.778000
2024-06-23 13:40:42.296,OnTrack,-3612,-6888,1632,pos,0 days 00:37:27.883000,0 days 01:34:24.978000
2024-06-23 13:40:42.536,OnTrack,-3703,-6846,1633,pos,0 days 00:37:28.123000,0 days 01:34:25.218000
2024-06-23 13:40:42.756,OnTrack,-3791,-6809,1634,pos,0 days 00:37:28.343000,0 days 01:34:25.438000
2024-06-23 13:40:42.976,OnTrack,-3882,-6781,1637,pos,0 days 00:37:28.563000,0 days 01:34:25.658000
2024-06-23 13:40:43.176,OnTrack,-3968,-6768,1640,pos,0 days 00:37:28.763000,0 days 01:34:25.858000
2024-06-23 13:40:43.296,OnTrack,-4021,-6768,1642,pos,0 days 00:37:28.883000,0 days 01:34:25.978000
2024-06-23 13:40:43.576,OnTrack,-4204,-6807,1649,pos,0 days 00:37:29.163000,0 days 01:34:26.258000
2024-06-23 13:40:43.976,OnTrack,-4329,-6861,1656,pos,0 days 00:37:29.563000,0 days 01:34:26.658000
2024-06-23 13:40:44.197,OnTrack,-4432,-6919,1662,pos,0 days 00:37:29.784000,0 days 01:34:26.879000
2024-06-23 13:40:44.317,OnTrack,-4483,-6951,1665,pos,0 days 00:37:29.904000,0 days 01:34:26.999000
2024-06-23 13:40:44.597,OnTrack,-4600,-7033,1672,pos,0 days 00:37:30.184000,0 days 01:34:27.279000
2024-06-23 13:40:44.777,OnTrack,-4713,-7114,1678,pos,0 days 00:37:30.364000,0 days 01:34:27.459000
2024-06-23 13:40:45.117,OnTrack,-4824,-7188,1684,pos,0 days 00:37:30.704000,0 days 01:34:27.799000
2024-06-23 13:40:45.337,OnTrack,-4930,-7253,1690,pos,0 days 00:37:30.924000,0 days 01:34:28.019000
2024-06-23 13:40:45.557,OnTrack,-5043,-7315,1695,pos,0 days 00:37:31.144000,0 days 01:34:28.239000
2024-06-23 13:40:45.757,OnTrack,-5150,-7365,1700,pos,0 days 00:37:31.344000,0 days 01:34:28.439000
2024-06-23 13:40:45.917,OnTrack,-5239,-7398,1704,pos,0 days 00:37:31.504000,0 days 01:34:28.599000
2024-06-23 13:40:46.177,OnTrack,-5387,-7437,1710,pos,0 days 00:37:31.764000,0 days 01:34:28.859000
2024-06-23 13:40:46.337,OnTrack,-5479,-7450,1714,pos,0 days 00:37:31.924000,0 days 01:34:29.019000
2024-06-23 13:40:46.556,OnTrack,-5607,-7455,1720,pos,0 days 00:37:32.143000,0 days 01:34:29.238000
2024-06-23 13:40:46.856,OnTrack,-5824,-7431,1729,pos,0 days 00:37:32.443000,0 days 01:34:29.538000
2024-06-23 13:40:47.216,OnTrack,-5979,-7388,1736,pos,0 days 00:37:32.803000,0 days 01:34:29.898000
2024-06-23 13:40:47.356,OnTrack,-6054,-7360,1737,pos,0 days 00:37:32.943000,0 days 01:34:30.038000
2024-06-23 13:40:47.696,OnTrack,-6294,-7221,1747,pos,0 days 00:37:33.283000,0 days 01:34:30.378000
2024-06-23 13:40:48.116,OnTrack,-6414,-7111,1753,pos,0 days 00:37:33.703000,0 days 01:34:30.798000
2024-06-23 13:40:48.276,OnTrack,-6475,-7038,1755,pos,0 days 00:37:33.863000,0 days 01:34:30.958000
2024-06-23 13:40:48.456,OnTrack,-6537,-6949,1758,pos,0 days 00:37:34.043000,0 days 01:34:31.138000
2024-06-23 13:40:48.636,OnTrack,-6590,-6855,1760,pos,0 days 00:37:34.223000,0 days 01:34:31.318000
2024-06-23 13:40:48.916,OnTrack,-6657,-6696,1763,pos,0 days 00:37:34.503000,0 days 01:34:31.598000
2024-06-23 13:40:49.096,OnTrack,-6707,-6500,1766,pos,0 days 00:37:34.683000,0 days 01:34:31.778000
2024-06-23 13:40:49.556,OnTrack,-6730,-6294,1769,pos,0 days 00:37:35.143000,0 days 01:34:32.238000
2024-06-23 13:40:49.736,OnTrack,-6731,-6094,1772,pos,0 days 00:37:35.323000,0 days 01:34:32.418000
2024-06-23 13:40:50.056,OnTrack,-6722,-5959,1774,pos,0 days 00:37:35.643000,0 days 01:34:32.738000
2024-06-23 13:40:50.356,OnTrack,-6695,-5755,1777,pos,0 days 00:37:35.943000,0 days 01:34:33.038000
2024-06-23 13:40:50.456,OnTrack,-6684,-5687,1778,pos,0 days 00:37:36.043000,0 days 01:34:33.138000
2024-06-23 13:40:51.317,OnTrack,-6516,-5101,1788,pos,0 days 00:37:36.904000,0 days 01:34:33.999000
2024-06-23 13:40:51.657,OnTrack,-6407,-4894,1791,pos,0 days 00:37:37.244000,0 days 01:34:34.339000
2024-06-23 13:40:51.877,OnTrack,-6320,-4755,1793,pos,0 days 00:37:37.464000,0 days 01:34:34.559000
2024-06-23 13:40:52.117,OnTrack,-6191,-4569,1796,pos,0 days 00:37:37.704000,0 days 01:34:34.799000
2024-06-23 13:40:52.437,OnTrack,-6014,-4322,1800,pos,0 days 00:37:38.024000,0 days 01:34:35.119000
2024-06-23 13:40:52.797,OnTrack,-5926,-4180,1802,pos,0 days 00:37:38.384000,0 days 01:34:35.479000
2024-06-23 13:40:53.096,OnTrack,-5775,-3924,1806,pos,0 days 00:37:38.683000,0 days 01:34:35.778000
2024-06-23 13:40:53.456,OnTrack,-5616,-3669,1810,pos,0 days 00:37:39.043000,0 days 01:34:36.138000
2024-06-23 13:40:53.916,OnTrack,-5473,-3458,1814,pos,0 days 00:37:39.503000,0 days 01:34:36.598000
2024-06-23 13:40:54.116,OnTrack,-5360,-3293,1816,pos,0 days 00:37:39.703000,0 days 01:34:36.798000
2024-06-23 13:40:54.416,OnTrack,-5291,-3200,1817,pos,0 days 00:37:40.003000,0 days 01:34:37.098000
2024-06-23 13:40:54.656,OnTrack,-5210,-3102,1819,pos,0 days 00:37:40.243000,0 days 01:34:37.338000
2024-06-23 13:40:54.916,OnTrack,-5121,-3011,1819,pos,0 days 00:37:40.503000,0 days 01:34:37.598000
2024-06-23 13:40:55.096,OnTrack,-5012,-2929,1821,pos,0 days 00:37:40.683000,0 days 01:34:37.778000
2024-06-23 13:40:55.456,OnTrack,-4921,-2881,1822,pos,0 days 00:37:41.043000,0 days 01:34:38.138000
2024-06-23 13:40:55.776,OnTrack,-4741,-2839,1825,pos,0 days 00:37:41.363000,0 days 01:34:38.458000
2024-06-23 13:40:56.096,OnTrack,-4672,-2840,1826,pos,0 days 00:37:41.683000,0 days 01:34:38.778000
2024-06-23 13:40:56.356,OnTrack,-4574,-2855,1827,pos,0 days 00:37:41.943000,0 days 01:34:39.038000
2024-06-23 13:40:56.556,OnTrack,-4503,-2878,1829,pos,0 days 00:37:42.143000,0 days 01:34:39.238000
2024-06-23 13:40:56.736,OnTrack,-4442,-2905,1830,pos,0 days 00:37:42.323000,0 days 01:34:39.418000
2024-06-23 13:40:57.036,OnTrack,-4335,-2976,1832,pos,0 days 00:37:42.623000,0 days 01:34:39.718000
2024-06-23 13:40:57.296,OnTrack,-4288,-3021,1834,pos,0 days 00:37:42.883000,0 days 01:34:39.978000
2024-06-23 13:40:57.517,OnTrack,-4197,-3131,1835,pos,0 days 00:37:43.104000,0 days 01:34:40.199000
2024-06-23 13:40:57.917,OnTrack,-4143,-3216,1836,pos,0 days 00:37:43.504000,0 days 01:34:40.599000
2024-06-23 13:40:58.217,OnTrack,-4095,-3318,1837,pos,0 days 00:37:43.804000,0 days 01:34:40.899000
2024-06-23 13:40:58.437,OnTrack,-4065,-3406,1838,pos,0 days 00:37:44.024000,0 days 01:34:41.119000
2024-06-23 13:40:58.677,OnTrack,-4041,-3508,1838,pos,0 days 00:37:44.264000,0 days 01:34:41.359000
2024-06-23 13:40:58.837,OnTrack,-4029,-3618,1839,pos,0 days 00:37:44.424000,0 days 01:34:41.519000
2024-06-23 13:40:59.217,OnTrack,-4031,-3763,1839,pos,0 days 00:37:44.804000,0 days 01:34:41.899000
2024-06-23 13:40:59.457,OnTrack,-4050,-3885,1838,pos,0 days 00:37:45.044000,0 days 01:34:42.139000
2024-06-23 13:40:59.676,OnTrack,-4080,-3996,1837,pos,0 days 00:37:45.263000,0 days 01:34:42.358000
2024-06-23 13:40:59.896,OnTrack,-4124,-4108,1836,pos,0 days 00:37:45.483000,0 days 01:34:42.578000
2024-06-23 13:41:00.116,OnTrack,-4186,-4229,1834,pos,0 days 00:37:45.703000,0 days 01:34:42.798000
2024-06-23 13:41:00.376,OnTrack,-4263,-4348,1832,pos,0 days 00:37:45.963000,0 days 01:34:43.058000
2024-06-23 13:41:00.596,OnTrack,-4339,-4457,1830,pos,0 days 00:37:46.183000,0 days 01:34:43.278000
2024-06-23 13:41:00.796,OnTrack,-4411,-4556,1828,pos,0 days 00:37:46.383000,0 days 01:34:43.478000
2024-06-23 13:41:01.136,OnTrack,-4535,-4726,1823,pos,0 days 00:37:46.723000,0 days 01:34:43.818000
2024-06-23 13:41:01.316,OnTrack,-4604,-4820,1821,pos,0 days 00:37:46.903000,0 days 01:34:43.998000
2024-06-23 13:41:01.536,OnTrack,-4689,-4936,1818,pos,0 days 00:37:47.123000,0 days 01:34:44.218000
2024-06-23 13:41:01.716,OnTrack,-4759,-5031,1816,pos,0 days 00:37:47.303000,0 days 01:34:44.398000
2024-06-23 13:41:01.896,OnTrack,-4829,-5127,1814,pos,0 days 00:37:47.483000,0 days 01:34:44.578000
2024-06-23 13:41:02.076,OnTrack,-4898,-5223,1812,pos,0 days 00:37:47.663000,0 days 01:34:44.758000
2024-06-23 13:41:02.316,OnTrack,-4982,-5343,1808,pos,0 days 00:37:47.903000,0 days 01:34:44.998000
2024-06-23 13:41:02.616,OnTrack,-5071,-5480,1803,pos,0 days 00:37:48.203000,0 days 01:34:45.298000
2024-06-23 13:41:02.796,OnTrack,-5113,-5553,1800,pos,0 days 00:37:48.383000,0 days 01:34:45.478000
2024-06-23 13:41:02.956,OnTrack,-5145,-5614,1798,pos,0 days 00:37:48.543000,0 days 01:34:45.638000
2024-06-23 13:41:03.196,OnTrack,-5200,-5751,1792,pos,0 days 00:37:48.783000,0 days 01:34:45.878000
2024-06-23 13:41:03.636,OnTrack,-5223,-5853,1787,pos,0 days 00:37:49.223000,0 days 01:34:46.318000
2024-06-23 13:41:03.856,OnTrack,-5227,-5925,1785,pos,0 days 00:37:49.443000,0 days 01:34:46.538000
2024-06-23 13:41:04.037,OnTrack,-5221,-5987,1781,pos,0 days 00:37:49.624000,0 days 01:34:46.719000
2024-06-23 13:41:04.237,OnTrack,-5195,-6065,1776,pos,0 days 00:37:49.824000,0 days 01:34:46.919000
2024-06-23 13:41:04.577,OnTrack,-5138,-6148,1770,pos,0 days 00:37:50.164000,0 days 01:34:47.259000
2024-06-23 13:41:04.977,OnTrack,-5080,-6196,1767,pos,0 days 00:37:50.564000,0 days 01:34:47.659000
2024-06-23 13:41:05.157,OnTrack,-5039,-6218,1764,pos,0 days 00:37:50.744000,0 days 01:34:47.839000
2024-06-23 13:41:05.397,OnTrack,-4980,-6238,1761,pos,0 days 00:37:50.984000,0 days 01:34:48.079000
2024-06-23 13:41:05.637,OnTrack,-4918,-6249,1758,pos,0 days 00:37:51.224000,0 days 01:34:48.319000
2024-06-23 13:41:05.837,OnTrack,-4826,-6249,1754,pos,0 days 00:37:51.424000,0 days 01:34:48.519000
2024-06-23 13:41:06.296,OnTrack,-4700,-6226,1745,pos,0 days 00:37:51.883000,0 days 01:34:48.978000
2024-06-23 13:41:06.636,OnTrack,-4634,-6204,1740,pos,0 days 00:37:52.223000,0 days 01:34:49.318000
2024-06-23 13:41:06.916,OnTrack,-4547,-6169,1735,pos,0 days 00:37:52.503000,0 days 01:34:49.598000
2024-06-23 13:41:07.096,OnTrack,-4462,-6127,1729,pos,0 days 00:37:52.683000,0 days 01:34:49.778000
2024-06-23 13:41:07.516,OnTrack,-4340,-6062,1721,pos,0 days 00:37:53.103000,0 days 01:34:50.198000
2024-06-23 13:41:07.716,OnTrack,-4264,-6020,1716,pos,0 days 00:37:53.303000,0 days 01:34:50.398000
2024-06-23 13:41:07.896,OnTrack,-4191,-5980,1711,pos,0 days 00:37:53.483000,0 days 01:34:50.578000
2024-06-23 13:41:08.116,OnTrack,-4097,-5931,1704,pos,0 days 00:37:53.703000,0 days 01:34:50.798000
2024-06-23 13:41:08.296,OnTrack,-4015,-5889,1699,pos,0 days 00:37:53.883000,0 days 01:34:50.978000
2024-06-23 13:41:08.476,OnTrack,-3930,-5847,1694,pos,0 days 00:37:54.063000,0 days 01:34:51.158000
2024-06-23 13:41:08.676,OnTrack,-3768,-5775,1685,pos,0 days 00:37:54.263000,0 days 01:34:51.358000
2024-06-23 13:41:09.136,OnTrack,-3584,-5699,1677,pos,0 days 00:37:54.723000,0 days 01:34:51.818000
2024-06-23 13:41:09.376,OnTrack,-3451,-5641,1671,pos,0 days 00:37:54.963000,0 days 01:34:52.058000
2024-06-23 13:41:09.536,OnTrack,-3362,-5599,1667,pos,0 days 00:37:55.123000,0 days 01:34:52.218000
2024-06-23 13:41:09.676,OnTrack,-3207,-5514,1662,pos,0 days 00:37:55.263000,0 days 01:34:52.358000
2024-06-23 13:41:10.196,OnTrack,-2949,-5332,1654,pos,0 days 00:37:55.783000,0 days 01:34:52.878000
2024-06-23 13:41:10.537,OnTrack,-2817,-5215,1652,pos,0 days 00:37:56.124000,0 days 01:34:53.219000
2024-06-23 13:41:10.677,OnTrack,-2750,-5146,1651,pos,0 days 00:37:56.264000,0 days 01:34:53.359000
2024-06-23 13:41:10.937,OnTrack,-2631,-5010,1650,pos,0 days 00:37:56.524000,0 days 01:34:53.619000
2024-06-23 13:41:11.157,OnTrack,-2546,-4899,1651,pos,0 days 00:37:56.744000,0 days 01:34:53.839000
2024-06-23 13:41:11.417,OnTrack,-2440,-4751,1651,pos,0 days 00:37:57.004000,0 days 01:34:54.099000
2024-06-23 13:41:11.577,OnTrack,-2379,-4663,1651,pos,0 days 00:37:57.164000,0 days 01:34:54.259000
2024-06-23 13:41:11.837,OnTrack,-2265,-4495,1653,pos,0 days 00:37:57.424000,0 days 01:34:54.519000
2024-06-23 13:41:12.077,OnTrack,-2218,-4425,1655,pos,0 days 00:37:57.664000,0 days 01:34:54.759000
2024-06-23 13:41:12.477,OnTrack,-2129,-4265,1661,pos,0 days 00:37:58.064000,0 days 01:34:55.159000
2024-06-23 13:41:12.677,OnTrack,-2102,-4179,1662,pos,0 days 00:37:58.264000,0 days 01:34:55.359000
2024-06-23 13:41:12.856,OnTrack,-2090,-4104,1662,pos,0 days 00:37:58.443000,0 days 01:34:55.538000
2024-06-23 13:41:13.016,OnTrack,-2083,-3988,1665,pos,0 days 00:37:58.603000,0 days 01:34:55.698000
2024-06-23 13:41:13.416,OnTrack,-2088,-3879,1669,pos,0 days 00:37:59.003000,0 days 01:34:56.098000
2024-06-23 13:41:13.696,OnTrack,-2109,-3780,1675,pos,0 days 00:37:59.283000,0 days 01:34:56.378000
2024-06-23 13:41:13.876,OnTrack,-2134,-3720,1679,pos,0 days 00:37:59.463000,0 days 01:34:56.558000
2024-06-23 13:41:14.116,OnTrack,-2181,-3648,1682,pos,0 days 00:37:59.703000,0 days 01:34:56.798000
2024-06-23 13:41:14.296,OnTrack,-2253,-3573,1686,pos,0 days 00:37:59.883000,0 days 01:34:56.978000
2024-06-23 13:41:14.576,OnTrack,-2306,-3531,1689,pos,0 days 00:38:00.163000,0 days 01:34:57.258000
2024-06-23 13:41:14.776,OnTrack,-2370,-3485,1692,pos,0 days 00:38:00.363000,0 days 01:34:57.458000
2024-06-23 13:41:15.056,OnTrack,-2461,-3419,1697,pos,0 days 00:38:00.643000,0 days 01:34:57.738000
2024-06-23 13:41:15.216,OnTrack,-2514,-3376,1702,pos,0 days 00:38:00.803000,0 days 01:34:57.898000
2024-06-23 13:41:15.516,OnTrack,-2611,-3285,1710,pos,0 days 00:38:01.103000,0 days 01:34:58.198000
2024-06-23 13:41:15.616,OnTrack,-2642,-3250,1714,pos,0 days 00:38:01.203000,0 days 01:34:58.298000
2024-06-23 13:41:15.956,OnTrack,-2758,-3080,1729,pos,0 days 00:38:01.543000,0 days 01:34:58.638000
2024-06-23 13:41:16.356,OnTrack,-2859,-2868,1744,pos,0 days 00:38:01.943000,0 days 01:34:59.038000
2024-06-23 13:41:16.616,OnTrack,-2891,-2796,1748,pos,0 days 00:38:02.203000,0 days 01:34:59.298000
2024-06-23 13:41:16.856,OnTrack,-2949,-2672,1755,pos,0 days 00:38:02.443000,0 days 01:34:59.538000
2024-06-23 13:41:17.137,OnTrack,-3025,-2512,1767,pos,0 days 00:38:02.724000,0 days 01:34:59.819000
2024-06-23 13:41:17.297,OnTrack,-3067,-2424,1772,pos,0 days 00:38:02.884000,0 days 01:34:59.979000
2024-06-23 13:41:17.557,OnTrack,-3139,-2272,1783,pos,0 days 00:38:03.144000,0 days 01:35:00.239000
2024-06-23 13:41:18.377,OnTrack,-3397,-1729,1818,pos,0 days 00:38:03.964000,0 days 01:35:01.059000
2024-06-23 13:41:18.777,OnTrack,-3461,-1554,1830,pos,0 days 00:38:04.364000,0 days 01:35:01.459000
2024-06-23 13:41:19.037,OnTrack,-3506,-1301,1842,pos,0 days 00:38:04.624000,0 days 01:35:01.719000
2024-06-23 13:41:19.476,OnTrack,-3501,-1109,1849,pos,0 days 00:38:05.063000,0 days 01:35:02.158000
2024-06-23 13:41:19.676,OnTrack,-3484,-985,1855,pos,0 days 00:38:05.263000,0 days 01:35:02.358000
2024-06-23 13:41:19.916,OnTrack,-3450,-840,1859,pos,0 days 00:38:05.503000,0 days 01:35:02.598000
2024-06-23 13:41:20.136,OnTrack,-3382,-657,1866,pos,0 days 00:38:05.723000,0 days 01:35:02.818000
2024-06-23 13:41:20.536,OnTrack,-3293,-498,1871,pos,0 days 00:38:06.123000,0 days 01:35:03.218000
2024-06-23 13:41:20.736,OnTrack,-3199,-386,1873,pos,0 days 00:38:06.323000,0 days 01:35:03.418000
2024-06-23 13:41:20.996,OnTrack,-3092,-300,1874,pos,0 days 00:38:06.583000,0 days 01:35:03.678000
2024-06-23 13:41:21.216,OnTrack,-2965,-231,1875,pos,0 days 00:38:06.803000,0 days 01:35:03.898000
2024-06-23 13:41:21.556,OnTrack,-2754,-144,1873,pos,0 days 00:38:07.143000,0 days 01:35:04.238000
2024-06-23 13:41:21.676,OnTrack,-2679,-114,1872,pos,0 days 00:38:07.263000,0 days 01:35:04.358000
2024-06-23 13:41:21.956,OnTrack,-2505,-39,1870,pos,0 days 00:38:07.543000,0 days 01:35:04.638000
2024-06-23 13:41:22.176,OnTrack,-2367,23,1868,pos,0 days 00:38:07.763000,0 days 01:35:04.858000
2024-06-23 13:41:22.356,OnTrack,-2165,119,1865,pos,0 days 00:38:07.943000,0 days 01:35:05.038000
2024-06-23 13:41:22.716,OnTrack,-2023,186,1864,pos,0 days 00:38:08.303000,0 days 01:35:05.398000
2024-06-23 13:41:22.876,OnTrack,-1919,235,1862,pos,0 days 00:38:08.463000,0 days 01:35:05.558000
2024-06-23 13:41:23.236,OnTrack,-1601,386,1858,pos,0 days 00:38:08.823000,0 days 01:35:05.918000
2024-06-23 13:41:23.697,OnTrack,-1358,501,1855,pos,0 days 00:38:09.284000,0 days 01:35:06.379000
2024-06-23 13:41:23.737,OnTrack,-1331,514,1855,pos,0 days 00:38:09.324000,0 days 01:35:06.419000
2024-06-23 13:41:24.017,OnTrack,-1127,615,1852,pos,0 days 00:38:09.604000,0 days 01:35:06.699000
2024-06-23 13:41:24.217,OnTrack,-983,689,1850,pos,0 days 00:38:09.804000,0 days 01:35:06.899000
2024-06-23 13:41:24.417,OnTrack,-860,753,1849,pos,0 days 00:38:10.004000,0 days 01:35:07.099000
2024-06-23 13:41:24.717,OnTrack,-655,863,1846,pos,0 days 00:38:10.304000,0 days 01:35:07.399000
2024-06-23 13:41:24.777,OnTrack,-614,885,1845,pos,0 days 00:38:10.364000,0 days 01:35:07.459000
2024-06-23 13:41:24.957,OnTrack,-490,951,1843,pos,0 days 00:38:10.544000,0 days 01:35:07.639000
2024-06-23 13:41:25.257,OnTrack,-281,1063,1841,pos,0 days 00:38:10.844000,0 days 01:35:07.939000
2024-06-23 13:41:25.477,OnTrack,-127,1145,1838,pos,0 days 00:38:11.064000,0 days 01:35:08.159000
2024-06-23 13:41:25.677,OnTrack,13,1220,1836,pos,0 days 00:38:11.264000,0 days 01:35:08.359000
2024-06-23 13:41:25.837,OnTrack,126,1280,1835,pos,0 days 00:38:11.424000,0 days 01:35:08.519000
2024-06-23 13:41:26.017,OnTrack,253,1347,1833,pos,0 days 00:38:11.604000,0 days 01:35:08.699000
2024-06-23 13:41:26.316,OnTrack,428,1436,1831,pos,0 days 00:38:11.903000,0 days 01:35:08.998000
2024-06-23 13:41:26.576,OnTrack,642,1534,1828,pos,0 days 00:38:12.163000,0 days 01:35:09.258000
2024-06-23 13:41:26.776,OnTrack,776,1588,1827,pos,0 days 00:38:12.363000,0 days 01:35:09.458000
2024-06-23 13:41:26.896,OnTrack,857,1621,1826,pos,0 days 00:38:12.483000,0 days 01:35:09.578000
2024-06-23 13:41:27.196,OnTrack,1075,1710,1823,pos,0 days 00:38:12.783000,0 days 01:35:09.878000
2024-06-23 13:41:27.516,OnTrack,1161,1749,1823,pos,0 days 00:38:13.103000,0 days 01:35:10.198000
2024-06-23 13:41:27.676,OnTrack,1222,1781,1821,pos,0 days 00:38:13.263000,0 days 01:35:10.358000
2024-06-23 13:41:28.016,OnTrack,1332,1857,1820,pos,0 days 00:38:13.603000,0 days 01:35:10.698000
2024-06-23 13:41:28.216,OnTrack,1407,1940,1819,pos,0 days 00:38:13.803000,0 days 01:35:10.898000
2024-06-23 13:41:28.556,OnTrack,1442,2006,1818,pos,0 days 00:38:14.143000,0 days 01:35:11.238000
2024-06-23 13:41:28.756,OnTrack,1459,2070,1818,pos,0 days 00:38:14.343000,0 days 01:35:11.438000
2024-06-23 13:41:29.016,OnTrack,1461,2174,1817,pos,0 days 00:38:14.603000,0 days 01:35:11.698000
2024-06-23 13:41:29.396,OnTrack,1438,2273,1817,pos,0 days 00:38:14.983000,0 days 01:35:12.078000
2024-06-23 13:41:29.576,OnTrack,1417,2323,1819,pos,0 days 00:38:15.163000,0 days 01:35:12.258000
2024-06-23 13:41:29.696,OnTrack,1401,2355,1820,pos,0 days 00:38:15.283000,0 days 01:35:12.378000
2024-06-23 13:41:30.056,OnTrack,1344,2441,1822,pos,0 days 00:38:15.643000,0 days 01:35:12.738000
2024-06-23 13:41:30.277,OnTrack,1296,2494,1824,pos,0 days 00:38:15.864000,0 days 01:35:12.959000
2024-06-23 13:41:30.637,OnTrack,1225,2552,1826,pos,0 days 00:38:16.224000,0 days 01:35:13.319000
2024-06-23 13:41:30.857,OnTrack,1178,2581,1828,pos,0 days 00:38:16.444000,0 days 01:35:13.539000
2024-06-23 13:41:31.037,OnTrack,1131,2603,1828,pos,0 days 00:38:16.624000,0 days 01:35:13.719000
2024-06-23 13:41:31.257,OnTrack,1046,2631,1830,pos,0 days 00:38:16.844000,0 days 01:35:13.939000
2024-06-23 13:41:31.637,OnTrack,952,2650,1833,pos,0 days 00:38:17.224000,0 days 01:35:14.319000
2024-06-23 13:41:31.777,OnTrack,905,2655,1834,pos,0 days 00:38:17.364000,0 days 01:35:14.459000
2024-06-23 13:41:32.137,OnTrack,779,2659,1836,pos,0 days 00:38:17.724000,0 days 01:35:14.819000
2024-06-23 13:41:32.337,OnTrack,658,2647,1838,pos,0 days 00:38:17.924000,0 days 01:35:15.019000
2024-06-23 13:41:32.776,OnTrack,531,2617,1841,pos,0 days 00:38:18.363000,0 days 01:35:15.458000
2024-06-23 13:41:32.956,OnTrack,456,2592,1844,pos,0 days 00:38:18.543000,0 days 01:35:15.638000
2024-06-23 13:41:33.116,OnTrack,388,2563,1847,pos,0 days 00:38:18.703000,0 days 01:35:15.798000
2024-06-23 13:41:33.396,OnTrack,268,2499,1852,pos,0 days 00:38:18.983000,0 days 01:35:16.078000
2024-06-23 13:41:33.616,OnTrack,156,2427,1859,pos,0 days 00:38:19.203000,0 days 01:35:16.298000
2024-06-23 13:41:33.916,OnTrack,42,2347,1865,pos,0 days 00:38:19.503000,0 days 01:35:16.598000
2024-06-23 13:41:34.096,OnTrack,-27,2298,1868,pos,0 days 00:38:19.683000,0 days 01:35:16.778000
2024-06-23 13:41:34.296,OnTrack,-118,2245,1872,pos,0 days 00:38:19.883000,0 days 01:35:16.978000
2024-06-23 13:41:34.596,OnTrack,-307,2164,1879,pos,0 days 00:38:20.183000,0 days 01:35:17.278000
2024-06-23 13:41:35.016,OnTrack,-447,2131,1885,pos,0 days 00:38:20.603000,0 days 01:35:17.698000
2024-06-23 13:41:35.216,OnTrack,-530,2123,1889,pos,0 days 00:38:20.803000,0 days 01:35:17.898000
2024-06-23 13:41:35.396,OnTrack,-641,2125,1894,pos,0 days 00:38:20.983000,0 days 01:35:18.078000
2024-06-23 13:41:35.676,OnTrack,-707,2136,1898,pos,0 days 00:38:21.263000,0 days 01:35:18.358000
2024-06-23 13:41:36.016,OnTrack,-841,2190,1904,pos,0 days 00:38:21.603000,0 days 01:35:18.698000
2024-06-23 13:41:36.416,OnTrack,-924,2258,1907,pos,0 days 00:38:22.003000,0 days 01:35:19.098000
2024-06-23 13:41:36.636,OnTrack,-968,2315,1909,pos,0 days 00:38:22.223000,0 days 01:35:19.318000
2024-06-23 13:41:36.837,OnTrack,-1003,2377,1911,pos,0 days 00:38:22.424000,0 days 01:35:19.519000
2024-06-23 13:41:37.017,OnTrack,-1023,2429,1911,pos,0 days 00:38:22.604000,0 days 01:35:19.699000
2024-06-23 13:41:37.297,OnTrack,-1043,2512,1912,pos,0 days 00:38:22.884000,0 days 01:35:19.979000
2024-06-23 13:41:37.517,OnTrack,-1050,2572,1914,pos,0 days 00:38:23.104000,0 days 01:35:20.199000
2024-06-23 13:41:37.677,OnTrack,-1050,2621,1914,pos,0 days 00:38:23.264000,0 days 01:35:20.359000
2024-06-23 13:41:37.797,OnTrack,-1048,2658,1915,pos,0 days 00:38:23.384000,0 days 01:35:20.479000
2024-06-23 13:41:38.057,OnTrack,-1036,2738,1916,pos,0 days 00:38:23.644000,0 days 01:35:20.739000
2024-06-23 13:41:38.357,OnTrack,-1010,2832,1917,pos,0 days 00:38:23.944000,0 days 01:35:21.039000
2024-06-23 13:41:38.557,OnTrack,-985,2894,1918,pos,0 days 00:38:24.144000,0 days 01:35:21.239000
2024-06-23 13:41:38.737,OnTrack,-958,2950,1920,pos,0 days 00:38:24.324000,0 days 01:35:21.419000
2024-06-23 13:41:38.817,OnTrack,-944,2975,1920,pos,0 days 00:38:24.404000,0 days 01:35:21.499000
2024-06-23 13:41:39.017,OnTrack,-906,3035,1921,pos,0 days 00:38:24.604000,0 days 01:35:21.699000
2024-06-23 13:41:39.336,OnTrack,-792,3172,1922,pos,0 days 00:38:24.923000,0 days 01:35:22.018000
2024-06-23 13:41:39.796,OnTrack,-688,3269,1922,pos,0 days 00:38:25.383000,0 days 01:35:22.478000
2024-06-23 13:41:39.916,OnTrack,-647,3303,1922,pos,0 days 00:38:25.503000,0 days 01:35:22.598000
2024-06-23 13:41:40.096,OnTrack,-529,3396,1921,pos,0 days 00:38:25.683000,0 days 01:35:22.778000
2024-06-23 13:41:40.476,OnTrack,-434,3469,1919,pos,0 days 00:38:26.063000,0 days 01:35:23.158000
2024-06-23 13:41:40.836,OnTrack,-287,3590,1916,pos,0 days 00:38:26.423000,0 days 01:35:23.518000
2024-06-23 13:41:40.956,OnTrack,-237,3633,1915,pos,0 days 00:38:26.543000,0 days 01:35:23.638000
2024-06-23 13:41:41.156,OnTrack,-107,3744,1911,pos,0 days 00:38:26.743000,0 days 01:35:23.838000
2024-06-23 13:41:41.516,OnTrack,11,3843,1907,pos,0 days 00:38:27.103000,0 days 01:35:24.198000
2024-06-23 13:41:41.816,OnTrack,157,3954,1900,pos,0 days 00:38:27.403000,0 days 01:35:24.498000
2024-06-23 13:41:42.076,OnTrack,294,4039,1894,pos,0 days 00:38:27.663000,0 days 01:35:24.758000
2024-06-23 13:41:42.256,OnTrack,457,4105,1886,pos,0 days 00:38:27.843000,0 days 01:35:24.938000
2024-06-23 13:41:42.596,OnTrack,606,4135,1880,pos,0 days 00:38:28.183000,0 days 01:35:25.278000
2024-06-23 13:41:42.736,OnTrack,696,4140,1875,pos,0 days 00:38:28.323000,0 days 01:35:25.418000
2024-06-23 13:41:43.056,OnTrack,908,4118,1863,pos,0 days 00:38:28.643000,0 days 01:35:25.738000
2024-06-23 13:41:43.236,OnTrack,1024,4090,1856,pos,0 days 00:38:28.823000,0 days 01:35:25.918000
2024-06-23 13:41:43.537,OnTrack,1288,3984,1840,pos,0 days 00:38:29.124000,0 days 01:35:26.219000
2024-06-23 13:41:43.857,OnTrack,1421,3913,1833,pos,0 days 00:38:29.444000,0 days 01:35:26.539000
2024-06-23 13:41:44.177,OnTrack,1623,3791,1821,pos,0 days 00:38:29.764000,0 days 01:35:26.859000
2024-06-23 13:41:44.497,OnTrack,1789,3684,1811,pos,0 days 00:38:30.084000,0 days 01:35:27.179000
2024-06-23 13:41:44.637,OnTrack,1872,3631,1806,pos,0 days 00:38:30.224000,0 days 01:35:27.319000
2024-06-23 13:41:44.937,OnTrack,2139,3460,1790,pos,0 days 00:38:30.524000,0 days 01:35:27.619000
2024-06-23 13:41:45.377,OnTrack,2320,3340,1781,pos,0 days 00:38:30.964000,0 days 01:35:28.059000
2024-06-23 13:41:45.617,OnTrack,2455,3240,1773,pos,0 days 00:38:31.204000,0 days 01:35:28.299000
2024-06-23 13:41:45.797,OnTrack,2533,3171,1770,pos,0 days 00:38:31.384000,0 days 01:35:28.479000
2024-06-23 13:41:45.896,OnTrack,2573,3132,1768,pos,0 days 00:38:31.483000,0 days 01:35:28.578000
2024-06-23 13:41:46.156,OnTrack,2686,3009,1761,pos,0 days 00:38:31.743000,0 days 01:35:28.838000
2024-06-23 13:41:46.316,OnTrack,2743,2928,1758,pos,0 days 00:38:31.903000,0 days 01:35:28.998000
2024-06-23 13:41:47.376,OnTrack,2876,2283,1741,pos,0 days 00:38:32.963000,0 days 01:35:30.058000
2024-06-23 13:41:47.636,OnTrack,2826,2067,1737,pos,0 days 00:38:33.223000,0 days 01:35:30.318000
2024-06-23 13:41:47.936,OnTrack,2769,1932,1735,pos,0 days 00:38:33.523000,0 days 01:35:30.618000
2024-06-23 13:41:48.136,OnTrack,2707,1812,1733,pos,0 days 00:38:33.723000,0 days 01:35:30.818000
2024-06-23 13:41:48.336,OnTrack,2637,1694,1731,pos,0 days 00:38:33.923000,0 days 01:35:31.018000
2024-06-23 13:41:48.576,OnTrack,2549,1555,1729,pos,0 days 00:38:34.163000,0 days 01:35:31.258000
2024-06-23 13:41:48.856,OnTrack,2442,1392,1726,pos,0 days 00:38:34.443000,0 days 01:35:31.538000
2024-06-23 13:41:49.036,OnTrack,2372,1286,1724,pos,0 days 00:38:34.623000,0 days 01:35:31.718000
2024-06-23 13:41:49.236,OnTrack,2294,1166,1722,pos,0 days 00:38:34.823000,0 days 01:35:31.918000
2024-06-23 13:41:49.456,OnTrack,2160,960,1718,pos,0 days 00:38:35.043000,0 days 01:35:32.138000
2024-06-23 13:41:49.796,OnTrack,2072,824,1716,pos,0 days 00:38:35.383000,0 days 01:35:32.478000
2024-06-23 13:41:50.137,OnTrack,1926,600,1713,pos,0 days 00:38:35.724000,0 days 01:35:32.819000
2024-06-23 13:41:50.377,OnTrack,1811,424,1710,pos,0 days 00:38:35.964000,0 days 01:35:33.059000
2024-06-23 13:41:50.677,OnTrack,1662,194,1708,pos,0 days 00:38:36.264000,0 days 01:35:33.359000
2024-06-23 13:41:51.097,OnTrack,1538,1,1708,pos,0 days 00:38:36.684000,0 days 01:35:33.779000
2024-06-23 13:41:51.277,OnTrack,1472,-101,1707,pos,0 days 00:38:36.864000,0 days 01:35:33.959000
2024-06-23 13:41:51.597,OnTrack,1337,-311,1707,pos,0 days 00:38:37.184000,0 days 01:35:34.279000
2024-06-23 13:41:51.817,OnTrack,1244,-458,1708,pos,0 days 00:38:37.404000,0 days 01:35:34.499000
2024-06-23 13:41:51.877,OnTrack,1218,-498,1708,pos,0 days 00:38:37.464000,0 days 01:35:34.559000
2024-06-23 13:41:52.077,OnTrack,1133,-633,1708,pos,0 days 00:38:37.664000,0 days 01:35:34.759000
2024-06-23 13:41:52.416,OnTrack,953,-916,1708,pos,0 days 00:38:38.003000,0 days 01:35:35.098000
2024-06-23 13:41:52.716,OnTrack,858,-1066,1708,pos,0 days 00:38:38.303000,0 days 01:35:35.398000
2024-06-23 13:41:52.956,OnTrack,754,-1229,1708,pos,0 days 00:38:38.543000,0 days 01:35:35.638000
2024-06-23 13:41:53.196,OnTrack,589,-1490,1707,pos,0 days 00:38:38.783000,0 days 01:35:35.878000
2024-06-23 13:41:53.496,OnTrack,518,-1600,1707,pos,0 days 00:38:39.083000,0 days 01:35:36.178000
2024-06-23 13:41:53.696,OnTrack,431,-1739,1708,pos,0 days 00:38:39.283000,0 days 01:35:36.378000
2024-06-23 13:41:53.916,OnTrack,334,-1891,1708,pos,0 days 00:38:39.503000,0 days 01:35:36.598000
2024-06-23 13:41:54.176,OnTrack,219,-2071,1708,pos,0 days 00:38:39.763000,0 days 01:35:36.858000
2024-06-23 13:41:54.376,OnTrack,131,-2211,1707,pos,0 days 00:38:39.963000,0 days 01:35:37.058000
2024-06-23 13:41:54.536,OnTrack,60,-2323,1708,pos,0 days 00:38:40.123000,0 days 01:35:37.218000
2024-06-23 13:41:54.836,OnTrack,-73,-2531,1707,pos,0 days 00:38:40.423000,0 days 01:35:37.518000
2024-06-23 13:41:55.076,OnTrack,-183,-2701,1705,pos,0 days 00:38:40.663000,0 days 01:35:37.758000
2024-06-23 13:41:55.236,OnTrack,-257,-2812,1704,pos,0 days 00:38:40.823000,0 days 01:35:37.918000
2024-06-23 13:41:55.436,OnTrack,-349,-2950,1703,pos,0 days 00:38:41.023000,0 days 01:35:38.118000
2024-06-23 13:41:55.736,OnTrack,-523,-3214,1700,pos,0 days 00:38:41.323000,0 days 01:35:38.418000
2024-06-23 13:41:56.196,OnTrack,-755,-3560,1693,pos,0 days 00:38:41.783000,0 days 01:35:38.878000
2024-06-23 13:41:56.496,OnTrack,-839,-3685,1691,pos,0 days 00:38:42.083000,0 days 01:35:39.178000
2024-06-23 13:41:56.837,OnTrack,-1007,-3935,1685,pos,0 days 00:38:42.424000,0 days 01:35:39.519000
2024-06-23 13:41:57.217,OnTrack,-1175,-4185,1679,pos,0 days 00:38:42.804000,0 days 01:35:39.899000
2024-06-23 13:41:57.777,OnTrack,-1438,-4577,1667,pos,0 days 00:38:43.364000,0 days 01:35:40.459000
2024-06-23 13:41:58.057,OnTrack,-1561,-4761,1662,pos,0 days 00:38:43.644000,0 days 01:35:40.739000
2024-06-23 13:41:58.337,OnTrack,-1689,-4956,1657,pos,0 days 00:38:43.924000,0 days 01:35:41.019000
2024-06-23 13:41:58.537,OnTrack,-1779,-5100,1653,pos,0 days 00:38:44.124000,0 days 01:35:41.219000
2024-06-23 13:41:58.737,OnTrack,-1866,-5245,1650,pos,0 days 00:38:44.324000,0 days 01:35:41.419000
2024-06-23 13:41:58.957,OnTrack,-1960,-5407,1647,pos,0 days 00:38:44.544000,0 days 01:35:41.639000
2024-06-23 13:41:59.156,OnTrack,-2044,-5554,1645,pos,0 days 00:38:44.743000,0 days 01:35:41.838000
2024-06-23 13:41:59.356,OnTrack,-2176,-5791,1642,pos,0 days 00:38:44.943000,0 days 01:35:42.038000
2024-06-23 13:41:59.776,OnTrack,-2314,-6040,1639,pos,0 days 00:38:45.363000,0 days 01:35:42.458000
2024-06-23 13:42:00.056,OnTrack,-2411,-6210,1636,pos,0 days 00:38:45.643000,0 days 01:35:42.738000
2024-06-23 13:42:00.376,OnTrack,-2535,-6411,1634,pos,0 days 00:38:45.963000,0 days 01:35:43.058000
2024-06-23 13:42:00.596,OnTrack,-2635,-6555,1632,pos,0 days 00:38:46.183000,0 days 01:35:43.278000
2024-06-23 13:42:01.056,OnTrack,-2747,-6695,1630,pos,0 days 00:38:46.643000,0 days 01:35:43.738000
2024-06-23 13:42:01.256,OnTrack,-2813,-6766,1628,pos,0 days 00:38:46.843000,0 days 01:35:43.938000
2024-06-23 13:42:01.456,OnTrack,-2877,-6827,1626,pos,0 days 00:38:47.043000,0 days 01:35:44.138000
2024-06-23 13:42:01.636,OnTrack,-2971,-6899,1624,pos,0 days 00:38:47.223000,0 days 01:35:44.318000
2024-06-23 13:42:01.936,OnTrack,-3040,-6940,1625,pos,0 days 00:38:47.523000,0 days 01:35:44.618000
2024-06-23 13:42:02.236,OnTrack,-3145,-6981,1623,pos,0 days 00:38:47.823000,0 days 01:35:44.918000
2024-06-23 13:42:02.436,OnTrack,-3219,-6993,1624,pos,0 days 00:38:48.023000,0 days 01:35:45.118000
2024-06-23 13:42:02.696,OnTrack,-3354,-6985,1626,pos,0 days 00:38:48.283000,0 days 01:35:45.378000
2024-06-23 13:42:02.936,OnTrack,-3406,-6973,1628,pos,0 days 00:38:48.523000,0 days 01:35:45.618000
2024-06-23 13:42:03.297,OnTrack,-3588,-6899,1631,pos,0 days 00:38:48.884000,0 days 01:35:45.979000
2024-06-23 13:42:03.577,OnTrack,-3648,-6871,1632,pos,0 days 00:38:49.164000,0 days 01:35:46.259000
2024-06-23 13:42:03.777,OnTrack,-3718,-6839,1633,pos,0 days 00:38:49.364000,0 days 01:35:46.459000
2024-06-23 13:42:03.997,OnTrack,-3807,-6803,1635,pos,0 days 00:38:49.584000,0 days 01:35:46.679000
2024-06-23 13:42:04.237,OnTrack,-3907,-6775,1638,pos,0 days 00:38:49.824000,0 days 01:35:46.919000
2024-06-23 13:42:04.557,OnTrack,-4046,-6770,1643,pos,0 days 00:38:50.144000,0 days 01:35:47.239000
2024-06-23 13:42:04.717,OnTrack,-4117,-6782,1645,pos,0 days 00:38:50.304000,0 days 01:35:47.399000
2024-06-23 13:42:04.877,OnTrack,-4189,-6802,1648,pos,0 days 00:38:50.464000,0 days 01:35:47.559000
2024-06-23 13:42:05.097,OnTrack,-4286,-6840,1654,pos,0 days 00:38:50.684000,0 days 01:35:47.779000
2024-06-23 13:42:05.217,OnTrack,-4344,-6869,1657,pos,0 days 00:38:50.804000,0 days 01:35:47.899000
2024-06-23 13:42:05.576,OnTrack,-4521,-6977,1667,pos,0 days 00:38:51.163000,0 days 01:35:48.258000
2024-06-23 13:42:05.876,OnTrack,-4622,-7049,1673,pos,0 days 00:38:51.463000,0 days 01:35:48.558000
2024-06-23 13:42:06.096,OnTrack,-4718,-7117,1678,pos,0 days 00:38:51.683000,0 days 01:35:48.778000
2024-06-23 13:42:06.276,OnTrack,-4799,-7171,1683,pos,0 days 00:38:51.863000,0 days 01:35:48.958000
2024-06-23 13:42:06.476,OnTrack,-4893,-7231,1688,pos,0 days 00:38:52.063000,0 days 01:35:49.158000
2024-06-23 13:42:06.756,OnTrack,-5035,-7311,1695,pos,0 days 00:38:52.343000,0 days 01:35:49.438000
2024-06-23 13:42:07.016,OnTrack,-5175,-7375,1701,pos,0 days 00:38:52.603000,0 days 01:35:49.698000
2024-06-23 13:42:07.076,OnTrack,-5208,-7388,1702,pos,0 days 00:38:52.663000,0 days 01:35:49.758000
2024-06-23 13:42:07.336,OnTrack,-5357,-7431,1709,pos,0 days 00:38:52.923000,0 days 01:35:50.018000
2024-06-23 13:42:07.636,OnTrack,-5560,-7455,1718,pos,0 days 00:38:53.223000,0 days 01:35:50.318000
2024-06-23 13:42:07.976,OnTrack,-5740,-7445,1726,pos,0 days 00:38:53.563000,0 days 01:35:50.658000
2024-06-23 13:42:08.196,OnTrack,-5947,-7399,1734,pos,0 days 00:38:53.783000,0 days 01:35:50.878000
2024-06-23 13:42:08.496,OnTrack,-6033,-7369,1737,pos,0 days 00:38:54.083000,0 days 01:35:51.178000
2024-06-23 13:42:08.676,OnTrack,-6125,-7326,1740,pos,0 days 00:38:54.263000,0 days 01:35:51.358000
2024-06-23 13:42:08.896,OnTrack,-6234,-7264,1745,pos,0 days 00:38:54.483000,0 days 01:35:51.578000
2024-06-23 13:42:09.196,OnTrack,-6402,-7124,1752,pos,0 days 00:38:54.783000,0 days 01:35:51.878000
2024-06-23 13:42:09.596,OnTrack,-6520,-6976,1757,pos,0 days 00:38:55.183000,0 days 01:35:52.278000
2024-06-23 13:42:09.817,OnTrack,-6593,-6848,1760,pos,0 days 00:38:55.404000,0 days 01:35:52.499000
2024-06-23 13:42:09.997,OnTrack,-6639,-6746,1762,pos,0 days 00:38:55.584000,0 days 01:35:52.679000
2024-06-23 13:42:10.157,OnTrack,-6671,-6650,1764,pos,0 days 00:38:55.744000,0 days 01:35:52.839000
2024-06-23 13:42:10.457,OnTrack,-6711,-6475,1767,pos,0 days 00:38:56.044000,0 days 01:35:53.139000
2024-06-23 13:42:10.737,OnTrack,-6730,-6292,1769,pos,0 days 00:38:56.324000,0 days 01:35:53.419000
2024-06-23 13:42:10.897,OnTrack,-6731,-6105,1772,pos,0 days 00:38:56.484000,0 days 01:35:53.579000
2024-06-23 13:42:11.177,OnTrack,-6725,-5997,1774,pos,0 days 00:38:56.764000,0 days 01:35:53.859000
2024-06-23 13:42:11.377,OnTrack,-6711,-5861,1776,pos,0 days 00:38:56.964000,0 days 01:35:54.059000
2024-06-23 13:42:11.697,OnTrack,-6675,-5642,1778,pos,0 days 00:38:57.284000,0 days 01:35:54.379000
2024-06-23 13:42:11.897,OnTrack,-6635,-5460,1781,pos,0 days 00:38:57.484000,0 days 01:35:54.579000
2024-06-23 13:42:12.216,OnTrack,-6589,-5295,1784,pos,0 days 00:38:57.803000,0 days 01:35:54.898000
2024-06-23 13:42:12.456,OnTrack,-6529,-5132,1787,pos,0 days 00:38:58.043000,0 days 01:35:55.138000
2024-06-23 13:42:12.716,OnTrack,-6446,-4961,1790,pos,0 days 00:38:58.303000,0 days 01:35:55.398000
2024-06-23 13:42:13.396,OnTrack,-6167,-4535,1797,pos,0 days 00:38:58.983000,0 days 01:35:56.078000
2024-06-23 13:42:13.576,OnTrack,-6087,-4424,1798,pos,0 days 00:38:59.163000,0 days 01:35:56.258000
2024-06-23 13:42:13.836,OnTrack,-5919,-4169,1802,pos,0 days 00:38:59.423000,0 days 01:35:56.518000
2024-06-23 13:42:14.156,OnTrack,-5848,-4047,1804,pos,0 days 00:38:59.743000,0 days 01:35:56.838000
2024-06-23 13:42:14.336,OnTrack,-5776,-3926,1806,pos,0 days 00:38:59.923000,0 days 01:35:57.018000
2024-06-23 13:42:14.616,OnTrack,-5664,-3743,1809,pos,0 days 00:39:00.203000,0 days 01:35:57.298000
2024-06-23 13:42:14.896,OnTrack,-5504,-3502,1813,pos,0 days 00:39:00.483000,0 days 01:35:57.578000
2024-06-23 13:42:15.276,OnTrack,-5351,-3280,1817,pos,0 days 00:39:00.863000,0 days 01:35:57.958000
2024-06-23 13:42:15.576,OnTrack,-5282,-3189,1818,pos,0 days 00:39:01.163000,0 days 01:35:58.258000
2024-06-23 13:42:15.836,OnTrack,-5189,-3079,1819,pos,0 days 00:39:01.423000,0 days 01:35:58.518000
2024-06-23 13:42:16.136,OnTrack,-5079,-2976,1820,pos,0 days 00:39:01.723000,0 days 01:35:58.818000
2024-06-23 13:42:16.196,OnTrack,-5057,-2959,1820,pos,0 days 00:39:01.783000,0 days 01:35:58.878000
2024-06-23 13:42:16.397,OnTrack,-4972,-2906,1821,pos,0 days 00:39:01.984000,0 days 01:35:59.079000
2024-06-23 13:42:16.717,OnTrack,-4812,-2848,1823,pos,0 days 00:39:02.304000,0 days 01:35:59.399000
2024-06-23 13:42:17.097,OnTrack,-4699,-2838,1825,pos,0 days 00:39:02.684000,0 days 01:35:59.779000
2024-06-23 13:42:17.337,OnTrack,-4605,-2848,1827,pos,0 days 00:39:02.924000,0 days 01:36:00.019000
2024-06-23 13:42:17.597,OnTrack,-4501,-2879,1829,pos,0 days 00:39:03.184000,0 days 01:36:00.279000
2024-06-23 13:42:17.877,OnTrack,-4414,-2921,1831,pos,0 days 00:39:03.464000,0 days 01:36:00.559000
2024-06-23 13:42:18.177,OnTrack,-4325,-2984,1833,pos,0 days 00:39:03.764000,0 days 01:36:00.859000
2024-06-23 13:42:18.397,OnTrack,-4267,-3043,1834,pos,0 days 00:39:03.984000,0 days 01:36:01.079000
2024-06-23 13:42:18.577,OnTrack,-4200,-3126,1835,pos,0 days 00:39:04.164000,0 days 01:36:01.259000
2024-06-23 13:42:18.896,OnTrack,-4153,-3198,1836,pos,0 days 00:39:04.483000,0 days 01:36:01.578000
2024-06-23 13:42:19.096,OnTrack,-4116,-3269,1837,pos,0 days 00:39:04.683000,0 days 01:36:01.778000
2024-06-23 13:42:19.376,OnTrack,-4061,-3418,1838,pos,0 days 00:39:04.963000,0 days 01:36:02.058000
2024-06-23 13:42:19.696,OnTrack,-4040,-3513,1838,pos,0 days 00:39:05.283000,0 days 01:36:02.378000
2024-06-23 13:42:19.956,OnTrack,-4028,-3631,1839,pos,0 days 00:39:05.543000,0 days 01:36:02.638000
2024-06-23 13:42:20.216,OnTrack,-4030,-3755,1839,pos,0 days 00:39:05.803000,0 days 01:36:02.898000
2024-06-23 13:42:20.396,OnTrack,-4042,-3845,1838,pos,0 days 00:39:05.983000,0 days 01:36:03.078000
2024-06-23 13:42:20.636,OnTrack,-4071,-3966,1837,pos,0 days 00:39:06.223000,0 days 01:36:03.318000
2024-06-23 13:42:20.836,OnTrack,-4107,-4068,1836,pos,0 days 00:39:06.423000,0 days 01:36:03.518000
2024-06-23 13:42:21.036,OnTrack,-4187,-4229,1834,pos,0 days 00:39:06.623000,0 days 01:36:03.718000
2024-06-23 13:42:21.356,OnTrack,-4250,-4328,1833,pos,0 days 00:39:06.943000,0 days 01:36:04.038000
2024-06-23 13:42:21.556,OnTrack,-4318,-4427,1830,pos,0 days 00:39:07.143000,0 days 01:36:04.238000
2024-06-23 13:42:21.716,OnTrack,-4375,-4506,1829,pos,0 days 00:39:07.303000,0 days 01:36:04.398000
2024-06-23 13:42:22.096,OnTrack,-4514,-4697,1823,pos,0 days 00:39:07.683000,0 days 01:36:04.778000
2024-06-23 13:42:22.256,OnTrack,-4575,-4780,1821,pos,0 days 00:39:07.843000,0 days 01:36:04.938000
2024-06-23 13:42:22.336,OnTrack,-4605,-4821,1821,pos,0 days 00:39:07.923000,0 days 01:36:05.018000
2024-06-23 13:42:22.676,OnTrack,-4737,-5002,1817,pos,0 days 00:39:08.263000,0 days 01:36:05.358000
2024-06-23 13:42:22.836,OnTrack,-4800,-5088,1815,pos,0 days 00:39:08.423000,0 days 01:36:05.518000
2024-06-23 13:42:23.077,OnTrack,-4946,-5291,1810,pos,0 days 00:39:08.664000,0 days 01:36:05.759000
2024-06-23 13:42:23.417,OnTrack,-5019,-5397,1806,pos,0 days 00:39:09.004000,0 days 01:36:06.099000
2024-06-23 13:42:23.577,OnTrack,-5059,-5460,1804,pos,0 days 00:39:09.164000,0 days 01:36:06.259000
2024-06-23 13:42:23.957,OnTrack,-5152,-5629,1798,pos,0 days 00:39:09.544000,0 days 01:36:06.639000
2024-06-23 13:42:24.177,OnTrack,-5180,-5695,1794,pos,0 days 00:39:09.764000,0 days 01:36:06.859000
2024-06-23 13:42:24.477,OnTrack,-5213,-5800,1790,pos,0 days 00:39:10.064000,0 days 01:36:07.159000
2024-06-23 13:42:24.757,OnTrack,-5228,-5912,1786,pos,0 days 00:39:10.344000,0 days 01:36:07.439000
2024-06-23 13:42:25.097,OnTrack,-5218,-5998,1781,pos,0 days 00:39:10.684000,0 days 01:36:07.779000
2024-06-23 13:42:25.277,OnTrack,-5202,-6049,1778,pos,0 days 00:39:10.864000,0 days 01:36:07.959000
2024-06-23 13:42:25.456,OnTrack,-5179,-6096,1774,pos,0 days 00:39:11.043000,0 days 01:36:08.138000
2024-06-23 13:42:25.656,OnTrack,-5145,-6141,1770,pos,0 days 00:39:11.243000,0 days 01:36:08.338000
2024-06-23 13:42:25.896,OnTrack,-5096,-6185,1768,pos,0 days 00:39:11.483000,0 days 01:36:08.578000
2024-06-23 13:42:26.176,OnTrack,-5032,-6221,1764,pos,0 days 00:39:11.763000,0 days 01:36:08.858000
2024-06-23 13:42:26.396,OnTrack,-4958,-6243,1762,pos,0 days 00:39:11.983000,0 days 01:36:09.078000
2024-06-23 13:42:26.816,OnTrack,-4843,-6250,1754,pos,0 days 00:39:12.403000,0 days 01:36:09.498000
2024-06-23 13:42:27.216,OnTrack,-4760,-6240,1749,pos,0 days 00:39:12.803000,0 days 01:36:09.898000
2024-06-23 13:42:27.256,OnTrack,-4749,-6238,1748,pos,0 days 00:39:12.843000,0 days 01:36:09.938000
2024-06-23 13:42:27.596,OnTrack,-4634,-6204,1740,pos,0 days 00:39:13.183000,0 days 01:36:10.278000
2024-06-23 13:42:28.056,OnTrack,-4505,-6149,1731,pos,0 days 00:39:13.643000,0 days 01:36:10.738000
2024-06-23 13:42:28.316,OnTrack,-4426,-6108,1726,pos,0 days 00:39:13.903000,0 days 01:36:10.998000
2024-06-23 13:42:28.596,OnTrack,-4328,-6055,1720,pos,0 days 00:39:14.183000,0 days 01:36:11.278000
2024-06-23 13:42:28.796,OnTrack,-4253,-6015,1715,pos,0 days 00:39:14.383000,0 days 01:36:11.478000
2024-06-23 13:42:28.976,OnTrack,-4182,-5976,1710,pos,0 days 00:39:14.563000,0 days 01:36:11.658000
2024-06-23 13:42:29.136,OnTrack,-4116,-5941,1706,pos,0 days 00:39:14.723000,0 days 01:36:11.818000
2024-06-23 13:42:29.416,OnTrack,-3991,-5877,1697,pos,0 days 00:39:15.003000,0 days 01:36:12.098000
2024-06-23 13:42:29.597,OnTrack,-3832,-5803,1689,pos,0 days 00:39:15.184000,0 days 01:36:12.279000
2024-06-23 13:42:30.097,OnTrack,-3604,-5707,1677,pos,0 days 00:39:15.684000,0 days 01:36:12.779000
2024-06-23 13:42:30.417,OnTrack,-3462,-5646,1671,pos,0 days 00:39:16.004000,0 days 01:36:13.099000
2024-06-23 13:42:30.617,OnTrack,-3351,-5594,1667,pos,0 days 00:39:16.204000,0 days 01:36:13.299000
2024-06-23 13:42:30.897,OnTrack,-3198,-5509,1661,pos,0 days 00:39:16.484000,0 days 01:36:13.579000
2024-06-23 13:42:31.137,OnTrack,-3006,-5377,1656,pos,0 days 00:39:16.724000,0 days 01:36:13.819000
2024-06-23 13:42:31.477,OnTrack,-2892,-5284,1653,pos,0 days 00:39:17.064000,0 days 01:36:14.159000
2024-06-23 13:42:31.697,OnTrack,-2784,-5182,1651,pos,0 days 00:39:17.284000,0 days 01:36:14.379000
2024-06-23 13:42:31.877,OnTrack,-2700,-5092,1650,pos,0 days 00:39:17.464000,0 days 01:36:14.559000
2024-06-23 13:42:32.076,OnTrack,-2611,-4985,1650,pos,0 days 00:39:17.663000,0 days 01:36:14.758000
2024-06-23 13:42:32.236,OnTrack,-2543,-4896,1651,pos,0 days 00:39:17.823000,0 days 01:36:14.918000
2024-06-23 13:42:32.476,OnTrack,-2445,-4758,1651,pos,0 days 00:39:18.063000,0 days 01:36:15.158000
2024-06-23 13:42:32.696,OnTrack,-2360,-4635,1651,pos,0 days 00:39:18.283000,0 days 01:36:15.378000
2024-06-23 13:42:32.856,OnTrack,-2303,-4552,1653,pos,0 days 00:39:18.443000,0 days 01:36:15.538000
2024-06-23 13:42:33.176,OnTrack,-2168,-4344,1658,pos,0 days 00:39:18.763000,0 days 01:36:15.858000
2024-06-23 13:42:33.476,OnTrack,-2135,-4280,1660,pos,0 days 00:39:19.063000,0 days 01:36:16.158000
2024-06-23 13:42:33.776,OnTrack,-2093,-4127,1662,pos,0 days 00:39:19.363000,0 days 01:36:16.458000
2024-06-23 13:42:34.156,OnTrack,-2083,-3966,1666,pos,0 days 00:39:19.743000,0 days 01:36:16.838000
2024-06-23 13:42:34.636,OnTrack,-2095,-3837,1671,pos,0 days 00:39:20.223000,0 days 01:36:17.318000
2024-06-23 13:42:34.796,OnTrack,-2121,-3749,1677,pos,0 days 00:39:20.383000,0 days 01:36:17.478000
2024-06-23 13:42:35.156,OnTrack,-2198,-3628,1683,pos,0 days 00:39:20.743000,0 days 01:36:17.838000
2024-06-23 13:42:35.556,OnTrack,-2269,-3560,1687,pos,0 days 00:39:21.143000,0 days 01:36:18.238000
2024-06-23 13:42:35.836,OnTrack,-2357,-3493,1692,pos,0 days 00:39:21.423000,0 days 01:36:18.518000
2024-06-23 13:42:36.077,OnTrack,-2457,-3421,1697,pos,0 days 00:39:21.664000,0 days 01:36:18.759000
2024-06-23 13:42:36.297,OnTrack,-2518,-3373,1702,pos,0 days 00:39:21.884000,0 days 01:36:18.979000
2024-06-23 13:42:36.597,OnTrack,-2617,-3278,1711,pos,0 days 00:39:22.184000,0 days 01:36:19.279000
2024-06-23 13:42:36.857,OnTrack,-2690,-3189,1720,pos,0 days 00:39:22.444000,0 days 01:36:19.539000
2024-06-23 13:42:37.097,OnTrack,-2765,-3067,1729,pos,0 days 00:39:22.684000,0 days 01:36:19.779000
2024-06-23 13:42:37.477,OnTrack,-2844,-2901,1741,pos,0 days 00:39:23.064000,0 days 01:36:20.159000
2024-06-23 13:42:37.737,OnTrack,-2913,-2749,1750,pos,0 days 00:39:23.324000,0 days 01:36:20.419000
2024-06-23 13:42:38.037,OnTrack,-2978,-2612,1761,pos,0 days 00:39:23.624000,0 days 01:36:20.719000
2024-06-23 13:42:38.237,OnTrack,-3029,-2503,1767,pos,0 days 00:39:23.824000,0 days 01:36:20.919000
2024-06-23 13:42:38.497,OnTrack,-3098,-2360,1777,pos,0 days 00:39:24.084000,0 days 01:36:21.179000
2024-06-23 13:42:38.636,OnTrack,-3134,-2283,1782,pos,0 days 00:39:24.223000,0 days 01:36:21.318000
2024-06-23 13:42:38.856,OnTrack,-3195,-2156,1791,pos,0 days 00:39:24.443000,0 days 01:36:21.538000
2024-06-23 13:42:39.116,OnTrack,-3268,-2002,1801,pos,0 days 00:39:24.703000,0 days 01:36:21.798000
2024-06-23 13:42:39.356,OnTrack,-3337,-1859,1810,pos,0 days 00:39:24.943000,0 days 01:36:22.038000
2024-06-23 13:42:39.516,OnTrack,-3382,-1762,1816,pos,0 days 00:39:25.103000,0 days 01:36:22.198000
2024-06-23 13:42:39.696,OnTrack,-3455,-1574,1829,pos,0 days 00:39:25.283000,0 days 01:36:22.378000
2024-06-23 13:42:40.096,OnTrack,-3497,-1398,1838,pos,0 days 00:39:25.683000,0 days 01:36:22.778000
2024-06-23 13:42:40.296,OnTrack,-3507,-1271,1843,pos,0 days 00:39:25.883000,0 days 01:36:22.978000
2024-06-23 13:42:40.496,OnTrack,-3504,-1145,1847,pos,0 days 00:39:26.083000,0 days 01:36:23.178000
2024-06-23 13:42:40.636,OnTrack,-3495,-1058,1851,pos,0 days 00:39:26.223000,0 days 01:36:23.318000
2024-06-23 13:42:40.896,OnTrack,-3446,-830,1859,pos,0 days 00:39:26.483000,0 days 01:36:23.578000
2024-06-23 13:42:41.336,OnTrack,-3378,-648,1866,pos,0 days 00:39:26.923000,0 days 01:36:24.018000
2024-06-23 13:42:41.496,OnTrack,-3333,-562,1869,pos,0 days 00:39:27.083000,0 days 01:36:24.178000
2024-06-23 13:42:41.776,OnTrack,-3215,-401,1872,pos,0 days 00:39:27.363000,0 days 01:36:24.458000
2024-06-23 13:42:42.056,OnTrack,-3080,-293,1874,pos,0 days 00:39:27.643000,0 days 01:36:24.738000
2024-06-23 13:42:42.436,OnTrack,-2854,-183,1874,pos,0 days 00:39:28.023000,0 days 01:36:25.118000
2024-06-23 13:42:42.617,OnTrack,-2730,-135,1873,pos,0 days 00:39:28.204000,0 days 01:36:25.299000
2024-06-23 13:42:42.857,OnTrack,-2532,-52,1870,pos,0 days 00:39:28.444000,0 days 01:36:25.539000
2024-06-23 13:42:43.117,OnTrack,-2420,0,1869,pos,0 days 00:39:28.704000,0 days 01:36:25.799000
2024-06-23 13:42:43.437,OnTrack,-2231,88,1866,pos,0 days 00:39:29.024000,0 days 01:36:26.119000
2024-06-23 13:42:43.657,OnTrack,-2052,173,1864,pos,0 days 00:39:29.244000,0 days 01:36:26.339000
2024-06-23 13:42:44.037,OnTrack,-1843,271,1861,pos,0 days 00:39:29.624000,0 days 01:36:26.719000
2024-06-23 13:42:44.277,OnTrack,-1684,346,1859,pos,0 days 00:39:29.864000,0 days 01:36:26.959000
2024-06-23 13:42:44.497,OnTrack,-1537,416,1857,pos,0 days 00:39:30.084000,0 days 01:36:27.179000
2024-06-23 13:42:44.557,OnTrack,-1497,435,1857,pos,0 days 00:39:30.144000,0 days 01:36:27.239000
2024-06-23 13:42:44.817,OnTrack,-1321,519,1855,pos,0 days 00:39:30.404000,0 days 01:36:27.499000
2024-06-23 13:42:45.057,OnTrack,-1157,599,1853,pos,0 days 00:39:30.644000,0 days 01:36:27.739000
2024-06-23 13:42:45.256,OnTrack,-934,715,1850,pos,0 days 00:39:30.843000,0 days 01:36:27.938000
2024-06-23 13:42:45.616,OnTrack,-769,802,1848,pos,0 days 00:39:31.203000,0 days 01:36:28.298000
2024-06-23 13:42:45.916,OnTrack,-563,912,1845,pos,0 days 00:39:31.503000,0 days 01:36:28.598000
2024-06-23 13:42:46.096,OnTrack,-438,979,1843,pos,0 days 00:39:31.683000,0 days 01:36:28.778000
2024-06-23 13:42:46.336,OnTrack,-271,1068,1841,pos,0 days 00:39:31.923000,0 days 01:36:29.018000
2024-06-23 13:42:46.536,OnTrack,-130,1143,1839,pos,0 days 00:39:32.123000,0 days 01:36:29.218000
2024-06-23 13:42:46.716,OnTrack,53,1241,1836,pos,0 days 00:39:32.303000,0 days 01:36:29.398000
2024-06-23 13:42:47.076,OnTrack,252,1346,1833,pos,0 days 00:39:32.663000,0 days 01:36:29.758000
2024-06-23 13:42:47.336,OnTrack,400,1422,1831,pos,0 days 00:39:32.923000,0 days 01:36:30.018000
2024-06-23 13:42:47.576,OnTrack,575,1504,1829,pos,0 days 00:39:33.163000,0 days 01:36:30.258000
2024-06-23 13:42:47.756,OnTrack,708,1561,1827,pos,0 days 00:39:33.343000,0 days 01:36:30.438000
2024-06-23 13:42:47.916,OnTrack,805,1600,1826,pos,0 days 00:39:33.503000,0 days 01:36:30.598000
2024-06-23 13:42:48.136,OnTrack,925,1648,1825,pos,0 days 00:39:33.723000,0 days 01:36:30.818000
2024-06-23 13:42:48.316,OnTrack,1013,1684,1824,pos,0 days 00:39:33.903000,0 days 01:36:30.998000
2024-06-23 13:42:48.536,OnTrack,1110,1725,1823,pos,0 days 00:39:34.123000,0 days 01:36:31.218000
2024-06-23 13:42:48.696,OnTrack,1174,1756,1823,pos,0 days 00:39:34.283000,0 days 01:36:31.378000
2024-06-23 13:42:48.956,OnTrack,1265,1807,1821,pos,0 days 00:39:34.543000,0 days 01:36:31.638000
2024-06-23 13:42:49.116,OnTrack,1313,1842,1821,pos,0 days 00:39:34.703000,0 days 01:36:31.798000
2024-06-23 13:42:49.377,OnTrack,1385,1910,1819,pos,0 days 00:39:34.964000,0 days 01:36:32.059000
2024-06-23 13:42:49.557,OnTrack,1419,1959,1819,pos,0 days 00:39:35.144000,0 days 01:36:32.239000
2024-06-23 13:42:49.757,OnTrack,1455,2050,1818,pos,0 days 00:39:35.344000,0 days 01:36:32.439000
2024-06-23 13:42:50.077,OnTrack,1464,2113,1817,pos,0 days 00:39:35.664000,0 days 01:36:32.759000
2024-06-23 13:42:50.257,OnTrack,1462,2171,1817,pos,0 days 00:39:35.844000,0 days 01:36:32.939000
2024-06-23 13:42:50.597,OnTrack,1437,2275,1817,pos,0 days 00:39:36.184000,0 days 01:36:33.279000
2024-06-23 13:42:50.717,OnTrack,1424,2309,1818,pos,0 days 00:39:36.304000,0 days 01:36:33.399000
2024-06-23 13:42:50.937,OnTrack,1394,2368,1821,pos,0 days 00:39:36.524000,0 days 01:36:33.619000
2024-06-23 13:42:51.197,OnTrack,1352,2430,1822,pos,0 days 00:39:36.784000,0 days 01:36:33.879000
2024-06-23 13:42:51.417,OnTrack,1289,2500,1825,pos,0 days 00:39:37.004000,0 days 01:36:34.099000
2024-06-23 13:42:51.856,OnTrack,1196,2570,1827,pos,0 days 00:39:37.443000,0 days 01:36:34.538000
2024-06-23 13:42:52.256,OnTrack,1085,2619,1830,pos,0 days 00:39:37.843000,0 days 01:36:34.938000
2024-06-23 13:42:52.656,OnTrack,976,2646,1832,pos,0 days 00:39:38.243000,0 days 01:36:35.338000
2024-06-23 13:42:52.976,OnTrack,896,2656,1834,pos,0 days 00:39:38.563000,0 days 01:36:35.658000
2024-06-23 13:42:53.176,OnTrack,826,2660,1835,pos,0 days 00:39:38.763000,0 days 01:36:35.858000
2024-06-23 13:42:53.396,OnTrack,746,2657,1837,pos,0 days 00:39:38.983000,0 days 01:36:36.078000
2024-06-23 13:42:53.636,OnTrack,653,2646,1839,pos,0 days 00:39:39.223000,0 days 01:36:36.318000
2024-06-23 13:42:53.896,OnTrack,508,2610,1843,pos,0 days 00:39:39.483000,0 days 01:36:36.578000
2024-06-23 13:42:54.356,OnTrack,313,2525,1850,pos,0 days 00:39:39.943000,0 days 01:36:37.038000
2024-06-23 13:42:54.596,OnTrack,252,2490,1853,pos,0 days 00:39:40.183000,0 days 01:36:37.278000
2024-06-23 13:42:54.776,OnTrack,175,2440,1858,pos,0 days 00:39:40.363000,0 days 01:36:37.458000
2024-06-23 13:42:55.096,OnTrack,-15,2306,1868,pos,0 days 00:39:40.683000,0 days 01:36:37.778000
2024-06-23 13:42:55.416,OnTrack,-102,2253,1872,pos,0 days 00:39:41.003000,0 days 01:36:38.098000
2024-06-23 13:42:55.596,OnTrack,-184,2212,1875,pos,0 days 00:39:41.183000,0 days 01:36:38.278000
2024-06-23 13:42:55.897,OnTrack,-323,2159,1880,pos,0 days 00:39:41.484000,0 days 01:36:38.579000
2024-06-23 13:42:56.137,OnTrack,-423,2135,1884,pos,0 days 00:39:41.724000,0 days 01:36:38.819000
2024-06-23 13:42:56.357,OnTrack,-504,2125,1888,pos,0 days 00:39:41.944000,0 days 01:36:39.039000
2024-06-23 13:42:56.597,OnTrack,-598,2123,1892,pos,0 days 00:39:42.184000,0 days 01:36:39.279000
2024-06-23 13:42:56.757,OnTrack,-657,2128,1895,pos,0 days 00:39:42.344000,0 days 01:36:39.439000
2024-06-23 13:42:56.977,OnTrack,-734,2143,1899,pos,0 days 00:39:42.564000,0 days 01:36:39.659000
2024-06-23 13:42:57.157,OnTrack,-818,2176,1904,pos,0 days 00:39:42.744000,0 days 01:36:39.839000
2024-06-23 13:42:57.597,OnTrack,-914,2248,1907,pos,0 days 00:39:43.184000,0 days 01:36:40.279000
2024-06-23 13:42:57.677,OnTrack,-932,2268,1908,pos,0 days 00:39:43.264000,0 days 01:36:40.359000
2024-06-23 13:42:57.957,OnTrack,-985,2342,1909,pos,0 days 00:39:43.544000,0 days 01:36:40.639000
2024-06-23 13:42:58.217,OnTrack,-1020,2418,1911,pos,0 days 00:39:43.804000,0 days 01:36:40.899000
2024-06-23 13:42:58.416,OnTrack,-1043,2509,1912,pos,0 days 00:39:44.003000,0 days 01:36:41.098000
2024-06-23 13:42:58.716,OnTrack,-1050,2570,1914,pos,0 days 00:39:44.303000,0 days 01:36:41.398000
2024-06-23 13:42:59.036,OnTrack,-1042,2709,1916,pos,0 days 00:39:44.623000,0 days 01:36:41.718000
2024-06-23 13:42:59.436,OnTrack,-1006,2843,1917,pos,0 days 00:39:45.023000,0 days 01:36:42.118000
2024-06-23 13:42:59.796,OnTrack,-977,2913,1918,pos,0 days 00:39:45.383000,0 days 01:36:42.478000
2024-06-23 13:43:00.076,OnTrack,-928,3001,1921,pos,0 days 00:39:45.663000,0 days 01:36:42.758000
2024-06-23 13:43:00.236,OnTrack,-895,3050,1921,pos,0 days 00:39:45.823000,0 days 01:36:42.918000
2024-06-23 13:43:00.476,OnTrack,-806,3158,1923,pos,0 days 00:39:46.063000,0 days 01:36:43.158000
2024-06-23 13:43:00.836,OnTrack,-670,3284,1922,pos,0 days 00:39:46.423000,0 days 01:36:43.518000
2024-06-23 13:43:01.136,OnTrack,-607,3335,1922,pos,0 days 00:39:46.723000,0 days 01:36:43.818000
2024-06-23 13:43:01.536,OnTrack,-414,3485,1919,pos,0 days 00:39:47.123000,0 days 01:36:44.218000
2024-06-23 13:43:01.936,OnTrack,-292,3586,1916,pos,0 days 00:39:47.523000,0 days 01:36:44.618000
2024-06-23 13:43:02.116,OnTrack,-182,3680,1914,pos,0 days 00:39:47.703000,0 days 01:36:44.798000
2024-06-23 13:43:02.557,OnTrack,44,3869,1905,pos,0 days 00:39:48.144000,0 days 01:36:45.239000
2024-06-23 13:43:02.857,OnTrack,132,3936,1902,pos,0 days 00:39:48.444000,0 days 01:36:45.539000
2024-06-23 13:43:03.017,OnTrack,203,3985,1898,pos,0 days 00:39:48.604000,0 days 01:36:45.699000
2024-06-23 13:43:03.217,OnTrack,311,4047,1893,pos,0 days 00:39:48.804000,0 days 01:36:45.899000
2024-06-23 13:43:03.537,OnTrack,501,4117,1884,pos,0 days 00:39:49.124000,0 days 01:36:46.219000
2024-06-23 13:43:03.797,OnTrack,659,4139,1877,pos,0 days 00:39:49.384000,0 days 01:36:46.479000
2024-06-23 13:43:03.917,OnTrack,737,4139,1873,pos,0 days 00:39:49.504000,0 days 01:36:46.599000
2024-06-23 13:43:04.117,OnTrack,870,4125,1865,pos,0 days 00:39:49.704000,0 days 01:36:46.799000
2024-06-23 13:43:04.297,OnTrack,987,4100,1858,pos,0 days 00:39:49.884000,0 days 01:36:46.979000
2024-06-23 13:43:04.477,OnTrack,1102,4064,1851,pos,0 days 00:39:50.064000,0 days 01:36:47.159000
2024-06-23 13:43:04.657,OnTrack,1216,4017,1845,pos,0 days 00:39:50.244000,0 days 01:36:47.339000
2024-06-23 13:43:05.016,OnTrack,1435,3905,1831,pos,0 days 00:39:50.603000,0 days 01:36:47.698000
2024-06-23 13:43:05.256,OnTrack,1637,3782,1820,pos,0 days 00:39:50.843000,0 days 01:36:47.938000
2024-06-23 13:43:05.676,OnTrack,1828,3659,1809,pos,0 days 00:39:51.263000,0 days 01:36:48.358000
2024-06-23 13:43:05.836,OnTrack,1925,3597,1802,pos,0 days 00:39:51.423000,0 days 01:36:48.518000
2024-06-23 13:43:05.956,OnTrack,1998,3551,1799,pos,0 days 00:39:51.543000,0 days 01:36:48.638000
2024-06-23 13:43:06.216,OnTrack,2158,3449,1789,pos,0 days 00:39:51.803000,0 days 01:36:48.898000
2024-06-23 13:43:06.436,OnTrack,2291,3360,1783,pos,0 days 00:39:52.023000,0 days 01:36:49.118000
2024-06-23 13:43:06.676,OnTrack,2430,3259,1775,pos,0 days 00:39:52.263000,0 days 01:36:49.358000
2024-06-23 13:43:06.896,OnTrack,2533,3171,1770,pos,0 days 00:39:52.483000,0 days 01:36:49.578000
2024-06-23 13:43:07.096,OnTrack,2652,3050,1763,pos,0 days 00:39:52.683000,0 days 01:36:49.778000
2024-06-23 13:43:07.396,OnTrack,2743,2929,1758,pos,0 days 00:39:52.983000,0 days 01:36:50.078000
2024-06-23 13:43:07.576,OnTrack,2796,2827,1755,pos,0 days 00:39:53.163000,0 days 01:36:50.258000
2024-06-23 13:43:07.816,OnTrack,2847,2682,1750,pos,0 days 00:39:53.403000,0 days 01:36:50.498000
2024-06-23 13:43:08.076,OnTrack,2878,2517,1745,pos,0 days 00:39:53.663000,0 days 01:36:50.758000
2024-06-23 13:43:08.276,OnTrack,2885,2391,1744,pos,0 days 00:39:53.863000,0 days 01:36:50.958000
2024-06-23 13:43:08.556,OnTrack,2864,2209,1739,pos,0 days 00:39:54.143000,0 days 01:36:51.238000
2024-06-23 13:43:08.736,OnTrack,2835,2094,1737,pos,0 days 00:39:54.323000,0 days 01:36:51.418000
2024-06-23 13:43:08.977,OnTrack,2764,1921,1734,pos,0 days 00:39:54.564000,0 days 01:36:51.659000
2024-06-23 13:43:09.237,OnTrack,2693,1788,1733,pos,0 days 00:39:54.824000,0 days 01:36:51.919000
2024-06-23 13:43:09.497,OnTrack,2593,1624,1730,pos,0 days 00:39:55.084000,0 days 01:36:52.179000
2024-06-23 13:43:09.737,OnTrack,2510,1496,1728,pos,0 days 00:39:55.324000,0 days 01:36:52.419000
2024-06-23 13:43:09.997,OnTrack,2364,1273,1724,pos,0 days 00:39:55.584000,0 days 01:36:52.679000
2024-06-23 13:43:10.237,OnTrack,2317,1201,1723,pos,0 days 00:39:55.824000,0 days 01:36:52.919000
2024-06-23 13:43:10.557,OnTrack,2160,958,1718,pos,0 days 00:39:56.144000,0 days 01:36:53.239000
2024-06-23 13:43:10.877,OnTrack,2063,810,1716,pos,0 days 00:39:56.464000,0 days 01:36:53.559000
2024-06-23 13:43:11.217,OnTrack,1868,510,1711,pos,0 days 00:39:56.804000,0 days 01:36:53.899000
2024-06-23 13:43:11.556,OnTrack,1735,307,1709,pos,0 days 00:39:57.143000,0 days 01:36:54.238000
2024-06-23 13:43:11.976,OnTrack,1563,39,1708,pos,0 days 00:39:57.563000,0 days 01:36:54.658000
2024-06-23 13:43:12.456,OnTrack,1386,-236,1707,pos,0 days 00:39:58.043000,0 days 01:36:55.138000
2024-06-23 13:43:12.716,OnTrack,1309,-355,1707,pos,0 days 00:39:58.303000,0 days 01:36:55.398000
2024-06-23 13:43:13.016,OnTrack,1181,-557,1708,pos,0 days 00:39:58.603000,0 days 01:36:55.698000
2024-06-23 13:43:13.176,OnTrack,1053,-759,1708,pos,0 days 00:39:58.763000,0 days 01:36:55.858000
2024-06-23 13:43:13.616,OnTrack,923,-963,1708,pos,0 days 00:39:59.203000,0 days 01:36:56.298000
2024-06-23 13:43:13.796,OnTrack,845,-1087,1708,pos,0 days 00:39:59.383000,0 days 01:36:56.478000
2024-06-23 13:43:14.096,OnTrack,662,-1375,1707,pos,0 days 00:39:59.683000,0 days 01:36:56.778000
2024-06-23 13:43:14.496,OnTrack,503,-1624,1708,pos,0 days 00:40:00.083000,0 days 01:36:57.178000
2024-06-23 13:43:14.816,OnTrack,397,-1791,1708,pos,0 days 00:40:00.403000,0 days 01:36:57.498000
2024-06-23 13:43:15.016,OnTrack,309,-1930,1708,pos,0 days 00:40:00.603000,0 days 01:36:57.698000
2024-06-23 13:43:15.196,OnTrack,229,-2056,1708,pos,0 days 00:40:00.783000,0 days 01:36:57.878000
2024-06-23 13:43:15.517,OnTrack,34,-2363,1707,pos,0 days 00:40:01.104000,0 days 01:36:58.199000
2024-06-23 13:43:15.977,OnTrack,-161,-2667,1706,pos,0 days 00:40:01.564000,0 days 01:36:58.659000
2024-06-23 13:43:16.297,OnTrack,-262,-2820,1704,pos,0 days 00:40:01.884000,0 days 01:36:58.979000
2024-06-23 13:43:16.477,OnTrack,-410,-3042,1702,pos,0 days 00:40:02.064000,0 days 01:36:59.159000
2024-06-23 13:43:16.877,OnTrack,-530,-3224,1699,pos,0 days 00:40:02.464000,0 days 01:36:59.559000
2024-06-23 13:43:17.177,OnTrack,-717,-3503,1695,pos,0 days 00:40:02.764000,0 days 01:36:59.859000
2024-06-23 13:43:17.577,OnTrack,-923,-3810,1688,pos,0 days 00:40:03.164000,0 days 01:37:00.259000
2024-06-23 13:43:17.857,OnTrack,-989,-3908,1686,pos,0 days 00:40:03.444000,0 days 01:37:00.539000
2024-06-23 13:43:18.116,OnTrack,-1111,-4091,1681,pos,0 days 00:40:03.703000,0 days 01:37:00.798000
2024-06-23 13:43:18.276,OnTrack,-1187,-4203,1678,pos,0 days 00:40:03.863000,0 days 01:37:00.958000
2024-06-23 13:43:18.456,OnTrack,-1272,-4330,1674,pos,0 days 00:40:04.043000,0 days 01:37:01.138000
2024-06-23 13:43:18.756,OnTrack,-1414,-4541,1668,pos,0 days 00:40:04.343000,0 days 01:37:01.438000
2024-06-23 13:43:19.036,OnTrack,-1616,-4843,1660,pos,0 days 00:40:04.623000,0 days 01:37:01.718000
2024-06-23 13:43:19.376,OnTrack,-1706,-4983,1656,pos,0 days 00:40:04.963000,0 days 01:37:02.058000
2024-06-23 13:43:19.636,OnTrack,-1817,-5162,1652,pos,0 days 00:40:05.223000,0 days 01:37:02.318000
2024-06-23 13:43:19.816,OnTrack,-1894,-5294,1649,pos,0 days 00:40:05.403000,0 days 01:37:02.498000
2024-06-23 13:43:19.956,OnTrack,-1954,-5397,1647,pos,0 days 00:40:05.543000,0 days 01:37:02.638000
2024-06-23 13:43:20.196,OnTrack,-2055,-5574,1645,pos,0 days 00:40:05.783000,0 days 01:37:02.878000
2024-06-23 13:43:20.416,OnTrack,-2146,-5736,1642,pos,0 days 00:40:06.003000,0 days 01:37:03.098000
2024-06-23 13:43:20.636,OnTrack,-2235,-5898,1640,pos,0 days 00:40:06.223000,0 days 01:37:03.318000
2024-06-23 13:43:20.896,OnTrack,-2341,-6088,1638,pos,0 days 00:40:06.483000,0 days 01:37:03.578000
2024-06-23 13:43:21.036,OnTrack,-2438,-6256,1636,pos,0 days 00:40:06.623000,0 days 01:37:03.718000
2024-06-23 13:43:21.436,OnTrack,-2581,-6479,1633,pos,0 days 00:40:07.023000,0 days 01:37:04.118000
2024-06-23 13:43:21.916,OnTrack,-2707,-6646,1631,pos,0 days 00:40:07.503000,0 days 01:37:04.598000
2024-06-23 13:43:21.996,OnTrack,-2733,-6678,1630,pos,0 days 00:40:07.583000,0 days 01:37:04.678000
2024-06-23 13:43:22.277,OnTrack,-2833,-6785,1628,pos,0 days 00:40:07.864000,0 days 01:37:04.959000
2024-06-23 13:43:22.517,OnTrack,-2955,-6889,1624,pos,0 days 00:40:08.104000,0 days 01:37:05.199000
2024-06-23 13:43:22.817,OnTrack,-3011,-6925,1623,pos,0 days 00:40:08.404000,0 days 01:37:05.499000
2024-06-23 13:43:23.017,OnTrack,-3082,-6960,1624,pos,0 days 00:40:08.604000,0 days 01:37:05.699000
2024-06-23 13:43:23.257,OnTrack,-3170,-6987,1623,pos,0 days 00:40:08.844000,0 days 01:37:05.939000
2024-06-23 13:43:23.457,OnTrack,-3244,-6995,1625,pos,0 days 00:40:09.044000,0 days 01:37:06.139000
2024-06-23 13:43:23.697,OnTrack,-3334,-6989,1626,pos,0 days 00:40:09.284000,0 days 01:37:06.379000
2024-06-23 13:43:23.857,OnTrack,-3392,-6976,1627,pos,0 days 00:40:09.444000,0 days 01:37:06.539000
2024-06-23 13:43:24.157,OnTrack,-3501,-6938,1629,pos,0 days 00:40:09.744000,0 days 01:37:06.839000
2024-06-23 13:43:24.317,OnTrack,-3558,-6913,1631,pos,0 days 00:40:09.904000,0 days 01:37:06.999000
2024-06-23 13:43:24.617,OnTrack,-3666,-6862,1632,pos,0 days 00:40:10.204000,0 days 01:37:07.299000
2024-06-23 13:43:24.796,OnTrack,-3735,-6832,1633,pos,0 days 00:40:10.383000,0 days 01:37:07.478000
2024-06-23 13:43:24.936,OnTrack,-3790,-6809,1634,pos,0 days 00:40:10.523000,0 days 01:37:07.618000
2024-06-23 13:43:25.116,OnTrack,-3863,-6785,1636,pos,0 days 00:40:10.703000,0 days 01:37:07.798000
2024-06-23 13:43:25.296,OnTrack,-3937,-6771,1638,pos,0 days 00:40:10.883000,0 days 01:37:07.978000
2024-06-23 13:43:25.596,OnTrack,-4066,-6772,1643,pos,0 days 00:40:11.183000,0 days 01:37:08.278000
2024-06-23 13:43:25.796,OnTrack,-4154,-6791,1647,pos,0 days 00:40:11.383000,0 days 01:37:08.478000
2024-06-23 13:43:26.076,OnTrack,-4310,-6852,1655,pos,0 days 00:40:11.663000,0 days 01:37:08.758000
2024-06-23 13:43:26.436,OnTrack,-4421,-6913,1662,pos,0 days 00:40:12.023000,0 days 01:37:09.118000
2024-06-23 13:43:26.636,OnTrack,-4552,-6999,1669,pos,0 days 00:40:12.223000,0 days 01:37:09.318000
2024-06-23 13:43:27.096,OnTrack,-4695,-7101,1677,pos,0 days 00:40:12.683000,0 days 01:37:09.778000
2024-06-23 13:43:27.316,OnTrack,-4794,-7168,1683,pos,0 days 00:40:12.903000,0 days 01:37:09.998000
2024-06-23 13:43:27.476,OnTrack,-4937,-7257,1690,pos,0 days 00:40:13.063000,0 days 01:37:10.158000
2024-06-23 13:43:27.896,OnTrack,-5080,-7334,1696,pos,0 days 00:40:13.483000,0 days 01:37:10.578000
2024-06-23 13:43:28.156,OnTrack,-5304,-7418,1706,pos,0 days 00:40:13.743000,0 days 01:37:10.838000
2024-06-23 13:43:28.496,OnTrack,-5420,-7442,1712,pos,0 days 00:40:14.083000,0 days 01:37:11.178000
2024-06-23 13:43:28.677,OnTrack,-5538,-7454,1717,pos,0 days 00:40:14.264000,0 days 01:37:11.359000
2024-06-23 13:43:28.917,OnTrack,-5681,-7451,1723,pos,0 days 00:40:14.504000,0 days 01:37:11.599000
2024-06-23 13:43:29.017,OnTrack,-5739,-7445,1726,pos,0 days 00:40:14.604000,0 days 01:37:11.699000
2024-06-23 13:43:29.377,OnTrack,-6016,-7375,1737,pos,0 days 00:40:14.964000,0 days 01:37:12.059000
2024-06-23 13:43:29.677,OnTrack,-6103,-7338,1740,pos,0 days 00:40:15.264000,0 days 01:37:12.359000
2024-06-23 13:43:29.857,OnTrack,-6198,-7287,1744,pos,0 days 00:40:15.444000,0 days 01:37:12.539000
2024-06-23 13:43:30.077,OnTrack,-6306,-7212,1748,pos,0 days 00:40:15.664000,0 days 01:37:12.759000
2024-06-23 13:43:30.317,OnTrack,-6412,-7113,1753,pos,0 days 00:40:15.904000,0 days 01:37:12.999000
2024-06-23 13:43:30.557,OnTrack,-6505,-6998,1756,pos,0 days 00:40:16.144000,0 days 01:37:13.239000
2024-06-23 13:43:30.797,OnTrack,-6582,-6870,1759,pos,0 days 00:40:16.384000,0 days 01:37:13.479000
2024-06-23 13:43:30.957,OnTrack,-6625,-6779,1761,pos,0 days 00:40:16.544000,0 days 01:37:13.639000
2024-06-23 13:43:31.237,OnTrack,-6695,-6560,1765,pos,0 days 00:40:16.824000,0 days 01:37:13.919000
2024-06-23 13:43:31.516,OnTrack,-6718,-6431,1767,pos,0 days 00:40:17.103000,0 days 01:37:14.198000
2024-06-23 13:43:31.776,OnTrack,-6732,-6258,1769,pos,0 days 00:40:17.363000,0 days 01:37:14.458000
2024-06-23 13:43:32.076,OnTrack,-6724,-5986,1774,pos,0 days 00:40:17.663000,0 days 01:37:14.758000
2024-06-23 13:43:32.476,OnTrack,-6692,-5738,1777,pos,0 days 00:40:18.063000,0 days 01:37:15.158000
2024-06-23 13:43:32.876,OnTrack,-6645,-5502,1780,pos,0 days 00:40:18.463000,0 days 01:37:15.558000
2024-06-23 13:43:33.116,OnTrack,-6593,-5308,1784,pos,0 days 00:40:18.703000,0 days 01:37:15.798000
2024-06-23 13:43:33.396,OnTrack,-6535,-5145,1787,pos,0 days 00:40:18.983000,0 days 01:37:16.078000
2024-06-23 13:43:33.596,OnTrack,-6473,-5011,1789,pos,0 days 00:40:19.183000,0 days 01:37:16.278000
2024-06-23 13:43:33.936,OnTrack,-6344,-4792,1793,pos,0 days 00:40:19.523000,0 days 01:37:16.618000
2024-06-23 13:43:33.976,OnTrack,-6328,-4767,1793,pos,0 days 00:40:19.563000,0 days 01:37:16.658000
2024-06-23 13:43:34.356,OnTrack,-6163,-4530,1797,pos,0 days 00:40:19.943000,0 days 01:37:17.038000
2024-06-23 13:43:34.556,OnTrack,-6047,-4368,1799,pos,0 days 00:40:20.143000,0 days 01:37:17.238000
2024-06-23 13:43:34.796,OnTrack,-5970,-4256,1801,pos,0 days 00:40:20.383000,0 days 01:37:17.478000
2024-06-23 13:43:35.016,OnTrack,-5883,-4107,1803,pos,0 days 00:40:20.603000,0 days 01:37:17.698000
2024-06-23 13:43:35.237,OnTrack,-5787,-3944,1806,pos,0 days 00:40:20.824000,0 days 01:37:17.919000
2024-06-23 13:43:35.417,OnTrack,-5714,-3824,1808,pos,0 days 00:40:21.004000,0 days 01:37:18.099000
2024-06-23 13:43:35.717,OnTrack,-5589,-3627,1811,pos,0 days 00:40:21.304000,0 days 01:37:18.399000
2024-06-23 13:43:35.917,OnTrack,-5513,-3515,1813,pos,0 days 00:40:21.504000,0 days 01:37:18.599000
2024-06-23 13:43:36.177,OnTrack,-5374,-3313,1816,pos,0 days 00:40:21.764000,0 days 01:37:18.859000
2024-06-23 13:43:36.477,OnTrack,-5311,-3227,1817,pos,0 days 00:40:22.064000,0 days 01:37:19.159000
2024-06-23 13:43:36.657,OnTrack,-5251,-3149,1818,pos,0 days 00:40:22.244000,0 days 01:37:19.339000
2024-06-23 13:43:36.977,OnTrack,-5144,-3032,1819,pos,0 days 00:40:22.564000,0 days 01:37:19.659000
2024-06-23 13:43:37.237,OnTrack,-5054,-2957,1820,pos,0 days 00:40:22.824000,0 days 01:37:19.919000
2024-06-23 13:43:37.397,OnTrack,-4996,-2919,1821,pos,0 days 00:40:22.984000,0 days 01:37:20.079000
2024-06-23 13:43:37.617,OnTrack,-4876,-2865,1823,pos,0 days 00:40:23.204000,0 days 01:37:20.299000
2024-06-23 13:43:38.016,OnTrack,-4760,-2841,1824,pos,0 days 00:40:23.603000,0 days 01:37:20.698000
2024-06-23 13:43:38.156,OnTrack,-4706,-2839,1825,pos,0 days 00:40:23.743000,0 days 01:37:20.838000
2024-06-23 13:43:38.456,OnTrack,-4593,-2851,1827,pos,0 days 00:40:24.043000,0 days 01:37:21.138000
2024-06-23 13:43:38.696,OnTrack,-4510,-2876,1828,pos,0 days 00:40:24.283000,0 days 01:37:21.378000
2024-06-23 13:43:38.856,OnTrack,-4457,-2898,1830,pos,0 days 00:40:24.443000,0 days 01:37:21.538000
2024-06-23 13:43:39.096,OnTrack,-4384,-2940,1831,pos,0 days 00:40:24.683000,0 days 01:37:21.778000
2024-06-23 13:43:39.336,OnTrack,-4318,-2991,1833,pos,0 days 00:40:24.923000,0 days 01:37:22.018000
2024-06-23 13:43:39.536,OnTrack,-4243,-3070,1835,pos,0 days 00:40:25.123000,0 days 01:37:22.218000
2024-06-23 13:43:39.836,OnTrack,-4198,-3129,1835,pos,0 days 00:40:25.423000,0 days 01:37:22.518000
2024-06-23 13:43:40.036,OnTrack,-4156,-3193,1836,pos,0 days 00:40:25.623000,0 days 01:37:22.718000
2024-06-23 13:43:40.216,OnTrack,-4123,-3254,1836,pos,0 days 00:40:25.803000,0 days 01:37:22.898000
2024-06-23 13:43:40.436,OnTrack,-4089,-3334,1838,pos,0 days 00:40:26.023000,0 days 01:37:23.118000
2024-06-23 13:43:40.816,OnTrack,-4043,-3497,1838,pos,0 days 00:40:26.403000,0 days 01:37:23.498000
2024-06-23 13:43:41.176,OnTrack,-4027,-3650,1839,pos,0 days 00:40:26.763000,0 days 01:37:23.858000
2024-06-23 13:43:41.376,OnTrack,-4037,-3816,1839,pos,0 days 00:40:26.963000,0 days 01:37:24.058000
2024-06-23 13:43:41.776,OnTrack,-4092,-4028,1837,pos,0 days 00:40:27.363000,0 days 01:37:24.458000
2024-06-23 13:43:42.217,OnTrack,-4159,-4180,1835,pos,0 days 00:40:27.804000,0 days 01:37:24.899000
2024-06-23 13:43:42.437,OnTrack,-4230,-4298,1833,pos,0 days 00:40:28.024000,0 days 01:37:25.119000
2024-06-23 13:43:42.777,OnTrack,-4331,-4445,1830,pos,0 days 00:40:28.364000,0 days 01:37:25.459000
2024-06-23 13:43:43.037,OnTrack,-4424,-4573,1827,pos,0 days 00:40:28.624000,0 days 01:37:25.719000
2024-06-23 13:43:43.137,OnTrack,-4460,-4623,1825,pos,0 days 00:40:28.724000,0 days 01:37:25.819000
2024-06-23 13:43:43.357,OnTrack,-4542,-4735,1823,pos,0 days 00:40:28.944000,0 days 01:37:26.039000
2024-06-23 13:43:43.537,OnTrack,-4610,-4828,1821,pos,0 days 00:40:29.124000,0 days 01:37:26.219000
2024-06-23 13:43:43.817,OnTrack,-4718,-4976,1817,pos,0 days 00:40:29.404000,0 days 01:37:26.499000
2024-06-23 13:43:44.057,OnTrack,-4811,-5104,1815,pos,0 days 00:40:29.644000,0 days 01:37:26.739000
2024-06-23 13:43:44.237,OnTrack,-4881,-5200,1812,pos,0 days 00:40:29.824000,0 days 01:37:26.919000
2024-06-23 13:43:44.476,OnTrack,-4993,-5359,1807,pos,0 days 00:40:30.063000,0 days 01:37:27.158000
2024-06-23 13:43:44.896,OnTrack,-5086,-5506,1802,pos,0 days 00:40:30.483000,0 days 01:37:27.578000
2024-06-23 13:43:45.116,OnTrack,-5121,-5569,1800,pos,0 days 00:40:30.703000,0 days 01:37:27.798000
2024-06-23 13:43:45.176,OnTrack,-5133,-5591,1799,pos,0 days 00:40:30.763000,0 days 01:37:27.858000
2024-06-23 13:43:45.456,OnTrack,-5178,-5692,1795,pos,0 days 00:40:31.043000,0 days 01:37:28.138000
2024-06-23 13:43:45.656,OnTrack,-5202,-5760,1792,pos,0 days 00:40:31.243000,0 days 01:37:28.338000
2024-06-23 13:43:45.976,OnTrack,-5227,-5911,1786,pos,0 days 00:40:31.563000,0 days 01:37:28.658000
2024-06-23 13:43:46.376,OnTrack,-5209,-6031,1779,pos,0 days 00:40:31.963000,0 days 01:37:29.058000
2024-06-23 13:43:46.776,OnTrack,-5161,-6122,1772,pos,0 days 00:40:32.363000,0 days 01:37:29.458000
2024-06-23 13:43:47.136,OnTrack,-5112,-6173,1769,pos,0 days 00:40:32.723000,0 days 01:37:29.818000
2024-06-23 13:43:47.376,OnTrack,-5059,-6208,1767,pos,0 days 00:40:32.963000,0 days 01:37:30.058000
2024-06-23 13:43:47.556,OnTrack,-5015,-6228,1764,pos,0 days 00:40:33.143000,0 days 01:37:30.238000
2024-06-23 13:43:47.836,OnTrack,-4944,-6246,1760,pos,0 days 00:40:33.423000,0 days 01:37:30.518000
2024-06-23 13:43:47.996,OnTrack,-4868,-6251,1756,pos,0 days 00:40:33.583000,0 days 01:37:30.678000
2024-06-23 13:43:48.477,OnTrack,-4762,-6240,1749,pos,0 days 00:40:34.064000,0 days 01:37:31.159000
2024-06-23 13:43:48.657,OnTrack,-4676,-6219,1744,pos,0 days 00:40:34.244000,0 days 01:37:31.339000
2024-06-23 13:43:48.897,OnTrack,-4642,-6207,1741,pos,0 days 00:40:34.484000,0 days 01:37:31.579000
2024-06-23 13:43:49.277,OnTrack,-4535,-6163,1734,pos,0 days 00:40:34.864000,0 days 01:37:31.959000
2024-06-23 13:43:49.437,OnTrack,-4437,-6114,1728,pos,0 days 00:40:35.024000,0 days 01:37:32.119000
2024-06-23 13:43:50.477,OnTrack,-4026,-5894,1700,pos,0 days 00:40:36.064000,0 days 01:37:33.159000
2024-06-23 13:43:50.817,OnTrack,-3933,-5849,1694,pos,0 days 00:40:36.404000,0 days 01:37:33.499000
2024-06-23 13:43:51.017,OnTrack,-3834,-5804,1689,pos,0 days 00:40:36.604000,0 days 01:37:33.699000
2024-06-23 13:43:51.276,OnTrack,-3656,-5729,1680,pos,0 days 00:40:36.863000,0 days 01:37:33.958000
2024-06-23 13:43:51.676,OnTrack,-3448,-5640,1671,pos,0 days 00:40:37.263000,0 days 01:37:34.358000
2024-06-23 13:43:52.076,OnTrack,-3260,-5545,1663,pos,0 days 00:40:37.663000,0 days 01:37:34.758000
2024-06-23 13:43:52.296,OnTrack,-3064,-5420,1657,pos,0 days 00:40:37.883000,0 days 01:37:34.978000
2024-06-23 13:43:52.596,OnTrack,-2979,-5357,1655,pos,0 days 00:40:38.183000,0 days 01:37:35.278000
2024-06-23 13:43:52.816,OnTrack,-2867,-5261,1653,pos,0 days 00:40:38.403000,0 days 01:37:35.498000
2024-06-23 13:43:52.996,OnTrack,-2779,-5177,1651,pos,0 days 00:40:38.583000,0 days 01:37:35.678000
2024-06-23 13:43:53.176,OnTrack,-2695,-5086,1650,pos,0 days 00:40:38.763000,0 days 01:37:35.858000
2024-06-23 13:43:53.496,OnTrack,-2556,-4913,1651,pos,0 days 00:40:39.083000,0 days 01:37:36.178000
2024-06-23 13:43:53.776,OnTrack,-2442,-4753,1651,pos,0 days 00:40:39.363000,0 days 01:37:36.458000
2024-06-23 13:43:53.976,OnTrack,-2320,-4576,1653,pos,0 days 00:40:39.563000,0 days 01:37:36.658000
2024-06-23 13:43:54.216,OnTrack,-2287,-4529,1653,pos,0 days 00:40:39.803000,0 days 01:37:36.898000
2024-06-23 13:43:54.476,OnTrack,-2210,-4413,1656,pos,0 days 00:40:40.063000,0 days 01:37:37.158000
2024-06-23 13:43:54.696,OnTrack,-2158,-4325,1659,pos,0 days 00:40:40.283000,0 days 01:37:37.378000
2024-06-23 13:43:54.876,OnTrack,-2121,-4246,1661,pos,0 days 00:40:40.463000,0 days 01:37:37.558000
2024-06-23 13:43:55.037,OnTrack,-2101,-4172,1662,pos,0 days 00:40:40.624000,0 days 01:37:37.719000
2024-06-23 13:43:55.277,OnTrack,-2087,-4073,1662,pos,0 days 00:40:40.864000,0 days 01:37:37.959000
2024-06-23 13:43:55.557,OnTrack,-2083,-3965,1666,pos,0 days 00:40:41.144000,0 days 01:37:38.239000
2024-06-23 13:43:55.757,OnTrack,-2088,-3886,1669,pos,0 days 00:40:41.344000,0 days 01:37:38.439000
2024-06-23 13:43:55.917,OnTrack,-2097,-3826,1673,pos,0 days 00:40:41.504000,0 days 01:37:38.599000
2024-06-23 13:43:56.237,OnTrack,-2136,-3717,1679,pos,0 days 00:40:41.824000,0 days 01:37:38.919000
2024-06-23 13:43:56.377,OnTrack,-2189,-3638,1683,pos,0 days 00:40:41.964000,0 days 01:37:39.059000
2024-06-23 13:43:56.837,OnTrack,-2306,-3531,1689,pos,0 days 00:40:42.424000,0 days 01:37:39.519000
2024-06-23 13:43:57.177,OnTrack,-2388,-3471,1693,pos,0 days 00:40:42.764000,0 days 01:37:39.859000
2024-06-23 13:43:57.417,OnTrack,-2467,-3414,1698,pos,0 days 00:40:43.004000,0 days 01:37:40.099000
2024-06-23 13:43:57.656,OnTrack,-2578,-3319,1708,pos,0 days 00:40:43.243000,0 days 01:37:40.338000
2024-06-23 13:43:58.056,OnTrack,-2697,-3178,1721,pos,0 days 00:40:43.643000,0 days 01:37:40.738000
2024-06-23 13:43:58.396,OnTrack,-2760,-3076,1729,pos,0 days 00:40:43.983000,0 days 01:37:41.078000
2024-06-23 13:43:58.636,OnTrack,-2816,-2963,1736,pos,0 days 00:40:44.223000,0 days 01:37:41.318000
2024-06-23 13:43:58.836,OnTrack,-2861,-2864,1744,pos,0 days 00:40:44.423000,0 days 01:37:41.518000
2024-06-23 13:43:58.996,OnTrack,-2930,-2712,1753,pos,0 days 00:40:44.583000,0 days 01:37:41.678000
2024-06-23 13:43:59.396,OnTrack,-2996,-2575,1762,pos,0 days 00:40:44.983000,0 days 01:37:42.078000
2024-06-23 13:43:59.616,OnTrack,-3052,-2455,1770,pos,0 days 00:40:45.203000,0 days 01:37:42.298000
2024-06-23 13:43:59.896,OnTrack,-3127,-2299,1781,pos,0 days 00:40:45.483000,0 days 01:37:42.578000
2024-06-23 13:44:00.096,OnTrack,-3192,-2161,1791,pos,0 days 00:40:45.683000,0 days 01:37:42.778000
2024-06-23 13:44:00.536,OnTrack,-3327,-1879,1808,pos,0 days 00:40:46.123000,0 days 01:37:43.218000
2024-06-23 13:44:00.916,OnTrack,-3409,-1698,1821,pos,0 days 00:40:46.503000,0 days 01:37:43.598000
2024-06-23 13:44:01.076,OnTrack,-3463,-1549,1830,pos,0 days 00:40:46.663000,0 days 01:37:43.758000
2024-06-23 13:44:01.456,OnTrack,-3502,-1361,1840,pos,0 days 00:40:47.043000,0 days 01:37:44.138000
2024-06-23 13:44:01.617,OnTrack,-3508,-1247,1844,pos,0 days 00:40:47.204000,0 days 01:37:44.299000
2024-06-23 13:44:01.797,OnTrack,-3503,-1134,1848,pos,0 days 00:40:47.384000,0 days 01:37:44.479000
2024-06-23 13:44:02.097,OnTrack,-3477,-951,1855,pos,0 days 00:40:47.684000,0 days 01:37:44.779000
2024-06-23 13:44:02.277,OnTrack,-3454,-857,1859,pos,0 days 00:40:47.864000,0 days 01:37:44.959000
2024-06-23 13:44:02.457,OnTrack,-3421,-755,1862,pos,0 days 00:40:48.044000,0 days 01:37:45.139000
2024-06-23 13:44:02.737,OnTrack,-3355,-602,1868,pos,0 days 00:40:48.324000,0 days 01:37:45.419000
2024-06-23 13:44:02.977,OnTrack,-3204,-390,1873,pos,0 days 00:40:48.564000,0 days 01:37:45.659000
2024-06-23 13:44:03.357,OnTrack,-3088,-298,1874,pos,0 days 00:40:48.944000,0 days 01:37:46.039000
2024-06-23 13:44:03.517,OnTrack,-2927,-214,1874,pos,0 days 00:40:49.104000,0 days 01:37:46.199000
2024-06-23 13:44:03.817,OnTrack,-2817,-168,1874,pos,0 days 00:40:49.404000,0 days 01:37:46.499000
2024-06-23 13:44:04.216,OnTrack,-2559,-64,1870,pos,0 days 00:40:49.803000,0 days 01:37:46.898000
2024-06-23 13:44:04.616,OnTrack,-2311,50,1867,pos,0 days 00:40:50.203000,0 days 01:37:47.298000
2024-06-23 13:44:05.836,OnTrack,-1536,417,1857,pos,0 days 00:40:51.423000,0 days 01:37:48.518000
2024-06-23 13:44:06.116,OnTrack,-1349,506,1855,pos,0 days 00:40:51.703000,0 days 01:37:48.798000
2024-06-23 13:44:06.376,OnTrack,-1173,591,1853,pos,0 days 00:40:51.963000,0 days 01:37:49.058000
2024-06-23 13:44:06.536,OnTrack,-1063,647,1851,pos,0 days 00:40:52.123000,0 days 01:37:49.218000
2024-06-23 13:44:06.796,OnTrack,-847,760,1849,pos,0 days 00:40:52.383000,0 days 01:37:49.478000
2024-06-23 13:44:07.136,OnTrack,-561,913,1845,pos,0 days 00:40:52.723000,0 days 01:37:49.818000
2024-06-23 13:44:07.476,OnTrack,-424,987,1843,pos,0 days 00:40:53.063000,0 days 01:37:50.158000
2024-06-23 13:44:07.776,OnTrack,-216,1098,1840,pos,0 days 00:40:53.363000,0 days 01:37:50.458000
2024-06-23 13:44:07.956,OnTrack,-90,1165,1838,pos,0 days 00:40:53.543000,0 days 01:37:50.638000
2024-06-23 13:44:08.157,OnTrack,62,1246,1836,pos,0 days 00:40:53.744000,0 days 01:37:50.839000
2024-06-23 13:44:08.437,OnTrack,259,1350,1833,pos,0 days 00:40:54.024000,0 days 01:37:51.119000
2024-06-23 13:44:08.617,OnTrack,358,1401,1832,pos,0 days 00:40:54.204000,0 days 01:37:51.299000
2024-06-23 13:44:08.777,OnTrack,513,1476,1830,pos,0 days 00:40:54.364000,0 days 01:37:51.459000
2024-06-23 13:44:09.197,OnTrack,811,1602,1826,pos,0 days 00:40:54.784000,0 days 01:37:51.879000
2024-06-23 13:44:09.617,OnTrack,967,1665,1824,pos,0 days 00:40:55.204000,0 days 01:37:52.299000
2024-06-23 13:44:09.917,OnTrack,1101,1722,1823,pos,0 days 00:40:55.504000,0 days 01:37:52.599000
2024-06-23 13:44:10.077,OnTrack,1214,1777,1822,pos,0 days 00:40:55.664000,0 days 01:37:52.759000
2024-06-23 13:44:10.497,OnTrack,1302,1833,1821,pos,0 days 00:40:56.084000,0 days 01:37:53.179000
2024-06-23 13:44:10.697,OnTrack,1355,1879,1820,pos,0 days 00:40:56.284000,0 days 01:37:53.379000
2024-06-23 13:44:10.956,OnTrack,1428,1977,1818,pos,0 days 00:40:56.543000,0 days 01:37:53.638000
2024-06-23 13:44:11.356,OnTrack,1457,2060,1818,pos,0 days 00:40:56.943000,0 days 01:37:54.038000
2024-06-23 13:44:11.576,OnTrack,1464,2128,1817,pos,0 days 00:40:57.163000,0 days 01:37:54.258000
2024-06-23 13:44:11.776,OnTrack,1454,2214,1817,pos,0 days 00:40:57.363000,0 days 01:37:54.458000
2024-06-23 13:44:12.156,OnTrack,1427,2301,1818,pos,0 days 00:40:57.743000,0 days 01:37:54.838000
2024-06-23 13:44:12.356,OnTrack,1402,2354,1820,pos,0 days 00:40:57.943000,0 days 01:37:55.038000
2024-06-23 13:44:12.616,OnTrack,1362,2417,1822,pos,0 days 00:40:58.203000,0 days 01:37:55.298000
2024-06-23 13:44:12.856,OnTrack,1295,2495,1824,pos,0 days 00:40:58.443000,0 days 01:37:55.538000
2024-06-23 13:44:13.156,OnTrack,1256,2529,1826,pos,0 days 00:40:58.743000,0 days 01:37:55.838000
2024-06-23 13:44:13.336,OnTrack,1213,2560,1826,pos,0 days 00:40:58.923000,0 days 01:37:56.018000
2024-06-23 13:44:13.536,OnTrack,1161,2590,1828,pos,0 days 00:40:59.123000,0 days 01:37:56.218000
2024-06-23 13:44:13.816,OnTrack,1081,2621,1830,pos,0 days 00:40:59.403000,0 days 01:37:56.498000
2024-06-23 13:44:14.036,OnTrack,1012,2639,1831,pos,0 days 00:40:59.623000,0 days 01:37:56.718000
2024-06-23 13:44:14.296,OnTrack,905,2655,1834,pos,0 days 00:40:59.883000,0 days 01:37:56.978000
2024-06-23 13:44:14.677,OnTrack,752,2658,1836,pos,0 days 00:41:00.264000,0 days 01:37:57.359000
2024-06-23 13:44:15.077,OnTrack,589,2633,1840,pos,0 days 00:41:00.664000,0 days 01:37:57.759000
2024-06-23 13:44:15.397,OnTrack,509,2611,1842,pos,0 days 00:41:00.984000,0 days 01:37:58.079000
2024-06-23 13:44:15.677,OnTrack,336,2537,1849,pos,0 days 00:41:01.264000,0 days 01:37:58.359000
2024-06-23 13:44:16.137,OnTrack,150,2423,1859,pos,0 days 00:41:01.724000,0 days 01:37:58.819000
2024-06-23 13:44:16.557,OnTrack,-42,2288,1869,pos,0 days 00:41:02.144000,0 days 01:37:59.239000
2024-06-23 13:44:16.937,OnTrack,-162,2223,1874,pos,0 days 00:41:02.524000,0 days 01:37:59.619000
2024-06-23 13:44:17.157,OnTrack,-260,2181,1878,pos,0 days 00:41:02.744000,0 days 01:37:59.839000
2024-06-23 13:44:17.357,OnTrack,-347,2153,1880,pos,0 days 00:41:02.944000,0 days 01:38:00.039000
2024-06-23 13:44:17.656,OnTrack,-470,2128,1886,pos,0 days 00:41:03.243000,0 days 01:38:00.338000
2024-06-23 13:44:17.836,OnTrack,-570,2122,1891,pos,0 days 00:41:03.423000,0 days 01:38:00.518000
2024-06-23 13:44:18.136,OnTrack,-700,2135,1897,pos,0 days 00:41:03.723000,0 days 01:38:00.818000
2024-06-23 13:44:18.656,OnTrack,-833,2185,1904,pos,0 days 00:41:04.243000,0 days 01:38:01.338000
2024-06-23 13:44:18.896,OnTrack,-887,2224,1906,pos,0 days 00:41:04.483000,0 days 01:38:01.578000
2024-06-23 13:44:19.196,OnTrack,-953,2294,1908,pos,0 days 00:41:04.783000,0 days 01:38:01.878000
2024-06-23 13:44:19.376,OnTrack,-985,2343,1909,pos,0 days 00:41:04.963000,0 days 01:38:02.058000
2024-06-23 13:44:19.636,OnTrack,-1020,2418,1911,pos,0 days 00:41:05.223000,0 days 01:38:02.318000
2024-06-23 13:44:19.856,OnTrack,-1039,2485,1912,pos,0 days 00:41:05.443000,0 days 01:38:02.538000
2024-06-23 13:44:20.076,OnTrack,-1049,2554,1914,pos,0 days 00:41:05.663000,0 days 01:38:02.758000
2024-06-23 13:44:20.236,OnTrack,-1051,2605,1914,pos,0 days 00:41:05.823000,0 days 01:38:02.918000
2024-06-23 13:44:20.456,OnTrack,-1047,2676,1915,pos,0 days 00:41:06.043000,0 days 01:38:03.138000
2024-06-23 13:44:20.596,OnTrack,-1040,2721,1916,pos,0 days 00:41:06.183000,0 days 01:38:03.278000
2024-06-23 13:44:20.836,OnTrack,-1021,2798,1917,pos,0 days 00:41:06.423000,0 days 01:38:03.518000
2024-06-23 13:44:21.076,OnTrack,-984,2898,1918,pos,0 days 00:41:06.663000,0 days 01:38:03.758000
2024-06-23 13:44:21.397,OnTrack,-942,2978,1920,pos,0 days 00:41:06.984000,0 days 01:38:04.079000
2024-06-23 13:44:21.717,OnTrack,-838,3122,1922,pos,0 days 00:41:07.304000,0 days 01:38:04.399000
2024-06-23 13:44:22.157,OnTrack,-745,3218,1922,pos,0 days 00:41:07.744000,0 days 01:38:04.839000
2024-06-23 13:44:22.377,OnTrack,-637,3311,1922,pos,0 days 00:41:07.964000,0 days 01:38:05.059000
2024-06-23 13:44:22.737,OnTrack,-552,3379,1921,pos,0 days 00:41:08.324000,0 days 01:38:05.419000
2024-06-23 13:44:22.997,OnTrack,-452,3455,1920,pos,0 days 00:41:08.584000,0 days 01:38:05.679000
2024-06-23 13:44:23.157,OnTrack,-388,3505,1919,pos,0 days 00:41:08.744000,0 days 01:38:05.839000
2024-06-23 13:44:23.417,OnTrack,-242,3629,1915,pos,0 days 00:41:09.004000,0 days 01:38:06.099000
2024-06-23 13:44:23.837,OnTrack,-51,3791,1910,pos,0 days 00:41:09.424000,0 days 01:38:06.519000
2024-06-23 13:44:24.196,OnTrack,59,3881,1904,pos,0 days 00:41:09.783000,0 days 01:38:06.878000
2024-06-23 13:44:24.436,OnTrack,178,3968,1899,pos,0 days 00:41:10.023000,0 days 01:38:07.118000
2024-06-23 13:44:24.536,OnTrack,230,4002,1897,pos,0 days 00:41:10.123000,0 days 01:38:07.218000
2024-06-23 13:44:24.776,OnTrack,362,4071,1891,pos,0 days 00:41:10.363000,0 days 01:38:07.458000
2024-06-23 13:44:25.016,OnTrack,565,4129,1881,pos,0 days 00:41:10.603000,0 days 01:38:07.698000
2024-06-23 13:44:25.436,OnTrack,771,4137,1871,pos,0 days 00:41:11.023000,0 days 01:38:08.118000
2024-06-23 13:44:25.676,OnTrack,930,4114,1862,pos,0 days 00:41:11.263000,0 days 01:38:08.358000
2024-06-23 13:44:25.856,OnTrack,1046,4083,1855,pos,0 days 00:41:11.443000,0 days 01:38:08.538000
2024-06-23 13:44:26.056,OnTrack,1173,4036,1847,pos,0 days 00:41:11.643000,0 days 01:38:08.738000
2024-06-23 13:44:26.276,OnTrack,1309,3973,1839,pos,0 days 00:41:11.863000,0 days 01:38:08.958000
2024-06-23 13:44:26.476,OnTrack,1430,3908,1833,pos,0 days 00:41:12.063000,0 days 01:38:09.158000
2024-06-23 13:44:26.676,OnTrack,1550,3837,1825,pos,0 days 00:41:12.263000,0 days 01:38:09.358000
2024-06-23 13:44:26.896,OnTrack,1752,3708,1812,pos,0 days 00:41:12.483000,0 days 01:38:09.578000
2024-06-23 13:44:27.296,OnTrack,1920,3600,1803,pos,0 days 00:41:12.883000,0 days 01:38:09.978000
2024-06-23 13:44:27.556,OnTrack,2077,3500,1794,pos,0 days 00:41:13.143000,0 days 01:38:10.238000
2024-06-23 13:44:27.656,OnTrack,2138,3461,1790,pos,0 days 00:41:13.243000,0 days 01:38:10.338000
2024-06-23 13:44:27.857,OnTrack,2271,3374,1784,pos,0 days 00:41:13.444000,0 days 01:38:10.539000
2024-06-23 13:44:28.097,OnTrack,2409,3276,1776,pos,0 days 00:41:13.684000,0 days 01:38:10.779000
2024-06-23 13:44:28.377,OnTrack,2539,3165,1769,pos,0 days 00:41:13.964000,0 days 01:38:11.059000
2024-06-23 13:44:28.577,OnTrack,2623,3081,1764,pos,0 days 00:41:14.164000,0 days 01:38:11.259000
2024-06-23 13:44:28.717,OnTrack,2682,3014,1761,pos,0 days 00:41:14.304000,0 days 01:38:11.399000
2024-06-23 13:44:28.977,OnTrack,2794,2832,1754,pos,0 days 00:41:14.564000,0 days 01:38:11.659000
2024-06-23 13:44:29.257,OnTrack,2839,2712,1751,pos,0 days 00:41:14.844000,0 days 01:38:11.939000
2024-06-23 13:44:29.637,OnTrack,2883,2470,1744,pos,0 days 00:41:15.224000,0 days 01:38:12.319000
2024-06-23 13:44:29.797,OnTrack,2879,2303,1741,pos,0 days 00:41:15.384000,0 days 01:38:12.479000
2024-06-23 13:44:30.157,OnTrack,2847,2136,1738,pos,0 days 00:41:15.744000,0 days 01:38:12.839000
2024-06-23 13:44:30.417,OnTrack,2788,1973,1735,pos,0 days 00:41:16.004000,0 days 01:38:13.099000
2024-06-23 13:44:30.656,OnTrack,2713,1824,1733,pos,0 days 00:41:16.243000,0 days 01:38:13.338000
2024-06-23 13:44:30.716,OnTrack,2693,1788,1733,pos,0 days 00:41:16.303000,0 days 01:38:13.398000
2024-06-23 13:44:30.976,OnTrack,2600,1635,1730,pos,0 days 00:41:16.563000,0 days 01:38:13.658000
2024-06-23 13:44:31.216,OnTrack,2463,1424,1726,pos,0 days 00:41:16.803000,0 days 01:38:13.898000
2024-06-23 13:44:31.676,OnTrack,2331,1222,1723,pos,0 days 00:41:17.263000,0 days 01:38:14.358000
2024-06-23 13:44:31.816,OnTrack,2276,1138,1721,pos,0 days 00:41:17.403000,0 days 01:38:14.498000
2024-06-23 13:44:31.996,OnTrack,2205,1028,1719,pos,0 days 00:41:17.583000,0 days 01:38:14.678000
2024-06-23 13:44:32.196,OnTrack,2125,906,1717,pos,0 days 00:41:17.783000,0 days 01:38:14.878000
2024-06-23 13:44:32.516,OnTrack,1996,707,1714,pos,0 days 00:41:18.103000,0 days 01:38:15.198000
2024-06-23 13:44:32.736,OnTrack,1906,569,1712,pos,0 days 00:41:18.323000,0 days 01:38:15.418000
2024-06-23 13:44:32.956,OnTrack,1815,430,1710,pos,0 days 00:41:18.543000,0 days 01:38:15.638000
2024-06-23 13:44:33.116,OnTrack,1749,328,1709,pos,0 days 00:41:18.703000,0 days 01:38:15.798000
2024-06-23 13:44:33.276,OnTrack,1688,236,1709,pos,0 days 00:41:18.863000,0 days 01:38:15.958000
2024-06-23 13:44:33.476,OnTrack,1616,123,1707,pos,0 days 00:41:19.063000,0 days 01:38:16.158000
2024-06-23 13:44:33.676,OnTrack,1529,-12,1708,pos,0 days 00:41:19.263000,0 days 01:38:16.358000
2024-06-23 13:44:33.856,OnTrack,1452,-132,1707,pos,0 days 00:41:19.443000,0 days 01:38:16.538000
2024-06-23 13:44:34.056,OnTrack,1367,-264,1707,pos,0 days 00:41:19.643000,0 days 01:38:16.738000
2024-06-23 13:44:34.417,OnTrack,1205,-519,1708,pos,0 days 00:41:20.004000,0 days 01:38:17.099000
2024-06-23 13:44:34.617,OnTrack,1120,-653,1708,pos,0 days 00:41:20.204000,0 days 01:38:17.299000
2024-06-23 13:44:34.817,OnTrack,1034,-788,1708,pos,0 days 00:41:20.404000,0 days 01:38:17.499000
2024-06-23 13:44:34.977,OnTrack,965,-897,1708,pos,0 days 00:41:20.564000,0 days 01:38:17.659000
2024-06-23 13:44:35.177,OnTrack,836,-1101,1708,pos,0 days 00:41:20.764000,0 days 01:38:17.859000
2024-06-23 13:44:35.477,OnTrack,757,-1224,1708,pos,0 days 00:41:21.064000,0 days 01:38:18.159000
2024-06-23 13:44:35.757,OnTrack,635,-1417,1707,pos,0 days 00:41:21.344000,0 days 01:38:18.439000
2024-06-23 13:44:35.977,OnTrack,539,-1568,1707,pos,0 days 00:41:21.564000,0 days 01:38:18.659000
2024-06-23 13:44:36.157,OnTrack,460,-1693,1708,pos,0 days 00:41:21.744000,0 days 01:38:18.839000
2024-06-23 13:44:36.357,OnTrack,371,-1832,1708,pos,0 days 00:41:21.944000,0 days 01:38:19.039000
2024-06-23 13:44:36.637,OnTrack,248,-2027,1708,pos,0 days 00:41:22.224000,0 days 01:38:19.319000
2024-06-23 13:44:36.837,OnTrack,159,-2167,1707,pos,0 days 00:41:22.424000,0 days 01:38:19.519000
2024-06-23 13:44:37.117,OnTrack,-18,-2446,1707,pos,0 days 00:41:22.704000,0 days 01:38:19.799000
2024-06-23 13:44:37.516,OnTrack,-193,-2715,1705,pos,0 days 00:41:23.103000,0 days 01:38:20.198000
2024-06-23 13:44:37.896,OnTrack,-322,-2910,1703,pos,0 days 00:41:23.483000,0 days 01:38:20.578000
2024-06-23 13:44:38.136,OnTrack,-479,-3147,1700,pos,0 days 00:41:23.723000,0 days 01:38:20.818000
2024-06-23 13:44:38.376,OnTrack,-544,-3245,1699,pos,0 days 00:41:23.963000,0 days 01:38:21.058000
2024-06-23 13:44:38.656,OnTrack,-675,-3440,1696,pos,0 days 00:41:24.243000,0 days 01:38:21.338000
2024-06-23 13:44:38.816,OnTrack,-750,-3552,1694,pos,0 days 00:41:24.403000,0 days 01:38:21.498000
2024-06-23 13:44:39.116,OnTrack,-956,-3860,1687,pos,0 days 00:41:24.703000,0 days 01:38:21.798000
2024-06-23 13:44:39.576,OnTrack,-1164,-4169,1679,pos,0 days 00:41:25.163000,0 days 01:38:22.258000
2024-06-23 13:44:39.876,OnTrack,-1249,-4295,1675,pos,0 days 00:41:25.463000,0 days 01:38:22.558000
2024-06-23 13:44:40.176,OnTrack,-1428,-4563,1667,pos,0 days 00:41:25.763000,0 days 01:38:22.858000
2024-06-23 13:44:40.536,OnTrack,-1561,-4761,1662,pos,0 days 00:41:26.123000,0 days 01:38:23.218000
2024-06-23 13:44:40.816,OnTrack,-1691,-4959,1656,pos,0 days 00:41:26.403000,0 days 01:38:23.498000
2024-06-23 13:44:40.936,OnTrack,-1741,-5039,1655,pos,0 days 00:41:26.523000,0 days 01:38:23.618000
2024-06-23 13:44:41.217,OnTrack,-1899,-5301,1649,pos,0 days 00:41:26.804000,0 days 01:38:23.899000
2024-06-23 13:44:41.577,OnTrack,-2026,-5524,1646,pos,0 days 00:41:27.164000,0 days 01:38:24.259000
2024-06-23 13:44:41.757,OnTrack,-2093,-5642,1644,pos,0 days 00:41:27.344000,0 days 01:38:24.439000
2024-06-23 13:44:41.937,OnTrack,-2168,-5776,1642,pos,0 days 00:41:27.524000,0 days 01:38:24.619000
2024-06-23 13:44:42.157,OnTrack,-2258,-5939,1640,pos,0 days 00:41:27.744000,0 days 01:38:24.839000
2024-06-23 13:44:42.477,OnTrack,-2447,-6270,1636,pos,0 days 00:41:28.064000,0 days 01:38:25.159000
2024-06-23 13:44:42.757,OnTrack,-2502,-6360,1634,pos,0 days 00:41:28.344000,0 days 01:38:25.439000
2024-06-23 13:44:43.077,OnTrack,-2599,-6504,1633,pos,0 days 00:41:28.664000,0 days 01:38:25.759000
2024-06-23 13:44:43.297,OnTrack,-2689,-6625,1631,pos,0 days 00:41:28.884000,0 days 01:38:25.979000
2024-06-23 13:44:43.617,OnTrack,-2782,-6733,1629,pos,0 days 00:41:29.204000,0 days 01:38:26.299000
2024-06-23 13:44:43.836,OnTrack,-2853,-6804,1627,pos,0 days 00:41:29.423000,0 days 01:38:26.518000
2024-06-23 13:44:44.136,OnTrack,-2951,-6886,1624,pos,0 days 00:41:29.723000,0 days 01:38:26.818000
2024-06-23 13:44:44.336,OnTrack,-3020,-6930,1624,pos,0 days 00:41:29.923000,0 days 01:38:27.018000
2024-06-23 13:44:44.496,OnTrack,-3075,-6957,1625,pos,0 days 00:41:30.083000,0 days 01:38:27.178000
2024-06-23 13:44:44.676,OnTrack,-3140,-6980,1623,pos,0 days 00:41:30.263000,0 days 01:38:27.358000
2024-06-23 13:44:44.816,OnTrack,-3192,-6990,1623,pos,0 days 00:41:30.403000,0 days 01:38:27.498000
2024-06-23 13:44:45.176,OnTrack,-3326,-6990,1626,pos,0 days 00:41:30.763000,0 days 01:38:27.858000
2024-06-23 13:44:45.356,OnTrack,-3393,-6976,1627,pos,0 days 00:41:30.943000,0 days 01:38:28.038000
2024-06-23 13:44:45.596,OnTrack,-3480,-6946,1629,pos,0 days 00:41:31.183000,0 days 01:38:28.278000
2024-06-23 13:44:45.776,OnTrack,-3546,-6918,1630,pos,0 days 00:41:31.363000,0 days 01:38:28.458000
2024-06-23 13:44:46.036,OnTrack,-3687,-6853,1632,pos,0 days 00:41:31.623000,0 days 01:38:28.718000
2024-06-23 13:44:46.336,OnTrack,-3757,-6822,1633,pos,0 days 00:41:31.923000,0 days 01:38:29.018000
2024-06-23 13:44:46.536,OnTrack,-3838,-6793,1635,pos,0 days 00:41:32.123000,0 days 01:38:29.218000
2024-06-23 13:44:46.696,OnTrack,-3906,-6776,1638,pos,0 days 00:41:32.283000,0 days 01:38:29.378000
2024-06-23 13:44:46.956,OnTrack,-4018,-6768,1641,pos,0 days 00:41:32.543000,0 days 01:38:29.638000
2024-06-23 13:44:47.176,OnTrack,-4117,-6782,1645,pos,0 days 00:41:32.763000,0 days 01:38:29.858000
2024-06-23 13:44:47.356,OnTrack,-4199,-6806,1649,pos,0 days 00:41:32.943000,0 days 01:38:30.038000
2024-06-23 13:44:47.556,OnTrack,-4288,-6841,1654,pos,0 days 00:41:33.143000,0 days 01:38:30.238000
2024-06-23 13:44:47.737,OnTrack,-4373,-6885,1659,pos,0 days 00:41:33.324000,0 days 01:38:30.419000
2024-06-23 13:44:48.057,OnTrack,-4535,-6986,1668,pos,0 days 00:41:33.644000,0 days 01:38:30.739000
2024-06-23 13:44:48.417,OnTrack,-4717,-7117,1678,pos,0 days 00:41:34.004000,0 days 01:38:31.099000
2024-06-23 13:44:48.897,OnTrack,-4907,-7240,1688,pos,0 days 00:41:34.484000,0 days 01:38:31.579000
2024-06-23 13:44:49.297,OnTrack,-5083,-7335,1696,pos,0 days 00:41:34.884000,0 days 01:38:31.979000
2024-06-23 13:44:49.517,OnTrack,-5203,-7386,1702,pos,0 days 00:41:35.104000,0 days 01:38:32.199000
2024-06-23 13:44:49.717,OnTrack,-5316,-7421,1707,pos,0 days 00:41:35.304000,0 days 01:38:32.399000
2024-06-23 13:44:49.917,OnTrack,-5433,-7444,1712,pos,0 days 00:41:35.504000,0 days 01:38:32.599000
2024-06-23 13:44:50.137,OnTrack,-5562,-7455,1718,pos,0 days 00:41:35.724000,0 days 01:38:32.819000
2024-06-23 13:44:50.317,OnTrack,-5702,-7449,1724,pos,0 days 00:41:35.904000,0 days 01:38:32.999000
2024-06-23 13:44:50.676,OnTrack,-5873,-7419,1731,pos,0 days 00:41:36.263000,0 days 01:38:33.358000
2024-06-23 13:44:50.876,OnTrack,-5981,-7388,1736,pos,0 days 00:41:36.463000,0 days 01:38:33.558000
2024-06-23 13:44:51.176,OnTrack,-6204,-7282,1743,pos,0 days 00:41:36.763000,0 days 01:38:33.858000
2024-06-23 13:44:51.536,OnTrack,-6307,-7211,1748,pos,0 days 00:41:37.123000,0 days 01:38:34.218000
2024-06-23 13:44:51.736,OnTrack,-6392,-7134,1752,pos,0 days 00:41:37.323000,0 days 01:38:34.418000
2024-06-23 13:44:51.916,OnTrack,-6462,-7055,1755,pos,0 days 00:41:37.503000,0 days 01:38:34.598000
2024-06-23 13:44:52.196,OnTrack,-6557,-6916,1758,pos,0 days 00:41:37.783000,0 days 01:38:34.878000
2024-06-23 13:44:52.376,OnTrack,-6608,-6817,1761,pos,0 days 00:41:37.963000,0 days 01:38:35.058000
2024-06-23 13:44:52.616,OnTrack,-6663,-6677,1763,pos,0 days 00:41:38.203000,0 days 01:38:35.298000
2024-06-23 13:44:52.816,OnTrack,-6696,-6553,1765,pos,0 days 00:41:38.403000,0 days 01:38:35.498000
2024-06-23 13:44:52.996,OnTrack,-6727,-6346,1768,pos,0 days 00:41:38.583000,0 days 01:38:35.678000
2024-06-23 13:44:53.376,OnTrack,-6733,-6185,1771,pos,0 days 00:41:38.963000,0 days 01:38:36.058000
2024-06-23 13:44:53.536,OnTrack,-6730,-6077,1773,pos,0 days 00:41:39.123000,0 days 01:38:36.218000
2024-06-23 13:44:53.836,OnTrack,-6712,-5873,1775,pos,0 days 00:41:39.423000,0 days 01:38:36.518000
2024-06-23 13:44:54.056,OnTrack,-6683,-5681,1778,pos,0 days 00:41:39.643000,0 days 01:38:36.738000
2024-06-23 13:44:54.497,OnTrack,-6626,-5424,1782,pos,0 days 00:41:40.084000,0 days 01:38:37.179000
2024-06-23 13:44:54.737,OnTrack,-6572,-5245,1785,pos,0 days 00:41:40.324000,0 days 01:38:37.419000
2024-06-23 13:44:55.037,OnTrack,-6502,-5071,1788,pos,0 days 00:41:40.624000,0 days 01:38:37.719000
2024-06-23 13:44:55.277,OnTrack,-6420,-4915,1791,pos,0 days 00:41:40.864000,0 days 01:38:37.959000
2024-06-23 13:44:55.457,OnTrack,-6349,-4800,1792,pos,0 days 00:41:41.044000,0 days 01:38:38.139000
2024-06-23 13:44:55.697,OnTrack,-6249,-4650,1795,pos,0 days 00:41:41.284000,0 days 01:38:38.379000
2024-06-23 13:44:55.917,OnTrack,-6152,-4514,1797,pos,0 days 00:41:41.504000,0 days 01:38:38.599000
2024-06-23 13:44:56.037,OnTrack,-6099,-4440,1798,pos,0 days 00:41:41.624000,0 days 01:38:38.719000
2024-06-23 13:44:56.217,OnTrack,-6018,-4328,1799,pos,0 days 00:41:41.804000,0 days 01:38:38.899000
2024-06-23 13:44:56.457,OnTrack,-5921,-4172,1802,pos,0 days 00:41:42.044000,0 days 01:38:39.139000
2024-06-23 13:44:56.757,OnTrack,-5777,-3928,1806,pos,0 days 00:41:42.344000,0 days 01:38:39.439000
2024-06-23 13:44:57.216,OnTrack,-5594,-3636,1811,pos,0 days 00:41:42.803000,0 days 01:38:39.898000
2024-06-23 13:44:57.536,OnTrack,-5478,-3465,1814,pos,0 days 00:41:43.123000,0 days 01:38:40.218000
2024-06-23 13:44:57.696,OnTrack,-5415,-3371,1815,pos,0 days 00:41:43.283000,0 days 01:38:40.378000
2024-06-23 13:44:57.916,OnTrack,-5332,-3254,1817,pos,0 days 00:41:43.503000,0 days 01:38:40.598000
2024-06-23 13:44:58.096,OnTrack,-5268,-3170,1818,pos,0 days 00:41:43.683000,0 days 01:38:40.778000
2024-06-23 13:44:58.416,OnTrack,-5153,-3041,1819,pos,0 days 00:41:44.003000,0 days 01:38:41.098000
2024-06-23 13:44:58.596,OnTrack,-5088,-2984,1820,pos,0 days 00:41:44.183000,0 days 01:38:41.278000
2024-06-23 13:44:58.856,OnTrack,-4992,-2917,1821,pos,0 days 00:41:44.443000,0 days 01:38:41.538000
2024-06-23 13:44:58.876,OnTrack,-4985,-2913,1821,pos,0 days 00:41:44.463000,0 days 01:38:41.558000
2024-06-23 13:44:59.116,OnTrack,-4892,-2871,1822,pos,0 days 00:41:44.703000,0 days 01:38:41.798000
2024-06-23 13:44:59.316,OnTrack,-4814,-2849,1823,pos,0 days 00:41:44.903000,0 days 01:38:41.998000
2024-06-23 13:44:59.676,OnTrack,-4651,-2842,1826,pos,0 days 00:41:45.263000,0 days 01:38:42.358000
2024-06-23 13:45:00.096,OnTrack,-4522,-2871,1828,pos,0 days 00:41:45.683000,0 days 01:38:42.778000
2024-06-23 13:45:00.276,OnTrack,-4432,-2911,1830,pos,0 days 00:41:45.863000,0 days 01:38:42.958000
2024-06-23 13:45:00.576,OnTrack,-4373,-2947,1832,pos,0 days 00:41:46.163000,0 days 01:38:43.258000
2024-06-23 13:45:00.937,OnTrack,-4299,-3011,1833,pos,0 days 00:41:46.524000,0 days 01:38:43.619000
2024-06-23 13:45:00.957,OnTrack,-4303,-3008,1833,pos,0 days 00:41:46.544000,0 days 01:38:43.639000
2024-06-23 13:45:01.277,OnTrack,-4225,-3093,1835,pos,0 days 00:41:46.864000,0 days 01:38:43.959000
2024-06-23 13:45:01.517,OnTrack,-4166,-3178,1836,pos,0 days 00:41:47.104000,0 days 01:38:44.199000
2024-06-23 13:45:01.857,OnTrack,-4114,-3273,1837,pos,0 days 00:41:47.444000,0 days 01:38:44.539000
2024-06-23 13:45:02.117,OnTrack,-4063,-3412,1838,pos,0 days 00:41:47.704000,0 days 01:38:44.799000
2024-06-23 13:45:02.477,OnTrack,-4038,-3525,1839,pos,0 days 00:41:48.064000,0 days 01:38:45.159000
2024-06-23 13:45:02.697,OnTrack,-4028,-3628,1839,pos,0 days 00:41:48.284000,0 days 01:38:45.379000
2024-06-23 13:45:02.897,OnTrack,-4028,-3725,1839,pos,0 days 00:41:48.484000,0 days 01:38:45.579000
2024-06-23 13:45:03.157,OnTrack,-4053,-3898,1838,pos,0 days 00:41:48.744000,0 days 01:38:45.839000
2024-06-23 13:45:03.477,OnTrack,-4090,-4023,1837,pos,0 days 00:41:49.064000,0 days 01:38:46.159000
2024-06-23 13:45:03.836,OnTrack,-4198,-4248,1834,pos,0 days 00:41:49.423000,0 days 01:38:46.518000
2024-06-23 13:45:04.236,OnTrack,-4341,-4459,1829,pos,0 days 00:41:49.823000,0 days 01:38:46.918000
2024-06-23 13:45:04.636,OnTrack,-4481,-4651,1825,pos,0 days 00:41:50.223000,0 days 01:38:47.318000
2024-06-23 13:45:05.016,OnTrack,-4595,-4807,1821,pos,0 days 00:41:50.603000,0 days 01:38:47.698000
2024-06-23 13:45:05.176,OnTrack,-4657,-4892,1819,pos,0 days 00:41:50.763000,0 days 01:38:47.858000
2024-06-23 13:45:05.336,OnTrack,-4720,-4978,1817,pos,0 days 00:41:50.923000,0 days 01:38:48.018000
2024-06-23 13:45:05.556,OnTrack,-4807,-5097,1815,pos,0 days 00:41:51.143000,0 days 01:38:48.238000
2024-06-23 13:45:05.876,OnTrack,-4970,-5325,1808,pos,0 days 00:41:51.463000,0 days 01:38:48.558000
2024-06-23 13:45:06.176,OnTrack,-5024,-5406,1806,pos,0 days 00:41:51.763000,0 days 01:38:48.858000
2024-06-23 13:45:06.356,OnTrack,-5072,-5481,1803,pos,0 days 00:41:51.943000,0 days 01:38:49.038000
2024-06-23 13:45:06.716,OnTrack,-5163,-5654,1796,pos,0 days 00:41:52.303000,0 days 01:38:49.398000
2024-06-23 13:45:06.956,OnTrack,-5186,-5712,1793,pos,0 days 00:41:52.543000,0 days 01:38:49.638000
2024-06-23 13:45:07.337,OnTrack,-5225,-5869,1787,pos,0 days 00:41:52.924000,0 days 01:38:50.019000
2024-06-23 13:45:07.677,OnTrack,-5218,-6000,1781,pos,0 days 00:41:53.264000,0 days 01:38:50.359000
2024-06-23 13:45:08.097,OnTrack,-5192,-6072,1776,pos,0 days 00:41:53.684000,0 days 01:38:50.779000
2024-06-23 13:45:08.257,OnTrack,-5169,-6111,1773,pos,0 days 00:41:53.844000,0 days 01:38:50.939000
2024-06-23 13:45:08.417,OnTrack,-5141,-6146,1770,pos,0 days 00:41:54.004000,0 days 01:38:51.099000
2024-06-23 13:45:08.757,OnTrack,-5060,-6208,1767,pos,0 days 00:41:54.344000,0 days 01:38:51.439000
2024-06-23 13:45:09.057,OnTrack,-4997,-6234,1763,pos,0 days 00:41:54.644000,0 days 01:38:51.739000
2024-06-23 13:45:09.277,OnTrack,-4942,-6246,1760,pos,0 days 00:41:54.864000,0 days 01:38:51.959000
2024-06-23 13:45:09.557,OnTrack,-4851,-6251,1755,pos,0 days 00:41:55.144000,0 days 01:38:52.239000
2024-06-23 13:45:09.917,OnTrack,-4768,-6242,1749,pos,0 days 00:41:55.504000,0 days 01:38:52.599000
2024-06-23 13:45:10.156,OnTrack,-4670,-6217,1743,pos,0 days 00:41:55.743000,0 days 01:38:52.838000
2024-06-23 13:45:10.536,OnTrack,-4587,-6186,1738,pos,0 days 00:41:56.123000,0 days 01:38:53.218000
2024-06-23 13:45:10.816,OnTrack,-4478,-6135,1731,pos,0 days 00:41:56.403000,0 days 01:38:53.498000
2024-06-23 13:45:11.196,OnTrack,-4366,-6076,1723,pos,0 days 00:41:56.783000,0 days 01:38:53.878000
2024-06-23 13:45:11.396,OnTrack,-4270,-6024,1716,pos,0 days 00:41:56.983000,0 days 01:38:54.078000
2024-06-23 13:45:11.696,OnTrack,-4171,-5970,1709,pos,0 days 00:41:57.283000,0 days 01:38:54.378000
2024-06-23 13:45:11.996,OnTrack,-4040,-5901,1701,pos,0 days 00:41:57.583000,0 days 01:38:54.678000
2024-06-23 13:45:12.136,OnTrack,-3937,-5851,1694,pos,0 days 00:41:57.723000,0 days 01:38:54.818000
2024-06-23 13:45:12.436,OnTrack,-3758,-5771,1684,pos,0 days 00:41:58.023000,0 days 01:38:55.118000
2024-06-23 13:45:12.756,OnTrack,-3620,-5714,1678,pos,0 days 00:41:58.343000,0 days 01:38:55.438000
2024-06-23 13:45:12.996,OnTrack,-3488,-5658,1673,pos,0 days 00:41:58.583000,0 days 01:38:55.678000
2024-06-23 13:45:13.096,OnTrack,-3433,-5633,1670,pos,0 days 00:41:58.683000,0 days 01:38:55.778000
2024-06-23 13:45:13.316,OnTrack,-3312,-5573,1665,pos,0 days 00:41:58.903000,0 days 01:38:55.998000
2024-06-23 13:45:13.496,OnTrack,-3214,-5518,1662,pos,0 days 00:41:59.083000,0 days 01:38:56.178000
2024-06-23 13:45:13.696,OnTrack,-3106,-5450,1658,pos,0 days 00:41:59.283000,0 days 01:38:56.378000
2024-06-23 13:45:14.017,OnTrack,-2928,-5315,1654,pos,0 days 00:41:59.604000,0 days 01:38:56.699000
2024-06-23 13:45:14.217,OnTrack,-2780,-5178,1651,pos,0 days 00:41:59.804000,0 days 01:38:56.899000
2024-06-23 13:45:14.517,OnTrack,-2696,-5087,1650,pos,0 days 00:42:00.104000,0 days 01:38:57.199000
2024-06-23 13:45:14.797,OnTrack,-2572,-4934,1651,pos,0 days 00:42:00.384000,0 days 01:38:57.479000
2024-06-23 13:45:15.077,OnTrack,-2457,-4775,1651,pos,0 days 00:42:00.664000,0 days 01:38:57.759000
2024-06-23 13:45:15.237,OnTrack,-2395,-4685,1651,pos,0 days 00:42:00.824000,0 days 01:38:57.919000
2024-06-23 13:45:15.437,OnTrack,-2284,-4524,1653,pos,0 days 00:42:01.024000,0 days 01:38:58.119000
2024-06-23 13:45:15.937,OnTrack,-2155,-4321,1659,pos,0 days 00:42:01.524000,0 days 01:38:58.619000
2024-06-23 13:45:16.237,OnTrack,-2121,-4244,1661,pos,0 days 00:42:01.824000,0 days 01:38:58.919000
2024-06-23 13:45:16.417,OnTrack,-2104,-4183,1662,pos,0 days 00:42:02.004000,0 days 01:38:59.099000
2024-06-23 13:45:16.696,OnTrack,-2086,-4067,1663,pos,0 days 00:42:02.283000,0 days 01:38:59.378000
2024-06-23 13:45:16.936,OnTrack,-2084,-3937,1667,pos,0 days 00:42:02.523000,0 days 01:38:59.618000
2024-06-23 13:45:17.336,OnTrack,-2099,-3816,1673,pos,0 days 00:42:02.923000,0 days 01:39:00.018000
2024-06-23 13:45:17.596,OnTrack,-2130,-3727,1678,pos,0 days 00:42:03.183000,0 days 01:39:00.278000
2024-06-23 13:45:17.776,OnTrack,-2164,-3671,1681,pos,0 days 00:42:03.363000,0 days 01:39:00.458000
2024-06-23 13:45:18.016,OnTrack,-2221,-3602,1684,pos,0 days 00:42:03.603000,0 days 01:39:00.698000
2024-06-23 13:45:18.196,OnTrack,-2273,-3556,1687,pos,0 days 00:42:03.783000,0 days 01:39:00.878000
2024-06-23 13:45:18.396,OnTrack,-2376,-3480,1693,pos,0 days 00:42:03.983000,0 days 01:39:01.078000
2024-06-23 13:45:18.856,OnTrack,-2504,-3385,1701,pos,0 days 00:42:04.443000,0 days 01:39:01.538000
2024-06-23 13:45:19.296,OnTrack,-2633,-3260,1712,pos,0 days 00:42:04.883000,0 days 01:39:01.978000
2024-06-23 13:45:19.396,OnTrack,-2663,-3224,1715,pos,0 days 00:42:04.983000,0 days 01:39:02.078000
2024-06-23 13:45:19.576,OnTrack,-2714,-3153,1722,pos,0 days 00:42:05.163000,0 days 01:39:02.258000
2024-06-23 13:45:19.836,OnTrack,-2779,-3039,1732,pos,0 days 00:42:05.423000,0 days 01:39:02.518000
2024-06-23 13:45:20.076,OnTrack,-2834,-2924,1740,pos,0 days 00:42:05.663000,0 days 01:39:02.758000
2024-06-23 13:45:20.276,OnTrack,-2912,-2752,1750,pos,0 days 00:42:05.863000,0 days 01:39:02.958000
2024-06-23 13:45:20.657,OnTrack,-2976,-2616,1760,pos,0 days 00:42:06.244000,0 days 01:39:03.339000
2024-06-23 13:45:20.877,OnTrack,-3032,-2498,1768,pos,0 days 00:42:06.464000,0 days 01:39:03.559000
2024-06-23 13:45:21.037,OnTrack,-3074,-2410,1774,pos,0 days 00:42:06.624000,0 days 01:39:03.719000
2024-06-23 13:45:21.177,OnTrack,-3104,-2347,1777,pos,0 days 00:42:06.764000,0 days 01:39:03.859000
2024-06-23 13:45:21.477,OnTrack,-3223,-2097,1794,pos,0 days 00:42:07.064000,0 days 01:39:04.159000
2024-06-23 13:45:21.817,OnTrack,-3279,-1979,1802,pos,0 days 00:42:07.404000,0 days 01:39:04.499000
2024-06-23 13:45:22.197,OnTrack,-3387,-1751,1817,pos,0 days 00:42:07.784000,0 days 01:39:04.879000
2024-06-23 13:45:22.377,OnTrack,-3432,-1640,1824,pos,0 days 00:42:07.964000,0 days 01:39:05.059000
2024-06-23 13:45:22.557,OnTrack,-3469,-1526,1831,pos,0 days 00:42:08.144000,0 days 01:39:05.239000
2024-06-23 13:45:22.757,OnTrack,-3503,-1348,1840,pos,0 days 00:42:08.344000,0 days 01:39:05.439000
2024-06-23 13:45:23.077,OnTrack,-3507,-1194,1846,pos,0 days 00:42:08.664000,0 days 01:39:05.759000
2024-06-23 13:45:23.356,OnTrack,-3489,-1018,1853,pos,0 days 00:42:08.943000,0 days 01:39:06.038000
2024-06-23 13:45:23.516,OnTrack,-3456,-863,1859,pos,0 days 00:42:09.103000,0 days 01:39:06.198000
2024-06-23 13:45:23.836,OnTrack,-3415,-738,1863,pos,0 days 00:42:09.423000,0 days 01:39:06.518000
2024-06-23 13:45:24.216,OnTrack,-3316,-534,1870,pos,0 days 00:42:09.803000,0 days 01:39:06.898000
2024-06-23 13:45:24.276,OnTrack,-3297,-504,1870,pos,0 days 00:42:09.863000,0 days 01:39:06.958000
2024-06-23 13:45:24.596,OnTrack,-3119,-319,1874,pos,0 days 00:42:10.183000,0 days 01:39:07.278000
2024-06-23 13:45:24.916,OnTrack,-2976,-236,1874,pos,0 days 00:42:10.503000,0 days 01:39:07.598000
2024-06-23 13:45:25.176,OnTrack,-2819,-169,1874,pos,0 days 00:42:10.763000,0 days 01:39:07.858000
2024-06-23 13:45:25.456,OnTrack,-2648,-102,1872,pos,0 days 00:42:11.043000,0 days 01:39:08.138000
2024-06-23 13:45:25.656,OnTrack,-2464,-21,1870,pos,0 days 00:42:11.243000,0 days 01:39:08.338000
2024-06-23 13:45:26.096,OnTrack,-2255,77,1866,pos,0 days 00:42:11.683000,0 days 01:39:08.778000
2024-06-23 13:45:26.256,OnTrack,-2154,124,1865,pos,0 days 00:42:11.843000,0 days 01:39:08.938000
2024-06-23 13:45:26.416,OnTrack,-2053,172,1864,pos,0 days 00:42:12.003000,0 days 01:39:09.098000
2024-06-23 13:45:26.656,OnTrack,-1899,245,1862,pos,0 days 00:42:12.243000,0 days 01:39:09.338000
2024-06-23 13:45:26.856,OnTrack,-1770,306,1860,pos,0 days 00:42:12.443000,0 days 01:39:09.538000
2024-06-23 13:45:27.037,OnTrack,-1547,411,1858,pos,0 days 00:42:12.624000,0 days 01:39:09.719000
2024-06-23 13:45:27.537,OnTrack,-1307,526,1855,pos,0 days 00:42:13.124000,0 days 01:39:10.219000
2024-06-23 13:45:27.757,OnTrack,-1112,622,1852,pos,0 days 00:42:13.344000,0 days 01:39:10.439000
2024-06-23 13:45:28.177,OnTrack,-820,775,1848,pos,0 days 00:42:13.764000,0 days 01:39:10.859000
2024-06-23 13:45:28.577,OnTrack,-535,927,1844,pos,0 days 00:42:14.164000,0 days 01:39:11.259000
2024-06-23 13:45:28.937,OnTrack,-329,1037,1841,pos,0 days 00:42:14.524000,0 days 01:39:11.619000
2024-06-23 13:45:29.317,OnTrack,-120,1148,1838,pos,0 days 00:42:14.904000,0 days 01:39:11.999000
2024-06-23 13:45:29.577,OnTrack,116,1275,1835,pos,0 days 00:42:15.164000,0 days 01:39:12.259000
2024-06-23 13:45:29.857,OnTrack,257,1349,1833,pos,0 days 00:42:15.444000,0 days 01:39:12.539000
2024-06-23 13:45:30.176,OnTrack,484,1463,1830,pos,0 days 00:42:15.763000,0 days 01:39:12.858000
2024-06-23 13:45:30.376,OnTrack,625,1526,1828,pos,0 days 00:42:15.963000,0 days 01:39:13.058000
2024-06-23 13:45:30.556,OnTrack,826,1608,1826,pos,0 days 00:42:16.143000,0 days 01:39:13.238000
2024-06-23 13:45:30.936,OnTrack,1024,1688,1824,pos,0 days 00:42:16.523000,0 days 01:39:13.618000
2024-06-23 13:45:31.336,OnTrack,1139,1739,1823,pos,0 days 00:42:16.923000,0 days 01:39:14.018000
2024-06-23 13:45:31.576,OnTrack,1264,1807,1821,pos,0 days 00:42:17.163000,0 days 01:39:14.258000
2024-06-23 13:45:31.936,OnTrack,1342,1866,1820,pos,0 days 00:42:17.523000,0 days 01:39:14.618000
2024-06-23 13:45:32.156,OnTrack,1394,1922,1819,pos,0 days 00:42:17.743000,0 days 01:39:14.838000
2024-06-23 13:45:32.456,OnTrack,1442,2008,1818,pos,0 days 00:42:18.043000,0 days 01:39:15.138000
2024-06-23 13:45:32.636,OnTrack,1461,2083,1818,pos,0 days 00:42:18.223000,0 days 01:39:15.318000
2024-06-23 13:45:33.036,OnTrack,1455,2210,1817,pos,0 days 00:42:18.623000,0 days 01:39:15.718000
2024-06-23 13:45:33.316,OnTrack,1437,2276,1818,pos,0 days 00:42:18.903000,0 days 01:39:15.998000
2024-06-23 13:45:33.617,OnTrack,1397,2361,1820,pos,0 days 00:42:19.204000,0 days 01:39:16.299000
2024-06-23 13:45:33.877,OnTrack,1337,2448,1823,pos,0 days 00:42:19.464000,0 days 01:39:16.559000
2024-06-23 13:45:34.177,OnTrack,1304,2485,1824,pos,0 days 00:42:19.764000,0 days 01:39:16.859000
2024-06-23 13:45:34.497,OnTrack,1214,2560,1826,pos,0 days 00:42:20.084000,0 days 01:39:17.179000
2024-06-23 13:45:34.777,OnTrack,1181,2579,1827,pos,0 days 00:42:20.364000,0 days 01:39:17.459000
2024-06-23 13:45:34.997,OnTrack,1124,2605,1828,pos,0 days 00:42:20.584000,0 days 01:39:17.679000
2024-06-23 13:45:35.297,OnTrack,1039,2632,1831,pos,0 days 00:42:20.884000,0 days 01:39:17.979000
2024-06-23 13:45:35.477,OnTrack,984,2644,1832,pos,0 days 00:42:21.064000,0 days 01:39:18.159000
2024-06-23 13:45:35.657,OnTrack,927,2653,1833,pos,0 days 00:42:21.244000,0 days 01:39:18.339000
2024-06-23 13:45:35.877,OnTrack,824,2659,1835,pos,0 days 00:42:21.464000,0 days 01:39:18.559000
2024-06-23 13:45:36.237,OnTrack,723,2655,1837,pos,0 days 00:42:21.824000,0 days 01:39:18.919000
2024-06-23 13:45:36.397,OnTrack,662,2647,1839,pos,0 days 00:42:21.984000,0 days 01:39:19.079000
2024-06-23 13:45:36.676,OnTrack,503,2609,1842,pos,0 days 00:42:22.263000,0 days 01:39:19.358000
2024-06-23 13:45:37.056,OnTrack,337,2538,1849,pos,0 days 00:42:22.643000,0 days 01:39:19.738000
2024-06-23 13:45:37.556,OnTrack,132,2410,1860,pos,0 days 00:42:23.143000,0 days 01:39:20.238000
2024-06-23 13:45:37.816,OnTrack,71,2367,1863,pos,0 days 00:42:23.403000,0 days 01:39:20.498000
2024-06-23 13:45:38.056,OnTrack,-28,2298,1868,pos,0 days 00:42:23.643000,0 days 01:39:20.738000
2024-06-23 13:45:38.296,OnTrack,-139,2234,1873,pos,0 days 00:42:23.883000,0 days 01:39:20.978000
2024-06-23 13:45:38.576,OnTrack,-266,2178,1878,pos,0 days 00:42:24.163000,0 days 01:39:21.258000
2024-06-23 13:45:38.736,OnTrack,-336,2155,1880,pos,0 days 00:42:24.323000,0 days 01:39:21.418000
2024-06-23 13:45:38.896,OnTrack,-405,2139,1883,pos,0 days 00:42:24.483000,0 days 01:39:21.578000
2024-06-23 13:45:39.096,OnTrack,-488,2126,1887,pos,0 days 00:42:24.683000,0 days 01:39:21.778000
2024-06-23 13:45:39.376,OnTrack,-601,2123,1892,pos,0 days 00:42:24.963000,0 days 01:39:22.058000
2024-06-23 13:45:39.436,OnTrack,-624,2124,1893,pos,0 days 00:42:25.023000,0 days 01:39:22.118000
2024-06-23 13:45:39.756,OnTrack,-741,2145,1899,pos,0 days 00:42:25.343000,0 days 01:39:22.438000
2024-06-23 13:45:39.996,OnTrack,-837,2187,1905,pos,0 days 00:42:25.583000,0 days 01:39:22.678000
2024-06-23 13:45:40.357,OnTrack,-921,2255,1907,pos,0 days 00:42:25.944000,0 days 01:39:23.039000
2024-06-23 13:45:40.537,OnTrack,-959,2301,1909,pos,0 days 00:42:26.124000,0 days 01:39:23.219000
2024-06-23 13:45:40.757,OnTrack,-996,2363,1910,pos,0 days 00:42:26.344000,0 days 01:39:23.439000
2024-06-23 13:45:41.037,OnTrack,-1035,2469,1912,pos,0 days 00:42:26.624000,0 days 01:39:23.719000
2024-06-23 13:45:41.357,OnTrack,-1047,2535,1913,pos,0 days 00:42:26.944000,0 days 01:39:24.039000
2024-06-23 13:45:41.497,OnTrack,-1050,2577,1914,pos,0 days 00:42:27.084000,0 days 01:39:24.179000
2024-06-23 13:45:41.877,OnTrack,-1044,2692,1915,pos,0 days 00:42:27.464000,0 days 01:39:24.559000
2024-06-23 13:45:42.037,OnTrack,-1036,2741,1916,pos,0 days 00:42:27.624000,0 days 01:39:24.719000
2024-06-23 13:45:42.277,OnTrack,-1016,2814,1917,pos,0 days 00:42:27.864000,0 days 01:39:24.959000
2024-06-23 13:45:42.377,OnTrack,-1005,2845,1918,pos,0 days 00:42:27.964000,0 days 01:39:25.059000
2024-06-23 13:45:42.717,OnTrack,-959,2949,1920,pos,0 days 00:42:28.304000,0 days 01:39:25.399000
2024-06-23 13:45:42.897,OnTrack,-927,3003,1921,pos,0 days 00:42:28.484000,0 days 01:39:25.579000
2024-06-23 13:45:43.076,OnTrack,-858,3099,1922,pos,0 days 00:42:28.663000,0 days 01:39:25.758000
2024-06-23 13:45:43.556,OnTrack,-766,3198,1923,pos,0 days 00:42:29.143000,0 days 01:39:26.238000
2024-06-23 13:45:43.736,OnTrack,-710,3249,1922,pos,0 days 00:42:29.323000,0 days 01:39:26.418000
2024-06-23 13:45:43.916,OnTrack,-607,3335,1922,pos,0 days 00:42:29.503000,0 days 01:39:26.598000
2024-06-23 13:45:44.336,OnTrack,-493,3424,1920,pos,0 days 00:42:29.923000,0 days 01:39:27.018000
2024-06-23 13:45:44.456,OnTrack,-445,3461,1920,pos,0 days 00:42:30.043000,0 days 01:39:27.138000
2024-06-23 13:45:44.676,OnTrack,-356,3532,1918,pos,0 days 00:42:30.263000,0 days 01:39:27.358000
2024-06-23 13:45:44.976,OnTrack,-196,3668,1914,pos,0 days 00:42:30.563000,0 days 01:39:27.658000
2024-06-23 13:45:45.256,OnTrack,-108,3743,1911,pos,0 days 00:42:30.843000,0 days 01:39:27.938000
2024-06-23 13:45:45.436,OnTrack,-26,3812,1908,pos,0 days 00:42:31.023000,0 days 01:39:28.118000
2024-06-23 13:45:45.796,OnTrack,146,3946,1901,pos,0 days 00:42:31.383000,0 days 01:39:28.478000
2024-06-23 13:45:45.996,OnTrack,293,4038,1894,pos,0 days 00:42:31.583000,0 days 01:39:28.678000
2024-06-23 13:45:46.396,OnTrack,482,4112,1885,pos,0 days 00:42:31.983000,0 days 01:39:29.078000
2024-06-23 13:45:46.596,OnTrack,683,4140,1876,pos,0 days 00:42:32.183000,0 days 01:39:29.278000
2024-06-23 13:45:47.017,OnTrack,923,4115,1862,pos,0 days 00:42:32.604000,0 days 01:39:29.699000
2024-06-23 13:45:47.217,OnTrack,1053,4081,1854,pos,0 days 00:42:32.804000,0 days 01:39:29.899000
2024-06-23 13:45:47.417,OnTrack,1167,4038,1848,pos,0 days 00:42:33.004000,0 days 01:39:30.099000
2024-06-23 13:45:47.677,OnTrack,1413,3918,1833,pos,0 days 00:42:33.264000,0 days 01:39:30.359000
2024-06-23 13:45:47.977,OnTrack,1508,3862,1827,pos,0 days 00:42:33.564000,0 days 01:39:30.659000
2024-06-23 13:45:48.277,OnTrack,1685,3751,1817,pos,0 days 00:42:33.864000,0 days 01:39:30.959000
2024-06-23 13:45:48.457,OnTrack,1791,3683,1811,pos,0 days 00:42:34.044000,0 days 01:39:31.139000
2024-06-23 13:45:48.517,OnTrack,1827,3660,1809,pos,0 days 00:42:34.104000,0 days 01:39:31.199000
2024-06-23 13:45:48.857,OnTrack,2106,3482,1792,pos,0 days 00:42:34.444000,0 days 01:39:31.539000
2024-06-23 13:45:49.297,OnTrack,2348,3321,1780,pos,0 days 00:42:34.884000,0 days 01:39:31.979000
2024-06-23 13:45:49.716,OnTrack,2560,3145,1768,pos,0 days 00:42:35.303000,0 days 01:39:32.398000
2024-06-23 13:45:50.076,OnTrack,2668,3031,1762,pos,0 days 00:42:35.663000,0 days 01:39:32.758000
2024-06-23 13:45:50.296,OnTrack,2748,2920,1757,pos,0 days 00:42:35.883000,0 days 01:39:32.978000
2024-06-23 13:45:50.476,OnTrack,2799,2820,1754,pos,0 days 00:42:36.063000,0 days 01:39:33.158000
2024-06-23 13:45:50.736,OnTrack,2867,2591,1748,pos,0 days 00:42:36.323000,0 days 01:39:33.418000
2024-06-23 13:45:51.176,OnTrack,2885,2390,1744,pos,0 days 00:42:36.763000,0 days 01:39:33.858000
2024-06-23 13:45:51.336,OnTrack,2867,2225,1739,pos,0 days 00:42:36.923000,0 days 01:39:34.018000
2024-06-23 13:45:51.796,OnTrack,2780,1954,1735,pos,0 days 00:42:37.383000,0 days 01:39:34.478000
2024-06-23 13:45:52.136,OnTrack,2688,1779,1733,pos,0 days 00:42:37.723000,0 days 01:39:34.818000
2024-06-23 13:45:52.416,OnTrack,2587,1615,1730,pos,0 days 00:42:38.003000,0 days 01:39:35.098000
2024-06-23 13:45:52.556,OnTrack,2489,1464,1727,pos,0 days 00:42:38.143000,0 days 01:39:35.238000
2024-06-23 13:45:52.956,OnTrack,2381,1299,1724,pos,0 days 00:42:38.543000,0 days 01:39:35.638000
2024-06-23 13:45:53.196,OnTrack,2288,1156,1722,pos,0 days 00:42:38.783000,0 days 01:39:35.878000
2024-06-23 13:45:53.477,OnTrack,2170,975,1719,pos,0 days 00:42:39.064000,0 days 01:39:36.159000
2024-06-23 13:45:53.617,OnTrack,2066,815,1716,pos,0 days 00:42:39.204000,0 days 01:39:36.299000
2024-06-23 13:45:54.097,OnTrack,1929,604,1713,pos,0 days 00:42:39.684000,0 days 01:39:36.779000
2024-06-23 13:45:54.297,OnTrack,1798,403,1710,pos,0 days 00:42:39.884000,0 days 01:39:36.979000
2024-06-23 13:45:54.617,OnTrack,1671,208,1708,pos,0 days 00:42:40.204000,0 days 01:39:37.299000
2024-06-23 13:45:55.057,OnTrack,1487,-77,1708,pos,0 days 00:42:40.644000,0 days 01:39:37.739000
2024-06-23 13:45:55.557,OnTrack,1335,-314,1707,pos,0 days 00:42:41.144000,0 days 01:39:38.239000
2024-06-23 13:45:55.617,OnTrack,1310,-354,1707,pos,0 days 00:42:41.204000,0 days 01:39:38.299000
2024-06-23 13:45:55.957,OnTrack,1166,-581,1708,pos,0 days 00:42:41.544000,0 days 01:39:38.639000
2024-06-23 13:45:56.137,OnTrack,1089,-702,1708,pos,0 days 00:42:41.724000,0 days 01:39:38.819000
2024-06-23 13:45:56.296,OnTrack,978,-877,1708,pos,0 days 00:42:41.883000,0 days 01:39:38.978000
2024-06-23 13:45:56.736,OnTrack,831,-1108,1708,pos,0 days 00:42:42.323000,0 days 01:39:39.418000
2024-06-23 13:45:56.896,OnTrack,762,-1217,1708,pos,0 days 00:42:42.483000,0 days 01:39:39.578000
2024-06-23 13:45:57.056,OnTrack,692,-1327,1707,pos,0 days 00:42:42.643000,0 days 01:39:39.738000
2024-06-23 13:45:57.256,OnTrack,605,-1465,1707,pos,0 days 00:42:42.843000,0 days 01:39:39.938000
2024-06-23 13:45:57.556,OnTrack,473,-1671,1708,pos,0 days 00:42:43.143000,0 days 01:39:40.238000
2024-06-23 13:45:57.776,OnTrack,333,-1893,1708,pos,0 days 00:42:43.363000,0 days 01:39:40.458000
2024-06-23 13:45:58.196,OnTrack,130,-2213,1707,pos,0 days 00:42:43.783000,0 days 01:39:40.878000
2024-06-23 13:45:58.456,OnTrack,76,-2297,1707,pos,0 days 00:42:44.043000,0 days 01:39:41.138000
2024-06-23 13:45:58.796,OnTrack,-75,-2534,1707,pos,0 days 00:42:44.383000,0 days 01:39:41.478000
2024-06-23 13:45:59.016,OnTrack,-174,-2687,1706,pos,0 days 00:42:44.603000,0 days 01:39:41.698000
2024-06-23 13:45:59.196,OnTrack,-321,-2909,1703,pos,0 days 00:42:44.783000,0 days 01:39:41.878000
2024-06-23 13:45:59.636,OnTrack,-459,-3117,1701,pos,0 days 00:42:45.223000,0 days 01:39:42.318000
2024-06-23 13:45:59.816,OnTrack,-589,-3312,1698,pos,0 days 00:42:45.403000,0 days 01:39:42.498000
2024-06-23 13:46:00.257,OnTrack,-823,-3661,1691,pos,0 days 00:42:45.844000,0 days 01:39:42.939000
2024-06-23 13:46:00.657,OnTrack,-936,-3829,1688,pos,0 days 00:42:46.244000,0 days 01:39:43.339000
2024-06-23 13:46:00.877,OnTrack,-1058,-4011,1683,pos,0 days 00:42:46.464000,0 days 01:39:43.559000
2024-06-23 13:46:01.277,OnTrack,-1265,-4320,1675,pos,0 days 00:42:46.864000,0 days 01:39:43.959000
2024-06-23 13:46:01.657,OnTrack,-1407,-4531,1668,pos,0 days 00:42:47.244000,0 days 01:39:44.339000
2024-06-23 13:46:01.917,OnTrack,-1569,-4773,1661,pos,0 days 00:42:47.504000,0 days 01:39:44.599000
2024-06-23 13:46:02.197,OnTrack,-1653,-4900,1658,pos,0 days 00:42:47.784000,0 days 01:39:44.879000
2024-06-23 13:46:02.437,OnTrack,-1763,-5074,1654,pos,0 days 00:42:48.024000,0 days 01:39:45.119000
2024-06-23 13:46:02.577,OnTrack,-1824,-5175,1652,pos,0 days 00:42:48.164000,0 days 01:39:45.259000
2024-06-23 13:46:02.777,OnTrack,-1910,-5321,1649,pos,0 days 00:42:48.364000,0 days 01:39:45.459000
2024-06-23 13:46:02.996,OnTrack,-2003,-5483,1646,pos,0 days 00:42:48.583000,0 days 01:39:45.678000
2024-06-23 13:46:03.236,OnTrack,-2104,-5660,1644,pos,0 days 00:42:48.823000,0 days 01:39:45.918000
2024-06-23 13:46:03.456,OnTrack,-2194,-5823,1641,pos,0 days 00:42:49.043000,0 days 01:39:46.138000
2024-06-23 13:46:03.616,OnTrack,-2259,-5941,1640,pos,0 days 00:42:49.203000,0 days 01:39:46.298000
2024-06-23 13:46:03.856,OnTrack,-2355,-6113,1638,pos,0 days 00:42:49.443000,0 days 01:39:46.538000
2024-06-23 13:46:04.096,OnTrack,-2449,-6274,1636,pos,0 days 00:42:49.683000,0 days 01:39:46.778000
2024-06-23 13:46:04.336,OnTrack,-2581,-6479,1633,pos,0 days 00:42:49.923000,0 days 01:39:47.018000
2024-06-23 13:46:04.656,OnTrack,-2628,-6544,1632,pos,0 days 00:42:50.243000,0 days 01:39:47.338000
2024-06-23 13:46:04.896,OnTrack,-2707,-6646,1631,pos,0 days 00:42:50.483000,0 days 01:39:47.578000
2024-06-23 13:46:05.196,OnTrack,-2800,-6752,1628,pos,0 days 00:42:50.783000,0 days 01:39:47.878000
2024-06-23 13:46:05.416,OnTrack,-2894,-6841,1625,pos,0 days 00:42:51.003000,0 days 01:39:48.098000
2024-06-23 13:46:05.856,OnTrack,-3059,-6950,1625,pos,0 days 00:42:51.443000,0 days 01:39:48.538000
2024-06-23 13:46:06.236,OnTrack,-3187,-6989,1623,pos,0 days 00:42:51.823000,0 days 01:39:48.918000
2024-06-23 13:46:06.657,OnTrack,-3306,-6992,1625,pos,0 days 00:42:52.244000,0 days 01:39:49.339000
2024-06-23 13:46:06.697,OnTrack,-3320,-6991,1625,pos,0 days 00:42:52.284000,0 days 01:39:49.379000
2024-06-23 13:46:07.037,OnTrack,-3445,-6960,1629,pos,0 days 00:42:52.624000,0 days 01:39:49.719000
2024-06-23 13:46:07.277,OnTrack,-3569,-6908,1631,pos,0 days 00:42:52.864000,0 days 01:39:49.959000
2024-06-23 13:46:07.577,OnTrack,-3636,-6877,1632,pos,0 days 00:42:53.164000,0 days 01:39:50.259000
2024-06-23 13:46:07.857,OnTrack,-3800,-6806,1635,pos,0 days 00:42:53.444000,0 days 01:39:50.539000
2024-06-23 13:46:08.297,OnTrack,-3970,-6768,1640,pos,0 days 00:42:53.884000,0 days 01:39:50.979000
2024-06-23 13:46:08.717,OnTrack,-4113,-6781,1645,pos,0 days 00:42:54.304000,0 days 01:39:51.399000
2024-06-23 13:46:08.817,OnTrack,-4159,-6792,1647,pos,0 days 00:42:54.404000,0 days 01:39:51.499000
2024-06-23 13:46:08.997,OnTrack,-4240,-6821,1651,pos,0 days 00:42:54.584000,0 days 01:39:51.679000
2024-06-23 13:46:09.197,OnTrack,-4335,-6864,1656,pos,0 days 00:42:54.784000,0 days 01:39:51.879000
2024-06-23 13:46:09.536,OnTrack,-4481,-6950,1665,pos,0 days 00:42:55.123000,0 days 01:39:52.218000
2024-06-23 13:46:09.736,OnTrack,-4591,-7026,1671,pos,0 days 00:42:55.323000,0 days 01:39:52.418000
2024-06-23 13:46:10.016,OnTrack,-4685,-7094,1676,pos,0 days 00:42:55.603000,0 days 01:39:52.698000
2024-06-23 13:46:10.296,OnTrack,-4812,-7180,1683,pos,0 days 00:42:55.883000,0 days 01:39:52.978000
2024-06-23 13:46:10.596,OnTrack,-4958,-7270,1691,pos,0 days 00:42:56.183000,0 days 01:39:53.278000
2024-06-23 13:46:10.756,OnTrack,-5041,-7314,1695,pos,0 days 00:42:56.343000,0 days 01:39:53.438000
2024-06-23 13:46:10.996,OnTrack,-5249,-7402,1704,pos,0 days 00:42:56.583000,0 days 01:39:53.678000
2024-06-23 13:46:11.296,OnTrack,-5342,-7427,1708,pos,0 days 00:42:56.883000,0 days 01:39:53.978000
2024-06-23 13:46:11.456,OnTrack,-5436,-7445,1713,pos,0 days 00:42:57.043000,0 days 01:39:54.138000
2024-06-23 13:46:11.756,OnTrack,-5615,-7455,1721,pos,0 days 00:42:57.343000,0 days 01:39:54.438000
2024-06-23 13:46:11.956,OnTrack,-5810,-7433,1728,pos,0 days 00:42:57.543000,0 days 01:39:54.638000
2024-06-23 13:46:12.336,OnTrack,-5944,-7400,1733,pos,0 days 00:42:57.923000,0 days 01:39:55.018000
2024-06-23 13:46:12.556,OnTrack,-6058,-7358,1738,pos,0 days 00:42:58.143000,0 days 01:39:55.238000
2024-06-23 13:46:12.796,OnTrack,-6177,-7298,1742,pos,0 days 00:42:58.383000,0 days 01:39:55.478000
2024-06-23 13:46:12.956,OnTrack,-6253,-7251,1746,pos,0 days 00:42:58.543000,0 days 01:39:55.638000
2024-06-23 13:46:13.217,OnTrack,-6392,-7135,1752,pos,0 days 00:42:58.804000,0 days 01:39:55.899000
2024-06-23 13:46:13.457,OnTrack,-6469,-7047,1755,pos,0 days 00:42:59.044000,0 days 01:39:56.139000
2024-06-23 13:46:13.697,OnTrack,-6543,-6939,1758,pos,0 days 00:42:59.284000,0 days 01:39:56.379000
2024-06-23 13:46:13.937,OnTrack,-6611,-6810,1761,pos,0 days 00:42:59.524000,0 days 01:39:56.619000
2024-06-23 13:46:14.117,OnTrack,-6653,-6706,1763,pos,0 days 00:42:59.704000,0 days 01:39:56.799000
2024-06-23 13:46:14.337,OnTrack,-6692,-6573,1765,pos,0 days 00:42:59.924000,0 days 01:39:57.019000
2024-06-23 13:46:14.577,OnTrack,-6719,-6420,1768,pos,0 days 00:43:00.164000,0 days 01:39:57.259000
2024-06-23 13:46:14.797,OnTrack,-6731,-6276,1769,pos,0 days 00:43:00.384000,0 days 01:39:57.479000
2024-06-23 13:46:14.897,OnTrack,-6733,-6210,1770,pos,0 days 00:43:00.484000,0 days 01:39:57.579000
2024-06-23 13:46:15.177,OnTrack,-6727,-6022,1773,pos,0 days 00:43:00.764000,0 days 01:39:57.859000
2024-06-23 13:46:15.397,OnTrack,-6712,-5873,1775,pos,0 days 00:43:00.984000,0 days 01:39:58.079000
2024-06-23 13:46:15.677,OnTrack,-6682,-5680,1778,pos,0 days 00:43:01.264000,0 days 01:39:58.359000
2024-06-23 13:46:15.877,OnTrack,-6655,-5544,1779,pos,0 days 00:43:01.464000,0 days 01:39:58.559000
2024-06-23 13:46:16.096,OnTrack,-6605,-5351,1783,pos,0 days 00:43:01.683000,0 days 01:39:58.778000
2024-06-23 13:46:16.396,OnTrack,-6551,-5187,1786,pos,0 days 00:43:01.983000,0 days 01:39:59.078000
2024-06-23 13:46:16.576,OnTrack,-6501,-5067,1788,pos,0 days 00:43:02.163000,0 days 01:39:59.258000
2024-06-23 13:46:16.856,OnTrack,-6403,-4886,1791,pos,0 days 00:43:02.443000,0 days 01:39:59.538000
2024-06-23 13:46:17.156,OnTrack,-6255,-4660,1794,pos,0 days 00:43:02.743000,0 days 01:39:59.838000
2024-06-23 13:46:17.476,OnTrack,-6141,-4499,1797,pos,0 days 00:43:03.063000,0 days 01:40:00.158000
2024-06-23 13:46:17.656,OnTrack,-6061,-4388,1799,pos,0 days 00:43:03.243000,0 days 01:40:00.338000
2024-06-23 13:46:17.916,OnTrack,-5951,-4224,1801,pos,0 days 00:43:03.503000,0 days 01:40:00.598000
2024-06-23 13:46:18.216,OnTrack,-5833,-4021,1805,pos,0 days 00:43:03.803000,0 days 01:40:00.898000
2024-06-23 13:46:18.416,OnTrack,-5736,-3860,1807,pos,0 days 00:43:04.003000,0 days 01:40:01.098000
2024-06-23 13:46:18.716,OnTrack,-5628,-3687,1810,pos,0 days 00:43:04.303000,0 days 01:40:01.398000
2024-06-23 13:46:19.036,OnTrack,-5494,-3488,1813,pos,0 days 00:43:04.623000,0 days 01:40:01.718000
2024-06-23 13:46:19.216,OnTrack,-5424,-3385,1815,pos,0 days 00:43:04.803000,0 days 01:40:01.898000
2024-06-23 13:46:19.396,OnTrack,-5317,-3234,1817,pos,0 days 00:43:04.983000,0 days 01:40:02.078000
2024-06-23 13:46:19.797,OnTrack,-5217,-3109,1818,pos,0 days 00:43:05.384000,0 days 01:40:02.479000
2024-06-23 13:46:19.957,OnTrack,-5163,-3051,1819,pos,0 days 00:43:05.544000,0 days 01:40:02.639000
2024-06-23 13:46:20.197,OnTrack,-5050,-2954,1820,pos,0 days 00:43:05.784000,0 days 01:40:02.879000
2024-06-23 13:46:20.497,OnTrack,-4976,-2908,1821,pos,0 days 00:43:06.084000,0 days 01:40:03.179000
2024-06-23 13:46:20.737,OnTrack,-4883,-2867,1823,pos,0 days 00:43:06.324000,0 days 01:40:03.419000
2024-06-23 13:46:20.937,OnTrack,-4803,-2847,1823,pos,0 days 00:43:06.524000,0 days 01:40:03.619000
2024-06-23 13:46:21.257,OnTrack,-4652,-2841,1826,pos,0 days 00:43:06.844000,0 days 01:40:03.939000
2024-06-23 13:46:21.537,OnTrack,-4570,-2856,1827,pos,0 days 00:43:07.124000,0 days 01:40:04.219000
2024-06-23 13:46:21.757,OnTrack,-4493,-2882,1829,pos,0 days 00:43:07.344000,0 days 01:40:04.439000
2024-06-23 13:46:22.057,OnTrack,-4397,-2931,1831,pos,0 days 00:43:07.644000,0 days 01:40:04.739000
2024-06-23 13:46:22.257,OnTrack,-4341,-2971,1833,pos,0 days 00:43:07.844000,0 days 01:40:04.939000
2024-06-23 13:46:22.417,OnTrack,-4307,-3002,1833,pos,0 days 00:43:08.004000,0 days 01:40:05.099000
2024-06-23 13:46:22.716,OnTrack,-4241,-3073,1835,pos,0 days 00:43:08.303000,0 days 01:40:05.398000
2024-06-23 13:46:22.856,OnTrack,-4209,-3114,1835,pos,0 days 00:43:08.443000,0 days 01:40:05.538000
2024-06-23 13:46:23.116,OnTrack,-4155,-3195,1836,pos,0 days 00:43:08.703000,0 days 01:40:05.798000
2024-06-23 13:46:23.296,OnTrack,-4122,-3257,1836,pos,0 days 00:43:08.883000,0 days 01:40:05.978000
2024-06-23 13:46:23.496,OnTrack,-4079,-3362,1838,pos,0 days 00:43:09.083000,0 days 01:40:06.178000
2024-06-23 13:46:23.896,OnTrack,-4044,-3493,1838,pos,0 days 00:43:09.483000,0 days 01:40:06.578000
2024-06-23 13:46:23.976,OnTrack,-4038,-3528,1839,pos,0 days 00:43:09.563000,0 days 01:40:06.658000
2024-06-23 13:46:24.196,OnTrack,-4028,-3627,1839,pos,0 days 00:43:09.783000,0 days 01:40:06.878000
2024-06-23 13:46:24.416,OnTrack,-4029,-3731,1839,pos,0 days 00:43:10.003000,0 days 01:40:07.098000
2024-06-23 13:46:24.616,OnTrack,-4039,-3829,1839,pos,0 days 00:43:10.203000,0 days 01:40:07.298000
2024-06-23 13:46:24.876,OnTrack,-4068,-3957,1838,pos,0 days 00:43:10.463000,0 days 01:40:07.558000
2024-06-23 13:46:25.156,OnTrack,-4120,-4100,1836,pos,0 days 00:43:10.743000,0 days 01:40:07.838000
2024-06-23 13:46:25.376,OnTrack,-4175,-4209,1835,pos,0 days 00:43:10.963000,0 days 01:40:08.058000
2024-06-23 13:46:25.556,OnTrack,-4263,-4347,1832,pos,0 days 00:43:11.143000,0 days 01:40:08.238000
2024-06-23 13:46:25.816,OnTrack,-4317,-4425,1830,pos,0 days 00:43:11.403000,0 days 01:40:08.498000
2024-06-23 13:46:26.096,OnTrack,-4416,-4563,1828,pos,0 days 00:43:11.683000,0 days 01:40:08.778000
2024-06-23 13:46:26.277,OnTrack,-4490,-4663,1825,pos,0 days 00:43:11.864000,0 days 01:40:08.959000
2024-06-23 13:46:26.577,OnTrack,-4634,-4861,1820,pos,0 days 00:43:12.164000,0 days 01:40:09.259000
2024-06-23 13:46:26.977,OnTrack,-4751,-5020,1816,pos,0 days 00:43:12.564000,0 days 01:40:09.659000
2024-06-23 13:46:27.117,OnTrack,-4805,-5095,1815,pos,0 days 00:43:12.704000,0 days 01:40:09.799000
2024-06-23 13:46:27.357,OnTrack,-4896,-5221,1812,pos,0 days 00:43:12.944000,0 days 01:40:10.039000
2024-06-23 13:46:27.597,OnTrack,-4977,-5336,1808,pos,0 days 00:43:13.184000,0 days 01:40:10.279000
2024-06-23 13:46:27.777,OnTrack,-5029,-5414,1806,pos,0 days 00:43:13.364000,0 days 01:40:10.459000
2024-06-23 13:46:28.017,OnTrack,-5116,-5558,1800,pos,0 days 00:43:13.604000,0 days 01:40:10.699000
2024-06-23 13:46:28.317,OnTrack,-5146,-5618,1798,pos,0 days 00:43:13.904000,0 days 01:40:10.999000
2024-06-23 13:46:28.617,OnTrack,-5191,-5726,1794,pos,0 days 00:43:14.204000,0 days 01:40:11.299000
2024-06-23 13:46:28.857,OnTrack,-5215,-5808,1790,pos,0 days 00:43:14.444000,0 days 01:40:11.539000
2024-06-23 13:46:28.997,OnTrack,-5227,-5887,1786,pos,0 days 00:43:14.584000,0 days 01:40:11.679000
2024-06-23 13:46:29.376,OnTrack,-5223,-5975,1781,pos,0 days 00:43:14.963000,0 days 01:40:12.058000
2024-06-23 13:46:29.616,OnTrack,-5193,-6069,1776,pos,0 days 00:43:15.203000,0 days 01:40:12.298000
2024-06-23 13:46:29.996,OnTrack,-5151,-6134,1771,pos,0 days 00:43:15.583000,0 days 01:40:12.678000
2024-06-23 13:46:30.176,OnTrack,-5118,-6168,1769,pos,0 days 00:43:15.763000,0 days 01:40:12.858000
2024-06-23 13:46:30.456,OnTrack,-5035,-6219,1764,pos,0 days 00:43:16.043000,0 days 01:40:13.138000
2024-06-23 13:46:30.776,OnTrack,-4983,-6238,1761,pos,0 days 00:43:16.363000,0 days 01:40:13.458000
2024-06-23 13:46:30.936,OnTrack,-4942,-6246,1760,pos,0 days 00:43:16.523000,0 days 01:40:13.618000
2024-06-23 13:46:31.236,OnTrack,-4863,-6251,1755,pos,0 days 00:43:16.823000,0 days 01:40:13.918000
2024-06-23 13:46:31.416,OnTrack,-4814,-6248,1752,pos,0 days 00:43:17.003000,0 days 01:40:14.098000
2024-06-23 13:46:31.716,OnTrack,-4728,-6233,1746,pos,0 days 00:43:17.303000,0 days 01:40:14.398000
2024-06-23 13:46:31.876,OnTrack,-4682,-6220,1744,pos,0 days 00:43:17.463000,0 days 01:40:14.558000
2024-06-23 13:46:32.116,OnTrack,-4574,-6180,1736,pos,0 days 00:43:17.703000,0 days 01:40:14.798000
2024-06-23 13:46:32.556,OnTrack,-4435,-6113,1727,pos,0 days 00:43:18.143000,0 days 01:40:15.238000
2024-06-23 13:46:32.877,OnTrack,-4348,-6067,1722,pos,0 days 00:43:18.464000,0 days 01:40:15.559000
2024-06-23 13:46:33.177,OnTrack,-4182,-5976,1710,pos,0 days 00:43:18.764000,0 days 01:40:15.859000
2024-06-23 13:46:33.417,OnTrack,-4131,-5948,1707,pos,0 days 00:43:19.004000,0 days 01:40:16.099000
2024-06-23 13:46:33.657,OnTrack,-4009,-5886,1696,pos,0 days 00:43:19.244000,0 days 01:40:16.339000
2024-06-23 13:46:33.897,OnTrack,-3855,-5813,1690,pos,0 days 00:43:19.484000,0 days 01:40:16.579000
2024-06-23 13:46:34.177,OnTrack,-3713,-5752,1682,pos,0 days 00:43:19.764000,0 days 01:40:16.859000
2024-06-23 13:46:34.417,OnTrack,-3520,-5672,1675,pos,0 days 00:43:20.004000,0 days 01:40:17.099000
2024-06-23 13:46:34.717,OnTrack,-3422,-5628,1670,pos,0 days 00:43:20.304000,0 days 01:40:17.399000
2024-06-23 13:46:34.877,OnTrack,-3334,-5585,1666,pos,0 days 00:43:20.464000,0 days 01:40:17.559000
2024-06-23 13:46:35.097,OnTrack,-3214,-5518,1662,pos,0 days 00:43:20.684000,0 days 01:40:17.779000
2024-06-23 13:46:35.277,OnTrack,-3118,-5457,1659,pos,0 days 00:43:20.864000,0 days 01:40:17.959000
2024-06-23 13:46:35.617,OnTrack,-2889,-5281,1653,pos,0 days 00:43:21.204000,0 days 01:40:18.299000
2024-06-23 13:46:36.036,OnTrack,-2734,-5129,1651,pos,0 days 00:43:21.623000,0 days 01:40:18.718000
2024-06-23 13:46:36.216,OnTrack,-2652,-5036,1650,pos,0 days 00:43:21.803000,0 days 01:40:18.898000
2024-06-23 13:46:36.396,OnTrack,-2574,-4937,1651,pos,0 days 00:43:21.983000,0 days 01:40:19.078000
2024-06-23 13:46:36.696,OnTrack,-2395,-4685,1651,pos,0 days 00:43:22.283000,0 days 01:40:19.378000
2024-06-23 13:46:37.056,OnTrack,-2312,-4565,1653,pos,0 days 00:43:22.643000,0 days 01:40:19.738000
2024-06-23 13:46:37.236,OnTrack,-2252,-4476,1654,pos,0 days 00:43:22.823000,0 days 01:40:19.918000
2024-06-23 13:46:37.416,OnTrack,-2198,-4394,1656,pos,0 days 00:43:23.003000,0 days 01:40:20.098000
2024-06-23 13:46:37.596,OnTrack,-2153,-4317,1659,pos,0 days 00:43:23.183000,0 days 01:40:20.278000
2024-06-23 13:46:37.816,OnTrack,-2117,-4232,1661,pos,0 days 00:43:23.403000,0 days 01:40:20.498000
2024-06-23 13:46:38.176,OnTrack,-2085,-4040,1664,pos,0 days 00:43:23.763000,0 days 01:40:20.858000
2024-06-23 13:46:38.556,OnTrack,-2087,-3890,1669,pos,0 days 00:43:24.143000,0 days 01:40:21.238000
2024-06-23 13:46:38.916,OnTrack,-2101,-3810,1673,pos,0 days 00:43:24.503000,0 days 01:40:21.598000
2024-06-23 13:46:39.156,OnTrack,-2153,-3686,1680,pos,0 days 00:43:24.743000,0 days 01:40:21.838000
2024-06-23 13:46:39.497,OnTrack,-2202,-3623,1683,pos,0 days 00:43:25.084000,0 days 01:40:22.179000
2024-06-23 13:46:39.757,OnTrack,-2296,-3538,1689,pos,0 days 00:43:25.344000,0 days 01:40:22.439000
2024-06-23 13:46:40.037,OnTrack,-2353,-3497,1691,pos,0 days 00:43:25.624000,0 days 01:40:22.719000
2024-06-23 13:46:40.277,OnTrack,-2431,-3441,1694,pos,0 days 00:43:25.864000,0 days 01:40:22.959000
2024-06-23 13:46:40.477,OnTrack,-2497,-3391,1700,pos,0 days 00:43:26.064000,0 days 01:40:23.159000
2024-06-23 13:46:40.717,OnTrack,-2572,-3324,1707,pos,0 days 00:43:26.304000,0 days 01:40:23.399000
2024-06-23 13:46:40.917,OnTrack,-2633,-3260,1712,pos,0 days 00:43:26.504000,0 days 01:40:23.599000
2024-06-23 13:46:41.137,OnTrack,-2698,-3177,1721,pos,0 days 00:43:26.724000,0 days 01:40:23.819000
2024-06-23 13:46:41.337,OnTrack,-2751,-3092,1728,pos,0 days 00:43:26.924000,0 days 01:40:24.019000
2024-06-23 13:46:41.557,OnTrack,-2826,-2940,1739,pos,0 days 00:43:27.144000,0 days 01:40:24.239000
2024-06-23 13:46:41.957,OnTrack,-2895,-2788,1748,pos,0 days 00:43:27.544000,0 days 01:40:24.639000
2024-06-23 13:46:42.117,OnTrack,-2933,-2705,1753,pos,0 days 00:43:27.704000,0 days 01:40:24.799000
2024-06-23 13:46:42.317,OnTrack,-2983,-2600,1761,pos,0 days 00:43:27.904000,0 days 01:40:24.999000
2024-06-23 13:46:42.516,OnTrack,-3035,-2492,1768,pos,0 days 00:43:28.103000,0 days 01:40:25.198000
2024-06-23 13:46:42.856,OnTrack,-3167,-2214,1786,pos,0 days 00:43:28.443000,0 days 01:40:25.538000
2024-06-23 13:46:43.176,OnTrack,-3217,-2109,1793,pos,0 days 00:43:28.763000,0 days 01:40:25.858000
2024-06-23 13:46:43.336,OnTrack,-3262,-2015,1799,pos,0 days 00:43:28.923000,0 days 01:40:26.018000
2024-06-23 13:46:43.536,OnTrack,-3319,-1895,1808,pos,0 days 00:43:29.123000,0 days 01:40:26.218000
2024-06-23 13:46:43.716,OnTrack,-3371,-1786,1814,pos,0 days 00:43:29.303000,0 days 01:40:26.398000
2024-06-23 13:46:44.056,OnTrack,-3455,-1574,1829,pos,0 days 00:43:29.643000,0 days 01:40:26.738000
2024-06-23 13:46:44.316,OnTrack,-3500,-1371,1839,pos,0 days 00:43:29.903000,0 days 01:40:26.998000
2024-06-23 13:46:44.576,OnTrack,-3508,-1242,1844,pos,0 days 00:43:30.163000,0 days 01:40:27.258000
2024-06-23 13:46:44.816,OnTrack,-3499,-1091,1851,pos,0 days 00:43:30.403000,0 days 01:40:27.498000
2024-06-23 13:46:45.116,OnTrack,-3468,-909,1857,pos,0 days 00:43:30.703000,0 days 01:40:27.798000
2024-06-23 13:46:45.216,OnTrack,-3452,-850,1859,pos,0 days 00:43:30.803000,0 days 01:40:27.898000
2024-06-23 13:46:45.536,OnTrack,-3387,-669,1866,pos,0 days 00:43:31.123000,0 days 01:40:28.218000
2024-06-23 13:46:45.716,OnTrack,-3339,-573,1869,pos,0 days 00:43:31.303000,0 days 01:40:28.398000
2024-06-23 13:46:45.916,OnTrack,-3269,-466,1871,pos,0 days 00:43:31.503000,0 days 01:40:28.598000
2024-06-23 13:46:46.137,OnTrack,-3157,-347,1874,pos,0 days 00:43:31.724000,0 days 01:40:28.819000
2024-06-23 13:46:46.237,OnTrack,-3106,-309,1874,pos,0 days 00:43:31.824000,0 days 01:40:28.919000
2024-06-23 13:46:46.417,OnTrack,-3005,-250,1875,pos,0 days 00:43:32.004000,0 days 01:40:29.099000
2024-06-23 13:46:46.717,OnTrack,-2834,-175,1874,pos,0 days 00:43:32.304000,0 days 01:40:29.399000
2024-06-23 13:46:46.977,OnTrack,-2586,-75,1871,pos,0 days 00:43:32.564000,0 days 01:40:29.659000
2024-06-23 13:46:47.357,OnTrack,-2437,-8,1869,pos,0 days 00:43:32.944000,0 days 01:40:30.039000
2024-06-23 13:46:47.517,OnTrack,-2249,79,1866,pos,0 days 00:43:33.104000,0 days 01:40:30.199000
2024-06-23 13:46:47.957,OnTrack,-2057,170,1864,pos,0 days 00:43:33.544000,0 days 01:40:30.639000
2024-06-23 13:46:48.177,OnTrack,-1915,237,1862,pos,0 days 00:43:33.764000,0 days 01:40:30.859000
2024-06-23 13:46:48.457,OnTrack,-1731,324,1860,pos,0 days 00:43:34.044000,0 days 01:40:31.139000
2024-06-23 13:46:48.677,OnTrack,-1572,399,1858,pos,0 days 00:43:34.264000,0 days 01:40:31.359000
2024-06-23 13:46:49.056,OnTrack,-1331,514,1855,pos,0 days 00:43:34.643000,0 days 01:40:31.738000
2024-06-23 13:46:49.276,OnTrack,-1182,587,1853,pos,0 days 00:43:34.863000,0 days 01:40:31.958000
2024-06-23 13:46:49.496,OnTrack,-1022,668,1851,pos,0 days 00:43:35.083000,0 days 01:40:32.178000
2024-06-23 13:46:49.876,OnTrack,-722,827,1847,pos,0 days 00:43:35.463000,0 days 01:40:32.558000
2024-06-23 13:46:50.176,OnTrack,-571,908,1845,pos,0 days 00:43:35.763000,0 days 01:40:32.858000
2024-06-23 13:46:50.456,OnTrack,-377,1012,1842,pos,0 days 00:43:36.043000,0 days 01:40:33.138000
2024-06-23 13:46:50.656,OnTrack,-140,1138,1839,pos,0 days 00:43:36.243000,0 days 01:40:33.338000
2024-06-23 13:46:51.076,OnTrack,57,1243,1836,pos,0 days 00:43:36.663000,0 days 01:40:33.758000
2024-06-23 13:46:51.196,OnTrack,142,1288,1835,pos,0 days 00:43:36.783000,0 days 01:40:33.878000
2024-06-23 13:46:51.476,OnTrack,341,1392,1832,pos,0 days 00:43:37.063000,0 days 01:40:34.158000
2024-06-23 13:46:51.696,OnTrack,498,1469,1830,pos,0 days 00:43:37.283000,0 days 01:40:34.378000
2024-06-23 13:46:51.896,OnTrack,724,1567,1827,pos,0 days 00:43:37.483000,0 days 01:40:34.578000
2024-06-23 13:46:52.336,OnTrack,978,1669,1824,pos,0 days 00:43:37.923000,0 days 01:40:35.018000
2024-06-23 13:46:52.637,OnTrack,1076,1710,1823,pos,0 days 00:43:38.224000,0 days 01:40:35.319000
2024-06-23 13:46:52.837,OnTrack,1160,1749,1822,pos,0 days 00:43:38.424000,0 days 01:40:35.519000
2024-06-23 13:46:53.157,OnTrack,1274,1813,1821,pos,0 days 00:43:38.744000,0 days 01:40:35.839000
2024-06-23 13:46:53.257,OnTrack,1299,1831,1821,pos,0 days 00:43:38.844000,0 days 01:40:35.939000
2024-06-23 13:46:53.557,OnTrack,1379,1904,1820,pos,0 days 00:43:39.144000,0 days 01:40:36.239000
2024-06-23 13:46:53.797,OnTrack,1444,2013,1818,pos,0 days 00:43:39.384000,0 days 01:40:36.479000
2024-06-23 13:46:54.077,OnTrack,1457,2058,1818,pos,0 days 00:43:39.664000,0 days 01:40:36.759000
2024-06-23 13:46:54.397,OnTrack,1456,2206,1817,pos,0 days 00:43:39.984000,0 days 01:40:37.079000
2024-06-23 13:46:54.657,OnTrack,1448,2243,1817,pos,0 days 00:43:40.244000,0 days 01:40:37.339000
2024-06-23 13:46:54.877,OnTrack,1424,2308,1818,pos,0 days 00:43:40.464000,0 days 01:40:37.559000
2024-06-23 13:46:55.257,OnTrack,1369,2407,1822,pos,0 days 00:43:40.844000,0 days 01:40:37.939000
2024-06-23 13:46:55.417,OnTrack,1341,2443,1822,pos,0 days 00:43:41.004000,0 days 01:40:38.099000
2024-06-23 13:46:55.656,OnTrack,1296,2493,1824,pos,0 days 00:43:41.243000,0 days 01:40:38.338000
2024-06-23 13:46:55.856,OnTrack,1242,2540,1826,pos,0 days 00:43:41.443000,0 days 01:40:38.538000
2024-06-23 13:46:56.136,OnTrack,1191,2574,1827,pos,0 days 00:43:41.723000,0 days 01:40:38.818000
2024-06-23 13:46:56.416,OnTrack,1080,2621,1830,pos,0 days 00:43:42.003000,0 days 01:40:39.098000
2024-06-23 13:46:56.816,OnTrack,1002,2641,1831,pos,0 days 00:43:42.403000,0 days 01:40:39.498000
2024-06-23 13:46:56.996,OnTrack,945,2651,1833,pos,0 days 00:43:42.583000,0 days 01:40:39.678000
2024-06-23 13:46:57.176,OnTrack,885,2657,1834,pos,0 days 00:43:42.763000,0 days 01:40:39.858000
2024-06-23 13:46:57.516,OnTrack,763,2658,1836,pos,0 days 00:43:43.103000,0 days 01:40:40.198000
2024-06-23 13:46:57.736,OnTrack,624,2641,1840,pos,0 days 00:43:43.323000,0 days 01:40:40.418000
2024-06-23 13:46:58.056,OnTrack,551,2623,1841,pos,0 days 00:43:43.643000,0 days 01:40:40.738000
2024-06-23 13:46:58.276,OnTrack,461,2594,1844,pos,0 days 00:43:43.863000,0 days 01:40:40.958000
2024-06-23 13:46:58.516,OnTrack,316,2527,1850,pos,0 days 00:43:44.103000,0 days 01:40:41.198000
2024-06-23 13:46:58.776,OnTrack,248,2487,1853,pos,0 days 00:43:44.363000,0 days 01:40:41.458000
2024-06-23 13:46:58.996,OnTrack,153,2425,1859,pos,0 days 00:43:44.583000,0 days 01:40:41.678000
2024-06-23 13:46:59.197,OnTrack,58,2358,1864,pos,0 days 00:43:44.784000,0 days 01:40:41.879000
2024-06-23 13:46:59.477,OnTrack,-55,2280,1870,pos,0 days 00:43:45.064000,0 days 01:40:42.159000
2024-06-23 13:46:59.777,OnTrack,-234,2190,1877,pos,0 days 00:43:45.364000,0 days 01:40:42.459000
2024-06-23 13:47:00.177,OnTrack,-370,2146,1881,pos,0 days 00:43:45.764000,0 days 01:40:42.859000
2024-06-23 13:47:00.337,OnTrack,-439,2133,1884,pos,0 days 00:43:45.924000,0 days 01:40:43.019000
2024-06-23 13:47:00.597,OnTrack,-585,2122,1892,pos,0 days 00:43:46.184000,0 days 01:40:43.279000
2024-06-23 13:47:00.857,OnTrack,-645,2126,1895,pos,0 days 00:43:46.444000,0 days 01:40:43.539000
2024-06-23 13:47:01.097,OnTrack,-731,2142,1898,pos,0 days 00:43:46.684000,0 days 01:40:43.779000
2024-06-23 13:47:01.297,OnTrack,-795,2165,1902,pos,0 days 00:43:46.884000,0 days 01:40:43.979000
2024-06-23 13:47:01.477,OnTrack,-849,2195,1905,pos,0 days 00:43:47.064000,0 days 01:40:44.159000
2024-06-23 13:47:01.657,OnTrack,-895,2230,1906,pos,0 days 00:43:47.244000,0 days 01:40:44.339000
2024-06-23 13:47:01.877,OnTrack,-943,2281,1908,pos,0 days 00:43:47.464000,0 days 01:40:44.559000
2024-06-23 13:47:02.077,OnTrack,-979,2332,1909,pos,0 days 00:43:47.664000,0 days 01:40:44.759000
2024-06-23 13:47:02.296,OnTrack,-1009,2391,1910,pos,0 days 00:43:47.883000,0 days 01:40:44.978000
2024-06-23 13:47:02.596,OnTrack,-1042,2504,1913,pos,0 days 00:43:48.183000,0 days 01:40:45.278000
2024-06-23 13:47:03.056,OnTrack,-1049,2640,1914,pos,0 days 00:43:48.643000,0 days 01:40:45.738000
2024-06-23 13:47:03.456,OnTrack,-1038,2731,1916,pos,0 days 00:43:49.043000,0 days 01:40:46.138000
2024-06-23 13:47:03.636,OnTrack,-1024,2786,1917,pos,0 days 00:43:49.223000,0 days 01:40:46.318000
2024-06-23 13:47:03.936,OnTrack,-992,2879,1918,pos,0 days 00:43:49.523000,0 days 01:40:46.618000
2024-06-23 13:47:04.136,OnTrack,-953,2960,1920,pos,0 days 00:43:49.723000,0 days 01:40:46.818000
2024-06-23 13:47:04.476,OnTrack,-874,3078,1921,pos,0 days 00:43:50.063000,0 days 01:40:47.158000
2024-06-23 13:47:04.796,OnTrack,-814,3149,1922,pos,0 days 00:43:50.383000,0 days 01:40:47.478000
2024-06-23 13:47:05.156,OnTrack,-704,3254,1922,pos,0 days 00:43:50.743000,0 days 01:40:47.838000
2024-06-23 13:47:05.316,OnTrack,-650,3300,1922,pos,0 days 00:43:50.903000,0 days 01:40:47.998000
2024-06-23 13:47:05.376,OnTrack,-628,3318,1922,pos,0 days 00:43:50.963000,0 days 01:40:48.058000
2024-06-23 13:47:05.696,OnTrack,-460,3450,1920,pos,0 days 00:43:51.283000,0 days 01:40:48.378000
2024-06-23 13:47:06.057,OnTrack,-353,3534,1918,pos,0 days 00:43:51.644000,0 days 01:40:48.739000
2024-06-23 13:47:06.337,OnTrack,-243,3628,1915,pos,0 days 00:43:51.924000,0 days 01:40:49.019000
2024-06-23 13:47:06.557,OnTrack,-102,3748,1911,pos,0 days 00:43:52.144000,0 days 01:40:49.239000
2024-06-23 13:47:06.977,OnTrack,94,3908,1903,pos,0 days 00:43:52.564000,0 days 01:40:49.659000
2024-06-23 13:47:07.357,OnTrack,238,4007,1896,pos,0 days 00:43:52.944000,0 days 01:40:50.039000
2024-06-23 13:47:07.437,OnTrack,282,4032,1894,pos,0 days 00:43:53.024000,0 days 01:40:50.119000
2024-06-23 13:47:07.677,OnTrack,420,4093,1888,pos,0 days 00:43:53.264000,0 days 01:40:50.359000
2024-06-23 13:47:08.017,OnTrack,666,4139,1877,pos,0 days 00:43:53.604000,0 days 01:40:50.699000
2024-06-23 13:47:08.337,OnTrack,838,4130,1867,pos,0 days 00:43:53.924000,0 days 01:40:51.019000
2024-06-23 13:47:08.577,OnTrack,995,4099,1858,pos,0 days 00:43:54.164000,0 days 01:40:51.259000
2024-06-23 13:47:08.816,OnTrack,1222,4015,1845,pos,0 days 00:43:54.403000,0 days 01:40:51.498000
2024-06-23 13:47:09.156,OnTrack,1356,3949,1836,pos,0 days 00:43:54.743000,0 days 01:40:51.838000
2024-06-23 13:47:09.436,OnTrack,1523,3853,1827,pos,0 days 00:43:55.023000,0 days 01:40:52.118000
2024-06-23 13:47:09.696,OnTrack,1677,3757,1817,pos,0 days 00:43:55.283000,0 days 01:40:52.378000
2024-06-23 13:47:09.856,OnTrack,1831,3657,1808,pos,0 days 00:43:55.443000,0 days 01:40:52.538000
2024-06-23 13:47:10.196,OnTrack,1976,3565,1800,pos,0 days 00:43:55.783000,0 days 01:40:52.878000
2024-06-23 13:47:10.436,OnTrack,2123,3471,1791,pos,0 days 00:43:56.023000,0 days 01:40:53.118000
2024-06-23 13:47:10.616,OnTrack,2233,3400,1786,pos,0 days 00:43:56.203000,0 days 01:40:53.298000
2024-06-23 13:47:10.856,OnTrack,2376,3301,1778,pos,0 days 00:43:56.443000,0 days 01:40:53.538000
2024-06-23 13:47:11.096,OnTrack,2554,3151,1769,pos,0 days 00:43:56.683000,0 days 01:40:53.778000
2024-06-23 13:47:11.476,OnTrack,2680,3017,1761,pos,0 days 00:43:57.063000,0 days 01:40:54.158000
2024-06-23 13:47:11.676,OnTrack,2751,2914,1757,pos,0 days 00:43:57.263000,0 days 01:40:54.358000
2024-06-23 13:47:11.916,OnTrack,2845,2691,1750,pos,0 days 00:43:57.503000,0 days 01:40:54.598000
2024-06-23 13:47:12.357,OnTrack,2881,2486,1744,pos,0 days 00:43:57.944000,0 days 01:40:55.039000
2024-06-23 13:47:12.537,OnTrack,2879,2308,1742,pos,0 days 00:43:58.124000,0 days 01:40:55.219000
2024-06-23 13:47:12.877,OnTrack,2852,2154,1738,pos,0 days 00:43:58.464000,0 days 01:40:55.559000
2024-06-23 13:47:13.237,OnTrack,2753,1899,1734,pos,0 days 00:43:58.824000,0 days 01:40:55.919000
2024-06-23 13:47:13.497,OnTrack,2701,1802,1733,pos,0 days 00:43:59.084000,0 days 01:40:56.179000
2024-06-23 13:47:13.717,OnTrack,2623,1672,1731,pos,0 days 00:43:59.304000,0 days 01:40:56.399000
2024-06-23 13:47:14.017,OnTrack,2510,1496,1728,pos,0 days 00:43:59.604000,0 days 01:40:56.699000
2024-06-23 13:47:14.237,OnTrack,2425,1367,1725,pos,0 days 00:43:59.824000,0 days 01:40:56.919000
2024-06-23 13:47:14.397,OnTrack,2363,1272,1724,pos,0 days 00:43:59.984000,0 days 01:40:57.079000
2024-06-23 13:47:14.517,OnTrack,2316,1200,1723,pos,0 days 00:44:00.104000,0 days 01:40:57.199000
2024-06-23 13:47:14.837,OnTrack,2190,1006,1719,pos,0 days 00:44:00.424000,0 days 01:40:57.519000
2024-06-23 13:47:14.997,OnTrack,2127,908,1717,pos,0 days 00:44:00.584000,0 days 01:40:57.679000
2024-06-23 13:47:15.197,OnTrack,2046,784,1715,pos,0 days 00:44:00.784000,0 days 01:40:57.879000
2024-06-23 13:47:15.376,OnTrack,1974,673,1714,pos,0 days 00:44:00.963000,0 days 01:40:58.058000
2024-06-23 13:47:15.556,OnTrack,1900,560,1712,pos,0 days 00:44:01.143000,0 days 01:40:58.238000
2024-06-23 13:47:15.756,OnTrack,1818,434,1710,pos,0 days 00:44:01.343000,0 days 01:40:58.438000
2024-06-23 13:47:15.976,OnTrack,1726,294,1709,pos,0 days 00:44:01.563000,0 days 01:40:58.658000
2024-06-23 13:47:16.196,OnTrack,1650,175,1708,pos,0 days 00:44:01.783000,0 days 01:40:58.878000
2024-06-23 13:47:16.436,OnTrack,1550,19,1708,pos,0 days 00:44:02.023000,0 days 01:40:59.118000
2024-06-23 13:47:16.556,OnTrack,1498,-60,1707,pos,0 days 00:44:02.143000,0 days 01:40:59.238000
2024-06-23 13:47:16.916,OnTrack,1304,-363,1707,pos,0 days 00:44:02.503000,0 days 01:40:59.598000
2024-06-23 13:47:17.276,OnTrack,1194,-536,1708,pos,0 days 00:44:02.863000,0 days 01:40:59.958000
2024-06-23 13:47:17.476,OnTrack,1109,-671,1708,pos,0 days 00:44:03.063000,0 days 01:41:00.158000
2024-06-23 13:47:17.716,OnTrack,1006,-832,1708,pos,0 days 00:44:03.303000,0 days 01:41:00.398000
2024-06-23 13:47:17.876,OnTrack,895,-1008,1708,pos,0 days 00:44:03.463000,0 days 01:41:00.558000
2024-06-23 13:47:18.296,OnTrack,714,-1293,1707,pos,0 days 00:44:03.883000,0 days 01:41:00.978000
2024-06-23 13:47:18.716,OnTrack,575,-1512,1707,pos,0 days 00:44:04.303000,0 days 01:41:01.398000
2024-06-23 13:47:18.917,OnTrack,479,-1663,1707,pos,0 days 00:44:04.504000,0 days 01:41:01.599000
2024-06-23 13:47:19.137,OnTrack,383,-1814,1708,pos,0 days 00:44:04.724000,0 days 01:41:01.819000
2024-06-23 13:47:19.337,OnTrack,295,-1952,1708,pos,0 days 00:44:04.924000,0 days 01:41:02.019000
2024-06-23 13:47:19.597,OnTrack,190,-2118,1708,pos,0 days 00:44:05.184000,0 days 01:41:02.279000
2024-06-23 13:47:19.817,OnTrack,66,-2313,1708,pos,0 days 00:44:05.404000,0 days 01:41:02.499000
2024-06-23 13:47:20.117,OnTrack,-39,-2479,1707,pos,0 days 00:44:05.704000,0 days 01:41:02.799000
2024-06-23 13:47:20.317,OnTrack,-129,-2617,1706,pos,0 days 00:44:05.904000,0 days 01:41:02.999000
2024-06-23 13:47:20.637,OnTrack,-302,-2880,1703,pos,0 days 00:44:06.224000,0 days 01:41:03.319000
2024-06-23 13:47:20.997,OnTrack,-440,-3088,1701,pos,0 days 00:44:06.584000,0 days 01:41:03.679000
2024-06-23 13:47:21.257,OnTrack,-588,-3310,1698,pos,0 days 00:44:06.844000,0 days 01:41:03.939000
2024-06-23 13:47:21.657,OnTrack,-746,-3546,1694,pos,0 days 00:44:07.244000,0 days 01:41:04.339000
2024-06-23 13:47:21.877,OnTrack,-858,-3714,1690,pos,0 days 00:44:07.464000,0 days 01:41:04.559000
2024-06-23 13:47:22.136,OnTrack,-971,-3881,1686,pos,0 days 00:44:07.723000,0 days 01:41:04.818000
2024-06-23 13:47:22.356,OnTrack,-1074,-4035,1682,pos,0 days 00:44:07.943000,0 days 01:41:05.038000
2024-06-23 13:47:22.596,OnTrack,-1244,-4288,1676,pos,0 days 00:44:08.183000,0 days 01:41:05.278000
2024-06-23 13:47:22.976,OnTrack,-1366,-4471,1670,pos,0 days 00:44:08.563000,0 days 01:41:05.658000
2024-06-23 13:47:23.216,OnTrack,-1480,-4640,1665,pos,0 days 00:44:08.803000,0 days 01:41:05.898000
2024-06-23 13:47:23.496,OnTrack,-1611,-4836,1660,pos,0 days 00:44:09.083000,0 days 01:41:06.178000
2024-06-23 13:47:23.616,OnTrack,-1667,-4921,1657,pos,0 days 00:44:09.203000,0 days 01:41:06.298000
2024-06-23 13:47:23.776,OnTrack,-1732,-5025,1655,pos,0 days 00:44:09.363000,0 days 01:41:06.458000
2024-06-23 13:47:23.956,OnTrack,-1812,-5155,1652,pos,0 days 00:44:09.543000,0 days 01:41:06.638000
2024-06-23 13:47:24.316,OnTrack,-2009,-5494,1646,pos,0 days 00:44:09.903000,0 days 01:41:06.998000
2024-06-23 13:47:24.616,OnTrack,-2093,-5642,1644,pos,0 days 00:44:10.203000,0 days 01:41:07.298000
2024-06-23 13:47:24.836,OnTrack,-2183,-5804,1641,pos,0 days 00:44:10.423000,0 days 01:41:07.518000
2024-06-23 13:47:25.116,OnTrack,-2297,-6010,1639,pos,0 days 00:44:10.703000,0 days 01:41:07.798000
2024-06-23 13:47:25.296,OnTrack,-2369,-6138,1637,pos,0 days 00:44:10.883000,0 days 01:41:07.978000
2024-06-23 13:47:25.477,OnTrack,-2449,-6274,1636,pos,0 days 00:44:11.064000,0 days 01:41:08.159000
2024-06-23 13:47:25.677,OnTrack,-2575,-6471,1633,pos,0 days 00:44:11.264000,0 days 01:41:08.359000
2024-06-23 13:47:26.137,OnTrack,-2654,-6580,1632,pos,0 days 00:44:11.724000,0 days 01:41:08.819000
2024-06-23 13:47:26.317,OnTrack,-2713,-6654,1631,pos,0 days 00:44:11.904000,0 days 01:41:08.999000
2024-06-23 13:47:26.497,OnTrack,-2770,-6720,1629,pos,0 days 00:44:12.084000,0 days 01:41:09.179000
2024-06-23 13:47:26.717,OnTrack,-2867,-6817,1626,pos,0 days 00:44:12.304000,0 days 01:41:09.399000
2024-06-23 13:47:27.157,OnTrack,-2988,-6911,1624,pos,0 days 00:44:12.744000,0 days 01:41:09.839000
2024-06-23 13:47:27.337,OnTrack,-3051,-6946,1625,pos,0 days 00:44:12.924000,0 days 01:41:10.019000
2024-06-23 13:47:27.537,OnTrack,-3122,-6974,1623,pos,0 days 00:44:13.124000,0 days 01:41:10.219000
2024-06-23 13:47:27.657,OnTrack,-3166,-6986,1623,pos,0 days 00:44:13.244000,0 days 01:41:10.339000
2024-06-23 13:47:27.917,OnTrack,-3263,-6995,1624,pos,0 days 00:44:13.504000,0 days 01:41:10.599000
2024-06-23 13:47:28.077,OnTrack,-3323,-6990,1626,pos,0 days 00:44:13.664000,0 days 01:41:10.759000
2024-06-23 13:47:28.297,OnTrack,-3448,-6959,1629,pos,0 days 00:44:13.884000,0 days 01:41:10.979000
2024-06-23 13:47:28.656,OnTrack,-3536,-6923,1630,pos,0 days 00:44:14.243000,0 days 01:41:11.338000
2024-06-23 13:47:28.976,OnTrack,-3692,-6851,1632,pos,0 days 00:44:14.563000,0 days 01:41:11.658000
2024-06-23 13:47:29.336,OnTrack,-3845,-6790,1635,pos,0 days 00:44:14.923000,0 days 01:41:12.018000
2024-06-23 13:47:29.776,OnTrack,-3983,-6767,1640,pos,0 days 00:44:15.363000,0 days 01:41:12.458000
2024-06-23 13:47:29.936,OnTrack,-4055,-6771,1643,pos,0 days 00:44:15.523000,0 days 01:41:12.618000
2024-06-23 13:47:30.156,OnTrack,-4156,-6792,1647,pos,0 days 00:44:15.743000,0 days 01:41:12.838000
2024-06-23 13:47:30.336,OnTrack,-4239,-6820,1651,pos,0 days 00:44:15.923000,0 days 01:41:13.018000
2024-06-23 13:47:30.496,OnTrack,-4316,-6855,1656,pos,0 days 00:44:16.083000,0 days 01:41:13.178000
2024-06-23 13:47:30.716,OnTrack,-4418,-6910,1661,pos,0 days 00:44:16.303000,0 days 01:41:13.398000
2024-06-23 13:47:30.916,OnTrack,-4503,-6965,1666,pos,0 days 00:44:16.503000,0 days 01:41:13.598000
2024-06-23 13:47:31.256,OnTrack,-4708,-7110,1677,pos,0 days 00:44:16.843000,0 days 01:41:13.938000
2024-06-23 13:47:31.676,OnTrack,-4837,-7196,1685,pos,0 days 00:44:17.263000,0 days 01:41:14.358000
2024-06-23 13:47:31.856,OnTrack,-4954,-7267,1691,pos,0 days 00:44:17.443000,0 days 01:41:14.538000
2024-06-23 13:47:32.177,OnTrack,-5177,-7376,1701,pos,0 days 00:44:17.764000,0 days 01:41:14.859000
2024-06-23 13:47:32.577,OnTrack,-5324,-7423,1707,pos,0 days 00:44:18.164000,0 days 01:41:15.259000
2024-06-23 13:47:32.757,OnTrack,-5417,-7442,1712,pos,0 days 00:44:18.344000,0 days 01:41:15.439000
2024-06-23 13:47:33.077,OnTrack,-5656,-7453,1722,pos,0 days 00:44:18.664000,0 days 01:41:15.759000
2024-06-23 13:47:33.457,OnTrack,-5835,-7428,1729,pos,0 days 00:44:19.044000,0 days 01:41:16.139000
2024-06-23 13:47:33.717,OnTrack,-5985,-7386,1736,pos,0 days 00:44:19.304000,0 days 01:41:16.399000
2024-06-23 13:47:33.857,OnTrack,-6060,-7358,1738,pos,0 days 00:44:19.444000,0 days 01:41:16.539000
2024-06-23 13:47:34.117,OnTrack,-6192,-7290,1743,pos,0 days 00:44:19.704000,0 days 01:41:16.799000
2024-06-23 13:47:34.297,OnTrack,-6277,-7234,1746,pos,0 days 00:44:19.884000,0 days 01:41:16.979000
2024-06-23 13:47:34.497,OnTrack,-6406,-7120,1752,pos,0 days 00:44:20.084000,0 days 01:41:17.179000
2024-06-23 13:47:34.857,OnTrack,-6504,-7000,1756,pos,0 days 00:44:20.444000,0 days 01:41:17.539000
2024-06-23 13:47:35.017,OnTrack,-6556,-6918,1758,pos,0 days 00:44:20.604000,0 days 01:41:17.699000
2024-06-23 13:47:35.316,OnTrack,-6658,-6691,1763,pos,0 days 00:44:20.903000,0 days 01:41:17.998000
2024-06-23 13:47:35.636,OnTrack,-6695,-6557,1765,pos,0 days 00:44:21.223000,0 days 01:41:18.318000
2024-06-23 13:47:35.796,OnTrack,-6714,-6454,1767,pos,0 days 00:44:21.383000,0 days 01:41:18.478000
2024-06-23 13:47:36.076,OnTrack,-6731,-6270,1769,pos,0 days 00:44:21.663000,0 days 01:41:18.758000
2024-06-23 13:47:36.316,OnTrack,-6731,-6109,1772,pos,0 days 00:44:21.903000,0 days 01:41:18.998000
2024-06-23 13:47:36.556,OnTrack,-6716,-5905,1775,pos,0 days 00:44:22.143000,0 days 01:41:19.238000
2024-06-23 13:47:36.976,OnTrack,-6678,-5658,1778,pos,0 days 00:44:22.563000,0 days 01:41:19.658000
2024-06-23 13:47:37.136,OnTrack,-6659,-5562,1779,pos,0 days 00:44:22.723000,0 days 01:41:19.818000
2024-06-23 13:47:37.396,OnTrack,-6614,-5382,1783,pos,0 days 00:44:22.983000,0 days 01:41:20.078000
2024-06-23 13:47:37.576,OnTrack,-6577,-5259,1785,pos,0 days 00:44:23.163000,0 days 01:41:20.258000
2024-06-23 13:47:37.656,OnTrack,-6558,-5204,1786,pos,0 days 00:44:23.243000,0 days 01:41:20.338000
2024-06-23 13:47:37.856,OnTrack,-6502,-5070,1788,pos,0 days 00:44:23.443000,0 days 01:41:20.538000
2024-06-23 13:47:38.176,OnTrack,-6388,-4862,1792,pos,0 days 00:44:23.763000,0 days 01:41:20.858000
2024-06-23 13:47:38.436,OnTrack,-6281,-4698,1794,pos,0 days 00:44:24.023000,0 days 01:41:21.118000
2024-06-23 13:47:38.637,OnTrack,-6186,-4562,1796,pos,0 days 00:44:24.224000,0 days 01:41:21.319000
2024-06-23 13:47:38.757,OnTrack,-6133,-4488,1797,pos,0 days 00:44:24.344000,0 days 01:41:21.439000
2024-06-23 13:47:38.997,OnTrack,-6026,-4340,1799,pos,0 days 00:44:24.584000,0 days 01:41:21.679000
2024-06-23 13:47:39.177,OnTrack,-5953,-4226,1801,pos,0 days 00:44:24.764000,0 days 01:41:21.859000
2024-06-23 13:47:39.357,OnTrack,-5889,-4118,1803,pos,0 days 00:44:24.944000,0 days 01:41:22.039000
2024-06-23 13:47:39.557,OnTrack,-5810,-3983,1805,pos,0 days 00:44:25.144000,0 days 01:41:22.239000
2024-06-23 13:47:39.797,OnTrack,-5656,-3731,1809,pos,0 days 00:44:25.384000,0 days 01:41:22.479000
2024-06-23 13:47:40.197,OnTrack,-5546,-3564,1812,pos,0 days 00:44:25.784000,0 days 01:41:22.879000
2024-06-23 13:47:40.457,OnTrack,-5411,-3366,1815,pos,0 days 00:44:26.044000,0 days 01:41:23.139000
2024-06-23 13:47:40.897,OnTrack,-5265,-3167,1818,pos,0 days 00:44:26.484000,0 days 01:41:23.579000
2024-06-23 13:47:41.177,OnTrack,-5193,-3083,1819,pos,0 days 00:44:26.764000,0 days 01:41:23.859000
2024-06-23 13:47:41.377,OnTrack,-5127,-3017,1819,pos,0 days 00:44:26.964000,0 days 01:41:24.059000
2024-06-23 13:47:41.677,OnTrack,-5023,-2936,1820,pos,0 days 00:44:27.264000,0 days 01:41:24.359000
2024-06-23 13:47:41.936,OnTrack,-4927,-2884,1822,pos,0 days 00:44:27.523000,0 days 01:41:24.618000
2024-06-23 13:47:42.096,OnTrack,-4866,-2862,1823,pos,0 days 00:44:27.683000,0 days 01:41:24.778000
2024-06-23 13:47:42.276,OnTrack,-4797,-2846,1824,pos,0 days 00:44:27.863000,0 days 01:41:24.958000
2024-06-23 13:47:42.536,OnTrack,-4697,-2839,1825,pos,0 days 00:44:28.123000,0 days 01:41:25.218000
2024-06-23 13:47:42.696,OnTrack,-4636,-2843,1826,pos,0 days 00:44:28.283000,0 days 01:41:25.378000
2024-06-23 13:47:42.916,OnTrack,-4555,-2861,1828,pos,0 days 00:44:28.503000,0 days 01:41:25.598000
2024-06-23 13:47:43.116,OnTrack,-4485,-2885,1829,pos,0 days 00:44:28.703000,0 days 01:41:25.798000
2024-06-23 13:47:43.376,OnTrack,-4365,-2952,1831,pos,0 days 00:44:28.963000,0 days 01:41:26.058000
2024-06-23 13:47:43.756,OnTrack,-4306,-3003,1833,pos,0 days 00:44:29.343000,0 days 01:41:26.438000
2024-06-23 13:47:43.936,OnTrack,-4241,-3073,1835,pos,0 days 00:44:29.523000,0 days 01:41:26.618000
2024-06-23 13:47:44.316,OnTrack,-4177,-3160,1835,pos,0 days 00:44:29.903000,0 days 01:41:26.998000
2024-06-23 13:47:44.616,OnTrack,-4119,-3264,1837,pos,0 days 00:44:30.203000,0 days 01:41:27.298000
2024-06-23 13:47:44.796,OnTrack,-4089,-3332,1838,pos,0 days 00:44:30.383000,0 days 01:41:27.478000
2024-06-23 13:47:44.956,OnTrack,-4067,-3397,1838,pos,0 days 00:44:30.543000,0 days 01:41:27.638000
2024-06-23 13:47:45.177,OnTrack,-4034,-3553,1839,pos,0 days 00:44:30.764000,0 days 01:41:27.859000
2024-06-23 13:47:45.617,OnTrack,-4028,-3705,1839,pos,0 days 00:44:31.204000,0 days 01:41:28.299000
2024-06-23 13:47:45.817,OnTrack,-4034,-3795,1839,pos,0 days 00:44:31.404000,0 days 01:41:28.499000
2024-06-23 13:47:45.917,OnTrack,-4042,-3845,1838,pos,0 days 00:44:31.504000,0 days 01:41:28.599000
2024-06-23 13:47:46.257,OnTrack,-4108,-4071,1836,pos,0 days 00:44:31.844000,0 days 01:41:28.939000
2024-06-23 13:47:46.657,OnTrack,-4181,-4219,1834,pos,0 days 00:44:32.244000,0 days 01:41:29.339000
2024-06-23 13:47:46.817,OnTrack,-4230,-4299,1833,pos,0 days 00:44:32.404000,0 days 01:41:29.499000
2024-06-23 13:47:47.057,OnTrack,-4348,-4468,1829,pos,0 days 00:44:32.644000,0 days 01:41:29.739000
2024-06-23 13:47:47.497,OnTrack,-4495,-4670,1824,pos,0 days 00:44:33.084000,0 days 01:41:30.179000
2024-06-23 13:47:47.897,OnTrack,-4625,-4848,1820,pos,0 days 00:44:33.484000,0 days 01:41:30.579000
2024-06-23 13:47:47.977,OnTrack,-4656,-4891,1819,pos,0 days 00:44:33.564000,0 days 01:41:30.659000
2024-06-23 13:47:48.217,OnTrack,-4805,-5095,1815,pos,0 days 00:44:33.804000,0 days 01:41:30.899000
2024-06-23 13:47:48.576,OnTrack,-4891,-5213,1812,pos,0 days 00:44:34.163000,0 days 01:41:31.258000
2024-06-23 13:47:48.936,OnTrack,-5036,-5425,1805,pos,0 days 00:44:34.523000,0 days 01:41:31.618000
2024-06-23 13:47:49.236,OnTrack,-5092,-5516,1801,pos,0 days 00:44:34.823000,0 days 01:41:31.918000
2024-06-23 13:47:49.516,OnTrack,-5165,-5660,1796,pos,0 days 00:44:35.103000,0 days 01:41:32.198000
2024-06-23 13:47:49.756,OnTrack,-5183,-5703,1794,pos,0 days 00:44:35.343000,0 days 01:41:32.438000
2024-06-23 13:47:50.076,OnTrack,-5216,-5812,1790,pos,0 days 00:44:35.663000,0 days 01:41:32.758000
2024-06-23 13:47:50.356,OnTrack,-5227,-5910,1786,pos,0 days 00:44:35.943000,0 days 01:41:33.038000
2024-06-23 13:47:50.576,OnTrack,-5223,-5971,1782,pos,0 days 00:44:36.163000,0 days 01:41:33.258000
2024-06-23 13:47:50.836,OnTrack,-5204,-6045,1778,pos,0 days 00:44:36.423000,0 days 01:41:33.518000
2024-06-23 13:47:51.076,OnTrack,-5172,-6106,1774,pos,0 days 00:44:36.663000,0 days 01:41:33.758000
2024-06-23 13:47:51.376,OnTrack,-5088,-6191,1768,pos,0 days 00:44:36.963000,0 days 01:41:34.058000
2024-06-23 13:47:51.696,OnTrack,-5045,-6215,1766,pos,0 days 00:44:37.283000,0 days 01:41:34.378000
2024-06-23 13:47:51.857,OnTrack,-5000,-6233,1763,pos,0 days 00:44:37.444000,0 days 01:41:34.539000
2024-06-23 13:47:52.037,OnTrack,-4953,-6244,1761,pos,0 days 00:44:37.624000,0 days 01:41:34.719000
2024-06-23 13:47:52.337,OnTrack,-4873,-6251,1756,pos,0 days 00:44:37.924000,0 days 01:41:35.019000
2024-06-23 13:47:52.597,OnTrack,-4772,-6242,1749,pos,0 days 00:44:38.184000,0 days 01:41:35.279000
2024-06-23 13:47:52.957,OnTrack,-4702,-6226,1745,pos,0 days 00:44:38.544000,0 days 01:41:35.639000
2024-06-23 13:47:53.157,OnTrack,-4643,-6208,1741,pos,0 days 00:44:38.744000,0 days 01:41:35.839000
2024-06-23 13:47:53.457,OnTrack,-4549,-6169,1735,pos,0 days 00:44:39.044000,0 days 01:41:36.139000
2024-06-23 13:47:53.637,OnTrack,-4489,-6141,1731,pos,0 days 00:44:39.224000,0 days 01:41:36.319000
2024-06-23 13:47:53.817,OnTrack,-4428,-6109,1727,pos,0 days 00:44:39.404000,0 days 01:41:36.499000
2024-06-23 13:47:54.057,OnTrack,-4341,-6062,1721,pos,0 days 00:44:39.644000,0 days 01:41:36.739000
2024-06-23 13:47:54.217,OnTrack,-4279,-6029,1717,pos,0 days 00:44:39.804000,0 days 01:41:36.899000
2024-06-23 13:47:54.417,OnTrack,-4147,-5957,1708,pos,0 days 00:44:40.004000,0 days 01:41:37.099000
2024-06-23 13:47:55.296,OnTrack,-3731,-5760,1683,pos,0 days 00:44:40.883000,0 days 01:41:37.978000
2024-06-23 13:47:55.596,OnTrack,-3571,-5693,1677,pos,0 days 00:44:41.183000,0 days 01:41:38.278000
2024-06-23 13:47:55.796,OnTrack,-3461,-5646,1671,pos,0 days 00:44:41.383000,0 days 01:41:38.478000
2024-06-23 13:47:55.956,OnTrack,-3373,-5604,1667,pos,0 days 00:44:41.543000,0 days 01:41:38.638000
2024-06-23 13:47:56.256,OnTrack,-3165,-5488,1660,pos,0 days 00:44:41.843000,0 days 01:41:38.938000
2024-06-23 13:47:56.556,OnTrack,-3048,-5409,1657,pos,0 days 00:44:42.143000,0 days 01:41:39.238000
2024-06-23 13:47:56.836,OnTrack,-2903,-5293,1653,pos,0 days 00:44:42.423000,0 days 01:41:39.518000
2024-06-23 13:47:56.996,OnTrack,-2823,-5220,1652,pos,0 days 00:44:42.583000,0 days 01:41:39.678000
2024-06-23 13:47:57.176,OnTrack,-2737,-5132,1651,pos,0 days 00:44:42.763000,0 days 01:41:39.858000
2024-06-23 13:47:57.396,OnTrack,-2637,-5017,1650,pos,0 days 00:44:42.983000,0 days 01:41:40.078000
2024-06-23 13:47:57.656,OnTrack,-2526,-4872,1651,pos,0 days 00:44:43.243000,0 days 01:41:40.338000
2024-06-23 13:47:57.956,OnTrack,-2405,-4700,1651,pos,0 days 00:44:43.543000,0 days 01:41:40.638000
2024-06-23 13:47:58.056,OnTrack,-2366,-4644,1651,pos,0 days 00:44:43.643000,0 days 01:41:40.738000
2024-06-23 13:47:58.216,OnTrack,-2308,-4559,1653,pos,0 days 00:44:43.803000,0 days 01:41:40.898000
2024-06-23 13:47:58.457,OnTrack,-2224,-4434,1655,pos,0 days 00:44:44.044000,0 days 01:41:41.139000
2024-06-23 13:47:58.777,OnTrack,-2144,-4299,1660,pos,0 days 00:44:44.364000,0 days 01:41:41.459000
2024-06-23 13:47:58.997,OnTrack,-2106,-4190,1661,pos,0 days 00:44:44.584000,0 days 01:41:41.679000
2024-06-23 13:47:59.377,OnTrack,-2087,-4073,1662,pos,0 days 00:44:44.964000,0 days 01:41:42.059000
2024-06-23 13:47:59.617,OnTrack,-2085,-3919,1667,pos,0 days 00:44:45.204000,0 days 01:41:42.299000
2024-06-23 13:48:00.017,OnTrack,-2098,-3822,1673,pos,0 days 00:44:45.604000,0 days 01:41:42.699000
2024-06-23 13:48:00.137,OnTrack,-2109,-3780,1675,pos,0 days 00:44:45.724000,0 days 01:41:42.819000
2024-06-23 13:48:00.377,OnTrack,-2164,-3671,1681,pos,0 days 00:44:45.964000,0 days 01:41:43.059000
2024-06-23 13:48:00.757,OnTrack,-2232,-3593,1685,pos,0 days 00:44:46.344000,0 days 01:41:43.439000
2024-06-23 13:48:01.017,OnTrack,-2308,-3529,1689,pos,0 days 00:44:46.604000,0 days 01:41:43.699000
2024-06-23 13:48:01.237,OnTrack,-2379,-3478,1693,pos,0 days 00:44:46.824000,0 days 01:41:43.919000
2024-06-23 13:48:01.417,OnTrack,-2438,-3436,1695,pos,0 days 00:44:47.004000,0 days 01:41:44.099000
2024-06-23 13:48:01.616,OnTrack,-2505,-3384,1701,pos,0 days 00:44:47.203000,0 days 01:41:44.298000
2024-06-23 13:48:01.776,OnTrack,-2558,-3338,1706,pos,0 days 00:44:47.363000,0 days 01:41:44.458000
2024-06-23 13:48:02.096,OnTrack,-2659,-3229,1716,pos,0 days 00:44:47.683000,0 days 01:41:44.778000
2024-06-23 13:48:02.316,OnTrack,-2727,-3133,1725,pos,0 days 00:44:47.903000,0 days 01:41:44.998000
2024-06-23 13:48:02.676,OnTrack,-2833,-2926,1740,pos,0 days 00:44:48.263000,0 days 01:41:45.358000
2024-06-23 13:48:03.116,OnTrack,-2911,-2752,1750,pos,0 days 00:44:48.703000,0 days 01:41:45.798000
2024-06-23 13:48:03.316,OnTrack,-2960,-2648,1757,pos,0 days 00:44:48.903000,0 days 01:41:45.998000
2024-06-23 13:48:03.476,OnTrack,-3027,-2508,1767,pos,0 days 00:44:49.063000,0 days 01:41:46.158000
2024-06-23 13:48:03.856,OnTrack,-3101,-2353,1777,pos,0 days 00:44:49.443000,0 days 01:41:46.538000
2024-06-23 13:48:04.056,OnTrack,-3155,-2239,1785,pos,0 days 00:44:49.643000,0 days 01:41:46.738000
2024-06-23 13:48:04.236,OnTrack,-3205,-2135,1792,pos,0 days 00:44:49.823000,0 days 01:41:46.918000
2024-06-23 13:48:04.476,OnTrack,-3272,-1993,1801,pos,0 days 00:44:50.063000,0 days 01:41:47.158000
2024-06-23 13:48:04.776,OnTrack,-3386,-1752,1817,pos,0 days 00:44:50.363000,0 days 01:41:47.458000
2024-06-23 13:48:05.157,OnTrack,-3458,-1566,1829,pos,0 days 00:44:50.744000,0 days 01:41:47.839000
2024-06-23 13:48:05.317,OnTrack,-3485,-1465,1835,pos,0 days 00:44:50.904000,0 days 01:41:47.999000
2024-06-23 13:48:05.477,OnTrack,-3501,-1365,1840,pos,0 days 00:44:51.064000,0 days 01:41:48.159000
2024-06-23 13:48:05.717,OnTrack,-3508,-1225,1845,pos,0 days 00:44:51.304000,0 days 01:41:48.399000
2024-06-23 13:48:05.997,OnTrack,-3494,-1049,1851,pos,0 days 00:44:51.584000,0 days 01:41:48.679000
2024-06-23 13:48:06.117,OnTrack,-3482,-977,1855,pos,0 days 00:44:51.704000,0 days 01:41:48.799000
2024-06-23 13:48:06.437,OnTrack,-3416,-741,1863,pos,0 days 00:44:52.024000,0 days 01:41:49.119000
2024-06-23 13:48:06.817,OnTrack,-3340,-575,1869,pos,0 days 00:44:52.404000,0 days 01:41:49.499000
2024-06-23 13:48:06.977,OnTrack,-3288,-492,1871,pos,0 days 00:44:52.564000,0 days 01:41:49.659000
2024-06-23 13:48:07.137,OnTrack,-3209,-395,1873,pos,0 days 00:44:52.724000,0 days 01:41:49.819000
2024-06-23 13:48:07.377,OnTrack,-3013,-254,1875,pos,0 days 00:44:52.964000,0 days 01:41:50.059000
2024-06-23 13:48:07.817,OnTrack,-2828,-173,1874,pos,0 days 00:44:53.404000,0 days 01:41:50.499000
2024-06-23 13:48:08.017,OnTrack,-2702,-124,1872,pos,0 days 00:44:53.604000,0 days 01:41:50.699000
2024-06-23 13:48:08.296,OnTrack,-2528,-50,1870,pos,0 days 00:44:53.883000,0 days 01:41:50.978000
2024-06-23 13:48:08.476,OnTrack,-2415,1,1869,pos,0 days 00:44:54.063000,0 days 01:41:51.158000
2024-06-23 13:48:08.756,OnTrack,-2213,96,1866,pos,0 days 00:44:54.343000,0 days 01:41:51.438000
2024-06-23 13:48:09.076,OnTrack,-2033,181,1864,pos,0 days 00:44:54.663000,0 days 01:41:51.758000
2024-06-23 13:48:09.256,OnTrack,-1824,280,1861,pos,0 days 00:44:54.843000,0 days 01:41:51.938000
2024-06-23 13:48:09.776,OnTrack,-1559,406,1858,pos,0 days 00:44:55.363000,0 days 01:41:52.458000
2024-06-23 13:48:10.196,OnTrack,-1290,534,1854,pos,0 days 00:44:55.783000,0 days 01:41:52.878000
2024-06-23 13:48:10.356,OnTrack,-1182,587,1853,pos,0 days 00:44:55.943000,0 days 01:41:53.038000
2024-06-23 13:48:10.556,OnTrack,-1055,651,1851,pos,0 days 00:44:56.143000,0 days 01:41:53.238000
2024-06-23 13:48:10.796,OnTrack,-810,780,1848,pos,0 days 00:44:56.383000,0 days 01:41:53.478000
2024-06-23 13:48:11.156,OnTrack,-645,868,1846,pos,0 days 00:44:56.743000,0 days 01:41:53.838000
2024-06-23 13:48:11.436,OnTrack,-425,986,1843,pos,0 days 00:44:57.023000,0 days 01:41:54.118000
2024-06-23 13:48:11.717,OnTrack,-145,1135,1839,pos,0 days 00:44:57.304000,0 days 01:41:54.399000
2024-06-23 13:48:12.097,OnTrack,9,1218,1837,pos,0 days 00:44:57.684000,0 days 01:41:54.779000
2024-06-23 13:48:12.277,OnTrack,136,1285,1835,pos,0 days 00:44:57.864000,0 days 01:41:54.959000
2024-06-23 13:48:12.557,OnTrack,335,1389,1832,pos,0 days 00:44:58.144000,0 days 01:41:55.239000
2024-06-23 13:48:12.857,OnTrack,547,1492,1829,pos,0 days 00:44:58.444000,0 days 01:41:55.539000
2024-06-23 13:48:13.037,OnTrack,667,1543,1828,pos,0 days 00:44:58.624000,0 days 01:41:55.719000
2024-06-23 13:48:13.237,OnTrack,851,1618,1826,pos,0 days 00:44:58.824000,0 days 01:41:55.919000
2024-06-23 13:48:13.497,OnTrack,950,1658,1824,pos,0 days 00:44:59.084000,0 days 01:41:56.179000
2024-06-23 13:48:13.737,OnTrack,1069,1707,1823,pos,0 days 00:44:59.324000,0 days 01:41:56.419000
2024-06-23 13:48:13.977,OnTrack,1171,1754,1823,pos,0 days 00:44:59.564000,0 days 01:41:56.659000
2024-06-23 13:48:14.217,OnTrack,1260,1804,1821,pos,0 days 00:44:59.804000,0 days 01:41:56.899000
2024-06-23 13:48:14.457,OnTrack,1370,1893,1820,pos,0 days 00:45:00.044000,0 days 01:41:57.139000
2024-06-23 13:48:14.876,OnTrack,1442,2007,1818,pos,0 days 00:45:00.463000,0 days 01:41:57.558000
2024-06-23 13:48:15.196,OnTrack,1459,2071,1818,pos,0 days 00:45:00.783000,0 days 01:41:57.878000
2024-06-23 13:48:15.516,OnTrack,1457,2202,1817,pos,0 days 00:45:01.103000,0 days 01:41:58.198000
2024-06-23 13:48:15.836,OnTrack,1437,2276,1818,pos,0 days 00:45:01.423000,0 days 01:41:58.518000
2024-06-23 13:48:16.036,OnTrack,1413,2333,1819,pos,0 days 00:45:01.623000,0 days 01:41:58.718000
2024-06-23 13:48:16.276,OnTrack,1377,2395,1821,pos,0 days 00:45:01.863000,0 days 01:41:58.958000
2024-06-23 13:48:16.536,OnTrack,1331,2456,1823,pos,0 days 00:45:02.123000,0 days 01:41:59.218000
2024-06-23 13:48:16.836,OnTrack,1259,2527,1825,pos,0 days 00:45:02.423000,0 days 01:41:59.518000
2024-06-23 13:48:17.136,OnTrack,1205,2566,1827,pos,0 days 00:45:02.723000,0 days 01:41:59.818000
2024-06-23 13:48:17.296,OnTrack,1165,2587,1828,pos,0 days 00:45:02.883000,0 days 01:41:59.978000
2024-06-23 13:48:17.596,OnTrack,1084,2620,1830,pos,0 days 00:45:03.183000,0 days 01:42:00.278000
2024-06-23 13:48:17.856,OnTrack,970,2647,1832,pos,0 days 00:45:03.443000,0 days 01:42:00.538000
2024-06-23 13:48:18.077,OnTrack,931,2652,1833,pos,0 days 00:45:03.664000,0 days 01:42:00.759000
2024-06-23 13:48:18.297,OnTrack,857,2659,1834,pos,0 days 00:45:03.884000,0 days 01:42:00.979000
2024-06-23 13:48:18.517,OnTrack,779,2659,1836,pos,0 days 00:45:04.104000,0 days 01:42:01.199000
2024-06-23 13:48:18.837,OnTrack,612,2638,1840,pos,0 days 00:45:04.424000,0 days 01:42:01.519000
2024-06-23 13:48:19.297,OnTrack,480,2601,1843,pos,0 days 00:45:04.884000,0 days 01:42:01.979000
2024-06-23 13:48:19.477,OnTrack,405,2571,1846,pos,0 days 00:45:05.064000,0 days 01:42:02.159000
2024-06-23 13:48:19.657,OnTrack,327,2533,1849,pos,0 days 00:45:05.244000,0 days 01:42:02.339000
2024-06-23 13:48:19.937,OnTrack,207,2461,1856,pos,0 days 00:45:05.524000,0 days 01:42:02.619000
2024-06-23 13:48:20.097,OnTrack,137,2414,1860,pos,0 days 00:45:05.684000,0 days 01:42:02.779000
2024-06-23 13:48:20.257,OnTrack,5,2320,1867,pos,0 days 00:45:05.844000,0 days 01:42:02.939000
2024-06-23 13:48:20.577,OnTrack,-65,2275,1870,pos,0 days 00:45:06.164000,0 days 01:42:03.259000
2024-06-23 13:48:20.917,OnTrack,-283,2172,1878,pos,0 days 00:45:06.504000,0 days 01:42:03.599000
2024-06-23 13:48:21.197,OnTrack,-344,2153,1880,pos,0 days 00:45:06.784000,0 days 01:42:03.879000
2024-06-23 13:48:21.416,OnTrack,-437,2133,1884,pos,0 days 00:45:07.003000,0 days 01:42:04.098000
2024-06-23 13:48:21.616,OnTrack,-520,2124,1888,pos,0 days 00:45:07.203000,0 days 01:42:04.298000
2024-06-23 13:48:21.816,OnTrack,-599,2123,1892,pos,0 days 00:45:07.403000,0 days 01:42:04.498000
2024-06-23 13:48:22.116,OnTrack,-708,2136,1898,pos,0 days 00:45:07.703000,0 days 01:42:04.798000
2024-06-23 13:48:22.256,OnTrack,-755,2150,1900,pos,0 days 00:45:07.843000,0 days 01:42:04.938000
2024-06-23 13:48:22.576,OnTrack,-852,2197,1905,pos,0 days 00:45:08.163000,0 days 01:42:05.258000
2024-06-23 13:48:22.736,OnTrack,-927,2262,1907,pos,0 days 00:45:08.323000,0 days 01:42:05.418000
2024-06-23 13:48:23.176,OnTrack,-984,2341,1909,pos,0 days 00:45:08.763000,0 days 01:42:05.858000
2024-06-23 13:48:23.216,OnTrack,-990,2352,1910,pos,0 days 00:45:08.803000,0 days 01:42:05.898000
2024-06-23 13:48:23.476,OnTrack,-1023,2427,1911,pos,0 days 00:45:09.063000,0 days 01:42:06.158000
2024-06-23 13:48:23.736,OnTrack,-1042,2504,1913,pos,0 days 00:45:09.323000,0 days 01:42:06.418000
2024-06-23 13:48:23.896,OnTrack,-1048,2552,1913,pos,0 days 00:45:09.483000,0 days 01:42:06.578000
2024-06-23 13:48:24.136,OnTrack,-1050,2624,1914,pos,0 days 00:45:09.723000,0 days 01:42:06.818000
2024-06-23 13:48:24.396,OnTrack,-1038,2730,1916,pos,0 days 00:45:09.983000,0 days 01:42:07.078000
2024-06-23 13:48:24.677,OnTrack,-1021,2799,1917,pos,0 days 00:45:10.264000,0 days 01:42:07.359000
2024-06-23 13:48:24.937,OnTrack,-991,2880,1918,pos,0 days 00:45:10.524000,0 days 01:42:07.619000
2024-06-23 13:48:25.237,OnTrack,-945,2974,1920,pos,0 days 00:45:10.824000,0 days 01:42:07.919000
2024-06-23 13:48:25.337,OnTrack,-930,2998,1921,pos,0 days 00:45:10.924000,0 days 01:42:08.019000
2024-06-23 13:48:25.637,OnTrack,-851,3107,1922,pos,0 days 00:45:11.224000,0 days 01:42:08.319000
2024-06-23 13:48:25.917,OnTrack,-792,3172,1922,pos,0 days 00:45:11.504000,0 days 01:42:08.599000
2024-06-23 13:48:26.157,OnTrack,-719,3241,1923,pos,0 days 00:45:11.744000,0 days 01:42:08.839000
2024-06-23 13:48:26.397,OnTrack,-637,3310,1922,pos,0 days 00:45:11.984000,0 days 01:42:09.079000
2024-06-23 13:48:26.677,OnTrack,-534,3393,1921,pos,0 days 00:45:12.264000,0 days 01:42:09.359000
2024-06-23 13:48:26.877,OnTrack,-414,3485,1919,pos,0 days 00:45:12.464000,0 days 01:42:09.559000
2024-06-23 13:48:27.257,OnTrack,-299,3580,1916,pos,0 days 00:45:12.844000,0 days 01:42:09.939000
2024-06-23 13:48:27.537,OnTrack,-144,3713,1912,pos,0 days 00:45:13.124000,0 days 01:42:10.219000
2024-06-23 13:48:27.876,OnTrack,-25,3812,1908,pos,0 days 00:45:13.463000,0 days 01:42:10.558000
2024-06-23 13:48:28.076,OnTrack,69,3889,1904,pos,0 days 00:45:13.663000,0 days 01:42:10.758000
2024-06-23 13:48:28.296,OnTrack,253,4016,1896,pos,0 days 00:45:13.883000,0 days 01:42:10.978000
2024-06-23 13:48:28.596,OnTrack,342,4062,1892,pos,0 days 00:45:14.183000,0 days 01:42:11.278000
2024-06-23 13:48:28.916,OnTrack,563,4130,1881,pos,0 days 00:45:14.503000,0 days 01:42:11.598000
2024-06-23 13:48:29.176,OnTrack,734,4140,1873,pos,0 days 00:45:14.763000,0 days 01:42:11.858000
2024-06-23 13:48:29.236,OnTrack,774,4137,1870,pos,0 days 00:45:14.823000,0 days 01:42:11.918000
2024-06-23 13:48:29.456,OnTrack,920,4116,1863,pos,0 days 00:45:15.043000,0 days 01:42:12.138000
2024-06-23 13:48:29.656,OnTrack,1048,4083,1855,pos,0 days 00:45:15.243000,0 days 01:42:12.338000
2024-06-23 13:48:29.856,OnTrack,1175,4035,1847,pos,0 days 00:45:15.443000,0 days 01:42:12.538000
2024-06-23 13:48:30.156,OnTrack,1360,3947,1836,pos,0 days 00:45:15.743000,0 days 01:42:12.838000
2024-06-23 13:48:30.376,OnTrack,1492,3872,1828,pos,0 days 00:45:15.963000,0 days 01:42:13.058000
2024-06-23 13:48:30.576,OnTrack,1681,3754,1817,pos,0 days 00:45:16.163000,0 days 01:42:13.258000
2024-06-23 13:48:30.896,OnTrack,1800,3677,1810,pos,0 days 00:45:16.483000,0 days 01:42:13.578000
2024-06-23 13:48:31.136,OnTrack,1945,3584,1801,pos,0 days 00:45:16.723000,0 days 01:42:13.818000
2024-06-23 13:48:31.317,OnTrack,2067,3507,1794,pos,0 days 00:45:16.904000,0 days 01:42:13.999000
2024-06-23 13:48:31.517,OnTrack,2189,3428,1787,pos,0 days 00:45:17.104000,0 days 01:42:14.199000
2024-06-23 13:48:31.757,OnTrack,2334,3331,1780,pos,0 days 00:45:17.344000,0 days 01:42:14.439000
2024-06-23 13:48:32.017,OnTrack,2539,3166,1769,pos,0 days 00:45:17.604000,0 days 01:42:14.699000
2024-06-23 13:48:32.417,OnTrack,2659,3042,1763,pos,0 days 00:45:18.004000,0 days 01:42:15.099000
2024-06-23 13:48:32.697,OnTrack,2761,2898,1756,pos,0 days 00:45:18.284000,0 days 01:42:15.379000
2024-06-23 13:48:32.897,OnTrack,2814,2783,1753,pos,0 days 00:45:18.484000,0 days 01:42:15.579000
2024-06-23 13:48:33.137,OnTrack,2858,2635,1748,pos,0 days 00:45:18.724000,0 days 01:42:15.819000
2024-06-23 13:48:33.297,OnTrack,2876,2533,1746,pos,0 days 00:45:18.884000,0 days 01:42:15.979000
2024-06-23 13:48:33.437,OnTrack,2884,2444,1744,pos,0 days 00:45:19.024000,0 days 01:42:16.119000
2024-06-23 13:48:33.777,OnTrack,2854,2162,1738,pos,0 days 00:45:19.364000,0 days 01:42:16.459000
2024-06-23 13:48:34.077,OnTrack,2814,2036,1736,pos,0 days 00:45:19.664000,0 days 01:42:16.759000
2024-06-23 13:48:34.257,OnTrack,2770,1933,1735,pos,0 days 00:45:19.844000,0 days 01:42:16.939000
2024-06-23 13:48:34.576,OnTrack,2671,1750,1732,pos,0 days 00:45:20.163000,0 days 01:42:17.258000
2024-06-23 13:48:34.776,OnTrack,2569,1587,1729,pos,0 days 00:45:20.363000,0 days 01:42:17.458000
2024-06-23 13:48:35.236,OnTrack,2424,1365,1726,pos,0 days 00:45:20.823000,0 days 01:42:17.918000
2024-06-23 13:48:35.336,OnTrack,2385,1306,1725,pos,0 days 00:45:20.923000,0 days 01:42:18.018000
2024-06-23 13:48:35.576,OnTrack,2253,1103,1721,pos,0 days 00:45:21.163000,0 days 01:42:18.258000
2024-06-23 13:48:35.916,OnTrack,2158,957,1718,pos,0 days 00:45:21.503000,0 days 01:42:18.598000
2024-06-23 13:48:36.156,OnTrack,2062,809,1716,pos,0 days 00:45:21.743000,0 days 01:42:18.838000
2024-06-23 13:48:36.356,OnTrack,1981,684,1714,pos,0 days 00:45:21.943000,0 days 01:42:19.038000
2024-06-23 13:48:36.536,OnTrack,1907,571,1712,pos,0 days 00:45:22.123000,0 days 01:42:19.218000
2024-06-23 13:48:36.816,OnTrack,1792,394,1710,pos,0 days 00:45:22.403000,0 days 01:42:19.498000
2024-06-23 13:48:36.996,OnTrack,1717,279,1709,pos,0 days 00:45:22.583000,0 days 01:42:19.678000
2024-06-23 13:48:37.296,OnTrack,1592,86,1707,pos,0 days 00:45:22.883000,0 days 01:42:19.978000
2024-06-23 13:48:37.416,OnTrack,1542,8,1708,pos,0 days 00:45:23.003000,0 days 01:42:20.098000
2024-06-23 13:48:37.756,OnTrack,1349,-293,1707,pos,0 days 00:45:23.343000,0 days 01:42:20.438000
2024-06-23 13:48:38.037,OnTrack,1273,-413,1707,pos,0 days 00:45:23.624000,0 days 01:42:20.719000
2024-06-23 13:48:38.257,OnTrack,1179,-560,1708,pos,0 days 00:45:23.844000,0 days 01:42:20.939000
2024-06-23 13:48:38.557,OnTrack,1059,-749,1708,pos,0 days 00:45:24.144000,0 days 01:42:21.239000
2024-06-23 13:48:38.717,OnTrack,939,-938,1708,pos,0 days 00:45:24.304000,0 days 01:42:21.399000
2024-06-23 13:48:39.157,OnTrack,748,-1239,1707,pos,0 days 00:45:24.744000,0 days 01:42:21.839000
2024-06-23 13:48:39.417,OnTrack,687,-1335,1707,pos,0 days 00:45:25.004000,0 days 01:42:22.099000
2024-06-23 13:48:39.717,OnTrack,555,-1542,1708,pos,0 days 00:45:25.304000,0 days 01:42:22.399000
2024-06-23 13:48:40.037,OnTrack,415,-1764,1708,pos,0 days 00:45:25.624000,0 days 01:42:22.719000
2024-06-23 13:48:40.217,OnTrack,291,-1959,1708,pos,0 days 00:45:25.804000,0 days 01:42:22.899000
2024-06-23 13:48:40.517,OnTrack,203,-2098,1708,pos,0 days 00:45:26.104000,0 days 01:42:23.199000
2024-06-23 13:48:40.697,OnTrack,123,-2224,1707,pos,0 days 00:45:26.284000,0 days 01:42:23.379000
2024-06-23 13:48:40.977,OnTrack,-1,-2420,1707,pos,0 days 00:45:26.564000,0 days 01:42:23.659000
2024-06-23 13:48:41.256,OnTrack,-116,-2598,1706,pos,0 days 00:45:26.843000,0 days 01:42:23.938000
2024-06-23 13:48:41.416,OnTrack,-254,-2807,1705,pos,0 days 00:45:27.003000,0 days 01:42:24.098000
2024-06-23 13:48:41.856,OnTrack,-392,-3016,1702,pos,0 days 00:45:27.443000,0 days 01:42:24.538000
2024-06-23 13:48:42.036,OnTrack,-476,-3142,1701,pos,0 days 00:45:27.623000,0 days 01:42:24.718000
2024-06-23 13:48:42.356,OnTrack,-625,-3366,1697,pos,0 days 00:45:27.943000,0 days 01:42:25.038000
2024-06-23 13:48:42.436,OnTrack,-662,-3422,1696,pos,0 days 00:45:28.023000,0 days 01:42:25.118000
2024-06-23 13:48:42.636,OnTrack,-756,-3561,1693,pos,0 days 00:45:28.223000,0 days 01:42:25.318000
2024-06-23 13:48:42.896,OnTrack,-879,-3744,1690,pos,0 days 00:45:28.483000,0 days 01:42:25.578000
2024-06-23 13:48:43.136,OnTrack,-1048,-3997,1683,pos,0 days 00:45:28.723000,0 days 01:42:25.818000
2024-06-23 13:48:43.456,OnTrack,-1143,-4138,1680,pos,0 days 00:45:29.043000,0 days 01:42:26.138000
2024-06-23 13:48:43.656,OnTrack,-1238,-4279,1676,pos,0 days 00:45:29.243000,0 days 01:42:26.338000
2024-06-23 13:48:43.836,OnTrack,-1323,-4407,1672,pos,0 days 00:45:29.423000,0 days 01:42:26.518000
2024-06-23 13:48:44.076,OnTrack,-1437,-4576,1667,pos,0 days 00:45:29.663000,0 days 01:42:26.758000
2024-06-23 13:48:44.437,OnTrack,-1616,-4844,1660,pos,0 days 00:45:30.024000,0 days 01:42:27.119000
2024-06-23 13:48:44.617,OnTrack,-1699,-4971,1656,pos,0 days 00:45:30.204000,0 days 01:42:27.299000
2024-06-23 13:48:44.817,OnTrack,-1830,-5184,1651,pos,0 days 00:45:30.404000,0 days 01:42:27.499000
2024-06-23 13:48:45.257,OnTrack,-2018,-5509,1646,pos,0 days 00:45:30.844000,0 days 01:42:27.939000
2024-06-23 13:48:45.597,OnTrack,-2110,-5671,1643,pos,0 days 00:45:31.184000,0 days 01:42:28.279000
2024-06-23 13:48:45.777,OnTrack,-2184,-5805,1641,pos,0 days 00:45:31.364000,0 days 01:42:28.459000
2024-06-23 13:48:45.977,OnTrack,-2265,-5952,1640,pos,0 days 00:45:31.564000,0 days 01:42:28.659000
2024-06-23 13:48:46.297,OnTrack,-2394,-6180,1637,pos,0 days 00:45:31.884000,0 days 01:42:28.979000
2024-06-23 13:48:46.457,OnTrack,-2457,-6286,1636,pos,0 days 00:45:32.044000,0 days 01:42:29.139000
2024-06-23 13:48:46.617,OnTrack,-2517,-6383,1634,pos,0 days 00:45:32.204000,0 days 01:42:29.299000
2024-06-23 13:48:46.777,OnTrack,-2575,-6470,1633,pos,0 days 00:45:32.364000,0 days 01:42:29.459000
2024-06-23 13:48:47.117,OnTrack,-2723,-6667,1631,pos,0 days 00:45:32.704000,0 days 01:42:29.799000
2024-06-23 13:48:47.517,OnTrack,-2820,-6773,1628,pos,0 days 00:45:33.104000,0 days 01:42:30.199000
2024-06-23 13:48:47.796,OnTrack,-2912,-6856,1626,pos,0 days 00:45:33.383000,0 days 01:42:30.478000
2024-06-23 13:48:47.996,OnTrack,-3006,-6921,1623,pos,0 days 00:45:33.583000,0 days 01:42:30.678000
2024-06-23 13:48:48.376,OnTrack,-3109,-6970,1623,pos,0 days 00:45:33.963000,0 days 01:42:31.058000
2024-06-23 13:48:48.616,OnTrack,-3203,-6992,1624,pos,0 days 00:45:34.203000,0 days 01:42:31.298000
2024-06-23 13:48:48.936,OnTrack,-3314,-6991,1625,pos,0 days 00:45:34.523000,0 days 01:42:31.618000
2024-06-23 13:48:49.096,OnTrack,-3373,-6981,1627,pos,0 days 00:45:34.683000,0 days 01:42:31.778000
2024-06-23 13:48:49.396,OnTrack,-3482,-6946,1629,pos,0 days 00:45:34.983000,0 days 01:42:32.078000
2024-06-23 13:48:49.596,OnTrack,-3599,-6894,1631,pos,0 days 00:45:35.183000,0 days 01:42:32.278000
2024-06-23 13:48:50.036,OnTrack,-3777,-6814,1634,pos,0 days 00:45:35.623000,0 days 01:42:32.718000
2024-06-23 13:48:50.476,OnTrack,-3904,-6776,1638,pos,0 days 00:45:36.063000,0 days 01:42:33.158000
2024-06-23 13:48:50.676,OnTrack,-4044,-6770,1643,pos,0 days 00:45:36.263000,0 days 01:42:33.358000
2024-06-23 13:48:51.137,OnTrack,-4218,-6812,1650,pos,0 days 00:45:36.724000,0 days 01:42:33.819000
2024-06-23 13:48:51.377,OnTrack,-4316,-6855,1655,pos,0 days 00:45:36.964000,0 days 01:42:34.059000
2024-06-23 13:48:51.717,OnTrack,-4467,-6942,1664,pos,0 days 00:45:37.304000,0 days 01:42:34.399000
2024-06-23 13:48:52.017,OnTrack,-4561,-7005,1670,pos,0 days 00:45:37.604000,0 days 01:42:34.699000
2024-06-23 13:48:52.237,OnTrack,-4655,-7072,1675,pos,0 days 00:45:37.824000,0 days 01:42:34.919000
2024-06-23 13:48:52.417,OnTrack,-4736,-7129,1679,pos,0 days 00:45:38.004000,0 days 01:42:35.099000
2024-06-23 13:48:52.757,OnTrack,-4946,-7263,1690,pos,0 days 00:45:38.344000,0 days 01:42:35.439000
2024-06-23 13:48:53.077,OnTrack,-5060,-7324,1696,pos,0 days 00:45:38.664000,0 days 01:42:35.759000
2024-06-23 13:48:53.317,OnTrack,-5191,-7381,1701,pos,0 days 00:45:38.904000,0 days 01:42:35.999000
2024-06-23 13:48:53.557,OnTrack,-5387,-7437,1710,pos,0 days 00:45:39.144000,0 days 01:42:36.239000
2024-06-23 13:48:53.897,OnTrack,-5531,-7454,1716,pos,0 days 00:45:39.484000,0 days 01:42:36.579000
2024-06-23 13:48:54.177,OnTrack,-5699,-7450,1724,pos,0 days 00:45:39.764000,0 days 01:42:36.859000
2024-06-23 13:48:54.456,OnTrack,-5859,-7423,1730,pos,0 days 00:45:40.043000,0 days 01:42:37.138000
2024-06-23 13:48:54.636,OnTrack,-5957,-7396,1734,pos,0 days 00:45:40.223000,0 days 01:42:37.318000
2024-06-23 13:48:54.836,OnTrack,-6114,-7332,1740,pos,0 days 00:45:40.423000,0 days 01:42:37.518000
2024-06-23 13:48:55.196,OnTrack,-6243,-7258,1745,pos,0 days 00:45:40.783000,0 days 01:42:37.878000
2024-06-23 13:48:55.376,OnTrack,-6325,-7196,1748,pos,0 days 00:45:40.963000,0 days 01:42:38.058000
2024-06-23 13:48:55.656,OnTrack,-6441,-7081,1753,pos,0 days 00:45:41.243000,0 days 01:42:38.338000
2024-06-23 13:48:55.836,OnTrack,-6506,-6996,1756,pos,0 days 00:45:41.423000,0 days 01:42:38.518000
2024-06-23 13:48:55.996,OnTrack,-6558,-6914,1758,pos,0 days 00:45:41.583000,0 days 01:42:38.678000
2024-06-23 13:48:56.196,OnTrack,-6614,-6804,1761,pos,0 days 00:45:41.783000,0 days 01:42:38.878000
2024-06-23 13:48:56.456,OnTrack,-6671,-6651,1764,pos,0 days 00:45:42.043000,0 days 01:42:39.138000
2024-06-23 13:48:56.636,OnTrack,-6699,-6539,1765,pos,0 days 00:45:42.223000,0 days 01:42:39.318000
2024-06-23 13:48:56.876,OnTrack,-6729,-6318,1769,pos,0 days 00:45:42.463000,0 days 01:42:39.558000
2024-06-23 13:48:57.136,OnTrack,-6733,-6211,1770,pos,0 days 00:45:42.723000,0 days 01:42:39.818000
2024-06-23 13:48:57.416,OnTrack,-6727,-6022,1773,pos,0 days 00:45:43.003000,0 days 01:42:40.098000
2024-06-23 13:48:57.597,OnTrack,-6714,-5886,1775,pos,0 days 00:45:43.184000,0 days 01:42:40.279000
2024-06-23 13:48:57.837,OnTrack,-6692,-5735,1777,pos,0 days 00:45:43.424000,0 days 01:42:40.519000
2024-06-23 13:48:58.097,OnTrack,-6649,-5520,1779,pos,0 days 00:45:43.684000,0 days 01:42:40.779000
2024-06-23 13:48:58.517,OnTrack,-6586,-5286,1785,pos,0 days 00:45:44.104000,0 days 01:42:41.199000
2024-06-23 13:48:58.737,OnTrack,-6531,-5137,1787,pos,0 days 00:45:44.324000,0 days 01:42:41.419000
2024-06-23 13:48:58.937,OnTrack,-6441,-4953,1790,pos,0 days 00:45:44.524000,0 days 01:42:41.619000
2024-06-23 13:48:59.357,OnTrack,-6307,-4736,1793,pos,0 days 00:45:44.944000,0 days 01:42:42.039000
2024-06-23 13:48:59.617,OnTrack,-6195,-4574,1796,pos,0 days 00:45:45.204000,0 days 01:42:42.299000
2024-06-23 13:48:59.717,OnTrack,-6150,-4512,1797,pos,0 days 00:45:45.304000,0 days 01:42:42.399000
2024-06-23 13:48:59.977,OnTrack,-6034,-4350,1799,pos,0 days 00:45:45.564000,0 days 01:42:42.659000
2024-06-23 13:49:00.217,OnTrack,-5887,-4114,1803,pos,0 days 00:45:45.804000,0 days 01:42:42.899000
2024-06-23 13:49:00.657,OnTrack,-5759,-3897,1807,pos,0 days 00:45:46.244000,0 days 01:42:43.339000
2024-06-23 13:49:00.836,OnTrack,-5665,-3745,1809,pos,0 days 00:45:46.423000,0 days 01:42:43.518000
2024-06-23 13:49:01.076,OnTrack,-5579,-3612,1811,pos,0 days 00:45:46.663000,0 days 01:42:43.758000
2024-06-23 13:49:01.436,OnTrack,-5432,-3397,1815,pos,0 days 00:45:47.023000,0 days 01:42:44.118000
2024-06-23 13:49:01.616,OnTrack,-5364,-3299,1816,pos,0 days 00:45:47.203000,0 days 01:42:44.298000
2024-06-23 13:49:01.736,OnTrack,-5321,-3240,1817,pos,0 days 00:45:47.323000,0 days 01:42:44.418000
2024-06-23 13:49:01.916,OnTrack,-5258,-3159,1818,pos,0 days 00:45:47.503000,0 days 01:42:44.598000
2024-06-23 13:49:02.156,OnTrack,-5175,-3064,1819,pos,0 days 00:45:47.743000,0 days 01:42:44.838000
2024-06-23 13:49:02.376,OnTrack,-5098,-2991,1820,pos,0 days 00:45:47.963000,0 days 01:42:45.058000
2024-06-23 13:49:02.556,OnTrack,-5033,-2942,1821,pos,0 days 00:45:48.143000,0 days 01:42:45.238000
2024-06-23 13:49:02.816,OnTrack,-4881,-2867,1823,pos,0 days 00:45:48.403000,0 days 01:42:45.498000
2024-06-23 13:49:03.236,OnTrack,-4771,-2842,1824,pos,0 days 00:45:48.823000,0 days 01:42:45.918000
2024-06-23 13:49:03.496,OnTrack,-4647,-2842,1826,pos,0 days 00:45:49.083000,0 days 01:42:46.178000
2024-06-23 13:49:03.776,OnTrack,-4565,-2858,1828,pos,0 days 00:45:49.363000,0 days 01:42:46.458000
2024-06-23 13:49:04.036,OnTrack,-4476,-2890,1829,pos,0 days 00:45:49.623000,0 days 01:42:46.718000
2024-06-23 13:49:04.277,OnTrack,-4370,-2949,1831,pos,0 days 00:45:49.864000,0 days 01:42:46.959000
2024-06-23 13:49:04.577,OnTrack,-4311,-2998,1833,pos,0 days 00:45:50.164000,0 days 01:42:47.259000
2024-06-23 13:49:04.817,OnTrack,-4277,-3033,1834,pos,0 days 00:45:50.404000,0 days 01:42:47.499000
2024-06-23 13:49:05.077,OnTrack,-4191,-3139,1835,pos,0 days 00:45:50.664000,0 days 01:42:47.759000
2024-06-23 13:49:05.477,OnTrack,-4136,-3229,1836,pos,0 days 00:45:51.064000,0 days 01:42:48.159000
2024-06-23 13:49:05.697,OnTrack,-4099,-3307,1837,pos,0 days 00:45:51.284000,0 days 01:42:48.379000
2024-06-23 13:49:05.877,OnTrack,-4074,-3375,1838,pos,0 days 00:45:51.464000,0 days 01:42:48.559000
2024-06-23 13:49:06.077,OnTrack,-4052,-3456,1838,pos,0 days 00:45:51.664000,0 days 01:42:48.759000
2024-06-23 13:49:06.297,OnTrack,-4035,-3550,1839,pos,0 days 00:45:51.884000,0 days 01:42:48.979000
2024-06-23 13:49:06.517,OnTrack,-4027,-3650,1839,pos,0 days 00:45:52.104000,0 days 01:42:49.199000
2024-06-23 13:49:06.737,OnTrack,-4030,-3755,1839,pos,0 days 00:45:52.324000,0 days 01:42:49.419000
2024-06-23 13:49:06.977,OnTrack,-4048,-3875,1838,pos,0 days 00:45:52.564000,0 days 01:42:49.659000
2024-06-23 13:49:07.197,OnTrack,-4077,-3987,1838,pos,0 days 00:45:52.784000,0 days 01:42:49.879000
2024-06-23 13:49:07.416,OnTrack,-4149,-4160,1835,pos,0 days 00:45:53.003000,0 days 01:42:50.098000
2024-06-23 13:49:07.816,OnTrack,-4230,-4298,1833,pos,0 days 00:45:53.403000,0 days 01:42:50.498000
2024-06-23 13:49:08.036,OnTrack,-4318,-4426,1830,pos,0 days 00:45:53.623000,0 days 01:42:50.718000
2024-06-23 13:49:08.376,OnTrack,-4470,-4636,1825,pos,0 days 00:45:53.963000,0 days 01:42:51.058000
2024-06-23 13:49:08.896,OnTrack,-4668,-4907,1819,pos,0 days 00:45:54.483000,0 days 01:42:51.578000
2024-06-23 13:49:09.296,OnTrack,-4824,-5120,1814,pos,0 days 00:45:54.883000,0 days 01:42:51.978000
2024-06-23 13:49:09.656,OnTrack,-4916,-5248,1811,pos,0 days 00:45:55.243000,0 days 01:42:52.338000
2024-06-23 13:49:09.796,OnTrack,-4965,-5318,1808,pos,0 days 00:45:55.383000,0 days 01:42:52.478000
2024-06-23 13:49:10.056,OnTrack,-5043,-5435,1805,pos,0 days 00:45:55.643000,0 days 01:42:52.738000
2024-06-23 13:49:10.236,OnTrack,-5088,-5508,1802,pos,0 days 00:45:55.823000,0 days 01:42:52.918000
2024-06-23 13:49:10.396,OnTrack,-5116,-5559,1800,pos,0 days 00:45:55.983000,0 days 01:42:53.078000
2024-06-23 13:49:10.737,OnTrack,-5177,-5688,1795,pos,0 days 00:45:56.324000,0 days 01:42:53.419000
2024-06-23 13:49:10.797,OnTrack,-5185,-5709,1794,pos,0 days 00:45:56.384000,0 days 01:42:53.479000
2024-06-23 13:49:11.117,OnTrack,-5216,-5815,1789,pos,0 days 00:45:56.704000,0 days 01:42:53.799000
2024-06-23 13:49:11.297,OnTrack,-5224,-5866,1787,pos,0 days 00:45:56.884000,0 days 01:42:53.979000
2024-06-23 13:49:11.497,OnTrack,-5227,-5927,1785,pos,0 days 00:45:57.084000,0 days 01:42:54.179000
2024-06-23 13:49:11.677,OnTrack,-5222,-5980,1781,pos,0 days 00:45:57.264000,0 days 01:42:54.359000
2024-06-23 13:49:11.857,OnTrack,-5209,-6030,1779,pos,0 days 00:45:57.444000,0 days 01:42:54.539000
2024-06-23 13:49:12.117,OnTrack,-5179,-6095,1774,pos,0 days 00:45:57.704000,0 days 01:42:54.799000
2024-06-23 13:49:12.317,OnTrack,-5148,-6137,1770,pos,0 days 00:45:57.904000,0 days 01:42:54.999000
2024-06-23 13:49:12.497,OnTrack,-5091,-6188,1768,pos,0 days 00:45:58.084000,0 days 01:42:55.179000
2024-06-23 13:49:12.797,OnTrack,-5052,-6211,1766,pos,0 days 00:45:58.384000,0 days 01:42:55.479000
2024-06-23 13:49:13.177,OnTrack,-4937,-6247,1760,pos,0 days 00:45:58.764000,0 days 01:42:55.859000
2024-06-23 13:49:13.397,OnTrack,-4905,-6250,1758,pos,0 days 00:45:58.984000,0 days 01:42:56.079000
2024-06-23 13:49:13.677,OnTrack,-4829,-6250,1754,pos,0 days 00:45:59.264000,0 days 01:42:56.359000
2024-06-23 13:49:13.976,OnTrack,-4744,-6237,1748,pos,0 days 00:45:59.563000,0 days 01:42:56.658000
2024-06-23 13:49:14.176,OnTrack,-4642,-6207,1741,pos,0 days 00:45:59.763000,0 days 01:42:56.858000
2024-06-23 13:49:14.616,OnTrack,-4502,-6147,1731,pos,0 days 00:46:00.203000,0 days 01:42:57.298000
2024-06-23 13:49:14.856,OnTrack,-4468,-6130,1730,pos,0 days 00:46:00.443000,0 days 01:42:57.538000
2024-06-23 13:49:15.076,OnTrack,-4390,-6089,1724,pos,0 days 00:46:00.663000,0 days 01:42:57.758000
2024-06-23 13:49:15.256,OnTrack,-4323,-6053,1720,pos,0 days 00:46:00.843000,0 days 01:42:57.938000
2024-06-23 13:49:15.496,OnTrack,-4229,-6001,1713,pos,0 days 00:46:01.083000,0 days 01:42:58.178000
2024-06-23 13:49:15.776,OnTrack,-4109,-5937,1706,pos,0 days 00:46:01.363000,0 days 01:42:58.458000
2024-06-23 13:49:15.876,OnTrack,-4064,-5914,1703,pos,0 days 00:46:01.463000,0 days 01:42:58.558000
2024-06-23 13:49:16.176,OnTrack,-3859,-5815,1690,pos,0 days 00:46:01.763000,0 days 01:42:58.858000
2024-06-23 13:49:16.456,OnTrack,-3716,-5754,1683,pos,0 days 00:46:02.043000,0 days 01:42:59.138000
2024-06-23 13:49:16.656,OnTrack,-3599,-5705,1677,pos,0 days 00:46:02.243000,0 days 01:42:59.338000
2024-06-23 13:49:16.876,OnTrack,-3491,-5659,1673,pos,0 days 00:46:02.463000,0 days 01:42:59.558000
2024-06-23 13:49:17.116,OnTrack,-3358,-5597,1667,pos,0 days 00:46:02.703000,0 days 01:42:59.798000
2024-06-23 13:49:17.437,OnTrack,-3118,-5458,1659,pos,0 days 00:46:03.024000,0 days 01:43:00.119000
2024-06-23 13:49:17.817,OnTrack,-2970,-5349,1655,pos,0 days 00:46:03.404000,0 days 01:43:00.499000
2024-06-23 13:49:17.917,OnTrack,-2928,-5315,1654,pos,0 days 00:46:03.504000,0 days 01:43:00.599000
2024-06-23 13:49:18.117,OnTrack,-2828,-5225,1652,pos,0 days 00:46:03.704000,0 days 01:43:00.799000
2024-06-23 13:49:18.417,OnTrack,-2687,-5077,1651,pos,0 days 00:46:04.004000,0 days 01:43:01.099000
2024-06-23 13:49:18.677,OnTrack,-2515,-4857,1651,pos,0 days 00:46:04.264000,0 days 01:43:01.359000
2024-06-23 13:49:19.017,OnTrack,-2434,-4742,1651,pos,0 days 00:46:04.604000,0 days 01:43:01.699000
2024-06-23 13:49:19.277,OnTrack,-2336,-4599,1653,pos,0 days 00:46:04.864000,0 days 01:43:01.959000
2024-06-23 13:49:19.437,OnTrack,-2238,-4455,1654,pos,0 days 00:46:05.024000,0 days 01:43:02.119000
2024-06-23 13:49:19.717,OnTrack,-2198,-4394,1656,pos,0 days 00:46:05.304000,0 days 01:43:02.399000
2024-06-23 13:49:20.037,OnTrack,-2129,-4265,1661,pos,0 days 00:46:05.624000,0 days 01:43:02.719000
2024-06-23 13:49:20.317,OnTrack,-2091,-4113,1662,pos,0 days 00:46:05.904000,0 days 01:43:02.999000
2024-06-23 13:49:20.716,OnTrack,-2083,-4000,1664,pos,0 days 00:46:06.303000,0 days 01:43:03.398000
2024-06-23 13:49:20.896,OnTrack,-2084,-3928,1666,pos,0 days 00:46:06.483000,0 days 01:43:03.578000
2024-06-23 13:49:21.056,OnTrack,-2090,-3868,1670,pos,0 days 00:46:06.643000,0 days 01:43:03.738000
2024-06-23 13:49:21.336,OnTrack,-2133,-3723,1679,pos,0 days 00:46:06.923000,0 days 01:43:04.018000
2024-06-23 13:49:21.716,OnTrack,-2179,-3650,1682,pos,0 days 00:46:07.303000,0 days 01:43:04.398000
2024-06-23 13:49:21.996,OnTrack,-2279,-3551,1688,pos,0 days 00:46:07.583000,0 days 01:43:04.678000
2024-06-23 13:49:22.316,OnTrack,-2348,-3500,1691,pos,0 days 00:46:07.903000,0 days 01:43:04.998000
2024-06-23 13:49:22.476,OnTrack,-2399,-3464,1694,pos,0 days 00:46:08.063000,0 days 01:43:05.158000
2024-06-23 13:49:22.816,OnTrack,-2511,-3379,1701,pos,0 days 00:46:08.403000,0 days 01:43:05.498000
2024-06-23 13:49:23.036,OnTrack,-2583,-3313,1708,pos,0 days 00:46:08.623000,0 days 01:43:05.718000
2024-06-23 13:49:23.216,OnTrack,-2640,-3252,1714,pos,0 days 00:46:08.803000,0 days 01:43:05.898000
2024-06-23 13:49:23.456,OnTrack,-2710,-3160,1723,pos,0 days 00:46:09.043000,0 days 01:43:06.138000
2024-06-23 13:49:23.656,OnTrack,-2791,-3016,1733,pos,0 days 00:46:09.243000,0 days 01:43:06.338000
2024-06-23 13:49:23.937,OnTrack,-2832,-2928,1740,pos,0 days 00:46:09.524000,0 days 01:43:06.619000
2024-06-23 13:49:24.257,OnTrack,-2906,-2765,1749,pos,0 days 00:46:09.844000,0 days 01:43:06.939000
2024-06-23 13:49:24.477,OnTrack,-2990,-2586,1762,pos,0 days 00:46:10.064000,0 days 01:43:07.159000
2024-06-23 13:49:24.717,OnTrack,-3016,-2531,1766,pos,0 days 00:46:10.304000,0 days 01:43:07.399000
2024-06-23 13:49:25.037,OnTrack,-3137,-2276,1782,pos,0 days 00:46:10.624000,0 days 01:43:07.719000
2024-06-23 13:49:25.477,OnTrack,-3221,-2101,1794,pos,0 days 00:46:11.064000,0 days 01:43:08.159000
2024-06-23 13:49:25.637,OnTrack,-3266,-2006,1800,pos,0 days 00:46:11.224000,0 days 01:43:08.319000
2024-06-23 13:49:25.917,OnTrack,-3347,-1838,1811,pos,0 days 00:46:11.504000,0 days 01:43:08.599000
2024-06-23 13:49:25.937,OnTrack,-3353,-1825,1812,pos,0 days 00:46:11.524000,0 days 01:43:08.619000
2024-06-23 13:49:26.157,OnTrack,-3413,-1690,1821,pos,0 days 00:46:11.744000,0 days 01:43:08.839000
2024-06-23 13:49:26.417,OnTrack,-3470,-1526,1831,pos,0 days 00:46:12.004000,0 days 01:43:09.099000
2024-06-23 13:49:26.717,OnTrack,-3507,-1272,1843,pos,0 days 00:46:12.304000,0 days 01:43:09.399000
2024-06-23 13:49:27.136,OnTrack,-3497,-1070,1850,pos,0 days 00:46:12.723000,0 days 01:43:09.818000
2024-06-23 13:49:27.296,OnTrack,-3481,-972,1855,pos,0 days 00:46:12.883000,0 days 01:43:09.978000
2024-06-23 13:49:27.556,OnTrack,-3420,-750,1863,pos,0 days 00:46:13.143000,0 days 01:43:10.238000
2024-06-23 13:49:27.876,OnTrack,-3373,-639,1866,pos,0 days 00:46:13.463000,0 days 01:43:10.558000
2024-06-23 13:49:28.056,OnTrack,-3321,-543,1869,pos,0 days 00:46:13.643000,0 days 01:43:10.738000
2024-06-23 13:49:28.296,OnTrack,-3219,-405,1872,pos,0 days 00:46:13.883000,0 days 01:43:10.978000
2024-06-23 13:49:28.476,OnTrack,-3138,-332,1874,pos,0 days 00:46:14.063000,0 days 01:43:11.158000
2024-06-23 13:49:28.656,OnTrack,-3041,-269,1874,pos,0 days 00:46:14.243000,0 days 01:43:11.338000
2024-06-23 13:49:28.836,OnTrack,-2935,-217,1874,pos,0 days 00:46:14.423000,0 days 01:43:11.518000
2024-06-23 13:49:29.096,OnTrack,-2775,-152,1873,pos,0 days 00:46:14.683000,0 days 01:43:11.778000
2024-06-23 13:49:29.396,OnTrack,-2578,-72,1871,pos,0 days 00:46:14.983000,0 days 01:43:12.078000
2024-06-23 13:49:29.676,OnTrack,-2418,0,1869,pos,0 days 00:46:15.263000,0 days 01:43:12.358000
2024-06-23 13:49:29.956,OnTrack,-2243,82,1866,pos,0 days 00:46:15.543000,0 days 01:43:12.638000
2024-06-23 13:49:30.116,OnTrack,-2142,130,1865,pos,0 days 00:46:15.703000,0 days 01:43:12.798000
2024-06-23 13:49:30.417,OnTrack,-1950,221,1863,pos,0 days 00:46:16.004000,0 days 01:43:13.099000
2024-06-23 13:49:30.597,OnTrack,-1820,282,1861,pos,0 days 00:46:16.184000,0 days 01:43:13.279000
2024-06-23 13:49:30.777,OnTrack,-1702,338,1860,pos,0 days 00:46:16.364000,0 days 01:43:13.459000
2024-06-23 13:49:30.877,OnTrack,-1636,369,1859,pos,0 days 00:46:16.464000,0 days 01:43:13.559000
2024-06-23 13:49:31.117,OnTrack,-1489,439,1857,pos,0 days 00:46:16.704000,0 days 01:43:13.799000
2024-06-23 13:49:31.397,OnTrack,-1301,529,1855,pos,0 days 00:46:16.984000,0 days 01:43:14.079000
2024-06-23 13:49:31.557,OnTrack,-1193,582,1853,pos,0 days 00:46:17.144000,0 days 01:43:14.239000
2024-06-23 13:49:31.877,OnTrack,-977,692,1850,pos,0 days 00:46:17.464000,0 days 01:43:14.559000
2024-06-23 13:49:31.997,OnTrack,-896,734,1849,pos,0 days 00:46:17.584000,0 days 01:43:14.679000
2024-06-23 13:49:32.237,OnTrack,-637,873,1846,pos,0 days 00:46:17.824000,0 days 01:43:14.919000
2024-06-23 13:49:32.677,OnTrack,-431,983,1843,pos,0 days 00:46:18.264000,0 days 01:43:15.359000
2024-06-23 13:49:32.877,OnTrack,-293,1057,1841,pos,0 days 00:46:18.464000,0 days 01:43:15.559000
2024-06-23 13:49:33.077,OnTrack,-153,1131,1839,pos,0 days 00:46:18.664000,0 days 01:43:15.759000
2024-06-23 13:49:33.337,OnTrack,28,1228,1836,pos,0 days 00:46:18.924000,0 days 01:43:16.019000
2024-06-23 13:49:33.557,OnTrack,253,1347,1833,pos,0 days 00:46:19.144000,0 days 01:43:16.239000
2024-06-23 13:49:33.836,OnTrack,353,1398,1832,pos,0 days 00:46:19.423000,0 days 01:43:16.518000
2024-06-23 13:49:34.056,OnTrack,499,1470,1830,pos,0 days 00:46:19.643000,0 days 01:43:16.738000
2024-06-23 13:49:34.336,OnTrack,714,1563,1827,pos,0 days 00:46:19.923000,0 days 01:43:17.018000
2024-06-23 13:49:34.496,OnTrack,812,1603,1826,pos,0 days 00:46:20.083000,0 days 01:43:17.178000
2024-06-23 13:49:34.736,OnTrack,946,1656,1824,pos,0 days 00:46:20.323000,0 days 01:43:17.418000
2024-06-23 13:49:34.936,OnTrack,1042,1696,1824,pos,0 days 00:46:20.523000,0 days 01:43:17.618000
2024-06-23 13:49:35.056,OnTrack,1095,1719,1823,pos,0 days 00:46:20.643000,0 days 01:43:17.738000
2024-06-23 13:49:35.356,OnTrack,1216,1778,1821,pos,0 days 00:46:20.943000,0 days 01:43:18.038000
2024-06-23 13:49:35.556,OnTrack,1282,1819,1821,pos,0 days 00:46:21.143000,0 days 01:43:18.238000
2024-06-23 13:49:35.796,OnTrack,1379,1903,1820,pos,0 days 00:46:21.383000,0 days 01:43:18.478000
2024-06-23 13:49:36.136,OnTrack,1421,1963,1819,pos,0 days 00:46:21.723000,0 days 01:43:18.818000
2024-06-23 13:49:36.356,OnTrack,1459,2072,1818,pos,0 days 00:46:21.943000,0 days 01:43:19.038000
2024-06-23 13:49:36.736,OnTrack,1463,2148,1817,pos,0 days 00:46:22.323000,0 days 01:43:19.418000
2024-06-23 13:49:37.077,OnTrack,1443,2257,1817,pos,0 days 00:46:22.664000,0 days 01:43:19.759000
2024-06-23 13:49:37.317,OnTrack,1414,2329,1819,pos,0 days 00:46:22.904000,0 days 01:43:19.999000
2024-06-23 13:49:37.617,OnTrack,1354,2428,1822,pos,0 days 00:46:23.204000,0 days 01:43:20.299000
2024-06-23 13:49:37.997,OnTrack,1309,2480,1824,pos,0 days 00:46:23.584000,0 days 01:43:20.679000
2024-06-23 13:49:38.277,OnTrack,1227,2551,1826,pos,0 days 00:46:23.864000,0 days 01:43:20.959000
2024-06-23 13:49:38.697,OnTrack,1145,2597,1828,pos,0 days 00:46:24.284000,0 days 01:43:21.379000
2024-06-23 13:49:38.877,OnTrack,1094,2617,1830,pos,0 days 00:46:24.464000,0 days 01:43:21.559000
2024-06-23 13:49:39.157,OnTrack,1008,2640,1831,pos,0 days 00:46:24.744000,0 days 01:43:21.839000
2024-06-23 13:49:39.357,OnTrack,916,2654,1833,pos,0 days 00:46:24.944000,0 days 01:43:22.039000
2024-06-23 13:49:39.737,OnTrack,810,2660,1835,pos,0 days 00:46:25.324000,0 days 01:43:22.419000
2024-06-23 13:49:39.917,OnTrack,743,2657,1837,pos,0 days 00:46:25.504000,0 days 01:43:22.599000
2024-06-23 13:49:40.037,OnTrack,697,2652,1838,pos,0 days 00:46:25.624000,0 days 01:43:22.719000
2024-06-23 13:49:40.396,OnTrack,544,2621,1841,pos,0 days 00:46:25.983000,0 days 01:43:23.078000
2024-06-23 13:49:40.636,OnTrack,451,2590,1844,pos,0 days 00:46:26.223000,0 days 01:43:23.318000
2024-06-23 13:49:40.936,OnTrack,324,2531,1849,pos,0 days 00:46:26.523000,0 days 01:43:23.618000
2024-06-23 13:49:41.196,OnTrack,186,2447,1857,pos,0 days 00:46:26.783000,0 days 01:43:23.878000
2024-06-23 13:49:41.536,OnTrack,64,2362,1864,pos,0 days 00:46:27.123000,0 days 01:43:24.218000
2024-06-23 13:49:41.796,OnTrack,-93,2259,1871,pos,0 days 00:46:27.383000,0 days 01:43:24.478000
2024-06-23 13:49:42.076,OnTrack,-175,2216,1874,pos,0 days 00:46:27.663000,0 days 01:43:24.758000
2024-06-23 13:49:42.296,OnTrack,-273,2176,1878,pos,0 days 00:46:27.883000,0 days 01:43:24.978000
2024-06-23 13:49:42.536,OnTrack,-377,2145,1881,pos,0 days 00:46:28.123000,0 days 01:43:25.218000
2024-06-23 13:49:42.696,OnTrack,-444,2132,1885,pos,0 days 00:46:28.283000,0 days 01:43:25.378000
2024-06-23 13:49:42.996,OnTrack,-564,2122,1891,pos,0 days 00:46:28.583000,0 days 01:43:25.678000
2024-06-23 13:49:43.196,OnTrack,-676,2130,1896,pos,0 days 00:46:28.783000,0 days 01:43:25.878000
2024-06-23 13:49:43.637,OnTrack,-837,2188,1905,pos,0 days 00:46:29.224000,0 days 01:43:26.319000
2024-06-23 13:49:44.077,OnTrack,-914,2249,1907,pos,0 days 00:46:29.664000,0 days 01:43:26.759000
2024-06-23 13:49:44.297,OnTrack,-956,2298,1908,pos,0 days 00:46:29.884000,0 days 01:43:26.979000
2024-06-23 13:49:44.497,OnTrack,-990,2352,1910,pos,0 days 00:46:30.084000,0 days 01:43:27.179000
2024-06-23 13:49:44.717,OnTrack,-1029,2449,1912,pos,0 days 00:46:30.304000,0 days 01:43:27.399000
2024-06-23 13:49:44.977,OnTrack,-1040,2490,1912,pos,0 days 00:46:30.564000,0 days 01:43:27.659000
2024-06-23 13:49:45.277,OnTrack,-1050,2604,1914,pos,0 days 00:46:30.864000,0 days 01:43:27.959000
2024-06-23 13:49:45.657,OnTrack,-1044,2696,1915,pos,0 days 00:46:31.244000,0 days 01:43:28.339000
2024-06-23 13:49:45.857,OnTrack,-1032,2758,1916,pos,0 days 00:46:31.444000,0 days 01:43:28.539000
2024-06-23 13:49:46.137,OnTrack,-1005,2845,1918,pos,0 days 00:46:31.724000,0 days 01:43:28.819000
2024-06-23 13:49:46.317,OnTrack,-982,2901,1918,pos,0 days 00:46:31.904000,0 days 01:43:28.999000
2024-06-23 13:49:46.557,OnTrack,-943,2976,1920,pos,0 days 00:46:32.144000,0 days 01:43:29.239000
2024-06-23 13:49:47.336,OnTrack,-733,3229,1923,pos,0 days 00:46:32.923000,0 days 01:43:30.018000
2024-06-23 13:49:47.676,OnTrack,-574,3361,1921,pos,0 days 00:46:33.263000,0 days 01:43:30.358000
2024-06-23 13:49:47.976,OnTrack,-505,3415,1921,pos,0 days 00:46:33.563000,0 days 01:43:30.658000
2024-06-23 13:49:48.296,OnTrack,-327,3556,1917,pos,0 days 00:46:33.883000,0 days 01:43:30.978000
2024-06-23 13:49:48.736,OnTrack,-192,3671,1914,pos,0 days 00:46:34.323000,0 days 01:43:31.418000
2024-06-23 13:49:48.896,OnTrack,-122,3731,1912,pos,0 days 00:46:34.483000,0 days 01:43:31.578000
2024-06-23 13:49:49.056,OnTrack,-50,3792,1909,pos,0 days 00:46:34.643000,0 days 01:43:31.738000
2024-06-23 13:49:49.176,OnTrack,4,3837,1907,pos,0 days 00:46:34.763000,0 days 01:43:31.858000
2024-06-23 13:49:49.476,OnTrack,150,3949,1901,pos,0 days 00:46:35.063000,0 days 01:43:32.158000
2024-06-23 13:49:49.636,OnTrack,234,4004,1897,pos,0 days 00:46:35.223000,0 days 01:43:32.318000
2024-06-23 13:49:49.856,OnTrack,356,4069,1891,pos,0 days 00:46:35.443000,0 days 01:43:32.538000
2024-06-23 13:49:50.116,OnTrack,514,4120,1883,pos,0 days 00:46:35.703000,0 days 01:43:32.798000
2024-06-23 13:49:50.297,OnTrack,629,4137,1878,pos,0 days 00:46:35.884000,0 days 01:43:32.979000
2024-06-23 13:49:50.537,OnTrack,799,4134,1869,pos,0 days 00:46:36.124000,0 days 01:43:33.219000
2024-06-23 13:49:50.697,OnTrack,904,4119,1863,pos,0 days 00:46:36.284000,0 days 01:43:33.379000
2024-06-23 13:49:51.017,OnTrack,1097,4066,1851,pos,0 days 00:46:36.604000,0 days 01:43:33.699000
2024-06-23 13:49:51.077,OnTrack,1135,4051,1849,pos,0 days 00:46:36.664000,0 days 01:43:33.759000
2024-06-23 13:49:51.397,OnTrack,1333,3961,1837,pos,0 days 00:46:36.984000,0 days 01:43:34.079000
2024-06-23 13:49:51.577,OnTrack,1441,3902,1831,pos,0 days 00:46:37.164000,0 days 01:43:34.259000
2024-06-23 13:49:51.777,OnTrack,1560,3830,1825,pos,0 days 00:46:37.364000,0 days 01:43:34.459000
2024-06-23 13:49:51.977,OnTrack,1678,3755,1817,pos,0 days 00:46:37.564000,0 days 01:43:34.659000
2024-06-23 13:49:52.117,OnTrack,1761,3702,1812,pos,0 days 00:46:37.704000,0 days 01:43:34.799000
2024-06-23 13:49:52.377,OnTrack,1917,3602,1803,pos,0 days 00:46:37.964000,0 days 01:43:35.059000
2024-06-23 13:49:52.597,OnTrack,2051,3517,1795,pos,0 days 00:46:38.184000,0 days 01:43:35.279000
2024-06-23 13:49:52.797,OnTrack,2174,3438,1788,pos,0 days 00:46:38.384000,0 days 01:43:35.479000
2024-06-23 13:49:52.997,OnTrack,2295,3358,1782,pos,0 days 00:46:38.584000,0 days 01:43:35.679000
2024-06-23 13:49:53.277,OnTrack,2530,3175,1770,pos,0 days 00:46:38.864000,0 days 01:43:35.959000
2024-06-23 13:49:53.616,OnTrack,2599,3106,1766,pos,0 days 00:46:39.203000,0 days 01:43:36.298000
2024-06-23 13:49:53.876,OnTrack,2731,2947,1759,pos,0 days 00:46:39.463000,0 days 01:43:36.558000
2024-06-23 13:49:54.316,OnTrack,2851,2666,1749,pos,0 days 00:46:39.903000,0 days 01:43:36.998000
2024-06-23 13:49:54.716,OnTrack,2882,2473,1744,pos,0 days 00:46:40.303000,0 days 01:43:37.398000
2024-06-23 13:49:54.896,OnTrack,2880,2320,1742,pos,0 days 00:46:40.483000,0 days 01:43:37.578000
2024-06-23 13:49:55.336,OnTrack,2828,2075,1737,pos,0 days 00:46:40.923000,0 days 01:43:38.018000
2024-06-23 13:49:55.556,OnTrack,2772,1938,1735,pos,0 days 00:46:41.143000,0 days 01:43:38.238000
2024-06-23 13:49:55.716,OnTrack,2723,1841,1733,pos,0 days 00:46:41.303000,0 days 01:43:38.398000
2024-06-23 13:49:55.976,OnTrack,2588,1616,1730,pos,0 days 00:46:41.563000,0 days 01:43:38.658000
2024-06-23 13:49:56.256,OnTrack,2528,1523,1728,pos,0 days 00:46:41.843000,0 days 01:43:38.938000
2024-06-23 13:49:56.436,OnTrack,2458,1417,1726,pos,0 days 00:46:42.023000,0 days 01:43:39.118000
2024-06-23 13:49:56.616,OnTrack,2388,1310,1725,pos,0 days 00:46:42.203000,0 days 01:43:39.298000
2024-06-23 13:49:56.837,OnTrack,2295,1166,1722,pos,0 days 00:46:42.424000,0 days 01:43:39.519000
2024-06-23 13:49:57.177,OnTrack,2160,960,1718,pos,0 days 00:46:42.764000,0 days 01:43:39.859000
2024-06-23 13:49:57.297,OnTrack,2112,886,1717,pos,0 days 00:46:42.884000,0 days 01:43:39.979000
2024-06-23 13:49:57.557,OnTrack,2015,737,1714,pos,0 days 00:46:43.144000,0 days 01:43:40.239000
2024-06-23 13:49:57.757,OnTrack,1934,611,1713,pos,0 days 00:46:43.344000,0 days 01:43:40.439000
2024-06-23 13:49:58.017,OnTrack,1826,447,1710,pos,0 days 00:46:43.604000,0 days 01:43:40.699000
2024-06-23 13:49:58.197,OnTrack,1751,332,1709,pos,0 days 00:46:43.784000,0 days 01:43:40.879000
2024-06-23 13:49:58.317,OnTrack,1701,255,1709,pos,0 days 00:46:43.904000,0 days 01:43:40.999000
2024-06-23 13:49:58.517,OnTrack,1629,143,1707,pos,0 days 00:46:44.104000,0 days 01:43:41.199000
2024-06-23 13:49:58.717,OnTrack,1545,11,1708,pos,0 days 00:46:44.304000,0 days 01:43:41.399000
2024-06-23 13:49:58.937,OnTrack,1451,-133,1707,pos,0 days 00:46:44.524000,0 days 01:43:41.619000
2024-06-23 13:49:59.277,OnTrack,1306,-359,1707,pos,0 days 00:46:44.864000,0 days 01:43:41.959000
2024-06-23 13:49:59.417,OnTrack,1247,-453,1708,pos,0 days 00:46:45.004000,0 days 01:43:42.099000
2024-06-23 13:49:59.677,OnTrack,1110,-669,1708,pos,0 days 00:46:45.264000,0 days 01:43:42.359000
2024-06-23 13:49:59.997,OnTrack,998,-845,1708,pos,0 days 00:46:45.584000,0 days 01:43:42.679000
2024-06-23 13:50:00.276,OnTrack,877,-1036,1708,pos,0 days 00:46:45.863000,0 days 01:43:42.958000
2024-06-23 13:50:00.376,OnTrack,833,-1105,1708,pos,0 days 00:46:45.963000,0 days 01:43:43.058000
2024-06-23 13:50:00.676,OnTrack,703,-1310,1707,pos,0 days 00:46:46.263000,0 days 01:43:43.358000
2024-06-23 13:50:00.836,OnTrack,633,-1421,1707,pos,0 days 00:46:46.423000,0 days 01:43:43.518000
2024-06-23 13:50:01.076,OnTrack,527,-1587,1708,pos,0 days 00:46:46.663000,0 days 01:43:43.758000
2024-06-23 13:50:01.356,OnTrack,395,-1795,1708,pos,0 days 00:46:46.943000,0 days 01:43:44.038000
2024-06-23 13:50:01.616,OnTrack,289,-1962,1708,pos,0 days 00:46:47.203000,0 days 01:43:44.298000
2024-06-23 13:50:01.876,OnTrack,120,-2228,1707,pos,0 days 00:46:47.463000,0 days 01:43:44.558000
2024-06-23 13:50:02.376,OnTrack,-49,-2495,1707,pos,0 days 00:46:47.963000,0 days 01:43:45.058000
2024-06-23 13:50:02.556,OnTrack,-186,-2705,1705,pos,0 days 00:46:48.143000,0 days 01:43:45.238000
2024-06-23 13:50:02.976,OnTrack,-389,-3012,1702,pos,0 days 00:46:48.563000,0 days 01:43:45.658000
2024-06-23 13:50:03.397,OnTrack,-529,-3221,1699,pos,0 days 00:46:48.984000,0 days 01:43:46.079000
2024-06-23 13:50:03.577,OnTrack,-613,-3347,1698,pos,0 days 00:46:49.164000,0 days 01:43:46.259000
2024-06-23 13:50:03.817,OnTrack,-771,-3584,1693,pos,0 days 00:46:49.404000,0 days 01:43:46.499000
2024-06-23 13:50:04.197,OnTrack,-893,-3766,1689,pos,0 days 00:46:49.784000,0 days 01:43:46.879000
2024-06-23 13:50:04.457,OnTrack,-1015,-3948,1685,pos,0 days 00:46:50.044000,0 days 01:43:47.139000
2024-06-23 13:50:04.677,OnTrack,-1176,-4187,1679,pos,0 days 00:46:50.264000,0 days 01:43:47.359000
2024-06-23 13:50:04.977,OnTrack,-1261,-4314,1675,pos,0 days 00:46:50.564000,0 days 01:43:47.659000
2024-06-23 13:50:05.157,OnTrack,-1346,-4440,1671,pos,0 days 00:46:50.744000,0 days 01:43:47.839000
2024-06-23 13:50:05.337,OnTrack,-1431,-4567,1667,pos,0 days 00:46:50.924000,0 days 01:43:48.019000
2024-06-23 13:50:05.717,OnTrack,-1611,-4835,1660,pos,0 days 00:46:51.304000,0 days 01:43:48.399000
2024-06-23 13:50:05.917,OnTrack,-1748,-5050,1655,pos,0 days 00:46:51.504000,0 days 01:43:48.599000
2024-06-23 13:50:06.217,OnTrack,-1837,-5196,1651,pos,0 days 00:46:51.804000,0 days 01:43:48.899000
2024-06-23 13:50:06.397,OnTrack,-1914,-5328,1649,pos,0 days 00:46:51.984000,0 days 01:43:49.079000
2024-06-23 13:50:06.657,OnTrack,-2025,-5521,1646,pos,0 days 00:46:52.244000,0 days 01:43:49.339000
2024-06-23 13:50:06.876,OnTrack,-2117,-5684,1643,pos,0 days 00:46:52.463000,0 days 01:43:49.558000
2024-06-23 13:50:07.136,OnTrack,-2265,-5951,1640,pos,0 days 00:46:52.723000,0 days 01:43:49.818000
2024-06-23 13:50:07.556,OnTrack,-2395,-6182,1637,pos,0 days 00:46:53.143000,0 days 01:43:50.238000
2024-06-23 13:50:07.716,OnTrack,-2458,-6289,1636,pos,0 days 00:46:53.303000,0 days 01:43:50.398000
2024-06-23 13:50:07.996,OnTrack,-2563,-6453,1633,pos,0 days 00:46:53.583000,0 days 01:43:50.678000
2024-06-23 13:50:08.236,OnTrack,-2622,-6536,1632,pos,0 days 00:46:53.823000,0 days 01:43:50.918000
2024-06-23 13:50:08.276,OnTrack,-2636,-6555,1632,pos,0 days 00:46:53.863000,0 days 01:43:50.958000
2024-06-23 13:50:08.656,OnTrack,-2765,-6715,1629,pos,0 days 00:46:54.243000,0 days 01:43:51.338000
2024-06-23 13:50:08.936,OnTrack,-2849,-6801,1627,pos,0 days 00:46:54.523000,0 days 01:43:51.618000
2024-06-23 13:50:09.156,OnTrack,-2921,-6863,1625,pos,0 days 00:46:54.743000,0 days 01:43:51.838000
2024-06-23 13:50:09.396,OnTrack,-3002,-6919,1624,pos,0 days 00:46:54.983000,0 days 01:43:52.078000
2024-06-23 13:50:09.596,OnTrack,-3070,-6955,1625,pos,0 days 00:46:55.183000,0 days 01:43:52.278000
2024-06-23 13:50:09.816,OnTrack,-3148,-6982,1623,pos,0 days 00:46:55.403000,0 days 01:43:52.498000
2024-06-23 13:50:10.077,OnTrack,-3273,-6994,1624,pos,0 days 00:46:55.664000,0 days 01:43:52.759000
2024-06-23 13:50:10.397,OnTrack,-3368,-6982,1627,pos,0 days 00:46:55.984000,0 days 01:43:53.079000
2024-06-23 13:50:10.697,OnTrack,-3471,-6950,1629,pos,0 days 00:46:56.284000,0 days 01:43:53.379000
2024-06-23 13:50:10.917,OnTrack,-3589,-6899,1631,pos,0 days 00:46:56.504000,0 days 01:43:53.599000
2024-06-23 13:50:11.317,OnTrack,-3703,-6846,1633,pos,0 days 00:46:56.904000,0 days 01:43:53.999000
2024-06-23 13:50:11.517,OnTrack,-3784,-6812,1634,pos,0 days 00:46:57.104000,0 days 01:43:54.199000
2024-06-23 13:50:11.697,OnTrack,-3858,-6787,1636,pos,0 days 00:46:57.284000,0 days 01:43:54.379000
2024-06-23 13:50:11.877,OnTrack,-3934,-6771,1638,pos,0 days 00:46:57.464000,0 days 01:43:54.559000
2024-06-23 13:50:12.157,OnTrack,-4102,-6778,1645,pos,0 days 00:46:57.744000,0 days 01:43:54.839000
2024-06-23 13:50:12.557,OnTrack,-4236,-6819,1651,pos,0 days 00:46:58.144000,0 days 01:43:55.239000
2024-06-23 13:50:12.757,OnTrack,-4323,-6859,1656,pos,0 days 00:46:58.344000,0 days 01:43:55.439000
2024-06-23 13:50:12.957,OnTrack,-4410,-6906,1660,pos,0 days 00:46:58.544000,0 days 01:43:55.639000
2024-06-23 13:50:13.117,OnTrack,-4477,-6948,1665,pos,0 days 00:46:58.704000,0 days 01:43:55.799000
2024-06-23 13:50:13.416,OnTrack,-4605,-7036,1672,pos,0 days 00:46:59.003000,0 days 01:43:56.098000
2024-06-23 13:50:13.596,OnTrack,-4682,-7092,1676,pos,0 days 00:46:59.183000,0 days 01:43:56.278000
2024-06-23 13:50:13.836,OnTrack,-4858,-7209,1686,pos,0 days 00:46:59.423000,0 days 01:43:56.518000
2024-06-23 13:50:14.056,OnTrack,-4897,-7234,1688,pos,0 days 00:46:59.643000,0 days 01:43:56.738000
2024-06-23 13:50:14.276,OnTrack,-5008,-7297,1694,pos,0 days 00:46:59.863000,0 days 01:43:56.958000
2024-06-23 13:50:14.596,OnTrack,-5182,-7378,1701,pos,0 days 00:47:00.183000,0 days 01:43:57.278000
2024-06-23 13:50:14.776,OnTrack,-5284,-7412,1705,pos,0 days 00:47:00.363000,0 days 01:43:57.458000
2024-06-23 13:50:14.976,OnTrack,-5485,-7450,1715,pos,0 days 00:47:00.563000,0 days 01:43:57.658000
2024-06-23 13:50:15.396,OnTrack,-5650,-7453,1721,pos,0 days 00:47:00.983000,0 days 01:43:58.078000
2024-06-23 13:50:15.656,OnTrack,-5859,-7423,1730,pos,0 days 00:47:01.243000,0 days 01:43:58.338000
2024-06-23 13:50:16.016,OnTrack,-6063,-7356,1738,pos,0 days 00:47:01.603000,0 days 01:43:58.698000
2024-06-23 13:50:16.456,OnTrack,-6221,-7272,1744,pos,0 days 00:47:02.043000,0 days 01:43:59.138000
2024-06-23 13:50:16.557,OnTrack,-6277,-7234,1746,pos,0 days 00:47:02.144000,0 days 01:43:59.239000
2024-06-23 13:50:16.757,OnTrack,-6365,-7161,1750,pos,0 days 00:47:02.344000,0 days 01:43:59.439000
2024-06-23 13:50:17.097,OnTrack,-6535,-6953,1758,pos,0 days 00:47:02.684000,0 days 01:43:59.779000
2024-06-23 13:50:17.337,OnTrack,-6565,-6901,1759,pos,0 days 00:47:02.924000,0 days 01:44:00.019000
2024-06-23 13:50:17.557,OnTrack,-6624,-6782,1761,pos,0 days 00:47:03.144000,0 days 01:44:00.239000
2024-06-23 13:50:17.757,OnTrack,-6666,-6666,1763,pos,0 days 00:47:03.344000,0 days 01:44:00.439000
2024-06-23 13:50:18.077,OnTrack,-6721,-6405,1768,pos,0 days 00:47:03.664000,0 days 01:44:00.759000
2024-06-23 13:50:18.417,OnTrack,-6732,-6249,1770,pos,0 days 00:47:04.004000,0 days 01:44:01.099000
2024-06-23 13:50:18.777,OnTrack,-6722,-5969,1774,pos,0 days 00:47:04.364000,0 days 01:44:01.459000
2024-06-23 13:50:19.057,OnTrack,-6705,-5820,1776,pos,0 days 00:47:04.644000,0 days 01:44:01.739000
2024-06-23 13:50:19.277,OnTrack,-6681,-5670,1778,pos,0 days 00:47:04.864000,0 days 01:44:01.959000
2024-06-23 13:50:19.477,OnTrack,-6657,-5555,1779,pos,0 days 00:47:05.064000,0 days 01:44:02.159000
2024-06-23 13:50:19.757,OnTrack,-6609,-5363,1783,pos,0 days 00:47:05.344000,0 days 01:44:02.439000
2024-06-23 13:50:19.976,OnTrack,-6561,-5214,1786,pos,0 days 00:47:05.563000,0 days 01:44:02.658000
2024-06-23 13:50:20.136,OnTrack,-6475,-5015,1789,pos,0 days 00:47:05.723000,0 days 01:44:02.818000
2024-06-23 13:50:20.636,OnTrack,-6339,-4784,1793,pos,0 days 00:47:06.223000,0 days 01:44:03.318000
2024-06-23 13:50:20.836,OnTrack,-6255,-4660,1794,pos,0 days 00:47:06.423000,0 days 01:44:03.518000
2024-06-23 13:50:21.016,OnTrack,-6177,-4549,1796,pos,0 days 00:47:06.603000,0 days 01:44:03.698000
2024-06-23 13:50:21.236,OnTrack,-6017,-4327,1799,pos,0 days 00:47:06.823000,0 days 01:44:03.918000
2024-06-23 13:50:21.476,OnTrack,-5976,-4265,1801,pos,0 days 00:47:07.063000,0 days 01:44:04.158000
2024-06-23 13:50:21.776,OnTrack,-5858,-4063,1804,pos,0 days 00:47:07.363000,0 days 01:44:04.458000
2024-06-23 13:50:22.036,OnTrack,-5754,-3888,1807,pos,0 days 00:47:07.623000,0 days 01:44:04.718000
2024-06-23 13:50:22.256,OnTrack,-5665,-3745,1809,pos,0 days 00:47:07.843000,0 days 01:44:04.938000
2024-06-23 13:50:22.436,OnTrack,-5592,-3632,1811,pos,0 days 00:47:08.023000,0 days 01:44:05.118000
2024-06-23 13:50:22.676,OnTrack,-5475,-3461,1814,pos,0 days 00:47:08.263000,0 days 01:44:05.358000
2024-06-23 13:50:23.117,OnTrack,-5316,-3232,1817,pos,0 days 00:47:08.704000,0 days 01:44:05.799000
2024-06-23 13:50:23.437,OnTrack,-5215,-3108,1818,pos,0 days 00:47:09.024000,0 days 01:44:06.119000
2024-06-23 13:50:23.617,OnTrack,-5155,-3044,1819,pos,0 days 00:47:09.204000,0 days 01:44:06.299000
2024-06-23 13:50:23.777,OnTrack,-5107,-2999,1819,pos,0 days 00:47:09.364000,0 days 01:44:06.459000
2024-06-23 13:50:24.017,OnTrack,-5021,-2935,1820,pos,0 days 00:47:09.604000,0 days 01:44:06.699000
2024-06-23 13:50:24.257,OnTrack,-4931,-2886,1822,pos,0 days 00:47:09.844000,0 days 01:44:06.939000
2024-06-23 13:50:24.557,OnTrack,-4814,-2849,1823,pos,0 days 00:47:10.144000,0 days 01:44:07.239000
2024-06-23 13:50:24.757,OnTrack,-4703,-2838,1825,pos,0 days 00:47:10.344000,0 days 01:44:07.439000
2024-06-23 13:50:25.077,OnTrack,-4613,-2847,1827,pos,0 days 00:47:10.664000,0 days 01:44:07.759000
2024-06-23 13:50:25.417,OnTrack,-4493,-2882,1829,pos,0 days 00:47:11.004000,0 days 01:44:08.099000
2024-06-23 13:50:25.577,OnTrack,-4441,-2906,1830,pos,0 days 00:47:11.164000,0 days 01:44:08.259000
2024-06-23 13:50:25.797,OnTrack,-4375,-2945,1831,pos,0 days 00:47:11.384000,0 days 01:44:08.479000
2024-06-23 13:50:26.017,OnTrack,-4306,-3003,1833,pos,0 days 00:47:11.604000,0 days 01:44:08.699000
2024-06-23 13:50:26.397,OnTrack,-4224,-3094,1835,pos,0 days 00:47:11.984000,0 days 01:44:09.079000
2024-06-23 13:50:26.456,OnTrack,-4210,-3112,1835,pos,0 days 00:47:12.043000,0 days 01:44:09.138000
2024-06-23 13:50:26.716,OnTrack,-4156,-3193,1836,pos,0 days 00:47:12.303000,0 days 01:44:09.398000
2024-06-23 13:50:26.996,OnTrack,-4089,-3333,1838,pos,0 days 00:47:12.583000,0 days 01:44:09.678000
2024-06-23 13:50:27.436,OnTrack,-4051,-3459,1838,pos,0 days 00:47:13.023000,0 days 01:44:10.118000
2024-06-23 13:50:27.536,OnTrack,-4042,-3501,1838,pos,0 days 00:47:13.123000,0 days 01:44:10.218000
2024-06-23 13:50:27.816,OnTrack,-4027,-3682,1839,pos,0 days 00:47:13.403000,0 days 01:44:10.498000
2024-06-23 13:50:28.176,OnTrack,-4035,-3799,1839,pos,0 days 00:47:13.763000,0 days 01:44:10.858000
2024-06-23 13:50:28.376,OnTrack,-4053,-3897,1838,pos,0 days 00:47:13.963000,0 days 01:44:11.058000
2024-06-23 13:50:28.536,OnTrack,-4075,-3978,1838,pos,0 days 00:47:14.123000,0 days 01:44:11.218000
2024-06-23 13:50:28.756,OnTrack,-4116,-4089,1836,pos,0 days 00:47:14.343000,0 days 01:44:11.438000
2024-06-23 13:50:29.036,OnTrack,-4186,-4228,1834,pos,0 days 00:47:14.623000,0 days 01:44:11.718000
2024-06-23 13:50:29.216,OnTrack,-4242,-4317,1833,pos,0 days 00:47:14.803000,0 days 01:44:11.898000
2024-06-23 13:50:29.436,OnTrack,-4317,-4425,1830,pos,0 days 00:47:15.023000,0 days 01:44:12.118000
2024-06-23 13:50:29.677,OnTrack,-4447,-4604,1826,pos,0 days 00:47:15.264000,0 days 01:44:12.359000
2024-06-23 13:50:30.077,OnTrack,-4559,-4758,1822,pos,0 days 00:47:15.664000,0 days 01:44:12.759000
2024-06-23 13:50:30.257,OnTrack,-4620,-4842,1820,pos,0 days 00:47:15.844000,0 days 01:44:12.939000
2024-06-23 13:50:30.537,OnTrack,-4729,-4991,1817,pos,0 days 00:47:16.124000,0 days 01:44:13.219000
2024-06-23 13:50:30.677,OnTrack,-4784,-5066,1815,pos,0 days 00:47:16.264000,0 days 01:44:13.359000
2024-06-23 13:50:30.897,OnTrack,-4870,-5185,1813,pos,0 days 00:47:16.484000,0 days 01:44:13.579000
2024-06-23 13:50:31.077,OnTrack,-4938,-5279,1810,pos,0 days 00:47:16.664000,0 days 01:44:13.759000
2024-06-23 13:50:31.357,OnTrack,-5028,-5412,1806,pos,0 days 00:47:16.944000,0 days 01:44:14.039000
2024-06-23 13:50:31.557,OnTrack,-5081,-5497,1802,pos,0 days 00:47:17.144000,0 days 01:44:14.239000
2024-06-23 13:50:31.717,OnTrack,-5112,-5551,1800,pos,0 days 00:47:17.304000,0 days 01:44:14.399000
2024-06-23 13:50:31.897,OnTrack,-5142,-5609,1798,pos,0 days 00:47:17.484000,0 days 01:44:14.579000
2024-06-23 13:50:32.077,OnTrack,-5171,-5674,1795,pos,0 days 00:47:17.664000,0 days 01:44:14.759000
2024-06-23 13:50:32.397,OnTrack,-5217,-5820,1789,pos,0 days 00:47:17.984000,0 days 01:44:15.079000
2024-06-23 13:50:32.777,OnTrack,-5227,-5923,1785,pos,0 days 00:47:18.364000,0 days 01:44:15.459000
2024-06-23 13:50:33.216,OnTrack,-5189,-6077,1775,pos,0 days 00:47:18.803000,0 days 01:44:15.898000
2024-06-23 13:50:33.456,OnTrack,-5175,-6102,1774,pos,0 days 00:47:19.043000,0 days 01:44:16.138000
2024-06-23 13:50:33.736,OnTrack,-5102,-6181,1768,pos,0 days 00:47:19.323000,0 days 01:44:16.418000
2024-06-23 13:50:34.116,OnTrack,-5044,-6216,1766,pos,0 days 00:47:19.703000,0 days 01:44:16.798000
2024-06-23 13:50:34.296,OnTrack,-5001,-6232,1763,pos,0 days 00:47:19.883000,0 days 01:44:16.978000
2024-06-23 13:50:34.616,OnTrack,-4920,-6249,1758,pos,0 days 00:47:20.203000,0 days 01:44:17.298000
2024-06-23 13:50:34.696,OnTrack,-4899,-6251,1758,pos,0 days 00:47:20.283000,0 days 01:44:17.378000
2024-06-23 13:50:34.956,OnTrack,-4829,-6250,1754,pos,0 days 00:47:20.543000,0 days 01:44:17.638000
2024-06-23 13:50:35.216,OnTrack,-4757,-6239,1749,pos,0 days 00:47:20.803000,0 days 01:44:17.898000
2024-06-23 13:50:35.476,OnTrack,-4640,-6207,1741,pos,0 days 00:47:21.063000,0 days 01:44:18.158000
2024-06-23 13:50:35.856,OnTrack,-4567,-6177,1736,pos,0 days 00:47:21.443000,0 days 01:44:18.538000
2024-06-23 13:50:36.036,OnTrack,-4509,-6151,1732,pos,0 days 00:47:21.623000,0 days 01:44:18.718000
2024-06-23 13:50:36.217,OnTrack,-4401,-6095,1725,pos,0 days 00:47:21.804000,0 days 01:44:18.899000
2024-06-23 13:50:36.577,OnTrack,-4322,-6052,1720,pos,0 days 00:47:22.164000,0 days 01:44:19.259000
2024-06-23 13:50:36.877,OnTrack,-4146,-5957,1708,pos,0 days 00:47:22.464000,0 days 01:44:19.559000
2024-06-23 13:50:37.177,OnTrack,-4076,-5920,1703,pos,0 days 00:47:22.764000,0 days 01:44:19.859000
2024-06-23 13:50:37.477,OnTrack,-3882,-5825,1692,pos,0 days 00:47:23.064000,0 days 01:44:20.159000
2024-06-23 13:50:37.717,OnTrack,-3700,-5747,1682,pos,0 days 00:47:23.304000,0 days 01:44:20.399000
2024-06-23 13:50:38.137,OnTrack,-3484,-5656,1673,pos,0 days 00:47:23.724000,0 days 01:44:20.819000
2024-06-23 13:50:38.397,OnTrack,-3396,-5616,1669,pos,0 days 00:47:23.984000,0 days 01:44:21.079000
2024-06-23 13:50:38.737,OnTrack,-3210,-5516,1662,pos,0 days 00:47:24.324000,0 days 01:44:21.419000
2024-06-23 13:50:38.937,OnTrack,-3102,-5447,1658,pos,0 days 00:47:24.524000,0 days 01:44:21.619000
2024-06-23 13:50:39.137,OnTrack,-2996,-5370,1655,pos,0 days 00:47:24.724000,0 days 01:44:21.819000
2024-06-23 13:50:39.317,OnTrack,-2904,-5294,1653,pos,0 days 00:47:24.904000,0 days 01:44:21.999000
2024-06-23 13:50:39.497,OnTrack,-2814,-5212,1652,pos,0 days 00:47:25.084000,0 days 01:44:22.179000
2024-06-23 13:50:39.776,OnTrack,-2683,-5072,1650,pos,0 days 00:47:25.363000,0 days 01:44:22.458000
2024-06-23 13:50:39.996,OnTrack,-2586,-4953,1651,pos,0 days 00:47:25.583000,0 days 01:44:22.678000
2024-06-23 13:50:40.216,OnTrack,-2494,-4828,1651,pos,0 days 00:47:25.803000,0 days 01:44:22.898000
2024-06-23 13:50:40.396,OnTrack,-2391,-4679,1651,pos,0 days 00:47:25.983000,0 days 01:44:23.078000
2024-06-23 13:50:40.796,OnTrack,-2246,-4467,1654,pos,0 days 00:47:26.383000,0 days 01:44:23.478000
2024-06-23 13:50:41.236,OnTrack,-2136,-4282,1660,pos,0 days 00:47:26.823000,0 days 01:44:23.918000
2024-06-23 13:50:41.636,OnTrack,-2102,-4174,1662,pos,0 days 00:47:27.223000,0 days 01:44:24.318000
2024-06-23 13:50:41.776,OnTrack,-2086,-4068,1662,pos,0 days 00:47:27.363000,0 days 01:44:24.458000
2024-06-23 13:50:42.236,OnTrack,-2086,-3902,1668,pos,0 days 00:47:27.823000,0 days 01:44:24.918000
2024-06-23 13:50:42.596,OnTrack,-2103,-3801,1674,pos,0 days 00:47:28.183000,0 days 01:44:25.278000
2024-06-23 13:50:42.797,OnTrack,-2151,-3691,1680,pos,0 days 00:47:28.384000,0 days 01:44:25.479000
2024-06-23 13:50:43.257,OnTrack,-2263,-3565,1686,pos,0 days 00:47:28.844000,0 days 01:44:25.939000
2024-06-23 13:50:43.577,OnTrack,-2316,-3523,1690,pos,0 days 00:47:29.164000,0 days 01:44:26.259000
2024-06-23 13:50:43.937,OnTrack,-2440,-3434,1695,pos,0 days 00:47:29.524000,0 days 01:44:26.619000
2024-06-23 13:50:44.257,OnTrack,-2539,-3355,1704,pos,0 days 00:47:29.844000,0 days 01:44:26.939000
2024-06-23 13:50:44.457,OnTrack,-2635,-3258,1714,pos,0 days 00:47:30.044000,0 days 01:44:27.139000
2024-06-23 13:50:44.937,OnTrack,-2752,-3089,1729,pos,0 days 00:47:30.524000,0 days 01:44:27.619000
2024-06-23 13:50:45.217,OnTrack,-2810,-2977,1736,pos,0 days 00:47:30.804000,0 days 01:44:27.899000
2024-06-23 13:50:45.417,OnTrack,-2855,-2877,1742,pos,0 days 00:47:31.004000,0 days 01:44:28.099000
2024-06-23 13:50:45.617,OnTrack,-2900,-2776,1748,pos,0 days 00:47:31.204000,0 days 01:44:28.299000
2024-06-23 13:50:45.857,OnTrack,-2959,-2651,1757,pos,0 days 00:47:31.444000,0 days 01:44:28.539000
2024-06-23 13:50:46.137,OnTrack,-3031,-2500,1768,pos,0 days 00:47:31.724000,0 days 01:44:28.819000
2024-06-23 13:50:46.396,OnTrack,-3100,-2356,1777,pos,0 days 00:47:31.983000,0 days 01:44:29.078000
2024-06-23 13:50:46.616,OnTrack,-3197,-2150,1791,pos,0 days 00:47:32.203000,0 days 01:44:29.298000
2024-06-23 13:50:46.936,OnTrack,-3247,-2045,1798,pos,0 days 00:47:32.523000,0 days 01:44:29.618000
2024-06-23 13:50:47.176,OnTrack,-3351,-1829,1811,pos,0 days 00:47:32.763000,0 days 01:44:29.858000
2024-06-23 13:50:47.596,OnTrack,-3431,-1644,1824,pos,0 days 00:47:33.183000,0 days 01:44:30.278000
2024-06-23 13:50:47.816,OnTrack,-3475,-1506,1832,pos,0 days 00:47:33.403000,0 days 01:44:30.498000
2024-06-23 13:50:47.996,OnTrack,-3498,-1392,1838,pos,0 days 00:47:33.583000,0 days 01:44:30.678000
2024-06-23 13:50:48.176,OnTrack,-3507,-1277,1843,pos,0 days 00:47:33.763000,0 days 01:44:30.858000
2024-06-23 13:50:48.356,OnTrack,-3505,-1162,1847,pos,0 days 00:47:33.943000,0 days 01:44:31.038000
2024-06-23 13:50:48.516,OnTrack,-3496,-1062,1851,pos,0 days 00:47:34.103000,0 days 01:44:31.198000
2024-06-23 13:50:48.836,OnTrack,-3457,-867,1859,pos,0 days 00:47:34.423000,0 days 01:44:31.518000
2024-06-23 13:50:49.036,OnTrack,-3420,-750,1863,pos,0 days 00:47:34.623000,0 days 01:44:31.718000
2024-06-23 13:50:49.236,OnTrack,-3373,-638,1866,pos,0 days 00:47:34.823000,0 days 01:44:31.918000
2024-06-23 13:50:49.477,OnTrack,-3294,-501,1871,pos,0 days 00:47:35.064000,0 days 01:44:32.159000
2024-06-23 13:50:49.717,OnTrack,-3180,-367,1873,pos,0 days 00:47:35.304000,0 days 01:44:32.399000
2024-06-23 13:50:49.797,OnTrack,-3142,-335,1874,pos,0 days 00:47:35.384000,0 days 01:44:32.479000
2024-06-23 13:50:50.137,OnTrack,-2962,-229,1875,pos,0 days 00:47:35.724000,0 days 01:44:32.819000
2024-06-23 13:50:50.297,OnTrack,-2864,-187,1874,pos,0 days 00:47:35.884000,0 days 01:44:32.979000
2024-06-23 13:50:50.457,OnTrack,-2765,-148,1873,pos,0 days 00:47:36.044000,0 days 01:44:33.139000
2024-06-23 13:50:50.677,OnTrack,-2628,-93,1871,pos,0 days 00:47:36.264000,0 days 01:44:33.359000
2024-06-23 13:50:50.837,OnTrack,-2529,-50,1870,pos,0 days 00:47:36.424000,0 days 01:44:33.519000
2024-06-23 13:50:51.157,OnTrack,-2329,41,1868,pos,0 days 00:47:36.744000,0 days 01:44:33.839000
2024-06-23 13:50:51.337,OnTrack,-2215,95,1866,pos,0 days 00:47:36.924000,0 days 01:44:34.019000
2024-06-23 13:50:51.517,OnTrack,-2101,149,1865,pos,0 days 00:47:37.104000,0 days 01:44:34.199000
2024-06-23 13:50:51.697,OnTrack,-1985,204,1863,pos,0 days 00:47:37.284000,0 days 01:44:34.379000
2024-06-23 13:50:51.857,OnTrack,-1881,253,1862,pos,0 days 00:47:37.444000,0 days 01:44:34.539000
2024-06-23 13:50:52.197,OnTrack,-1656,359,1859,pos,0 days 00:47:37.784000,0 days 01:44:34.879000
2024-06-23 13:50:52.417,OnTrack,-1509,429,1857,pos,0 days 00:47:38.004000,0 days 01:44:35.099000
2024-06-23 13:50:52.617,OnTrack,-1375,493,1855,pos,0 days 00:47:38.204000,0 days 01:44:35.299000
2024-06-23 13:50:52.816,OnTrack,-1241,558,1854,pos,0 days 00:47:38.403000,0 days 01:44:35.498000
2024-06-23 13:50:52.876,OnTrack,-1200,578,1853,pos,0 days 00:47:38.463000,0 days 01:44:35.558000
2024-06-23 13:50:53.236,OnTrack,-879,743,1849,pos,0 days 00:47:38.823000,0 days 01:44:35.918000
2024-06-23 13:50:53.596,OnTrack,-619,882,1846,pos,0 days 00:47:39.183000,0 days 01:44:36.278000
2024-06-23 13:50:54.036,OnTrack,-412,993,1842,pos,0 days 00:47:39.623000,0 days 01:44:36.718000
2024-06-23 13:50:54.196,OnTrack,-301,1052,1841,pos,0 days 00:47:39.783000,0 days 01:44:36.878000
2024-06-23 13:50:54.416,OnTrack,-63,1179,1838,pos,0 days 00:47:40.003000,0 days 01:44:37.098000
2024-06-23 13:50:54.936,OnTrack,234,1337,1834,pos,0 days 00:47:40.523000,0 days 01:44:37.618000
2024-06-23 13:50:55.316,OnTrack,498,1469,1830,pos,0 days 00:47:40.903000,0 days 01:44:37.998000
2024-06-23 13:50:55.676,OnTrack,733,1571,1827,pos,0 days 00:47:41.263000,0 days 01:44:38.358000
2024-06-23 13:50:55.856,OnTrack,853,1619,1826,pos,0 days 00:47:41.443000,0 days 01:44:38.538000
2024-06-23 13:50:56.057,OnTrack,973,1667,1824,pos,0 days 00:47:41.644000,0 days 01:44:38.739000
2024-06-23 13:50:56.317,OnTrack,1144,1741,1823,pos,0 days 00:47:41.904000,0 days 01:44:38.999000
2024-06-23 13:50:56.757,OnTrack,1263,1806,1821,pos,0 days 00:47:42.344000,0 days 01:44:39.439000
2024-06-23 13:50:56.877,OnTrack,1301,1832,1821,pos,0 days 00:47:42.464000,0 days 01:44:39.559000
2024-06-23 13:50:57.197,OnTrack,1385,1911,1819,pos,0 days 00:47:42.784000,0 days 01:44:39.879000
2024-06-23 13:50:57.357,OnTrack,1416,1954,1819,pos,0 days 00:47:42.944000,0 days 01:44:40.039000
2024-06-23 13:50:57.557,OnTrack,1452,2039,1818,pos,0 days 00:47:43.144000,0 days 01:44:40.239000
2024-06-23 13:50:57.877,OnTrack,1464,2115,1817,pos,0 days 00:47:43.464000,0 days 01:44:40.559000
2024-06-23 13:50:58.037,OnTrack,1462,2165,1817,pos,0 days 00:47:43.624000,0 days 01:44:40.719000
2024-06-23 13:50:58.297,OnTrack,1447,2245,1817,pos,0 days 00:47:43.884000,0 days 01:44:40.979000
2024-06-23 13:50:58.537,OnTrack,1422,2314,1818,pos,0 days 00:47:44.124000,0 days 01:44:41.219000
2024-06-23 13:50:58.797,OnTrack,1385,2382,1821,pos,0 days 00:47:44.384000,0 days 01:44:41.479000
2024-06-23 13:50:58.917,OnTrack,1366,2411,1822,pos,0 days 00:47:44.504000,0 days 01:44:41.599000
2024-06-23 13:50:59.097,OnTrack,1334,2452,1823,pos,0 days 00:47:44.684000,0 days 01:44:41.779000
2024-06-23 13:50:59.297,OnTrack,1296,2493,1824,pos,0 days 00:47:44.884000,0 days 01:44:41.979000
2024-06-23 13:50:59.516,OnTrack,1249,2535,1826,pos,0 days 00:47:45.103000,0 days 01:44:42.198000
2024-06-23 13:50:59.836,OnTrack,1171,2584,1828,pos,0 days 00:47:45.423000,0 days 01:44:42.518000
2024-06-23 13:50:59.916,OnTrack,1150,2595,1828,pos,0 days 00:47:45.503000,0 days 01:44:42.598000
2024-06-23 13:51:00.256,OnTrack,1053,2629,1830,pos,0 days 00:47:45.843000,0 days 01:44:42.938000
2024-06-23 13:51:00.456,OnTrack,991,2643,1832,pos,0 days 00:47:46.043000,0 days 01:44:43.138000
2024-06-23 13:51:01.296,OnTrack,703,2653,1838,pos,0 days 00:47:46.883000,0 days 01:44:43.978000
2024-06-23 13:51:01.596,OnTrack,588,2633,1840,pos,0 days 00:47:47.183000,0 days 01:44:44.278000
2024-06-23 13:51:01.776,OnTrack,517,2613,1842,pos,0 days 00:47:47.363000,0 days 01:44:44.458000
2024-06-23 13:51:02.076,OnTrack,393,2566,1846,pos,0 days 00:47:47.663000,0 days 01:44:44.758000
2024-06-23 13:51:02.256,OnTrack,319,2528,1849,pos,0 days 00:47:47.843000,0 days 01:44:44.938000
2024-06-23 13:51:02.456,OnTrack,183,2445,1857,pos,0 days 00:47:48.043000,0 days 01:44:45.138000
2024-06-23 13:51:02.897,OnTrack,37,2343,1866,pos,0 days 00:47:48.484000,0 days 01:44:45.579000
2024-06-23 13:51:03.037,OnTrack,-61,2277,1870,pos,0 days 00:47:48.624000,0 days 01:44:45.719000
2024-06-23 13:51:03.417,OnTrack,-173,2217,1874,pos,0 days 00:47:49.004000,0 days 01:44:46.099000
2024-06-23 13:51:03.657,OnTrack,-281,2173,1878,pos,0 days 00:47:49.244000,0 days 01:44:46.339000
2024-06-23 13:51:03.957,OnTrack,-411,2138,1884,pos,0 days 00:47:49.544000,0 days 01:44:46.639000
2024-06-23 13:51:04.097,OnTrack,-510,2124,1888,pos,0 days 00:47:49.684000,0 days 01:44:46.779000
2024-06-23 13:51:04.497,OnTrack,-625,2124,1893,pos,0 days 00:47:50.084000,0 days 01:44:47.179000
2024-06-23 13:51:04.717,OnTrack,-745,2147,1900,pos,0 days 00:47:50.304000,0 days 01:44:47.399000
2024-06-23 13:51:05.157,OnTrack,-842,2191,1904,pos,0 days 00:47:50.744000,0 days 01:44:47.839000
2024-06-23 13:51:05.377,OnTrack,-899,2234,1907,pos,0 days 00:47:50.964000,0 days 01:44:48.059000
2024-06-23 13:51:05.617,OnTrack,-965,2311,1909,pos,0 days 00:47:51.204000,0 days 01:44:48.299000
2024-06-23 13:51:06.016,OnTrack,-1011,2397,1910,pos,0 days 00:47:51.603000,0 days 01:44:48.698000
2024-06-23 13:51:06.056,OnTrack,-1016,2408,1911,pos,0 days 00:47:51.643000,0 days 01:44:48.738000
2024-06-23 13:51:06.356,OnTrack,-1040,2493,1912,pos,0 days 00:47:51.943000,0 days 01:44:49.038000
2024-06-23 13:51:06.536,OnTrack,-1048,2546,1913,pos,0 days 00:47:52.123000,0 days 01:44:49.218000
2024-06-23 13:51:06.796,OnTrack,-1050,2625,1914,pos,0 days 00:47:52.383000,0 days 01:44:49.478000
2024-06-23 13:51:06.916,OnTrack,-1048,2662,1915,pos,0 days 00:47:52.503000,0 days 01:44:49.598000
2024-06-23 13:51:07.196,OnTrack,-1034,2749,1916,pos,0 days 00:47:52.783000,0 days 01:44:49.878000
2024-06-23 13:51:07.436,OnTrack,-1013,2824,1917,pos,0 days 00:47:53.023000,0 days 01:44:50.118000
2024-06-23 13:51:07.596,OnTrack,-994,2875,1918,pos,0 days 00:47:53.183000,0 days 01:44:50.278000
2024-06-23 13:51:07.816,OnTrack,-961,2945,1920,pos,0 days 00:47:53.403000,0 days 01:44:50.498000
2024-06-23 13:51:08.016,OnTrack,-924,3008,1921,pos,0 days 00:47:53.603000,0 days 01:44:50.698000
2024-06-23 13:51:08.176,OnTrack,-890,3057,1921,pos,0 days 00:47:53.763000,0 days 01:44:50.858000
2024-06-23 13:51:08.336,OnTrack,-838,3122,1922,pos,0 days 00:47:53.923000,0 days 01:44:51.018000
2024-06-23 13:51:08.596,OnTrack,-765,3199,1923,pos,0 days 00:47:54.183000,0 days 01:44:51.278000
2024-06-23 13:51:08.776,OnTrack,-709,3251,1922,pos,0 days 00:47:54.363000,0 days 01:44:51.458000
2024-06-23 13:51:08.976,OnTrack,-644,3305,1922,pos,0 days 00:47:54.563000,0 days 01:44:51.658000
2024-06-23 13:51:09.257,OnTrack,-487,3429,1920,pos,0 days 00:47:54.844000,0 days 01:44:51.939000
2024-06-23 13:51:09.697,OnTrack,-332,3552,1917,pos,0 days 00:47:55.284000,0 days 01:44:52.379000
2024-06-23 13:51:09.997,OnTrack,-239,3631,1915,pos,0 days 00:47:55.584000,0 days 01:44:52.679000
2024-06-23 13:51:10.357,OnTrack,-81,3765,1911,pos,0 days 00:47:55.944000,0 days 01:44:53.039000
2024-06-23 13:51:10.577,OnTrack,77,3895,1904,pos,0 days 00:47:56.164000,0 days 01:44:53.259000
2024-06-23 13:51:10.817,OnTrack,137,3939,1901,pos,0 days 00:47:56.404000,0 days 01:44:53.499000
2024-06-23 13:51:10.997,OnTrack,230,4002,1897,pos,0 days 00:47:56.584000,0 days 01:44:53.679000
2024-06-23 13:51:11.297,OnTrack,458,4105,1886,pos,0 days 00:47:56.884000,0 days 01:44:53.979000
2024-06-23 13:51:11.617,OnTrack,597,4134,1880,pos,0 days 00:47:57.204000,0 days 01:44:54.299000
2024-06-23 13:51:11.977,OnTrack,832,4130,1867,pos,0 days 00:47:57.564000,0 days 01:44:54.659000
2024-06-23 13:51:12.956,OnTrack,1450,3897,1830,pos,0 days 00:47:58.543000,0 days 01:44:55.638000
2024-06-23 13:51:13.076,OnTrack,1522,3854,1827,pos,0 days 00:47:58.663000,0 days 01:44:55.758000
2024-06-23 13:51:13.256,OnTrack,1629,3787,1820,pos,0 days 00:47:58.843000,0 days 01:44:55.938000
2024-06-23 13:51:13.516,OnTrack,1783,3688,1811,pos,0 days 00:47:59.103000,0 days 01:44:56.198000
2024-06-23 13:51:13.716,OnTrack,1904,3611,1804,pos,0 days 00:47:59.303000,0 days 01:44:56.398000
2024-06-23 13:51:13.876,OnTrack,2001,3548,1798,pos,0 days 00:47:59.463000,0 days 01:44:56.558000
2024-06-23 13:51:14.036,OnTrack,2099,3486,1792,pos,0 days 00:47:59.623000,0 days 01:44:56.718000
2024-06-23 13:51:14.256,OnTrack,2234,3399,1785,pos,0 days 00:47:59.843000,0 days 01:44:56.938000
2024-06-23 13:51:14.616,OnTrack,2443,3249,1775,pos,0 days 00:48:00.203000,0 days 01:44:57.298000
2024-06-23 13:51:14.796,OnTrack,2535,3170,1770,pos,0 days 00:48:00.383000,0 days 01:44:57.478000
2024-06-23 13:51:14.956,OnTrack,2610,3095,1765,pos,0 days 00:48:00.543000,0 days 01:44:57.638000
2024-06-23 13:51:15.116,OnTrack,2680,3017,1761,pos,0 days 00:48:00.703000,0 days 01:44:57.798000
2024-06-23 13:51:15.336,OnTrack,2758,2903,1756,pos,0 days 00:48:00.923000,0 days 01:44:58.018000
2024-06-23 13:51:15.656,OnTrack,2847,2681,1750,pos,0 days 00:48:01.243000,0 days 01:44:58.338000
2024-06-23 13:51:16.077,OnTrack,2884,2443,1744,pos,0 days 00:48:01.664000,0 days 01:44:58.759000
2024-06-23 13:51:16.157,OnTrack,2885,2394,1744,pos,0 days 00:48:01.744000,0 days 01:44:58.839000
2024-06-23 13:51:16.317,OnTrack,2879,2304,1741,pos,0 days 00:48:01.904000,0 days 01:44:58.999000
2024-06-23 13:51:16.597,OnTrack,2844,2127,1738,pos,0 days 00:48:02.184000,0 days 01:44:59.279000
2024-06-23 13:51:16.817,OnTrack,2796,1991,1736,pos,0 days 00:48:02.404000,0 days 01:44:59.499000
2024-06-23 13:51:16.977,OnTrack,2762,1917,1734,pos,0 days 00:48:02.564000,0 days 01:44:59.659000
2024-06-23 13:51:17.157,OnTrack,2705,1810,1733,pos,0 days 00:48:02.744000,0 days 01:44:59.839000
2024-06-23 13:51:17.397,OnTrack,2622,1670,1731,pos,0 days 00:48:02.984000,0 days 01:45:00.079000
2024-06-23 13:51:17.577,OnTrack,2555,1565,1729,pos,0 days 00:48:03.164000,0 days 01:45:00.259000
2024-06-23 13:51:17.777,OnTrack,2479,1449,1727,pos,0 days 00:48:03.364000,0 days 01:45:00.459000
2024-06-23 13:51:18.057,OnTrack,2371,1284,1724,pos,0 days 00:48:03.644000,0 days 01:45:00.739000
2024-06-23 13:51:18.337,OnTrack,2262,1117,1721,pos,0 days 00:48:03.924000,0 days 01:45:01.019000
2024-06-23 13:51:18.517,OnTrack,2136,923,1718,pos,0 days 00:48:04.104000,0 days 01:45:01.199000
2024-06-23 13:51:18.817,OnTrack,2073,825,1716,pos,0 days 00:48:04.404000,0 days 01:45:01.499000
2024-06-23 13:51:19.017,OnTrack,1992,701,1714,pos,0 days 00:48:04.604000,0 days 01:45:01.699000
2024-06-23 13:51:19.316,OnTrack,1821,439,1710,pos,0 days 00:48:04.903000,0 days 01:45:01.998000
2024-06-23 13:51:19.696,OnTrack,1713,274,1709,pos,0 days 00:48:05.283000,0 days 01:45:02.378000
2024-06-23 13:51:19.876,OnTrack,1654,182,1708,pos,0 days 00:48:05.463000,0 days 01:45:02.558000
2024-06-23 13:51:20.036,OnTrack,1588,79,1707,pos,0 days 00:48:05.623000,0 days 01:45:02.718000
2024-06-23 13:51:20.196,OnTrack,1523,-22,1708,pos,0 days 00:48:05.783000,0 days 01:45:02.878000
2024-06-23 13:51:20.456,OnTrack,1414,-191,1707,pos,0 days 00:48:06.043000,0 days 01:45:03.138000
2024-06-23 13:51:20.616,OnTrack,1347,-297,1707,pos,0 days 00:48:06.203000,0 days 01:45:03.298000
2024-06-23 13:51:20.996,OnTrack,1186,-550,1708,pos,0 days 00:48:06.583000,0 days 01:45:03.678000
2024-06-23 13:51:21.156,OnTrack,1118,-657,1708,pos,0 days 00:48:06.743000,0 days 01:45:03.838000
2024-06-23 13:51:21.316,OnTrack,1049,-764,1708,pos,0 days 00:48:06.903000,0 days 01:45:03.998000
2024-06-23 13:51:21.576,OnTrack,938,-940,1708,pos,0 days 00:48:07.163000,0 days 01:45:04.258000
2024-06-23 13:51:21.776,OnTrack,851,-1076,1708,pos,0 days 00:48:07.363000,0 days 01:45:04.458000
2024-06-23 13:51:22.036,OnTrack,739,-1254,1708,pos,0 days 00:48:07.623000,0 days 01:45:04.718000
2024-06-23 13:51:22.156,OnTrack,687,-1336,1707,pos,0 days 00:48:07.743000,0 days 01:45:04.838000
2024-06-23 13:51:22.397,OnTrack,520,-1597,1708,pos,0 days 00:48:07.984000,0 days 01:45:05.079000
2024-06-23 13:51:22.777,OnTrack,406,-1777,1707,pos,0 days 00:48:08.364000,0 days 01:45:05.459000
2024-06-23 13:51:23.037,OnTrack,301,-1943,1708,pos,0 days 00:48:08.624000,0 days 01:45:05.719000
2024-06-23 13:51:23.237,OnTrack,212,-2083,1708,pos,0 days 00:48:08.824000,0 days 01:45:05.919000
2024-06-23 13:51:23.497,OnTrack,70,-2306,1708,pos,0 days 00:48:09.084000,0 days 01:45:06.179000
2024-06-23 13:51:23.897,OnTrack,-83,-2546,1706,pos,0 days 00:48:09.484000,0 days 01:45:06.579000
2024-06-23 13:51:24.097,OnTrack,-179,-2693,1706,pos,0 days 00:48:09.684000,0 days 01:45:06.779000
2024-06-23 13:51:24.277,OnTrack,-261,-2819,1704,pos,0 days 00:48:09.864000,0 days 01:45:06.959000
2024-06-23 13:51:24.457,OnTrack,-344,-2944,1703,pos,0 days 00:48:10.044000,0 days 01:45:07.139000
2024-06-23 13:51:24.657,OnTrack,-437,-3083,1701,pos,0 days 00:48:10.244000,0 days 01:45:07.339000
2024-06-23 13:51:24.937,OnTrack,-613,-3348,1698,pos,0 days 00:48:10.524000,0 days 01:45:07.619000
2024-06-23 13:51:25.337,OnTrack,-754,-3558,1694,pos,0 days 00:48:10.924000,0 days 01:45:08.019000
2024-06-23 13:51:25.497,OnTrack,-829,-3670,1691,pos,0 days 00:48:11.084000,0 days 01:45:08.179000
2024-06-23 13:51:25.717,OnTrack,-932,-3824,1688,pos,0 days 00:48:11.304000,0 days 01:45:08.399000
2024-06-23 13:51:25.896,OnTrack,-1017,-3950,1685,pos,0 days 00:48:11.483000,0 days 01:45:08.578000
2024-06-23 13:51:26.176,OnTrack,-1148,-4146,1679,pos,0 days 00:48:11.763000,0 days 01:45:08.858000
2024-06-23 13:51:26.256,OnTrack,-1186,-4202,1678,pos,0 days 00:48:11.843000,0 days 01:45:08.938000
2024-06-23 13:51:26.556,OnTrack,-1328,-4414,1672,pos,0 days 00:48:12.143000,0 days 01:45:09.238000
2024-06-23 13:51:27.376,OnTrack,-1710,-4990,1656,pos,0 days 00:48:12.963000,0 days 01:45:10.058000
2024-06-23 13:51:27.636,OnTrack,-1848,-5214,1651,pos,0 days 00:48:13.223000,0 days 01:45:10.318000
2024-06-23 13:51:27.996,OnTrack,-1976,-5436,1647,pos,0 days 00:48:13.583000,0 days 01:45:10.678000
2024-06-23 13:51:28.276,OnTrack,-2127,-5703,1643,pos,0 days 00:48:13.863000,0 days 01:45:10.958000
2024-06-23 13:51:28.716,OnTrack,-2304,-6021,1639,pos,0 days 00:48:14.303000,0 days 01:45:11.398000
2024-06-23 13:51:29.017,OnTrack,-2391,-6176,1637,pos,0 days 00:48:14.604000,0 days 01:45:11.699000
2024-06-23 13:51:29.297,OnTrack,-2486,-6333,1635,pos,0 days 00:48:14.884000,0 days 01:45:11.979000
2024-06-23 13:51:29.477,OnTrack,-2540,-6419,1633,pos,0 days 00:48:15.064000,0 days 01:45:12.159000
2024-06-23 13:51:29.697,OnTrack,-2672,-6603,1632,pos,0 days 00:48:15.284000,0 days 01:45:12.379000
2024-06-23 13:51:29.997,OnTrack,-2721,-6663,1631,pos,0 days 00:48:15.584000,0 days 01:45:12.679000
2024-06-23 13:51:30.217,OnTrack,-2788,-6739,1628,pos,0 days 00:48:15.804000,0 days 01:45:12.899000
2024-06-23 13:51:30.397,OnTrack,-2840,-6792,1627,pos,0 days 00:48:15.984000,0 days 01:45:13.079000
2024-06-23 13:51:30.777,OnTrack,-2952,-6886,1624,pos,0 days 00:48:16.364000,0 days 01:45:13.459000
2024-06-23 13:51:30.957,OnTrack,-3008,-6922,1623,pos,0 days 00:48:16.544000,0 days 01:45:13.639000
2024-06-23 13:51:31.177,OnTrack,-3079,-6958,1625,pos,0 days 00:48:16.764000,0 days 01:45:13.859000
2024-06-23 13:51:31.257,OnTrack,-3106,-6969,1623,pos,0 days 00:48:16.844000,0 days 01:45:13.939000
2024-06-23 13:51:31.557,OnTrack,-3245,-6994,1625,pos,0 days 00:48:17.144000,0 days 01:45:14.239000
2024-06-23 13:51:32.037,OnTrack,-3405,-6972,1628,pos,0 days 00:48:17.624000,0 days 01:45:14.719000
2024-06-23 13:51:32.337,OnTrack,-3481,-6946,1629,pos,0 days 00:48:17.924000,0 days 01:45:15.019000
2024-06-23 13:51:32.516,OnTrack,-3543,-6920,1630,pos,0 days 00:48:18.103000,0 days 01:45:15.198000
2024-06-23 13:51:32.816,OnTrack,-3648,-6871,1632,pos,0 days 00:48:18.403000,0 days 01:45:15.498000
2024-06-23 13:51:32.996,OnTrack,-3714,-6841,1633,pos,0 days 00:48:18.583000,0 days 01:45:15.678000
2024-06-23 13:51:33.176,OnTrack,-3782,-6812,1634,pos,0 days 00:48:18.763000,0 days 01:45:15.858000
2024-06-23 13:51:33.476,OnTrack,-3945,-6770,1639,pos,0 days 00:48:19.063000,0 days 01:45:16.158000
2024-06-23 13:51:33.856,OnTrack,-4064,-6772,1643,pos,0 days 00:48:19.443000,0 days 01:45:16.538000
2024-06-23 13:51:34.056,OnTrack,-4150,-6790,1646,pos,0 days 00:48:19.643000,0 days 01:45:16.738000
2024-06-23 13:51:34.316,OnTrack,-4258,-6829,1651,pos,0 days 00:48:19.903000,0 days 01:45:16.998000
2024-06-23 13:51:34.536,OnTrack,-4347,-6871,1657,pos,0 days 00:48:20.123000,0 days 01:45:17.218000
2024-06-23 13:51:34.696,OnTrack,-4368,-6883,1658,pos,0 days 00:48:20.283000,0 days 01:45:17.378000
2024-06-23 13:51:34.956,OnTrack,-4510,-6970,1666,pos,0 days 00:48:20.543000,0 days 01:45:17.638000
2024-06-23 13:51:35.336,OnTrack,-4679,-7090,1676,pos,0 days 00:48:20.923000,0 days 01:45:18.018000
2024-06-23 13:51:35.737,OnTrack,-4836,-7195,1685,pos,0 days 00:48:21.324000,0 days 01:45:18.419000
2024-06-23 13:51:36.217,OnTrack,-5019,-7303,1694,pos,0 days 00:48:21.804000,0 days 01:45:18.899000
2024-06-23 13:51:36.277,OnTrack,-5050,-7319,1696,pos,0 days 00:48:21.864000,0 days 01:45:18.959000
2024-06-23 13:51:36.617,OnTrack,-5272,-7409,1705,pos,0 days 00:48:22.204000,0 days 01:45:19.299000
2024-06-23 13:51:37.037,OnTrack,-5461,-7448,1714,pos,0 days 00:48:22.624000,0 days 01:45:19.719000
2024-06-23 13:51:37.197,OnTrack,-5552,-7454,1717,pos,0 days 00:48:22.784000,0 days 01:45:19.879000
2024-06-23 13:51:37.377,OnTrack,-5733,-7446,1725,pos,0 days 00:48:22.964000,0 days 01:45:20.059000
2024-06-23 13:51:37.857,OnTrack,-5946,-7399,1733,pos,0 days 00:48:23.444000,0 days 01:45:20.539000
2024-06-23 13:51:38.177,OnTrack,-6070,-7353,1738,pos,0 days 00:48:23.764000,0 days 01:45:20.859000
2024-06-23 13:51:38.377,OnTrack,-6170,-7302,1742,pos,0 days 00:48:23.964000,0 days 01:45:21.059000
2024-06-23 13:51:38.637,OnTrack,-6292,-7222,1747,pos,0 days 00:48:24.224000,0 days 01:45:21.319000
2024-06-23 13:51:38.917,OnTrack,-6427,-7097,1753,pos,0 days 00:48:24.504000,0 days 01:45:21.599000
2024-06-23 13:51:39.176,OnTrack,-6508,-6993,1756,pos,0 days 00:48:24.763000,0 days 01:45:21.858000
2024-06-23 13:51:39.496,OnTrack,-6630,-6768,1762,pos,0 days 00:48:25.083000,0 days 01:45:22.178000
2024-06-23 13:51:39.756,OnTrack,-6664,-6674,1763,pos,0 days 00:48:25.343000,0 days 01:45:22.438000
2024-06-23 13:51:40.056,OnTrack,-6709,-6488,1766,pos,0 days 00:48:25.643000,0 days 01:45:22.738000
2024-06-23 13:51:40.236,OnTrack,-6724,-6371,1768,pos,0 days 00:48:25.823000,0 days 01:45:22.918000
2024-06-23 13:51:40.516,OnTrack,-6733,-6186,1771,pos,0 days 00:48:26.103000,0 days 01:45:23.198000
2024-06-23 13:51:40.756,OnTrack,-6722,-5969,1774,pos,0 days 00:48:26.343000,0 days 01:45:23.438000
2024-06-23 13:51:41.036,OnTrack,-6707,-5833,1776,pos,0 days 00:48:26.623000,0 days 01:45:23.718000
2024-06-23 13:51:41.236,OnTrack,-6685,-5696,1778,pos,0 days 00:48:26.823000,0 days 01:45:23.918000
2024-06-23 13:51:41.476,OnTrack,-6654,-5542,1779,pos,0 days 00:48:27.063000,0 days 01:45:24.158000
2024-06-23 13:51:41.756,OnTrack,-6605,-5349,1783,pos,0 days 00:48:27.343000,0 days 01:45:24.438000
2024-06-23 13:51:41.936,OnTrack,-6565,-5226,1786,pos,0 days 00:48:27.523000,0 days 01:45:24.618000
2024-06-23 13:51:42.117,OnTrack,-6512,-5091,1788,pos,0 days 00:48:27.704000,0 days 01:45:24.799000
2024-06-23 13:51:42.357,OnTrack,-6431,-4934,1790,pos,0 days 00:48:27.944000,0 days 01:45:25.039000
2024-06-23 13:51:42.597,OnTrack,-6345,-4794,1793,pos,0 days 00:48:28.184000,0 days 01:45:25.279000
2024-06-23 13:51:42.797,OnTrack,-6218,-4607,1795,pos,0 days 00:48:28.384000,0 days 01:45:25.479000
2024-06-23 13:51:43.217,OnTrack,-6076,-4409,1798,pos,0 days 00:48:28.804000,0 days 01:45:25.899000
2024-06-23 13:51:43.417,OnTrack,-5948,-4219,1801,pos,0 days 00:48:29.004000,0 days 01:45:26.099000
2024-06-23 13:51:43.817,OnTrack,-5773,-3920,1806,pos,0 days 00:48:29.404000,0 days 01:45:26.499000
2024-06-23 13:51:44.237,OnTrack,-5662,-3741,1809,pos,0 days 00:48:29.824000,0 days 01:45:26.919000
2024-06-23 13:51:44.377,OnTrack,-5613,-3664,1810,pos,0 days 00:48:29.964000,0 days 01:45:27.059000
2024-06-23 13:51:44.697,OnTrack,-5440,-3409,1815,pos,0 days 00:48:30.284000,0 days 01:45:27.379000
2024-06-23 13:51:45.057,OnTrack,-5367,-3304,1816,pos,0 days 00:48:30.644000,0 days 01:45:27.739000
2024-06-23 13:51:45.277,OnTrack,-5297,-3208,1817,pos,0 days 00:48:30.864000,0 days 01:45:27.959000
2024-06-23 13:51:45.497,OnTrack,-5197,-3088,1819,pos,0 days 00:48:31.084000,0 days 01:45:28.179000
2024-06-23 13:51:45.836,OnTrack,-5120,-3011,1819,pos,0 days 00:48:31.423000,0 days 01:45:28.518000
2024-06-23 13:51:45.996,OnTrack,-5067,-2967,1820,pos,0 days 00:48:31.583000,0 days 01:45:28.678000
2024-06-23 13:51:46.236,OnTrack,-4982,-2912,1821,pos,0 days 00:48:31.823000,0 days 01:45:28.918000
2024-06-23 13:51:46.496,OnTrack,-4835,-2854,1823,pos,0 days 00:48:32.083000,0 days 01:45:29.178000
2024-06-23 13:51:46.856,OnTrack,-4752,-2841,1824,pos,0 days 00:48:32.443000,0 days 01:45:29.538000
2024-06-23 13:51:47.176,OnTrack,-4582,-2853,1827,pos,0 days 00:48:32.763000,0 days 01:45:29.858000
2024-06-23 13:51:47.496,OnTrack,-4519,-2872,1828,pos,0 days 00:48:33.083000,0 days 01:45:30.178000
2024-06-23 13:51:47.796,OnTrack,-4424,-2916,1831,pos,0 days 00:48:33.383000,0 days 01:45:30.478000
2024-06-23 13:51:47.996,OnTrack,-4339,-2973,1833,pos,0 days 00:48:33.583000,0 days 01:45:30.678000
2024-06-23 13:51:48.376,OnTrack,-4277,-3033,1834,pos,0 days 00:48:33.963000,0 days 01:45:31.058000
2024-06-23 13:51:48.637,OnTrack,-4213,-3109,1835,pos,0 days 00:48:34.224000,0 days 01:45:31.319000
2024-06-23 13:51:49.017,OnTrack,-4137,-3227,1836,pos,0 days 00:48:34.604000,0 days 01:45:31.699000
2024-06-23 13:51:49.237,OnTrack,-4101,-3304,1837,pos,0 days 00:48:34.824000,0 days 01:45:31.919000
2024-06-23 13:51:49.517,OnTrack,-4066,-3402,1838,pos,0 days 00:48:35.104000,0 days 01:45:32.199000
2024-06-23 13:51:49.757,OnTrack,-4043,-3501,1838,pos,0 days 00:48:35.344000,0 days 01:45:32.439000
2024-06-23 13:51:50.037,OnTrack,-4027,-3680,1839,pos,0 days 00:48:35.624000,0 days 01:45:32.719000
2024-06-23 13:51:50.397,OnTrack,-4035,-3794,1839,pos,0 days 00:48:35.984000,0 days 01:45:33.079000
2024-06-23 13:51:50.577,OnTrack,-4049,-3882,1838,pos,0 days 00:48:36.164000,0 days 01:45:33.259000
2024-06-23 13:51:50.757,OnTrack,-4073,-3972,1837,pos,0 days 00:48:36.344000,0 days 01:45:33.439000
2024-06-23 13:51:51.077,OnTrack,-4141,-4144,1835,pos,0 days 00:48:36.664000,0 days 01:45:33.759000
2024-06-23 13:51:51.337,OnTrack,-4207,-4263,1834,pos,0 days 00:48:36.924000,0 days 01:45:34.019000
2024-06-23 13:51:51.637,OnTrack,-4307,-4411,1830,pos,0 days 00:48:37.224000,0 days 01:45:34.319000
2024-06-23 13:51:51.857,OnTrack,-4385,-4519,1828,pos,0 days 00:48:37.444000,0 days 01:45:34.539000
2024-06-23 13:51:52.057,OnTrack,-4458,-4620,1825,pos,0 days 00:48:37.644000,0 days 01:45:34.739000
2024-06-23 13:51:52.336,OnTrack,-4563,-4764,1822,pos,0 days 00:48:37.923000,0 days 01:45:35.018000
2024-06-23 13:51:52.376,OnTrack,-4578,-4785,1821,pos,0 days 00:48:37.963000,0 days 01:45:35.058000
2024-06-23 13:51:52.676,OnTrack,-4694,-4943,1818,pos,0 days 00:48:38.263000,0 days 01:45:35.358000
2024-06-23 13:51:52.976,OnTrack,-4828,-5126,1814,pos,0 days 00:48:38.563000,0 days 01:45:35.658000
2024-06-23 13:51:53.256,OnTrack,-4916,-5249,1811,pos,0 days 00:48:38.843000,0 days 01:45:35.938000
2024-06-23 13:51:53.436,OnTrack,-4977,-5336,1808,pos,0 days 00:48:39.023000,0 days 01:45:36.118000
2024-06-23 13:51:53.776,OnTrack,-5083,-5499,1802,pos,0 days 00:48:39.363000,0 days 01:45:36.458000
2024-06-23 13:51:54.136,OnTrack,-5166,-5662,1796,pos,0 days 00:48:39.723000,0 days 01:45:36.818000
2024-06-23 13:51:54.556,OnTrack,-5207,-5775,1791,pos,0 days 00:48:40.143000,0 days 01:45:37.238000
2024-06-23 13:51:55.377,OnTrack,-5206,-6039,1778,pos,0 days 00:48:40.964000,0 days 01:45:38.059000
2024-06-23 13:51:55.497,OnTrack,-5192,-6072,1776,pos,0 days 00:48:41.084000,0 days 01:45:38.179000
2024-06-23 13:51:55.777,OnTrack,-5153,-6132,1771,pos,0 days 00:48:41.364000,0 days 01:45:38.459000
2024-06-23 13:51:55.937,OnTrack,-5123,-6163,1770,pos,0 days 00:48:41.524000,0 days 01:45:38.619000
2024-06-23 13:51:56.197,OnTrack,-5066,-6204,1767,pos,0 days 00:48:41.784000,0 days 01:45:38.879000
2024-06-23 13:51:56.417,OnTrack,-5014,-6228,1764,pos,0 days 00:48:42.004000,0 days 01:45:39.099000
2024-06-23 13:51:56.537,OnTrack,-4985,-6237,1762,pos,0 days 00:48:42.124000,0 days 01:45:39.219000
2024-06-23 13:51:56.777,OnTrack,-4923,-6249,1758,pos,0 days 00:48:42.364000,0 days 01:45:39.459000
2024-06-23 13:51:57.137,OnTrack,-4828,-6249,1754,pos,0 days 00:48:42.724000,0 days 01:45:39.819000
2024-06-23 13:51:57.297,OnTrack,-4783,-6244,1750,pos,0 days 00:48:42.884000,0 days 01:45:39.979000
2024-06-23 13:51:57.457,OnTrack,-4739,-6235,1747,pos,0 days 00:48:43.044000,0 days 01:45:40.139000
2024-06-23 13:51:57.577,OnTrack,-4705,-6227,1745,pos,0 days 00:48:43.164000,0 days 01:45:40.259000
2024-06-23 13:51:57.877,OnTrack,-4576,-6181,1736,pos,0 days 00:48:43.464000,0 days 01:45:40.559000
2024-06-23 13:51:58.237,OnTrack,-4461,-6127,1729,pos,0 days 00:48:43.824000,0 days 01:45:40.919000
2024-06-23 13:51:58.756,OnTrack,-4283,-6031,1717,pos,0 days 00:48:44.343000,0 days 01:45:41.438000
2024-06-23 13:51:59.116,OnTrack,-4187,-5979,1710,pos,0 days 00:48:44.703000,0 days 01:45:41.798000
2024-06-23 13:51:59.296,OnTrack,-4112,-5939,1706,pos,0 days 00:48:44.883000,0 days 01:45:41.978000
2024-06-23 13:51:59.436,OnTrack,-4050,-5907,1701,pos,0 days 00:48:45.023000,0 days 01:45:42.118000
2024-06-23 13:51:59.736,OnTrack,-3862,-5816,1690,pos,0 days 00:48:45.323000,0 days 01:45:42.418000
2024-06-23 13:51:59.936,OnTrack,-3762,-5773,1685,pos,0 days 00:48:45.523000,0 days 01:45:42.618000
2024-06-23 13:52:00.136,OnTrack,-3658,-5730,1680,pos,0 days 00:48:45.723000,0 days 01:45:42.818000
2024-06-23 13:52:00.396,OnTrack,-3518,-5671,1675,pos,0 days 00:48:45.983000,0 days 01:45:43.078000
2024-06-23 13:52:00.456,OnTrack,-3485,-5657,1673,pos,0 days 00:48:46.043000,0 days 01:45:43.138000
2024-06-23 13:52:00.836,OnTrack,-3277,-5554,1664,pos,0 days 00:48:46.423000,0 days 01:45:43.518000
2024-06-23 13:52:01.016,OnTrack,-3179,-5497,1660,pos,0 days 00:48:46.603000,0 days 01:45:43.698000
2024-06-23 13:52:01.216,OnTrack,-3073,-5427,1657,pos,0 days 00:48:46.803000,0 days 01:45:43.898000
2024-06-23 13:52:01.376,OnTrack,-2989,-5364,1655,pos,0 days 00:48:46.963000,0 days 01:45:44.058000
2024-06-23 13:52:01.496,OnTrack,-2928,-5315,1654,pos,0 days 00:48:47.083000,0 days 01:45:44.178000
2024-06-23 13:52:01.817,OnTrack,-2696,-5087,1650,pos,0 days 00:48:47.404000,0 days 01:45:44.499000
2024-06-23 13:52:02.177,OnTrack,-2598,-4969,1650,pos,0 days 00:48:47.764000,0 days 01:45:44.859000
2024-06-23 13:52:02.337,OnTrack,-2539,-4890,1651,pos,0 days 00:48:47.924000,0 days 01:45:45.019000
2024-06-23 13:52:02.617,OnTrack,-2425,-4729,1651,pos,0 days 00:48:48.204000,0 days 01:45:45.299000
2024-06-23 13:52:02.797,OnTrack,-2357,-4631,1651,pos,0 days 00:48:48.384000,0 days 01:45:45.479000
2024-06-23 13:52:03.057,OnTrack,-2268,-4501,1653,pos,0 days 00:48:48.644000,0 days 01:45:45.739000
2024-06-23 13:52:03.217,OnTrack,-2219,-4427,1655,pos,0 days 00:48:48.804000,0 days 01:45:45.899000
2024-06-23 13:52:03.517,OnTrack,-2146,-4303,1660,pos,0 days 00:48:49.104000,0 days 01:45:46.199000
2024-06-23 13:52:03.637,OnTrack,-2125,-4255,1661,pos,0 days 00:48:49.224000,0 days 01:45:46.319000
2024-06-23 13:52:03.797,OnTrack,-2109,-4202,1662,pos,0 days 00:48:49.384000,0 days 01:45:46.479000
2024-06-23 13:52:04.097,OnTrack,-2087,-4076,1662,pos,0 days 00:48:49.684000,0 days 01:45:46.779000
2024-06-23 13:52:04.317,OnTrack,-2083,-3986,1665,pos,0 days 00:48:49.904000,0 days 01:45:46.999000
2024-06-23 13:52:04.477,OnTrack,-2085,-3923,1667,pos,0 days 00:48:50.064000,0 days 01:45:47.159000
2024-06-23 13:52:04.597,OnTrack,-2089,-3877,1669,pos,0 days 00:48:50.184000,0 days 01:45:47.279000
2024-06-23 13:52:04.837,OnTrack,-2106,-3790,1674,pos,0 days 00:48:50.424000,0 days 01:45:47.519000
2024-06-23 13:52:05.077,OnTrack,-2139,-3711,1679,pos,0 days 00:48:50.664000,0 days 01:45:47.759000
2024-06-23 13:52:05.237,OnTrack,-2170,-3662,1681,pos,0 days 00:48:50.824000,0 days 01:45:47.919000
2024-06-23 13:52:05.556,OnTrack,-2250,-3576,1686,pos,0 days 00:48:51.143000,0 days 01:45:48.238000
2024-06-23 13:52:05.616,OnTrack,-2268,-3561,1687,pos,0 days 00:48:51.203000,0 days 01:45:48.298000
2024-06-23 13:52:05.856,OnTrack,-2342,-3505,1690,pos,0 days 00:48:51.443000,0 days 01:45:48.538000
2024-06-23 13:52:06.136,OnTrack,-2434,-3439,1695,pos,0 days 00:48:51.723000,0 days 01:45:48.818000
2024-06-23 13:52:06.296,OnTrack,-2487,-3398,1700,pos,0 days 00:48:51.883000,0 days 01:45:48.978000
2024-06-23 13:52:06.516,OnTrack,-2561,-3335,1706,pos,0 days 00:48:52.103000,0 days 01:45:49.198000
2024-06-23 13:52:06.696,OnTrack,-2619,-3276,1711,pos,0 days 00:48:52.283000,0 days 01:45:49.378000
2024-06-23 13:52:06.916,OnTrack,-2685,-3195,1720,pos,0 days 00:48:52.503000,0 days 01:45:49.598000
2024-06-23 13:52:07.196,OnTrack,-2791,-3014,1733,pos,0 days 00:48:52.783000,0 days 01:45:49.878000
2024-06-23 13:52:07.536,OnTrack,-2838,-2916,1740,pos,0 days 00:48:53.123000,0 days 01:45:50.218000
2024-06-23 13:52:07.816,OnTrack,-2921,-2731,1752,pos,0 days 00:48:53.403000,0 days 01:45:50.498000
2024-06-23 13:52:08.176,OnTrack,-2992,-2583,1762,pos,0 days 00:48:53.763000,0 days 01:45:50.858000
2024-06-23 13:52:08.377,OnTrack,-3049,-2462,1770,pos,0 days 00:48:53.964000,0 days 01:45:51.059000
2024-06-23 13:52:08.577,OnTrack,-3103,-2350,1777,pos,0 days 00:48:54.164000,0 days 01:45:51.259000
2024-06-23 13:52:08.757,OnTrack,-3151,-2247,1784,pos,0 days 00:48:54.344000,0 days 01:45:51.439000
2024-06-23 13:52:08.917,OnTrack,-3190,-2165,1789,pos,0 days 00:48:54.504000,0 days 01:45:51.599000
2024-06-23 13:52:09.157,OnTrack,-3257,-2024,1799,pos,0 days 00:48:54.744000,0 days 01:45:51.839000
2024-06-23 13:52:09.357,OnTrack,-3315,-1904,1807,pos,0 days 00:48:54.944000,0 days 01:45:52.039000
2024-06-23 13:52:09.557,OnTrack,-3373,-1782,1815,pos,0 days 00:48:55.144000,0 days 01:45:52.239000
2024-06-23 13:52:09.757,OnTrack,-3426,-1657,1823,pos,0 days 00:48:55.344000,0 days 01:45:52.439000
2024-06-23 13:52:10.077,OnTrack,-3487,-1455,1836,pos,0 days 00:48:55.664000,0 days 01:45:52.759000
2024-06-23 13:52:10.297,OnTrack,-3508,-1238,1844,pos,0 days 00:48:55.884000,0 days 01:45:52.979000
2024-06-23 13:52:10.637,OnTrack,-3500,-1099,1850,pos,0 days 00:48:56.224000,0 days 01:45:53.319000
2024-06-23 13:52:10.837,OnTrack,-3482,-977,1855,pos,0 days 00:48:56.424000,0 days 01:45:53.519000
2024-06-23 13:52:11.157,OnTrack,-3413,-731,1864,pos,0 days 00:48:56.744000,0 days 01:45:53.839000
2024-06-23 13:52:11.417,OnTrack,-3375,-642,1867,pos,0 days 00:48:57.004000,0 days 01:45:54.099000
2024-06-23 13:52:11.637,OnTrack,-3311,-526,1870,pos,0 days 00:48:57.224000,0 days 01:45:54.319000
2024-06-23 13:52:11.797,OnTrack,-3231,-419,1872,pos,0 days 00:48:57.384000,0 days 01:45:54.479000
2024-06-23 13:52:11.996,OnTrack,-3144,-337,1874,pos,0 days 00:48:57.583000,0 days 01:45:54.678000
2024-06-23 13:52:12.316,OnTrack,-2966,-231,1875,pos,0 days 00:48:57.903000,0 days 01:45:54.998000
2024-06-23 13:52:12.476,OnTrack,-2868,-189,1874,pos,0 days 00:48:58.063000,0 days 01:45:55.158000
2024-06-23 13:52:12.716,OnTrack,-2633,-96,1871,pos,0 days 00:48:58.303000,0 days 01:45:55.398000
2024-06-23 13:52:13.056,OnTrack,-2510,-42,1870,pos,0 days 00:48:58.643000,0 days 01:45:55.738000
2024-06-23 13:52:13.356,OnTrack,-2248,80,1866,pos,0 days 00:48:58.943000,0 days 01:45:56.038000
2024-06-23 13:52:13.676,OnTrack,-2121,140,1865,pos,0 days 00:48:59.263000,0 days 01:45:56.358000
2024-06-23 13:52:13.936,OnTrack,-1953,219,1863,pos,0 days 00:48:59.523000,0 days 01:45:56.618000
2024-06-23 13:52:14.216,OnTrack,-1770,306,1860,pos,0 days 00:48:59.803000,0 days 01:45:56.898000
2024-06-23 13:52:14.376,OnTrack,-1571,400,1858,pos,0 days 00:48:59.963000,0 days 01:45:57.058000
2024-06-23 13:52:14.696,OnTrack,-1451,457,1856,pos,0 days 00:49:00.283000,0 days 01:45:57.378000
2024-06-23 13:52:14.997,OnTrack,-1234,561,1854,pos,0 days 00:49:00.584000,0 days 01:45:57.679000
2024-06-23 13:52:15.197,OnTrack,-1098,629,1852,pos,0 days 00:49:00.784000,0 days 01:45:57.879000
2024-06-23 13:52:15.457,OnTrack,-894,735,1849,pos,0 days 00:49:01.044000,0 days 01:45:58.139000
2024-06-23 13:52:15.737,OnTrack,-744,815,1847,pos,0 days 00:49:01.324000,0 days 01:45:58.419000
2024-06-23 13:52:15.957,OnTrack,-593,896,1845,pos,0 days 00:49:01.544000,0 days 01:45:58.639000
2024-06-23 13:52:16.177,OnTrack,-343,1030,1841,pos,0 days 00:49:01.764000,0 days 01:45:58.859000
2024-06-23 13:52:16.517,OnTrack,-203,1105,1840,pos,0 days 00:49:02.104000,0 days 01:45:59.199000
2024-06-23 13:52:16.837,OnTrack,22,1225,1836,pos,0 days 00:49:02.424000,0 days 01:45:59.519000
2024-06-23 13:52:17.077,OnTrack,193,1315,1834,pos,0 days 00:49:02.664000,0 days 01:45:59.759000
2024-06-23 13:52:17.297,OnTrack,380,1412,1831,pos,0 days 00:49:02.884000,0 days 01:45:59.979000
2024-06-23 13:52:17.737,OnTrack,634,1530,1828,pos,0 days 00:49:03.324000,0 days 01:46:00.419000
2024-06-23 13:52:17.957,OnTrack,843,1615,1826,pos,0 days 00:49:03.544000,0 days 01:46:00.639000
2024-06-23 13:52:18.337,OnTrack,1040,1695,1824,pos,0 days 00:49:03.924000,0 days 01:46:01.019000
2024-06-23 13:52:18.716,OnTrack,1156,1747,1823,pos,0 days 00:49:04.303000,0 days 01:46:01.398000
2024-06-23 13:52:18.956,OnTrack,1242,1794,1821,pos,0 days 00:49:04.543000,0 days 01:46:01.638000
2024-06-23 13:52:19.196,OnTrack,1333,1858,1820,pos,0 days 00:49:04.783000,0 days 01:46:01.878000
2024-06-23 13:52:19.516,OnTrack,1394,1922,1819,pos,0 days 00:49:05.103000,0 days 01:46:02.198000
2024-06-23 13:52:19.756,OnTrack,1434,1989,1818,pos,0 days 00:49:05.343000,0 days 01:46:02.438000
2024-06-23 13:52:19.836,OnTrack,1444,2013,1818,pos,0 days 00:49:05.423000,0 days 01:46:02.518000
2024-06-23 13:52:20.136,OnTrack,1463,2106,1817,pos,0 days 00:49:05.723000,0 days 01:46:02.818000
2024-06-23 13:52:20.376,OnTrack,1452,2223,1817,pos,0 days 00:49:05.963000,0 days 01:46:03.058000
2024-06-23 13:52:20.836,OnTrack,1410,2338,1819,pos,0 days 00:49:06.423000,0 days 01:46:03.518000
2024-06-23 13:52:21.156,OnTrack,1378,2392,1821,pos,0 days 00:49:06.743000,0 days 01:46:03.838000
2024-06-23 13:52:21.436,OnTrack,1314,2475,1824,pos,0 days 00:49:07.023000,0 days 01:46:04.118000
2024-06-23 13:52:21.717,OnTrack,1274,2514,1825,pos,0 days 00:49:07.304000,0 days 01:46:04.399000
2024-06-23 13:52:22.097,OnTrack,1173,2583,1828,pos,0 days 00:49:07.684000,0 days 01:46:04.779000
2024-06-23 13:52:22.377,OnTrack,1120,2607,1829,pos,0 days 00:49:07.964000,0 days 01:46:05.059000
2024-06-23 13:52:22.597,OnTrack,1057,2628,1830,pos,0 days 00:49:08.184000,0 days 01:46:05.279000
2024-06-23 13:52:22.897,OnTrack,963,2648,1832,pos,0 days 00:49:08.484000,0 days 01:46:05.579000
2024-06-23 13:52:23.057,OnTrack,868,2658,1834,pos,0 days 00:49:08.644000,0 days 01:46:05.739000
2024-06-23 13:52:23.577,OnTrack,691,2652,1838,pos,0 days 00:49:09.164000,0 days 01:46:06.259000
2024-06-23 13:52:23.997,OnTrack,529,2617,1841,pos,0 days 00:49:09.584000,0 days 01:46:06.679000
2024-06-23 13:52:24.377,OnTrack,367,2553,1848,pos,0 days 00:49:09.964000,0 days 01:46:07.059000
2024-06-23 13:52:24.777,OnTrack,220,2470,1855,pos,0 days 00:49:10.364000,0 days 01:46:07.459000
2024-06-23 13:52:25.017,OnTrack,55,2356,1864,pos,0 days 00:49:10.604000,0 days 01:46:07.699000
2024-06-23 13:52:25.396,OnTrack,-53,2282,1870,pos,0 days 00:49:10.983000,0 days 01:46:08.078000
2024-06-23 13:52:25.596,OnTrack,-202,2204,1876,pos,0 days 00:49:11.183000,0 days 01:46:08.278000
2024-06-23 13:52:26.036,OnTrack,-397,2140,1882,pos,0 days 00:49:11.623000,0 days 01:46:08.718000
2024-06-23 13:52:26.356,OnTrack,-480,2127,1886,pos,0 days 00:49:11.943000,0 days 01:46:09.038000
2024-06-23 13:52:26.676,OnTrack,-608,2123,1893,pos,0 days 00:49:12.263000,0 days 01:46:09.358000
2024-06-23 13:52:26.836,OnTrack,-669,2129,1896,pos,0 days 00:49:12.423000,0 days 01:46:09.518000
2024-06-23 13:52:27.036,OnTrack,-738,2144,1899,pos,0 days 00:49:12.623000,0 days 01:46:09.718000
2024-06-23 13:52:27.236,OnTrack,-804,2169,1902,pos,0 days 00:49:12.823000,0 days 01:46:09.918000
2024-06-23 13:52:27.396,OnTrack,-850,2196,1905,pos,0 days 00:49:12.983000,0 days 01:46:10.078000
2024-06-23 13:52:27.696,OnTrack,-937,2274,1908,pos,0 days 00:49:13.283000,0 days 01:46:10.378000
2024-06-23 13:52:28.117,OnTrack,-1011,2396,1911,pos,0 days 00:49:13.704000,0 days 01:46:10.799000
2024-06-23 13:52:28.417,OnTrack,-1032,2459,1912,pos,0 days 00:49:14.004000,0 days 01:46:11.099000
2024-06-23 13:52:28.737,OnTrack,-1048,2547,1913,pos,0 days 00:49:14.324000,0 days 01:46:11.419000
2024-06-23 13:52:28.837,OnTrack,-1050,2577,1914,pos,0 days 00:49:14.424000,0 days 01:46:11.519000
2024-06-23 13:52:29.037,OnTrack,-1050,2638,1914,pos,0 days 00:49:14.624000,0 days 01:46:11.719000
2024-06-23 13:52:29.197,OnTrack,-1045,2687,1915,pos,0 days 00:49:14.784000,0 days 01:46:11.879000
2024-06-23 13:52:29.597,OnTrack,-1001,2857,1918,pos,0 days 00:49:15.184000,0 days 01:46:12.279000
2024-06-23 13:52:29.997,OnTrack,-946,2972,1920,pos,0 days 00:49:15.584000,0 days 01:46:12.679000
2024-06-23 13:52:30.297,OnTrack,-906,3035,1921,pos,0 days 00:49:15.884000,0 days 01:46:12.979000
2024-06-23 13:52:30.557,OnTrack,-832,3129,1922,pos,0 days 00:49:16.144000,0 days 01:46:13.239000
2024-06-23 13:52:30.717,OnTrack,-788,3176,1923,pos,0 days 00:49:16.304000,0 days 01:46:13.399000
2024-06-23 13:52:30.937,OnTrack,-720,3241,1923,pos,0 days 00:49:16.524000,0 days 01:46:13.619000
2024-06-23 13:52:31.217,OnTrack,-624,3321,1922,pos,0 days 00:49:16.804000,0 days 01:46:13.899000
2024-06-23 13:52:31.397,OnTrack,-557,3374,1921,pos,0 days 00:49:16.984000,0 days 01:46:14.079000
2024-06-23 13:52:31.597,OnTrack,-422,3479,1919,pos,0 days 00:49:17.184000,0 days 01:46:14.279000
2024-06-23 13:52:31.896,OnTrack,-356,3531,1918,pos,0 days 00:49:17.483000,0 days 01:46:14.578000
2024-06-23 13:52:32.276,OnTrack,-187,3676,1914,pos,0 days 00:49:17.863000,0 days 01:46:14.958000
2024-06-23 13:52:32.676,OnTrack,49,3874,1905,pos,0 days 00:49:18.263000,0 days 01:46:15.358000
2024-06-23 13:52:33.076,OnTrack,210,3990,1897,pos,0 days 00:49:18.663000,0 days 01:46:15.758000
2024-06-23 13:52:33.316,OnTrack,308,4046,1893,pos,0 days 00:49:18.903000,0 days 01:46:15.998000
2024-06-23 13:52:33.556,OnTrack,449,4103,1887,pos,0 days 00:49:19.143000,0 days 01:46:16.238000
2024-06-23 13:52:33.816,OnTrack,608,4135,1880,pos,0 days 00:49:19.403000,0 days 01:46:16.498000
2024-06-23 13:52:34.076,OnTrack,845,4129,1867,pos,0 days 00:49:19.663000,0 days 01:46:16.758000
2024-06-23 13:52:34.336,OnTrack,950,4110,1861,pos,0 days 00:49:19.923000,0 days 01:46:17.018000
2024-06-23 13:52:34.576,OnTrack,1103,4063,1851,pos,0 days 00:49:20.163000,0 days 01:46:17.258000
2024-06-23 13:52:34.797,OnTrack,1254,4000,1842,pos,0 days 00:49:20.384000,0 days 01:46:17.479000
2024-06-23 13:52:35.097,OnTrack,1508,3862,1827,pos,0 days 00:49:20.684000,0 days 01:46:17.779000
2024-06-23 13:52:35.457,OnTrack,1639,3781,1820,pos,0 days 00:49:21.044000,0 days 01:46:18.139000
2024-06-23 13:52:35.717,OnTrack,1853,3643,1807,pos,0 days 00:49:21.304000,0 days 01:46:18.399000
2024-06-23 13:52:36.037,OnTrack,1987,3558,1799,pos,0 days 00:49:21.624000,0 days 01:46:18.719000
2024-06-23 13:52:36.337,OnTrack,2244,3392,1785,pos,0 days 00:49:21.924000,0 days 01:46:19.019000
2024-06-23 13:52:36.797,OnTrack,2443,3250,1775,pos,0 days 00:49:22.384000,0 days 01:46:19.479000
2024-06-23 13:52:36.977,OnTrack,2529,3175,1771,pos,0 days 00:49:22.564000,0 days 01:46:19.659000
2024-06-23 13:52:37.237,OnTrack,2652,3050,1763,pos,0 days 00:49:22.824000,0 days 01:46:19.919000
2024-06-23 13:52:37.477,OnTrack,2729,2950,1759,pos,0 days 00:49:23.064000,0 days 01:46:20.159000
2024-06-23 13:52:37.777,OnTrack,2815,2782,1753,pos,0 days 00:49:23.364000,0 days 01:46:20.459000
2024-06-23 13:52:38.017,OnTrack,2868,2585,1748,pos,0 days 00:49:23.604000,0 days 01:46:20.699000
2024-06-23 13:52:38.456,OnTrack,2883,2358,1743,pos,0 days 00:49:24.043000,0 days 01:46:21.138000
2024-06-23 13:52:38.616,OnTrack,2872,2255,1740,pos,0 days 00:49:24.203000,0 days 01:46:21.298000
2024-06-23 13:52:38.876,OnTrack,2833,2091,1737,pos,0 days 00:49:24.463000,0 days 01:46:21.558000
2024-06-23 13:52:38.976,OnTrack,2811,2028,1735,pos,0 days 00:49:24.563000,0 days 01:46:21.658000
2024-06-23 13:52:39.296,OnTrack,2717,1830,1733,pos,0 days 00:49:24.883000,0 days 01:46:21.978000
2024-06-23 13:52:39.476,OnTrack,2604,1641,1730,pos,0 days 00:49:25.063000,0 days 01:46:22.158000
2024-06-23 13:52:39.876,OnTrack,2506,1489,1728,pos,0 days 00:49:25.463000,0 days 01:46:22.558000
2024-06-23 13:52:40.056,OnTrack,2436,1383,1726,pos,0 days 00:49:25.643000,0 days 01:46:22.738000
2024-06-23 13:52:40.276,OnTrack,2304,1181,1722,pos,0 days 00:49:25.863000,0 days 01:46:22.958000
2024-06-23 13:52:40.776,OnTrack,2138,925,1718,pos,0 days 00:49:26.363000,0 days 01:46:23.458000
2024-06-23 13:52:41.016,OnTrack,2058,801,1716,pos,0 days 00:49:26.603000,0 days 01:46:23.698000
2024-06-23 13:52:41.297,OnTrack,1936,614,1713,pos,0 days 00:49:26.884000,0 days 01:46:23.979000
2024-06-23 13:52:41.577,OnTrack,1820,438,1710,pos,0 days 00:49:27.164000,0 days 01:46:24.259000
2024-06-23 13:52:41.797,OnTrack,1687,233,1708,pos,0 days 00:49:27.384000,0 days 01:46:24.479000
2024-06-23 13:52:42.117,OnTrack,1620,129,1707,pos,0 days 00:49:27.704000,0 days 01:46:24.799000
2024-06-23 13:52:42.317,OnTrack,1536,-1,1708,pos,0 days 00:49:27.904000,0 days 01:46:24.999000
2024-06-23 13:52:42.577,OnTrack,1426,-172,1707,pos,0 days 00:49:28.164000,0 days 01:46:25.259000
2024-06-23 13:52:42.777,OnTrack,1341,-305,1707,pos,0 days 00:49:28.364000,0 days 01:46:25.459000
2024-06-23 13:52:43.017,OnTrack,1239,-465,1708,pos,0 days 00:49:28.604000,0 days 01:46:25.699000
2024-06-23 13:52:43.117,OnTrack,1197,-532,1708,pos,0 days 00:49:28.704000,0 days 01:46:25.799000
2024-06-23 13:52:43.337,OnTrack,1103,-680,1708,pos,0 days 00:49:28.924000,0 days 01:46:26.019000
2024-06-23 13:52:43.577,OnTrack,1000,-843,1708,pos,0 days 00:49:29.164000,0 days 01:46:26.259000
2024-06-23 13:52:43.757,OnTrack,922,-965,1708,pos,0 days 00:49:29.344000,0 days 01:46:26.439000
2024-06-23 13:52:43.917,OnTrack,853,-1074,1708,pos,0 days 00:49:29.504000,0 days 01:46:26.599000
2024-06-23 13:52:44.217,OnTrack,722,-1280,1707,pos,0 days 00:49:29.804000,0 days 01:46:26.899000
2024-06-23 13:52:44.397,OnTrack,643,-1404,1707,pos,0 days 00:49:29.984000,0 days 01:46:27.079000
2024-06-23 13:52:44.657,OnTrack,529,-1583,1708,pos,0 days 00:49:30.244000,0 days 01:46:27.339000
2024-06-23 13:52:44.856,OnTrack,441,-1722,1708,pos,0 days 00:49:30.443000,0 days 01:46:27.538000
2024-06-23 13:52:45.136,OnTrack,274,-1986,1708,pos,0 days 00:49:30.723000,0 days 01:46:27.818000
2024-06-23 13:52:45.556,OnTrack,78,-2294,1707,pos,0 days 00:49:31.143000,0 days 01:46:28.238000
2024-06-23 13:52:45.816,OnTrack,16,-2392,1707,pos,0 days 00:49:31.403000,0 days 01:46:28.498000
2024-06-23 13:52:46.176,OnTrack,-146,-2644,1706,pos,0 days 00:49:31.763000,0 days 01:46:28.858000
2024-06-23 13:52:46.336,OnTrack,-265,-2825,1704,pos,0 days 00:49:31.923000,0 days 01:46:29.018000
2024-06-23 13:52:46.636,OnTrack,-358,-2964,1703,pos,0 days 00:49:32.223000,0 days 01:46:29.318000
2024-06-23 13:52:46.996,OnTrack,-525,-3216,1700,pos,0 days 00:49:32.583000,0 days 01:46:29.678000
2024-06-23 13:52:47.136,OnTrack,-590,-3314,1698,pos,0 days 00:49:32.723000,0 days 01:46:29.818000
2024-06-23 13:52:47.396,OnTrack,-712,-3496,1695,pos,0 days 00:49:32.983000,0 days 01:46:30.078000
2024-06-23 13:52:47.576,OnTrack,-797,-3623,1692,pos,0 days 00:49:33.163000,0 days 01:46:30.258000
2024-06-23 13:52:47.797,OnTrack,-958,-3862,1687,pos,0 days 00:49:33.384000,0 days 01:46:30.479000
2024-06-23 13:52:48.137,OnTrack,-1071,-4031,1682,pos,0 days 00:49:33.724000,0 days 01:46:30.819000
2024-06-23 13:52:48.317,OnTrack,-1157,-4159,1679,pos,0 days 00:49:33.904000,0 days 01:46:30.999000
2024-06-23 13:52:48.637,OnTrack,-1299,-4371,1673,pos,0 days 00:49:34.224000,0 days 01:46:31.319000
2024-06-23 13:52:48.797,OnTrack,-1376,-4484,1670,pos,0 days 00:49:34.384000,0 days 01:46:31.479000
2024-06-23 13:52:49.017,OnTrack,-1480,-4640,1665,pos,0 days 00:49:34.604000,0 days 01:46:31.699000
2024-06-23 13:52:49.157,OnTrack,-1607,-4829,1660,pos,0 days 00:49:34.744000,0 days 01:46:31.839000
2024-06-23 13:52:49.657,OnTrack,-1799,-5133,1653,pos,0 days 00:49:35.244000,0 days 01:46:32.339000
2024-06-23 13:52:50.037,OnTrack,-1947,-5385,1648,pos,0 days 00:49:35.624000,0 days 01:46:32.719000
2024-06-23 13:52:50.277,OnTrack,-2108,-5668,1643,pos,0 days 00:49:35.864000,0 days 01:46:32.959000
2024-06-23 13:52:50.517,OnTrack,-2149,-5743,1642,pos,0 days 00:49:36.104000,0 days 01:46:33.199000
2024-06-23 13:52:50.717,OnTrack,-2232,-5892,1640,pos,0 days 00:49:36.304000,0 days 01:46:33.399000
2024-06-23 13:52:50.897,OnTrack,-2306,-6026,1639,pos,0 days 00:49:36.484000,0 days 01:46:33.579000
2024-06-23 13:52:51.237,OnTrack,-2444,-6266,1636,pos,0 days 00:49:36.824000,0 days 01:46:33.919000
2024-06-23 13:52:51.436,OnTrack,-2522,-6391,1634,pos,0 days 00:49:37.023000,0 days 01:46:34.118000
2024-06-23 13:52:51.636,OnTrack,-2583,-6483,1633,pos,0 days 00:49:37.223000,0 days 01:46:34.318000
2024-06-23 13:52:51.856,OnTrack,-2650,-6573,1632,pos,0 days 00:49:37.443000,0 days 01:46:34.538000
2024-06-23 13:52:52.076,OnTrack,-2724,-6667,1630,pos,0 days 00:49:37.663000,0 days 01:46:34.758000
2024-06-23 13:52:52.236,OnTrack,-2776,-6727,1629,pos,0 days 00:49:37.823000,0 days 01:46:34.918000
2024-06-23 13:52:52.516,OnTrack,-2875,-6824,1626,pos,0 days 00:49:38.103000,0 days 01:46:35.198000
2024-06-23 13:52:52.796,OnTrack,-2962,-6893,1624,pos,0 days 00:49:38.383000,0 days 01:46:35.478000
2024-06-23 13:52:53.076,OnTrack,-3059,-6950,1625,pos,0 days 00:49:38.663000,0 days 01:46:35.758000
2024-06-23 13:52:53.296,OnTrack,-3173,-6987,1623,pos,0 days 00:49:38.883000,0 days 01:46:35.978000
2024-06-23 13:52:53.696,OnTrack,-3326,-6990,1626,pos,0 days 00:49:39.283000,0 days 01:46:36.378000
2024-06-23 13:52:54.116,OnTrack,-3432,-6964,1628,pos,0 days 00:49:39.703000,0 days 01:46:36.798000
2024-06-23 13:52:54.176,OnTrack,-3453,-6957,1628,pos,0 days 00:49:39.763000,0 days 01:46:36.858000
2024-06-23 13:52:54.417,OnTrack,-3543,-6920,1630,pos,0 days 00:49:40.004000,0 days 01:46:37.099000
2024-06-23 13:52:54.697,OnTrack,-3686,-6853,1632,pos,0 days 00:49:40.284000,0 days 01:46:37.379000
2024-06-23 13:52:55.037,OnTrack,-3761,-6821,1633,pos,0 days 00:49:40.624000,0 days 01:46:37.719000
2024-06-23 13:52:55.377,OnTrack,-3930,-6772,1638,pos,0 days 00:49:40.964000,0 days 01:46:38.059000
2024-06-23 13:52:55.717,OnTrack,-4084,-6775,1644,pos,0 days 00:49:41.304000,0 days 01:46:38.399000
2024-06-23 13:52:56.137,OnTrack,-4224,-6815,1650,pos,0 days 00:49:41.724000,0 days 01:46:38.819000
2024-06-23 13:52:56.237,OnTrack,-4267,-6832,1652,pos,0 days 00:49:41.824000,0 days 01:46:38.919000
2024-06-23 13:52:56.437,OnTrack,-4354,-6874,1658,pos,0 days 00:49:42.024000,0 days 01:46:39.119000
2024-06-23 13:52:56.797,OnTrack,-4535,-6987,1668,pos,0 days 00:49:42.384000,0 days 01:46:39.479000
2024-06-23 13:52:57.137,OnTrack,-4645,-7065,1674,pos,0 days 00:49:42.724000,0 days 01:46:39.819000
2024-06-23 13:52:57.297,OnTrack,-4714,-7115,1678,pos,0 days 00:49:42.884000,0 days 01:46:39.979000
2024-06-23 13:52:57.477,OnTrack,-4796,-7170,1683,pos,0 days 00:49:43.064000,0 days 01:46:40.159000
2024-06-23 13:52:57.777,OnTrack,-4992,-7288,1693,pos,0 days 00:49:43.364000,0 days 01:46:40.459000
2024-06-23 13:52:58.056,OnTrack,-5086,-7336,1697,pos,0 days 00:49:43.643000,0 days 01:46:40.738000
2024-06-23 13:52:58.276,OnTrack,-5205,-7387,1702,pos,0 days 00:49:43.863000,0 days 01:46:40.958000
2024-06-23 13:52:58.556,OnTrack,-5365,-7432,1709,pos,0 days 00:49:44.143000,0 days 01:46:41.238000
2024-06-23 13:52:58.736,OnTrack,-5470,-7449,1714,pos,0 days 00:49:44.323000,0 days 01:46:41.418000
2024-06-23 13:52:58.936,OnTrack,-5589,-7455,1719,pos,0 days 00:49:44.523000,0 days 01:46:41.618000
2024-06-23 13:52:59.216,OnTrack,-5755,-7443,1727,pos,0 days 00:49:44.803000,0 days 01:46:41.898000
2024-06-23 13:52:59.456,OnTrack,-5901,-7412,1732,pos,0 days 00:49:45.043000,0 days 01:46:42.138000
2024-06-23 13:52:59.616,OnTrack,-5989,-7385,1736,pos,0 days 00:49:45.203000,0 days 01:46:42.298000
2024-06-23 13:52:59.836,OnTrack,-6164,-7306,1742,pos,0 days 00:49:45.423000,0 days 01:46:42.518000
2024-06-23 13:53:00.196,OnTrack,-6278,-7233,1746,pos,0 days 00:49:45.783000,0 days 01:46:42.878000
2024-06-23 13:53:00.416,OnTrack,-6422,-7103,1753,pos,0 days 00:49:46.003000,0 days 01:46:43.098000
2024-06-23 13:53:00.736,OnTrack,-6495,-7011,1756,pos,0 days 00:49:46.323000,0 days 01:46:43.418000
2024-06-23 13:53:00.957,OnTrack,-6572,-6890,1759,pos,0 days 00:49:46.544000,0 days 01:46:43.639000
2024-06-23 13:53:01.157,OnTrack,-6625,-6780,1761,pos,0 days 00:49:46.744000,0 days 01:46:43.839000
2024-06-23 13:53:01.557,OnTrack,-6696,-6553,1765,pos,0 days 00:49:47.144000,0 days 01:46:44.239000
2024-06-23 13:53:01.757,OnTrack,-6723,-6386,1768,pos,0 days 00:49:47.344000,0 days 01:46:44.439000
2024-06-23 13:53:01.997,OnTrack,-6731,-6268,1769,pos,0 days 00:49:47.584000,0 days 01:46:44.679000
2024-06-23 13:53:02.237,OnTrack,-6731,-6108,1772,pos,0 days 00:49:47.824000,0 days 01:46:44.919000
2024-06-23 13:53:02.597,OnTrack,-6698,-5770,1777,pos,0 days 00:49:48.184000,0 days 01:46:45.279000
2024-06-23 13:53:02.997,OnTrack,-6649,-5520,1779,pos,0 days 00:49:48.584000,0 days 01:46:45.679000
2024-06-23 13:53:03.357,OnTrack,-6611,-5369,1783,pos,0 days 00:49:48.944000,0 days 01:46:46.039000
2024-06-23 13:53:03.597,OnTrack,-6520,-5111,1787,pos,0 days 00:49:49.184000,0 days 01:46:46.279000
2024-06-23 13:53:03.977,OnTrack,-6389,-4863,1791,pos,0 days 00:49:49.564000,0 days 01:46:46.659000
2024-06-23 13:53:04.397,OnTrack,-6274,-4687,1794,pos,0 days 00:49:49.984000,0 days 01:46:47.079000
2024-06-23 13:53:04.557,OnTrack,-6205,-4588,1796,pos,0 days 00:49:50.144000,0 days 01:46:47.239000
2024-06-23 13:53:04.856,OnTrack,-6027,-4341,1799,pos,0 days 00:49:50.443000,0 days 01:46:47.538000
2024-06-23 13:53:05.256,OnTrack,-5905,-4145,1803,pos,0 days 00:49:50.843000,0 days 01:46:47.938000
2024-06-23 13:53:05.496,OnTrack,-5810,-3983,1805,pos,0 days 00:49:51.083000,0 days 01:46:48.178000
2024-06-23 13:53:05.696,OnTrack,-5729,-3848,1807,pos,0 days 00:49:51.283000,0 days 01:46:48.378000
2024-06-23 13:53:05.896,OnTrack,-5587,-3624,1811,pos,0 days 00:49:51.483000,0 days 01:46:48.578000
2024-06-23 13:53:06.236,OnTrack,-5503,-3501,1813,pos,0 days 00:49:51.823000,0 days 01:46:48.918000
2024-06-23 13:53:06.556,OnTrack,-5335,-3259,1817,pos,0 days 00:49:52.143000,0 days 01:46:49.238000
2024-06-23 13:53:06.976,OnTrack,-5243,-3140,1818,pos,0 days 00:49:52.563000,0 days 01:46:49.658000
2024-06-23 13:53:07.176,OnTrack,-5177,-3066,1819,pos,0 days 00:49:52.763000,0 days 01:46:49.858000
2024-06-23 13:53:07.376,OnTrack,-5109,-3001,1819,pos,0 days 00:49:52.963000,0 days 01:46:50.058000
2024-06-23 13:53:07.537,OnTrack,-5046,-2952,1820,pos,0 days 00:49:53.124000,0 days 01:46:50.219000
2024-06-23 13:53:07.797,OnTrack,-4935,-2888,1822,pos,0 days 00:49:53.384000,0 days 01:46:50.479000
2024-06-23 13:53:08.177,OnTrack,-4810,-2848,1823,pos,0 days 00:49:53.764000,0 days 01:46:50.859000
2024-06-23 13:53:08.417,OnTrack,-4699,-2839,1825,pos,0 days 00:49:54.004000,0 days 01:46:51.099000
2024-06-23 13:53:08.697,OnTrack,-4607,-2848,1827,pos,0 days 00:49:54.284000,0 days 01:46:51.379000
2024-06-23 13:53:08.917,OnTrack,-4527,-2869,1828,pos,0 days 00:49:54.504000,0 days 01:46:51.599000
2024-06-23 13:53:09.197,OnTrack,-4433,-2910,1830,pos,0 days 00:49:54.784000,0 days 01:46:51.879000
2024-06-23 13:53:09.437,OnTrack,-4359,-2956,1832,pos,0 days 00:49:55.024000,0 days 01:46:52.119000
2024-06-23 13:53:09.637,OnTrack,-4282,-3027,1834,pos,0 days 00:49:55.224000,0 days 01:46:52.319000
2024-06-23 13:53:09.937,OnTrack,-4237,-3077,1835,pos,0 days 00:49:55.524000,0 days 01:46:52.619000
2024-06-23 13:53:10.117,OnTrack,-4196,-3132,1835,pos,0 days 00:49:55.704000,0 days 01:46:52.799000
2024-06-23 13:53:10.357,OnTrack,-4146,-3211,1836,pos,0 days 00:49:55.944000,0 days 01:46:53.039000
2024-06-23 13:53:10.537,OnTrack,-4114,-3274,1837,pos,0 days 00:49:56.124000,0 days 01:46:53.219000
2024-06-23 13:53:10.777,OnTrack,-4077,-3366,1838,pos,0 days 00:49:56.364000,0 days 01:46:53.459000
2024-06-23 13:53:11.077,OnTrack,-4037,-3532,1839,pos,0 days 00:49:56.664000,0 days 01:46:53.759000
2024-06-23 13:53:11.436,OnTrack,-4028,-3648,1839,pos,0 days 00:49:57.023000,0 days 01:46:54.118000
2024-06-23 13:53:11.736,OnTrack,-4034,-3789,1839,pos,0 days 00:49:57.323000,0 days 01:46:54.418000
2024-06-23 13:53:11.936,OnTrack,-4062,-3935,1838,pos,0 days 00:49:57.523000,0 days 01:46:54.618000
2024-06-23 13:53:12.156,OnTrack,-4080,-3994,1837,pos,0 days 00:49:57.743000,0 days 01:46:54.838000
2024-06-23 13:53:12.396,OnTrack,-4127,-4114,1836,pos,0 days 00:49:57.983000,0 days 01:46:55.078000
2024-06-23 13:53:12.556,OnTrack,-4166,-4193,1835,pos,0 days 00:49:58.143000,0 days 01:46:55.238000
2024-06-23 13:53:12.836,OnTrack,-4250,-4328,1833,pos,0 days 00:49:58.423000,0 days 01:46:55.518000
2024-06-23 13:53:13.136,OnTrack,-4402,-4543,1828,pos,0 days 00:49:58.723000,0 days 01:46:55.818000
2024-06-23 13:53:13.556,OnTrack,-4542,-4735,1823,pos,0 days 00:49:59.143000,0 days 01:46:56.238000
2024-06-23 13:53:13.816,OnTrack,-4601,-4816,1821,pos,0 days 00:49:59.403000,0 days 01:46:56.498000
2024-06-23 13:53:14.177,OnTrack,-4779,-5059,1815,pos,0 days 00:49:59.764000,0 days 01:46:56.859000
2024-06-23 13:53:14.437,OnTrack,-4849,-5155,1814,pos,0 days 00:50:00.024000,0 days 01:46:57.119000
2024-06-23 13:53:14.637,OnTrack,-4923,-5259,1810,pos,0 days 00:50:00.224000,0 days 01:46:57.319000
2024-06-23 13:53:15.017,OnTrack,-5054,-5452,1804,pos,0 days 00:50:00.604000,0 days 01:46:57.699000
2024-06-23 13:53:15.277,OnTrack,-5103,-5535,1801,pos,0 days 00:50:00.864000,0 days 01:46:57.959000
2024-06-23 13:53:15.477,OnTrack,-5134,-5593,1799,pos,0 days 00:50:01.064000,0 days 01:46:58.159000
2024-06-23 13:53:15.737,OnTrack,-5176,-5686,1795,pos,0 days 00:50:01.324000,0 days 01:46:58.419000
2024-06-23 13:53:16.057,OnTrack,-5220,-5834,1788,pos,0 days 00:50:01.644000,0 days 01:46:58.739000
2024-06-23 13:53:16.417,OnTrack,-5227,-5911,1786,pos,0 days 00:50:02.004000,0 days 01:46:59.099000
2024-06-23 13:53:16.677,OnTrack,-5215,-6012,1780,pos,0 days 00:50:02.264000,0 days 01:46:59.359000
2024-06-23 13:53:16.957,OnTrack,-5195,-6066,1776,pos,0 days 00:50:02.544000,0 days 01:46:59.639000
2024-06-23 13:53:17.157,OnTrack,-5167,-6114,1773,pos,0 days 00:50:02.744000,0 days 01:46:59.839000
2024-06-23 13:53:17.377,OnTrack,-5129,-6158,1769,pos,0 days 00:50:02.964000,0 days 01:47:00.059000
2024-06-23 13:53:17.677,OnTrack,-5066,-6204,1767,pos,0 days 00:50:03.264000,0 days 01:47:00.359000
2024-06-23 13:53:17.896,OnTrack,-5001,-6232,1763,pos,0 days 00:50:03.483000,0 days 01:47:00.578000
2024-06-23 13:53:18.196,OnTrack,-4941,-6246,1760,pos,0 days 00:50:03.783000,0 days 01:47:00.878000
2024-06-23 13:53:18.436,OnTrack,-4879,-6251,1756,pos,0 days 00:50:04.023000,0 days 01:47:01.118000
2024-06-23 13:53:18.716,OnTrack,-4765,-6241,1749,pos,0 days 00:50:04.303000,0 days 01:47:01.398000
2024-06-23 13:53:19.176,OnTrack,-4673,-6218,1743,pos,0 days 00:50:04.763000,0 days 01:47:01.858000
2024-06-23 13:53:19.396,OnTrack,-4608,-6194,1739,pos,0 days 00:50:04.983000,0 days 01:47:02.078000
2024-06-23 13:53:19.636,OnTrack,-4534,-6163,1734,pos,0 days 00:50:05.223000,0 days 01:47:02.318000
2024-06-23 13:53:19.936,OnTrack,-4435,-6113,1727,pos,0 days 00:50:05.523000,0 days 01:47:02.618000
2024-06-23 13:53:20.096,OnTrack,-4379,-6083,1724,pos,0 days 00:50:05.683000,0 days 01:47:02.778000
2024-06-23 13:53:20.316,OnTrack,-4298,-6039,1718,pos,0 days 00:50:05.903000,0 days 01:47:02.998000
2024-06-23 13:53:20.516,OnTrack,-4219,-5996,1713,pos,0 days 00:50:06.103000,0 days 01:47:03.198000
2024-06-23 13:53:20.777,OnTrack,-4065,-5914,1703,pos,0 days 00:50:06.364000,0 days 01:47:03.459000
2024-06-23 13:53:21.117,OnTrack,-3943,-5854,1695,pos,0 days 00:50:06.704000,0 days 01:47:03.799000
2024-06-23 13:53:21.377,OnTrack,-3824,-5800,1689,pos,0 days 00:50:06.964000,0 days 01:47:04.059000
2024-06-23 13:53:21.597,OnTrack,-3709,-5751,1682,pos,0 days 00:50:07.184000,0 days 01:47:04.279000
2024-06-23 13:53:21.837,OnTrack,-3514,-5669,1674,pos,0 days 00:50:07.424000,0 days 01:47:04.519000
2024-06-23 13:53:22.217,OnTrack,-3369,-5602,1667,pos,0 days 00:50:07.804000,0 days 01:47:04.899000
2024-06-23 13:53:22.437,OnTrack,-3248,-5538,1663,pos,0 days 00:50:08.024000,0 days 01:47:05.119000
2024-06-23 13:53:22.657,OnTrack,-3063,-5420,1657,pos,0 days 00:50:08.244000,0 days 01:47:05.339000
2024-06-23 13:53:23.117,OnTrack,-2856,-5251,1653,pos,0 days 00:50:08.704000,0 days 01:47:05.799000
2024-06-23 13:53:23.517,OnTrack,-2630,-5009,1651,pos,0 days 00:50:09.104000,0 days 01:47:06.199000
2024-06-23 13:53:23.957,OnTrack,-2503,-4841,1651,pos,0 days 00:50:09.544000,0 days 01:47:06.639000
2024-06-23 13:53:24.157,OnTrack,-2393,-4682,1651,pos,0 days 00:50:09.744000,0 days 01:47:06.839000
2024-06-23 13:53:24.556,OnTrack,-2247,-4469,1654,pos,0 days 00:50:10.143000,0 days 01:47:07.238000
2024-06-23 13:53:24.936,OnTrack,-2178,-4361,1658,pos,0 days 00:50:10.523000,0 days 01:47:07.618000
2024-06-23 13:53:25.176,OnTrack,-2121,-4248,1661,pos,0 days 00:50:10.763000,0 days 01:47:07.858000
2024-06-23 13:53:25.376,OnTrack,-2099,-4167,1661,pos,0 days 00:50:10.963000,0 days 01:47:08.058000
2024-06-23 13:53:25.536,OnTrack,-2086,-4060,1663,pos,0 days 00:50:11.123000,0 days 01:47:08.218000
2024-06-23 13:53:25.856,OnTrack,-2083,-3970,1666,pos,0 days 00:50:11.443000,0 days 01:47:08.538000
2024-06-23 13:53:26.036,OnTrack,-2086,-3900,1668,pos,0 days 00:50:11.623000,0 days 01:47:08.718000
2024-06-23 13:53:26.316,OnTrack,-2104,-3797,1674,pos,0 days 00:50:11.903000,0 days 01:47:08.998000
2024-06-23 13:53:26.636,OnTrack,-2150,-3692,1680,pos,0 days 00:50:12.223000,0 days 01:47:09.318000
2024-06-23 13:53:26.836,OnTrack,-2218,-3606,1684,pos,0 days 00:50:12.423000,0 days 01:47:09.518000
2024-06-23 13:53:27.156,OnTrack,-2281,-3550,1688,pos,0 days 00:50:12.743000,0 days 01:47:09.838000
2024-06-23 13:53:27.397,OnTrack,-2364,-3488,1692,pos,0 days 00:50:12.984000,0 days 01:47:10.079000
2024-06-23 13:53:27.617,OnTrack,-2439,-3435,1695,pos,0 days 00:50:13.204000,0 days 01:47:10.299000
2024-06-23 13:53:27.777,OnTrack,-2492,-3394,1700,pos,0 days 00:50:13.364000,0 days 01:47:10.459000
2024-06-23 13:53:27.997,OnTrack,-2606,-3290,1710,pos,0 days 00:50:13.584000,0 days 01:47:10.679000
2024-06-23 13:53:28.437,OnTrack,-2697,-3178,1721,pos,0 days 00:50:14.024000,0 days 01:47:11.119000
2024-06-23 13:53:28.657,OnTrack,-2790,-3017,1733,pos,0 days 00:50:14.244000,0 days 01:47:11.339000
2024-06-23 13:53:29.037,OnTrack,-2878,-2826,1746,pos,0 days 00:50:14.624000,0 days 01:47:11.719000
2024-06-23 13:53:29.477,OnTrack,-2950,-2670,1755,pos,0 days 00:50:15.064000,0 days 01:47:12.159000
2024-06-23 13:53:29.717,OnTrack,-3022,-2519,1767,pos,0 days 00:50:15.304000,0 days 01:47:12.399000
2024-06-23 13:53:30.097,OnTrack,-3147,-2256,1784,pos,0 days 00:50:15.684000,0 days 01:47:12.779000
2024-06-23 13:53:30.457,OnTrack,-3219,-2104,1794,pos,0 days 00:50:16.044000,0 days 01:47:13.139000
2024-06-23 13:53:30.637,OnTrack,-3270,-1998,1801,pos,0 days 00:50:16.224000,0 days 01:47:13.319000
2024-06-23 13:53:30.817,OnTrack,-3322,-1890,1808,pos,0 days 00:50:16.404000,0 days 01:47:13.499000
2024-06-23 13:53:31.096,OnTrack,-3400,-1719,1819,pos,0 days 00:50:16.683000,0 days 01:47:13.778000
2024-06-23 13:53:31.356,OnTrack,-3461,-1556,1830,pos,0 days 00:50:16.943000,0 days 01:47:14.038000
2024-06-23 13:53:31.456,OnTrack,-3478,-1493,1833,pos,0 days 00:50:17.043000,0 days 01:47:14.138000
2024-06-23 13:53:31.656,OnTrack,-3501,-1366,1840,pos,0 days 00:50:17.243000,0 days 01:47:14.338000
2024-06-23 13:53:32.016,OnTrack,-3503,-1137,1847,pos,0 days 00:50:17.603000,0 days 01:47:14.698000
2024-06-23 13:53:32.236,OnTrack,-3482,-975,1855,pos,0 days 00:50:17.823000,0 days 01:47:14.918000
2024-06-23 13:53:32.636,OnTrack,-3393,-683,1865,pos,0 days 00:50:18.223000,0 days 01:47:15.318000
2024-06-23 13:53:33.036,OnTrack,-3321,-541,1870,pos,0 days 00:50:18.623000,0 days 01:47:15.718000
2024-06-23 13:53:33.216,OnTrack,-3199,-384,1873,pos,0 days 00:50:18.803000,0 days 01:47:15.898000
2024-06-23 13:53:33.656,OnTrack,-3009,-252,1875,pos,0 days 00:50:19.243000,0 days 01:47:16.338000
2024-06-23 13:53:33.857,OnTrack,-2823,-171,1874,pos,0 days 00:50:19.444000,0 days 01:47:16.539000
2024-06-23 13:53:34.117,OnTrack,-2710,-127,1872,pos,0 days 00:50:19.704000,0 days 01:47:16.799000
2024-06-23 13:53:34.417,OnTrack,-2535,-53,1870,pos,0 days 00:50:20.004000,0 days 01:47:17.099000
2024-06-23 13:53:34.657,OnTrack,-2296,57,1867,pos,0 days 00:50:20.244000,0 days 01:47:17.339000
2024-06-23 13:53:35.117,OnTrack,-2027,184,1863,pos,0 days 00:50:20.704000,0 days 01:47:17.799000
2024-06-23 13:53:35.357,OnTrack,-1936,227,1862,pos,0 days 00:50:20.944000,0 days 01:47:18.039000
2024-06-23 13:53:35.737,OnTrack,-1658,359,1859,pos,0 days 00:50:21.324000,0 days 01:47:18.419000
2024-06-23 13:53:36.017,OnTrack,-1497,435,1857,pos,0 days 00:50:21.604000,0 days 01:47:18.699000
2024-06-23 13:53:36.217,OnTrack,-1362,499,1855,pos,0 days 00:50:21.804000,0 days 01:47:18.899000
2024-06-23 13:53:36.517,OnTrack,-1158,599,1853,pos,0 days 00:50:22.104000,0 days 01:47:19.199000
2024-06-23 13:53:36.597,OnTrack,-1111,622,1852,pos,0 days 00:50:22.184000,0 days 01:47:19.279000
2024-06-23 13:53:36.837,OnTrack,-952,705,1850,pos,0 days 00:50:22.424000,0 days 01:47:19.519000
2024-06-23 13:53:37.197,OnTrack,-664,858,1846,pos,0 days 00:50:22.784000,0 days 01:47:19.879000
2024-06-23 13:53:37.497,OnTrack,-498,947,1843,pos,0 days 00:50:23.084000,0 days 01:47:20.179000
2024-06-23 13:53:37.636,OnTrack,-401,999,1842,pos,0 days 00:50:23.223000,0 days 01:47:20.318000
2024-06-23 13:53:37.936,OnTrack,-191,1111,1840,pos,0 days 00:50:23.523000,0 days 01:47:20.618000
2024-06-23 13:53:38.176,OnTrack,77,1254,1836,pos,0 days 00:50:23.763000,0 days 01:47:20.858000
2024-06-23 13:53:38.596,OnTrack,276,1359,1833,pos,0 days 00:50:24.183000,0 days 01:47:21.278000
2024-06-23 13:53:38.816,OnTrack,407,1425,1831,pos,0 days 00:50:24.403000,0 days 01:47:21.498000
2024-06-23 13:53:39.016,OnTrack,548,1492,1829,pos,0 days 00:50:24.603000,0 days 01:47:21.698000
2024-06-23 13:53:39.236,OnTrack,771,1586,1827,pos,0 days 00:50:24.823000,0 days 01:47:21.918000
2024-06-23 13:53:39.656,OnTrack,968,1665,1824,pos,0 days 00:50:25.243000,0 days 01:47:22.338000
2024-06-23 13:53:39.736,OnTrack,1008,1682,1824,pos,0 days 00:50:25.323000,0 days 01:47:22.418000
2024-06-23 13:53:40.016,OnTrack,1136,1737,1823,pos,0 days 00:50:25.603000,0 days 01:47:22.698000
2024-06-23 13:53:40.256,OnTrack,1228,1785,1821,pos,0 days 00:50:25.843000,0 days 01:47:22.938000
2024-06-23 13:53:40.457,OnTrack,1301,1832,1821,pos,0 days 00:50:26.044000,0 days 01:47:23.139000
2024-06-23 13:53:40.637,OnTrack,1351,1875,1820,pos,0 days 00:50:26.224000,0 days 01:47:23.319000
2024-06-23 13:53:40.837,OnTrack,1398,1926,1819,pos,0 days 00:50:26.424000,0 days 01:47:23.519000
2024-06-23 13:53:41.017,OnTrack,1442,2009,1818,pos,0 days 00:50:26.604000,0 days 01:47:23.699000
2024-06-23 13:53:41.337,OnTrack,1459,2071,1818,pos,0 days 00:50:26.924000,0 days 01:47:24.019000
2024-06-23 13:53:41.557,OnTrack,1464,2141,1817,pos,0 days 00:50:27.144000,0 days 01:47:24.239000
2024-06-23 13:53:41.837,OnTrack,1443,2258,1817,pos,0 days 00:50:27.424000,0 days 01:47:24.519000
2024-06-23 13:53:42.317,OnTrack,1383,2385,1821,pos,0 days 00:50:27.904000,0 days 01:47:24.999000
2024-06-23 13:53:42.637,OnTrack,1322,2465,1823,pos,0 days 00:50:28.224000,0 days 01:47:25.319000
2024-06-23 13:53:43.117,OnTrack,1234,2546,1826,pos,0 days 00:50:28.704000,0 days 01:47:25.799000
2024-06-23 13:53:43.437,OnTrack,1183,2578,1827,pos,0 days 00:50:29.024000,0 days 01:47:26.119000
2024-06-23 13:53:43.617,OnTrack,1138,2600,1828,pos,0 days 00:50:29.204000,0 days 01:47:26.299000
2024-06-23 13:53:43.957,OnTrack,1041,2632,1831,pos,0 days 00:50:29.544000,0 days 01:47:26.639000
2024-06-23 13:53:44.157,OnTrack,980,2645,1832,pos,0 days 00:50:29.744000,0 days 01:47:26.839000
2024-06-23 13:53:44.376,OnTrack,888,2657,1834,pos,0 days 00:50:29.963000,0 days 01:47:27.058000
2024-06-23 13:53:44.636,OnTrack,818,2660,1835,pos,0 days 00:50:30.223000,0 days 01:47:27.318000
2024-06-23 13:53:44.836,OnTrack,746,2657,1837,pos,0 days 00:50:30.423000,0 days 01:47:27.518000
2024-06-23 13:53:45.136,OnTrack,632,2642,1839,pos,0 days 00:50:30.723000,0 days 01:47:27.818000
2024-06-23 13:53:45.356,OnTrack,547,2622,1841,pos,0 days 00:50:30.943000,0 days 01:47:28.038000
2024-06-23 13:53:45.516,OnTrack,481,2601,1843,pos,0 days 00:50:31.103000,0 days 01:47:28.198000
2024-06-23 13:53:45.796,OnTrack,363,2551,1848,pos,0 days 00:50:31.383000,0 days 01:47:28.478000
2024-06-23 13:53:45.956,OnTrack,296,2515,1851,pos,0 days 00:50:31.543000,0 days 01:47:28.638000
2024-06-23 13:53:46.236,OnTrack,141,2417,1859,pos,0 days 00:50:31.823000,0 days 01:47:28.918000
2024-06-23 13:53:46.636,OnTrack,0,2317,1867,pos,0 days 00:50:32.223000,0 days 01:47:29.318000
2024-06-23 13:53:46.776,OnTrack,-101,2254,1872,pos,0 days 00:50:32.363000,0 days 01:47:29.458000
2024-06-23 13:53:47.157,OnTrack,-238,2189,1877,pos,0 days 00:50:32.744000,0 days 01:47:29.839000
2024-06-23 13:53:47.397,OnTrack,-343,2154,1880,pos,0 days 00:50:32.984000,0 days 01:47:30.079000
2024-06-23 13:53:47.697,OnTrack,-460,2129,1885,pos,0 days 00:50:33.284000,0 days 01:47:30.379000
2024-06-23 13:53:47.797,OnTrack,-501,2125,1887,pos,0 days 00:50:33.384000,0 days 01:47:30.479000
2024-06-23 13:53:48.117,OnTrack,-677,2130,1896,pos,0 days 00:50:33.704000,0 days 01:47:30.799000
2024-06-23 13:53:48.417,OnTrack,-733,2143,1898,pos,0 days 00:50:34.004000,0 days 01:47:31.099000
2024-06-23 13:53:48.717,OnTrack,-826,2181,1904,pos,0 days 00:50:34.304000,0 days 01:47:31.399000
2024-06-23 13:53:48.937,OnTrack,-914,2249,1907,pos,0 days 00:50:34.524000,0 days 01:47:31.619000
2024-06-23 13:53:49.277,OnTrack,-959,2302,1909,pos,0 days 00:50:34.864000,0 days 01:47:31.959000
2024-06-23 13:53:49.497,OnTrack,-994,2360,1910,pos,0 days 00:50:35.084000,0 days 01:47:32.179000
2024-06-23 13:53:49.677,OnTrack,-1016,2409,1911,pos,0 days 00:50:35.264000,0 days 01:47:32.359000
2024-06-23 13:53:49.997,OnTrack,-1041,2499,1913,pos,0 days 00:50:35.584000,0 days 01:47:32.679000
2024-06-23 13:53:50.157,OnTrack,-1047,2544,1913,pos,0 days 00:50:35.744000,0 days 01:47:32.839000
2024-06-23 13:53:50.337,OnTrack,-1050,2596,1914,pos,0 days 00:50:35.924000,0 days 01:47:33.019000
2024-06-23 13:53:50.537,OnTrack,-1048,2655,1914,pos,0 days 00:50:36.124000,0 days 01:47:33.219000
2024-06-23 13:53:50.717,OnTrack,-1042,2708,1916,pos,0 days 00:50:36.304000,0 days 01:47:33.399000
2024-06-23 13:53:51.036,OnTrack,-1019,2804,1917,pos,0 days 00:50:36.623000,0 days 01:47:33.718000
2024-06-23 13:53:51.196,OnTrack,-1003,2852,1918,pos,0 days 00:50:36.783000,0 days 01:47:33.878000
2024-06-23 13:53:51.356,OnTrack,-982,2901,1918,pos,0 days 00:50:36.943000,0 days 01:47:34.038000
2024-06-23 13:53:51.616,OnTrack,-941,2980,1920,pos,0 days 00:50:37.203000,0 days 01:47:34.298000
2024-06-23 13:53:51.856,OnTrack,-894,3052,1921,pos,0 days 00:50:37.443000,0 days 01:47:34.538000
2024-06-23 13:53:52.016,OnTrack,-843,3116,1922,pos,0 days 00:50:37.603000,0 days 01:47:34.698000
2024-06-23 13:53:52.236,OnTrack,-743,3220,1922,pos,0 days 00:50:37.823000,0 days 01:47:34.918000
2024-06-23 13:53:52.536,OnTrack,-692,3265,1922,pos,0 days 00:50:38.123000,0 days 01:47:35.218000
2024-06-23 13:53:52.916,OnTrack,-543,3385,1921,pos,0 days 00:50:38.503000,0 days 01:47:35.598000
2024-06-23 13:53:53.156,OnTrack,-467,3444,1920,pos,0 days 00:50:38.743000,0 days 01:47:35.838000
2024-06-23 13:53:53.496,OnTrack,-331,3553,1917,pos,0 days 00:50:39.083000,0 days 01:47:36.178000
2024-06-23 13:53:53.657,OnTrack,-256,3617,1916,pos,0 days 00:50:39.244000,0 days 01:47:36.339000
2024-06-23 13:53:53.897,OnTrack,-153,3704,1913,pos,0 days 00:50:39.484000,0 days 01:47:36.579000
2024-06-23 13:53:54.057,OnTrack,-83,3764,1911,pos,0 days 00:50:39.644000,0 days 01:47:36.739000
2024-06-23 13:53:54.317,OnTrack,93,3907,1903,pos,0 days 00:50:39.904000,0 days 01:47:36.999000
2024-06-23 13:53:54.617,OnTrack,174,3965,1900,pos,0 days 00:50:40.204000,0 days 01:47:37.299000
2024-06-23 13:53:54.877,OnTrack,313,4048,1893,pos,0 days 00:50:40.464000,0 days 01:47:37.559000
2024-06-23 13:53:55.077,OnTrack,430,4097,1888,pos,0 days 00:50:40.664000,0 days 01:47:37.759000
2024-06-23 13:53:55.357,OnTrack,683,4140,1876,pos,0 days 00:50:40.944000,0 days 01:47:38.039000
2024-06-23 13:53:55.657,OnTrack,802,4134,1869,pos,0 days 00:50:41.244000,0 days 01:47:38.339000
2024-06-23 13:53:55.897,OnTrack,960,4107,1860,pos,0 days 00:50:41.484000,0 days 01:47:38.579000
2024-06-23 13:53:56.197,OnTrack,1151,4045,1849,pos,0 days 00:50:41.784000,0 days 01:47:38.879000
2024-06-23 13:53:56.377,OnTrack,1324,3966,1838,pos,0 days 00:50:41.964000,0 days 01:47:39.059000
2024-06-23 13:53:56.837,OnTrack,1623,3791,1821,pos,0 days 00:50:42.424000,0 days 01:47:39.519000
2024-06-23 13:53:57.137,OnTrack,1718,3730,1816,pos,0 days 00:50:42.724000,0 days 01:47:39.819000
2024-06-23 13:53:57.376,OnTrack,1862,3637,1806,pos,0 days 00:50:42.963000,0 days 01:47:40.058000
2024-06-23 13:53:57.596,OnTrack,1995,3552,1799,pos,0 days 00:50:43.183000,0 days 01:47:40.278000
2024-06-23 13:53:57.816,OnTrack,2130,3467,1790,pos,0 days 00:50:43.403000,0 days 01:47:40.498000
2024-06-23 13:53:57.996,OnTrack,2311,3346,1781,pos,0 days 00:50:43.583000,0 days 01:47:40.678000
2024-06-23 13:53:58.516,OnTrack,2531,3173,1770,pos,0 days 00:50:44.103000,0 days 01:47:41.198000
2024-06-23 13:53:58.836,OnTrack,2661,3039,1762,pos,0 days 00:50:44.423000,0 days 01:47:41.518000
2024-06-23 13:53:59.036,OnTrack,2737,2938,1758,pos,0 days 00:50:44.623000,0 days 01:47:41.718000
2024-06-23 13:53:59.336,OnTrack,2837,2717,1751,pos,0 days 00:50:44.923000,0 days 01:47:42.018000
2024-06-23 13:53:59.556,OnTrack,2860,2630,1749,pos,0 days 00:50:45.143000,0 days 01:47:42.238000
2024-06-23 13:53:59.836,OnTrack,2884,2450,1744,pos,0 days 00:50:45.423000,0 days 01:47:42.518000
2024-06-23 13:54:00.016,OnTrack,2882,2336,1742,pos,0 days 00:50:45.603000,0 days 01:47:42.698000
2024-06-23 13:54:00.177,OnTrack,2866,2219,1739,pos,0 days 00:50:45.764000,0 days 01:47:42.859000
2024-06-23 13:54:00.577,OnTrack,2785,1966,1735,pos,0 days 00:50:46.164000,0 days 01:47:43.259000
2024-06-23 13:54:00.937,OnTrack,2676,1759,1732,pos,0 days 00:50:46.524000,0 days 01:47:43.619000
2024-06-23 13:54:01.137,OnTrack,2604,1641,1730,pos,0 days 00:50:46.724000,0 days 01:47:43.819000
2024-06-23 13:54:01.357,OnTrack,2468,1432,1727,pos,0 days 00:50:46.944000,0 days 01:47:44.039000
2024-06-23 13:54:01.697,OnTrack,2391,1314,1725,pos,0 days 00:50:47.284000,0 days 01:47:44.379000
2024-06-23 13:54:01.877,OnTrack,2321,1207,1723,pos,0 days 00:50:47.464000,0 days 01:47:44.559000
2024-06-23 13:54:02.157,OnTrack,2163,964,1718,pos,0 days 00:50:47.744000,0 days 01:47:44.839000
2024-06-23 13:54:02.557,OnTrack,2010,729,1714,pos,0 days 00:50:48.144000,0 days 01:47:45.239000
2024-06-23 13:54:02.877,OnTrack,1920,591,1712,pos,0 days 00:50:48.464000,0 days 01:47:45.559000
2024-06-23 13:54:03.177,OnTrack,1738,312,1709,pos,0 days 00:50:48.764000,0 days 01:47:45.859000
2024-06-23 13:54:03.457,OnTrack,1680,222,1708,pos,0 days 00:50:49.044000,0 days 01:47:46.139000
2024-06-23 13:54:03.797,OnTrack,1539,3,1708,pos,0 days 00:50:49.384000,0 days 01:47:46.479000
2024-06-23 13:54:04.036,OnTrack,1430,-167,1707,pos,0 days 00:50:49.623000,0 days 01:47:46.718000
2024-06-23 13:54:04.436,OnTrack,1235,-472,1708,pos,0 days 00:50:50.023000,0 days 01:47:47.118000
2024-06-23 13:54:04.756,OnTrack,1141,-620,1708,pos,0 days 00:50:50.343000,0 days 01:47:47.438000
2024-06-23 13:54:05.056,OnTrack,986,-863,1708,pos,0 days 00:50:50.643000,0 days 01:47:47.738000
2024-06-23 13:54:05.456,OnTrack,796,-1163,1708,pos,0 days 00:50:51.043000,0 days 01:47:48.138000
2024-06-23 13:54:05.736,OnTrack,718,-1287,1707,pos,0 days 00:50:51.323000,0 days 01:47:48.418000
2024-06-23 13:54:06.116,OnTrack,543,-1562,1708,pos,0 days 00:50:51.703000,0 days 01:47:48.798000
2024-06-23 13:54:06.516,OnTrack,376,-1825,1708,pos,0 days 00:50:52.103000,0 days 01:47:49.198000
2024-06-23 13:54:06.697,OnTrack,287,-1964,1708,pos,0 days 00:50:52.284000,0 days 01:47:49.379000
2024-06-23 13:54:06.857,OnTrack,217,-2076,1708,pos,0 days 00:50:52.444000,0 days 01:47:49.539000
2024-06-23 13:54:07.137,OnTrack,93,-2271,1708,pos,0 days 00:50:52.724000,0 days 01:47:49.819000
2024-06-23 13:54:07.297,OnTrack,21,-2383,1707,pos,0 days 00:50:52.884000,0 days 01:47:49.979000
2024-06-23 13:54:07.457,OnTrack,-40,-2480,1707,pos,0 days 00:50:53.044000,0 days 01:47:50.139000
2024-06-23 13:54:07.697,OnTrack,-147,-2646,1706,pos,0 days 00:50:53.284000,0 days 01:47:50.379000
2024-06-23 13:54:07.897,OnTrack,-276,-2841,1704,pos,0 days 00:50:53.484000,0 days 01:47:50.579000
2024-06-23 13:54:08.317,OnTrack,-433,-3078,1701,pos,0 days 00:50:53.904000,0 days 01:47:50.999000
2024-06-23 13:54:08.537,OnTrack,-592,-3316,1698,pos,0 days 00:50:54.124000,0 days 01:47:51.219000
2024-06-23 13:54:08.797,OnTrack,-657,-3414,1696,pos,0 days 00:50:54.384000,0 days 01:47:51.479000
2024-06-23 13:54:09.177,OnTrack,-883,-3750,1689,pos,0 days 00:50:54.764000,0 days 01:47:51.859000
2024-06-23 13:54:09.557,OnTrack,-1052,-4002,1683,pos,0 days 00:50:55.144000,0 days 01:47:52.239000
2024-06-23 13:54:09.897,OnTrack,-1175,-4185,1679,pos,0 days 00:50:55.484000,0 days 01:47:52.579000
2024-06-23 13:54:10.117,OnTrack,-1279,-4340,1674,pos,0 days 00:50:55.704000,0 days 01:47:52.799000
2024-06-23 13:54:10.417,OnTrack,-1449,-4594,1666,pos,0 days 00:50:56.004000,0 days 01:47:53.099000
2024-06-23 13:54:10.736,OnTrack,-1569,-4773,1661,pos,0 days 00:50:56.323000,0 days 01:47:53.418000
2024-06-23 13:54:11.016,OnTrack,-1736,-5031,1655,pos,0 days 00:50:56.603000,0 days 01:47:53.698000
2024-06-23 13:54:11.356,OnTrack,-1904,-5310,1649,pos,0 days 00:50:56.943000,0 days 01:47:54.038000
2024-06-23 13:54:11.836,OnTrack,-2057,-5577,1645,pos,0 days 00:50:57.423000,0 days 01:47:54.518000
2024-06-23 13:54:11.896,OnTrack,-2082,-5622,1644,pos,0 days 00:50:57.483000,0 days 01:47:54.578000
2024-06-23 13:54:12.116,OnTrack,-2173,-5786,1642,pos,0 days 00:50:57.703000,0 days 01:47:54.798000
2024-06-23 13:54:12.296,OnTrack,-2247,-5920,1640,pos,0 days 00:50:57.883000,0 days 01:47:54.978000
2024-06-23 13:54:12.656,OnTrack,-2419,-6224,1636,pos,0 days 00:50:58.243000,0 days 01:47:55.338000
2024-06-23 13:54:12.936,OnTrack,-2506,-6366,1634,pos,0 days 00:50:58.523000,0 days 01:47:55.618000
2024-06-23 13:54:13.156,OnTrack,-2581,-6479,1633,pos,0 days 00:50:58.743000,0 days 01:47:55.838000
2024-06-23 13:54:13.477,OnTrack,-2679,-6612,1631,pos,0 days 00:50:59.064000,0 days 01:47:56.159000
2024-06-23 13:54:13.717,OnTrack,-2756,-6704,1629,pos,0 days 00:50:59.304000,0 days 01:47:56.399000
2024-06-23 13:54:13.917,OnTrack,-2813,-6765,1628,pos,0 days 00:50:59.504000,0 days 01:47:56.599000
2024-06-23 13:54:13.957,OnTrack,-2825,-6778,1627,pos,0 days 00:50:59.544000,0 days 01:47:56.639000
2024-06-23 13:54:14.177,OnTrack,-2896,-6843,1625,pos,0 days 00:50:59.764000,0 days 01:47:56.859000
2024-06-23 13:54:14.497,OnTrack,-3003,-6919,1624,pos,0 days 00:51:00.084000,0 days 01:47:57.179000
2024-06-23 13:54:14.677,OnTrack,-3064,-6952,1625,pos,0 days 00:51:00.264000,0 days 01:47:57.359000
2024-06-23 13:54:14.897,OnTrack,-3141,-6980,1623,pos,0 days 00:51:00.484000,0 days 01:47:57.579000
2024-06-23 13:54:15.037,OnTrack,-3191,-6990,1623,pos,0 days 00:51:00.624000,0 days 01:47:57.719000
2024-06-23 13:54:15.277,OnTrack,-3316,-6991,1625,pos,0 days 00:51:00.864000,0 days 01:47:57.959000
2024-06-23 13:54:15.677,OnTrack,-3425,-6967,1628,pos,0 days 00:51:01.264000,0 days 01:47:58.359000
2024-06-23 13:54:15.877,OnTrack,-3496,-6940,1629,pos,0 days 00:51:01.464000,0 days 01:47:58.559000
2024-06-23 13:54:16.137,OnTrack,-3590,-6898,1631,pos,0 days 00:51:01.724000,0 days 01:47:58.819000
2024-06-23 13:54:16.337,OnTrack,-3664,-6864,1632,pos,0 days 00:51:01.924000,0 days 01:47:59.019000
2024-06-23 13:54:16.497,OnTrack,-3725,-6836,1633,pos,0 days 00:51:02.084000,0 days 01:47:59.179000
2024-06-23 13:54:16.737,OnTrack,-3822,-6798,1635,pos,0 days 00:51:02.324000,0 days 01:47:59.419000
2024-06-23 13:54:16.917,OnTrack,-3897,-6777,1637,pos,0 days 00:51:02.504000,0 days 01:47:59.599000
2024-06-23 13:54:17.156,OnTrack,-4054,-6771,1643,pos,0 days 00:51:02.743000,0 days 01:47:59.838000
2024-06-23 13:54:17.516,OnTrack,-4163,-6794,1647,pos,0 days 00:51:03.103000,0 days 01:48:00.198000
2024-06-23 13:54:17.696,OnTrack,-4244,-6822,1651,pos,0 days 00:51:03.283000,0 days 01:48:00.378000
2024-06-23 13:54:17.896,OnTrack,-4336,-6865,1656,pos,0 days 00:51:03.483000,0 days 01:48:00.578000
2024-06-23 13:54:18.216,OnTrack,-4525,-6979,1667,pos,0 days 00:51:03.803000,0 days 01:48:00.898000
2024-06-23 13:54:19.436,OnTrack,-5049,-7319,1696,pos,0 days 00:51:05.023000,0 days 01:48:02.118000
2024-06-23 13:54:19.676,OnTrack,-5157,-7368,1700,pos,0 days 00:51:05.263000,0 days 01:48:02.358000
2024-06-23 13:54:19.977,OnTrack,-5339,-7427,1708,pos,0 days 00:51:05.564000,0 days 01:48:02.659000
2024-06-23 13:54:20.197,OnTrack,-5552,-7454,1717,pos,0 days 00:51:05.784000,0 days 01:48:02.879000
2024-06-23 13:54:20.577,OnTrack,-5680,-7451,1723,pos,0 days 00:51:06.164000,0 days 01:48:03.259000
2024-06-23 13:54:20.797,OnTrack,-5805,-7434,1728,pos,0 days 00:51:06.384000,0 days 01:48:03.479000
2024-06-23 13:54:20.917,OnTrack,-5872,-7420,1731,pos,0 days 00:51:06.504000,0 days 01:48:03.599000
2024-06-23 13:54:21.177,OnTrack,-6013,-7376,1736,pos,0 days 00:51:06.764000,0 days 01:48:03.859000
2024-06-23 13:54:21.457,OnTrack,-6158,-7309,1742,pos,0 days 00:51:07.044000,0 days 01:48:04.139000
2024-06-23 13:54:21.617,OnTrack,-6238,-7261,1745,pos,0 days 00:51:07.204000,0 days 01:48:04.299000
2024-06-23 13:54:21.777,OnTrack,-6313,-7206,1748,pos,0 days 00:51:07.364000,0 days 01:48:04.459000
2024-06-23 13:54:21.997,OnTrack,-6408,-7118,1752,pos,0 days 00:51:07.584000,0 days 01:48:04.679000
2024-06-23 13:54:22.157,OnTrack,-6470,-7045,1755,pos,0 days 00:51:07.744000,0 days 01:48:04.839000
2024-06-23 13:54:22.497,OnTrack,-6620,-6790,1761,pos,0 days 00:51:08.084000,0 days 01:48:05.179000
2024-06-23 13:54:22.897,OnTrack,-6675,-6636,1764,pos,0 days 00:51:08.484000,0 days 01:48:05.579000
2024-06-23 13:54:23.057,OnTrack,-6700,-6536,1766,pos,0 days 00:51:08.644000,0 days 01:48:05.739000
2024-06-23 13:54:23.357,OnTrack,-6727,-6340,1768,pos,0 days 00:51:08.944000,0 days 01:48:06.039000
2024-06-23 13:54:23.537,OnTrack,-6733,-6165,1771,pos,0 days 00:51:09.124000,0 days 01:48:06.219000
2024-06-23 13:54:23.816,OnTrack,-6727,-6029,1773,pos,0 days 00:51:09.403000,0 days 01:48:06.498000
2024-06-23 13:54:24.196,OnTrack,-6697,-5768,1777,pos,0 days 00:51:09.783000,0 days 01:48:06.878000
2024-06-23 13:54:24.356,OnTrack,-6670,-5616,1779,pos,0 days 00:51:09.943000,0 days 01:48:07.038000
2024-06-23 13:54:24.716,OnTrack,-6624,-5417,1782,pos,0 days 00:51:10.303000,0 days 01:48:07.398000
2024-06-23 13:54:24.976,OnTrack,-6570,-5237,1785,pos,0 days 00:51:10.563000,0 days 01:48:07.658000
2024-06-23 13:54:25.136,OnTrack,-6528,-5129,1787,pos,0 days 00:51:10.723000,0 days 01:48:07.818000
2024-06-23 13:54:25.316,OnTrack,-6472,-5010,1789,pos,0 days 00:51:10.903000,0 days 01:48:07.998000
2024-06-23 13:54:25.576,OnTrack,-6335,-4779,1793,pos,0 days 00:51:11.163000,0 days 01:48:08.258000
2024-06-23 13:54:25.916,OnTrack,-6234,-4629,1795,pos,0 days 00:51:11.503000,0 days 01:48:08.598000
2024-06-23 13:54:26.136,OnTrack,-6137,-4493,1797,pos,0 days 00:51:11.723000,0 days 01:48:08.818000
2024-06-23 13:54:26.437,OnTrack,-5947,-4216,1801,pos,0 days 00:51:12.024000,0 days 01:48:09.119000
2024-06-23 13:54:26.817,OnTrack,-5844,-4039,1804,pos,0 days 00:51:12.404000,0 days 01:48:09.499000
2024-06-23 13:54:27.077,OnTrack,-5747,-3878,1807,pos,0 days 00:51:12.664000,0 days 01:48:09.759000
2024-06-23 13:54:27.197,OnTrack,-5698,-3797,1808,pos,0 days 00:51:12.784000,0 days 01:48:09.879000
2024-06-23 13:54:27.437,OnTrack,-5603,-3648,1810,pos,0 days 00:51:13.024000,0 days 01:48:10.119000
2024-06-23 13:54:27.617,OnTrack,-5524,-3531,1813,pos,0 days 00:51:13.204000,0 days 01:48:10.299000
2024-06-23 13:54:27.797,OnTrack,-5452,-3426,1814,pos,0 days 00:51:13.384000,0 days 01:48:10.479000
2024-06-23 13:54:27.997,OnTrack,-5378,-3319,1816,pos,0 days 00:51:13.584000,0 days 01:48:10.679000
2024-06-23 13:54:28.257,OnTrack,-5248,-3146,1818,pos,0 days 00:51:13.844000,0 days 01:48:10.939000
2024-06-23 13:54:28.757,OnTrack,-5111,-3003,1819,pos,0 days 00:51:14.344000,0 days 01:48:11.439000
2024-06-23 13:54:29.077,OnTrack,-5002,-2923,1821,pos,0 days 00:51:14.664000,0 days 01:48:11.759000
2024-06-23 13:54:29.297,OnTrack,-4918,-2880,1822,pos,0 days 00:51:14.884000,0 days 01:48:11.979000
2024-06-23 13:54:29.537,OnTrack,-4774,-2842,1824,pos,0 days 00:51:15.124000,0 days 01:48:12.219000
2024-06-23 13:54:29.817,OnTrack,-4712,-2838,1825,pos,0 days 00:51:15.404000,0 days 01:48:12.499000
2024-06-23 13:54:30.157,OnTrack,-4534,-2867,1828,pos,0 days 00:51:15.744000,0 days 01:48:12.839000
2024-06-23 13:54:30.496,OnTrack,-4467,-2893,1829,pos,0 days 00:51:16.083000,0 days 01:48:13.178000
2024-06-23 13:54:30.796,OnTrack,-4375,-2945,1831,pos,0 days 00:51:16.383000,0 days 01:48:13.478000
2024-06-23 13:54:30.976,OnTrack,-4327,-2983,1833,pos,0 days 00:51:16.563000,0 days 01:48:13.658000
2024-06-23 13:54:31.196,OnTrack,-4260,-3051,1834,pos,0 days 00:51:16.783000,0 days 01:48:13.878000
2024-06-23 13:54:31.656,OnTrack,-4172,-3168,1836,pos,0 days 00:51:17.243000,0 days 01:48:14.338000
2024-06-23 13:54:31.956,OnTrack,-4127,-3247,1836,pos,0 days 00:51:17.543000,0 days 01:48:14.638000
2024-06-23 13:54:32.236,OnTrack,-4083,-3350,1838,pos,0 days 00:51:17.823000,0 days 01:48:14.918000
2024-06-23 13:54:32.416,OnTrack,-4048,-3472,1838,pos,0 days 00:51:18.003000,0 days 01:48:15.098000
2024-06-23 13:54:32.716,OnTrack,-4035,-3551,1839,pos,0 days 00:51:18.303000,0 days 01:48:15.398000
2024-06-23 13:54:33.017,OnTrack,-4027,-3701,1839,pos,0 days 00:51:18.604000,0 days 01:48:15.699000
2024-06-23 13:54:33.237,OnTrack,-4049,-3881,1838,pos,0 days 00:51:18.824000,0 days 01:48:15.919000
2024-06-23 13:54:33.677,OnTrack,-4091,-4026,1837,pos,0 days 00:51:19.264000,0 days 01:48:16.359000
2024-06-23 13:54:33.937,OnTrack,-4181,-4219,1834,pos,0 days 00:51:19.524000,0 days 01:48:16.619000
2024-06-23 13:54:34.337,OnTrack,-4305,-4408,1830,pos,0 days 00:51:19.924000,0 days 01:48:17.019000
2024-06-23 13:54:34.617,OnTrack,-4369,-4498,1829,pos,0 days 00:51:20.204000,0 days 01:48:17.299000
2024-06-23 13:54:34.837,OnTrack,-4450,-4609,1826,pos,0 days 00:51:20.424000,0 days 01:48:17.519000
2024-06-23 13:54:35.137,OnTrack,-4617,-4837,1820,pos,0 days 00:51:20.724000,0 days 01:48:17.819000
2024-06-23 13:54:35.557,OnTrack,-4726,-4987,1817,pos,0 days 00:51:21.144000,0 days 01:48:18.239000
2024-06-23 13:54:35.777,OnTrack,-4813,-5105,1815,pos,0 days 00:51:21.364000,0 days 01:48:18.459000
2024-06-23 13:54:35.977,OnTrack,-4891,-5213,1812,pos,0 days 00:51:21.564000,0 days 01:48:18.659000
2024-06-23 13:54:36.137,OnTrack,-4950,-5297,1809,pos,0 days 00:51:21.724000,0 days 01:48:18.819000
2024-06-23 13:54:36.377,OnTrack,-5028,-5411,1806,pos,0 days 00:51:21.964000,0 days 01:48:19.059000
2024-06-23 13:54:36.677,OnTrack,-5105,-5538,1801,pos,0 days 00:51:22.264000,0 days 01:48:19.359000
2024-06-23 13:54:36.896,OnTrack,-5156,-5640,1797,pos,0 days 00:51:22.483000,0 days 01:48:19.578000
2024-06-23 13:54:37.316,OnTrack,-5217,-5817,1789,pos,0 days 00:51:22.903000,0 days 01:48:19.998000
2024-06-23 13:54:37.716,OnTrack,-5228,-5924,1785,pos,0 days 00:51:23.303000,0 days 01:48:20.398000
2024-06-23 13:54:37.996,OnTrack,-5220,-5992,1781,pos,0 days 00:51:23.583000,0 days 01:48:20.678000
2024-06-23 13:54:38.276,OnTrack,-5178,-6096,1774,pos,0 days 00:51:23.863000,0 days 01:48:20.958000
2024-06-23 13:54:38.596,OnTrack,-5141,-6146,1770,pos,0 days 00:51:24.183000,0 days 01:48:21.278000
2024-06-23 13:54:38.816,OnTrack,-5062,-6207,1767,pos,0 days 00:51:24.403000,0 days 01:48:21.498000
2024-06-23 13:54:39.176,OnTrack,-5008,-6230,1763,pos,0 days 00:51:24.763000,0 days 01:48:21.858000
2024-06-23 13:54:39.496,OnTrack,-4883,-6251,1756,pos,0 days 00:51:25.083000,0 days 01:48:22.178000
2024-06-23 13:54:39.957,OnTrack,-4772,-6242,1749,pos,0 days 00:51:25.544000,0 days 01:48:22.639000
2024-06-23 13:54:40.277,OnTrack,-4679,-6219,1744,pos,0 days 00:51:25.864000,0 days 01:48:22.959000
2024-06-23 13:54:40.697,OnTrack,-4599,-6191,1739,pos,0 days 00:51:26.284000,0 days 01:48:23.379000
2024-06-23 13:54:40.957,OnTrack,-4521,-6156,1734,pos,0 days 00:51:26.544000,0 days 01:48:23.639000
2024-06-23 13:54:41.177,OnTrack,-4451,-6121,1729,pos,0 days 00:51:26.764000,0 days 01:48:23.859000
2024-06-23 13:54:41.337,OnTrack,-4347,-6066,1721,pos,0 days 00:51:26.924000,0 days 01:48:24.019000
2024-06-23 13:54:41.657,OnTrack,-4280,-6029,1717,pos,0 days 00:51:27.244000,0 days 01:48:24.339000
2024-06-23 13:54:41.877,OnTrack,-4194,-5982,1711,pos,0 days 00:51:27.464000,0 days 01:48:24.559000
2024-06-23 13:54:42.037,OnTrack,-4128,-5947,1707,pos,0 days 00:51:27.624000,0 days 01:48:24.719000
2024-06-23 13:54:42.257,OnTrack,-4032,-5897,1701,pos,0 days 00:51:27.844000,0 days 01:48:24.939000
2024-06-23 13:54:42.457,OnTrack,-3900,-5834,1693,pos,0 days 00:51:28.044000,0 days 01:48:25.139000
2024-06-23 13:54:42.777,OnTrack,-3678,-5738,1681,pos,0 days 00:51:28.364000,0 days 01:48:25.459000
2024-06-23 13:54:43.077,OnTrack,-3582,-5698,1677,pos,0 days 00:51:28.664000,0 days 01:48:25.759000
2024-06-23 13:54:43.277,OnTrack,-3473,-5651,1672,pos,0 days 00:51:28.864000,0 days 01:48:25.959000
2024-06-23 13:54:43.636,OnTrack,-3276,-5554,1664,pos,0 days 00:51:29.223000,0 days 01:48:26.318000
2024-06-23 13:54:43.836,OnTrack,-3103,-5447,1658,pos,0 days 00:51:29.423000,0 days 01:48:26.518000
2024-06-23 13:54:44.276,OnTrack,-2935,-5321,1654,pos,0 days 00:51:29.863000,0 days 01:48:26.958000
2024-06-23 13:54:44.296,OnTrack,-2925,-5312,1654,pos,0 days 00:51:29.883000,0 days 01:48:26.978000
2024-06-23 13:54:44.496,OnTrack,-2825,-5223,1652,pos,0 days 00:51:30.083000,0 days 01:48:27.178000
2024-06-23 13:54:44.716,OnTrack,-2721,-5115,1650,pos,0 days 00:51:30.303000,0 days 01:48:27.398000
2024-06-23 13:54:45.096,OnTrack,-2512,-4853,1650,pos,0 days 00:51:30.683000,0 days 01:48:27.778000
2024-06-23 13:54:45.316,OnTrack,-2464,-4784,1651,pos,0 days 00:51:30.903000,0 days 01:48:27.998000
2024-06-23 13:54:45.556,OnTrack,-2369,-4648,1651,pos,0 days 00:51:31.143000,0 days 01:48:28.238000
2024-06-23 13:54:45.876,OnTrack,-2236,-4453,1654,pos,0 days 00:51:31.463000,0 days 01:48:28.558000
2024-06-23 13:54:46.177,OnTrack,-2169,-4346,1658,pos,0 days 00:51:31.764000,0 days 01:48:28.859000
2024-06-23 13:54:46.477,OnTrack,-2115,-4224,1661,pos,0 days 00:51:32.064000,0 days 01:48:29.159000
2024-06-23 13:54:46.697,OnTrack,-2094,-4133,1662,pos,0 days 00:51:32.284000,0 days 01:48:29.379000
2024-06-23 13:54:46.877,OnTrack,-2086,-4064,1663,pos,0 days 00:51:32.464000,0 days 01:48:29.559000
2024-06-23 13:54:47.037,OnTrack,-2083,-3998,1665,pos,0 days 00:51:32.624000,0 days 01:48:29.719000
2024-06-23 13:54:47.377,OnTrack,-2090,-3865,1671,pos,0 days 00:51:32.964000,0 days 01:48:30.059000
2024-06-23 13:54:47.657,OnTrack,-2114,-3765,1676,pos,0 days 00:51:33.244000,0 days 01:48:30.339000
2024-06-23 13:54:47.957,OnTrack,-2165,-3670,1681,pos,0 days 00:51:33.544000,0 days 01:48:30.639000
2024-06-23 13:54:48.137,OnTrack,-2206,-3619,1683,pos,0 days 00:51:33.724000,0 days 01:48:30.819000
2024-06-23 13:54:48.417,OnTrack,-2295,-3539,1689,pos,0 days 00:51:34.004000,0 days 01:48:31.099000
2024-06-23 13:54:48.697,OnTrack,-2370,-3484,1692,pos,0 days 00:51:34.284000,0 days 01:48:31.379000
2024-06-23 13:54:48.977,OnTrack,-2461,-3419,1697,pos,0 days 00:51:34.564000,0 days 01:48:31.659000
2024-06-23 13:54:49.157,OnTrack,-2519,-3372,1702,pos,0 days 00:51:34.744000,0 days 01:48:31.839000
2024-06-23 13:54:49.317,OnTrack,-2571,-3326,1707,pos,0 days 00:51:34.904000,0 days 01:48:31.999000
2024-06-23 13:54:49.577,OnTrack,-2650,-3240,1714,pos,0 days 00:51:35.164000,0 days 01:48:32.259000
2024-06-23 13:54:49.797,OnTrack,-2739,-3113,1727,pos,0 days 00:51:35.384000,0 days 01:48:32.479000
2024-06-23 13:54:50.176,OnTrack,-2805,-2985,1736,pos,0 days 00:51:35.763000,0 days 01:48:32.858000
2024-06-23 13:54:50.396,OnTrack,-2855,-2877,1742,pos,0 days 00:51:35.983000,0 days 01:48:33.078000
2024-06-23 13:54:50.616,OnTrack,-2905,-2766,1749,pos,0 days 00:51:36.203000,0 days 01:48:33.298000
2024-06-23 13:54:50.816,OnTrack,-2953,-2663,1755,pos,0 days 00:51:36.403000,0 days 01:48:33.498000
2024-06-23 13:54:51.036,OnTrack,-3024,-2514,1767,pos,0 days 00:51:36.623000,0 days 01:48:33.718000
2024-06-23 13:54:51.376,OnTrack,-3134,-2283,1782,pos,0 days 00:51:36.963000,0 days 01:48:34.058000
2024-06-23 13:54:51.856,OnTrack,-3227,-2087,1795,pos,0 days 00:51:37.443000,0 days 01:48:34.538000
2024-06-23 13:54:52.036,OnTrack,-3278,-1980,1802,pos,0 days 00:51:37.623000,0 days 01:48:34.718000
2024-06-23 13:54:52.256,OnTrack,-3342,-1849,1810,pos,0 days 00:51:37.843000,0 days 01:48:34.938000
2024-06-23 13:54:52.356,OnTrack,-3370,-1789,1814,pos,0 days 00:51:37.943000,0 days 01:48:35.038000
2024-06-23 13:54:52.676,OnTrack,-3479,-1490,1833,pos,0 days 00:51:38.263000,0 days 01:48:35.358000
2024-06-23 13:54:53.117,OnTrack,-3506,-1300,1842,pos,0 days 00:51:38.704000,0 days 01:48:35.799000
2024-06-23 13:54:53.277,OnTrack,-3507,-1198,1846,pos,0 days 00:51:38.864000,0 days 01:48:35.959000
2024-06-23 13:54:53.517,OnTrack,-3484,-986,1855,pos,0 days 00:51:39.104000,0 days 01:48:36.199000
2024-06-23 13:54:53.897,OnTrack,-3446,-828,1859,pos,0 days 00:51:39.484000,0 days 01:48:36.579000
2024-06-23 13:54:54.137,OnTrack,-3395,-688,1865,pos,0 days 00:51:39.724000,0 days 01:48:36.819000
2024-06-23 13:54:54.337,OnTrack,-3341,-576,1869,pos,0 days 00:51:39.924000,0 days 01:48:37.019000
2024-06-23 13:54:54.397,OnTrack,-3322,-544,1869,pos,0 days 00:51:39.984000,0 days 01:48:37.079000
2024-06-23 13:54:54.777,OnTrack,-3091,-299,1874,pos,0 days 00:51:40.364000,0 days 01:48:37.459000
2024-06-23 13:54:55.077,OnTrack,-2986,-241,1874,pos,0 days 00:51:40.664000,0 days 01:48:37.759000
2024-06-23 13:54:55.237,OnTrack,-2887,-196,1874,pos,0 days 00:51:40.824000,0 days 01:48:37.919000
2024-06-23 13:54:55.557,OnTrack,-2684,-116,1872,pos,0 days 00:51:41.144000,0 days 01:48:38.239000
2024-06-23 13:54:55.757,OnTrack,-2559,-64,1870,pos,0 days 00:51:41.344000,0 days 01:48:38.439000
2024-06-23 13:54:56.037,OnTrack,-2319,46,1868,pos,0 days 00:51:41.624000,0 days 01:48:38.719000
2024-06-23 13:54:56.337,OnTrack,-2192,106,1866,pos,0 days 00:51:41.924000,0 days 01:48:39.019000
2024-06-23 13:54:56.497,OnTrack,-2089,155,1865,pos,0 days 00:51:42.084000,0 days 01:48:39.179000
2024-06-23 13:54:56.776,OnTrack,-1906,241,1862,pos,0 days 00:51:42.363000,0 days 01:48:39.458000
2024-06-23 13:54:56.976,OnTrack,-1774,304,1860,pos,0 days 00:51:42.563000,0 days 01:48:39.658000
2024-06-23 13:54:57.156,OnTrack,-1654,361,1859,pos,0 days 00:51:42.743000,0 days 01:48:39.838000
2024-06-23 13:54:57.436,OnTrack,-1425,469,1856,pos,0 days 00:51:43.023000,0 days 01:48:40.118000
2024-06-23 13:54:57.856,OnTrack,-1181,588,1853,pos,0 days 00:51:43.443000,0 days 01:48:40.538000
2024-06-23 13:54:58.056,OnTrack,-1007,676,1851,pos,0 days 00:51:43.643000,0 days 01:48:40.738000
2024-06-23 13:54:58.396,OnTrack,-829,770,1848,pos,0 days 00:51:43.983000,0 days 01:48:41.078000
2024-06-23 13:54:58.656,OnTrack,-582,902,1845,pos,0 days 00:51:44.243000,0 days 01:48:41.338000
2024-06-23 13:54:59.096,OnTrack,-346,1028,1841,pos,0 days 00:51:44.683000,0 days 01:48:41.778000
2024-06-23 13:54:59.256,OnTrack,-235,1088,1840,pos,0 days 00:51:44.843000,0 days 01:48:41.938000
2024-06-23 13:54:59.437,OnTrack,-94,1162,1838,pos,0 days 00:51:45.024000,0 days 01:48:42.119000
2024-06-23 13:54:59.617,OnTrack,32,1230,1836,pos,0 days 00:51:45.204000,0 days 01:48:42.299000
2024-06-23 13:54:59.917,OnTrack,272,1357,1833,pos,0 days 00:51:45.504000,0 days 01:48:42.599000
2024-06-23 13:55:00.237,OnTrack,441,1442,1831,pos,0 days 00:51:45.824000,0 days 01:48:42.919000
2024-06-23 13:55:00.517,OnTrack,650,1537,1828,pos,0 days 00:51:46.104000,0 days 01:48:43.199000
2024-06-23 13:55:00.737,OnTrack,833,1611,1826,pos,0 days 00:51:46.324000,0 days 01:48:43.419000
2024-06-23 13:55:01.017,OnTrack,958,1661,1824,pos,0 days 00:51:46.604000,0 days 01:48:43.699000
2024-06-23 13:55:01.357,OnTrack,1120,1730,1823,pos,0 days 00:51:46.944000,0 days 01:48:44.039000
2024-06-23 13:55:01.577,OnTrack,1208,1774,1822,pos,0 days 00:51:47.164000,0 days 01:48:44.259000
2024-06-23 13:55:01.777,OnTrack,1277,1815,1821,pos,0 days 00:51:47.364000,0 days 01:48:44.459000
2024-06-23 13:55:01.997,OnTrack,1362,1885,1820,pos,0 days 00:51:47.584000,0 days 01:48:44.679000
2024-06-23 13:55:02.357,OnTrack,1420,1961,1819,pos,0 days 00:51:47.944000,0 days 01:48:45.039000
2024-06-23 13:55:02.437,OnTrack,1432,1985,1818,pos,0 days 00:51:48.024000,0 days 01:48:45.119000
2024-06-23 13:55:02.797,OnTrack,1464,2123,1817,pos,0 days 00:51:48.384000,0 days 01:48:45.479000
2024-06-23 13:55:03.057,OnTrack,1461,2179,1817,pos,0 days 00:51:48.644000,0 days 01:48:45.739000
2024-06-23 13:55:03.237,OnTrack,1450,2235,1817,pos,0 days 00:51:48.824000,0 days 01:48:45.919000
2024-06-23 13:55:03.596,OnTrack,1411,2337,1819,pos,0 days 00:51:49.183000,0 days 01:48:46.278000
2024-06-23 13:55:03.836,OnTrack,1351,2431,1822,pos,0 days 00:51:49.423000,0 days 01:48:46.518000
2024-06-23 13:55:04.156,OnTrack,1292,2498,1824,pos,0 days 00:51:49.743000,0 days 01:48:46.838000
2024-06-23 13:55:04.456,OnTrack,1259,2527,1825,pos,0 days 00:51:50.043000,0 days 01:48:47.138000
2024-06-23 13:55:04.756,OnTrack,1159,2590,1828,pos,0 days 00:51:50.343000,0 days 01:48:47.438000
2024-06-23 13:55:05.176,OnTrack,1076,2622,1830,pos,0 days 00:51:50.763000,0 days 01:48:47.858000
2024-06-23 13:55:05.356,OnTrack,1022,2637,1831,pos,0 days 00:51:50.943000,0 days 01:48:48.038000
2024-06-23 13:55:05.556,OnTrack,958,2649,1832,pos,0 days 00:51:51.143000,0 days 01:48:48.238000
2024-06-23 13:55:05.776,OnTrack,884,2657,1834,pos,0 days 00:51:51.363000,0 days 01:48:48.458000
2024-06-23 13:55:05.977,OnTrack,807,2660,1836,pos,0 days 00:51:51.564000,0 days 01:48:48.659000
2024-06-23 13:55:06.137,OnTrack,748,2657,1836,pos,0 days 00:51:51.724000,0 days 01:48:48.819000
2024-06-23 13:55:06.317,OnTrack,679,2650,1838,pos,0 days 00:51:51.904000,0 days 01:48:48.999000
2024-06-23 13:55:06.637,OnTrack,559,2626,1841,pos,0 days 00:51:52.224000,0 days 01:48:49.319000
2024-06-23 13:55:06.897,OnTrack,443,2587,1844,pos,0 days 00:51:52.484000,0 days 01:48:49.579000
2024-06-23 13:55:07.217,OnTrack,316,2527,1850,pos,0 days 00:51:52.804000,0 days 01:48:49.899000
2024-06-23 13:55:07.517,OnTrack,143,2418,1859,pos,0 days 00:51:53.104000,0 days 01:48:50.199000
2024-06-23 13:55:07.757,OnTrack,82,2375,1863,pos,0 days 00:51:53.344000,0 days 01:48:50.439000
2024-06-23 13:55:07.977,OnTrack,-13,2308,1868,pos,0 days 00:51:53.564000,0 days 01:48:50.659000
2024-06-23 13:55:08.297,OnTrack,-201,2205,1876,pos,0 days 00:51:53.884000,0 days 01:48:50.979000
2024-06-23 13:55:08.557,OnTrack,-273,2176,1878,pos,0 days 00:51:54.144000,0 days 01:48:51.239000
2024-06-23 13:55:08.817,OnTrack,-386,2143,1882,pos,0 days 00:51:54.404000,0 days 01:48:51.499000
2024-06-23 13:55:09.017,OnTrack,-471,2128,1886,pos,0 days 00:51:54.604000,0 days 01:48:51.699000
2024-06-23 13:55:09.197,OnTrack,-545,2122,1890,pos,0 days 00:51:54.784000,0 days 01:48:51.879000
2024-06-23 13:55:09.477,OnTrack,-704,2135,1898,pos,0 days 00:51:55.064000,0 days 01:48:52.159000
2024-06-23 13:55:09.836,OnTrack,-779,2158,1901,pos,0 days 00:51:55.423000,0 days 01:48:52.518000
2024-06-23 13:55:10.156,OnTrack,-893,2228,1906,pos,0 days 00:51:55.743000,0 days 01:48:52.838000
2024-06-23 13:55:10.596,OnTrack,-991,2354,1910,pos,0 days 00:51:56.183000,0 days 01:48:53.278000
2024-06-23 13:55:10.896,OnTrack,-1012,2398,1911,pos,0 days 00:51:56.483000,0 days 01:48:53.578000
2024-06-23 13:55:11.216,OnTrack,-1042,2501,1913,pos,0 days 00:51:56.803000,0 days 01:48:53.898000
2024-06-23 13:55:11.576,OnTrack,-1050,2624,1914,pos,0 days 00:51:57.163000,0 days 01:48:54.258000
2024-06-23 13:55:12.036,OnTrack,-1032,2756,1916,pos,0 days 00:51:57.623000,0 days 01:48:54.718000
2024-06-23 13:55:12.376,OnTrack,-1008,2836,1917,pos,0 days 00:51:57.963000,0 days 01:48:55.058000
2024-06-23 13:55:12.537,OnTrack,-987,2891,1918,pos,0 days 00:51:58.124000,0 days 01:48:55.219000
2024-06-23 13:55:12.757,OnTrack,-953,2958,1920,pos,0 days 00:51:58.344000,0 days 01:48:55.439000
2024-06-23 13:55:12.957,OnTrack,-916,3020,1921,pos,0 days 00:51:58.544000,0 days 01:48:55.639000
2024-06-23 13:55:13.157,OnTrack,-867,3087,1921,pos,0 days 00:51:58.744000,0 days 01:48:55.839000
2024-06-23 13:55:13.477,OnTrack,-777,3188,1923,pos,0 days 00:51:59.064000,0 days 01:48:56.159000
2024-06-23 13:55:13.737,OnTrack,-696,3262,1922,pos,0 days 00:51:59.324000,0 days 01:48:56.419000
2024-06-23 13:55:13.897,OnTrack,-641,3307,1922,pos,0 days 00:51:59.484000,0 days 01:48:56.579000
2024-06-23 13:55:14.057,OnTrack,-585,3353,1921,pos,0 days 00:51:59.644000,0 days 01:48:56.739000
2024-06-23 13:55:14.277,OnTrack,-463,3447,1920,pos,0 days 00:51:59.864000,0 days 01:48:56.959000
2024-06-23 13:55:14.637,OnTrack,-359,3529,1918,pos,0 days 00:52:00.224000,0 days 01:48:57.319000
2024-06-23 13:55:14.897,OnTrack,-252,3620,1916,pos,0 days 00:52:00.484000,0 days 01:48:57.579000
2024-06-23 13:55:15.097,OnTrack,-167,3693,1913,pos,0 days 00:52:00.684000,0 days 01:48:57.779000
2024-06-23 13:55:15.337,OnTrack,-62,3782,1910,pos,0 days 00:52:00.924000,0 days 01:48:58.019000
2024-06-23 13:55:15.497,OnTrack,10,3842,1907,pos,0 days 00:52:01.084000,0 days 01:48:58.179000
2024-06-23 13:55:15.757,OnTrack,187,3974,1898,pos,0 days 00:52:01.344000,0 days 01:48:58.439000
2024-06-23 13:55:16.057,OnTrack,295,4039,1893,pos,0 days 00:52:01.644000,0 days 01:48:58.739000
2024-06-23 13:55:16.417,OnTrack,508,4118,1884,pos,0 days 00:52:02.004000,0 days 01:48:59.099000
2024-06-23 13:55:16.616,OnTrack,638,4138,1878,pos,0 days 00:52:02.203000,0 days 01:48:59.298000
2024-06-23 13:55:16.816,OnTrack,770,4137,1871,pos,0 days 00:52:02.403000,0 days 01:48:59.498000
2024-06-23 13:55:17.016,OnTrack,969,4105,1860,pos,0 days 00:52:02.603000,0 days 01:48:59.698000
2024-06-23 13:55:17.416,OnTrack,1160,4041,1848,pos,0 days 00:52:03.003000,0 days 01:49:00.098000
2024-06-23 13:55:17.556,OnTrack,1248,4003,1843,pos,0 days 00:52:03.143000,0 days 01:49:00.238000
2024-06-23 13:55:17.816,OnTrack,1478,3880,1830,pos,0 days 00:52:03.403000,0 days 01:49:00.498000
2024-06-23 13:55:18.196,OnTrack,1633,3785,1820,pos,0 days 00:52:03.783000,0 days 01:49:00.878000
2024-06-23 13:55:18.396,OnTrack,1752,3708,1812,pos,0 days 00:52:03.983000,0 days 01:49:01.078000
2024-06-23 13:55:18.636,OnTrack,1896,3616,1804,pos,0 days 00:52:04.223000,0 days 01:49:01.318000
2024-06-23 13:55:18.816,OnTrack,2006,3545,1798,pos,0 days 00:52:04.403000,0 days 01:49:01.498000
2024-06-23 13:55:19.097,OnTrack,2190,3428,1787,pos,0 days 00:52:04.684000,0 days 01:49:01.779000
2024-06-23 13:55:19.317,OnTrack,2323,3338,1780,pos,0 days 00:52:04.904000,0 days 01:49:01.999000
2024-06-23 13:55:19.537,OnTrack,2450,3244,1774,pos,0 days 00:52:05.124000,0 days 01:49:02.219000
2024-06-23 13:55:19.617,OnTrack,2493,3208,1772,pos,0 days 00:52:05.204000,0 days 01:49:02.299000
2024-06-23 13:55:19.917,OnTrack,2607,3098,1766,pos,0 days 00:52:05.504000,0 days 01:49:02.599000
2024-06-23 13:55:20.177,OnTrack,2716,2969,1759,pos,0 days 00:52:05.764000,0 days 01:49:02.859000
2024-06-23 13:55:20.937,OnTrack,2878,2517,1746,pos,0 days 00:52:06.524000,0 days 01:49:03.619000
2024-06-23 13:55:21.097,OnTrack,2885,2417,1744,pos,0 days 00:52:06.684000,0 days 01:49:03.779000
2024-06-23 13:55:21.257,OnTrack,2880,2316,1742,pos,0 days 00:52:06.844000,0 days 01:49:03.939000
2024-06-23 13:55:21.437,OnTrack,2862,2201,1739,pos,0 days 00:52:07.024000,0 days 01:49:04.119000
2024-06-23 13:55:21.797,OnTrack,2790,1976,1735,pos,0 days 00:52:07.384000,0 days 01:49:04.479000
2024-06-23 13:55:21.997,OnTrack,2706,1812,1733,pos,0 days 00:52:07.584000,0 days 01:49:04.679000
2024-06-23 13:55:22.357,OnTrack,2608,1648,1731,pos,0 days 00:52:07.944000,0 days 01:49:05.039000
2024-06-23 13:55:22.537,OnTrack,2541,1543,1729,pos,0 days 00:52:08.124000,0 days 01:49:05.219000
2024-06-23 13:55:22.677,OnTrack,2488,1462,1727,pos,0 days 00:52:08.264000,0 days 01:49:05.359000
2024-06-23 13:55:22.957,OnTrack,2333,1225,1723,pos,0 days 00:52:08.544000,0 days 01:49:05.639000
2024-06-23 13:55:23.276,OnTrack,2255,1105,1721,pos,0 days 00:52:08.863000,0 days 01:49:05.958000
2024-06-23 13:55:23.576,OnTrack,2136,922,1718,pos,0 days 00:52:09.163000,0 days 01:49:06.258000
2024-06-23 13:55:23.696,OnTrack,2088,848,1716,pos,0 days 00:52:09.283000,0 days 01:49:06.378000
2024-06-23 13:55:23.996,OnTrack,1966,662,1713,pos,0 days 00:52:09.583000,0 days 01:49:06.678000
2024-06-23 13:55:24.196,OnTrack,1885,536,1712,pos,0 days 00:52:09.783000,0 days 01:49:06.878000
2024-06-23 13:55:24.376,OnTrack,1810,422,1710,pos,0 days 00:52:09.963000,0 days 01:49:07.058000
2024-06-23 13:55:24.536,OnTrack,1744,321,1709,pos,0 days 00:52:10.123000,0 days 01:49:07.218000
2024-06-23 13:55:24.836,OnTrack,1583,72,1708,pos,0 days 00:52:10.423000,0 days 01:49:07.518000
2024-06-23 13:55:25.296,OnTrack,1439,-152,1707,pos,0 days 00:52:10.883000,0 days 01:49:07.978000
2024-06-23 13:55:25.476,OnTrack,1363,-270,1707,pos,0 days 00:52:11.063000,0 days 01:49:08.158000
2024-06-23 13:55:25.697,OnTrack,1262,-430,1707,pos,0 days 00:52:11.284000,0 days 01:49:08.379000
2024-06-23 13:55:25.837,OnTrack,1202,-523,1708,pos,0 days 00:52:11.424000,0 days 01:49:08.519000
2024-06-23 13:55:26.057,OnTrack,1057,-752,1708,pos,0 days 00:52:11.644000,0 days 01:49:08.739000
2024-06-23 13:55:26.437,OnTrack,954,-914,1708,pos,0 days 00:52:12.024000,0 days 01:49:09.119000
2024-06-23 13:55:26.657,OnTrack,799,-1159,1708,pos,0 days 00:52:12.244000,0 days 01:49:09.339000
2024-06-23 13:55:27.017,OnTrack,703,-1310,1707,pos,0 days 00:52:12.604000,0 days 01:49:09.699000
2024-06-23 13:55:27.297,OnTrack,581,-1502,1707,pos,0 days 00:52:12.884000,0 days 01:49:09.979000
2024-06-23 13:55:27.497,OnTrack,493,-1641,1708,pos,0 days 00:52:13.084000,0 days 01:49:10.179000
2024-06-23 13:55:27.617,OnTrack,440,-1723,1708,pos,0 days 00:52:13.204000,0 days 01:49:10.299000
2024-06-23 13:55:27.977,OnTrack,282,-1973,1708,pos,0 days 00:52:13.564000,0 days 01:49:10.659000
2024-06-23 13:55:28.177,OnTrack,132,-2210,1707,pos,0 days 00:52:13.764000,0 days 01:49:10.859000
2024-06-23 13:55:28.417,OnTrack,87,-2280,1708,pos,0 days 00:52:14.004000,0 days 01:49:11.099000
2024-06-23 13:55:28.757,OnTrack,-115,-2596,1706,pos,0 days 00:52:14.344000,0 days 01:49:11.439000
2024-06-23 13:55:29.217,OnTrack,-317,-2902,1703,pos,0 days 00:52:14.804000,0 days 01:49:11.899000
2024-06-23 13:55:29.597,OnTrack,-455,-3110,1701,pos,0 days 00:52:15.184000,0 days 01:49:12.279000
2024-06-23 13:55:29.756,OnTrack,-529,-3222,1699,pos,0 days 00:52:15.343000,0 days 01:49:12.438000
2024-06-23 13:55:30.016,OnTrack,-650,-3403,1696,pos,0 days 00:52:15.603000,0 days 01:49:12.698000
2024-06-23 13:55:30.176,OnTrack,-725,-3515,1694,pos,0 days 00:52:15.763000,0 days 01:49:12.858000
2024-06-23 13:55:30.396,OnTrack,-828,-3669,1691,pos,0 days 00:52:15.983000,0 days 01:49:13.078000
2024-06-23 13:55:30.656,OnTrack,-950,-3851,1687,pos,0 days 00:52:16.243000,0 days 01:49:13.338000
2024-06-23 13:55:30.816,OnTrack,-1082,-4048,1682,pos,0 days 00:52:16.403000,0 days 01:49:13.498000
2024-06-23 13:55:31.196,OnTrack,-1205,-4230,1677,pos,0 days 00:52:16.783000,0 days 01:49:13.878000
2024-06-23 13:55:31.376,OnTrack,-1290,-4357,1674,pos,0 days 00:52:16.963000,0 days 01:49:14.058000
2024-06-23 13:55:31.616,OnTrack,-1404,-4526,1668,pos,0 days 00:52:17.203000,0 days 01:49:14.298000
2024-06-23 13:55:31.756,OnTrack,-1470,-4625,1665,pos,0 days 00:52:17.343000,0 days 01:49:14.438000
2024-06-23 13:55:32.036,OnTrack,-1598,-4815,1660,pos,0 days 00:52:17.623000,0 days 01:49:14.718000
2024-06-23 13:55:32.237,OnTrack,-1699,-4972,1656,pos,0 days 00:52:17.824000,0 days 01:49:14.919000
2024-06-23 13:55:32.497,OnTrack,-1808,-5148,1652,pos,0 days 00:52:18.084000,0 days 01:49:15.179000
2024-06-23 13:55:32.657,OnTrack,-1878,-5265,1650,pos,0 days 00:52:18.244000,0 days 01:49:15.339000
2024-06-23 13:55:32.737,OnTrack,-1912,-5325,1649,pos,0 days 00:52:18.324000,0 days 01:49:15.419000
2024-06-23 13:55:32.977,OnTrack,-2006,-5487,1646,pos,0 days 00:52:18.564000,0 days 01:49:15.659000
2024-06-23 13:55:33.297,OnTrack,-2197,-5830,1641,pos,0 days 00:52:18.884000,0 days 01:49:15.979000
2024-06-23 13:55:33.637,OnTrack,-2280,-5978,1639,pos,0 days 00:52:19.224000,0 days 01:49:16.319000
2024-06-23 13:55:33.897,OnTrack,-2443,-6264,1636,pos,0 days 00:52:19.484000,0 days 01:49:16.579000
2024-06-23 13:55:34.217,OnTrack,-2513,-6377,1634,pos,0 days 00:52:19.804000,0 days 01:49:16.899000
2024-06-23 13:55:34.477,OnTrack,-2591,-6493,1633,pos,0 days 00:52:20.064000,0 days 01:49:17.159000
2024-06-23 13:55:34.657,OnTrack,-2654,-6579,1632,pos,0 days 00:52:20.244000,0 days 01:49:17.339000
2024-06-23 13:55:34.917,OnTrack,-2776,-6727,1629,pos,0 days 00:52:20.504000,0 days 01:49:17.599000
2024-06-23 13:55:35.337,OnTrack,-2905,-6850,1625,pos,0 days 00:52:20.924000,0 days 01:49:18.019000
2024-06-23 13:55:35.817,OnTrack,-3032,-6936,1623,pos,0 days 00:52:21.404000,0 days 01:49:18.499000
2024-06-23 13:55:35.857,OnTrack,-3046,-6943,1625,pos,0 days 00:52:21.444000,0 days 01:49:18.539000
2024-06-23 13:55:36.196,OnTrack,-3203,-6992,1624,pos,0 days 00:52:21.783000,0 days 01:49:18.878000
2024-06-23 13:55:36.616,OnTrack,-3323,-6990,1626,pos,0 days 00:52:22.203000,0 days 01:49:19.298000
2024-06-23 13:55:36.776,OnTrack,-3383,-6979,1627,pos,0 days 00:52:22.363000,0 days 01:49:19.458000
2024-06-23 13:55:36.856,OnTrack,-3412,-6971,1628,pos,0 days 00:52:22.443000,0 days 01:49:19.538000
2024-06-23 13:55:37.236,OnTrack,-3552,-6916,1630,pos,0 days 00:52:22.823000,0 days 01:49:19.918000
2024-06-23 13:55:37.436,OnTrack,-3641,-6874,1632,pos,0 days 00:52:23.023000,0 days 01:49:20.118000
2024-06-23 13:55:37.776,OnTrack,-3807,-6803,1635,pos,0 days 00:52:23.363000,0 days 01:49:20.458000
2024-06-23 13:55:38.076,OnTrack,-3882,-6781,1637,pos,0 days 00:52:23.663000,0 days 01:49:20.758000
2024-06-23 13:55:38.376,OnTrack,-4074,-6773,1644,pos,0 days 00:52:23.963000,0 days 01:49:21.058000
2024-06-23 13:55:38.716,OnTrack,-4165,-6794,1647,pos,0 days 00:52:24.303000,0 days 01:49:21.398000
2024-06-23 13:55:38.977,OnTrack,-4291,-6843,1654,pos,0 days 00:52:24.564000,0 days 01:49:21.659000
2024-06-23 13:55:39.277,OnTrack,-4455,-6933,1664,pos,0 days 00:52:24.864000,0 days 01:49:21.959000
2024-06-23 13:55:39.577,OnTrack,-4540,-6990,1668,pos,0 days 00:52:25.164000,0 days 01:49:22.259000
2024-06-23 13:55:39.797,OnTrack,-4696,-7102,1677,pos,0 days 00:52:25.384000,0 days 01:49:22.479000
2024-06-23 13:55:40.277,OnTrack,-4924,-7250,1690,pos,0 days 00:52:25.864000,0 days 01:49:22.959000
2024-06-23 13:55:40.597,OnTrack,-5016,-7301,1694,pos,0 days 00:52:26.184000,0 days 01:49:23.279000
2024-06-23 13:55:40.857,OnTrack,-5156,-7368,1700,pos,0 days 00:52:26.444000,0 days 01:49:23.539000
2024-06-23 13:55:41.097,OnTrack,-5361,-7432,1709,pos,0 days 00:52:26.684000,0 days 01:49:23.779000
2024-06-23 13:55:41.397,OnTrack,-5467,-7449,1714,pos,0 days 00:52:26.984000,0 days 01:49:24.079000
2024-06-23 13:55:41.597,OnTrack,-5585,-7455,1719,pos,0 days 00:52:27.184000,0 days 01:49:24.279000
2024-06-23 13:55:41.797,OnTrack,-5702,-7449,1724,pos,0 days 00:52:27.384000,0 days 01:49:24.479000
2024-06-23 13:55:42.097,OnTrack,-5874,-7419,1731,pos,0 days 00:52:27.684000,0 days 01:49:24.779000
2024-06-23 13:55:42.297,OnTrack,-5983,-7387,1736,pos,0 days 00:52:27.884000,0 days 01:49:24.979000
2024-06-23 13:55:42.517,OnTrack,-6099,-7340,1740,pos,0 days 00:52:28.104000,0 days 01:49:25.199000
2024-06-23 13:55:42.777,OnTrack,-6231,-7266,1745,pos,0 days 00:52:28.364000,0 days 01:49:25.459000
2024-06-23 13:55:42.936,OnTrack,-6352,-7173,1750,pos,0 days 00:52:28.523000,0 days 01:49:25.618000
2024-06-23 13:55:43.356,OnTrack,-6482,-7030,1755,pos,0 days 00:52:28.943000,0 days 01:49:26.038000
2024-06-23 13:55:43.616,OnTrack,-6593,-6850,1760,pos,0 days 00:52:29.203000,0 days 01:49:26.298000
2024-06-23 13:55:44.016,OnTrack,-6668,-6660,1764,pos,0 days 00:52:29.603000,0 days 01:49:26.698000
2024-06-23 13:55:44.216,OnTrack,-6714,-6455,1767,pos,0 days 00:52:29.803000,0 days 01:49:26.898000
2024-06-23 13:55:44.596,OnTrack,-6733,-6186,1771,pos,0 days 00:52:30.183000,0 days 01:49:27.278000
2024-06-23 13:55:45.016,OnTrack,-6725,-5993,1774,pos,0 days 00:52:30.603000,0 days 01:49:27.698000
2024-06-23 13:55:45.216,OnTrack,-6710,-5855,1776,pos,0 days 00:52:30.803000,0 days 01:49:27.898000
2024-06-23 13:55:45.417,OnTrack,-6686,-5703,1778,pos,0 days 00:52:31.004000,0 days 01:49:28.099000
2024-06-23 13:55:45.597,OnTrack,-6662,-5577,1779,pos,0 days 00:52:31.184000,0 days 01:49:28.279000
2024-06-23 13:55:45.777,OnTrack,-6633,-5452,1781,pos,0 days 00:52:31.364000,0 days 01:49:28.459000
2024-06-23 13:55:46.017,OnTrack,-6590,-5300,1784,pos,0 days 00:52:31.604000,0 days 01:49:28.699000
2024-06-23 13:55:46.177,OnTrack,-6552,-5190,1786,pos,0 days 00:52:31.764000,0 days 01:49:28.859000
2024-06-23 13:55:46.437,OnTrack,-6475,-5016,1789,pos,0 days 00:52:32.024000,0 days 01:49:29.119000
2024-06-23 13:55:46.637,OnTrack,-6403,-4885,1791,pos,0 days 00:52:32.224000,0 days 01:49:29.319000
2024-06-23 13:55:46.917,OnTrack,-6288,-4708,1794,pos,0 days 00:52:32.504000,0 days 01:49:29.599000
2024-06-23 13:55:47.097,OnTrack,-6210,-4595,1796,pos,0 days 00:52:32.684000,0 days 01:49:29.779000
2024-06-23 13:55:47.917,OnTrack,-5860,-4067,1804,pos,0 days 00:52:33.504000,0 days 01:49:30.599000
2024-06-23 13:55:48.157,OnTrack,-5731,-3851,1807,pos,0 days 00:52:33.744000,0 days 01:49:30.839000
2024-06-23 13:55:48.477,OnTrack,-5585,-3622,1811,pos,0 days 00:52:34.064000,0 days 01:49:31.159000
2024-06-23 13:55:49.017,OnTrack,-5385,-3329,1816,pos,0 days 00:52:34.604000,0 days 01:49:31.699000
2024-06-23 13:55:49.317,OnTrack,-5312,-3228,1817,pos,0 days 00:52:34.904000,0 days 01:49:31.999000
2024-06-23 13:55:49.496,OnTrack,-5250,-3148,1818,pos,0 days 00:52:35.083000,0 days 01:49:32.178000
2024-06-23 13:55:49.816,OnTrack,-5142,-3031,1819,pos,0 days 00:52:35.403000,0 days 01:49:32.498000
2024-06-23 13:55:49.916,OnTrack,-5107,-3000,1819,pos,0 days 00:52:35.503000,0 days 01:49:32.598000
2024-06-23 13:55:50.256,OnTrack,-4941,-2890,1821,pos,0 days 00:52:35.843000,0 days 01:49:32.938000
2024-06-23 13:55:50.696,OnTrack,-4786,-2844,1824,pos,0 days 00:52:36.283000,0 days 01:49:33.378000
2024-06-23 13:55:50.956,OnTrack,-4716,-2839,1825,pos,0 days 00:52:36.543000,0 days 01:49:33.638000
2024-06-23 13:55:51.236,OnTrack,-4612,-2847,1827,pos,0 days 00:52:36.823000,0 days 01:49:33.918000
2024-06-23 13:55:51.456,OnTrack,-4535,-2867,1828,pos,0 days 00:52:37.043000,0 days 01:49:34.138000
2024-06-23 13:55:51.716,OnTrack,-4419,-2918,1830,pos,0 days 00:52:37.303000,0 days 01:49:34.398000
2024-06-23 13:55:51.977,OnTrack,-4367,-2951,1831,pos,0 days 00:52:37.564000,0 days 01:49:34.659000
2024-06-23 13:55:52.197,OnTrack,-4309,-3000,1833,pos,0 days 00:52:37.784000,0 days 01:49:34.879000
2024-06-23 13:55:52.377,OnTrack,-4285,-3025,1834,pos,0 days 00:52:37.964000,0 days 01:49:35.059000
2024-06-23 13:55:52.657,OnTrack,-4224,-3094,1835,pos,0 days 00:52:38.244000,0 days 01:49:35.339000
2024-06-23 13:55:52.897,OnTrack,-4174,-3165,1835,pos,0 days 00:52:38.484000,0 days 01:49:35.579000
2024-06-23 13:55:53.137,OnTrack,-4113,-3277,1837,pos,0 days 00:52:38.724000,0 days 01:49:35.819000
2024-06-23 13:55:53.537,OnTrack,-4070,-3387,1838,pos,0 days 00:52:39.124000,0 days 01:49:36.219000
2024-06-23 13:55:53.757,OnTrack,-4047,-3476,1838,pos,0 days 00:52:39.344000,0 days 01:49:36.439000
2024-06-23 13:55:53.917,OnTrack,-4036,-3543,1839,pos,0 days 00:52:39.504000,0 days 01:49:36.599000
2024-06-23 13:55:54.037,OnTrack,-4030,-3596,1839,pos,0 days 00:52:39.624000,0 days 01:49:36.719000
2024-06-23 13:55:54.417,OnTrack,-4037,-3811,1839,pos,0 days 00:52:40.004000,0 days 01:49:37.099000
2024-06-23 13:55:54.717,OnTrack,-4058,-3920,1838,pos,0 days 00:52:40.304000,0 days 01:49:37.399000
2024-06-23 13:55:55.037,OnTrack,-4112,-4081,1836,pos,0 days 00:52:40.624000,0 days 01:49:37.719000
2024-06-23 13:55:55.217,OnTrack,-4187,-4229,1834,pos,0 days 00:52:40.804000,0 days 01:49:37.899000
2024-06-23 13:55:55.537,OnTrack,-4250,-4327,1833,pos,0 days 00:52:41.124000,0 days 01:49:38.219000
2024-06-23 13:55:55.717,OnTrack,-4310,-4415,1830,pos,0 days 00:52:41.304000,0 days 01:49:38.399000
2024-06-23 13:55:55.937,OnTrack,-4387,-4522,1828,pos,0 days 00:52:41.524000,0 days 01:49:38.619000
2024-06-23 13:55:56.116,OnTrack,-4452,-4611,1826,pos,0 days 00:52:41.703000,0 days 01:49:38.798000
2024-06-23 13:55:56.496,OnTrack,-4594,-4806,1821,pos,0 days 00:52:42.083000,0 days 01:49:39.178000
2024-06-23 13:55:56.656,OnTrack,-4655,-4890,1819,pos,0 days 00:52:42.243000,0 days 01:49:39.338000
2024-06-23 13:55:56.816,OnTrack,-4717,-4975,1817,pos,0 days 00:52:42.403000,0 days 01:49:39.498000
2024-06-23 13:55:57.056,OnTrack,-4810,-5102,1815,pos,0 days 00:52:42.643000,0 days 01:49:39.738000
2024-06-23 13:55:57.296,OnTrack,-4953,-5301,1809,pos,0 days 00:52:42.883000,0 days 01:49:39.978000
2024-06-23 13:55:57.556,OnTrack,-4992,-5358,1807,pos,0 days 00:52:43.143000,0 days 01:49:40.238000
2024-06-23 13:55:57.836,OnTrack,-5072,-5481,1803,pos,0 days 00:52:43.423000,0 days 01:49:40.518000
2024-06-23 13:55:58.096,OnTrack,-5148,-5621,1798,pos,0 days 00:52:43.683000,0 days 01:49:40.778000
2024-06-23 13:55:58.496,OnTrack,-5192,-5728,1794,pos,0 days 00:52:44.083000,0 days 01:49:41.178000
2024-06-23 13:55:58.757,OnTrack,-5220,-5836,1788,pos,0 days 00:52:44.344000,0 days 01:49:41.439000
2024-06-23 13:55:59.137,OnTrack,-5227,-5939,1784,pos,0 days 00:52:44.724000,0 days 01:49:41.819000
2024-06-23 13:55:59.397,OnTrack,-5214,-6016,1779,pos,0 days 00:52:44.984000,0 days 01:49:42.079000
2024-06-23 13:55:59.617,OnTrack,-5170,-6109,1773,pos,0 days 00:52:45.204000,0 days 01:49:42.299000
2024-06-23 13:55:59.897,OnTrack,-5146,-6140,1770,pos,0 days 00:52:45.484000,0 days 01:49:42.579000
2024-06-23 13:56:00.117,OnTrack,-5101,-6181,1768,pos,0 days 00:52:45.704000,0 days 01:49:42.799000
2024-06-23 13:56:00.317,OnTrack,-5056,-6210,1768,pos,0 days 00:52:45.904000,0 days 01:49:42.999000
2024-06-23 13:56:00.537,OnTrack,-5002,-6232,1763,pos,0 days 00:52:46.124000,0 days 01:49:43.219000
2024-06-23 13:56:00.737,OnTrack,-4952,-6245,1761,pos,0 days 00:52:46.324000,0 days 01:49:43.419000
2024-06-23 13:56:00.997,OnTrack,-4883,-6251,1756,pos,0 days 00:52:46.584000,0 days 01:49:43.679000
2024-06-23 13:56:01.097,OnTrack,-4857,-6251,1755,pos,0 days 00:52:46.684000,0 days 01:49:43.779000
2024-06-23 13:56:01.337,OnTrack,-4791,-6245,1751,pos,0 days 00:52:46.924000,0 days 01:49:44.019000
2024-06-23 13:56:01.537,OnTrack,-4736,-6235,1747,pos,0 days 00:52:47.124000,0 days 01:49:44.219000
2024-06-23 13:56:01.817,OnTrack,-4620,-6199,1739,pos,0 days 00:52:47.404000,0 days 01:49:44.499000
2024-06-23 13:56:02.297,OnTrack,-4511,-6151,1732,pos,0 days 00:52:47.884000,0 days 01:49:44.979000
2024-06-23 13:56:02.916,OnTrack,-4266,-6022,1716,pos,0 days 00:52:48.503000,0 days 01:49:45.598000
2024-06-23 13:56:03.316,OnTrack,-4137,-5952,1707,pos,0 days 00:52:48.903000,0 days 01:49:45.998000
2024-06-23 13:56:03.536,OnTrack,-4042,-5902,1701,pos,0 days 00:52:49.123000,0 days 01:49:46.218000
2024-06-23 13:56:03.756,OnTrack,-3904,-5836,1693,pos,0 days 00:52:49.343000,0 days 01:49:46.438000
2024-06-23 13:56:03.976,OnTrack,-3796,-5787,1687,pos,0 days 00:52:49.563000,0 days 01:49:46.658000
2024-06-23 13:56:04.176,OnTrack,-3630,-5718,1678,pos,0 days 00:52:49.763000,0 days 01:49:46.858000
2024-06-23 13:56:04.576,OnTrack,-3402,-5618,1669,pos,0 days 00:52:50.163000,0 days 01:49:47.258000
2024-06-23 13:56:04.856,OnTrack,-3325,-5580,1666,pos,0 days 00:52:50.443000,0 days 01:49:47.538000
2024-06-23 13:56:05.197,OnTrack,-3129,-5465,1659,pos,0 days 00:52:50.784000,0 days 01:49:47.879000
2024-06-23 13:56:05.397,OnTrack,-2970,-5349,1655,pos,0 days 00:52:50.984000,0 days 01:49:48.079000
2024-06-23 13:56:05.817,OnTrack,-2752,-5149,1651,pos,0 days 00:52:51.404000,0 days 01:49:48.499000
2024-06-23 13:56:06.177,OnTrack,-2651,-5034,1650,pos,0 days 00:52:51.764000,0 days 01:49:48.859000
2024-06-23 13:56:06.457,OnTrack,-2530,-4878,1651,pos,0 days 00:52:52.044000,0 days 01:49:49.139000
2024-06-23 13:56:06.677,OnTrack,-2416,-4716,1651,pos,0 days 00:52:52.264000,0 days 01:49:49.359000
2024-06-23 13:56:07.037,OnTrack,-2302,-4551,1653,pos,0 days 00:52:52.624000,0 days 01:49:49.719000
2024-06-23 13:56:07.237,OnTrack,-2201,-4399,1656,pos,0 days 00:52:52.824000,0 days 01:49:49.919000
2024-06-23 13:56:07.597,OnTrack,-2143,-4298,1660,pos,0 days 00:52:53.184000,0 days 01:49:50.279000
2024-06-23 13:56:07.837,OnTrack,-2112,-4214,1661,pos,0 days 00:52:53.424000,0 days 01:49:50.519000
2024-06-23 13:56:08.137,OnTrack,-2088,-4088,1662,pos,0 days 00:52:53.724000,0 days 01:49:50.819000
2024-06-23 13:56:08.237,OnTrack,-2085,-4046,1664,pos,0 days 00:52:53.824000,0 days 01:49:50.919000
2024-06-23 13:56:08.457,OnTrack,-2083,-3957,1666,pos,0 days 00:52:54.044000,0 days 01:49:51.139000
2024-06-23 13:56:08.737,OnTrack,-2095,-3835,1672,pos,0 days 00:52:54.324000,0 days 01:49:51.419000
2024-06-23 13:56:09.017,OnTrack,-2120,-3751,1677,pos,0 days 00:52:54.604000,0 days 01:49:51.699000
2024-06-23 13:56:09.296,OnTrack,-2169,-3663,1681,pos,0 days 00:52:54.883000,0 days 01:49:51.978000
2024-06-23 13:56:09.576,OnTrack,-2268,-3561,1687,pos,0 days 00:52:55.163000,0 days 01:49:52.258000
2024-06-23 13:56:09.896,OnTrack,-2335,-3509,1690,pos,0 days 00:52:55.483000,0 days 01:49:52.578000
2024-06-23 13:56:10.096,OnTrack,-2401,-3463,1694,pos,0 days 00:52:55.683000,0 days 01:49:52.778000
2024-06-23 13:56:10.416,OnTrack,-2507,-3382,1701,pos,0 days 00:52:56.003000,0 days 01:49:53.098000
2024-06-23 13:56:10.616,OnTrack,-2585,-3312,1708,pos,0 days 00:52:56.203000,0 days 01:49:53.298000
2024-06-23 13:56:10.936,OnTrack,-2671,-3214,1717,pos,0 days 00:52:56.523000,0 days 01:49:53.618000
2024-06-23 13:56:11.236,OnTrack,-2752,-3090,1728,pos,0 days 00:52:56.823000,0 days 01:49:53.918000
2024-06-23 13:56:11.296,OnTrack,-2766,-3063,1729,pos,0 days 00:52:56.883000,0 days 01:49:53.978000
2024-06-23 13:56:11.516,OnTrack,-2818,-2958,1737,pos,0 days 00:52:57.103000,0 days 01:49:54.198000
2024-06-23 13:56:11.857,OnTrack,-2900,-2777,1748,pos,0 days 00:52:57.444000,0 days 01:49:54.539000
2024-06-23 13:56:12.077,OnTrack,-2952,-2666,1755,pos,0 days 00:52:57.664000,0 days 01:49:54.759000
2024-06-23 13:56:12.137,OnTrack,-2967,-2634,1757,pos,0 days 00:52:57.724000,0 days 01:49:54.819000
2024-06-23 13:56:12.357,OnTrack,-3019,-2526,1766,pos,0 days 00:52:57.944000,0 days 01:49:55.039000
2024-06-23 13:56:12.597,OnTrack,-3082,-2393,1775,pos,0 days 00:52:58.184000,0 days 01:49:55.279000
2024-06-23 13:56:12.877,OnTrack,-3159,-2231,1785,pos,0 days 00:52:58.464000,0 days 01:49:55.559000
2024-06-23 13:56:13.097,OnTrack,-3219,-2104,1794,pos,0 days 00:52:58.684000,0 days 01:49:55.779000
2024-06-23 13:56:13.277,OnTrack,-3270,-1998,1801,pos,0 days 00:52:58.864000,0 days 01:49:55.959000
2024-06-23 13:56:13.477,OnTrack,-3328,-1878,1808,pos,0 days 00:52:59.064000,0 days 01:49:56.159000
2024-06-23 13:56:13.737,OnTrack,-3431,-1644,1824,pos,0 days 00:52:59.324000,0 days 01:49:56.419000
2024-06-23 13:56:14.057,OnTrack,-3472,-1518,1831,pos,0 days 00:52:59.644000,0 days 01:49:56.739000
2024-06-23 13:56:14.237,OnTrack,-3496,-1405,1838,pos,0 days 00:52:59.824000,0 days 01:49:56.919000
2024-06-23 13:56:14.597,OnTrack,-3501,-1113,1849,pos,0 days 00:53:00.184000,0 days 01:49:57.279000
2024-06-23 13:56:14.837,OnTrack,-3490,-1025,1853,pos,0 days 00:53:00.424000,0 days 01:49:57.519000
2024-06-23 13:56:15.117,OnTrack,-3454,-854,1859,pos,0 days 00:53:00.704000,0 days 01:49:57.799000
2024-06-23 13:56:15.437,OnTrack,-3371,-635,1866,pos,0 days 00:53:01.024000,0 days 01:49:58.119000
2024-06-23 13:56:15.836,OnTrack,-3219,-405,1872,pos,0 days 00:53:01.423000,0 days 01:49:58.518000
2024-06-23 13:56:16.096,OnTrack,-3126,-323,1874,pos,0 days 00:53:01.683000,0 days 01:49:58.778000
2024-06-23 13:56:16.276,OnTrack,-3027,-261,1875,pos,0 days 00:53:01.863000,0 days 01:49:58.958000
2024-06-23 13:56:16.516,OnTrack,-2882,-194,1874,pos,0 days 00:53:02.103000,0 days 01:49:59.198000
2024-06-23 13:56:16.796,OnTrack,-2633,-95,1871,pos,0 days 00:53:02.383000,0 days 01:49:59.478000
2024-06-23 13:56:17.116,OnTrack,-2508,-41,1870,pos,0 days 00:53:02.703000,0 days 01:49:59.798000
2024-06-23 13:56:17.376,OnTrack,-2258,75,1867,pos,0 days 00:53:02.963000,0 days 01:50:00.058000
2024-06-23 13:56:17.836,OnTrack,-2053,172,1864,pos,0 days 00:53:03.423000,0 days 01:50:00.518000
2024-06-23 13:56:18.016,OnTrack,-1937,227,1862,pos,0 days 00:53:03.603000,0 days 01:50:00.698000
2024-06-23 13:56:18.297,OnTrack,-1740,320,1860,pos,0 days 00:53:03.884000,0 days 01:50:00.979000
2024-06-23 13:56:18.377,OnTrack,-1687,345,1859,pos,0 days 00:53:03.964000,0 days 01:50:01.059000
2024-06-23 13:56:18.597,OnTrack,-1540,414,1858,pos,0 days 00:53:04.184000,0 days 01:50:01.279000
2024-06-23 13:56:18.837,OnTrack,-1379,491,1855,pos,0 days 00:53:04.424000,0 days 01:50:01.519000
2024-06-23 13:56:18.997,OnTrack,-1284,537,1854,pos,0 days 00:53:04.584000,0 days 01:50:01.679000
2024-06-23 13:56:19.277,OnTrack,-1096,630,1852,pos,0 days 00:53:04.864000,0 days 01:50:01.959000
2024-06-23 13:56:19.377,OnTrack,-1028,665,1851,pos,0 days 00:53:04.964000,0 days 01:50:02.059000
2024-06-23 13:56:19.697,OnTrack,-811,780,1848,pos,0 days 00:53:05.284000,0 days 01:50:02.379000
2024-06-23 13:56:19.957,OnTrack,-591,897,1845,pos,0 days 00:53:05.544000,0 days 01:50:02.639000
2024-06-23 13:56:20.177,OnTrack,-481,956,1843,pos,0 days 00:53:05.764000,0 days 01:50:02.859000
2024-06-23 13:56:20.417,OnTrack,-314,1045,1841,pos,0 days 00:53:06.004000,0 days 01:50:03.099000
2024-06-23 13:56:20.617,OnTrack,-174,1120,1839,pos,0 days 00:53:06.204000,0 days 01:50:03.299000
2024-06-23 13:56:20.977,OnTrack,79,1255,1836,pos,0 days 00:53:06.564000,0 days 01:50:03.659000
2024-06-23 13:56:21.137,OnTrack,193,1315,1834,pos,0 days 00:53:06.724000,0 days 01:50:03.819000
2024-06-23 13:56:21.377,OnTrack,348,1396,1832,pos,0 days 00:53:06.964000,0 days 01:50:04.059000
2024-06-23 13:56:21.537,OnTrack,512,1476,1830,pos,0 days 00:53:07.124000,0 days 01:50:04.219000
2024-06-23 13:56:21.957,OnTrack,757,1580,1827,pos,0 days 00:53:07.544000,0 days 01:50:04.639000
2024-06-23 13:56:22.157,OnTrack,878,1629,1826,pos,0 days 00:53:07.744000,0 days 01:50:04.839000
2024-06-23 13:56:22.297,OnTrack,955,1660,1824,pos,0 days 00:53:07.884000,0 days 01:50:04.979000
2024-06-23 13:56:22.516,OnTrack,1119,1729,1823,pos,0 days 00:53:08.103000,0 days 01:50:05.198000
2024-06-23 13:56:22.836,OnTrack,1200,1769,1822,pos,0 days 00:53:08.423000,0 days 01:50:05.518000
2024-06-23 13:56:23.236,OnTrack,1332,1857,1820,pos,0 days 00:53:08.823000,0 days 01:50:05.918000
2024-06-23 13:56:23.276,OnTrack,1343,1867,1820,pos,0 days 00:53:08.863000,0 days 01:50:05.958000
2024-06-23 13:56:23.536,OnTrack,1405,1936,1819,pos,0 days 00:53:09.123000,0 days 01:50:06.218000
2024-06-23 13:56:23.696,OnTrack,1432,1983,1818,pos,0 days 00:53:09.283000,0 days 01:50:06.378000
2024-06-23 13:56:23.936,OnTrack,1457,2059,1818,pos,0 days 00:53:09.523000,0 days 01:50:06.618000
2024-06-23 13:56:24.236,OnTrack,1463,2157,1817,pos,0 days 00:53:09.823000,0 days 01:50:06.918000
2024-06-23 13:56:24.316,OnTrack,1460,2183,1817,pos,0 days 00:53:09.903000,0 days 01:50:06.998000
2024-06-23 13:56:24.696,OnTrack,1417,2325,1819,pos,0 days 00:53:10.283000,0 days 01:50:07.378000
2024-06-23 13:56:25.037,OnTrack,1379,2391,1821,pos,0 days 00:53:10.624000,0 days 01:50:07.719000
2024-06-23 13:56:25.297,OnTrack,1335,2450,1823,pos,0 days 00:53:10.884000,0 days 01:50:07.979000
2024-06-23 13:56:25.337,OnTrack,1328,2459,1823,pos,0 days 00:53:10.924000,0 days 01:50:08.019000
2024-06-23 13:56:25.597,OnTrack,1282,2507,1825,pos,0 days 00:53:11.184000,0 days 01:50:08.279000
2024-06-23 13:56:25.817,OnTrack,1236,2544,1826,pos,0 days 00:53:11.404000,0 days 01:50:08.499000
2024-06-23 13:56:26.057,OnTrack,1145,2597,1828,pos,0 days 00:53:11.644000,0 days 01:50:08.739000
2024-06-23 13:56:26.477,OnTrack,1070,2624,1830,pos,0 days 00:53:12.064000,0 days 01:50:09.159000
2024-06-23 13:56:26.717,OnTrack,962,2648,1832,pos,0 days 00:53:12.304000,0 days 01:50:09.399000
2024-06-23 13:56:27.077,OnTrack,838,2659,1835,pos,0 days 00:53:12.664000,0 days 01:50:09.759000
2024-06-23 13:56:27.477,OnTrack,745,2657,1837,pos,0 days 00:53:13.064000,0 days 01:50:10.159000
2024-06-23 13:56:27.717,OnTrack,653,2646,1839,pos,0 days 00:53:13.304000,0 days 01:50:10.399000
2024-06-23 13:56:27.877,OnTrack,590,2633,1840,pos,0 days 00:53:13.464000,0 days 01:50:10.559000
2024-06-23 13:56:28.037,OnTrack,524,2616,1842,pos,0 days 00:53:13.624000,0 days 01:50:10.719000
2024-06-23 13:56:28.397,OnTrack,373,2556,1847,pos,0 days 00:53:13.984000,0 days 01:50:11.079000
2024-06-23 13:56:28.457,OnTrack,347,2543,1849,pos,0 days 00:53:14.044000,0 days 01:50:11.139000
2024-06-23 13:56:28.737,OnTrack,227,2474,1855,pos,0 days 00:53:14.324000,0 days 01:50:11.419000
2024-06-23 13:56:29.016,OnTrack,97,2386,1862,pos,0 days 00:53:14.603000,0 days 01:50:11.698000
2024-06-23 13:56:29.276,OnTrack,-8,2311,1867,pos,0 days 00:53:14.863000,0 days 01:50:11.958000
2024-06-23 13:56:29.456,OnTrack,-83,2264,1871,pos,0 days 00:53:15.043000,0 days 01:50:12.138000
2024-06-23 13:56:29.696,OnTrack,-195,2207,1875,pos,0 days 00:53:15.283000,0 days 01:50:12.378000
2024-06-23 13:56:29.936,OnTrack,-363,2148,1881,pos,0 days 00:53:15.523000,0 days 01:50:12.618000
2024-06-23 13:56:30.456,OnTrack,-520,2124,1888,pos,0 days 00:53:16.043000,0 days 01:50:13.138000
2024-06-23 13:56:30.656,OnTrack,-597,2123,1892,pos,0 days 00:53:16.243000,0 days 01:50:13.338000
2024-06-23 13:56:30.856,OnTrack,-704,2136,1898,pos,0 days 00:53:16.443000,0 days 01:50:13.538000
2024-06-23 13:56:31.116,OnTrack,-757,2150,1900,pos,0 days 00:53:16.703000,0 days 01:50:13.798000
2024-06-23 13:56:31.477,OnTrack,-888,2224,1906,pos,0 days 00:53:17.064000,0 days 01:50:14.159000
2024-06-23 13:56:31.797,OnTrack,-941,2279,1908,pos,0 days 00:53:17.384000,0 days 01:50:14.479000
2024-06-23 13:56:32.057,OnTrack,-983,2340,1909,pos,0 days 00:53:17.644000,0 days 01:50:14.739000
2024-06-23 13:56:32.257,OnTrack,-1010,2393,1910,pos,0 days 00:53:17.844000,0 days 01:50:14.939000
2024-06-23 13:56:32.397,OnTrack,-1024,2432,1911,pos,0 days 00:53:17.984000,0 days 01:50:15.079000
2024-06-23 13:56:32.637,OnTrack,-1041,2500,1913,pos,0 days 00:53:18.224000,0 days 01:50:15.319000
2024-06-23 13:56:32.857,OnTrack,-1050,2595,1914,pos,0 days 00:53:18.444000,0 days 01:50:15.539000
2024-06-23 13:56:33.317,OnTrack,-1042,2705,1916,pos,0 days 00:53:18.904000,0 days 01:50:15.999000
2024-06-23 13:56:33.477,OnTrack,-1033,2754,1916,pos,0 days 00:53:19.064000,0 days 01:50:16.159000
2024-06-23 13:56:33.717,OnTrack,-999,2861,1917,pos,0 days 00:53:19.304000,0 days 01:50:16.399000
2024-06-23 13:56:34.117,OnTrack,-956,2954,1920,pos,0 days 00:53:19.704000,0 days 01:50:16.799000
2024-06-23 13:56:34.337,OnTrack,-915,3021,1921,pos,0 days 00:53:19.924000,0 days 01:50:17.019000
2024-06-23 13:56:34.517,OnTrack,-834,3127,1922,pos,0 days 00:53:20.104000,0 days 01:50:17.199000
2024-06-23 13:56:34.877,OnTrack,-764,3200,1923,pos,0 days 00:53:20.464000,0 days 01:50:17.559000
2024-06-23 13:56:35.097,OnTrack,-695,3262,1922,pos,0 days 00:53:20.684000,0 days 01:50:17.779000
2024-06-23 13:56:35.397,OnTrack,-591,3348,1922,pos,0 days 00:53:20.984000,0 days 01:50:18.079000
2024-06-23 13:56:35.616,OnTrack,-510,3411,1921,pos,0 days 00:53:21.203000,0 days 01:50:18.298000
2024-06-23 13:56:35.816,OnTrack,-415,3484,1919,pos,0 days 00:53:21.403000,0 days 01:50:18.498000
2024-06-23 13:56:36.196,OnTrack,-225,3643,1915,pos,0 days 00:53:21.783000,0 days 01:50:18.878000
2024-06-23 13:56:36.536,OnTrack,-130,3725,1912,pos,0 days 00:53:22.123000,0 days 01:50:19.218000
2024-06-23 13:56:36.816,OnTrack,-3,3831,1907,pos,0 days 00:53:22.403000,0 days 01:50:19.498000
2024-06-23 13:56:36.996,OnTrack,131,3935,1902,pos,0 days 00:53:22.583000,0 days 01:50:19.678000
2024-06-23 13:56:37.376,OnTrack,276,4029,1894,pos,0 days 00:53:22.963000,0 days 01:50:20.058000
2024-06-23 13:56:37.516,OnTrack,354,4067,1891,pos,0 days 00:53:23.103000,0 days 01:50:20.198000
2024-06-23 13:56:37.856,OnTrack,560,4128,1882,pos,0 days 00:53:23.443000,0 days 01:50:20.538000
2024-06-23 13:56:38.077,OnTrack,766,4137,1871,pos,0 days 00:53:23.664000,0 days 01:50:20.759000
2024-06-23 13:56:38.437,OnTrack,949,4110,1861,pos,0 days 00:53:24.024000,0 days 01:50:21.119000
2024-06-23 13:56:38.497,OnTrack,987,4101,1858,pos,0 days 00:53:24.084000,0 days 01:50:21.179000
2024-06-23 13:56:38.737,OnTrack,1126,4055,1850,pos,0 days 00:53:24.324000,0 days 01:50:21.419000
2024-06-23 13:56:39.037,OnTrack,1384,3934,1834,pos,0 days 00:53:24.624000,0 days 01:50:21.719000
2024-06-23 13:56:39.437,OnTrack,1550,3837,1825,pos,0 days 00:53:25.024000,0 days 01:50:22.119000
2024-06-23 13:56:39.637,OnTrack,1668,3762,1818,pos,0 days 00:53:25.224000,0 days 01:50:22.319000
2024-06-23 13:56:39.857,OnTrack,1799,3678,1810,pos,0 days 00:53:25.444000,0 days 01:50:22.539000
2024-06-23 13:56:40.137,OnTrack,2003,3547,1798,pos,0 days 00:53:25.724000,0 days 01:50:22.819000
2024-06-23 13:56:40.437,OnTrack,2150,3454,1790,pos,0 days 00:53:26.024000,0 days 01:50:23.119000
2024-06-23 13:56:40.757,OnTrack,2422,3265,1776,pos,0 days 00:53:26.344000,0 days 01:50:23.439000
2024-06-23 13:56:41.077,OnTrack,2519,3184,1770,pos,0 days 00:53:26.664000,0 days 01:50:23.759000
2024-06-23 13:56:41.337,OnTrack,2621,3084,1765,pos,0 days 00:53:26.924000,0 days 01:50:24.019000
2024-06-23 13:56:41.517,OnTrack,2732,2946,1759,pos,0 days 00:53:27.104000,0 days 01:50:24.199000
2024-06-23 13:56:41.937,OnTrack,2841,2704,1751,pos,0 days 00:53:27.524000,0 days 01:50:24.619000
2024-06-23 13:56:42.296,OnTrack,2875,2541,1746,pos,0 days 00:53:27.883000,0 days 01:50:24.978000
2024-06-23 13:56:42.576,OnTrack,2884,2365,1743,pos,0 days 00:53:28.163000,0 days 01:50:25.258000
2024-06-23 13:56:42.736,OnTrack,2856,2171,1738,pos,0 days 00:53:28.323000,0 days 01:50:25.418000
2024-06-23 13:56:43.156,OnTrack,2798,1996,1736,pos,0 days 00:53:28.743000,0 days 01:50:25.838000
2024-06-23 13:56:43.316,OnTrack,2749,1891,1734,pos,0 days 00:53:28.903000,0 days 01:50:25.998000
2024-06-23 13:56:43.476,OnTrack,2697,1795,1733,pos,0 days 00:53:29.063000,0 days 01:50:26.158000
2024-06-23 13:56:43.796,OnTrack,2529,1525,1728,pos,0 days 00:53:29.383000,0 days 01:50:26.478000
2024-06-23 13:56:44.176,OnTrack,2437,1384,1726,pos,0 days 00:53:29.763000,0 days 01:50:26.858000
2024-06-23 13:56:44.336,OnTrack,2375,1290,1724,pos,0 days 00:53:29.923000,0 days 01:50:27.018000
2024-06-23 13:56:44.496,OnTrack,2312,1194,1723,pos,0 days 00:53:30.083000,0 days 01:50:27.178000
2024-06-23 13:56:44.857,OnTrack,2107,878,1717,pos,0 days 00:53:30.444000,0 days 01:50:27.539000
2024-06-23 13:56:45.297,OnTrack,1946,630,1713,pos,0 days 00:53:30.884000,0 days 01:50:27.979000
2024-06-23 13:56:45.677,OnTrack,1798,404,1710,pos,0 days 00:53:31.264000,0 days 01:50:28.359000
2024-06-23 13:56:46.077,OnTrack,1685,230,1708,pos,0 days 00:53:31.664000,0 days 01:50:28.759000
2024-06-23 13:56:46.317,OnTrack,1592,85,1707,pos,0 days 00:53:31.904000,0 days 01:50:28.999000
2024-06-23 13:56:46.517,OnTrack,1507,-47,1707,pos,0 days 00:53:32.104000,0 days 01:50:29.199000
2024-06-23 13:56:46.617,OnTrack,1465,-113,1708,pos,0 days 00:53:32.204000,0 days 01:50:29.299000
2024-06-23 13:56:46.877,OnTrack,1355,-284,1707,pos,0 days 00:53:32.464000,0 days 01:50:29.559000
2024-06-23 13:56:47.077,OnTrack,1270,-417,1707,pos,0 days 00:53:32.664000,0 days 01:50:29.759000
2024-06-23 13:56:47.297,OnTrack,1116,-659,1708,pos,0 days 00:53:32.884000,0 days 01:50:29.979000
2024-06-23 13:56:47.617,OnTrack,1039,-781,1708,pos,0 days 00:53:33.204000,0 days 01:50:30.299000
2024-06-23 13:56:47.857,OnTrack,935,-943,1708,pos,0 days 00:53:33.444000,0 days 01:50:30.539000
2024-06-23 13:56:48.137,OnTrack,762,-1217,1708,pos,0 days 00:53:33.724000,0 days 01:50:30.819000
2024-06-23 13:56:48.417,OnTrack,693,-1326,1707,pos,0 days 00:53:34.004000,0 days 01:50:31.099000
2024-06-23 13:56:48.776,OnTrack,491,-1643,1708,pos,0 days 00:53:34.363000,0 days 01:50:31.458000
2024-06-23 13:56:49.076,OnTrack,404,-1781,1708,pos,0 days 00:53:34.663000,0 days 01:50:31.758000
2024-06-23 13:56:49.296,OnTrack,307,-1934,1708,pos,0 days 00:53:34.883000,0 days 01:50:31.978000
2024-06-23 13:56:49.556,OnTrack,192,-2115,1708,pos,0 days 00:53:35.143000,0 days 01:50:32.238000
2024-06-23 13:56:49.776,OnTrack,95,-2268,1708,pos,0 days 00:53:35.363000,0 days 01:50:32.458000
2024-06-23 13:56:49.996,OnTrack,-3,-2422,1707,pos,0 days 00:53:35.583000,0 days 01:50:32.678000
2024-06-23 13:56:50.236,OnTrack,-111,-2590,1706,pos,0 days 00:53:35.823000,0 days 01:50:32.918000
2024-06-23 13:56:50.476,OnTrack,-275,-2839,1704,pos,0 days 00:53:36.063000,0 days 01:50:33.158000
2024-06-23 13:56:50.716,OnTrack,-330,-2923,1703,pos,0 days 00:53:36.303000,0 days 01:50:33.398000
2024-06-23 13:56:50.956,OnTrack,-441,-3089,1701,pos,0 days 00:53:36.543000,0 days 01:50:33.638000
2024-06-23 13:56:51.277,OnTrack,-626,-3367,1697,pos,0 days 00:53:36.864000,0 days 01:50:33.959000
2024-06-23 13:56:51.657,OnTrack,-774,-3589,1693,pos,0 days 00:53:37.244000,0 days 01:50:34.339000
2024-06-23 13:56:51.877,OnTrack,-923,-3811,1688,pos,0 days 00:53:37.464000,0 days 01:50:34.559000
2024-06-23 13:56:52.177,OnTrack,-1007,-3936,1685,pos,0 days 00:53:37.764000,0 days 01:50:34.859000
2024-06-23 13:56:52.537,OnTrack,-1176,-4187,1679,pos,0 days 00:53:38.124000,0 days 01:50:35.219000
2024-06-23 13:56:52.717,OnTrack,-1260,-4313,1675,pos,0 days 00:53:38.304000,0 days 01:50:35.399000
2024-06-23 13:56:52.937,OnTrack,-1410,-4536,1668,pos,0 days 00:53:38.524000,0 days 01:50:35.619000
2024-06-23 13:56:53.237,OnTrack,-1504,-4675,1664,pos,0 days 00:53:38.824000,0 days 01:50:35.919000
2024-06-23 13:56:53.537,OnTrack,-1643,-4885,1658,pos,0 days 00:53:39.124000,0 days 01:50:36.219000
2024-06-23 13:56:53.757,OnTrack,-1760,-5070,1654,pos,0 days 00:53:39.344000,0 days 01:50:36.439000
2024-06-23 13:56:54.157,OnTrack,-1916,-5330,1649,pos,0 days 00:53:39.744000,0 days 01:50:36.839000
2024-06-23 13:56:54.317,OnTrack,-2025,-5522,1646,pos,0 days 00:53:39.904000,0 days 01:50:36.999000
2024-06-23 13:56:54.617,OnTrack,-2108,-5669,1643,pos,0 days 00:53:40.204000,0 days 01:50:37.299000
2024-06-23 13:56:54.877,OnTrack,-2214,-5861,1641,pos,0 days 00:53:40.464000,0 days 01:50:37.559000
2024-06-23 13:56:55.177,OnTrack,-2378,-6153,1637,pos,0 days 00:53:40.764000,0 days 01:50:37.859000
2024-06-23 13:56:55.516,OnTrack,-2455,-6283,1635,pos,0 days 00:53:41.103000,0 days 01:50:38.198000
2024-06-23 13:56:55.796,OnTrack,-2590,-6493,1633,pos,0 days 00:53:41.383000,0 days 01:50:38.478000
2024-06-23 13:56:56.136,OnTrack,-2665,-6593,1631,pos,0 days 00:53:41.723000,0 days 01:50:38.818000
2024-06-23 13:56:56.376,OnTrack,-2772,-6721,1629,pos,0 days 00:53:41.963000,0 days 01:50:39.058000
2024-06-23 13:56:56.796,OnTrack,-2858,-6809,1627,pos,0 days 00:53:42.383000,0 days 01:50:39.478000
2024-06-23 13:56:56.996,OnTrack,-2919,-6861,1625,pos,0 days 00:53:42.583000,0 days 01:50:39.678000
2024-06-23 13:56:57.196,OnTrack,-2980,-6905,1624,pos,0 days 00:53:42.783000,0 days 01:50:39.878000
2024-06-23 13:56:57.376,OnTrack,-3036,-6938,1623,pos,0 days 00:53:42.963000,0 days 01:50:40.058000
2024-06-23 13:56:57.596,OnTrack,-3107,-6969,1623,pos,0 days 00:53:43.183000,0 days 01:50:40.278000
2024-06-23 13:56:57.817,OnTrack,-3188,-6989,1623,pos,0 days 00:53:43.404000,0 days 01:50:40.499000
2024-06-23 13:56:57.977,OnTrack,-3244,-6994,1625,pos,0 days 00:53:43.564000,0 days 01:50:40.659000
2024-06-23 13:56:58.137,OnTrack,-3299,-6992,1625,pos,0 days 00:53:43.724000,0 days 01:50:40.819000
2024-06-23 13:56:58.337,OnTrack,-3361,-6983,1626,pos,0 days 00:53:43.924000,0 days 01:50:41.019000
2024-06-23 13:56:58.557,OnTrack,-3436,-6963,1628,pos,0 days 00:53:44.144000,0 days 01:50:41.239000
2024-06-23 13:56:58.857,OnTrack,-3584,-6901,1631,pos,0 days 00:53:44.444000,0 days 01:50:41.539000
2024-06-23 13:56:59.217,OnTrack,-3660,-6865,1632,pos,0 days 00:53:44.804000,0 days 01:50:41.899000
2024-06-23 13:56:59.557,OnTrack,-3815,-6800,1635,pos,0 days 00:53:45.144000,0 days 01:50:42.239000
2024-06-23 13:56:59.937,OnTrack,-3938,-6771,1638,pos,0 days 00:53:45.524000,0 days 01:50:42.619000
2024-06-23 13:57:00.177,OnTrack,-4041,-6769,1643,pos,0 days 00:53:45.764000,0 days 01:50:42.859000
2024-06-23 13:57:00.437,OnTrack,-4154,-6791,1647,pos,0 days 00:53:46.024000,0 days 01:50:43.119000
2024-06-23 13:57:00.717,OnTrack,-4273,-6835,1653,pos,0 days 00:53:46.304000,0 days 01:50:43.399000
2024-06-23 13:57:00.897,OnTrack,-4347,-6871,1657,pos,0 days 00:53:46.484000,0 days 01:50:43.579000
2024-06-23 13:57:01.177,OnTrack,-4470,-6944,1664,pos,0 days 00:53:46.764000,0 days 01:50:43.859000
2024-06-23 13:57:01.457,OnTrack,-4535,-6987,1668,pos,0 days 00:53:47.044000,0 days 01:50:44.139000
2024-06-23 13:57:01.777,OnTrack,-4668,-7082,1675,pos,0 days 00:53:47.364000,0 days 01:50:44.459000
2024-06-23 13:57:01.996,OnTrack,-4828,-7190,1684,pos,0 days 00:53:47.583000,0 days 01:50:44.678000
2024-06-23 13:57:02.256,OnTrack,-4884,-7226,1687,pos,0 days 00:53:47.843000,0 days 01:50:44.938000
2024-06-23 13:57:02.616,OnTrack,-5066,-7327,1696,pos,0 days 00:53:48.203000,0 days 01:50:45.298000
2024-06-23 13:57:02.796,OnTrack,-5163,-7370,1700,pos,0 days 00:53:48.383000,0 days 01:50:45.478000
2024-06-23 13:57:03.036,OnTrack,-5298,-7416,1706,pos,0 days 00:53:48.623000,0 days 01:50:45.718000
2024-06-23 13:57:03.216,OnTrack,-5404,-7440,1711,pos,0 days 00:53:48.803000,0 days 01:50:45.898000
2024-06-23 13:57:03.436,OnTrack,-5534,-7454,1716,pos,0 days 00:53:49.023000,0 days 01:50:46.118000
2024-06-23 13:57:03.636,OnTrack,-5651,-7453,1721,pos,0 days 00:53:49.223000,0 days 01:50:46.318000
2024-06-23 13:57:03.716,OnTrack,-5697,-7450,1724,pos,0 days 00:53:49.303000,0 days 01:50:46.398000
2024-06-23 13:57:03.996,OnTrack,-5856,-7424,1730,pos,0 days 00:53:49.583000,0 days 01:50:46.678000
2024-06-23 13:57:04.196,OnTrack,-5965,-7393,1734,pos,0 days 00:53:49.783000,0 days 01:50:46.878000
2024-06-23 13:57:04.457,OnTrack,-6109,-7335,1740,pos,0 days 00:53:50.044000,0 days 01:50:47.139000
2024-06-23 13:57:04.657,OnTrack,-6207,-7281,1743,pos,0 days 00:53:50.244000,0 days 01:50:47.339000
2024-06-23 13:57:04.817,OnTrack,-6333,-7189,1749,pos,0 days 00:53:50.404000,0 days 01:50:47.499000
2024-06-23 13:57:05.317,OnTrack,-6475,-7039,1755,pos,0 days 00:53:50.904000,0 days 01:50:47.999000
2024-06-23 13:57:05.517,OnTrack,-6561,-6909,1759,pos,0 days 00:53:51.104000,0 days 01:50:48.199000
2024-06-23 13:57:05.797,OnTrack,-6621,-6789,1761,pos,0 days 00:53:51.384000,0 days 01:50:48.479000
2024-06-23 13:57:06.137,OnTrack,-6688,-6588,1765,pos,0 days 00:53:51.724000,0 days 01:50:48.819000
2024-06-23 13:57:06.317,OnTrack,-6711,-6475,1767,pos,0 days 00:53:51.904000,0 days 01:50:48.999000
2024-06-23 13:57:06.477,OnTrack,-6730,-6294,1769,pos,0 days 00:53:52.064000,0 days 01:50:49.159000
2024-06-23 13:57:06.997,OnTrack,-6727,-6029,1773,pos,0 days 00:53:52.584000,0 days 01:50:49.679000
2024-06-23 13:57:07.197,OnTrack,-6715,-5894,1775,pos,0 days 00:53:52.784000,0 days 01:50:49.879000
2024-06-23 13:57:07.377,OnTrack,-6684,-5690,1778,pos,0 days 00:53:52.964000,0 days 01:50:50.059000
2024-06-23 13:57:07.777,OnTrack,-6649,-5521,1779,pos,0 days 00:53:53.364000,0 days 01:50:50.459000
2024-06-23 13:57:07.897,OnTrack,-6629,-5438,1781,pos,0 days 00:53:53.484000,0 days 01:50:50.579000
2024-06-23 13:57:08.117,OnTrack,-6586,-5287,1785,pos,0 days 00:53:53.704000,0 days 01:50:50.799000
2024-06-23 13:57:08.417,OnTrack,-6464,-4994,1789,pos,0 days 00:53:54.004000,0 days 01:50:51.099000
2024-06-23 13:57:08.696,OnTrack,-6413,-4903,1791,pos,0 days 00:53:54.283000,0 days 01:50:51.378000
2024-06-23 13:57:09.076,OnTrack,-6214,-4601,1796,pos,0 days 00:53:54.663000,0 days 01:50:51.758000
2024-06-23 13:57:09.496,OnTrack,-6063,-4390,1799,pos,0 days 00:53:55.083000,0 days 01:50:52.178000
2024-06-23 13:57:09.836,OnTrack,-5888,-4116,1803,pos,0 days 00:53:55.423000,0 days 01:50:52.518000
2024-06-23 13:57:10.216,OnTrack,-5776,-3926,1806,pos,0 days 00:53:55.803000,0 days 01:50:52.898000
2024-06-23 13:57:10.456,OnTrack,-5677,-3764,1809,pos,0 days 00:53:56.043000,0 days 01:50:53.138000
2024-06-23 13:57:10.636,OnTrack,-5612,-3662,1810,pos,0 days 00:53:56.223000,0 days 01:50:53.318000
2024-06-23 13:57:10.856,OnTrack,-5522,-3528,1813,pos,0 days 00:53:56.443000,0 days 01:50:53.538000
2024-06-23 13:57:11.017,OnTrack,-5454,-3429,1814,pos,0 days 00:53:56.604000,0 days 01:50:53.699000
2024-06-23 13:57:11.317,OnTrack,-5348,-3277,1817,pos,0 days 00:53:56.904000,0 days 01:50:53.999000
2024-06-23 13:57:11.517,OnTrack,-5290,-3199,1817,pos,0 days 00:53:57.104000,0 days 01:50:54.199000
2024-06-23 13:57:11.697,OnTrack,-5233,-3128,1818,pos,0 days 00:53:57.284000,0 days 01:50:54.379000
2024-06-23 13:57:11.897,OnTrack,-5169,-3058,1819,pos,0 days 00:53:57.484000,0 days 01:50:54.579000
2024-06-23 13:57:12.077,OnTrack,-5065,-2965,1820,pos,0 days 00:53:57.664000,0 days 01:50:54.759000
2024-06-23 13:57:12.477,OnTrack,-4975,-2908,1821,pos,0 days 00:53:58.064000,0 days 01:50:55.159000
2024-06-23 13:57:12.637,OnTrack,-4917,-2880,1822,pos,0 days 00:53:58.224000,0 days 01:50:55.319000
2024-06-23 13:57:12.877,OnTrack,-4828,-2852,1823,pos,0 days 00:53:58.464000,0 days 01:50:55.559000
2024-06-23 13:57:13.137,OnTrack,-4694,-2839,1825,pos,0 days 00:53:58.724000,0 days 01:50:55.819000
2024-06-23 13:57:13.577,OnTrack,-4542,-2865,1828,pos,0 days 00:53:59.164000,0 days 01:50:56.259000
2024-06-23 13:57:13.897,OnTrack,-4472,-2892,1829,pos,0 days 00:53:59.484000,0 days 01:50:56.579000
2024-06-23 13:57:14.237,OnTrack,-4352,-2962,1832,pos,0 days 00:53:59.824000,0 days 01:50:56.919000
2024-06-23 13:57:14.617,OnTrack,-4291,-3018,1834,pos,0 days 00:54:00.204000,0 days 01:50:57.299000
2024-06-23 13:57:14.837,OnTrack,-4240,-3075,1835,pos,0 days 00:54:00.424000,0 days 01:50:57.519000
2024-06-23 13:57:14.937,OnTrack,-4218,-3102,1835,pos,0 days 00:54:00.524000,0 days 01:50:57.619000
2024-06-23 13:57:15.156,OnTrack,-4173,-3167,1835,pos,0 days 00:54:00.743000,0 days 01:50:57.838000
2024-06-23 13:57:15.396,OnTrack,-4105,-3293,1837,pos,0 days 00:54:00.983000,0 days 01:50:58.078000
2024-06-23 13:57:15.836,OnTrack,-4065,-3406,1838,pos,0 days 00:54:01.423000,0 days 01:50:58.518000
2024-06-23 13:57:15.976,OnTrack,-4050,-3462,1838,pos,0 days 00:54:01.563000,0 days 01:50:58.658000
2024-06-23 13:57:16.156,OnTrack,-4036,-3539,1839,pos,0 days 00:54:01.743000,0 days 01:50:58.838000
2024-06-23 13:57:16.416,OnTrack,-4027,-3657,1839,pos,0 days 00:54:02.003000,0 days 01:50:59.098000
2024-06-23 13:57:16.616,OnTrack,-4030,-3753,1839,pos,0 days 00:54:02.203000,0 days 01:50:59.298000
2024-06-23 13:57:16.936,OnTrack,-4056,-3912,1838,pos,0 days 00:54:02.523000,0 days 01:50:59.618000
2024-06-23 13:57:17.096,OnTrack,-4079,-3993,1837,pos,0 days 00:54:02.683000,0 days 01:50:59.778000
2024-06-23 13:57:17.276,OnTrack,-4114,-4085,1836,pos,0 days 00:54:02.863000,0 days 01:50:59.958000
2024-06-23 13:57:17.577,OnTrack,-4197,-4246,1834,pos,0 days 00:54:03.164000,0 days 01:51:00.259000
2024-06-23 13:57:17.797,OnTrack,-4268,-4355,1832,pos,0 days 00:54:03.384000,0 days 01:51:00.479000
2024-06-23 13:57:17.857,OnTrack,-4288,-4384,1831,pos,0 days 00:54:03.444000,0 days 01:51:00.539000
2024-06-23 13:57:18.197,OnTrack,-4453,-4613,1826,pos,0 days 00:54:03.784000,0 days 01:51:00.879000
2024-06-23 13:57:18.437,OnTrack,-4490,-4664,1825,pos,0 days 00:54:04.024000,0 days 01:51:01.119000
2024-06-23 13:57:18.657,OnTrack,-4574,-4778,1821,pos,0 days 00:54:04.244000,0 days 01:51:01.339000
2024-06-23 13:57:18.997,OnTrack,-4705,-4958,1818,pos,0 days 00:54:04.584000,0 days 01:51:01.679000
2024-06-23 13:57:19.177,OnTrack,-4776,-5055,1815,pos,0 days 00:54:04.764000,0 days 01:51:01.859000
2024-06-23 13:57:19.357,OnTrack,-4891,-5214,1812,pos,0 days 00:54:04.944000,0 days 01:51:02.039000
2024-06-23 13:57:19.677,OnTrack,-4961,-5312,1808,pos,0 days 00:54:05.264000,0 days 01:51:02.359000
2024-06-23 13:57:20.017,OnTrack,-5088,-5509,1802,pos,0 days 00:54:05.604000,0 days 01:51:02.699000
2024-06-23 13:57:20.457,OnTrack,-5164,-5656,1796,pos,0 days 00:54:06.044000,0 days 01:51:03.139000
2024-06-23 13:57:20.857,OnTrack,-5204,-5766,1791,pos,0 days 00:54:06.444000,0 days 01:51:03.539000
2024-06-23 13:57:20.977,OnTrack,-5214,-5805,1790,pos,0 days 00:54:06.564000,0 days 01:51:03.659000
2024-06-23 13:57:21.177,OnTrack,-5225,-5869,1787,pos,0 days 00:54:06.764000,0 days 01:51:03.859000
2024-06-23 13:57:21.337,OnTrack,-5227,-5918,1785,pos,0 days 00:54:06.924000,0 days 01:51:04.019000
2024-06-23 13:57:21.557,OnTrack,-5221,-5983,1781,pos,0 days 00:54:07.144000,0 days 01:51:04.239000
2024-06-23 13:57:21.776,OnTrack,-5204,-6045,1778,pos,0 days 00:54:07.363000,0 days 01:51:04.458000
2024-06-23 13:57:21.956,OnTrack,-5182,-6090,1775,pos,0 days 00:54:07.543000,0 days 01:51:04.638000
2024-06-23 13:57:22.256,OnTrack,-5132,-6155,1770,pos,0 days 00:54:07.843000,0 days 01:51:04.938000
2024-06-23 13:57:22.496,OnTrack,-5082,-6194,1767,pos,0 days 00:54:08.083000,0 days 01:51:05.178000
2024-06-23 13:57:22.736,OnTrack,-5003,-6232,1763,pos,0 days 00:54:08.323000,0 days 01:51:05.418000
2024-06-23 13:57:23.056,OnTrack,-4948,-6245,1761,pos,0 days 00:54:08.643000,0 days 01:51:05.738000
2024-06-23 13:57:23.296,OnTrack,-4885,-6251,1757,pos,0 days 00:54:08.883000,0 days 01:51:05.978000
2024-06-23 13:57:23.516,OnTrack,-4826,-6249,1754,pos,0 days 00:54:09.103000,0 days 01:51:06.198000
2024-06-23 13:57:23.716,OnTrack,-4771,-6242,1749,pos,0 days 00:54:09.303000,0 days 01:51:06.398000
2024-06-23 13:57:23.956,OnTrack,-4704,-6227,1745,pos,0 days 00:54:09.543000,0 days 01:51:06.638000
2024-06-23 13:57:24.097,OnTrack,-4659,-6213,1742,pos,0 days 00:54:09.684000,0 days 01:51:06.779000
2024-06-23 13:57:24.317,OnTrack,-4593,-6189,1738,pos,0 days 00:54:09.904000,0 days 01:51:06.999000
2024-06-23 13:57:24.577,OnTrack,-4513,-6153,1732,pos,0 days 00:54:10.164000,0 days 01:51:07.259000
2024-06-23 13:57:24.757,OnTrack,-4461,-6127,1729,pos,0 days 00:54:10.344000,0 days 01:51:07.439000
2024-06-23 13:57:24.917,OnTrack,-4409,-6099,1725,pos,0 days 00:54:10.504000,0 days 01:51:07.599000
2024-06-23 13:57:25.077,OnTrack,-4353,-6069,1722,pos,0 days 00:54:10.664000,0 days 01:51:07.759000
2024-06-23 13:57:25.257,OnTrack,-4286,-6033,1717,pos,0 days 00:54:10.844000,0 days 01:51:07.939000
2024-06-23 13:57:25.577,OnTrack,-4159,-5963,1709,pos,0 days 00:54:11.164000,0 days 01:51:08.259000
2024-06-23 13:57:25.797,OnTrack,-3945,-5854,1695,pos,0 days 00:54:11.384000,0 days 01:51:08.479000
2024-06-23 13:57:26.237,OnTrack,-3799,-5789,1687,pos,0 days 00:54:11.824000,0 days 01:51:08.919000
2024-06-23 13:57:26.437,OnTrack,-3644,-5724,1679,pos,0 days 00:54:12.024000,0 days 01:51:09.119000
2024-06-23 13:57:26.777,OnTrack,-3515,-5670,1675,pos,0 days 00:54:12.364000,0 days 01:51:09.459000
2024-06-23 13:57:26.917,OnTrack,-3439,-5635,1670,pos,0 days 00:54:12.504000,0 days 01:51:09.599000
2024-06-23 13:57:27.077,OnTrack,-3351,-5593,1667,pos,0 days 00:54:12.664000,0 days 01:51:09.759000
2024-06-23 13:57:27.477,OnTrack,-3111,-5453,1658,pos,0 days 00:54:13.064000,0 days 01:51:10.159000
2024-06-23 13:57:27.817,OnTrack,-2953,-5336,1654,pos,0 days 00:54:13.404000,0 days 01:51:10.499000
2024-06-23 13:57:28.097,OnTrack,-2774,-5172,1651,pos,0 days 00:54:13.684000,0 days 01:51:10.779000
2024-06-23 13:57:28.496,OnTrack,-2592,-4961,1650,pos,0 days 00:54:14.083000,0 days 01:51:11.178000
2024-06-23 13:57:28.796,OnTrack,-2500,-4836,1651,pos,0 days 00:54:14.383000,0 days 01:51:11.478000
2024-06-23 13:57:28.996,OnTrack,-2419,-4720,1651,pos,0 days 00:54:14.583000,0 days 01:51:11.678000
2024-06-23 13:57:29.316,OnTrack,-2303,-4551,1653,pos,0 days 00:54:14.903000,0 days 01:51:11.998000
2024-06-23 13:57:29.516,OnTrack,-2240,-4458,1654,pos,0 days 00:54:15.103000,0 days 01:51:12.198000
2024-06-23 13:57:29.676,OnTrack,-2194,-4387,1656,pos,0 days 00:54:15.263000,0 days 01:51:12.358000
2024-06-23 13:57:29.936,OnTrack,-2137,-4284,1660,pos,0 days 00:54:15.523000,0 days 01:51:12.618000
2024-06-23 13:57:30.056,OnTrack,-2119,-4237,1661,pos,0 days 00:54:15.643000,0 days 01:51:12.738000
2024-06-23 13:57:30.296,OnTrack,-2095,-4142,1662,pos,0 days 00:54:15.883000,0 days 01:51:12.978000
2024-06-23 13:57:30.536,OnTrack,-2085,-4044,1664,pos,0 days 00:54:16.123000,0 days 01:51:13.218000
2024-06-23 13:57:30.757,OnTrack,-2086,-3905,1668,pos,0 days 00:54:16.344000,0 days 01:51:13.439000
2024-06-23 13:57:31.057,OnTrack,-2095,-3839,1671,pos,0 days 00:54:16.644000,0 days 01:51:13.739000
2024-06-23 13:57:31.397,OnTrack,-2128,-3732,1679,pos,0 days 00:54:16.984000,0 days 01:51:14.079000
2024-06-23 13:57:31.597,OnTrack,-2185,-3643,1682,pos,0 days 00:54:17.184000,0 days 01:51:14.279000
2024-06-23 13:57:31.937,OnTrack,-2245,-3580,1686,pos,0 days 00:54:17.524000,0 days 01:51:14.619000
2024-06-23 13:57:32.177,OnTrack,-2315,-3524,1690,pos,0 days 00:54:17.764000,0 days 01:51:14.859000
2024-06-23 13:57:32.417,OnTrack,-2436,-3437,1695,pos,0 days 00:54:18.004000,0 days 01:51:15.099000
2024-06-23 13:57:32.737,OnTrack,-2495,-3392,1700,pos,0 days 00:54:18.324000,0 days 01:51:15.419000
2024-06-23 13:57:33.057,OnTrack,-2598,-3298,1709,pos,0 days 00:54:18.644000,0 days 01:51:15.739000
2024-06-23 13:57:33.257,OnTrack,-2660,-3228,1716,pos,0 days 00:54:18.844000,0 days 01:51:15.939000
2024-06-23 13:57:33.457,OnTrack,-2717,-3149,1725,pos,0 days 00:54:19.044000,0 days 01:51:16.139000
2024-06-23 13:57:33.617,OnTrack,-2758,-3080,1729,pos,0 days 00:54:19.204000,0 days 01:51:16.299000
2024-06-23 13:57:33.937,OnTrack,-2832,-2927,1740,pos,0 days 00:54:19.524000,0 days 01:51:16.619000
2024-06-23 13:57:34.057,OnTrack,-2860,-2867,1744,pos,0 days 00:54:19.644000,0 days 01:51:16.739000
2024-06-23 13:57:34.257,OnTrack,-2906,-2765,1749,pos,0 days 00:54:19.844000,0 days 01:51:16.939000
2024-06-23 13:57:34.557,OnTrack,-2980,-2608,1761,pos,0 days 00:54:20.144000,0 days 01:51:17.239000
2024-06-23 13:57:34.757,OnTrack,-3057,-2445,1771,pos,0 days 00:54:20.344000,0 days 01:51:17.439000
2024-06-23 13:57:35.056,OnTrack,-3105,-2344,1777,pos,0 days 00:54:20.643000,0 days 01:51:17.738000
2024-06-23 13:57:35.256,OnTrack,-3155,-2240,1785,pos,0 days 00:54:20.843000,0 days 01:51:17.938000
2024-06-23 13:57:35.576,OnTrack,-3244,-2052,1797,pos,0 days 00:54:21.163000,0 days 01:51:18.258000
2024-06-23 13:57:35.796,OnTrack,-3307,-1921,1806,pos,0 days 00:54:21.383000,0 days 01:51:18.478000
2024-06-23 13:57:35.976,OnTrack,-3359,-1812,1813,pos,0 days 00:54:21.563000,0 days 01:51:18.658000
2024-06-23 13:57:36.096,OnTrack,-3393,-1737,1818,pos,0 days 00:54:21.683000,0 days 01:51:18.778000
2024-06-23 13:57:36.316,OnTrack,-3447,-1599,1827,pos,0 days 00:54:21.903000,0 days 01:51:18.998000
2024-06-23 13:57:36.516,OnTrack,-3483,-1472,1835,pos,0 days 00:54:22.103000,0 days 01:51:19.198000
2024-06-23 13:57:36.716,OnTrack,-3503,-1344,1841,pos,0 days 00:54:22.303000,0 days 01:51:19.398000
2024-06-23 13:57:37.036,OnTrack,-3504,-1139,1847,pos,0 days 00:54:22.623000,0 days 01:51:19.718000
2024-06-23 13:57:37.197,OnTrack,-3491,-1027,1853,pos,0 days 00:54:22.784000,0 days 01:51:19.879000
2024-06-23 13:57:37.377,OnTrack,-3470,-917,1856,pos,0 days 00:54:22.964000,0 days 01:51:20.059000
2024-06-23 13:57:37.537,OnTrack,-3444,-822,1860,pos,0 days 00:54:23.124000,0 days 01:51:20.219000
2024-06-23 13:57:37.697,OnTrack,-3412,-729,1864,pos,0 days 00:54:23.284000,0 days 01:51:20.379000
2024-06-23 13:57:38.077,OnTrack,-3315,-532,1870,pos,0 days 00:54:23.664000,0 days 01:51:20.759000
2024-06-23 13:57:38.137,OnTrack,-3295,-502,1870,pos,0 days 00:54:23.724000,0 days 01:51:20.819000
2024-06-23 13:57:38.337,OnTrack,-3199,-384,1873,pos,0 days 00:54:23.924000,0 days 01:51:21.019000
2024-06-23 13:57:38.517,OnTrack,-3112,-314,1874,pos,0 days 00:54:24.104000,0 days 01:51:21.199000
2024-06-23 13:57:38.897,OnTrack,-2808,-165,1873,pos,0 days 00:54:24.484000,0 days 01:51:21.579000
2024-06-23 13:57:39.237,OnTrack,-2612,-87,1871,pos,0 days 00:54:24.824000,0 days 01:51:21.919000
2024-06-23 13:57:39.737,OnTrack,-2379,18,1868,pos,0 days 00:54:25.324000,0 days 01:51:22.419000
2024-06-23 13:57:39.917,OnTrack,-2266,71,1866,pos,0 days 00:54:25.504000,0 days 01:51:22.599000
2024-06-23 13:57:40.117,OnTrack,-2102,149,1865,pos,0 days 00:54:25.704000,0 days 01:51:22.799000
2024-06-23 13:57:40.557,OnTrack,-1791,296,1861,pos,0 days 00:54:26.144000,0 days 01:51:23.239000
2024-06-23 13:57:40.917,OnTrack,-1619,377,1859,pos,0 days 00:54:26.504000,0 days 01:51:23.599000
2024-06-23 13:57:41.057,OnTrack,-1526,421,1857,pos,0 days 00:54:26.644000,0 days 01:51:23.739000
2024-06-23 13:57:41.237,OnTrack,-1405,479,1856,pos,0 days 00:54:26.824000,0 days 01:51:23.919000
2024-06-23 13:57:41.496,OnTrack,-1229,564,1854,pos,0 days 00:54:27.083000,0 days 01:51:24.178000
2024-06-23 13:57:41.756,OnTrack,-988,686,1850,pos,0 days 00:54:27.343000,0 days 01:51:24.438000
2024-06-23 13:57:42.156,OnTrack,-784,794,1848,pos,0 days 00:54:27.743000,0 days 01:51:24.838000
2024-06-23 13:57:42.336,OnTrack,-661,860,1846,pos,0 days 00:54:27.923000,0 days 01:51:25.018000
2024-06-23 13:57:42.516,OnTrack,-440,978,1843,pos,0 days 00:54:28.103000,0 days 01:51:25.198000
2024-06-23 13:57:42.976,OnTrack,-217,1097,1840,pos,0 days 00:54:28.563000,0 days 01:51:25.658000
2024-06-23 13:57:43.236,OnTrack,-20,1202,1837,pos,0 days 00:54:28.823000,0 days 01:51:25.918000
2024-06-23 13:57:43.636,OnTrack,334,1389,1832,pos,0 days 00:54:29.223000,0 days 01:51:26.318000
2024-06-23 13:57:44.017,OnTrack,533,1486,1829,pos,0 days 00:54:29.604000,0 days 01:51:26.699000
2024-06-23 13:57:44.157,OnTrack,619,1523,1829,pos,0 days 00:54:29.744000,0 days 01:51:26.839000
2024-06-23 13:57:44.337,OnTrack,736,1572,1827,pos,0 days 00:54:29.924000,0 days 01:51:27.019000
2024-06-23 13:57:44.577,OnTrack,867,1625,1826,pos,0 days 00:54:30.164000,0 days 01:51:27.259000
2024-06-23 13:57:44.877,OnTrack,1061,1704,1823,pos,0 days 00:54:30.464000,0 days 01:51:27.559000
2024-06-23 13:57:45.177,OnTrack,1157,1747,1823,pos,0 days 00:54:30.764000,0 days 01:51:27.859000
2024-06-23 13:57:45.377,OnTrack,1231,1787,1821,pos,0 days 00:54:30.964000,0 days 01:51:28.059000
2024-06-23 13:57:45.637,OnTrack,1315,1843,1821,pos,0 days 00:54:31.224000,0 days 01:51:28.319000
2024-06-23 13:57:45.797,OnTrack,1358,1881,1820,pos,0 days 00:54:31.384000,0 days 01:51:28.479000
2024-06-23 13:57:46.117,OnTrack,1423,1966,1819,pos,0 days 00:54:31.704000,0 days 01:51:28.799000
2024-06-23 13:57:46.297,OnTrack,1454,2045,1818,pos,0 days 00:54:31.884000,0 days 01:51:28.979000
2024-06-23 13:57:46.737,OnTrack,1457,2201,1817,pos,0 days 00:54:32.324000,0 days 01:51:29.419000
2024-06-23 13:57:46.977,OnTrack,1450,2231,1817,pos,0 days 00:54:32.564000,0 days 01:51:29.659000
2024-06-23 13:57:47.177,OnTrack,1432,2289,1818,pos,0 days 00:54:32.764000,0 days 01:51:29.859000
2024-06-23 13:57:47.497,OnTrack,1375,2397,1821,pos,0 days 00:54:33.084000,0 days 01:51:30.179000
2024-06-23 13:57:47.937,OnTrack,1300,2490,1824,pos,0 days 00:54:33.524000,0 days 01:51:30.619000
2024-06-23 13:57:48.296,OnTrack,1239,2543,1826,pos,0 days 00:54:33.883000,0 days 01:51:30.978000
2024-06-23 13:57:48.496,OnTrack,1189,2575,1827,pos,0 days 00:54:34.083000,0 days 01:51:31.178000
2024-06-23 13:57:48.656,OnTrack,1147,2596,1828,pos,0 days 00:54:34.243000,0 days 01:51:31.338000
2024-06-23 13:57:48.876,OnTrack,1083,2620,1830,pos,0 days 00:54:34.463000,0 days 01:51:31.558000
2024-06-23 13:57:49.216,OnTrack,976,2646,1832,pos,0 days 00:54:34.803000,0 days 01:51:31.898000
2024-06-23 13:57:49.376,OnTrack,875,2658,1834,pos,0 days 00:54:34.963000,0 days 01:51:32.058000
2024-06-23 13:57:49.796,OnTrack,775,2659,1836,pos,0 days 00:54:35.383000,0 days 01:51:32.478000
2024-06-23 13:57:50.056,OnTrack,623,2640,1840,pos,0 days 00:54:35.643000,0 days 01:51:32.738000
2024-06-23 13:57:50.457,OnTrack,510,2611,1842,pos,0 days 00:54:36.044000,0 days 01:51:33.139000
2024-06-23 13:57:50.657,OnTrack,386,2562,1847,pos,0 days 00:54:36.244000,0 days 01:51:33.339000
2024-06-23 13:57:50.977,OnTrack,301,2519,1850,pos,0 days 00:54:36.564000,0 days 01:51:33.659000
2024-06-23 13:57:51.257,OnTrack,182,2444,1857,pos,0 days 00:54:36.844000,0 days 01:51:33.939000
2024-06-23 13:57:51.417,OnTrack,113,2397,1861,pos,0 days 00:54:37.004000,0 days 01:51:34.099000
2024-06-23 13:57:51.757,OnTrack,-82,2265,1871,pos,0 days 00:54:37.344000,0 days 01:51:34.439000
2024-06-23 13:57:52.157,OnTrack,-222,2195,1876,pos,0 days 00:54:37.744000,0 days 01:51:34.839000
2024-06-23 13:57:52.277,OnTrack,-277,2174,1878,pos,0 days 00:54:37.864000,0 days 01:51:34.959000
2024-06-23 13:57:52.557,OnTrack,-426,2135,1884,pos,0 days 00:54:38.144000,0 days 01:51:35.239000
2024-06-23 13:57:52.857,OnTrack,-524,2123,1889,pos,0 days 00:54:38.444000,0 days 01:51:35.539000
2024-06-23 13:57:53.157,OnTrack,-640,2125,1894,pos,0 days 00:54:38.744000,0 days 01:51:35.839000
2024-06-23 13:57:53.337,OnTrack,-704,2136,1898,pos,0 days 00:54:38.924000,0 days 01:51:36.019000
2024-06-23 13:57:53.597,OnTrack,-789,2163,1902,pos,0 days 00:54:39.184000,0 days 01:51:36.279000
2024-06-23 13:57:53.817,OnTrack,-874,2213,1906,pos,0 days 00:54:39.404000,0 days 01:51:36.499000
2024-06-23 13:57:54.097,OnTrack,-922,2257,1907,pos,0 days 00:54:39.684000,0 days 01:51:36.779000
2024-06-23 13:57:54.397,OnTrack,-995,2361,1910,pos,0 days 00:54:39.984000,0 days 01:51:37.079000
2024-06-23 13:57:54.816,OnTrack,-1030,2451,1912,pos,0 days 00:54:40.403000,0 days 01:51:37.498000
2024-06-23 13:57:54.996,OnTrack,-1042,2504,1913,pos,0 days 00:54:40.583000,0 days 01:51:37.678000
2024-06-23 13:57:55.176,OnTrack,-1049,2557,1914,pos,0 days 00:54:40.763000,0 days 01:51:37.858000
2024-06-23 13:57:55.356,OnTrack,-1050,2611,1914,pos,0 days 00:54:40.943000,0 days 01:51:38.038000
2024-06-23 13:57:55.636,OnTrack,-1044,2696,1915,pos,0 days 00:54:41.223000,0 days 01:51:38.318000
2024-06-23 13:57:55.796,OnTrack,-1035,2746,1916,pos,0 days 00:54:41.383000,0 days 01:51:38.478000
2024-06-23 13:57:55.956,OnTrack,-1022,2796,1917,pos,0 days 00:54:41.543000,0 days 01:51:38.638000
2024-06-23 13:57:56.156,OnTrack,-1000,2858,1918,pos,0 days 00:54:41.743000,0 days 01:51:38.838000
2024-06-23 13:57:56.536,OnTrack,-936,2988,1920,pos,0 days 00:54:42.123000,0 days 01:51:39.218000
2024-06-23 13:57:56.937,OnTrack,-795,3170,1922,pos,0 days 00:54:42.524000,0 days 01:51:39.619000
2024-06-23 13:57:57.177,OnTrack,-766,3198,1923,pos,0 days 00:54:42.764000,0 days 01:51:39.859000
2024-06-23 13:57:57.537,OnTrack,-657,3295,1922,pos,0 days 00:54:43.124000,0 days 01:51:40.219000
2024-06-23 13:57:57.697,OnTrack,-600,3341,1922,pos,0 days 00:54:43.284000,0 days 01:51:40.379000
2024-06-23 13:57:57.917,OnTrack,-517,3406,1921,pos,0 days 00:54:43.504000,0 days 01:51:40.599000
2024-06-23 13:57:58.137,OnTrack,-429,3473,1919,pos,0 days 00:54:43.724000,0 days 01:51:40.819000
2024-06-23 13:57:58.377,OnTrack,-299,3580,1916,pos,0 days 00:54:43.964000,0 days 01:51:41.059000
2024-06-23 13:57:58.817,OnTrack,-109,3742,1911,pos,0 days 00:54:44.404000,0 days 01:51:41.499000
2024-06-23 13:57:59.057,OnTrack,-37,3803,1908,pos,0 days 00:54:44.644000,0 days 01:51:41.739000
2024-06-23 13:57:59.377,OnTrack,166,3960,1900,pos,0 days 00:54:44.964000,0 days 01:51:42.059000
2024-06-23 13:57:59.797,OnTrack,419,4093,1888,pos,0 days 00:54:45.384000,0 days 01:51:42.479000
2024-06-23 13:58:00.257,OnTrack,618,4136,1879,pos,0 days 00:54:45.844000,0 days 01:51:42.939000
2024-06-23 13:58:00.297,OnTrack,644,4138,1877,pos,0 days 00:54:45.884000,0 days 01:51:42.979000
2024-06-23 13:58:00.697,OnTrack,934,4113,1862,pos,0 days 00:54:46.284000,0 days 01:51:43.379000
2024-06-23 13:58:01.097,OnTrack,1190,4029,1846,pos,0 days 00:54:46.684000,0 days 01:51:43.779000
2024-06-23 13:58:01.456,OnTrack,1471,3885,1829,pos,0 days 00:54:47.043000,0 days 01:51:44.138000
2024-06-23 13:58:01.956,OnTrack,1709,3736,1815,pos,0 days 00:54:47.543000,0 days 01:51:44.638000
2024-06-23 13:58:02.316,OnTrack,1902,3612,1804,pos,0 days 00:54:47.903000,0 days 01:51:44.998000
2024-06-23 13:58:02.396,OnTrack,1951,3581,1801,pos,0 days 00:54:47.983000,0 days 01:51:45.078000
2024-06-23 13:58:02.776,OnTrack,2185,3431,1788,pos,0 days 00:54:48.363000,0 days 01:51:45.458000
2024-06-23 13:58:02.996,OnTrack,2331,3333,1780,pos,0 days 00:54:48.583000,0 days 01:51:45.678000
2024-06-23 13:58:03.416,OnTrack,2550,3155,1769,pos,0 days 00:54:49.003000,0 days 01:51:46.098000
2024-06-23 13:58:03.537,OnTrack,2680,3018,1761,pos,0 days 00:54:49.124000,0 days 01:51:46.219000
2024-06-23 13:58:03.857,OnTrack,2746,2923,1757,pos,0 days 00:54:49.444000,0 days 01:51:46.539000
2024-06-23 13:58:04.217,OnTrack,2836,2722,1751,pos,0 days 00:54:49.804000,0 days 01:51:46.899000
2024-06-23 13:58:04.437,OnTrack,2881,2493,1745,pos,0 days 00:54:50.024000,0 days 01:51:47.119000
2024-06-23 13:58:04.757,OnTrack,2885,2380,1743,pos,0 days 00:54:50.344000,0 days 01:51:47.439000
2024-06-23 13:58:04.937,OnTrack,2874,2263,1740,pos,0 days 00:54:50.524000,0 days 01:51:47.619000
2024-06-23 13:58:05.237,OnTrack,2827,2071,1737,pos,0 days 00:54:50.824000,0 days 01:51:47.919000
2024-06-23 13:58:05.417,OnTrack,2782,1959,1735,pos,0 days 00:54:51.004000,0 days 01:51:48.099000
2024-06-23 13:58:05.677,OnTrack,2711,1821,1733,pos,0 days 00:54:51.264000,0 days 01:51:48.359000
2024-06-23 13:58:05.897,OnTrack,2605,1644,1730,pos,0 days 00:54:51.484000,0 days 01:51:48.579000
2024-06-23 13:58:06.277,OnTrack,2492,1468,1727,pos,0 days 00:54:51.864000,0 days 01:51:48.959000
2024-06-23 13:58:06.377,OnTrack,2453,1409,1726,pos,0 days 00:54:51.964000,0 days 01:51:49.059000
2024-06-23 13:58:06.577,OnTrack,2375,1290,1724,pos,0 days 00:54:52.164000,0 days 01:51:49.259000
2024-06-23 13:58:06.817,OnTrack,2281,1146,1722,pos,0 days 00:54:52.404000,0 days 01:51:49.499000
2024-06-23 13:58:07.117,OnTrack,2139,926,1718,pos,0 days 00:54:52.704000,0 days 01:51:49.799000
2024-06-23 13:58:07.437,OnTrack,2035,766,1715,pos,0 days 00:54:53.024000,0 days 01:51:50.119000
2024-06-23 13:58:07.657,OnTrack,1945,628,1713,pos,0 days 00:54:53.244000,0 days 01:51:50.339000
2024-06-23 13:58:07.956,OnTrack,1820,438,1710,pos,0 days 00:54:53.543000,0 days 01:51:50.638000
2024-06-23 13:58:08.136,OnTrack,1692,241,1709,pos,0 days 00:54:53.723000,0 days 01:51:50.818000
2024-06-23 13:58:08.456,OnTrack,1624,136,1707,pos,0 days 00:54:54.043000,0 days 01:51:51.138000
2024-06-23 13:58:08.736,OnTrack,1452,-133,1707,pos,0 days 00:54:54.323000,0 days 01:51:51.418000
2024-06-23 13:58:09.216,OnTrack,1281,-399,1707,pos,0 days 00:54:54.803000,0 days 01:51:51.898000
2024-06-23 13:58:09.436,OnTrack,1205,-520,1708,pos,0 days 00:54:55.023000,0 days 01:51:52.118000
2024-06-23 13:58:09.776,OnTrack,1058,-750,1708,pos,0 days 00:54:55.363000,0 days 01:51:52.458000
2024-06-23 13:58:09.976,OnTrack,972,-886,1708,pos,0 days 00:54:55.563000,0 days 01:51:52.658000
2024-06-23 13:58:10.137,OnTrack,894,-1009,1708,pos,0 days 00:54:55.724000,0 days 01:51:52.819000
2024-06-23 13:58:10.457,OnTrack,755,-1228,1708,pos,0 days 00:54:56.044000,0 days 01:51:53.139000
2024-06-23 13:58:10.657,OnTrack,632,-1421,1707,pos,0 days 00:54:56.244000,0 days 01:51:53.339000
2024-06-23 13:58:11.057,OnTrack,474,-1671,1708,pos,0 days 00:54:56.644000,0 days 01:51:53.739000
2024-06-23 13:58:11.397,OnTrack,350,-1866,1708,pos,0 days 00:54:56.984000,0 days 01:51:54.079000
2024-06-23 13:58:11.637,OnTrack,244,-2033,1708,pos,0 days 00:54:57.224000,0 days 01:51:54.319000
2024-06-23 13:58:11.817,OnTrack,164,-2159,1708,pos,0 days 00:54:57.404000,0 days 01:51:54.499000
2024-06-23 13:58:12.077,OnTrack,-13,-2438,1707,pos,0 days 00:54:57.664000,0 days 01:51:54.759000
2024-06-23 13:58:12.517,OnTrack,-147,-2646,1706,pos,0 days 00:54:58.104000,0 days 01:51:55.199000
2024-06-23 13:58:12.697,OnTrack,-230,-2771,1705,pos,0 days 00:54:58.284000,0 days 01:51:55.379000
2024-06-23 13:58:12.857,OnTrack,-304,-2883,1703,pos,0 days 00:54:58.444000,0 days 01:51:55.539000
2024-06-23 13:58:13.037,OnTrack,-387,-3008,1703,pos,0 days 00:54:58.624000,0 days 01:51:55.719000
2024-06-23 13:58:13.397,OnTrack,-554,-3260,1699,pos,0 days 00:54:58.984000,0 days 01:51:56.079000
2024-06-23 13:58:13.597,OnTrack,-694,-3470,1695,pos,0 days 00:54:59.184000,0 days 01:51:56.279000
2024-06-23 13:58:13.917,OnTrack,-798,-3624,1692,pos,0 days 00:54:59.504000,0 days 01:51:56.599000
2024-06-23 13:58:14.117,OnTrack,-892,-3764,1689,pos,0 days 00:54:59.704000,0 days 01:51:56.799000
2024-06-23 13:58:14.296,OnTrack,-977,-3890,1686,pos,0 days 00:54:59.883000,0 days 01:51:56.978000
2024-06-23 13:58:14.596,OnTrack,-1118,-4101,1681,pos,0 days 00:55:00.183000,0 days 01:51:57.278000
2024-06-23 13:58:14.856,OnTrack,-1241,-4284,1676,pos,0 days 00:55:00.443000,0 days 01:51:57.538000
2024-06-23 13:58:15.076,OnTrack,-1345,-4439,1671,pos,0 days 00:55:00.663000,0 days 01:51:57.758000
2024-06-23 13:58:15.296,OnTrack,-1459,-4608,1666,pos,0 days 00:55:00.883000,0 days 01:51:57.978000
2024-06-23 13:58:15.696,OnTrack,-1681,-4944,1657,pos,0 days 00:55:01.283000,0 days 01:51:58.378000
2024-06-23 13:58:16.096,OnTrack,-1812,-5155,1652,pos,0 days 00:55:01.683000,0 days 01:51:58.778000
2024-06-23 13:58:16.316,OnTrack,-1968,-5421,1647,pos,0 days 00:55:01.903000,0 days 01:51:58.998000
2024-06-23 13:58:16.737,OnTrack,-2145,-5734,1642,pos,0 days 00:55:02.324000,0 days 01:51:59.419000
2024-06-23 13:58:16.957,OnTrack,-2186,-5809,1641,pos,0 days 00:55:02.544000,0 days 01:51:59.639000
2024-06-23 13:58:17.337,OnTrack,-2381,-6158,1637,pos,0 days 00:55:02.924000,0 days 01:52:00.019000
2024-06-23 13:58:17.757,OnTrack,-2498,-6353,1635,pos,0 days 00:55:03.344000,0 days 01:52:00.439000
2024-06-23 13:58:17.917,OnTrack,-2555,-6441,1633,pos,0 days 00:55:03.504000,0 days 01:52:00.599000
2024-06-23 13:58:18.177,OnTrack,-2647,-6569,1632,pos,0 days 00:55:03.764000,0 days 01:52:00.859000
2024-06-23 13:58:18.617,OnTrack,-2760,-6709,1629,pos,0 days 00:55:04.204000,0 days 01:52:01.299000
2024-06-23 13:58:18.857,OnTrack,-2828,-6780,1627,pos,0 days 00:55:04.444000,0 days 01:52:01.539000
2024-06-23 13:58:19.077,OnTrack,-2897,-6843,1625,pos,0 days 00:55:04.664000,0 days 01:52:01.759000
2024-06-23 13:58:19.437,OnTrack,-3014,-6926,1623,pos,0 days 00:55:05.024000,0 days 01:52:02.119000
2024-06-23 13:58:19.497,OnTrack,-3034,-6937,1623,pos,0 days 00:55:05.084000,0 days 01:52:02.179000
2024-06-23 13:58:19.837,OnTrack,-3152,-6983,1623,pos,0 days 00:55:05.424000,0 days 01:52:02.519000
2024-06-23 13:58:20.057,OnTrack,-3284,-6994,1624,pos,0 days 00:55:05.644000,0 days 01:52:02.739000
2024-06-23 13:58:20.397,OnTrack,-3357,-6985,1626,pos,0 days 00:55:05.984000,0 days 01:52:03.079000
2024-06-23 13:58:20.617,OnTrack,-3437,-6963,1628,pos,0 days 00:55:06.204000,0 days 01:52:03.299000
2024-06-23 13:58:20.837,OnTrack,-3516,-6932,1630,pos,0 days 00:55:06.424000,0 days 01:52:03.519000
2024-06-23 13:58:21.056,OnTrack,-3596,-6896,1631,pos,0 days 00:55:06.643000,0 days 01:52:03.738000
2024-06-23 13:58:21.296,OnTrack,-3684,-6855,1632,pos,0 days 00:55:06.883000,0 days 01:52:03.978000
2024-06-23 13:58:21.496,OnTrack,-3762,-6821,1634,pos,0 days 00:55:07.083000,0 days 01:52:04.178000
2024-06-23 13:58:21.616,OnTrack,-3860,-6786,1636,pos,0 days 00:55:07.203000,0 days 01:52:04.298000
2024-06-23 13:58:21.936,OnTrack,-3944,-6770,1639,pos,0 days 00:55:07.523000,0 days 01:52:04.618000
2024-06-23 13:58:22.276,OnTrack,-4094,-6777,1645,pos,0 days 00:55:07.863000,0 days 01:52:04.958000
2024-06-23 13:58:22.456,OnTrack,-4176,-6798,1648,pos,0 days 00:55:08.043000,0 days 01:52:05.138000
2024-06-23 13:58:22.656,OnTrack,-4319,-6856,1655,pos,0 days 00:55:08.243000,0 days 01:52:05.338000
2024-06-23 13:58:23.036,OnTrack,-4432,-6919,1662,pos,0 days 00:55:08.623000,0 days 01:52:05.718000
2024-06-23 13:58:23.237,OnTrack,-4527,-6981,1667,pos,0 days 00:55:08.824000,0 days 01:52:05.919000
2024-06-23 13:58:23.457,OnTrack,-4621,-7048,1673,pos,0 days 00:55:09.044000,0 days 01:52:06.139000
2024-06-23 13:58:23.757,OnTrack,-4802,-7174,1683,pos,0 days 00:55:09.344000,0 days 01:52:06.439000
2024-06-23 13:58:24.057,OnTrack,-4888,-7228,1688,pos,0 days 00:55:09.644000,0 days 01:52:06.739000
2024-06-23 13:58:24.277,OnTrack,-5000,-7293,1693,pos,0 days 00:55:09.864000,0 days 01:52:06.959000
2024-06-23 13:58:24.517,OnTrack,-5129,-7356,1699,pos,0 days 00:55:10.104000,0 days 01:52:07.199000
2024-06-23 13:58:24.797,OnTrack,-5369,-7433,1709,pos,0 days 00:55:10.384000,0 days 01:52:07.479000
2024-06-23 13:58:25.117,OnTrack,-5476,-7449,1714,pos,0 days 00:55:10.704000,0 days 01:52:07.799000
2024-06-23 13:58:25.397,OnTrack,-5640,-7454,1721,pos,0 days 00:55:10.984000,0 days 01:52:08.079000
2024-06-23 13:58:25.577,OnTrack,-5744,-7444,1726,pos,0 days 00:55:11.164000,0 days 01:52:08.259000
2024-06-23 13:58:25.837,OnTrack,-5948,-7399,1734,pos,0 days 00:55:11.424000,0 days 01:52:08.519000
2024-06-23 13:58:26.257,OnTrack,-6147,-7315,1741,pos,0 days 00:55:11.844000,0 days 01:52:08.939000
2024-06-23 13:58:26.577,OnTrack,-6282,-7230,1747,pos,0 days 00:55:12.164000,0 days 01:52:09.259000
2024-06-23 13:58:26.737,OnTrack,-6354,-7171,1750,pos,0 days 00:55:12.324000,0 days 01:52:09.419000
2024-06-23 13:58:26.897,OnTrack,-6421,-7104,1752,pos,0 days 00:55:12.484000,0 days 01:52:09.579000
2024-06-23 13:58:27.217,OnTrack,-6563,-6906,1759,pos,0 days 00:55:12.804000,0 days 01:52:09.899000
2024-06-23 13:58:27.576,OnTrack,-6638,-6747,1762,pos,0 days 00:55:13.163000,0 days 01:52:10.258000
2024-06-23 13:58:27.716,OnTrack,-6667,-6663,1764,pos,0 days 00:55:13.303000,0 days 01:52:10.398000
2024-06-23 13:58:28.076,OnTrack,-6720,-6408,1768,pos,0 days 00:55:13.663000,0 days 01:52:10.758000
2024-06-23 13:58:28.496,OnTrack,-6733,-6154,1771,pos,0 days 00:55:14.083000,0 days 01:52:11.178000
2024-06-23 13:58:28.516,OnTrack,-6732,-6140,1771,pos,0 days 00:55:14.103000,0 days 01:52:11.198000
2024-06-23 13:58:28.716,OnTrack,-6725,-6004,1773,pos,0 days 00:55:14.303000,0 days 01:52:11.398000
2024-06-23 13:58:28.956,OnTrack,-6708,-5839,1776,pos,0 days 00:55:14.543000,0 days 01:52:11.638000
2024-06-23 13:58:29.316,OnTrack,-6646,-5506,1780,pos,0 days 00:55:14.903000,0 days 01:52:11.998000
2024-06-23 13:58:29.616,OnTrack,-6614,-5381,1783,pos,0 days 00:55:15.203000,0 days 01:52:12.298000
2024-06-23 13:58:29.877,OnTrack,-6531,-5135,1787,pos,0 days 00:55:15.464000,0 days 01:52:12.559000
2024-06-23 13:58:30.277,OnTrack,-6380,-4848,1792,pos,0 days 00:55:15.864000,0 days 01:52:12.959000
2024-06-23 13:58:30.757,OnTrack,-6229,-4622,1795,pos,0 days 00:55:16.344000,0 days 01:52:13.439000
2024-06-23 13:58:31.077,OnTrack,-6096,-4436,1798,pos,0 days 00:55:16.664000,0 days 01:52:13.759000
2024-06-23 13:58:31.297,OnTrack,-5998,-4299,1800,pos,0 days 00:55:16.884000,0 days 01:52:13.979000
2024-06-23 13:58:31.577,OnTrack,-5886,-4112,1803,pos,0 days 00:55:17.164000,0 days 01:52:14.259000
2024-06-23 13:58:31.697,OnTrack,-5839,-4031,1804,pos,0 days 00:55:17.284000,0 days 01:52:14.379000
2024-06-23 13:58:31.937,OnTrack,-5693,-3790,1808,pos,0 days 00:55:17.524000,0 days 01:52:14.619000
2024-06-23 13:58:32.317,OnTrack,-5584,-3620,1811,pos,0 days 00:55:17.904000,0 days 01:52:14.999000
2024-06-23 13:58:32.617,OnTrack,-5475,-3460,1814,pos,0 days 00:55:18.204000,0 days 01:52:15.299000
2024-06-23 13:58:32.817,OnTrack,-5399,-3349,1816,pos,0 days 00:55:18.404000,0 days 01:52:15.499000
2024-06-23 13:58:32.997,OnTrack,-5316,-3233,1817,pos,0 days 00:55:18.584000,0 days 01:52:15.679000
2024-06-23 13:58:33.317,OnTrack,-5229,-3123,1819,pos,0 days 00:55:18.904000,0 days 01:52:15.999000
2024-06-23 13:58:33.597,OnTrack,-5132,-3021,1819,pos,0 days 00:55:19.184000,0 days 01:52:16.279000
2024-06-23 13:58:33.837,OnTrack,-5048,-2953,1820,pos,0 days 00:55:19.424000,0 days 01:52:16.519000
2024-06-23 13:58:34.037,OnTrack,-4975,-2908,1821,pos,0 days 00:55:19.624000,0 days 01:52:16.719000
2024-06-23 13:58:34.256,OnTrack,-4856,-2859,1823,pos,0 days 00:55:19.843000,0 days 01:52:16.938000
2024-06-23 13:58:34.616,OnTrack,-4758,-2841,1824,pos,0 days 00:55:20.203000,0 days 01:52:17.298000
2024-06-23 13:58:34.876,OnTrack,-4663,-2841,1826,pos,0 days 00:55:20.463000,0 days 01:52:17.558000
2024-06-23 13:58:35.896,OnTrack,-4343,-2969,1833,pos,0 days 00:55:21.483000,0 days 01:52:18.578000
2024-06-23 13:58:36.056,OnTrack,-4284,-3026,1834,pos,0 days 00:55:21.643000,0 days 01:52:18.738000
2024-06-23 13:58:36.517,OnTrack,-4206,-3118,1835,pos,0 days 00:55:22.104000,0 days 01:52:19.199000
2024-06-23 13:58:36.697,OnTrack,-4146,-3211,1836,pos,0 days 00:55:22.284000,0 days 01:52:19.379000
2024-06-23 13:58:37.137,OnTrack,-4082,-3351,1838,pos,0 days 00:55:22.724000,0 days 01:52:19.819000
2024-06-23 13:58:37.477,OnTrack,-4054,-3445,1838,pos,0 days 00:55:23.064000,0 days 01:52:20.159000
2024-06-23 13:58:37.717,OnTrack,-4030,-3600,1839,pos,0 days 00:55:23.304000,0 days 01:52:20.399000
2024-06-23 13:58:38.137,OnTrack,-4029,-3742,1839,pos,0 days 00:55:23.724000,0 days 01:52:20.819000
2024-06-23 13:58:38.357,OnTrack,-4053,-3900,1838,pos,0 days 00:55:23.944000,0 days 01:52:21.039000
2024-06-23 13:58:38.837,OnTrack,-4131,-4123,1836,pos,0 days 00:55:24.424000,0 days 01:52:21.519000
2024-06-23 13:58:39.117,OnTrack,-4189,-4233,1834,pos,0 days 00:55:24.704000,0 days 01:52:21.799000
2024-06-23 13:58:39.317,OnTrack,-4253,-4332,1833,pos,0 days 00:55:24.904000,0 days 01:52:21.999000
2024-06-23 13:58:39.597,OnTrack,-4349,-4470,1829,pos,0 days 00:55:25.184000,0 days 01:52:22.279000
2024-06-23 13:58:39.797,OnTrack,-4421,-4570,1827,pos,0 days 00:55:25.384000,0 days 01:52:22.479000
2024-06-23 13:58:39.997,OnTrack,-4540,-4732,1823,pos,0 days 00:55:25.584000,0 days 01:52:22.679000
2024-06-23 13:58:40.437,OnTrack,-4700,-4951,1818,pos,0 days 00:55:26.024000,0 days 01:52:23.119000
2024-06-23 13:58:40.876,OnTrack,-4863,-5174,1813,pos,0 days 00:55:26.463000,0 days 01:52:23.558000
2024-06-23 13:58:41.256,OnTrack,-4993,-5359,1807,pos,0 days 00:55:26.843000,0 days 01:52:23.938000
2024-06-23 13:58:41.676,OnTrack,-5083,-5501,1802,pos,0 days 00:55:27.263000,0 days 01:52:24.358000
2024-06-23 13:58:41.836,OnTrack,-5141,-5607,1798,pos,0 days 00:55:27.423000,0 days 01:52:24.518000
2024-06-23 13:58:42.296,OnTrack,-5192,-5727,1794,pos,0 days 00:55:27.883000,0 days 01:52:24.978000
2024-06-23 13:58:42.536,OnTrack,-5216,-5814,1789,pos,0 days 00:55:28.123000,0 days 01:52:25.218000
2024-06-23 13:58:42.876,OnTrack,-5227,-5916,1785,pos,0 days 00:55:28.463000,0 days 01:52:25.558000
2024-06-23 13:58:43.097,OnTrack,-5215,-6009,1780,pos,0 days 00:55:28.684000,0 days 01:52:25.779000
2024-06-23 13:58:43.537,OnTrack,-5175,-6101,1774,pos,0 days 00:55:29.124000,0 days 01:52:26.219000
2024-06-23 13:58:43.737,OnTrack,-5146,-6140,1770,pos,0 days 00:55:29.324000,0 days 01:52:26.419000
2024-06-23 13:58:43.957,OnTrack,-5104,-6179,1769,pos,0 days 00:55:29.544000,0 days 01:52:26.639000
2024-06-23 13:58:44.177,OnTrack,-5030,-6222,1764,pos,0 days 00:55:29.764000,0 days 01:52:26.859000
2024-06-23 13:58:44.537,OnTrack,-4940,-6246,1760,pos,0 days 00:55:30.124000,0 days 01:52:27.219000
2024-06-23 13:58:44.877,OnTrack,-4881,-6251,1756,pos,0 days 00:55:30.464000,0 days 01:52:27.559000
2024-06-23 13:58:45.057,OnTrack,-4832,-6250,1754,pos,0 days 00:55:30.644000,0 days 01:52:27.739000
2024-06-23 13:58:45.417,OnTrack,-4729,-6233,1746,pos,0 days 00:55:31.004000,0 days 01:52:28.099000
2024-06-23 13:58:45.597,OnTrack,-4676,-6219,1743,pos,0 days 00:55:31.184000,0 days 01:52:28.279000
2024-06-23 13:58:45.777,OnTrack,-4621,-6199,1739,pos,0 days 00:55:31.364000,0 days 01:52:28.459000
2024-06-23 13:58:45.917,OnTrack,-4577,-6182,1737,pos,0 days 00:55:31.504000,0 days 01:52:28.599000
2024-06-23 13:58:46.077,OnTrack,-4526,-6159,1734,pos,0 days 00:55:31.664000,0 days 01:52:28.759000
2024-06-23 13:58:46.397,OnTrack,-4417,-6104,1725,pos,0 days 00:55:31.984000,0 days 01:52:29.079000
2024-06-23 13:58:46.577,OnTrack,-4352,-6069,1722,pos,0 days 00:55:32.164000,0 days 01:52:29.259000
2024-06-23 13:58:46.797,OnTrack,-4268,-6023,1716,pos,0 days 00:55:32.384000,0 days 01:52:29.479000
2024-06-23 13:58:46.997,OnTrack,-4187,-5978,1710,pos,0 days 00:55:32.584000,0 days 01:52:29.679000
2024-06-23 13:58:47.296,OnTrack,-4055,-5909,1702,pos,0 days 00:55:32.883000,0 days 01:52:29.978000
2024-06-23 13:58:47.456,OnTrack,-3935,-5850,1694,pos,0 days 00:55:33.043000,0 days 01:52:30.138000
2024-06-23 13:58:47.736,OnTrack,-3801,-5789,1687,pos,0 days 00:55:33.323000,0 days 01:52:30.418000
2024-06-23 13:58:47.776,OnTrack,-3780,-5781,1686,pos,0 days 00:55:33.363000,0 days 01:52:30.458000
2024-06-23 13:58:47.976,OnTrack,-3676,-5737,1681,pos,0 days 00:55:33.563000,0 days 01:52:30.658000
2024-06-23 13:58:48.136,OnTrack,-3590,-5702,1677,pos,0 days 00:55:33.723000,0 days 01:52:30.818000
2024-06-23 13:58:48.356,OnTrack,-3470,-5650,1672,pos,0 days 00:55:33.943000,0 days 01:52:31.038000
2024-06-23 13:58:48.696,OnTrack,-3283,-5557,1664,pos,0 days 00:55:34.283000,0 days 01:52:31.378000
2024-06-23 13:58:48.936,OnTrack,-3097,-5444,1658,pos,0 days 00:55:34.523000,0 days 01:52:31.618000
2024-06-23 13:58:49.316,OnTrack,-2899,-5290,1653,pos,0 days 00:55:34.903000,0 days 01:52:31.998000
2024-06-23 13:58:49.597,OnTrack,-2800,-5197,1652,pos,0 days 00:55:35.184000,0 days 01:52:32.279000
2024-06-23 13:58:49.977,OnTrack,-2616,-4991,1650,pos,0 days 00:55:35.564000,0 days 01:52:32.659000
2024-06-23 13:58:50.377,OnTrack,-2441,-4752,1651,pos,0 days 00:55:35.964000,0 days 01:52:33.059000
2024-06-23 13:58:50.757,OnTrack,-2318,-4575,1653,pos,0 days 00:55:36.344000,0 days 01:52:33.439000
2024-06-23 13:58:50.877,OnTrack,-2277,-4514,1653,pos,0 days 00:55:36.464000,0 days 01:52:33.559000
2024-06-23 13:58:51.217,OnTrack,-2168,-4344,1658,pos,0 days 00:55:36.804000,0 days 01:52:33.899000
2024-06-23 13:58:51.457,OnTrack,-2128,-4262,1661,pos,0 days 00:55:37.044000,0 days 01:52:34.139000
2024-06-23 13:58:51.797,OnTrack,-2093,-4131,1662,pos,0 days 00:55:37.384000,0 days 01:52:34.479000
2024-06-23 13:58:51.877,OnTrack,-2089,-4098,1662,pos,0 days 00:55:37.464000,0 days 01:52:34.559000
2024-06-23 13:58:52.137,OnTrack,-2083,-3991,1665,pos,0 days 00:55:37.724000,0 days 01:52:34.819000
2024-06-23 13:58:52.397,OnTrack,-2087,-3891,1669,pos,0 days 00:55:37.984000,0 days 01:52:35.079000
2024-06-23 13:58:52.577,OnTrack,-2110,-3777,1675,pos,0 days 00:55:38.164000,0 days 01:52:35.259000
2024-06-23 13:58:52.997,OnTrack,-2153,-3687,1680,pos,0 days 00:55:38.584000,0 days 01:52:35.679000
2024-06-23 13:58:53.217,OnTrack,-2201,-3624,1683,pos,0 days 00:55:38.804000,0 days 01:52:35.899000
2024-06-23 13:58:53.417,OnTrack,-2255,-3571,1686,pos,0 days 00:55:39.004000,0 days 01:52:36.099000
2024-06-23 13:58:53.657,OnTrack,-2328,-3515,1690,pos,0 days 00:55:39.244000,0 days 01:52:36.339000
2024-06-23 13:58:53.896,OnTrack,-2451,-3426,1697,pos,0 days 00:55:39.483000,0 days 01:52:36.578000
2024-06-23 13:58:54.216,OnTrack,-2510,-3379,1701,pos,0 days 00:55:39.803000,0 days 01:52:36.898000
2024-06-23 13:58:54.516,OnTrack,-2643,-3248,1714,pos,0 days 00:55:40.103000,0 days 01:52:37.198000
2024-06-23 13:58:54.856,OnTrack,-2705,-3166,1721,pos,0 days 00:55:40.443000,0 days 01:52:37.538000
2024-06-23 13:58:55.036,OnTrack,-2751,-3091,1728,pos,0 days 00:55:40.623000,0 days 01:52:37.718000
2024-06-23 13:58:55.336,OnTrack,-2847,-2895,1741,pos,0 days 00:55:40.923000,0 days 01:52:38.018000
2024-06-23 13:58:55.796,OnTrack,-2925,-2724,1752,pos,0 days 00:55:41.383000,0 days 01:52:38.478000
2024-06-23 13:58:55.876,OnTrack,-2944,-2683,1755,pos,0 days 00:55:41.463000,0 days 01:52:38.558000
2024-06-23 13:58:56.076,OnTrack,-2993,-2579,1762,pos,0 days 00:55:41.663000,0 days 01:52:38.758000
2024-06-23 13:58:56.437,OnTrack,-3100,-2356,1776,pos,0 days 00:55:42.024000,0 days 01:52:39.119000
2024-06-23 13:58:56.757,OnTrack,-3164,-2219,1786,pos,0 days 00:55:42.344000,0 days 01:52:39.439000
2024-06-23 13:58:57.017,OnTrack,-3236,-2068,1796,pos,0 days 00:55:42.604000,0 days 01:52:39.699000
2024-06-23 13:58:57.237,OnTrack,-3338,-1856,1810,pos,0 days 00:55:42.824000,0 days 01:52:39.919000
2024-06-23 13:58:57.637,OnTrack,-3442,-1612,1826,pos,0 days 00:55:43.224000,0 days 01:52:40.319000
2024-06-23 13:58:57.977,OnTrack,-3479,-1489,1833,pos,0 days 00:55:43.564000,0 days 01:52:40.659000
2024-06-23 13:58:58.177,OnTrack,-3507,-1278,1843,pos,0 days 00:55:43.764000,0 days 01:52:40.859000
2024-06-23 13:58:58.717,OnTrack,-3491,-1032,1853,pos,0 days 00:55:44.304000,0 days 01:52:41.399000
2024-06-23 13:58:58.897,OnTrack,-3471,-926,1856,pos,0 days 00:55:44.484000,0 days 01:52:41.579000
2024-06-23 13:58:58.977,OnTrack,-3460,-879,1858,pos,0 days 00:55:44.564000,0 days 01:52:41.659000
2024-06-23 13:58:59.257,OnTrack,-3386,-666,1866,pos,0 days 00:55:44.844000,0 days 01:52:41.939000
2024-06-23 13:58:59.597,OnTrack,-3320,-540,1870,pos,0 days 00:55:45.184000,0 days 01:52:42.279000
2024-06-23 13:58:59.917,OnTrack,-3202,-389,1873,pos,0 days 00:55:45.504000,0 days 01:52:42.599000
2024-06-23 13:59:00.037,OnTrack,-3076,-290,1874,pos,0 days 00:55:45.624000,0 days 01:52:42.719000
2024-06-23 13:59:00.377,OnTrack,-2961,-229,1875,pos,0 days 00:55:45.964000,0 days 01:52:43.059000
2024-06-23 13:59:00.596,OnTrack,-2826,-172,1874,pos,0 days 00:55:46.183000,0 days 01:52:43.278000
2024-06-23 13:59:00.816,OnTrack,-2689,-118,1872,pos,0 days 00:55:46.403000,0 days 01:52:43.498000
2024-06-23 13:59:01.156,OnTrack,-2479,-27,1870,pos,0 days 00:55:46.743000,0 days 01:52:43.838000
2024-06-23 13:59:01.336,OnTrack,-2303,54,1867,pos,0 days 00:55:46.923000,0 days 01:52:44.018000
2024-06-23 13:59:01.716,OnTrack,-2125,138,1865,pos,0 days 00:55:47.303000,0 days 01:52:44.398000
2024-06-23 13:59:01.916,OnTrack,-1997,198,1863,pos,0 days 00:55:47.503000,0 days 01:52:44.598000
2024-06-23 13:59:02.036,OnTrack,-1919,235,1862,pos,0 days 00:55:47.623000,0 days 01:52:44.718000
2024-06-23 13:59:02.296,OnTrack,-1749,316,1860,pos,0 days 00:55:47.883000,0 days 01:52:44.978000
2024-06-23 13:59:02.496,OnTrack,-1616,379,1858,pos,0 days 00:55:48.083000,0 days 01:52:45.178000
2024-06-23 13:59:02.676,OnTrack,-1496,436,1857,pos,0 days 00:55:48.263000,0 days 01:52:45.358000
2024-06-23 13:59:03.397,OnTrack,-902,731,1849,pos,0 days 00:55:48.984000,0 days 01:52:46.079000
2024-06-23 13:59:03.677,OnTrack,-793,790,1848,pos,0 days 00:55:49.264000,0 days 01:52:46.359000
2024-06-23 13:59:03.937,OnTrack,-614,885,1845,pos,0 days 00:55:49.524000,0 days 01:52:46.619000
2024-06-23 13:59:04.137,OnTrack,-476,959,1843,pos,0 days 00:55:49.724000,0 days 01:52:46.819000
2024-06-23 13:59:04.477,OnTrack,-240,1085,1840,pos,0 days 00:55:50.064000,0 days 01:52:47.159000
2024-06-23 13:59:04.697,OnTrack,-85,1167,1838,pos,0 days 00:55:50.284000,0 days 01:52:47.379000
2024-06-23 13:59:04.857,OnTrack,26,1227,1836,pos,0 days 00:55:50.444000,0 days 01:52:47.539000
2024-06-23 13:59:05.057,OnTrack,237,1339,1834,pos,0 days 00:55:50.644000,0 days 01:52:47.739000
2024-06-23 13:59:05.457,OnTrack,551,1493,1829,pos,0 days 00:55:51.044000,0 days 01:52:48.139000
2024-06-23 13:59:05.917,OnTrack,766,1584,1827,pos,0 days 00:55:51.504000,0 days 01:52:48.599000
2024-06-23 13:59:06.037,OnTrack,908,1641,1825,pos,0 days 00:55:51.624000,0 days 01:52:48.719000
2024-06-23 13:59:06.437,OnTrack,1048,1698,1823,pos,0 days 00:55:52.024000,0 days 01:52:49.119000
2024-06-23 13:59:06.757,OnTrack,1205,1772,1822,pos,0 days 00:55:52.344000,0 days 01:52:49.439000
2024-06-23 13:59:07.136,OnTrack,1312,1840,1821,pos,0 days 00:55:52.723000,0 days 01:52:49.818000
2024-06-23 13:59:07.376,OnTrack,1378,1902,1820,pos,0 days 00:55:52.963000,0 days 01:52:50.058000
2024-06-23 13:59:07.536,OnTrack,1426,1970,1819,pos,0 days 00:55:53.123000,0 days 01:52:50.218000
2024-06-23 13:59:07.836,OnTrack,1453,2039,1818,pos,0 days 00:55:53.423000,0 days 01:52:50.518000
2024-06-23 13:59:08.016,OnTrack,1463,2096,1817,pos,0 days 00:55:53.603000,0 days 01:52:50.698000
2024-06-23 13:59:08.256,OnTrack,1461,2174,1817,pos,0 days 00:55:53.843000,0 days 01:52:50.938000
2024-06-23 13:59:08.436,OnTrack,1451,2230,1817,pos,0 days 00:55:54.023000,0 days 01:52:51.118000
2024-06-23 13:59:08.696,OnTrack,1425,2307,1818,pos,0 days 00:55:54.283000,0 days 01:52:51.378000
2024-06-23 13:59:08.896,OnTrack,1397,2362,1820,pos,0 days 00:55:54.483000,0 days 01:52:51.578000
2024-06-23 13:59:09.136,OnTrack,1358,2422,1822,pos,0 days 00:55:54.723000,0 days 01:52:51.818000
2024-06-23 13:59:09.437,OnTrack,1298,2492,1824,pos,0 days 00:55:55.024000,0 days 01:52:52.119000
2024-06-23 13:59:09.597,OnTrack,1234,2546,1826,pos,0 days 00:55:55.184000,0 days 01:52:52.279000
2024-06-23 13:59:09.977,OnTrack,1182,2579,1827,pos,0 days 00:55:55.564000,0 days 01:52:52.659000
2024-06-23 13:59:10.217,OnTrack,1094,2616,1829,pos,0 days 00:55:55.804000,0 days 01:52:52.899000
2024-06-23 13:59:10.597,OnTrack,972,2646,1832,pos,0 days 00:55:56.184000,0 days 01:52:53.279000
2024-06-23 13:59:10.937,OnTrack,910,2655,1833,pos,0 days 00:55:56.524000,0 days 01:52:53.619000
2024-06-23 13:59:11.157,OnTrack,837,2659,1835,pos,0 days 00:55:56.744000,0 days 01:52:53.839000
2024-06-23 13:59:11.397,OnTrack,752,2658,1836,pos,0 days 00:55:56.984000,0 days 01:52:54.079000
2024-06-23 13:59:11.577,OnTrack,685,2651,1838,pos,0 days 00:55:57.164000,0 days 01:52:54.259000
2024-06-23 13:59:11.837,OnTrack,584,2632,1840,pos,0 days 00:55:57.424000,0 days 01:52:54.519000
2024-06-23 13:59:12.097,OnTrack,438,2585,1845,pos,0 days 00:55:57.684000,0 days 01:52:54.779000
2024-06-23 13:59:12.337,OnTrack,379,2559,1847,pos,0 days 00:55:57.924000,0 days 01:52:55.019000
2024-06-23 13:59:12.637,OnTrack,252,2489,1853,pos,0 days 00:55:58.224000,0 days 01:52:55.319000
2024-06-23 13:59:12.917,OnTrack,79,2373,1863,pos,0 days 00:55:58.504000,0 days 01:52:55.599000
2024-06-23 13:59:13.317,OnTrack,-29,2297,1868,pos,0 days 00:55:58.904000,0 days 01:52:55.999000
2024-06-23 13:59:13.477,OnTrack,-164,2221,1874,pos,0 days 00:55:59.064000,0 days 01:52:56.159000
2024-06-23 13:59:13.876,OnTrack,-280,2173,1878,pos,0 days 00:55:59.463000,0 days 01:52:56.558000
2024-06-23 13:59:14.036,OnTrack,-348,2152,1880,pos,0 days 00:55:59.623000,0 days 01:52:56.718000
2024-06-23 13:59:14.276,OnTrack,-448,2131,1885,pos,0 days 00:55:59.863000,0 days 01:52:56.958000
2024-06-23 13:59:14.436,OnTrack,-512,2124,1888,pos,0 days 00:56:00.023000,0 days 01:52:57.118000
2024-06-23 13:59:14.736,OnTrack,-650,2127,1895,pos,0 days 00:56:00.323000,0 days 01:52:57.418000
2024-06-23 13:59:14.976,OnTrack,-714,2138,1898,pos,0 days 00:56:00.563000,0 days 01:52:57.658000
2024-06-23 13:59:15.356,OnTrack,-858,2201,1905,pos,0 days 00:56:00.943000,0 days 01:52:58.038000
2024-06-23 13:59:15.676,OnTrack,-949,2288,1908,pos,0 days 00:56:01.263000,0 days 01:52:58.358000
2024-06-23 13:59:16.177,OnTrack,-1017,2410,1911,pos,0 days 00:56:01.764000,0 days 01:52:58.859000
2024-06-23 13:59:16.517,OnTrack,-1046,2531,1913,pos,0 days 00:56:02.104000,0 days 01:52:59.199000
2024-06-23 13:59:16.857,OnTrack,-1051,2595,1914,pos,0 days 00:56:02.444000,0 days 01:52:59.539000
2024-06-23 13:59:17.097,OnTrack,-1047,2673,1915,pos,0 days 00:56:02.684000,0 days 01:52:59.779000
2024-06-23 13:59:17.417,OnTrack,-1021,2797,1917,pos,0 days 00:56:03.004000,0 days 01:53:00.099000
2024-06-23 13:59:17.697,OnTrack,-997,2868,1917,pos,0 days 00:56:03.284000,0 days 01:53:00.379000
2024-06-23 13:59:17.937,OnTrack,-962,2943,1920,pos,0 days 00:56:03.524000,0 days 01:53:00.619000
2024-06-23 13:59:18.097,OnTrack,-934,2992,1920,pos,0 days 00:56:03.684000,0 days 01:53:00.779000
2024-06-23 13:59:18.477,OnTrack,-815,3148,1922,pos,0 days 00:56:04.064000,0 days 01:53:01.159000
2024-06-23 13:59:18.797,OnTrack,-759,3204,1923,pos,0 days 00:56:04.384000,0 days 01:53:01.479000
2024-06-23 13:59:18.957,OnTrack,-711,3248,1922,pos,0 days 00:56:04.544000,0 days 01:53:01.639000
2024-06-23 13:59:19.237,OnTrack,-579,3357,1921,pos,0 days 00:56:04.824000,0 days 01:53:01.919000
2024-06-23 13:59:19.737,OnTrack,-405,3492,1919,pos,0 days 00:56:05.324000,0 days 01:53:02.419000
2024-06-23 13:59:20.037,OnTrack,-318,3564,1917,pos,0 days 00:56:05.624000,0 days 01:53:02.719000
2024-06-23 13:59:20.276,OnTrack,-168,3692,1913,pos,0 days 00:56:05.863000,0 days 01:53:02.958000
2024-06-23 13:59:20.656,OnTrack,-54,3788,1910,pos,0 days 00:56:06.243000,0 days 01:53:03.338000
2024-06-23 13:59:20.976,OnTrack,134,3937,1902,pos,0 days 00:56:06.563000,0 days 01:53:03.658000
2024-06-23 13:59:21.356,OnTrack,290,4036,1894,pos,0 days 00:56:06.943000,0 days 01:53:04.038000
2024-06-23 13:59:21.556,OnTrack,486,4113,1885,pos,0 days 00:56:07.143000,0 days 01:53:04.238000
2024-06-23 13:59:21.876,OnTrack,596,4133,1880,pos,0 days 00:56:07.463000,0 days 01:53:04.558000
2024-06-23 13:59:22.116,OnTrack,744,4138,1872,pos,0 days 00:56:07.703000,0 days 01:53:04.798000
2024-06-23 13:59:22.276,OnTrack,844,4128,1867,pos,0 days 00:56:07.863000,0 days 01:53:04.958000
2024-06-23 13:59:22.517,OnTrack,1004,4095,1857,pos,0 days 00:56:08.104000,0 days 01:53:05.199000
2024-06-23 13:59:22.837,OnTrack,1267,3994,1842,pos,0 days 00:56:08.424000,0 days 01:53:05.519000
2024-06-23 13:59:23.197,OnTrack,1394,3928,1834,pos,0 days 00:56:08.784000,0 days 01:53:05.879000
2024-06-23 13:59:23.457,OnTrack,1578,3820,1824,pos,0 days 00:56:09.044000,0 days 01:53:06.139000
2024-06-23 13:59:23.777,OnTrack,1727,3724,1814,pos,0 days 00:56:09.364000,0 days 01:53:06.459000
2024-06-23 13:59:23.977,OnTrack,1843,3650,1808,pos,0 days 00:56:09.564000,0 days 01:53:06.659000
2024-06-23 13:59:24.257,OnTrack,2067,3507,1794,pos,0 days 00:56:09.844000,0 days 01:53:06.939000
2024-06-23 13:59:24.577,OnTrack,2194,3425,1787,pos,0 days 00:56:10.164000,0 days 01:53:07.259000
2024-06-23 13:59:24.737,OnTrack,2279,3368,1784,pos,0 days 00:56:10.324000,0 days 01:53:07.419000
2024-06-23 13:59:25.017,OnTrack,2412,3273,1776,pos,0 days 00:56:10.604000,0 days 01:53:07.699000
2024-06-23 13:59:25.217,OnTrack,2495,3206,1772,pos,0 days 00:56:10.804000,0 days 01:53:07.899000
2024-06-23 13:59:25.497,OnTrack,2591,3114,1767,pos,0 days 00:56:11.084000,0 days 01:53:08.179000
2024-06-23 13:59:25.677,OnTrack,2651,3049,1763,pos,0 days 00:56:11.264000,0 days 01:53:08.359000
2024-06-23 13:59:25.937,OnTrack,2761,2895,1756,pos,0 days 00:56:11.524000,0 days 01:53:08.619000
2024-06-23 13:59:26.217,OnTrack,2791,2834,1755,pos,0 days 00:56:11.804000,0 days 01:53:08.899000
2024-06-23 13:59:26.377,OnTrack,2820,2762,1753,pos,0 days 00:56:11.964000,0 days 01:53:09.059000
2024-06-23 13:59:26.597,OnTrack,2851,2658,1749,pos,0 days 00:56:12.184000,0 days 01:53:09.279000
2024-06-23 13:59:26.936,OnTrack,2772,2553,1744,pos,0 days 00:56:12.523000,0 days 01:53:09.618000
2024-06-23 13:59:27.356,OnTrack,2750,2467,1744,pos,0 days 00:56:12.943000,0 days 01:53:10.038000
2024-06-23 13:59:27.556,OnTrack,2750,2325,1744,pos,0 days 00:56:13.143000,0 days 01:53:10.238000
2024-06-23 13:59:27.816,OnTrack,2735,2232,1744,pos,0 days 00:56:13.403000,0 days 01:53:10.498000
2024-06-23 13:59:28.176,OnTrack,2665,2045,1744,pos,0 days 00:56:13.763000,0 days 01:53:10.858000
2024-06-23 13:59:28.336,OnTrack,2593,1912,1744,pos,0 days 00:56:13.923000,0 days 01:53:11.018000
2024-06-23 13:59:28.776,OnTrack,2437,1666,1744,pos,0 days 00:56:14.363000,0 days 01:53:11.458000
2024-06-23 13:59:29.097,OnTrack,2368,1560,1744,pos,0 days 00:56:14.684000,0 days 01:53:11.779000
2024-06-23 13:59:29.377,OnTrack,2273,1413,1744,pos,0 days 00:56:14.964000,0 days 01:53:12.059000
2024-06-23 13:59:29.557,OnTrack,2184,1276,1744,pos,0 days 00:56:15.144000,0 days 01:53:12.239000
2024-06-23 13:59:29.997,OnTrack,2105,1155,1744,pos,0 days 00:56:15.584000,0 days 01:53:12.679000
2024-06-23 13:59:30.217,OnTrack,2049,1070,1744,pos,0 days 00:56:15.804000,0 days 01:53:12.899000
2024-06-23 13:59:30.457,OnTrack,1981,963,1744,pos,0 days 00:56:16.044000,0 days 01:53:13.139000
2024-06-23 13:59:30.837,OnTrack,1923,873,1744,pos,0 days 00:56:16.424000,0 days 01:53:13.519000
2024-06-23 13:59:31.117,OnTrack,1894,828,1744,pos,0 days 00:56:16.704000,0 days 01:53:13.799000
2024-06-23 13:59:31.397,OnTrack,1861,777,1744,pos,0 days 00:56:16.984000,0 days 01:53:14.079000
2024-06-23 13:59:31.597,OnTrack,1747,599,1744,pos,0 days 00:56:17.184000,0 days 01:53:14.279000
2024-06-23 13:59:31.797,OnTrack,1723,562,1744,pos,0 days 00:56:17.384000,0 days 01:53:14.479000
2024-06-23 13:59:31.957,OnTrack,1704,533,1744,pos,0 days 00:56:17.544000,0 days 01:53:14.639000
2024-06-23 13:59:32.237,OnTrack,1671,481,1744,pos,0 days 00:56:17.824000,0 days 01:53:14.919000
2024-06-23 13:59:32.397,OnTrack,1652,452,1744,pos,0 days 00:56:17.984000,0 days 01:53:15.079000
2024-06-23 13:59:32.677,OnTrack,1601,374,1744,pos,0 days 00:56:18.264000,0 days 01:53:15.359000
2024-06-23 13:59:32.957,OnTrack,1585,348,1744,pos,0 days 00:56:18.544000,0 days 01:53:15.639000
2024-06-23 13:59:33.237,OnTrack,1551,296,1744,pos,0 days 00:56:18.824000,0 days 01:53:15.919000
2024-06-23 13:59:33.536,OnTrack,1506,225,1744,pos,0 days 00:56:19.123000,0 days 01:53:16.218000
2024-06-23 13:59:33.716,OnTrack,1484,191,1744,pos,0 days 00:56:19.303000,0 days 01:53:16.398000
2024-06-23 13:59:33.956,OnTrack,1448,136,1744,pos,0 days 00:56:19.543000,0 days 01:53:16.638000
2024-06-23 13:59:34.316,OnTrack,1412,80,1744,pos,0 days 00:56:19.903000,0 days 01:53:16.998000
2024-06-23 13:59:34.516,OnTrack,1376,24,1744,pos,0 days 00:56:20.103000,0 days 01:53:17.198000
2024-06-23 13:59:34.816,OnTrack,1352,-12,1744,pos,0 days 00:56:20.403000,0 days 01:53:17.498000
2024-06-23 13:59:35.136,OnTrack,1314,-71,1744,pos,0 days 00:56:20.723000,0 days 01:53:17.818000
2024-06-23 13:59:35.296,OnTrack,1295,-101,1744,pos,0 days 00:56:20.883000,0 days 01:53:17.978000
2024-06-23 13:59:35.496,OnTrack,1271,-138,1744,pos,0 days 00:56:21.083000,0 days 01:53:18.178000
2024-06-23 13:59:35.697,OnTrack,1245,-179,1744,pos,0 days 00:56:21.284000,0 days 01:53:18.379000
2024-06-23 13:59:35.937,OnTrack,1202,-246,1744,pos,0 days 00:56:21.524000,0 days 01:53:18.619000
2024-06-23 13:59:36.437,OnTrack,1156,-316,1744,pos,0 days 00:56:22.024000,0 days 01:53:19.119000
2024-06-23 13:59:36.677,OnTrack,1130,-356,1744,pos,0 days 00:56:22.264000,0 days 01:53:19.359000
2024-06-23 13:59:36.937,OnTrack,1097,-408,1744,pos,0 days 00:56:22.524000,0 days 01:53:19.619000
2024-06-23 13:59:37.197,OnTrack,1065,-457,1744,pos,0 days 00:56:22.784000,0 days 01:53:19.879000
2024-06-23 13:59:37.377,OnTrack,1029,-513,1744,pos,0 days 00:56:22.964000,0 days 01:53:20.059000
2024-06-23 13:59:37.677,OnTrack,1007,-546,1744,pos,0 days 00:56:23.264000,0 days 01:53:20.359000
2024-06-23 13:59:38.057,OnTrack,957,-625,1744,pos,0 days 00:56:23.644000,0 days 01:53:20.739000
2024-06-23 13:59:38.317,OnTrack,931,-665,1744,pos,0 days 00:56:23.904000,0 days 01:53:20.999000
2024-06-23 13:59:38.537,OnTrack,904,-706,1744,pos,0 days 00:56:24.124000,0 days 01:53:21.219000
2024-06-23 13:59:38.897,OnTrack,848,-793,1744,pos,0 days 00:56:24.484000,0 days 01:53:21.579000
2024-06-23 13:59:39.257,OnTrack,820,-838,1744,pos,0 days 00:56:24.844000,0 days 01:53:21.939000
2024-06-23 13:59:39.377,OnTrack,805,-860,1744,pos,0 days 00:56:24.964000,0 days 01:53:22.059000
2024-06-23 13:59:39.557,OnTrack,784,-894,1744,pos,0 days 00:56:25.144000,0 days 01:53:22.239000
2024-06-23 13:59:39.777,OnTrack,758,-935,1744,pos,0 days 00:56:25.364000,0 days 01:53:22.459000
2024-06-23 13:59:39.996,OnTrack,731,-975,1744,pos,0 days 00:56:25.583000,0 days 01:53:22.678000
2024-06-23 13:59:40.216,OnTrack,705,-1016,1744,pos,0 days 00:56:25.803000,0 days 01:53:22.898000
2024-06-23 13:59:40.436,OnTrack,679,-1057,1744,pos,0 days 00:56:26.023000,0 days 01:53:23.118000
2024-06-23 13:59:40.696,OnTrack,651,-1101,1744,pos,0 days 00:56:26.283000,0 days 01:53:23.378000
2024-06-23 13:59:40.956,OnTrack,608,-1168,1744,pos,0 days 00:56:26.543000,0 days 01:53:23.638000
2024-06-23 13:59:41.256,OnTrack,584,-1205,1744,pos,0 days 00:56:26.843000,0 days 01:53:23.938000
2024-06-23 13:59:41.496,OnTrack,556,-1250,1744,pos,0 days 00:56:27.083000,0 days 01:53:24.178000
2024-06-23 13:59:41.656,OnTrack,536,-1280,1744,pos,0 days 00:56:27.243000,0 days 01:53:24.338000
2024-06-23 13:59:41.876,OnTrack,510,-1320,1744,pos,0 days 00:56:27.463000,0 days 01:53:24.558000
2024-06-23 13:59:42.096,OnTrack,483,-1361,1744,pos,0 days 00:56:27.683000,0 days 01:53:24.778000
2024-06-23 13:59:42.297,OnTrack,457,-1402,1744,pos,0 days 00:56:27.884000,0 days 01:53:24.979000
2024-06-23 13:59:42.597,OnTrack,418,-1461,1744,pos,0 days 00:56:28.184000,0 days 01:53:25.279000
2024-06-23 13:59:42.777,OnTrack,390,-1505,1744,pos,0 days 00:56:28.364000,0 days 01:53:25.459000
2024-06-23 13:59:43.157,OnTrack,354,-1561,1744,pos,0 days 00:56:28.744000,0 days 01:53:25.839000
2024-06-23 13:59:43.337,OnTrack,332,-1595,1744,pos,0 days 00:56:28.924000,0 days 01:53:26.019000
2024-06-23 13:59:43.597,OnTrack,301,-1643,1744,pos,0 days 00:56:29.184000,0 days 01:53:26.279000
2024-06-23 13:59:43.757,OnTrack,282,-1673,1744,pos,0 days 00:56:29.344000,0 days 01:53:26.439000
2024-06-23 13:59:43.957,OnTrack,258,-1710,1744,pos,0 days 00:56:29.544000,0 days 01:53:26.639000
2024-06-23 13:59:44.257,OnTrack,227,-1758,1744,pos,0 days 00:56:29.844000,0 days 01:53:26.939000
2024-06-23 13:59:44.457,OnTrack,191,-1814,1744,pos,0 days 00:56:30.044000,0 days 01:53:27.139000
2024-06-23 13:59:44.837,OnTrack,159,-1865,1744,pos,0 days 00:56:30.424000,0 days 01:53:27.519000
2024-06-23 13:59:45.037,OnTrack,137,-1898,1744,pos,0 days 00:56:30.624000,0 days 01:53:27.719000
2024-06-23 13:59:45.957,OnTrack,53,-2028,1744,pos,0 days 00:56:31.544000,0 days 01:53:28.639000
2024-06-23 13:59:46.217,OnTrack,46,-2040,1744,pos,0 days 00:56:31.804000,0 days 01:53:28.899000
2024-06-23 13:59:46.457,OnTrack,35,-2057,1744,pos,0 days 00:56:32.044000,0 days 01:53:29.139000
2024-06-23 13:59:46.736,OnTrack,25,-2072,1744,pos,0 days 00:56:32.323000,0 days 01:53:29.418000
2024-06-23 13:59:46.956,OnTrack,20,-2080,1744,pos,0 days 00:56:32.543000,0 days 01:53:29.638000
2024-06-23 13:59:47.136,OnTrack,16,-2086,1744,pos,0 days 00:56:32.723000,0 days 01:53:29.818000
2024-06-23 13:59:47.436,OnTrack,15,-2087,1744,pos,0 days 00:56:33.023000,0 days 01:53:30.118000
2024-06-23 13:59:47.756,OnTrack,15,-2087,1744,pos,0 days 00:56:33.343000,0 days 01:53:30.438000
2024-06-23 13:59:47.936,OnTrack,15,-2087,1744,pos,0 days 00:56:33.523000,0 days 01:53:30.618000
2024-06-23 13:59:48.136,OnTrack,15,-2087,1744,pos,0 days 00:56:33.723000,0 days 01:53:30.818000
2024-06-23 13:59:48.296,OnTrack,15,-2087,1744,pos,0 days 00:56:33.883000,0 days 01:53:30.978000
2024-06-23 13:59:48.576,OnTrack,15,-2087,1744,pos,0 days 00:56:34.163000,0 days 01:53:31.258000
2024-06-23 13:59:48.857,OnTrack,15,-2087,1744,pos,0 days 00:56:34.444000,0 days 01:53:31.539000
2024-06-23 13:59:49.037,OnTrack,15,-2087,1744,pos,0 days 00:56:34.624000,0 days 01:53:31.719000
2024-06-23 13:59:49.417,OnTrack,15,-2087,1744,pos,0 days 00:56:35.004000,0 days 01:53:32.099000
2024-06-23 13:59:49.557,OnTrack,15,-2087,1744,pos,0 days 00:56:35.144000,0 days 01:53:32.239000
2024-06-23 13:59:49.757,OnTrack,15,-2087,1744,pos,0 days 00:56:35.344000,0 days 01:53:32.439000
2024-06-23 13:59:50.057,OnTrack,15,-2087,1744,pos,0 days 00:56:35.644000,0 days 01:53:32.739000
2024-06-23 13:59:50.277,OnTrack,15,-2087,1744,pos,0 days 00:56:35.864000,0 days 01:53:32.959000
2024-06-23 13:59:50.557,OnTrack,15,-2087,1744,pos,0 days 00:56:36.144000,0 days 01:53:33.239000
2024-06-23 13:59:50.717,OnTrack,15,-2087,1744,pos,0 days 00:56:36.304000,0 days 01:53:33.399000
2024-06-23 13:59:51.117,OnTrack,15,-2087,1744,pos,0 days 00:56:36.704000,0 days 01:53:33.799000
2024-06-23 13:59:51.297,OnTrack,15,-2087,1744,pos,0 days 00:56:36.884000,0 days 01:53:33.979000
2024-06-23 13:59:51.457,OnTrack,15,-2087,1744,pos,0 days 00:56:37.044000,0 days 01:53:34.139000
2024-06-23 13:59:51.657,OnTrack,15,-2087,1744,pos,0 days 00:56:37.244000,0 days 01:53:34.339000
2024-06-23 13:59:52.017,OnTrack,14,-2088,1744,pos,0 days 00:56:37.604000,0 days 01:53:34.699000
2024-06-23 13:59:52.177,OnTrack,13,-2091,1744,pos,0 days 00:56:37.764000,0 days 01:53:34.859000
2024-06-23 13:59:52.537,OnTrack,7,-2100,1744,pos,0 days 00:56:38.124000,0 days 01:53:35.219000
2024-06-23 13:59:52.737,OnTrack,-2,-2115,1744,pos,0 days 00:56:38.324000,0 days 01:53:35.419000
2024-06-23 13:59:53.017,OnTrack,-7,-2123,1744,pos,0 days 00:56:38.604000,0 days 01:53:35.699000
2024-06-23 13:59:53.296,OnTrack,-27,-2153,1744,pos,0 days 00:56:38.883000,0 days 01:53:35.978000
2024-06-23 13:59:53.696,OnTrack,-43,-2178,1744,pos,0 days 00:56:39.283000,0 days 01:53:36.378000
2024-06-23 13:59:53.876,OnTrack,-55,-2197,1744,pos,0 days 00:56:39.463000,0 days 01:53:36.558000
2024-06-23 13:59:54.056,OnTrack,-68,-2217,1744,pos,0 days 00:56:39.643000,0 days 01:53:36.738000
2024-06-23 13:59:54.296,OnTrack,-89,-2248,1744,pos,0 days 00:56:39.883000,0 days 01:53:36.978000
2024-06-23 13:59:54.476,OnTrack,-105,-2274,1744,pos,0 days 00:56:40.063000,0 days 01:53:37.158000
2024-06-23 13:59:54.716,OnTrack,-129,-2311,1744,pos,0 days 00:56:40.303000,0 days 01:53:37.398000
2024-06-23 13:59:54.956,OnTrack,-173,-2377,1744,pos,0 days 00:56:40.543000,0 days 01:53:37.638000
2024-06-23 13:59:55.377,OnTrack,-210,-2431,1744,pos,0 days 00:56:40.964000,0 days 01:53:38.059000
2024-06-23 13:59:55.617,OnTrack,-239,-2474,1744,pos,0 days 00:56:41.204000,0 days 01:53:38.299000
2024-06-23 13:59:55.777,OnTrack,-259,-2504,1744,pos,0 days 00:56:41.364000,0 days 01:53:38.459000
2024-06-23 13:59:55.997,OnTrack,-283,-2542,1744,pos,0 days 00:56:41.584000,0 days 01:53:38.679000
2024-06-23 13:59:56.237,OnTrack,-314,-2589,1744,pos,0 days 00:56:41.824000,0 days 01:53:38.919000
2024-06-23 13:59:56.417,OnTrack,-339,-2627,1744,pos,0 days 00:56:42.004000,0 days 01:53:39.099000
2024-06-23 13:59:56.717,OnTrack,-395,-2715,1744,pos,0 days 00:56:42.304000,0 days 01:53:39.399000
2024-06-23 13:59:56.997,OnTrack,-428,-2766,1744,pos,0 days 00:56:42.584000,0 days 01:53:39.679000
2024-06-23 13:59:57.217,OnTrack,-467,-2827,1744,pos,0 days 00:56:42.804000,0 days 01:53:39.899000
2024-06-23 13:59:57.417,OnTrack,-503,-2886,1744,pos,0 days 00:56:43.004000,0 days 01:53:40.099000
2024-06-23 13:59:57.697,OnTrack,-558,-2978,1744,pos,0 days 00:56:43.284000,0 days 01:53:40.379000
2024-06-23 13:59:57.897,OnTrack,-599,-3049,1744,pos,0 days 00:56:43.484000,0 days 01:53:40.579000
2024-06-23 13:59:58.077,OnTrack,-665,-3165,1744,pos,0 days 00:56:43.664000,0 days 01:53:40.759000
2024-06-23 13:59:58.577,OnTrack,-758,-3327,1744,pos,0 days 00:56:44.164000,0 days 01:53:41.259000
2024-06-23 13:59:58.737,OnTrack,-799,-3399,1744,pos,0 days 00:56:44.324000,0 days 01:53:41.419000
2024-06-23 13:59:58.977,OnTrack,-862,-3511,1744,pos,0 days 00:56:44.564000,0 days 01:53:41.659000
2024-06-23 13:59:59.137,OnTrack,-907,-3588,1744,pos,0 days 00:56:44.724000,0 days 01:53:41.819000
2024-06-23 13:59:59.337,OnTrack,-963,-3687,1744,pos,0 days 00:56:44.924000,0 days 01:53:42.019000
2024-06-23 13:59:59.457,OnTrack,-998,-3748,1744,pos,0 days 00:56:45.044000,0 days 01:53:42.139000
2024-06-23 13:59:59.637,OnTrack,-1051,-3842,1744,pos,0 days 00:56:45.224000,0 days 01:53:42.319000
2024-06-23 13:59:59.896,OnTrack,-1130,-3981,1744,pos,0 days 00:56:45.483000,0 days 01:53:42.578000
2024-06-23 14:00:00.096,OnTrack,-1193,-4090,1744,pos,0 days 00:56:45.683000,0 days 01:53:42.778000
2024-06-23 14:00:00.256,OnTrack,-1243,-4179,1744,pos,0 days 00:56:45.843000,0 days 01:53:42.938000
2024-06-23 14:00:00.536,OnTrack,-1333,-4337,1744,pos,0 days 00:56:46.123000,0 days 01:53:43.218000
2024-06-23 14:00:00.856,OnTrack,-1439,-4524,1744,pos,0 days 00:56:46.443000,0 days 01:53:43.538000
2024-06-23 14:00:01.036,OnTrack,-1500,-4631,1744,pos,0 days 00:56:46.623000,0 days 01:53:43.718000
2024-06-23 14:00:01.196,OnTrack,-1555,-4727,1744,pos,0 days 00:56:46.783000,0 days 01:53:43.878000
2024-06-23 14:00:01.456,OnTrack,-1645,-4886,1744,pos,0 days 00:56:47.043000,0 days 01:53:44.138000
2024-06-23 14:00:01.676,OnTrack,-1791,-5122,1653,pos,0 days 00:56:47.263000,0 days 01:53:44.358000
2024-06-23 14:00:02.017,OnTrack,-1880,-5269,1650,pos,0 days 00:56:47.604000,0 days 01:53:44.699000
2024-06-23 14:00:02.277,OnTrack,-1995,-5469,1646,pos,0 days 00:56:47.864000,0 days 01:53:44.959000
2024-06-23 14:00:02.557,OnTrack,-2067,-5596,1645,pos,0 days 00:56:48.144000,0 days 01:53:45.239000
2024-06-23 14:00:02.857,OnTrack,-2174,-5789,1642,pos,0 days 00:56:48.444000,0 days 01:53:45.539000
2024-06-23 14:00:03.077,OnTrack,-2295,-6005,1639,pos,0 days 00:56:48.664000,0 days 01:53:45.759000
2024-06-23 14:00:03.537,OnTrack,-2407,-6203,1636,pos,0 days 00:56:49.124000,0 days 01:53:46.219000
2024-06-23 14:00:03.557,OnTrack,-2414,-6215,1636,pos,0 days 00:56:49.144000,0 days 01:53:46.239000
2024-06-23 14:00:03.857,OnTrack,-2504,-6363,1635,pos,0 days 00:56:49.444000,0 days 01:53:46.539000
2024-06-23 14:00:04.057,OnTrack,-2579,-6477,1633,pos,0 days 00:56:49.644000,0 days 01:53:46.739000
2024-06-23 14:00:04.357,OnTrack,-2682,-6615,1631,pos,0 days 00:56:49.944000,0 days 01:53:47.039000
2024-06-23 14:00:04.597,OnTrack,-2722,-6664,1631,pos,0 days 00:56:50.184000,0 days 01:53:47.279000
2024-06-23 14:00:04.937,OnTrack,-2801,-6753,1628,pos,0 days 00:56:50.524000,0 days 01:53:47.619000
2024-06-23 14:00:05.177,OnTrack,-2883,-6831,1626,pos,0 days 00:56:50.764000,0 days 01:53:47.859000
2024-06-23 14:00:05.577,OnTrack,-2950,-6883,1624,pos,0 days 00:56:51.164000,0 days 01:53:48.259000
2024-06-23 14:00:05.797,OnTrack,-3005,-6920,1624,pos,0 days 00:56:51.384000,0 days 01:53:48.479000
2024-06-23 14:00:05.997,OnTrack,-3056,-6947,1624,pos,0 days 00:56:51.584000,0 days 01:53:48.679000
2024-06-23 14:00:06.157,OnTrack,-3099,-6965,1623,pos,0 days 00:56:51.744000,0 days 01:53:48.839000
2024-06-23 14:00:06.376,OnTrack,-3198,-6990,1623,pos,0 days 00:56:51.963000,0 days 01:53:49.058000
2024-06-23 14:00:06.676,OnTrack,-3243,-6993,1624,pos,0 days 00:56:52.263000,0 days 01:53:49.358000
2024-06-23 14:00:06.976,OnTrack,-3331,-6988,1626,pos,0 days 00:56:52.563000,0 days 01:53:49.658000
2024-06-23 14:00:07.216,OnTrack,-3402,-6972,1627,pos,0 days 00:56:52.803000,0 days 01:53:49.898000
2024-06-23 14:00:07.456,OnTrack,-3491,-6941,1629,pos,0 days 00:56:53.043000,0 days 01:53:50.138000
2024-06-23 14:00:07.756,OnTrack,-3564,-6910,1631,pos,0 days 00:56:53.343000,0 days 01:53:50.438000
2024-06-23 14:00:08.036,OnTrack,-3653,-6869,1632,pos,0 days 00:56:53.623000,0 days 01:53:50.718000
2024-06-23 14:00:08.216,OnTrack,-3754,-6824,1633,pos,0 days 00:56:53.803000,0 days 01:53:50.898000
2024-06-23 14:00:08.537,OnTrack,-3835,-6794,1635,pos,0 days 00:56:54.124000,0 days 01:53:51.219000
2024-06-23 14:00:08.777,OnTrack,-3927,-6772,1638,pos,0 days 00:56:54.364000,0 days 01:53:51.459000
2024-06-23 14:00:08.957,OnTrack,-3999,-6768,1641,pos,0 days 00:56:54.544000,0 days 01:53:51.639000
2024-06-23 14:00:09.237,OnTrack,-4105,-6780,1645,pos,0 days 00:56:54.824000,0 days 01:53:51.919000
2024-06-23 14:00:09.417,OnTrack,-4179,-6799,1648,pos,0 days 00:56:55.004000,0 days 01:53:52.099000
2024-06-23 14:00:09.677,OnTrack,-4284,-6840,1654,pos,0 days 00:56:55.264000,0 days 01:53:52.359000
2024-06-23 14:00:09.837,OnTrack,-4340,-6868,1655,pos,0 days 00:56:55.424000,0 days 01:53:52.519000
2024-06-23 14:00:10.097,OnTrack,-4422,-6914,1662,pos,0 days 00:56:55.684000,0 days 01:53:52.779000
2024-06-23 14:00:10.257,OnTrack,-4538,-6989,1668,pos,0 days 00:56:55.844000,0 days 01:53:52.939000
2024-06-23 14:00:10.557,OnTrack,-4602,-7034,1672,pos,0 days 00:56:56.144000,0 days 01:53:53.239000
2024-06-23 14:00:10.897,OnTrack,-4794,-7168,1683,pos,0 days 00:56:56.484000,0 days 01:53:53.579000
2024-06-23 14:00:11.317,OnTrack,-4933,-7255,1690,pos,0 days 00:56:56.904000,0 days 01:53:53.999000
2024-06-23 14:00:11.517,OnTrack,-5032,-7310,1695,pos,0 days 00:56:57.104000,0 days 01:53:54.199000
2024-06-23 14:00:11.777,OnTrack,-5168,-7372,1701,pos,0 days 00:56:57.364000,0 days 01:53:54.459000
2024-06-23 14:00:11.957,OnTrack,-5269,-7408,1705,pos,0 days 00:56:57.544000,0 days 01:53:54.639000
2024-06-23 14:00:12.117,OnTrack,-5443,-7446,1713,pos,0 days 00:56:57.704000,0 days 01:53:54.799000
2024-06-23 14:00:12.537,OnTrack,-5609,-7455,1720,pos,0 days 00:56:58.124000,0 days 01:53:55.219000
2024-06-23 14:00:12.637,OnTrack,-5668,-7452,1722,pos,0 days 00:56:58.224000,0 days 01:53:55.319000
2024-06-23 14:00:12.936,OnTrack,-5843,-7427,1729,pos,0 days 00:56:58.523000,0 days 01:53:55.618000
2024-06-23 14:00:13.136,OnTrack,-6034,-7368,1737,pos,0 days 00:56:58.723000,0 days 01:53:55.818000
2024-06-23 14:00:13.636,OnTrack,-6220,-7272,1744,pos,0 days 00:56:59.223000,0 days 01:53:56.318000
2024-06-23 14:00:14.416,OnTrack,-6562,-6907,1759,pos,0 days 00:57:00.003000,0 days 01:53:57.098000
2024-06-23 14:00:14.676,OnTrack,-6618,-6796,1761,pos,0 days 00:57:00.263000,0 days 01:53:57.358000
2024-06-23 14:00:14.996,OnTrack,-6705,-6512,1766,pos,0 days 00:57:00.583000,0 days 01:53:57.678000
2024-06-23 14:00:15.477,OnTrack,-6731,-6274,1769,pos,0 days 00:57:01.064000,0 days 01:53:58.159000
2024-06-23 14:00:15.637,OnTrack,-6733,-6166,1771,pos,0 days 00:57:01.224000,0 days 01:53:58.319000
2024-06-23 14:00:15.757,OnTrack,-6731,-6097,1772,pos,0 days 00:57:01.344000,0 days 01:53:58.439000
2024-06-23 14:00:16.077,OnTrack,-6705,-5821,1776,pos,0 days 00:57:01.664000,0 days 01:53:58.759000
2024-06-23 14:00:16.497,OnTrack,-6664,-5585,1779,pos,0 days 00:57:02.084000,0 days 01:53:59.179000
2024-06-23 14:00:16.677,OnTrack,-6635,-5459,1781,pos,0 days 00:57:02.264000,0 days 01:53:59.359000
2024-06-23 14:00:16.897,OnTrack,-6575,-5252,1785,pos,0 days 00:57:02.484000,0 days 01:53:59.579000
2024-06-23 14:00:17.317,OnTrack,-6479,-5023,1789,pos,0 days 00:57:02.904000,0 days 01:53:59.999000
2024-06-23 14:00:17.477,OnTrack,-6422,-4918,1790,pos,0 days 00:57:03.064000,0 days 01:54:00.159000
2024-06-23 14:00:17.717,OnTrack,-6326,-4764,1793,pos,0 days 00:57:03.304000,0 days 01:54:00.399000
2024-06-23 14:00:17.917,OnTrack,-6187,-4564,1796,pos,0 days 00:57:03.504000,0 days 01:54:00.599000
2024-06-23 14:00:18.357,OnTrack,-6044,-4364,1799,pos,0 days 00:57:03.944000,0 days 01:54:01.039000
2024-06-23 14:00:18.577,OnTrack,-5903,-4141,1803,pos,0 days 00:57:04.164000,0 days 01:54:01.259000
2024-06-23 14:00:18.937,OnTrack,-5807,-3977,1805,pos,0 days 00:57:04.524000,0 days 01:54:01.619000
2024-06-23 14:00:19.137,OnTrack,-5684,-3775,1808,pos,0 days 00:57:04.724000,0 days 01:54:01.819000
2024-06-23 14:00:19.417,OnTrack,-5616,-3668,1810,pos,0 days 00:57:05.004000,0 days 01:54:02.099000
2024-06-23 14:00:19.636,OnTrack,-5524,-3531,1813,pos,0 days 00:57:05.223000,0 days 01:54:02.318000
2024-06-23 14:00:19.936,OnTrack,-5374,-3313,1816,pos,0 days 00:57:05.523000,0 days 01:54:02.618000
2024-06-23 14:00:20.316,OnTrack,-5278,-3183,1818,pos,0 days 00:57:05.903000,0 days 01:54:02.998000
2024-06-23 14:00:20.496,OnTrack,-5219,-3111,1819,pos,0 days 00:57:06.083000,0 days 01:54:03.178000
2024-06-23 14:00:20.696,OnTrack,-5152,-3041,1819,pos,0 days 00:57:06.283000,0 days 01:54:03.378000
2024-06-23 14:00:20.936,OnTrack,-5069,-2969,1820,pos,0 days 00:57:06.523000,0 days 01:54:03.618000
2024-06-23 14:00:21.116,OnTrack,-5004,-2924,1821,pos,0 days 00:57:06.703000,0 days 01:54:03.798000
2024-06-23 14:00:21.356,OnTrack,-4914,-2879,1822,pos,0 days 00:57:06.943000,0 days 01:54:04.038000
2024-06-23 14:00:21.616,OnTrack,-4750,-2840,1824,pos,0 days 00:57:07.203000,0 days 01:54:04.298000
2024-06-23 14:00:21.917,OnTrack,-4687,-2839,1825,pos,0 days 00:57:07.504000,0 days 01:54:04.599000
2024-06-23 14:00:22.237,OnTrack,-4566,-2857,1828,pos,0 days 00:57:07.824000,0 days 01:54:04.919000
2024-06-23 14:00:22.397,OnTrack,-4516,-2873,1828,pos,0 days 00:57:07.984000,0 days 01:54:05.079000
2024-06-23 14:00:22.677,OnTrack,-4422,-2916,1831,pos,0 days 00:57:08.264000,0 days 01:54:05.359000
2024-06-23 14:00:22.737,OnTrack,-4403,-2928,1831,pos,0 days 00:57:08.324000,0 days 01:54:05.419000
2024-06-23 14:00:22.977,OnTrack,-4332,-2978,1833,pos,0 days 00:57:08.564000,0 days 01:54:05.659000
2024-06-23 14:00:23.217,OnTrack,-4258,-3054,1834,pos,0 days 00:57:08.804000,0 days 01:54:05.899000
2024-06-23 14:00:23.637,OnTrack,-4161,-3185,1836,pos,0 days 00:57:09.224000,0 days 01:54:06.319000
2024-06-23 14:00:23.997,OnTrack,-4111,-3279,1837,pos,0 days 00:57:09.584000,0 days 01:54:06.679000
2024-06-23 14:00:24.197,OnTrack,-4079,-3359,1838,pos,0 days 00:57:09.784000,0 days 01:54:06.879000
2024-06-23 14:00:24.377,OnTrack,-4056,-3436,1838,pos,0 days 00:57:09.964000,0 days 01:54:07.059000
2024-06-23 14:00:24.577,OnTrack,-4038,-3526,1839,pos,0 days 00:57:10.164000,0 days 01:54:07.259000
2024-06-23 14:00:24.757,OnTrack,-4029,-3612,1839,pos,0 days 00:57:10.344000,0 days 01:54:07.439000
2024-06-23 14:00:25.037,OnTrack,-4030,-3753,1839,pos,0 days 00:57:10.624000,0 days 01:54:07.719000
2024-06-23 14:00:25.277,OnTrack,-4064,-3943,1838,pos,0 days 00:57:10.864000,0 days 01:54:07.959000
2024-06-23 14:00:25.657,OnTrack,-4112,-4081,1836,pos,0 days 00:57:11.244000,0 days 01:54:08.339000
2024-06-23 14:00:25.857,OnTrack,-4197,-4247,1834,pos,0 days 00:57:11.444000,0 days 01:54:08.539000
2024-06-23 14:00:26.276,OnTrack,-4349,-4470,1829,pos,0 days 00:57:11.863000,0 days 01:54:08.958000
2024-06-23 14:00:26.716,OnTrack,-4461,-4624,1825,pos,0 days 00:57:12.303000,0 days 01:54:09.398000
2024-06-23 14:00:26.936,OnTrack,-4544,-4738,1822,pos,0 days 00:57:12.523000,0 days 01:54:09.618000
2024-06-23 14:00:27.156,OnTrack,-4677,-4920,1819,pos,0 days 00:57:12.743000,0 days 01:54:09.838000
2024-06-23 14:00:27.476,OnTrack,-4756,-5028,1816,pos,0 days 00:57:13.063000,0 days 01:54:10.158000
2024-06-23 14:00:27.716,OnTrack,-4850,-5157,1813,pos,0 days 00:57:13.303000,0 days 01:54:10.398000
2024-06-23 14:00:27.856,OnTrack,-4901,-5227,1811,pos,0 days 00:57:13.443000,0 days 01:54:10.538000
2024-06-23 14:00:28.076,OnTrack,-4973,-5330,1808,pos,0 days 00:57:13.663000,0 days 01:54:10.758000
2024-06-23 14:00:28.377,OnTrack,-5060,-5462,1804,pos,0 days 00:57:13.964000,0 days 01:54:11.059000
2024-06-23 14:00:28.617,OnTrack,-5141,-5606,1798,pos,0 days 00:57:14.204000,0 days 01:54:11.299000
2024-06-23 14:00:28.917,OnTrack,-5166,-5662,1796,pos,0 days 00:57:14.504000,0 days 01:54:11.599000
2024-06-23 14:00:29.157,OnTrack,-5197,-5744,1792,pos,0 days 00:57:14.744000,0 days 01:54:11.839000
2024-06-23 14:00:29.317,OnTrack,-5212,-5797,1790,pos,0 days 00:57:14.904000,0 days 01:54:11.999000
2024-06-23 14:00:29.637,OnTrack,-5227,-5931,1785,pos,0 days 00:57:15.224000,0 days 01:54:12.319000
2024-06-23 14:00:30.057,OnTrack,-5195,-6065,1776,pos,0 days 00:57:15.644000,0 days 01:54:12.739000
2024-06-23 14:00:30.397,OnTrack,-5166,-6115,1773,pos,0 days 00:57:15.984000,0 days 01:54:13.079000
2024-06-23 14:00:30.757,OnTrack,-5065,-6205,1767,pos,0 days 00:57:16.344000,0 days 01:54:13.439000
2024-06-23 14:00:31.177,OnTrack,-4988,-6237,1762,pos,0 days 00:57:16.764000,0 days 01:54:13.859000
2024-06-23 14:00:31.357,OnTrack,-4900,-6251,1758,pos,0 days 00:57:16.944000,0 days 01:54:14.039000
2024-06-23 14:00:31.757,OnTrack,-4824,-6250,1753,pos,0 days 00:57:17.344000,0 days 01:54:14.439000
2024-06-23 14:00:31.937,OnTrack,-4735,-6235,1746,pos,0 days 00:57:17.524000,0 days 01:54:14.619000
2024-06-23 14:00:32.277,OnTrack,-4667,-6216,1743,pos,0 days 00:57:17.864000,0 days 01:54:14.959000
2024-06-23 14:00:32.577,OnTrack,-4572,-6180,1736,pos,0 days 00:57:18.164000,0 days 01:54:15.259000
2024-06-23 14:00:32.816,OnTrack,-4492,-6143,1731,pos,0 days 00:57:18.403000,0 days 01:54:15.498000
2024-06-23 14:00:32.896,OnTrack,-4465,-6129,1729,pos,0 days 00:57:18.483000,0 days 01:54:15.578000
2024-06-23 14:00:33.116,OnTrack,-4386,-6087,1724,pos,0 days 00:57:18.703000,0 days 01:54:15.798000
2024-06-23 14:00:33.396,OnTrack,-4238,-6006,1714,pos,0 days 00:57:18.983000,0 days 01:54:16.078000
2024-06-23 14:00:33.876,OnTrack,-4074,-5919,1703,pos,0 days 00:57:19.463000,0 days 01:54:16.558000
2024-06-23 14:00:33.976,OnTrack,-4021,-5892,1696,pos,0 days 00:57:19.563000,0 days 01:54:16.658000
2024-06-23 14:00:34.296,OnTrack,-3820,-5798,1688,pos,0 days 00:57:19.883000,0 days 01:54:16.978000
2024-06-23 14:00:34.456,OnTrack,-3737,-5762,1684,pos,0 days 00:57:20.043000,0 days 01:54:17.138000
2024-06-23 14:00:34.676,OnTrack,-3564,-5691,1677,pos,0 days 00:57:20.263000,0 days 01:54:17.358000
2024-06-23 14:00:34.977,OnTrack,-3442,-5637,1670,pos,0 days 00:57:20.564000,0 days 01:54:17.659000
2024-06-23 14:00:35.217,OnTrack,-3229,-5527,1662,pos,0 days 00:57:20.804000,0 days 01:54:17.899000
2024-06-23 14:00:35.637,OnTrack,-3087,-5436,1658,pos,0 days 00:57:21.224000,0 days 01:54:18.319000
2024-06-23 14:00:35.817,OnTrack,-2991,-5366,1655,pos,0 days 00:57:21.404000,0 days 01:54:18.499000
2024-06-23 14:00:35.977,OnTrack,-2907,-5297,1653,pos,0 days 00:57:21.564000,0 days 01:54:18.659000
2024-06-23 14:00:36.197,OnTrack,-2796,-5194,1652,pos,0 days 00:57:21.784000,0 days 01:54:18.879000
2024-06-23 14:00:36.517,OnTrack,-2602,-4973,1650,pos,0 days 00:57:22.104000,0 days 01:54:19.199000
2024-06-23 14:00:36.857,OnTrack,-2500,-4836,1651,pos,0 days 00:57:22.444000,0 days 01:54:19.539000
2024-06-23 14:00:37.157,OnTrack,-2325,-4584,1653,pos,0 days 00:57:22.744000,0 days 01:54:19.839000
2024-06-23 14:00:37.537,OnTrack,-2208,-4409,1656,pos,0 days 00:57:23.124000,0 days 01:54:20.219000
2024-06-23 14:00:37.917,OnTrack,-2143,-4298,1660,pos,0 days 00:57:23.504000,0 days 01:54:20.599000
2024-06-23 14:00:38.257,OnTrack,-2100,-4168,1661,pos,0 days 00:57:23.844000,0 days 01:54:20.939000
2024-06-23 14:00:38.457,OnTrack,-2085,-4043,1664,pos,0 days 00:57:24.044000,0 days 01:54:21.139000
2024-06-23 14:00:38.857,OnTrack,-2085,-3923,1667,pos,0 days 00:57:24.444000,0 days 01:54:21.539000
2024-06-23 14:00:38.917,OnTrack,-2086,-3900,1668,pos,0 days 00:57:24.504000,0 days 01:54:21.599000
2024-06-23 14:00:39.177,OnTrack,-2102,-3807,1673,pos,0 days 00:57:24.764000,0 days 01:54:21.859000
2024-06-23 14:00:39.376,OnTrack,-2147,-3696,1680,pos,0 days 00:57:24.963000,0 days 01:54:22.058000
2024-06-23 14:00:39.856,OnTrack,-2222,-3602,1684,pos,0 days 00:57:25.443000,0 days 01:54:22.538000
2024-06-23 14:00:40.056,OnTrack,-2306,-3531,1689,pos,0 days 00:57:25.643000,0 days 01:54:22.738000
2024-06-23 14:00:40.436,OnTrack,-2393,-3468,1693,pos,0 days 00:57:26.023000,0 days 01:54:23.118000
2024-06-23 14:00:40.696,OnTrack,-2522,-3369,1702,pos,0 days 00:57:26.283000,0 days 01:54:23.378000
2024-06-23 14:00:40.976,OnTrack,-2567,-3329,1707,pos,0 days 00:57:26.563000,0 days 01:54:23.658000
2024-06-23 14:00:41.156,OnTrack,-2624,-3270,1711,pos,0 days 00:57:26.743000,0 days 01:54:23.838000
2024-06-23 14:00:41.437,OnTrack,-2711,-3158,1722,pos,0 days 00:57:27.024000,0 days 01:54:24.119000
2024-06-23 14:00:41.617,OnTrack,-2757,-3081,1729,pos,0 days 00:57:27.204000,0 days 01:54:24.299000
2024-06-23 14:00:41.797,OnTrack,-2800,-2997,1735,pos,0 days 00:57:27.384000,0 days 01:54:24.479000
2024-06-23 14:00:42.157,OnTrack,-2877,-2828,1746,pos,0 days 00:57:27.744000,0 days 01:54:24.839000
2024-06-23 14:00:42.357,OnTrack,-2954,-2662,1756,pos,0 days 00:57:27.944000,0 days 01:54:25.039000
2024-06-23 14:00:42.657,OnTrack,-3000,-2566,1763,pos,0 days 00:57:28.244000,0 days 01:54:25.339000
2024-06-23 14:00:43.017,OnTrack,-3093,-2369,1776,pos,0 days 00:57:28.604000,0 days 01:54:25.699000
2024-06-23 14:00:43.057,OnTrack,-3102,-2352,1777,pos,0 days 00:57:28.644000,0 days 01:54:25.739000
2024-06-23 14:00:43.337,OnTrack,-3174,-2200,1787,pos,0 days 00:57:28.924000,0 days 01:54:26.019000
2024-06-23 14:00:43.577,OnTrack,-3280,-1976,1802,pos,0 days 00:57:29.164000,0 days 01:54:26.259000
2024-06-23 14:00:43.957,OnTrack,-3350,-1831,1811,pos,0 days 00:57:29.544000,0 days 01:54:26.639000
2024-06-23 14:00:44.117,OnTrack,-3395,-1733,1818,pos,0 days 00:57:29.704000,0 days 01:54:26.799000
2024-06-23 14:00:44.417,OnTrack,-3464,-1545,1830,pos,0 days 00:57:30.004000,0 days 01:54:27.099000
2024-06-23 14:00:44.617,OnTrack,-3502,-1355,1840,pos,0 days 00:57:30.204000,0 days 01:54:27.299000
2024-06-23 14:00:44.917,OnTrack,-3508,-1227,1844,pos,0 days 00:57:30.504000,0 days 01:54:27.599000
2024-06-23 14:00:45.277,OnTrack,-3486,-1001,1854,pos,0 days 00:57:30.864000,0 days 01:54:27.959000
2024-06-23 14:00:45.437,OnTrack,-3451,-845,1859,pos,0 days 00:57:31.024000,0 days 01:54:28.119000
2024-06-23 14:00:45.836,OnTrack,-3389,-672,1866,pos,0 days 00:57:31.423000,0 days 01:54:28.518000
2024-06-23 14:00:46.076,OnTrack,-3321,-542,1870,pos,0 days 00:57:31.663000,0 days 01:54:28.758000
2024-06-23 14:00:46.176,OnTrack,-3287,-490,1871,pos,0 days 00:57:31.763000,0 days 01:54:28.858000
2024-06-23 14:00:46.416,OnTrack,-3170,-358,1873,pos,0 days 00:57:32.003000,0 days 01:54:29.098000
2024-06-23 14:00:46.636,OnTrack,-3053,-276,1874,pos,0 days 00:57:32.223000,0 days 01:54:29.318000
2024-06-23 14:00:46.896,OnTrack,-2895,-199,1874,pos,0 days 00:57:32.483000,0 days 01:54:29.578000
2024-06-23 14:00:47.036,OnTrack,-2806,-164,1873,pos,0 days 00:57:32.623000,0 days 01:54:29.718000
2024-06-23 14:00:47.216,OnTrack,-2692,-119,1872,pos,0 days 00:57:32.803000,0 days 01:54:29.898000
2024-06-23 14:00:47.456,OnTrack,-2542,-56,1870,pos,0 days 00:57:33.043000,0 days 01:54:30.138000
2024-06-23 14:00:47.616,OnTrack,-2441,-10,1869,pos,0 days 00:57:33.203000,0 days 01:54:30.298000
2024-06-23 14:00:47.856,OnTrack,-2288,61,1867,pos,0 days 00:57:33.443000,0 days 01:54:30.538000
2024-06-23 14:00:48.057,OnTrack,-2145,128,1865,pos,0 days 00:57:33.644000,0 days 01:54:30.739000
2024-06-23 14:00:48.337,OnTrack,-1868,259,1861,pos,0 days 00:57:33.924000,0 days 01:54:31.019000
2024-06-23 14:00:48.757,OnTrack,-1624,375,1859,pos,0 days 00:57:34.344000,0 days 01:54:31.439000
2024-06-23 14:00:49.217,OnTrack,-1374,494,1855,pos,0 days 00:57:34.804000,0 days 01:54:31.899000
2024-06-23 14:00:49.417,OnTrack,-1234,562,1854,pos,0 days 00:57:35.004000,0 days 01:54:32.099000
2024-06-23 14:00:49.597,OnTrack,-1067,645,1851,pos,0 days 00:57:35.184000,0 days 01:54:32.279000
2024-06-23 14:00:49.897,OnTrack,-898,733,1849,pos,0 days 00:57:35.484000,0 days 01:54:32.579000
2024-06-23 14:00:50.097,OnTrack,-756,809,1847,pos,0 days 00:57:35.684000,0 days 01:54:32.779000
2024-06-23 14:00:50.357,OnTrack,-569,909,1845,pos,0 days 00:57:35.944000,0 days 01:54:33.039000
2024-06-23 14:00:50.537,OnTrack,-439,978,1843,pos,0 days 00:57:36.124000,0 days 01:54:33.219000
2024-06-23 14:00:50.757,OnTrack,-279,1064,1841,pos,0 days 00:57:36.344000,0 days 01:54:33.439000
2024-06-23 14:00:50.937,OnTrack,-147,1134,1839,pos,0 days 00:57:36.524000,0 days 01:54:33.619000
2024-06-23 14:00:51.137,OnTrack,0,1213,1837,pos,0 days 00:57:36.724000,0 days 01:54:33.819000
2024-06-23 14:00:51.337,OnTrack,148,1292,1835,pos,0 days 00:57:36.924000,0 days 01:54:34.019000
2024-06-23 14:00:51.577,OnTrack,327,1385,1832,pos,0 days 00:57:37.164000,0 days 01:54:34.259000
2024-06-23 14:00:51.797,OnTrack,435,1440,1831,pos,0 days 00:57:37.384000,0 days 01:54:34.479000
2024-06-23 14:00:52.017,OnTrack,600,1516,1829,pos,0 days 00:57:37.604000,0 days 01:54:34.699000
2024-06-23 14:00:52.157,OnTrack,695,1555,1827,pos,0 days 00:57:37.744000,0 days 01:54:34.839000
2024-06-23 14:00:52.416,OnTrack,847,1617,1826,pos,0 days 00:57:38.003000,0 days 01:54:35.098000
2024-06-23 14:00:52.676,OnTrack,989,1674,1824,pos,0 days 00:57:38.263000,0 days 01:54:35.358000
2024-06-23 14:00:52.856,OnTrack,1074,1709,1823,pos,0 days 00:57:38.443000,0 days 01:54:35.538000
2024-06-23 14:00:53.036,OnTrack,1151,1744,1823,pos,0 days 00:57:38.623000,0 days 01:54:35.718000
2024-06-23 14:00:53.336,OnTrack,1288,1823,1821,pos,0 days 00:57:38.923000,0 days 01:54:36.018000
2024-06-23 14:00:53.656,OnTrack,1357,1880,1820,pos,0 days 00:57:39.243000,0 days 01:54:36.338000
2024-06-23 14:00:53.816,OnTrack,1395,1922,1819,pos,0 days 00:57:39.403000,0 days 01:54:36.498000
2024-06-23 14:00:53.996,OnTrack,1427,1974,1819,pos,0 days 00:57:39.583000,0 days 01:54:36.678000
2024-06-23 14:00:54.296,OnTrack,1464,2113,1817,pos,0 days 00:57:39.883000,0 days 01:54:36.978000
2024-06-23 14:00:54.657,OnTrack,1459,2191,1817,pos,0 days 00:57:40.244000,0 days 01:54:37.339000
2024-06-23 14:00:54.977,OnTrack,1433,2286,1818,pos,0 days 00:57:40.564000,0 days 01:54:37.659000
2024-06-23 14:00:55.197,OnTrack,1409,2340,1819,pos,0 days 00:57:40.784000,0 days 01:54:37.879000
2024-06-23 14:00:55.357,OnTrack,1377,2395,1821,pos,0 days 00:57:40.944000,0 days 01:54:38.039000
2024-06-23 14:00:55.677,OnTrack,1332,2454,1823,pos,0 days 00:57:41.264000,0 days 01:54:38.359000
2024-06-23 14:00:55.917,OnTrack,1287,2503,1825,pos,0 days 00:57:41.504000,0 days 01:54:38.599000
2024-06-23 14:00:56.137,OnTrack,1239,2542,1826,pos,0 days 00:57:41.724000,0 days 01:54:38.819000
2024-06-23 14:00:56.437,OnTrack,1145,2597,1828,pos,0 days 00:57:42.024000,0 days 01:54:39.119000
2024-06-23 14:00:56.877,OnTrack,995,2642,1831,pos,0 days 00:57:42.464000,0 days 01:54:39.559000
2024-06-23 14:00:57.177,OnTrack,943,2651,1833,pos,0 days 00:57:42.764000,0 days 01:54:39.859000
2024-06-23 14:00:57.417,OnTrack,860,2659,1834,pos,0 days 00:57:43.004000,0 days 01:54:40.099000
2024-06-23 14:00:57.637,OnTrack,727,2656,1837,pos,0 days 00:57:43.224000,0 days 01:54:40.319000
2024-06-23 14:00:58.017,OnTrack,632,2642,1839,pos,0 days 00:57:43.604000,0 days 01:54:40.699000
2024-06-23 14:00:58.257,OnTrack,474,2599,1843,pos,0 days 00:57:43.844000,0 days 01:54:40.939000
2024-06-23 14:00:58.577,OnTrack,396,2567,1846,pos,0 days 00:57:44.164000,0 days 01:54:41.259000
2024-06-23 14:00:58.897,OnTrack,212,2465,1855,pos,0 days 00:57:44.484000,0 days 01:54:41.579000
2024-06-23 14:00:59.216,OnTrack,115,2398,1861,pos,0 days 00:57:44.803000,0 days 01:54:41.898000
2024-06-23 14:00:59.556,OnTrack,-32,2295,1869,pos,0 days 00:57:45.143000,0 days 01:54:42.238000
2024-06-23 14:00:59.716,OnTrack,-107,2251,1872,pos,0 days 00:57:45.303000,0 days 01:54:42.398000
2024-06-23 14:00:59.956,OnTrack,-278,2174,1878,pos,0 days 00:57:45.543000,0 days 01:54:42.638000
2024-06-23 14:01:00.316,OnTrack,-415,2137,1884,pos,0 days 00:57:45.903000,0 days 01:54:42.998000
2024-06-23 14:01:00.716,OnTrack,-538,2123,1889,pos,0 days 00:57:46.303000,0 days 01:54:43.398000
2024-06-23 14:01:00.896,OnTrack,-609,2123,1893,pos,0 days 00:57:46.483000,0 days 01:54:43.578000
2024-06-23 14:01:01.157,OnTrack,-712,2137,1898,pos,0 days 00:57:46.744000,0 days 01:54:43.839000
2024-06-23 14:01:01.397,OnTrack,-823,2179,1903,pos,0 days 00:57:46.984000,0 days 01:54:44.079000
2024-06-23 14:01:01.677,OnTrack,-875,2213,1906,pos,0 days 00:57:47.264000,0 days 01:54:44.359000
2024-06-23 14:01:01.897,OnTrack,-924,2259,1907,pos,0 days 00:57:47.484000,0 days 01:54:44.579000
2024-06-23 14:01:02.057,OnTrack,-958,2301,1909,pos,0 days 00:57:47.644000,0 days 01:54:44.739000
2024-06-23 14:01:02.237,OnTrack,-990,2351,1910,pos,0 days 00:57:47.824000,0 days 01:54:44.919000
2024-06-23 14:01:02.597,OnTrack,-1034,2463,1912,pos,0 days 00:57:48.184000,0 days 01:54:45.279000
2024-06-23 14:01:02.797,OnTrack,-1047,2529,1913,pos,0 days 00:57:48.384000,0 days 01:54:45.479000
2024-06-23 14:01:02.997,OnTrack,-1051,2619,1914,pos,0 days 00:57:48.584000,0 days 01:54:45.679000
2024-06-23 14:01:03.277,OnTrack,-1044,2696,1915,pos,0 days 00:57:48.864000,0 days 01:54:45.959000
2024-06-23 14:01:03.497,OnTrack,-1029,2772,1916,pos,0 days 00:57:49.084000,0 days 01:54:46.179000
2024-06-23 14:01:03.677,OnTrack,-1010,2834,1918,pos,0 days 00:57:49.264000,0 days 01:54:46.359000
2024-06-23 14:01:04.077,OnTrack,-920,3014,1921,pos,0 days 00:57:49.664000,0 days 01:54:46.759000
2024-06-23 14:01:04.437,OnTrack,-850,3109,1922,pos,0 days 00:57:50.024000,0 days 01:54:47.119000
2024-06-23 14:01:04.677,OnTrack,-760,3204,1923,pos,0 days 00:57:50.264000,0 days 01:54:47.359000
2024-06-23 14:01:04.937,OnTrack,-703,3256,1922,pos,0 days 00:57:50.524000,0 days 01:54:47.619000
2024-06-23 14:01:05.177,OnTrack,-620,3325,1922,pos,0 days 00:57:50.764000,0 days 01:54:47.859000
2024-06-23 14:01:05.357,OnTrack,-554,3377,1921,pos,0 days 00:57:50.944000,0 days 01:54:48.039000
2024-06-23 14:01:05.656,OnTrack,-437,3467,1919,pos,0 days 00:57:51.243000,0 days 01:54:48.338000
2024-06-23 14:01:05.936,OnTrack,-298,3581,1916,pos,0 days 00:57:51.523000,0 days 01:54:48.618000
2024-06-23 14:01:06.336,OnTrack,-152,3705,1913,pos,0 days 00:57:51.923000,0 days 01:54:49.018000
2024-06-23 14:01:06.456,OnTrack,-99,3751,1911,pos,0 days 00:57:52.043000,0 days 01:54:49.138000
2024-06-23 14:01:06.696,OnTrack,10,3842,1907,pos,0 days 00:57:52.283000,0 days 01:54:49.378000
2024-06-23 14:01:06.896,OnTrack,148,3947,1901,pos,0 days 00:57:52.483000,0 days 01:54:49.578000
2024-06-23 14:01:07.316,OnTrack,409,4090,1888,pos,0 days 00:57:52.903000,0 days 01:54:49.998000
2024-06-23 14:01:07.697,OnTrack,582,4132,1880,pos,0 days 00:57:53.284000,0 days 01:54:50.379000
2024-06-23 14:01:07.877,OnTrack,696,4140,1875,pos,0 days 00:57:53.464000,0 days 01:54:50.559000
2024-06-23 14:01:08.057,OnTrack,813,4133,1868,pos,0 days 00:57:53.644000,0 days 01:54:50.739000
2024-06-23 14:01:08.237,OnTrack,930,4114,1862,pos,0 days 00:57:53.824000,0 days 01:54:50.919000
2024-06-23 14:01:08.557,OnTrack,1184,4031,1846,pos,0 days 00:57:54.144000,0 days 01:54:51.239000
2024-06-23 14:01:08.897,OnTrack,1332,3961,1838,pos,0 days 00:57:54.484000,0 days 01:54:51.579000
2024-06-23 14:01:09.097,OnTrack,1453,3895,1831,pos,0 days 00:57:54.684000,0 days 01:54:51.779000
2024-06-23 14:01:09.297,OnTrack,1572,3823,1824,pos,0 days 00:57:54.884000,0 days 01:54:51.979000
2024-06-23 14:01:09.577,OnTrack,1822,3663,1809,pos,0 days 00:57:55.164000,0 days 01:54:52.259000
2024-06-23 14:01:09.997,OnTrack,2053,3516,1795,pos,0 days 00:57:55.584000,0 days 01:54:52.679000
2024-06-23 14:01:10.337,OnTrack,2200,3421,1787,pos,0 days 00:57:55.924000,0 days 01:54:53.019000
2024-06-23 14:01:10.597,OnTrack,2357,3314,1779,pos,0 days 00:57:56.184000,0 days 01:54:53.279000
2024-06-23 14:01:10.837,OnTrack,2490,3210,1772,pos,0 days 00:57:56.424000,0 days 01:54:53.519000
2024-06-23 14:01:10.997,OnTrack,2545,3159,1769,pos,0 days 00:57:56.584000,0 days 01:54:53.679000
2024-06-23 14:01:11.217,OnTrack,2650,3052,1763,pos,0 days 00:57:56.804000,0 days 01:54:53.899000
2024-06-23 14:01:11.357,OnTrack,2707,2982,1760,pos,0 days 00:57:56.944000,0 days 01:54:54.039000
2024-06-23 14:01:11.637,OnTrack,2797,2826,1755,pos,0 days 00:57:57.224000,0 days 01:54:54.319000
2024-06-23 14:01:11.857,OnTrack,2845,2691,1750,pos,0 days 00:57:57.444000,0 days 01:54:54.539000
2024-06-23 14:01:12.136,OnTrack,2879,2511,1745,pos,0 days 00:57:57.723000,0 days 01:54:54.818000
2024-06-23 14:01:12.296,OnTrack,2885,2409,1744,pos,0 days 00:57:57.883000,0 days 01:54:54.978000
2024-06-23 14:01:12.476,OnTrack,2868,2226,1739,pos,0 days 00:57:58.063000,0 days 01:54:55.158000
2024-06-23 14:01:12.876,OnTrack,2814,2035,1736,pos,0 days 00:57:58.463000,0 days 01:54:55.558000
2024-06-23 14:01:13.056,OnTrack,2764,1920,1734,pos,0 days 00:57:58.643000,0 days 01:54:55.738000
2024-06-23 14:01:13.236,OnTrack,2706,1811,1733,pos,0 days 00:57:58.823000,0 days 01:54:55.918000
2024-06-23 14:01:13.456,OnTrack,2629,1681,1731,pos,0 days 00:57:59.043000,0 days 01:54:56.138000
2024-06-23 14:01:13.696,OnTrack,2539,1541,1729,pos,0 days 00:57:59.283000,0 days 01:54:56.378000
2024-06-23 14:01:14.016,OnTrack,2384,1304,1724,pos,0 days 00:57:59.603000,0 days 01:54:56.698000
2024-06-23 14:01:14.297,OnTrack,2298,1172,1722,pos,0 days 00:57:59.884000,0 days 01:54:56.979000
2024-06-23 14:01:14.537,OnTrack,2203,1025,1719,pos,0 days 00:58:00.124000,0 days 01:54:57.219000
2024-06-23 14:01:14.797,OnTrack,2098,863,1716,pos,0 days 00:58:00.384000,0 days 01:54:57.479000
2024-06-23 14:01:15.057,OnTrack,2000,713,1714,pos,0 days 00:58:00.644000,0 days 01:54:57.739000
2024-06-23 14:01:15.257,OnTrack,1917,586,1712,pos,0 days 00:58:00.844000,0 days 01:54:57.939000
2024-06-23 14:01:15.397,OnTrack,1859,497,1711,pos,0 days 00:58:00.984000,0 days 01:54:58.079000
2024-06-23 14:01:15.657,OnTrack,1700,253,1709,pos,0 days 00:58:01.244000,0 days 01:54:58.339000
2024-06-23 14:01:16.037,OnTrack,1591,83,1707,pos,0 days 00:58:01.624000,0 days 01:54:58.719000
2024-06-23 14:01:16.197,OnTrack,1522,-23,1708,pos,0 days 00:58:01.784000,0 days 01:54:58.879000
2024-06-23 14:01:16.497,OnTrack,1392,-225,1707,pos,0 days 00:58:02.084000,0 days 01:54:59.179000
2024-06-23 14:01:16.657,OnTrack,1270,-416,1707,pos,0 days 00:58:02.244000,0 days 01:54:59.339000
2024-06-23 14:01:16.957,OnTrack,1191,-541,1708,pos,0 days 00:58:02.544000,0 days 01:54:59.639000
2024-06-23 14:01:17.177,OnTrack,1094,-694,1708,pos,0 days 00:58:02.764000,0 days 01:54:59.859000
2024-06-23 14:01:17.537,OnTrack,887,-1019,1708,pos,0 days 00:58:03.124000,0 days 01:55:00.219000
2024-06-23 14:01:17.917,OnTrack,760,-1220,1708,pos,0 days 00:58:03.504000,0 days 01:55:00.599000
2024-06-23 14:01:18.117,OnTrack,669,-1364,1707,pos,0 days 00:58:03.704000,0 days 01:55:00.799000
2024-06-23 14:01:18.357,OnTrack,558,-1537,1707,pos,0 days 00:58:03.944000,0 days 01:55:01.039000
2024-06-23 14:01:18.437,OnTrack,521,-1596,1708,pos,0 days 00:58:04.024000,0 days 01:55:01.119000
2024-06-23 14:01:18.796,OnTrack,326,-1904,1708,pos,0 days 00:58:04.383000,0 days 01:55:01.478000
2024-06-23 14:01:19.056,OnTrack,232,-2052,1708,pos,0 days 00:58:04.643000,0 days 01:55:01.738000
2024-06-23 14:01:19.436,OnTrack,52,-2334,1708,pos,0 days 00:58:05.023000,0 days 01:55:02.118000
2024-06-23 14:01:19.616,OnTrack,-90,-2557,1706,pos,0 days 00:58:05.203000,0 days 01:55:02.298000
2024-06-23 14:01:19.976,OnTrack,-206,-2736,1705,pos,0 days 00:58:05.563000,0 days 01:55:02.658000
2024-06-23 14:01:20.156,OnTrack,-295,-2870,1704,pos,0 days 00:58:05.743000,0 days 01:55:02.838000
2024-06-23 14:01:20.396,OnTrack,-414,-3048,1702,pos,0 days 00:58:05.983000,0 days 01:55:03.078000
2024-06-23 14:01:20.556,OnTrack,-493,-3168,1700,pos,0 days 00:58:06.143000,0 days 01:55:03.238000
2024-06-23 14:01:20.776,OnTrack,-603,-3332,1698,pos,0 days 00:58:06.363000,0 days 01:55:03.458000
2024-06-23 14:01:21.077,OnTrack,-763,-3572,1693,pos,0 days 00:58:06.664000,0 days 01:55:03.759000
2024-06-23 14:01:21.277,OnTrack,-864,-3722,1690,pos,0 days 00:58:06.864000,0 days 01:55:03.959000
2024-06-23 14:01:21.477,OnTrack,-955,-3857,1687,pos,0 days 00:58:07.064000,0 days 01:55:04.159000
2024-06-23 14:01:21.657,OnTrack,-1046,-3992,1683,pos,0 days 00:58:07.244000,0 days 01:55:04.339000
2024-06-23 14:01:21.897,OnTrack,-1167,-4174,1679,pos,0 days 00:58:07.484000,0 days 01:55:04.579000
2024-06-23 14:01:22.117,OnTrack,-1278,-4340,1674,pos,0 days 00:58:07.704000,0 days 01:55:04.799000
2024-06-23 14:01:22.317,OnTrack,-1380,-4491,1669,pos,0 days 00:58:07.904000,0 days 01:55:04.999000
2024-06-23 14:01:22.377,OnTrack,-1411,-4536,1668,pos,0 days 00:58:07.964000,0 days 01:55:05.059000
2024-06-23 14:01:22.577,OnTrack,-1513,-4688,1664,pos,0 days 00:58:08.164000,0 days 01:55:05.259000
2024-06-23 14:01:22.837,OnTrack,-1627,-4860,1659,pos,0 days 00:58:08.424000,0 days 01:55:05.519000
2024-06-23 14:01:23.077,OnTrack,-1743,-5042,1655,pos,0 days 00:58:08.664000,0 days 01:55:05.759000
2024-06-23 14:01:23.337,OnTrack,-1866,-5246,1650,pos,0 days 00:58:08.924000,0 days 01:55:06.019000
2024-06-23 14:01:23.537,OnTrack,-1958,-5405,1647,pos,0 days 00:58:09.124000,0 days 01:55:06.219000
2024-06-23 14:01:23.777,OnTrack,-2067,-5596,1645,pos,0 days 00:58:09.364000,0 days 01:55:06.459000
2024-06-23 14:01:23.937,OnTrack,-2138,-5723,1643,pos,0 days 00:58:09.524000,0 days 01:55:06.619000
2024-06-23 14:01:24.157,OnTrack,-2279,-5976,1639,pos,0 days 00:58:09.744000,0 days 01:55:06.839000
2024-06-23 14:01:24.497,OnTrack,-2379,-6154,1637,pos,0 days 00:58:10.084000,0 days 01:55:07.179000
2024-06-23 14:01:24.657,OnTrack,-2442,-6262,1636,pos,0 days 00:58:10.244000,0 days 01:55:07.339000
2024-06-23 14:01:24.917,OnTrack,-2582,-6481,1633,pos,0 days 00:58:10.504000,0 days 01:55:07.599000
2024-06-23 14:01:25.277,OnTrack,-2645,-6567,1632,pos,0 days 00:58:10.864000,0 days 01:55:07.959000
2024-06-23 14:01:25.476,OnTrack,-2712,-6653,1631,pos,0 days 00:58:11.063000,0 days 01:55:08.158000
2024-06-23 14:01:25.816,OnTrack,-2822,-6775,1628,pos,0 days 00:58:11.403000,0 days 01:55:08.498000
2024-06-23 14:01:25.976,OnTrack,-2874,-6824,1626,pos,0 days 00:58:11.563000,0 days 01:55:08.658000
2024-06-23 14:01:26.216,OnTrack,-2968,-6897,1624,pos,0 days 00:58:11.803000,0 days 01:55:08.898000
2024-06-23 14:01:26.556,OnTrack,-3073,-6956,1625,pos,0 days 00:58:12.143000,0 days 01:55:09.238000
2024-06-23 14:01:26.716,OnTrack,-3131,-6977,1623,pos,0 days 00:58:12.303000,0 days 01:55:09.398000
2024-06-23 14:01:26.996,OnTrack,-3237,-6995,1624,pos,0 days 00:58:12.583000,0 days 01:55:09.678000
2024-06-23 14:01:27.256,OnTrack,-3337,-6988,1626,pos,0 days 00:58:12.843000,0 days 01:55:09.938000
2024-06-23 14:01:27.437,OnTrack,-3412,-6971,1628,pos,0 days 00:58:13.024000,0 days 01:55:10.119000
2024-06-23 14:01:27.557,OnTrack,-3457,-6956,1629,pos,0 days 00:58:13.144000,0 days 01:55:10.239000
2024-06-23 14:01:27.837,OnTrack,-3560,-6912,1631,pos,0 days 00:58:13.424000,0 days 01:55:10.519000
2024-06-23 14:01:28.037,OnTrack,-3672,-6860,1632,pos,0 days 00:58:13.624000,0 days 01:55:10.719000
2024-06-23 14:01:28.497,OnTrack,-3839,-6792,1635,pos,0 days 00:58:14.084000,0 days 01:55:11.179000
2024-06-23 14:01:28.817,OnTrack,-3939,-6770,1638,pos,0 days 00:58:14.404000,0 days 01:55:11.499000
2024-06-23 14:01:29.017,OnTrack,-4026,-6768,1642,pos,0 days 00:58:14.604000,0 days 01:55:11.699000
2024-06-23 14:01:29.297,OnTrack,-4153,-6791,1647,pos,0 days 00:58:14.884000,0 days 01:55:11.979000
2024-06-23 14:01:29.577,OnTrack,-4280,-6838,1654,pos,0 days 00:58:15.164000,0 days 01:55:12.259000
2024-06-23 14:01:30.377,OnTrack,-4636,-7059,1674,pos,0 days 00:58:15.964000,0 days 01:55:13.059000
2024-06-23 14:01:30.497,OnTrack,-4691,-7098,1677,pos,0 days 00:58:16.084000,0 days 01:55:13.179000
2024-06-23 14:01:30.797,OnTrack,-4882,-7224,1687,pos,0 days 00:58:16.384000,0 days 01:55:13.479000
2024-06-23 14:01:31.277,OnTrack,-5147,-7364,1700,pos,0 days 00:58:16.864000,0 days 01:55:13.959000
2024-06-23 14:01:31.497,OnTrack,-5202,-7385,1702,pos,0 days 00:58:17.084000,0 days 01:55:14.179000
2024-06-23 14:01:31.757,OnTrack,-5347,-7428,1708,pos,0 days 00:58:17.344000,0 days 01:55:14.439000
2024-06-23 14:01:32.036,OnTrack,-5552,-7454,1717,pos,0 days 00:58:17.623000,0 days 01:55:14.718000
2024-06-23 14:01:32.476,OnTrack,-5757,-7442,1727,pos,0 days 00:58:18.063000,0 days 01:55:15.158000
2024-06-23 14:01:32.556,OnTrack,-5803,-7435,1728,pos,0 days 00:58:18.143000,0 days 01:55:15.238000
2024-06-23 14:01:32.776,OnTrack,-5922,-7406,1733,pos,0 days 00:58:18.363000,0 days 01:55:15.458000
2024-06-23 14:01:33.036,OnTrack,-6066,-7355,1738,pos,0 days 00:58:18.623000,0 days 01:55:15.718000
2024-06-23 14:01:33.316,OnTrack,-6214,-7277,1744,pos,0 days 00:58:18.903000,0 days 01:55:15.998000
2024-06-23 14:01:33.496,OnTrack,-6303,-7215,1748,pos,0 days 00:58:19.083000,0 days 01:55:16.178000
2024-06-23 14:01:33.636,OnTrack,-6367,-7159,1750,pos,0 days 00:58:19.223000,0 days 01:55:16.318000
2024-06-23 14:01:33.816,OnTrack,-6443,-7079,1754,pos,0 days 00:58:19.403000,0 days 01:55:16.498000
2024-06-23 14:01:34.097,OnTrack,-6552,-6925,1758,pos,0 days 00:58:19.684000,0 days 01:55:16.779000
2024-06-23 14:01:34.277,OnTrack,-6606,-6824,1761,pos,0 days 00:58:19.864000,0 days 01:55:16.959000
2024-06-23 14:01:34.457,OnTrack,-6650,-6716,1763,pos,0 days 00:58:20.044000,0 days 01:55:17.139000
2024-06-23 14:01:34.737,OnTrack,-6711,-6472,1767,pos,0 days 00:58:20.324000,0 days 01:55:17.419000
2024-06-23 14:01:35.017,OnTrack,-6725,-6365,1768,pos,0 days 00:58:20.604000,0 days 01:55:17.699000
2024-06-23 14:01:35.397,OnTrack,-6731,-6104,1772,pos,0 days 00:58:20.984000,0 days 01:55:18.079000
2024-06-23 14:01:35.597,OnTrack,-6722,-5965,1774,pos,0 days 00:58:21.184000,0 days 01:55:18.279000
2024-06-23 14:01:35.717,OnTrack,-6713,-5881,1775,pos,0 days 00:58:21.304000,0 days 01:55:18.399000
2024-06-23 14:01:35.897,OnTrack,-6695,-5754,1777,pos,0 days 00:58:21.484000,0 days 01:55:18.579000
2024-06-23 14:01:36.197,OnTrack,-6659,-5561,1779,pos,0 days 00:58:21.784000,0 days 01:55:18.879000
2024-06-23 14:01:36.397,OnTrack,-6625,-5421,1782,pos,0 days 00:58:21.984000,0 days 01:55:19.079000
2024-06-23 14:01:36.597,OnTrack,-6560,-5211,1786,pos,0 days 00:58:22.184000,0 days 01:55:19.279000
2024-06-23 14:01:36.857,OnTrack,-6516,-5102,1788,pos,0 days 00:58:22.444000,0 days 01:55:19.539000
2024-06-23 14:01:37.117,OnTrack,-6428,-4929,1790,pos,0 days 00:58:22.704000,0 days 01:55:19.799000
2024-06-23 14:01:37.457,OnTrack,-6291,-4712,1794,pos,0 days 00:58:23.044000,0 days 01:55:20.139000
2024-06-23 14:01:37.657,OnTrack,-6150,-4511,1797,pos,0 days 00:58:23.244000,0 days 01:55:20.339000
2024-06-23 14:01:38.037,OnTrack,-6033,-4348,1799,pos,0 days 00:58:23.624000,0 days 01:55:20.719000
2024-06-23 14:01:38.237,OnTrack,-5949,-4220,1801,pos,0 days 00:58:23.824000,0 days 01:55:20.919000
2024-06-23 14:01:38.437,OnTrack,-5869,-4083,1804,pos,0 days 00:58:24.024000,0 days 01:55:21.119000
2024-06-23 14:01:38.556,OnTrack,-5821,-4002,1805,pos,0 days 00:58:24.143000,0 days 01:55:21.238000
2024-06-23 14:01:38.796,OnTrack,-5724,-3840,1807,pos,0 days 00:58:24.383000,0 days 01:55:21.478000
2024-06-23 14:01:39.036,OnTrack,-5624,-3682,1810,pos,0 days 00:58:24.623000,0 days 01:55:21.718000
2024-06-23 14:01:39.256,OnTrack,-5499,-3495,1813,pos,0 days 00:58:24.843000,0 days 01:55:21.938000
2024-06-23 14:01:39.536,OnTrack,-5423,-3384,1815,pos,0 days 00:58:25.123000,0 days 01:55:22.218000
2024-06-23 14:01:39.776,OnTrack,-5337,-3262,1816,pos,0 days 00:58:25.363000,0 days 01:55:22.458000
2024-06-23 14:01:40.076,OnTrack,-5202,-3093,1819,pos,0 days 00:58:25.663000,0 days 01:55:22.758000
2024-06-23 14:01:40.476,OnTrack,-5101,-2994,1820,pos,0 days 00:58:26.063000,0 days 01:55:23.158000
2024-06-23 14:01:40.677,OnTrack,-4981,-2911,1821,pos,0 days 00:58:26.264000,0 days 01:55:23.359000
2024-06-23 14:01:40.957,OnTrack,-4922,-2882,1822,pos,0 days 00:58:26.544000,0 days 01:55:23.639000
2024-06-23 14:01:41.217,OnTrack,-4833,-2853,1823,pos,0 days 00:58:26.804000,0 days 01:55:23.899000
2024-06-23 14:01:41.517,OnTrack,-4719,-2839,1825,pos,0 days 00:58:27.104000,0 days 01:55:24.199000
2024-06-23 14:01:41.597,OnTrack,-4689,-2839,1825,pos,0 days 00:58:27.184000,0 days 01:55:24.279000
2024-06-23 14:01:41.817,OnTrack,-4608,-2848,1827,pos,0 days 00:58:27.404000,0 days 01:55:24.499000
2024-06-23 14:01:42.157,OnTrack,-4482,-2887,1829,pos,0 days 00:58:27.744000,0 days 01:55:24.839000
2024-06-23 14:01:42.497,OnTrack,-4379,-2942,1831,pos,0 days 00:58:28.084000,0 days 01:55:25.179000
2024-06-23 14:01:42.757,OnTrack,-4305,-3003,1833,pos,0 days 00:58:28.344000,0 days 01:55:25.439000
2024-06-23 14:01:42.937,OnTrack,-4258,-3052,1834,pos,0 days 00:58:28.524000,0 days 01:55:25.619000
2024-06-23 14:01:43.177,OnTrack,-4191,-3138,1835,pos,0 days 00:58:28.764000,0 days 01:55:25.859000
2024-06-23 14:01:43.597,OnTrack,-4114,-3272,1837,pos,0 days 00:58:29.184000,0 days 01:55:26.279000
2024-06-23 14:01:43.797,OnTrack,-4068,-3393,1838,pos,0 days 00:58:29.384000,0 days 01:55:26.479000
2024-06-23 14:01:44.217,OnTrack,-4031,-3584,1839,pos,0 days 00:58:29.804000,0 days 01:55:26.899000
2024-06-23 14:01:44.537,OnTrack,-4027,-3693,1839,pos,0 days 00:58:30.124000,0 days 01:55:27.219000
2024-06-23 14:01:44.697,OnTrack,-4032,-3776,1839,pos,0 days 00:58:30.284000,0 days 01:55:27.379000
2024-06-23 14:01:44.997,OnTrack,-4061,-3934,1838,pos,0 days 00:58:30.584000,0 days 01:55:27.679000
2024-06-23 14:01:45.156,OnTrack,-4088,-4019,1837,pos,0 days 00:58:30.743000,0 days 01:55:27.838000
2024-06-23 14:01:45.316,OnTrack,-4122,-4103,1836,pos,0 days 00:58:30.903000,0 days 01:55:27.998000
2024-06-23 14:01:45.516,OnTrack,-4173,-4207,1835,pos,0 days 00:58:31.103000,0 days 01:55:28.198000
2024-06-23 14:01:45.736,OnTrack,-4243,-4318,1833,pos,0 days 00:58:31.323000,0 days 01:55:28.418000
2024-06-23 14:01:46.076,OnTrack,-4363,-4490,1829,pos,0 days 00:58:31.663000,0 days 01:55:28.758000
2024-06-23 14:01:46.236,OnTrack,-4422,-4571,1827,pos,0 days 00:58:31.823000,0 days 01:55:28.918000
2024-06-23 14:01:46.456,OnTrack,-4505,-4684,1824,pos,0 days 00:58:32.043000,0 days 01:55:29.138000
2024-06-23 14:01:46.696,OnTrack,-4597,-4810,1821,pos,0 days 00:58:32.283000,0 days 01:55:29.378000
2024-06-23 14:01:46.896,OnTrack,-4721,-4980,1817,pos,0 days 00:58:32.483000,0 days 01:55:29.578000
2024-06-23 14:01:47.317,OnTrack,-4846,-5151,1814,pos,0 days 00:58:32.904000,0 days 01:55:29.999000
2024-06-23 14:01:47.477,OnTrack,-4906,-5234,1811,pos,0 days 00:58:33.064000,0 days 01:55:30.159000
2024-06-23 14:01:47.737,OnTrack,-4992,-5357,1807,pos,0 days 00:58:33.324000,0 days 01:55:30.419000
2024-06-23 14:01:47.997,OnTrack,-5057,-5458,1804,pos,0 days 00:58:33.584000,0 days 01:55:30.679000
2024-06-23 14:01:48.197,OnTrack,-5103,-5535,1801,pos,0 days 00:58:33.784000,0 days 01:55:30.879000
2024-06-23 14:01:48.357,OnTrack,-5132,-5589,1799,pos,0 days 00:58:33.944000,0 days 01:55:31.039000
2024-06-23 14:01:48.577,OnTrack,-5169,-5667,1796,pos,0 days 00:58:34.164000,0 days 01:55:31.259000
2024-06-23 14:01:48.757,OnTrack,-5192,-5729,1794,pos,0 days 00:58:34.344000,0 days 01:55:31.439000
2024-06-23 14:01:48.977,OnTrack,-5219,-5827,1789,pos,0 days 00:58:34.564000,0 days 01:55:31.659000
2024-06-23 14:01:49.337,OnTrack,-5227,-5916,1785,pos,0 days 00:58:34.924000,0 days 01:55:32.019000
2024-06-23 14:01:49.617,OnTrack,-5218,-6001,1780,pos,0 days 00:58:35.204000,0 days 01:55:32.299000
2024-06-23 14:01:49.697,OnTrack,-5211,-6024,1779,pos,0 days 00:58:35.284000,0 days 01:55:32.379000
2024-06-23 14:01:50.017,OnTrack,-5171,-6109,1773,pos,0 days 00:58:35.604000,0 days 01:55:32.699000
2024-06-23 14:01:50.197,OnTrack,-5109,-6175,1769,pos,0 days 00:58:35.784000,0 days 01:55:32.879000
2024-06-23 14:01:50.617,OnTrack,-5044,-6216,1766,pos,0 days 00:58:36.204000,0 days 01:55:33.299000
2024-06-23 14:01:50.777,OnTrack,-5003,-6232,1763,pos,0 days 00:58:36.364000,0 days 01:55:33.459000
2024-06-23 14:01:50.977,OnTrack,-4950,-6245,1761,pos,0 days 00:58:36.564000,0 days 01:55:33.659000
2024-06-23 14:01:51.177,OnTrack,-4895,-6251,1757,pos,0 days 00:58:36.764000,0 days 01:55:33.859000
2024-06-23 14:01:51.337,OnTrack,-4849,-6251,1755,pos,0 days 00:58:36.924000,0 days 01:55:34.019000
2024-06-23 14:01:51.716,OnTrack,-4735,-6235,1746,pos,0 days 00:58:37.303000,0 days 01:55:34.398000
2024-06-23 14:01:51.816,OnTrack,-4704,-6227,1745,pos,0 days 00:58:37.403000,0 days 01:55:34.498000
2024-06-23 14:01:52.116,OnTrack,-4576,-6181,1736,pos,0 days 00:58:37.703000,0 days 01:55:34.798000
2024-06-23 14:01:52.436,OnTrack,-4500,-6147,1731,pos,0 days 00:58:38.023000,0 days 01:55:35.118000
2024-06-23 14:01:52.676,OnTrack,-4412,-6101,1725,pos,0 days 00:58:38.263000,0 days 01:55:35.358000
2024-06-23 14:01:52.936,OnTrack,-4310,-6046,1719,pos,0 days 00:58:38.523000,0 days 01:55:35.618000
2024-06-23 14:01:53.136,OnTrack,-4201,-5986,1711,pos,0 days 00:58:38.723000,0 days 01:55:35.818000
2024-06-23 14:01:53.436,OnTrack,-4094,-5929,1704,pos,0 days 00:58:39.023000,0 days 01:55:36.118000
2024-06-23 14:01:53.696,OnTrack,-3911,-5838,1693,pos,0 days 00:58:39.283000,0 days 01:55:36.378000
2024-06-23 14:01:53.897,OnTrack,-3799,-5788,1687,pos,0 days 00:58:39.484000,0 days 01:55:36.579000
2024-06-23 14:01:54.057,OnTrack,-3714,-5753,1682,pos,0 days 00:58:39.644000,0 days 01:55:36.739000
2024-06-23 14:01:54.357,OnTrack,-3504,-5665,1674,pos,0 days 00:58:39.944000,0 days 01:55:37.039000
2024-06-23 14:01:54.597,OnTrack,-3425,-5629,1670,pos,0 days 00:58:40.184000,0 days 01:55:37.279000
2024-06-23 14:01:54.877,OnTrack,-3268,-5549,1664,pos,0 days 00:58:40.464000,0 days 01:55:37.559000
2024-06-23 14:01:55.057,OnTrack,-3168,-5490,1660,pos,0 days 00:58:40.644000,0 days 01:55:37.739000
2024-06-23 14:01:55.297,OnTrack,-3037,-5401,1656,pos,0 days 00:58:40.884000,0 days 01:55:37.979000
2024-06-23 14:01:55.537,OnTrack,-2838,-5235,1652,pos,0 days 00:58:41.124000,0 days 01:55:38.219000
2024-06-23 14:01:55.997,OnTrack,-2684,-5073,1651,pos,0 days 00:58:41.584000,0 days 01:55:38.679000
2024-06-23 14:01:56.177,OnTrack,-2603,-4975,1650,pos,0 days 00:58:41.764000,0 days 01:55:38.859000
2024-06-23 14:01:56.397,OnTrack,-2509,-4849,1651,pos,0 days 00:58:41.984000,0 days 01:55:39.079000
2024-06-23 14:01:56.557,OnTrack,-2444,-4756,1651,pos,0 days 00:58:42.144000,0 days 01:55:39.239000
2024-06-23 14:01:56.797,OnTrack,-2353,-4625,1651,pos,0 days 00:58:42.384000,0 days 01:55:39.479000
2024-06-23 14:01:56.877,OnTrack,-2325,-4584,1653,pos,0 days 00:58:42.464000,0 days 01:55:39.559000
2024-06-23 14:01:57.137,OnTrack,-2242,-4461,1654,pos,0 days 00:58:42.724000,0 days 01:55:39.819000
2024-06-23 14:01:57.317,OnTrack,-2192,-4384,1656,pos,0 days 00:58:42.904000,0 days 01:55:39.999000
2024-06-23 14:01:57.577,OnTrack,-2136,-4281,1660,pos,0 days 00:58:43.164000,0 days 01:55:40.259000
2024-06-23 14:01:57.817,OnTrack,-2108,-4198,1661,pos,0 days 00:58:43.404000,0 days 01:55:40.499000
2024-06-23 14:01:57.957,OnTrack,-2095,-4141,1662,pos,0 days 00:58:43.544000,0 days 01:55:40.639000
2024-06-23 14:01:58.137,OnTrack,-2086,-4067,1663,pos,0 days 00:58:43.724000,0 days 01:55:40.819000
2024-06-23 14:01:58.416,OnTrack,-2083,-3952,1666,pos,0 days 00:58:44.003000,0 days 01:55:41.098000
2024-06-23 14:01:58.676,OnTrack,-2092,-3851,1671,pos,0 days 00:58:44.263000,0 days 01:55:41.358000
2024-06-23 14:01:58.816,OnTrack,-2103,-3800,1674,pos,0 days 00:58:44.403000,0 days 01:55:41.498000
2024-06-23 14:01:58.976,OnTrack,-2122,-3744,1678,pos,0 days 00:58:44.563000,0 days 01:55:41.658000
2024-06-23 14:01:59.236,OnTrack,-2170,-3661,1681,pos,0 days 00:58:44.823000,0 days 01:55:41.918000
2024-06-23 14:01:59.416,OnTrack,-2215,-3609,1684,pos,0 days 00:58:45.003000,0 days 01:55:42.098000
2024-06-23 14:01:59.616,OnTrack,-2273,-3556,1687,pos,0 days 00:58:45.203000,0 days 01:55:42.298000
2024-06-23 14:01:59.856,OnTrack,-2353,-3496,1692,pos,0 days 00:58:45.443000,0 days 01:55:42.538000
2024-06-23 14:02:00.096,OnTrack,-2473,-3409,1698,pos,0 days 00:58:45.683000,0 days 01:55:42.778000
2024-06-23 14:02:00.437,OnTrack,-2563,-3333,1706,pos,0 days 00:58:46.024000,0 days 01:55:43.119000
2024-06-23 14:02:00.677,OnTrack,-2642,-3250,1714,pos,0 days 00:58:46.264000,0 days 01:55:43.359000
2024-06-23 14:02:00.777,OnTrack,-2672,-3212,1717,pos,0 days 00:58:46.364000,0 days 01:55:43.459000
2024-06-23 14:02:00.977,OnTrack,-2724,-3138,1724,pos,0 days 00:58:46.564000,0 days 01:55:43.659000
2024-06-23 14:02:01.277,OnTrack,-2800,-2997,1735,pos,0 days 00:58:46.864000,0 days 01:55:43.959000
2024-06-23 14:02:01.557,OnTrack,-2865,-2855,1744,pos,0 days 00:58:47.144000,0 days 01:55:44.239000
2024-06-23 14:02:01.737,OnTrack,-2908,-2760,1750,pos,0 days 00:58:47.324000,0 days 01:55:44.419000
2024-06-23 14:02:01.977,OnTrack,-2968,-2631,1759,pos,0 days 00:58:47.564000,0 days 01:55:44.659000
2024-06-23 14:02:02.137,OnTrack,-3047,-2466,1769,pos,0 days 00:58:47.724000,0 days 01:55:44.819000
2024-06-23 14:02:02.577,OnTrack,-3147,-2257,1784,pos,0 days 00:58:48.164000,0 days 01:55:45.259000
2024-06-23 14:02:02.977,OnTrack,-3265,-2007,1800,pos,0 days 00:58:48.564000,0 days 01:55:45.659000
2024-06-23 14:02:03.417,OnTrack,-3392,-1739,1818,pos,0 days 00:58:49.004000,0 days 01:55:46.099000
2024-06-23 14:02:03.717,OnTrack,-3442,-1614,1826,pos,0 days 00:58:49.304000,0 days 01:55:46.399000
2024-06-23 14:02:03.977,OnTrack,-3488,-1449,1836,pos,0 days 00:58:49.564000,0 days 01:55:46.659000
2024-06-23 14:02:04.257,OnTrack,-3507,-1191,1846,pos,0 days 00:58:49.844000,0 days 01:55:46.939000
2024-06-23 14:02:04.517,OnTrack,-3500,-1102,1850,pos,0 days 00:58:50.104000,0 days 01:55:47.199000
2024-06-23 14:02:04.737,OnTrack,-3480,-965,1855,pos,0 days 00:58:50.324000,0 days 01:55:47.419000
2024-06-23 14:02:04.916,OnTrack,-3454,-856,1859,pos,0 days 00:58:50.503000,0 days 01:55:47.598000
2024-06-23 14:02:05.116,OnTrack,-3416,-738,1863,pos,0 days 00:58:50.703000,0 days 01:55:47.798000
2024-06-23 14:02:05.316,OnTrack,-3366,-625,1867,pos,0 days 00:58:50.903000,0 days 01:55:47.998000
2024-06-23 14:02:05.556,OnTrack,-3291,-496,1871,pos,0 days 00:58:51.143000,0 days 01:55:48.238000
2024-06-23 14:02:05.896,OnTrack,-3117,-316,1874,pos,0 days 00:58:51.483000,0 days 01:55:48.578000
2024-06-23 14:02:06.036,OnTrack,-2967,-231,1875,pos,0 days 00:58:51.623000,0 days 01:55:48.718000
2024-06-23 14:02:06.436,OnTrack,-2791,-158,1873,pos,0 days 00:58:52.023000,0 days 01:55:49.118000
2024-06-23 14:02:06.656,OnTrack,-2651,-103,1872,pos,0 days 00:58:52.243000,0 days 01:55:49.338000
2024-06-23 14:02:06.816,OnTrack,-2551,-60,1870,pos,0 days 00:58:52.403000,0 days 01:55:49.498000
2024-06-23 14:02:07.097,OnTrack,-2361,27,1868,pos,0 days 00:58:52.684000,0 days 01:55:49.779000
2024-06-23 14:02:07.317,OnTrack,-2218,94,1866,pos,0 days 00:58:52.904000,0 days 01:55:49.999000
2024-06-23 14:02:07.537,OnTrack,-2006,194,1863,pos,0 days 00:58:53.124000,0 days 01:55:50.219000
2024-06-23 14:02:07.917,OnTrack,-1831,277,1861,pos,0 days 00:58:53.504000,0 days 01:55:50.599000
2024-06-23 14:02:08.017,OnTrack,-1763,309,1860,pos,0 days 00:58:53.604000,0 days 01:55:50.699000
2024-06-23 14:02:08.297,OnTrack,-1570,400,1858,pos,0 days 00:58:53.884000,0 days 01:55:50.979000
2024-06-23 14:02:08.517,OnTrack,-1359,501,1855,pos,0 days 00:58:54.104000,0 days 01:55:51.199000
2024-06-23 14:02:08.857,OnTrack,-1175,590,1853,pos,0 days 00:58:54.444000,0 days 01:55:51.539000
2024-06-23 14:02:09.057,OnTrack,-1032,663,1851,pos,0 days 00:58:54.644000,0 days 01:55:51.739000
2024-06-23 14:02:09.377,OnTrack,-803,784,1848,pos,0 days 00:58:54.964000,0 days 01:55:52.059000
2024-06-23 14:02:09.537,OnTrack,-688,846,1846,pos,0 days 00:58:55.124000,0 days 01:55:52.219000
2024-06-23 14:02:09.717,OnTrack,-558,915,1844,pos,0 days 00:58:55.304000,0 days 01:55:52.399000
2024-06-23 14:02:09.937,OnTrack,-398,1001,1842,pos,0 days 00:58:55.524000,0 days 01:55:52.619000
2024-06-23 14:02:10.157,OnTrack,-235,1087,1840,pos,0 days 00:58:55.744000,0 days 01:55:52.839000
2024-06-23 14:02:10.357,OnTrack,-87,1166,1838,pos,0 days 00:58:55.944000,0 days 01:55:53.039000
2024-06-23 14:02:10.537,OnTrack,46,1237,1836,pos,0 days 00:58:56.124000,0 days 01:55:53.219000
2024-06-23 14:02:10.717,OnTrack,180,1309,1834,pos,0 days 00:58:56.304000,0 days 01:55:53.399000
2024-06-23 14:02:10.997,OnTrack,389,1417,1831,pos,0 days 00:58:56.584000,0 days 01:55:53.679000
2024-06-23 14:02:11.077,OnTrack,448,1446,1830,pos,0 days 00:58:56.664000,0 days 01:55:53.759000
2024-06-23 14:02:11.396,OnTrack,741,1574,1827,pos,0 days 00:58:56.983000,0 days 01:55:54.078000
2024-06-23 14:02:11.716,OnTrack,859,1621,1826,pos,0 days 00:58:57.303000,0 days 01:55:54.398000
2024-06-23 14:02:12.036,OnTrack,1095,1719,1823,pos,0 days 00:58:57.623000,0 days 01:55:54.718000
2024-06-23 14:02:12.436,OnTrack,1202,1771,1822,pos,0 days 00:58:58.023000,0 days 01:55:55.118000
2024-06-23 14:02:12.636,OnTrack,1274,1813,1821,pos,0 days 00:58:58.223000,0 days 01:55:55.318000
2024-06-23 14:02:12.836,OnTrack,1335,1860,1820,pos,0 days 00:58:58.423000,0 days 01:55:55.518000
2024-06-23 14:02:12.956,OnTrack,1367,1890,1820,pos,0 days 00:58:58.543000,0 days 01:55:55.638000
2024-06-23 14:02:13.176,OnTrack,1415,1951,1819,pos,0 days 00:58:58.763000,0 days 01:55:55.858000
2024-06-23 14:02:13.477,OnTrack,1456,2054,1818,pos,0 days 00:58:59.064000,0 days 01:55:56.159000
2024-06-23 14:02:13.717,OnTrack,1464,2140,1817,pos,0 days 00:58:59.304000,0 days 01:55:56.399000
2024-06-23 14:02:14.057,OnTrack,1448,2242,1817,pos,0 days 00:58:59.644000,0 days 01:55:56.739000
2024-06-23 14:02:14.277,OnTrack,1428,2300,1818,pos,0 days 00:58:59.864000,0 days 01:55:56.959000
2024-06-23 14:02:14.457,OnTrack,1404,2349,1820,pos,0 days 00:59:00.044000,0 days 01:55:57.139000
2024-06-23 14:02:14.737,OnTrack,1347,2437,1822,pos,0 days 00:59:00.324000,0 days 01:55:57.419000
2024-06-23 14:02:15.097,OnTrack,1294,2496,1824,pos,0 days 00:59:00.684000,0 days 01:55:57.779000
2024-06-23 14:02:15.277,OnTrack,1257,2529,1825,pos,0 days 00:59:00.864000,0 days 01:55:57.959000
2024-06-23 14:02:15.477,OnTrack,1188,2575,1827,pos,0 days 00:59:01.064000,0 days 01:55:58.159000
2024-06-23 14:02:15.897,OnTrack,1105,2613,1829,pos,0 days 00:59:01.484000,0 days 01:55:58.579000
2024-06-23 14:02:16.097,OnTrack,1049,2630,1830,pos,0 days 00:59:01.684000,0 days 01:55:58.779000
2024-06-23 14:02:16.297,OnTrack,990,2643,1832,pos,0 days 00:59:01.884000,0 days 01:55:58.979000
2024-06-23 14:02:16.537,OnTrack,914,2654,1833,pos,0 days 00:59:02.124000,0 days 01:55:59.219000
2024-06-23 14:02:16.797,OnTrack,818,2660,1835,pos,0 days 00:59:02.384000,0 days 01:55:59.479000
2024-06-23 14:02:17.097,OnTrack,714,2654,1837,pos,0 days 00:59:02.684000,0 days 01:55:59.779000
2024-06-23 14:02:17.297,OnTrack,635,2643,1839,pos,0 days 00:59:02.884000,0 days 01:55:59.979000
2024-06-23 14:02:17.577,OnTrack,519,2614,1842,pos,0 days 00:59:03.164000,0 days 01:56:00.259000
2024-06-23 14:02:17.737,OnTrack,398,2568,1846,pos,0 days 00:59:03.324000,0 days 01:56:00.419000
2024-06-23 14:02:18.236,OnTrack,232,2477,1854,pos,0 days 00:59:03.823000,0 days 01:56:00.918000
2024-06-23 14:02:18.416,OnTrack,152,2424,1859,pos,0 days 00:59:04.003000,0 days 01:56:01.098000
2024-06-23 14:02:18.636,OnTrack,54,2355,1864,pos,0 days 00:59:04.223000,0 days 01:56:01.318000
2024-06-23 14:02:18.816,OnTrack,-21,2303,1868,pos,0 days 00:59:04.403000,0 days 01:56:01.498000
2024-06-23 14:02:18.976,OnTrack,-85,2263,1871,pos,0 days 00:59:04.563000,0 days 01:56:01.658000
2024-06-23 14:02:19.176,OnTrack,-179,2214,1875,pos,0 days 00:59:04.763000,0 days 01:56:01.858000
2024-06-23 14:02:19.416,OnTrack,-324,2159,1880,pos,0 days 00:59:05.003000,0 days 01:56:02.098000
2024-06-23 14:02:19.756,OnTrack,-437,2133,1884,pos,0 days 00:59:05.343000,0 days 01:56:02.438000
2024-06-23 14:02:20.077,OnTrack,-576,2122,1891,pos,0 days 00:59:05.664000,0 days 01:56:02.759000
2024-06-23 14:02:20.297,OnTrack,-697,2134,1897,pos,0 days 00:59:05.884000,0 days 01:56:02.979000
2024-06-23 14:02:20.657,OnTrack,-805,2170,1903,pos,0 days 00:59:06.244000,0 days 01:56:03.339000
2024-06-23 14:02:21.017,OnTrack,-888,2223,1906,pos,0 days 00:59:06.604000,0 days 01:56:03.699000
2024-06-23 14:02:21.257,OnTrack,-973,2321,1909,pos,0 days 00:59:06.844000,0 days 01:56:03.939000
2024-06-23 14:02:21.597,OnTrack,-1005,2381,1911,pos,0 days 00:59:07.184000,0 days 01:56:04.279000
2024-06-23 14:02:21.937,OnTrack,-1039,2487,1912,pos,0 days 00:59:07.524000,0 days 01:56:04.619000
2024-06-23 14:02:22.177,OnTrack,-1050,2564,1914,pos,0 days 00:59:07.764000,0 days 01:56:04.859000
2024-06-23 14:02:22.477,OnTrack,-1048,2663,1915,pos,0 days 00:59:08.064000,0 days 01:56:05.159000
2024-06-23 14:02:22.697,OnTrack,-1031,2763,1916,pos,0 days 00:59:08.284000,0 days 01:56:05.379000
2024-06-23 14:02:22.957,OnTrack,-1013,2823,1917,pos,0 days 00:59:08.544000,0 days 01:56:05.639000
2024-06-23 14:02:23.277,OnTrack,-943,2977,1920,pos,0 days 00:59:08.864000,0 days 01:56:05.959000
2024-06-23 14:02:23.657,OnTrack,-874,3078,1922,pos,0 days 00:59:09.244000,0 days 01:56:06.339000
2024-06-23 14:02:23.957,OnTrack,-783,3182,1922,pos,0 days 00:59:09.544000,0 days 01:56:06.639000
2024-06-23 14:02:24.137,OnTrack,-726,3235,1923,pos,0 days 00:59:09.724000,0 days 01:56:06.819000
2024-06-23 14:02:24.357,OnTrack,-605,3337,1922,pos,0 days 00:59:09.944000,0 days 01:56:07.039000
2024-06-23 14:02:24.636,OnTrack,-543,3386,1921,pos,0 days 00:59:10.223000,0 days 01:56:07.318000
2024-06-23 14:02:24.916,OnTrack,-426,3476,1919,pos,0 days 00:59:10.503000,0 days 01:56:07.598000
2024-06-23 14:02:25.176,OnTrack,-272,3603,1916,pos,0 days 00:59:10.763000,0 days 01:56:07.858000
2024-06-23 14:02:25.496,OnTrack,-175,3686,1913,pos,0 days 00:59:11.083000,0 days 01:56:08.178000
2024-06-23 14:02:25.856,OnTrack,10,3842,1907,pos,0 days 00:59:11.443000,0 days 01:56:08.538000
2024-06-23 14:02:26.156,OnTrack,140,3941,1901,pos,0 days 00:59:11.743000,0 days 01:56:08.838000
2024-06-23 14:02:26.356,OnTrack,246,4012,1896,pos,0 days 00:59:11.943000,0 days 01:56:09.038000
2024-06-23 14:02:26.637,OnTrack,421,4094,1888,pos,0 days 00:59:12.224000,0 days 01:56:09.319000
2024-06-23 14:02:26.797,OnTrack,521,4121,1884,pos,0 days 00:59:12.384000,0 days 01:56:09.479000
2024-06-23 14:02:27.037,OnTrack,678,4140,1876,pos,0 days 00:59:12.624000,0 days 01:56:09.719000
2024-06-23 14:02:27.217,OnTrack,799,4135,1869,pos,0 days 00:59:12.804000,0 days 01:56:09.899000
2024-06-23 14:02:27.417,OnTrack,921,4116,1862,pos,0 days 00:59:13.004000,0 days 01:56:10.099000
2024-06-23 14:02:27.717,OnTrack,1117,4058,1851,pos,0 days 00:59:13.304000,0 days 01:56:10.399000
2024-06-23 14:02:27.897,OnTrack,1233,4010,1843,pos,0 days 00:59:13.484000,0 days 01:56:10.579000
2024-06-23 14:02:28.097,OnTrack,1359,3947,1836,pos,0 days 00:59:13.684000,0 days 01:56:10.779000
2024-06-23 14:02:28.217,OnTrack,1434,3906,1831,pos,0 days 00:59:13.804000,0 days 01:56:10.899000
2024-06-23 14:02:28.397,OnTrack,1544,3840,1826,pos,0 days 00:59:13.984000,0 days 01:56:11.079000
2024-06-23 14:02:28.697,OnTrack,1728,3724,1814,pos,0 days 00:59:14.284000,0 days 01:56:11.379000
2024-06-23 14:02:28.957,OnTrack,1887,3621,1805,pos,0 days 00:59:14.544000,0 days 01:56:11.639000
2024-06-23 14:02:29.197,OnTrack,2036,3526,1796,pos,0 days 00:59:14.784000,0 days 01:56:11.879000
2024-06-23 14:02:29.377,OnTrack,2174,3438,1788,pos,0 days 00:59:14.964000,0 days 01:56:12.059000
2024-06-23 14:02:29.757,OnTrack,2381,3296,1777,pos,0 days 00:59:15.344000,0 days 01:56:12.439000
2024-06-23 14:02:29.997,OnTrack,2514,3190,1771,pos,0 days 00:59:15.584000,0 days 01:56:12.679000
2024-06-23 14:02:30.197,OnTrack,2614,3092,1765,pos,0 days 00:59:15.784000,0 days 01:56:12.879000
2024-06-23 14:02:30.317,OnTrack,2670,3030,1762,pos,0 days 00:59:15.904000,0 days 01:56:12.999000
2024-06-23 14:02:30.517,OnTrack,2746,2924,1757,pos,0 days 00:59:16.104000,0 days 01:56:13.199000
2024-06-23 14:02:30.677,OnTrack,2795,2831,1755,pos,0 days 00:59:16.264000,0 days 01:56:13.359000
2024-06-23 14:02:30.977,OnTrack,2857,2642,1748,pos,0 days 00:59:16.564000,0 days 01:56:13.659000
2024-06-23 14:02:31.196,OnTrack,2881,2497,1745,pos,0 days 00:59:16.783000,0 days 01:56:13.878000
2024-06-23 14:02:31.416,OnTrack,2879,2299,1741,pos,0 days 00:59:17.003000,0 days 01:56:14.098000
2024-06-23 14:02:31.816,OnTrack,2815,2037,1736,pos,0 days 00:59:17.403000,0 days 01:56:14.498000
2024-06-23 14:02:32.196,OnTrack,2731,1856,1733,pos,0 days 00:59:17.783000,0 days 01:56:14.878000
2024-06-23 14:02:32.476,OnTrack,2632,1687,1731,pos,0 days 00:59:18.063000,0 days 01:56:15.158000
2024-06-23 14:02:32.676,OnTrack,2557,1568,1729,pos,0 days 00:59:18.263000,0 days 01:56:15.358000
2024-06-23 14:02:32.876,OnTrack,2471,1436,1727,pos,0 days 00:59:18.463000,0 days 01:56:15.558000
2024-06-23 14:02:33.096,OnTrack,2391,1315,1725,pos,0 days 00:59:18.683000,0 days 01:56:15.778000
2024-06-23 14:02:33.397,OnTrack,2214,1043,1720,pos,0 days 00:59:18.984000,0 days 01:56:16.079000
2024-06-23 14:02:33.777,OnTrack,2108,879,1717,pos,0 days 00:59:19.364000,0 days 01:56:16.459000
2024-06-23 14:02:33.997,OnTrack,2025,752,1715,pos,0 days 00:59:19.584000,0 days 01:56:16.679000
2024-06-23 14:02:34.177,OnTrack,1950,637,1713,pos,0 days 00:59:19.764000,0 days 01:56:16.859000
2024-06-23 14:02:34.477,OnTrack,1772,363,1710,pos,0 days 00:59:20.064000,0 days 01:56:17.159000
2024-06-23 14:02:34.837,OnTrack,1616,122,1707,pos,0 days 00:59:20.424000,0 days 01:56:17.519000
2024-06-23 14:02:35.317,OnTrack,1453,-130,1707,pos,0 days 00:59:20.904000,0 days 01:56:17.999000
2024-06-23 14:02:35.657,OnTrack,1312,-351,1707,pos,0 days 00:59:21.244000,0 days 01:56:18.339000
2024-06-23 14:02:35.837,OnTrack,1232,-476,1708,pos,0 days 00:59:21.424000,0 days 01:56:18.519000
2024-06-23 14:02:36.817,OnTrack,788,-1176,1708,pos,0 days 00:59:22.404000,0 days 01:56:19.499000
2024-06-23 14:02:37.956,OnTrack,254,-2017,1708,pos,0 days 00:59:23.543000,0 days 01:56:20.638000
2024-06-23 14:02:38.176,OnTrack,149,-2182,1707,pos,0 days 00:59:23.763000,0 days 01:56:20.858000
2024-06-23 14:02:38.376,OnTrack,15,-2393,1707,pos,0 days 00:59:23.963000,0 days 01:56:21.058000
2024-06-23 14:02:38.736,OnTrack,-117,-2599,1706,pos,0 days 00:59:24.323000,0 days 01:56:21.418000
2024-06-23 14:02:38.976,OnTrack,-236,-2780,1705,pos,0 days 00:59:24.563000,0 days 01:56:21.658000
2024-06-23 14:02:39.176,OnTrack,-337,-2932,1703,pos,0 days 00:59:24.763000,0 days 01:56:21.858000
2024-06-23 14:02:39.356,OnTrack,-427,-3068,1701,pos,0 days 00:59:24.943000,0 days 01:56:22.038000
2024-06-23 14:02:39.616,OnTrack,-558,-3267,1699,pos,0 days 00:59:25.203000,0 days 01:56:22.298000
2024-06-23 14:02:39.777,OnTrack,-702,-3480,1695,pos,0 days 00:59:25.364000,0 days 01:56:22.459000
2024-06-23 14:02:40.077,OnTrack,-804,-3633,1692,pos,0 days 00:59:25.664000,0 days 01:56:22.759000
2024-06-23 14:02:40.437,OnTrack,-979,-3895,1686,pos,0 days 00:59:26.024000,0 days 01:56:23.119000
2024-06-23 14:02:40.597,OnTrack,-1114,-4095,1681,pos,0 days 00:59:26.184000,0 days 01:56:23.279000
2024-06-23 14:02:41.057,OnTrack,-1311,-4388,1672,pos,0 days 00:59:26.644000,0 days 01:56:23.739000
2024-06-23 14:02:41.337,OnTrack,-1445,-4587,1666,pos,0 days 00:59:26.924000,0 days 01:56:24.019000
2024-06-23 14:02:41.497,OnTrack,-1527,-4710,1663,pos,0 days 00:59:27.084000,0 days 01:56:24.179000
2024-06-23 14:02:41.757,OnTrack,-1657,-4906,1658,pos,0 days 00:59:27.344000,0 days 01:56:24.439000
2024-06-23 14:02:41.997,OnTrack,-1768,-5082,1654,pos,0 days 00:59:27.584000,0 days 01:56:24.679000
2024-06-23 14:02:42.217,OnTrack,-1872,-5254,1650,pos,0 days 00:59:27.804000,0 days 01:56:24.899000
2024-06-23 14:02:42.397,OnTrack,-1955,-5398,1647,pos,0 days 00:59:27.984000,0 days 01:56:25.079000
2024-06-23 14:02:42.577,OnTrack,-2037,-5542,1645,pos,0 days 00:59:28.164000,0 days 01:56:25.259000
2024-06-23 14:02:42.757,OnTrack,-2118,-5685,1643,pos,0 days 00:59:28.344000,0 days 01:56:25.439000
2024-06-23 14:02:43.057,OnTrack,-2250,-5925,1640,pos,0 days 00:59:28.644000,0 days 01:56:25.739000
2024-06-23 14:02:43.297,OnTrack,-2352,-6107,1638,pos,0 days 00:59:28.884000,0 days 01:56:25.979000
2024-06-23 14:02:43.497,OnTrack,-2486,-6334,1635,pos,0 days 00:59:29.084000,0 days 01:56:26.179000
2024-06-23 14:02:43.817,OnTrack,-2553,-6438,1633,pos,0 days 00:59:29.404000,0 days 01:56:26.499000
2024-06-23 14:02:44.037,OnTrack,-2602,-6508,1633,pos,0 days 00:59:29.624000,0 days 01:56:26.719000
2024-06-23 14:02:44.297,OnTrack,-2691,-6626,1631,pos,0 days 00:59:29.884000,0 days 01:56:26.979000
2024-06-23 14:02:44.516,OnTrack,-2761,-6709,1629,pos,0 days 00:59:30.103000,0 days 01:56:27.198000
2024-06-23 14:02:44.716,OnTrack,-2824,-6777,1628,pos,0 days 00:59:30.303000,0 days 01:56:27.398000
2024-06-23 14:02:44.916,OnTrack,-2887,-6835,1626,pos,0 days 00:59:30.503000,0 days 01:56:27.598000
2024-06-23 14:02:45.156,OnTrack,-2965,-6895,1624,pos,0 days 00:59:30.743000,0 days 01:56:27.838000
2024-06-23 14:02:45.336,OnTrack,-3025,-6932,1623,pos,0 days 00:59:30.923000,0 days 01:56:28.018000
2024-06-23 14:02:45.516,OnTrack,-3137,-6979,1623,pos,0 days 00:59:31.103000,0 days 01:56:28.198000
2024-06-23 14:02:45.976,OnTrack,-3293,-6993,1625,pos,0 days 00:59:31.563000,0 days 01:56:28.658000
2024-06-23 14:02:46.357,OnTrack,-3453,-6957,1629,pos,0 days 00:59:31.944000,0 days 01:56:29.039000
2024-06-23 14:02:46.817,OnTrack,-3582,-6902,1631,pos,0 days 00:59:32.404000,0 days 01:56:29.499000
2024-06-23 14:02:47.217,OnTrack,-3707,-6844,1633,pos,0 days 00:59:32.804000,0 days 01:56:29.899000
2024-06-23 14:02:47.257,OnTrack,-3723,-6837,1633,pos,0 days 00:59:32.844000,0 days 01:56:29.939000
2024-06-23 14:02:47.617,OnTrack,-3916,-6774,1638,pos,0 days 00:59:33.204000,0 days 01:56:30.299000
2024-06-23 14:02:47.917,OnTrack,-3991,-6767,1641,pos,0 days 00:59:33.504000,0 days 01:56:30.599000
2024-06-23 14:02:48.097,OnTrack,-4069,-6773,1643,pos,0 days 00:59:33.684000,0 days 01:56:30.779000
2024-06-23 14:02:48.457,OnTrack,-4280,-6838,1654,pos,0 days 00:59:34.044000,0 days 01:56:31.139000
2024-06-23 14:02:48.857,OnTrack,-4461,-6937,1664,pos,0 days 00:59:34.444000,0 days 01:56:31.539000
2024-06-23 14:02:49.297,OnTrack,-4590,-7025,1671,pos,0 days 00:59:34.884000,0 days 01:56:31.979000
2024-06-23 14:02:49.477,OnTrack,-4669,-7082,1675,pos,0 days 00:59:35.064000,0 days 01:56:32.159000
2024-06-23 14:02:49.657,OnTrack,-4751,-7140,1681,pos,0 days 00:59:35.244000,0 days 01:56:32.339000
2024-06-23 14:02:49.877,OnTrack,-4925,-7251,1690,pos,0 days 00:59:35.464000,0 days 01:56:32.559000
2024-06-23 14:02:50.277,OnTrack,-5060,-7324,1696,pos,0 days 00:59:35.864000,0 days 01:56:32.959000
2024-06-23 14:02:50.397,OnTrack,-5125,-7354,1699,pos,0 days 00:59:35.984000,0 days 01:56:33.079000
2024-06-23 14:02:50.757,OnTrack,-5389,-7437,1710,pos,0 days 00:59:36.344000,0 days 01:56:33.439000
2024-06-23 14:02:51.156,OnTrack,-5566,-7455,1718,pos,0 days 00:59:36.743000,0 days 01:56:33.838000
2024-06-23 14:02:51.356,OnTrack,-5683,-7451,1723,pos,0 days 00:59:36.943000,0 days 01:56:34.038000
2024-06-23 14:02:51.536,OnTrack,-5788,-7438,1728,pos,0 days 00:59:37.123000,0 days 01:56:34.218000
2024-06-23 14:02:51.776,OnTrack,-5996,-7383,1736,pos,0 days 00:59:37.363000,0 days 01:56:34.458000
2024-06-23 14:02:52.136,OnTrack,-6177,-7298,1743,pos,0 days 00:59:37.723000,0 days 01:56:34.818000
2024-06-23 14:02:52.616,OnTrack,-6412,-7114,1753,pos,0 days 00:59:38.203000,0 days 01:56:35.298000
2024-06-23 14:02:53.017,OnTrack,-6566,-6901,1759,pos,0 days 00:59:38.604000,0 days 01:56:35.699000
2024-06-23 14:02:53.337,OnTrack,-6623,-6785,1761,pos,0 days 00:59:38.924000,0 days 01:56:36.019000
2024-06-23 14:02:53.577,OnTrack,-6671,-6650,1764,pos,0 days 00:59:39.164000,0 days 01:56:36.259000
2024-06-23 14:02:53.757,OnTrack,-6700,-6534,1766,pos,0 days 00:59:39.344000,0 days 01:56:36.439000
2024-06-23 14:02:53.997,OnTrack,-6724,-6375,1768,pos,0 days 00:59:39.584000,0 days 01:56:36.679000
2024-06-23 14:02:54.197,OnTrack,-6732,-6239,1770,pos,0 days 00:59:39.784000,0 days 01:56:36.879000
2024-06-23 14:02:54.457,OnTrack,-6729,-6060,1773,pos,0 days 00:59:40.044000,0 days 01:56:37.139000
2024-06-23 14:02:54.517,OnTrack,-6727,-6018,1773,pos,0 days 00:59:40.104000,0 days 01:56:37.199000
2024-06-23 14:02:54.897,OnTrack,-6695,-5753,1777,pos,0 days 00:59:40.484000,0 days 01:56:37.579000
2024-06-23 14:02:55.117,OnTrack,-6665,-5591,1779,pos,0 days 00:59:40.704000,0 days 01:56:37.799000
2024-06-23 14:02:55.517,OnTrack,-6600,-5331,1784,pos,0 days 00:59:41.104000,0 days 01:56:38.199000
2024-06-23 14:02:55.717,OnTrack,-6532,-5138,1787,pos,0 days 00:59:41.304000,0 days 01:56:38.399000
2024-06-23 14:02:56.017,OnTrack,-6463,-4991,1789,pos,0 days 00:59:41.604000,0 days 01:56:38.699000
2024-06-23 14:02:56.277,OnTrack,-6363,-4822,1792,pos,0 days 00:59:41.864000,0 days 01:56:38.959000
2024-06-23 14:02:56.477,OnTrack,-6227,-4620,1795,pos,0 days 00:59:42.064000,0 days 01:56:39.159000
2024-06-23 14:02:56.977,OnTrack,-6021,-4332,1800,pos,0 days 00:59:42.564000,0 days 01:56:39.659000
2024-06-23 14:02:57.257,OnTrack,-5939,-4203,1802,pos,0 days 00:59:42.844000,0 days 01:56:39.939000
2024-06-23 14:02:57.516,OnTrack,-5835,-4025,1805,pos,0 days 00:59:43.103000,0 days 01:56:40.198000
2024-06-23 14:02:57.676,OnTrack,-5771,-3918,1806,pos,0 days 00:59:43.263000,0 days 01:56:40.358000
2024-06-23 14:02:57.976,OnTrack,-5650,-3721,1809,pos,0 days 00:59:43.563000,0 days 01:56:40.658000
2024-06-23 14:02:58.176,OnTrack,-5505,-3504,1813,pos,0 days 00:59:43.763000,0 days 01:56:40.858000
2024-06-23 14:02:58.496,OnTrack,-5433,-3399,1815,pos,0 days 00:59:44.083000,0 days 01:56:41.178000
2024-06-23 14:02:58.736,OnTrack,-5345,-3273,1816,pos,0 days 00:59:44.323000,0 days 01:56:41.418000
2024-06-23 14:02:58.996,OnTrack,-5253,-3152,1818,pos,0 days 00:59:44.583000,0 days 01:56:41.678000
2024-06-23 14:02:59.156,OnTrack,-5198,-3089,1819,pos,0 days 00:59:44.743000,0 days 01:56:41.838000
2024-06-23 14:02:59.336,OnTrack,-5136,-3025,1819,pos,0 days 00:59:44.923000,0 days 01:56:42.018000
2024-06-23 14:02:59.657,OnTrack,-5011,-2928,1821,pos,0 days 00:59:45.244000,0 days 01:56:42.339000
2024-06-23 14:02:59.817,OnTrack,-4950,-2894,1821,pos,0 days 00:59:45.404000,0 days 01:56:42.499000
2024-06-23 14:03:00.017,OnTrack,-4821,-2850,1823,pos,0 days 00:59:45.604000,0 days 01:56:42.699000
2024-06-23 14:03:00.477,OnTrack,-4691,-2838,1825,pos,0 days 00:59:46.064000,0 days 01:56:43.159000
2024-06-23 14:03:00.557,OnTrack,-4659,-2840,1826,pos,0 days 00:59:46.144000,0 days 01:56:43.239000
2024-06-23 14:03:00.777,OnTrack,-4572,-2855,1827,pos,0 days 00:59:46.364000,0 days 01:56:43.459000
2024-06-23 14:03:01.017,OnTrack,-4483,-2886,1829,pos,0 days 00:59:46.604000,0 days 01:56:43.699000
2024-06-23 14:03:01.257,OnTrack,-4402,-2928,1831,pos,0 days 00:59:46.844000,0 days 01:56:43.939000
2024-06-23 14:03:01.517,OnTrack,-4325,-2985,1833,pos,0 days 00:59:47.104000,0 days 01:56:44.199000
2024-06-23 14:03:01.717,OnTrack,-4249,-3063,1834,pos,0 days 00:59:47.304000,0 days 01:56:44.399000
2024-06-23 14:03:02.077,OnTrack,-4191,-3138,1835,pos,0 days 00:59:47.664000,0 days 01:56:44.759000
2024-06-23 14:03:02.297,OnTrack,-4144,-3214,1836,pos,0 days 00:59:47.884000,0 days 01:56:44.979000
2024-06-23 14:03:02.537,OnTrack,-4100,-3305,1837,pos,0 days 00:59:48.124000,0 days 01:56:45.219000
2024-06-23 14:03:02.737,OnTrack,-4070,-3386,1838,pos,0 days 00:59:48.324000,0 days 01:56:45.419000
2024-06-23 14:03:02.897,OnTrack,-4051,-3456,1838,pos,0 days 00:59:48.484000,0 days 01:56:45.579000
2024-06-23 14:03:03.177,OnTrack,-4029,-3612,1839,pos,0 days 00:59:48.764000,0 days 01:56:45.859000
2024-06-23 14:03:03.617,OnTrack,-4035,-3800,1839,pos,0 days 00:59:49.204000,0 days 01:56:46.299000
2024-06-23 14:03:03.797,OnTrack,-4051,-3892,1838,pos,0 days 00:59:49.384000,0 days 01:56:46.479000
2024-06-23 14:03:04.037,OnTrack,-4103,-4059,1836,pos,0 days 00:59:49.624000,0 days 01:56:46.719000
2024-06-23 14:03:04.316,OnTrack,-4150,-4163,1835,pos,0 days 00:59:49.903000,0 days 01:56:46.998000
2024-06-23 14:03:04.556,OnTrack,-4221,-4284,1833,pos,0 days 00:59:50.143000,0 days 01:56:47.238000
2024-06-23 14:03:04.816,OnTrack,-4309,-4414,1830,pos,0 days 00:59:50.403000,0 days 01:56:47.498000
2024-06-23 14:03:05.016,OnTrack,-4410,-4555,1828,pos,0 days 00:59:50.603000,0 days 01:56:47.698000
2024-06-23 14:03:05.376,OnTrack,-4515,-4699,1823,pos,0 days 00:59:50.963000,0 days 01:56:48.058000
2024-06-23 14:03:05.536,OnTrack,-4576,-4782,1821,pos,0 days 00:59:51.123000,0 days 01:56:48.218000
2024-06-23 14:03:05.756,OnTrack,-4661,-4898,1819,pos,0 days 00:59:51.343000,0 days 01:56:48.438000
2024-06-23 14:03:06.056,OnTrack,-4779,-5059,1815,pos,0 days 00:59:51.643000,0 days 01:56:48.738000
2024-06-23 14:03:06.237,OnTrack,-4857,-5166,1813,pos,0 days 00:59:51.824000,0 days 01:56:48.919000
2024-06-23 14:03:06.417,OnTrack,-4923,-5259,1810,pos,0 days 00:59:52.004000,0 days 01:56:49.099000
2024-06-23 14:03:06.617,OnTrack,-4990,-5354,1807,pos,0 days 00:59:52.204000,0 days 01:56:49.299000
2024-06-23 14:03:06.857,OnTrack,-5053,-5450,1804,pos,0 days 00:59:52.444000,0 days 01:56:49.539000
2024-06-23 14:03:07.057,OnTrack,-5102,-5533,1801,pos,0 days 00:59:52.644000,0 days 01:56:49.739000
2024-06-23 14:03:07.277,OnTrack,-5161,-5651,1797,pos,0 days 00:59:52.864000,0 days 01:56:49.959000
2024-06-23 14:03:07.577,OnTrack,-5184,-5706,1794,pos,0 days 00:59:53.164000,0 days 01:56:50.259000
2024-06-23 14:03:07.837,OnTrack,-5220,-5834,1788,pos,0 days 00:59:53.424000,0 days 01:56:50.519000
2024-06-23 14:03:08.297,OnTrack,-5227,-5943,1784,pos,0 days 00:59:53.884000,0 days 01:56:50.979000
2024-06-23 14:03:08.537,OnTrack,-5214,-6015,1779,pos,0 days 00:59:54.124000,0 days 01:56:51.219000
2024-06-23 14:03:08.617,OnTrack,-5207,-6038,1778,pos,0 days 00:59:54.204000,0 days 01:56:51.299000
2024-06-23 14:03:08.957,OnTrack,-5159,-6125,1772,pos,0 days 00:59:54.544000,0 days 01:56:51.639000
2024-06-23 14:03:09.117,OnTrack,-5128,-6159,1770,pos,0 days 00:59:54.704000,0 days 01:56:51.799000
2024-06-23 14:03:09.297,OnTrack,-5089,-6190,1768,pos,0 days 00:59:54.884000,0 days 01:56:51.979000
2024-06-23 14:03:09.517,OnTrack,-5037,-6219,1764,pos,0 days 00:59:55.104000,0 days 01:56:52.199000
2024-06-23 14:03:09.677,OnTrack,-4996,-6234,1763,pos,0 days 00:59:55.264000,0 days 01:56:52.359000
2024-06-23 14:03:09.917,OnTrack,-4892,-6251,1757,pos,0 days 00:59:55.504000,0 days 01:56:52.599000
2024-06-23 14:03:10.297,OnTrack,-4823,-6249,1753,pos,0 days 00:59:55.884000,0 days 01:56:52.979000
2024-06-23 14:03:10.557,OnTrack,-4745,-6237,1748,pos,0 days 00:59:56.144000,0 days 01:56:53.239000
2024-06-23 14:03:10.756,OnTrack,-4647,-6209,1742,pos,0 days 00:59:56.343000,0 days 01:56:53.438000
2024-06-23 14:03:11.236,OnTrack,-4530,-6161,1734,pos,0 days 00:59:56.823000,0 days 01:56:53.918000
2024-06-23 14:03:11.436,OnTrack,-4461,-6127,1729,pos,0 days 00:59:57.023000,0 days 01:56:54.118000
2024-06-23 14:03:11.556,OnTrack,-4366,-6076,1723,pos,0 days 00:59:57.143000,0 days 01:56:54.238000
2024-06-23 14:03:11.996,OnTrack,-4247,-6011,1714,pos,0 days 00:59:57.583000,0 days 01:56:54.678000
2024-06-23 14:03:12.176,OnTrack,-4170,-5969,1709,pos,0 days 00:59:57.763000,0 days 01:56:54.858000
2024-06-23 14:03:12.356,OnTrack,-4091,-5927,1704,pos,0 days 00:59:57.943000,0 days 01:56:55.038000
2024-06-23 14:03:12.677,OnTrack,-3928,-5847,1694,pos,0 days 00:59:58.264000,0 days 01:56:55.359000
2024-06-23 14:03:13.077,OnTrack,-3655,-5729,1680,pos,0 days 00:59:58.664000,0 days 01:56:55.759000
2024-06-23 14:03:13.437,OnTrack,-3532,-5677,1675,pos,0 days 00:59:59.024000,0 days 01:56:56.119000
2024-06-23 14:03:13.557,OnTrack,-3465,-5647,1671,pos,0 days 00:59:59.144000,0 days 01:56:56.239000
2024-06-23 14:03:13.817,OnTrack,-3318,-5577,1665,pos,0 days 00:59:59.404000,0 days 01:56:56.499000
2024-06-23 14:03:14.017,OnTrack,-3206,-5514,1662,pos,0 days 00:59:59.604000,0 days 01:56:56.699000
2024-06-23 14:03:14.257,OnTrack,-3074,-5427,1657,pos,0 days 00:59:59.844000,0 days 01:56:56.939000
2024-06-23 14:03:14.477,OnTrack,-2957,-5338,1654,pos,0 days 01:00:00.064000,0 days 01:56:57.159000
2024-06-23 14:03:14.657,OnTrack,-2803,-5201,1652,pos,0 days 01:00:00.244000,0 days 01:56:57.339000
2024-06-23 14:03:14.977,OnTrack,-2708,-5101,1650,pos,0 days 01:00:00.564000,0 days 01:56:57.659000
2024-06-23 14:03:15.177,OnTrack,-2617,-4993,1651,pos,0 days 01:00:00.764000,0 days 01:56:57.859000
2024-06-23 14:03:15.377,OnTrack,-2532,-4881,1651,pos,0 days 01:00:00.964000,0 days 01:56:58.059000
2024-06-23 14:03:15.577,OnTrack,-2450,-4766,1651,pos,0 days 01:00:01.164000,0 days 01:56:58.259000
2024-06-23 14:03:15.917,OnTrack,-2290,-4534,1653,pos,0 days 01:00:01.504000,0 days 01:56:58.599000
2024-06-23 14:03:16.237,OnTrack,-2224,-4435,1655,pos,0 days 01:00:01.824000,0 days 01:56:58.919000
2024-06-23 14:03:16.417,OnTrack,-2176,-4359,1658,pos,0 days 01:00:02.004000,0 days 01:56:59.099000
2024-06-23 14:03:16.697,OnTrack,-2114,-4227,1661,pos,0 days 01:00:02.284000,0 days 01:56:59.379000
2024-06-23 14:03:16.937,OnTrack,-2087,-4086,1662,pos,0 days 01:00:02.524000,0 days 01:56:59.619000
2024-06-23 14:03:17.376,OnTrack,-2085,-3912,1667,pos,0 days 01:00:02.963000,0 days 01:57:00.058000
2024-06-23 14:03:17.676,OnTrack,-2096,-3828,1672,pos,0 days 01:00:03.263000,0 days 01:57:00.358000
2024-06-23 14:03:17.896,OnTrack,-2119,-3751,1677,pos,0 days 01:00:03.483000,0 days 01:57:00.578000
2024-06-23 14:03:18.116,OnTrack,-2156,-3681,1681,pos,0 days 01:00:03.703000,0 days 01:57:00.798000
2024-06-23 14:03:18.276,OnTrack,-2192,-3634,1683,pos,0 days 01:00:03.863000,0 days 01:57:00.958000
2024-06-23 14:03:18.656,OnTrack,-2298,-3536,1689,pos,0 days 01:00:04.243000,0 days 01:57:01.338000
2024-06-23 14:03:18.756,OnTrack,-2330,-3513,1690,pos,0 days 01:00:04.343000,0 days 01:57:01.438000
2024-06-23 14:03:19.036,OnTrack,-2450,-3427,1697,pos,0 days 01:00:04.623000,0 days 01:57:01.718000
2024-06-23 14:03:19.337,OnTrack,-2530,-3362,1703,pos,0 days 01:00:04.924000,0 days 01:57:02.019000
2024-06-23 14:03:19.557,OnTrack,-2602,-3294,1709,pos,0 days 01:00:05.144000,0 days 01:57:02.239000
2024-06-23 14:03:19.817,OnTrack,-2704,-3169,1721,pos,0 days 01:00:05.404000,0 days 01:57:02.499000
2024-06-23 14:03:20.117,OnTrack,-2756,-3084,1729,pos,0 days 01:00:05.704000,0 days 01:57:02.799000
2024-06-23 14:03:20.437,OnTrack,-2858,-2871,1744,pos,0 days 01:00:06.024000,0 days 01:57:03.119000
2024-06-23 14:03:20.817,OnTrack,-2918,-2738,1751,pos,0 days 01:00:06.404000,0 days 01:57:03.499000
2024-06-23 14:03:21.037,OnTrack,-2973,-2622,1760,pos,0 days 01:00:06.624000,0 days 01:57:03.719000
2024-06-23 14:03:21.317,OnTrack,-3072,-2414,1773,pos,0 days 01:00:06.904000,0 days 01:57:03.999000
2024-06-23 14:03:21.757,OnTrack,-3169,-2209,1787,pos,0 days 01:00:07.344000,0 days 01:57:04.439000
2024-06-23 14:03:21.857,OnTrack,-3235,-2070,1796,pos,0 days 01:00:07.444000,0 days 01:57:04.539000
2024-06-23 14:03:22.357,OnTrack,-3338,-1856,1810,pos,0 days 01:00:07.944000,0 days 01:57:05.039000
2024-06-23 14:03:22.577,OnTrack,-3399,-1722,1819,pos,0 days 01:00:08.164000,0 days 01:57:05.259000
2024-06-23 14:03:22.737,OnTrack,-3467,-1535,1831,pos,0 days 01:00:08.324000,0 days 01:57:05.419000
2024-06-23 14:03:23.077,OnTrack,-3495,-1409,1837,pos,0 days 01:00:08.664000,0 days 01:57:05.759000
2024-06-23 14:03:23.377,OnTrack,-3506,-1169,1846,pos,0 days 01:00:08.964000,0 days 01:57:06.059000
2024-06-23 14:03:23.816,OnTrack,-3460,-877,1858,pos,0 days 01:00:09.403000,0 days 01:57:06.498000
2024-06-23 14:03:24.216,OnTrack,-3406,-714,1864,pos,0 days 01:00:09.803000,0 days 01:57:06.898000
2024-06-23 14:03:24.396,OnTrack,-3361,-614,1867,pos,0 days 01:00:09.983000,0 days 01:57:07.078000
2024-06-23 14:03:24.636,OnTrack,-3284,-486,1871,pos,0 days 01:00:10.223000,0 days 01:57:07.318000
2024-06-23 14:03:24.796,OnTrack,-3222,-409,1872,pos,0 days 01:00:10.383000,0 days 01:57:07.478000
2024-06-23 14:03:24.996,OnTrack,-3127,-325,1874,pos,0 days 01:00:10.583000,0 days 01:57:07.678000
2024-06-23 14:03:25.156,OnTrack,-3038,-268,1874,pos,0 days 01:00:10.743000,0 days 01:57:07.838000
2024-06-23 14:03:25.476,OnTrack,-2774,-152,1873,pos,0 days 01:00:11.063000,0 days 01:57:08.158000
2024-06-23 14:03:25.796,OnTrack,-2634,-96,1871,pos,0 days 01:00:11.383000,0 days 01:57:08.478000
2024-06-23 14:03:25.957,OnTrack,-2520,-46,1870,pos,0 days 01:00:11.544000,0 days 01:57:08.639000
2024-06-23 14:03:26.257,OnTrack,-2328,41,1868,pos,0 days 01:00:11.844000,0 days 01:57:08.939000
2024-06-23 14:03:26.497,OnTrack,-2148,127,1865,pos,0 days 01:00:12.084000,0 days 01:57:09.179000
2024-06-23 14:03:26.817,OnTrack,-1977,208,1863,pos,0 days 01:00:12.404000,0 days 01:57:09.499000
2024-06-23 14:03:27.157,OnTrack,-1723,328,1860,pos,0 days 01:00:12.744000,0 days 01:57:09.839000
2024-06-23 14:03:27.537,OnTrack,-1451,457,1856,pos,0 days 01:00:13.124000,0 days 01:57:10.219000
2024-06-23 14:03:27.917,OnTrack,-1232,562,1854,pos,0 days 01:00:13.504000,0 days 01:57:10.599000
2024-06-23 14:03:28.197,OnTrack,-919,722,1850,pos,0 days 01:00:13.784000,0 days 01:57:10.879000
2024-06-23 14:03:28.497,OnTrack,-809,781,1848,pos,0 days 01:00:14.084000,0 days 01:57:11.179000
2024-06-23 14:03:28.737,OnTrack,-643,870,1846,pos,0 days 01:00:14.324000,0 days 01:57:11.419000
2024-06-23 14:03:29.037,OnTrack,-433,982,1843,pos,0 days 01:00:14.624000,0 days 01:57:11.719000
2024-06-23 14:03:29.237,OnTrack,-278,1064,1841,pos,0 days 01:00:14.824000,0 days 01:57:11.919000
2024-06-23 14:03:29.497,OnTrack,-108,1155,1838,pos,0 days 01:00:15.084000,0 days 01:57:12.179000
2024-06-23 14:03:29.657,OnTrack,4,1215,1837,pos,0 days 01:00:15.244000,0 days 01:57:12.339000
2024-06-23 14:03:29.877,OnTrack,161,1298,1835,pos,0 days 01:00:15.464000,0 days 01:57:12.559000
2024-06-23 14:03:30.217,OnTrack,443,1443,1830,pos,0 days 01:00:15.804000,0 days 01:57:12.899000
2024-06-23 14:03:30.556,OnTrack,634,1531,1828,pos,0 days 01:00:16.143000,0 days 01:57:13.238000
2024-06-23 14:03:30.716,OnTrack,744,1576,1827,pos,0 days 01:00:16.303000,0 days 01:57:13.398000
2024-06-23 14:03:30.996,OnTrack,925,1648,1824,pos,0 days 01:00:16.583000,0 days 01:57:13.678000
2024-06-23 14:03:31.196,OnTrack,1032,1692,1824,pos,0 days 01:00:16.783000,0 days 01:57:13.878000
2024-06-23 14:03:31.396,OnTrack,1126,1733,1823,pos,0 days 01:00:16.983000,0 days 01:57:14.078000
2024-06-23 14:03:31.596,OnTrack,1208,1773,1822,pos,0 days 01:00:17.183000,0 days 01:57:14.278000
2024-06-23 14:03:31.716,OnTrack,1252,1799,1821,pos,0 days 01:00:17.303000,0 days 01:57:14.398000
2024-06-23 14:03:32.116,OnTrack,1371,1894,1820,pos,0 days 01:00:17.703000,0 days 01:57:14.798000
2024-06-23 14:03:32.316,OnTrack,1430,1979,1818,pos,0 days 01:00:17.903000,0 days 01:57:14.998000
2024-06-23 14:03:32.557,OnTrack,1450,2029,1818,pos,0 days 01:00:18.144000,0 days 01:57:15.239000
2024-06-23 14:03:32.877,OnTrack,1462,2171,1817,pos,0 days 01:00:18.464000,0 days 01:57:15.559000
2024-06-23 14:03:33.197,OnTrack,1451,2228,1817,pos,0 days 01:00:18.784000,0 days 01:57:15.879000
2024-06-23 14:03:33.397,OnTrack,1433,2288,1818,pos,0 days 01:00:18.984000,0 days 01:57:16.079000
2024-06-23 14:03:33.737,OnTrack,1387,2379,1821,pos,0 days 01:00:19.324000,0 days 01:57:16.419000
2024-06-23 14:03:33.757,OnTrack,1384,2384,1821,pos,0 days 01:00:19.344000,0 days 01:57:16.439000
2024-06-23 14:03:34.057,OnTrack,1334,2453,1823,pos,0 days 01:00:19.644000,0 days 01:57:16.739000
2024-06-23 14:03:34.257,OnTrack,1296,2494,1824,pos,0 days 01:00:19.844000,0 days 01:57:16.939000
2024-06-23 14:03:34.537,OnTrack,1236,2544,1826,pos,0 days 01:00:20.124000,0 days 01:57:17.219000
2024-06-23 14:03:34.757,OnTrack,1184,2578,1827,pos,0 days 01:00:20.344000,0 days 01:57:17.439000
2024-06-23 14:03:34.797,OnTrack,1174,2583,1828,pos,0 days 01:00:20.384000,0 days 01:57:17.479000
2024-06-23 14:03:35.017,OnTrack,1115,2609,1829,pos,0 days 01:00:20.604000,0 days 01:57:17.699000
2024-06-23 14:03:35.257,OnTrack,1045,2631,1830,pos,0 days 01:00:20.844000,0 days 01:57:17.939000
2024-06-23 14:03:35.517,OnTrack,923,2653,1833,pos,0 days 01:00:21.104000,0 days 01:57:18.199000
2024-06-23 14:03:35.997,OnTrack,750,2658,1836,pos,0 days 01:00:21.584000,0 days 01:57:18.679000
2024-06-23 14:03:36.337,OnTrack,608,2637,1840,pos,0 days 01:00:21.924000,0 days 01:57:19.019000
2024-06-23 14:03:36.757,OnTrack,491,2605,1843,pos,0 days 01:00:22.344000,0 days 01:57:19.439000
2024-06-23 14:03:36.937,OnTrack,416,2576,1845,pos,0 days 01:00:22.524000,0 days 01:57:19.619000
2024-06-23 14:03:37.116,OnTrack,337,2538,1849,pos,0 days 01:00:22.703000,0 days 01:57:19.798000
2024-06-23 14:03:37.316,OnTrack,249,2488,1853,pos,0 days 01:00:22.903000,0 days 01:57:19.998000
2024-06-23 14:03:37.576,OnTrack,135,2412,1860,pos,0 days 01:00:23.163000,0 days 01:57:20.258000
2024-06-23 14:03:37.856,OnTrack,9,2324,1867,pos,0 days 01:00:23.443000,0 days 01:57:20.538000
2024-06-23 14:03:38.096,OnTrack,-102,2253,1872,pos,0 days 01:00:23.683000,0 days 01:57:20.778000
2024-06-23 14:03:38.296,OnTrack,-197,2206,1875,pos,0 days 01:00:23.883000,0 days 01:57:20.978000
2024-06-23 14:03:38.456,OnTrack,-270,2177,1878,pos,0 days 01:00:24.043000,0 days 01:57:21.138000
2024-06-23 14:03:38.636,OnTrack,-352,2151,1880,pos,0 days 01:00:24.223000,0 days 01:57:21.318000
2024-06-23 14:03:38.796,OnTrack,-423,2135,1884,pos,0 days 01:00:24.383000,0 days 01:57:21.478000
2024-06-23 14:03:38.956,OnTrack,-492,2126,1887,pos,0 days 01:00:24.543000,0 days 01:57:21.638000
2024-06-23 14:03:39.277,OnTrack,-677,2130,1896,pos,0 days 01:00:24.864000,0 days 01:57:21.959000
2024-06-23 14:03:39.597,OnTrack,-742,2145,1899,pos,0 days 01:00:25.184000,0 days 01:57:22.279000
2024-06-23 14:03:39.897,OnTrack,-841,2189,1904,pos,0 days 01:00:25.484000,0 days 01:57:22.579000
2024-06-23 14:03:40.097,OnTrack,-931,2266,1908,pos,0 days 01:00:25.684000,0 days 01:57:22.779000
2024-06-23 14:03:40.577,OnTrack,-1016,2407,1911,pos,0 days 01:00:26.164000,0 days 01:57:23.259000
2024-06-23 14:03:40.917,OnTrack,-1036,2470,1912,pos,0 days 01:00:26.504000,0 days 01:57:23.599000
2024-06-23 14:03:41.197,OnTrack,-1051,2582,1914,pos,0 days 01:00:26.784000,0 days 01:57:23.879000
2024-06-23 14:03:41.517,OnTrack,-1047,2669,1915,pos,0 days 01:00:27.104000,0 days 01:57:24.199000
2024-06-23 14:03:41.777,OnTrack,-1032,2758,1916,pos,0 days 01:00:27.364000,0 days 01:57:24.459000
2024-06-23 14:03:41.957,OnTrack,-1000,2860,1918,pos,0 days 01:00:27.544000,0 days 01:57:24.639000
2024-06-23 14:03:42.417,OnTrack,-944,2975,1920,pos,0 days 01:00:28.004000,0 days 01:57:25.099000
2024-06-23 14:03:42.577,OnTrack,-911,3028,1921,pos,0 days 01:00:28.164000,0 days 01:57:25.259000
2024-06-23 14:03:42.797,OnTrack,-851,3107,1922,pos,0 days 01:00:28.384000,0 days 01:57:25.479000
2024-06-23 14:03:42.957,OnTrack,-807,3157,1923,pos,0 days 01:00:28.544000,0 days 01:57:25.639000
2024-06-23 14:03:43.177,OnTrack,-739,3224,1922,pos,0 days 01:00:28.764000,0 days 01:57:25.859000
2024-06-23 14:03:43.457,OnTrack,-596,3344,1921,pos,0 days 01:00:29.044000,0 days 01:57:26.139000
2024-06-23 14:03:43.796,OnTrack,-509,3412,1920,pos,0 days 01:00:29.383000,0 days 01:57:26.478000
2024-06-23 14:03:44.056,OnTrack,-401,3496,1919,pos,0 days 01:00:29.643000,0 days 01:57:26.738000
2024-06-23 14:03:44.276,OnTrack,-264,3610,1916,pos,0 days 01:00:29.863000,0 days 01:57:26.958000
2024-06-23 14:03:44.656,OnTrack,-140,3716,1912,pos,0 days 01:00:30.243000,0 days 01:57:27.338000
2024-06-23 14:03:44.916,OnTrack,-20,3817,1907,pos,0 days 01:00:30.503000,0 days 01:57:27.598000
2024-06-23 14:03:45.096,OnTrack,66,3887,1905,pos,0 days 01:00:30.683000,0 days 01:57:27.778000
2024-06-23 14:03:45.296,OnTrack,168,3961,1899,pos,0 days 01:00:30.883000,0 days 01:57:27.978000
2024-06-23 14:03:45.496,OnTrack,274,4028,1895,pos,0 days 01:00:31.083000,0 days 01:57:28.178000
2024-06-23 14:03:45.757,OnTrack,437,4099,1887,pos,0 days 01:00:31.344000,0 days 01:57:28.439000
2024-06-23 14:03:45.817,OnTrack,474,4110,1885,pos,0 days 01:00:31.404000,0 days 01:57:28.499000
2024-06-23 14:03:46.157,OnTrack,743,4139,1872,pos,0 days 01:00:31.744000,0 days 01:57:28.839000
2024-06-23 14:03:46.437,OnTrack,864,4126,1865,pos,0 days 01:00:32.024000,0 days 01:57:29.119000
2024-06-23 14:03:46.817,OnTrack,1111,4060,1851,pos,0 days 01:00:32.404000,0 days 01:57:29.499000
2024-06-23 14:03:47.037,OnTrack,1251,4001,1843,pos,0 days 01:00:32.624000,0 days 01:57:29.719000
2024-06-23 14:03:47.217,OnTrack,1436,3905,1831,pos,0 days 01:00:32.804000,0 days 01:57:29.899000
2024-06-23 14:03:47.537,OnTrack,1557,3833,1825,pos,0 days 01:00:33.124000,0 days 01:57:30.219000
2024-06-23 14:03:47.837,OnTrack,1738,3718,1813,pos,0 days 01:00:33.424000,0 days 01:57:30.519000
2024-06-23 14:03:47.997,OnTrack,1834,3655,1808,pos,0 days 01:00:33.584000,0 days 01:57:30.679000
2024-06-23 14:03:48.197,OnTrack,1955,3578,1801,pos,0 days 01:00:33.784000,0 days 01:57:30.879000
2024-06-23 14:03:48.377,OnTrack,2066,3507,1794,pos,0 days 01:00:33.964000,0 days 01:57:31.059000
2024-06-23 14:03:48.697,OnTrack,2309,3348,1781,pos,0 days 01:00:34.284000,0 days 01:57:31.379000
2024-06-23 14:03:48.997,OnTrack,2435,3255,1775,pos,0 days 01:00:34.584000,0 days 01:57:31.679000
2024-06-23 14:03:49.257,OnTrack,2545,3159,1769,pos,0 days 01:00:34.844000,0 days 01:57:31.939000
2024-06-23 14:03:49.497,OnTrack,2656,3044,1763,pos,0 days 01:00:35.084000,0 days 01:57:32.179000
2024-06-23 14:03:49.657,OnTrack,2719,2965,1759,pos,0 days 01:00:35.244000,0 days 01:57:32.339000
2024-06-23 14:03:49.857,OnTrack,2783,2856,1755,pos,0 days 01:00:35.444000,0 days 01:57:32.539000
2024-06-23 14:03:50.137,OnTrack,2861,2624,1748,pos,0 days 01:00:35.724000,0 days 01:57:32.819000
2024-06-23 14:03:50.416,OnTrack,2879,2508,1745,pos,0 days 01:00:36.003000,0 days 01:57:33.098000
2024-06-23 14:03:50.716,OnTrack,2873,2260,1740,pos,0 days 01:00:36.303000,0 days 01:57:33.398000
2024-06-23 14:03:51.036,OnTrack,2837,2103,1737,pos,0 days 01:00:36.623000,0 days 01:57:33.718000
2024-06-23 14:03:51.236,OnTrack,2788,1971,1735,pos,0 days 01:00:36.823000,0 days 01:57:33.918000
2024-06-23 14:03:51.556,OnTrack,2679,1762,1733,pos,0 days 01:00:37.143000,0 days 01:57:34.238000
2024-06-23 14:03:51.716,OnTrack,2620,1666,1731,pos,0 days 01:00:37.303000,0 days 01:57:34.398000
2024-06-23 14:03:51.876,OnTrack,2559,1572,1729,pos,0 days 01:00:37.463000,0 days 01:57:34.558000
2024-06-23 14:03:52.157,OnTrack,2443,1393,1726,pos,0 days 01:00:37.744000,0 days 01:57:34.839000
2024-06-23 14:03:52.317,OnTrack,2380,1297,1724,pos,0 days 01:00:37.904000,0 days 01:57:34.999000
2024-06-23 14:03:52.577,OnTrack,2285,1151,1721,pos,0 days 01:00:38.164000,0 days 01:57:35.259000
2024-06-23 14:03:52.737,OnTrack,2213,1041,1720,pos,0 days 01:00:38.324000,0 days 01:57:35.419000
2024-06-23 14:03:52.997,OnTrack,2116,892,1717,pos,0 days 01:00:38.584000,0 days 01:57:35.679000
2024-06-23 14:03:53.197,OnTrack,1994,704,1714,pos,0 days 01:00:38.784000,0 days 01:57:35.879000
2024-06-23 14:03:53.597,OnTrack,1828,450,1710,pos,0 days 01:00:39.184000,0 days 01:57:36.279000
2024-06-23 14:03:53.997,OnTrack,1652,180,1708,pos,0 days 01:00:39.584000,0 days 01:57:36.679000
2024-06-23 14:03:54.377,OnTrack,1543,9,1708,pos,0 days 01:00:39.964000,0 days 01:57:37.059000
2024-06-23 14:03:54.677,OnTrack,1369,-262,1707,pos,0 days 01:00:40.264000,0 days 01:57:37.359000
2024-06-23 14:03:55.037,OnTrack,1215,-503,1708,pos,0 days 01:00:40.624000,0 days 01:57:37.719000
2024-06-23 14:03:55.477,OnTrack,1043,-774,1708,pos,0 days 01:00:41.064000,0 days 01:57:38.159000
2024-06-23 14:03:55.757,OnTrack,965,-897,1708,pos,0 days 01:00:41.344000,0 days 01:57:38.439000
2024-06-23 14:03:56.117,OnTrack,809,-1143,1708,pos,0 days 01:00:41.704000,0 days 01:57:38.799000
2024-06-23 14:03:56.177,OnTrack,783,-1184,1708,pos,0 days 01:00:41.764000,0 days 01:57:38.859000
2024-06-23 14:03:56.497,OnTrack,643,-1404,1707,pos,0 days 01:00:42.084000,0 days 01:57:39.179000
2024-06-23 14:03:56.737,OnTrack,511,-1612,1708,pos,0 days 01:00:42.324000,0 days 01:57:39.419000
2024-06-23 14:03:57.076,OnTrack,388,-1806,1707,pos,0 days 01:00:42.663000,0 days 01:57:39.758000
2024-06-23 14:03:57.296,OnTrack,291,-1959,1708,pos,0 days 01:00:42.883000,0 days 01:57:39.978000
2024-06-23 14:03:57.536,OnTrack,122,-2225,1707,pos,0 days 01:00:43.123000,0 days 01:57:40.218000
2024-06-23 14:03:57.916,OnTrack,15,-2393,1707,pos,0 days 01:00:43.503000,0 days 01:57:40.598000
2024-06-23 14:03:58.076,OnTrack,-56,-2505,1707,pos,0 days 01:00:43.663000,0 days 01:57:40.758000
2024-06-23 14:03:58.396,OnTrack,-198,-2723,1705,pos,0 days 01:00:43.983000,0 days 01:57:41.078000
2024-06-23 14:03:58.576,OnTrack,-281,-2849,1704,pos,0 days 01:00:44.163000,0 days 01:57:41.258000
2024-06-23 14:03:58.777,OnTrack,-383,-3002,1703,pos,0 days 01:00:44.364000,0 days 01:57:41.459000
2024-06-23 14:03:58.957,OnTrack,-466,-3128,1701,pos,0 days 01:00:44.544000,0 days 01:57:41.639000
2024-06-23 14:03:59.217,OnTrack,-587,-3309,1698,pos,0 days 01:00:44.804000,0 days 01:57:41.899000
2024-06-23 14:03:59.417,OnTrack,-680,-3449,1696,pos,0 days 01:00:45.004000,0 days 01:57:42.099000
2024-06-23 14:03:59.637,OnTrack,-774,-3588,1693,pos,0 days 01:00:45.224000,0 days 01:57:42.319000
2024-06-23 14:03:59.877,OnTrack,-886,-3756,1689,pos,0 days 01:00:45.464000,0 days 01:57:42.559000
2024-06-23 14:04:00.157,OnTrack,-1018,-3951,1685,pos,0 days 01:00:45.744000,0 days 01:57:42.839000
2024-06-23 14:04:00.337,OnTrack,-1102,-4077,1681,pos,0 days 01:00:45.924000,0 days 01:57:43.019000
2024-06-23 14:04:00.537,OnTrack,-1251,-4300,1675,pos,0 days 01:00:46.124000,0 days 01:57:43.219000
2024-06-23 14:04:01.057,OnTrack,-1439,-4578,1667,pos,0 days 01:00:46.644000,0 days 01:57:43.739000
2024-06-23 14:04:01.217,OnTrack,-1514,-4690,1664,pos,0 days 01:00:46.804000,0 days 01:57:43.899000
2024-06-23 14:04:01.377,OnTrack,-1587,-4800,1660,pos,0 days 01:00:46.964000,0 days 01:57:44.059000
2024-06-23 14:04:01.677,OnTrack,-1727,-5016,1655,pos,0 days 01:00:47.264000,0 days 01:57:44.359000
2024-06-23 14:04:01.897,OnTrack,-1875,-5260,1650,pos,0 days 01:00:47.484000,0 days 01:57:44.579000
2024-06-23 14:04:02.157,OnTrack,-1934,-5362,1648,pos,0 days 01:00:47.744000,0 days 01:57:44.839000
2024-06-23 14:04:02.397,OnTrack,-2034,-5537,1645,pos,0 days 01:00:47.984000,0 days 01:57:45.079000
2024-06-23 14:04:02.617,OnTrack,-2172,-5784,1642,pos,0 days 01:00:48.204000,0 days 01:57:45.299000
2024-06-23 14:04:03.037,OnTrack,-2293,-6002,1639,pos,0 days 01:00:48.624000,0 days 01:57:45.719000
2024-06-23 14:04:03.237,OnTrack,-2373,-6144,1637,pos,0 days 01:00:48.824000,0 days 01:57:45.919000
2024-06-23 14:04:03.476,OnTrack,-2465,-6301,1635,pos,0 days 01:00:49.063000,0 days 01:57:46.158000
2024-06-23 14:04:03.716,OnTrack,-2553,-6439,1633,pos,0 days 01:00:49.303000,0 days 01:57:46.398000
2024-06-23 14:04:03.896,OnTrack,-2635,-6554,1632,pos,0 days 01:00:49.483000,0 days 01:57:46.578000
2024-06-23 14:04:04.176,OnTrack,-2680,-6613,1631,pos,0 days 01:00:49.763000,0 days 01:57:46.858000
2024-06-23 14:04:04.456,OnTrack,-2767,-6717,1629,pos,0 days 01:00:50.043000,0 days 01:57:47.138000
2024-06-23 14:04:04.716,OnTrack,-2849,-6801,1627,pos,0 days 01:00:50.303000,0 days 01:57:47.398000
2024-06-23 14:04:04.876,OnTrack,-2900,-6846,1626,pos,0 days 01:00:50.463000,0 days 01:57:47.558000
2024-06-23 14:04:05.036,OnTrack,-2953,-6887,1624,pos,0 days 01:00:50.623000,0 days 01:57:47.718000
2024-06-23 14:04:05.317,OnTrack,-3055,-6948,1624,pos,0 days 01:00:50.904000,0 days 01:57:47.999000
2024-06-23 14:04:05.557,OnTrack,-3141,-6980,1623,pos,0 days 01:00:51.144000,0 days 01:57:48.239000
2024-06-23 14:04:05.777,OnTrack,-3238,-6994,1624,pos,0 days 01:00:51.364000,0 days 01:57:48.459000
2024-06-23 14:04:06.197,OnTrack,-3376,-6981,1627,pos,0 days 01:00:51.784000,0 days 01:57:48.879000
2024-06-23 14:04:06.357,OnTrack,-3468,-6951,1629,pos,0 days 01:00:51.944000,0 days 01:57:49.039000
2024-06-23 14:04:06.757,OnTrack,-3641,-6875,1632,pos,0 days 01:00:52.344000,0 days 01:57:49.439000
2024-06-23 14:04:07.177,OnTrack,-3808,-6803,1635,pos,0 days 01:00:52.764000,0 days 01:57:49.859000
2024-06-23 14:04:07.577,OnTrack,-4003,-6767,1641,pos,0 days 01:00:53.164000,0 days 01:57:50.259000
2024-06-23 14:04:07.937,OnTrack,-4107,-6779,1645,pos,0 days 01:00:53.524000,0 days 01:57:50.619000
2024-06-23 14:04:08.257,OnTrack,-4286,-6840,1654,pos,0 days 01:00:53.844000,0 days 01:57:50.939000
2024-06-23 14:04:08.657,OnTrack,-4449,-6929,1663,pos,0 days 01:00:54.244000,0 days 01:57:51.339000
2024-06-23 14:04:08.837,OnTrack,-4528,-6982,1667,pos,0 days 01:00:54.424000,0 days 01:57:51.519000
2024-06-23 14:04:09.017,OnTrack,-4608,-7038,1672,pos,0 days 01:00:54.604000,0 days 01:57:51.699000
2024-06-23 14:04:09.277,OnTrack,-4726,-7122,1679,pos,0 days 01:00:54.864000,0 days 01:57:51.959000
2024-06-23 14:04:09.497,OnTrack,-4830,-7192,1685,pos,0 days 01:00:55.084000,0 days 01:57:52.179000
2024-06-23 14:04:09.677,OnTrack,-4993,-7289,1693,pos,0 days 01:00:55.264000,0 days 01:57:52.359000
2024-06-23 14:04:09.956,OnTrack,-5068,-7328,1696,pos,0 days 01:00:55.543000,0 days 01:57:52.638000
2024-06-23 14:04:10.336,OnTrack,-5285,-7413,1706,pos,0 days 01:00:55.923000,0 days 01:57:53.018000
2024-06-23 14:04:10.536,OnTrack,-5405,-7440,1711,pos,0 days 01:00:56.123000,0 days 01:57:53.218000
2024-06-23 14:04:10.696,OnTrack,-5503,-7452,1715,pos,0 days 01:00:56.283000,0 days 01:57:53.378000
2024-06-23 14:04:10.956,OnTrack,-5661,-7453,1722,pos,0 days 01:00:56.543000,0 days 01:57:53.638000
2024-06-23 14:04:11.136,OnTrack,-5769,-7441,1727,pos,0 days 01:00:56.723000,0 days 01:57:53.818000
2024-06-23 14:04:11.296,OnTrack,-5942,-7400,1734,pos,0 days 01:00:56.883000,0 days 01:57:53.978000
2024-06-23 14:04:11.676,OnTrack,-6073,-7352,1738,pos,0 days 01:00:57.263000,0 days 01:57:54.358000
2024-06-23 14:04:11.977,OnTrack,-6287,-7227,1747,pos,0 days 01:00:57.564000,0 days 01:57:54.659000
2024-06-23 14:04:12.317,OnTrack,-6395,-7131,1752,pos,0 days 01:00:57.904000,0 days 01:57:54.999000
2024-06-23 14:04:12.617,OnTrack,-6548,-6933,1758,pos,0 days 01:00:58.204000,0 days 01:57:55.299000
2024-06-23 14:04:12.897,OnTrack,-6597,-6842,1760,pos,0 days 01:00:58.484000,0 days 01:57:55.579000
2024-06-23 14:04:13.057,OnTrack,-6638,-6748,1762,pos,0 days 01:00:58.644000,0 days 01:57:55.739000
2024-06-23 14:04:13.317,OnTrack,-6689,-6584,1765,pos,0 days 01:00:58.904000,0 days 01:57:55.999000
2024-06-23 14:04:13.577,OnTrack,-6720,-6412,1768,pos,0 days 01:00:59.164000,0 days 01:57:56.259000
2024-06-23 14:04:13.857,OnTrack,-6733,-6222,1770,pos,0 days 01:00:59.444000,0 days 01:57:56.539000
2024-06-23 14:04:14.017,OnTrack,-6727,-6028,1773,pos,0 days 01:00:59.604000,0 days 01:57:56.699000
2024-06-23 14:04:14.417,OnTrack,-6694,-5749,1777,pos,0 days 01:01:00.004000,0 days 01:57:57.099000
2024-06-23 14:04:14.777,OnTrack,-6665,-5589,1779,pos,0 days 01:01:00.364000,0 days 01:57:57.459000
2024-06-23 14:04:15.057,OnTrack,-6621,-5407,1782,pos,0 days 01:01:00.644000,0 days 01:57:57.739000
2024-06-23 14:04:15.237,OnTrack,-6584,-5280,1785,pos,0 days 01:01:00.824000,0 days 01:57:57.919000
2024-06-23 14:04:15.497,OnTrack,-6517,-5102,1788,pos,0 days 01:01:01.084000,0 days 01:57:58.179000
2024-06-23 14:04:15.697,OnTrack,-6421,-4916,1791,pos,0 days 01:01:01.284000,0 days 01:57:58.379000
2024-06-23 14:04:16.077,OnTrack,-6299,-4724,1794,pos,0 days 01:01:01.664000,0 days 01:57:58.759000
2024-06-23 14:04:16.357,OnTrack,-6176,-4548,1796,pos,0 days 01:01:01.944000,0 days 01:57:59.039000
2024-06-23 14:04:16.556,OnTrack,-6087,-4424,1798,pos,0 days 01:01:02.143000,0 days 01:57:59.238000
2024-06-23 14:04:16.716,OnTrack,-6015,-4323,1800,pos,0 days 01:01:02.303000,0 days 01:57:59.398000
2024-06-23 14:04:16.956,OnTrack,-5886,-4111,1803,pos,0 days 01:01:02.543000,0 days 01:57:59.638000
2024-06-23 14:04:17.336,OnTrack,-5766,-3909,1806,pos,0 days 01:01:02.923000,0 days 01:58:00.018000
2024-06-23 14:04:17.536,OnTrack,-5684,-3776,1808,pos,0 days 01:01:03.123000,0 days 01:58:00.218000
2024-06-23 14:04:17.696,OnTrack,-5620,-3675,1810,pos,0 days 01:01:03.283000,0 days 01:58:00.378000
2024-06-23 14:04:17.856,OnTrack,-5553,-3573,1812,pos,0 days 01:01:03.443000,0 days 01:58:00.538000
2024-06-23 14:04:18.156,OnTrack,-5428,-3391,1815,pos,0 days 01:01:03.743000,0 days 01:58:00.838000
2024-06-23 14:04:18.276,OnTrack,-5382,-3325,1816,pos,0 days 01:01:03.863000,0 days 01:58:00.958000
2024-06-23 14:04:18.577,OnTrack,-5267,-3169,1818,pos,0 days 01:01:04.164000,0 days 01:58:01.259000
2024-06-23 14:04:18.777,OnTrack,-5163,-3051,1819,pos,0 days 01:01:04.364000,0 days 01:58:01.459000
2024-06-23 14:04:19.217,OnTrack,-5048,-2953,1820,pos,0 days 01:01:04.804000,0 days 01:58:01.899000
2024-06-23 14:04:19.457,OnTrack,-4918,-2880,1822,pos,0 days 01:01:05.044000,0 days 01:58:02.139000
2024-06-23 14:04:19.757,OnTrack,-4837,-2854,1823,pos,0 days 01:01:05.344000,0 days 01:58:02.439000
2024-06-23 14:04:20.077,OnTrack,-4660,-2840,1826,pos,0 days 01:01:05.664000,0 days 01:58:02.759000
2024-06-23 14:04:20.417,OnTrack,-4523,-2870,1828,pos,0 days 01:01:06.004000,0 days 01:58:03.099000
2024-06-23 14:04:20.797,OnTrack,-4439,-2907,1830,pos,0 days 01:01:06.384000,0 days 01:58:03.479000
2024-06-23 14:04:20.997,OnTrack,-4375,-2945,1832,pos,0 days 01:01:06.584000,0 days 01:58:03.679000
2024-06-23 14:04:21.197,OnTrack,-4318,-2991,1833,pos,0 days 01:01:06.784000,0 days 01:58:03.879000
2024-06-23 14:04:21.357,OnTrack,-4289,-3020,1834,pos,0 days 01:01:06.944000,0 days 01:58:04.039000
2024-06-23 14:04:21.697,OnTrack,-4203,-3121,1835,pos,0 days 01:01:07.284000,0 days 01:58:04.379000
2024-06-23 14:04:21.857,OnTrack,-4168,-3174,1836,pos,0 days 01:01:07.444000,0 days 01:58:04.539000
2024-06-23 14:04:22.017,OnTrack,-4135,-3231,1836,pos,0 days 01:01:07.604000,0 days 01:58:04.699000
2024-06-23 14:04:22.377,OnTrack,-4075,-3373,1838,pos,0 days 01:01:07.964000,0 days 01:58:05.059000
2024-06-23 14:04:22.537,OnTrack,-4047,-3478,1838,pos,0 days 01:01:08.124000,0 days 01:58:05.219000
2024-06-23 14:04:22.957,OnTrack,-4027,-3640,1839,pos,0 days 01:01:08.544000,0 days 01:58:05.639000
2024-06-23 14:04:23.136,OnTrack,-4028,-3731,1839,pos,0 days 01:01:08.723000,0 days 01:58:05.818000
2024-06-23 14:04:23.316,OnTrack,-4038,-3823,1839,pos,0 days 01:01:08.903000,0 days 01:58:05.998000
2024-06-23 14:04:23.636,OnTrack,-4079,-3992,1838,pos,0 days 01:01:09.223000,0 days 01:58:06.318000
2024-06-23 14:04:23.796,OnTrack,-4133,-4129,1836,pos,0 days 01:01:09.383000,0 days 01:58:06.478000
2024-06-23 14:04:24.136,OnTrack,-4200,-4251,1834,pos,0 days 01:01:09.723000,0 days 01:58:06.818000
2024-06-23 14:04:24.336,OnTrack,-4266,-4352,1832,pos,0 days 01:01:09.923000,0 days 01:58:07.018000
2024-06-23 14:04:24.636,OnTrack,-4418,-4565,1828,pos,0 days 01:01:10.223000,0 days 01:58:07.318000
2024-06-23 14:04:25.057,OnTrack,-4569,-4772,1822,pos,0 days 01:01:10.644000,0 days 01:58:07.739000
2024-06-23 14:04:25.377,OnTrack,-4662,-4899,1819,pos,0 days 01:01:10.964000,0 days 01:58:08.059000
2024-06-23 14:04:25.537,OnTrack,-4724,-4985,1817,pos,0 days 01:01:11.124000,0 days 01:58:08.219000
2024-06-23 14:04:25.877,OnTrack,-4850,-5157,1813,pos,0 days 01:01:11.464000,0 days 01:58:08.559000
2024-06-23 14:04:26.097,OnTrack,-4932,-5271,1810,pos,0 days 01:01:11.684000,0 days 01:58:08.779000
2024-06-23 14:04:26.277,OnTrack,-4992,-5358,1807,pos,0 days 01:01:11.864000,0 days 01:58:08.959000
2024-06-23 14:04:26.497,OnTrack,-5072,-5482,1803,pos,0 days 01:01:12.084000,0 days 01:58:09.179000
2024-06-23 14:04:26.917,OnTrack,-5151,-5628,1798,pos,0 days 01:01:12.504000,0 days 01:58:09.599000
2024-06-23 14:04:27.357,OnTrack,-5203,-5763,1791,pos,0 days 01:01:12.944000,0 days 01:58:10.039000
2024-06-23 14:04:27.477,OnTrack,-5214,-5803,1790,pos,0 days 01:01:13.064000,0 days 01:58:10.159000
2024-06-23 14:04:27.777,OnTrack,-5227,-5907,1786,pos,0 days 01:01:13.364000,0 days 01:58:10.459000
2024-06-23 14:04:28.097,OnTrack,-5218,-5998,1781,pos,0 days 01:01:13.684000,0 days 01:58:10.779000
2024-06-23 14:04:28.357,OnTrack,-5193,-6069,1776,pos,0 days 01:01:13.944000,0 days 01:58:11.039000
2024-06-23 14:04:28.557,OnTrack,-5164,-6117,1773,pos,0 days 01:01:14.144000,0 days 01:58:11.239000
2024-06-23 14:04:28.737,OnTrack,-5132,-6155,1770,pos,0 days 01:01:14.324000,0 days 01:58:11.419000
2024-06-23 14:04:28.897,OnTrack,-5099,-6183,1768,pos,0 days 01:01:14.484000,0 days 01:58:11.579000
2024-06-23 14:04:29.177,OnTrack,-5034,-6220,1764,pos,0 days 01:01:14.764000,0 days 01:58:11.859000
2024-06-23 14:04:29.337,OnTrack,-4994,-6235,1762,pos,0 days 01:01:14.924000,0 days 01:58:12.019000
2024-06-23 14:04:29.617,OnTrack,-4902,-6251,1758,pos,0 days 01:01:15.204000,0 days 01:58:12.299000
2024-06-23 14:04:29.996,OnTrack,-4779,-6244,1750,pos,0 days 01:01:15.583000,0 days 01:58:12.678000
2024-06-23 14:04:30.436,OnTrack,-4674,-6218,1743,pos,0 days 01:01:16.023000,0 days 01:58:13.118000
2024-06-23 14:04:30.516,OnTrack,-4649,-6210,1742,pos,0 days 01:01:16.103000,0 days 01:58:13.198000
2024-06-23 14:04:30.836,OnTrack,-4503,-6148,1731,pos,0 days 01:01:16.423000,0 days 01:58:13.518000
2024-06-23 14:04:31.256,OnTrack,-4355,-6070,1722,pos,0 days 01:01:16.843000,0 days 01:58:13.938000
2024-06-23 14:04:31.617,OnTrack,-4243,-6009,1714,pos,0 days 01:01:17.204000,0 days 01:58:14.299000
2024-06-23 14:04:31.797,OnTrack,-4165,-5967,1709,pos,0 days 01:01:17.384000,0 days 01:58:14.479000
2024-06-23 14:04:32.057,OnTrack,-4047,-5905,1701,pos,0 days 01:01:17.644000,0 days 01:58:14.739000
2024-06-23 14:04:32.337,OnTrack,-3862,-5816,1690,pos,0 days 01:01:17.924000,0 days 01:58:15.019000
2024-06-23 14:04:32.457,OnTrack,-3800,-5789,1687,pos,0 days 01:01:18.044000,0 days 01:58:15.139000
2024-06-23 14:04:32.677,OnTrack,-3683,-5740,1681,pos,0 days 01:01:18.264000,0 days 01:58:15.359000
2024-06-23 14:04:32.957,OnTrack,-3473,-5651,1672,pos,0 days 01:01:18.544000,0 days 01:58:15.639000
2024-06-23 14:04:33.317,OnTrack,-3327,-5581,1666,pos,0 days 01:01:18.904000,0 days 01:58:15.999000
2024-06-23 14:04:33.477,OnTrack,-3238,-5533,1663,pos,0 days 01:01:19.064000,0 days 01:58:16.159000
2024-06-23 14:04:33.717,OnTrack,-3107,-5451,1658,pos,0 days 01:01:19.304000,0 days 01:58:16.399000
2024-06-23 14:04:33.917,OnTrack,-2958,-5340,1654,pos,0 days 01:01:19.504000,0 days 01:58:16.599000
2024-06-23 14:04:34.377,OnTrack,-2767,-5164,1651,pos,0 days 01:01:19.964000,0 days 01:58:17.059000
2024-06-23 14:04:34.477,OnTrack,-2720,-5114,1650,pos,0 days 01:01:20.064000,0 days 01:58:17.159000
2024-06-23 14:04:34.697,OnTrack,-2620,-4997,1651,pos,0 days 01:01:20.284000,0 days 01:58:17.379000
2024-06-23 14:04:34.997,OnTrack,-2493,-4827,1651,pos,0 days 01:01:20.584000,0 days 01:58:17.679000
2024-06-23 14:04:35.217,OnTrack,-2353,-4626,1651,pos,0 days 01:01:20.804000,0 days 01:58:17.899000
2024-06-23 14:04:35.597,OnTrack,-2271,-4504,1653,pos,0 days 01:01:21.184000,0 days 01:58:18.279000
2024-06-23 14:04:35.757,OnTrack,-2222,-4432,1655,pos,0 days 01:01:21.344000,0 days 01:58:18.439000
2024-06-23 14:04:35.997,OnTrack,-2161,-4331,1659,pos,0 days 01:01:21.584000,0 days 01:58:18.679000
2024-06-23 14:04:36.197,OnTrack,-2124,-4251,1661,pos,0 days 01:01:21.784000,0 days 01:58:18.879000
2024-06-23 14:04:36.356,OnTrack,-2109,-4201,1662,pos,0 days 01:01:21.943000,0 days 01:58:19.038000
2024-06-23 14:04:36.676,OnTrack,-2083,-4015,1664,pos,0 days 01:01:22.263000,0 days 01:58:19.358000
2024-06-23 14:04:37.076,OnTrack,-2086,-3901,1668,pos,0 days 01:01:22.663000,0 days 01:58:19.758000
2024-06-23 14:04:37.296,OnTrack,-2099,-3817,1673,pos,0 days 01:01:22.883000,0 days 01:58:19.978000
2024-06-23 14:04:37.476,OnTrack,-2119,-3753,1677,pos,0 days 01:01:23.063000,0 days 01:58:20.158000
2024-06-23 14:04:37.656,OnTrack,-2149,-3693,1680,pos,0 days 01:01:23.243000,0 days 01:58:20.338000
2024-06-23 14:04:37.936,OnTrack,-2214,-3609,1684,pos,0 days 01:01:23.523000,0 days 01:58:20.618000
2024-06-23 14:04:38.096,OnTrack,-2260,-3566,1686,pos,0 days 01:01:23.683000,0 days 01:58:20.778000
2024-06-23 14:04:38.317,OnTrack,-2384,-3474,1693,pos,0 days 01:01:23.904000,0 days 01:58:20.999000
2024-06-23 14:04:38.637,OnTrack,-2446,-3429,1697,pos,0 days 01:01:24.224000,0 days 01:58:21.319000
2024-06-23 14:04:38.937,OnTrack,-2542,-3352,1704,pos,0 days 01:01:24.524000,0 days 01:58:21.619000
2024-06-23 14:04:39.177,OnTrack,-2635,-3258,1714,pos,0 days 01:01:24.764000,0 days 01:58:21.859000
2024-06-23 14:04:39.517,OnTrack,-2756,-3083,1729,pos,0 days 01:01:25.104000,0 days 01:58:22.199000
2024-06-23 14:04:39.937,OnTrack,-2828,-2937,1739,pos,0 days 01:01:25.524000,0 days 01:58:22.619000
2024-06-23 14:04:40.177,OnTrack,-2884,-2813,1747,pos,0 days 01:01:25.764000,0 days 01:58:22.859000
2024-06-23 14:04:40.397,OnTrack,-2937,-2697,1754,pos,0 days 01:01:25.984000,0 days 01:58:23.079000
2024-06-23 14:04:40.457,OnTrack,-2952,-2665,1755,pos,0 days 01:01:26.044000,0 days 01:58:23.139000
2024-06-23 14:04:40.717,OnTrack,-3020,-2524,1766,pos,0 days 01:01:26.304000,0 days 01:58:23.399000
2024-06-23 14:04:40.977,OnTrack,-3089,-2378,1776,pos,0 days 01:01:26.564000,0 days 01:58:23.659000
2024-06-23 14:04:41.237,OnTrack,-3160,-2229,1785,pos,0 days 01:01:26.824000,0 days 01:58:23.919000
2024-06-23 14:04:41.437,OnTrack,-3216,-2112,1793,pos,0 days 01:01:27.024000,0 days 01:58:24.119000
2024-06-23 14:04:41.497,OnTrack,-3233,-2076,1795,pos,0 days 01:01:27.084000,0 days 01:58:24.179000
2024-06-23 14:04:41.877,OnTrack,-3365,-1800,1814,pos,0 days 01:01:27.464000,0 days 01:58:24.559000
2024-06-23 14:04:42.137,OnTrack,-3413,-1688,1821,pos,0 days 01:01:27.724000,0 days 01:58:24.819000
2024-06-23 14:04:42.377,OnTrack,-3466,-1537,1830,pos,0 days 01:01:27.964000,0 days 01:58:25.059000
2024-06-23 14:04:42.677,OnTrack,-3503,-1346,1840,pos,0 days 01:01:28.264000,0 days 01:58:25.359000
2024-06-23 14:04:42.856,OnTrack,-3508,-1231,1844,pos,0 days 01:01:28.443000,0 days 01:58:25.538000
2024-06-23 14:04:43.056,OnTrack,-3501,-1104,1850,pos,0 days 01:01:28.643000,0 days 01:58:25.738000
2024-06-23 14:04:43.336,OnTrack,-3470,-920,1857,pos,0 days 01:01:28.923000,0 days 01:58:26.018000
2024-06-23 14:04:43.656,OnTrack,-3389,-673,1866,pos,0 days 01:01:29.243000,0 days 01:58:26.338000
2024-06-23 14:04:43.976,OnTrack,-3333,-563,1869,pos,0 days 01:01:29.563000,0 days 01:58:26.658000
2024-06-23 14:04:44.156,OnTrack,-3256,-449,1871,pos,0 days 01:01:29.743000,0 days 01:58:26.838000
2024-06-23 14:04:44.516,OnTrack,-3075,-289,1874,pos,0 days 01:01:30.103000,0 days 01:58:27.198000
2024-06-23 14:04:44.736,OnTrack,-2942,-220,1874,pos,0 days 01:01:30.323000,0 days 01:58:27.418000
2024-06-23 14:04:44.937,OnTrack,-2802,-163,1874,pos,0 days 01:01:30.524000,0 days 01:58:27.619000
2024-06-23 14:04:45.117,OnTrack,-2688,-118,1872,pos,0 days 01:01:30.704000,0 days 01:58:27.799000
2024-06-23 14:04:45.377,OnTrack,-2537,-54,1870,pos,0 days 01:01:30.964000,0 days 01:58:28.059000
2024-06-23 14:04:45.577,OnTrack,-2410,3,1869,pos,0 days 01:01:31.164000,0 days 01:58:28.259000
2024-06-23 14:04:45.677,OnTrack,-2346,33,1868,pos,0 days 01:01:31.264000,0 days 01:58:28.359000
2024-06-23 14:04:45.877,OnTrack,-2218,94,1866,pos,0 days 01:01:31.464000,0 days 01:58:28.559000
2024-06-23 14:04:46.077,OnTrack,-2088,155,1865,pos,0 days 01:01:31.664000,0 days 01:58:28.759000
2024-06-23 14:04:46.377,OnTrack,-1891,248,1862,pos,0 days 01:01:31.964000,0 days 01:58:29.059000
2024-06-23 14:04:46.537,OnTrack,-1785,298,1860,pos,0 days 01:01:32.124000,0 days 01:58:29.219000
2024-06-23 14:04:46.657,OnTrack,-1705,336,1860,pos,0 days 01:01:32.244000,0 days 01:58:29.339000
2024-06-23 14:04:46.857,OnTrack,-1571,400,1858,pos,0 days 01:01:32.444000,0 days 01:58:29.539000
2024-06-23 14:04:47.137,OnTrack,-1380,491,1855,pos,0 days 01:01:32.724000,0 days 01:58:29.819000
2024-06-23 14:04:47.317,OnTrack,-1257,550,1854,pos,0 days 01:01:32.904000,0 days 01:58:29.999000
2024-06-23 14:04:47.557,OnTrack,-1101,628,1852,pos,0 days 01:01:33.144000,0 days 01:58:30.239000
2024-06-23 14:04:47.737,OnTrack,-979,691,1850,pos,0 days 01:01:33.324000,0 days 01:58:30.419000
2024-06-23 14:04:47.937,OnTrack,-842,763,1849,pos,0 days 01:01:33.524000,0 days 01:58:30.619000
2024-06-23 14:04:48.257,OnTrack,-523,934,1844,pos,0 days 01:01:33.844000,0 days 01:58:30.939000
2024-06-23 14:04:48.637,OnTrack,-355,1023,1841,pos,0 days 01:01:34.224000,0 days 01:58:31.319000
2024-06-23 14:04:48.777,OnTrack,-172,1121,1839,pos,0 days 01:01:34.364000,0 days 01:58:31.459000
2024-06-23 14:04:49.217,OnTrack,152,1294,1835,pos,0 days 01:01:34.804000,0 days 01:58:31.899000
2024-06-23 14:04:49.656,OnTrack,365,1404,1832,pos,0 days 01:01:35.243000,0 days 01:58:32.338000
2024-06-23 14:04:49.776,OnTrack,451,1447,1830,pos,0 days 01:01:35.363000,0 days 01:58:32.458000
2024-06-23 14:04:50.016,OnTrack,678,1548,1828,pos,0 days 01:01:35.603000,0 days 01:58:32.698000
2024-06-23 14:04:50.476,OnTrack,938,1653,1824,pos,0 days 01:01:36.063000,0 days 01:58:33.158000
2024-06-23 14:04:50.756,OnTrack,1040,1695,1824,pos,0 days 01:01:36.343000,0 days 01:58:33.438000
2024-06-23 14:04:51.116,OnTrack,1193,1766,1822,pos,0 days 01:01:36.703000,0 days 01:58:33.798000
2024-06-23 14:04:51.316,OnTrack,1298,1830,1821,pos,0 days 01:01:36.903000,0 days 01:58:33.998000
2024-06-23 14:04:51.757,OnTrack,1393,1921,1819,pos,0 days 01:01:37.344000,0 days 01:58:34.439000
2024-06-23 14:04:52.457,OnTrack,1464,2132,1817,pos,0 days 01:01:38.044000,0 days 01:58:35.139000
2024-06-23 14:04:52.657,OnTrack,1458,2197,1817,pos,0 days 01:01:38.244000,0 days 01:58:35.339000
2024-06-23 14:04:52.817,OnTrack,1447,2246,1817,pos,0 days 01:01:38.404000,0 days 01:58:35.499000
2024-06-23 14:04:52.997,OnTrack,1428,2299,1818,pos,0 days 01:01:38.584000,0 days 01:58:35.679000
2024-06-23 14:04:53.217,OnTrack,1384,2384,1821,pos,0 days 01:01:38.804000,0 days 01:58:35.899000
2024-06-23 14:04:53.517,OnTrack,1350,2432,1822,pos,0 days 01:01:39.104000,0 days 01:58:36.199000
2024-06-23 14:04:53.777,OnTrack,1301,2488,1824,pos,0 days 01:01:39.364000,0 days 01:58:36.459000
2024-06-23 14:04:54.097,OnTrack,1233,2547,1826,pos,0 days 01:01:39.684000,0 days 01:58:36.779000
2024-06-23 14:04:54.257,OnTrack,1195,2571,1827,pos,0 days 01:01:39.844000,0 days 01:58:36.939000
2024-06-23 14:04:54.417,OnTrack,1155,2593,1828,pos,0 days 01:01:40.004000,0 days 01:58:37.099000
2024-06-23 14:04:54.737,OnTrack,1064,2626,1830,pos,0 days 01:01:40.324000,0 days 01:58:37.419000
2024-06-23 14:04:54.917,OnTrack,989,2644,1832,pos,0 days 01:01:40.504000,0 days 01:58:37.599000
2024-06-23 14:04:55.317,OnTrack,874,2658,1834,pos,0 days 01:01:40.904000,0 days 01:58:37.999000
2024-06-23 14:04:55.537,OnTrack,794,2660,1836,pos,0 days 01:01:41.124000,0 days 01:58:38.219000
2024-06-23 14:04:55.717,OnTrack,725,2656,1837,pos,0 days 01:01:41.304000,0 days 01:58:38.399000
2024-06-23 14:04:55.897,OnTrack,653,2646,1839,pos,0 days 01:01:41.484000,0 days 01:58:38.579000
2024-06-23 14:04:56.156,OnTrack,503,2609,1842,pos,0 days 01:01:41.743000,0 days 01:58:38.838000
2024-06-23 14:04:56.616,OnTrack,346,2543,1849,pos,0 days 01:01:42.203000,0 days 01:58:39.298000
2024-06-23 14:04:56.656,OnTrack,328,2534,1849,pos,0 days 01:01:42.243000,0 days 01:58:39.338000
2024-06-23 14:04:56.956,OnTrack,151,2424,1859,pos,0 days 01:01:42.543000,0 days 01:58:39.638000
2024-06-23 14:04:57.256,OnTrack,62,2361,1864,pos,0 days 01:01:42.843000,0 days 01:58:39.938000
2024-06-23 14:04:57.616,OnTrack,-96,2257,1871,pos,0 days 01:01:43.203000,0 days 01:58:40.298000
2024-06-23 14:04:57.756,OnTrack,-159,2224,1874,pos,0 days 01:01:43.343000,0 days 01:58:40.438000
2024-06-23 14:04:58.037,OnTrack,-326,2158,1880,pos,0 days 01:01:43.624000,0 days 01:58:40.719000
2024-06-23 14:04:58.297,OnTrack,-404,2139,1883,pos,0 days 01:01:43.884000,0 days 01:58:40.979000
2024-06-23 14:04:58.617,OnTrack,-529,2123,1889,pos,0 days 01:01:44.204000,0 days 01:58:41.299000
2024-06-23 14:04:58.817,OnTrack,-608,2123,1893,pos,0 days 01:01:44.404000,0 days 01:58:41.499000
2024-06-23 14:04:58.977,OnTrack,-668,2129,1896,pos,0 days 01:01:44.564000,0 days 01:58:41.659000
2024-06-23 14:04:59.277,OnTrack,-775,2156,1901,pos,0 days 01:01:44.864000,0 days 01:58:41.959000
2024-06-23 14:04:59.537,OnTrack,-889,2225,1906,pos,0 days 01:01:45.124000,0 days 01:58:42.219000
2024-06-23 14:04:59.777,OnTrack,-919,2253,1907,pos,0 days 01:01:45.364000,0 days 01:58:42.459000
2024-06-23 14:05:00.137,OnTrack,-1012,2396,1911,pos,0 days 01:01:45.724000,0 days 01:58:42.819000
2024-06-23 14:05:00.577,OnTrack,-1048,2538,1913,pos,0 days 01:01:46.164000,0 days 01:58:43.259000
2024-06-23 14:05:00.817,OnTrack,-1050,2571,1914,pos,0 days 01:01:46.404000,0 days 01:58:43.499000
2024-06-23 14:05:00.997,OnTrack,-1050,2632,1914,pos,0 days 01:01:46.584000,0 days 01:58:43.679000
2024-06-23 14:05:01.377,OnTrack,-1031,2762,1916,pos,0 days 01:01:46.964000,0 days 01:58:44.059000
2024-06-23 14:05:01.577,OnTrack,-1003,2851,1918,pos,0 days 01:01:47.164000,0 days 01:58:44.259000
2024-06-23 14:05:01.937,OnTrack,-956,2954,1920,pos,0 days 01:01:47.524000,0 days 01:58:44.619000
2024-06-23 14:05:02.237,OnTrack,-872,3081,1921,pos,0 days 01:01:47.824000,0 days 01:58:44.919000
2024-06-23 14:05:02.457,OnTrack,-809,3156,1923,pos,0 days 01:01:48.044000,0 days 01:58:45.139000
2024-06-23 14:05:02.656,OnTrack,-746,3218,1922,pos,0 days 01:01:48.243000,0 days 01:58:45.338000
2024-06-23 14:05:02.936,OnTrack,-646,3304,1922,pos,0 days 01:01:48.523000,0 days 01:58:45.618000
2024-06-23 14:05:03.176,OnTrack,-552,3379,1921,pos,0 days 01:01:48.763000,0 days 01:58:45.858000
2024-06-23 14:05:03.396,OnTrack,-461,3449,1920,pos,0 days 01:01:48.983000,0 days 01:58:46.078000
2024-06-23 14:05:03.596,OnTrack,-375,3516,1918,pos,0 days 01:01:49.183000,0 days 01:58:46.278000
2024-06-23 14:05:03.756,OnTrack,-307,3573,1917,pos,0 days 01:01:49.343000,0 days 01:58:46.438000
2024-06-23 14:05:04.076,OnTrack,-147,3709,1912,pos,0 days 01:01:49.663000,0 days 01:58:46.758000
2024-06-23 14:05:04.356,OnTrack,-36,3804,1908,pos,0 days 01:01:49.943000,0 days 01:58:47.038000
2024-06-23 14:05:04.617,OnTrack,100,3912,1903,pos,0 days 01:01:50.204000,0 days 01:58:47.299000
2024-06-23 14:05:04.837,OnTrack,215,3993,1897,pos,0 days 01:01:50.424000,0 days 01:58:47.519000
2024-06-23 14:05:05.037,OnTrack,374,4076,1890,pos,0 days 01:01:50.624000,0 days 01:58:47.719000
2024-06-23 14:05:05.397,OnTrack,538,4125,1883,pos,0 days 01:01:50.984000,0 days 01:58:48.079000
2024-06-23 14:05:05.677,OnTrack,726,4140,1873,pos,0 days 01:01:51.264000,0 days 01:58:48.359000
2024-06-23 14:05:05.897,OnTrack,878,4124,1865,pos,0 days 01:01:51.484000,0 days 01:58:48.579000
2024-06-23 14:05:06.077,OnTrack,999,4098,1858,pos,0 days 01:01:51.664000,0 days 01:58:48.759000
2024-06-23 14:05:06.297,OnTrack,1144,4048,1849,pos,0 days 01:01:51.884000,0 days 01:58:48.979000
2024-06-23 14:05:06.457,OnTrack,1337,3959,1837,pos,0 days 01:01:52.044000,0 days 01:58:49.139000
2024-06-23 14:05:06.897,OnTrack,1522,3854,1827,pos,0 days 01:01:52.484000,0 days 01:58:49.579000
2024-06-23 14:05:07.157,OnTrack,1741,3715,1813,pos,0 days 01:01:52.744000,0 days 01:58:49.839000
2024-06-23 14:05:07.477,OnTrack,1875,3629,1806,pos,0 days 01:01:53.064000,0 days 01:58:50.159000
2024-06-23 14:05:07.637,OnTrack,1973,3566,1800,pos,0 days 01:01:53.224000,0 days 01:58:50.319000
2024-06-23 14:05:07.817,OnTrack,2084,3496,1793,pos,0 days 01:01:53.404000,0 days 01:58:50.499000
2024-06-23 14:05:08.157,OnTrack,2294,3358,1782,pos,0 days 01:01:53.744000,0 days 01:58:50.839000
2024-06-23 14:05:08.397,OnTrack,2435,3255,1775,pos,0 days 01:01:53.984000,0 days 01:58:51.079000
2024-06-23 14:05:08.777,OnTrack,2609,3096,1765,pos,0 days 01:01:54.364000,0 days 01:58:51.459000
2024-06-23 14:05:09.037,OnTrack,2766,2889,1756,pos,0 days 01:01:54.624000,0 days 01:58:51.719000
2024-06-23 14:05:09.556,OnTrack,2871,2569,1748,pos,0 days 01:01:55.143000,0 days 01:58:52.238000
2024-06-23 14:05:09.976,OnTrack,2883,2348,1742,pos,0 days 01:01:55.563000,0 days 01:58:52.658000
2024-06-23 14:05:10.296,OnTrack,2857,2176,1738,pos,0 days 01:01:55.883000,0 days 01:58:52.978000
2024-06-23 14:05:10.516,OnTrack,2813,2033,1736,pos,0 days 01:01:56.103000,0 days 01:58:53.198000
2024-06-23 14:05:10.756,OnTrack,2742,1876,1734,pos,0 days 01:01:56.343000,0 days 01:58:53.438000
2024-06-23 14:05:10.856,OnTrack,2708,1815,1733,pos,0 days 01:01:56.443000,0 days 01:58:53.538000
2024-06-23 14:05:11.137,OnTrack,2599,1634,1730,pos,0 days 01:01:56.724000,0 days 01:58:53.819000
2024-06-23 14:05:11.377,OnTrack,2507,1492,1728,pos,0 days 01:01:56.964000,0 days 01:58:54.059000
2024-06-23 14:05:11.617,OnTrack,2366,1276,1724,pos,0 days 01:01:57.204000,0 days 01:58:54.299000
2024-06-23 14:05:11.917,OnTrack,2302,1178,1722,pos,0 days 01:01:57.504000,0 days 01:58:54.599000
2024-06-23 14:05:12.237,OnTrack,2151,944,1718,pos,0 days 01:01:57.824000,0 days 01:58:54.919000
2024-06-23 14:05:12.557,OnTrack,2045,782,1715,pos,0 days 01:01:58.144000,0 days 01:58:55.239000
2024-06-23 14:05:12.797,OnTrack,1946,630,1713,pos,0 days 01:01:58.384000,0 days 01:58:55.479000
2024-06-23 14:05:13.037,OnTrack,1846,477,1711,pos,0 days 01:01:58.624000,0 days 01:58:55.719000
2024-06-23 14:05:13.217,OnTrack,1770,361,1710,pos,0 days 01:01:58.804000,0 days 01:58:55.899000
2024-06-23 14:05:13.417,OnTrack,1691,240,1709,pos,0 days 01:01:59.004000,0 days 01:58:56.099000
2024-06-23 14:05:13.677,OnTrack,1540,4,1708,pos,0 days 01:01:59.264000,0 days 01:58:56.359000
2024-06-23 14:05:14.077,OnTrack,1396,-220,1707,pos,0 days 01:01:59.664000,0 days 01:58:56.759000
2024-06-23 14:05:14.397,OnTrack,1285,-393,1707,pos,0 days 01:01:59.984000,0 days 01:58:57.079000
2024-06-23 14:05:14.557,OnTrack,1217,-501,1708,pos,0 days 01:02:00.144000,0 days 01:58:57.239000
2024-06-23 14:05:14.897,OnTrack,1071,-731,1708,pos,0 days 01:02:00.484000,0 days 01:58:57.579000
2024-06-23 14:05:15.017,OnTrack,1019,-812,1708,pos,0 days 01:02:00.604000,0 days 01:58:57.699000
2024-06-23 14:05:15.297,OnTrack,898,-1003,1708,pos,0 days 01:02:00.884000,0 days 01:58:57.979000
2024-06-23 14:05:15.457,OnTrack,828,-1113,1708,pos,0 days 01:02:01.044000,0 days 01:58:58.139000
2024-06-23 14:05:15.697,OnTrack,723,-1278,1707,pos,0 days 01:02:01.284000,0 days 01:58:58.379000
2024-06-23 14:05:15.956,OnTrack,609,-1458,1707,pos,0 days 01:02:01.543000,0 days 01:58:58.638000
2024-06-23 14:05:16.116,OnTrack,539,-1569,1707,pos,0 days 01:02:01.703000,0 days 01:58:58.798000
2024-06-23 14:05:16.276,OnTrack,468,-1680,1707,pos,0 days 01:02:01.863000,0 days 01:58:58.958000
2024-06-23 14:05:16.576,OnTrack,317,-1918,1708,pos,0 days 01:02:02.163000,0 days 01:58:59.258000
2024-06-23 14:05:16.896,OnTrack,192,-2114,1708,pos,0 days 01:02:02.483000,0 days 01:58:59.578000
2024-06-23 14:05:17.176,OnTrack,67,-2312,1708,pos,0 days 01:02:02.763000,0 days 01:58:59.858000
2024-06-23 14:05:17.376,OnTrack,-88,-2555,1706,pos,0 days 01:02:02.963000,0 days 01:59:00.058000
2024-06-23 14:05:17.657,OnTrack,-165,-2673,1706,pos,0 days 01:02:03.244000,0 days 01:59:00.339000
2024-06-23 14:05:17.897,OnTrack,-277,-2841,1704,pos,0 days 01:02:03.484000,0 days 01:59:00.579000
2024-06-23 14:05:18.137,OnTrack,-388,-3009,1702,pos,0 days 01:02:03.724000,0 days 01:59:00.819000
2024-06-23 14:05:18.357,OnTrack,-481,-3150,1701,pos,0 days 01:02:03.944000,0 days 01:59:01.039000
2024-06-23 14:05:18.517,OnTrack,-556,-3262,1699,pos,0 days 01:02:04.104000,0 days 01:59:01.199000
2024-06-23 14:05:18.717,OnTrack,-650,-3402,1696,pos,0 days 01:02:04.304000,0 days 01:59:01.399000
2024-06-23 14:05:18.977,OnTrack,-819,-3655,1692,pos,0 days 01:02:04.564000,0 days 01:59:01.659000
2024-06-23 14:05:19.397,OnTrack,-1026,-3963,1684,pos,0 days 01:02:04.984000,0 days 01:59:02.079000
2024-06-23 14:05:19.817,OnTrack,-1167,-4174,1679,pos,0 days 01:02:05.404000,0 days 01:59:02.499000
2024-06-23 14:05:20.097,OnTrack,-1327,-4412,1672,pos,0 days 01:02:05.684000,0 days 01:59:02.779000
2024-06-23 14:05:20.437,OnTrack,-1515,-4692,1664,pos,0 days 01:02:06.024000,0 days 01:59:03.119000
2024-06-23 14:05:20.777,OnTrack,-1611,-4835,1660,pos,0 days 01:02:06.364000,0 days 01:59:03.459000
2024-06-23 14:05:21.117,OnTrack,-1763,-5075,1654,pos,0 days 01:02:06.704000,0 days 01:59:03.799000
2024-06-23 14:05:21.337,OnTrack,-1892,-5290,1649,pos,0 days 01:02:06.924000,0 days 01:59:04.019000
2024-06-23 14:05:21.597,OnTrack,-1967,-5420,1647,pos,0 days 01:02:07.184000,0 days 01:59:04.279000
2024-06-23 14:05:21.877,OnTrack,-2082,-5621,1644,pos,0 days 01:02:07.464000,0 days 01:59:04.559000
2024-06-23 14:05:22.037,OnTrack,-2201,-5837,1641,pos,0 days 01:02:07.624000,0 days 01:59:04.719000
2024-06-23 14:05:22.556,OnTrack,-2351,-6107,1638,pos,0 days 01:02:08.143000,0 days 01:59:05.238000
2024-06-23 14:05:22.736,OnTrack,-2422,-6228,1636,pos,0 days 01:02:08.323000,0 days 01:59:05.418000
2024-06-23 14:05:22.936,OnTrack,-2499,-6356,1635,pos,0 days 01:02:08.523000,0 days 01:59:05.618000
2024-06-23 14:05:23.016,OnTrack,-2530,-6403,1634,pos,0 days 01:02:08.603000,0 days 01:59:05.698000
2024-06-23 14:05:23.216,OnTrack,-2583,-6482,1633,pos,0 days 01:02:08.803000,0 days 01:59:05.898000
2024-06-23 14:05:23.576,OnTrack,-2704,-6644,1631,pos,0 days 01:02:09.163000,0 days 01:59:06.258000
2024-06-23 14:05:23.796,OnTrack,-2801,-6753,1628,pos,0 days 01:02:09.383000,0 days 01:59:06.478000
2024-06-23 14:05:24.056,OnTrack,-2859,-6810,1627,pos,0 days 01:02:09.643000,0 days 01:59:06.738000
2024-06-23 14:05:24.337,OnTrack,-2959,-6891,1624,pos,0 days 01:02:09.924000,0 days 01:59:07.019000
2024-06-23 14:05:24.577,OnTrack,-3042,-6942,1625,pos,0 days 01:02:10.164000,0 days 01:59:07.259000
2024-06-23 14:05:24.797,OnTrack,-3121,-6974,1623,pos,0 days 01:02:10.384000,0 days 01:59:07.479000
2024-06-23 14:05:25.017,OnTrack,-3196,-6991,1623,pos,0 days 01:02:10.604000,0 days 01:59:07.699000
2024-06-23 14:05:25.217,OnTrack,-3273,-6995,1625,pos,0 days 01:02:10.804000,0 days 01:59:07.899000
2024-06-23 14:05:25.437,OnTrack,-3358,-6985,1626,pos,0 days 01:02:11.024000,0 days 01:59:08.119000
2024-06-23 14:05:25.657,OnTrack,-3497,-6940,1629,pos,0 days 01:02:11.244000,0 days 01:59:08.339000
2024-06-23 14:05:26.097,OnTrack,-3614,-6887,1632,pos,0 days 01:02:11.684000,0 days 01:59:08.779000
2024-06-23 14:05:26.257,OnTrack,-3679,-6857,1632,pos,0 days 01:02:11.844000,0 days 01:59:08.939000
2024-06-23 14:05:26.497,OnTrack,-3780,-6813,1634,pos,0 days 01:02:12.084000,0 days 01:59:09.179000
2024-06-23 14:05:26.677,OnTrack,-3903,-6776,1638,pos,0 days 01:02:12.264000,0 days 01:59:09.359000
2024-06-23 14:05:26.977,OnTrack,-3994,-6767,1641,pos,0 days 01:02:12.564000,0 days 01:59:09.659000
2024-06-23 14:05:27.177,OnTrack,-4089,-6775,1645,pos,0 days 01:02:12.764000,0 days 01:59:09.859000
2024-06-23 14:05:27.357,OnTrack,-4176,-6797,1648,pos,0 days 01:02:12.944000,0 days 01:59:10.039000
2024-06-23 14:05:27.617,OnTrack,-4366,-6880,1658,pos,0 days 01:02:13.204000,0 days 01:59:10.299000
2024-06-23 14:05:28.077,OnTrack,-4512,-6971,1667,pos,0 days 01:02:13.664000,0 days 01:59:10.759000
2024-06-23 14:05:28.277,OnTrack,-4602,-7034,1672,pos,0 days 01:02:13.864000,0 days 01:59:10.959000
2024-06-23 14:05:28.497,OnTrack,-4703,-7107,1677,pos,0 days 01:02:14.084000,0 days 01:59:11.179000
2024-06-23 14:05:28.697,OnTrack,-4839,-7197,1685,pos,0 days 01:02:14.284000,0 days 01:59:11.379000
2024-06-23 14:05:29.076,OnTrack,-4994,-7289,1693,pos,0 days 01:02:14.663000,0 days 01:59:11.758000
2024-06-23 14:05:29.376,OnTrack,-5230,-7395,1703,pos,0 days 01:02:14.963000,0 days 01:59:12.058000
2024-06-23 14:05:29.756,OnTrack,-5447,-7446,1713,pos,0 days 01:02:15.343000,0 days 01:59:12.438000
2024-06-23 14:05:30.036,OnTrack,-5556,-7455,1718,pos,0 days 01:02:15.623000,0 days 01:59:12.718000
2024-06-23 14:05:30.276,OnTrack,-5701,-7449,1724,pos,0 days 01:02:15.863000,0 days 01:59:12.958000
2024-06-23 14:05:30.536,OnTrack,-5855,-7424,1730,pos,0 days 01:02:16.123000,0 days 01:59:13.218000
2024-06-23 14:05:30.817,OnTrack,-6091,-7344,1739,pos,0 days 01:02:16.404000,0 days 01:59:13.499000
2024-06-23 14:05:31.157,OnTrack,-6207,-7281,1744,pos,0 days 01:02:16.744000,0 days 01:59:13.839000
2024-06-23 14:05:31.457,OnTrack,-6397,-7129,1751,pos,0 days 01:02:17.044000,0 days 01:59:14.139000
2024-06-23 14:05:31.777,OnTrack,-6530,-6961,1757,pos,0 days 01:02:17.364000,0 days 01:59:14.459000
2024-06-23 14:05:32.177,OnTrack,-6610,-6814,1761,pos,0 days 01:02:17.764000,0 days 01:59:14.859000
2024-06-23 14:05:32.377,OnTrack,-6658,-6692,1763,pos,0 days 01:02:17.964000,0 days 01:59:15.059000
2024-06-23 14:05:32.577,OnTrack,-6694,-6563,1765,pos,0 days 01:02:18.164000,0 days 01:59:15.259000
2024-06-23 14:05:32.877,OnTrack,-6725,-6362,1768,pos,0 days 01:02:18.464000,0 days 01:59:15.559000
2024-06-23 14:05:33.077,OnTrack,-6733,-6225,1770,pos,0 days 01:02:18.664000,0 days 01:59:15.759000
2024-06-23 14:05:33.257,OnTrack,-6726,-6004,1773,pos,0 days 01:02:18.844000,0 days 01:59:15.939000
2024-06-23 14:05:33.597,OnTrack,-6711,-5864,1776,pos,0 days 01:02:19.184000,0 days 01:59:16.279000
2024-06-23 14:05:33.857,OnTrack,-6669,-5610,1779,pos,0 days 01:02:19.444000,0 days 01:59:16.539000
2024-06-23 14:05:34.357,OnTrack,-6607,-5356,1783,pos,0 days 01:02:19.944000,0 days 01:59:17.039000
2024-06-23 14:05:34.537,OnTrack,-6567,-5230,1785,pos,0 days 01:02:20.124000,0 days 01:59:17.219000
2024-06-23 14:05:34.757,OnTrack,-6506,-5079,1788,pos,0 days 01:02:20.344000,0 days 01:59:17.439000
2024-06-23 14:05:34.937,OnTrack,-6407,-4893,1791,pos,0 days 01:02:20.524000,0 days 01:59:17.619000
2024-06-23 14:05:35.257,OnTrack,-6318,-4752,1793,pos,0 days 01:02:20.844000,0 days 01:59:17.939000
2024-06-23 14:05:35.576,OnTrack,-6178,-4550,1796,pos,0 days 01:02:21.163000,0 days 01:59:18.258000
2024-06-23 14:05:35.736,OnTrack,-6106,-4450,1798,pos,0 days 01:02:21.323000,0 days 01:59:18.418000
2024-06-23 14:05:35.916,OnTrack,-6025,-4338,1799,pos,0 days 01:02:21.503000,0 days 01:59:18.598000
2024-06-23 14:05:36.116,OnTrack,-5943,-4209,1801,pos,0 days 01:02:21.703000,0 days 01:59:18.798000
2024-06-23 14:05:36.256,OnTrack,-5887,-4114,1803,pos,0 days 01:02:21.843000,0 days 01:59:18.938000
2024-06-23 14:05:36.416,OnTrack,-5824,-4006,1805,pos,0 days 01:02:22.003000,0 days 01:59:19.098000
2024-06-23 14:05:36.676,OnTrack,-5720,-3832,1807,pos,0 days 01:02:22.263000,0 days 01:59:19.358000
2024-06-23 14:05:37.016,OnTrack,-5557,-3579,1812,pos,0 days 01:02:22.603000,0 days 01:59:19.698000
2024-06-23 14:05:37.316,OnTrack,-5447,-3419,1814,pos,0 days 01:02:22.903000,0 days 01:59:19.998000
2024-06-23 14:05:37.597,OnTrack,-5332,-3255,1817,pos,0 days 01:02:23.184000,0 days 01:59:20.279000
2024-06-23 14:05:38.357,OnTrack,-5012,-2928,1821,pos,0 days 01:02:23.944000,0 days 01:59:21.039000
2024-06-23 14:05:38.717,OnTrack,-4925,-2883,1822,pos,0 days 01:02:24.304000,0 days 01:59:21.399000
2024-06-23 14:05:38.977,OnTrack,-4819,-2849,1823,pos,0 days 01:02:24.564000,0 days 01:59:21.659000
2024-06-23 14:05:39.277,OnTrack,-4697,-2838,1825,pos,0 days 01:02:24.864000,0 days 01:59:21.959000
2024-06-23 14:05:39.437,OnTrack,-4633,-2843,1826,pos,0 days 01:02:25.024000,0 days 01:59:22.119000
2024-06-23 14:05:39.677,OnTrack,-4543,-2864,1828,pos,0 days 01:02:25.264000,0 days 01:59:22.359000
2024-06-23 14:05:39.857,OnTrack,-4444,-2904,1830,pos,0 days 01:02:25.444000,0 days 01:59:22.539000
2024-06-23 14:05:40.157,OnTrack,-4380,-2942,1831,pos,0 days 01:02:25.744000,0 days 01:59:22.839000
2024-06-23 14:05:40.477,OnTrack,-4265,-3044,1834,pos,0 days 01:02:26.064000,0 days 01:59:23.159000
2024-06-23 14:05:40.937,OnTrack,-4168,-3174,1836,pos,0 days 01:02:26.524000,0 days 01:59:23.619000
2024-06-23 14:05:41.277,OnTrack,-4114,-3273,1837,pos,0 days 01:02:26.864000,0 days 01:59:23.959000
2024-06-23 14:05:41.497,OnTrack,-4079,-3359,1838,pos,0 days 01:02:27.084000,0 days 01:59:24.179000
2024-06-23 14:05:41.677,OnTrack,-4057,-3435,1838,pos,0 days 01:02:27.264000,0 days 01:59:24.359000
2024-06-23 14:05:41.917,OnTrack,-4036,-3542,1839,pos,0 days 01:02:27.504000,0 days 01:59:24.599000
2024-06-23 14:05:42.156,OnTrack,-4027,-3657,1839,pos,0 days 01:02:27.743000,0 days 01:59:24.838000
2024-06-23 14:05:42.176,OnTrack,-4027,-3667,1839,pos,0 days 01:02:27.763000,0 days 01:59:24.858000
2024-06-23 14:05:42.516,OnTrack,-4051,-3892,1838,pos,0 days 01:02:28.103000,0 days 01:59:25.198000
2024-06-23 14:05:42.836,OnTrack,-4084,-4007,1837,pos,0 days 01:02:28.423000,0 days 01:59:25.518000
2024-06-23 14:05:43.096,OnTrack,-4140,-4142,1835,pos,0 days 01:02:28.683000,0 days 01:59:25.778000
2024-06-23 14:05:43.276,OnTrack,-4189,-4233,1834,pos,0 days 01:02:28.863000,0 days 01:59:25.958000
2024-06-23 14:05:43.516,OnTrack,-4309,-4414,1830,pos,0 days 01:02:29.103000,0 days 01:59:26.198000
2024-06-23 14:05:44.017,OnTrack,-4455,-4616,1826,pos,0 days 01:02:29.604000,0 days 01:59:26.699000
2024-06-23 14:05:44.197,OnTrack,-4522,-4708,1823,pos,0 days 01:02:29.784000,0 days 01:59:26.879000
2024-06-23 14:05:44.397,OnTrack,-4598,-4811,1821,pos,0 days 01:02:29.984000,0 days 01:59:27.079000
2024-06-23 14:05:44.637,OnTrack,-4720,-4979,1817,pos,0 days 01:02:30.224000,0 days 01:59:27.319000
2024-06-23 14:05:44.917,OnTrack,-4790,-5075,1815,pos,0 days 01:02:30.504000,0 days 01:59:27.599000
2024-06-23 14:05:45.117,OnTrack,-4868,-5182,1813,pos,0 days 01:02:30.704000,0 days 01:59:27.799000
2024-06-23 14:05:45.317,OnTrack,-4943,-5286,1810,pos,0 days 01:02:30.904000,0 days 01:59:27.999000
2024-06-23 14:05:45.477,OnTrack,-4998,-5366,1807,pos,0 days 01:02:31.064000,0 days 01:59:28.159000
2024-06-23 14:05:45.797,OnTrack,-5087,-5507,1802,pos,0 days 01:02:31.384000,0 days 01:59:28.479000
2024-06-23 14:05:46.017,OnTrack,-5151,-5629,1798,pos,0 days 01:02:31.604000,0 days 01:59:28.699000
2024-06-23 14:05:46.497,OnTrack,-5211,-5792,1791,pos,0 days 01:02:32.084000,0 days 01:59:29.179000
2024-06-23 14:05:46.857,OnTrack,-5227,-5945,1784,pos,0 days 01:02:32.444000,0 days 01:59:29.539000
2024-06-23 14:05:47.257,OnTrack,-5211,-6027,1779,pos,0 days 01:02:32.844000,0 days 01:59:29.939000
2024-06-23 14:05:47.497,OnTrack,-5169,-6112,1773,pos,0 days 01:02:33.084000,0 days 01:59:30.179000
2024-06-23 14:05:47.817,OnTrack,-5124,-6163,1770,pos,0 days 01:02:33.404000,0 days 01:59:30.499000
2024-06-23 14:05:48.097,OnTrack,-5061,-6207,1767,pos,0 days 01:02:33.684000,0 days 01:59:30.779000
2024-06-23 14:05:48.277,OnTrack,-5017,-6227,1764,pos,0 days 01:02:33.864000,0 days 01:59:30.959000
2024-06-23 14:05:48.517,OnTrack,-4940,-6247,1760,pos,0 days 01:02:34.104000,0 days 01:59:31.199000
2024-06-23 14:05:48.816,OnTrack,-4875,-6252,1756,pos,0 days 01:02:34.403000,0 days 01:59:31.498000
2024-06-23 14:05:49.036,OnTrack,-4814,-6248,1752,pos,0 days 01:02:34.623000,0 days 01:59:31.718000
2024-06-23 14:05:49.296,OnTrack,-4704,-6227,1745,pos,0 days 01:02:34.883000,0 days 01:59:31.978000
2024-06-23 14:05:49.736,OnTrack,-4607,-6194,1739,pos,0 days 01:02:35.323000,0 days 01:59:32.418000
2024-06-23 14:05:49.936,OnTrack,-4504,-6148,1731,pos,0 days 01:02:35.523000,0 days 01:59:32.618000
2024-06-23 14:05:50.356,OnTrack,-4362,-6074,1723,pos,0 days 01:02:35.943000,0 days 01:59:33.038000
2024-06-23 14:05:50.677,OnTrack,-4269,-6023,1716,pos,0 days 01:02:36.264000,0 days 01:59:33.359000
2024-06-23 14:05:50.997,OnTrack,-4099,-5932,1704,pos,0 days 01:02:36.584000,0 days 01:59:33.679000
2024-06-23 14:05:51.317,OnTrack,-3991,-5877,1696,pos,0 days 01:02:36.904000,0 days 01:59:33.999000
2024-06-23 14:05:51.497,OnTrack,-3882,-5825,1691,pos,0 days 01:02:37.084000,0 days 01:59:34.179000
2024-06-23 14:05:51.737,OnTrack,-3760,-5772,1685,pos,0 days 01:02:37.324000,0 days 01:59:34.419000
2024-06-23 14:05:51.917,OnTrack,-3664,-5732,1680,pos,0 days 01:02:37.504000,0 days 01:59:34.599000
2024-06-23 14:05:52.257,OnTrack,-3476,-5652,1673,pos,0 days 01:02:37.844000,0 days 01:59:34.939000
2024-06-23 14:05:52.497,OnTrack,-3264,-5547,1663,pos,0 days 01:02:38.084000,0 days 01:59:35.179000
2024-06-23 14:05:52.737,OnTrack,-3208,-5515,1662,pos,0 days 01:02:38.324000,0 days 01:59:35.419000
2024-06-23 14:05:53.057,OnTrack,-2960,-5341,1654,pos,0 days 01:02:38.644000,0 days 01:59:35.739000
2024-06-23 14:05:53.457,OnTrack,-2779,-5177,1651,pos,0 days 01:02:39.044000,0 days 01:59:36.139000
2024-06-23 14:05:53.917,OnTrack,-2589,-4957,1650,pos,0 days 01:02:39.504000,0 days 01:59:36.599000
2024-06-23 14:05:54.197,OnTrack,-2497,-4832,1651,pos,0 days 01:02:39.784000,0 days 01:59:36.879000
2024-06-23 14:05:54.397,OnTrack,-2416,-4716,1651,pos,0 days 01:02:39.984000,0 days 01:59:37.079000
2024-06-23 14:05:54.757,OnTrack,-2238,-4456,1654,pos,0 days 01:02:40.344000,0 days 01:59:37.439000
2024-06-23 14:05:55.097,OnTrack,-2181,-4367,1658,pos,0 days 01:02:40.684000,0 days 01:59:37.779000
2024-06-23 14:05:55.336,OnTrack,-2130,-4269,1661,pos,0 days 01:02:40.923000,0 days 01:59:38.018000
2024-06-23 14:05:55.456,OnTrack,-2116,-4228,1661,pos,0 days 01:02:41.043000,0 days 01:59:38.138000
2024-06-23 14:05:55.756,OnTrack,-2090,-4107,1662,pos,0 days 01:02:41.343000,0 days 01:59:38.438000
2024-06-23 14:05:55.936,OnTrack,-2083,-3991,1665,pos,0 days 01:02:41.523000,0 days 01:59:38.618000
2024-06-23 14:05:56.336,OnTrack,-2089,-3872,1670,pos,0 days 01:02:41.923000,0 days 01:59:39.018000
2024-06-23 14:05:56.576,OnTrack,-2123,-3743,1678,pos,0 days 01:02:42.163000,0 days 01:59:39.258000
2024-06-23 14:05:56.876,OnTrack,-2154,-3685,1680,pos,0 days 01:02:42.463000,0 days 01:59:39.558000
2024-06-23 14:05:57.157,OnTrack,-2226,-3598,1685,pos,0 days 01:02:42.744000,0 days 01:59:39.839000
2024-06-23 14:05:57.317,OnTrack,-2272,-3557,1687,pos,0 days 01:02:42.904000,0 days 01:59:39.999000
2024-06-23 14:05:57.557,OnTrack,-2349,-3499,1691,pos,0 days 01:02:43.144000,0 days 01:59:40.239000
2024-06-23 14:05:57.857,OnTrack,-2443,-3432,1695,pos,0 days 01:02:43.444000,0 days 01:59:40.539000
2024-06-23 14:05:58.057,OnTrack,-2511,-3379,1701,pos,0 days 01:02:43.644000,0 days 01:59:40.739000
2024-06-23 14:05:58.217,OnTrack,-2565,-3330,1707,pos,0 days 01:02:43.804000,0 days 01:59:40.899000
2024-06-23 14:05:58.457,OnTrack,-2668,-3218,1717,pos,0 days 01:02:44.044000,0 days 01:59:41.139000
2024-06-23 14:05:58.717,OnTrack,-2720,-3144,1725,pos,0 days 01:02:44.304000,0 days 01:59:41.399000
2024-06-23 14:05:59.117,OnTrack,-2852,-2885,1741,pos,0 days 01:02:44.704000,0 days 01:59:41.799000
2024-06-23 14:05:59.337,OnTrack,-2870,-2844,1745,pos,0 days 01:02:44.924000,0 days 01:59:42.019000
2024-06-23 14:05:59.657,OnTrack,-2948,-2675,1755,pos,0 days 01:02:45.244000,0 days 01:59:42.339000
2024-06-23 14:05:59.917,OnTrack,-3052,-2457,1770,pos,0 days 01:02:45.504000,0 days 01:59:42.599000
2024-06-23 14:06:00.317,OnTrack,-3119,-2316,1780,pos,0 days 01:02:45.904000,0 days 01:59:42.999000
2024-06-23 14:06:00.537,OnTrack,-3207,-2129,1792,pos,0 days 01:02:46.124000,0 days 01:59:43.219000
2024-06-23 14:06:00.837,OnTrack,-3263,-2011,1800,pos,0 days 01:02:46.424000,0 days 01:59:43.519000
2024-06-23 14:06:01.137,OnTrack,-3350,-1832,1811,pos,0 days 01:02:46.724000,0 days 01:59:43.819000
2024-06-23 14:06:01.297,OnTrack,-3394,-1734,1818,pos,0 days 01:02:46.884000,0 days 01:59:43.979000
2024-06-23 14:06:01.557,OnTrack,-3456,-1572,1829,pos,0 days 01:02:47.144000,0 days 01:59:44.239000
2024-06-23 14:06:01.777,OnTrack,-3493,-1422,1837,pos,0 days 01:02:47.364000,0 days 01:59:44.459000
2024-06-23 14:06:01.996,OnTrack,-3507,-1296,1842,pos,0 days 01:02:47.583000,0 days 01:59:44.678000
2024-06-23 14:06:02.316,OnTrack,-3500,-1095,1851,pos,0 days 01:02:47.903000,0 days 01:59:44.998000
2024-06-23 14:06:02.456,OnTrack,-3488,-1009,1853,pos,0 days 01:02:48.043000,0 days 01:59:45.138000
2024-06-23 14:06:02.696,OnTrack,-3456,-865,1859,pos,0 days 01:02:48.283000,0 days 01:59:45.378000
2024-06-23 14:06:02.996,OnTrack,-3377,-646,1866,pos,0 days 01:02:48.583000,0 days 01:59:45.678000
2024-06-23 14:06:03.256,OnTrack,-3324,-548,1869,pos,0 days 01:02:48.843000,0 days 01:59:45.938000
2024-06-23 14:06:03.496,OnTrack,-3215,-401,1872,pos,0 days 01:02:49.083000,0 days 01:59:46.178000
2024-06-23 14:06:03.737,OnTrack,-3086,-296,1875,pos,0 days 01:02:49.324000,0 days 01:59:46.419000
2024-06-23 14:06:04.017,OnTrack,-2917,-209,1874,pos,0 days 01:02:49.604000,0 days 01:59:46.699000
2024-06-23 14:06:04.217,OnTrack,-2790,-158,1873,pos,0 days 01:02:49.804000,0 days 01:59:46.899000
2024-06-23 14:06:04.437,OnTrack,-2662,-108,1872,pos,0 days 01:02:50.024000,0 days 01:59:47.119000
2024-06-23 14:06:04.517,OnTrack,-2612,-86,1871,pos,0 days 01:02:50.104000,0 days 01:59:47.199000
2024-06-23 14:06:04.677,OnTrack,-2511,-42,1870,pos,0 days 01:02:50.264000,0 days 01:59:47.359000
2024-06-23 14:06:04.977,OnTrack,-2255,76,1866,pos,0 days 01:02:50.564000,0 days 01:59:47.659000
2024-06-23 14:06:05.337,OnTrack,-2087,156,1864,pos,0 days 01:02:50.924000,0 days 01:59:48.019000
2024-06-23 14:06:05.637,OnTrack,-1889,249,1862,pos,0 days 01:02:51.224000,0 days 01:59:48.319000
2024-06-23 14:06:05.877,OnTrack,-1675,351,1859,pos,0 days 01:02:51.464000,0 days 01:59:48.559000
2024-06-23 14:06:06.177,OnTrack,-1526,421,1857,pos,0 days 01:02:51.764000,0 days 01:59:48.859000
2024-06-23 14:06:06.357,OnTrack,-1404,479,1856,pos,0 days 01:02:51.944000,0 days 01:59:49.039000
2024-06-23 14:06:06.557,OnTrack,-1266,546,1854,pos,0 days 01:02:52.144000,0 days 01:59:49.239000
2024-06-23 14:06:06.817,OnTrack,-1089,634,1852,pos,0 days 01:02:52.404000,0 days 01:59:49.499000
2024-06-23 14:06:07.017,OnTrack,-952,705,1850,pos,0 days 01:02:52.604000,0 days 01:59:49.699000
2024-06-23 14:06:07.317,OnTrack,-744,815,1847,pos,0 days 01:02:52.904000,0 days 01:59:49.999000
2024-06-23 14:06:07.437,OnTrack,-661,860,1846,pos,0 days 01:02:53.024000,0 days 01:59:50.119000
2024-06-23 14:06:07.597,OnTrack,-549,920,1844,pos,0 days 01:02:53.184000,0 days 01:59:50.279000
2024-06-23 14:06:07.897,OnTrack,-340,1031,1841,pos,0 days 01:02:53.484000,0 days 01:59:50.579000
2024-06-23 14:06:08.157,OnTrack,-116,1151,1839,pos,0 days 01:02:53.744000,0 days 01:59:50.839000
2024-06-23 14:06:08.417,OnTrack,23,1226,1836,pos,0 days 01:02:54.004000,0 days 01:59:51.099000
2024-06-23 14:06:08.616,OnTrack,164,1300,1835,pos,0 days 01:02:54.203000,0 days 01:59:51.298000
2024-06-23 14:06:08.936,OnTrack,364,1404,1832,pos,0 days 01:02:54.523000,0 days 01:59:51.618000
2024-06-23 14:06:09.176,OnTrack,534,1486,1829,pos,0 days 01:02:54.763000,0 days 01:59:51.858000
2024-06-23 14:06:09.416,OnTrack,711,1562,1827,pos,0 days 01:02:55.003000,0 days 01:59:52.098000
2024-06-23 14:06:09.516,OnTrack,775,1588,1827,pos,0 days 01:02:55.103000,0 days 01:59:52.198000
2024-06-23 14:06:09.756,OnTrack,921,1646,1825,pos,0 days 01:02:55.343000,0 days 01:59:52.438000
2024-06-23 14:06:09.956,OnTrack,1029,1690,1824,pos,0 days 01:02:55.543000,0 days 01:59:52.638000
2024-06-23 14:06:10.216,OnTrack,1166,1752,1823,pos,0 days 01:02:55.803000,0 days 01:59:52.898000
2024-06-23 14:06:10.557,OnTrack,1285,1821,1821,pos,0 days 01:02:56.144000,0 days 01:59:53.239000
2024-06-23 14:06:10.837,OnTrack,1377,1900,1820,pos,0 days 01:02:56.424000,0 days 01:59:53.519000
2024-06-23 14:06:11.117,OnTrack,1422,1964,1819,pos,0 days 01:02:56.704000,0 days 01:59:53.799000
2024-06-23 14:06:11.357,OnTrack,1453,2040,1818,pos,0 days 01:02:56.944000,0 days 01:59:54.039000
2024-06-23 14:06:11.577,OnTrack,1464,2112,1817,pos,0 days 01:02:57.164000,0 days 01:59:54.259000
2024-06-23 14:06:11.737,OnTrack,1462,2165,1817,pos,0 days 01:02:57.324000,0 days 01:59:54.419000
2024-06-23 14:06:11.937,OnTrack,1452,2228,1817,pos,0 days 01:02:57.524000,0 days 01:59:54.619000
2024-06-23 14:06:12.117,OnTrack,1435,2282,1818,pos,0 days 01:02:57.704000,0 days 01:59:54.799000
2024-06-23 14:06:12.377,OnTrack,1402,2354,1820,pos,0 days 01:02:57.964000,0 days 01:59:55.059000
2024-06-23 14:06:12.677,OnTrack,1329,2458,1823,pos,0 days 01:02:58.264000,0 days 01:59:55.359000
2024-06-23 14:06:13.037,OnTrack,1286,2503,1825,pos,0 days 01:02:58.624000,0 days 01:59:55.719000
2024-06-23 14:06:13.317,OnTrack,1199,2569,1827,pos,0 days 01:02:58.904000,0 days 01:59:55.999000
2024-06-23 14:06:13.717,OnTrack,1119,2608,1829,pos,0 days 01:02:59.304000,0 days 01:59:56.399000
2024-06-23 14:06:13.917,OnTrack,1060,2627,1830,pos,0 days 01:02:59.504000,0 days 01:59:56.599000
2024-06-23 14:06:14.157,OnTrack,964,2648,1832,pos,0 days 01:02:59.744000,0 days 01:59:56.839000
2024-06-23 14:06:14.597,OnTrack,828,2660,1835,pos,0 days 01:03:00.184000,0 days 01:59:57.279000
2024-06-23 14:06:14.637,OnTrack,813,2660,1835,pos,0 days 01:03:00.224000,0 days 01:59:57.319000
2024-06-23 14:06:14.977,OnTrack,679,2650,1838,pos,0 days 01:03:00.564000,0 days 01:59:57.659000
2024-06-23 14:06:15.216,OnTrack,580,2631,1840,pos,0 days 01:03:00.803000,0 days 01:59:57.898000
2024-06-23 14:06:15.376,OnTrack,511,2612,1842,pos,0 days 01:03:00.963000,0 days 01:59:58.058000
2024-06-23 14:06:15.516,OnTrack,449,2590,1844,pos,0 days 01:03:01.103000,0 days 01:59:58.198000
2024-06-23 14:06:15.836,OnTrack,262,2496,1852,pos,0 days 01:03:01.423000,0 days 01:59:58.518000
2024-06-23 14:06:16.276,OnTrack,110,2395,1861,pos,0 days 01:03:01.863000,0 days 01:59:58.958000
2024-06-23 14:06:16.436,OnTrack,37,2344,1866,pos,0 days 01:03:02.023000,0 days 01:59:59.118000
2024-06-23 14:06:16.576,OnTrack,-26,2299,1868,pos,0 days 01:03:02.163000,0 days 01:59:59.258000
2024-06-23 14:06:16.897,OnTrack,-225,2194,1876,pos,0 days 01:03:02.484000,0 days 01:59:59.579000
2024-06-23 14:06:17.297,OnTrack,-409,2138,1883,pos,0 days 01:03:02.884000,0 days 01:59:59.979000
2024-06-23 14:06:17.557,OnTrack,-469,2128,1886,pos,0 days 01:03:03.144000,0 days 02:00:00.239000
2024-06-23 14:06:17.917,OnTrack,-659,2127,1895,pos,0 days 01:03:03.504000,0 days 02:00:00.599000
2024-06-23 14:06:18.197,OnTrack,-726,2140,1899,pos,0 days 01:03:03.784000,0 days 02:00:00.879000
2024-06-23 14:06:18.577,OnTrack,-852,2196,1905,pos,0 days 01:03:04.164000,0 days 02:00:01.259000
2024-06-23 14:06:18.697,OnTrack,-886,2222,1906,pos,0 days 01:03:04.284000,0 days 02:00:01.379000
2024-06-23 14:06:18.917,OnTrack,-962,2305,1909,pos,0 days 01:03:04.504000,0 days 02:00:01.599000
2024-06-23 14:06:19.277,OnTrack,-1006,2383,1911,pos,0 days 01:03:04.864000,0 days 02:00:01.959000
2024-06-23 14:06:19.457,OnTrack,-1028,2440,1912,pos,0 days 01:03:05.044000,0 days 02:00:02.139000
2024-06-23 14:06:19.657,OnTrack,-1043,2505,1912,pos,0 days 01:03:05.244000,0 days 02:00:02.339000
2024-06-23 14:06:19.837,OnTrack,-1050,2563,1914,pos,0 days 01:03:05.424000,0 days 02:00:02.519000
2024-06-23 14:06:20.217,OnTrack,-1045,2687,1915,pos,0 days 01:03:05.804000,0 days 02:00:02.899000
2024-06-23 14:06:20.377,OnTrack,-1036,2740,1916,pos,0 days 01:03:05.964000,0 days 02:00:03.059000
2024-06-23 14:06:20.657,OnTrack,-1010,2832,1917,pos,0 days 01:03:06.244000,0 days 02:00:03.339000
2024-06-23 14:06:20.717,OnTrack,-1003,2852,1918,pos,0 days 01:03:06.304000,0 days 02:00:03.399000
2024-06-23 14:06:20.917,OnTrack,-975,2917,1919,pos,0 days 01:03:06.504000,0 days 02:00:03.599000
2024-06-23 14:06:21.217,OnTrack,-920,3014,1921,pos,0 days 01:03:06.804000,0 days 02:00:03.899000
2024-06-23 14:06:21.377,OnTrack,-884,3065,1921,pos,0 days 01:03:06.964000,0 days 02:00:04.059000
2024-06-23 14:06:21.557,OnTrack,-826,3137,1922,pos,0 days 01:03:07.144000,0 days 02:00:04.239000
2024-06-23 14:06:21.876,OnTrack,-708,3251,1922,pos,0 days 01:03:07.463000,0 days 02:00:04.558000
2024-06-23 14:06:22.216,OnTrack,-608,3335,1922,pos,0 days 01:03:07.803000,0 days 02:00:04.898000
2024-06-23 14:06:22.536,OnTrack,-482,3433,1920,pos,0 days 01:03:08.123000,0 days 02:00:05.218000
2024-06-23 14:06:22.756,OnTrack,-382,3511,1919,pos,0 days 01:03:08.343000,0 days 02:00:05.438000
2024-06-23 14:06:23.036,OnTrack,-271,3604,1916,pos,0 days 01:03:08.623000,0 days 02:00:05.718000
2024-06-23 14:06:23.236,OnTrack,-184,3679,1914,pos,0 days 01:03:08.823000,0 days 02:00:05.918000
2024-06-23 14:06:23.497,OnTrack,-56,3787,1910,pos,0 days 01:03:09.084000,0 days 02:00:06.179000
2024-06-23 14:06:23.757,OnTrack,117,3925,1902,pos,0 days 01:03:09.344000,0 days 02:00:06.439000
2024-06-23 14:06:24.157,OnTrack,334,4058,1892,pos,0 days 01:03:09.744000,0 days 02:00:06.839000
2024-06-23 14:06:24.437,OnTrack,430,4097,1888,pos,0 days 01:03:10.024000,0 days 02:00:07.119000
2024-06-23 14:06:24.797,OnTrack,691,4140,1875,pos,0 days 01:03:10.384000,0 days 02:00:07.479000
2024-06-23 14:06:25.197,OnTrack,937,4113,1862,pos,0 days 01:03:10.784000,0 days 02:00:07.879000
2024-06-23 14:06:25.437,OnTrack,1188,4030,1846,pos,0 days 01:03:11.024000,0 days 02:00:08.119000
2024-06-23 14:06:25.857,OnTrack,1404,3923,1833,pos,0 days 01:03:11.444000,0 days 02:00:08.539000
2024-06-23 14:06:26.157,OnTrack,1550,3837,1825,pos,0 days 01:03:11.744000,0 days 02:00:08.839000
2024-06-23 14:06:26.397,OnTrack,1695,3745,1816,pos,0 days 01:03:11.984000,0 days 02:00:09.079000
2024-06-23 14:06:26.657,OnTrack,1852,3644,1807,pos,0 days 01:03:12.244000,0 days 02:00:09.339000
2024-06-23 14:06:26.877,OnTrack,1985,3559,1799,pos,0 days 01:03:12.464000,0 days 02:00:09.559000
2024-06-23 14:06:27.077,OnTrack,2169,3441,1789,pos,0 days 01:03:12.664000,0 days 02:00:09.759000
2024-06-23 14:06:27.437,OnTrack,2327,3336,1780,pos,0 days 01:03:13.024000,0 days 02:00:10.119000
2024-06-23 14:06:27.597,OnTrack,2419,3268,1776,pos,0 days 01:03:13.184000,0 days 02:00:10.279000
2024-06-23 14:06:27.897,OnTrack,2576,3130,1767,pos,0 days 01:03:13.484000,0 days 02:00:10.579000
2024-06-23 14:06:28.296,OnTrack,2770,2882,1756,pos,0 days 01:03:13.883000,0 days 02:00:10.978000
2024-06-23 14:06:28.576,OnTrack,2813,2786,1753,pos,0 days 01:03:14.163000,0 days 02:00:11.258000
2024-06-23 14:06:28.756,OnTrack,2850,2673,1749,pos,0 days 01:03:14.343000,0 days 02:00:11.438000
2024-06-23 14:06:29.076,OnTrack,2883,2463,1744,pos,0 days 01:03:14.663000,0 days 02:00:11.758000
2024-06-23 14:06:29.336,OnTrack,2872,2251,1740,pos,0 days 01:03:14.923000,0 days 02:00:12.018000
2024-06-23 14:06:29.676,OnTrack,2826,2068,1737,pos,0 days 01:03:15.263000,0 days 02:00:12.358000
2024-06-23 14:06:29.936,OnTrack,2731,1856,1733,pos,0 days 01:03:15.523000,0 days 02:00:12.618000
2024-06-23 14:06:30.197,OnTrack,2662,1734,1732,pos,0 days 01:03:15.784000,0 days 02:00:12.879000
2024-06-23 14:06:30.457,OnTrack,2565,1580,1729,pos,0 days 01:03:16.044000,0 days 02:00:13.139000
2024-06-23 14:06:30.697,OnTrack,2479,1449,1727,pos,0 days 01:03:16.284000,0 days 02:00:13.379000
2024-06-23 14:06:30.877,OnTrack,2353,1257,1723,pos,0 days 01:03:16.464000,0 days 02:00:13.559000
2024-06-23 14:06:31.257,OnTrack,2258,1111,1721,pos,0 days 01:03:16.844000,0 days 02:00:13.939000
2024-06-23 14:06:31.477,OnTrack,2170,975,1719,pos,0 days 01:03:17.064000,0 days 02:00:14.159000
2024-06-23 14:06:31.717,OnTrack,2073,826,1716,pos,0 days 01:03:17.304000,0 days 02:00:14.399000
2024-06-23 14:06:31.997,OnTrack,1959,650,1713,pos,0 days 01:03:17.584000,0 days 02:00:14.679000
2024-06-23 14:06:32.177,OnTrack,1826,446,1710,pos,0 days 01:03:17.764000,0 days 02:00:14.859000
2024-06-23 14:06:33.417,OnTrack,1323,-334,1707,pos,0 days 01:03:19.004000,0 days 02:00:16.099000
2024-06-23 14:06:33.697,OnTrack,1255,-441,1707,pos,0 days 01:03:19.284000,0 days 02:00:16.379000
2024-06-23 14:06:33.917,OnTrack,1161,-589,1708,pos,0 days 01:03:19.504000,0 days 02:00:16.599000
2024-06-23 14:06:34.137,OnTrack,1066,-738,1708,pos,0 days 01:03:19.724000,0 days 02:00:16.819000
2024-06-23 14:06:34.417,OnTrack,946,-927,1708,pos,0 days 01:03:20.004000,0 days 02:00:17.099000
2024-06-23 14:06:34.577,OnTrack,877,-1037,1708,pos,0 days 01:03:20.164000,0 days 02:00:17.259000
2024-06-23 14:06:34.856,OnTrack,755,-1227,1708,pos,0 days 01:03:20.443000,0 days 02:00:17.538000
2024-06-23 14:06:35.076,OnTrack,616,-1447,1707,pos,0 days 01:03:20.663000,0 days 02:00:17.758000
2024-06-23 14:06:35.516,OnTrack,468,-1681,1707,pos,0 days 01:03:21.103000,0 days 02:00:18.198000
2024-06-23 14:06:35.736,OnTrack,371,-1833,1708,pos,0 days 01:03:21.323000,0 days 02:00:18.418000
2024-06-23 14:06:35.896,OnTrack,300,-1944,1708,pos,0 days 01:03:21.483000,0 days 02:00:18.578000
2024-06-23 14:06:36.076,OnTrack,221,-2068,1708,pos,0 days 01:03:21.663000,0 days 02:00:18.758000
2024-06-23 14:06:36.276,OnTrack,133,-2207,1707,pos,0 days 01:03:21.863000,0 days 02:00:18.958000
2024-06-23 14:06:36.516,OnTrack,27,-2374,1707,pos,0 days 01:03:22.103000,0 days 02:00:19.198000
2024-06-23 14:06:36.697,OnTrack,-61,-2513,1707,pos,0 days 01:03:22.284000,0 days 02:00:19.379000
2024-06-23 14:06:36.857,OnTrack,-138,-2631,1706,pos,0 days 01:03:22.444000,0 days 02:00:19.539000
2024-06-23 14:06:37.137,OnTrack,-265,-2824,1704,pos,0 days 01:03:22.724000,0 days 02:00:19.819000
2024-06-23 14:06:37.397,OnTrack,-375,-2989,1703,pos,0 days 01:03:22.984000,0 days 02:00:20.079000
2024-06-23 14:06:37.557,OnTrack,-448,-3099,1701,pos,0 days 01:03:23.144000,0 days 02:00:20.239000
2024-06-23 14:06:37.797,OnTrack,-557,-3264,1699,pos,0 days 01:03:23.384000,0 days 02:00:20.479000
2024-06-23 14:06:38.037,OnTrack,-704,-3484,1695,pos,0 days 01:03:23.624000,0 days 02:00:20.719000
2024-06-23 14:06:38.437,OnTrack,-851,-3703,1690,pos,0 days 01:03:24.024000,0 days 02:00:21.119000
2024-06-23 14:06:38.657,OnTrack,-952,-3854,1687,pos,0 days 01:03:24.244000,0 days 02:00:21.339000
2024-06-23 14:06:38.857,OnTrack,-1044,-3991,1683,pos,0 days 01:03:24.444000,0 days 02:00:21.539000
2024-06-23 14:06:39.077,OnTrack,-1192,-4211,1678,pos,0 days 01:03:24.664000,0 days 02:00:21.759000
2024-06-23 14:06:39.517,OnTrack,-1395,-4513,1669,pos,0 days 01:03:25.104000,0 days 02:00:22.199000
2024-06-23 14:06:39.797,OnTrack,-1477,-4636,1665,pos,0 days 01:03:25.384000,0 days 02:00:22.479000
2024-06-23 14:06:40.097,OnTrack,-1614,-4840,1660,pos,0 days 01:03:25.684000,0 days 02:00:22.779000
2024-06-23 14:06:40.317,OnTrack,-1755,-5061,1654,pos,0 days 01:03:25.904000,0 days 02:00:22.999000
2024-06-23 14:06:40.557,OnTrack,-1814,-5158,1652,pos,0 days 01:03:26.144000,0 days 02:00:23.239000
2024-06-23 14:06:40.817,OnTrack,-1922,-5341,1648,pos,0 days 01:03:26.404000,0 days 02:00:23.499000
2024-06-23 14:06:41.077,OnTrack,-2027,-5525,1646,pos,0 days 01:03:26.664000,0 days 02:00:23.759000
2024-06-23 14:06:41.257,OnTrack,-2099,-5652,1644,pos,0 days 01:03:26.844000,0 days 02:00:23.939000
2024-06-23 14:06:41.576,OnTrack,-2263,-5948,1640,pos,0 days 01:03:27.163000,0 days 02:00:24.258000
2024-06-23 14:06:41.876,OnTrack,-2341,-6089,1638,pos,0 days 01:03:27.463000,0 days 02:00:24.558000
2024-06-23 14:06:42.136,OnTrack,-2444,-6265,1636,pos,0 days 01:03:27.723000,0 days 02:00:24.818000
2024-06-23 14:06:42.416,OnTrack,-2567,-6460,1633,pos,0 days 01:03:28.003000,0 days 02:00:25.098000
2024-06-23 14:06:42.796,OnTrack,-2665,-6594,1631,pos,0 days 01:03:28.383000,0 days 02:00:25.478000
2024-06-23 14:06:42.956,OnTrack,-2718,-6661,1631,pos,0 days 01:03:28.543000,0 days 02:00:25.638000
2024-06-23 14:06:43.116,OnTrack,-2771,-6721,1629,pos,0 days 01:03:28.703000,0 days 02:00:25.798000
2024-06-23 14:06:43.277,OnTrack,-2830,-6782,1627,pos,0 days 01:03:28.864000,0 days 02:00:25.959000
2024-06-23 14:06:43.597,OnTrack,-2937,-6875,1625,pos,0 days 01:03:29.184000,0 days 02:00:26.279000
2024-06-23 14:06:43.697,OnTrack,-2971,-6899,1624,pos,0 days 01:03:29.284000,0 days 02:00:26.379000
2024-06-23 14:06:44.097,OnTrack,-3107,-6970,1623,pos,0 days 01:03:29.684000,0 days 02:00:26.779000
2024-06-23 14:06:44.277,OnTrack,-3174,-6988,1623,pos,0 days 01:03:29.864000,0 days 02:00:26.959000
2024-06-23 14:06:44.517,OnTrack,-3268,-6995,1624,pos,0 days 01:03:30.104000,0 days 02:00:27.199000
2024-06-23 14:06:44.717,OnTrack,-3346,-6987,1626,pos,0 days 01:03:30.304000,0 days 02:00:27.399000
2024-06-23 14:06:44.817,OnTrack,-3385,-6979,1627,pos,0 days 01:03:30.404000,0 days 02:00:27.499000
2024-06-23 14:06:45.037,OnTrack,-3471,-6951,1629,pos,0 days 01:03:30.624000,0 days 02:00:27.719000
2024-06-23 14:06:45.337,OnTrack,-3587,-6900,1631,pos,0 days 01:03:30.924000,0 days 02:00:28.019000
2024-06-23 14:06:45.537,OnTrack,-3707,-6844,1633,pos,0 days 01:03:31.124000,0 days 02:00:28.219000
2024-06-23 14:06:45.917,OnTrack,-3825,-6797,1635,pos,0 days 01:03:31.504000,0 days 02:00:28.599000
2024-06-23 14:06:46.137,OnTrack,-3923,-6772,1638,pos,0 days 01:03:31.724000,0 days 02:00:28.819000
2024-06-23 14:06:46.377,OnTrack,-4080,-6774,1644,pos,0 days 01:03:31.964000,0 days 02:00:29.059000
2024-06-23 14:06:46.717,OnTrack,-4195,-6804,1649,pos,0 days 01:03:32.304000,0 days 02:00:29.399000
2024-06-23 14:06:46.837,OnTrack,-4252,-6825,1652,pos,0 days 01:03:32.424000,0 days 02:00:29.519000
2024-06-23 14:06:47.077,OnTrack,-4373,-6884,1659,pos,0 days 01:03:32.664000,0 days 02:00:29.759000
2024-06-23 14:06:47.377,OnTrack,-4508,-6968,1666,pos,0 days 01:03:32.964000,0 days 02:00:30.059000
2024-06-23 14:06:47.537,OnTrack,-4578,-7017,1670,pos,0 days 01:03:33.124000,0 days 02:00:30.219000
2024-06-23 14:06:47.797,OnTrack,-4695,-7101,1677,pos,0 days 01:03:33.384000,0 days 02:00:30.479000
2024-06-23 14:06:47.897,OnTrack,-4742,-7133,1680,pos,0 days 01:03:33.484000,0 days 02:00:30.579000
2024-06-23 14:06:48.096,OnTrack,-4837,-7196,1685,pos,0 days 01:03:33.683000,0 days 02:00:30.778000
2024-06-23 14:06:48.296,OnTrack,-4938,-7258,1690,pos,0 days 01:03:33.883000,0 days 02:00:30.978000
2024-06-23 14:06:48.536,OnTrack,-5066,-7327,1696,pos,0 days 01:03:34.123000,0 days 02:00:31.218000
2024-06-23 14:06:48.896,OnTrack,-5271,-7409,1705,pos,0 days 01:03:34.483000,0 days 02:00:31.578000
2024-06-23 14:06:49.096,OnTrack,-5391,-7438,1710,pos,0 days 01:03:34.683000,0 days 02:00:31.778000
2024-06-23 14:06:49.256,OnTrack,-5489,-7451,1715,pos,0 days 01:03:34.843000,0 days 02:00:31.938000
2024-06-23 14:06:49.516,OnTrack,-5731,-7446,1725,pos,0 days 01:03:35.103000,0 days 02:00:32.198000
2024-06-23 14:06:49.837,OnTrack,-5850,-7425,1730,pos,0 days 01:03:35.424000,0 days 02:00:32.519000
2024-06-23 14:06:50.017,OnTrack,-5955,-7396,1734,pos,0 days 01:03:35.604000,0 days 02:00:32.699000
2024-06-23 14:06:50.257,OnTrack,-6090,-7344,1739,pos,0 days 01:03:35.844000,0 days 02:00:32.939000
2024-06-23 14:06:50.537,OnTrack,-6278,-7233,1747,pos,0 days 01:03:36.124000,0 days 02:00:33.219000
2024-06-23 14:06:50.937,OnTrack,-6416,-7110,1752,pos,0 days 01:03:36.524000,0 days 02:00:33.619000
2024-06-23 14:06:51.117,OnTrack,-6525,-6968,1757,pos,0 days 01:03:36.704000,0 days 02:00:33.799000
2024-06-23 14:06:51.477,OnTrack,-6643,-6735,1762,pos,0 days 01:03:37.064000,0 days 02:00:34.159000
2024-06-23 14:06:51.897,OnTrack,-6711,-6475,1767,pos,0 days 01:03:37.484000,0 days 02:00:34.579000
2024-06-23 14:06:52.257,OnTrack,-6729,-6312,1769,pos,0 days 01:03:37.844000,0 days 02:00:34.939000
2024-06-23 14:06:52.577,OnTrack,-6731,-6090,1772,pos,0 days 01:03:38.164000,0 days 02:00:35.259000
2024-06-23 14:06:52.757,OnTrack,-6722,-5964,1774,pos,0 days 01:03:38.344000,0 days 02:00:35.439000
2024-06-23 14:06:53.037,OnTrack,-6697,-5768,1777,pos,0 days 01:03:38.624000,0 days 02:00:35.719000
2024-06-23 14:06:53.237,OnTrack,-6667,-5599,1779,pos,0 days 01:03:38.824000,0 days 02:00:35.919000
2024-06-23 14:06:53.677,OnTrack,-6596,-5317,1784,pos,0 days 01:03:39.264000,0 days 02:00:36.359000
2024-06-23 14:06:53.837,OnTrack,-6558,-5206,1786,pos,0 days 01:03:39.424000,0 days 02:00:36.519000
2024-06-23 14:06:53.917,OnTrack,-6537,-5151,1787,pos,0 days 01:03:39.504000,0 days 02:00:36.599000
2024-06-23 14:06:54.197,OnTrack,-6447,-4963,1790,pos,0 days 01:03:39.784000,0 days 02:00:36.879000
2024-06-23 14:06:54.477,OnTrack,-6295,-4718,1794,pos,0 days 01:03:40.064000,0 days 02:00:37.159000
2024-06-23 14:06:54.876,OnTrack,-6164,-4531,1797,pos,0 days 01:03:40.463000,0 days 02:00:37.558000
2024-06-23 14:06:55.056,OnTrack,-6084,-4419,1798,pos,0 days 01:03:40.643000,0 days 02:00:37.738000
2024-06-23 14:06:55.216,OnTrack,-6012,-4320,1800,pos,0 days 01:03:40.803000,0 days 02:00:37.898000
2024-06-23 14:06:55.456,OnTrack,-5916,-4165,1802,pos,0 days 01:03:41.043000,0 days 02:00:38.138000
2024-06-23 14:06:55.696,OnTrack,-5783,-3937,1806,pos,0 days 01:03:41.283000,0 days 02:00:38.378000
2024-06-23 14:06:56.016,OnTrack,-5694,-3791,1808,pos,0 days 01:03:41.603000,0 days 02:00:38.698000
2024-06-23 14:06:56.296,OnTrack,-5594,-3635,1811,pos,0 days 01:03:41.883000,0 days 02:00:38.978000
2024-06-23 14:06:56.517,OnTrack,-5494,-3488,1813,pos,0 days 01:03:42.104000,0 days 02:00:39.199000
2024-06-23 14:06:56.677,OnTrack,-5429,-3393,1815,pos,0 days 01:03:42.264000,0 days 02:00:39.359000
2024-06-23 14:06:56.857,OnTrack,-5362,-3296,1816,pos,0 days 01:03:42.444000,0 days 02:00:39.539000
2024-06-23 14:06:56.997,OnTrack,-5318,-3236,1817,pos,0 days 01:03:42.584000,0 days 02:00:39.679000
2024-06-23 14:06:57.357,OnTrack,-5184,-3073,1819,pos,0 days 01:03:42.944000,0 days 02:00:40.039000
2024-06-23 14:06:57.617,OnTrack,-5099,-2992,1820,pos,0 days 01:03:43.204000,0 days 02:00:40.299000
2024-06-23 14:06:57.897,OnTrack,-4995,-2918,1821,pos,0 days 01:03:43.484000,0 days 02:00:40.579000
2024-06-23 14:06:58.137,OnTrack,-4846,-2856,1823,pos,0 days 01:03:43.724000,0 days 02:00:40.819000
2024-06-23 14:06:58.577,OnTrack,-4695,-2838,1825,pos,0 days 01:03:44.164000,0 days 02:00:41.259000
2024-06-23 14:06:58.997,OnTrack,-4565,-2858,1828,pos,0 days 01:03:44.584000,0 days 02:00:41.679000
2024-06-23 14:06:59.217,OnTrack,-4487,-2885,1829,pos,0 days 01:03:44.804000,0 days 02:00:41.899000
2024-06-23 14:06:59.397,OnTrack,-4382,-2940,1831,pos,0 days 01:03:44.984000,0 days 02:00:42.079000
2024-06-23 14:06:59.817,OnTrack,-4298,-3010,1833,pos,0 days 01:03:45.404000,0 days 02:00:42.499000
2024-06-23 14:07:00.157,OnTrack,-4222,-3097,1835,pos,0 days 01:03:45.744000,0 days 02:00:42.839000
2024-06-23 14:07:00.357,OnTrack,-4147,-3209,1836,pos,0 days 01:03:45.944000,0 days 02:00:43.039000
2024-06-23 14:07:00.717,OnTrack,-4106,-3291,1837,pos,0 days 01:03:46.304000,0 days 02:00:43.399000
2024-06-23 14:07:01.057,OnTrack,-4057,-3433,1838,pos,0 days 01:03:46.644000,0 days 02:00:43.739000
2024-06-23 14:07:01.136,OnTrack,-4049,-3468,1838,pos,0 days 01:03:46.723000,0 days 02:00:43.818000
2024-06-23 14:07:01.296,OnTrack,-4036,-3542,1839,pos,0 days 01:03:46.883000,0 days 02:00:43.978000
2024-06-23 14:07:01.496,OnTrack,-4027,-3640,1839,pos,0 days 01:03:47.083000,0 days 02:00:44.178000
2024-06-23 14:07:01.696,OnTrack,-4029,-3743,1839,pos,0 days 01:03:47.283000,0 days 02:00:44.378000
2024-06-23 14:07:02.056,OnTrack,-4083,-4006,1837,pos,0 days 01:03:47.643000,0 days 02:00:44.738000
2024-06-23 14:07:02.456,OnTrack,-4178,-4215,1834,pos,0 days 01:03:48.043000,0 days 02:00:45.138000
2024-06-23 14:07:02.917,OnTrack,-4291,-4388,1831,pos,0 days 01:03:48.504000,0 days 02:00:45.599000
2024-06-23 14:07:03.077,OnTrack,-4348,-4469,1829,pos,0 days 01:03:48.664000,0 days 02:00:45.759000
2024-06-23 14:07:03.297,OnTrack,-4466,-4631,1825,pos,0 days 01:03:48.884000,0 days 02:00:45.979000
2024-06-23 14:07:03.677,OnTrack,-4610,-4828,1821,pos,0 days 01:03:49.264000,0 days 02:00:46.359000
2024-06-23 14:07:04.077,OnTrack,-4719,-4976,1817,pos,0 days 01:03:49.664000,0 days 02:00:46.759000
2024-06-23 14:07:04.357,OnTrack,-4882,-5200,1812,pos,0 days 01:03:49.944000,0 days 02:00:47.039000
2024-06-23 14:07:04.657,OnTrack,-4989,-5353,1807,pos,0 days 01:03:50.244000,0 days 02:00:47.339000
2024-06-23 14:07:05.117,OnTrack,-5080,-5494,1802,pos,0 days 01:03:50.704000,0 days 02:00:47.799000
2024-06-23 14:07:05.337,OnTrack,-5152,-5629,1798,pos,0 days 01:03:50.924000,0 days 02:00:48.019000
2024-06-23 14:07:05.737,OnTrack,-5203,-5761,1792,pos,0 days 01:03:51.324000,0 days 02:00:48.419000
2024-06-23 14:07:06.177,OnTrack,-5227,-5897,1786,pos,0 days 01:03:51.764000,0 days 02:00:48.859000
2024-06-23 14:07:06.437,OnTrack,-5224,-5967,1782,pos,0 days 01:03:52.024000,0 days 02:00:49.119000
2024-06-23 14:07:06.677,OnTrack,-5207,-6037,1778,pos,0 days 01:03:52.264000,0 days 02:00:49.359000
2024-06-23 14:07:06.857,OnTrack,-5185,-6085,1775,pos,0 days 01:03:52.444000,0 days 02:00:49.539000
2024-06-23 14:07:07.097,OnTrack,-5146,-6140,1770,pos,0 days 01:03:52.684000,0 days 02:00:49.779000
2024-06-23 14:07:07.377,OnTrack,-5089,-6190,1768,pos,0 days 01:03:52.964000,0 days 02:00:50.059000
2024-06-23 14:07:07.577,OnTrack,-5013,-6229,1763,pos,0 days 01:03:53.164000,0 days 02:00:50.259000
2024-06-23 14:07:07.836,OnTrack,-4977,-6239,1761,pos,0 days 01:03:53.423000,0 days 02:00:50.518000
2024-06-23 14:07:08.136,OnTrack,-4896,-6251,1758,pos,0 days 01:03:53.723000,0 days 02:00:50.818000
2024-06-23 14:07:08.336,OnTrack,-4840,-6251,1754,pos,0 days 01:03:53.923000,0 days 02:00:51.018000
2024-06-23 14:07:08.616,OnTrack,-4722,-6232,1746,pos,0 days 01:03:54.203000,0 days 02:00:51.298000
2024-06-23 14:07:08.876,OnTrack,-4679,-6220,1744,pos,0 days 01:03:54.463000,0 days 02:00:51.558000
2024-06-23 14:07:09.116,OnTrack,-4603,-6193,1739,pos,0 days 01:03:54.703000,0 days 02:00:51.798000
2024-06-23 14:07:09.396,OnTrack,-4461,-6127,1729,pos,0 days 01:03:54.983000,0 days 02:00:52.078000
2024-06-23 14:07:09.697,OnTrack,-4396,-6093,1724,pos,0 days 01:03:55.284000,0 days 02:00:52.379000
2024-06-23 14:07:10.077,OnTrack,-4247,-6011,1714,pos,0 days 01:03:55.664000,0 days 02:00:52.759000
2024-06-23 14:07:10.237,OnTrack,-4154,-5960,1708,pos,0 days 01:03:55.824000,0 days 02:00:52.919000
2024-06-23 14:07:10.537,OnTrack,-4055,-5909,1702,pos,0 days 01:03:56.124000,0 days 02:00:53.219000
2024-06-23 14:07:10.797,OnTrack,-3876,-5822,1691,pos,0 days 01:03:56.384000,0 days 02:00:53.479000
2024-06-23 14:07:11.057,OnTrack,-3742,-5764,1684,pos,0 days 01:03:56.644000,0 days 02:00:53.739000
2024-06-23 14:07:11.277,OnTrack,-3558,-5688,1677,pos,0 days 01:03:56.864000,0 days 02:00:53.959000
2024-06-23 14:07:11.637,OnTrack,-3357,-5597,1667,pos,0 days 01:03:57.224000,0 days 02:00:54.319000
2024-06-23 14:07:11.997,OnTrack,-3224,-5524,1662,pos,0 days 01:03:57.584000,0 days 02:00:54.679000
2024-06-23 14:07:12.197,OnTrack,-3114,-5455,1659,pos,0 days 01:03:57.784000,0 days 02:00:54.879000
2024-06-23 14:07:12.557,OnTrack,-2924,-5311,1654,pos,0 days 01:03:58.144000,0 days 02:00:55.239000
2024-06-23 14:07:12.737,OnTrack,-2776,-5173,1651,pos,0 days 01:03:58.324000,0 days 02:00:55.419000
2024-06-23 14:07:13.037,OnTrack,-2692,-5083,1650,pos,0 days 01:03:58.624000,0 days 02:00:55.719000
2024-06-23 14:07:13.277,OnTrack,-2587,-4954,1650,pos,0 days 01:03:58.864000,0 days 02:00:55.959000
2024-06-23 14:07:13.477,OnTrack,-2504,-4841,1651,pos,0 days 01:03:59.064000,0 days 02:00:56.159000
2024-06-23 14:07:13.777,OnTrack,-2339,-4605,1652,pos,0 days 01:03:59.364000,0 days 02:00:56.459000
2024-06-23 14:07:14.197,OnTrack,-2239,-4458,1654,pos,0 days 01:03:59.784000,0 days 02:00:56.879000
2024-06-23 14:07:14.456,OnTrack,-2158,-4326,1659,pos,0 days 01:04:00.043000,0 days 02:00:57.138000
2024-06-23 14:07:14.776,OnTrack,-2115,-4222,1661,pos,0 days 01:04:00.363000,0 days 02:00:57.458000
2024-06-23 14:07:14.976,OnTrack,-2095,-4142,1662,pos,0 days 01:04:00.563000,0 days 02:00:57.658000
2024-06-23 14:07:15.236,OnTrack,-2084,-4030,1664,pos,0 days 01:04:00.823000,0 days 02:00:57.918000
2024-06-23 14:07:15.456,OnTrack,-2084,-3937,1667,pos,0 days 01:04:01.043000,0 days 02:00:58.138000
2024-06-23 14:07:15.656,OnTrack,-2102,-3804,1674,pos,0 days 01:04:01.243000,0 days 02:00:58.338000
2024-06-23 14:07:15.956,OnTrack,-2121,-3747,1677,pos,0 days 01:04:01.543000,0 days 02:00:58.638000
2024-06-23 14:07:16.237,OnTrack,-2179,-3649,1682,pos,0 days 01:04:01.824000,0 days 02:00:58.919000
2024-06-23 14:07:16.537,OnTrack,-2293,-3540,1689,pos,0 days 01:04:02.124000,0 days 02:00:59.219000
2024-06-23 14:07:16.877,OnTrack,-2368,-3486,1692,pos,0 days 01:04:02.464000,0 days 02:00:59.559000
2024-06-23 14:07:17.117,OnTrack,-2451,-3426,1697,pos,0 days 01:04:02.704000,0 days 02:00:59.799000
2024-06-23 14:07:17.177,OnTrack,-2472,-3410,1698,pos,0 days 01:04:02.764000,0 days 02:00:59.859000
2024-06-23 14:07:17.377,OnTrack,-2542,-3352,1704,pos,0 days 01:04:02.964000,0 days 02:01:00.059000
2024-06-23 14:07:17.757,OnTrack,-2667,-3219,1717,pos,0 days 01:04:03.344000,0 days 02:01:00.439000
2024-06-23 14:07:17.957,OnTrack,-2725,-3136,1724,pos,0 days 01:04:03.544000,0 days 02:01:00.639000
2024-06-23 14:07:18.117,OnTrack,-2767,-3063,1730,pos,0 days 01:04:03.704000,0 days 02:01:00.799000
2024-06-23 14:07:18.317,OnTrack,-2815,-2965,1736,pos,0 days 01:04:03.904000,0 days 02:01:00.999000
2024-06-23 14:07:18.577,OnTrack,-2876,-2831,1745,pos,0 days 01:04:04.164000,0 days 02:01:01.259000
2024-06-23 14:07:18.777,OnTrack,-2954,-2662,1756,pos,0 days 01:04:04.364000,0 days 02:01:01.459000
2024-06-23 14:07:19.197,OnTrack,-3032,-2498,1768,pos,0 days 01:04:04.784000,0 days 02:01:01.879000
2024-06-23 14:07:19.437,OnTrack,-3130,-2292,1781,pos,0 days 01:04:05.024000,0 days 02:01:02.119000
2024-06-23 14:07:19.677,OnTrack,-3157,-2234,1785,pos,0 days 01:04:05.264000,0 days 02:01:02.359000
2024-06-23 14:07:19.997,OnTrack,-3246,-2047,1797,pos,0 days 01:04:05.584000,0 days 02:01:02.679000
2024-06-23 14:07:20.077,OnTrack,-3269,-2000,1801,pos,0 days 01:04:05.664000,0 days 02:01:02.759000
2024-06-23 14:07:20.377,OnTrack,-3355,-1820,1812,pos,0 days 01:04:05.964000,0 days 02:01:03.059000
2024-06-23 14:07:20.657,OnTrack,-3438,-1623,1825,pos,0 days 01:04:06.244000,0 days 02:01:03.339000
2024-06-23 14:07:21.056,OnTrack,-3497,-1398,1838,pos,0 days 01:04:06.643000,0 days 02:01:03.738000
2024-06-23 14:07:21.156,OnTrack,-3504,-1335,1841,pos,0 days 01:04:06.743000,0 days 02:01:03.838000
2024-06-23 14:07:21.356,OnTrack,-3507,-1208,1846,pos,0 days 01:04:06.943000,0 days 02:01:04.038000
2024-06-23 14:07:21.556,OnTrack,-3498,-1084,1851,pos,0 days 01:04:07.143000,0 days 02:01:04.238000
2024-06-23 14:07:21.716,OnTrack,-3484,-985,1855,pos,0 days 01:04:07.303000,0 days 02:01:04.398000
2024-06-23 14:07:22.116,OnTrack,-3418,-745,1863,pos,0 days 01:04:07.703000,0 days 02:01:04.798000
2024-06-23 14:07:22.136,OnTrack,-3414,-733,1864,pos,0 days 01:04:07.723000,0 days 02:01:04.818000
2024-06-23 14:07:22.396,OnTrack,-3346,-585,1868,pos,0 days 01:04:07.983000,0 days 02:01:05.078000
2024-06-23 14:07:22.576,OnTrack,-3287,-489,1871,pos,0 days 01:04:08.163000,0 days 02:01:05.258000
2024-06-23 14:07:22.757,OnTrack,-3186,-373,1873,pos,0 days 01:04:08.344000,0 days 02:01:05.439000
2024-06-23 14:07:23.097,OnTrack,-2999,-247,1875,pos,0 days 01:04:08.684000,0 days 02:01:05.779000
2024-06-23 14:07:23.197,OnTrack,-2949,-223,1875,pos,0 days 01:04:08.784000,0 days 02:01:05.879000
2024-06-23 14:07:23.377,OnTrack,-2834,-175,1874,pos,0 days 01:04:08.964000,0 days 02:01:06.059000
2024-06-23 14:07:23.717,OnTrack,-2590,-77,1871,pos,0 days 01:04:09.304000,0 days 02:01:06.399000
2024-06-23 14:07:24.097,OnTrack,-2373,20,1868,pos,0 days 01:04:09.684000,0 days 02:01:06.779000
2024-06-23 14:07:24.197,OnTrack,-2309,51,1867,pos,0 days 01:04:09.784000,0 days 02:01:06.879000
2024-06-23 14:07:24.457,OnTrack,-2049,174,1864,pos,0 days 01:04:10.044000,0 days 02:01:07.139000
2024-06-23 14:07:24.977,OnTrack,-1728,326,1860,pos,0 days 01:04:10.564000,0 days 02:01:07.659000
2024-06-23 14:07:25.217,OnTrack,-1633,371,1859,pos,0 days 01:04:10.804000,0 days 02:01:07.899000
2024-06-23 14:07:25.397,OnTrack,-1510,429,1857,pos,0 days 01:04:10.984000,0 days 02:01:08.079000
2024-06-23 14:07:25.777,OnTrack,-1180,588,1853,pos,0 days 01:04:11.364000,0 days 02:01:08.459000
2024-06-23 14:07:26.077,OnTrack,-1041,658,1851,pos,0 days 01:04:11.664000,0 days 02:01:08.759000
2024-06-23 14:07:26.357,OnTrack,-751,812,1847,pos,0 days 01:04:11.944000,0 days 02:01:09.039000
2024-06-23 14:07:26.757,OnTrack,-571,908,1845,pos,0 days 01:04:12.344000,0 days 02:01:09.439000
2024-06-23 14:07:27.037,OnTrack,-321,1041,1841,pos,0 days 01:04:12.624000,0 days 02:01:09.719000
2024-06-23 14:07:27.437,OnTrack,-42,1190,1838,pos,0 days 01:04:13.024000,0 days 02:01:10.119000
2024-06-23 14:07:27.796,OnTrack,152,1294,1835,pos,0 days 01:04:13.383000,0 days 02:01:10.478000
2024-06-23 14:07:27.976,OnTrack,278,1360,1833,pos,0 days 01:04:13.563000,0 days 02:01:10.658000
2024-06-23 14:07:28.156,OnTrack,384,1415,1831,pos,0 days 01:04:13.743000,0 days 02:01:10.838000
2024-06-23 14:07:28.436,OnTrack,651,1537,1828,pos,0 days 01:04:14.023000,0 days 02:01:11.118000
2024-06-23 14:07:28.756,OnTrack,797,1596,1826,pos,0 days 01:04:14.343000,0 days 02:01:11.438000
2024-06-23 14:07:29.036,OnTrack,1009,1682,1824,pos,0 days 01:04:14.623000,0 days 02:01:11.718000
2024-06-23 14:07:29.457,OnTrack,1164,1751,1823,pos,0 days 01:04:15.044000,0 days 02:01:12.139000
2024-06-23 14:07:29.717,OnTrack,1300,1832,1821,pos,0 days 01:04:15.304000,0 days 02:01:12.399000
2024-06-23 14:07:29.957,OnTrack,1331,1856,1821,pos,0 days 01:04:15.544000,0 days 02:01:12.639000
2024-06-23 14:07:30.237,OnTrack,1400,1929,1819,pos,0 days 01:04:15.824000,0 days 02:01:12.919000
2024-06-23 14:07:30.517,OnTrack,1444,2013,1818,pos,0 days 01:04:16.104000,0 days 02:01:13.199000
2024-06-23 14:07:30.677,OnTrack,1459,2065,1818,pos,0 days 01:04:16.264000,0 days 02:01:13.359000
2024-06-23 14:07:30.877,OnTrack,1461,2177,1817,pos,0 days 01:04:16.464000,0 days 02:01:13.559000
2024-06-23 14:07:31.257,OnTrack,1431,2292,1818,pos,0 days 01:04:16.844000,0 days 02:01:13.939000
2024-06-23 14:07:31.757,OnTrack,1368,2408,1822,pos,0 days 01:04:17.344000,0 days 02:01:14.439000
2024-06-23 14:07:32.117,OnTrack,1318,2471,1824,pos,0 days 01:04:17.704000,0 days 02:01:14.799000
2024-06-23 14:07:32.237,OnTrack,1294,2495,1824,pos,0 days 01:04:17.824000,0 days 02:01:14.919000
2024-06-23 14:07:32.477,OnTrack,1243,2540,1826,pos,0 days 01:04:18.064000,0 days 02:01:15.159000
2024-06-23 14:07:32.737,OnTrack,1178,2581,1828,pos,0 days 01:04:18.324000,0 days 02:01:15.419000
2024-06-23 14:07:32.997,OnTrack,1095,2617,1829,pos,0 days 01:04:18.584000,0 days 02:01:15.679000
2024-06-23 14:07:33.337,OnTrack,966,2648,1832,pos,0 days 01:04:18.924000,0 days 02:01:16.019000
2024-06-23 14:07:33.837,OnTrack,818,2660,1835,pos,0 days 01:04:19.424000,0 days 02:01:16.519000
2024-06-23 14:07:34.236,OnTrack,667,2649,1839,pos,0 days 01:04:19.823000,0 days 02:01:16.918000
2024-06-23 14:07:34.336,OnTrack,565,2627,1841,pos,0 days 01:04:19.923000,0 days 02:01:17.018000
2024-06-23 14:07:34.736,OnTrack,451,2590,1844,pos,0 days 01:04:20.323000,0 days 02:01:17.418000
2024-06-23 14:07:34.956,OnTrack,355,2547,1848,pos,0 days 01:04:20.543000,0 days 02:01:17.638000
2024-06-23 14:07:35.276,OnTrack,213,2465,1855,pos,0 days 01:04:20.863000,0 days 02:01:17.958000
2024-06-23 14:07:35.296,OnTrack,204,2459,1856,pos,0 days 01:04:20.883000,0 days 02:01:17.978000
2024-06-23 14:07:35.516,OnTrack,106,2392,1862,pos,0 days 01:04:21.103000,0 days 02:01:18.198000
2024-06-23 14:07:35.797,OnTrack,-100,2254,1872,pos,0 days 01:04:21.384000,0 days 02:01:18.479000
2024-06-23 14:07:36.177,OnTrack,-213,2199,1876,pos,0 days 01:04:21.764000,0 days 02:01:18.859000
2024-06-23 14:07:36.437,OnTrack,-322,2159,1880,pos,0 days 01:04:22.024000,0 days 02:01:19.119000
2024-06-23 14:07:36.677,OnTrack,-428,2134,1884,pos,0 days 01:04:22.264000,0 days 02:01:19.359000
2024-06-23 14:07:36.917,OnTrack,-562,2122,1891,pos,0 days 01:04:22.504000,0 days 02:01:19.599000
2024-06-23 14:07:37.257,OnTrack,-665,2128,1896,pos,0 days 01:04:22.844000,0 days 02:01:19.939000
2024-06-23 14:07:37.497,OnTrack,-756,2149,1900,pos,0 days 01:04:23.084000,0 days 02:01:20.179000
2024-06-23 14:07:37.757,OnTrack,-844,2191,1904,pos,0 days 01:04:23.344000,0 days 02:01:20.439000
2024-06-23 14:07:37.917,OnTrack,-890,2225,1906,pos,0 days 01:04:23.504000,0 days 02:01:20.599000
2024-06-23 14:07:38.137,OnTrack,-964,2309,1909,pos,0 days 01:04:23.724000,0 days 02:01:20.819000
2024-06-23 14:07:38.497,OnTrack,-1008,2386,1910,pos,0 days 01:04:24.084000,0 days 02:01:21.179000
2024-06-23 14:07:38.697,OnTrack,-1038,2481,1912,pos,0 days 01:04:24.284000,0 days 02:01:21.379000
2024-06-23 14:07:39.017,OnTrack,-1049,2552,1913,pos,0 days 01:04:24.604000,0 days 02:01:21.699000
2024-06-23 14:07:39.317,OnTrack,-1049,2650,1914,pos,0 days 01:04:24.904000,0 days 02:01:21.999000
2024-06-23 14:07:39.617,OnTrack,-1028,2775,1916,pos,0 days 01:04:25.204000,0 days 02:01:22.299000
2024-06-23 14:07:39.897,OnTrack,-1007,2840,1917,pos,0 days 01:04:25.484000,0 days 02:01:22.579000
2024-06-23 14:07:40.117,OnTrack,-977,2912,1918,pos,0 days 01:04:25.704000,0 days 02:01:22.799000
2024-06-23 14:07:40.317,OnTrack,-944,2976,1920,pos,0 days 01:04:25.904000,0 days 02:01:22.999000
2024-06-23 14:07:40.517,OnTrack,-903,3039,1921,pos,0 days 01:04:26.104000,0 days 02:01:23.199000
2024-06-23 14:07:40.816,OnTrack,-800,3165,1923,pos,0 days 01:04:26.403000,0 days 02:01:23.498000
2024-06-23 14:07:41.196,OnTrack,-669,3285,1922,pos,0 days 01:04:26.783000,0 days 02:01:23.878000
2024-06-23 14:07:41.596,OnTrack,-563,3370,1921,pos,0 days 01:04:27.183000,0 days 02:01:24.278000
2024-06-23 14:07:41.756,OnTrack,-499,3419,1921,pos,0 days 01:04:27.343000,0 days 02:01:24.438000
2024-06-23 14:07:42.056,OnTrack,-375,3516,1918,pos,0 days 01:04:27.643000,0 days 02:01:24.738000
2024-06-23 14:07:42.276,OnTrack,-282,3595,1916,pos,0 days 01:04:27.863000,0 days 02:01:24.958000
2024-06-23 14:07:42.397,OnTrack,-221,3647,1915,pos,0 days 01:04:27.984000,0 days 02:01:25.079000
2024-06-23 14:07:42.677,OnTrack,-95,3754,1911,pos,0 days 01:04:28.264000,0 days 02:01:25.359000
2024-06-23 14:07:42.857,OnTrack,26,3855,1906,pos,0 days 01:04:28.444000,0 days 02:01:25.539000
2024-06-23 14:07:43.137,OnTrack,115,3923,1903,pos,0 days 01:04:28.724000,0 days 02:01:25.819000
2024-06-23 14:07:43.337,OnTrack,219,3995,1897,pos,0 days 01:04:28.924000,0 days 02:01:26.019000
2024-06-23 14:07:43.657,OnTrack,486,4113,1885,pos,0 days 01:04:29.244000,0 days 02:01:26.339000
2024-06-23 14:07:44.097,OnTrack,740,4139,1872,pos,0 days 01:04:29.684000,0 days 02:01:26.779000
2024-06-23 14:07:44.437,OnTrack,932,4114,1862,pos,0 days 01:04:30.024000,0 days 02:01:27.119000
2024-06-23 14:07:44.677,OnTrack,1183,4032,1846,pos,0 days 01:04:30.264000,0 days 02:01:27.359000
2024-06-23 14:07:45.137,OnTrack,1386,3933,1834,pos,0 days 01:04:30.724000,0 days 02:01:27.819000
2024-06-23 14:07:45.377,OnTrack,1533,3847,1826,pos,0 days 01:04:30.964000,0 days 02:01:28.059000
2024-06-23 14:07:45.497,OnTrack,1605,3803,1822,pos,0 days 01:04:31.084000,0 days 02:01:28.179000
2024-06-23 14:07:45.717,OnTrack,1737,3718,1813,pos,0 days 01:04:31.304000,0 days 02:01:28.399000
2024-06-23 14:07:45.957,OnTrack,1881,3625,1805,pos,0 days 01:04:31.544000,0 days 02:01:28.639000
2024-06-23 14:07:46.157,OnTrack,2003,3548,1798,pos,0 days 01:04:31.744000,0 days 02:01:28.839000
2024-06-23 14:07:46.397,OnTrack,2149,3454,1790,pos,0 days 01:04:31.984000,0 days 02:01:29.079000
2024-06-23 14:07:46.577,OnTrack,2259,3382,1784,pos,0 days 01:04:32.164000,0 days 02:01:29.259000
2024-06-23 14:07:46.737,OnTrack,2435,3256,1775,pos,0 days 01:04:32.324000,0 days 02:01:29.419000
2024-06-23 14:07:47.137,OnTrack,2555,3150,1768,pos,0 days 01:04:32.724000,0 days 02:01:29.819000
2024-06-23 14:07:47.456,OnTrack,2702,2989,1760,pos,0 days 01:04:33.043000,0 days 02:01:30.138000
2024-06-23 14:07:47.636,OnTrack,2765,2890,1756,pos,0 days 01:04:33.223000,0 days 02:01:30.318000
2024-06-23 14:07:47.896,OnTrack,2832,2733,1751,pos,0 days 01:04:33.483000,0 days 02:01:30.578000
2024-06-23 14:07:48.216,OnTrack,2878,2524,1746,pos,0 days 01:04:33.803000,0 days 02:01:30.898000
2024-06-23 14:07:48.396,OnTrack,2885,2406,1744,pos,0 days 01:04:33.983000,0 days 02:01:31.078000
2024-06-23 14:07:48.696,OnTrack,2863,2204,1739,pos,0 days 01:04:34.283000,0 days 02:01:31.378000
2024-06-23 14:07:48.876,OnTrack,2832,2085,1737,pos,0 days 01:04:34.463000,0 days 02:01:31.558000
2024-06-23 14:07:49.057,OnTrack,2781,1956,1735,pos,0 days 01:04:34.644000,0 days 02:01:31.739000
2024-06-23 14:07:49.337,OnTrack,2654,1721,1732,pos,0 days 01:04:34.924000,0 days 02:01:32.019000
2024-06-23 14:07:49.717,OnTrack,2556,1566,1729,pos,0 days 01:04:35.304000,0 days 02:01:32.399000
2024-06-23 14:07:49.897,OnTrack,2485,1458,1727,pos,0 days 01:04:35.484000,0 days 02:01:32.579000
2024-06-23 14:07:50.117,OnTrack,2359,1265,1724,pos,0 days 01:04:35.704000,0 days 02:01:32.799000
2024-06-23 14:07:50.417,OnTrack,2279,1142,1722,pos,0 days 01:04:36.004000,0 days 02:01:33.099000
2024-06-23 14:07:50.737,OnTrack,2150,944,1718,pos,0 days 01:04:36.324000,0 days 02:01:33.419000
2024-06-23 14:07:50.937,OnTrack,2069,819,1716,pos,0 days 01:04:36.524000,0 days 02:01:33.619000
2024-06-23 14:07:51.157,OnTrack,1978,680,1714,pos,0 days 01:04:36.744000,0 days 02:01:33.839000
2024-06-23 14:07:51.377,OnTrack,1887,539,1712,pos,0 days 01:04:36.964000,0 days 02:01:34.059000
2024-06-23 14:07:51.557,OnTrack,1812,424,1710,pos,0 days 01:04:37.144000,0 days 02:01:34.239000
2024-06-23 14:07:51.857,OnTrack,1643,165,1707,pos,0 days 01:04:37.444000,0 days 02:01:34.539000
2024-06-23 14:07:52.197,OnTrack,1491,-71,1708,pos,0 days 01:04:37.784000,0 days 02:01:34.879000
2024-06-23 14:07:52.697,OnTrack,1296,-376,1707,pos,0 days 01:04:38.284000,0 days 02:01:35.379000
2024-06-23 14:07:53.097,OnTrack,1159,-591,1708,pos,0 days 01:04:38.684000,0 days 02:01:35.779000
2024-06-23 14:07:53.277,OnTrack,1022,-808,1708,pos,0 days 01:04:38.864000,0 days 02:01:35.959000
2024-06-23 14:07:53.757,OnTrack,832,-1107,1708,pos,0 days 01:04:39.344000,0 days 02:01:36.439000
2024-06-23 14:07:54.056,OnTrack,744,-1244,1708,pos,0 days 01:04:39.643000,0 days 02:01:36.738000
2024-06-23 14:07:54.236,OnTrack,666,-1368,1707,pos,0 days 01:04:39.823000,0 days 02:01:36.918000
2024-06-23 14:07:54.416,OnTrack,588,-1491,1707,pos,0 days 01:04:40.003000,0 days 02:01:37.098000
2024-06-23 14:07:54.716,OnTrack,457,-1698,1707,pos,0 days 01:04:40.303000,0 days 02:01:37.398000
2024-06-23 14:07:54.896,OnTrack,378,-1822,1708,pos,0 days 01:04:40.483000,0 days 02:01:37.578000
2024-06-23 14:07:55.116,OnTrack,281,-1974,1708,pos,0 days 01:04:40.703000,0 days 02:01:37.798000
2024-06-23 14:07:55.296,OnTrack,202,-2098,1708,pos,0 days 01:04:40.883000,0 days 02:01:37.978000
2024-06-23 14:07:55.517,OnTrack,97,-2264,1708,pos,0 days 01:04:41.104000,0 days 02:01:38.199000
2024-06-23 14:07:55.737,OnTrack,-53,-2500,1707,pos,0 days 01:04:41.324000,0 days 02:01:38.419000
2024-06-23 14:07:56.097,OnTrack,-156,-2659,1706,pos,0 days 01:04:41.684000,0 days 02:01:38.779000
2024-06-23 14:07:56.357,OnTrack,-265,-2824,1704,pos,0 days 01:04:41.944000,0 days 02:01:39.039000
2024-06-23 14:07:56.517,OnTrack,-338,-2934,1703,pos,0 days 01:04:42.104000,0 days 02:01:39.199000
2024-06-23 14:07:56.757,OnTrack,-447,-3098,1701,pos,0 days 01:04:42.344000,0 days 02:01:39.439000
2024-06-23 14:07:57.037,OnTrack,-575,-3290,1698,pos,0 days 01:04:42.624000,0 days 02:01:39.719000
2024-06-23 14:07:57.277,OnTrack,-684,-3454,1696,pos,0 days 01:04:42.864000,0 days 02:01:39.959000
2024-06-23 14:07:57.477,OnTrack,-776,-3591,1693,pos,0 days 01:04:43.064000,0 days 02:01:40.159000
2024-06-23 14:07:57.517,OnTrack,-794,-3619,1692,pos,0 days 01:04:43.104000,0 days 02:01:40.199000
2024-06-23 14:07:57.877,OnTrack,-960,-3865,1687,pos,0 days 01:04:43.464000,0 days 02:01:40.559000
2024-06-23 14:07:58.077,OnTrack,-1052,-4002,1683,pos,0 days 01:04:43.664000,0 days 02:01:40.759000
2024-06-23 14:07:58.257,OnTrack,-1134,-4125,1680,pos,0 days 01:04:43.844000,0 days 02:01:40.939000
2024-06-23 14:07:58.417,OnTrack,-1209,-4235,1677,pos,0 days 01:04:44.004000,0 days 02:01:41.099000
2024-06-23 14:07:58.577,OnTrack,-1282,-4345,1674,pos,0 days 01:04:44.164000,0 days 02:01:41.259000
2024-06-23 14:07:58.837,OnTrack,-1402,-4524,1668,pos,0 days 01:04:44.424000,0 days 02:01:41.519000
2024-06-23 14:07:59.117,OnTrack,-1569,-4772,1662,pos,0 days 01:04:44.704000,0 days 02:01:41.799000
2024-06-23 14:07:59.417,OnTrack,-1658,-4908,1658,pos,0 days 01:04:45.004000,0 days 02:01:42.099000
2024-06-23 14:07:59.597,OnTrack,-1740,-5037,1655,pos,0 days 01:04:45.184000,0 days 02:01:42.279000
2024-06-23 14:07:59.957,OnTrack,-1932,-5359,1648,pos,0 days 01:04:45.544000,0 days 02:01:42.639000
2024-06-23 14:08:00.297,OnTrack,-2029,-5529,1646,pos,0 days 01:04:45.884000,0 days 02:01:42.979000
2024-06-23 14:08:00.596,OnTrack,-2148,-5741,1642,pos,0 days 01:04:46.183000,0 days 02:01:43.278000
2024-06-23 14:08:00.656,OnTrack,-2172,-5783,1642,pos,0 days 01:04:46.243000,0 days 02:01:43.338000
2024-06-23 14:08:01.016,OnTrack,-2351,-6106,1638,pos,0 days 01:04:46.603000,0 days 02:01:43.698000
2024-06-23 14:08:01.356,OnTrack,-2444,-6266,1636,pos,0 days 01:04:46.943000,0 days 02:01:44.038000
2024-06-23 14:08:01.596,OnTrack,-2532,-6407,1634,pos,0 days 01:04:47.183000,0 days 02:01:44.278000
2024-06-23 14:08:01.736,OnTrack,-2581,-6480,1633,pos,0 days 01:04:47.323000,0 days 02:01:44.418000
2024-06-23 14:08:02.036,OnTrack,-2688,-6623,1631,pos,0 days 01:04:47.623000,0 days 02:01:44.718000
2024-06-23 14:08:02.277,OnTrack,-2738,-6684,1630,pos,0 days 01:04:47.864000,0 days 02:01:44.959000
2024-06-23 14:08:02.657,OnTrack,-2857,-6808,1627,pos,0 days 01:04:48.244000,0 days 02:01:45.339000
2024-06-23 14:08:02.757,OnTrack,-2883,-6831,1626,pos,0 days 01:04:48.344000,0 days 02:01:45.439000
2024-06-23 14:08:03.037,OnTrack,-3009,-6923,1623,pos,0 days 01:04:48.624000,0 days 02:01:45.719000
2024-06-23 14:08:03.477,OnTrack,-3152,-6983,1623,pos,0 days 01:04:49.064000,0 days 02:01:46.159000
2024-06-23 14:08:03.797,OnTrack,-3251,-6995,1625,pos,0 days 01:04:49.384000,0 days 02:01:46.479000
2024-06-23 14:08:04.097,OnTrack,-3368,-6983,1627,pos,0 days 01:04:49.684000,0 days 02:01:46.779000
2024-06-23 14:08:04.257,OnTrack,-3485,-6945,1629,pos,0 days 01:04:49.844000,0 days 02:01:46.939000
2024-06-23 14:08:04.637,OnTrack,-3581,-6903,1631,pos,0 days 01:04:50.224000,0 days 02:01:47.319000
2024-06-23 14:08:04.837,OnTrack,-3661,-6865,1632,pos,0 days 01:04:50.424000,0 days 02:01:47.519000
2024-06-23 14:08:05.057,OnTrack,-3755,-6823,1633,pos,0 days 01:04:50.644000,0 days 02:01:47.739000
2024-06-23 14:08:05.257,OnTrack,-3842,-6791,1635,pos,0 days 01:04:50.844000,0 days 02:01:47.939000
2024-06-23 14:08:05.497,OnTrack,-3948,-6769,1639,pos,0 days 01:04:51.084000,0 days 02:01:48.179000
2024-06-23 14:08:05.797,OnTrack,-4099,-6777,1645,pos,0 days 01:04:51.384000,0 days 02:01:48.479000
2024-06-23 14:08:06.097,OnTrack,-4234,-6818,1651,pos,0 days 01:04:51.684000,0 days 02:01:48.779000
2024-06-23 14:08:06.317,OnTrack,-4346,-6870,1657,pos,0 days 01:04:51.904000,0 days 02:01:48.999000
2024-06-23 14:08:06.597,OnTrack,-4474,-6945,1665,pos,0 days 01:04:52.184000,0 days 02:01:49.279000
2024-06-23 14:08:06.837,OnTrack,-4583,-7020,1671,pos,0 days 01:04:52.424000,0 days 02:01:49.519000
2024-06-23 14:08:07.036,OnTrack,-4675,-7086,1676,pos,0 days 01:04:52.623000,0 days 02:01:49.718000
2024-06-23 14:08:07.216,OnTrack,-4829,-7191,1685,pos,0 days 01:04:52.803000,0 days 02:01:49.898000
2024-06-23 14:08:07.696,OnTrack,-5005,-7295,1693,pos,0 days 01:04:53.283000,0 days 02:01:50.378000
2024-06-23 14:08:07.896,OnTrack,-5115,-7350,1698,pos,0 days 01:04:53.483000,0 days 02:01:50.578000
2024-06-23 14:08:08.096,OnTrack,-5230,-7396,1703,pos,0 days 01:04:53.683000,0 days 02:01:50.778000
2024-06-23 14:08:08.256,OnTrack,-5388,-7437,1710,pos,0 days 01:04:53.843000,0 days 02:01:50.938000
2024-06-23 14:08:08.596,OnTrack,-5535,-7454,1717,pos,0 days 01:04:54.183000,0 days 02:01:51.278000
2024-06-23 14:08:08.877,OnTrack,-5715,-7448,1725,pos,0 days 01:04:54.464000,0 days 02:01:51.559000
2024-06-23 14:08:09.137,OnTrack,-5864,-7422,1730,pos,0 days 01:04:54.724000,0 days 02:01:51.819000
2024-06-23 14:08:09.337,OnTrack,-5965,-7393,1734,pos,0 days 01:04:54.924000,0 days 02:01:52.019000
2024-06-23 14:08:09.517,OnTrack,-6063,-7356,1738,pos,0 days 01:04:55.104000,0 days 02:01:52.199000
2024-06-23 14:08:09.717,OnTrack,-6169,-7303,1742,pos,0 days 01:04:55.304000,0 days 02:01:52.399000
2024-06-23 14:08:09.777,OnTrack,-6201,-7285,1743,pos,0 days 01:04:55.364000,0 days 02:01:52.459000
2024-06-23 14:08:10.017,OnTrack,-6320,-7201,1748,pos,0 days 01:04:55.604000,0 days 02:01:52.699000
2024-06-23 14:08:10.237,OnTrack,-6419,-7107,1752,pos,0 days 01:04:55.824000,0 days 02:01:52.919000
2024-06-23 14:08:10.417,OnTrack,-6491,-7018,1755,pos,0 days 01:04:56.004000,0 days 02:01:53.099000
2024-06-23 14:08:10.757,OnTrack,-6603,-6829,1760,pos,0 days 01:04:56.344000,0 days 02:01:53.439000
2024-06-23 14:08:10.877,OnTrack,-6635,-6756,1762,pos,0 days 01:04:56.464000,0 days 02:01:53.559000
2024-06-23 14:08:11.077,OnTrack,-6677,-6630,1764,pos,0 days 01:04:56.664000,0 days 02:01:53.759000
2024-06-23 14:08:11.277,OnTrack,-6707,-6499,1766,pos,0 days 01:04:56.864000,0 days 02:01:53.959000
2024-06-23 14:08:11.597,OnTrack,-6733,-6184,1771,pos,0 days 01:04:57.184000,0 days 02:01:54.279000
2024-06-23 14:08:11.997,OnTrack,-6725,-6003,1773,pos,0 days 01:04:57.584000,0 days 02:01:54.679000
2024-06-23 14:08:12.217,OnTrack,-6699,-5779,1777,pos,0 days 01:04:57.804000,0 days 02:01:54.899000
2024-06-23 14:08:12.537,OnTrack,-6672,-5624,1779,pos,0 days 01:04:58.124000,0 days 02:01:55.219000
2024-06-23 14:08:12.797,OnTrack,-6634,-5456,1781,pos,0 days 01:04:58.384000,0 days 02:01:55.479000
2024-06-23 14:08:12.857,OnTrack,-6623,-5414,1782,pos,0 days 01:04:58.444000,0 days 02:01:55.539000
2024-06-23 14:08:13.137,OnTrack,-6563,-5218,1786,pos,0 days 01:04:58.724000,0 days 02:01:55.819000
2024-06-23 14:08:13.337,OnTrack,-6507,-5082,1788,pos,0 days 01:04:58.924000,0 days 02:01:56.019000
2024-06-23 14:08:13.497,OnTrack,-6454,-4975,1790,pos,0 days 01:04:59.084000,0 days 02:01:56.179000
2024-06-23 14:08:13.776,OnTrack,-6345,-4793,1793,pos,0 days 01:04:59.363000,0 days 02:01:56.458000
2024-06-23 14:08:13.916,OnTrack,-6286,-4704,1794,pos,0 days 01:04:59.503000,0 days 02:01:56.598000
2024-06-23 14:08:14.076,OnTrack,-6216,-4604,1796,pos,0 days 01:04:59.663000,0 days 02:01:56.758000
2024-06-23 14:08:14.336,OnTrack,-6101,-4443,1798,pos,0 days 01:04:59.923000,0 days 02:01:57.018000
2024-06-23 14:08:14.596,OnTrack,-5986,-4281,1800,pos,0 days 01:05:00.183000,0 days 02:01:57.278000
2024-06-23 14:08:14.836,OnTrack,-5860,-4068,1804,pos,0 days 01:05:00.423000,0 days 02:01:57.518000
2024-06-23 14:08:15.156,OnTrack,-5766,-3908,1806,pos,0 days 01:05:00.743000,0 days 02:01:57.838000
2024-06-23 14:08:15.457,OnTrack,-5587,-3625,1811,pos,0 days 01:05:01.044000,0 days 02:01:58.139000
2024-06-23 14:08:15.877,OnTrack,-5476,-3462,1814,pos,0 days 01:05:01.464000,0 days 02:01:58.559000
2024-06-23 14:08:16.077,OnTrack,-5397,-3346,1816,pos,0 days 01:05:01.664000,0 days 02:01:58.759000
2024-06-23 14:08:16.317,OnTrack,-5296,-3206,1817,pos,0 days 01:05:01.904000,0 days 02:01:58.999000
2024-06-23 14:08:16.657,OnTrack,-5191,-3080,1819,pos,0 days 01:05:02.244000,0 days 02:01:59.339000
2024-06-23 14:08:16.757,OnTrack,-5155,-3043,1819,pos,0 days 01:05:02.344000,0 days 02:01:59.439000
2024-06-23 14:08:17.077,OnTrack,-5036,-2945,1820,pos,0 days 01:05:02.664000,0 days 02:01:59.759000
2024-06-23 14:08:17.337,OnTrack,-4909,-2877,1822,pos,0 days 01:05:02.924000,0 days 02:02:00.019000
2024-06-23 14:08:17.657,OnTrack,-4802,-2846,1824,pos,0 days 01:05:03.244000,0 days 02:02:00.339000
2024-06-23 14:08:17.957,OnTrack,-4623,-2845,1826,pos,0 days 01:05:03.544000,0 days 02:02:00.639000
2024-06-23 14:08:18.197,OnTrack,-4584,-2852,1827,pos,0 days 01:05:03.784000,0 days 02:02:00.879000
2024-06-23 14:08:18.557,OnTrack,-4455,-2899,1830,pos,0 days 01:05:04.144000,0 days 02:02:01.239000
2024-06-23 14:08:18.717,OnTrack,-4402,-2928,1831,pos,0 days 01:05:04.304000,0 days 02:02:01.399000
2024-06-23 14:08:18.917,OnTrack,-4342,-2970,1833,pos,0 days 01:05:04.504000,0 days 02:02:01.599000
2024-06-23 14:08:19.117,OnTrack,-4300,-3009,1833,pos,0 days 01:05:04.704000,0 days 02:02:01.799000
2024-06-23 14:08:19.297,OnTrack,-4253,-3059,1834,pos,0 days 01:05:04.884000,0 days 02:02:01.979000
2024-06-23 14:08:19.597,OnTrack,-4152,-3200,1836,pos,0 days 01:05:05.184000,0 days 02:02:02.279000
2024-06-23 14:08:19.897,OnTrack,-4121,-3258,1837,pos,0 days 01:05:05.484000,0 days 02:02:02.579000
2024-06-23 14:08:20.117,OnTrack,-4084,-3345,1838,pos,0 days 01:05:05.704000,0 days 02:02:02.799000
2024-06-23 14:08:20.296,OnTrack,-4060,-3422,1838,pos,0 days 01:05:05.883000,0 days 02:02:02.978000
2024-06-23 14:08:20.636,OnTrack,-4031,-3580,1839,pos,0 days 01:05:06.223000,0 days 02:02:03.318000
2024-06-23 14:08:20.796,OnTrack,-4027,-3660,1839,pos,0 days 01:05:06.383000,0 days 02:02:03.478000
2024-06-23 14:08:21.036,OnTrack,-4033,-3783,1839,pos,0 days 01:05:06.623000,0 days 02:02:03.718000
2024-06-23 14:08:21.236,OnTrack,-4061,-3932,1838,pos,0 days 01:05:06.823000,0 days 02:02:03.918000
2024-06-23 14:08:21.516,OnTrack,-4095,-4039,1837,pos,0 days 01:05:07.103000,0 days 02:02:04.198000
2024-06-23 14:08:21.816,OnTrack,-4168,-4197,1834,pos,0 days 01:05:07.403000,0 days 02:02:04.498000
2024-06-23 14:08:21.957,OnTrack,-4217,-4279,1833,pos,0 days 01:05:07.544000,0 days 02:02:04.639000
2024-06-23 14:08:22.177,OnTrack,-4292,-4390,1831,pos,0 days 01:05:07.764000,0 days 02:02:04.859000
2024-06-23 14:08:22.477,OnTrack,-4393,-4532,1828,pos,0 days 01:05:08.064000,0 days 02:02:05.159000
2024-06-23 14:08:22.677,OnTrack,-4468,-4634,1825,pos,0 days 01:05:08.264000,0 days 02:02:05.359000
2024-06-23 14:08:22.897,OnTrack,-4550,-4747,1822,pos,0 days 01:05:08.484000,0 days 02:02:05.579000
2024-06-23 14:08:23.077,OnTrack,-4650,-4883,1819,pos,0 days 01:05:08.664000,0 days 02:02:05.759000
2024-06-23 14:08:23.517,OnTrack,-4790,-5074,1815,pos,0 days 01:05:09.104000,0 days 02:02:06.199000
2024-06-23 14:08:23.717,OnTrack,-4868,-5181,1813,pos,0 days 01:05:09.304000,0 days 02:02:06.399000
2024-06-23 14:08:23.897,OnTrack,-4935,-5275,1810,pos,0 days 01:05:09.484000,0 days 02:02:06.579000
2024-06-23 14:08:24.057,OnTrack,-4990,-5354,1807,pos,0 days 01:05:09.644000,0 days 02:02:06.739000
2024-06-23 14:08:24.317,OnTrack,-5066,-5471,1803,pos,0 days 01:05:09.904000,0 days 02:02:06.999000
2024-06-23 14:08:24.537,OnTrack,-5118,-5562,1800,pos,0 days 01:05:10.124000,0 days 02:02:07.219000
2024-06-23 14:08:24.697,OnTrack,-5150,-5624,1798,pos,0 days 01:05:10.284000,0 days 02:02:07.379000
2024-06-23 14:08:24.817,OnTrack,-5170,-5669,1796,pos,0 days 01:05:10.404000,0 days 02:02:07.499000
2024-06-23 14:08:25.097,OnTrack,-5205,-5770,1791,pos,0 days 01:05:10.684000,0 days 02:02:07.779000
2024-06-23 14:08:25.317,OnTrack,-5222,-5846,1788,pos,0 days 01:05:10.904000,0 days 02:02:07.999000
2024-06-23 14:08:25.497,OnTrack,-5227,-5905,1786,pos,0 days 01:05:11.084000,0 days 02:02:08.179000
2024-06-23 14:08:25.777,OnTrack,-5220,-5992,1781,pos,0 days 01:05:11.364000,0 days 02:02:08.459000
2024-06-23 14:08:25.877,OnTrack,-5212,-6020,1779,pos,0 days 01:05:11.464000,0 days 02:02:08.559000
2024-06-23 14:08:26.097,OnTrack,-5188,-6080,1775,pos,0 days 01:05:11.684000,0 days 02:02:08.779000
2024-06-23 14:08:26.297,OnTrack,-5156,-6128,1771,pos,0 days 01:05:11.884000,0 days 02:02:08.979000
2024-06-23 14:08:26.597,OnTrack,-5096,-6185,1768,pos,0 days 01:05:12.184000,0 days 02:02:09.279000
2024-06-23 14:08:26.776,OnTrack,-5055,-6211,1768,pos,0 days 01:05:12.363000,0 days 02:02:09.458000
2024-06-23 14:08:26.936,OnTrack,-4979,-6239,1761,pos,0 days 01:05:12.523000,0 days 02:02:09.618000
2024-06-23 14:08:27.456,OnTrack,-4848,-6251,1755,pos,0 days 01:05:13.043000,0 days 02:02:10.138000
2024-06-23 14:08:27.836,OnTrack,-4766,-6241,1749,pos,0 days 01:05:13.423000,0 days 02:02:10.518000
2024-06-23 14:08:27.936,OnTrack,-4735,-6235,1746,pos,0 days 01:05:13.523000,0 days 02:02:10.618000
2024-06-23 14:08:28.236,OnTrack,-4643,-6208,1741,pos,0 days 01:05:13.823000,0 days 02:02:10.918000
2024-06-23 14:08:28.396,OnTrack,-4539,-6165,1735,pos,0 days 01:05:13.983000,0 days 02:02:11.078000
2024-06-23 14:08:28.857,OnTrack,-4427,-6109,1726,pos,0 days 01:05:14.444000,0 days 02:02:11.539000
2024-06-23 14:08:28.917,OnTrack,-4405,-6097,1725,pos,0 days 01:05:14.504000,0 days 02:02:11.599000
2024-06-23 14:08:29.217,OnTrack,-4262,-6020,1716,pos,0 days 01:05:14.804000,0 days 02:02:11.899000
2024-06-23 14:08:29.577,OnTrack,-4141,-5954,1708,pos,0 days 01:05:15.164000,0 days 02:02:12.259000
2024-06-23 14:08:29.817,OnTrack,-4024,-5894,1696,pos,0 days 01:05:15.404000,0 days 02:02:12.499000
2024-06-23 14:08:29.937,OnTrack,-3920,-5843,1694,pos,0 days 01:05:15.524000,0 days 02:02:12.619000
2024-06-23 14:08:30.217,OnTrack,-3725,-5757,1683,pos,0 days 01:05:15.804000,0 days 02:02:12.899000
2024-06-23 14:08:30.557,OnTrack,-3594,-5703,1677,pos,0 days 01:05:16.144000,0 days 02:02:13.239000
2024-06-23 14:08:30.757,OnTrack,-3483,-5656,1673,pos,0 days 01:05:16.344000,0 days 02:02:13.439000
2024-06-23 14:08:31.017,OnTrack,-3259,-5544,1663,pos,0 days 01:05:16.604000,0 days 02:02:13.699000
2024-06-23 14:08:31.477,OnTrack,-3029,-5395,1656,pos,0 days 01:05:17.064000,0 days 02:02:14.159000
2024-06-23 14:08:31.857,OnTrack,-2883,-5276,1653,pos,0 days 01:05:17.444000,0 days 02:02:14.539000
2024-06-23 14:08:32.137,OnTrack,-2746,-5143,1651,pos,0 days 01:05:17.724000,0 days 02:02:14.819000
2024-06-23 14:08:32.377,OnTrack,-2585,-4952,1651,pos,0 days 01:05:17.964000,0 days 02:02:15.059000
2024-06-23 14:08:32.797,OnTrack,-2453,-4770,1651,pos,0 days 01:05:18.384000,0 days 02:02:15.479000
2024-06-23 14:08:33.197,OnTrack,-2268,-4501,1653,pos,0 days 01:05:18.784000,0 days 02:02:15.879000
2024-06-23 14:08:33.556,OnTrack,-2165,-4339,1658,pos,0 days 01:05:19.143000,0 days 02:02:16.238000
2024-06-23 14:08:33.836,OnTrack,-2132,-4273,1660,pos,0 days 01:05:19.423000,0 days 02:02:16.518000
2024-06-23 14:08:34.116,OnTrack,-2102,-4173,1662,pos,0 days 01:05:19.703000,0 days 02:02:16.798000
2024-06-23 14:08:34.316,OnTrack,-2088,-4088,1662,pos,0 days 01:05:19.903000,0 days 02:02:16.998000
2024-06-23 14:08:34.476,OnTrack,-2083,-4020,1664,pos,0 days 01:05:20.063000,0 days 02:02:17.158000
2024-06-23 14:08:34.796,OnTrack,-2087,-3890,1669,pos,0 days 01:05:20.383000,0 days 02:02:17.478000
2024-06-23 14:08:35.037,OnTrack,-2105,-3792,1674,pos,0 days 01:05:20.624000,0 days 02:02:17.719000
2024-06-23 14:08:35.257,OnTrack,-2146,-3697,1680,pos,0 days 01:05:20.844000,0 days 02:02:17.939000
2024-06-23 14:08:35.497,OnTrack,-2186,-3641,1682,pos,0 days 01:05:21.084000,0 days 02:02:18.179000
2024-06-23 14:08:35.757,OnTrack,-2251,-3574,1686,pos,0 days 01:05:21.344000,0 days 02:02:18.439000
2024-06-23 14:08:35.957,OnTrack,-2314,-3524,1690,pos,0 days 01:05:21.544000,0 days 02:02:18.639000
2024-06-23 14:08:36.237,OnTrack,-2450,-3426,1697,pos,0 days 01:05:21.824000,0 days 02:02:18.919000
2024-06-23 14:08:36.557,OnTrack,-2520,-3371,1702,pos,0 days 01:05:22.144000,0 days 02:02:19.239000
2024-06-23 14:08:36.917,OnTrack,-2641,-3251,1714,pos,0 days 01:05:22.504000,0 days 02:02:19.599000
2024-06-23 14:08:37.057,OnTrack,-2685,-3196,1720,pos,0 days 01:05:22.644000,0 days 02:02:19.739000
2024-06-23 14:08:37.217,OnTrack,-2730,-3127,1726,pos,0 days 01:05:22.804000,0 days 02:02:19.899000
2024-06-23 14:08:37.517,OnTrack,-2806,-2985,1736,pos,0 days 01:05:23.104000,0 days 02:02:20.199000
2024-06-23 14:08:37.717,OnTrack,-2881,-2820,1747,pos,0 days 01:05:23.304000,0 days 02:02:20.399000
2024-06-23 14:08:38.057,OnTrack,-2969,-2629,1759,pos,0 days 01:05:23.644000,0 days 02:02:20.739000
2024-06-23 14:08:38.457,OnTrack,-3037,-2487,1769,pos,0 days 01:05:24.044000,0 days 02:02:21.139000
2024-06-23 14:08:38.737,OnTrack,-3113,-2328,1779,pos,0 days 01:05:24.324000,0 days 02:02:21.419000
2024-06-23 14:08:38.977,OnTrack,-3179,-2189,1788,pos,0 days 01:05:24.564000,0 days 02:02:21.659000
2024-06-23 14:08:39.157,OnTrack,-3263,-2013,1800,pos,0 days 01:05:24.744000,0 days 02:02:21.839000
2024-06-23 14:08:39.557,OnTrack,-3343,-1846,1810,pos,0 days 01:05:25.144000,0 days 02:02:22.239000
2024-06-23 14:08:39.837,OnTrack,-3419,-1674,1822,pos,0 days 01:05:25.424000,0 days 02:02:22.519000
2024-06-23 14:08:40.896,OnTrack,-3488,-1007,1853,pos,0 days 01:05:26.483000,0 days 02:02:23.578000
2024-06-23 14:08:40.996,OnTrack,-3476,-946,1855,pos,0 days 01:05:26.583000,0 days 02:02:23.678000
2024-06-23 14:08:41.376,OnTrack,-3409,-720,1864,pos,0 days 01:05:26.963000,0 days 02:02:24.058000
2024-06-23 14:08:41.536,OnTrack,-3369,-629,1867,pos,0 days 01:05:27.123000,0 days 02:02:24.218000
2024-06-23 14:08:41.697,OnTrack,-3315,-531,1870,pos,0 days 01:05:27.284000,0 days 02:02:24.379000
2024-06-23 14:08:41.957,OnTrack,-3195,-381,1873,pos,0 days 01:05:27.544000,0 days 02:02:24.639000
2024-06-23 14:08:42.017,OnTrack,-3167,-355,1873,pos,0 days 01:05:27.604000,0 days 02:02:24.699000
2024-06-23 14:08:42.297,OnTrack,-3023,-259,1875,pos,0 days 01:05:27.884000,0 days 02:02:24.979000
2024-06-23 14:08:42.597,OnTrack,-2833,-174,1874,pos,0 days 01:05:28.184000,0 days 02:02:25.279000
2024-06-23 14:08:42.817,OnTrack,-2627,-93,1871,pos,0 days 01:05:28.404000,0 days 02:02:25.499000
2024-06-23 14:08:43.237,OnTrack,-2346,34,1868,pos,0 days 01:05:28.824000,0 days 02:02:25.919000
2024-06-23 14:08:43.637,OnTrack,-2112,144,1865,pos,0 days 01:05:29.224000,0 days 02:02:26.319000
2024-06-23 14:08:43.957,OnTrack,-1953,219,1863,pos,0 days 01:05:29.544000,0 days 02:02:26.639000
2024-06-23 14:08:44.137,OnTrack,-1832,276,1861,pos,0 days 01:05:29.724000,0 days 02:02:26.819000
2024-06-23 14:08:44.397,OnTrack,-1657,359,1859,pos,0 days 01:05:29.984000,0 days 02:02:27.079000
2024-06-23 14:08:44.597,OnTrack,-1521,424,1857,pos,0 days 01:05:30.184000,0 days 02:02:27.279000
2024-06-23 14:08:44.817,OnTrack,-1370,496,1855,pos,0 days 01:05:30.404000,0 days 02:02:27.499000
2024-06-23 14:08:45.037,OnTrack,-1218,569,1853,pos,0 days 01:05:30.624000,0 days 02:02:27.719000
2024-06-23 14:08:45.217,OnTrack,-1096,630,1852,pos,0 days 01:05:30.804000,0 days 02:02:27.899000
2024-06-23 14:08:45.457,OnTrack,-931,716,1850,pos,0 days 01:05:31.044000,0 days 02:02:28.139000
2024-06-23 14:08:45.637,OnTrack,-807,782,1848,pos,0 days 01:05:31.224000,0 days 02:02:28.319000
2024-06-23 14:08:45.837,OnTrack,-669,856,1846,pos,0 days 01:05:31.424000,0 days 02:02:28.519000
2024-06-23 14:08:46.077,OnTrack,-503,945,1844,pos,0 days 01:05:31.664000,0 days 02:02:28.759000
2024-06-23 14:08:46.237,OnTrack,-391,1004,1842,pos,0 days 01:05:31.824000,0 days 02:02:28.919000
2024-06-23 14:08:46.497,OnTrack,-127,1145,1838,pos,0 days 01:05:32.084000,0 days 02:02:29.179000
2024-06-23 14:08:46.816,OnTrack,12,1219,1836,pos,0 days 01:05:32.403000,0 days 02:02:29.498000
2024-06-23 14:08:47.016,OnTrack,152,1294,1835,pos,0 days 01:05:32.603000,0 days 02:02:29.698000
2024-06-23 14:08:47.296,OnTrack,338,1391,1832,pos,0 days 01:05:32.883000,0 days 02:02:29.978000
2024-06-23 14:08:47.576,OnTrack,554,1495,1829,pos,0 days 01:05:33.163000,0 days 02:02:30.258000
2024-06-23 14:08:47.956,OnTrack,799,1597,1826,pos,0 days 01:05:33.543000,0 days 02:02:30.638000
2024-06-23 14:08:48.116,OnTrack,964,1663,1824,pos,0 days 01:05:33.703000,0 days 02:02:30.798000
2024-06-23 14:08:48.537,OnTrack,1125,1732,1823,pos,0 days 01:05:34.124000,0 days 02:02:31.219000
2024-06-23 14:08:48.757,OnTrack,1208,1774,1822,pos,0 days 01:05:34.344000,0 days 02:02:31.439000
2024-06-23 14:08:49.037,OnTrack,1308,1837,1821,pos,0 days 01:05:34.624000,0 days 02:02:31.719000
2024-06-23 14:08:49.157,OnTrack,1344,1867,1820,pos,0 days 01:05:34.744000,0 days 02:02:31.839000
2024-06-23 14:08:49.397,OnTrack,1403,1933,1819,pos,0 days 01:05:34.984000,0 days 02:02:32.079000
2024-06-23 14:08:49.617,OnTrack,1451,2033,1818,pos,0 days 01:05:35.204000,0 days 02:02:32.299000
2024-06-23 14:08:49.937,OnTrack,1464,2106,1817,pos,0 days 01:05:35.524000,0 days 02:02:32.619000
2024-06-23 14:08:50.237,OnTrack,1447,2244,1817,pos,0 days 01:05:35.824000,0 days 02:02:32.919000
2024-06-23 14:08:50.637,OnTrack,1410,2338,1819,pos,0 days 01:05:36.224000,0 days 02:02:33.319000
2024-06-23 14:08:51.077,OnTrack,1355,2426,1822,pos,0 days 01:05:36.664000,0 days 02:02:33.759000
2024-06-23 14:08:51.197,OnTrack,1334,2452,1823,pos,0 days 01:05:36.784000,0 days 02:02:33.879000
2024-06-23 14:08:51.437,OnTrack,1288,2501,1825,pos,0 days 01:05:37.024000,0 days 02:02:34.119000
2024-06-23 14:08:51.657,OnTrack,1242,2540,1826,pos,0 days 01:05:37.244000,0 days 02:02:34.339000
2024-06-23 14:08:51.917,OnTrack,1180,2580,1827,pos,0 days 01:05:37.504000,0 days 02:02:34.599000
2024-06-23 14:08:52.077,OnTrack,1137,2601,1828,pos,0 days 01:05:37.664000,0 days 02:02:34.759000
2024-06-23 14:08:52.217,OnTrack,1096,2616,1829,pos,0 days 01:05:37.804000,0 days 02:02:34.899000
2024-06-23 14:08:52.417,OnTrack,1035,2634,1831,pos,0 days 01:05:38.004000,0 days 02:02:35.099000
2024-06-23 14:08:52.697,OnTrack,942,2651,1833,pos,0 days 01:05:38.284000,0 days 02:02:35.379000
2024-06-23 14:08:52.917,OnTrack,865,2658,1834,pos,0 days 01:05:38.504000,0 days 02:02:35.599000
2024-06-23 14:08:53.136,OnTrack,783,2659,1836,pos,0 days 01:05:38.723000,0 days 02:02:35.818000
2024-06-23 14:08:53.236,OnTrack,744,2657,1837,pos,0 days 01:05:38.823000,0 days 02:02:35.918000
2024-06-23 14:08:53.456,OnTrack,655,2647,1839,pos,0 days 01:05:39.043000,0 days 02:02:36.138000
2024-06-23 14:08:53.716,OnTrack,545,2622,1841,pos,0 days 01:05:39.303000,0 days 02:02:36.398000
2024-06-23 14:08:53.876,OnTrack,475,2599,1843,pos,0 days 01:05:39.463000,0 days 02:02:36.558000
2024-06-23 14:08:54.096,OnTrack,377,2558,1847,pos,0 days 01:05:39.683000,0 days 02:02:36.778000
2024-06-23 14:08:54.296,OnTrack,287,2511,1851,pos,0 days 01:05:39.883000,0 days 02:02:36.978000
2024-06-23 14:08:54.476,OnTrack,208,2462,1856,pos,0 days 01:05:40.063000,0 days 02:02:37.158000
2024-06-23 14:08:54.757,OnTrack,73,2369,1863,pos,0 days 01:05:40.344000,0 days 02:02:37.439000
2024-06-23 14:08:54.977,OnTrack,-23,2301,1868,pos,0 days 01:05:40.564000,0 days 02:02:37.659000
2024-06-23 14:08:55.157,OnTrack,-107,2251,1872,pos,0 days 01:05:40.744000,0 days 02:02:37.839000
2024-06-23 14:08:55.317,OnTrack,-183,2213,1875,pos,0 days 01:05:40.904000,0 days 02:02:37.999000
2024-06-23 14:08:55.517,OnTrack,-321,2160,1880,pos,0 days 01:05:41.104000,0 days 02:02:38.199000
2024-06-23 14:08:55.957,OnTrack,-462,2129,1886,pos,0 days 01:05:41.544000,0 days 02:02:38.639000
2024-06-23 14:08:56.137,OnTrack,-538,2122,1889,pos,0 days 01:05:41.724000,0 days 02:02:38.819000
2024-06-23 14:08:56.237,OnTrack,-579,2122,1891,pos,0 days 01:05:41.824000,0 days 02:02:38.919000
2024-06-23 14:08:56.617,OnTrack,-723,2140,1899,pos,0 days 01:05:42.204000,0 days 02:02:39.299000
2024-06-23 14:08:56.797,OnTrack,-784,2160,1902,pos,0 days 01:05:42.384000,0 days 02:02:39.479000
2024-06-23 14:08:56.997,OnTrack,-875,2213,1906,pos,0 days 01:05:42.584000,0 days 02:02:39.679000
2024-06-23 14:08:57.457,OnTrack,-960,2302,1909,pos,0 days 01:05:43.044000,0 days 02:02:40.139000
2024-06-23 14:08:57.657,OnTrack,-995,2360,1910,pos,0 days 01:05:43.244000,0 days 02:02:40.339000
2024-06-23 14:08:57.837,OnTrack,-1027,2439,1912,pos,0 days 01:05:43.424000,0 days 02:02:40.519000
2024-06-23 14:08:58.277,OnTrack,-1049,2554,1914,pos,0 days 01:05:43.864000,0 days 02:02:40.959000
2024-06-23 14:08:58.337,OnTrack,-1050,2574,1914,pos,0 days 01:05:43.924000,0 days 02:02:41.019000
2024-06-23 14:08:59.417,OnTrack,-946,2971,1920,pos,0 days 01:05:45.004000,0 days 02:02:42.099000
2024-06-23 14:08:59.836,OnTrack,-840,3120,1922,pos,0 days 01:05:45.423000,0 days 02:02:42.518000
2024-06-23 14:09:00.256,OnTrack,-739,3224,1922,pos,0 days 01:05:45.843000,0 days 02:02:42.938000
2024-06-23 14:09:00.476,OnTrack,-664,3289,1922,pos,0 days 01:05:46.063000,0 days 02:02:43.158000
2024-06-23 14:09:00.676,OnTrack,-574,3362,1921,pos,0 days 01:05:46.263000,0 days 02:02:43.358000
2024-06-23 14:09:00.976,OnTrack,-469,3443,1920,pos,0 days 01:05:46.563000,0 days 02:02:43.658000
2024-06-23 14:09:01.236,OnTrack,-360,3528,1918,pos,0 days 01:05:46.823000,0 days 02:02:43.918000
2024-06-23 14:09:01.457,OnTrack,-205,3660,1914,pos,0 days 01:05:47.044000,0 days 02:02:44.139000
2024-06-23 14:09:01.797,OnTrack,-107,3744,1911,pos,0 days 01:05:47.384000,0 days 02:02:44.479000
2024-06-23 14:09:02.057,OnTrack,72,3891,1904,pos,0 days 01:05:47.644000,0 days 02:02:44.739000
2024-06-23 14:09:02.357,OnTrack,153,3951,1901,pos,0 days 01:05:47.944000,0 days 02:02:45.039000
2024-06-23 14:09:02.737,OnTrack,433,4098,1887,pos,0 days 01:05:48.324000,0 days 02:02:45.419000
2024-06-23 14:09:02.997,OnTrack,522,4121,1883,pos,0 days 01:05:48.584000,0 days 02:02:45.679000
2024-06-23 14:09:03.277,OnTrack,706,4140,1875,pos,0 days 01:05:48.864000,0 days 02:02:45.959000
2024-06-23 14:09:03.457,OnTrack,829,4131,1868,pos,0 days 01:05:49.044000,0 days 02:02:46.139000
2024-06-23 14:09:03.637,OnTrack,952,4109,1860,pos,0 days 01:05:49.224000,0 days 02:02:46.319000
2024-06-23 14:09:03.797,OnTrack,1058,4080,1854,pos,0 days 01:05:49.384000,0 days 02:02:46.479000
2024-06-23 14:09:04.017,OnTrack,1201,4024,1846,pos,0 days 01:05:49.604000,0 days 02:02:46.699000
2024-06-23 14:09:04.257,OnTrack,1353,3951,1836,pos,0 days 01:05:49.844000,0 days 02:02:46.939000
2024-06-23 14:09:04.477,OnTrack,1489,3874,1828,pos,0 days 01:05:50.064000,0 days 02:02:47.159000
2024-06-23 14:09:04.697,OnTrack,1621,3792,1821,pos,0 days 01:05:50.284000,0 days 02:02:47.379000
2024-06-23 14:09:04.857,OnTrack,1718,3730,1816,pos,0 days 01:05:50.444000,0 days 02:02:47.539000
2024-06-23 14:09:05.097,OnTrack,1862,3637,1806,pos,0 days 01:05:50.684000,0 days 02:02:47.779000
2024-06-23 14:09:05.257,OnTrack,1959,3575,1801,pos,0 days 01:05:50.844000,0 days 02:02:47.939000
2024-06-23 14:09:05.577,OnTrack,2191,3427,1787,pos,0 days 01:05:51.164000,0 days 02:02:48.259000
2024-06-23 14:09:05.997,OnTrack,2485,3215,1773,pos,0 days 01:05:51.584000,0 days 02:02:48.679000
2024-06-23 14:09:06.416,OnTrack,2652,3050,1763,pos,0 days 01:05:52.003000,0 days 02:02:49.098000
2024-06-23 14:09:06.676,OnTrack,2725,2956,1759,pos,0 days 01:05:52.263000,0 days 02:02:49.358000
2024-06-23 14:09:07.036,OnTrack,2852,2664,1749,pos,0 days 01:05:52.623000,0 days 02:02:49.718000
2024-06-23 14:09:07.336,OnTrack,2875,2544,1746,pos,0 days 01:05:52.923000,0 days 02:02:50.018000
2024-06-23 14:09:07.516,OnTrack,2885,2425,1744,pos,0 days 01:05:53.103000,0 days 02:02:50.198000
2024-06-23 14:09:07.836,OnTrack,2864,2208,1739,pos,0 days 01:05:53.423000,0 days 02:02:50.518000
2024-06-23 14:09:08.037,OnTrack,2824,2062,1737,pos,0 days 01:05:53.624000,0 days 02:02:50.719000
2024-06-23 14:09:08.277,OnTrack,2757,1906,1735,pos,0 days 01:05:53.864000,0 days 02:02:50.959000
2024-06-23 14:09:08.297,OnTrack,2751,1894,1734,pos,0 days 01:05:53.884000,0 days 02:02:50.979000
2024-06-23 14:09:08.617,OnTrack,2646,1709,1731,pos,0 days 01:05:54.204000,0 days 02:02:51.299000
2024-06-23 14:09:08.797,OnTrack,2531,1528,1728,pos,0 days 01:05:54.384000,0 days 02:02:51.479000
2024-06-23 14:09:09.117,OnTrack,2452,1408,1726,pos,0 days 01:05:54.704000,0 days 02:02:51.799000
2024-06-23 14:09:09.417,OnTrack,2333,1225,1723,pos,0 days 01:05:55.004000,0 days 02:02:52.099000
2024-06-23 14:09:09.637,OnTrack,2196,1015,1719,pos,0 days 01:05:55.224000,0 days 02:02:52.319000
2024-06-23 14:09:09.937,OnTrack,2123,902,1717,pos,0 days 01:05:55.524000,0 days 02:02:52.619000
2024-06-23 14:09:10.217,OnTrack,2008,725,1714,pos,0 days 01:05:55.804000,0 days 02:02:52.899000
2024-06-23 14:09:10.437,OnTrack,1917,585,1712,pos,0 days 01:05:56.024000,0 days 02:02:53.119000
2024-06-23 14:09:10.637,OnTrack,1833,457,1711,pos,0 days 01:05:56.224000,0 days 02:02:53.319000
2024-06-23 14:09:10.857,OnTrack,1693,243,1708,pos,0 days 01:05:56.444000,0 days 02:02:53.539000
2024-06-23 14:09:11.357,OnTrack,1543,8,1708,pos,0 days 01:05:56.944000,0 days 02:02:54.039000
2024-06-23 14:09:11.577,OnTrack,1439,-153,1707,pos,0 days 01:05:57.164000,0 days 02:02:54.259000
2024-06-23 14:09:11.917,OnTrack,1244,-458,1708,pos,0 days 01:05:57.504000,0 days 02:02:54.599000
2024-06-23 14:09:12.237,OnTrack,1167,-579,1708,pos,0 days 01:05:57.824000,0 days 02:02:54.919000
2024-06-23 14:09:12.597,OnTrack,953,-916,1708,pos,0 days 01:05:58.184000,0 days 02:02:55.279000
2024-06-23 14:09:12.837,OnTrack,910,-984,1708,pos,0 days 01:05:58.424000,0 days 02:02:55.519000
2024-06-23 14:09:13.096,OnTrack,798,-1160,1708,pos,0 days 01:05:58.683000,0 days 02:02:55.778000
2024-06-23 14:09:13.396,OnTrack,668,-1365,1707,pos,0 days 01:05:58.983000,0 days 02:02:56.078000
2024-06-23 14:09:13.556,OnTrack,599,-1474,1707,pos,0 days 01:05:59.143000,0 days 02:02:56.238000
2024-06-23 14:09:13.816,OnTrack,486,-1652,1708,pos,0 days 01:05:59.403000,0 days 02:02:56.498000
2024-06-23 14:09:13.996,OnTrack,407,-1776,1707,pos,0 days 01:05:59.583000,0 days 02:02:56.678000
2024-06-23 14:09:14.176,OnTrack,328,-1900,1708,pos,0 days 01:05:59.763000,0 days 02:02:56.858000
2024-06-23 14:09:14.457,OnTrack,197,-2107,1708,pos,0 days 01:06:00.044000,0 days 02:02:57.139000
2024-06-23 14:09:14.497,OnTrack,179,-2134,1708,pos,0 days 01:06:00.084000,0 days 02:02:57.179000
2024-06-23 14:09:14.837,OnTrack,30,-2370,1707,pos,0 days 01:06:00.424000,0 days 02:02:57.519000
2024-06-23 14:09:14.997,OnTrack,-41,-2481,1707,pos,0 days 01:06:00.584000,0 days 02:02:57.679000
2024-06-23 14:09:15.197,OnTrack,-120,-2604,1706,pos,0 days 01:06:00.784000,0 days 02:02:57.879000
2024-06-23 14:09:15.497,OnTrack,-274,-2838,1704,pos,0 days 01:06:01.084000,0 days 02:02:58.179000
2024-06-23 14:09:15.797,OnTrack,-393,-3016,1702,pos,0 days 01:06:01.384000,0 days 02:02:58.479000
2024-06-23 14:09:15.957,OnTrack,-466,-3127,1701,pos,0 days 01:06:01.544000,0 days 02:02:58.639000
2024-06-23 14:09:16.277,OnTrack,-612,-3347,1698,pos,0 days 01:06:01.864000,0 days 02:02:58.959000
2024-06-23 14:09:16.457,OnTrack,-695,-3470,1695,pos,0 days 01:06:02.044000,0 days 02:02:59.139000
2024-06-23 14:09:16.637,OnTrack,-778,-3594,1693,pos,0 days 01:06:02.224000,0 days 02:02:59.319000
2024-06-23 14:09:16.837,OnTrack,-870,-3731,1690,pos,0 days 01:06:02.424000,0 days 02:02:59.519000
2024-06-23 14:09:17.137,OnTrack,-1045,-3992,1683,pos,0 days 01:06:02.724000,0 days 02:02:59.819000
2024-06-23 14:09:17.417,OnTrack,-1138,-4130,1680,pos,0 days 01:06:03.004000,0 days 02:03:00.099000
2024-06-23 14:09:17.637,OnTrack,-1239,-4281,1676,pos,0 days 01:06:03.224000,0 days 02:03:00.319000
2024-06-23 14:09:17.957,OnTrack,-1451,-4597,1666,pos,0 days 01:06:03.544000,0 days 02:03:00.639000
2024-06-23 14:09:18.317,OnTrack,-1549,-4742,1662,pos,0 days 01:06:03.904000,0 days 02:03:00.999000
2024-06-23 14:09:18.597,OnTrack,-1724,-5012,1655,pos,0 days 01:06:04.184000,0 days 02:03:01.279000
2024-06-23 14:09:18.857,OnTrack,-1784,-5108,1653,pos,0 days 01:06:04.444000,0 days 02:03:01.539000
2024-06-23 14:09:19.077,OnTrack,-1876,-5262,1650,pos,0 days 01:06:04.664000,0 days 02:03:01.759000
2024-06-23 14:09:19.317,OnTrack,-1974,-5431,1647,pos,0 days 01:06:04.904000,0 days 02:03:01.999000
2024-06-23 14:09:19.496,OnTrack,-2046,-5559,1645,pos,0 days 01:06:05.083000,0 days 02:03:02.178000
2024-06-23 14:09:19.816,OnTrack,-2219,-5869,1641,pos,0 days 01:06:05.403000,0 days 02:03:02.498000
2024-06-23 14:09:20.176,OnTrack,-2313,-6038,1638,pos,0 days 01:06:05.763000,0 days 02:03:02.858000
2024-06-23 14:09:20.376,OnTrack,-2391,-6174,1637,pos,0 days 01:06:05.963000,0 days 02:03:03.058000
2024-06-23 14:09:20.536,OnTrack,-2453,-6280,1635,pos,0 days 01:06:06.123000,0 days 02:03:03.218000
2024-06-23 14:09:20.736,OnTrack,-2529,-6402,1634,pos,0 days 01:06:06.323000,0 days 02:03:03.418000
2024-06-23 14:09:21.097,OnTrack,-2664,-6592,1631,pos,0 days 01:06:06.684000,0 days 02:03:03.779000
2024-06-23 14:09:21.457,OnTrack,-2768,-6718,1629,pos,0 days 01:06:07.044000,0 days 02:03:04.139000
2024-06-23 14:09:21.677,OnTrack,-2832,-6784,1628,pos,0 days 01:06:07.264000,0 days 02:03:04.359000
2024-06-23 14:09:21.837,OnTrack,-2884,-6832,1626,pos,0 days 01:06:07.424000,0 days 02:03:04.519000
2024-06-23 14:09:22.017,OnTrack,-2944,-6880,1624,pos,0 days 01:06:07.604000,0 days 02:03:04.699000
2024-06-23 14:09:22.197,OnTrack,-3006,-6922,1623,pos,0 days 01:06:07.784000,0 days 02:03:04.879000
2024-06-23 14:09:22.377,OnTrack,-3070,-6955,1625,pos,0 days 01:06:07.964000,0 days 02:03:05.059000
2024-06-23 14:09:22.557,OnTrack,-3135,-6978,1623,pos,0 days 01:06:08.144000,0 days 02:03:05.239000
2024-06-23 14:09:22.857,OnTrack,-3304,-6993,1625,pos,0 days 01:06:08.444000,0 days 02:03:05.539000
2024-06-23 14:09:23.377,OnTrack,-3454,-6957,1629,pos,0 days 01:06:08.964000,0 days 02:03:06.059000
2024-06-23 14:09:23.517,OnTrack,-3510,-6935,1630,pos,0 days 01:06:09.104000,0 days 02:03:06.199000
2024-06-23 14:09:23.797,OnTrack,-3640,-6875,1632,pos,0 days 01:06:09.384000,0 days 02:03:06.479000
2024-06-23 14:09:24.057,OnTrack,-3733,-6833,1633,pos,0 days 01:06:09.644000,0 days 02:03:06.739000
2024-06-23 14:09:24.357,OnTrack,-3865,-6784,1636,pos,0 days 01:06:09.944000,0 days 02:03:07.039000
2024-06-23 14:09:24.537,OnTrack,-3993,-6767,1641,pos,0 days 01:06:10.124000,0 days 02:03:07.219000
2024-06-23 14:09:24.897,OnTrack,-4118,-6781,1645,pos,0 days 01:06:10.484000,0 days 02:03:07.579000
2024-06-23 14:09:25.097,OnTrack,-4214,-6810,1650,pos,0 days 01:06:10.684000,0 days 02:03:07.779000
2024-06-23 14:09:25.397,OnTrack,-4364,-6879,1658,pos,0 days 01:06:10.984000,0 days 02:03:08.079000
2024-06-23 14:09:25.597,OnTrack,-4517,-6974,1667,pos,0 days 01:06:11.184000,0 days 02:03:08.279000
2024-06-23 14:09:26.076,OnTrack,-4698,-7103,1676,pos,0 days 01:06:11.663000,0 days 02:03:08.758000
2024-06-23 14:09:26.376,OnTrack,-4813,-7181,1683,pos,0 days 01:06:11.963000,0 days 02:03:09.058000
2024-06-23 14:09:26.536,OnTrack,-4893,-7231,1688,pos,0 days 01:06:12.123000,0 days 02:03:09.218000
2024-06-23 14:09:26.836,OnTrack,-5053,-7320,1696,pos,0 days 01:06:12.423000,0 days 02:03:09.518000
2024-06-23 14:09:27.116,OnTrack,-5224,-7393,1702,pos,0 days 01:06:12.703000,0 days 02:03:09.798000
2024-06-23 14:09:27.536,OnTrack,-5467,-7449,1714,pos,0 days 01:06:13.123000,0 days 02:03:10.218000
2024-06-23 14:09:27.737,OnTrack,-5614,-7455,1720,pos,0 days 01:06:13.324000,0 days 02:03:10.419000
2024-06-23 14:09:28.117,OnTrack,-5904,-7412,1732,pos,0 days 01:06:13.704000,0 days 02:03:10.799000
2024-06-23 14:09:28.477,OnTrack,-6032,-7369,1737,pos,0 days 01:06:14.064000,0 days 02:03:11.159000
2024-06-23 14:09:28.717,OnTrack,-6217,-7275,1744,pos,0 days 01:06:14.304000,0 days 02:03:11.399000
2024-06-23 14:09:29.137,OnTrack,-6374,-7153,1751,pos,0 days 01:06:14.724000,0 days 02:03:11.819000
2024-06-23 14:09:29.297,OnTrack,-6443,-7079,1754,pos,0 days 01:06:14.884000,0 days 02:03:11.979000
2024-06-23 14:09:29.497,OnTrack,-6521,-6975,1757,pos,0 days 01:06:15.084000,0 days 02:03:12.179000
2024-06-23 14:09:29.797,OnTrack,-6651,-6714,1763,pos,0 days 01:06:15.384000,0 days 02:03:12.479000
2024-06-23 14:09:30.077,OnTrack,-6679,-6624,1764,pos,0 days 01:06:15.664000,0 days 02:03:12.759000
2024-06-23 14:09:30.237,OnTrack,-6704,-6517,1766,pos,0 days 01:06:15.824000,0 days 02:03:12.919000
2024-06-23 14:09:30.597,OnTrack,-6731,-6272,1769,pos,0 days 01:06:16.184000,0 days 02:03:13.279000
2024-06-23 14:09:30.677,OnTrack,-6733,-6216,1770,pos,0 days 01:06:16.264000,0 days 02:03:13.359000
2024-06-23 14:09:30.957,OnTrack,-6727,-6019,1773,pos,0 days 01:06:16.544000,0 days 02:03:13.639000
2024-06-23 14:09:31.177,OnTrack,-6701,-5793,1776,pos,0 days 01:06:16.764000,0 days 02:03:13.859000
2024-06-23 14:09:31.557,OnTrack,-6666,-5595,1779,pos,0 days 01:06:17.144000,0 days 02:03:14.239000
2024-06-23 14:09:31.857,OnTrack,-6598,-5326,1784,pos,0 days 01:06:17.444000,0 days 02:03:14.539000
2024-06-23 14:09:32.077,OnTrack,-6576,-5256,1785,pos,0 days 01:06:17.664000,0 days 02:03:14.759000
2024-06-23 14:09:32.437,OnTrack,-6422,-4918,1790,pos,0 days 01:06:18.024000,0 days 02:03:15.119000
2024-06-23 14:09:32.736,OnTrack,-6358,-4814,1792,pos,0 days 01:06:18.323000,0 days 02:03:15.418000
2024-06-23 14:09:33.016,OnTrack,-6239,-4637,1795,pos,0 days 01:06:18.603000,0 days 02:03:15.698000
2024-06-23 14:09:33.176,OnTrack,-6169,-4538,1796,pos,0 days 01:06:18.763000,0 days 02:03:15.858000
2024-06-23 14:09:33.376,OnTrack,-6080,-4414,1798,pos,0 days 01:06:18.963000,0 days 02:03:16.058000
2024-06-23 14:09:33.596,OnTrack,-5936,-4199,1802,pos,0 days 01:06:19.183000,0 days 02:03:16.278000
2024-06-23 14:09:33.996,OnTrack,-5827,-4010,1805,pos,0 days 01:06:19.583000,0 days 02:03:16.678000
2024-06-23 14:09:34.277,OnTrack,-5666,-3747,1809,pos,0 days 01:06:19.864000,0 days 02:03:16.959000
2024-06-23 14:09:34.597,OnTrack,-5575,-3606,1811,pos,0 days 01:06:20.184000,0 days 02:03:17.279000
2024-06-23 14:09:34.857,OnTrack,-5474,-3459,1814,pos,0 days 01:06:20.444000,0 days 02:03:17.539000
2024-06-23 14:09:35.037,OnTrack,-5349,-3279,1817,pos,0 days 01:06:20.624000,0 days 02:03:17.719000
2024-06-23 14:09:35.537,OnTrack,-5220,-3113,1819,pos,0 days 01:06:21.124000,0 days 02:03:18.219000
2024-06-23 14:09:35.577,OnTrack,-5206,-3097,1819,pos,0 days 01:06:21.164000,0 days 02:03:18.259000
2024-06-23 14:09:35.857,OnTrack,-5069,-2968,1820,pos,0 days 01:06:21.444000,0 days 02:03:18.539000
2024-06-23 14:09:36.197,OnTrack,-4978,-2909,1821,pos,0 days 01:06:21.784000,0 days 02:03:18.879000
2024-06-23 14:09:36.377,OnTrack,-4906,-2876,1822,pos,0 days 01:06:21.964000,0 days 02:03:19.059000
2024-06-23 14:09:36.657,OnTrack,-4792,-2845,1824,pos,0 days 01:06:22.244000,0 days 02:03:19.339000
2024-06-23 14:09:36.917,OnTrack,-4687,-2839,1825,pos,0 days 01:06:22.504000,0 days 02:03:19.599000
2024-06-23 14:09:37.117,OnTrack,-4554,-2860,1828,pos,0 days 01:06:22.704000,0 days 02:03:19.799000
2024-06-23 14:09:37.417,OnTrack,-4496,-2881,1829,pos,0 days 01:06:23.004000,0 days 02:03:20.099000
2024-06-23 14:09:37.597,OnTrack,-4433,-2910,1830,pos,0 days 01:06:23.184000,0 days 02:03:20.279000
2024-06-23 14:09:37.917,OnTrack,-4332,-2978,1833,pos,0 days 01:06:23.504000,0 days 02:03:20.599000
2024-06-23 14:09:38.157,OnTrack,-4276,-3033,1834,pos,0 days 01:06:23.744000,0 days 02:03:20.839000
2024-06-23 14:09:38.357,OnTrack,-4190,-3140,1835,pos,0 days 01:06:23.944000,0 days 02:03:21.039000
2024-06-23 14:09:38.657,OnTrack,-4154,-3196,1836,pos,0 days 01:06:24.244000,0 days 02:03:21.339000
2024-06-23 14:09:38.937,OnTrack,-4100,-3304,1837,pos,0 days 01:06:24.524000,0 days 02:03:21.619000
2024-06-23 14:09:39.117,OnTrack,-4072,-3379,1838,pos,0 days 01:06:24.704000,0 days 02:03:21.799000
2024-06-23 14:09:39.396,OnTrack,-4033,-3565,1839,pos,0 days 01:06:24.983000,0 days 02:03:22.078000
2024-06-23 14:09:39.836,OnTrack,-4029,-3738,1839,pos,0 days 01:06:25.423000,0 days 02:03:22.518000
2024-06-23 14:09:40.096,OnTrack,-4045,-3865,1838,pos,0 days 01:06:25.683000,0 days 02:03:22.778000
2024-06-23 14:09:40.336,OnTrack,-4080,-3995,1837,pos,0 days 01:06:25.923000,0 days 02:03:23.018000
2024-06-23 14:09:40.536,OnTrack,-4121,-4102,1836,pos,0 days 01:06:26.123000,0 days 02:03:23.218000
2024-06-23 14:09:40.837,OnTrack,-4237,-4309,1833,pos,0 days 01:06:26.424000,0 days 02:03:23.519000
2024-06-23 14:09:41.257,OnTrack,-4357,-4481,1829,pos,0 days 01:06:26.844000,0 days 02:03:23.939000
2024-06-23 14:09:41.437,OnTrack,-4416,-4563,1828,pos,0 days 01:06:27.024000,0 days 02:03:24.119000
2024-06-23 14:09:41.617,OnTrack,-4483,-4655,1825,pos,0 days 01:06:27.204000,0 days 02:03:24.299000
2024-06-23 14:09:41.877,OnTrack,-4582,-4790,1821,pos,0 days 01:06:27.464000,0 days 02:03:24.559000
2024-06-23 14:09:42.037,OnTrack,-4698,-4949,1818,pos,0 days 01:06:27.624000,0 days 02:03:24.719000
2024-06-23 14:09:42.377,OnTrack,-4776,-5056,1815,pos,0 days 01:06:27.964000,0 days 02:03:25.059000
2024-06-23 14:09:42.657,OnTrack,-4885,-5206,1812,pos,0 days 01:06:28.244000,0 days 02:03:25.339000
2024-06-23 14:09:42.877,OnTrack,-4965,-5317,1808,pos,0 days 01:06:28.464000,0 days 02:03:25.559000
2024-06-23 14:09:43.077,OnTrack,-5027,-5410,1806,pos,0 days 01:06:28.664000,0 days 02:03:25.759000
2024-06-23 14:09:43.257,OnTrack,-5074,-5486,1803,pos,0 days 01:06:28.844000,0 days 02:03:25.939000
2024-06-23 14:09:43.517,OnTrack,-5128,-5582,1799,pos,0 days 01:06:29.104000,0 days 02:03:26.199000
2024-06-23 14:09:43.697,OnTrack,-5160,-5648,1797,pos,0 days 01:06:29.284000,0 days 02:03:26.379000
2024-06-23 14:09:43.877,OnTrack,-5186,-5711,1794,pos,0 days 01:06:29.464000,0 days 02:03:26.559000
2024-06-23 14:09:44.177,OnTrack,-5221,-5838,1788,pos,0 days 01:06:29.764000,0 days 02:03:26.859000
2024-06-23 14:09:44.517,OnTrack,-5227,-5920,1785,pos,0 days 01:06:30.104000,0 days 02:03:27.199000
2024-06-23 14:09:44.757,OnTrack,-5220,-5992,1781,pos,0 days 01:06:30.344000,0 days 02:03:27.439000
2024-06-23 14:09:44.877,OnTrack,-5211,-6026,1779,pos,0 days 01:06:30.464000,0 days 02:03:27.559000
2024-06-23 14:09:45.137,OnTrack,-5180,-6094,1774,pos,0 days 01:06:30.724000,0 days 02:03:27.819000
2024-06-23 14:09:45.357,OnTrack,-5144,-6142,1770,pos,0 days 01:06:30.944000,0 days 02:03:28.039000
2024-06-23 14:09:45.517,OnTrack,-5113,-6172,1769,pos,0 days 01:06:31.104000,0 days 02:03:28.199000
2024-06-23 14:09:45.816,OnTrack,-5047,-6214,1766,pos,0 days 01:06:31.403000,0 days 02:03:28.498000
2024-06-23 14:09:45.956,OnTrack,-5014,-6228,1763,pos,0 days 01:06:31.543000,0 days 02:03:28.638000
2024-06-23 14:09:46.196,OnTrack,-4914,-6250,1758,pos,0 days 01:06:31.783000,0 days 02:03:28.878000
2024-06-23 14:09:46.636,OnTrack,-4830,-6250,1754,pos,0 days 01:06:32.223000,0 days 02:03:29.318000
2024-06-23 14:09:46.716,OnTrack,-4807,-6248,1752,pos,0 days 01:06:32.303000,0 days 02:03:29.398000
2024-06-23 14:09:46.976,OnTrack,-4729,-6234,1746,pos,0 days 01:06:32.563000,0 days 02:03:29.658000
2024-06-23 14:09:47.276,OnTrack,-4635,-6205,1740,pos,0 days 01:06:32.863000,0 days 02:03:29.958000
2024-06-23 14:09:47.437,OnTrack,-4528,-6160,1734,pos,0 days 01:06:33.024000,0 days 02:03:30.119000
2024-06-23 14:09:47.897,OnTrack,-4413,-6102,1725,pos,0 days 01:06:33.484000,0 days 02:03:30.579000
2024-06-23 14:09:48.117,OnTrack,-4312,-6047,1719,pos,0 days 01:06:33.704000,0 days 02:03:30.799000
2024-06-23 14:09:48.417,OnTrack,-4213,-5993,1713,pos,0 days 01:06:34.004000,0 days 02:03:31.099000
2024-06-23 14:09:48.597,OnTrack,-4134,-5950,1707,pos,0 days 01:06:34.184000,0 days 02:03:31.279000
2024-06-23 14:09:48.897,OnTrack,-3944,-5854,1695,pos,0 days 01:06:34.484000,0 days 02:03:31.579000
2024-06-23 14:09:49.277,OnTrack,-3801,-5789,1687,pos,0 days 01:06:34.864000,0 days 02:03:31.959000
2024-06-23 14:09:49.537,OnTrack,-3582,-5698,1677,pos,0 days 01:06:35.124000,0 days 02:03:32.219000
2024-06-23 14:09:49.957,OnTrack,-3423,-5629,1670,pos,0 days 01:06:35.544000,0 days 02:03:32.639000
2024-06-23 14:09:50.117,OnTrack,-3333,-5584,1666,pos,0 days 01:06:35.704000,0 days 02:03:32.799000
2024-06-23 14:09:50.397,OnTrack,-3143,-5474,1659,pos,0 days 01:06:35.984000,0 days 02:03:33.079000
2024-06-23 14:09:50.797,OnTrack,-2960,-5341,1654,pos,0 days 01:06:36.384000,0 days 02:03:33.479000
2024-06-23 14:09:50.937,OnTrack,-2887,-5280,1653,pos,0 days 01:06:36.524000,0 days 02:03:33.619000
2024-06-23 14:09:51.097,OnTrack,-2808,-5206,1652,pos,0 days 01:06:36.684000,0 days 02:03:33.779000
2024-06-23 14:09:51.377,OnTrack,-2677,-5065,1650,pos,0 days 01:06:36.964000,0 days 02:03:34.059000
2024-06-23 14:09:51.537,OnTrack,-2547,-4901,1651,pos,0 days 01:06:37.124000,0 days 02:03:34.219000
2024-06-23 14:09:51.957,OnTrack,-2434,-4742,1651,pos,0 days 01:06:37.544000,0 days 02:03:34.639000
2024-06-23 14:09:52.177,OnTrack,-2352,-4624,1651,pos,0 days 01:06:37.764000,0 days 02:03:34.859000
2024-06-23 14:09:52.376,OnTrack,-2285,-4526,1653,pos,0 days 01:06:37.963000,0 days 02:03:35.058000
2024-06-23 14:09:52.676,OnTrack,-2168,-4345,1658,pos,0 days 01:06:38.263000,0 days 02:03:35.358000
2024-06-23 14:09:52.976,OnTrack,-2118,-4243,1661,pos,0 days 01:06:38.563000,0 days 02:03:35.658000
2024-06-23 14:09:53.156,OnTrack,-2100,-4170,1662,pos,0 days 01:06:38.743000,0 days 02:03:35.838000
2024-06-23 14:09:53.356,OnTrack,-2087,-4084,1662,pos,0 days 01:06:38.943000,0 days 02:03:36.038000
2024-06-23 14:09:53.536,OnTrack,-2083,-4007,1664,pos,0 days 01:06:39.123000,0 days 02:03:36.218000
2024-06-23 14:09:53.836,OnTrack,-2088,-3885,1669,pos,0 days 01:06:39.423000,0 days 02:03:36.518000
2024-06-23 14:09:53.937,OnTrack,-2094,-3839,1671,pos,0 days 01:06:39.524000,0 days 02:03:36.619000
2024-06-23 14:09:54.237,OnTrack,-2128,-3732,1679,pos,0 days 01:06:39.824000,0 days 02:03:36.919000
2024-06-23 14:09:54.397,OnTrack,-2157,-3679,1681,pos,0 days 01:06:39.984000,0 days 02:03:37.079000
2024-06-23 14:09:54.617,OnTrack,-2205,-3619,1683,pos,0 days 01:06:40.204000,0 days 02:03:37.299000
2024-06-23 14:09:54.937,OnTrack,-2301,-3533,1689,pos,0 days 01:06:40.524000,0 days 02:03:37.619000
2024-06-23 14:09:55.097,OnTrack,-2356,-3494,1692,pos,0 days 01:06:40.684000,0 days 02:03:37.779000
2024-06-23 14:09:55.337,OnTrack,-2441,-3433,1695,pos,0 days 01:06:40.924000,0 days 02:03:38.019000
2024-06-23 14:09:55.497,OnTrack,-2541,-3353,1704,pos,0 days 01:06:41.084000,0 days 02:03:38.179000
2024-06-23 14:09:55.817,OnTrack,-2608,-3288,1710,pos,0 days 01:06:41.404000,0 days 02:03:38.499000
2024-06-23 14:09:56.017,OnTrack,-2671,-3214,1717,pos,0 days 01:06:41.604000,0 days 02:03:38.699000
2024-06-23 14:09:56.257,OnTrack,-2739,-3113,1727,pos,0 days 01:06:41.844000,0 days 02:03:38.939000
2024-06-23 14:09:56.597,OnTrack,-2822,-2951,1739,pos,0 days 01:06:42.184000,0 days 02:03:39.279000
2024-06-23 14:09:56.757,OnTrack,-2859,-2869,1744,pos,0 days 01:06:42.344000,0 days 02:03:39.439000
2024-06-23 14:09:56.937,OnTrack,-2925,-2723,1752,pos,0 days 01:06:42.524000,0 days 02:03:39.619000
2024-06-23 14:09:57.417,OnTrack,-3060,-2440,1771,pos,0 days 01:06:43.004000,0 days 02:03:40.099000
2024-06-23 14:09:57.837,OnTrack,-3142,-2267,1783,pos,0 days 01:06:43.424000,0 days 02:03:40.519000
2024-06-23 14:09:57.957,OnTrack,-3175,-2197,1787,pos,0 days 01:06:43.544000,0 days 02:03:40.639000
2024-06-23 14:09:58.137,OnTrack,-3225,-2092,1795,pos,0 days 01:06:43.724000,0 days 02:03:40.819000
2024-06-23 14:09:58.337,OnTrack,-3281,-1975,1802,pos,0 days 01:06:43.924000,0 days 02:03:41.019000
2024-06-23 14:09:58.497,OnTrack,-3327,-1880,1808,pos,0 days 01:06:44.084000,0 days 02:03:41.179000
2024-06-23 14:09:58.717,OnTrack,-3389,-1746,1817,pos,0 days 01:06:44.304000,0 days 02:03:41.399000
2024-06-23 14:09:59.016,OnTrack,-3459,-1561,1829,pos,0 days 01:06:44.603000,0 days 02:03:41.698000
2024-06-23 14:09:59.296,OnTrack,-3498,-1386,1838,pos,0 days 01:06:44.883000,0 days 02:03:41.978000
2024-06-23 14:09:59.496,OnTrack,-3508,-1223,1845,pos,0 days 01:06:45.083000,0 days 02:03:42.178000
2024-06-23 14:09:59.756,OnTrack,-3500,-1098,1850,pos,0 days 01:06:45.343000,0 days 02:03:42.438000
2024-06-23 14:10:00.036,OnTrack,-3471,-925,1857,pos,0 days 01:06:45.623000,0 days 02:03:42.718000
2024-06-23 14:10:00.256,OnTrack,-3414,-733,1864,pos,0 days 01:06:45.843000,0 days 02:03:42.938000
2024-06-23 14:10:00.577,OnTrack,-3352,-596,1868,pos,0 days 01:06:46.164000,0 days 02:03:43.259000
2024-06-23 14:10:00.797,OnTrack,-3273,-471,1871,pos,0 days 01:06:46.384000,0 days 02:03:43.479000
2024-06-23 14:10:01.097,OnTrack,-3122,-320,1874,pos,0 days 01:06:46.684000,0 days 02:03:43.779000
2024-06-23 14:10:01.277,OnTrack,-3031,-263,1875,pos,0 days 01:06:46.864000,0 days 02:03:43.959000
2024-06-23 14:10:01.497,OnTrack,-2893,-198,1874,pos,0 days 01:06:47.084000,0 days 02:03:44.179000
2024-06-23 14:10:01.697,OnTrack,-2699,-122,1872,pos,0 days 01:06:47.284000,0 days 02:03:44.379000
2024-06-23 14:10:02.077,OnTrack,-2520,-46,1870,pos,0 days 01:06:47.664000,0 days 02:03:44.759000
2024-06-23 14:10:02.257,OnTrack,-2405,6,1869,pos,0 days 01:06:47.844000,0 days 02:03:44.939000
2024-06-23 14:10:02.517,OnTrack,-2236,85,1866,pos,0 days 01:06:48.104000,0 days 02:03:45.199000
2024-06-23 14:10:02.717,OnTrack,-2039,178,1864,pos,0 days 01:06:48.304000,0 days 02:03:45.399000
2024-06-23 14:10:03.077,OnTrack,-1866,260,1861,pos,0 days 01:06:48.664000,0 days 02:03:45.759000
2024-06-23 14:10:03.257,OnTrack,-1745,317,1860,pos,0 days 01:06:48.844000,0 days 02:03:45.939000
2024-06-23 14:10:03.577,OnTrack,-1528,420,1857,pos,0 days 01:06:49.164000,0 days 02:03:46.259000
2024-06-23 14:10:03.797,OnTrack,-1376,492,1855,pos,0 days 01:06:49.384000,0 days 02:03:46.479000
2024-06-23 14:10:03.877,OnTrack,-1321,519,1855,pos,0 days 01:06:49.464000,0 days 02:03:46.559000
2024-06-23 14:10:04.157,OnTrack,-1129,613,1852,pos,0 days 01:06:49.744000,0 days 02:03:46.839000
2024-06-23 14:10:04.337,OnTrack,-911,726,1849,pos,0 days 01:06:49.924000,0 days 02:03:47.019000
2024-06-23 14:10:04.757,OnTrack,-718,830,1847,pos,0 days 01:06:50.344000,0 days 02:03:47.439000
2024-06-23 14:10:04.997,OnTrack,-552,918,1844,pos,0 days 01:06:50.584000,0 days 02:03:47.679000
2024-06-23 14:10:05.177,OnTrack,-344,1029,1841,pos,0 days 01:06:50.764000,0 days 02:03:47.859000
2024-06-23 14:10:05.497,OnTrack,-205,1104,1840,pos,0 days 01:06:51.084000,0 days 02:03:48.179000
2024-06-23 14:10:05.736,OnTrack,-38,1193,1837,pos,0 days 01:06:51.323000,0 days 02:03:48.418000
2024-06-23 14:10:06.056,OnTrack,255,1348,1833,pos,0 days 01:06:51.643000,0 days 02:03:48.738000
2024-06-23 14:10:06.436,OnTrack,517,1478,1830,pos,0 days 01:06:52.023000,0 days 02:03:49.118000
2024-06-23 14:10:06.776,OnTrack,684,1551,1827,pos,0 days 01:06:52.363000,0 days 02:03:49.458000
2024-06-23 14:10:07.056,OnTrack,954,1660,1824,pos,0 days 01:06:52.643000,0 days 02:03:49.738000
2024-06-23 14:10:07.337,OnTrack,1027,1690,1824,pos,0 days 01:06:52.924000,0 days 02:03:50.019000
2024-06-23 14:10:07.657,OnTrack,1222,1781,1821,pos,0 days 01:06:53.244000,0 days 02:03:50.339000
2024-06-23 14:10:07.977,OnTrack,1285,1821,1821,pos,0 days 01:06:53.564000,0 days 02:03:50.659000
2024-06-23 14:10:08.197,OnTrack,1351,1874,1820,pos,0 days 01:06:53.784000,0 days 02:03:50.879000
2024-06-23 14:10:08.377,OnTrack,1394,1921,1819,pos,0 days 01:06:53.964000,0 days 02:03:51.059000
2024-06-23 14:10:08.757,OnTrack,1460,2070,1818,pos,0 days 01:06:54.344000,0 days 02:03:51.439000
2024-06-23 14:10:09.077,OnTrack,1464,2143,1817,pos,0 days 01:06:54.664000,0 days 02:03:51.759000
2024-06-23 14:10:09.237,OnTrack,1458,2196,1817,pos,0 days 01:06:54.824000,0 days 02:03:51.919000
2024-06-23 14:10:09.577,OnTrack,1417,2324,1819,pos,0 days 01:06:55.164000,0 days 02:03:52.259000
2024-06-23 14:10:09.997,OnTrack,1365,2412,1822,pos,0 days 01:06:55.584000,0 days 02:03:52.679000
2024-06-23 14:10:10.137,OnTrack,1321,2467,1823,pos,0 days 01:06:55.724000,0 days 02:03:52.819000
2024-06-23 14:10:10.557,OnTrack,1233,2547,1826,pos,0 days 01:06:56.144000,0 days 02:03:53.239000
2024-06-23 14:10:10.997,OnTrack,1148,2596,1828,pos,0 days 01:06:56.584000,0 days 02:03:53.679000
2024-06-23 14:10:11.177,OnTrack,1097,2616,1829,pos,0 days 01:06:56.764000,0 days 02:03:53.859000
2024-06-23 14:10:11.357,OnTrack,998,2642,1831,pos,0 days 01:06:56.944000,0 days 02:03:54.039000
2024-06-23 14:10:11.737,OnTrack,919,2654,1833,pos,0 days 01:06:57.324000,0 days 02:03:54.419000
2024-06-23 14:10:11.897,OnTrack,862,2659,1834,pos,0 days 01:06:57.484000,0 days 02:03:54.579000
2024-06-23 14:10:12.256,OnTrack,701,2653,1838,pos,0 days 01:06:57.843000,0 days 02:03:54.938000
2024-06-23 14:10:12.536,OnTrack,610,2638,1840,pos,0 days 01:06:58.123000,0 days 02:03:55.218000
2024-06-23 14:10:12.756,OnTrack,516,2613,1842,pos,0 days 01:06:58.343000,0 days 02:03:55.438000
2024-06-23 14:10:13.096,OnTrack,367,2554,1848,pos,0 days 01:06:58.683000,0 days 02:03:55.778000
2024-06-23 14:10:13.196,OnTrack,323,2531,1849,pos,0 days 01:06:58.783000,0 days 02:03:55.878000
2024-06-23 14:10:13.356,OnTrack,253,2491,1853,pos,0 days 01:06:58.943000,0 days 02:03:56.038000
2024-06-23 14:10:13.536,OnTrack,174,2439,1858,pos,0 days 01:06:59.123000,0 days 02:03:56.218000
2024-06-23 14:10:13.837,OnTrack,-18,2305,1868,pos,0 days 01:06:59.424000,0 days 02:03:56.519000
2024-06-23 14:10:14.237,OnTrack,-206,2202,1876,pos,0 days 01:06:59.824000,0 days 02:03:56.919000
2024-06-23 14:10:14.657,OnTrack,-336,2155,1880,pos,0 days 01:07:00.244000,0 days 02:03:57.339000
2024-06-23 14:10:14.877,OnTrack,-434,2133,1884,pos,0 days 01:07:00.464000,0 days 02:03:57.559000
2024-06-23 14:10:15.017,OnTrack,-494,2125,1887,pos,0 days 01:07:00.604000,0 days 02:03:57.699000
2024-06-23 14:10:15.277,OnTrack,-601,2122,1892,pos,0 days 01:07:00.864000,0 days 02:03:57.959000
2024-06-23 14:10:15.457,OnTrack,-714,2138,1898,pos,0 days 01:07:01.044000,0 days 02:03:58.139000
2024-06-23 14:10:15.957,OnTrack,-840,2189,1904,pos,0 days 01:07:01.544000,0 days 02:03:58.639000
2024-06-23 14:10:16.157,OnTrack,-896,2231,1906,pos,0 days 01:07:01.744000,0 days 02:03:58.839000
2024-06-23 14:10:16.237,OnTrack,-916,2250,1907,pos,0 days 01:07:01.824000,0 days 02:03:58.919000
2024-06-23 14:10:16.537,OnTrack,-978,2330,1909,pos,0 days 01:07:02.124000,0 days 02:03:59.219000
2024-06-23 14:10:16.757,OnTrack,-1027,2439,1912,pos,0 days 01:07:02.344000,0 days 02:03:59.439000
2024-06-23 14:10:17.057,OnTrack,-1040,2489,1912,pos,0 days 01:07:02.644000,0 days 02:03:59.739000
2024-06-23 14:10:17.377,OnTrack,-1051,2610,1914,pos,0 days 01:07:02.964000,0 days 02:04:00.059000
2024-06-23 14:10:17.797,OnTrack,-1033,2755,1916,pos,0 days 01:07:03.384000,0 days 02:04:00.479000
2024-06-23 14:10:18.177,OnTrack,-1002,2855,1918,pos,0 days 01:07:03.764000,0 days 02:04:00.859000
2024-06-23 14:10:18.397,OnTrack,-945,2974,1920,pos,0 days 01:07:03.984000,0 days 02:04:01.079000
2024-06-23 14:10:18.677,OnTrack,-916,3021,1921,pos,0 days 01:07:04.264000,0 days 02:04:01.359000
2024-06-23 14:10:19.036,OnTrack,-797,3169,1923,pos,0 days 01:07:04.623000,0 days 02:04:01.718000
2024-06-23 14:10:19.116,OnTrack,-772,3193,1922,pos,0 days 01:07:04.703000,0 days 02:04:01.798000
2024-06-23 14:10:19.356,OnTrack,-690,3267,1922,pos,0 days 01:07:04.943000,0 days 02:04:02.038000
2024-06-23 14:10:19.536,OnTrack,-623,3322,1922,pos,0 days 01:07:05.123000,0 days 02:04:02.218000
2024-06-23 14:10:19.876,OnTrack,-446,3461,1920,pos,0 days 01:07:05.463000,0 days 02:04:02.558000
2024-06-23 14:10:20.196,OnTrack,-352,3535,1918,pos,0 days 01:07:05.783000,0 days 02:04:02.878000
2024-06-23 14:10:20.437,OnTrack,-240,3631,1915,pos,0 days 01:07:06.024000,0 days 02:04:03.119000
2024-06-23 14:10:20.637,OnTrack,-151,3707,1912,pos,0 days 01:07:06.224000,0 days 02:04:03.319000
2024-06-23 14:10:20.797,OnTrack,-77,3769,1910,pos,0 days 01:07:06.384000,0 days 02:04:03.479000
2024-06-23 14:10:21.057,OnTrack,36,3863,1906,pos,0 days 01:07:06.644000,0 days 02:04:03.739000
2024-06-23 14:10:21.277,OnTrack,146,3946,1901,pos,0 days 01:07:06.864000,0 days 02:04:03.959000
2024-06-23 14:10:21.457,OnTrack,308,4046,1893,pos,0 days 01:07:07.044000,0 days 02:04:04.139000
2024-06-23 14:10:21.917,OnTrack,516,4120,1883,pos,0 days 01:07:07.504000,0 days 02:04:04.599000
2024-06-23 14:10:22.097,OnTrack,639,4138,1878,pos,0 days 01:07:07.684000,0 days 02:04:04.779000
2024-06-23 14:10:22.257,OnTrack,747,4139,1872,pos,0 days 01:07:07.844000,0 days 02:04:04.939000
2024-06-23 14:10:22.437,OnTrack,872,4125,1865,pos,0 days 01:07:08.024000,0 days 02:04:05.119000
2024-06-23 14:10:22.617,OnTrack,994,4099,1858,pos,0 days 01:07:08.204000,0 days 02:04:05.299000
2024-06-23 14:10:22.837,OnTrack,1140,4049,1849,pos,0 days 01:07:08.424000,0 days 02:04:05.519000
2024-06-23 14:10:23.017,OnTrack,1258,3998,1842,pos,0 days 01:07:08.604000,0 days 02:04:05.699000
2024-06-23 14:10:23.257,OnTrack,1409,3920,1833,pos,0 days 01:07:08.844000,0 days 02:04:05.939000
2024-06-23 14:10:23.497,OnTrack,1557,3833,1825,pos,0 days 01:07:09.084000,0 days 02:04:06.179000
2024-06-23 14:10:23.657,OnTrack,1654,3771,1819,pos,0 days 01:07:09.244000,0 days 02:04:06.339000
2024-06-23 14:10:23.977,OnTrack,1848,3646,1807,pos,0 days 01:07:09.564000,0 days 02:04:06.659000
2024-06-23 14:10:24.197,OnTrack,1983,3560,1800,pos,0 days 01:07:09.784000,0 days 02:04:06.879000
2024-06-23 14:10:24.357,OnTrack,2081,3497,1793,pos,0 days 01:07:09.944000,0 days 02:04:07.039000
2024-06-23 14:10:24.537,OnTrack,2193,3426,1787,pos,0 days 01:07:10.124000,0 days 02:04:07.219000
2024-06-23 14:10:24.817,OnTrack,2410,3275,1776,pos,0 days 01:07:10.404000,0 days 02:04:07.499000
2024-06-23 14:10:25.217,OnTrack,2583,3123,1767,pos,0 days 01:07:10.804000,0 days 02:04:07.899000
2024-06-23 14:10:25.436,OnTrack,2686,3010,1761,pos,0 days 01:07:11.023000,0 days 02:04:08.118000
2024-06-23 14:10:25.656,OnTrack,2766,2888,1756,pos,0 days 01:07:11.243000,0 days 02:04:08.338000
2024-06-23 14:10:25.836,OnTrack,2816,2779,1753,pos,0 days 01:07:11.423000,0 days 02:04:08.518000
2024-06-23 14:10:26.076,OnTrack,2861,2623,1748,pos,0 days 01:07:11.663000,0 days 02:04:08.758000
2024-06-23 14:10:26.156,OnTrack,2871,2570,1748,pos,0 days 01:07:11.743000,0 days 02:04:08.838000
2024-06-23 14:10:26.396,OnTrack,2885,2412,1744,pos,0 days 01:07:11.983000,0 days 02:04:09.078000
2024-06-23 14:10:26.676,OnTrack,2859,2184,1738,pos,0 days 01:07:12.263000,0 days 02:04:09.358000
2024-06-23 14:10:26.937,OnTrack,2816,2040,1736,pos,0 days 01:07:12.524000,0 days 02:04:09.619000
2024-06-23 14:10:27.237,OnTrack,2728,1850,1733,pos,0 days 01:07:12.824000,0 days 02:04:09.919000
2024-06-23 14:10:27.417,OnTrack,2665,1740,1732,pos,0 days 01:07:13.004000,0 days 02:04:10.099000
2024-06-23 14:10:27.657,OnTrack,2552,1560,1729,pos,0 days 01:07:13.244000,0 days 02:04:10.339000
2024-06-23 14:10:28.117,OnTrack,2403,1333,1725,pos,0 days 01:07:13.704000,0 days 02:04:10.799000
2024-06-23 14:10:28.217,OnTrack,2363,1272,1724,pos,0 days 01:07:13.804000,0 days 02:04:10.899000
2024-06-23 14:10:28.457,OnTrack,2268,1125,1721,pos,0 days 01:07:14.044000,0 days 02:04:11.139000
2024-06-23 14:10:28.677,OnTrack,2131,914,1718,pos,0 days 01:07:14.264000,0 days 02:04:11.359000
2024-06-23 14:10:29.097,OnTrack,2008,725,1714,pos,0 days 01:07:14.684000,0 days 02:04:11.779000
2024-06-23 14:10:29.237,OnTrack,1900,560,1712,pos,0 days 01:07:14.824000,0 days 02:04:11.919000
2024-06-23 14:10:29.677,OnTrack,1766,355,1710,pos,0 days 01:07:15.264000,0 days 02:04:12.359000
2024-06-23 14:10:29.857,OnTrack,1690,238,1708,pos,0 days 01:07:15.444000,0 days 02:04:12.539000
2024-06-23 14:10:30.077,OnTrack,1623,134,1707,pos,0 days 01:07:15.664000,0 days 02:04:12.759000
2024-06-23 14:10:30.337,OnTrack,1514,-35,1707,pos,0 days 01:07:15.924000,0 days 02:04:13.019000
2024-06-23 14:10:30.557,OnTrack,1387,-234,1707,pos,0 days 01:07:16.144000,0 days 02:04:13.239000
2024-06-23 14:10:30.977,OnTrack,1243,-460,1708,pos,0 days 01:07:16.564000,0 days 02:04:13.659000
2024-06-23 14:10:31.157,OnTrack,1166,-581,1708,pos,0 days 01:07:16.744000,0 days 02:04:13.839000
2024-06-23 14:10:31.317,OnTrack,1038,-782,1708,pos,0 days 01:07:16.904000,0 days 02:04:13.999000
2024-06-23 14:10:31.797,OnTrack,867,-1053,1708,pos,0 days 01:07:17.384000,0 days 02:04:14.479000
2024-06-23 14:10:32.116,OnTrack,754,-1229,1708,pos,0 days 01:07:17.703000,0 days 02:04:14.798000
2024-06-23 14:10:32.356,OnTrack,590,-1488,1707,pos,0 days 01:07:17.943000,0 days 02:04:15.038000
2024-06-23 14:10:32.716,OnTrack,495,-1638,1708,pos,0 days 01:07:18.303000,0 days 02:04:15.398000
2024-06-23 14:10:32.896,OnTrack,416,-1761,1708,pos,0 days 01:07:18.483000,0 days 02:04:15.578000
2024-06-23 14:10:33.136,OnTrack,312,-1926,1708,pos,0 days 01:07:18.723000,0 days 02:04:15.818000
2024-06-23 14:10:33.296,OnTrack,242,-2036,1708,pos,0 days 01:07:18.883000,0 days 02:04:15.978000
2024-06-23 14:10:33.657,OnTrack,76,-2298,1707,pos,0 days 01:07:19.244000,0 days 02:04:16.339000
2024-06-23 14:10:33.857,OnTrack,-12,-2436,1707,pos,0 days 01:07:19.444000,0 days 02:04:16.539000
2024-06-23 14:10:34.017,OnTrack,-74,-2533,1707,pos,0 days 01:07:19.604000,0 days 02:04:16.699000
2024-06-23 14:10:34.237,OnTrack,-173,-2685,1706,pos,0 days 01:07:19.824000,0 days 02:04:16.919000
2024-06-23 14:10:34.457,OnTrack,-273,-2836,1704,pos,0 days 01:07:20.044000,0 days 02:04:17.139000
2024-06-23 14:10:34.697,OnTrack,-419,-3056,1701,pos,0 days 01:07:20.284000,0 days 02:04:17.379000
2024-06-23 14:10:35.077,OnTrack,-621,-3359,1697,pos,0 days 01:07:20.664000,0 days 02:04:17.759000
2024-06-23 14:10:35.377,OnTrack,-694,-3469,1695,pos,0 days 01:07:20.964000,0 days 02:04:18.059000
2024-06-23 14:10:35.557,OnTrack,-777,-3593,1693,pos,0 days 01:07:21.144000,0 days 02:04:18.239000
2024-06-23 14:10:35.937,OnTrack,-953,-3856,1687,pos,0 days 01:07:21.524000,0 days 02:04:18.619000
2024-06-23 14:10:36.137,OnTrack,-1074,-4035,1682,pos,0 days 01:07:21.724000,0 days 02:04:18.819000
2024-06-23 14:10:36.457,OnTrack,-1195,-4215,1678,pos,0 days 01:07:22.044000,0 days 02:04:19.139000
2024-06-23 14:10:36.657,OnTrack,-1288,-4354,1674,pos,0 days 01:07:22.244000,0 days 02:04:19.339000
2024-06-23 14:10:36.817,OnTrack,-1362,-4464,1670,pos,0 days 01:07:22.404000,0 days 02:04:19.499000
2024-06-23 14:10:37.157,OnTrack,-1520,-4699,1663,pos,0 days 01:07:22.744000,0 days 02:04:19.839000
2024-06-23 14:10:37.337,OnTrack,-1601,-4820,1660,pos,0 days 01:07:22.924000,0 days 02:04:20.019000
2024-06-23 14:10:37.517,OnTrack,-1682,-4945,1657,pos,0 days 01:07:23.104000,0 days 02:04:20.199000
2024-06-23 14:10:37.717,OnTrack,-1766,-5080,1654,pos,0 days 01:07:23.304000,0 days 02:04:20.399000
2024-06-23 14:10:38.017,OnTrack,-1910,-5321,1649,pos,0 days 01:07:23.604000,0 days 02:04:20.699000
2024-06-23 14:10:38.357,OnTrack,-2033,-5535,1645,pos,0 days 01:07:23.944000,0 days 02:04:21.039000
2024-06-23 14:10:38.456,OnTrack,-2073,-5607,1644,pos,0 days 01:07:24.043000,0 days 02:04:21.138000
2024-06-23 14:10:38.836,OnTrack,-2264,-5950,1640,pos,0 days 01:07:24.423000,0 days 02:04:21.518000
2024-06-23 14:10:39.216,OnTrack,-2375,-6147,1637,pos,0 days 01:07:24.803000,0 days 02:04:21.898000
2024-06-23 14:10:39.376,OnTrack,-2438,-6256,1636,pos,0 days 01:07:24.963000,0 days 02:04:22.058000
2024-06-23 14:10:39.616,OnTrack,-2532,-6406,1634,pos,0 days 01:07:25.203000,0 days 02:04:22.298000
2024-06-23 14:10:39.816,OnTrack,-2638,-6558,1632,pos,0 days 01:07:25.403000,0 days 02:04:22.498000
2024-06-23 14:10:40.137,OnTrack,-2710,-6651,1631,pos,0 days 01:07:25.724000,0 days 02:04:22.819000
2024-06-23 14:10:40.477,OnTrack,-2853,-6805,1627,pos,0 days 01:07:26.064000,0 days 02:04:23.159000
2024-06-23 14:10:40.757,OnTrack,-2915,-6858,1625,pos,0 days 01:07:26.344000,0 days 02:04:23.439000
2024-06-23 14:10:41.057,OnTrack,-3023,-6931,1623,pos,0 days 01:07:26.644000,0 days 02:04:23.739000
2024-06-23 14:10:41.297,OnTrack,-3112,-6972,1623,pos,0 days 01:07:26.884000,0 days 02:04:23.979000
2024-06-23 14:10:41.457,OnTrack,-3213,-6993,1624,pos,0 days 01:07:27.044000,0 days 02:04:24.139000
2024-06-23 14:10:41.837,OnTrack,-3325,-6991,1626,pos,0 days 01:07:27.424000,0 days 02:04:24.519000
2024-06-23 14:10:42.097,OnTrack,-3466,-6952,1629,pos,0 days 01:07:27.684000,0 days 02:04:24.779000
2024-06-23 14:10:42.397,OnTrack,-3545,-6919,1630,pos,0 days 01:07:27.984000,0 days 02:04:25.079000
2024-06-23 14:10:42.737,OnTrack,-3687,-6853,1632,pos,0 days 01:07:28.324000,0 days 02:04:25.419000
2024-06-23 14:10:42.957,OnTrack,-3771,-6817,1634,pos,0 days 01:07:28.544000,0 days 02:04:25.639000
2024-06-23 14:10:43.257,OnTrack,-3901,-6776,1638,pos,0 days 01:07:28.844000,0 days 02:04:25.939000
2024-06-23 14:10:43.397,OnTrack,-3964,-6768,1640,pos,0 days 01:07:28.984000,0 days 02:04:26.079000
2024-06-23 14:10:43.737,OnTrack,-4172,-6796,1648,pos,0 days 01:07:29.324000,0 days 02:04:26.419000
2024-06-23 14:10:44.117,OnTrack,-4303,-6848,1655,pos,0 days 01:07:29.704000,0 days 02:04:26.799000
2024-06-23 14:10:44.317,OnTrack,-4397,-6898,1660,pos,0 days 01:07:29.904000,0 days 02:04:26.999000
2024-06-23 14:10:44.497,OnTrack,-4478,-6948,1665,pos,0 days 01:07:30.084000,0 days 02:04:27.179000
2024-06-23 14:10:44.677,OnTrack,-4558,-7003,1669,pos,0 days 01:07:30.264000,0 days 02:04:27.359000
2024-06-23 14:10:44.957,OnTrack,-4686,-7094,1676,pos,0 days 01:07:30.544000,0 days 02:04:27.639000
2024-06-23 14:10:45.216,OnTrack,-4830,-7191,1685,pos,0 days 01:07:30.803000,0 days 02:04:27.898000
2024-06-23 14:10:45.576,OnTrack,-5035,-7311,1695,pos,0 days 01:07:31.163000,0 days 02:04:28.258000
2024-06-23 14:10:46.016,OnTrack,-5239,-7398,1704,pos,0 days 01:07:31.603000,0 days 02:04:28.698000
2024-06-23 14:10:46.196,OnTrack,-5418,-7442,1712,pos,0 days 01:07:31.783000,0 days 02:04:28.878000
2024-06-23 14:10:46.577,OnTrack,-5676,-7452,1723,pos,0 days 01:07:32.164000,0 days 02:04:29.259000
2024-06-23 14:10:47.077,OnTrack,-5972,-7391,1735,pos,0 days 01:07:32.664000,0 days 02:04:29.759000
2024-06-23 14:10:47.377,OnTrack,-6062,-7357,1738,pos,0 days 01:07:32.964000,0 days 02:04:30.059000
2024-06-23 14:10:47.557,OnTrack,-6160,-7309,1742,pos,0 days 01:07:33.144000,0 days 02:04:30.239000
2024-06-23 14:10:47.797,OnTrack,-6283,-7230,1747,pos,0 days 01:07:33.384000,0 days 02:04:30.479000
2024-06-23 14:10:48.037,OnTrack,-6427,-7097,1753,pos,0 days 01:07:33.624000,0 days 02:04:30.719000
2024-06-23 14:10:48.337,OnTrack,-6512,-6988,1756,pos,0 days 01:07:33.924000,0 days 02:04:31.019000
2024-06-23 14:10:48.697,OnTrack,-6639,-6746,1762,pos,0 days 01:07:34.284000,0 days 02:04:31.379000
2024-06-23 14:10:49.057,OnTrack,-6696,-6555,1765,pos,0 days 01:07:34.644000,0 days 02:04:31.739000
2024-06-23 14:10:49.277,OnTrack,-6721,-6408,1768,pos,0 days 01:07:34.864000,0 days 02:04:31.959000
2024-06-23 14:10:49.497,OnTrack,-6732,-6257,1770,pos,0 days 01:07:35.084000,0 days 02:04:32.179000
2024-06-23 14:10:49.757,OnTrack,-6729,-6048,1773,pos,0 days 01:07:35.344000,0 days 02:04:32.439000
2024-06-23 14:10:50.057,OnTrack,-6711,-5866,1776,pos,0 days 01:07:35.644000,0 days 02:04:32.739000
2024-06-23 14:10:50.297,OnTrack,-6685,-5697,1778,pos,0 days 01:07:35.884000,0 days 02:04:32.979000
2024-06-23 14:10:50.457,OnTrack,-6665,-5591,1779,pos,0 days 01:07:36.044000,0 days 02:04:33.139000
2024-06-23 14:10:50.797,OnTrack,-6607,-5356,1783,pos,0 days 01:07:36.384000,0 days 02:04:33.479000
2024-06-23 14:10:51.057,OnTrack,-6552,-5188,1786,pos,0 days 01:07:36.644000,0 days 02:04:33.739000
2024-06-23 14:10:51.317,OnTrack,-6473,-5012,1789,pos,0 days 01:07:36.904000,0 days 02:04:33.999000
2024-06-23 14:10:51.557,OnTrack,-6351,-4803,1792,pos,0 days 01:07:37.144000,0 days 02:04:34.239000
2024-06-23 14:10:51.896,OnTrack,-6240,-4638,1795,pos,0 days 01:07:37.483000,0 days 02:04:34.578000
2024-06-23 14:10:52.076,OnTrack,-6160,-4526,1796,pos,0 days 01:07:37.663000,0 days 02:04:34.758000
2024-06-23 14:10:52.276,OnTrack,-6071,-4402,1798,pos,0 days 01:07:37.863000,0 days 02:04:34.958000
2024-06-23 14:10:52.576,OnTrack,-5898,-4132,1803,pos,0 days 01:07:38.163000,0 days 02:04:35.258000
2024-06-23 14:10:52.976,OnTrack,-5723,-3838,1807,pos,0 days 01:07:38.563000,0 days 02:04:35.658000
2024-06-23 14:10:53.317,OnTrack,-5646,-3715,1809,pos,0 days 01:07:38.904000,0 days 02:04:35.999000
2024-06-23 14:10:53.597,OnTrack,-5527,-3536,1812,pos,0 days 01:07:39.184000,0 days 02:04:36.279000
2024-06-23 14:10:53.777,OnTrack,-5412,-3368,1815,pos,0 days 01:07:39.364000,0 days 02:04:36.459000
2024-06-23 14:10:54.137,OnTrack,-5322,-3241,1817,pos,0 days 01:07:39.724000,0 days 02:04:36.819000
2024-06-23 14:10:54.377,OnTrack,-5237,-3133,1818,pos,0 days 01:07:39.964000,0 days 02:04:37.059000
2024-06-23 14:10:54.637,OnTrack,-5095,-2989,1819,pos,0 days 01:07:40.224000,0 days 02:04:37.319000
2024-06-23 14:10:55.057,OnTrack,-4989,-2915,1821,pos,0 days 01:07:40.644000,0 days 02:04:37.739000
2024-06-23 14:10:55.277,OnTrack,-4877,-2865,1823,pos,0 days 01:07:40.864000,0 days 02:04:37.959000
2024-06-23 14:10:55.697,OnTrack,-4730,-2839,1825,pos,0 days 01:07:41.284000,0 days 02:04:38.379000
2024-06-23 14:10:55.877,OnTrack,-4657,-2841,1826,pos,0 days 01:07:41.464000,0 days 02:04:38.559000
2024-06-23 14:10:56.077,OnTrack,-4548,-2862,1828,pos,0 days 01:07:41.664000,0 days 02:04:38.759000
2024-06-23 14:10:56.437,OnTrack,-4447,-2903,1830,pos,0 days 01:07:42.024000,0 days 02:04:39.119000
2024-06-23 14:10:56.697,OnTrack,-4363,-2954,1832,pos,0 days 01:07:42.284000,0 days 02:04:39.379000
2024-06-23 14:10:56.917,OnTrack,-4308,-3001,1833,pos,0 days 01:07:42.504000,0 days 02:04:39.599000
2024-06-23 14:10:57.157,OnTrack,-4246,-3067,1834,pos,0 days 01:07:42.744000,0 days 02:04:39.839000
2024-06-23 14:10:57.377,OnTrack,-4183,-3151,1836,pos,0 days 01:07:42.964000,0 days 02:04:40.059000
2024-06-23 14:10:57.617,OnTrack,-4140,-3222,1836,pos,0 days 01:07:43.204000,0 days 02:04:40.299000
2024-06-23 14:10:57.977,OnTrack,-4077,-3365,1838,pos,0 days 01:07:43.564000,0 days 02:04:40.659000
2024-06-23 14:10:58.216,OnTrack,-4042,-3499,1838,pos,0 days 01:07:43.803000,0 days 02:04:40.898000
2024-06-23 14:10:58.556,OnTrack,-4027,-3636,1839,pos,0 days 01:07:44.143000,0 days 02:04:41.238000
2024-06-23 14:10:58.756,OnTrack,-4029,-3738,1839,pos,0 days 01:07:44.343000,0 days 02:04:41.438000
2024-06-23 14:10:58.916,OnTrack,-4038,-3822,1839,pos,0 days 01:07:44.503000,0 days 02:04:41.598000
2024-06-23 14:10:59.116,OnTrack,-4060,-3929,1838,pos,0 days 01:07:44.703000,0 days 02:04:41.798000
2024-06-23 14:10:59.296,OnTrack,-4090,-4025,1837,pos,0 days 01:07:44.883000,0 days 02:04:41.978000
2024-06-23 14:10:59.576,OnTrack,-4196,-4246,1834,pos,0 days 01:07:45.163000,0 days 02:04:42.258000
2024-06-23 14:10:59.977,OnTrack,-4292,-4389,1831,pos,0 days 01:07:45.564000,0 days 02:04:42.659000
2024-06-23 14:11:00.197,OnTrack,-4371,-4500,1829,pos,0 days 01:07:45.784000,0 days 02:04:42.879000
2024-06-23 14:11:00.437,OnTrack,-4453,-4613,1826,pos,0 days 01:07:46.024000,0 days 02:04:43.119000
2024-06-23 14:11:00.597,OnTrack,-4567,-4769,1822,pos,0 days 01:07:46.184000,0 days 02:04:43.279000
2024-06-23 14:11:00.957,OnTrack,-4651,-4885,1819,pos,0 days 01:07:46.544000,0 days 02:04:43.639000
2024-06-23 14:11:01.237,OnTrack,-4761,-5034,1816,pos,0 days 01:07:46.824000,0 days 02:04:43.919000
2024-06-23 14:11:01.437,OnTrack,-4839,-5141,1814,pos,0 days 01:07:47.024000,0 days 02:04:44.119000
2024-06-23 14:11:01.617,OnTrack,-4907,-5236,1811,pos,0 days 01:07:47.204000,0 days 02:04:44.299000
2024-06-23 14:11:01.797,OnTrack,-4969,-5324,1808,pos,0 days 01:07:47.384000,0 days 02:04:44.479000
2024-06-23 14:11:02.017,OnTrack,-5069,-5476,1803,pos,0 days 01:07:47.604000,0 days 02:04:44.699000
2024-06-23 14:11:02.437,OnTrack,-5132,-5589,1799,pos,0 days 01:07:48.024000,0 days 02:04:45.119000
2024-06-23 14:11:02.577,OnTrack,-5158,-5642,1796,pos,0 days 01:07:48.164000,0 days 02:04:45.259000
2024-06-23 14:11:02.797,OnTrack,-5189,-5721,1793,pos,0 days 01:07:48.384000,0 days 02:04:45.479000
2024-06-23 14:11:03.017,OnTrack,-5212,-5796,1790,pos,0 days 01:07:48.604000,0 days 02:04:45.699000
2024-06-23 14:11:03.357,OnTrack,-5226,-5951,1783,pos,0 days 01:07:48.944000,0 days 02:04:46.039000
2024-06-23 14:11:03.677,OnTrack,-5217,-6005,1780,pos,0 days 01:07:49.264000,0 days 02:04:46.359000
2024-06-23 14:11:03.917,OnTrack,-5181,-6092,1775,pos,0 days 01:07:49.504000,0 days 02:04:46.599000
2024-06-23 14:11:04.217,OnTrack,-5145,-6141,1770,pos,0 days 01:07:49.804000,0 days 02:04:46.899000
2024-06-23 14:11:04.537,OnTrack,-5079,-6197,1767,pos,0 days 01:07:50.124000,0 days 02:04:47.219000
2024-06-23 14:11:04.617,OnTrack,-5060,-6207,1767,pos,0 days 01:07:50.204000,0 days 02:04:47.299000
2024-06-23 14:11:04.856,OnTrack,-5002,-6232,1763,pos,0 days 01:07:50.443000,0 days 02:04:47.538000
2024-06-23 14:11:05.176,OnTrack,-4875,-6252,1756,pos,0 days 01:07:50.763000,0 days 02:04:47.858000
2024-06-23 14:11:05.556,OnTrack,-4804,-6248,1752,pos,0 days 01:07:51.143000,0 days 02:04:48.238000
2024-06-23 14:11:05.776,OnTrack,-4737,-6236,1747,pos,0 days 01:07:51.363000,0 days 02:04:48.458000
2024-06-23 14:11:05.976,OnTrack,-4635,-6205,1740,pos,0 days 01:07:51.563000,0 days 02:04:48.658000
2024-06-23 14:11:06.397,OnTrack,-4527,-6160,1734,pos,0 days 01:07:51.984000,0 days 02:04:49.079000
2024-06-23 14:11:06.637,OnTrack,-4442,-6117,1728,pos,0 days 01:07:52.224000,0 days 02:04:49.319000
2024-06-23 14:11:06.817,OnTrack,-4374,-6081,1723,pos,0 days 01:07:52.404000,0 days 02:04:49.499000
2024-06-23 14:11:07.037,OnTrack,-4295,-6038,1718,pos,0 days 01:07:52.624000,0 days 02:04:49.719000
2024-06-23 14:11:07.237,OnTrack,-4213,-5993,1713,pos,0 days 01:07:52.824000,0 days 02:04:49.919000
2024-06-23 14:11:07.437,OnTrack,-4126,-5945,1707,pos,0 days 01:07:53.024000,0 days 02:04:50.119000
2024-06-23 14:11:07.597,OnTrack,-4052,-5907,1702,pos,0 days 01:07:53.184000,0 days 02:04:50.279000
2024-06-23 14:11:07.837,OnTrack,-3841,-5807,1689,pos,0 days 01:07:53.424000,0 days 02:04:50.519000
2024-06-23 14:11:08.197,OnTrack,-3693,-5744,1681,pos,0 days 01:07:53.784000,0 days 02:04:50.879000
2024-06-23 14:11:08.357,OnTrack,-3606,-5708,1677,pos,0 days 01:07:53.944000,0 days 02:04:51.039000
2024-06-23 14:11:08.697,OnTrack,-3417,-5626,1670,pos,0 days 01:07:54.284000,0 days 02:04:51.379000
2024-06-23 14:11:08.877,OnTrack,-3260,-5545,1663,pos,0 days 01:07:54.464000,0 days 02:04:51.559000
2024-06-23 14:11:09.237,OnTrack,-3117,-5457,1659,pos,0 days 01:07:54.824000,0 days 02:04:51.919000
2024-06-23 14:11:09.457,OnTrack,-2999,-5372,1655,pos,0 days 01:07:55.044000,0 days 02:04:52.139000
2024-06-23 14:11:09.677,OnTrack,-2825,-5222,1652,pos,0 days 01:07:55.264000,0 days 02:04:52.359000
2024-06-23 14:11:09.977,OnTrack,-2739,-5135,1651,pos,0 days 01:07:55.564000,0 days 02:04:52.659000
2024-06-23 14:11:10.297,OnTrack,-2596,-4965,1650,pos,0 days 01:07:55.884000,0 days 02:04:52.979000
2024-06-23 14:11:10.557,OnTrack,-2463,-4784,1651,pos,0 days 01:07:56.144000,0 days 02:04:53.239000
2024-06-23 14:11:10.937,OnTrack,-2337,-4602,1653,pos,0 days 01:07:56.524000,0 days 02:04:53.619000
2024-06-23 14:11:11.117,OnTrack,-2241,-4460,1654,pos,0 days 01:07:56.704000,0 days 02:04:53.799000
2024-06-23 14:11:11.516,OnTrack,-2159,-4328,1659,pos,0 days 01:07:57.103000,0 days 02:04:54.198000
2024-06-23 14:11:11.796,OnTrack,-2115,-4224,1661,pos,0 days 01:07:57.383000,0 days 02:04:54.478000
2024-06-23 14:11:11.996,OnTrack,-2088,-4090,1662,pos,0 days 01:07:57.583000,0 days 02:04:54.678000
2024-06-23 14:11:12.416,OnTrack,-2083,-3964,1666,pos,0 days 01:07:58.003000,0 days 02:04:55.098000
2024-06-23 14:11:12.576,OnTrack,-2086,-3899,1668,pos,0 days 01:07:58.163000,0 days 02:04:55.258000
2024-06-23 14:11:12.676,OnTrack,-2091,-3860,1671,pos,0 days 01:07:58.263000,0 days 02:04:55.358000
2024-06-23 14:11:12.877,OnTrack,-2109,-3779,1675,pos,0 days 01:07:58.464000,0 days 02:04:55.559000
2024-06-23 14:11:13.217,OnTrack,-2200,-3625,1683,pos,0 days 01:07:58.804000,0 days 02:04:55.899000
2024-06-23 14:11:13.597,OnTrack,-2261,-3566,1686,pos,0 days 01:07:59.184000,0 days 02:04:56.279000
2024-06-23 14:11:13.857,OnTrack,-2379,-3478,1693,pos,0 days 01:07:59.444000,0 days 02:04:56.539000
2024-06-23 14:11:14.217,OnTrack,-2468,-3413,1698,pos,0 days 01:07:59.804000,0 days 02:04:56.899000
2024-06-23 14:11:14.417,OnTrack,-2571,-3325,1706,pos,0 days 01:08:00.004000,0 days 02:04:57.099000
2024-06-23 14:11:14.837,OnTrack,-2675,-3209,1718,pos,0 days 01:08:00.424000,0 days 02:04:57.519000
2024-06-23 14:11:15.017,OnTrack,-2748,-3098,1728,pos,0 days 01:08:00.604000,0 days 02:04:57.699000
2024-06-23 14:11:15.497,OnTrack,-2844,-2901,1741,pos,0 days 01:08:01.084000,0 days 02:04:58.179000
2024-06-23 14:11:15.657,OnTrack,-2882,-2818,1747,pos,0 days 01:08:01.244000,0 days 02:04:58.339000
2024-06-23 14:11:15.737,OnTrack,-2901,-2776,1748,pos,0 days 01:08:01.324000,0 days 02:04:58.419000
2024-06-23 14:11:16.077,OnTrack,-3023,-2517,1767,pos,0 days 01:08:01.664000,0 days 02:04:58.759000
2024-06-23 14:11:16.497,OnTrack,-3097,-2362,1776,pos,0 days 01:08:02.084000,0 days 02:04:59.179000
2024-06-23 14:11:16.657,OnTrack,-3138,-2275,1782,pos,0 days 01:08:02.244000,0 days 02:04:59.339000
2024-06-23 14:11:16.837,OnTrack,-3221,-2100,1794,pos,0 days 01:08:02.424000,0 days 02:04:59.519000
2024-06-23 14:11:17.157,OnTrack,-3277,-1982,1802,pos,0 days 01:08:02.744000,0 days 02:04:59.839000
2024-06-23 14:11:17.417,OnTrack,-3352,-1827,1811,pos,0 days 01:08:03.004000,0 days 02:05:00.099000
2024-06-23 14:11:17.577,OnTrack,-3396,-1729,1818,pos,0 days 01:08:03.164000,0 days 02:05:00.259000
2024-06-23 14:11:17.777,OnTrack,-3445,-1605,1827,pos,0 days 01:08:03.364000,0 days 02:05:00.459000
2024-06-23 14:11:17.976,OnTrack,-3482,-1478,1834,pos,0 days 01:08:03.563000,0 days 02:05:00.658000
2024-06-23 14:11:18.316,OnTrack,-3507,-1186,1846,pos,0 days 01:08:03.903000,0 days 02:05:00.998000
2024-06-23 14:11:18.616,OnTrack,-3497,-1071,1850,pos,0 days 01:08:04.203000,0 days 02:05:01.298000
2024-06-23 14:11:18.876,OnTrack,-3468,-908,1857,pos,0 days 01:08:04.463000,0 days 02:05:01.558000
2024-06-23 14:11:19.176,OnTrack,-3387,-667,1866,pos,0 days 01:08:04.763000,0 days 02:05:01.858000
2024-06-23 14:11:19.477,OnTrack,-3322,-543,1869,pos,0 days 01:08:05.064000,0 days 02:05:02.159000
2024-06-23 14:11:19.777,OnTrack,-3182,-368,1873,pos,0 days 01:08:05.364000,0 days 02:05:02.459000
2024-06-23 14:11:19.937,OnTrack,-3099,-304,1874,pos,0 days 01:08:05.524000,0 days 02:05:02.619000
2024-06-23 14:11:20.217,OnTrack,-2891,-198,1874,pos,0 days 01:08:05.804000,0 days 02:05:02.899000
2024-06-23 14:11:20.517,OnTrack,-2749,-142,1873,pos,0 days 01:08:06.104000,0 days 02:05:03.199000
2024-06-23 14:11:20.817,OnTrack,-2558,-63,1871,pos,0 days 01:08:06.404000,0 days 02:05:03.499000
2024-06-23 14:11:21.017,OnTrack,-2430,-5,1869,pos,0 days 01:08:06.604000,0 days 02:05:03.699000
2024-06-23 14:11:21.277,OnTrack,-2198,103,1866,pos,0 days 01:08:06.864000,0 days 02:05:03.959000
2024-06-23 14:11:21.617,OnTrack,-1976,208,1863,pos,0 days 01:08:07.204000,0 days 02:05:04.299000
2024-06-23 14:11:21.997,OnTrack,-1789,297,1861,pos,0 days 01:08:07.584000,0 days 02:05:04.679000
2024-06-23 14:11:22.297,OnTrack,-1572,399,1858,pos,0 days 01:08:07.884000,0 days 02:05:04.979000
2024-06-23 14:11:22.637,OnTrack,-1354,503,1855,pos,0 days 01:08:08.224000,0 days 02:05:05.319000
2024-06-23 14:11:22.797,OnTrack,-1244,557,1854,pos,0 days 01:08:08.384000,0 days 02:05:05.479000
2024-06-23 14:11:22.997,OnTrack,-1106,625,1852,pos,0 days 01:08:08.584000,0 days 02:05:05.679000
2024-06-23 14:11:23.177,OnTrack,-983,689,1850,pos,0 days 01:08:08.764000,0 days 02:05:05.859000
2024-06-23 14:11:23.517,OnTrack,-707,835,1846,pos,0 days 01:08:09.104000,0 days 02:05:06.199000
2024-06-23 14:11:23.817,OnTrack,-540,925,1844,pos,0 days 01:08:09.404000,0 days 02:05:06.499000
2024-06-23 14:11:24.037,OnTrack,-387,1006,1842,pos,0 days 01:08:09.624000,0 days 02:05:06.719000
2024-06-23 14:11:24.257,OnTrack,-234,1088,1840,pos,0 days 01:08:09.844000,0 days 02:05:06.939000
2024-06-23 14:11:24.497,OnTrack,-67,1177,1838,pos,0 days 01:08:10.084000,0 days 02:05:07.179000
2024-06-23 14:11:24.656,OnTrack,44,1236,1836,pos,0 days 01:08:10.243000,0 days 02:05:07.338000
2024-06-23 14:11:24.876,OnTrack,297,1370,1833,pos,0 days 01:08:10.463000,0 days 02:05:07.558000
2024-06-23 14:11:25.376,OnTrack,567,1500,1829,pos,0 days 01:08:10.963000,0 days 02:05:08.058000
2024-06-23 14:11:25.696,OnTrack,765,1584,1827,pos,0 days 01:08:11.283000,0 days 02:05:08.378000
2024-06-23 14:11:25.956,OnTrack,919,1645,1825,pos,0 days 01:08:11.543000,0 days 02:05:08.638000
2024-06-23 14:11:26.197,OnTrack,1054,1701,1823,pos,0 days 01:08:11.784000,0 days 02:05:08.879000
2024-06-23 14:11:26.397,OnTrack,1145,1742,1823,pos,0 days 01:08:11.984000,0 days 02:05:09.079000
2024-06-23 14:11:26.597,OnTrack,1253,1800,1821,pos,0 days 01:08:12.184000,0 days 02:05:09.279000
2024-06-23 14:11:26.857,OnTrack,1305,1835,1821,pos,0 days 01:08:12.444000,0 days 02:05:09.539000
2024-06-23 14:11:27.097,OnTrack,1372,1895,1820,pos,0 days 01:08:12.684000,0 days 02:05:09.779000
2024-06-23 14:11:27.257,OnTrack,1407,1939,1819,pos,0 days 01:08:12.844000,0 days 02:05:09.939000
2024-06-23 14:11:27.477,OnTrack,1442,2007,1818,pos,0 days 01:08:13.064000,0 days 02:05:10.159000
2024-06-23 14:11:27.757,OnTrack,1463,2097,1817,pos,0 days 01:08:13.344000,0 days 02:05:10.439000
2024-06-23 14:11:28.057,OnTrack,1451,2230,1817,pos,0 days 01:08:13.644000,0 days 02:05:10.739000
2024-06-23 14:11:28.417,OnTrack,1421,2316,1819,pos,0 days 01:08:14.004000,0 days 02:05:11.099000
2024-06-23 14:11:28.677,OnTrack,1394,2368,1821,pos,0 days 01:08:14.264000,0 days 02:05:11.359000
2024-06-23 14:11:28.957,OnTrack,1349,2434,1822,pos,0 days 01:08:14.544000,0 days 02:05:11.639000
2024-06-23 14:11:29.277,OnTrack,1288,2502,1825,pos,0 days 01:08:14.864000,0 days 02:05:11.959000
2024-06-23 14:11:29.437,OnTrack,1219,2556,1826,pos,0 days 01:08:15.024000,0 days 02:05:12.119000
2024-06-23 14:11:29.837,OnTrack,1152,2594,1828,pos,0 days 01:08:15.424000,0 days 02:05:12.519000
2024-06-23 14:11:30.017,OnTrack,1056,2628,1830,pos,0 days 01:08:15.604000,0 days 02:05:12.699000
2024-06-23 14:11:30.477,OnTrack,916,2655,1833,pos,0 days 01:08:16.064000,0 days 02:05:13.159000
2024-06-23 14:11:30.797,OnTrack,836,2660,1835,pos,0 days 01:08:16.384000,0 days 02:05:13.479000
2024-06-23 14:11:31.037,OnTrack,744,2657,1837,pos,0 days 01:08:16.624000,0 days 02:05:13.719000
2024-06-23 14:11:31.336,OnTrack,621,2640,1840,pos,0 days 01:08:16.923000,0 days 02:05:14.018000
2024-06-23 14:11:31.556,OnTrack,526,2616,1842,pos,0 days 01:08:17.143000,0 days 02:05:14.238000
2024-06-23 14:11:31.756,OnTrack,439,2585,1845,pos,0 days 01:08:17.343000,0 days 02:05:14.438000
2024-06-23 14:11:31.936,OnTrack,359,2549,1848,pos,0 days 01:08:17.523000,0 days 02:05:14.618000
2024-06-23 14:11:32.076,OnTrack,296,2516,1851,pos,0 days 01:08:17.663000,0 days 02:05:14.758000
2024-06-23 14:11:32.256,OnTrack,216,2467,1855,pos,0 days 01:08:17.843000,0 days 02:05:14.938000
2024-06-23 14:11:32.536,OnTrack,90,2381,1862,pos,0 days 01:08:18.123000,0 days 02:05:15.218000
2024-06-23 14:11:32.717,OnTrack,-33,2295,1869,pos,0 days 01:08:18.304000,0 days 02:05:15.399000
2024-06-23 14:11:33.077,OnTrack,-156,2225,1874,pos,0 days 01:08:18.664000,0 days 02:05:15.759000
2024-06-23 14:11:33.277,OnTrack,-239,2188,1877,pos,0 days 01:08:18.864000,0 days 02:05:15.959000
2024-06-23 14:11:33.597,OnTrack,-426,2135,1884,pos,0 days 01:08:19.184000,0 days 02:05:16.279000
2024-06-23 14:11:33.917,OnTrack,-519,2123,1888,pos,0 days 01:08:19.504000,0 days 02:05:16.599000
2024-06-23 14:11:34.117,OnTrack,-601,2122,1892,pos,0 days 01:08:19.704000,0 days 02:05:16.799000
2024-06-23 14:11:34.297,OnTrack,-672,2129,1896,pos,0 days 01:08:19.884000,0 days 02:05:16.979000
2024-06-23 14:11:34.577,OnTrack,-806,2170,1903,pos,0 days 01:08:20.164000,0 days 02:05:17.259000
2024-06-23 14:11:34.977,OnTrack,-894,2229,1906,pos,0 days 01:08:20.564000,0 days 02:05:17.659000
2024-06-23 14:11:35.217,OnTrack,-967,2313,1909,pos,0 days 01:08:20.804000,0 days 02:05:17.899000
2024-06-23 14:11:35.577,OnTrack,-1012,2397,1911,pos,0 days 01:08:21.164000,0 days 02:05:18.259000
2024-06-23 14:11:35.777,OnTrack,-1033,2459,1912,pos,0 days 01:08:21.364000,0 days 02:05:18.459000
2024-06-23 14:11:35.957,OnTrack,-1045,2517,1913,pos,0 days 01:08:21.544000,0 days 02:05:18.639000
2024-06-23 14:11:36.157,OnTrack,-1051,2582,1914,pos,0 days 01:08:21.744000,0 days 02:05:18.839000
2024-06-23 14:11:36.377,OnTrack,-1049,2655,1915,pos,0 days 01:08:21.964000,0 days 02:05:19.059000
2024-06-23 14:11:36.657,OnTrack,-1030,2768,1916,pos,0 days 01:08:22.244000,0 days 02:05:19.339000
2024-06-23 14:11:37.017,OnTrack,-975,2916,1919,pos,0 days 01:08:22.604000,0 days 02:05:19.699000
2024-06-23 14:11:37.397,OnTrack,-932,2996,1921,pos,0 days 01:08:22.984000,0 days 02:05:20.079000
2024-06-23 14:11:37.677,OnTrack,-867,3087,1922,pos,0 days 01:08:23.264000,0 days 02:05:20.359000
2024-06-23 14:11:37.856,OnTrack,-818,3145,1922,pos,0 days 01:08:23.443000,0 days 02:05:20.538000
2024-06-23 14:11:38.036,OnTrack,-722,3240,1923,pos,0 days 01:08:23.623000,0 days 02:05:20.718000
2024-06-23 14:11:38.496,OnTrack,-595,3345,1922,pos,0 days 01:08:24.083000,0 days 02:05:21.178000
2024-06-23 14:11:38.676,OnTrack,-491,3426,1920,pos,0 days 01:08:24.263000,0 days 02:05:21.358000
2024-06-23 14:11:38.956,OnTrack,-406,3492,1919,pos,0 days 01:08:24.543000,0 days 02:05:21.638000
2024-06-23 14:11:39.257,OnTrack,-266,3608,1916,pos,0 days 01:08:24.844000,0 days 02:05:21.939000
2024-06-23 14:11:39.457,OnTrack,-177,3684,1913,pos,0 days 01:08:25.044000,0 days 02:05:22.139000
2024-06-23 14:11:39.617,OnTrack,-103,3747,1911,pos,0 days 01:08:25.204000,0 days 02:05:22.299000
2024-06-23 14:11:39.797,OnTrack,-28,3811,1908,pos,0 days 01:08:25.384000,0 days 02:05:22.479000
2024-06-23 14:11:40.117,OnTrack,152,3950,1901,pos,0 days 01:08:25.704000,0 days 02:05:22.799000
2024-06-23 14:11:40.457,OnTrack,316,4050,1892,pos,0 days 01:08:26.044000,0 days 02:05:23.139000
2024-06-23 14:11:40.717,OnTrack,474,4110,1885,pos,0 days 01:08:26.304000,0 days 02:05:23.399000
2024-06-23 14:11:40.877,OnTrack,616,4138,1879,pos,0 days 01:08:26.464000,0 days 02:05:23.559000
2024-06-23 14:11:41.077,OnTrack,752,4139,1872,pos,0 days 01:08:26.664000,0 days 02:05:23.759000
2024-06-23 14:11:41.317,OnTrack,919,4116,1863,pos,0 days 01:08:26.904000,0 days 02:05:23.999000
2024-06-23 14:11:41.517,OnTrack,1054,4081,1854,pos,0 days 01:08:27.104000,0 days 02:05:24.199000
2024-06-23 14:11:41.757,OnTrack,1291,3982,1840,pos,0 days 01:08:27.344000,0 days 02:05:24.439000
2024-06-23 14:11:42.017,OnTrack,1380,3936,1835,pos,0 days 01:08:27.604000,0 days 02:05:24.699000
2024-06-23 14:11:42.377,OnTrack,1602,3805,1822,pos,0 days 01:08:27.964000,0 days 02:05:25.059000
2024-06-23 14:11:42.557,OnTrack,1772,3695,1811,pos,0 days 01:08:28.144000,0 days 02:05:25.239000
2024-06-23 14:11:42.897,OnTrack,1919,3601,1803,pos,0 days 01:08:28.484000,0 days 02:05:25.579000
2024-06-23 14:11:43.217,OnTrack,2154,3451,1790,pos,0 days 01:08:28.804000,0 days 02:05:25.899000
2024-06-23 14:11:43.577,OnTrack,2397,3284,1776,pos,0 days 01:08:29.164000,0 days 02:05:26.259000
2024-06-23 14:11:43.897,OnTrack,2520,3184,1770,pos,0 days 01:08:29.484000,0 days 02:05:26.579000
2024-06-23 14:11:44.257,OnTrack,2677,3021,1761,pos,0 days 01:08:29.844000,0 days 02:05:26.939000
2024-06-23 14:11:44.436,OnTrack,2746,2924,1757,pos,0 days 01:08:30.023000,0 days 02:05:27.118000
2024-06-23 14:11:44.676,OnTrack,2816,2779,1753,pos,0 days 01:08:30.263000,0 days 02:05:27.358000
2024-06-23 14:11:44.836,OnTrack,2849,2675,1749,pos,0 days 01:08:30.423000,0 days 02:05:27.518000
2024-06-23 14:11:45.036,OnTrack,2875,2541,1746,pos,0 days 01:08:30.623000,0 days 02:05:27.718000
2024-06-23 14:11:45.276,OnTrack,2885,2380,1743,pos,0 days 01:08:30.863000,0 days 02:05:27.958000
2024-06-23 14:11:45.476,OnTrack,2871,2243,1740,pos,0 days 01:08:31.063000,0 days 02:05:28.158000
2024-06-23 14:11:45.716,OnTrack,2831,2082,1737,pos,0 days 01:08:31.303000,0 days 02:05:28.398000
2024-06-23 14:11:45.917,OnTrack,2725,1844,1733,pos,0 days 01:08:31.504000,0 days 02:05:28.599000
2024-06-23 14:11:46.297,OnTrack,2639,1697,1731,pos,0 days 01:08:31.884000,0 days 02:05:28.979000
2024-06-23 14:11:46.497,OnTrack,2540,1541,1729,pos,0 days 01:08:32.084000,0 days 02:05:29.179000
2024-06-23 14:11:46.797,OnTrack,2453,1409,1726,pos,0 days 01:08:32.384000,0 days 02:05:29.479000
2024-06-23 14:11:47.137,OnTrack,2261,1115,1721,pos,0 days 01:08:32.724000,0 days 02:05:29.819000
2024-06-23 14:11:47.557,OnTrack,2099,865,1717,pos,0 days 01:08:33.144000,0 days 02:05:30.239000
2024-06-23 14:11:47.837,OnTrack,2033,764,1715,pos,0 days 01:08:33.424000,0 days 02:05:30.519000
2024-06-23 14:11:48.117,OnTrack,1884,534,1712,pos,0 days 01:08:33.704000,0 days 02:05:30.799000
2024-06-23 14:11:48.537,OnTrack,1741,316,1709,pos,0 days 01:08:34.124000,0 days 02:05:31.219000
2024-06-23 14:11:48.797,OnTrack,1649,174,1708,pos,0 days 01:08:34.384000,0 days 02:05:31.479000
2024-06-23 14:11:48.997,OnTrack,1565,43,1708,pos,0 days 01:08:34.584000,0 days 02:05:31.679000
2024-06-23 14:11:49.157,OnTrack,1435,-159,1707,pos,0 days 01:08:34.744000,0 days 02:05:31.839000
2024-06-23 14:11:49.557,OnTrack,1290,-385,1708,pos,0 days 01:08:35.144000,0 days 02:05:32.239000
2024-06-23 14:11:49.917,OnTrack,1171,-572,1708,pos,0 days 01:08:35.504000,0 days 02:05:32.599000
2024-06-23 14:11:50.137,OnTrack,1077,-720,1708,pos,0 days 01:08:35.724000,0 days 02:05:32.819000
2024-06-23 14:11:50.417,OnTrack,898,-1003,1708,pos,0 days 01:08:36.004000,0 days 02:05:33.099000
2024-06-23 14:11:50.737,OnTrack,768,-1207,1708,pos,0 days 01:08:36.324000,0 days 02:05:33.419000
2024-06-23 14:11:51.076,OnTrack,673,-1358,1707,pos,0 days 01:08:36.663000,0 days 02:05:33.758000
2024-06-23 14:11:51.256,OnTrack,594,-1481,1707,pos,0 days 01:08:36.843000,0 days 02:05:33.938000
2024-06-23 14:11:51.616,OnTrack,437,-1728,1708,pos,0 days 01:08:37.203000,0 days 02:05:34.298000
2024-06-23 14:11:51.776,OnTrack,306,-1935,1708,pos,0 days 01:08:37.363000,0 days 02:05:34.458000
2024-06-23 14:11:52.216,OnTrack,175,-2142,1708,pos,0 days 01:08:37.803000,0 days 02:05:34.898000
2024-06-23 14:11:52.377,OnTrack,96,-2266,1708,pos,0 days 01:08:37.964000,0 days 02:05:35.059000
2024-06-23 14:11:52.677,OnTrack,-36,-2474,1707,pos,0 days 01:08:38.264000,0 days 02:05:35.359000
2024-06-23 14:11:52.897,OnTrack,-133,-2624,1706,pos,0 days 01:08:38.484000,0 days 02:05:35.579000
2024-06-23 14:11:53.077,OnTrack,-206,-2734,1705,pos,0 days 01:08:38.664000,0 days 02:05:35.759000
2024-06-23 14:11:53.297,OnTrack,-306,-2886,1703,pos,0 days 01:08:38.884000,0 days 02:05:35.979000
2024-06-23 14:11:53.457,OnTrack,-379,-2996,1703,pos,0 days 01:08:39.044000,0 days 02:05:36.139000
2024-06-23 14:11:53.677,OnTrack,-479,-3148,1700,pos,0 days 01:08:39.264000,0 days 02:05:36.359000
2024-06-23 14:11:53.877,OnTrack,-572,-3286,1699,pos,0 days 01:08:39.464000,0 days 02:05:36.559000
2024-06-23 14:11:54.057,OnTrack,-655,-3410,1696,pos,0 days 01:08:39.644000,0 days 02:05:36.739000
2024-06-23 14:11:54.237,OnTrack,-794,-3618,1692,pos,0 days 01:08:39.824000,0 days 02:05:36.919000
2024-06-23 14:11:54.697,OnTrack,-952,-3853,1687,pos,0 days 01:08:40.284000,0 days 02:05:37.379000
2024-06-23 14:11:54.897,OnTrack,-1045,-3992,1683,pos,0 days 01:08:40.484000,0 days 02:05:37.579000
2024-06-23 14:11:55.177,OnTrack,-1175,-4186,1679,pos,0 days 01:08:40.764000,0 days 02:05:37.859000
2024-06-23 14:11:55.237,OnTrack,-1203,-4227,1677,pos,0 days 01:08:40.824000,0 days 02:05:37.919000
2024-06-23 14:11:55.597,OnTrack,-1389,-4504,1669,pos,0 days 01:08:41.184000,0 days 02:05:38.279000
2024-06-23 14:11:55.897,OnTrack,-1510,-4683,1664,pos,0 days 01:08:41.484000,0 days 02:05:38.579000
2024-06-23 14:11:56.177,OnTrack,-1641,-4882,1658,pos,0 days 01:08:41.764000,0 days 02:05:38.859000
2024-06-23 14:11:56.317,OnTrack,-1703,-4978,1656,pos,0 days 01:08:41.904000,0 days 02:05:38.999000
2024-06-23 14:11:56.557,OnTrack,-1801,-5136,1652,pos,0 days 01:08:42.144000,0 days 02:05:39.239000
2024-06-23 14:11:56.817,OnTrack,-1909,-5320,1649,pos,0 days 01:08:42.404000,0 days 02:05:39.499000
2024-06-23 14:11:56.997,OnTrack,-1983,-5449,1646,pos,0 days 01:08:42.584000,0 days 02:05:39.679000
2024-06-23 14:11:57.197,OnTrack,-2065,-5592,1645,pos,0 days 01:08:42.784000,0 days 02:05:39.879000
2024-06-23 14:11:57.377,OnTrack,-2137,-5720,1643,pos,0 days 01:08:42.964000,0 days 02:05:40.059000
2024-06-23 14:11:57.556,OnTrack,-2208,-5849,1641,pos,0 days 01:08:43.143000,0 days 02:05:40.238000
2024-06-23 14:11:57.856,OnTrack,-2327,-6063,1638,pos,0 days 01:08:43.443000,0 days 02:05:40.538000
2024-06-23 14:11:58.116,OnTrack,-2429,-6240,1636,pos,0 days 01:08:43.703000,0 days 02:05:40.798000
2024-06-23 14:11:58.136,OnTrack,-2437,-6253,1636,pos,0 days 01:08:43.723000,0 days 02:05:40.818000
2024-06-23 14:11:58.356,OnTrack,-2520,-6388,1634,pos,0 days 01:08:43.943000,0 days 02:05:41.038000
2024-06-23 14:11:58.556,OnTrack,-2580,-6478,1633,pos,0 days 01:08:44.143000,0 days 02:05:41.238000
2024-06-23 14:11:58.756,OnTrack,-2642,-6563,1632,pos,0 days 01:08:44.343000,0 days 02:05:41.438000
2024-06-23 14:11:59.097,OnTrack,-2760,-6708,1629,pos,0 days 01:08:44.684000,0 days 02:05:41.779000
2024-06-23 14:11:59.257,OnTrack,-2811,-6763,1628,pos,0 days 01:08:44.844000,0 days 02:05:41.939000
2024-06-23 14:11:59.517,OnTrack,-2921,-6863,1625,pos,0 days 01:08:45.104000,0 days 02:05:42.199000
2024-06-23 14:11:59.977,OnTrack,-3066,-6953,1625,pos,0 days 01:08:45.564000,0 days 02:05:42.659000
2024-06-23 14:12:00.337,OnTrack,-3222,-6994,1624,pos,0 days 01:08:45.924000,0 days 02:05:43.019000
2024-06-23 14:12:00.717,OnTrack,-3323,-6991,1626,pos,0 days 01:08:46.304000,0 days 02:05:43.399000
2024-06-23 14:12:00.877,OnTrack,-3386,-6978,1627,pos,0 days 01:08:46.464000,0 days 02:05:43.559000
2024-06-23 14:12:01.157,OnTrack,-3497,-6940,1629,pos,0 days 01:08:46.744000,0 days 02:05:43.839000
2024-06-23 14:12:01.397,OnTrack,-3592,-6898,1631,pos,0 days 01:08:46.984000,0 days 02:05:44.079000
2024-06-23 14:12:01.557,OnTrack,-3706,-6845,1633,pos,0 days 01:08:47.144000,0 days 02:05:44.239000
2024-06-23 14:12:01.897,OnTrack,-3800,-6805,1635,pos,0 days 01:08:47.484000,0 days 02:05:44.579000
2024-06-23 14:12:02.177,OnTrack,-3924,-6772,1638,pos,0 days 01:08:47.764000,0 days 02:05:44.859000
2024-06-23 14:12:02.377,OnTrack,-4017,-6767,1641,pos,0 days 01:08:47.964000,0 days 02:05:45.059000
2024-06-23 14:12:02.537,OnTrack,-4094,-6776,1645,pos,0 days 01:08:48.124000,0 days 02:05:45.219000
2024-06-23 14:12:02.697,OnTrack,-4171,-6796,1648,pos,0 days 01:08:48.284000,0 days 02:05:45.379000
2024-06-23 14:12:02.997,OnTrack,-4315,-6854,1655,pos,0 days 01:08:48.584000,0 days 02:05:45.679000
2024-06-23 14:12:03.197,OnTrack,-4410,-6905,1661,pos,0 days 01:08:48.784000,0 days 02:05:45.879000
2024-06-23 14:12:03.277,OnTrack,-4446,-6927,1663,pos,0 days 01:08:48.864000,0 days 02:05:45.959000
2024-06-23 14:12:03.597,OnTrack,-4587,-7023,1671,pos,0 days 01:08:49.184000,0 days 02:05:46.279000
2024-06-23 14:12:03.797,OnTrack,-4730,-7126,1679,pos,0 days 01:08:49.384000,0 days 02:05:46.479000
2024-06-23 14:12:04.236,OnTrack,-4884,-7226,1687,pos,0 days 01:08:49.823000,0 days 02:05:46.918000
2024-06-23 14:12:04.356,OnTrack,-4945,-7262,1690,pos,0 days 01:08:49.943000,0 days 02:05:47.038000
2024-06-23 14:12:04.616,OnTrack,-5083,-7335,1697,pos,0 days 01:08:50.203000,0 days 02:05:47.298000
2024-06-23 14:12:04.876,OnTrack,-5230,-7395,1703,pos,0 days 01:08:50.463000,0 days 02:05:47.558000
2024-06-23 14:12:05.116,OnTrack,-5445,-7446,1713,pos,0 days 01:08:50.703000,0 days 02:05:47.798000
2024-06-23 14:12:05.456,OnTrack,-5580,-7455,1719,pos,0 days 01:08:51.043000,0 days 02:05:48.138000
2024-06-23 14:12:05.697,OnTrack,-5820,-7432,1729,pos,0 days 01:08:51.284000,0 days 02:05:48.379000
2024-06-23 14:12:06.157,OnTrack,-6002,-7381,1736,pos,0 days 01:08:51.744000,0 days 02:05:48.839000
2024-06-23 14:12:06.537,OnTrack,-6227,-7268,1744,pos,0 days 01:08:52.124000,0 days 02:05:49.219000
2024-06-23 14:12:06.857,OnTrack,-6339,-7185,1749,pos,0 days 01:08:52.444000,0 days 02:05:49.539000
2024-06-23 14:12:07.157,OnTrack,-6461,-7057,1755,pos,0 days 01:08:52.744000,0 days 02:05:49.839000
2024-06-23 14:12:07.237,OnTrack,-6491,-7018,1755,pos,0 days 01:08:52.824000,0 days 02:05:49.919000
2024-06-23 14:12:07.517,OnTrack,-6582,-6871,1759,pos,0 days 01:08:53.104000,0 days 02:05:50.199000
2024-06-23 14:12:07.697,OnTrack,-6630,-6768,1762,pos,0 days 01:08:53.284000,0 days 02:05:50.379000
2024-06-23 14:12:07.937,OnTrack,-6679,-6622,1764,pos,0 days 01:08:53.524000,0 days 02:05:50.619000
2024-06-23 14:12:08.217,OnTrack,-6716,-6443,1767,pos,0 days 01:08:53.804000,0 days 02:05:50.899000
2024-06-23 14:12:08.257,OnTrack,-6719,-6417,1768,pos,0 days 01:08:53.844000,0 days 02:05:50.939000
2024-06-23 14:12:08.597,OnTrack,-6733,-6189,1771,pos,0 days 01:08:54.184000,0 days 02:05:51.279000
2024-06-23 14:12:08.757,OnTrack,-6730,-6080,1772,pos,0 days 01:08:54.344000,0 days 02:05:51.439000
2024-06-23 14:12:08.957,OnTrack,-6720,-5942,1774,pos,0 days 01:08:54.544000,0 days 02:05:51.639000
2024-06-23 14:12:09.157,OnTrack,-6703,-5804,1776,pos,0 days 01:08:54.744000,0 days 02:05:51.839000
2024-06-23 14:12:09.457,OnTrack,-6667,-5599,1779,pos,0 days 01:08:55.044000,0 days 02:05:52.139000
2024-06-23 14:12:09.617,OnTrack,-6627,-5430,1782,pos,0 days 01:08:55.204000,0 days 02:05:52.299000
2024-06-23 14:12:10.097,OnTrack,-6528,-5128,1787,pos,0 days 01:08:55.684000,0 days 02:05:52.779000
2024-06-23 14:12:10.337,OnTrack,-6472,-5009,1789,pos,0 days 01:08:55.924000,0 days 02:05:53.019000
2024-06-23 14:12:10.637,OnTrack,-6301,-4726,1793,pos,0 days 01:08:56.224000,0 days 02:05:53.319000
2024-06-23 14:12:11.036,OnTrack,-6188,-4565,1796,pos,0 days 01:08:56.623000,0 days 02:05:53.718000
2024-06-23 14:12:11.256,OnTrack,-6090,-4428,1798,pos,0 days 01:08:56.843000,0 days 02:05:53.938000
2024-06-23 14:12:11.456,OnTrack,-5954,-4228,1801,pos,0 days 01:08:57.043000,0 days 02:05:54.138000
2024-06-23 14:12:11.896,OnTrack,-5829,-4014,1805,pos,0 days 01:08:57.483000,0 days 02:05:54.578000
2024-06-23 14:12:12.057,OnTrack,-5757,-3895,1807,pos,0 days 01:08:57.644000,0 days 02:05:54.739000
2024-06-23 14:12:12.217,OnTrack,-5693,-3789,1808,pos,0 days 01:08:57.804000,0 days 02:05:54.899000
2024-06-23 14:12:12.397,OnTrack,-5621,-3676,1810,pos,0 days 01:08:57.984000,0 days 02:05:55.079000
2024-06-23 14:12:12.697,OnTrack,-5504,-3503,1813,pos,0 days 01:08:58.284000,0 days 02:05:55.379000
2024-06-23 14:12:12.897,OnTrack,-5426,-3389,1815,pos,0 days 01:08:58.484000,0 days 02:05:55.579000
2024-06-23 14:12:13.057,OnTrack,-5368,-3305,1816,pos,0 days 01:08:58.644000,0 days 02:05:55.739000
2024-06-23 14:12:13.277,OnTrack,-5291,-3200,1817,pos,0 days 01:08:58.864000,0 days 02:05:55.959000
2024-06-23 14:12:13.417,OnTrack,-5243,-3140,1818,pos,0 days 01:08:59.004000,0 days 02:05:56.099000
2024-06-23 14:12:13.637,OnTrack,-5167,-3056,1819,pos,0 days 01:08:59.224000,0 days 02:05:56.319000
2024-06-23 14:12:13.937,OnTrack,-5059,-2961,1820,pos,0 days 01:08:59.524000,0 days 02:05:56.619000
2024-06-23 14:12:14.197,OnTrack,-4961,-2900,1822,pos,0 days 01:08:59.784000,0 days 02:05:56.879000
2024-06-23 14:12:14.357,OnTrack,-4898,-2873,1822,pos,0 days 01:08:59.944000,0 days 02:05:57.039000
2024-06-23 14:12:14.457,OnTrack,-4859,-2860,1823,pos,0 days 01:09:00.044000,0 days 02:05:57.139000
2024-06-23 14:12:14.757,OnTrack,-4696,-2838,1825,pos,0 days 01:09:00.344000,0 days 02:05:57.439000
2024-06-23 14:12:15.057,OnTrack,-4618,-2846,1827,pos,0 days 01:09:00.644000,0 days 02:05:57.739000
2024-06-23 14:12:15.317,OnTrack,-4521,-2871,1828,pos,0 days 01:09:00.904000,0 days 02:05:57.999000
2024-06-23 14:12:15.557,OnTrack,-4438,-2908,1830,pos,0 days 01:09:01.144000,0 days 02:05:58.239000
2024-06-23 14:12:15.797,OnTrack,-4328,-2982,1833,pos,0 days 01:09:01.384000,0 days 02:05:58.479000
2024-06-23 14:12:16.077,OnTrack,-4297,-3012,1833,pos,0 days 01:09:01.664000,0 days 02:05:58.759000
2024-06-23 14:12:16.317,OnTrack,-4234,-3081,1835,pos,0 days 01:09:01.904000,0 days 02:05:58.999000
2024-06-23 14:12:16.577,OnTrack,-4174,-3164,1835,pos,0 days 01:09:02.164000,0 days 02:05:59.259000
2024-06-23 14:12:16.777,OnTrack,-4133,-3234,1836,pos,0 days 01:09:02.364000,0 days 02:05:59.459000
2024-06-23 14:12:17.077,OnTrack,-4082,-3351,1838,pos,0 days 01:09:02.664000,0 days 02:05:59.759000
2024-06-23 14:12:17.237,OnTrack,-4061,-3419,1838,pos,0 days 01:09:02.824000,0 days 02:05:59.919000
2024-06-23 14:12:17.476,OnTrack,-4037,-3529,1839,pos,0 days 01:09:03.063000,0 days 02:06:00.158000
2024-06-23 14:12:17.656,OnTrack,-4028,-3617,1839,pos,0 days 01:09:03.243000,0 days 02:06:00.338000
2024-06-23 14:12:17.916,OnTrack,-4030,-3749,1839,pos,0 days 01:09:03.503000,0 days 02:06:00.598000
2024-06-23 14:12:18.076,OnTrack,-4050,-3887,1838,pos,0 days 01:09:03.663000,0 days 02:06:00.758000
2024-06-23 14:12:18.416,OnTrack,-4087,-4015,1837,pos,0 days 01:09:04.003000,0 days 02:06:01.098000
2024-06-23 14:12:18.717,OnTrack,-4160,-4183,1835,pos,0 days 01:09:04.304000,0 days 02:06:01.399000
2024-06-23 14:12:18.957,OnTrack,-4276,-4366,1832,pos,0 days 01:09:04.544000,0 days 02:06:01.639000
2024-06-23 14:12:19.237,OnTrack,-4333,-4447,1830,pos,0 days 01:09:04.824000,0 days 02:06:01.919000
2024-06-23 14:12:19.537,OnTrack,-4436,-4590,1826,pos,0 days 01:09:05.124000,0 days 02:06:02.219000
2024-06-23 14:12:19.737,OnTrack,-4564,-4765,1822,pos,0 days 01:09:05.324000,0 days 02:06:02.419000
2024-06-23 14:12:20.217,OnTrack,-4703,-4956,1818,pos,0 days 01:09:05.804000,0 days 02:06:02.899000
2024-06-23 14:12:20.517,OnTrack,-4813,-5106,1814,pos,0 days 01:09:06.104000,0 days 02:06:03.199000
2024-06-23 14:12:20.817,OnTrack,-4969,-5324,1808,pos,0 days 01:09:06.404000,0 days 02:06:03.499000
2024-06-23 14:12:21.197,OnTrack,-5049,-5444,1805,pos,0 days 01:09:06.784000,0 days 02:06:03.879000
2024-06-23 14:12:21.417,OnTrack,-5104,-5536,1801,pos,0 days 01:09:07.004000,0 days 02:06:04.099000
2024-06-23 14:12:21.477,OnTrack,-5117,-5560,1800,pos,0 days 01:09:07.064000,0 days 02:06:04.159000
2024-06-23 14:12:21.677,OnTrack,-5155,-5637,1797,pos,0 days 01:09:07.264000,0 days 02:06:04.359000
2024-06-23 14:12:22.037,OnTrack,-5203,-5764,1791,pos,0 days 01:09:07.624000,0 days 02:06:04.719000
2024-06-23 14:12:22.257,OnTrack,-5224,-5864,1787,pos,0 days 01:09:07.844000,0 days 02:06:04.939000
2024-06-23 14:12:22.497,OnTrack,-5227,-5915,1785,pos,0 days 01:09:08.084000,0 days 02:06:05.179000
2024-06-23 14:12:22.737,OnTrack,-5221,-5988,1781,pos,0 days 01:09:08.324000,0 days 02:06:05.419000
2024-06-23 14:12:22.977,OnTrack,-5199,-6056,1777,pos,0 days 01:09:08.564000,0 days 02:06:05.659000
2024-06-23 14:12:23.157,OnTrack,-5174,-6103,1774,pos,0 days 01:09:08.744000,0 days 02:06:05.839000
2024-06-23 14:12:23.457,OnTrack,-5119,-6167,1769,pos,0 days 01:09:09.044000,0 days 02:06:06.139000
2024-06-23 14:12:23.637,OnTrack,-5080,-6196,1767,pos,0 days 01:09:09.224000,0 days 02:06:06.319000
2024-06-23 14:12:23.896,OnTrack,-5018,-6227,1764,pos,0 days 01:09:09.483000,0 days 02:06:06.578000
2024-06-23 14:12:24.076,OnTrack,-4973,-6240,1761,pos,0 days 01:09:09.663000,0 days 02:06:06.758000
2024-06-23 14:12:24.336,OnTrack,-4902,-6251,1758,pos,0 days 01:09:09.923000,0 days 02:06:07.018000
2024-06-23 14:12:24.456,OnTrack,-4869,-6252,1756,pos,0 days 01:09:10.043000,0 days 02:06:07.138000
2024-06-23 14:12:24.616,OnTrack,-4823,-6249,1753,pos,0 days 01:09:10.203000,0 days 02:06:07.298000
2024-06-23 14:12:24.836,OnTrack,-4758,-6240,1749,pos,0 days 01:09:10.423000,0 days 02:06:07.518000
2024-06-23 14:12:25.056,OnTrack,-4692,-6224,1744,pos,0 days 01:09:10.643000,0 days 02:06:07.738000
2024-06-23 14:12:25.357,OnTrack,-4592,-6188,1738,pos,0 days 01:09:10.944000,0 days 02:06:08.039000
2024-06-23 14:12:25.557,OnTrack,-4526,-6159,1734,pos,0 days 01:09:11.144000,0 days 02:06:08.239000
2024-06-23 14:12:25.737,OnTrack,-4464,-6128,1729,pos,0 days 01:09:11.324000,0 days 02:06:08.419000
2024-06-23 14:12:25.917,OnTrack,-4368,-6078,1723,pos,0 days 01:09:11.504000,0 days 02:06:08.599000
2024-06-23 14:12:26.297,OnTrack,-4259,-6018,1715,pos,0 days 01:09:11.884000,0 days 02:06:08.979000
2024-06-23 14:12:26.577,OnTrack,-4094,-5929,1704,pos,0 days 01:09:12.164000,0 days 02:06:09.259000
2024-06-23 14:12:26.997,OnTrack,-3844,-5808,1690,pos,0 days 01:09:12.584000,0 days 02:06:09.679000
2024-06-23 14:12:27.297,OnTrack,-3750,-5768,1684,pos,0 days 01:09:12.884000,0 days 02:06:09.979000
2024-06-23 14:12:27.577,OnTrack,-3566,-5691,1677,pos,0 days 01:09:13.164000,0 days 02:06:10.259000
2024-06-23 14:12:27.997,OnTrack,-3299,-5566,1665,pos,0 days 01:09:13.584000,0 days 02:06:10.679000
2024-06-23 14:12:28.417,OnTrack,-3133,-5468,1659,pos,0 days 01:09:14.004000,0 days 02:06:11.099000
2024-06-23 14:12:28.577,OnTrack,-2983,-5360,1655,pos,0 days 01:09:14.164000,0 days 02:06:11.259000
2024-06-23 14:12:28.977,OnTrack,-2781,-5179,1651,pos,0 days 01:09:14.564000,0 days 02:06:11.659000
2024-06-23 14:12:29.357,OnTrack,-2661,-5046,1650,pos,0 days 01:09:14.944000,0 days 02:06:12.039000
2024-06-23 14:12:29.477,OnTrack,-2608,-4982,1650,pos,0 days 01:09:15.064000,0 days 02:06:12.159000
2024-06-23 14:12:29.877,OnTrack,-2443,-4755,1651,pos,0 days 01:09:15.464000,0 days 02:06:12.559000
2024-06-23 14:12:30.057,OnTrack,-2329,-4590,1653,pos,0 days 01:09:15.644000,0 days 02:06:12.739000
2024-06-23 14:12:30.416,OnTrack,-2249,-4473,1654,pos,0 days 01:09:16.003000,0 days 02:06:13.098000
2024-06-23 14:12:30.536,OnTrack,-2213,-4418,1656,pos,0 days 01:09:16.123000,0 days 02:06:13.218000
2024-06-23 14:12:30.816,OnTrack,-2122,-4247,1661,pos,0 days 01:09:16.403000,0 days 02:06:13.498000
2024-06-23 14:12:31.176,OnTrack,-2100,-4165,1661,pos,0 days 01:09:16.763000,0 days 02:06:13.858000
2024-06-23 14:12:31.516,OnTrack,-2084,-4022,1664,pos,0 days 01:09:17.103000,0 days 02:06:14.198000
2024-06-23 14:12:31.596,OnTrack,-2083,-3989,1665,pos,0 days 01:09:17.183000,0 days 02:06:14.278000
2024-06-23 14:12:31.797,OnTrack,-2086,-3900,1668,pos,0 days 01:09:17.384000,0 days 02:06:14.479000
2024-06-23 14:12:31.997,OnTrack,-2097,-3823,1673,pos,0 days 01:09:17.584000,0 days 02:06:14.679000
2024-06-23 14:12:32.257,OnTrack,-2128,-3732,1679,pos,0 days 01:09:17.844000,0 days 02:06:14.939000
2024-06-23 14:12:32.457,OnTrack,-2161,-3674,1681,pos,0 days 01:09:18.044000,0 days 02:06:15.139000
2024-06-23 14:12:32.677,OnTrack,-2254,-3572,1686,pos,0 days 01:09:18.264000,0 days 02:06:15.359000
2024-06-23 14:12:33.157,OnTrack,-2390,-3470,1693,pos,0 days 01:09:18.744000,0 days 02:06:15.839000
2024-06-23 14:12:33.537,OnTrack,-2493,-3394,1700,pos,0 days 01:09:19.124000,0 days 02:06:16.219000
2024-06-23 14:12:33.737,OnTrack,-2560,-3335,1706,pos,0 days 01:09:19.324000,0 days 02:06:16.419000
2024-06-23 14:12:33.897,OnTrack,-2657,-3232,1716,pos,0 days 01:09:19.484000,0 days 02:06:16.579000
2024-06-23 14:12:34.217,OnTrack,-2710,-3159,1723,pos,0 days 01:09:19.804000,0 days 02:06:16.899000
2024-06-23 14:12:34.517,OnTrack,-2785,-3027,1733,pos,0 days 01:09:20.104000,0 days 02:06:17.199000
2024-06-23 14:12:34.697,OnTrack,-2828,-2937,1739,pos,0 days 01:09:20.284000,0 days 02:06:17.379000
2024-06-23 14:12:34.857,OnTrack,-2865,-2855,1744,pos,0 days 01:09:20.444000,0 days 02:06:17.539000
2024-06-23 14:12:35.197,OnTrack,-2973,-2622,1760,pos,0 days 01:09:20.784000,0 days 02:06:17.879000
2024-06-23 14:12:35.497,OnTrack,-3025,-2512,1767,pos,0 days 01:09:21.084000,0 days 02:06:18.179000
2024-06-23 14:12:35.757,OnTrack,-3097,-2361,1777,pos,0 days 01:09:21.344000,0 days 02:06:18.439000
2024-06-23 14:12:35.977,OnTrack,-3182,-2183,1789,pos,0 days 01:09:21.564000,0 days 02:06:18.659000
2024-06-23 14:12:36.457,OnTrack,-3295,-1946,1804,pos,0 days 01:09:22.044000,0 days 02:06:19.139000
2024-06-23 14:12:36.637,OnTrack,-3370,-1789,1814,pos,0 days 01:09:22.224000,0 days 02:06:19.319000
2024-06-23 14:12:36.897,OnTrack,-3418,-1678,1822,pos,0 days 01:09:22.484000,0 days 02:06:19.579000
2024-06-23 14:12:37.076,OnTrack,-3458,-1566,1829,pos,0 days 01:09:22.663000,0 days 02:06:19.758000
2024-06-23 14:12:37.376,OnTrack,-3499,-1378,1839,pos,0 days 01:09:22.963000,0 days 02:06:20.058000
2024-06-23 14:12:37.476,OnTrack,-3505,-1315,1842,pos,0 days 01:09:23.063000,0 days 02:06:20.158000
2024-06-23 14:12:37.816,OnTrack,-3500,-1100,1850,pos,0 days 01:09:23.403000,0 days 02:06:20.498000
2024-06-23 14:12:38.016,OnTrack,-3482,-975,1855,pos,0 days 01:09:23.603000,0 days 02:06:20.698000
2024-06-23 14:12:38.276,OnTrack,-3439,-806,1861,pos,0 days 01:09:23.863000,0 days 02:06:20.958000
2024-06-23 14:12:38.677,OnTrack,-3341,-577,1869,pos,0 days 01:09:24.264000,0 days 02:06:21.359000
2024-06-23 14:12:38.857,OnTrack,-3271,-468,1871,pos,0 days 01:09:24.444000,0 days 02:06:21.539000
2024-06-23 14:12:39.037,OnTrack,-3131,-326,1874,pos,0 days 01:09:24.624000,0 days 02:06:21.719000
2024-06-23 14:12:39.337,OnTrack,-3029,-262,1875,pos,0 days 01:09:24.924000,0 days 02:06:22.019000
2024-06-23 14:12:39.737,OnTrack,-2687,-117,1872,pos,0 days 01:09:25.324000,0 days 02:06:22.419000
2024-06-23 14:12:39.977,OnTrack,-2624,-91,1871,pos,0 days 01:09:25.564000,0 days 02:06:22.659000
2024-06-23 14:12:40.277,OnTrack,-2434,-7,1869,pos,0 days 01:09:25.864000,0 days 02:06:22.959000
2024-06-23 14:12:40.517,OnTrack,-2280,65,1867,pos,0 days 01:09:26.104000,0 days 02:06:23.199000
2024-06-23 14:12:40.657,OnTrack,-2189,108,1866,pos,0 days 01:09:26.244000,0 days 02:06:23.339000
2024-06-23 14:12:40.917,OnTrack,-1939,225,1863,pos,0 days 01:09:26.504000,0 days 02:06:23.599000
2024-06-23 14:12:41.197,OnTrack,-1833,276,1861,pos,0 days 01:09:26.784000,0 days 02:06:23.879000
2024-06-23 14:12:41.557,OnTrack,-1590,391,1858,pos,0 days 01:09:27.144000,0 days 02:06:24.239000
2024-06-23 14:12:41.677,OnTrack,-1508,430,1857,pos,0 days 01:09:27.264000,0 days 02:06:24.359000
2024-06-23 14:12:41.917,OnTrack,-1344,508,1855,pos,0 days 01:09:27.504000,0 days 02:06:24.599000
2024-06-23 14:12:42.157,OnTrack,-1089,634,1851,pos,0 days 01:09:27.744000,0 days 02:06:24.839000
2024-06-23 14:12:42.417,OnTrack,-1006,677,1851,pos,0 days 01:09:28.004000,0 days 02:06:25.099000
2024-06-23 14:12:42.637,OnTrack,-855,756,1849,pos,0 days 01:09:28.224000,0 days 02:06:25.319000
2024-06-23 14:12:42.957,OnTrack,-633,875,1846,pos,0 days 01:09:28.544000,0 days 02:06:25.639000
2024-06-23 14:12:43.197,OnTrack,-466,964,1843,pos,0 days 01:09:28.784000,0 days 02:06:25.879000
2024-06-23 14:12:43.377,OnTrack,-340,1031,1841,pos,0 days 01:09:28.964000,0 days 02:06:26.059000
2024-06-23 14:12:43.576,OnTrack,-200,1106,1840,pos,0 days 01:09:29.163000,0 days 02:06:26.258000
2024-06-23 14:12:43.656,OnTrack,-145,1136,1839,pos,0 days 01:09:29.243000,0 days 02:06:26.338000
2024-06-23 14:12:43.956,OnTrack,134,1284,1835,pos,0 days 01:09:29.543000,0 days 02:06:26.638000
2024-06-23 14:12:44.336,OnTrack,328,1386,1833,pos,0 days 01:09:29.923000,0 days 02:06:27.018000
2024-06-23 14:12:44.576,OnTrack,477,1459,1830,pos,0 days 01:09:30.163000,0 days 02:06:27.258000
2024-06-23 14:12:44.856,OnTrack,786,1592,1826,pos,0 days 01:09:30.443000,0 days 02:06:27.538000
2024-06-23 14:12:45.117,OnTrack,874,1627,1826,pos,0 days 01:09:30.704000,0 days 02:06:27.799000
2024-06-23 14:12:45.397,OnTrack,1030,1691,1824,pos,0 days 01:09:30.984000,0 days 02:06:28.079000
2024-06-23 14:12:45.637,OnTrack,1132,1736,1823,pos,0 days 01:09:31.224000,0 days 02:06:28.319000
2024-06-23 14:12:45.877,OnTrack,1227,1784,1821,pos,0 days 01:09:31.464000,0 days 02:06:28.559000
2024-06-23 14:12:46.037,OnTrack,1318,1845,1821,pos,0 days 01:09:31.624000,0 days 02:06:28.719000
2024-06-23 14:12:46.517,OnTrack,1406,1938,1819,pos,0 days 01:09:32.104000,0 days 02:06:29.199000
2024-06-23 14:12:46.677,OnTrack,1432,1985,1818,pos,0 days 01:09:32.264000,0 days 02:06:29.359000
2024-06-23 14:12:46.917,OnTrack,1462,2087,1818,pos,0 days 01:09:32.504000,0 days 02:06:29.599000
2024-06-23 14:12:47.357,OnTrack,1451,2230,1817,pos,0 days 01:09:32.944000,0 days 02:06:30.039000
2024-06-23 14:12:47.637,OnTrack,1432,2291,1818,pos,0 days 01:09:33.224000,0 days 02:06:30.319000
2024-06-23 14:12:47.817,OnTrack,1408,2342,1819,pos,0 days 01:09:33.404000,0 days 02:06:30.499000
2024-06-23 14:12:48.037,OnTrack,1374,2399,1821,pos,0 days 01:09:33.624000,0 days 02:06:30.719000
2024-06-23 14:12:48.397,OnTrack,1288,2502,1825,pos,0 days 01:09:33.984000,0 days 02:06:31.079000
2024-06-23 14:12:48.637,OnTrack,1258,2528,1825,pos,0 days 01:09:34.224000,0 days 02:06:31.319000
2024-06-23 14:12:48.897,OnTrack,1198,2569,1827,pos,0 days 01:09:34.484000,0 days 02:06:31.579000
2024-06-23 14:12:49.197,OnTrack,1121,2607,1829,pos,0 days 01:09:34.784000,0 days 02:06:31.879000
2024-06-23 14:12:49.377,OnTrack,1040,2632,1831,pos,0 days 01:09:34.964000,0 days 02:06:32.059000
2024-06-23 14:12:49.757,OnTrack,904,2655,1834,pos,0 days 01:09:35.344000,0 days 02:06:32.439000
2024-06-23 14:12:50.216,OnTrack,748,2657,1836,pos,0 days 01:09:35.803000,0 days 02:06:32.898000
2024-06-23 14:12:50.576,OnTrack,657,2647,1839,pos,0 days 01:09:36.163000,0 days 02:06:33.258000
2024-06-23 14:12:50.696,OnTrack,612,2638,1840,pos,0 days 01:09:36.283000,0 days 02:06:33.378000
2024-06-23 14:12:51.016,OnTrack,484,2602,1843,pos,0 days 01:09:36.603000,0 days 02:06:33.698000
2024-06-23 14:12:51.256,OnTrack,347,2543,1849,pos,0 days 01:09:36.843000,0 days 02:06:33.938000
2024-06-23 14:12:51.597,OnTrack,225,2473,1855,pos,0 days 01:09:37.184000,0 days 02:06:34.279000
2024-06-23 14:12:51.837,OnTrack,57,2358,1864,pos,0 days 01:09:37.424000,0 days 02:06:34.519000
2024-06-23 14:12:52.117,OnTrack,-5,2313,1868,pos,0 days 01:09:37.704000,0 days 02:06:34.799000
2024-06-23 14:12:52.477,OnTrack,-156,2225,1874,pos,0 days 01:09:38.064000,0 days 02:06:35.159000
2024-06-23 14:12:52.637,OnTrack,-232,2191,1877,pos,0 days 01:09:38.224000,0 days 02:06:35.319000
2024-06-23 14:12:52.877,OnTrack,-398,2140,1882,pos,0 days 01:09:38.464000,0 days 02:06:35.559000
2024-06-23 14:12:53.157,OnTrack,-470,2128,1886,pos,0 days 01:09:38.744000,0 days 02:06:35.839000
2024-06-23 14:12:53.397,OnTrack,-569,2122,1891,pos,0 days 01:09:38.984000,0 days 02:06:36.079000
2024-06-23 14:12:53.637,OnTrack,-665,2128,1896,pos,0 days 01:09:39.224000,0 days 02:06:36.319000
2024-06-23 14:12:53.917,OnTrack,-771,2155,1900,pos,0 days 01:09:39.504000,0 days 02:06:36.599000
2024-06-23 14:12:54.157,OnTrack,-882,2219,1906,pos,0 days 01:09:39.744000,0 days 02:06:36.839000
2024-06-23 14:12:54.557,OnTrack,-950,2289,1908,pos,0 days 01:09:40.144000,0 days 02:06:37.239000
2024-06-23 14:12:54.717,OnTrack,-981,2335,1909,pos,0 days 01:09:40.304000,0 days 02:06:37.399000
2024-06-23 14:12:54.857,OnTrack,-1004,2377,1911,pos,0 days 01:09:40.444000,0 days 02:06:37.539000
2024-06-23 14:12:55.177,OnTrack,-1044,2513,1913,pos,0 days 01:09:40.764000,0 days 02:06:37.859000
2024-06-23 14:12:55.517,OnTrack,-1050,2640,1914,pos,0 days 01:09:41.104000,0 days 02:06:38.199000
2024-06-23 14:12:55.957,OnTrack,-1028,2776,1916,pos,0 days 01:09:41.544000,0 days 02:06:38.639000
2024-06-23 14:12:56.277,OnTrack,-1004,2851,1918,pos,0 days 01:09:41.864000,0 days 02:06:38.959000
2024-06-23 14:12:56.517,OnTrack,-968,2931,1919,pos,0 days 01:09:42.104000,0 days 02:06:39.199000
2024-06-23 14:12:56.697,OnTrack,-935,2990,1920,pos,0 days 01:09:42.284000,0 days 02:06:39.379000
2024-06-23 14:12:56.916,OnTrack,-882,3067,1922,pos,0 days 01:09:42.503000,0 days 02:06:39.598000
2024-06-23 14:12:57.156,OnTrack,-807,3158,1923,pos,0 days 01:09:42.743000,0 days 02:06:39.838000
2024-06-23 14:12:57.416,OnTrack,-700,3258,1922,pos,0 days 01:09:43.003000,0 days 02:06:40.098000
2024-06-23 14:12:57.816,OnTrack,-583,3354,1921,pos,0 days 01:09:43.403000,0 days 02:06:40.498000
2024-06-23 14:12:58.056,OnTrack,-446,3461,1920,pos,0 days 01:09:43.643000,0 days 02:06:40.738000
2024-06-23 14:12:58.457,OnTrack,-251,3621,1916,pos,0 days 01:09:44.044000,0 days 02:06:41.139000
2024-06-23 14:12:58.777,OnTrack,-180,3682,1913,pos,0 days 01:09:44.364000,0 days 02:06:41.459000
2024-06-23 14:12:58.997,OnTrack,-81,3766,1910,pos,0 days 01:09:44.584000,0 days 02:06:41.679000
2024-06-23 14:12:59.177,OnTrack,3,3837,1907,pos,0 days 01:09:44.764000,0 days 02:06:41.859000
2024-06-23 14:12:59.417,OnTrack,122,3929,1902,pos,0 days 01:09:45.004000,0 days 02:06:42.099000
2024-06-23 14:12:59.717,OnTrack,281,4032,1894,pos,0 days 01:09:45.304000,0 days 02:06:42.399000
2024-06-23 14:12:59.777,OnTrack,316,4050,1892,pos,0 days 01:09:45.364000,0 days 02:06:42.459000
2024-06-23 14:13:00.957,OnTrack,1089,4069,1852,pos,0 days 01:09:46.544000,0 days 02:06:43.639000
2024-06-23 14:13:01.137,OnTrack,1285,3985,1840,pos,0 days 01:09:46.724000,0 days 02:06:43.819000
2024-06-23 14:13:01.557,OnTrack,1498,3868,1829,pos,0 days 01:09:47.144000,0 days 02:06:44.239000
2024-06-23 14:13:01.977,OnTrack,1729,3723,1814,pos,0 days 01:09:47.564000,0 days 02:06:44.659000
2024-06-23 14:13:02.157,OnTrack,1838,3653,1808,pos,0 days 01:09:47.744000,0 days 02:06:44.839000
2024-06-23 14:13:02.337,OnTrack,1948,3582,1801,pos,0 days 01:09:47.924000,0 days 02:06:45.019000
2024-06-23 14:13:02.577,OnTrack,2096,3488,1792,pos,0 days 01:09:48.164000,0 days 02:06:45.259000
2024-06-23 14:13:02.737,OnTrack,2195,3424,1787,pos,0 days 01:09:48.324000,0 days 02:06:45.419000
2024-06-23 14:13:02.897,OnTrack,2293,3359,1782,pos,0 days 01:09:48.484000,0 days 02:06:45.579000
2024-06-23 14:13:03.117,OnTrack,2424,3264,1776,pos,0 days 01:09:48.704000,0 days 02:06:45.799000
2024-06-23 14:13:03.317,OnTrack,2528,3177,1770,pos,0 days 01:09:48.904000,0 days 02:06:45.999000
2024-06-23 14:13:03.596,OnTrack,2703,2987,1760,pos,0 days 01:09:49.183000,0 days 02:06:46.278000
2024-06-23 14:13:03.916,OnTrack,2780,2862,1755,pos,0 days 01:09:49.503000,0 days 02:06:46.598000
2024-06-23 14:13:04.136,OnTrack,2835,2725,1751,pos,0 days 01:09:49.723000,0 days 02:06:46.818000
2024-06-23 14:13:04.336,OnTrack,2867,2595,1748,pos,0 days 01:09:49.923000,0 days 02:06:47.018000
2024-06-23 14:13:04.516,OnTrack,2882,2476,1744,pos,0 days 01:09:50.103000,0 days 02:06:47.198000
2024-06-23 14:13:04.737,OnTrack,2881,2319,1742,pos,0 days 01:09:50.324000,0 days 02:06:47.419000
2024-06-23 14:13:05.077,OnTrack,2834,2093,1737,pos,0 days 01:09:50.664000,0 days 02:06:47.759000
2024-06-23 14:13:05.297,OnTrack,2779,1952,1735,pos,0 days 01:09:50.884000,0 days 02:06:47.979000
2024-06-23 14:13:05.557,OnTrack,2701,1802,1733,pos,0 days 01:09:51.144000,0 days 02:06:48.239000
2024-06-23 14:13:05.837,OnTrack,2599,1634,1730,pos,0 days 01:09:51.424000,0 days 02:06:48.519000
2024-06-23 14:13:05.957,OnTrack,2554,1563,1729,pos,0 days 01:09:51.544000,0 days 02:06:48.639000
2024-06-23 14:13:06.317,OnTrack,2365,1275,1724,pos,0 days 01:09:51.904000,0 days 02:06:48.999000
2024-06-23 14:13:06.597,OnTrack,2301,1177,1722,pos,0 days 01:09:52.184000,0 days 02:06:49.279000
2024-06-23 14:13:06.837,OnTrack,2205,1029,1719,pos,0 days 01:09:52.424000,0 days 02:06:49.519000
2024-06-23 14:13:07.157,OnTrack,2051,791,1716,pos,0 days 01:09:52.744000,0 days 02:06:49.839000
2024-06-23 14:13:07.537,OnTrack,1886,537,1712,pos,0 days 01:09:53.124000,0 days 02:06:50.219000
2024-06-23 14:13:07.897,OnTrack,1768,358,1709,pos,0 days 01:09:53.484000,0 days 02:06:50.579000
2024-06-23 14:13:08.117,OnTrack,1685,231,1708,pos,0 days 01:09:53.704000,0 days 02:06:50.799000
2024-06-23 14:13:08.377,OnTrack,1557,30,1708,pos,0 days 01:09:53.964000,0 days 02:06:51.059000
2024-06-23 14:13:08.717,OnTrack,1439,-153,1707,pos,0 days 01:09:54.304000,0 days 02:06:51.399000
2024-06-23 14:13:08.937,OnTrack,1345,-299,1707,pos,0 days 01:09:54.524000,0 days 02:06:51.619000
2024-06-23 14:13:09.137,OnTrack,1260,-432,1707,pos,0 days 01:09:54.724000,0 days 02:06:51.819000
2024-06-23 14:13:09.297,OnTrack,1192,-540,1708,pos,0 days 01:09:54.884000,0 days 02:06:51.979000
2024-06-23 14:13:09.537,OnTrack,1089,-701,1708,pos,0 days 01:09:55.124000,0 days 02:06:52.219000
2024-06-23 14:13:09.817,OnTrack,970,-889,1708,pos,0 days 01:09:55.404000,0 days 02:06:52.499000
2024-06-23 14:13:09.996,OnTrack,892,-1012,1708,pos,0 days 01:09:55.583000,0 days 02:06:52.678000
2024-06-23 14:13:10.236,OnTrack,789,-1175,1708,pos,0 days 01:09:55.823000,0 days 02:06:52.918000
2024-06-23 14:13:10.416,OnTrack,676,-1353,1707,pos,0 days 01:09:56.003000,0 days 02:06:53.098000
2024-06-23 14:13:10.796,OnTrack,545,-1558,1707,pos,0 days 01:09:56.383000,0 days 02:06:53.478000
2024-06-23 14:13:10.916,OnTrack,492,-1641,1708,pos,0 days 01:09:56.503000,0 days 02:06:53.598000
2024-06-23 14:13:11.216,OnTrack,361,-1848,1708,pos,0 days 01:09:56.803000,0 days 02:06:53.898000
2024-06-23 14:13:11.417,OnTrack,221,-2069,1708,pos,0 days 01:09:57.004000,0 days 02:06:54.099000
2024-06-23 14:13:11.817,OnTrack,89,-2277,1707,pos,0 days 01:09:57.404000,0 days 02:06:54.499000
2024-06-23 14:13:12.017,OnTrack,-35,-2472,1707,pos,0 days 01:09:57.604000,0 days 02:06:54.699000
2024-06-23 14:13:12.377,OnTrack,-165,-2672,1706,pos,0 days 01:09:57.964000,0 days 02:06:55.059000
2024-06-23 14:13:12.537,OnTrack,-238,-2783,1705,pos,0 days 01:09:58.124000,0 days 02:06:55.219000
2024-06-23 14:13:12.837,OnTrack,-375,-2990,1703,pos,0 days 01:09:58.424000,0 days 02:06:55.519000
2024-06-23 14:13:13.077,OnTrack,-532,-3226,1699,pos,0 days 01:09:58.664000,0 days 02:06:55.759000
2024-06-23 14:13:13.457,OnTrack,-726,-3516,1694,pos,0 days 01:09:59.044000,0 days 02:06:56.139000
2024-06-23 14:13:13.757,OnTrack,-800,-3627,1692,pos,0 days 01:09:59.344000,0 days 02:06:56.439000
2024-06-23 14:13:14.117,OnTrack,-1023,-3959,1685,pos,0 days 01:09:59.704000,0 days 02:06:56.799000
2024-06-23 14:13:14.537,OnTrack,-1209,-4236,1677,pos,0 days 01:10:00.124000,0 days 02:06:57.219000
2024-06-23 14:13:14.797,OnTrack,-1283,-4347,1674,pos,0 days 01:10:00.384000,0 days 02:06:57.479000
2024-06-23 14:13:14.997,OnTrack,-1376,-4485,1670,pos,0 days 01:10:00.584000,0 days 02:06:57.679000
2024-06-23 14:13:15.297,OnTrack,-1560,-4759,1662,pos,0 days 01:10:00.884000,0 days 02:06:57.979000
2024-06-23 14:13:15.777,OnTrack,-1724,-5012,1655,pos,0 days 01:10:01.364000,0 days 02:06:58.459000
2024-06-23 14:13:15.997,OnTrack,-1819,-5167,1652,pos,0 days 01:10:01.584000,0 days 02:06:58.679000
2024-06-23 14:13:16.157,OnTrack,-1947,-5384,1648,pos,0 days 01:10:01.744000,0 days 02:06:58.839000
2024-06-23 14:13:16.556,OnTrack,-2055,-5574,1645,pos,0 days 01:10:02.143000,0 days 02:06:59.238000
2024-06-23 14:13:16.716,OnTrack,-2178,-5794,1642,pos,0 days 01:10:02.303000,0 days 02:06:59.398000
2024-06-23 14:13:17.096,OnTrack,-2275,-5971,1639,pos,0 days 01:10:02.683000,0 days 02:06:59.778000
2024-06-23 14:13:17.396,OnTrack,-2400,-6191,1637,pos,0 days 01:10:02.983000,0 days 02:07:00.078000
2024-06-23 14:13:17.576,OnTrack,-2472,-6311,1635,pos,0 days 01:10:03.163000,0 days 02:07:00.258000
2024-06-23 14:13:17.837,OnTrack,-2594,-6498,1633,pos,0 days 01:10:03.424000,0 days 02:07:00.519000
2024-06-23 14:13:18.177,OnTrack,-2723,-6666,1631,pos,0 days 01:10:03.764000,0 days 02:07:00.859000
2024-06-23 14:13:18.557,OnTrack,-2794,-6746,1628,pos,0 days 01:10:04.144000,0 days 02:07:01.239000
2024-06-23 14:13:18.857,OnTrack,-2934,-6873,1625,pos,0 days 01:10:04.444000,0 days 02:07:01.539000
2024-06-23 14:13:19.217,OnTrack,-3017,-6928,1624,pos,0 days 01:10:04.804000,0 days 02:07:01.899000
2024-06-23 14:13:19.417,OnTrack,-3116,-6973,1623,pos,0 days 01:10:05.004000,0 days 02:07:02.099000
2024-06-23 14:13:19.877,OnTrack,-3294,-6993,1625,pos,0 days 01:10:05.464000,0 days 02:07:02.559000
2024-06-23 14:13:20.157,OnTrack,-3362,-6984,1627,pos,0 days 01:10:05.744000,0 days 02:07:02.839000
2024-06-23 14:13:20.377,OnTrack,-3444,-6960,1629,pos,0 days 01:10:05.964000,0 days 02:07:03.059000
2024-06-23 14:13:20.677,OnTrack,-3555,-6914,1631,pos,0 days 01:10:06.264000,0 days 02:07:03.359000
2024-06-23 14:13:20.857,OnTrack,-3623,-6883,1632,pos,0 days 01:10:06.444000,0 days 02:07:03.539000
2024-06-23 14:13:20.957,OnTrack,-3661,-6865,1632,pos,0 days 01:10:06.544000,0 days 02:07:03.639000
2024-06-23 14:13:21.257,OnTrack,-3781,-6813,1634,pos,0 days 01:10:06.844000,0 days 02:07:03.939000
2024-06-23 14:13:21.417,OnTrack,-3847,-6790,1635,pos,0 days 01:10:07.004000,0 days 02:07:04.099000
2024-06-23 14:13:21.697,OnTrack,-4017,-6768,1641,pos,0 days 01:10:07.284000,0 days 02:07:04.379000
2024-06-23 14:13:22.037,OnTrack,-4115,-6781,1645,pos,0 days 01:10:07.624000,0 days 02:07:04.719000
2024-06-23 14:13:22.377,OnTrack,-4310,-6852,1655,pos,0 days 01:10:07.964000,0 days 02:07:05.059000
2024-06-23 14:13:22.777,OnTrack,-4445,-6927,1663,pos,0 days 01:10:08.364000,0 days 02:07:05.459000
2024-06-23 14:13:23.116,OnTrack,-4582,-7019,1671,pos,0 days 01:10:08.703000,0 days 02:07:05.798000
2024-06-23 14:13:23.336,OnTrack,-4678,-7089,1676,pos,0 days 01:10:08.923000,0 days 02:07:06.018000
2024-06-23 14:13:23.596,OnTrack,-4797,-7170,1683,pos,0 days 01:10:09.183000,0 days 02:07:06.278000
2024-06-23 14:13:23.756,OnTrack,-4924,-7249,1690,pos,0 days 01:10:09.343000,0 days 02:07:06.438000
2024-06-23 14:13:24.156,OnTrack,-5079,-7333,1696,pos,0 days 01:10:09.743000,0 days 02:07:06.838000
2024-06-23 14:13:24.336,OnTrack,-5177,-7376,1701,pos,0 days 01:10:09.923000,0 days 02:07:07.018000
2024-06-23 14:13:24.597,OnTrack,-5415,-7441,1711,pos,0 days 01:10:10.184000,0 days 02:07:07.279000
2024-06-23 14:13:24.917,OnTrack,-5519,-7453,1716,pos,0 days 01:10:10.504000,0 days 02:07:07.599000
2024-06-23 14:13:25.277,OnTrack,-5769,-7441,1727,pos,0 days 01:10:10.864000,0 days 02:07:07.959000
2024-06-23 14:13:25.517,OnTrack,-5847,-7426,1730,pos,0 days 01:10:11.104000,0 days 02:07:08.199000
2024-06-23 14:13:25.777,OnTrack,-5991,-7384,1736,pos,0 days 01:10:11.364000,0 days 02:07:08.459000
2024-06-23 14:13:26.037,OnTrack,-6130,-7324,1741,pos,0 days 01:10:11.624000,0 days 02:07:08.719000
2024-06-23 14:13:26.157,OnTrack,-6193,-7289,1743,pos,0 days 01:10:11.744000,0 days 02:07:08.839000
2024-06-23 14:13:26.417,OnTrack,-6321,-7200,1748,pos,0 days 01:10:12.004000,0 days 02:07:09.099000
2024-06-23 14:13:26.597,OnTrack,-6400,-7126,1751,pos,0 days 01:10:12.184000,0 days 02:07:09.279000
2024-06-23 14:13:26.777,OnTrack,-6473,-7042,1755,pos,0 days 01:10:12.364000,0 days 02:07:09.459000
2024-06-23 14:13:26.997,OnTrack,-6550,-6928,1758,pos,0 days 01:10:12.584000,0 days 02:07:09.679000
2024-06-23 14:13:27.217,OnTrack,-6615,-6803,1761,pos,0 days 01:10:12.804000,0 days 02:07:09.899000
2024-06-23 14:13:27.457,OnTrack,-6669,-6657,1764,pos,0 days 01:10:13.044000,0 days 02:07:10.139000
2024-06-23 14:13:27.657,OnTrack,-6701,-6529,1766,pos,0 days 01:10:13.244000,0 days 02:07:10.339000
2024-06-23 14:13:27.897,OnTrack,-6725,-6370,1768,pos,0 days 01:10:13.484000,0 days 02:07:10.579000
2024-06-23 14:13:28.037,OnTrack,-6731,-6275,1769,pos,0 days 01:10:13.624000,0 days 02:07:10.719000
2024-06-23 14:13:28.397,OnTrack,-6727,-6028,1773,pos,0 days 01:10:13.984000,0 days 02:07:11.079000
2024-06-23 14:13:28.577,OnTrack,-6705,-5820,1776,pos,0 days 01:10:14.164000,0 days 02:07:11.259000
2024-06-23 14:13:28.857,OnTrack,-6687,-5708,1778,pos,0 days 01:10:14.444000,0 days 02:07:11.539000
2024-06-23 14:13:29.057,OnTrack,-6663,-5579,1779,pos,0 days 01:10:14.644000,0 days 02:07:11.739000
2024-06-23 14:13:29.337,OnTrack,-6595,-5317,1784,pos,0 days 01:10:14.924000,0 days 02:07:12.019000
2024-06-23 14:13:29.796,OnTrack,-6462,-4991,1789,pos,0 days 01:10:15.383000,0 days 02:07:12.478000
2024-06-23 14:13:30.076,OnTrack,-6403,-4887,1791,pos,0 days 01:10:15.663000,0 days 02:07:12.758000
2024-06-23 14:13:30.356,OnTrack,-6227,-4620,1795,pos,0 days 01:10:15.943000,0 days 02:07:13.038000
2024-06-23 14:13:30.676,OnTrack,-6148,-4509,1797,pos,0 days 01:10:16.263000,0 days 02:07:13.358000
2024-06-23 14:13:31.017,OnTrack,-5989,-4286,1800,pos,0 days 01:10:16.604000,0 days 02:07:13.699000
2024-06-23 14:13:31.077,OnTrack,-5966,-4247,1801,pos,0 days 01:10:16.664000,0 days 02:07:13.759000
2024-06-23 14:13:31.377,OnTrack,-5800,-3966,1806,pos,0 days 01:10:16.964000,0 days 02:07:14.059000
2024-06-23 14:13:31.797,OnTrack,-5629,-3689,1810,pos,0 days 01:10:17.384000,0 days 02:07:14.479000
2024-06-23 14:13:32.257,OnTrack,-5498,-3495,1813,pos,0 days 01:10:17.844000,0 days 02:07:14.939000
2024-06-23 14:13:32.457,OnTrack,-5425,-3386,1815,pos,0 days 01:10:18.044000,0 days 02:07:15.139000
2024-06-23 14:13:32.677,OnTrack,-5312,-3227,1817,pos,0 days 01:10:18.264000,0 days 02:07:15.359000
2024-06-23 14:13:33.097,OnTrack,-5204,-3095,1819,pos,0 days 01:10:18.684000,0 days 02:07:15.779000
2024-06-23 14:13:33.197,OnTrack,-5170,-3059,1819,pos,0 days 01:10:18.784000,0 days 02:07:15.879000
2024-06-23 14:13:33.417,OnTrack,-5095,-2989,1819,pos,0 days 01:10:19.004000,0 days 02:07:16.099000
2024-06-23 14:13:33.597,OnTrack,-5031,-2941,1821,pos,0 days 01:10:19.184000,0 days 02:07:16.279000
2024-06-23 14:13:33.877,OnTrack,-4873,-2864,1823,pos,0 days 01:10:19.464000,0 days 02:07:16.559000
2024-06-23 14:13:34.197,OnTrack,-4802,-2847,1823,pos,0 days 01:10:19.784000,0 days 02:07:16.879000
2024-06-23 14:13:34.437,OnTrack,-4707,-2838,1825,pos,0 days 01:10:20.024000,0 days 02:07:17.119000
2024-06-23 14:13:34.697,OnTrack,-4606,-2848,1827,pos,0 days 01:10:20.284000,0 days 02:07:17.379000
2024-06-23 14:13:34.897,OnTrack,-4532,-2867,1828,pos,0 days 01:10:20.484000,0 days 02:07:17.579000
2024-06-23 14:13:35.177,OnTrack,-4435,-2909,1830,pos,0 days 01:10:20.764000,0 days 02:07:17.859000
2024-06-23 14:13:35.277,OnTrack,-4402,-2928,1831,pos,0 days 01:10:20.864000,0 days 02:07:17.959000
2024-06-23 14:13:35.537,OnTrack,-4323,-2986,1833,pos,0 days 01:10:21.124000,0 days 02:07:18.219000
2024-06-23 14:13:35.797,OnTrack,-4231,-3085,1835,pos,0 days 01:10:21.384000,0 days 02:07:18.479000
2024-06-23 14:13:36.157,OnTrack,-4170,-3171,1836,pos,0 days 01:10:21.744000,0 days 02:07:18.839000
2024-06-23 14:13:36.276,OnTrack,-4144,-3214,1836,pos,0 days 01:10:21.863000,0 days 02:07:18.958000
2024-06-23 14:13:36.596,OnTrack,-4086,-3340,1838,pos,0 days 01:10:22.183000,0 days 02:07:19.278000
2024-06-23 14:13:36.796,OnTrack,-4059,-3426,1838,pos,0 days 01:10:22.383000,0 days 02:07:19.478000
2024-06-23 14:13:36.976,OnTrack,-4034,-3556,1839,pos,0 days 01:10:22.563000,0 days 02:07:19.658000
2024-06-23 14:13:37.356,OnTrack,-4027,-3697,1839,pos,0 days 01:10:22.943000,0 days 02:07:20.038000
2024-06-23 14:13:37.536,OnTrack,-4034,-3790,1839,pos,0 days 01:10:23.123000,0 days 02:07:20.218000
2024-06-23 14:13:37.857,OnTrack,-4086,-4014,1837,pos,0 days 01:10:23.444000,0 days 02:07:20.539000
2024-06-23 14:13:38.197,OnTrack,-4139,-4141,1835,pos,0 days 01:10:23.784000,0 days 02:07:20.879000
2024-06-23 14:13:38.397,OnTrack,-4195,-4244,1834,pos,0 days 01:10:23.984000,0 days 02:07:21.079000
2024-06-23 14:13:38.617,OnTrack,-4268,-4355,1832,pos,0 days 01:10:24.204000,0 days 02:07:21.299000
2024-06-23 14:13:38.777,OnTrack,-4325,-4436,1830,pos,0 days 01:10:24.364000,0 days 02:07:21.459000
2024-06-23 14:13:38.997,OnTrack,-4406,-4548,1828,pos,0 days 01:10:24.584000,0 days 02:07:21.679000
2024-06-23 14:13:39.177,OnTrack,-4473,-4641,1825,pos,0 days 01:10:24.764000,0 days 02:07:21.859000
2024-06-23 14:13:39.357,OnTrack,-4541,-4734,1823,pos,0 days 01:10:24.944000,0 days 02:07:22.039000
2024-06-23 14:13:39.577,OnTrack,-4626,-4850,1820,pos,0 days 01:10:25.164000,0 days 02:07:22.259000
2024-06-23 14:13:39.837,OnTrack,-4728,-4989,1817,pos,0 days 01:10:25.424000,0 days 02:07:22.519000
2024-06-23 14:13:40.077,OnTrack,-4822,-5118,1814,pos,0 days 01:10:25.664000,0 days 02:07:22.759000
2024-06-23 14:13:40.217,OnTrack,-4876,-5193,1812,pos,0 days 01:10:25.804000,0 days 02:07:22.899000
2024-06-23 14:13:40.477,OnTrack,-5001,-5370,1807,pos,0 days 01:10:26.064000,0 days 02:07:23.159000
2024-06-23 14:13:40.837,OnTrack,-5073,-5484,1803,pos,0 days 01:10:26.424000,0 days 02:07:23.519000
2024-06-23 14:13:41.097,OnTrack,-5132,-5589,1799,pos,0 days 01:10:26.684000,0 days 02:07:23.779000
2024-06-23 14:13:41.297,OnTrack,-5184,-5707,1794,pos,0 days 01:10:26.884000,0 days 02:07:23.979000
2024-06-23 14:13:41.757,OnTrack,-5219,-5825,1789,pos,0 days 01:10:27.344000,0 days 02:07:24.439000
2024-06-23 14:13:41.957,OnTrack,-5227,-5891,1786,pos,0 days 01:10:27.544000,0 days 02:07:24.639000
2024-06-23 14:13:42.177,OnTrack,-5225,-5961,1783,pos,0 days 01:10:27.764000,0 days 02:07:24.859000
2024-06-23 14:13:42.277,OnTrack,-5220,-5991,1781,pos,0 days 01:10:27.864000,0 days 02:07:24.959000
2024-06-23 14:13:42.617,OnTrack,-5186,-6083,1775,pos,0 days 01:10:28.204000,0 days 02:07:25.299000
2024-06-23 14:13:42.777,OnTrack,-5162,-6121,1773,pos,0 days 01:10:28.364000,0 days 02:07:25.459000
2024-06-23 14:13:43.036,OnTrack,-5113,-6172,1769,pos,0 days 01:10:28.623000,0 days 02:07:25.718000
2024-06-23 14:13:43.276,OnTrack,-5060,-6207,1767,pos,0 days 01:10:28.863000,0 days 02:07:25.958000
2024-06-23 14:13:43.376,OnTrack,-5037,-6219,1764,pos,0 days 01:10:28.963000,0 days 02:07:26.058000
2024-06-23 14:13:43.576,OnTrack,-4988,-6236,1762,pos,0 days 01:10:29.163000,0 days 02:07:26.258000
2024-06-23 14:13:43.876,OnTrack,-4887,-6251,1757,pos,0 days 01:10:29.463000,0 days 02:07:26.558000
2024-06-23 14:13:44.237,OnTrack,-4803,-6247,1752,pos,0 days 01:10:29.824000,0 days 02:07:26.919000
2024-06-23 14:13:44.397,OnTrack,-4757,-6239,1749,pos,0 days 01:10:29.984000,0 days 02:07:27.079000
2024-06-23 14:13:44.577,OnTrack,-4704,-6227,1745,pos,0 days 01:10:30.164000,0 days 02:07:27.259000
2024-06-23 14:13:44.897,OnTrack,-4575,-6181,1736,pos,0 days 01:10:30.484000,0 days 02:07:27.579000
2024-06-23 14:13:45.357,OnTrack,-4422,-6106,1726,pos,0 days 01:10:30.944000,0 days 02:07:28.039000
2024-06-23 14:13:45.777,OnTrack,-4310,-6046,1719,pos,0 days 01:10:31.364000,0 days 02:07:28.459000
2024-06-23 14:13:45.977,OnTrack,-4197,-5984,1711,pos,0 days 01:10:31.564000,0 days 02:07:28.659000
2024-06-23 14:13:46.257,OnTrack,-4110,-5938,1706,pos,0 days 01:10:31.844000,0 days 02:07:28.939000
2024-06-23 14:13:46.597,OnTrack,-3895,-5831,1692,pos,0 days 01:10:32.184000,0 days 02:07:29.279000
2024-06-23 14:13:46.857,OnTrack,-3774,-5778,1686,pos,0 days 01:10:32.444000,0 days 02:07:29.539000
2024-06-23 14:13:47.077,OnTrack,-3658,-5729,1680,pos,0 days 01:10:32.664000,0 days 02:07:29.759000
2024-06-23 14:13:47.357,OnTrack,-3504,-5665,1674,pos,0 days 01:10:32.944000,0 days 02:07:30.039000
2024-06-23 14:13:47.517,OnTrack,-3416,-5625,1670,pos,0 days 01:10:33.104000,0 days 02:07:30.199000
2024-06-23 14:13:47.757,OnTrack,-3283,-5558,1664,pos,0 days 01:10:33.344000,0 days 02:07:30.439000
2024-06-23 14:13:47.977,OnTrack,-3162,-5486,1660,pos,0 days 01:10:33.564000,0 days 02:07:30.659000
2024-06-23 14:13:48.277,OnTrack,-3001,-5374,1655,pos,0 days 01:10:33.864000,0 days 02:07:30.959000
2024-06-23 14:13:48.317,OnTrack,-2980,-5358,1655,pos,0 days 01:10:33.904000,0 days 02:07:30.999000
2024-06-23 14:13:48.697,OnTrack,-2771,-5169,1651,pos,0 days 01:10:34.284000,0 days 02:07:31.379000
2024-06-23 14:13:49.037,OnTrack,-2635,-5015,1650,pos,0 days 01:10:34.624000,0 days 02:07:31.719000
2024-06-23 14:13:49.277,OnTrack,-2533,-4882,1651,pos,0 days 01:10:34.864000,0 days 02:07:31.959000
2024-06-23 14:13:49.377,OnTrack,-2492,-4826,1651,pos,0 days 01:10:34.964000,0 days 02:07:32.059000
2024-06-23 14:13:49.576,OnTrack,-2413,-4711,1651,pos,0 days 01:10:35.163000,0 days 02:07:32.258000
2024-06-23 14:13:49.916,OnTrack,-2289,-4532,1653,pos,0 days 01:10:35.503000,0 days 02:07:32.598000
2024-06-23 14:13:50.096,OnTrack,-2209,-4412,1656,pos,0 days 01:10:35.683000,0 days 02:07:32.778000
2024-06-23 14:13:50.496,OnTrack,-2116,-4229,1661,pos,0 days 01:10:36.083000,0 days 02:07:33.178000
2024-06-23 14:13:50.957,OnTrack,-2086,-4058,1663,pos,0 days 01:10:36.544000,0 days 02:07:33.639000
2024-06-23 14:13:51.277,OnTrack,-2083,-3968,1666,pos,0 days 01:10:36.864000,0 days 02:07:33.959000
2024-06-23 14:13:51.577,OnTrack,-2095,-3838,1671,pos,0 days 01:10:37.164000,0 days 02:07:34.259000
2024-06-23 14:13:51.897,OnTrack,-2121,-3748,1677,pos,0 days 01:10:37.484000,0 days 02:07:34.579000
2024-06-23 14:13:52.117,OnTrack,-2158,-3678,1681,pos,0 days 01:10:37.704000,0 days 02:07:34.799000
2024-06-23 14:13:52.297,OnTrack,-2199,-3626,1683,pos,0 days 01:10:37.884000,0 days 02:07:34.979000
2024-06-23 14:13:52.517,OnTrack,-2259,-3568,1686,pos,0 days 01:10:38.104000,0 days 02:07:35.199000
2024-06-23 14:13:52.717,OnTrack,-2321,-3520,1690,pos,0 days 01:10:38.304000,0 days 02:07:35.399000
2024-06-23 14:13:52.997,OnTrack,-2413,-3454,1694,pos,0 days 01:10:38.584000,0 days 02:07:35.679000
2024-06-23 14:13:53.257,OnTrack,-2501,-3387,1700,pos,0 days 01:10:38.844000,0 days 02:07:35.939000
2024-06-23 14:13:53.437,OnTrack,-2562,-3333,1706,pos,0 days 01:10:39.024000,0 days 02:07:36.119000
2024-06-23 14:13:53.657,OnTrack,-2635,-3258,1714,pos,0 days 01:10:39.244000,0 days 02:07:36.339000
2024-06-23 14:13:53.837,OnTrack,-2724,-3138,1724,pos,0 days 01:10:39.424000,0 days 02:07:36.519000
2024-06-23 14:13:54.097,OnTrack,-2760,-3075,1729,pos,0 days 01:10:39.684000,0 days 02:07:36.779000
2024-06-23 14:13:54.397,OnTrack,-2832,-2928,1740,pos,0 days 01:10:39.984000,0 days 02:07:37.079000
2024-06-23 14:13:54.637,OnTrack,-2916,-2742,1751,pos,0 days 01:10:40.224000,0 days 02:07:37.319000
2024-06-23 14:13:54.957,OnTrack,-2967,-2635,1757,pos,0 days 01:10:40.544000,0 days 02:07:37.639000
2024-06-23 14:13:55.117,OnTrack,-3008,-2548,1764,pos,0 days 01:10:40.704000,0 days 02:07:37.799000
2024-06-23 14:13:55.457,OnTrack,-3099,-2358,1777,pos,0 days 01:10:41.044000,0 days 02:07:38.139000
2024-06-23 14:13:55.717,OnTrack,-3209,-2125,1792,pos,0 days 01:10:41.304000,0 days 02:07:38.399000
2024-06-23 14:13:55.957,OnTrack,-3237,-2066,1796,pos,0 days 01:10:41.544000,0 days 02:07:38.639000
2024-06-23 14:13:56.216,OnTrack,-3311,-1912,1806,pos,0 days 01:10:41.803000,0 days 02:07:38.898000
2024-06-23 14:13:56.556,OnTrack,-3431,-1643,1824,pos,0 days 01:10:42.143000,0 days 02:07:39.238000
2024-06-23 14:13:56.896,OnTrack,-3478,-1492,1833,pos,0 days 01:10:42.483000,0 days 02:07:39.578000
2024-06-23 14:13:57.176,OnTrack,-3505,-1316,1842,pos,0 days 01:10:42.763000,0 days 02:07:39.858000
2024-06-23 14:13:57.377,OnTrack,-3506,-1175,1846,pos,0 days 01:10:42.964000,0 days 02:07:40.059000
2024-06-23 14:13:57.517,OnTrack,-3490,-1023,1853,pos,0 days 01:10:43.104000,0 days 02:07:40.199000
2024-06-23 14:13:57.897,OnTrack,-3452,-850,1859,pos,0 days 01:10:43.484000,0 days 02:07:40.579000
2024-06-23 14:13:58.137,OnTrack,-3373,-638,1866,pos,0 days 01:10:43.724000,0 days 02:07:40.819000
2024-06-23 14:13:58.617,OnTrack,-3222,-408,1872,pos,0 days 01:10:44.204000,0 days 02:07:41.299000
2024-06-23 14:13:58.957,OnTrack,-2997,-246,1875,pos,0 days 01:10:44.544000,0 days 02:07:41.639000
2024-06-23 14:13:59.377,OnTrack,-2805,-163,1873,pos,0 days 01:10:44.964000,0 days 02:07:42.059000
2024-06-23 14:13:59.577,OnTrack,-2599,-81,1871,pos,0 days 01:10:45.164000,0 days 02:07:42.259000
2024-06-23 14:14:00.037,OnTrack,-2317,47,1867,pos,0 days 01:10:45.624000,0 days 02:07:42.719000
2024-06-23 14:14:00.377,OnTrack,-2161,121,1865,pos,0 days 01:10:45.964000,0 days 02:07:43.059000
2024-06-23 14:14:00.697,OnTrack,-1923,233,1862,pos,0 days 01:10:46.284000,0 days 02:07:43.379000
2024-06-23 14:14:00.957,OnTrack,-1776,303,1860,pos,0 days 01:10:46.544000,0 days 02:07:43.639000
2024-06-23 14:14:01.157,OnTrack,-1641,367,1859,pos,0 days 01:10:46.744000,0 days 02:07:43.839000
2024-06-23 14:14:01.337,OnTrack,-1518,425,1857,pos,0 days 01:10:46.924000,0 days 02:07:44.019000
2024-06-23 14:14:01.577,OnTrack,-1354,504,1855,pos,0 days 01:10:47.164000,0 days 02:07:44.259000
2024-06-23 14:14:01.857,OnTrack,-1160,598,1853,pos,0 days 01:10:47.444000,0 days 02:07:44.539000
2024-06-23 14:14:02.137,OnTrack,-972,694,1850,pos,0 days 01:10:47.724000,0 days 02:07:44.819000
2024-06-23 14:14:02.337,OnTrack,-834,767,1848,pos,0 days 01:10:47.924000,0 days 02:07:45.019000
2024-06-23 14:14:02.537,OnTrack,-627,878,1846,pos,0 days 01:10:48.124000,0 days 02:07:45.219000
2024-06-23 14:14:02.856,OnTrack,-474,960,1843,pos,0 days 01:10:48.443000,0 days 02:07:45.538000
2024-06-23 14:14:03.076,OnTrack,-320,1042,1841,pos,0 days 01:10:48.663000,0 days 02:07:45.758000
2024-06-23 14:14:03.256,OnTrack,-195,1109,1840,pos,0 days 01:10:48.843000,0 days 02:07:45.938000
2024-06-23 14:14:03.496,OnTrack,-27,1198,1837,pos,0 days 01:10:49.083000,0 days 02:07:46.178000
2024-06-23 14:14:03.776,OnTrack,167,1302,1835,pos,0 days 01:10:49.363000,0 days 02:07:46.458000
2024-06-23 14:14:03.997,OnTrack,356,1401,1832,pos,0 days 01:10:49.584000,0 days 02:07:46.679000
2024-06-23 14:14:04.317,OnTrack,540,1489,1829,pos,0 days 01:10:49.904000,0 days 02:07:46.999000
2024-06-23 14:14:04.637,OnTrack,767,1585,1827,pos,0 days 01:10:50.224000,0 days 02:07:47.319000
2024-06-23 14:14:04.817,OnTrack,876,1628,1826,pos,0 days 01:10:50.404000,0 days 02:07:47.499000
2024-06-23 14:14:05.017,OnTrack,987,1673,1824,pos,0 days 01:10:50.604000,0 days 02:07:47.699000
2024-06-23 14:14:05.277,OnTrack,1135,1737,1823,pos,0 days 01:10:50.864000,0 days 02:07:47.959000
2024-06-23 14:14:05.677,OnTrack,1272,1812,1821,pos,0 days 01:10:51.264000,0 days 02:07:48.359000
2024-06-23 14:14:05.857,OnTrack,1328,1854,1821,pos,0 days 01:10:51.444000,0 days 02:07:48.539000
2024-06-23 14:14:06.077,OnTrack,1385,1910,1819,pos,0 days 01:10:51.664000,0 days 02:07:48.759000
2024-06-23 14:14:06.257,OnTrack,1421,1962,1819,pos,0 days 01:10:51.844000,0 days 02:07:48.939000
2024-06-23 14:14:06.517,OnTrack,1454,2045,1818,pos,0 days 01:10:52.104000,0 days 02:07:49.199000
2024-06-23 14:14:06.737,OnTrack,1464,2117,1817,pos,0 days 01:10:52.324000,0 days 02:07:49.419000
2024-06-23 14:14:06.897,OnTrack,1457,2201,1817,pos,0 days 01:10:52.484000,0 days 02:07:49.579000
2024-06-23 14:14:07.277,OnTrack,1434,2285,1818,pos,0 days 01:10:52.864000,0 days 02:07:49.959000
2024-06-23 14:14:07.537,OnTrack,1383,2386,1821,pos,0 days 01:10:53.124000,0 days 02:07:50.219000
2024-06-23 14:14:07.857,OnTrack,1349,2433,1822,pos,0 days 01:10:53.444000,0 days 02:07:50.539000
2024-06-23 14:14:08.057,OnTrack,1313,2476,1824,pos,0 days 01:10:53.644000,0 days 02:07:50.739000
2024-06-23 14:14:08.357,OnTrack,1252,2532,1826,pos,0 days 01:10:53.944000,0 days 02:07:51.039000
2024-06-23 14:14:08.537,OnTrack,1211,2562,1827,pos,0 days 01:10:54.124000,0 days 02:07:51.219000
2024-06-23 14:14:08.737,OnTrack,1161,2589,1828,pos,0 days 01:10:54.324000,0 days 02:07:51.419000
2024-06-23 14:14:09.017,OnTrack,1083,2620,1830,pos,0 days 01:10:54.604000,0 days 02:07:51.699000
2024-06-23 14:14:09.216,OnTrack,1023,2637,1831,pos,0 days 01:10:54.803000,0 days 02:07:51.898000
2024-06-23 14:14:09.396,OnTrack,965,2648,1832,pos,0 days 01:10:54.983000,0 days 02:07:52.078000
2024-06-23 14:14:09.496,OnTrack,932,2652,1833,pos,0 days 01:10:55.083000,0 days 02:07:52.178000
2024-06-23 14:14:09.716,OnTrack,855,2659,1835,pos,0 days 01:10:55.303000,0 days 02:07:52.398000
2024-06-23 14:14:10.016,OnTrack,744,2657,1837,pos,0 days 01:10:55.603000,0 days 02:07:52.698000
2024-06-23 14:14:10.236,OnTrack,657,2647,1839,pos,0 days 01:10:55.823000,0 days 02:07:52.918000
2024-06-23 14:14:10.457,OnTrack,558,2626,1841,pos,0 days 01:10:56.044000,0 days 02:07:53.139000
2024-06-23 14:14:10.577,OnTrack,457,2593,1844,pos,0 days 01:10:56.164000,0 days 02:07:53.259000
2024-06-23 14:14:11.097,OnTrack,257,2493,1853,pos,0 days 01:10:56.684000,0 days 02:07:53.779000
2024-06-23 14:14:11.517,OnTrack,107,2393,1862,pos,0 days 01:10:57.104000,0 days 02:07:54.199000
2024-06-23 14:14:11.717,OnTrack,-17,2305,1867,pos,0 days 01:10:57.304000,0 days 02:07:54.399000
2024-06-23 14:14:12.017,OnTrack,-105,2252,1872,pos,0 days 01:10:57.604000,0 days 02:07:54.699000
2024-06-23 14:14:12.217,OnTrack,-200,2205,1876,pos,0 days 01:10:57.804000,0 days 02:07:54.899000
2024-06-23 14:14:12.397,OnTrack,-284,2172,1878,pos,0 days 01:10:57.984000,0 days 02:07:55.079000
2024-06-23 14:14:12.617,OnTrack,-383,2143,1882,pos,0 days 01:10:58.204000,0 days 02:07:55.299000
2024-06-23 14:14:12.817,OnTrack,-470,2128,1886,pos,0 days 01:10:58.404000,0 days 02:07:55.499000
2024-06-23 14:14:13.097,OnTrack,-640,2125,1894,pos,0 days 01:10:58.684000,0 days 02:07:55.779000
2024-06-23 14:14:13.397,OnTrack,-700,2134,1897,pos,0 days 01:10:58.984000,0 days 02:07:56.079000
2024-06-23 14:14:13.737,OnTrack,-815,2175,1904,pos,0 days 01:10:59.324000,0 days 02:07:56.419000
2024-06-23 14:14:13.977,OnTrack,-915,2249,1907,pos,0 days 01:10:59.564000,0 days 02:07:56.659000
2024-06-23 14:14:14.297,OnTrack,-959,2301,1909,pos,0 days 01:10:59.884000,0 days 02:07:56.979000
2024-06-23 14:14:14.597,OnTrack,-1008,2389,1910,pos,0 days 01:11:00.184000,0 days 02:07:57.279000
2024-06-23 14:14:14.737,OnTrack,-1025,2432,1911,pos,0 days 01:11:00.324000,0 days 02:07:57.419000
2024-06-23 14:14:14.917,OnTrack,-1040,2488,1912,pos,0 days 01:11:00.504000,0 days 02:07:57.599000
2024-06-23 14:14:15.077,OnTrack,-1047,2538,1913,pos,0 days 01:11:00.664000,0 days 02:07:57.759000
2024-06-23 14:14:15.457,OnTrack,-1048,2658,1915,pos,0 days 01:11:01.044000,0 days 02:07:58.139000
2024-06-23 14:14:15.657,OnTrack,-1036,2741,1916,pos,0 days 01:11:01.244000,0 days 02:07:58.339000
2024-06-23 14:14:16.056,OnTrack,-993,2876,1918,pos,0 days 01:11:01.643000,0 days 02:07:58.738000
2024-06-23 14:14:16.316,OnTrack,-967,2933,1919,pos,0 days 01:11:01.903000,0 days 02:07:58.998000
2024-06-23 14:14:16.676,OnTrack,-898,3047,1921,pos,0 days 01:11:02.263000,0 days 02:07:59.358000
2024-06-23 14:14:16.896,OnTrack,-801,3163,1922,pos,0 days 01:11:02.483000,0 days 02:07:59.578000
2024-06-23 14:14:17.257,OnTrack,-735,3227,1923,pos,0 days 01:11:02.844000,0 days 02:07:59.939000
2024-06-23 14:14:17.497,OnTrack,-656,3295,1922,pos,0 days 01:11:03.084000,0 days 02:08:00.179000
2024-06-23 14:14:17.637,OnTrack,-604,3338,1922,pos,0 days 01:11:03.224000,0 days 02:08:00.319000
2024-06-23 14:14:17.797,OnTrack,-549,3380,1921,pos,0 days 01:11:03.384000,0 days 02:08:00.479000
2024-06-23 14:14:17.977,OnTrack,-477,3436,1920,pos,0 days 01:11:03.564000,0 days 02:08:00.659000
2024-06-23 14:14:18.257,OnTrack,-301,3578,1917,pos,0 days 01:11:03.844000,0 days 02:08:00.939000
2024-06-23 14:14:18.797,OnTrack,-125,3729,1912,pos,0 days 01:11:04.384000,0 days 02:08:01.479000
2024-06-23 14:14:18.997,OnTrack,-33,3806,1908,pos,0 days 01:11:04.584000,0 days 02:08:01.679000
2024-06-23 14:14:19.857,OnTrack,420,4094,1888,pos,0 days 01:11:05.444000,0 days 02:08:02.539000
2024-06-23 14:14:20.157,OnTrack,645,4139,1877,pos,0 days 01:11:05.744000,0 days 02:08:02.839000
2024-06-23 14:14:20.497,OnTrack,860,4127,1866,pos,0 days 01:11:06.084000,0 days 02:08:03.179000
2024-06-23 14:14:20.757,OnTrack,1070,4075,1854,pos,0 days 01:11:06.344000,0 days 02:08:03.439000
2024-06-23 14:14:21.197,OnTrack,1361,3946,1836,pos,0 days 01:11:06.784000,0 days 02:08:03.879000
2024-06-23 14:14:21.517,OnTrack,1508,3862,1827,pos,0 days 01:11:07.104000,0 days 02:08:04.199000
2024-06-23 14:14:21.737,OnTrack,1700,3742,1816,pos,0 days 01:11:07.324000,0 days 02:08:04.419000
2024-06-23 14:14:22.157,OnTrack,1891,3619,1805,pos,0 days 01:11:07.744000,0 days 02:08:04.839000
2024-06-23 14:14:22.416,OnTrack,2049,3519,1796,pos,0 days 01:11:08.003000,0 days 02:08:05.098000
2024-06-23 14:14:22.596,OnTrack,2158,3449,1789,pos,0 days 01:11:08.183000,0 days 02:08:05.278000
2024-06-23 14:14:22.796,OnTrack,2279,3369,1783,pos,0 days 01:11:08.383000,0 days 02:08:05.478000
2024-06-23 14:14:22.976,OnTrack,2464,3232,1774,pos,0 days 01:11:08.563000,0 days 02:08:05.658000
2024-06-23 14:14:23.356,OnTrack,2584,3122,1767,pos,0 days 01:11:08.943000,0 days 02:08:06.038000
2024-06-23 14:14:23.516,OnTrack,2660,3041,1762,pos,0 days 01:11:09.103000,0 days 02:08:06.198000
2024-06-23 14:14:23.697,OnTrack,2738,2936,1758,pos,0 days 01:11:09.284000,0 days 02:08:06.379000
2024-06-23 14:14:23.917,OnTrack,2805,2807,1754,pos,0 days 01:11:09.504000,0 days 02:08:06.599000
2024-06-23 14:14:24.217,OnTrack,2863,2615,1748,pos,0 days 01:11:09.804000,0 days 02:08:06.899000
2024-06-23 14:14:24.457,OnTrack,2885,2376,1743,pos,0 days 01:11:10.044000,0 days 02:08:07.139000
2024-06-23 14:14:24.797,OnTrack,2870,2240,1740,pos,0 days 01:11:10.384000,0 days 02:08:07.479000
2024-06-23 14:14:24.977,OnTrack,2843,2120,1738,pos,0 days 01:11:10.564000,0 days 02:08:07.659000
2024-06-23 14:14:25.217,OnTrack,2784,1963,1735,pos,0 days 01:11:10.804000,0 days 02:08:07.899000
2024-06-23 14:14:25.457,OnTrack,2669,1747,1732,pos,0 days 01:11:11.044000,0 days 02:08:08.139000
2024-06-23 14:14:25.757,OnTrack,2595,1627,1730,pos,0 days 01:11:11.344000,0 days 02:08:08.439000
2024-06-23 14:14:25.957,OnTrack,2518,1507,1728,pos,0 days 01:11:11.544000,0 days 02:08:08.639000
2024-06-23 14:14:26.217,OnTrack,2415,1351,1725,pos,0 days 01:11:11.804000,0 days 02:08:08.899000
2024-06-23 14:14:26.397,OnTrack,2344,1242,1723,pos,0 days 01:11:11.984000,0 days 02:08:09.079000
2024-06-23 14:14:26.577,OnTrack,2272,1132,1721,pos,0 days 01:11:12.164000,0 days 02:08:09.259000
2024-06-23 14:14:26.897,OnTrack,2095,859,1716,pos,0 days 01:11:12.484000,0 days 02:08:09.579000
2024-06-23 14:14:27.257,OnTrack,1938,618,1713,pos,0 days 01:11:12.844000,0 days 02:08:09.939000
2024-06-23 14:14:27.637,OnTrack,1838,464,1711,pos,0 days 01:11:13.224000,0 days 02:08:10.319000
2024-06-23 14:14:27.857,OnTrack,1746,323,1709,pos,0 days 01:11:13.444000,0 days 02:08:10.539000
2024-06-23 14:14:28.057,OnTrack,1678,220,1708,pos,0 days 01:11:13.644000,0 days 02:08:10.739000
2024-06-23 14:14:28.397,OnTrack,1490,-73,1708,pos,0 days 01:11:13.984000,0 days 02:08:11.079000
2024-06-23 14:14:28.637,OnTrack,1430,-166,1707,pos,0 days 01:11:14.224000,0 days 02:08:11.319000
2024-06-23 14:14:28.956,OnTrack,1260,-432,1707,pos,0 days 01:11:14.543000,0 days 02:08:11.638000
2024-06-23 14:14:29.276,OnTrack,1158,-593,1708,pos,0 days 01:11:14.863000,0 days 02:08:11.958000
2024-06-23 14:14:29.556,OnTrack,1038,-782,1708,pos,0 days 01:11:15.143000,0 days 02:08:12.238000
2024-06-23 14:14:29.836,OnTrack,918,-972,1708,pos,0 days 01:11:15.423000,0 days 02:08:12.518000
2024-06-23 14:14:30.056,OnTrack,779,-1190,1708,pos,0 days 01:11:15.643000,0 days 02:08:12.738000
2024-06-23 14:14:30.317,OnTrack,701,-1313,1707,pos,0 days 01:11:15.904000,0 days 02:08:12.999000
2024-06-23 14:14:30.577,OnTrack,588,-1491,1707,pos,0 days 01:11:16.164000,0 days 02:08:13.259000
2024-06-23 14:14:30.697,OnTrack,535,-1574,1708,pos,0 days 01:11:16.284000,0 days 02:08:13.379000
2024-06-23 14:14:30.997,OnTrack,351,-1863,1708,pos,0 days 01:11:16.584000,0 days 02:08:13.679000
2024-06-23 14:14:31.317,OnTrack,272,-1988,1708,pos,0 days 01:11:16.904000,0 days 02:08:13.999000
2024-06-23 14:14:31.577,OnTrack,158,-2168,1707,pos,0 days 01:11:17.164000,0 days 02:08:14.259000
2024-06-23 14:14:31.777,OnTrack,70,-2307,1708,pos,0 days 01:11:17.364000,0 days 02:08:14.459000
2024-06-23 14:14:32.077,OnTrack,-62,-2515,1707,pos,0 days 01:11:17.664000,0 days 02:08:14.759000
2024-06-23 14:14:32.297,OnTrack,-197,-2721,1705,pos,0 days 01:11:17.884000,0 days 02:08:14.979000
2024-06-23 14:14:32.577,OnTrack,-288,-2859,1704,pos,0 days 01:11:18.164000,0 days 02:08:15.259000
2024-06-23 14:14:32.797,OnTrack,-389,-3011,1702,pos,0 days 01:11:18.384000,0 days 02:08:15.479000
2024-06-23 14:14:32.957,OnTrack,-462,-3121,1701,pos,0 days 01:11:18.544000,0 days 02:08:15.639000
2024-06-23 14:14:33.177,OnTrack,-563,-3273,1699,pos,0 days 01:11:18.764000,0 days 02:08:15.859000
2024-06-23 14:14:33.417,OnTrack,-674,-3439,1696,pos,0 days 01:11:19.004000,0 days 02:08:16.099000
2024-06-23 14:14:33.617,OnTrack,-766,-3577,1693,pos,0 days 01:11:19.204000,0 days 02:08:16.299000
2024-06-23 14:14:33.817,OnTrack,-859,-3715,1690,pos,0 days 01:11:19.404000,0 days 02:08:16.499000
2024-06-23 14:14:34.097,OnTrack,-1026,-3964,1684,pos,0 days 01:11:19.684000,0 days 02:08:16.779000
2024-06-23 14:14:34.457,OnTrack,-1156,-4158,1679,pos,0 days 01:11:20.044000,0 days 02:08:17.139000
2024-06-23 14:14:34.777,OnTrack,-1305,-4380,1673,pos,0 days 01:11:20.364000,0 days 02:08:17.459000
2024-06-23 14:14:34.937,OnTrack,-1380,-4490,1669,pos,0 days 01:11:20.524000,0 days 02:08:17.619000
2024-06-23 14:14:35.177,OnTrack,-1491,-4657,1665,pos,0 days 01:11:20.764000,0 days 02:08:17.859000
2024-06-23 14:14:35.337,OnTrack,-1566,-4768,1662,pos,0 days 01:11:20.924000,0 days 02:08:18.019000
2024-06-23 14:14:35.497,OnTrack,-1639,-4879,1659,pos,0 days 01:11:21.084000,0 days 02:08:18.179000
2024-06-23 14:14:35.796,OnTrack,-1784,-5108,1653,pos,0 days 01:11:21.383000,0 days 02:08:18.478000
2024-06-23 14:14:35.876,OnTrack,-1818,-5165,1652,pos,0 days 01:11:21.463000,0 days 02:08:18.558000
2024-06-23 14:14:36.196,OnTrack,-1953,-5396,1647,pos,0 days 01:11:21.783000,0 days 02:08:18.878000
2024-06-23 14:14:36.436,OnTrack,-2069,-5599,1644,pos,0 days 01:11:22.023000,0 days 02:08:19.118000
2024-06-23 14:14:36.676,OnTrack,-2150,-5744,1642,pos,0 days 01:11:22.263000,0 days 02:08:19.358000
2024-06-23 14:14:36.957,OnTrack,-2269,-5959,1640,pos,0 days 01:11:22.544000,0 days 02:08:19.639000
2024-06-23 14:14:37.217,OnTrack,-2367,-6134,1637,pos,0 days 01:11:22.804000,0 days 02:08:19.899000
2024-06-23 14:14:37.417,OnTrack,-2484,-6330,1635,pos,0 days 01:11:23.004000,0 days 02:08:20.099000
2024-06-23 14:14:37.717,OnTrack,-2540,-6418,1634,pos,0 days 01:11:23.304000,0 days 02:08:20.399000
2024-06-23 14:14:37.997,OnTrack,-2632,-6550,1632,pos,0 days 01:11:23.584000,0 days 02:08:20.679000
2024-06-23 14:14:38.217,OnTrack,-2733,-6677,1630,pos,0 days 01:11:23.804000,0 days 02:08:20.899000
2024-06-23 14:14:38.557,OnTrack,-2806,-6758,1628,pos,0 days 01:11:24.144000,0 days 02:08:21.239000
2024-06-23 14:14:38.817,OnTrack,-2886,-6834,1626,pos,0 days 01:11:24.404000,0 days 02:08:21.499000
2024-06-23 14:14:39.097,OnTrack,-3001,-6918,1624,pos,0 days 01:11:24.684000,0 days 02:08:21.779000
2024-06-23 14:14:39.477,OnTrack,-3137,-6979,1623,pos,0 days 01:11:25.064000,0 days 02:08:22.159000
2024-06-23 14:14:39.737,OnTrack,-3194,-6990,1623,pos,0 days 01:11:25.324000,0 days 02:08:22.419000
2024-06-23 14:14:39.977,OnTrack,-3282,-6994,1624,pos,0 days 01:11:25.564000,0 days 02:08:22.659000
2024-06-23 14:14:40.297,OnTrack,-3400,-6974,1627,pos,0 days 01:11:25.884000,0 days 02:08:22.979000
2024-06-23 14:14:40.457,OnTrack,-3458,-6955,1629,pos,0 days 01:11:26.044000,0 days 02:08:23.139000
2024-06-23 14:14:40.617,OnTrack,-3516,-6931,1630,pos,0 days 01:11:26.204000,0 days 02:08:23.299000
2024-06-23 14:14:40.857,OnTrack,-3603,-6892,1631,pos,0 days 01:11:26.444000,0 days 02:08:23.539000
2024-06-23 14:14:41.157,OnTrack,-3730,-6834,1633,pos,0 days 01:11:26.744000,0 days 02:08:23.839000
2024-06-23 14:14:41.417,OnTrack,-3817,-6799,1635,pos,0 days 01:11:27.004000,0 days 02:08:24.099000
2024-06-23 14:14:41.637,OnTrack,-3908,-6775,1638,pos,0 days 01:11:27.224000,0 days 02:08:24.319000
2024-06-23 14:14:41.857,OnTrack,-4002,-6767,1641,pos,0 days 01:11:27.444000,0 days 02:08:24.539000
2024-06-23 14:14:42.077,OnTrack,-4098,-6778,1645,pos,0 days 01:11:27.664000,0 days 02:08:24.759000
2024-06-23 14:14:42.236,OnTrack,-4168,-6795,1647,pos,0 days 01:11:27.823000,0 days 02:08:24.918000
2024-06-23 14:14:42.416,OnTrack,-4245,-6823,1651,pos,0 days 01:11:28.003000,0 days 02:08:25.098000
2024-06-23 14:14:42.736,OnTrack,-4352,-6873,1656,pos,0 days 01:11:28.323000,0 days 02:08:25.418000
2024-06-23 14:14:42.976,OnTrack,-4460,-6937,1663,pos,0 days 01:11:28.563000,0 days 02:08:25.658000
2024-06-23 14:14:43.397,OnTrack,-4675,-7087,1676,pos,0 days 01:11:28.984000,0 days 02:08:26.079000
2024-06-23 14:14:43.657,OnTrack,-4728,-7124,1679,pos,0 days 01:11:29.244000,0 days 02:08:26.339000
2024-06-23 14:14:43.977,OnTrack,-4866,-7214,1686,pos,0 days 01:11:29.564000,0 days 02:08:26.659000
2024-06-23 14:14:44.157,OnTrack,-4954,-7267,1691,pos,0 days 01:11:29.744000,0 days 02:08:26.839000
2024-06-23 14:14:44.377,OnTrack,-5067,-7327,1696,pos,0 days 01:11:29.964000,0 days 02:08:27.059000
2024-06-23 14:14:44.657,OnTrack,-5219,-7391,1702,pos,0 days 01:11:30.244000,0 days 02:08:27.339000
2024-06-23 14:14:44.837,OnTrack,-5319,-7422,1707,pos,0 days 01:11:30.424000,0 days 02:08:27.519000
2024-06-23 14:14:44.897,OnTrack,-5353,-7430,1708,pos,0 days 01:11:30.484000,0 days 02:08:27.579000
2024-06-23 14:14:45.237,OnTrack,-5550,-7454,1717,pos,0 days 01:11:30.824000,0 days 02:08:27.919000
2024-06-23 14:14:45.457,OnTrack,-5679,-7451,1723,pos,0 days 01:11:31.044000,0 days 02:08:28.139000
2024-06-23 14:14:45.697,OnTrack,-5821,-7431,1729,pos,0 days 01:11:31.284000,0 days 02:08:28.379000
2024-06-23 14:14:45.857,OnTrack,-5915,-7408,1733,pos,0 days 01:11:31.444000,0 days 02:08:28.539000
2024-06-23 14:14:45.977,OnTrack,-5984,-7387,1736,pos,0 days 01:11:31.564000,0 days 02:08:28.659000
2024-06-23 14:14:46.197,OnTrack,-6106,-7337,1740,pos,0 days 01:11:31.784000,0 days 02:08:28.879000
2024-06-23 14:14:46.417,OnTrack,-6222,-7271,1744,pos,0 days 01:11:32.004000,0 days 02:08:29.099000
2024-06-23 14:14:46.657,OnTrack,-6340,-7184,1749,pos,0 days 01:11:32.244000,0 days 02:08:29.339000
2024-06-23 14:14:46.957,OnTrack,-6468,-7048,1755,pos,0 days 01:11:32.544000,0 days 02:08:29.639000
2024-06-23 14:14:47.077,OnTrack,-6513,-6987,1757,pos,0 days 01:11:32.664000,0 days 02:08:29.759000
2024-06-23 14:14:47.377,OnTrack,-6618,-6797,1761,pos,0 days 01:11:32.964000,0 days 02:08:30.059000
2024-06-23 14:14:47.657,OnTrack,-6671,-6650,1764,pos,0 days 01:11:33.244000,0 days 02:08:30.339000
2024-06-23 14:14:47.977,OnTrack,-6725,-6362,1768,pos,0 days 01:11:33.564000,0 days 02:08:30.659000
2024-06-23 14:14:48.417,OnTrack,-6729,-6048,1773,pos,0 days 01:11:34.004000,0 days 02:08:31.099000
2024-06-23 14:14:48.776,OnTrack,-6715,-5895,1775,pos,0 days 01:11:34.363000,0 days 02:08:31.458000
2024-06-23 14:14:48.956,OnTrack,-6698,-5770,1777,pos,0 days 01:11:34.543000,0 days 02:08:31.638000
2024-06-23 14:14:49.176,OnTrack,-6670,-5616,1779,pos,0 days 01:11:34.763000,0 days 02:08:31.858000
2024-06-23 14:14:49.436,OnTrack,-6622,-5413,1782,pos,0 days 01:11:35.023000,0 days 02:08:32.118000
2024-06-23 14:14:49.816,OnTrack,-6558,-5204,1786,pos,0 days 01:11:35.403000,0 days 02:08:32.498000
2024-06-23 14:14:49.997,OnTrack,-6501,-5069,1788,pos,0 days 01:11:35.584000,0 days 02:08:32.679000
2024-06-23 14:14:50.177,OnTrack,-6440,-4950,1790,pos,0 days 01:11:35.764000,0 days 02:08:32.859000
2024-06-23 14:14:50.377,OnTrack,-6362,-4820,1792,pos,0 days 01:11:35.964000,0 days 02:08:33.059000
2024-06-23 14:14:50.637,OnTrack,-6261,-4668,1794,pos,0 days 01:11:36.224000,0 days 02:08:33.319000
2024-06-23 14:14:50.897,OnTrack,-6147,-4507,1797,pos,0 days 01:11:36.484000,0 days 02:08:33.579000
2024-06-23 14:14:50.977,OnTrack,-6111,-4457,1798,pos,0 days 01:11:36.564000,0 days 02:08:33.659000
2024-06-23 14:14:51.297,OnTrack,-5917,-4165,1802,pos,0 days 01:11:36.884000,0 days 02:08:33.979000
2024-06-23 14:14:51.677,OnTrack,-5822,-4003,1805,pos,0 days 01:11:37.264000,0 days 02:08:34.359000
2024-06-23 14:14:51.877,OnTrack,-5743,-3871,1807,pos,0 days 01:11:37.464000,0 days 02:08:34.559000
2024-06-23 14:14:52.017,OnTrack,-5686,-3779,1808,pos,0 days 01:11:37.604000,0 days 02:08:34.699000
2024-06-23 14:14:52.297,OnTrack,-5572,-3601,1811,pos,0 days 01:11:37.884000,0 days 02:08:34.979000
2024-06-23 14:14:52.477,OnTrack,-5499,-3495,1813,pos,0 days 01:11:38.064000,0 days 02:08:35.159000
2024-06-23 14:14:52.777,OnTrack,-5345,-3273,1816,pos,0 days 01:11:38.364000,0 days 02:08:35.459000
2024-06-23 14:14:53.137,OnTrack,-5265,-3167,1818,pos,0 days 01:11:38.724000,0 days 02:08:35.819000
2024-06-23 14:14:53.317,OnTrack,-5206,-3097,1819,pos,0 days 01:11:38.904000,0 days 02:08:35.999000
2024-06-23 14:14:53.557,OnTrack,-5090,-2985,1819,pos,0 days 01:11:39.144000,0 days 02:08:36.239000
2024-06-23 14:14:53.837,OnTrack,-5026,-2938,1820,pos,0 days 01:11:39.424000,0 days 02:08:36.519000
2024-06-23 14:14:54.077,OnTrack,-4936,-2888,1822,pos,0 days 01:11:39.664000,0 days 02:08:36.759000
2024-06-23 14:14:54.417,OnTrack,-4789,-2844,1824,pos,0 days 01:11:40.004000,0 days 02:08:37.099000
2024-06-23 14:14:54.697,OnTrack,-4695,-2839,1825,pos,0 days 01:11:40.284000,0 days 02:08:37.379000
2024-06-23 14:14:54.897,OnTrack,-4620,-2846,1826,pos,0 days 01:11:40.484000,0 days 02:08:37.579000
2024-06-23 14:14:55.057,OnTrack,-4562,-2858,1828,pos,0 days 01:11:40.644000,0 days 02:08:37.739000
2024-06-23 14:14:55.456,OnTrack,-4388,-2937,1831,pos,0 days 01:11:41.043000,0 days 02:08:38.138000
2024-06-23 14:14:55.816,OnTrack,-4326,-2984,1833,pos,0 days 01:11:41.403000,0 days 02:08:38.498000
2024-06-23 14:14:55.896,OnTrack,-4305,-3003,1833,pos,0 days 01:11:41.483000,0 days 02:08:38.578000
2024-06-23 14:14:56.116,OnTrack,-4249,-3063,1834,pos,0 days 01:11:41.703000,0 days 02:08:38.798000
2024-06-23 14:14:56.476,OnTrack,-4169,-3172,1836,pos,0 days 01:11:42.063000,0 days 02:08:39.158000
2024-06-23 14:14:56.637,OnTrack,-4116,-3270,1837,pos,0 days 01:11:42.224000,0 days 02:08:39.319000
2024-06-23 14:14:57.037,OnTrack,-4071,-3386,1838,pos,0 days 01:11:42.624000,0 days 02:08:39.719000
2024-06-23 14:14:57.277,OnTrack,-4047,-3479,1838,pos,0 days 01:11:42.864000,0 days 02:08:39.959000
2024-06-23 14:14:57.437,OnTrack,-4035,-3550,1839,pos,0 days 01:11:43.024000,0 days 02:08:40.119000
2024-06-23 14:14:57.637,OnTrack,-4027,-3644,1839,pos,0 days 01:11:43.224000,0 days 02:08:40.319000
2024-06-23 14:14:57.817,OnTrack,-4029,-3733,1839,pos,0 days 01:11:43.404000,0 days 02:08:40.499000
2024-06-23 14:14:58.057,OnTrack,-4044,-3854,1838,pos,0 days 01:11:43.644000,0 days 02:08:40.739000
2024-06-23 14:14:58.277,OnTrack,-4071,-3968,1837,pos,0 days 01:11:43.864000,0 days 02:08:40.959000
2024-06-23 14:14:58.477,OnTrack,-4109,-4073,1836,pos,0 days 01:11:44.064000,0 days 02:08:41.159000
2024-06-23 14:14:58.677,OnTrack,-4190,-4236,1834,pos,0 days 01:11:44.264000,0 days 02:08:41.359000
2024-06-23 14:14:59.077,OnTrack,-4283,-4377,1831,pos,0 days 01:11:44.664000,0 days 02:08:41.759000
2024-06-23 14:14:59.317,OnTrack,-4369,-4497,1829,pos,0 days 01:11:44.904000,0 days 02:08:41.999000
2024-06-23 14:14:59.537,OnTrack,-4502,-4680,1824,pos,0 days 01:11:45.124000,0 days 02:08:42.219000
2024-06-23 14:14:59.897,OnTrack,-4585,-4794,1821,pos,0 days 01:11:45.484000,0 days 02:08:42.579000
2024-06-23 14:15:00.117,OnTrack,-4670,-4910,1819,pos,0 days 01:11:45.704000,0 days 02:08:42.799000
2024-06-23 14:15:00.297,OnTrack,-4740,-5006,1816,pos,0 days 01:11:45.884000,0 days 02:08:42.979000
2024-06-23 14:15:00.497,OnTrack,-4865,-5177,1813,pos,0 days 01:11:46.084000,0 days 02:08:43.179000
2024-06-23 14:15:00.917,OnTrack,-4970,-5325,1808,pos,0 days 01:11:46.504000,0 days 02:08:43.599000
2024-06-23 14:15:01.177,OnTrack,-5045,-5439,1805,pos,0 days 01:11:46.764000,0 days 02:08:43.859000
2024-06-23 14:15:01.377,OnTrack,-5095,-5520,1801,pos,0 days 01:11:46.964000,0 days 02:08:44.059000
2024-06-23 14:15:01.637,OnTrack,-5147,-5621,1798,pos,0 days 01:11:47.224000,0 days 02:08:44.319000
2024-06-23 14:15:01.857,OnTrack,-5172,-5675,1795,pos,0 days 01:11:47.444000,0 days 02:08:44.539000
2024-06-23 14:15:02.136,OnTrack,-5204,-5767,1791,pos,0 days 01:11:47.723000,0 days 02:08:44.818000
2024-06-23 14:15:02.396,OnTrack,-5227,-5892,1786,pos,0 days 01:11:47.983000,0 days 02:08:45.078000
2024-06-23 14:15:02.716,OnTrack,-5226,-5946,1784,pos,0 days 01:11:48.303000,0 days 02:08:45.398000
2024-06-23 14:15:03.016,OnTrack,-5209,-6030,1779,pos,0 days 01:11:48.603000,0 days 02:08:45.698000
2024-06-23 14:15:03.197,OnTrack,-5187,-6081,1775,pos,0 days 01:11:48.784000,0 days 02:08:45.879000
2024-06-23 14:15:03.357,OnTrack,-5164,-6117,1773,pos,0 days 01:11:48.944000,0 days 02:08:46.039000
2024-06-23 14:15:03.637,OnTrack,-5115,-6170,1769,pos,0 days 01:11:49.224000,0 days 02:08:46.319000
2024-06-23 14:15:03.897,OnTrack,-5064,-6205,1767,pos,0 days 01:11:49.484000,0 days 02:08:46.579000
2024-06-23 14:15:04.077,OnTrack,-5023,-6224,1764,pos,0 days 01:11:49.664000,0 days 02:08:46.759000
2024-06-23 14:15:04.217,OnTrack,-4959,-6243,1762,pos,0 days 01:11:49.804000,0 days 02:08:46.899000
2024-06-23 14:15:04.697,OnTrack,-4834,-6250,1754,pos,0 days 01:11:50.284000,0 days 02:08:47.379000
2024-06-23 14:15:05.097,OnTrack,-4747,-6238,1748,pos,0 days 01:11:50.684000,0 days 02:08:47.779000
2024-06-23 14:15:05.217,OnTrack,-4711,-6229,1745,pos,0 days 01:11:50.804000,0 days 02:08:47.899000
2024-06-23 14:15:05.557,OnTrack,-4594,-6189,1738,pos,0 days 01:11:51.144000,0 days 02:08:48.239000
2024-06-23 14:15:05.917,OnTrack,-4449,-6121,1729,pos,0 days 01:11:51.504000,0 days 02:08:48.599000
2024-06-23 14:15:06.277,OnTrack,-4363,-6075,1723,pos,0 days 01:11:51.864000,0 days 02:08:48.959000
2024-06-23 14:15:06.577,OnTrack,-4246,-6011,1714,pos,0 days 01:11:52.164000,0 days 02:08:49.259000
2024-06-23 14:15:06.777,OnTrack,-4128,-5947,1707,pos,0 days 01:11:52.364000,0 days 02:08:49.459000
2024-06-23 14:15:07.157,OnTrack,-3893,-5830,1692,pos,0 days 01:11:52.744000,0 days 02:08:49.839000
2024-06-23 14:15:07.477,OnTrack,-3698,-5746,1682,pos,0 days 01:11:53.064000,0 days 02:08:50.159000
2024-06-23 14:15:07.897,OnTrack,-3547,-5683,1676,pos,0 days 01:11:53.484000,0 days 02:08:50.579000
2024-06-23 14:15:08.037,OnTrack,-3471,-5650,1672,pos,0 days 01:11:53.624000,0 days 02:08:50.719000
2024-06-23 14:15:08.417,OnTrack,-3195,-5507,1661,pos,0 days 01:11:54.004000,0 days 02:08:51.099000
2024-06-23 14:15:08.676,OnTrack,-3119,-5459,1659,pos,0 days 01:11:54.263000,0 days 02:08:51.358000
2024-06-23 14:15:08.976,OnTrack,-2960,-5342,1654,pos,0 days 01:11:54.563000,0 days 02:08:51.658000
2024-06-23 14:15:09.136,OnTrack,-2878,-5272,1653,pos,0 days 01:11:54.723000,0 days 02:08:51.818000
2024-06-23 14:15:09.356,OnTrack,-2771,-5169,1651,pos,0 days 01:11:54.943000,0 days 02:08:52.038000
2024-06-23 14:15:09.616,OnTrack,-2583,-4949,1651,pos,0 days 01:11:55.203000,0 days 02:08:52.298000
2024-06-23 14:15:09.937,OnTrack,-2508,-4847,1651,pos,0 days 01:11:55.524000,0 days 02:08:52.619000
2024-06-23 14:15:10.277,OnTrack,-2337,-4601,1653,pos,0 days 01:11:55.864000,0 days 02:08:52.959000
2024-06-23 14:15:10.517,OnTrack,-2304,-4553,1653,pos,0 days 01:11:56.104000,0 days 02:08:53.199000
2024-06-23 14:15:10.797,OnTrack,-2185,-4373,1657,pos,0 days 01:11:56.384000,0 days 02:08:53.479000
2024-06-23 14:15:11.217,OnTrack,-2117,-4232,1661,pos,0 days 01:11:56.804000,0 days 02:08:53.899000
2024-06-23 14:15:11.557,OnTrack,-2095,-4140,1662,pos,0 days 01:11:57.144000,0 days 02:08:54.239000
2024-06-23 14:15:11.817,OnTrack,-2084,-4036,1664,pos,0 days 01:11:57.404000,0 days 02:08:54.499000
2024-06-23 14:15:12.117,OnTrack,-2085,-3919,1667,pos,0 days 01:11:57.704000,0 days 02:08:54.799000
2024-06-23 14:15:12.157,OnTrack,-2086,-3904,1668,pos,0 days 01:11:57.744000,0 days 02:08:54.839000
2024-06-23 14:15:12.397,OnTrack,-2099,-3817,1673,pos,0 days 01:11:57.984000,0 days 02:08:55.079000
2024-06-23 14:15:12.617,OnTrack,-2123,-3744,1678,pos,0 days 01:11:58.204000,0 days 02:08:55.299000
2024-06-23 14:15:12.917,OnTrack,-2202,-3623,1683,pos,0 days 01:11:58.504000,0 days 02:08:55.599000
2024-06-23 14:15:13.317,OnTrack,-2323,-3518,1690,pos,0 days 01:11:58.904000,0 days 02:08:55.999000
2024-06-23 14:15:13.657,OnTrack,-2395,-3467,1694,pos,0 days 01:11:59.244000,0 days 02:08:56.339000
2024-06-23 14:15:13.837,OnTrack,-2455,-3423,1697,pos,0 days 01:11:59.424000,0 days 02:08:56.519000
2024-06-23 14:15:14.117,OnTrack,-2548,-3347,1705,pos,0 days 01:11:59.704000,0 days 02:08:56.799000
2024-06-23 14:15:14.257,OnTrack,-2593,-3303,1708,pos,0 days 01:11:59.844000,0 days 02:08:56.939000
2024-06-23 14:15:14.497,OnTrack,-2668,-3218,1717,pos,0 days 01:12:00.084000,0 days 02:08:57.179000
2024-06-23 14:15:14.677,OnTrack,-2718,-3147,1725,pos,0 days 01:12:00.264000,0 days 02:08:57.359000
2024-06-23 14:15:14.877,OnTrack,-2803,-2991,1735,pos,0 days 01:12:00.464000,0 days 02:08:57.559000
2024-06-23 14:15:15.396,OnTrack,-2890,-2800,1748,pos,0 days 01:12:00.983000,0 days 02:08:58.078000
2024-06-23 14:15:15.576,OnTrack,-2933,-2707,1753,pos,0 days 01:12:01.163000,0 days 02:08:58.258000
2024-06-23 14:15:15.756,OnTrack,-3003,-2558,1764,pos,0 days 01:12:01.343000,0 days 02:08:58.438000
2024-06-23 14:15:16.176,OnTrack,-3088,-2380,1776,pos,0 days 01:12:01.763000,0 days 02:08:58.858000
2024-06-23 14:15:16.277,OnTrack,-3123,-2306,1780,pos,0 days 01:12:01.864000,0 days 02:08:58.959000
2024-06-23 14:15:16.457,OnTrack,-3172,-2203,1787,pos,0 days 01:12:02.044000,0 days 02:08:59.139000
2024-06-23 14:15:16.757,OnTrack,-3255,-2028,1799,pos,0 days 01:12:02.344000,0 days 02:08:59.439000
2024-06-23 14:15:16.997,OnTrack,-3318,-1898,1807,pos,0 days 01:12:02.584000,0 days 02:08:59.679000
2024-06-23 14:15:17.177,OnTrack,-3369,-1790,1814,pos,0 days 01:12:02.764000,0 days 02:08:59.859000
2024-06-23 14:15:17.317,OnTrack,-3407,-1704,1821,pos,0 days 01:12:02.904000,0 days 02:08:59.999000
2024-06-23 14:15:17.577,OnTrack,-3464,-1543,1830,pos,0 days 01:12:03.164000,0 days 02:09:00.259000
2024-06-23 14:15:17.837,OnTrack,-3502,-1355,1840,pos,0 days 01:12:03.424000,0 days 02:09:00.519000
2024-06-23 14:15:18.137,OnTrack,-3507,-1191,1846,pos,0 days 01:12:03.724000,0 days 02:09:00.819000
2024-06-23 14:15:18.477,OnTrack,-3478,-955,1855,pos,0 days 01:12:04.064000,0 days 02:09:01.159000
2024-06-23 14:15:18.857,OnTrack,-3421,-752,1863,pos,0 days 01:12:04.444000,0 days 02:09:01.539000
2024-06-23 14:15:19.077,OnTrack,-3367,-627,1867,pos,0 days 01:12:04.664000,0 days 02:09:01.759000
2024-06-23 14:15:19.137,OnTrack,-3350,-593,1868,pos,0 days 01:12:04.724000,0 days 02:09:01.819000
2024-06-23 14:15:19.497,OnTrack,-3223,-411,1872,pos,0 days 01:12:05.084000,0 days 02:09:02.179000
2024-06-23 14:15:19.717,OnTrack,-3066,-284,1875,pos,0 days 01:12:05.304000,0 days 02:09:02.399000
2024-06-23 14:15:19.997,OnTrack,-2959,-228,1875,pos,0 days 01:12:05.584000,0 days 02:09:02.679000
2024-06-23 14:15:20.297,OnTrack,-2693,-120,1872,pos,0 days 01:12:05.884000,0 days 02:09:02.979000
2024-06-23 14:15:20.717,OnTrack,-2505,-40,1870,pos,0 days 01:12:06.304000,0 days 02:09:03.399000
2024-06-23 14:15:20.997,OnTrack,-2327,42,1867,pos,0 days 01:12:06.584000,0 days 02:09:03.679000
2024-06-23 14:15:21.177,OnTrack,-2212,97,1866,pos,0 days 01:12:06.764000,0 days 02:09:03.859000
2024-06-23 14:15:21.377,OnTrack,-2082,158,1864,pos,0 days 01:12:06.964000,0 days 02:09:04.059000
2024-06-23 14:15:21.577,OnTrack,-1951,220,1863,pos,0 days 01:12:07.164000,0 days 02:09:04.259000
2024-06-23 14:15:21.736,OnTrack,-1845,270,1861,pos,0 days 01:12:07.323000,0 days 02:09:04.418000
2024-06-23 14:15:22.036,OnTrack,-1578,397,1858,pos,0 days 01:12:07.623000,0 days 02:09:04.718000
2024-06-23 14:15:22.436,OnTrack,-1374,494,1855,pos,0 days 01:12:08.023000,0 days 02:09:05.118000
2024-06-23 14:15:22.596,OnTrack,-1165,595,1853,pos,0 days 01:12:08.183000,0 days 02:09:05.278000
2024-06-23 14:15:22.937,OnTrack,-995,682,1851,pos,0 days 01:12:08.524000,0 days 02:09:05.619000
2024-06-23 14:15:23.157,OnTrack,-844,762,1849,pos,0 days 01:12:08.744000,0 days 02:09:05.839000
2024-06-23 14:15:23.397,OnTrack,-679,850,1846,pos,0 days 01:12:08.984000,0 days 02:09:06.079000
2024-06-23 14:15:23.637,OnTrack,-527,932,1844,pos,0 days 01:12:09.224000,0 days 02:09:06.319000
2024-06-23 14:15:23.857,OnTrack,-333,1035,1841,pos,0 days 01:12:09.444000,0 days 02:09:06.539000
2024-06-23 14:15:24.297,OnTrack,-68,1176,1838,pos,0 days 01:12:09.884000,0 days 02:09:06.979000
2024-06-23 14:15:24.517,OnTrack,183,1310,1834,pos,0 days 01:12:10.104000,0 days 02:09:07.199000
2024-06-23 14:15:24.737,OnTrack,239,1339,1834,pos,0 days 01:12:10.324000,0 days 02:09:07.419000
2024-06-23 14:15:25.037,OnTrack,450,1446,1830,pos,0 days 01:12:10.624000,0 days 02:09:07.719000
2024-06-23 14:15:25.257,OnTrack,603,1516,1829,pos,0 days 01:12:10.844000,0 days 02:09:07.939000
2024-06-23 14:15:25.477,OnTrack,750,1578,1827,pos,0 days 01:12:11.064000,0 days 02:09:08.159000
2024-06-23 14:15:25.697,OnTrack,892,1635,1825,pos,0 days 01:12:11.284000,0 days 02:09:08.379000
2024-06-23 14:15:25.857,OnTrack,976,1669,1824,pos,0 days 01:12:11.444000,0 days 02:09:08.539000
2024-06-23 14:15:26.057,OnTrack,1120,1730,1823,pos,0 days 01:12:11.644000,0 days 02:09:08.739000
2024-06-23 14:15:26.477,OnTrack,1277,1816,1821,pos,0 days 01:12:12.064000,0 days 02:09:09.159000
2024-06-23 14:15:26.877,OnTrack,1362,1886,1820,pos,0 days 01:12:12.464000,0 days 02:09:09.559000
2024-06-23 14:15:27.097,OnTrack,1433,1985,1818,pos,0 days 01:12:12.684000,0 days 02:09:09.779000
2024-06-23 14:15:27.477,OnTrack,1457,2060,1818,pos,0 days 01:12:13.064000,0 days 02:09:10.159000
2024-06-23 14:15:27.677,OnTrack,1464,2124,1817,pos,0 days 01:12:13.264000,0 days 02:09:10.359000
2024-06-23 14:15:27.917,OnTrack,1457,2200,1817,pos,0 days 01:12:13.504000,0 days 02:09:10.599000
2024-06-23 14:15:28.077,OnTrack,1432,2289,1818,pos,0 days 01:12:13.664000,0 days 02:09:10.759000
2024-06-23 14:15:28.396,OnTrack,1410,2337,1819,pos,0 days 01:12:13.983000,0 days 02:09:11.078000
2024-06-23 14:15:28.716,OnTrack,1362,2416,1822,pos,0 days 01:12:14.303000,0 days 02:09:11.398000
2024-06-23 14:15:28.896,OnTrack,1304,2485,1824,pos,0 days 01:12:14.483000,0 days 02:09:11.578000
2024-06-23 14:15:29.316,OnTrack,1245,2538,1826,pos,0 days 01:12:14.903000,0 days 02:09:11.998000
2024-06-23 14:15:29.497,OnTrack,1196,2571,1827,pos,0 days 01:12:15.084000,0 days 02:09:12.179000
2024-06-23 14:15:29.657,OnTrack,1154,2593,1828,pos,0 days 01:12:15.244000,0 days 02:09:12.339000
2024-06-23 14:15:30.037,OnTrack,1006,2640,1831,pos,0 days 01:12:15.624000,0 days 02:09:12.719000
2024-06-23 14:15:30.297,OnTrack,967,2647,1832,pos,0 days 01:12:15.884000,0 days 02:09:12.979000
2024-06-23 14:15:30.497,OnTrack,900,2656,1834,pos,0 days 01:12:16.084000,0 days 02:09:13.179000
2024-06-23 14:15:30.817,OnTrack,741,2657,1837,pos,0 days 01:12:16.404000,0 days 02:09:13.499000
2024-06-23 14:15:31.117,OnTrack,672,2649,1838,pos,0 days 01:12:16.704000,0 days 02:09:13.799000
2024-06-23 14:15:31.297,OnTrack,602,2636,1840,pos,0 days 01:12:16.884000,0 days 02:09:13.979000
2024-06-23 14:15:31.477,OnTrack,529,2617,1841,pos,0 days 01:12:17.064000,0 days 02:09:14.159000
2024-06-23 14:15:31.857,OnTrack,370,2554,1847,pos,0 days 01:12:17.444000,0 days 02:09:14.539000
2024-06-23 14:15:32.017,OnTrack,302,2519,1850,pos,0 days 01:12:17.604000,0 days 02:09:14.699000
2024-06-23 14:15:32.177,OnTrack,233,2478,1854,pos,0 days 01:12:17.764000,0 days 02:09:14.859000
2024-06-23 14:15:32.437,OnTrack,120,2402,1860,pos,0 days 01:12:18.024000,0 days 02:09:15.119000
2024-06-23 14:15:32.617,OnTrack,41,2346,1865,pos,0 days 01:12:18.204000,0 days 02:09:15.299000
2024-06-23 14:15:32.777,OnTrack,-23,2301,1868,pos,0 days 01:12:18.364000,0 days 02:09:15.459000
2024-06-23 14:15:33.037,OnTrack,-180,2214,1875,pos,0 days 01:12:18.624000,0 days 02:09:15.719000
2024-06-23 14:15:33.497,OnTrack,-369,2147,1881,pos,0 days 01:12:19.084000,0 days 02:09:16.179000
2024-06-23 14:15:33.817,OnTrack,-480,2127,1886,pos,0 days 01:12:19.404000,0 days 02:09:16.499000
2024-06-23 14:15:34.077,OnTrack,-586,2122,1892,pos,0 days 01:12:19.664000,0 days 02:09:16.759000
2024-06-23 14:15:34.257,OnTrack,-656,2127,1895,pos,0 days 01:12:19.844000,0 days 02:09:16.939000
2024-06-23 14:15:34.337,OnTrack,-686,2132,1897,pos,0 days 01:12:19.924000,0 days 02:09:17.019000
2024-06-23 14:15:34.557,OnTrack,-764,2152,1900,pos,0 days 01:12:20.144000,0 days 02:09:17.239000
2024-06-23 14:15:34.757,OnTrack,-828,2182,1904,pos,0 days 01:12:20.344000,0 days 02:09:17.439000
2024-06-23 14:15:35.136,OnTrack,-951,2290,1908,pos,0 days 01:12:20.723000,0 days 02:09:17.818000
2024-06-23 14:15:35.536,OnTrack,-1016,2407,1911,pos,0 days 01:12:21.123000,0 days 02:09:18.218000
2024-06-23 14:15:35.896,OnTrack,-1047,2533,1913,pos,0 days 01:12:21.483000,0 days 02:09:18.578000
2024-06-23 14:15:36.317,OnTrack,-1050,2631,1914,pos,0 days 01:12:21.904000,0 days 02:09:18.999000
2024-06-23 14:15:36.537,OnTrack,-1043,2704,1916,pos,0 days 01:12:22.124000,0 days 02:09:19.219000
2024-06-23 14:15:36.757,OnTrack,-1029,2770,1916,pos,0 days 01:12:22.344000,0 days 02:09:19.439000
2024-06-23 14:15:36.937,OnTrack,-1011,2830,1917,pos,0 days 01:12:22.524000,0 days 02:09:19.619000
2024-06-23 14:15:37.117,OnTrack,-987,2890,1918,pos,0 days 01:12:22.704000,0 days 02:09:19.799000
2024-06-23 14:15:37.377,OnTrack,-944,2975,1920,pos,0 days 01:12:22.964000,0 days 02:09:20.059000
2024-06-23 14:15:37.457,OnTrack,-928,3001,1921,pos,0 days 01:12:23.044000,0 days 02:09:20.139000
2024-06-23 14:15:37.677,OnTrack,-848,3111,1922,pos,0 days 01:12:23.264000,0 days 02:09:20.359000
2024-06-23 14:15:37.957,OnTrack,-769,3196,1923,pos,0 days 01:12:23.544000,0 days 02:09:20.639000
2024-06-23 14:15:38.157,OnTrack,-670,3284,1922,pos,0 days 01:12:23.744000,0 days 02:09:20.839000
2024-06-23 14:15:38.557,OnTrack,-560,3372,1921,pos,0 days 01:12:24.144000,0 days 02:09:21.239000
2024-06-23 14:15:38.737,OnTrack,-440,3465,1920,pos,0 days 01:12:24.324000,0 days 02:09:21.419000
2024-06-23 14:15:39.097,OnTrack,-342,3543,1918,pos,0 days 01:12:24.684000,0 days 02:09:21.779000
2024-06-23 14:15:39.257,OnTrack,-275,3600,1916,pos,0 days 01:12:24.844000,0 days 02:09:21.939000
2024-06-23 14:15:39.557,OnTrack,-144,3712,1912,pos,0 days 01:12:25.144000,0 days 02:09:22.239000
2024-06-23 14:15:39.757,OnTrack,-6,3828,1907,pos,0 days 01:12:25.344000,0 days 02:09:22.439000
2024-06-23 14:15:40.077,OnTrack,100,3912,1903,pos,0 days 01:12:25.664000,0 days 02:09:22.759000
2024-06-23 14:15:40.437,OnTrack,290,4036,1894,pos,0 days 01:12:26.024000,0 days 02:09:23.119000
2024-06-23 14:15:40.637,OnTrack,405,4088,1888,pos,0 days 01:12:26.224000,0 days 02:09:23.319000
2024-06-23 14:15:40.837,OnTrack,529,4123,1883,pos,0 days 01:12:26.424000,0 days 02:09:23.519000
2024-06-23 14:15:41.077,OnTrack,686,4140,1876,pos,0 days 01:12:26.664000,0 days 02:09:23.759000
2024-06-23 14:15:41.277,OnTrack,834,4131,1867,pos,0 days 01:12:26.864000,0 days 02:09:23.959000
2024-06-23 14:15:41.556,OnTrack,1007,4095,1857,pos,0 days 01:12:27.143000,0 days 02:09:24.238000
2024-06-23 14:15:41.796,OnTrack,1239,4007,1843,pos,0 days 01:12:27.383000,0 days 02:09:24.478000
2024-06-23 14:15:42.256,OnTrack,1485,3876,1828,pos,0 days 01:12:27.843000,0 days 02:09:24.938000
2024-06-23 14:15:42.617,OnTrack,1759,3704,1812,pos,0 days 01:12:28.204000,0 days 02:09:25.299000
2024-06-23 14:15:43.017,OnTrack,1915,3603,1803,pos,0 days 01:12:28.604000,0 days 02:09:25.699000
2024-06-23 14:15:43.317,OnTrack,2134,3464,1790,pos,0 days 01:12:28.904000,0 days 02:09:25.999000
2024-06-23 14:15:43.717,OnTrack,2386,3293,1777,pos,0 days 01:12:29.304000,0 days 02:09:26.399000
2024-06-23 14:15:43.977,OnTrack,2475,3223,1773,pos,0 days 01:12:29.564000,0 days 02:09:26.659000
2024-06-23 14:15:44.337,OnTrack,2638,3066,1764,pos,0 days 01:12:29.924000,0 days 02:09:27.019000
2024-06-23 14:15:44.517,OnTrack,2713,2974,1760,pos,0 days 01:12:30.104000,0 days 02:09:27.199000
2024-06-23 14:15:44.597,OnTrack,2741,2931,1758,pos,0 days 01:12:30.184000,0 days 02:09:27.279000
2024-06-23 14:15:44.857,OnTrack,2817,2778,1753,pos,0 days 01:12:30.444000,0 days 02:09:27.539000
2024-06-23 14:15:45.037,OnTrack,2852,2663,1749,pos,0 days 01:12:30.624000,0 days 02:09:27.719000
2024-06-23 14:15:45.277,OnTrack,2885,2414,1744,pos,0 days 01:12:30.864000,0 days 02:09:27.959000
2024-06-23 14:15:45.717,OnTrack,2866,2215,1739,pos,0 days 01:12:31.304000,0 days 02:09:28.399000
2024-06-23 14:15:45.897,OnTrack,2803,2007,1735,pos,0 days 01:12:31.484000,0 days 02:09:28.579000
2024-06-23 14:15:46.257,OnTrack,2741,1875,1734,pos,0 days 01:12:31.844000,0 days 02:09:28.939000
2024-06-23 14:15:46.577,OnTrack,2629,1681,1731,pos,0 days 01:12:32.164000,0 days 02:09:29.259000
2024-06-23 14:15:46.757,OnTrack,2561,1573,1729,pos,0 days 01:12:32.344000,0 days 02:09:29.439000
2024-06-23 14:15:46.917,OnTrack,2498,1478,1728,pos,0 days 01:12:32.504000,0 days 02:09:29.599000
2024-06-23 14:15:47.177,OnTrack,2372,1285,1724,pos,0 days 01:12:32.764000,0 days 02:09:29.859000
2024-06-23 14:15:47.457,OnTrack,2284,1151,1721,pos,0 days 01:12:33.044000,0 days 02:09:30.139000
2024-06-23 14:15:47.737,OnTrack,2115,889,1717,pos,0 days 01:12:33.324000,0 days 02:09:30.419000
2024-06-23 14:15:48.036,OnTrack,2049,789,1716,pos,0 days 01:12:33.623000,0 days 02:09:30.718000
2024-06-23 14:15:48.436,OnTrack,1884,535,1712,pos,0 days 01:12:34.023000,0 days 02:09:31.118000
2024-06-23 14:15:48.556,OnTrack,1833,458,1711,pos,0 days 01:12:34.143000,0 days 02:09:31.238000
2024-06-23 14:15:48.716,OnTrack,1766,354,1710,pos,0 days 01:12:34.303000,0 days 02:09:31.398000
2024-06-23 14:15:48.996,OnTrack,1647,172,1708,pos,0 days 01:12:34.583000,0 days 02:09:31.678000
2024-06-23 14:15:49.237,OnTrack,1539,2,1708,pos,0 days 01:12:34.824000,0 days 02:09:31.919000
2024-06-23 14:15:49.417,OnTrack,1467,-108,1708,pos,0 days 01:12:35.004000,0 days 02:09:32.099000
2024-06-23 14:15:49.497,OnTrack,1433,-162,1707,pos,0 days 01:12:35.084000,0 days 02:09:32.179000
2024-06-23 14:15:49.777,OnTrack,1321,-336,1707,pos,0 days 01:12:35.364000,0 days 02:09:32.459000
2024-06-23 14:15:49.957,OnTrack,1244,-457,1708,pos,0 days 01:12:35.544000,0 days 02:09:32.639000
2024-06-23 14:15:50.297,OnTrack,1046,-769,1708,pos,0 days 01:12:35.884000,0 days 02:09:32.979000
2024-06-23 14:15:50.577,OnTrack,977,-878,1708,pos,0 days 01:12:36.164000,0 days 02:09:33.259000
2024-06-23 14:15:50.797,OnTrack,881,-1029,1708,pos,0 days 01:12:36.384000,0 days 02:09:33.479000
2024-06-23 14:15:51.077,OnTrack,759,-1222,1708,pos,0 days 01:12:36.664000,0 days 02:09:33.759000
2024-06-23 14:15:51.297,OnTrack,601,-1470,1707,pos,0 days 01:12:36.884000,0 days 02:09:33.979000
2024-06-23 14:15:51.637,OnTrack,513,-1609,1707,pos,0 days 01:12:37.224000,0 days 02:09:34.319000
2024-06-23 14:15:51.897,OnTrack,372,-1832,1708,pos,0 days 01:12:37.484000,0 days 02:09:34.579000
2024-06-23 14:15:52.217,OnTrack,256,-2013,1708,pos,0 days 01:12:37.804000,0 days 02:09:34.899000
2024-06-23 14:15:52.497,OnTrack,132,-2209,1707,pos,0 days 01:12:38.084000,0 days 02:09:35.179000
2024-06-23 14:15:52.597,OnTrack,87,-2279,1707,pos,0 days 01:12:38.184000,0 days 02:09:35.279000
2024-06-23 14:15:52.857,OnTrack,-28,-2462,1707,pos,0 days 01:12:38.444000,0 days 02:09:35.539000
2024-06-23 14:15:53.137,OnTrack,-202,-2729,1705,pos,0 days 01:12:38.724000,0 days 02:09:35.819000
2024-06-23 14:15:53.557,OnTrack,-350,-2952,1703,pos,0 days 01:12:39.144000,0 days 02:09:36.239000
2024-06-23 14:15:53.697,OnTrack,-480,-3147,1700,pos,0 days 01:12:39.284000,0 days 02:09:36.379000
2024-06-23 14:15:54.017,OnTrack,-563,-3273,1699,pos,0 days 01:12:39.604000,0 days 02:09:36.699000
2024-06-23 14:15:54.317,OnTrack,-703,-3483,1695,pos,0 days 01:12:39.904000,0 days 02:09:36.999000
2024-06-23 14:15:54.477,OnTrack,-778,-3595,1693,pos,0 days 01:12:40.064000,0 days 02:09:37.159000
2024-06-23 14:15:54.796,OnTrack,-976,-3889,1686,pos,0 days 01:12:40.383000,0 days 02:09:37.478000
2024-06-23 14:15:55.156,OnTrack,-1146,-4142,1679,pos,0 days 01:12:40.743000,0 days 02:09:37.838000
2024-06-23 14:15:55.496,OnTrack,-1260,-4311,1675,pos,0 days 01:12:41.083000,0 days 02:09:38.178000
2024-06-23 14:15:55.757,OnTrack,-1392,-4509,1669,pos,0 days 01:12:41.344000,0 days 02:09:38.439000
2024-06-23 14:15:55.977,OnTrack,-1564,-4765,1662,pos,0 days 01:12:41.564000,0 days 02:09:38.659000
2024-06-23 14:15:56.457,OnTrack,-1759,-5067,1654,pos,0 days 01:12:42.044000,0 days 02:09:39.139000
2024-06-23 14:15:56.717,OnTrack,-1820,-5168,1652,pos,0 days 01:12:42.304000,0 days 02:09:39.399000
2024-06-23 14:15:56.997,OnTrack,-1940,-5372,1648,pos,0 days 01:12:42.584000,0 days 02:09:39.679000
2024-06-23 14:15:57.157,OnTrack,-2007,-5489,1646,pos,0 days 01:12:42.744000,0 days 02:09:39.839000
2024-06-23 14:15:57.397,OnTrack,-2106,-5664,1644,pos,0 days 01:12:42.984000,0 days 02:09:40.079000
2024-06-23 14:15:57.657,OnTrack,-2211,-5855,1641,pos,0 days 01:12:43.244000,0 days 02:09:40.339000
2024-06-23 14:15:57.757,OnTrack,-2252,-5928,1640,pos,0 days 01:12:43.344000,0 days 02:09:40.439000
2024-06-23 14:15:57.957,OnTrack,-2332,-6072,1638,pos,0 days 01:12:43.544000,0 days 02:09:40.639000
2024-06-23 14:15:58.217,OnTrack,-2435,-6251,1636,pos,0 days 01:12:43.804000,0 days 02:09:40.899000
2024-06-23 14:15:58.517,OnTrack,-2557,-6445,1633,pos,0 days 01:12:44.104000,0 days 02:09:41.199000
2024-06-23 14:15:58.857,OnTrack,-2722,-6665,1631,pos,0 days 01:12:44.444000,0 days 02:09:41.539000
2024-06-23 14:15:59.157,OnTrack,-2777,-6728,1629,pos,0 days 01:12:44.744000,0 days 02:09:41.839000
2024-06-23 14:15:59.437,OnTrack,-2921,-6863,1625,pos,0 days 01:12:45.024000,0 days 02:09:42.119000
2024-06-23 14:15:59.877,OnTrack,-3029,-6935,1623,pos,0 days 01:12:45.464000,0 days 02:09:42.559000
2024-06-23 14:16:00.137,OnTrack,-3124,-6975,1623,pos,0 days 01:12:45.724000,0 days 02:09:42.819000
2024-06-23 14:16:00.297,OnTrack,-3185,-6990,1623,pos,0 days 01:12:45.884000,0 days 02:09:42.979000
2024-06-23 14:16:00.577,OnTrack,-3295,-6994,1625,pos,0 days 01:12:46.164000,0 days 02:09:43.259000
2024-06-23 14:16:00.737,OnTrack,-3410,-6972,1628,pos,0 days 01:12:46.324000,0 days 02:09:43.419000
2024-06-23 14:16:01.097,OnTrack,-3493,-6942,1629,pos,0 days 01:12:46.684000,0 days 02:09:43.779000
2024-06-23 14:16:01.376,OnTrack,-3598,-6895,1631,pos,0 days 01:12:46.963000,0 days 02:09:44.058000
2024-06-23 14:16:01.576,OnTrack,-3674,-6859,1632,pos,0 days 01:12:47.163000,0 days 02:09:44.258000
2024-06-23 14:16:01.656,OnTrack,-3705,-6845,1633,pos,0 days 01:12:47.243000,0 days 02:09:44.338000
2024-06-23 14:16:01.836,OnTrack,-3777,-6815,1634,pos,0 days 01:12:47.423000,0 days 02:09:44.518000
2024-06-23 14:16:02.036,OnTrack,-3860,-6786,1636,pos,0 days 01:12:47.623000,0 days 02:09:44.718000
2024-06-23 14:16:02.236,OnTrack,-3945,-6770,1639,pos,0 days 01:12:47.823000,0 days 02:09:44.918000
2024-06-23 14:16:02.577,OnTrack,-4105,-6779,1645,pos,0 days 01:12:48.164000,0 days 02:09:45.259000
2024-06-23 14:16:02.797,OnTrack,-4242,-6821,1651,pos,0 days 01:12:48.384000,0 days 02:09:45.479000
2024-06-23 14:16:03.217,OnTrack,-4409,-6905,1660,pos,0 days 01:12:48.804000,0 days 02:09:45.899000
2024-06-23 14:16:03.597,OnTrack,-4547,-6995,1669,pos,0 days 01:12:49.184000,0 days 02:09:46.279000
2024-06-23 14:16:03.697,OnTrack,-4590,-7026,1671,pos,0 days 01:12:49.284000,0 days 02:09:46.379000
2024-06-23 14:16:03.957,OnTrack,-4705,-7108,1677,pos,0 days 01:12:49.544000,0 days 02:09:46.639000
2024-06-23 14:16:04.277,OnTrack,-4856,-7208,1686,pos,0 days 01:12:49.864000,0 days 02:09:46.959000
2024-06-23 14:16:04.457,OnTrack,-4998,-7292,1693,pos,0 days 01:12:50.044000,0 days 02:09:47.139000
2024-06-23 14:16:04.837,OnTrack,-5150,-7365,1700,pos,0 days 01:12:50.424000,0 days 02:09:47.519000
2024-06-23 14:16:05.117,OnTrack,-5311,-7420,1707,pos,0 days 01:12:50.704000,0 days 02:09:47.799000
2024-06-23 14:16:05.297,OnTrack,-5416,-7442,1712,pos,0 days 01:12:50.884000,0 days 02:09:47.979000
2024-06-23 14:16:05.517,OnTrack,-5545,-7454,1717,pos,0 days 01:12:51.104000,0 days 02:09:48.199000
2024-06-23 14:16:05.677,OnTrack,-5638,-7454,1721,pos,0 days 01:12:51.264000,0 days 02:09:48.359000
2024-06-23 14:16:05.777,OnTrack,-5696,-7450,1724,pos,0 days 01:12:51.364000,0 days 02:09:48.459000
2024-06-23 14:16:05.957,OnTrack,-5799,-7435,1728,pos,0 days 01:12:51.544000,0 days 02:09:48.639000
2024-06-23 14:16:06.277,OnTrack,-6027,-7371,1737,pos,0 days 01:12:51.864000,0 days 02:09:48.959000
2024-06-23 14:16:06.717,OnTrack,-6196,-7288,1743,pos,0 days 01:12:52.304000,0 days 02:09:49.399000
2024-06-23 14:16:06.877,OnTrack,-6276,-7235,1746,pos,0 days 01:12:52.464000,0 days 02:09:49.559000
2024-06-23 14:16:07.037,OnTrack,-6351,-7174,1750,pos,0 days 01:12:52.624000,0 days 02:09:49.719000
2024-06-23 14:16:07.257,OnTrack,-6445,-7077,1754,pos,0 days 01:12:52.844000,0 days 02:09:49.939000
2024-06-23 14:16:07.577,OnTrack,-6560,-6911,1759,pos,0 days 01:12:53.164000,0 days 02:09:50.259000
2024-06-23 14:16:07.776,OnTrack,-6619,-6795,1761,pos,0 days 01:12:53.363000,0 days 02:09:50.458000
2024-06-23 14:16:07.876,OnTrack,-6643,-6734,1762,pos,0 days 01:12:53.463000,0 days 02:09:50.558000
2024-06-23 14:16:08.116,OnTrack,-6690,-6583,1765,pos,0 days 01:12:53.703000,0 days 02:09:50.798000
2024-06-23 14:16:08.336,OnTrack,-6717,-6438,1767,pos,0 days 01:12:53.923000,0 days 02:09:51.018000
2024-06-23 14:16:08.516,OnTrack,-6729,-6315,1769,pos,0 days 01:12:54.103000,0 days 02:09:51.198000
2024-06-23 14:16:08.776,OnTrack,-6732,-6136,1771,pos,0 days 01:12:54.363000,0 days 02:09:51.458000
2024-06-23 14:16:08.836,OnTrack,-6731,-6095,1772,pos,0 days 01:12:54.423000,0 days 02:09:51.518000
2024-06-23 14:16:09.097,OnTrack,-6715,-5900,1775,pos,0 days 01:12:54.684000,0 days 02:09:51.779000
2024-06-23 14:16:09.257,OnTrack,-6701,-5788,1777,pos,0 days 01:12:54.844000,0 days 02:09:51.939000
2024-06-23 14:16:09.457,OnTrack,-6676,-5648,1778,pos,0 days 01:12:55.044000,0 days 02:09:52.139000
2024-06-23 14:16:09.737,OnTrack,-6642,-5491,1781,pos,0 days 01:12:55.324000,0 days 02:09:52.419000
2024-06-23 14:16:09.957,OnTrack,-6601,-5336,1784,pos,0 days 01:12:55.544000,0 days 02:09:52.639000
2024-06-23 14:16:10.117,OnTrack,-6565,-5224,1786,pos,0 days 01:12:55.704000,0 days 02:09:52.799000
2024-06-23 14:16:10.397,OnTrack,-6484,-5033,1789,pos,0 days 01:12:55.984000,0 days 02:09:53.079000
2024-06-23 14:16:10.597,OnTrack,-6412,-4901,1791,pos,0 days 01:12:56.184000,0 days 02:09:53.279000
2024-06-23 14:16:10.817,OnTrack,-6322,-4759,1793,pos,0 days 01:12:56.404000,0 days 02:09:53.499000
2024-06-23 14:16:10.957,OnTrack,-6263,-4670,1794,pos,0 days 01:12:56.544000,0 days 02:09:53.639000
2024-06-23 14:16:11.157,OnTrack,-6174,-4545,1796,pos,0 days 01:12:56.744000,0 days 02:09:53.839000
2024-06-23 14:16:11.437,OnTrack,-5995,-4295,1800,pos,0 days 01:12:57.024000,0 days 02:09:54.119000
2024-06-23 14:16:11.777,OnTrack,-5907,-4149,1802,pos,0 days 01:12:57.364000,0 days 02:09:54.459000
2024-06-23 14:16:12.017,OnTrack,-5756,-3893,1807,pos,0 days 01:12:57.604000,0 days 02:09:54.699000
2024-06-23 14:16:12.457,OnTrack,-5637,-3701,1810,pos,0 days 01:12:58.044000,0 days 02:09:55.139000
2024-06-23 14:16:12.637,OnTrack,-5561,-3585,1812,pos,0 days 01:12:58.224000,0 days 02:09:55.319000
2024-06-23 14:16:12.857,OnTrack,-5470,-3454,1814,pos,0 days 01:12:58.444000,0 days 02:09:55.539000
2024-06-23 14:16:13.057,OnTrack,-5394,-3341,1816,pos,0 days 01:12:58.644000,0 days 02:09:55.739000
2024-06-23 14:16:13.217,OnTrack,-5335,-3259,1817,pos,0 days 01:12:58.804000,0 days 02:09:55.899000
2024-06-23 14:16:13.537,OnTrack,-5220,-3113,1819,pos,0 days 01:12:59.124000,0 days 02:09:56.219000
2024-06-23 14:16:13.737,OnTrack,-5150,-3039,1819,pos,0 days 01:12:59.324000,0 days 02:09:56.419000
2024-06-23 14:16:13.857,OnTrack,-5108,-3000,1819,pos,0 days 01:12:59.444000,0 days 02:09:56.539000
2024-06-23 14:16:14.017,OnTrack,-5049,-2954,1820,pos,0 days 01:12:59.604000,0 days 02:09:56.699000
2024-06-23 14:16:14.317,OnTrack,-4933,-2887,1822,pos,0 days 01:12:59.904000,0 days 02:09:56.999000
2024-06-23 14:16:14.536,OnTrack,-4797,-2846,1824,pos,0 days 01:13:00.123000,0 days 02:09:57.218000
2024-06-23 14:16:14.916,OnTrack,-4692,-2838,1825,pos,0 days 01:13:00.503000,0 days 02:09:57.598000
2024-06-23 14:16:15.136,OnTrack,-4607,-2848,1827,pos,0 days 01:13:00.723000,0 days 02:09:57.818000
2024-06-23 14:16:15.396,OnTrack,-4458,-2898,1830,pos,0 days 01:13:00.983000,0 days 02:09:58.078000
2024-06-23 14:16:15.697,OnTrack,-4406,-2926,1831,pos,0 days 01:13:01.284000,0 days 02:09:58.379000
2024-06-23 14:16:15.897,OnTrack,-4347,-2966,1832,pos,0 days 01:13:01.484000,0 days 02:09:58.579000
2024-06-23 14:16:16.177,OnTrack,-4256,-3056,1834,pos,0 days 01:13:01.764000,0 days 02:09:58.859000
2024-06-23 14:16:16.557,OnTrack,-4169,-3172,1836,pos,0 days 01:13:02.144000,0 days 02:09:59.239000
2024-06-23 14:16:16.957,OnTrack,-4119,-3262,1837,pos,0 days 01:13:02.544000,0 days 02:09:59.639000
2024-06-23 14:16:17.117,OnTrack,-4093,-3323,1837,pos,0 days 01:13:02.704000,0 days 02:09:59.799000
2024-06-23 14:16:17.357,OnTrack,-4060,-3421,1838,pos,0 days 01:13:02.944000,0 days 02:10:00.039000
2024-06-23 14:16:17.697,OnTrack,-4029,-3609,1839,pos,0 days 01:13:03.284000,0 days 02:10:00.379000
2024-06-23 14:16:18.057,OnTrack,-4034,-3789,1839,pos,0 days 01:13:03.644000,0 days 02:10:00.739000
2024-06-23 14:16:18.457,OnTrack,-4088,-4018,1837,pos,0 days 01:13:04.044000,0 days 02:10:01.139000
2024-06-23 14:16:18.897,OnTrack,-4161,-4184,1835,pos,0 days 01:13:04.484000,0 days 02:10:01.579000
2024-06-23 14:16:19.057,OnTrack,-4209,-4265,1834,pos,0 days 01:13:04.644000,0 days 02:10:01.739000
2024-06-23 14:16:19.277,OnTrack,-4282,-4375,1831,pos,0 days 01:13:04.864000,0 days 02:10:01.959000
2024-06-23 14:16:19.477,OnTrack,-4390,-4526,1828,pos,0 days 01:13:05.064000,0 days 02:10:02.159000
2024-06-23 14:16:19.897,OnTrack,-4509,-4690,1824,pos,0 days 01:13:05.484000,0 days 02:10:02.579000
2024-06-23 14:16:20.057,OnTrack,-4624,-4847,1820,pos,0 days 01:13:05.644000,0 days 02:10:02.739000
2024-06-23 14:16:20.557,OnTrack,-4779,-5059,1815,pos,0 days 01:13:06.144000,0 days 02:10:03.239000
2024-06-23 14:16:20.917,OnTrack,-4903,-5231,1811,pos,0 days 01:13:06.504000,0 days 02:10:03.599000
2024-06-23 14:16:21.176,OnTrack,-5012,-5386,1807,pos,0 days 01:13:06.763000,0 days 02:10:03.858000
2024-06-23 14:16:21.436,OnTrack,-5069,-5477,1803,pos,0 days 01:13:07.023000,0 days 02:10:04.118000
2024-06-23 14:16:21.716,OnTrack,-5127,-5579,1800,pos,0 days 01:13:07.303000,0 days 02:10:04.398000
2024-06-23 14:16:21.836,OnTrack,-5150,-5625,1798,pos,0 days 01:13:07.423000,0 days 02:10:04.518000
2024-06-23 14:16:22.117,OnTrack,-5194,-5733,1793,pos,0 days 01:13:07.704000,0 days 02:10:04.799000
2024-06-23 14:16:22.357,OnTrack,-5216,-5814,1789,pos,0 days 01:13:07.944000,0 days 02:10:05.039000
2024-06-23 14:16:22.557,OnTrack,-5226,-5879,1787,pos,0 days 01:13:08.144000,0 days 02:10:05.239000
2024-06-23 14:16:22.717,OnTrack,-5227,-5923,1785,pos,0 days 01:13:08.304000,0 days 02:10:05.399000
2024-06-23 14:16:23.037,OnTrack,-5204,-6045,1778,pos,0 days 01:13:08.624000,0 days 02:10:05.719000
2024-06-23 14:16:23.437,OnTrack,-5139,-6147,1770,pos,0 days 01:13:09.024000,0 days 02:10:06.119000
2024-06-23 14:16:23.737,OnTrack,-5108,-6176,1769,pos,0 days 01:13:09.324000,0 days 02:10:06.419000
2024-06-23 14:16:23.997,OnTrack,-5050,-6212,1766,pos,0 days 01:13:09.584000,0 days 02:10:06.679000
2024-06-23 14:16:24.177,OnTrack,-5008,-6230,1763,pos,0 days 01:13:09.764000,0 days 02:10:06.859000
2024-06-23 14:16:24.337,OnTrack,-4967,-6241,1761,pos,0 days 01:13:09.924000,0 days 02:10:07.019000
2024-06-23 14:16:24.697,OnTrack,-4871,-6251,1756,pos,0 days 01:13:10.284000,0 days 02:10:07.379000
2024-06-23 14:16:24.857,OnTrack,-4826,-6249,1754,pos,0 days 01:13:10.444000,0 days 02:10:07.539000
2024-06-23 14:16:24.977,OnTrack,-4792,-6246,1751,pos,0 days 01:13:10.564000,0 days 02:10:07.659000
2024-06-23 14:16:25.157,OnTrack,-4739,-6236,1747,pos,0 days 01:13:10.744000,0 days 02:10:07.839000
2024-06-23 14:16:25.457,OnTrack,-4650,-6210,1742,pos,0 days 01:13:11.044000,0 days 02:10:08.139000
2024-06-23 14:16:25.757,OnTrack,-4518,-6155,1734,pos,0 days 01:13:11.344000,0 days 02:10:08.439000
2024-06-23 14:16:26.057,OnTrack,-4457,-6125,1729,pos,0 days 01:13:11.644000,0 days 02:10:08.739000
2024-06-23 14:16:26.237,OnTrack,-4393,-6091,1724,pos,0 days 01:13:11.824000,0 days 02:10:08.919000
2024-06-23 14:16:26.557,OnTrack,-4272,-6025,1716,pos,0 days 01:13:12.144000,0 days 02:10:09.239000
2024-06-23 14:16:26.717,OnTrack,-4206,-5989,1711,pos,0 days 01:13:12.304000,0 days 02:10:09.399000
2024-06-23 14:16:26.937,OnTrack,-4111,-5938,1706,pos,0 days 01:13:12.524000,0 days 02:10:09.619000
2024-06-23 14:16:27.057,OnTrack,-4057,-5910,1702,pos,0 days 01:13:12.644000,0 days 02:10:09.739000
2024-06-23 14:16:27.357,OnTrack,-3853,-5812,1690,pos,0 days 01:13:12.944000,0 days 02:10:10.039000
2024-06-23 14:16:27.517,OnTrack,-3719,-5755,1683,pos,0 days 01:13:13.104000,0 days 02:10:10.199000
2024-06-23 14:16:27.996,OnTrack,-3512,-5669,1674,pos,0 days 01:13:13.583000,0 days 02:10:10.678000
2024-06-23 14:16:28.136,OnTrack,-3379,-5607,1668,pos,0 days 01:13:13.723000,0 days 02:10:10.818000
2024-06-23 14:16:28.456,OnTrack,-3257,-5543,1663,pos,0 days 01:13:14.043000,0 days 02:10:11.138000
2024-06-23 14:16:28.757,OnTrack,-3006,-5378,1656,pos,0 days 01:13:14.344000,0 days 02:10:11.439000
2024-06-23 14:16:29.097,OnTrack,-2902,-5293,1653,pos,0 days 01:13:14.684000,0 days 02:10:11.779000
2024-06-23 14:16:29.417,OnTrack,-2755,-5152,1651,pos,0 days 01:13:15.004000,0 days 02:10:12.099000
2024-06-23 14:16:29.617,OnTrack,-2627,-5005,1651,pos,0 days 01:13:15.204000,0 days 02:10:12.299000
2024-06-23 14:16:30.017,OnTrack,-2492,-4825,1651,pos,0 days 01:13:15.604000,0 days 02:10:12.699000
2024-06-23 14:16:30.177,OnTrack,-2428,-4733,1651,pos,0 days 01:13:15.764000,0 days 02:10:12.859000
2024-06-23 14:16:30.457,OnTrack,-2281,-4520,1653,pos,0 days 01:13:16.044000,0 days 02:10:13.139000
2024-06-23 14:16:30.817,OnTrack,-2207,-4408,1656,pos,0 days 01:13:16.404000,0 days 02:10:13.499000
2024-06-23 14:16:31.017,OnTrack,-2130,-4267,1661,pos,0 days 01:13:16.604000,0 days 02:10:13.699000
2024-06-23 14:16:31.397,OnTrack,-2100,-4167,1661,pos,0 days 01:13:16.984000,0 days 02:10:14.079000
2024-06-23 14:16:31.597,OnTrack,-2087,-4082,1662,pos,0 days 01:13:17.184000,0 days 02:10:14.279000
2024-06-23 14:16:31.897,OnTrack,-2083,-3959,1666,pos,0 days 01:13:17.484000,0 days 02:10:14.579000
2024-06-23 14:16:32.037,OnTrack,-2086,-3904,1668,pos,0 days 01:13:17.624000,0 days 02:10:14.719000
2024-06-23 14:16:32.197,OnTrack,-2093,-3844,1671,pos,0 days 01:13:17.784000,0 days 02:10:14.879000
2024-06-23 14:16:32.537,OnTrack,-2130,-3727,1678,pos,0 days 01:13:18.124000,0 days 02:10:15.219000
2024-06-23 14:16:32.717,OnTrack,-2163,-3672,1681,pos,0 days 01:13:18.304000,0 days 02:10:15.399000
2024-06-23 14:16:32.957,OnTrack,-2220,-3604,1684,pos,0 days 01:13:18.544000,0 days 02:10:15.639000
2024-06-23 14:16:33.077,OnTrack,-2253,-3574,1686,pos,0 days 01:13:18.664000,0 days 02:10:15.759000
2024-06-23 14:16:33.297,OnTrack,-2319,-3521,1690,pos,0 days 01:13:18.884000,0 days 02:10:15.979000
2024-06-23 14:16:33.557,OnTrack,-2422,-3447,1695,pos,0 days 01:13:19.144000,0 days 02:10:16.239000
2024-06-23 14:16:33.857,OnTrack,-2501,-3387,1700,pos,0 days 01:13:19.444000,0 days 02:10:16.539000
2024-06-23 14:16:34.156,OnTrack,-2597,-3299,1709,pos,0 days 01:13:19.743000,0 days 02:10:16.838000
2024-06-23 14:16:34.416,OnTrack,-2692,-3184,1720,pos,0 days 01:13:20.003000,0 days 02:10:17.098000
2024-06-23 14:16:34.776,OnTrack,-2770,-3057,1730,pos,0 days 01:13:20.363000,0 days 02:10:17.458000
2024-06-23 14:16:34.956,OnTrack,-2812,-2971,1736,pos,0 days 01:13:20.543000,0 days 02:10:17.638000
2024-06-23 14:16:35.076,OnTrack,-2839,-2912,1740,pos,0 days 01:13:20.663000,0 days 02:10:17.758000
2024-06-23 14:16:35.257,OnTrack,-2884,-2812,1747,pos,0 days 01:13:20.844000,0 days 02:10:17.939000
2024-06-23 14:16:35.617,OnTrack,-3007,-2549,1764,pos,0 days 01:13:21.204000,0 days 02:10:18.299000
2024-06-23 14:16:35.977,OnTrack,-3060,-2440,1771,pos,0 days 01:13:21.564000,0 days 02:10:18.659000
2024-06-23 14:16:36.197,OnTrack,-3118,-2316,1780,pos,0 days 01:13:21.784000,0 days 02:10:18.879000
2024-06-23 14:16:36.457,OnTrack,-3189,-2167,1789,pos,0 days 01:13:22.044000,0 days 02:10:19.139000
2024-06-23 14:16:36.657,OnTrack,-3262,-2015,1799,pos,0 days 01:13:22.244000,0 days 02:10:19.339000
2024-06-23 14:16:36.937,OnTrack,-3324,-1884,1808,pos,0 days 01:13:22.524000,0 days 02:10:19.619000
2024-06-23 14:16:37.137,OnTrack,-3381,-1764,1816,pos,0 days 01:13:22.724000,0 days 02:10:19.819000
2024-06-23 14:16:37.417,OnTrack,-3449,-1592,1828,pos,0 days 01:13:23.004000,0 days 02:10:20.099000
2024-06-23 14:16:37.657,OnTrack,-3489,-1442,1836,pos,0 days 01:13:23.244000,0 days 02:10:20.339000
2024-06-23 14:16:37.837,OnTrack,-3504,-1329,1841,pos,0 days 01:13:23.424000,0 days 02:10:20.519000
2024-06-23 14:16:38.037,OnTrack,-3507,-1202,1846,pos,0 days 01:13:23.624000,0 days 02:10:20.719000
2024-06-23 14:16:38.317,OnTrack,-3480,-968,1855,pos,0 days 01:13:23.904000,0 days 02:10:20.999000
2024-06-23 14:16:38.697,OnTrack,-3438,-804,1861,pos,0 days 01:13:24.284000,0 days 02:10:21.379000
2024-06-23 14:16:38.957,OnTrack,-3355,-602,1868,pos,0 days 01:13:24.544000,0 days 02:10:21.639000
2024-06-23 14:16:39.217,OnTrack,-3306,-518,1870,pos,0 days 01:13:24.804000,0 days 02:10:21.899000
2024-06-23 14:16:39.417,OnTrack,-3220,-407,1872,pos,0 days 01:13:25.004000,0 days 02:10:22.099000
2024-06-23 14:16:39.657,OnTrack,-3106,-310,1874,pos,0 days 01:13:25.244000,0 days 02:10:22.339000
2024-06-23 14:16:39.877,OnTrack,-2980,-238,1874,pos,0 days 01:13:25.464000,0 days 02:10:22.559000
2024-06-23 14:16:40.037,OnTrack,-2881,-194,1874,pos,0 days 01:13:25.624000,0 days 02:10:22.719000
2024-06-23 14:16:40.337,OnTrack,-2692,-119,1872,pos,0 days 01:13:25.924000,0 days 02:10:23.019000
2024-06-23 14:16:40.497,OnTrack,-2591,-78,1871,pos,0 days 01:13:26.084000,0 days 02:10:23.179000
2024-06-23 14:16:40.816,OnTrack,-2390,12,1868,pos,0 days 01:13:26.403000,0 days 02:10:23.498000
2024-06-23 14:16:40.976,OnTrack,-2289,60,1867,pos,0 days 01:13:26.563000,0 days 02:10:23.658000
2024-06-23 14:16:41.176,OnTrack,-2095,152,1864,pos,0 days 01:13:26.763000,0 days 02:10:23.858000
2024-06-23 14:16:41.496,OnTrack,-1952,220,1863,pos,0 days 01:13:27.083000,0 days 02:10:24.178000
2024-06-23 14:16:41.797,OnTrack,-1673,351,1859,pos,0 days 01:13:27.384000,0 days 02:10:24.479000
2024-06-23 14:16:42.097,OnTrack,-1539,415,1857,pos,0 days 01:13:27.684000,0 days 02:10:24.779000
2024-06-23 14:16:42.317,OnTrack,-1389,486,1855,pos,0 days 01:13:27.904000,0 days 02:10:24.999000
2024-06-23 14:16:42.597,OnTrack,-1211,573,1853,pos,0 days 01:13:28.184000,0 days 02:10:25.279000
2024-06-23 14:16:42.837,OnTrack,-1048,655,1851,pos,0 days 01:13:28.424000,0 days 02:10:25.519000
2024-06-23 14:16:43.077,OnTrack,-884,741,1849,pos,0 days 01:13:28.664000,0 days 02:10:25.759000
2024-06-23 14:16:43.297,OnTrack,-663,858,1846,pos,0 days 01:13:28.884000,0 days 02:10:25.979000
2024-06-23 14:16:43.697,OnTrack,-386,1007,1842,pos,0 days 01:13:29.284000,0 days 02:10:26.379000
2024-06-23 14:16:44.057,OnTrack,-205,1103,1840,pos,0 days 01:13:29.644000,0 days 02:10:26.739000
2024-06-23 14:16:44.257,OnTrack,4,1215,1837,pos,0 days 01:13:29.844000,0 days 02:10:26.939000
2024-06-23 14:16:44.637,OnTrack,201,1319,1834,pos,0 days 01:13:30.224000,0 days 02:10:27.319000
2024-06-23 14:16:44.917,OnTrack,378,1411,1832,pos,0 days 01:13:30.504000,0 days 02:10:27.599000
2024-06-23 14:16:45.117,OnTrack,519,1479,1830,pos,0 days 01:13:30.704000,0 days 02:10:27.799000
2024-06-23 14:16:45.217,OnTrack,586,1509,1829,pos,0 days 01:13:30.804000,0 days 02:10:27.899000
2024-06-23 14:16:45.557,OnTrack,884,1632,1825,pos,0 days 01:13:31.144000,0 days 02:10:28.239000
2024-06-23 14:16:45.837,OnTrack,961,1662,1824,pos,0 days 01:13:31.424000,0 days 02:10:28.519000
2024-06-23 14:16:46.157,OnTrack,1107,1724,1823,pos,0 days 01:13:31.744000,0 days 02:10:28.839000
2024-06-23 14:16:46.257,OnTrack,1147,1743,1823,pos,0 days 01:13:31.844000,0 days 02:10:28.939000
2024-06-23 14:16:46.517,OnTrack,1242,1793,1821,pos,0 days 01:13:32.104000,0 days 02:10:29.199000
2024-06-23 14:16:46.677,OnTrack,1294,1827,1821,pos,0 days 01:13:32.264000,0 days 02:10:29.359000
2024-06-23 14:16:46.997,OnTrack,1399,1928,1819,pos,0 days 01:13:32.584000,0 days 02:10:29.679000
2024-06-23 14:16:47.336,OnTrack,1438,1997,1818,pos,0 days 01:13:32.923000,0 days 02:10:30.018000
2024-06-23 14:16:47.516,OnTrack,1455,2052,1818,pos,0 days 01:13:33.103000,0 days 02:10:30.198000
2024-06-23 14:16:47.816,OnTrack,1459,2189,1817,pos,0 days 01:13:33.403000,0 days 02:10:30.498000
2024-06-23 14:16:48.076,OnTrack,1452,2225,1817,pos,0 days 01:13:33.663000,0 days 02:10:30.758000
2024-06-23 14:16:48.397,OnTrack,1400,2357,1820,pos,0 days 01:13:33.984000,0 days 02:10:31.079000
2024-06-23 14:16:48.857,OnTrack,1346,2438,1822,pos,0 days 01:13:34.444000,0 days 02:10:31.539000
2024-06-23 14:16:49.257,OnTrack,1276,2513,1825,pos,0 days 01:13:34.844000,0 days 02:10:31.939000
2024-06-23 14:16:49.417,OnTrack,1239,2542,1826,pos,0 days 01:13:35.004000,0 days 02:10:32.099000
2024-06-23 14:16:49.637,OnTrack,1184,2578,1827,pos,0 days 01:13:35.224000,0 days 02:10:32.319000
2024-06-23 14:16:49.837,OnTrack,1129,2604,1828,pos,0 days 01:13:35.424000,0 days 02:10:32.519000
2024-06-23 14:16:50.117,OnTrack,1037,2633,1831,pos,0 days 01:13:35.704000,0 days 02:10:32.799000
2024-06-23 14:16:50.537,OnTrack,875,2658,1834,pos,0 days 01:13:36.124000,0 days 02:10:33.219000
2024-06-23 14:16:50.937,OnTrack,701,2653,1838,pos,0 days 01:13:36.524000,0 days 02:10:33.619000
2024-06-23 14:16:51.297,OnTrack,554,2624,1841,pos,0 days 01:13:36.884000,0 days 02:10:33.979000
2024-06-23 14:16:51.777,OnTrack,375,2557,1847,pos,0 days 01:13:37.364000,0 days 02:10:34.459000
2024-06-23 14:16:51.997,OnTrack,313,2526,1850,pos,0 days 01:13:37.584000,0 days 02:10:34.679000
2024-06-23 14:16:52.257,OnTrack,199,2456,1856,pos,0 days 01:13:37.844000,0 days 02:10:34.939000
2024-06-23 14:16:52.417,OnTrack,128,2408,1860,pos,0 days 01:13:38.004000,0 days 02:10:35.099000
2024-06-23 14:16:52.597,OnTrack,48,2351,1865,pos,0 days 01:13:38.184000,0 days 02:10:35.279000
2024-06-23 14:16:52.797,OnTrack,-44,2287,1869,pos,0 days 01:13:38.384000,0 days 02:10:35.479000
2024-06-23 14:16:53.097,OnTrack,-187,2211,1875,pos,0 days 01:13:38.684000,0 days 02:10:35.779000
2024-06-23 14:16:53.397,OnTrack,-366,2147,1881,pos,0 days 01:13:38.984000,0 days 02:10:36.079000
2024-06-23 14:16:53.757,OnTrack,-478,2127,1886,pos,0 days 01:13:39.344000,0 days 02:10:36.439000
2024-06-23 14:16:53.996,OnTrack,-577,2122,1891,pos,0 days 01:13:39.583000,0 days 02:10:36.678000
2024-06-23 14:16:54.216,OnTrack,-663,2128,1896,pos,0 days 01:13:39.803000,0 days 02:10:36.898000
2024-06-23 14:16:54.416,OnTrack,-736,2143,1899,pos,0 days 01:13:40.003000,0 days 02:10:37.098000
2024-06-23 14:16:54.616,OnTrack,-827,2181,1904,pos,0 days 01:13:40.203000,0 days 02:10:37.298000
2024-06-23 14:16:54.917,OnTrack,-894,2229,1906,pos,0 days 01:13:40.504000,0 days 02:10:37.599000
2024-06-23 14:16:55.077,OnTrack,-933,2268,1908,pos,0 days 01:13:40.664000,0 days 02:10:37.759000
2024-06-23 14:16:55.277,OnTrack,-973,2322,1909,pos,0 days 01:13:40.864000,0 days 02:10:37.959000
2024-06-23 14:16:55.457,OnTrack,-1002,2374,1911,pos,0 days 01:13:41.044000,0 days 02:10:38.139000
2024-06-23 14:16:55.737,OnTrack,-1031,2452,1912,pos,0 days 01:13:41.324000,0 days 02:10:38.419000
2024-06-23 14:16:55.957,OnTrack,-1045,2520,1913,pos,0 days 01:13:41.544000,0 days 02:10:38.639000
2024-06-23 14:16:56.177,OnTrack,-1051,2590,1914,pos,0 days 01:13:41.764000,0 days 02:10:38.859000
2024-06-23 14:16:56.357,OnTrack,-1049,2648,1914,pos,0 days 01:13:41.944000,0 days 02:10:39.039000
2024-06-23 14:16:56.637,OnTrack,-1033,2754,1916,pos,0 days 01:13:42.224000,0 days 02:10:39.319000
2024-06-23 14:16:57.017,OnTrack,-986,2893,1918,pos,0 days 01:13:42.604000,0 days 02:10:39.699000
2024-06-23 14:16:57.457,OnTrack,-900,3044,1921,pos,0 days 01:13:43.044000,0 days 02:10:40.139000
2024-06-23 14:16:57.797,OnTrack,-782,3183,1922,pos,0 days 01:13:43.384000,0 days 02:10:40.479000
2024-06-23 14:16:58.217,OnTrack,-684,3272,1922,pos,0 days 01:13:43.804000,0 days 02:10:40.899000
2024-06-23 14:16:58.317,OnTrack,-648,3303,1922,pos,0 days 01:13:43.904000,0 days 02:10:40.999000
2024-06-23 14:16:58.577,OnTrack,-548,3381,1921,pos,0 days 01:13:44.164000,0 days 02:10:41.259000
2024-06-23 14:16:58.817,OnTrack,-451,3457,1920,pos,0 days 01:13:44.404000,0 days 02:10:41.499000
2024-06-23 14:16:59.037,OnTrack,-358,3530,1918,pos,0 days 01:13:44.624000,0 days 02:10:41.719000
2024-06-23 14:16:59.257,OnTrack,-264,3610,1916,pos,0 days 01:13:44.844000,0 days 02:10:41.939000
2024-06-23 14:16:59.417,OnTrack,-149,3708,1912,pos,0 days 01:13:45.004000,0 days 02:10:42.099000
2024-06-23 14:16:59.777,OnTrack,-30,3809,1908,pos,0 days 01:13:45.364000,0 days 02:10:42.459000
2024-06-23 14:16:59.997,OnTrack,147,3946,1901,pos,0 days 01:13:45.584000,0 days 02:10:42.679000
2024-06-23 14:17:00.516,OnTrack,404,4088,1888,pos,0 days 01:13:46.103000,0 days 02:10:43.198000
2024-06-23 14:17:00.896,OnTrack,673,4140,1876,pos,0 days 01:13:46.483000,0 days 02:10:43.578000
2024-06-23 14:17:01.316,OnTrack,875,4125,1865,pos,0 days 01:13:46.903000,0 days 02:10:43.998000
2024-06-23 14:17:01.497,OnTrack,1070,4075,1854,pos,0 days 01:13:47.084000,0 days 02:10:44.179000
2024-06-23 14:17:01.797,OnTrack,1198,4025,1846,pos,0 days 01:13:47.384000,0 days 02:10:44.479000
2024-06-23 14:17:02.177,OnTrack,1479,3880,1830,pos,0 days 01:13:47.764000,0 days 02:10:44.859000
2024-06-23 14:17:02.477,OnTrack,1669,3761,1818,pos,0 days 01:13:48.064000,0 days 02:10:45.159000
2024-06-23 14:17:02.937,OnTrack,1872,3631,1806,pos,0 days 01:13:48.524000,0 days 02:10:45.619000
2024-06-23 14:17:03.157,OnTrack,2005,3546,1798,pos,0 days 01:13:48.744000,0 days 02:10:45.839000
2024-06-23 14:17:03.377,OnTrack,2139,3461,1790,pos,0 days 01:13:48.964000,0 days 02:10:46.059000
2024-06-23 14:17:03.537,OnTrack,2236,3398,1785,pos,0 days 01:13:49.124000,0 days 02:10:46.219000
2024-06-23 14:17:03.697,OnTrack,2331,3333,1780,pos,0 days 01:13:49.284000,0 days 02:10:46.379000
2024-06-23 14:17:04.017,OnTrack,2534,3170,1770,pos,0 days 01:13:49.604000,0 days 02:10:46.699000
2024-06-23 14:17:04.317,OnTrack,2635,3069,1764,pos,0 days 01:13:49.904000,0 days 02:10:46.999000
2024-06-23 14:17:04.557,OnTrack,2730,2949,1759,pos,0 days 01:13:50.144000,0 days 02:10:47.239000
2024-06-23 14:17:04.777,OnTrack,2825,2754,1752,pos,0 days 01:13:50.364000,0 days 02:10:47.459000
2024-06-23 14:17:05.137,OnTrack,2865,2605,1748,pos,0 days 01:13:50.724000,0 days 02:10:47.819000
2024-06-23 14:17:05.417,OnTrack,2885,2426,1744,pos,0 days 01:13:51.004000,0 days 02:10:48.099000
2024-06-23 14:17:05.537,OnTrack,2883,2349,1743,pos,0 days 01:13:51.124000,0 days 02:10:48.219000
2024-06-23 14:17:05.737,OnTrack,2866,2218,1739,pos,0 days 01:13:51.324000,0 days 02:10:48.419000
2024-06-23 14:17:05.897,OnTrack,2841,2116,1738,pos,0 days 01:13:51.484000,0 days 02:10:48.579000
2024-06-23 14:17:06.177,OnTrack,2768,1929,1735,pos,0 days 01:13:51.764000,0 days 02:10:48.859000
2024-06-23 14:17:06.457,OnTrack,2676,1758,1732,pos,0 days 01:13:52.044000,0 days 02:10:49.139000
2024-06-23 14:17:06.617,OnTrack,2618,1663,1731,pos,0 days 01:13:52.204000,0 days 02:10:49.299000
2024-06-23 14:17:06.797,OnTrack,2550,1558,1729,pos,0 days 01:13:52.384000,0 days 02:10:49.479000
2024-06-23 14:17:07.076,OnTrack,2403,1333,1725,pos,0 days 01:13:52.663000,0 days 02:10:49.758000
2024-06-23 14:17:07.456,OnTrack,2293,1164,1722,pos,0 days 01:13:53.043000,0 days 02:10:50.138000
2024-06-23 14:17:07.536,OnTrack,2261,1115,1721,pos,0 days 01:13:53.123000,0 days 02:10:50.218000
2024-06-23 14:17:07.876,OnTrack,2126,906,1717,pos,0 days 01:13:53.463000,0 days 02:10:50.558000
2024-06-23 14:17:08.097,OnTrack,2029,757,1715,pos,0 days 01:13:53.684000,0 days 02:10:50.779000
2024-06-23 14:17:08.297,OnTrack,1946,631,1713,pos,0 days 01:13:53.884000,0 days 02:10:50.979000
2024-06-23 14:17:08.397,OnTrack,1905,568,1712,pos,0 days 01:13:53.984000,0 days 02:10:51.079000
2024-06-23 14:17:08.757,OnTrack,1756,339,1709,pos,0 days 01:13:54.344000,0 days 02:10:51.439000
2024-06-23 14:17:09.157,OnTrack,1566,45,1708,pos,0 days 01:13:54.744000,0 days 02:10:51.839000
2024-06-23 14:17:09.417,OnTrack,1498,-60,1707,pos,0 days 01:13:55.004000,0 days 02:10:52.099000
2024-06-23 14:17:09.637,OnTrack,1405,-205,1707,pos,0 days 01:13:55.224000,0 days 02:10:52.319000
2024-06-23 14:17:09.877,OnTrack,1303,-365,1707,pos,0 days 01:13:55.464000,0 days 02:10:52.559000
2024-06-23 14:17:10.037,OnTrack,1235,-472,1708,pos,0 days 01:13:55.624000,0 days 02:10:52.719000
2024-06-23 14:17:10.337,OnTrack,1107,-674,1708,pos,0 days 01:13:55.924000,0 days 02:10:53.019000
2024-06-23 14:17:10.557,OnTrack,960,-904,1708,pos,0 days 01:13:56.144000,0 days 02:10:53.239000
2024-06-23 14:17:10.857,OnTrack,883,-1027,1708,pos,0 days 01:13:56.444000,0 days 02:10:53.539000
2024-06-23 14:17:11.177,OnTrack,684,-1339,1707,pos,0 days 01:13:56.764000,0 days 02:10:53.859000
2024-06-23 14:17:11.577,OnTrack,572,-1516,1707,pos,0 days 01:13:57.164000,0 days 02:10:54.259000
2024-06-23 14:17:11.857,OnTrack,450,-1708,1708,pos,0 days 01:13:57.444000,0 days 02:10:54.539000
2024-06-23 14:17:12.057,OnTrack,337,-1886,1708,pos,0 days 01:13:57.644000,0 days 02:10:54.739000
2024-06-23 14:17:12.297,OnTrack,258,-2010,1708,pos,0 days 01:13:57.884000,0 days 02:10:54.979000
2024-06-23 14:17:12.577,OnTrack,84,-2284,1708,pos,0 days 01:13:58.164000,0 days 02:10:55.259000
2024-06-23 14:17:12.957,OnTrack,-28,-2461,1707,pos,0 days 01:13:58.544000,0 days 02:10:55.639000
2024-06-23 14:17:13.197,OnTrack,-132,-2622,1706,pos,0 days 01:13:58.784000,0 days 02:10:55.879000
2024-06-23 14:17:13.377,OnTrack,-211,-2742,1705,pos,0 days 01:13:58.964000,0 days 02:10:56.059000
2024-06-23 14:17:13.577,OnTrack,-298,-2873,1704,pos,0 days 01:13:59.164000,0 days 02:10:56.259000
2024-06-23 14:17:13.756,OnTrack,-376,-2991,1703,pos,0 days 01:13:59.343000,0 days 02:10:56.438000
2024-06-23 14:17:14.076,OnTrack,-574,-3290,1699,pos,0 days 01:13:59.663000,0 days 02:10:56.758000
2024-06-23 14:17:14.356,OnTrack,-634,-3379,1697,pos,0 days 01:13:59.943000,0 days 02:10:57.038000
2024-06-23 14:17:14.657,OnTrack,-771,-3583,1693,pos,0 days 01:14:00.244000,0 days 02:10:57.339000
2024-06-23 14:17:14.877,OnTrack,-864,-3722,1690,pos,0 days 01:14:00.464000,0 days 02:10:57.559000
2024-06-23 14:17:15.037,OnTrack,-931,-3822,1688,pos,0 days 01:14:00.624000,0 days 02:10:57.719000
2024-06-23 14:17:15.237,OnTrack,-1015,-3947,1685,pos,0 days 01:14:00.824000,0 days 02:10:57.919000
2024-06-23 14:17:15.397,OnTrack,-1073,-4034,1682,pos,0 days 01:14:00.984000,0 days 02:10:58.079000
2024-06-23 14:17:15.717,OnTrack,-1206,-4232,1677,pos,0 days 01:14:01.304000,0 days 02:10:58.399000
2024-06-23 14:17:15.897,OnTrack,-1330,-4416,1672,pos,0 days 01:14:01.484000,0 days 02:10:58.579000
2024-06-23 14:17:16.257,OnTrack,-1429,-4564,1667,pos,0 days 01:14:01.844000,0 days 02:10:58.939000
2024-06-23 14:17:16.497,OnTrack,-1529,-4713,1663,pos,0 days 01:14:02.084000,0 days 02:10:59.179000
2024-06-23 14:17:16.757,OnTrack,-1629,-4863,1659,pos,0 days 01:14:02.344000,0 days 02:10:59.439000
2024-06-23 14:17:16.917,OnTrack,-1694,-4965,1656,pos,0 days 01:14:02.504000,0 days 02:10:59.599000
2024-06-23 14:17:17.197,OnTrack,-1855,-5226,1651,pos,0 days 01:14:02.784000,0 days 02:10:59.879000
2024-06-23 14:17:17.557,OnTrack,-1979,-5442,1647,pos,0 days 01:14:03.144000,0 days 02:11:00.239000
2024-06-23 14:17:17.997,OnTrack,-2098,-5650,1644,pos,0 days 01:14:03.584000,0 days 02:11:00.679000
2024-06-23 14:17:18.237,OnTrack,-2178,-5795,1642,pos,0 days 01:14:03.824000,0 days 02:11:00.919000
2024-06-23 14:17:18.397,OnTrack,-2230,-5890,1640,pos,0 days 01:14:03.984000,0 days 02:11:01.079000
2024-06-23 14:17:18.537,OnTrack,-2276,-5972,1639,pos,0 days 01:14:04.124000,0 days 02:11:01.219000
2024-06-23 14:17:18.857,OnTrack,-2404,-6197,1637,pos,0 days 01:14:04.444000,0 days 02:11:01.539000
2024-06-23 14:17:19.197,OnTrack,-2483,-6329,1635,pos,0 days 01:14:04.784000,0 days 02:11:01.879000
2024-06-23 14:17:19.397,OnTrack,-2545,-6427,1633,pos,0 days 01:14:04.984000,0 days 02:11:02.079000
2024-06-23 14:17:19.577,OnTrack,-2613,-6524,1633,pos,0 days 01:14:05.164000,0 days 02:11:02.259000
2024-06-23 14:17:19.737,OnTrack,-2660,-6587,1632,pos,0 days 01:14:05.324000,0 days 02:11:02.419000
2024-06-23 14:17:19.997,OnTrack,-2735,-6680,1630,pos,0 days 01:14:05.584000,0 days 02:11:02.679000
2024-06-23 14:17:20.256,OnTrack,-2847,-6799,1627,pos,0 days 01:14:05.843000,0 days 02:11:02.938000
2024-06-23 14:17:20.576,OnTrack,-2900,-6846,1626,pos,0 days 01:14:06.163000,0 days 02:11:03.258000
2024-06-23 14:17:20.736,OnTrack,-2949,-6883,1624,pos,0 days 01:14:06.323000,0 days 02:11:03.418000
2024-06-23 14:17:21.056,OnTrack,-3078,-6958,1625,pos,0 days 01:14:06.643000,0 days 02:11:03.738000
2024-06-23 14:17:21.377,OnTrack,-3171,-6987,1623,pos,0 days 01:14:06.964000,0 days 02:11:04.059000
2024-06-23 14:17:21.597,OnTrack,-3252,-6995,1625,pos,0 days 01:14:07.184000,0 days 02:11:04.279000
2024-06-23 14:17:21.777,OnTrack,-3320,-6991,1625,pos,0 days 01:14:07.364000,0 days 02:11:04.459000
2024-06-23 14:17:21.997,OnTrack,-3395,-6976,1627,pos,0 days 01:14:07.584000,0 days 02:11:04.679000
2024-06-23 14:17:22.177,OnTrack,-3461,-6954,1629,pos,0 days 01:14:07.764000,0 days 02:11:04.859000
2024-06-23 14:17:22.577,OnTrack,-3606,-6891,1631,pos,0 days 01:14:08.164000,0 days 02:11:05.259000
2024-06-23 14:17:22.777,OnTrack,-3703,-6846,1633,pos,0 days 01:14:08.364000,0 days 02:11:05.459000
2024-06-23 14:17:23.077,OnTrack,-3797,-6807,1635,pos,0 days 01:14:08.664000,0 days 02:11:05.759000
2024-06-23 14:17:23.257,OnTrack,-3871,-6783,1636,pos,0 days 01:14:08.844000,0 days 02:11:05.939000
2024-06-23 14:17:23.517,OnTrack,-3981,-6767,1640,pos,0 days 01:14:09.104000,0 days 02:11:06.199000
2024-06-23 14:17:23.677,OnTrack,-4051,-6770,1643,pos,0 days 01:14:09.264000,0 days 02:11:06.359000
2024-06-23 14:17:24.937,OnTrack,-4537,-6988,1668,pos,0 days 01:14:10.524000,0 days 02:11:07.619000
2024-06-23 14:17:25.137,OnTrack,-4661,-7076,1675,pos,0 days 01:14:10.724000,0 days 02:11:07.819000
2024-06-23 14:17:25.437,OnTrack,-4748,-7137,1680,pos,0 days 01:14:11.024000,0 days 02:11:08.119000
2024-06-23 14:17:25.717,OnTrack,-4876,-7221,1686,pos,0 days 01:14:11.304000,0 days 02:11:08.399000
2024-06-23 14:17:25.877,OnTrack,-4954,-7267,1691,pos,0 days 01:14:11.464000,0 days 02:11:08.559000
2024-06-23 14:17:26.037,OnTrack,-5036,-7311,1695,pos,0 days 01:14:11.624000,0 days 02:11:08.719000
2024-06-23 14:17:26.257,OnTrack,-5153,-7366,1700,pos,0 days 01:14:11.844000,0 days 02:11:08.939000
2024-06-23 14:17:26.437,OnTrack,-5253,-7403,1704,pos,0 days 01:14:12.024000,0 days 02:11:09.119000
2024-06-23 14:17:26.757,OnTrack,-5525,-7453,1716,pos,0 days 01:14:12.344000,0 days 02:11:09.439000
2024-06-23 14:17:27.216,OnTrack,-5775,-7440,1728,pos,0 days 01:14:12.803000,0 days 02:11:09.898000
2024-06-23 14:17:27.596,OnTrack,-5937,-7402,1734,pos,0 days 01:14:13.183000,0 days 02:11:10.278000
2024-06-23 14:17:27.857,OnTrack,-6161,-7308,1742,pos,0 days 01:14:13.444000,0 days 02:11:10.539000
2024-06-23 14:17:28.157,OnTrack,-6240,-7259,1745,pos,0 days 01:14:13.744000,0 days 02:11:10.839000
2024-06-23 14:17:28.417,OnTrack,-6351,-7174,1750,pos,0 days 01:14:14.004000,0 days 02:11:11.099000
2024-06-23 14:17:28.637,OnTrack,-6442,-7080,1754,pos,0 days 01:14:14.224000,0 days 02:11:11.319000
2024-06-23 14:17:28.877,OnTrack,-6573,-6887,1759,pos,0 days 01:14:14.464000,0 days 02:11:11.559000
2024-06-23 14:17:29.297,OnTrack,-6667,-6663,1764,pos,0 days 01:14:14.884000,0 days 02:11:11.979000
2024-06-23 14:17:29.597,OnTrack,-6700,-6537,1766,pos,0 days 01:14:15.184000,0 days 02:11:12.279000
2024-06-23 14:17:29.877,OnTrack,-6731,-6284,1769,pos,0 days 01:14:15.464000,0 days 02:11:12.559000
2024-06-23 14:17:30.337,OnTrack,-6728,-6037,1773,pos,0 days 01:14:15.924000,0 days 02:11:13.019000
2024-06-23 14:17:30.497,OnTrack,-6718,-5925,1775,pos,0 days 01:14:16.084000,0 days 02:11:13.179000
2024-06-23 14:17:30.637,OnTrack,-6706,-5828,1776,pos,0 days 01:14:16.224000,0 days 02:11:13.319000
2024-06-23 14:17:30.917,OnTrack,-6660,-5570,1779,pos,0 days 01:14:16.504000,0 days 02:11:13.599000
2024-06-23 14:17:31.217,OnTrack,-6627,-5429,1782,pos,0 days 01:14:16.804000,0 days 02:11:13.899000
2024-06-23 14:17:31.537,OnTrack,-6559,-5207,1786,pos,0 days 01:14:17.124000,0 days 02:11:14.219000
2024-06-23 14:17:31.697,OnTrack,-6515,-5098,1787,pos,0 days 01:14:17.284000,0 days 02:11:14.379000
2024-06-23 14:17:31.877,OnTrack,-6403,-4887,1791,pos,0 days 01:14:17.464000,0 days 02:11:14.559000
2024-06-23 14:17:32.417,OnTrack,-6227,-4620,1795,pos,0 days 01:14:18.004000,0 days 02:11:15.099000
2024-06-23 14:17:32.717,OnTrack,-6102,-4445,1798,pos,0 days 01:14:18.304000,0 days 02:11:15.399000
2024-06-23 14:17:32.977,OnTrack,-5987,-4282,1800,pos,0 days 01:14:18.564000,0 days 02:11:15.659000
2024-06-23 14:17:33.137,OnTrack,-5922,-4175,1802,pos,0 days 01:14:18.724000,0 days 02:11:15.819000
2024-06-23 14:17:33.337,OnTrack,-5842,-4037,1804,pos,0 days 01:14:18.924000,0 days 02:11:16.019000
2024-06-23 14:17:33.616,OnTrack,-5728,-3847,1807,pos,0 days 01:14:19.203000,0 days 02:11:16.298000
2024-06-23 14:17:33.776,OnTrack,-5602,-3647,1810,pos,0 days 01:14:19.363000,0 days 02:11:16.458000
2024-06-23 14:17:34.216,OnTrack,-5437,-3405,1815,pos,0 days 01:14:19.803000,0 days 02:11:16.898000
2024-06-23 14:17:34.577,OnTrack,-5345,-3272,1816,pos,0 days 01:14:20.164000,0 days 02:11:17.259000
2024-06-23 14:17:34.757,OnTrack,-5284,-3191,1818,pos,0 days 01:14:20.344000,0 days 02:11:17.439000
2024-06-23 14:17:34.917,OnTrack,-5232,-3126,1819,pos,0 days 01:14:20.504000,0 days 02:11:17.599000
2024-06-23 14:17:35.077,OnTrack,-5185,-3074,1819,pos,0 days 01:14:20.664000,0 days 02:11:17.759000
2024-06-23 14:17:35.337,OnTrack,-5096,-2990,1819,pos,0 days 01:14:20.924000,0 days 02:11:18.019000
2024-06-23 14:17:35.597,OnTrack,-5003,-2923,1821,pos,0 days 01:14:21.184000,0 days 02:11:18.279000
2024-06-23 14:17:35.757,OnTrack,-4943,-2891,1821,pos,0 days 01:14:21.344000,0 days 02:11:18.439000
2024-06-23 14:17:36.037,OnTrack,-4794,-2845,1824,pos,0 days 01:14:21.624000,0 days 02:11:18.719000
2024-06-23 14:17:36.437,OnTrack,-4677,-2839,1826,pos,0 days 01:14:22.024000,0 days 02:11:19.119000
2024-06-23 14:17:36.597,OnTrack,-4617,-2846,1827,pos,0 days 01:14:22.184000,0 days 02:11:19.279000
2024-06-23 14:17:36.817,OnTrack,-4504,-2878,1829,pos,0 days 01:14:22.404000,0 days 02:11:19.499000
2024-06-23 14:17:37.277,OnTrack,-4391,-2935,1831,pos,0 days 01:14:22.864000,0 days 02:11:19.959000
2024-06-23 14:17:37.437,OnTrack,-4313,-2996,1833,pos,0 days 01:14:23.024000,0 days 02:11:20.119000
2024-06-23 14:17:37.897,OnTrack,-4227,-3089,1835,pos,0 days 01:14:23.484000,0 days 02:11:20.579000
2024-06-23 14:17:38.077,OnTrack,-4166,-3177,1836,pos,0 days 01:14:23.664000,0 days 02:11:20.759000
2024-06-23 14:17:38.417,OnTrack,-4119,-3262,1837,pos,0 days 01:14:24.004000,0 days 02:11:21.099000
2024-06-23 14:17:38.637,OnTrack,-4083,-3348,1838,pos,0 days 01:14:24.224000,0 days 02:11:21.319000
2024-06-23 14:17:38.817,OnTrack,-4059,-3424,1838,pos,0 days 01:14:24.404000,0 days 02:11:21.499000
2024-06-23 14:17:39.137,OnTrack,-4031,-3582,1839,pos,0 days 01:14:24.724000,0 days 02:11:21.819000
2024-06-23 14:17:39.477,OnTrack,-4036,-3805,1839,pos,0 days 01:14:25.064000,0 days 02:11:22.159000
2024-06-23 14:17:39.797,OnTrack,-4056,-3911,1838,pos,0 days 01:14:25.384000,0 days 02:11:22.479000
2024-06-23 14:17:40.136,OnTrack,-4116,-4091,1836,pos,0 days 01:14:25.723000,0 days 02:11:22.818000
2024-06-23 14:17:40.356,OnTrack,-4171,-4204,1834,pos,0 days 01:14:25.943000,0 days 02:11:23.038000
2024-06-23 14:17:40.536,OnTrack,-4228,-4295,1833,pos,0 days 01:14:26.123000,0 days 02:11:23.218000
2024-06-23 14:17:40.716,OnTrack,-4290,-4386,1831,pos,0 days 01:14:26.303000,0 days 02:11:23.398000
2024-06-23 14:17:40.977,OnTrack,-4413,-4559,1828,pos,0 days 01:14:26.564000,0 days 02:11:23.659000
2024-06-23 14:17:41.257,OnTrack,-4496,-4673,1824,pos,0 days 01:14:26.844000,0 days 02:11:23.939000
2024-06-23 14:17:41.517,OnTrack,-4597,-4810,1821,pos,0 days 01:14:27.104000,0 days 02:11:24.199000
2024-06-23 14:17:41.757,OnTrack,-4683,-4929,1818,pos,0 days 01:14:27.344000,0 days 02:11:24.439000
2024-06-23 14:17:41.897,OnTrack,-4739,-5005,1817,pos,0 days 01:14:27.484000,0 days 02:11:24.579000
2024-06-23 14:17:42.177,OnTrack,-4903,-5230,1811,pos,0 days 01:14:27.764000,0 days 02:11:24.859000
2024-06-23 14:17:42.437,OnTrack,-4946,-5291,1810,pos,0 days 01:14:28.024000,0 days 02:11:25.119000
2024-06-23 14:17:42.737,OnTrack,-5041,-5431,1805,pos,0 days 01:14:28.324000,0 days 02:11:25.419000
2024-06-23 14:17:42.937,OnTrack,-5092,-5515,1801,pos,0 days 01:14:28.524000,0 days 02:11:25.619000
2024-06-23 14:17:43.097,OnTrack,-5118,-5563,1800,pos,0 days 01:14:28.684000,0 days 02:11:25.779000
2024-06-23 14:17:43.317,OnTrack,-5158,-5643,1796,pos,0 days 01:14:28.904000,0 days 02:11:25.999000
2024-06-23 14:17:43.477,OnTrack,-5181,-5699,1794,pos,0 days 01:14:29.064000,0 days 02:11:26.159000
2024-06-23 14:17:43.817,OnTrack,-5215,-5811,1790,pos,0 days 01:14:29.404000,0 days 02:11:26.499000
2024-06-23 14:17:43.957,OnTrack,-5223,-5856,1787,pos,0 days 01:14:29.544000,0 days 02:11:26.639000
2024-06-23 14:17:44.117,OnTrack,-5226,-5948,1783,pos,0 days 01:14:29.704000,0 days 02:11:26.799000
2024-06-23 14:17:44.517,OnTrack,-5212,-6022,1779,pos,0 days 01:14:30.104000,0 days 02:11:27.199000
2024-06-23 14:17:44.697,OnTrack,-5194,-6068,1776,pos,0 days 01:14:30.284000,0 days 02:11:27.379000
2024-06-23 14:17:45.017,OnTrack,-5148,-6138,1770,pos,0 days 01:14:30.604000,0 days 02:11:27.699000
2024-06-23 14:17:45.237,OnTrack,-5107,-6176,1769,pos,0 days 01:14:30.824000,0 days 02:11:27.919000
2024-06-23 14:17:45.457,OnTrack,-5056,-6209,1767,pos,0 days 01:14:31.044000,0 days 02:11:28.139000
2024-06-23 14:17:45.797,OnTrack,-4980,-6238,1761,pos,0 days 01:14:31.384000,0 days 02:11:28.479000
2024-06-23 14:17:46.037,OnTrack,-4918,-6249,1758,pos,0 days 01:14:31.624000,0 days 02:11:28.719000
2024-06-23 14:17:46.217,OnTrack,-4869,-6252,1756,pos,0 days 01:14:31.804000,0 days 02:11:28.899000
2024-06-23 14:17:46.477,OnTrack,-4784,-6244,1750,pos,0 days 01:14:32.064000,0 days 02:11:29.159000
2024-06-23 14:17:46.776,OnTrack,-4707,-6228,1745,pos,0 days 01:14:32.363000,0 days 02:11:29.458000
2024-06-23 14:17:47.016,OnTrack,-4633,-6204,1740,pos,0 days 01:14:32.603000,0 days 02:11:29.698000
2024-06-23 14:17:47.296,OnTrack,-4532,-6162,1734,pos,0 days 01:14:32.883000,0 days 02:11:29.978000
2024-06-23 14:17:47.717,OnTrack,-4350,-6068,1722,pos,0 days 01:14:33.304000,0 days 02:11:30.399000
2024-06-23 14:17:48.117,OnTrack,-4240,-6007,1714,pos,0 days 01:14:33.704000,0 days 02:11:30.799000
2024-06-23 14:17:48.297,OnTrack,-4173,-5971,1709,pos,0 days 01:14:33.884000,0 days 02:11:30.979000
2024-06-23 14:17:48.497,OnTrack,-3960,-5862,1695,pos,0 days 01:14:34.084000,0 days 02:11:31.179000
2024-06-23 14:17:48.797,OnTrack,-3874,-5821,1691,pos,0 days 01:14:34.384000,0 days 02:11:31.479000
2024-06-23 14:17:49.097,OnTrack,-3719,-5755,1683,pos,0 days 01:14:34.684000,0 days 02:11:31.779000
2024-06-23 14:17:49.337,OnTrack,-3556,-5688,1677,pos,0 days 01:14:34.924000,0 days 02:11:32.019000
2024-06-23 14:17:49.577,OnTrack,-3456,-5644,1671,pos,0 days 01:14:35.164000,0 days 02:11:32.259000
2024-06-23 14:17:49.977,OnTrack,-3180,-5498,1660,pos,0 days 01:14:35.564000,0 days 02:11:32.659000
2024-06-23 14:17:50.297,OnTrack,-3060,-5418,1657,pos,0 days 01:14:35.884000,0 days 02:11:32.979000
2024-06-23 14:17:50.457,OnTrack,-2975,-5354,1655,pos,0 days 01:14:36.044000,0 days 02:11:33.139000
2024-06-23 14:17:50.677,OnTrack,-2861,-5257,1653,pos,0 days 01:14:36.264000,0 days 02:11:33.359000
2024-06-23 14:17:50.917,OnTrack,-2743,-5140,1651,pos,0 days 01:14:36.504000,0 days 02:11:33.599000
2024-06-23 14:17:51.177,OnTrack,-2589,-4957,1650,pos,0 days 01:14:36.764000,0 days 02:11:33.859000
2024-06-23 14:17:51.517,OnTrack,-2479,-4807,1651,pos,0 days 01:14:37.104000,0 days 02:11:34.199000
2024-06-23 14:17:51.697,OnTrack,-2406,-4703,1651,pos,0 days 01:14:37.284000,0 days 02:11:34.379000
2024-06-23 14:17:51.857,OnTrack,-2344,-4612,1652,pos,0 days 01:14:37.444000,0 days 02:11:34.539000
2024-06-23 14:17:52.237,OnTrack,-2179,-4364,1658,pos,0 days 01:14:37.824000,0 days 02:11:34.919000
2024-06-23 14:17:52.597,OnTrack,-2132,-4273,1660,pos,0 days 01:14:38.184000,0 days 02:11:35.279000
2024-06-23 14:17:52.817,OnTrack,-2104,-4186,1662,pos,0 days 01:14:38.404000,0 days 02:11:35.499000
2024-06-23 14:17:52.977,OnTrack,-2091,-4117,1662,pos,0 days 01:14:38.564000,0 days 02:11:35.659000
2024-06-23 14:17:53.137,OnTrack,-2085,-4048,1664,pos,0 days 01:14:38.724000,0 days 02:11:35.819000
2024-06-23 14:17:53.456,OnTrack,-2089,-3869,1670,pos,0 days 01:14:39.043000,0 days 02:11:36.138000
2024-06-23 14:17:53.796,OnTrack,-2106,-3788,1674,pos,0 days 01:14:39.383000,0 days 02:11:36.478000
2024-06-23 14:17:54.056,OnTrack,-2144,-3701,1680,pos,0 days 01:14:39.643000,0 days 02:11:36.738000
2024-06-23 14:17:54.257,OnTrack,-2222,-3602,1684,pos,0 days 01:14:39.844000,0 days 02:11:36.939000
2024-06-23 14:17:54.637,OnTrack,-2323,-3518,1690,pos,0 days 01:14:40.224000,0 days 02:11:37.319000
2024-06-23 14:17:55.037,OnTrack,-2423,-3447,1695,pos,0 days 01:14:40.624000,0 days 02:11:37.719000
2024-06-23 14:17:55.297,OnTrack,-2509,-3381,1701,pos,0 days 01:14:40.884000,0 days 02:11:37.979000
2024-06-23 14:17:55.557,OnTrack,-2620,-3275,1711,pos,0 days 01:14:41.144000,0 days 02:11:38.239000
2024-06-23 14:17:55.957,OnTrack,-2716,-3151,1725,pos,0 days 01:14:41.544000,0 days 02:11:38.639000
2024-06-23 14:17:56.097,OnTrack,-2753,-3089,1729,pos,0 days 01:14:41.684000,0 days 02:11:38.779000
2024-06-23 14:17:56.257,OnTrack,-2792,-3014,1733,pos,0 days 01:14:41.844000,0 days 02:11:38.939000
2024-06-23 14:17:56.417,OnTrack,-2829,-2934,1739,pos,0 days 01:14:42.004000,0 days 02:11:39.099000
2024-06-23 14:17:56.717,OnTrack,-2918,-2739,1751,pos,0 days 01:14:42.304000,0 days 02:11:39.399000
2024-06-23 14:17:57.077,OnTrack,-2988,-2590,1762,pos,0 days 01:14:42.664000,0 days 02:11:39.759000
2024-06-23 14:17:57.357,OnTrack,-3094,-2368,1776,pos,0 days 01:14:42.944000,0 days 02:11:40.039000
2024-06-23 14:17:57.657,OnTrack,-3138,-2275,1782,pos,0 days 01:14:43.244000,0 days 02:11:40.339000
2024-06-23 14:17:57.977,OnTrack,-3227,-2088,1795,pos,0 days 01:14:43.564000,0 days 02:11:40.659000
2024-06-23 14:17:58.157,OnTrack,-3278,-1980,1802,pos,0 days 01:14:43.744000,0 days 02:11:40.839000
2024-06-23 14:17:58.377,OnTrack,-3342,-1847,1810,pos,0 days 01:14:43.964000,0 days 02:11:41.059000
2024-06-23 14:17:58.557,OnTrack,-3393,-1736,1818,pos,0 days 01:14:44.144000,0 days 02:11:41.239000
2024-06-23 14:17:58.797,OnTrack,-3464,-1547,1830,pos,0 days 01:14:44.384000,0 days 02:11:41.479000
2024-06-23 14:17:59.157,OnTrack,-3502,-1356,1840,pos,0 days 01:14:44.744000,0 days 02:11:41.839000
2024-06-23 14:17:59.397,OnTrack,-3505,-1163,1847,pos,0 days 01:14:44.984000,0 days 02:11:42.079000
2024-06-23 14:17:59.697,OnTrack,-3488,-1011,1853,pos,0 days 01:14:45.284000,0 days 02:11:42.379000
2024-06-23 14:17:59.876,OnTrack,-3465,-899,1858,pos,0 days 01:14:45.463000,0 days 02:11:42.558000
2024-06-23 14:18:00.176,OnTrack,-3378,-650,1866,pos,0 days 01:14:45.763000,0 days 02:11:42.858000
2024-06-23 14:18:00.656,OnTrack,-3242,-431,1872,pos,0 days 01:14:46.243000,0 days 02:11:43.338000
2024-06-23 14:18:00.837,OnTrack,-3151,-342,1874,pos,0 days 01:14:46.424000,0 days 02:11:43.519000
2024-06-23 14:18:01.077,OnTrack,-3019,-257,1875,pos,0 days 01:14:46.664000,0 days 02:11:43.759000
2024-06-23 14:18:01.137,OnTrack,-2984,-239,1874,pos,0 days 01:14:46.724000,0 days 02:11:43.819000
2024-06-23 14:18:01.337,OnTrack,-2873,-190,1874,pos,0 days 01:14:46.924000,0 days 02:11:44.019000
2024-06-23 14:18:01.517,OnTrack,-2761,-146,1873,pos,0 days 01:14:47.104000,0 days 02:11:44.199000
2024-06-23 14:18:01.717,OnTrack,-2636,-97,1871,pos,0 days 01:14:47.304000,0 days 02:11:44.399000
2024-06-23 14:18:01.977,OnTrack,-2475,-25,1870,pos,0 days 01:14:47.564000,0 days 02:11:44.659000
2024-06-23 14:18:02.137,OnTrack,-2375,20,1868,pos,0 days 01:14:47.724000,0 days 02:11:44.819000
2024-06-23 14:18:02.417,OnTrack,-2198,103,1866,pos,0 days 01:14:48.004000,0 days 02:11:45.099000
2024-06-23 14:18:02.697,OnTrack,-2017,189,1863,pos,0 days 01:14:48.284000,0 days 02:11:45.379000
2024-06-23 14:18:02.857,OnTrack,-1912,238,1862,pos,0 days 01:14:48.444000,0 days 02:11:45.539000
2024-06-23 14:18:03.017,OnTrack,-1807,288,1861,pos,0 days 01:14:48.604000,0 days 02:11:45.699000
2024-06-23 14:18:03.277,OnTrack,-1634,370,1859,pos,0 days 01:14:48.864000,0 days 02:11:45.959000
2024-06-23 14:18:03.517,OnTrack,-1405,479,1856,pos,0 days 01:14:49.104000,0 days 02:11:46.199000
2024-06-23 14:18:03.937,OnTrack,-1187,584,1853,pos,0 days 01:14:49.524000,0 days 02:11:46.619000
2024-06-23 14:18:03.957,OnTrack,-1173,591,1853,pos,0 days 01:14:49.544000,0 days 02:11:46.639000
2024-06-23 14:18:04.217,OnTrack,-1001,679,1851,pos,0 days 01:14:49.804000,0 days 02:11:46.899000
2024-06-23 14:18:04.457,OnTrack,-755,810,1847,pos,0 days 01:14:50.044000,0 days 02:11:47.139000
2024-06-23 14:18:04.777,OnTrack,-617,883,1845,pos,0 days 01:14:50.364000,0 days 02:11:47.459000
2024-06-23 14:18:05.097,OnTrack,-396,1002,1842,pos,0 days 01:14:50.684000,0 days 02:11:47.779000
2024-06-23 14:18:05.357,OnTrack,-214,1099,1840,pos,0 days 01:14:50.944000,0 days 02:11:48.039000
2024-06-23 14:18:05.557,OnTrack,-17,1204,1837,pos,0 days 01:14:51.144000,0 days 02:11:48.239000
2024-06-23 14:18:05.857,OnTrack,137,1286,1835,pos,0 days 01:14:51.444000,0 days 02:11:48.539000
2024-06-23 14:18:06.097,OnTrack,407,1426,1831,pos,0 days 01:14:51.684000,0 days 02:11:48.779000
2024-06-23 14:18:06.556,OnTrack,725,1567,1827,pos,0 days 01:14:52.143000,0 days 02:11:49.238000
2024-06-23 14:18:06.876,OnTrack,836,1612,1826,pos,0 days 01:14:52.463000,0 days 02:11:49.558000
2024-06-23 14:18:07.056,OnTrack,942,1655,1824,pos,0 days 01:14:52.643000,0 days 02:11:49.738000
2024-06-23 14:18:07.317,OnTrack,1078,1711,1823,pos,0 days 01:14:52.904000,0 days 02:11:49.999000
2024-06-23 14:18:07.477,OnTrack,1147,1743,1823,pos,0 days 01:14:53.064000,0 days 02:11:50.159000
2024-06-23 14:18:07.777,OnTrack,1260,1804,1821,pos,0 days 01:14:53.364000,0 days 02:11:50.459000
2024-06-23 14:18:07.937,OnTrack,1304,1835,1821,pos,0 days 01:14:53.524000,0 days 02:11:50.619000
2024-06-23 14:18:08.197,OnTrack,1374,1897,1820,pos,0 days 01:14:53.784000,0 days 02:11:50.879000
2024-06-23 14:18:08.377,OnTrack,1411,1945,1819,pos,0 days 01:14:53.964000,0 days 02:11:51.059000
2024-06-23 14:18:08.537,OnTrack,1436,1993,1818,pos,0 days 01:14:54.124000,0 days 02:11:51.219000
2024-06-23 14:18:08.837,OnTrack,1462,2088,1818,pos,0 days 01:14:54.424000,0 days 02:11:51.519000
2024-06-23 14:18:09.077,OnTrack,1462,2165,1817,pos,0 days 01:14:54.664000,0 days 02:11:51.759000
2024-06-23 14:18:09.277,OnTrack,1443,2257,1817,pos,0 days 01:14:54.864000,0 days 02:11:51.959000
2024-06-23 14:18:09.617,OnTrack,1401,2355,1820,pos,0 days 01:14:55.204000,0 days 02:11:52.299000
2024-06-23 14:18:09.897,OnTrack,1377,2395,1821,pos,0 days 01:14:55.484000,0 days 02:11:52.579000
2024-06-23 14:18:10.157,OnTrack,1332,2454,1823,pos,0 days 01:14:55.744000,0 days 02:11:52.839000
2024-06-23 14:18:10.317,OnTrack,1302,2488,1824,pos,0 days 01:14:55.904000,0 days 02:11:52.999000
2024-06-23 14:18:10.657,OnTrack,1196,2571,1827,pos,0 days 01:14:56.244000,0 days 02:11:53.339000
2024-06-23 14:18:10.997,OnTrack,1144,2597,1828,pos,0 days 01:14:56.584000,0 days 02:11:53.679000
2024-06-23 14:18:11.177,OnTrack,1095,2616,1829,pos,0 days 01:14:56.764000,0 days 02:11:53.859000
2024-06-23 14:18:11.437,OnTrack,1016,2638,1831,pos,0 days 01:14:57.024000,0 days 02:11:54.119000
2024-06-23 14:18:11.697,OnTrack,885,2657,1834,pos,0 days 01:14:57.284000,0 days 02:11:54.379000
2024-06-23 14:18:11.957,OnTrack,843,2659,1835,pos,0 days 01:14:57.544000,0 days 02:11:54.639000
2024-06-23 14:18:12.297,OnTrack,718,2655,1837,pos,0 days 01:14:57.884000,0 days 02:11:54.979000
2024-06-23 14:18:12.477,OnTrack,608,2638,1840,pos,0 days 01:14:58.064000,0 days 02:11:55.159000
2024-06-23 14:18:12.777,OnTrack,527,2617,1842,pos,0 days 01:14:58.364000,0 days 02:11:55.459000
2024-06-23 14:18:12.976,OnTrack,444,2587,1844,pos,0 days 01:14:58.563000,0 days 02:11:55.658000
2024-06-23 14:18:13.216,OnTrack,341,2540,1849,pos,0 days 01:14:58.803000,0 days 02:11:55.898000
2024-06-23 14:18:13.476,OnTrack,229,2475,1855,pos,0 days 01:14:59.063000,0 days 02:11:56.158000
2024-06-23 14:18:13.636,OnTrack,159,2429,1859,pos,0 days 01:14:59.223000,0 days 02:11:56.318000
2024-06-23 14:18:13.816,OnTrack,80,2373,1863,pos,0 days 01:14:59.403000,0 days 02:11:56.498000
2024-06-23 14:18:14.017,OnTrack,-16,2306,1868,pos,0 days 01:14:59.604000,0 days 02:11:56.699000
2024-06-23 14:18:14.237,OnTrack,-110,2249,1872,pos,0 days 01:14:59.824000,0 days 02:11:56.919000
2024-06-23 14:18:14.417,OnTrack,-196,2207,1875,pos,0 days 01:15:00.004000,0 days 02:11:57.099000
2024-06-23 14:18:14.777,OnTrack,-353,2151,1880,pos,0 days 01:15:00.364000,0 days 02:11:57.459000
2024-06-23 14:18:14.977,OnTrack,-499,2125,1887,pos,0 days 01:15:00.564000,0 days 02:11:57.659000
2024-06-23 14:18:15.397,OnTrack,-646,2126,1895,pos,0 days 01:15:00.984000,0 days 02:11:58.079000
2024-06-23 14:18:15.837,OnTrack,-816,2175,1904,pos,0 days 01:15:01.424000,0 days 02:11:58.519000
2024-06-23 14:18:16.137,OnTrack,-870,2209,1906,pos,0 days 01:15:01.724000,0 days 02:11:58.819000
2024-06-23 14:18:16.417,OnTrack,-953,2293,1908,pos,0 days 01:15:02.004000,0 days 02:11:59.099000
2024-06-23 14:18:16.797,OnTrack,-1017,2410,1911,pos,0 days 01:15:02.384000,0 days 02:11:59.479000
2024-06-23 14:18:17.257,OnTrack,-1046,2528,1913,pos,0 days 01:15:02.844000,0 days 02:11:59.939000
2024-06-23 14:18:17.377,OnTrack,-1050,2565,1914,pos,0 days 01:15:02.964000,0 days 02:12:00.059000
2024-06-23 14:18:17.577,OnTrack,-1050,2627,1914,pos,0 days 01:15:03.164000,0 days 02:12:00.259000
2024-06-23 14:18:17.777,OnTrack,-1045,2691,1915,pos,0 days 01:15:03.364000,0 days 02:12:00.459000
2024-06-23 14:18:18.057,OnTrack,-1019,2806,1917,pos,0 days 01:15:03.644000,0 days 02:12:00.739000
2024-06-23 14:18:18.317,OnTrack,-998,2863,1917,pos,0 days 01:15:03.904000,0 days 02:12:00.999000
2024-06-23 14:18:18.517,OnTrack,-969,2928,1919,pos,0 days 01:15:04.104000,0 days 02:12:01.199000
2024-06-23 14:18:18.897,OnTrack,-892,3054,1921,pos,0 days 01:15:04.484000,0 days 02:12:01.579000
2024-06-23 14:18:19.097,OnTrack,-822,3142,1922,pos,0 days 01:15:04.684000,0 days 02:12:01.779000
2024-06-23 14:18:19.277,OnTrack,-768,3197,1923,pos,0 days 01:15:04.864000,0 days 02:12:01.959000
2024-06-23 14:18:19.497,OnTrack,-696,3262,1922,pos,0 days 01:15:05.084000,0 days 02:12:02.179000
2024-06-23 14:18:19.676,OnTrack,-630,3317,1922,pos,0 days 01:15:05.263000,0 days 02:12:02.358000
2024-06-23 14:18:19.856,OnTrack,-514,3408,1921,pos,0 days 01:15:05.443000,0 days 02:12:02.538000
2024-06-23 14:18:20.196,OnTrack,-423,3478,1919,pos,0 days 01:15:05.783000,0 days 02:12:02.878000
2024-06-23 14:18:20.437,OnTrack,-314,3567,1917,pos,0 days 01:15:06.024000,0 days 02:12:03.119000
2024-06-23 14:18:20.677,OnTrack,-210,3656,1914,pos,0 days 01:15:06.264000,0 days 02:12:03.359000
2024-06-23 14:18:20.957,OnTrack,-64,3780,1910,pos,0 days 01:15:06.544000,0 days 02:12:03.639000
2024-06-23 14:18:21.217,OnTrack,29,3858,1906,pos,0 days 01:15:06.804000,0 days 02:12:03.899000
2024-06-23 14:18:21.457,OnTrack,150,3948,1901,pos,0 days 01:15:07.044000,0 days 02:12:04.139000
2024-06-23 14:18:21.657,OnTrack,256,4018,1895,pos,0 days 01:15:07.244000,0 days 02:12:04.339000
2024-06-23 14:18:21.897,OnTrack,394,4084,1889,pos,0 days 01:15:07.484000,0 days 02:12:04.579000
2024-06-23 14:18:22.217,OnTrack,604,4135,1880,pos,0 days 01:15:07.804000,0 days 02:12:04.899000
2024-06-23 14:18:22.277,OnTrack,643,4139,1877,pos,0 days 01:15:07.864000,0 days 02:12:04.959000
2024-06-23 14:18:22.577,OnTrack,846,4129,1867,pos,0 days 01:15:08.164000,0 days 02:12:05.259000
2024-06-23 14:18:22.757,OnTrack,1057,4080,1854,pos,0 days 01:15:08.344000,0 days 02:12:05.439000
2024-06-23 14:18:23.077,OnTrack,1173,4036,1847,pos,0 days 01:15:08.664000,0 days 02:12:05.759000
2024-06-23 14:18:23.417,OnTrack,1459,3891,1831,pos,0 days 01:15:09.004000,0 days 02:12:06.099000
2024-06-23 14:18:23.697,OnTrack,1556,3833,1825,pos,0 days 01:15:09.284000,0 days 02:12:06.379000
2024-06-23 14:18:23.997,OnTrack,1737,3718,1813,pos,0 days 01:15:09.584000,0 days 02:12:06.679000
2024-06-23 14:18:24.217,OnTrack,1871,3632,1806,pos,0 days 01:15:09.804000,0 days 02:12:06.899000
2024-06-23 14:18:24.357,OnTrack,1956,3577,1801,pos,0 days 01:15:09.944000,0 days 02:12:07.039000
2024-06-23 14:18:24.677,OnTrack,2154,3451,1790,pos,0 days 01:15:10.264000,0 days 02:12:07.359000
2024-06-23 14:18:24.877,OnTrack,2338,3327,1780,pos,0 days 01:15:10.464000,0 days 02:12:07.559000
2024-06-23 14:18:25.197,OnTrack,2467,3230,1773,pos,0 days 01:15:10.784000,0 days 02:12:07.879000
2024-06-23 14:18:25.437,OnTrack,2577,3129,1767,pos,0 days 01:15:11.024000,0 days 02:12:08.119000
2024-06-23 14:18:25.657,OnTrack,2679,3018,1761,pos,0 days 01:15:11.244000,0 days 02:12:08.339000
2024-06-23 14:18:25.877,OnTrack,2760,2899,1756,pos,0 days 01:15:11.464000,0 days 02:12:08.559000
2024-06-23 14:18:26.116,OnTrack,2837,2719,1751,pos,0 days 01:15:11.703000,0 days 02:12:08.798000
2024-06-23 14:18:26.396,OnTrack,2869,2580,1748,pos,0 days 01:15:11.983000,0 days 02:12:09.078000
2024-06-23 14:18:26.696,OnTrack,2885,2390,1744,pos,0 days 01:15:12.283000,0 days 02:12:09.378000
2024-06-23 14:18:26.856,OnTrack,2877,2286,1741,pos,0 days 01:15:12.443000,0 days 02:12:09.538000
2024-06-23 14:18:27.017,OnTrack,2856,2170,1738,pos,0 days 01:15:12.604000,0 days 02:12:09.699000
2024-06-23 14:18:27.277,OnTrack,2803,2007,1735,pos,0 days 01:15:12.864000,0 days 02:12:09.959000
2024-06-23 14:18:27.437,OnTrack,2755,1902,1735,pos,0 days 01:15:13.024000,0 days 02:12:10.119000
2024-06-23 14:18:27.737,OnTrack,2661,1734,1732,pos,0 days 01:15:13.324000,0 days 02:12:10.419000
2024-06-23 14:18:27.897,OnTrack,2558,1569,1729,pos,0 days 01:15:13.484000,0 days 02:12:10.579000
2024-06-23 14:18:28.237,OnTrack,2474,1440,1727,pos,0 days 01:15:13.824000,0 days 02:12:10.919000
2024-06-23 14:18:28.417,OnTrack,2403,1333,1725,pos,0 days 01:15:14.004000,0 days 02:12:11.099000
2024-06-23 14:18:28.777,OnTrack,2222,1054,1720,pos,0 days 01:15:14.364000,0 days 02:12:11.459000
2024-06-23 14:18:29.097,OnTrack,2133,918,1718,pos,0 days 01:15:14.684000,0 days 02:12:11.779000
2024-06-23 14:18:29.257,OnTrack,2069,818,1716,pos,0 days 01:15:14.844000,0 days 02:12:11.939000
2024-06-23 14:18:29.577,OnTrack,1887,540,1712,pos,0 days 01:15:15.164000,0 days 02:12:12.259000
2024-06-23 14:18:29.877,OnTrack,1812,424,1710,pos,0 days 01:15:15.464000,0 days 02:12:12.559000
2024-06-23 14:18:30.217,OnTrack,1668,205,1708,pos,0 days 01:15:15.804000,0 days 02:12:12.899000
2024-06-23 14:18:30.317,OnTrack,1626,139,1706,pos,0 days 01:15:15.904000,0 days 02:12:12.999000
2024-06-23 14:18:30.617,OnTrack,1499,-58,1708,pos,0 days 01:15:16.204000,0 days 02:12:13.299000
2024-06-23 14:18:30.837,OnTrack,1406,-204,1707,pos,0 days 01:15:16.424000,0 days 02:12:13.519000
2024-06-23 14:18:31.017,OnTrack,1269,-419,1707,pos,0 days 01:15:16.604000,0 days 02:12:13.699000
2024-06-23 14:18:31.417,OnTrack,1157,-595,1708,pos,0 days 01:15:17.004000,0 days 02:12:14.099000
2024-06-23 14:18:31.577,OnTrack,1028,-799,1708,pos,0 days 01:15:17.164000,0 days 02:12:14.259000
2024-06-23 14:18:31.977,OnTrack,915,-976,1708,pos,0 days 01:15:17.564000,0 days 02:12:14.659000
2024-06-23 14:18:32.197,OnTrack,819,-1127,1708,pos,0 days 01:15:17.784000,0 days 02:12:14.879000
2024-06-23 14:18:32.377,OnTrack,741,-1251,1708,pos,0 days 01:15:17.964000,0 days 02:12:15.059000
2024-06-23 14:18:32.637,OnTrack,627,-1430,1707,pos,0 days 01:15:18.224000,0 days 02:12:15.319000
2024-06-23 14:18:32.856,OnTrack,486,-1652,1708,pos,0 days 01:15:18.443000,0 days 02:12:15.538000
2024-06-23 14:18:33.256,OnTrack,353,-1861,1708,pos,0 days 01:15:18.843000,0 days 02:12:15.938000
2024-06-23 14:18:33.456,OnTrack,265,-2001,1708,pos,0 days 01:15:19.043000,0 days 02:12:16.138000
2024-06-23 14:18:33.657,OnTrack,167,-2155,1708,pos,0 days 01:15:19.244000,0 days 02:12:16.339000
2024-06-23 14:18:33.837,OnTrack,87,-2281,1708,pos,0 days 01:15:19.424000,0 days 02:12:16.519000
2024-06-23 14:18:34.137,OnTrack,-65,-2520,1707,pos,0 days 01:15:19.724000,0 days 02:12:16.819000
2024-06-23 14:18:34.497,OnTrack,-258,-2814,1704,pos,0 days 01:15:20.084000,0 days 02:12:17.179000
2024-06-23 14:18:34.857,OnTrack,-370,-2982,1703,pos,0 days 01:15:20.444000,0 days 02:12:17.539000
2024-06-23 14:18:35.057,OnTrack,-462,-3121,1701,pos,0 days 01:15:20.644000,0 days 02:12:17.739000
2024-06-23 14:18:35.357,OnTrack,-603,-3332,1698,pos,0 days 01:15:20.944000,0 days 02:12:18.039000
2024-06-23 14:18:35.617,OnTrack,-790,-3612,1692,pos,0 days 01:15:21.204000,0 days 02:12:18.299000
2024-06-23 14:18:35.877,OnTrack,-847,-3696,1691,pos,0 days 01:15:21.464000,0 days 02:12:18.559000
2024-06-23 14:18:36.157,OnTrack,-979,-3893,1686,pos,0 days 01:15:21.744000,0 days 02:12:18.839000
2024-06-23 14:18:36.317,OnTrack,-1054,-4006,1683,pos,0 days 01:15:21.904000,0 days 02:12:18.999000
2024-06-23 14:18:36.617,OnTrack,-1225,-4260,1676,pos,0 days 01:15:22.204000,0 days 02:12:19.299000
2024-06-23 14:18:36.977,OnTrack,-1367,-4471,1670,pos,0 days 01:15:22.564000,0 days 02:12:19.659000
2024-06-23 14:18:37.197,OnTrack,-1471,-4626,1665,pos,0 days 01:15:22.784000,0 days 02:12:19.879000
2024-06-23 14:18:37.377,OnTrack,-1551,-4746,1662,pos,0 days 01:15:22.964000,0 days 02:12:20.059000
2024-06-23 14:18:37.637,OnTrack,-1667,-4922,1657,pos,0 days 01:15:23.224000,0 days 02:12:20.319000
2024-06-23 14:18:37.817,OnTrack,-1808,-5147,1652,pos,0 days 01:15:23.404000,0 days 02:12:20.499000
2024-06-23 14:18:38.137,OnTrack,-1886,-5279,1649,pos,0 days 01:15:23.724000,0 days 02:12:20.819000
2024-06-23 14:18:38.417,OnTrack,-2064,-5591,1645,pos,0 days 01:15:24.004000,0 days 02:12:21.099000
2024-06-23 14:18:38.877,OnTrack,-2238,-5904,1640,pos,0 days 01:15:24.464000,0 days 02:12:21.559000
2024-06-23 14:18:39.237,OnTrack,-2345,-6094,1638,pos,0 days 01:15:24.824000,0 days 02:12:21.919000
2024-06-23 14:18:39.536,OnTrack,-2492,-6344,1635,pos,0 days 01:15:25.123000,0 days 02:12:22.218000
2024-06-23 14:18:39.756,OnTrack,-2542,-6422,1634,pos,0 days 01:15:25.343000,0 days 02:12:22.438000
2024-06-23 14:18:40.056,OnTrack,-2627,-6544,1632,pos,0 days 01:15:25.643000,0 days 02:12:22.738000
2024-06-23 14:18:40.297,OnTrack,-2712,-6653,1631,pos,0 days 01:15:25.884000,0 days 02:12:22.979000
2024-06-23 14:18:40.457,OnTrack,-2764,-6713,1630,pos,0 days 01:15:26.044000,0 days 02:12:23.139000
2024-06-23 14:18:40.637,OnTrack,-2821,-6774,1628,pos,0 days 01:15:26.224000,0 days 02:12:23.319000
2024-06-23 14:18:40.817,OnTrack,-2873,-6822,1626,pos,0 days 01:15:26.404000,0 days 02:12:23.499000
2024-06-23 14:18:41.137,OnTrack,-3008,-6923,1623,pos,0 days 01:15:26.724000,0 days 02:12:23.819000
2024-06-23 14:18:41.577,OnTrack,-3165,-6986,1623,pos,0 days 01:15:27.164000,0 days 02:12:24.259000
2024-06-23 14:18:41.857,OnTrack,-3242,-6995,1624,pos,0 days 01:15:27.444000,0 days 02:12:24.539000
2024-06-23 14:18:42.057,OnTrack,-3319,-6991,1625,pos,0 days 01:15:27.644000,0 days 02:12:24.739000
2024-06-23 14:18:42.297,OnTrack,-3412,-6971,1628,pos,0 days 01:15:27.884000,0 days 02:12:24.979000
2024-06-23 14:18:42.457,OnTrack,-3473,-6950,1629,pos,0 days 01:15:28.044000,0 days 02:12:25.139000
2024-06-23 14:18:42.697,OnTrack,-3566,-6910,1631,pos,0 days 01:15:28.284000,0 days 02:12:25.379000
2024-06-23 14:18:42.917,OnTrack,-3707,-6844,1633,pos,0 days 01:15:28.504000,0 days 02:12:25.599000
2024-06-23 14:18:43.297,OnTrack,-3806,-6803,1635,pos,0 days 01:15:28.884000,0 days 02:12:25.979000
2024-06-23 14:18:43.557,OnTrack,-3980,-6767,1640,pos,0 days 01:15:29.144000,0 days 02:12:26.239000
2024-06-23 14:18:43.877,OnTrack,-4062,-6771,1644,pos,0 days 01:15:29.464000,0 days 02:12:26.559000
2024-06-23 14:18:44.117,OnTrack,-4173,-6797,1648,pos,0 days 01:15:29.704000,0 days 02:12:26.799000
2024-06-23 14:18:44.477,OnTrack,-4341,-6867,1657,pos,0 days 01:15:30.064000,0 days 02:12:27.159000
2024-06-23 14:18:44.597,OnTrack,-4394,-6896,1660,pos,0 days 01:15:30.184000,0 days 02:12:27.279000
2024-06-23 14:18:44.777,OnTrack,-4471,-6944,1665,pos,0 days 01:15:30.364000,0 days 02:12:27.459000
2024-06-23 14:18:45.017,OnTrack,-4574,-7013,1670,pos,0 days 01:15:30.604000,0 days 02:12:27.699000
2024-06-23 14:18:45.317,OnTrack,-4750,-7139,1681,pos,0 days 01:15:30.904000,0 days 02:12:27.999000
2024-06-23 14:18:45.677,OnTrack,-4924,-7250,1690,pos,0 days 01:15:31.264000,0 days 02:12:28.359000
2024-06-23 14:18:46.076,OnTrack,-5080,-7334,1696,pos,0 days 01:15:31.663000,0 days 02:12:28.758000
2024-06-23 14:18:46.296,OnTrack,-5199,-7384,1702,pos,0 days 01:15:31.883000,0 days 02:12:28.978000
2024-06-23 14:18:46.556,OnTrack,-5345,-7428,1708,pos,0 days 01:15:32.143000,0 days 02:12:29.238000
2024-06-23 14:18:46.676,OnTrack,-5414,-7441,1711,pos,0 days 01:15:32.263000,0 days 02:12:29.358000
2024-06-23 14:18:46.837,OnTrack,-5520,-7453,1716,pos,0 days 01:15:32.424000,0 days 02:12:29.519000
2024-06-23 14:18:47.157,OnTrack,-5747,-7444,1726,pos,0 days 01:15:32.744000,0 days 02:12:29.839000
2024-06-23 14:18:47.417,OnTrack,-5859,-7423,1730,pos,0 days 01:15:33.004000,0 days 02:12:30.099000
2024-06-23 14:18:47.737,OnTrack,-6048,-7363,1738,pos,0 days 01:15:33.324000,0 days 02:12:30.419000
2024-06-23 14:18:47.977,OnTrack,-6252,-7252,1746,pos,0 days 01:15:33.564000,0 days 02:12:30.659000
2024-06-23 14:18:48.297,OnTrack,-6340,-7184,1749,pos,0 days 01:15:33.884000,0 days 02:12:30.979000
2024-06-23 14:18:48.477,OnTrack,-6420,-7105,1753,pos,0 days 01:15:34.064000,0 days 02:12:31.159000
2024-06-23 14:18:48.737,OnTrack,-6569,-6895,1759,pos,0 days 01:15:34.324000,0 days 02:12:31.419000
2024-06-23 14:18:49.217,OnTrack,-6686,-6599,1765,pos,0 days 01:15:34.804000,0 days 02:12:31.899000
2024-06-23 14:18:49.637,OnTrack,-6728,-6331,1768,pos,0 days 01:15:35.224000,0 days 02:12:32.319000
2024-06-23 14:18:50.017,OnTrack,-6733,-6151,1771,pos,0 days 01:15:35.604000,0 days 02:12:32.699000
2024-06-23 14:18:50.257,OnTrack,-6718,-5926,1775,pos,0 days 01:15:35.844000,0 days 02:12:32.939000
2024-06-23 14:18:50.617,OnTrack,-6691,-5729,1777,pos,0 days 01:15:36.204000,0 days 02:12:33.299000
2024-06-23 14:18:50.817,OnTrack,-6666,-5594,1779,pos,0 days 01:15:36.404000,0 days 02:12:33.499000
2024-06-23 14:18:50.977,OnTrack,-6623,-5412,1782,pos,0 days 01:15:36.564000,0 days 02:12:33.659000
2024-06-23 14:18:51.477,OnTrack,-6536,-5147,1787,pos,0 days 01:15:37.064000,0 days 02:12:34.159000
2024-06-23 14:18:51.517,OnTrack,-6524,-5120,1787,pos,0 days 01:15:37.104000,0 days 02:12:34.199000
2024-06-23 14:18:51.897,OnTrack,-6391,-4867,1791,pos,0 days 01:15:37.484000,0 days 02:12:34.579000
2024-06-23 14:18:52.097,OnTrack,-6266,-4675,1794,pos,0 days 01:15:37.684000,0 days 02:12:34.779000
2024-06-23 14:18:52.437,OnTrack,-6159,-4524,1797,pos,0 days 01:15:38.024000,0 days 02:12:35.119000
2024-06-23 14:18:52.616,OnTrack,-6078,-4411,1798,pos,0 days 01:15:38.203000,0 days 02:12:35.298000
2024-06-23 14:18:52.876,OnTrack,-5924,-4178,1802,pos,0 days 01:15:38.463000,0 days 02:12:35.558000
2024-06-23 14:18:53.256,OnTrack,-5811,-3985,1805,pos,0 days 01:15:38.843000,0 days 02:12:35.938000
2024-06-23 14:18:53.537,OnTrack,-5688,-3781,1808,pos,0 days 01:15:39.124000,0 days 02:12:36.219000
2024-06-23 14:18:53.737,OnTrack,-5563,-3590,1811,pos,0 days 01:15:39.324000,0 days 02:12:36.419000
2024-06-23 14:18:54.117,OnTrack,-5433,-3398,1815,pos,0 days 01:15:39.704000,0 days 02:12:36.799000
2024-06-23 14:18:54.497,OnTrack,-5324,-3243,1817,pos,0 days 01:15:40.084000,0 days 02:12:37.179000
2024-06-23 14:18:54.697,OnTrack,-5255,-3155,1818,pos,0 days 01:15:40.284000,0 days 02:12:37.379000
2024-06-23 14:18:54.857,OnTrack,-5201,-3092,1819,pos,0 days 01:15:40.444000,0 days 02:12:37.539000
2024-06-23 14:18:55.177,OnTrack,-5063,-2964,1820,pos,0 days 01:15:40.764000,0 days 02:12:37.859000
2024-06-23 14:18:55.557,OnTrack,-4951,-2895,1821,pos,0 days 01:15:41.144000,0 days 02:12:38.239000
2024-06-23 14:18:55.657,OnTrack,-4913,-2878,1822,pos,0 days 01:15:41.244000,0 days 02:12:38.339000
2024-06-23 14:18:56.017,OnTrack,-4714,-2838,1825,pos,0 days 01:15:41.604000,0 days 02:12:38.699000
2024-06-23 14:18:56.337,OnTrack,-4643,-2842,1826,pos,0 days 01:15:41.924000,0 days 02:12:39.019000
2024-06-23 14:18:56.617,OnTrack,-4538,-2865,1828,pos,0 days 01:15:42.204000,0 days 02:12:39.299000
2024-06-23 14:18:56.777,OnTrack,-4482,-2886,1829,pos,0 days 01:15:42.364000,0 days 02:12:39.459000
2024-06-23 14:18:57.037,OnTrack,-4397,-2931,1831,pos,0 days 01:15:42.624000,0 days 02:12:39.719000
2024-06-23 14:18:57.257,OnTrack,-4327,-2983,1833,pos,0 days 01:15:42.844000,0 days 02:12:39.939000
2024-06-23 14:18:57.557,OnTrack,-4258,-3053,1834,pos,0 days 01:15:43.144000,0 days 02:12:40.239000
2024-06-23 14:18:57.877,OnTrack,-4168,-3174,1836,pos,0 days 01:15:43.464000,0 days 02:12:40.559000
2024-06-23 14:18:58.217,OnTrack,-4112,-3277,1837,pos,0 days 01:15:43.804000,0 days 02:12:40.899000
2024-06-23 14:18:58.417,OnTrack,-4080,-3357,1838,pos,0 days 01:15:44.004000,0 days 02:12:41.099000
2024-06-23 14:18:58.557,OnTrack,-4061,-3417,1838,pos,0 days 01:15:44.144000,0 days 02:12:41.239000
2024-06-23 14:18:58.897,OnTrack,-4032,-3574,1839,pos,0 days 01:15:44.484000,0 days 02:12:41.579000
2024-06-23 14:18:59.096,OnTrack,-4028,-3714,1839,pos,0 days 01:15:44.683000,0 days 02:12:41.778000
2024-06-23 14:18:59.516,OnTrack,-4051,-3893,1838,pos,0 days 01:15:45.103000,0 days 02:12:42.198000
2024-06-23 14:18:59.756,OnTrack,-4089,-4020,1837,pos,0 days 01:15:45.343000,0 days 02:12:42.438000
2024-06-23 14:18:59.917,OnTrack,-4152,-4168,1835,pos,0 days 01:15:45.504000,0 days 02:12:42.599000
2024-06-23 14:19:00.357,OnTrack,-4259,-4342,1832,pos,0 days 01:15:45.944000,0 days 02:12:43.039000
2024-06-23 14:19:00.557,OnTrack,-4323,-4433,1830,pos,0 days 01:15:46.144000,0 days 02:12:43.239000
2024-06-23 14:19:00.777,OnTrack,-4441,-4597,1826,pos,0 days 01:15:46.364000,0 days 02:12:43.459000
2024-06-23 14:19:01.117,OnTrack,-4532,-4722,1823,pos,0 days 01:15:46.704000,0 days 02:12:43.799000
2024-06-23 14:19:01.397,OnTrack,-4658,-4893,1819,pos,0 days 01:15:46.984000,0 days 02:12:44.079000
2024-06-23 14:19:01.697,OnTrack,-4763,-5037,1816,pos,0 days 01:15:47.284000,0 days 02:12:44.379000
2024-06-23 14:19:01.857,OnTrack,-4827,-5125,1814,pos,0 days 01:15:47.444000,0 days 02:12:44.539000
2024-06-23 14:19:02.057,OnTrack,-4904,-5232,1811,pos,0 days 01:15:47.644000,0 days 02:12:44.739000
2024-06-23 14:19:02.317,OnTrack,-4995,-5361,1807,pos,0 days 01:15:47.904000,0 days 02:12:44.999000
2024-06-23 14:19:02.497,OnTrack,-5047,-5441,1805,pos,0 days 01:15:48.084000,0 days 02:12:45.179000
2024-06-23 14:19:02.837,OnTrack,-5137,-5600,1799,pos,0 days 01:15:48.424000,0 days 02:12:45.519000
2024-06-23 14:19:03.217,OnTrack,-5197,-5743,1792,pos,0 days 01:15:48.804000,0 days 02:12:45.899000
2024-06-23 14:19:03.697,OnTrack,-5225,-5867,1787,pos,0 days 01:15:49.284000,0 days 02:12:46.379000
2024-06-23 14:19:03.917,OnTrack,-5226,-5947,1784,pos,0 days 01:15:49.504000,0 days 02:12:46.599000
2024-06-23 14:19:04.197,OnTrack,-5214,-6016,1779,pos,0 days 01:15:49.784000,0 days 02:12:46.879000
2024-06-23 14:19:04.397,OnTrack,-5193,-6068,1776,pos,0 days 01:15:49.984000,0 days 02:12:47.079000
2024-06-23 14:19:04.697,OnTrack,-5149,-6136,1771,pos,0 days 01:15:50.284000,0 days 02:12:47.379000
2024-06-23 14:19:04.757,OnTrack,-5139,-6147,1770,pos,0 days 01:15:50.344000,0 days 02:12:47.439000
2024-06-23 14:19:04.997,OnTrack,-5092,-6188,1768,pos,0 days 01:15:50.584000,0 days 02:12:47.679000
2024-06-23 14:19:05.197,OnTrack,-5048,-6213,1766,pos,0 days 01:15:50.784000,0 days 02:12:47.879000
2024-06-23 14:19:05.517,OnTrack,-4971,-6241,1761,pos,0 days 01:15:51.104000,0 days 02:12:48.199000
2024-06-23 14:19:05.736,OnTrack,-4912,-6250,1758,pos,0 days 01:15:51.323000,0 days 02:12:48.418000
2024-06-23 14:19:05.936,OnTrack,-4851,-6251,1755,pos,0 days 01:15:51.523000,0 days 02:12:48.618000
2024-06-23 14:19:06.296,OnTrack,-4716,-6230,1746,pos,0 days 01:15:51.883000,0 days 02:12:48.978000
2024-06-23 14:19:06.737,OnTrack,-4609,-6195,1739,pos,0 days 01:15:52.324000,0 days 02:12:49.419000
2024-06-23 14:19:06.877,OnTrack,-4564,-6176,1736,pos,0 days 01:15:52.464000,0 days 02:12:49.559000
2024-06-23 14:19:07.137,OnTrack,-4433,-6113,1727,pos,0 days 01:15:52.724000,0 days 02:12:49.819000
2024-06-23 14:19:07.617,OnTrack,-4304,-6042,1718,pos,0 days 01:15:53.204000,0 days 02:12:50.299000
2024-06-23 14:19:08.357,OnTrack,-3976,-5870,1696,pos,0 days 01:15:53.944000,0 days 02:12:51.039000
2024-06-23 14:19:08.557,OnTrack,-3876,-5823,1691,pos,0 days 01:15:54.144000,0 days 02:12:51.239000
2024-06-23 14:19:08.857,OnTrack,-3717,-5754,1683,pos,0 days 01:15:54.444000,0 days 02:12:51.539000
2024-06-23 14:19:09.017,OnTrack,-3629,-5718,1678,pos,0 days 01:15:54.604000,0 days 02:12:51.699000
2024-06-23 14:19:09.217,OnTrack,-3517,-5670,1675,pos,0 days 01:15:54.804000,0 days 02:12:51.899000
2024-06-23 14:19:09.457,OnTrack,-3381,-5608,1668,pos,0 days 01:15:55.044000,0 days 02:12:52.139000
2024-06-23 14:19:09.617,OnTrack,-3290,-5562,1664,pos,0 days 01:15:55.204000,0 days 02:12:52.299000
2024-06-23 14:19:09.717,OnTrack,-3234,-5530,1662,pos,0 days 01:15:55.304000,0 days 02:12:52.399000
2024-06-23 14:19:10.057,OnTrack,-3046,-5408,1657,pos,0 days 01:15:55.644000,0 days 02:12:52.739000
2024-06-23 14:19:10.237,OnTrack,-2950,-5333,1654,pos,0 days 01:15:55.824000,0 days 02:12:52.919000
2024-06-23 14:19:10.437,OnTrack,-2788,-5186,1651,pos,0 days 01:15:56.024000,0 days 02:12:53.119000
2024-06-23 14:19:10.737,OnTrack,-2701,-5093,1650,pos,0 days 01:15:56.324000,0 days 02:12:53.419000
2024-06-23 14:19:10.957,OnTrack,-2602,-4973,1650,pos,0 days 01:15:56.544000,0 days 02:12:53.639000
2024-06-23 14:19:11.177,OnTrack,-2507,-4846,1651,pos,0 days 01:15:56.764000,0 days 02:12:53.859000
2024-06-23 14:19:11.457,OnTrack,-2347,-4616,1652,pos,0 days 01:15:57.044000,0 days 02:12:54.139000
2024-06-23 14:19:11.937,OnTrack,-2218,-4426,1655,pos,0 days 01:15:57.524000,0 days 02:12:54.619000
2024-06-23 14:19:12.296,OnTrack,-2151,-4313,1660,pos,0 days 01:15:57.883000,0 days 02:12:54.978000
2024-06-23 14:19:12.516,OnTrack,-2106,-4200,1662,pos,0 days 01:15:58.103000,0 days 02:12:55.198000
2024-06-23 14:19:12.676,OnTrack,-2093,-4134,1662,pos,0 days 01:15:58.263000,0 days 02:12:55.358000
2024-06-23 14:19:12.896,OnTrack,-2084,-4040,1664,pos,0 days 01:15:58.483000,0 days 02:12:55.578000
2024-06-23 14:19:13.117,OnTrack,-2088,-3885,1669,pos,0 days 01:15:58.704000,0 days 02:12:55.799000
2024-06-23 14:19:13.437,OnTrack,-2099,-3816,1673,pos,0 days 01:15:59.024000,0 days 02:12:56.119000
2024-06-23 14:19:13.737,OnTrack,-2135,-3718,1679,pos,0 days 01:15:59.324000,0 days 02:12:56.419000
2024-06-23 14:19:13.877,OnTrack,-2162,-3673,1681,pos,0 days 01:15:59.464000,0 days 02:12:56.559000
2024-06-23 14:19:14.057,OnTrack,-2205,-3619,1683,pos,0 days 01:15:59.644000,0 days 02:12:56.739000
2024-06-23 14:19:14.397,OnTrack,-2342,-3504,1690,pos,0 days 01:15:59.984000,0 days 02:12:57.079000
2024-06-23 14:19:14.797,OnTrack,-2448,-3428,1697,pos,0 days 01:16:00.384000,0 days 02:12:57.479000
2024-06-23 14:19:14.877,OnTrack,-2477,-3406,1698,pos,0 days 01:16:00.464000,0 days 02:12:57.559000
2024-06-23 14:19:15.137,OnTrack,-2617,-3278,1711,pos,0 days 01:16:00.724000,0 days 02:12:57.819000
2024-06-23 14:19:15.617,OnTrack,-2734,-3121,1726,pos,0 days 01:16:01.204000,0 days 02:12:58.299000
2024-06-23 14:19:15.897,OnTrack,-2796,-3005,1733,pos,0 days 01:16:01.484000,0 days 02:12:58.579000
2024-06-23 14:19:16.137,OnTrack,-2853,-2881,1742,pos,0 days 01:16:01.724000,0 days 02:12:58.819000
2024-06-23 14:19:16.397,OnTrack,-2916,-2742,1751,pos,0 days 01:16:01.984000,0 days 02:12:59.079000
2024-06-23 14:19:16.557,OnTrack,-2957,-2656,1756,pos,0 days 01:16:02.144000,0 days 02:12:59.239000
2024-06-23 14:19:16.817,OnTrack,-3025,-2513,1767,pos,0 days 01:16:02.404000,0 days 02:12:59.499000
2024-06-23 14:19:17.017,OnTrack,-3126,-2300,1781,pos,0 days 01:16:02.604000,0 days 02:12:59.699000
2024-06-23 14:19:17.457,OnTrack,-3232,-2076,1795,pos,0 days 01:16:03.044000,0 days 02:13:00.139000
2024-06-23 14:19:17.737,OnTrack,-3290,-1955,1804,pos,0 days 01:16:03.324000,0 days 02:13:00.419000
2024-06-23 14:19:17.897,OnTrack,-3338,-1857,1810,pos,0 days 01:16:03.484000,0 days 02:13:00.579000
2024-06-23 14:19:18.137,OnTrack,-3406,-1706,1821,pos,0 days 01:16:03.724000,0 days 02:13:00.819000
2024-06-23 14:19:18.377,OnTrack,-3462,-1552,1830,pos,0 days 01:16:03.964000,0 days 02:13:01.059000
2024-06-23 14:19:18.617,OnTrack,-3497,-1397,1838,pos,0 days 01:16:04.204000,0 days 02:13:01.299000
2024-06-23 14:19:18.896,OnTrack,-3508,-1215,1846,pos,0 days 01:16:04.483000,0 days 02:13:01.578000
2024-06-23 14:19:18.956,OnTrack,-3506,-1176,1846,pos,0 days 01:16:04.543000,0 days 02:13:01.638000
2024-06-23 14:19:19.136,OnTrack,-3496,-1061,1851,pos,0 days 01:16:04.723000,0 days 02:13:01.818000
2024-06-23 14:19:19.376,OnTrack,-3468,-911,1857,pos,0 days 01:16:04.963000,0 days 02:13:02.058000
2024-06-23 14:19:19.596,OnTrack,-3430,-778,1862,pos,0 days 01:16:05.183000,0 days 02:13:02.278000
2024-06-23 14:19:19.917,OnTrack,-3299,-508,1871,pos,0 days 01:16:05.504000,0 days 02:13:02.599000
2024-06-23 14:19:20.197,OnTrack,-3223,-410,1872,pos,0 days 01:16:05.784000,0 days 02:13:02.879000
2024-06-23 14:19:20.477,OnTrack,-3041,-269,1874,pos,0 days 01:16:06.064000,0 days 02:13:03.159000
2024-06-23 14:19:20.837,OnTrack,-2879,-193,1874,pos,0 days 01:16:06.424000,0 days 02:13:03.519000
2024-06-23 14:19:21.097,OnTrack,-2714,-128,1872,pos,0 days 01:16:06.684000,0 days 02:13:03.779000
2024-06-23 14:19:21.317,OnTrack,-2512,-43,1870,pos,0 days 01:16:06.904000,0 days 02:13:03.999000
2024-06-23 14:19:21.697,OnTrack,-2333,39,1868,pos,0 days 01:16:07.284000,0 days 02:13:04.379000
2024-06-23 14:19:21.877,OnTrack,-2218,94,1866,pos,0 days 01:16:07.464000,0 days 02:13:04.559000
2024-06-23 14:19:22.137,OnTrack,-2009,193,1863,pos,0 days 01:16:07.724000,0 days 02:13:04.819000
2024-06-23 14:19:22.457,OnTrack,-1837,274,1861,pos,0 days 01:16:08.044000,0 days 02:13:05.139000
2024-06-23 14:19:22.637,OnTrack,-1716,331,1860,pos,0 days 01:16:08.224000,0 days 02:13:05.319000
2024-06-23 14:19:22.917,OnTrack,-1445,460,1856,pos,0 days 01:16:08.504000,0 days 02:13:05.599000
2024-06-23 14:19:23.357,OnTrack,-1157,599,1853,pos,0 days 01:16:08.944000,0 days 02:13:06.039000
2024-06-23 14:19:23.677,OnTrack,-1001,679,1851,pos,0 days 01:16:09.264000,0 days 02:13:06.359000
2024-06-23 14:19:23.797,OnTrack,-918,723,1849,pos,0 days 01:16:09.384000,0 days 02:13:06.479000
2024-06-23 14:19:24.117,OnTrack,-697,841,1846,pos,0 days 01:16:09.704000,0 days 02:13:06.799000
2024-06-23 14:19:24.377,OnTrack,-516,938,1844,pos,0 days 01:16:09.964000,0 days 02:13:07.059000
2024-06-23 14:19:24.537,OnTrack,-403,998,1842,pos,0 days 01:16:10.124000,0 days 02:13:07.219000
2024-06-23 14:19:24.717,OnTrack,-276,1065,1841,pos,0 days 01:16:10.304000,0 days 02:13:07.399000
2024-06-23 14:19:24.837,OnTrack,-192,1110,1840,pos,0 days 01:16:10.424000,0 days 02:13:07.519000
2024-06-23 14:19:25.117,OnTrack,92,1262,1835,pos,0 days 01:16:10.704000,0 days 02:13:07.799000
2024-06-23 14:19:25.516,OnTrack,372,1408,1832,pos,0 days 01:16:11.103000,0 days 02:13:08.198000
2024-06-23 14:19:25.876,OnTrack,528,1483,1830,pos,0 days 01:16:11.463000,0 days 02:13:08.558000
2024-06-23 14:19:26.156,OnTrack,728,1569,1827,pos,0 days 01:16:11.743000,0 days 02:13:08.838000
2024-06-23 14:19:26.437,OnTrack,905,1640,1825,pos,0 days 01:16:12.024000,0 days 02:13:09.119000
2024-06-23 14:19:26.637,OnTrack,1051,1700,1823,pos,0 days 01:16:12.224000,0 days 02:13:09.319000
2024-06-23 14:19:26.857,OnTrack,1107,1724,1823,pos,0 days 01:16:12.444000,0 days 02:13:09.539000
2024-06-23 14:19:27.137,OnTrack,1220,1780,1821,pos,0 days 01:16:12.724000,0 days 02:13:09.819000
2024-06-23 14:19:27.357,OnTrack,1329,1855,1821,pos,0 days 01:16:12.944000,0 days 02:13:10.039000
2024-06-23 14:19:27.817,OnTrack,1408,1942,1819,pos,0 days 01:16:13.404000,0 days 02:13:10.499000
2024-06-23 14:19:28.037,OnTrack,1442,2008,1818,pos,0 days 01:16:13.624000,0 days 02:13:10.719000
2024-06-23 14:19:28.237,OnTrack,1459,2071,1818,pos,0 days 01:16:13.824000,0 days 02:13:10.919000
2024-06-23 14:19:28.437,OnTrack,1464,2136,1817,pos,0 days 01:16:14.024000,0 days 02:13:11.119000
2024-06-23 14:19:28.597,OnTrack,1452,2225,1817,pos,0 days 01:16:14.184000,0 days 02:13:11.279000
2024-06-23 14:19:29.057,OnTrack,1401,2354,1820,pos,0 days 01:16:14.644000,0 days 02:13:11.739000
2024-06-23 14:19:29.517,OnTrack,1324,2464,1823,pos,0 days 01:16:15.104000,0 days 02:13:12.199000
2024-06-23 14:19:29.797,OnTrack,1297,2492,1824,pos,0 days 01:16:15.384000,0 days 02:13:12.479000
2024-06-23 14:19:30.097,OnTrack,1211,2562,1827,pos,0 days 01:16:15.684000,0 days 02:13:12.779000
2024-06-23 14:19:30.377,OnTrack,1166,2587,1828,pos,0 days 01:16:15.964000,0 days 02:13:13.059000
2024-06-23 14:19:30.617,OnTrack,1100,2615,1829,pos,0 days 01:16:16.204000,0 days 02:13:13.299000
2024-06-23 14:19:30.897,OnTrack,1016,2638,1831,pos,0 days 01:16:16.484000,0 days 02:13:13.579000
2024-06-23 14:19:31.197,OnTrack,918,2654,1833,pos,0 days 01:16:16.784000,0 days 02:13:13.879000
2024-06-23 14:19:31.397,OnTrack,814,2660,1835,pos,0 days 01:16:16.984000,0 days 02:13:14.079000
2024-06-23 14:19:31.817,OnTrack,655,2646,1839,pos,0 days 01:16:17.404000,0 days 02:13:14.499000
2024-06-23 14:19:32.096,OnTrack,583,2632,1840,pos,0 days 01:16:17.683000,0 days 02:13:14.778000
2024-06-23 14:19:32.356,OnTrack,477,2600,1843,pos,0 days 01:16:17.943000,0 days 02:13:15.038000
2024-06-23 14:19:32.636,OnTrack,360,2550,1848,pos,0 days 01:16:18.223000,0 days 02:13:15.318000
2024-06-23 14:19:32.817,OnTrack,276,2504,1852,pos,0 days 01:16:18.404000,0 days 02:13:15.499000
2024-06-23 14:19:32.977,OnTrack,209,2462,1856,pos,0 days 01:16:18.564000,0 days 02:13:15.659000
2024-06-23 14:19:33.117,OnTrack,148,2422,1859,pos,0 days 01:16:18.704000,0 days 02:13:15.799000
2024-06-23 14:19:33.317,OnTrack,61,2360,1864,pos,0 days 01:16:18.904000,0 days 02:13:15.999000
2024-06-23 14:19:33.717,OnTrack,-162,2223,1874,pos,0 days 01:16:19.304000,0 days 02:13:16.399000
2024-06-23 14:19:33.957,OnTrack,-219,2197,1876,pos,0 days 01:16:19.544000,0 days 02:13:16.639000
2024-06-23 14:19:34.217,OnTrack,-339,2154,1880,pos,0 days 01:16:19.804000,0 days 02:13:16.899000
2024-06-23 14:19:34.397,OnTrack,-419,2136,1884,pos,0 days 01:16:19.984000,0 days 02:13:17.079000
2024-06-23 14:19:34.697,OnTrack,-546,2122,1890,pos,0 days 01:16:20.284000,0 days 02:13:17.379000
2024-06-23 14:19:34.897,OnTrack,-626,2124,1893,pos,0 days 01:16:20.484000,0 days 02:13:17.579000
2024-06-23 14:19:34.997,OnTrack,-665,2128,1896,pos,0 days 01:16:20.584000,0 days 02:13:17.679000
2024-06-23 14:19:35.377,OnTrack,-835,2186,1905,pos,0 days 01:16:20.964000,0 days 02:13:18.059000
2024-06-23 14:19:35.617,OnTrack,-869,2209,1906,pos,0 days 01:16:21.204000,0 days 02:13:18.299000
2024-06-23 14:19:35.837,OnTrack,-925,2260,1907,pos,0 days 01:16:21.424000,0 days 02:13:18.519000
2024-06-23 14:19:36.077,OnTrack,-975,2324,1909,pos,0 days 01:16:21.664000,0 days 02:13:18.759000
2024-06-23 14:19:36.297,OnTrack,-1008,2389,1910,pos,0 days 01:16:21.884000,0 days 02:13:18.979000
2024-06-23 14:19:36.457,OnTrack,-1026,2437,1912,pos,0 days 01:16:22.044000,0 days 02:13:19.139000
2024-06-23 14:19:36.777,OnTrack,-1050,2565,1914,pos,0 days 01:16:22.364000,0 days 02:13:19.459000
2024-06-23 14:19:37.137,OnTrack,-1049,2647,1914,pos,0 days 01:16:22.724000,0 days 02:13:19.819000
2024-06-23 14:19:37.457,OnTrack,-1034,2748,1916,pos,0 days 01:16:23.044000,0 days 02:13:20.139000
2024-06-23 14:19:37.637,OnTrack,-1003,2850,1918,pos,0 days 01:16:23.224000,0 days 02:13:20.319000
2024-06-23 14:19:38.097,OnTrack,-957,2952,1920,pos,0 days 01:16:23.684000,0 days 02:13:20.779000
2024-06-23 14:19:38.277,OnTrack,-897,3048,1921,pos,0 days 01:16:23.864000,0 days 02:13:20.959000
2024-06-23 14:19:38.576,OnTrack,-854,3104,1922,pos,0 days 01:16:24.163000,0 days 02:13:21.258000
2024-06-23 14:19:38.876,OnTrack,-769,3195,1923,pos,0 days 01:16:24.463000,0 days 02:13:21.558000
2024-06-23 14:19:39.056,OnTrack,-710,3249,1922,pos,0 days 01:16:24.643000,0 days 02:13:21.738000
2024-06-23 14:19:39.336,OnTrack,-610,3333,1922,pos,0 days 01:16:24.923000,0 days 02:13:22.018000
2024-06-23 14:19:39.537,OnTrack,-483,3432,1920,pos,0 days 01:16:25.124000,0 days 02:13:22.219000
2024-06-23 14:19:39.777,OnTrack,-425,3477,1919,pos,0 days 01:16:25.364000,0 days 02:13:22.459000
2024-06-23 14:19:40.077,OnTrack,-306,3574,1917,pos,0 days 01:16:25.664000,0 days 02:13:22.759000
2024-06-23 14:19:40.277,OnTrack,-219,3648,1914,pos,0 days 01:16:25.864000,0 days 02:13:22.959000
2024-06-23 14:19:40.477,OnTrack,-129,3725,1912,pos,0 days 01:16:26.064000,0 days 02:13:23.159000
2024-06-23 14:19:40.697,OnTrack,38,3865,1905,pos,0 days 01:16:26.284000,0 days 02:13:23.379000
2024-06-23 14:19:41.157,OnTrack,200,3983,1898,pos,0 days 01:16:26.744000,0 days 02:13:23.839000
2024-06-23 14:19:41.197,OnTrack,222,3997,1897,pos,0 days 01:16:26.784000,0 days 02:13:23.879000
2024-06-23 14:19:41.437,OnTrack,356,4069,1891,pos,0 days 01:16:27.024000,0 days 02:13:24.119000
2024-06-23 14:19:41.777,OnTrack,588,4134,1880,pos,0 days 01:16:27.364000,0 days 02:13:24.459000
2024-06-23 14:19:41.937,OnTrack,747,4139,1872,pos,0 days 01:16:27.524000,0 days 02:13:24.619000
2024-06-23 14:19:42.337,OnTrack,962,4107,1860,pos,0 days 01:16:27.924000,0 days 02:13:25.019000
2024-06-23 14:19:42.517,OnTrack,1078,4072,1853,pos,0 days 01:16:28.104000,0 days 02:13:25.199000
2024-06-23 14:19:42.717,OnTrack,1207,4021,1845,pos,0 days 01:16:28.304000,0 days 02:13:25.399000
2024-06-23 14:19:42.957,OnTrack,1357,3949,1836,pos,0 days 01:16:28.544000,0 days 02:13:25.639000
2024-06-23 14:19:43.157,OnTrack,1478,3880,1830,pos,0 days 01:16:28.744000,0 days 02:13:25.839000
2024-06-23 14:19:43.417,OnTrack,1635,3783,1820,pos,0 days 01:16:29.004000,0 days 02:13:26.099000
2024-06-23 14:19:43.637,OnTrack,1840,3652,1808,pos,0 days 01:16:29.224000,0 days 02:13:26.319000
2024-06-23 14:19:43.977,OnTrack,1975,3566,1800,pos,0 days 01:16:29.564000,0 days 02:13:26.659000
2024-06-23 14:19:44.177,OnTrack,2099,3486,1792,pos,0 days 01:16:29.764000,0 days 02:13:26.859000
2024-06-23 14:19:44.397,OnTrack,2236,3397,1785,pos,0 days 01:16:29.984000,0 days 02:13:27.079000
2024-06-23 14:19:44.677,OnTrack,2462,3234,1774,pos,0 days 01:16:30.264000,0 days 02:13:27.359000
2024-06-23 14:19:45.137,OnTrack,2629,3075,1764,pos,0 days 01:16:30.724000,0 days 02:13:27.819000
2024-06-23 14:19:45.256,OnTrack,2682,3015,1761,pos,0 days 01:16:30.843000,0 days 02:13:27.938000
2024-06-23 14:19:45.556,OnTrack,2785,2851,1755,pos,0 days 01:16:31.143000,0 days 02:13:28.238000
2024-06-23 14:19:45.756,OnTrack,2852,2665,1749,pos,0 days 01:16:31.343000,0 days 02:13:28.438000
2024-06-23 14:19:46.077,OnTrack,2879,2510,1745,pos,0 days 01:16:31.664000,0 days 02:13:28.759000
2024-06-23 14:19:46.237,OnTrack,2885,2407,1744,pos,0 days 01:16:31.824000,0 days 02:13:28.919000
2024-06-23 14:19:46.437,OnTrack,2875,2275,1740,pos,0 days 01:16:32.024000,0 days 02:13:29.119000
2024-06-23 14:19:46.737,OnTrack,2834,2091,1737,pos,0 days 01:16:32.324000,0 days 02:13:29.419000
2024-06-23 14:19:46.937,OnTrack,2784,1963,1735,pos,0 days 01:16:32.524000,0 days 02:13:29.619000
2024-06-23 14:19:47.117,OnTrack,2728,1851,1733,pos,0 days 01:16:32.704000,0 days 02:13:29.799000
2024-06-23 14:19:47.357,OnTrack,2645,1706,1731,pos,0 days 01:16:32.944000,0 days 02:13:30.039000
2024-06-23 14:19:47.577,OnTrack,2561,1574,1729,pos,0 days 01:16:33.164000,0 days 02:13:30.259000
2024-06-23 14:19:47.777,OnTrack,2483,1455,1727,pos,0 days 01:16:33.364000,0 days 02:13:30.459000
2024-06-23 14:19:47.957,OnTrack,2381,1299,1724,pos,0 days 01:16:33.544000,0 days 02:13:30.639000
2024-06-23 14:19:48.277,OnTrack,2285,1152,1721,pos,0 days 01:16:33.864000,0 days 02:13:30.959000
2024-06-23 14:19:48.617,OnTrack,2099,865,1717,pos,0 days 01:16:34.204000,0 days 02:13:31.299000
2024-06-23 14:19:48.917,OnTrack,2025,752,1715,pos,0 days 01:16:34.504000,0 days 02:13:31.599000
2024-06-23 14:19:49.177,OnTrack,1917,586,1712,pos,0 days 01:16:34.764000,0 days 02:13:31.859000
2024-06-23 14:19:49.377,OnTrack,1791,393,1710,pos,0 days 01:16:34.964000,0 days 02:13:32.059000
2024-06-23 14:19:49.757,OnTrack,1682,225,1708,pos,0 days 01:16:35.344000,0 days 02:13:32.439000
2024-06-23 14:19:49.977,OnTrack,1531,-8,1708,pos,0 days 01:16:35.564000,0 days 02:13:32.659000
2024-06-23 14:19:50.317,OnTrack,1446,-141,1707,pos,0 days 01:16:35.904000,0 days 02:13:32.999000
2024-06-23 14:19:50.557,OnTrack,1344,-301,1707,pos,0 days 01:16:36.144000,0 days 02:13:33.239000
2024-06-23 14:19:50.857,OnTrack,1215,-504,1708,pos,0 days 01:16:36.444000,0 days 02:13:33.539000
2024-06-23 14:19:51.097,OnTrack,1059,-748,1708,pos,0 days 01:16:36.684000,0 days 02:13:33.779000
2024-06-23 14:19:51.397,OnTrack,920,-968,1708,pos,0 days 01:16:36.984000,0 days 02:13:34.079000
2024-06-23 14:19:51.896,OnTrack,719,-1286,1707,pos,0 days 01:16:37.483000,0 days 02:13:34.578000
2024-06-23 14:19:52.276,OnTrack,595,-1480,1707,pos,0 days 01:16:37.863000,0 days 02:13:34.958000
2024-06-23 14:19:52.416,OnTrack,534,-1577,1708,pos,0 days 01:16:38.003000,0 days 02:13:35.098000
2024-06-23 14:19:52.697,OnTrack,356,-1856,1708,pos,0 days 01:16:38.284000,0 days 02:13:35.379000
2024-06-23 14:19:53.097,OnTrack,223,-2066,1708,pos,0 days 01:16:38.684000,0 days 02:13:35.779000
2024-06-23 14:19:53.277,OnTrack,151,-2179,1707,pos,0 days 01:16:38.864000,0 days 02:13:35.959000
2024-06-23 14:19:53.377,OnTrack,107,-2249,1707,pos,0 days 01:16:38.964000,0 days 02:13:36.059000
2024-06-23 14:19:53.657,OnTrack,-18,-2446,1707,pos,0 days 01:16:39.244000,0 days 02:13:36.339000
2024-06-23 14:19:53.917,OnTrack,-179,-2694,1706,pos,0 days 01:16:39.504000,0 days 02:13:36.599000
2024-06-23 14:19:54.277,OnTrack,-309,-2890,1703,pos,0 days 01:16:39.864000,0 days 02:13:36.959000
2024-06-23 14:19:54.457,OnTrack,-392,-3016,1702,pos,0 days 01:16:40.044000,0 days 02:13:37.139000
2024-06-23 14:19:54.777,OnTrack,-541,-3240,1699,pos,0 days 01:16:40.364000,0 days 02:13:37.459000
2024-06-23 14:19:54.997,OnTrack,-681,-3449,1696,pos,0 days 01:16:40.584000,0 days 02:13:37.679000
2024-06-23 14:19:55.397,OnTrack,-831,-3673,1691,pos,0 days 01:16:40.984000,0 days 02:13:38.079000
2024-06-23 14:19:55.557,OnTrack,-972,-3884,1686,pos,0 days 01:16:41.144000,0 days 02:13:38.239000
2024-06-23 14:19:55.917,OnTrack,-1076,-4038,1682,pos,0 days 01:16:41.504000,0 days 02:13:38.599000
2024-06-23 14:19:56.117,OnTrack,-1170,-4178,1679,pos,0 days 01:16:41.704000,0 days 02:13:38.799000
2024-06-23 14:19:56.297,OnTrack,-1255,-4305,1675,pos,0 days 01:16:41.884000,0 days 02:13:38.979000
2024-06-23 14:19:56.617,OnTrack,-1407,-4530,1668,pos,0 days 01:16:42.204000,0 days 02:13:39.299000
2024-06-23 14:19:56.817,OnTrack,-1501,-4671,1664,pos,0 days 01:16:42.404000,0 days 02:13:39.499000
2024-06-23 14:19:57.057,OnTrack,-1611,-4836,1660,pos,0 days 01:16:42.644000,0 days 02:13:39.739000
2024-06-23 14:19:57.277,OnTrack,-1711,-4991,1656,pos,0 days 01:16:42.864000,0 days 02:13:39.959000
2024-06-23 14:19:57.377,OnTrack,-1754,-5060,1654,pos,0 days 01:16:42.964000,0 days 02:13:40.059000
2024-06-23 14:19:57.657,OnTrack,-1920,-5338,1649,pos,0 days 01:16:43.244000,0 days 02:13:40.339000
2024-06-23 14:19:57.997,OnTrack,-2021,-5515,1646,pos,0 days 01:16:43.584000,0 days 02:13:40.679000
2024-06-23 14:19:58.237,OnTrack,-2121,-5691,1643,pos,0 days 01:16:43.824000,0 days 02:13:40.919000
2024-06-23 14:19:58.556,OnTrack,-2307,-6028,1639,pos,0 days 01:16:44.143000,0 days 02:13:41.238000
2024-06-23 14:19:58.816,OnTrack,-2356,-6114,1638,pos,0 days 01:16:44.403000,0 days 02:13:41.498000
2024-06-23 14:19:59.177,OnTrack,-2530,-6403,1634,pos,0 days 01:16:44.764000,0 days 02:13:41.859000
2024-06-23 14:19:59.497,OnTrack,-2625,-6540,1632,pos,0 days 01:16:45.084000,0 days 02:13:42.179000
2024-06-23 14:19:59.797,OnTrack,-2728,-6672,1630,pos,0 days 01:16:45.384000,0 days 02:13:42.479000
2024-06-23 14:20:00.217,OnTrack,-2881,-6830,1626,pos,0 days 01:16:45.804000,0 days 02:13:42.899000
2024-06-23 14:20:00.457,OnTrack,-2942,-6879,1625,pos,0 days 01:16:46.044000,0 days 02:13:43.139000
2024-06-23 14:20:00.757,OnTrack,-3049,-6945,1625,pos,0 days 01:16:46.344000,0 days 02:13:43.439000
2024-06-23 14:20:00.957,OnTrack,-3168,-6986,1623,pos,0 days 01:16:46.544000,0 days 02:13:43.639000
2024-06-23 14:20:01.397,OnTrack,-3293,-6994,1625,pos,0 days 01:16:46.984000,0 days 02:13:44.079000
2024-06-23 14:20:01.517,OnTrack,-3340,-6988,1626,pos,0 days 01:16:47.104000,0 days 02:13:44.199000
2024-06-23 14:20:01.717,OnTrack,-3418,-6969,1628,pos,0 days 01:16:47.304000,0 days 02:13:44.399000
2024-06-23 14:20:01.977,OnTrack,-3518,-6931,1630,pos,0 days 01:16:47.564000,0 days 02:13:44.659000
2024-06-23 14:20:02.297,OnTrack,-3642,-6874,1632,pos,0 days 01:16:47.884000,0 days 02:13:44.979000
2024-06-23 14:20:02.377,OnTrack,-3730,-6834,1633,pos,0 days 01:16:47.964000,0 days 02:13:45.059000
2024-06-23 14:20:02.837,OnTrack,-3865,-6785,1636,pos,0 days 01:16:48.424000,0 days 02:13:45.519000
2024-06-23 14:20:03.077,OnTrack,-4016,-6767,1641,pos,0 days 01:16:48.664000,0 days 02:13:45.759000
2024-06-23 14:20:03.477,OnTrack,-4211,-6809,1650,pos,0 days 01:16:49.064000,0 days 02:13:46.159000
2024-06-23 14:20:03.917,OnTrack,-4342,-6868,1656,pos,0 days 01:16:49.504000,0 days 02:13:46.599000
2024-06-23 14:20:04.157,OnTrack,-4495,-6960,1666,pos,0 days 01:16:49.744000,0 days 02:13:46.839000
2024-06-23 14:20:04.577,OnTrack,-4652,-7070,1675,pos,0 days 01:16:50.164000,0 days 02:13:47.259000
2024-06-23 14:20:04.916,OnTrack,-4771,-7153,1681,pos,0 days 01:16:50.503000,0 days 02:13:47.598000
2024-06-23 14:20:05.136,OnTrack,-4877,-7222,1686,pos,0 days 01:16:50.723000,0 days 02:13:47.818000
2024-06-23 14:20:05.296,OnTrack,-4958,-7270,1691,pos,0 days 01:16:50.883000,0 days 02:13:47.978000
2024-06-23 14:20:05.516,OnTrack,-5074,-7331,1696,pos,0 days 01:16:51.103000,0 days 02:13:48.198000
2024-06-23 14:20:05.817,OnTrack,-5254,-7403,1704,pos,0 days 01:16:51.404000,0 days 02:13:48.499000
2024-06-23 14:20:05.977,OnTrack,-5408,-7441,1711,pos,0 days 01:16:51.564000,0 days 02:13:48.659000
2024-06-23 14:20:06.277,OnTrack,-5530,-7454,1716,pos,0 days 01:16:51.864000,0 days 02:13:48.959000
2024-06-23 14:20:06.497,OnTrack,-5650,-7453,1721,pos,0 days 01:16:52.084000,0 days 02:13:49.179000
2024-06-23 14:20:06.737,OnTrack,-5792,-7437,1728,pos,0 days 01:16:52.324000,0 days 02:13:49.419000
2024-06-23 14:20:06.957,OnTrack,-5926,-7406,1733,pos,0 days 01:16:52.544000,0 days 02:13:49.639000
2024-06-23 14:20:07.197,OnTrack,-6060,-7358,1738,pos,0 days 01:16:52.784000,0 days 02:13:49.879000
2024-06-23 14:20:07.437,OnTrack,-6189,-7292,1743,pos,0 days 01:16:53.024000,0 days 02:13:50.119000
2024-06-23 14:20:07.657,OnTrack,-6300,-7217,1748,pos,0 days 01:16:53.244000,0 days 02:13:50.339000
2024-06-23 14:20:07.837,OnTrack,-6443,-7079,1754,pos,0 days 01:16:53.424000,0 days 02:13:50.519000
2024-06-23 14:20:08.157,OnTrack,-6512,-6988,1756,pos,0 days 01:16:53.744000,0 days 02:13:50.839000
2024-06-23 14:20:08.517,OnTrack,-6624,-6783,1761,pos,0 days 01:16:54.104000,0 days 02:13:51.199000
2024-06-23 14:20:08.757,OnTrack,-6676,-6634,1764,pos,0 days 01:16:54.344000,0 days 02:13:51.439000
2024-06-23 14:20:08.957,OnTrack,-6706,-6503,1766,pos,0 days 01:16:54.544000,0 days 02:13:51.639000
2024-06-23 14:20:09.177,OnTrack,-6731,-6287,1769,pos,0 days 01:16:54.764000,0 days 02:13:51.859000
2024-06-23 14:20:09.517,OnTrack,-6732,-6120,1772,pos,0 days 01:16:55.104000,0 days 02:13:52.199000
2024-06-23 14:20:09.697,OnTrack,-6725,-5994,1774,pos,0 days 01:16:55.284000,0 days 02:13:52.379000
2024-06-23 14:20:10.017,OnTrack,-6698,-5769,1777,pos,0 days 01:16:55.604000,0 days 02:13:52.699000
2024-06-23 14:20:10.217,OnTrack,-6661,-5571,1779,pos,0 days 01:16:55.804000,0 days 02:13:52.899000
2024-06-23 14:20:10.557,OnTrack,-6616,-5387,1783,pos,0 days 01:16:56.144000,0 days 02:13:53.239000
2024-06-23 14:20:10.777,OnTrack,-6531,-5137,1787,pos,0 days 01:16:56.364000,0 days 02:13:53.459000
2024-06-23 14:20:11.117,OnTrack,-6468,-5002,1789,pos,0 days 01:16:56.704000,0 days 02:13:53.799000
2024-06-23 14:20:11.437,OnTrack,-6345,-4793,1793,pos,0 days 01:16:57.024000,0 days 02:13:54.119000
2024-06-23 14:20:11.656,OnTrack,-6250,-4653,1795,pos,0 days 01:16:57.243000,0 days 02:13:54.338000
2024-06-23 14:20:11.816,OnTrack,-6179,-4552,1796,pos,0 days 01:16:57.403000,0 days 02:13:54.498000
2024-06-23 14:20:12.056,OnTrack,-6070,-4401,1798,pos,0 days 01:16:57.643000,0 days 02:13:54.738000
2024-06-23 14:20:12.277,OnTrack,-5966,-4248,1801,pos,0 days 01:16:57.864000,0 days 02:13:54.959000
2024-06-23 14:20:12.477,OnTrack,-5885,-4111,1803,pos,0 days 01:16:58.064000,0 days 02:13:55.159000
2024-06-23 14:20:12.597,OnTrack,-5837,-4029,1804,pos,0 days 01:16:58.184000,0 days 02:13:55.279000
2024-06-23 14:20:12.897,OnTrack,-5683,-3773,1808,pos,0 days 01:16:58.484000,0 days 02:13:55.579000
2024-06-23 14:20:13.297,OnTrack,-5509,-3510,1813,pos,0 days 01:16:58.884000,0 days 02:13:55.979000
2024-06-23 14:20:13.537,OnTrack,-5460,-3439,1814,pos,0 days 01:16:59.124000,0 days 02:13:56.219000
2024-06-23 14:20:13.837,OnTrack,-5350,-3279,1817,pos,0 days 01:16:59.424000,0 days 02:13:56.519000
2024-06-23 14:20:14.037,OnTrack,-5281,-3187,1818,pos,0 days 01:16:59.624000,0 days 02:13:56.719000
2024-06-23 14:20:14.297,OnTrack,-5192,-3082,1819,pos,0 days 01:16:59.884000,0 days 02:13:56.979000
2024-06-23 14:20:14.457,OnTrack,-5138,-3027,1819,pos,0 days 01:17:00.044000,0 days 02:13:57.139000
2024-06-23 14:20:14.657,OnTrack,-5068,-2967,1820,pos,0 days 01:17:00.244000,0 days 02:13:57.339000
2024-06-23 14:20:14.897,OnTrack,-4949,-2894,1821,pos,0 days 01:17:00.484000,0 days 02:13:57.579000
2024-06-23 14:20:15.337,OnTrack,-4807,-2847,1823,pos,0 days 01:17:00.924000,0 days 02:13:58.019000
2024-06-23 14:20:15.517,OnTrack,-4734,-2839,1825,pos,0 days 01:17:01.104000,0 days 02:13:58.199000
2024-06-23 14:20:15.617,OnTrack,-4694,-2838,1825,pos,0 days 01:17:01.204000,0 days 02:13:58.299000
2024-06-23 14:20:15.857,OnTrack,-4600,-2849,1827,pos,0 days 01:17:01.444000,0 days 02:13:58.539000
2024-06-23 14:20:16.097,OnTrack,-4510,-2875,1828,pos,0 days 01:17:01.684000,0 days 02:13:58.779000
2024-06-23 14:20:16.297,OnTrack,-4441,-2906,1830,pos,0 days 01:17:01.884000,0 days 02:13:58.979000
2024-06-23 14:20:16.577,OnTrack,-4351,-2962,1832,pos,0 days 01:17:02.164000,0 days 02:13:59.259000
2024-06-23 14:20:16.717,OnTrack,-4310,-2998,1833,pos,0 days 01:17:02.304000,0 days 02:13:59.399000
2024-06-23 14:20:16.997,OnTrack,-4250,-3063,1834,pos,0 days 01:17:02.584000,0 days 02:13:59.679000
2024-06-23 14:20:17.157,OnTrack,-4182,-3152,1835,pos,0 days 01:17:02.744000,0 days 02:13:59.839000
2024-06-23 14:20:17.637,OnTrack,-4109,-3283,1837,pos,0 days 01:17:03.224000,0 days 02:14:00.319000
2024-06-23 14:20:17.857,OnTrack,-4059,-3424,1838,pos,0 days 01:17:03.444000,0 days 02:14:00.539000
2024-06-23 14:20:18.236,OnTrack,-4036,-3539,1839,pos,0 days 01:17:03.823000,0 days 02:14:00.918000
2024-06-23 14:20:18.396,OnTrack,-4029,-3614,1839,pos,0 days 01:17:03.983000,0 days 02:14:01.078000
2024-06-23 14:20:18.676,OnTrack,-4036,-3811,1839,pos,0 days 01:17:04.263000,0 days 02:14:01.358000
2024-06-23 14:20:18.997,OnTrack,-4059,-3923,1838,pos,0 days 01:17:04.584000,0 days 02:14:01.679000
2024-06-23 14:20:19.257,OnTrack,-4102,-4056,1836,pos,0 days 01:17:04.844000,0 days 02:14:01.939000
2024-06-23 14:20:19.477,OnTrack,-4148,-4159,1835,pos,0 days 01:17:05.064000,0 days 02:14:02.159000
2024-06-23 14:20:19.657,OnTrack,-4238,-4310,1833,pos,0 days 01:17:05.244000,0 days 02:14:02.339000
2024-06-23 14:20:19.997,OnTrack,-4313,-4419,1830,pos,0 days 01:17:05.584000,0 days 02:14:02.679000
2024-06-23 14:20:20.217,OnTrack,-4392,-4530,1828,pos,0 days 01:17:05.804000,0 days 02:14:02.899000
2024-06-23 14:20:20.477,OnTrack,-4488,-4661,1825,pos,0 days 01:17:06.064000,0 days 02:14:03.159000
2024-06-23 14:20:20.577,OnTrack,-4526,-4713,1823,pos,0 days 01:17:06.164000,0 days 02:14:03.259000
2024-06-23 14:20:20.817,OnTrack,-4618,-4839,1820,pos,0 days 01:17:06.404000,0 days 02:14:03.499000
2024-06-23 14:20:21.097,OnTrack,-4728,-4990,1817,pos,0 days 01:17:06.684000,0 days 02:14:03.779000
2024-06-23 14:20:21.337,OnTrack,-4879,-5196,1812,pos,0 days 01:17:06.924000,0 days 02:14:04.019000
2024-06-23 14:20:21.597,OnTrack,-4924,-5260,1810,pos,0 days 01:17:07.184000,0 days 02:14:04.279000
2024-06-23 14:20:21.777,OnTrack,-4987,-5351,1807,pos,0 days 01:17:07.364000,0 days 02:14:04.459000
2024-06-23 14:20:22.097,OnTrack,-5105,-5538,1801,pos,0 days 01:17:07.684000,0 days 02:14:04.779000
2024-06-23 14:20:22.477,OnTrack,-5151,-5628,1798,pos,0 days 01:17:08.064000,0 days 02:14:05.159000
2024-06-23 14:20:22.657,OnTrack,-5179,-5693,1794,pos,0 days 01:17:08.244000,0 days 02:14:05.339000
2024-06-23 14:20:22.977,OnTrack,-5214,-5804,1790,pos,0 days 01:17:08.564000,0 days 02:14:05.659000
2024-06-23 14:20:23.197,OnTrack,-5226,-5877,1787,pos,0 days 01:17:08.784000,0 days 02:14:05.879000
2024-06-23 14:20:23.377,OnTrack,-5227,-5934,1784,pos,0 days 01:17:08.964000,0 days 02:14:06.059000
2024-06-23 14:20:23.557,OnTrack,-5220,-5989,1781,pos,0 days 01:17:09.144000,0 days 02:14:06.239000
2024-06-23 14:20:23.837,OnTrack,-5192,-6071,1776,pos,0 days 01:17:09.424000,0 days 02:14:06.519000
2024-06-23 14:20:24.057,OnTrack,-5163,-6119,1773,pos,0 days 01:17:09.644000,0 days 02:14:06.739000
2024-06-23 14:20:24.317,OnTrack,-5115,-6170,1769,pos,0 days 01:17:09.904000,0 days 02:14:06.999000
2024-06-23 14:20:24.517,OnTrack,-5072,-6201,1767,pos,0 days 01:17:10.104000,0 days 02:14:07.199000
2024-06-23 14:20:24.836,OnTrack,-4995,-6234,1763,pos,0 days 01:17:10.423000,0 days 02:14:07.518000
2024-06-23 14:20:24.996,OnTrack,-4915,-6250,1758,pos,0 days 01:17:10.583000,0 days 02:14:07.678000
2024-06-23 14:20:25.376,OnTrack,-4848,-6251,1755,pos,0 days 01:17:10.963000,0 days 02:14:08.058000
2024-06-23 14:20:25.597,OnTrack,-4779,-6244,1750,pos,0 days 01:17:11.184000,0 days 02:14:08.279000
2024-06-23 14:20:25.897,OnTrack,-4653,-6211,1742,pos,0 days 01:17:11.484000,0 days 02:14:08.579000
2024-06-23 14:20:26.137,OnTrack,-4622,-6200,1739,pos,0 days 01:17:11.724000,0 days 02:14:08.819000
2024-06-23 14:20:26.397,OnTrack,-4539,-6165,1735,pos,0 days 01:17:11.984000,0 days 02:14:09.079000
2024-06-23 14:20:26.677,OnTrack,-4444,-6118,1728,pos,0 days 01:17:12.264000,0 days 02:14:09.359000
2024-06-23 14:20:26.837,OnTrack,-4350,-6068,1722,pos,0 days 01:17:12.424000,0 days 02:14:09.519000
2024-06-23 14:20:27.297,OnTrack,-4207,-5989,1711,pos,0 days 01:17:12.884000,0 days 02:14:09.979000
2024-06-23 14:20:27.537,OnTrack,-4104,-5934,1706,pos,0 days 01:17:13.124000,0 days 02:14:10.219000
2024-06-23 14:20:27.697,OnTrack,-4031,-5897,1700,pos,0 days 01:17:13.284000,0 days 02:14:10.379000
2024-06-23 14:20:27.877,OnTrack,-3896,-5832,1692,pos,0 days 01:17:13.464000,0 days 02:14:10.559000
2024-06-23 14:20:28.117,OnTrack,-3775,-5778,1686,pos,0 days 01:17:13.704000,0 days 02:14:10.799000
2024-06-23 14:20:28.317,OnTrack,-3670,-5735,1681,pos,0 days 01:17:13.904000,0 days 02:14:10.999000
2024-06-23 14:20:28.517,OnTrack,-3563,-5690,1677,pos,0 days 01:17:14.104000,0 days 02:14:11.199000
2024-06-23 14:20:28.617,OnTrack,-3508,-5667,1674,pos,0 days 01:17:14.204000,0 days 02:14:11.299000
2024-06-23 14:20:28.997,OnTrack,-3264,-5547,1663,pos,0 days 01:17:14.584000,0 days 02:14:11.679000
2024-06-23 14:20:29.277,OnTrack,-3144,-5475,1659,pos,0 days 01:17:14.864000,0 days 02:14:11.959000
2024-06-23 14:20:29.517,OnTrack,-3015,-5384,1656,pos,0 days 01:17:15.104000,0 days 02:14:12.199000
2024-06-23 14:20:29.677,OnTrack,-2932,-5318,1654,pos,0 days 01:17:15.264000,0 days 02:14:12.359000
2024-06-23 14:20:30.017,OnTrack,-2725,-5119,1650,pos,0 days 01:17:15.604000,0 days 02:14:12.699000
2024-06-23 14:20:30.297,OnTrack,-2634,-5014,1650,pos,0 days 01:17:15.884000,0 days 02:14:12.979000
2024-06-23 14:20:30.537,OnTrack,-2530,-4879,1651,pos,0 days 01:17:16.124000,0 days 02:14:13.219000
2024-06-23 14:20:30.857,OnTrack,-2400,-4694,1651,pos,0 days 01:17:16.444000,0 days 02:14:13.539000
2024-06-23 14:20:31.057,OnTrack,-2325,-4584,1653,pos,0 days 01:17:16.644000,0 days 02:14:13.739000
2024-06-23 14:20:31.276,OnTrack,-2249,-4473,1654,pos,0 days 01:17:16.863000,0 days 02:14:13.958000
2024-06-23 14:20:31.496,OnTrack,-2169,-4346,1658,pos,0 days 01:17:17.083000,0 days 02:14:14.178000
2024-06-23 14:20:31.756,OnTrack,-2129,-4265,1661,pos,0 days 01:17:17.343000,0 days 02:14:14.438000
2024-06-23 14:20:31.956,OnTrack,-2103,-4182,1662,pos,0 days 01:17:17.543000,0 days 02:14:14.638000
2024-06-23 14:20:32.237,OnTrack,-2085,-4054,1663,pos,0 days 01:17:17.824000,0 days 02:14:14.919000
2024-06-23 14:20:32.437,OnTrack,-2085,-3922,1667,pos,0 days 01:17:18.024000,0 days 02:14:15.119000
2024-06-23 14:20:32.917,OnTrack,-2114,-3766,1675,pos,0 days 01:17:18.504000,0 days 02:14:15.599000
2024-06-23 14:20:33.197,OnTrack,-2145,-3700,1680,pos,0 days 01:17:18.784000,0 days 02:14:15.879000
2024-06-23 14:20:33.437,OnTrack,-2197,-3629,1683,pos,0 days 01:17:19.024000,0 days 02:14:16.119000
2024-06-23 14:20:33.777,OnTrack,-2292,-3541,1689,pos,0 days 01:17:19.364000,0 days 02:14:16.459000
2024-06-23 14:20:33.957,OnTrack,-2382,-3475,1693,pos,0 days 01:17:19.544000,0 days 02:14:16.639000
2024-06-23 14:20:34.277,OnTrack,-2456,-3422,1697,pos,0 days 01:17:19.864000,0 days 02:14:16.959000
2024-06-23 14:20:34.477,OnTrack,-2523,-3369,1702,pos,0 days 01:17:20.064000,0 days 02:14:17.159000
2024-06-23 14:20:34.757,OnTrack,-2615,-3281,1711,pos,0 days 01:17:20.344000,0 days 02:14:17.439000
2024-06-23 14:20:34.837,OnTrack,-2640,-3252,1714,pos,0 days 01:17:20.424000,0 days 02:14:17.519000
2024-06-23 14:20:35.117,OnTrack,-2722,-3141,1725,pos,0 days 01:17:20.704000,0 days 02:14:17.799000
2024-06-23 14:20:35.417,OnTrack,-2798,-3002,1734,pos,0 days 01:17:21.004000,0 days 02:14:18.099000
2024-06-23 14:20:35.577,OnTrack,-2835,-2922,1740,pos,0 days 01:17:21.164000,0 days 02:14:18.259000
2024-06-23 14:20:35.737,OnTrack,-2871,-2840,1745,pos,0 days 01:17:21.324000,0 days 02:14:18.419000
2024-06-23 14:20:35.917,OnTrack,-2914,-2747,1750,pos,0 days 01:17:21.504000,0 days 02:14:18.599000
2024-06-23 14:20:36.097,OnTrack,-2959,-2651,1757,pos,0 days 01:17:21.684000,0 days 02:14:18.779000
2024-06-23 14:20:36.357,OnTrack,-3063,-2432,1772,pos,0 days 01:17:21.944000,0 days 02:14:19.039000
2024-06-23 14:20:36.857,OnTrack,-3177,-2193,1788,pos,0 days 01:17:22.444000,0 days 02:14:19.539000
2024-06-23 14:20:37.137,OnTrack,-3233,-2075,1796,pos,0 days 01:17:22.724000,0 days 02:14:19.819000
2024-06-23 14:20:37.357,OnTrack,-3296,-1943,1804,pos,0 days 01:17:22.944000,0 days 02:14:20.039000
2024-06-23 14:20:37.557,OnTrack,-3355,-1821,1812,pos,0 days 01:17:23.144000,0 days 02:14:20.239000
2024-06-23 14:20:37.777,OnTrack,-3415,-1685,1822,pos,0 days 01:17:23.364000,0 days 02:14:20.459000
2024-06-23 14:20:37.996,OnTrack,-3463,-1547,1830,pos,0 days 01:17:23.583000,0 days 02:14:20.678000
2024-06-23 14:20:38.296,OnTrack,-3502,-1359,1840,pos,0 days 01:17:23.883000,0 days 02:14:20.978000
2024-06-23 14:20:38.456,OnTrack,-3508,-1257,1843,pos,0 days 01:17:24.043000,0 days 02:14:21.138000
2024-06-23 14:20:38.677,OnTrack,-3501,-1107,1849,pos,0 days 01:17:24.264000,0 days 02:14:21.359000
2024-06-23 14:20:38.837,OnTrack,-3488,-1010,1853,pos,0 days 01:17:24.424000,0 days 02:14:21.519000
2024-06-23 14:20:39.097,OnTrack,-3440,-810,1861,pos,0 days 01:17:24.684000,0 days 02:14:21.779000
2024-06-23 14:20:39.537,OnTrack,-3365,-622,1867,pos,0 days 01:17:25.124000,0 days 02:14:22.219000
2024-06-23 14:20:39.777,OnTrack,-3293,-498,1871,pos,0 days 01:17:25.364000,0 days 02:14:22.459000
2024-06-23 14:20:39.917,OnTrack,-3186,-374,1873,pos,0 days 01:17:25.504000,0 days 02:14:22.599000
2024-06-23 14:20:40.217,OnTrack,-3112,-314,1874,pos,0 days 01:17:25.804000,0 days 02:14:22.899000
2024-06-23 14:20:40.557,OnTrack,-2927,-214,1874,pos,0 days 01:17:26.144000,0 days 02:14:23.239000
2024-06-23 14:20:41.297,OnTrack,-2494,-34,1870,pos,0 days 01:17:26.884000,0 days 02:14:23.979000
2024-06-23 14:20:41.517,OnTrack,-2366,24,1868,pos,0 days 01:17:27.104000,0 days 02:14:24.199000
2024-06-23 14:20:41.817,OnTrack,-2191,107,1866,pos,0 days 01:17:27.404000,0 days 02:14:24.499000
2024-06-23 14:20:41.897,OnTrack,-2144,129,1865,pos,0 days 01:17:27.484000,0 days 02:14:24.579000
2024-06-23 14:20:42.077,OnTrack,-2038,179,1864,pos,0 days 01:17:27.664000,0 days 02:14:24.759000
2024-06-23 14:20:42.277,OnTrack,-1919,235,1862,pos,0 days 01:17:27.864000,0 days 02:14:24.959000
2024-06-23 14:20:42.497,OnTrack,-1786,298,1860,pos,0 days 01:17:28.084000,0 days 02:14:25.179000
2024-06-23 14:20:42.877,OnTrack,-1553,408,1858,pos,0 days 01:17:28.464000,0 days 02:14:25.559000
2024-06-23 14:20:43.037,OnTrack,-1392,485,1856,pos,0 days 01:17:28.624000,0 days 02:14:25.719000
2024-06-23 14:20:43.437,OnTrack,-1204,576,1853,pos,0 days 01:17:29.024000,0 days 02:14:26.119000
2024-06-23 14:20:43.657,OnTrack,-1049,654,1851,pos,0 days 01:17:29.244000,0 days 02:14:26.339000
2024-06-23 14:20:43.917,OnTrack,-887,739,1849,pos,0 days 01:17:29.504000,0 days 02:14:26.599000
2024-06-23 14:20:44.137,OnTrack,-678,851,1846,pos,0 days 01:17:29.724000,0 days 02:14:26.819000
2024-06-23 14:20:44.536,OnTrack,-452,972,1843,pos,0 days 01:17:30.123000,0 days 02:14:27.218000
2024-06-23 14:20:44.876,OnTrack,-312,1046,1841,pos,0 days 01:17:30.463000,0 days 02:14:27.558000
2024-06-23 14:20:45.056,OnTrack,-208,1102,1840,pos,0 days 01:17:30.643000,0 days 02:14:27.738000
2024-06-23 14:20:45.397,OnTrack,23,1225,1836,pos,0 days 01:17:30.984000,0 days 02:14:28.079000
2024-06-23 14:20:45.797,OnTrack,218,1328,1834,pos,0 days 01:17:31.384000,0 days 02:14:28.479000
2024-06-23 14:20:45.877,OnTrack,264,1352,1833,pos,0 days 01:17:31.464000,0 days 02:14:28.559000
2024-06-23 14:20:46.097,OnTrack,413,1428,1831,pos,0 days 01:17:31.684000,0 days 02:14:28.779000
2024-06-23 14:20:46.337,OnTrack,618,1522,1829,pos,0 days 01:17:31.924000,0 days 02:14:29.019000
2024-06-23 14:20:46.817,OnTrack,805,1599,1826,pos,0 days 01:17:32.404000,0 days 02:14:29.499000
2024-06-23 14:20:47.037,OnTrack,959,1661,1824,pos,0 days 01:17:32.624000,0 days 02:14:29.719000
2024-06-23 14:20:47.457,OnTrack,1136,1737,1823,pos,0 days 01:17:33.044000,0 days 02:14:30.139000
2024-06-23 14:20:47.757,OnTrack,1199,1769,1822,pos,0 days 01:17:33.344000,0 days 02:14:30.439000
2024-06-23 14:20:47.957,OnTrack,1263,1807,1821,pos,0 days 01:17:33.544000,0 days 02:14:30.639000
2024-06-23 14:20:48.177,OnTrack,1326,1852,1821,pos,0 days 01:17:33.764000,0 days 02:14:30.859000
2024-06-23 14:20:48.497,OnTrack,1417,1956,1819,pos,0 days 01:17:34.084000,0 days 02:14:31.179000
2024-06-23 14:20:48.817,OnTrack,1447,2021,1818,pos,0 days 01:17:34.404000,0 days 02:14:31.499000
2024-06-23 14:20:49.137,OnTrack,1464,2119,1817,pos,0 days 01:17:34.724000,0 days 02:14:31.819000
2024-06-23 14:20:49.337,OnTrack,1457,2198,1817,pos,0 days 01:17:34.924000,0 days 02:14:32.019000
2024-06-23 14:20:49.717,OnTrack,1423,2310,1818,pos,0 days 01:17:35.304000,0 days 02:14:32.399000
2024-06-23 14:20:50.137,OnTrack,1378,2393,1821,pos,0 days 01:17:35.724000,0 days 02:14:32.819000
2024-06-23 14:20:50.377,OnTrack,1338,2447,1823,pos,0 days 01:17:35.964000,0 days 02:14:33.059000
2024-06-23 14:20:50.537,OnTrack,1285,2504,1825,pos,0 days 01:17:36.124000,0 days 02:14:33.219000
2024-06-23 14:20:50.817,OnTrack,1251,2533,1826,pos,0 days 01:17:36.404000,0 days 02:14:33.499000
2024-06-23 14:20:51.176,OnTrack,1145,2597,1828,pos,0 days 01:17:36.763000,0 days 02:14:33.858000
2024-06-23 14:20:51.556,OnTrack,1050,2630,1830,pos,0 days 01:17:37.143000,0 days 02:14:34.238000
2024-06-23 14:20:51.777,OnTrack,932,2653,1833,pos,0 days 01:17:37.364000,0 days 02:14:34.459000
2024-06-23 14:20:52.197,OnTrack,812,2660,1835,pos,0 days 01:17:37.784000,0 days 02:14:34.879000
2024-06-23 14:20:52.517,OnTrack,713,2654,1837,pos,0 days 01:17:38.104000,0 days 02:14:35.199000
2024-06-23 14:20:52.697,OnTrack,641,2644,1839,pos,0 days 01:17:38.284000,0 days 02:14:35.379000
2024-06-23 14:20:52.977,OnTrack,526,2616,1842,pos,0 days 01:17:38.564000,0 days 02:14:35.659000
2024-06-23 14:20:53.137,OnTrack,459,2593,1844,pos,0 days 01:17:38.724000,0 days 02:14:35.819000
2024-06-23 14:20:53.297,OnTrack,392,2565,1846,pos,0 days 01:17:38.884000,0 days 02:14:35.979000
2024-06-23 14:20:53.577,OnTrack,271,2501,1852,pos,0 days 01:17:39.164000,0 days 02:14:36.259000
2024-06-23 14:20:53.757,OnTrack,193,2452,1856,pos,0 days 01:17:39.344000,0 days 02:14:36.439000
2024-06-23 14:20:53.917,OnTrack,122,2404,1860,pos,0 days 01:17:39.504000,0 days 02:14:36.599000
2024-06-23 14:20:54.117,OnTrack,33,2340,1866,pos,0 days 01:17:39.704000,0 days 02:14:36.799000
2024-06-23 14:20:54.437,OnTrack,-112,2248,1872,pos,0 days 01:17:40.024000,0 days 02:14:37.119000
2024-06-23 14:20:54.657,OnTrack,-217,2198,1876,pos,0 days 01:17:40.244000,0 days 02:14:37.339000
2024-06-23 14:20:54.857,OnTrack,-308,2164,1879,pos,0 days 01:17:40.444000,0 days 02:14:37.539000
2024-06-23 14:20:54.897,OnTrack,-326,2158,1880,pos,0 days 01:17:40.484000,0 days 02:14:37.579000
2024-06-23 14:20:55.137,OnTrack,-431,2134,1884,pos,0 days 01:17:40.724000,0 days 02:14:37.819000
2024-06-23 14:20:55.497,OnTrack,-580,2122,1891,pos,0 days 01:17:41.084000,0 days 02:14:38.179000
2024-06-23 14:20:55.657,OnTrack,-642,2126,1894,pos,0 days 01:17:41.244000,0 days 02:14:38.339000
2024-06-23 14:20:55.857,OnTrack,-715,2138,1898,pos,0 days 01:17:41.444000,0 days 02:14:38.539000
2024-06-23 14:20:56.117,OnTrack,-803,2169,1902,pos,0 days 01:17:41.704000,0 days 02:14:38.799000
2024-06-23 14:20:56.277,OnTrack,-851,2196,1905,pos,0 days 01:17:41.864000,0 days 02:14:38.959000
2024-06-23 14:20:56.477,OnTrack,-938,2274,1908,pos,0 days 01:17:42.064000,0 days 02:14:39.159000
2024-06-23 14:20:56.757,OnTrack,-966,2312,1909,pos,0 days 01:17:42.344000,0 days 02:14:39.439000
2024-06-23 14:20:57.077,OnTrack,-1015,2405,1911,pos,0 days 01:17:42.664000,0 days 02:14:39.759000
2024-06-23 14:20:57.277,OnTrack,-1042,2501,1913,pos,0 days 01:17:42.864000,0 days 02:14:39.959000
2024-06-23 14:20:57.716,OnTrack,-1050,2619,1914,pos,0 days 01:17:43.303000,0 days 02:14:40.398000
2024-06-23 14:20:57.996,OnTrack,-1045,2690,1915,pos,0 days 01:17:43.583000,0 days 02:14:40.678000
2024-06-23 14:20:58.276,OnTrack,-1010,2833,1917,pos,0 days 01:17:43.863000,0 days 02:14:40.958000
2024-06-23 14:20:58.697,OnTrack,-947,2971,1920,pos,0 days 01:17:44.284000,0 days 02:14:41.379000
2024-06-23 14:20:59.117,OnTrack,-837,3124,1922,pos,0 days 01:17:44.704000,0 days 02:14:41.799000
2024-06-23 14:20:59.457,OnTrack,-767,3198,1923,pos,0 days 01:17:45.044000,0 days 02:14:42.139000
2024-06-23 14:20:59.657,OnTrack,-702,3257,1922,pos,0 days 01:17:45.244000,0 days 02:14:42.339000
2024-06-23 14:20:59.817,OnTrack,-646,3303,1922,pos,0 days 01:17:45.404000,0 days 02:14:42.499000
2024-06-23 14:21:00.197,OnTrack,-464,3446,1920,pos,0 days 01:17:45.784000,0 days 02:14:42.879000
2024-06-23 14:21:00.497,OnTrack,-382,3510,1919,pos,0 days 01:17:46.084000,0 days 02:14:43.179000
2024-06-23 14:21:00.797,OnTrack,-213,3653,1915,pos,0 days 01:17:46.384000,0 days 02:14:43.479000
2024-06-23 14:21:01.077,OnTrack,-134,3721,1912,pos,0 days 01:17:46.664000,0 days 02:14:43.759000
2024-06-23 14:21:01.377,OnTrack,3,3837,1907,pos,0 days 01:17:46.964000,0 days 02:14:44.059000
2024-06-23 14:21:01.657,OnTrack,140,3942,1901,pos,0 days 01:17:47.244000,0 days 02:14:44.339000
2024-06-23 14:21:01.837,OnTrack,235,4005,1897,pos,0 days 01:17:47.424000,0 days 02:14:44.519000
2024-06-23 14:21:02.077,OnTrack,371,4075,1891,pos,0 days 01:17:47.664000,0 days 02:14:44.759000
2024-06-23 14:21:02.217,OnTrack,519,4121,1884,pos,0 days 01:17:47.804000,0 days 02:14:44.899000
2024-06-23 14:21:02.637,OnTrack,735,4139,1873,pos,0 days 01:17:48.224000,0 days 02:14:45.319000
2024-06-23 14:21:02.837,OnTrack,868,4125,1865,pos,0 days 01:17:48.424000,0 days 02:14:45.519000
2024-06-23 14:21:03.017,OnTrack,985,4101,1858,pos,0 days 01:17:48.604000,0 days 02:14:45.699000
2024-06-23 14:21:03.257,OnTrack,1138,4050,1849,pos,0 days 01:17:48.844000,0 days 02:14:45.939000
2024-06-23 14:21:03.537,OnTrack,1312,3972,1839,pos,0 days 01:17:49.124000,0 days 02:14:46.219000
2024-06-23 14:21:03.717,OnTrack,1421,3913,1833,pos,0 days 01:17:49.304000,0 days 02:14:46.399000
2024-06-23 14:21:03.897,OnTrack,1529,3850,1827,pos,0 days 01:17:49.484000,0 days 02:14:46.579000
2024-06-23 14:21:04.017,OnTrack,1600,3806,1822,pos,0 days 01:17:49.604000,0 days 02:14:46.699000
2024-06-23 14:21:04.256,OnTrack,1742,3714,1813,pos,0 days 01:17:49.843000,0 days 02:14:46.938000
2024-06-23 14:21:04.496,OnTrack,1887,3621,1805,pos,0 days 01:17:50.083000,0 days 02:14:47.178000
2024-06-23 14:21:04.676,OnTrack,1997,3551,1799,pos,0 days 01:17:50.263000,0 days 02:14:47.358000
2024-06-23 14:21:04.897,OnTrack,2145,3457,1790,pos,0 days 01:17:50.484000,0 days 02:14:47.579000
2024-06-23 14:21:04.977,OnTrack,2194,3425,1787,pos,0 days 01:17:50.564000,0 days 02:14:47.659000
2024-06-23 14:21:05.237,OnTrack,2351,3318,1779,pos,0 days 01:17:50.824000,0 days 02:14:47.919000
2024-06-23 14:21:05.417,OnTrack,2452,3242,1774,pos,0 days 01:17:51.004000,0 days 02:14:48.099000
2024-06-23 14:21:05.777,OnTrack,2661,3039,1762,pos,0 days 01:17:51.364000,0 days 02:14:48.459000
2024-06-23 14:21:06.057,OnTrack,2729,2950,1759,pos,0 days 01:17:51.644000,0 days 02:14:48.739000
2024-06-23 14:21:06.257,OnTrack,2790,2841,1755,pos,0 days 01:17:51.844000,0 days 02:14:48.939000
2024-06-23 14:21:06.457,OnTrack,2835,2722,1751,pos,0 days 01:17:52.044000,0 days 02:14:49.139000
2024-06-23 14:21:06.817,OnTrack,2884,2445,1744,pos,0 days 01:17:52.404000,0 days 02:14:49.499000
2024-06-23 14:21:07.137,OnTrack,2877,2293,1741,pos,0 days 01:17:52.724000,0 days 02:14:49.819000
2024-06-23 14:21:07.397,OnTrack,2844,2126,1738,pos,0 days 01:17:52.984000,0 days 02:14:50.079000
2024-06-23 14:21:07.617,OnTrack,2774,1941,1735,pos,0 days 01:17:53.204000,0 days 02:14:50.299000
2024-06-23 14:21:07.977,OnTrack,2694,1791,1733,pos,0 days 01:17:53.564000,0 days 02:14:50.659000
2024-06-23 14:21:08.177,OnTrack,2624,1673,1731,pos,0 days 01:17:53.764000,0 days 02:14:50.859000
2024-06-23 14:21:08.457,OnTrack,2496,1475,1727,pos,0 days 01:17:54.044000,0 days 02:14:51.139000
2024-06-23 14:21:08.897,OnTrack,2317,1201,1723,pos,0 days 01:17:54.484000,0 days 02:14:51.579000
2024-06-23 14:21:09.157,OnTrack,2246,1091,1721,pos,0 days 01:17:54.744000,0 days 02:14:51.839000
2024-06-23 14:21:09.397,OnTrack,2093,857,1716,pos,0 days 01:17:54.984000,0 days 02:14:52.079000
2024-06-23 14:21:09.757,OnTrack,2004,719,1714,pos,0 days 01:17:55.344000,0 days 02:14:52.439000
2024-06-23 14:21:10.097,OnTrack,1864,504,1711,pos,0 days 01:17:55.684000,0 days 02:14:52.779000
2024-06-23 14:21:10.277,OnTrack,1738,312,1709,pos,0 days 01:17:55.864000,0 days 02:14:52.959000
2024-06-23 14:21:10.577,OnTrack,1659,190,1708,pos,0 days 01:17:56.164000,0 days 02:14:53.259000
2024-06-23 14:21:10.757,OnTrack,1583,72,1708,pos,0 days 01:17:56.344000,0 days 02:14:53.439000
2024-06-23 14:21:10.956,OnTrack,1497,-61,1708,pos,0 days 01:17:56.543000,0 days 02:14:53.638000
2024-06-23 14:21:11.156,OnTrack,1411,-195,1707,pos,0 days 01:17:56.743000,0 days 02:14:53.838000
2024-06-23 14:21:11.517,OnTrack,1203,-522,1708,pos,0 days 01:17:57.104000,0 days 02:14:54.199000
2024-06-23 14:21:11.897,OnTrack,1080,-716,1708,pos,0 days 01:17:57.484000,0 days 02:14:54.579000
2024-06-23 14:21:12.097,OnTrack,1000,-842,1708,pos,0 days 01:17:57.684000,0 days 02:14:54.779000
2024-06-23 14:21:12.317,OnTrack,902,-997,1708,pos,0 days 01:17:57.904000,0 days 02:14:54.999000
2024-06-23 14:21:12.537,OnTrack,758,-1224,1708,pos,0 days 01:17:58.124000,0 days 02:14:55.219000
2024-06-23 14:21:12.897,OnTrack,640,-1409,1707,pos,0 days 01:17:58.484000,0 days 02:14:55.579000
2024-06-23 14:21:13.097,OnTrack,548,-1554,1707,pos,0 days 01:17:58.684000,0 days 02:14:55.779000
2024-06-23 14:21:13.277,OnTrack,465,-1685,1707,pos,0 days 01:17:58.864000,0 days 02:14:55.959000
2024-06-23 14:21:13.577,OnTrack,326,-1904,1708,pos,0 days 01:17:59.164000,0 days 02:14:56.259000
2024-06-23 14:21:13.797,OnTrack,157,-2169,1707,pos,0 days 01:17:59.384000,0 days 02:14:56.479000
2024-06-23 14:21:14.177,OnTrack,45,-2347,1707,pos,0 days 01:17:59.764000,0 days 02:14:56.859000
2024-06-23 14:21:14.437,OnTrack,-117,-2599,1706,pos,0 days 01:18:00.024000,0 days 02:14:57.119000
2024-06-23 14:21:14.797,OnTrack,-254,-2807,1705,pos,0 days 01:18:00.384000,0 days 02:14:57.479000
2024-06-23 14:21:14.977,OnTrack,-342,-2941,1703,pos,0 days 01:18:00.564000,0 days 02:14:57.659000
2024-06-23 14:21:15.257,OnTrack,-530,-3223,1699,pos,0 days 01:18:00.844000,0 days 02:14:57.939000
2024-06-23 14:21:15.517,OnTrack,-609,-3342,1698,pos,0 days 01:18:01.104000,0 days 02:14:58.199000
2024-06-23 14:21:15.797,OnTrack,-819,-3655,1691,pos,0 days 01:18:01.384000,0 days 02:14:58.479000
2024-06-23 14:21:16.117,OnTrack,-910,-3790,1688,pos,0 days 01:18:01.704000,0 days 02:14:58.799000
2024-06-23 14:21:16.357,OnTrack,-1030,-3970,1684,pos,0 days 01:18:01.944000,0 days 02:14:59.039000
2024-06-23 14:21:16.657,OnTrack,-1182,-4196,1678,pos,0 days 01:18:02.244000,0 days 02:14:59.339000
2024-06-23 14:21:16.837,OnTrack,-1273,-4332,1674,pos,0 days 01:18:02.424000,0 days 02:14:59.519000
2024-06-23 14:21:16.997,OnTrack,-1354,-4452,1671,pos,0 days 01:18:02.584000,0 days 02:14:59.679000
2024-06-23 14:21:17.137,OnTrack,-1425,-4558,1667,pos,0 days 01:18:02.724000,0 days 02:14:59.819000
2024-06-23 14:21:17.376,OnTrack,-1544,-4736,1662,pos,0 days 01:18:02.963000,0 days 02:15:00.058000
2024-06-23 14:21:17.596,OnTrack,-1651,-4896,1658,pos,0 days 01:18:03.183000,0 days 02:15:00.278000
2024-06-23 14:21:17.856,OnTrack,-1847,-5213,1651,pos,0 days 01:18:03.443000,0 days 02:15:00.538000
2024-06-23 14:21:18.337,OnTrack,-2075,-5610,1644,pos,0 days 01:18:03.924000,0 days 02:15:01.019000
2024-06-23 14:21:18.637,OnTrack,-2146,-5736,1642,pos,0 days 01:18:04.224000,0 days 02:15:01.319000
2024-06-23 14:21:18.797,OnTrack,-2214,-5860,1641,pos,0 days 01:18:04.384000,0 days 02:15:01.479000
2024-06-23 14:21:19.097,OnTrack,-2335,-6076,1638,pos,0 days 01:18:04.684000,0 days 02:15:01.779000
2024-06-23 14:21:19.177,OnTrack,-2366,-6132,1637,pos,0 days 01:18:04.764000,0 days 02:15:01.859000
2024-06-23 14:21:19.477,OnTrack,-2517,-6383,1634,pos,0 days 01:18:05.064000,0 days 02:15:02.159000
2024-06-23 14:21:19.937,OnTrack,-2657,-6583,1632,pos,0 days 01:18:05.524000,0 days 02:15:02.619000
2024-06-23 14:21:20.237,OnTrack,-2723,-6666,1631,pos,0 days 01:18:05.824000,0 days 02:15:02.919000
2024-06-23 14:21:20.597,OnTrack,-2865,-6815,1626,pos,0 days 01:18:06.184000,0 days 02:15:03.279000
2024-06-23 14:21:20.917,OnTrack,-2945,-6881,1624,pos,0 days 01:18:06.504000,0 days 02:15:03.599000
2024-06-23 14:21:21.177,OnTrack,-3036,-6938,1625,pos,0 days 01:18:06.764000,0 days 02:15:03.859000
2024-06-23 14:21:21.317,OnTrack,-3086,-6962,1623,pos,0 days 01:18:06.904000,0 days 02:15:03.999000
2024-06-23 14:21:21.557,OnTrack,-3177,-6988,1623,pos,0 days 01:18:07.144000,0 days 02:15:04.239000
2024-06-23 14:21:21.857,OnTrack,-3349,-6986,1626,pos,0 days 01:18:07.444000,0 days 02:15:04.539000
2024-06-23 14:21:22.217,OnTrack,-3433,-6964,1628,pos,0 days 01:18:07.804000,0 days 02:15:04.899000
2024-06-23 14:21:22.337,OnTrack,-3479,-6947,1629,pos,0 days 01:18:07.924000,0 days 02:15:05.019000
2024-06-23 14:21:22.597,OnTrack,-3577,-6905,1631,pos,0 days 01:18:08.184000,0 days 02:15:05.279000
2024-06-23 14:21:22.797,OnTrack,-3697,-6848,1633,pos,0 days 01:18:08.384000,0 days 02:15:05.479000
2024-06-23 14:21:23.197,OnTrack,-3809,-6802,1635,pos,0 days 01:18:08.784000,0 days 02:15:05.879000
2024-06-23 14:21:23.457,OnTrack,-3954,-6769,1639,pos,0 days 01:18:09.044000,0 days 02:15:06.139000
2024-06-23 14:21:23.937,OnTrack,-4132,-6785,1646,pos,0 days 01:18:09.524000,0 days 02:15:06.619000
2024-06-23 14:21:24.096,OnTrack,-4204,-6807,1649,pos,0 days 01:18:09.683000,0 days 02:15:06.778000
2024-06-23 14:21:24.236,OnTrack,-4266,-6832,1652,pos,0 days 01:18:09.823000,0 days 02:15:06.918000
2024-06-23 14:21:24.476,OnTrack,-4393,-6897,1660,pos,0 days 01:18:10.063000,0 days 02:15:07.158000
2024-06-23 14:21:24.877,OnTrack,-4502,-6964,1666,pos,0 days 01:18:10.464000,0 days 02:15:07.559000
2024-06-23 14:21:25.097,OnTrack,-4594,-7028,1671,pos,0 days 01:18:10.684000,0 days 02:15:07.779000
2024-06-23 14:21:25.277,OnTrack,-4663,-7078,1675,pos,0 days 01:18:10.864000,0 days 02:15:07.959000
2024-06-23 14:21:25.497,OnTrack,-4762,-7147,1681,pos,0 days 01:18:11.084000,0 days 02:15:08.179000
2024-06-23 14:21:25.657,OnTrack,-4836,-7195,1685,pos,0 days 01:18:11.244000,0 days 02:15:08.339000
2024-06-23 14:21:25.937,OnTrack,-5026,-7307,1694,pos,0 days 01:18:11.524000,0 days 02:15:08.619000
2024-06-23 14:21:26.277,OnTrack,-5155,-7367,1700,pos,0 days 01:18:11.864000,0 days 02:15:08.959000
2024-06-23 14:21:26.557,OnTrack,-5315,-7421,1707,pos,0 days 01:18:12.144000,0 days 02:15:09.239000
2024-06-23 14:21:26.777,OnTrack,-5445,-7446,1713,pos,0 days 01:18:12.364000,0 days 02:15:09.459000
2024-06-23 14:21:26.977,OnTrack,-5651,-7453,1721,pos,0 days 01:18:12.564000,0 days 02:15:09.659000
2024-06-23 14:21:27.377,OnTrack,-5807,-7434,1728,pos,0 days 01:18:12.964000,0 days 02:15:10.059000
2024-06-23 14:21:27.577,OnTrack,-5928,-7405,1733,pos,0 days 01:18:13.164000,0 days 02:15:10.259000
2024-06-23 14:21:27.797,OnTrack,-6053,-7361,1737,pos,0 days 01:18:13.384000,0 days 02:15:10.479000
2024-06-23 14:21:28.017,OnTrack,-6245,-7256,1745,pos,0 days 01:18:13.604000,0 days 02:15:10.699000
2024-06-23 14:21:28.437,OnTrack,-6412,-7114,1753,pos,0 days 01:18:14.024000,0 days 02:15:11.119000
2024-06-23 14:21:28.857,OnTrack,-6579,-6877,1759,pos,0 days 01:18:14.444000,0 days 02:15:11.539000
2024-06-23 14:21:29.197,OnTrack,-6638,-6748,1762,pos,0 days 01:18:14.784000,0 days 02:15:11.879000
2024-06-23 14:21:29.397,OnTrack,-6695,-6558,1765,pos,0 days 01:18:14.984000,0 days 02:15:12.079000
2024-06-23 14:21:29.777,OnTrack,-6724,-6372,1768,pos,0 days 01:18:15.364000,0 days 02:15:12.459000
2024-06-23 14:21:29.937,OnTrack,-6732,-6262,1769,pos,0 days 01:18:15.524000,0 days 02:15:12.619000
2024-06-23 14:21:30.217,OnTrack,-6730,-6069,1773,pos,0 days 01:18:15.804000,0 days 02:15:12.899000
2024-06-23 14:21:30.357,OnTrack,-6723,-5971,1774,pos,0 days 01:18:15.944000,0 days 02:15:13.039000
2024-06-23 14:21:30.517,OnTrack,-6710,-5859,1776,pos,0 days 01:18:16.104000,0 days 02:15:13.199000
2024-06-23 14:21:30.796,OnTrack,-6679,-5663,1778,pos,0 days 01:18:16.383000,0 days 02:15:13.478000
2024-06-23 14:21:30.976,OnTrack,-6657,-5554,1779,pos,0 days 01:18:16.563000,0 days 02:15:13.658000
2024-06-23 14:21:31.156,OnTrack,-6626,-5427,1782,pos,0 days 01:18:16.743000,0 days 02:15:13.838000
2024-06-23 14:21:31.377,OnTrack,-6577,-5258,1785,pos,0 days 01:18:16.964000,0 days 02:15:14.059000
2024-06-23 14:21:31.657,OnTrack,-6500,-5066,1788,pos,0 days 01:18:17.244000,0 days 02:15:14.339000
2024-06-23 14:21:31.897,OnTrack,-6423,-4920,1790,pos,0 days 01:18:17.484000,0 days 02:15:14.579000
2024-06-23 14:21:32.077,OnTrack,-6309,-4739,1793,pos,0 days 01:18:17.664000,0 days 02:15:14.759000
2024-06-23 14:21:32.357,OnTrack,-6231,-4625,1795,pos,0 days 01:18:17.944000,0 days 02:15:15.039000
2024-06-23 14:21:32.657,OnTrack,-6096,-4436,1798,pos,0 days 01:18:18.244000,0 days 02:15:15.339000
2024-06-23 14:21:32.957,OnTrack,-5924,-4177,1802,pos,0 days 01:18:18.544000,0 days 02:15:15.639000
2024-06-23 14:21:33.317,OnTrack,-5819,-3997,1805,pos,0 days 01:18:18.904000,0 days 02:15:15.999000
2024-06-23 14:21:33.557,OnTrack,-5686,-3779,1808,pos,0 days 01:18:19.144000,0 days 02:15:16.239000
2024-06-23 14:21:33.917,OnTrack,-5568,-3596,1811,pos,0 days 01:18:19.504000,0 days 02:15:16.599000
2024-06-23 14:21:34.137,OnTrack,-5476,-3461,1814,pos,0 days 01:18:19.724000,0 days 02:15:16.819000
2024-06-23 14:21:34.297,OnTrack,-5414,-3371,1815,pos,0 days 01:18:19.884000,0 days 02:15:16.979000
2024-06-23 14:21:34.557,OnTrack,-5320,-3239,1817,pos,0 days 01:18:20.144000,0 days 02:15:17.239000
2024-06-23 14:21:34.737,OnTrack,-5257,-3157,1818,pos,0 days 01:18:20.324000,0 days 02:15:17.419000
2024-06-23 14:21:34.957,OnTrack,-5133,-3023,1819,pos,0 days 01:18:20.544000,0 days 02:15:17.639000
2024-06-23 14:21:35.357,OnTrack,-5040,-2947,1820,pos,0 days 01:18:20.944000,0 days 02:15:18.039000
2024-06-23 14:21:35.477,OnTrack,-4995,-2919,1821,pos,0 days 01:18:21.064000,0 days 02:15:18.159000
2024-06-23 14:21:35.757,OnTrack,-4888,-2869,1822,pos,0 days 01:18:21.344000,0 days 02:15:18.439000
2024-06-23 14:21:36.037,OnTrack,-4777,-2843,1824,pos,0 days 01:18:21.624000,0 days 02:15:18.719000
2024-06-23 14:21:36.237,OnTrack,-4698,-2839,1825,pos,0 days 01:18:21.824000,0 days 02:15:18.919000
2024-06-23 14:21:36.337,OnTrack,-4659,-2841,1826,pos,0 days 01:18:21.924000,0 days 02:15:19.019000
2024-06-23 14:21:36.597,OnTrack,-4562,-2858,1828,pos,0 days 01:18:22.184000,0 days 02:15:19.279000
2024-06-23 14:21:36.797,OnTrack,-4492,-2883,1829,pos,0 days 01:18:22.384000,0 days 02:15:19.479000
2024-06-23 14:21:37.077,OnTrack,-4377,-2944,1831,pos,0 days 01:18:22.664000,0 days 02:15:19.759000
2024-06-23 14:21:37.536,OnTrack,-4280,-3030,1834,pos,0 days 01:18:23.123000,0 days 02:15:20.218000
2024-06-23 14:21:37.937,OnTrack,-4164,-3181,1836,pos,0 days 01:18:23.524000,0 days 02:15:20.619000
2024-06-23 14:21:38.357,OnTrack,-4104,-3296,1837,pos,0 days 01:18:23.944000,0 days 02:15:21.039000
2024-06-23 14:21:38.597,OnTrack,-4068,-3393,1838,pos,0 days 01:18:24.184000,0 days 02:15:21.279000
2024-06-23 14:21:38.857,OnTrack,-4043,-3498,1838,pos,0 days 01:18:24.444000,0 days 02:15:21.539000
2024-06-23 14:21:39.157,OnTrack,-4028,-3710,1839,pos,0 days 01:18:24.744000,0 days 02:15:21.839000
2024-06-23 14:21:39.477,OnTrack,-4035,-3803,1839,pos,0 days 01:18:25.064000,0 days 02:15:22.159000
2024-06-23 14:21:39.677,OnTrack,-4055,-3907,1838,pos,0 days 01:18:25.264000,0 days 02:15:22.359000
2024-06-23 14:21:39.957,OnTrack,-4102,-4055,1836,pos,0 days 01:18:25.544000,0 days 02:15:22.639000
2024-06-23 14:21:40.177,OnTrack,-4154,-4171,1835,pos,0 days 01:18:25.764000,0 days 02:15:22.859000
2024-06-23 14:21:40.357,OnTrack,-4207,-4263,1834,pos,0 days 01:18:25.944000,0 days 02:15:23.039000
2024-06-23 14:21:40.517,OnTrack,-4261,-4344,1832,pos,0 days 01:18:26.104000,0 days 02:15:23.199000
2024-06-23 14:21:40.757,OnTrack,-4346,-4466,1829,pos,0 days 01:18:26.344000,0 days 02:15:23.439000
2024-06-23 14:21:40.937,OnTrack,-4412,-4558,1828,pos,0 days 01:18:26.524000,0 days 02:15:23.619000
2024-06-23 14:21:41.237,OnTrack,-4526,-4714,1823,pos,0 days 01:18:26.824000,0 days 02:15:23.919000
2024-06-23 14:21:41.477,OnTrack,-4620,-4841,1820,pos,0 days 01:18:27.064000,0 days 02:15:24.159000
2024-06-23 14:21:41.677,OnTrack,-4699,-4950,1818,pos,0 days 01:18:27.264000,0 days 02:15:24.359000
2024-06-23 14:21:41.837,OnTrack,-4764,-5038,1816,pos,0 days 01:18:27.424000,0 days 02:15:24.519000
2024-06-23 14:21:42.037,OnTrack,-4890,-5211,1812,pos,0 days 01:18:27.624000,0 days 02:15:24.719000
2024-06-23 14:21:42.357,OnTrack,-4960,-5310,1808,pos,0 days 01:18:27.944000,0 days 02:15:25.039000
2024-06-23 14:21:42.657,OnTrack,-5049,-5444,1805,pos,0 days 01:18:28.244000,0 days 02:15:25.339000
2024-06-23 14:21:42.837,OnTrack,-5092,-5516,1801,pos,0 days 01:18:28.424000,0 days 02:15:25.519000
2024-06-23 14:21:43.077,OnTrack,-5138,-5602,1798,pos,0 days 01:18:28.664000,0 days 02:15:25.759000
2024-06-23 14:21:43.297,OnTrack,-5173,-5679,1795,pos,0 days 01:18:28.884000,0 days 02:15:25.979000
2024-06-23 14:21:43.477,OnTrack,-5196,-5740,1793,pos,0 days 01:18:29.064000,0 days 02:15:26.159000
2024-06-23 14:21:43.716,OnTrack,-5217,-5819,1789,pos,0 days 01:18:29.303000,0 days 02:15:26.398000
2024-06-23 14:21:43.876,OnTrack,-5227,-5907,1786,pos,0 days 01:18:29.463000,0 days 02:15:26.558000
2024-06-23 14:21:44.276,OnTrack,-5220,-5989,1781,pos,0 days 01:18:29.863000,0 days 02:15:26.958000
2024-06-23 14:21:44.557,OnTrack,-5193,-6070,1776,pos,0 days 01:18:30.144000,0 days 02:15:27.239000
2024-06-23 14:21:44.637,OnTrack,-5182,-6090,1775,pos,0 days 01:18:30.224000,0 days 02:15:27.319000
2024-06-23 14:21:44.837,OnTrack,-5151,-6133,1771,pos,0 days 01:18:30.424000,0 days 02:15:27.519000
2024-06-23 14:21:45.117,OnTrack,-5103,-6179,1769,pos,0 days 01:18:30.704000,0 days 02:15:27.799000
2024-06-23 14:21:45.377,OnTrack,-5047,-6214,1766,pos,0 days 01:18:30.964000,0 days 02:15:28.059000
2024-06-23 14:21:45.397,OnTrack,-5043,-6216,1764,pos,0 days 01:18:30.984000,0 days 02:15:28.079000
2024-06-23 14:21:45.717,OnTrack,-4945,-6246,1761,pos,0 days 01:18:31.304000,0 days 02:15:28.399000
2024-06-23 14:21:46.077,OnTrack,-4872,-6251,1756,pos,0 days 01:18:31.664000,0 days 02:15:28.759000
2024-06-23 14:21:46.237,OnTrack,-4828,-6250,1754,pos,0 days 01:18:31.824000,0 days 02:15:28.919000
2024-06-23 14:21:46.557,OnTrack,-4739,-6236,1747,pos,0 days 01:18:32.144000,0 days 02:15:29.239000
2024-06-23 14:21:46.757,OnTrack,-4681,-6220,1744,pos,0 days 01:18:32.344000,0 days 02:15:29.439000
2024-06-23 14:21:47.037,OnTrack,-4592,-6188,1738,pos,0 days 01:18:32.624000,0 days 02:15:29.719000
2024-06-23 14:21:47.337,OnTrack,-4503,-6148,1731,pos,0 days 01:18:32.924000,0 days 02:15:30.019000
2024-06-23 14:21:47.557,OnTrack,-4429,-6110,1727,pos,0 days 01:18:33.144000,0 days 02:15:30.239000
2024-06-23 14:21:47.757,OnTrack,-4357,-6072,1722,pos,0 days 01:18:33.344000,0 days 02:15:30.439000
2024-06-23 14:21:48.057,OnTrack,-4242,-6009,1714,pos,0 days 01:18:33.644000,0 days 02:15:30.739000
2024-06-23 14:21:48.257,OnTrack,-4160,-5964,1709,pos,0 days 01:18:33.844000,0 days 02:15:30.939000
2024-06-23 14:21:48.457,OnTrack,-4073,-5918,1703,pos,0 days 01:18:34.044000,0 days 02:15:31.139000
2024-06-23 14:21:48.497,OnTrack,-4055,-5909,1702,pos,0 days 01:18:34.084000,0 days 02:15:31.179000
2024-06-23 14:21:48.817,OnTrack,-3839,-5806,1689,pos,0 days 01:18:34.404000,0 days 02:15:31.499000
2024-06-23 14:21:49.097,OnTrack,-3695,-5745,1682,pos,0 days 01:18:34.684000,0 days 02:15:31.779000
2024-06-23 14:21:49.277,OnTrack,-3544,-5682,1676,pos,0 days 01:18:34.864000,0 days 02:15:31.959000
2024-06-23 14:21:49.597,OnTrack,-3422,-5628,1670,pos,0 days 01:18:35.184000,0 days 02:15:32.279000
2024-06-23 14:21:49.917,OnTrack,-3190,-5504,1661,pos,0 days 01:18:35.504000,0 days 02:15:32.599000
2024-06-23 14:21:50.356,OnTrack,-3007,-5378,1656,pos,0 days 01:18:35.943000,0 days 02:15:33.038000
2024-06-23 14:21:50.516,OnTrack,-2924,-5311,1654,pos,0 days 01:18:36.103000,0 days 02:15:33.198000
2024-06-23 14:21:50.776,OnTrack,-2736,-5132,1651,pos,0 days 01:18:36.363000,0 days 02:15:33.458000
2024-06-23 14:21:51.037,OnTrack,-2662,-5048,1650,pos,0 days 01:18:36.624000,0 days 02:15:33.719000
2024-06-23 14:21:51.417,OnTrack,-2448,-4762,1651,pos,0 days 01:18:37.004000,0 days 02:15:34.099000
2024-06-23 14:21:51.697,OnTrack,-2391,-4681,1651,pos,0 days 01:18:37.284000,0 days 02:15:34.379000
2024-06-23 14:21:51.857,OnTrack,-2331,-4593,1653,pos,0 days 01:18:37.444000,0 days 02:15:34.539000
2024-06-23 14:21:52.057,OnTrack,-2262,-4492,1653,pos,0 days 01:18:37.644000,0 days 02:15:34.739000
2024-06-23 14:21:52.297,OnTrack,-2190,-4381,1656,pos,0 days 01:18:37.884000,0 days 02:15:34.979000
2024-06-23 14:21:52.617,OnTrack,-2123,-4249,1661,pos,0 days 01:18:38.204000,0 days 02:15:35.299000
2024-06-23 14:21:52.797,OnTrack,-2096,-4148,1662,pos,0 days 01:18:38.384000,0 days 02:15:35.479000
2024-06-23 14:21:53.277,OnTrack,-2084,-3938,1667,pos,0 days 01:18:38.864000,0 days 02:15:35.959000
2024-06-23 14:21:53.657,OnTrack,-2102,-3803,1674,pos,0 days 01:18:39.244000,0 days 02:15:36.339000
2024-06-23 14:21:54.037,OnTrack,-2171,-3661,1681,pos,0 days 01:18:39.624000,0 days 02:15:36.719000
2024-06-23 14:21:54.377,OnTrack,-2220,-3604,1684,pos,0 days 01:18:39.964000,0 days 02:15:37.059000
2024-06-23 14:21:54.697,OnTrack,-2352,-3497,1691,pos,0 days 01:18:40.284000,0 days 02:15:37.379000
2024-06-23 14:21:55.057,OnTrack,-2432,-3440,1694,pos,0 days 01:18:40.644000,0 days 02:15:37.739000
2024-06-23 14:21:55.237,OnTrack,-2540,-3354,1704,pos,0 days 01:18:40.824000,0 days 02:15:37.919000
2024-06-23 14:21:55.697,OnTrack,-2644,-3247,1714,pos,0 days 01:18:41.284000,0 days 02:15:38.379000
2024-06-23 14:21:55.937,OnTrack,-2737,-3117,1727,pos,0 days 01:18:41.524000,0 days 02:15:38.619000
2024-06-23 14:21:56.257,OnTrack,-2796,-3004,1733,pos,0 days 01:18:41.844000,0 days 02:15:38.939000
2024-06-23 14:21:56.537,OnTrack,-2862,-2862,1744,pos,0 days 01:18:42.124000,0 days 02:15:39.219000
2024-06-23 14:21:56.757,OnTrack,-2914,-2747,1750,pos,0 days 01:18:42.344000,0 days 02:15:39.439000
2024-06-23 14:21:56.916,OnTrack,-2954,-2661,1756,pos,0 days 01:18:42.503000,0 days 02:15:39.598000
2024-06-23 14:21:57.116,OnTrack,-3038,-2486,1769,pos,0 days 01:18:42.703000,0 days 02:15:39.798000
2024-06-23 14:21:57.497,OnTrack,-3110,-2333,1779,pos,0 days 01:18:43.084000,0 days 02:15:40.179000
2024-06-23 14:21:57.637,OnTrack,-3149,-2252,1784,pos,0 days 01:18:43.224000,0 days 02:15:40.319000
2024-06-23 14:21:57.857,OnTrack,-3210,-2122,1793,pos,0 days 01:18:43.444000,0 days 02:15:40.539000
2024-06-23 14:21:58.197,OnTrack,-3320,-1893,1808,pos,0 days 01:18:43.784000,0 days 02:15:40.879000
2024-06-23 14:21:58.617,OnTrack,-3421,-1668,1822,pos,0 days 01:18:44.204000,0 days 02:15:41.299000
2024-06-23 14:21:58.757,OnTrack,-3476,-1503,1832,pos,0 days 01:18:44.344000,0 days 02:15:41.439000
2024-06-23 14:21:59.257,OnTrack,-3508,-1234,1844,pos,0 days 01:18:44.844000,0 days 02:15:41.939000
2024-06-23 14:21:59.637,OnTrack,-3489,-1018,1853,pos,0 days 01:18:45.224000,0 days 02:15:42.319000
2024-06-23 14:21:59.737,OnTrack,-3478,-955,1855,pos,0 days 01:18:45.324000,0 days 02:15:42.419000
2024-06-23 14:22:00.017,OnTrack,-3415,-736,1863,pos,0 days 01:18:45.604000,0 days 02:15:42.699000
2024-06-23 14:22:00.357,OnTrack,-3347,-588,1868,pos,0 days 01:18:45.944000,0 days 02:15:43.039000
2024-06-23 14:22:00.657,OnTrack,-3242,-431,1871,pos,0 days 01:18:46.244000,0 days 02:15:43.339000
2024-06-23 14:22:00.797,OnTrack,-3180,-367,1873,pos,0 days 01:18:46.384000,0 days 02:15:43.479000
2024-06-23 14:22:01.057,OnTrack,-3040,-269,1874,pos,0 days 01:18:46.644000,0 days 02:15:43.739000
2024-06-23 14:22:01.237,OnTrack,-2929,-214,1874,pos,0 days 01:18:46.824000,0 days 02:15:43.919000
2024-06-23 14:22:01.537,OnTrack,-2736,-137,1873,pos,0 days 01:18:47.124000,0 days 02:15:44.219000
2024-06-23 14:22:01.717,OnTrack,-2621,-91,1871,pos,0 days 01:18:47.304000,0 days 02:15:44.399000
2024-06-23 14:22:01.917,OnTrack,-2494,-35,1870,pos,0 days 01:18:47.504000,0 days 02:15:44.599000
2024-06-23 14:22:02.097,OnTrack,-2379,18,1868,pos,0 days 01:18:47.684000,0 days 02:15:44.779000
2024-06-23 14:22:02.317,OnTrack,-2172,116,1866,pos,0 days 01:18:47.904000,0 days 02:15:44.999000
2024-06-23 14:22:02.617,OnTrack,-2041,178,1864,pos,0 days 01:18:48.204000,0 days 02:15:45.299000
2024-06-23 14:22:02.817,OnTrack,-1908,240,1862,pos,0 days 01:18:48.404000,0 days 02:15:45.499000
2024-06-23 14:22:03.017,OnTrack,-1773,304,1860,pos,0 days 01:18:48.604000,0 days 02:15:45.699000
2024-06-23 14:22:03.337,OnTrack,-1556,407,1858,pos,0 days 01:18:48.924000,0 days 02:15:46.019000
2024-06-23 14:22:03.516,OnTrack,-1433,466,1856,pos,0 days 01:18:49.103000,0 days 02:15:46.198000
2024-06-23 14:22:03.776,OnTrack,-1141,607,1852,pos,0 days 01:18:49.363000,0 days 02:15:46.458000
2024-06-23 14:22:04.137,OnTrack,-960,700,1850,pos,0 days 01:18:49.724000,0 days 02:15:46.819000
2024-06-23 14:22:04.417,OnTrack,-767,803,1847,pos,0 days 01:18:50.004000,0 days 02:15:47.099000
2024-06-23 14:22:04.617,OnTrack,-628,878,1846,pos,0 days 01:18:50.204000,0 days 02:15:47.299000
2024-06-23 14:22:04.817,OnTrack,-502,945,1844,pos,0 days 01:18:50.404000,0 days 02:15:47.499000
2024-06-23 14:22:05.057,OnTrack,-234,1088,1840,pos,0 days 01:18:50.644000,0 days 02:15:47.739000
2024-06-23 14:22:05.317,OnTrack,-149,1133,1839,pos,0 days 01:18:50.904000,0 days 02:15:47.999000
2024-06-23 14:22:05.617,OnTrack,64,1247,1836,pos,0 days 01:18:51.204000,0 days 02:15:48.299000
2024-06-23 14:22:05.797,OnTrack,193,1315,1834,pos,0 days 01:18:51.384000,0 days 02:15:48.479000
2024-06-23 14:22:06.097,OnTrack,511,1476,1830,pos,0 days 01:18:51.684000,0 days 02:15:48.779000
2024-06-23 14:22:06.457,OnTrack,666,1543,1828,pos,0 days 01:18:52.044000,0 days 02:15:49.139000
2024-06-23 14:22:06.697,OnTrack,818,1605,1826,pos,0 days 01:18:52.284000,0 days 02:15:49.379000
2024-06-23 14:22:06.837,OnTrack,901,1638,1825,pos,0 days 01:18:52.424000,0 days 02:15:49.519000
2024-06-23 14:22:07.077,OnTrack,1092,1717,1823,pos,0 days 01:18:52.664000,0 days 02:15:49.759000
2024-06-23 14:22:07.537,OnTrack,1223,1782,1821,pos,0 days 01:18:53.124000,0 days 02:15:50.219000
2024-06-23 14:22:07.717,OnTrack,1284,1820,1821,pos,0 days 01:18:53.304000,0 days 02:15:50.399000
2024-06-23 14:22:07.817,OnTrack,1315,1843,1821,pos,0 days 01:18:53.404000,0 days 02:15:50.499000
2024-06-23 14:22:08.177,OnTrack,1407,1940,1819,pos,0 days 01:18:53.764000,0 days 02:15:50.859000
2024-06-23 14:22:08.417,OnTrack,1441,2006,1818,pos,0 days 01:18:54.004000,0 days 02:15:51.099000
2024-06-23 14:22:08.697,OnTrack,1462,2094,1817,pos,0 days 01:18:54.284000,0 days 02:15:51.379000
2024-06-23 14:22:08.957,OnTrack,1456,2207,1817,pos,0 days 01:18:54.544000,0 days 02:15:51.639000
2024-06-23 14:22:09.297,OnTrack,1436,2278,1818,pos,0 days 01:18:54.884000,0 days 02:15:51.979000
2024-06-23 14:22:09.617,OnTrack,1397,2363,1820,pos,0 days 01:18:55.204000,0 days 02:15:52.299000
2024-06-23 14:22:09.797,OnTrack,1369,2406,1821,pos,0 days 01:18:55.384000,0 days 02:15:52.479000
2024-06-23 14:22:10.017,OnTrack,1331,2456,1823,pos,0 days 01:18:55.604000,0 days 02:15:52.699000
2024-06-23 14:22:10.236,OnTrack,1280,2509,1825,pos,0 days 01:18:55.823000,0 days 02:15:52.918000
2024-06-23 14:22:10.496,OnTrack,1231,2548,1826,pos,0 days 01:18:56.083000,0 days 02:15:53.178000
2024-06-23 14:22:10.797,OnTrack,1148,2596,1828,pos,0 days 01:18:56.384000,0 days 02:15:53.479000
2024-06-23 14:22:10.977,OnTrack,1097,2616,1829,pos,0 days 01:18:56.564000,0 days 02:15:53.659000
2024-06-23 14:22:11.237,OnTrack,1016,2638,1831,pos,0 days 01:18:56.824000,0 days 02:15:53.919000
2024-06-23 14:22:11.417,OnTrack,921,2654,1833,pos,0 days 01:18:57.004000,0 days 02:15:54.099000
2024-06-23 14:22:11.757,OnTrack,842,2659,1835,pos,0 days 01:18:57.344000,0 days 02:15:54.439000
2024-06-23 14:22:11.957,OnTrack,766,2659,1836,pos,0 days 01:18:57.544000,0 days 02:15:54.639000
2024-06-23 14:22:12.157,OnTrack,686,2651,1838,pos,0 days 01:18:57.744000,0 days 02:15:54.839000
2024-06-23 14:22:12.357,OnTrack,603,2637,1840,pos,0 days 01:18:57.944000,0 days 02:15:55.039000
2024-06-23 14:22:12.597,OnTrack,499,2608,1843,pos,0 days 01:18:58.184000,0 days 02:15:55.279000
2024-06-23 14:22:12.757,OnTrack,429,2582,1845,pos,0 days 01:18:58.344000,0 days 02:15:55.439000
2024-06-23 14:22:13.037,OnTrack,251,2489,1853,pos,0 days 01:18:58.624000,0 days 02:15:55.719000
2024-06-23 14:22:13.497,OnTrack,72,2368,1863,pos,0 days 01:18:59.084000,0 days 02:15:56.179000
2024-06-23 14:22:13.797,OnTrack,-40,2290,1869,pos,0 days 01:18:59.384000,0 days 02:15:56.479000
2024-06-23 14:22:14.157,OnTrack,-221,2196,1876,pos,0 days 01:18:59.744000,0 days 02:15:56.839000
2024-06-23 14:22:14.497,OnTrack,-368,2147,1881,pos,0 days 01:19:00.084000,0 days 02:15:57.179000
2024-06-23 14:22:14.737,OnTrack,-475,2127,1886,pos,0 days 01:19:00.324000,0 days 02:15:57.419000
2024-06-23 14:22:14.997,OnTrack,-586,2122,1892,pos,0 days 01:19:00.584000,0 days 02:15:57.679000
2024-06-23 14:22:15.157,OnTrack,-650,2126,1895,pos,0 days 01:19:00.744000,0 days 02:15:57.839000
2024-06-23 14:22:15.377,OnTrack,-734,2143,1899,pos,0 days 01:19:00.964000,0 days 02:15:58.059000
2024-06-23 14:22:15.577,OnTrack,-804,2169,1903,pos,0 days 01:19:01.164000,0 days 02:15:58.259000
2024-06-23 14:22:15.757,OnTrack,-861,2202,1905,pos,0 days 01:19:01.344000,0 days 02:15:58.439000
2024-06-23 14:22:15.897,OnTrack,-900,2234,1907,pos,0 days 01:19:01.484000,0 days 02:15:58.579000
2024-06-23 14:22:16.057,OnTrack,-939,2275,1908,pos,0 days 01:19:01.644000,0 days 02:15:58.739000
2024-06-23 14:22:16.257,OnTrack,-980,2332,1910,pos,0 days 01:19:01.844000,0 days 02:15:58.939000
2024-06-23 14:22:16.537,OnTrack,-1020,2418,1911,pos,0 days 01:19:02.124000,0 days 02:15:59.219000
2024-06-23 14:22:16.756,OnTrack,-1040,2488,1912,pos,0 days 01:19:02.343000,0 days 02:15:59.438000
2024-06-23 14:22:16.956,OnTrack,-1049,2551,1913,pos,0 days 01:19:02.543000,0 days 02:15:59.638000
2024-06-23 14:22:17.156,OnTrack,-1048,2658,1915,pos,0 days 01:19:02.743000,0 days 02:15:59.838000
2024-06-23 14:22:17.557,OnTrack,-1034,2747,1916,pos,0 days 01:19:03.144000,0 days 02:16:00.239000
2024-06-23 14:22:17.717,OnTrack,-1021,2798,1917,pos,0 days 01:19:03.304000,0 days 02:16:00.399000
2024-06-23 14:22:17.957,OnTrack,-997,2867,1917,pos,0 days 01:19:03.544000,0 days 02:16:00.639000
2024-06-23 14:22:18.117,OnTrack,-975,2917,1919,pos,0 days 01:19:03.704000,0 days 02:16:00.799000
2024-06-23 14:22:18.417,OnTrack,-901,3042,1921,pos,0 days 01:19:04.004000,0 days 02:16:01.099000
2024-06-23 14:22:18.777,OnTrack,-833,3128,1922,pos,0 days 01:19:04.364000,0 days 02:16:01.459000
2024-06-23 14:22:19.017,OnTrack,-764,3200,1923,pos,0 days 01:19:04.604000,0 days 02:16:01.699000
2024-06-23 14:22:19.277,OnTrack,-656,3295,1922,pos,0 days 01:19:04.864000,0 days 02:16:01.959000
2024-06-23 14:22:19.637,OnTrack,-495,3422,1920,pos,0 days 01:19:05.224000,0 days 02:16:02.319000
2024-06-23 14:22:20.037,OnTrack,-380,3512,1918,pos,0 days 01:19:05.624000,0 days 02:16:02.719000
2024-06-23 14:22:20.297,OnTrack,-252,3620,1916,pos,0 days 01:19:05.884000,0 days 02:16:02.979000
2024-06-23 14:22:20.657,OnTrack,-109,3742,1911,pos,0 days 01:19:06.244000,0 days 02:16:03.339000
2024-06-23 14:22:20.917,OnTrack,12,3844,1907,pos,0 days 01:19:06.504000,0 days 02:16:03.599000
2024-06-23 14:22:20.957,OnTrack,32,3859,1906,pos,0 days 01:19:06.544000,0 days 02:16:03.639000
2024-06-23 14:22:21.157,OnTrack,132,3935,1902,pos,0 days 01:19:06.744000,0 days 02:16:03.839000
2024-06-23 14:22:21.477,OnTrack,304,4044,1893,pos,0 days 01:19:07.064000,0 days 02:16:04.159000
2024-06-23 14:22:21.677,OnTrack,423,4094,1888,pos,0 days 01:19:07.264000,0 days 02:16:04.359000
2024-06-23 14:22:21.857,OnTrack,538,4125,1883,pos,0 days 01:19:07.444000,0 days 02:16:04.539000
2024-06-23 14:22:22.077,OnTrack,767,4137,1871,pos,0 days 01:19:07.664000,0 days 02:16:04.759000
2024-06-23 14:22:22.557,OnTrack,1009,4095,1857,pos,0 days 01:19:08.144000,0 days 02:16:05.239000
2024-06-23 14:22:22.777,OnTrack,1153,4044,1848,pos,0 days 01:19:08.364000,0 days 02:16:05.459000
2024-06-23 14:22:22.897,OnTrack,1230,4011,1844,pos,0 days 01:19:08.484000,0 days 02:16:05.579000
2024-06-23 14:22:23.217,OnTrack,1502,3866,1827,pos,0 days 01:19:08.804000,0 days 02:16:05.899000
2024-06-23 14:22:23.496,OnTrack,1598,3807,1822,pos,0 days 01:19:09.083000,0 days 02:16:06.178000
2024-06-23 14:22:23.656,OnTrack,1695,3745,1816,pos,0 days 01:19:09.243000,0 days 02:16:06.338000
2024-06-23 14:22:23.937,OnTrack,1877,3628,1805,pos,0 days 01:19:09.524000,0 days 02:16:06.619000
2024-06-23 14:22:24.237,OnTrack,2062,3510,1795,pos,0 days 01:19:09.824000,0 days 02:16:06.919000
2024-06-23 14:22:24.397,OnTrack,2162,3446,1789,pos,0 days 01:19:09.984000,0 days 02:16:07.079000
2024-06-23 14:22:24.557,OnTrack,2249,3389,1784,pos,0 days 01:19:10.144000,0 days 02:16:07.239000
2024-06-23 14:22:24.757,OnTrack,2370,3304,1778,pos,0 days 01:19:10.344000,0 days 02:16:07.439000
2024-06-23 14:22:25.017,OnTrack,2514,3189,1771,pos,0 days 01:19:10.604000,0 days 02:16:07.699000
2024-06-23 14:22:25.177,OnTrack,2641,3061,1763,pos,0 days 01:19:10.764000,0 days 02:16:07.859000
2024-06-23 14:22:25.697,OnTrack,2781,2860,1755,pos,0 days 01:19:11.284000,0 days 02:16:08.379000
2024-06-23 14:22:25.877,OnTrack,2826,2751,1752,pos,0 days 01:19:11.464000,0 days 02:16:08.559000
2024-06-23 14:22:26.077,OnTrack,2874,2548,1747,pos,0 days 01:19:11.664000,0 days 02:16:08.759000
2024-06-23 14:22:26.537,OnTrack,2871,2249,1740,pos,0 days 01:19:12.124000,0 days 02:16:09.219000
2024-06-23 14:22:26.837,OnTrack,2846,2133,1738,pos,0 days 01:19:12.424000,0 days 02:16:09.519000
2024-06-23 14:22:27.177,OnTrack,2736,1865,1734,pos,0 days 01:19:12.764000,0 days 02:16:09.859000
2024-06-23 14:22:27.517,OnTrack,2610,1650,1731,pos,0 days 01:19:13.104000,0 days 02:16:10.199000
2024-06-23 14:22:27.877,OnTrack,2510,1497,1728,pos,0 days 01:19:13.464000,0 days 02:16:10.559000
2024-06-23 14:22:28.077,OnTrack,2432,1377,1726,pos,0 days 01:19:13.664000,0 days 02:16:10.759000
2024-06-23 14:22:28.257,OnTrack,2361,1269,1724,pos,0 days 01:19:13.844000,0 days 02:16:10.939000
2024-06-23 14:22:28.557,OnTrack,2186,999,1719,pos,0 days 01:19:14.144000,0 days 02:16:11.239000
2024-06-23 14:22:28.917,OnTrack,2096,861,1716,pos,0 days 01:19:14.504000,0 days 02:16:11.599000
2024-06-23 14:22:29.197,OnTrack,1940,621,1713,pos,0 days 01:19:14.784000,0 days 02:16:11.879000
2024-06-23 14:22:29.577,OnTrack,1823,441,1710,pos,0 days 01:19:15.164000,0 days 02:16:12.259000
2024-06-23 14:22:29.817,OnTrack,1721,286,1709,pos,0 days 01:19:15.404000,0 days 02:16:12.499000
2024-06-23 14:22:30.016,OnTrack,1653,181,1708,pos,0 days 01:19:15.603000,0 days 02:16:12.698000
2024-06-23 14:22:30.216,OnTrack,1569,49,1708,pos,0 days 01:19:15.803000,0 days 02:16:12.898000
2024-06-23 14:22:30.397,OnTrack,1430,-167,1707,pos,0 days 01:19:15.984000,0 days 02:16:13.079000
2024-06-23 14:22:30.717,OnTrack,1344,-300,1707,pos,0 days 01:19:16.304000,0 days 02:16:13.399000
2024-06-23 14:22:31.057,OnTrack,1172,-571,1708,pos,0 days 01:19:16.644000,0 days 02:16:13.739000
2024-06-23 14:22:31.337,OnTrack,1086,-707,1708,pos,0 days 01:19:16.924000,0 days 02:16:14.019000
2024-06-23 14:22:31.637,OnTrack,920,-967,1708,pos,0 days 01:19:17.224000,0 days 02:16:14.319000
2024-06-23 14:22:31.997,OnTrack,798,-1160,1708,pos,0 days 01:19:17.584000,0 days 02:16:14.679000
2024-06-23 14:22:32.237,OnTrack,639,-1410,1707,pos,0 days 01:19:17.824000,0 days 02:16:14.919000
2024-06-23 14:22:32.617,OnTrack,524,-1592,1708,pos,0 days 01:19:18.204000,0 days 02:16:15.299000
2024-06-23 14:22:32.877,OnTrack,408,-1774,1707,pos,0 days 01:19:18.464000,0 days 02:16:15.559000
2024-06-23 14:22:33.097,OnTrack,310,-1929,1708,pos,0 days 01:19:18.684000,0 days 02:16:15.779000
2024-06-23 14:22:33.277,OnTrack,175,-2141,1708,pos,0 days 01:19:18.864000,0 days 02:16:15.959000
2024-06-23 14:22:33.617,OnTrack,77,-2297,1707,pos,0 days 01:19:19.204000,0 days 02:16:16.299000
2024-06-23 14:22:33.877,OnTrack,-40,-2480,1707,pos,0 days 01:19:19.464000,0 days 02:16:16.559000
2024-06-23 14:22:33.977,OnTrack,-88,-2555,1706,pos,0 days 01:19:19.564000,0 days 02:16:16.659000
2024-06-23 14:22:34.317,OnTrack,-306,-2885,1703,pos,0 days 01:19:19.904000,0 days 02:16:16.999000
2024-06-23 14:22:34.617,OnTrack,-390,-3012,1702,pos,0 days 01:19:20.204000,0 days 02:16:17.299000
2024-06-23 14:22:34.897,OnTrack,-521,-3209,1700,pos,0 days 01:19:20.484000,0 days 02:16:17.579000
2024-06-23 14:22:35.157,OnTrack,-643,-3392,1697,pos,0 days 01:19:20.744000,0 days 02:16:17.839000
2024-06-23 14:22:35.377,OnTrack,-746,-3547,1694,pos,0 days 01:19:20.964000,0 days 02:16:18.059000
2024-06-23 14:22:35.537,OnTrack,-822,-3660,1691,pos,0 days 01:19:21.124000,0 days 02:16:18.219000
2024-06-23 14:22:35.757,OnTrack,-974,-3886,1686,pos,0 days 01:19:21.344000,0 days 02:16:18.439000
2024-06-23 14:22:36.157,OnTrack,-1145,-4141,1679,pos,0 days 01:19:21.744000,0 days 02:16:18.839000
2024-06-23 14:22:36.556,OnTrack,-1307,-4382,1673,pos,0 days 01:19:22.143000,0 days 02:16:19.238000
2024-06-23 14:22:36.716,OnTrack,-1383,-4496,1669,pos,0 days 01:19:22.303000,0 days 02:16:19.398000
2024-06-23 14:22:36.876,OnTrack,-1459,-4609,1666,pos,0 days 01:19:22.463000,0 days 02:16:19.558000
2024-06-23 14:22:37.077,OnTrack,-1564,-4766,1662,pos,0 days 01:19:22.664000,0 days 02:16:19.759000
2024-06-23 14:22:37.397,OnTrack,-1768,-5082,1654,pos,0 days 01:19:22.984000,0 days 02:16:20.079000
2024-06-23 14:22:37.877,OnTrack,-1917,-5333,1649,pos,0 days 01:19:23.464000,0 days 02:16:20.559000
2024-06-23 14:22:38.277,OnTrack,-2087,-5631,1644,pos,0 days 01:19:23.864000,0 days 02:16:20.959000
2024-06-23 14:22:38.457,OnTrack,-2162,-5766,1642,pos,0 days 01:19:24.044000,0 days 02:16:21.139000
2024-06-23 14:22:38.637,OnTrack,-2284,-5987,1639,pos,0 days 01:19:24.224000,0 days 02:16:21.319000
2024-06-23 14:22:39.117,OnTrack,-2429,-6240,1636,pos,0 days 01:19:24.704000,0 days 02:16:21.799000
2024-06-23 14:22:39.277,OnTrack,-2492,-6343,1635,pos,0 days 01:19:24.864000,0 days 02:16:21.959000
2024-06-23 14:22:39.457,OnTrack,-2560,-6448,1634,pos,0 days 01:19:25.044000,0 days 02:16:22.139000
2024-06-23 14:22:39.637,OnTrack,-2600,-6505,1633,pos,0 days 01:19:25.224000,0 days 02:16:22.319000
2024-06-23 14:22:39.837,OnTrack,-2668,-6598,1631,pos,0 days 01:19:25.424000,0 days 02:16:22.519000
2024-06-23 14:22:40.077,OnTrack,-2747,-6694,1630,pos,0 days 01:19:25.664000,0 days 02:16:22.759000
2024-06-23 14:22:40.197,OnTrack,-2785,-6736,1628,pos,0 days 01:19:25.784000,0 days 02:16:22.879000
2024-06-23 14:22:40.517,OnTrack,-2889,-6836,1626,pos,0 days 01:19:26.104000,0 days 02:16:23.199000
2024-06-23 14:22:40.697,OnTrack,-2949,-6884,1624,pos,0 days 01:19:26.284000,0 days 02:16:23.379000
2024-06-23 14:22:40.977,OnTrack,-3046,-6944,1625,pos,0 days 01:19:26.564000,0 days 02:16:23.659000
2024-06-23 14:22:41.177,OnTrack,-3117,-6973,1623,pos,0 days 01:19:26.764000,0 days 02:16:23.859000
2024-06-23 14:22:41.417,OnTrack,-3215,-6993,1624,pos,0 days 01:19:27.004000,0 days 02:16:24.099000
2024-06-23 14:22:41.817,OnTrack,-3398,-6975,1627,pos,0 days 01:19:27.404000,0 days 02:16:24.499000
2024-06-23 14:22:42.077,OnTrack,-3458,-6955,1629,pos,0 days 01:19:27.664000,0 days 02:16:24.759000
2024-06-23 14:22:42.377,OnTrack,-3571,-6907,1631,pos,0 days 01:19:27.964000,0 days 02:16:25.059000
2024-06-23 14:22:42.557,OnTrack,-3639,-6875,1632,pos,0 days 01:19:28.144000,0 days 02:16:25.239000
2024-06-23 14:22:42.837,OnTrack,-3782,-6812,1634,pos,0 days 01:19:28.424000,0 days 02:16:25.519000
2024-06-23 14:22:43.116,OnTrack,-3866,-6784,1636,pos,0 days 01:19:28.703000,0 days 02:16:25.798000
2024-06-23 14:22:43.296,OnTrack,-3944,-6770,1639,pos,0 days 01:19:28.883000,0 days 02:16:25.978000
2024-06-23 14:22:43.677,OnTrack,-4125,-6783,1646,pos,0 days 01:19:29.264000,0 days 02:16:26.359000
2024-06-23 14:22:43.897,OnTrack,-4290,-6842,1654,pos,0 days 01:19:29.484000,0 days 02:16:26.579000
2024-06-23 14:22:44.137,OnTrack,-4341,-6867,1657,pos,0 days 01:19:29.724000,0 days 02:16:26.819000
2024-06-23 14:22:44.417,OnTrack,-4456,-6934,1664,pos,0 days 01:19:30.004000,0 days 02:16:27.099000
2024-06-23 14:22:44.637,OnTrack,-4553,-6999,1669,pos,0 days 01:19:30.224000,0 days 02:16:27.319000
2024-06-23 14:22:44.877,OnTrack,-4659,-7075,1675,pos,0 days 01:19:30.464000,0 days 02:16:27.559000
2024-06-23 14:22:45.077,OnTrack,-4752,-7140,1681,pos,0 days 01:19:30.664000,0 days 02:16:27.759000
2024-06-23 14:22:45.277,OnTrack,-4909,-7241,1689,pos,0 days 01:19:30.864000,0 days 02:16:27.959000
2024-06-23 14:22:45.757,OnTrack,-5102,-7344,1698,pos,0 days 01:19:31.344000,0 days 02:16:28.439000
2024-06-23 14:22:46.357,OnTrack,-5523,-7453,1716,pos,0 days 01:19:31.944000,0 days 02:16:29.039000
2024-06-23 14:22:46.837,OnTrack,-5738,-7445,1726,pos,0 days 01:19:32.424000,0 days 02:16:29.519000
2024-06-23 14:22:46.997,OnTrack,-5834,-7429,1729,pos,0 days 01:19:32.584000,0 days 02:16:29.679000
2024-06-23 14:22:47.217,OnTrack,-5962,-7394,1734,pos,0 days 01:19:32.804000,0 days 02:16:29.899000
2024-06-23 14:22:47.497,OnTrack,-6183,-7295,1743,pos,0 days 01:19:33.084000,0 days 02:16:30.179000
2024-06-23 14:22:47.777,OnTrack,-6265,-7243,1746,pos,0 days 01:19:33.364000,0 days 02:16:30.459000
2024-06-23 14:22:47.957,OnTrack,-6351,-7174,1750,pos,0 days 01:19:33.544000,0 days 02:16:30.639000
2024-06-23 14:22:48.297,OnTrack,-6491,-7018,1755,pos,0 days 01:19:33.884000,0 days 02:16:30.979000
2024-06-23 14:22:48.477,OnTrack,-6554,-6922,1758,pos,0 days 01:19:34.064000,0 days 02:16:31.159000
2024-06-23 14:22:48.737,OnTrack,-6629,-6771,1762,pos,0 days 01:19:34.324000,0 days 02:16:31.419000
2024-06-23 14:22:48.917,OnTrack,-6686,-6596,1765,pos,0 days 01:19:34.504000,0 days 02:16:31.599000
2024-06-23 14:22:49.317,OnTrack,-6722,-6397,1768,pos,0 days 01:19:34.904000,0 days 02:16:31.999000
2024-06-23 14:22:49.477,OnTrack,-6731,-6288,1769,pos,0 days 01:19:35.064000,0 days 02:16:32.159000
2024-06-23 14:22:49.676,OnTrack,-6733,-6150,1771,pos,0 days 01:19:35.263000,0 days 02:16:32.358000
2024-06-23 14:22:49.996,OnTrack,-6706,-5829,1776,pos,0 days 01:19:35.583000,0 days 02:16:32.678000
2024-06-23 14:22:50.357,OnTrack,-6679,-5660,1778,pos,0 days 01:19:35.944000,0 days 02:16:33.039000
2024-06-23 14:22:50.617,OnTrack,-6626,-5427,1782,pos,0 days 01:19:36.204000,0 days 02:16:33.299000
2024-06-23 14:22:50.877,OnTrack,-6599,-5329,1784,pos,0 days 01:19:36.464000,0 days 02:16:33.559000
2024-06-23 14:22:51.117,OnTrack,-6541,-5161,1786,pos,0 days 01:19:36.704000,0 days 02:16:33.799000
2024-06-23 14:22:51.297,OnTrack,-6487,-5039,1789,pos,0 days 01:19:36.884000,0 days 02:16:33.979000
2024-06-23 14:22:51.497,OnTrack,-6415,-4907,1791,pos,0 days 01:19:37.084000,0 days 02:16:34.179000
2024-06-23 14:22:51.837,OnTrack,-6248,-4650,1795,pos,0 days 01:19:37.424000,0 days 02:16:34.519000
2024-06-23 14:22:52.217,OnTrack,-6104,-4448,1798,pos,0 days 01:19:37.804000,0 days 02:16:34.899000
2024-06-23 14:22:52.357,OnTrack,-6040,-4360,1799,pos,0 days 01:19:37.944000,0 days 02:16:35.039000
2024-06-23 14:22:52.557,OnTrack,-5955,-4231,1801,pos,0 days 01:19:38.144000,0 days 02:16:35.239000
2024-06-23 14:22:52.837,OnTrack,-5810,-3984,1805,pos,0 days 01:19:38.424000,0 days 02:16:35.519000
2024-06-23 14:22:53.217,OnTrack,-5689,-3784,1808,pos,0 days 01:19:38.804000,0 days 02:16:35.899000
2024-06-23 14:22:53.457,OnTrack,-5543,-3559,1812,pos,0 days 01:19:39.044000,0 days 02:16:36.139000
2024-06-23 14:22:53.797,OnTrack,-5456,-3433,1814,pos,0 days 01:19:39.384000,0 days 02:16:36.479000
2024-06-23 14:22:53.997,OnTrack,-5382,-3324,1816,pos,0 days 01:19:39.584000,0 days 02:16:36.679000
2024-06-23 14:22:54.317,OnTrack,-5270,-3173,1818,pos,0 days 01:19:39.904000,0 days 02:16:36.999000
2024-06-23 14:22:54.477,OnTrack,-5215,-3108,1819,pos,0 days 01:19:40.064000,0 days 02:16:37.159000
2024-06-23 14:22:54.717,OnTrack,-5097,-2991,1819,pos,0 days 01:19:40.304000,0 days 02:16:37.399000
2024-06-23 14:22:55.077,OnTrack,-5001,-2922,1821,pos,0 days 01:19:40.664000,0 days 02:16:37.759000
2024-06-23 14:22:55.297,OnTrack,-4883,-2867,1823,pos,0 days 01:19:40.884000,0 days 02:16:37.979000
2024-06-23 14:22:55.617,OnTrack,-4786,-2844,1824,pos,0 days 01:19:41.204000,0 days 02:16:38.299000
2024-06-23 14:22:55.897,OnTrack,-4621,-2846,1826,pos,0 days 01:19:41.484000,0 days 02:16:38.579000
2024-06-23 14:22:56.276,OnTrack,-4533,-2867,1828,pos,0 days 01:19:41.863000,0 days 02:16:38.958000
2024-06-23 14:22:56.556,OnTrack,-4412,-2922,1831,pos,0 days 01:19:42.143000,0 days 02:16:39.238000
2024-06-23 14:22:56.977,OnTrack,-4312,-2997,1833,pos,0 days 01:19:42.564000,0 days 02:16:39.659000
2024-06-23 14:22:57.137,OnTrack,-4271,-3038,1834,pos,0 days 01:19:42.724000,0 days 02:16:39.819000
2024-06-23 14:22:57.337,OnTrack,-4226,-3091,1835,pos,0 days 01:19:42.924000,0 days 02:16:40.019000
2024-06-23 14:22:57.617,OnTrack,-4163,-3181,1836,pos,0 days 01:19:43.204000,0 days 02:16:40.299000
2024-06-23 14:22:57.837,OnTrack,-4107,-3289,1837,pos,0 days 01:19:43.424000,0 days 02:16:40.519000
2024-06-23 14:22:58.097,OnTrack,-4079,-3359,1838,pos,0 days 01:19:43.684000,0 days 02:16:40.779000
2024-06-23 14:22:58.437,OnTrack,-4041,-3506,1838,pos,0 days 01:19:44.024000,0 days 02:16:41.119000
2024-06-23 14:22:58.637,OnTrack,-4030,-3600,1839,pos,0 days 01:19:44.224000,0 days 02:16:41.319000
2024-06-23 14:22:58.857,OnTrack,-4028,-3709,1839,pos,0 days 01:19:44.444000,0 days 02:16:41.539000
2024-06-23 14:22:59.037,OnTrack,-4045,-3863,1838,pos,0 days 01:19:44.624000,0 days 02:16:41.719000
2024-06-23 14:22:59.477,OnTrack,-4123,-4105,1836,pos,0 days 01:19:45.064000,0 days 02:16:42.159000
2024-06-23 14:22:59.837,OnTrack,-4224,-4289,1833,pos,0 days 01:19:45.424000,0 days 02:16:42.519000
2024-06-23 14:23:00.177,OnTrack,-4292,-4389,1831,pos,0 days 01:19:45.764000,0 days 02:16:42.859000
2024-06-23 14:23:00.357,OnTrack,-4356,-4480,1829,pos,0 days 01:19:45.944000,0 days 02:16:43.039000
2024-06-23 14:23:00.637,OnTrack,-4459,-4622,1825,pos,0 days 01:19:46.224000,0 days 02:16:43.319000
2024-06-23 14:23:00.917,OnTrack,-4566,-4768,1822,pos,0 days 01:19:46.504000,0 days 02:16:43.599000
2024-06-23 14:23:01.117,OnTrack,-4660,-4896,1819,pos,0 days 01:19:46.704000,0 days 02:16:43.799000
2024-06-23 14:23:01.457,OnTrack,-4778,-5058,1815,pos,0 days 01:19:47.044000,0 days 02:16:44.139000
2024-06-23 14:23:01.717,OnTrack,-4931,-5269,1810,pos,0 days 01:19:47.304000,0 days 02:16:44.399000
2024-06-23 14:23:01.957,OnTrack,-4967,-5320,1808,pos,0 days 01:19:47.544000,0 days 02:16:44.639000
2024-06-23 14:23:02.237,OnTrack,-5054,-5452,1804,pos,0 days 01:19:47.824000,0 days 02:16:44.919000
2024-06-23 14:23:02.437,OnTrack,-5104,-5535,1801,pos,0 days 01:19:48.024000,0 days 02:16:45.119000
2024-06-23 14:23:02.597,OnTrack,-5133,-5591,1799,pos,0 days 01:19:48.184000,0 days 02:16:45.279000
2024-06-23 14:23:02.936,OnTrack,-5196,-5738,1793,pos,0 days 01:19:48.523000,0 days 02:16:45.618000
2024-06-23 14:23:03.196,OnTrack,-5215,-5807,1790,pos,0 days 01:19:48.783000,0 days 02:16:45.878000
2024-06-23 14:23:03.557,OnTrack,-5227,-5941,1784,pos,0 days 01:19:49.144000,0 days 02:16:46.239000
2024-06-23 14:23:03.917,OnTrack,-5210,-6027,1779,pos,0 days 01:19:49.504000,0 days 02:16:46.599000
2024-06-23 14:23:04.097,OnTrack,-5191,-6074,1776,pos,0 days 01:19:49.684000,0 days 02:16:46.779000
2024-06-23 14:23:04.397,OnTrack,-5146,-6140,1770,pos,0 days 01:19:49.984000,0 days 02:16:47.079000
2024-06-23 14:23:04.417,OnTrack,-5142,-6144,1770,pos,0 days 01:19:50.004000,0 days 02:16:47.099000
2024-06-23 14:23:04.797,OnTrack,-5053,-6211,1766,pos,0 days 01:19:50.384000,0 days 02:16:47.479000
2024-06-23 14:23:05.217,OnTrack,-4967,-6242,1761,pos,0 days 01:19:50.804000,0 days 02:16:47.899000
2024-06-23 14:23:05.337,OnTrack,-4936,-6247,1760,pos,0 days 01:19:50.924000,0 days 02:16:48.019000
2024-06-23 14:23:05.537,OnTrack,-4882,-6251,1756,pos,0 days 01:19:51.124000,0 days 02:16:48.219000
2024-06-23 14:23:05.777,OnTrack,-4814,-6248,1752,pos,0 days 01:19:51.364000,0 days 02:16:48.459000
2024-06-23 14:23:05.957,OnTrack,-4762,-6241,1749,pos,0 days 01:19:51.544000,0 days 02:16:48.639000
2024-06-23 14:23:06.137,OnTrack,-4708,-6228,1745,pos,0 days 01:19:51.724000,0 days 02:16:48.819000
2024-06-23 14:23:06.377,OnTrack,-4633,-6204,1740,pos,0 days 01:19:51.964000,0 days 02:16:49.059000
2024-06-23 14:23:06.657,OnTrack,-4541,-6166,1735,pos,0 days 01:19:52.244000,0 days 02:16:49.339000
2024-06-23 14:23:06.877,OnTrack,-4465,-6129,1729,pos,0 days 01:19:52.464000,0 days 02:16:49.559000
2024-06-23 14:23:07.097,OnTrack,-4340,-6062,1721,pos,0 days 01:19:52.684000,0 days 02:16:49.779000
2024-06-23 14:23:07.437,OnTrack,-4251,-6014,1715,pos,0 days 01:19:53.024000,0 days 02:16:50.119000
2024-06-23 14:23:07.697,OnTrack,-4140,-5954,1707,pos,0 days 01:19:53.284000,0 days 02:16:50.379000
2024-06-23 14:23:07.897,OnTrack,-3979,-5871,1695,pos,0 days 01:19:53.484000,0 days 02:16:50.579000
2024-06-23 14:23:08.197,OnTrack,-3851,-5811,1690,pos,0 days 01:19:53.784000,0 days 02:16:50.879000
2024-06-23 14:23:08.497,OnTrack,-3695,-5745,1682,pos,0 days 01:19:54.084000,0 days 02:16:51.179000
2024-06-23 14:23:08.777,OnTrack,-3487,-5658,1673,pos,0 days 01:19:54.364000,0 days 02:16:51.459000
2024-06-23 14:23:09.137,OnTrack,-3342,-5589,1666,pos,0 days 01:19:54.724000,0 days 02:16:51.819000
2024-06-23 14:23:09.297,OnTrack,-3253,-5541,1663,pos,0 days 01:19:54.884000,0 days 02:16:51.979000
2024-06-23 14:23:09.496,OnTrack,-3144,-5475,1659,pos,0 days 01:19:55.083000,0 days 02:16:52.178000
2024-06-23 14:23:09.756,OnTrack,-3003,-5375,1655,pos,0 days 01:19:55.343000,0 days 02:16:52.438000
2024-06-23 14:23:10.037,OnTrack,-2849,-5245,1652,pos,0 days 01:19:55.624000,0 days 02:16:52.719000
2024-06-23 14:23:10.237,OnTrack,-2695,-5085,1650,pos,0 days 01:19:55.824000,0 days 02:16:52.919000
2024-06-23 14:23:10.517,OnTrack,-2632,-5011,1650,pos,0 days 01:19:56.104000,0 days 02:16:53.199000
2024-06-23 14:23:10.817,OnTrack,-2503,-4840,1651,pos,0 days 01:19:56.404000,0 days 02:16:53.499000
2024-06-23 14:23:10.977,OnTrack,-2399,-4691,1651,pos,0 days 01:19:56.564000,0 days 02:16:53.659000
2024-06-23 14:23:11.417,OnTrack,-2278,-4515,1653,pos,0 days 01:19:57.004000,0 days 02:16:54.099000
2024-06-23 14:23:11.597,OnTrack,-2189,-4379,1656,pos,0 days 01:19:57.184000,0 days 02:16:54.279000
2024-06-23 14:23:11.977,OnTrack,-2133,-4275,1660,pos,0 days 01:19:57.564000,0 days 02:16:54.659000
2024-06-23 14:23:12.217,OnTrack,-2106,-4190,1661,pos,0 days 01:19:57.804000,0 days 02:16:54.899000
2024-06-23 14:23:12.457,OnTrack,-2084,-4033,1664,pos,0 days 01:19:58.044000,0 days 02:16:55.139000
2024-06-23 14:23:12.837,OnTrack,-2084,-3938,1667,pos,0 days 01:19:58.424000,0 days 02:16:55.519000
2024-06-23 14:23:13.057,OnTrack,-2100,-3812,1673,pos,0 days 01:19:58.644000,0 days 02:16:55.739000
2024-06-23 14:23:13.437,OnTrack,-2132,-3725,1679,pos,0 days 01:19:59.024000,0 days 02:16:56.119000
2024-06-23 14:23:13.717,OnTrack,-2202,-3623,1683,pos,0 days 01:19:59.304000,0 days 02:16:56.399000
2024-06-23 14:23:14.037,OnTrack,-2274,-3555,1688,pos,0 days 01:19:59.624000,0 days 02:16:56.719000
2024-06-23 14:23:14.237,OnTrack,-2338,-3507,1690,pos,0 days 01:19:59.824000,0 days 02:16:56.919000
2024-06-23 14:23:14.477,OnTrack,-2419,-3450,1695,pos,0 days 01:20:00.064000,0 days 02:16:57.159000
2024-06-23 14:23:14.757,OnTrack,-2547,-3347,1705,pos,0 days 01:20:00.344000,0 days 02:16:57.439000
2024-06-23 14:23:15.177,OnTrack,-2664,-3223,1715,pos,0 days 01:20:00.764000,0 days 02:16:57.859000
2024-06-23 14:23:15.497,OnTrack,-2779,-3039,1732,pos,0 days 01:20:01.084000,0 days 02:16:58.179000
2024-06-23 14:23:15.996,OnTrack,-2864,-2857,1744,pos,0 days 01:20:01.583000,0 days 02:16:58.678000
2024-06-23 14:23:16.156,OnTrack,-2936,-2699,1754,pos,0 days 01:20:01.743000,0 days 02:16:58.838000
2024-06-23 14:23:16.557,OnTrack,-3009,-2547,1764,pos,0 days 01:20:02.144000,0 days 02:16:59.239000
2024-06-23 14:23:16.817,OnTrack,-3099,-2356,1777,pos,0 days 01:20:02.404000,0 days 02:16:59.499000
2024-06-23 14:23:17.097,OnTrack,-3149,-2252,1784,pos,0 days 01:20:02.684000,0 days 02:16:59.779000
2024-06-23 14:23:17.317,OnTrack,-3210,-2123,1793,pos,0 days 01:20:02.904000,0 days 02:16:59.999000
2024-06-23 14:23:17.517,OnTrack,-3267,-2003,1801,pos,0 days 01:20:03.104000,0 days 02:17:00.199000
2024-06-23 14:23:17.777,OnTrack,-3343,-1845,1811,pos,0 days 01:20:03.364000,0 days 02:17:00.459000
2024-06-23 14:23:18.077,OnTrack,-3448,-1597,1827,pos,0 days 01:20:03.664000,0 days 02:17:00.759000
2024-06-23 14:23:18.397,OnTrack,-3486,-1459,1835,pos,0 days 01:20:03.984000,0 days 02:17:01.079000
2024-06-23 14:23:18.497,OnTrack,-3497,-1396,1838,pos,0 days 01:20:04.084000,0 days 02:17:01.179000
2024-06-23 14:23:18.877,OnTrack,-3500,-1104,1850,pos,0 days 01:20:04.464000,0 days 02:17:01.559000
2024-06-23 14:23:19.197,OnTrack,-3458,-871,1859,pos,0 days 01:20:04.784000,0 days 02:17:01.879000
2024-06-23 14:23:19.677,OnTrack,-3362,-616,1867,pos,0 days 01:20:05.264000,0 days 02:17:02.359000
2024-06-23 14:23:20.037,OnTrack,-3222,-409,1872,pos,0 days 01:20:05.624000,0 days 02:17:02.719000
2024-06-23 14:23:20.457,OnTrack,-3084,-295,1874,pos,0 days 01:20:06.044000,0 days 02:17:03.139000
2024-06-23 14:23:20.617,OnTrack,-2989,-242,1875,pos,0 days 01:20:06.204000,0 days 02:17:03.299000
2024-06-23 14:23:20.937,OnTrack,-2785,-156,1873,pos,0 days 01:20:06.524000,0 days 02:17:03.619000
2024-06-23 14:23:21.117,OnTrack,-2671,-111,1872,pos,0 days 01:20:06.704000,0 days 02:17:03.799000
2024-06-23 14:23:21.317,OnTrack,-2544,-57,1870,pos,0 days 01:20:06.904000,0 days 02:17:03.999000
2024-06-23 14:23:21.477,OnTrack,-2442,-10,1869,pos,0 days 01:20:07.064000,0 days 02:17:04.159000
2024-06-23 14:23:21.577,OnTrack,-2378,19,1868,pos,0 days 01:20:07.164000,0 days 02:17:04.259000
2024-06-23 14:23:21.877,OnTrack,-2184,110,1866,pos,0 days 01:20:07.464000,0 days 02:17:04.559000
2024-06-23 14:23:22.057,OnTrack,-1974,210,1863,pos,0 days 01:20:07.644000,0 days 02:17:04.739000
2024-06-23 14:23:22.517,OnTrack,-1761,310,1860,pos,0 days 01:20:08.104000,0 days 02:17:05.199000
2024-06-23 14:23:22.756,OnTrack,-1503,432,1857,pos,0 days 01:20:08.343000,0 days 02:17:05.438000
2024-06-23 14:23:23.057,OnTrack,-1379,491,1855,pos,0 days 01:20:08.644000,0 days 02:17:05.739000
2024-06-23 14:23:23.337,OnTrack,-1109,624,1852,pos,0 days 01:20:08.924000,0 days 02:17:06.019000
2024-06-23 14:23:23.637,OnTrack,-968,696,1850,pos,0 days 01:20:09.224000,0 days 02:17:06.319000
2024-06-23 14:23:23.917,OnTrack,-775,799,1848,pos,0 days 01:20:09.504000,0 days 02:17:06.599000
2024-06-23 14:23:24.177,OnTrack,-497,948,1843,pos,0 days 01:20:09.764000,0 days 02:17:06.859000
2024-06-23 14:23:24.477,OnTrack,-385,1007,1842,pos,0 days 01:20:10.064000,0 days 02:17:07.159000
2024-06-23 14:23:24.637,OnTrack,-272,1068,1841,pos,0 days 01:20:10.224000,0 days 02:17:07.319000
2024-06-23 14:23:24.977,OnTrack,40,1235,1836,pos,0 days 01:20:10.564000,0 days 02:17:07.659000
2024-06-23 14:23:25.277,OnTrack,183,1310,1834,pos,0 days 01:20:10.864000,0 days 02:17:07.959000
2024-06-23 14:23:25.537,OnTrack,352,1397,1832,pos,0 days 01:20:11.124000,0 days 02:17:08.219000
2024-06-23 14:23:25.777,OnTrack,520,1480,1830,pos,0 days 01:20:11.364000,0 days 02:17:08.459000
2024-06-23 14:23:26.037,OnTrack,695,1555,1827,pos,0 days 01:20:11.624000,0 days 02:17:08.719000
2024-06-23 14:23:26.237,OnTrack,817,1605,1826,pos,0 days 01:20:11.824000,0 days 02:17:08.919000
2024-06-23 14:23:26.437,OnTrack,931,1650,1824,pos,0 days 01:20:12.024000,0 days 02:17:09.119000
2024-06-23 14:23:26.637,OnTrack,1031,1691,1824,pos,0 days 01:20:12.224000,0 days 02:17:09.319000
2024-06-23 14:23:27.277,OnTrack,1282,1819,1821,pos,0 days 01:20:12.864000,0 days 02:17:09.959000
2024-06-23 14:23:27.537,OnTrack,1356,1879,1820,pos,0 days 01:20:13.124000,0 days 02:17:10.219000
2024-06-23 14:23:27.777,OnTrack,1425,1970,1819,pos,0 days 01:20:13.364000,0 days 02:17:10.459000
2024-06-23 14:23:28.057,OnTrack,1448,2024,1818,pos,0 days 01:20:13.644000,0 days 02:17:10.739000
2024-06-23 14:23:28.297,OnTrack,1463,2099,1817,pos,0 days 01:20:13.884000,0 days 02:17:10.979000
2024-06-23 14:23:28.637,OnTrack,1456,2206,1817,pos,0 days 01:20:14.224000,0 days 02:17:11.319000
2024-06-23 14:23:28.777,OnTrack,1433,2288,1818,pos,0 days 01:20:14.364000,0 days 02:17:11.459000
2024-06-23 14:23:29.136,OnTrack,1405,2347,1820,pos,0 days 01:20:14.723000,0 days 02:17:11.818000
2024-06-23 14:23:29.416,OnTrack,1363,2415,1822,pos,0 days 01:20:15.003000,0 days 02:17:12.098000
2024-06-23 14:23:29.617,OnTrack,1324,2464,1823,pos,0 days 01:20:15.204000,0 days 02:17:12.299000
2024-06-23 14:23:29.717,OnTrack,1304,2485,1824,pos,0 days 01:20:15.304000,0 days 02:17:12.399000
2024-06-23 14:23:30.097,OnTrack,1221,2555,1826,pos,0 days 01:20:15.684000,0 days 02:17:12.779000
2024-06-23 14:23:30.257,OnTrack,1148,2596,1828,pos,0 days 01:20:15.844000,0 days 02:17:12.939000
2024-06-23 14:23:30.697,OnTrack,1059,2628,1830,pos,0 days 01:20:16.284000,0 days 02:17:13.379000
2024-06-23 14:23:30.877,OnTrack,961,2649,1832,pos,0 days 01:20:16.464000,0 days 02:17:13.559000
2024-06-23 14:23:31.197,OnTrack,892,2657,1834,pos,0 days 01:20:16.784000,0 days 02:17:13.879000
2024-06-23 14:23:31.397,OnTrack,819,2660,1835,pos,0 days 01:20:16.984000,0 days 02:17:14.079000
2024-06-23 14:23:31.577,OnTrack,752,2658,1836,pos,0 days 01:20:17.164000,0 days 02:17:14.259000
2024-06-23 14:23:31.937,OnTrack,576,2630,1841,pos,0 days 01:20:17.524000,0 days 02:17:14.619000
2024-06-23 14:23:32.357,OnTrack,391,2564,1846,pos,0 days 01:20:17.944000,0 days 02:17:15.039000
2024-06-23 14:23:32.777,OnTrack,205,2460,1856,pos,0 days 01:20:18.364000,0 days 02:17:15.459000
2024-06-23 14:23:33.137,OnTrack,64,2362,1864,pos,0 days 01:20:18.724000,0 days 02:17:15.819000
2024-06-23 14:23:33.577,OnTrack,-102,2253,1872,pos,0 days 01:20:19.164000,0 days 02:17:16.259000
2024-06-23 14:23:33.677,OnTrack,-149,2229,1874,pos,0 days 01:20:19.264000,0 days 02:17:16.359000
2024-06-23 14:23:33.937,OnTrack,-268,2177,1878,pos,0 days 01:20:19.524000,0 days 02:17:16.619000
2024-06-23 14:23:34.097,OnTrack,-339,2155,1880,pos,0 days 01:20:19.684000,0 days 02:17:16.779000
2024-06-23 14:23:34.297,OnTrack,-425,2135,1884,pos,0 days 01:20:19.884000,0 days 02:17:16.979000
2024-06-23 14:23:34.577,OnTrack,-541,2122,1890,pos,0 days 01:20:20.164000,0 days 02:17:17.259000
2024-06-23 14:23:34.717,OnTrack,-598,2122,1892,pos,0 days 01:20:20.304000,0 days 02:17:17.399000
2024-06-23 14:23:34.957,OnTrack,-689,2132,1897,pos,0 days 01:20:20.544000,0 days 02:17:17.639000
2024-06-23 14:23:35.197,OnTrack,-811,2173,1903,pos,0 days 01:20:20.784000,0 days 02:17:17.879000
2024-06-23 14:23:35.577,OnTrack,-886,2222,1906,pos,0 days 01:20:21.164000,0 days 02:17:18.259000
2024-06-23 14:23:35.796,OnTrack,-939,2275,1908,pos,0 days 01:20:21.383000,0 days 02:17:18.478000
2024-06-23 14:23:35.996,OnTrack,-997,2365,1910,pos,0 days 01:20:21.583000,0 days 02:17:18.678000
2024-06-23 14:23:36.397,OnTrack,-1039,2486,1912,pos,0 days 01:20:21.984000,0 days 02:17:19.079000
2024-06-23 14:23:36.857,OnTrack,-1051,2593,1914,pos,0 days 01:20:22.444000,0 days 02:17:19.539000
2024-06-23 14:23:37.017,OnTrack,-1045,2688,1915,pos,0 days 01:20:22.604000,0 days 02:17:19.699000
2024-06-23 14:23:37.377,OnTrack,-1019,2804,1917,pos,0 days 01:20:22.964000,0 days 02:17:20.059000
2024-06-23 14:23:37.817,OnTrack,-983,2900,1918,pos,0 days 01:20:23.404000,0 days 02:17:20.499000
2024-06-23 14:23:37.977,OnTrack,-957,2952,1920,pos,0 days 01:20:23.564000,0 days 02:17:20.659000
2024-06-23 14:23:38.217,OnTrack,-911,3028,1921,pos,0 days 01:20:23.804000,0 days 02:17:20.899000
2024-06-23 14:23:38.437,OnTrack,-792,3173,1922,pos,0 days 01:20:24.024000,0 days 02:17:21.119000
2024-06-23 14:23:38.857,OnTrack,-704,3255,1922,pos,0 days 01:20:24.444000,0 days 02:17:21.539000
2024-06-23 14:23:39.117,OnTrack,-566,3367,1921,pos,0 days 01:20:24.704000,0 days 02:17:21.799000
2024-06-23 14:23:39.417,OnTrack,-496,3422,1920,pos,0 days 01:20:25.004000,0 days 02:17:22.099000
2024-06-23 14:23:39.717,OnTrack,-373,3518,1918,pos,0 days 01:20:25.304000,0 days 02:17:22.399000
2024-06-23 14:23:39.937,OnTrack,-280,3596,1916,pos,0 days 01:20:25.524000,0 days 02:17:22.619000
2024-06-23 14:23:40.157,OnTrack,-159,3700,1912,pos,0 days 01:20:25.744000,0 days 02:17:22.839000
2024-06-23 14:23:40.577,OnTrack,6,3838,1907,pos,0 days 01:20:26.164000,0 days 02:17:23.259000
2024-06-23 14:23:40.777,OnTrack,103,3915,1903,pos,0 days 01:20:26.364000,0 days 02:17:23.459000
2024-06-23 14:23:40.937,OnTrack,185,3973,1899,pos,0 days 01:20:26.524000,0 days 02:17:23.619000
2024-06-23 14:23:41.137,OnTrack,362,4071,1891,pos,0 days 01:20:26.724000,0 days 02:17:23.819000
2024-06-23 14:23:41.457,OnTrack,484,4113,1885,pos,0 days 01:20:27.044000,0 days 02:17:24.139000
2024-06-23 14:23:41.837,OnTrack,742,4139,1872,pos,0 days 01:20:27.424000,0 days 02:17:24.519000
2024-06-23 14:23:42.037,OnTrack,973,4104,1859,pos,0 days 01:20:27.624000,0 days 02:17:24.719000
2024-06-23 14:23:42.396,OnTrack,1117,4058,1851,pos,0 days 01:20:27.983000,0 days 02:17:25.078000
2024-06-23 14:23:42.556,OnTrack,1221,4015,1845,pos,0 days 01:20:28.143000,0 days 02:17:25.238000
2024-06-23 14:23:42.757,OnTrack,1359,3947,1836,pos,0 days 01:20:28.344000,0 days 02:17:25.439000
2024-06-23 14:23:42.977,OnTrack,1494,3871,1829,pos,0 days 01:20:28.564000,0 days 02:17:25.659000
2024-06-23 14:23:43.217,OnTrack,1640,3780,1820,pos,0 days 01:20:28.804000,0 days 02:17:25.899000
2024-06-23 14:23:43.397,OnTrack,1736,3718,1813,pos,0 days 01:20:28.984000,0 days 02:17:26.079000
2024-06-23 14:23:43.557,OnTrack,1834,3656,1808,pos,0 days 01:20:29.144000,0 days 02:17:26.239000
2024-06-23 14:23:43.777,OnTrack,1969,3569,1801,pos,0 days 01:20:29.364000,0 days 02:17:26.459000
2024-06-23 14:23:44.017,OnTrack,2119,3473,1791,pos,0 days 01:20:29.604000,0 days 02:17:26.699000
2024-06-23 14:23:44.297,OnTrack,2293,3359,1782,pos,0 days 01:20:29.884000,0 days 02:17:26.979000
2024-06-23 14:23:44.497,OnTrack,2411,3274,1776,pos,0 days 01:20:30.084000,0 days 02:17:27.179000
2024-06-23 14:23:44.657,OnTrack,2500,3202,1772,pos,0 days 01:20:30.244000,0 days 02:17:27.339000
2024-06-23 14:23:44.797,OnTrack,2572,3135,1768,pos,0 days 01:20:30.384000,0 days 02:17:27.479000
2024-06-23 14:23:45.157,OnTrack,2737,2939,1758,pos,0 days 01:20:30.744000,0 days 02:17:27.839000
2024-06-23 14:23:45.437,OnTrack,2814,2786,1753,pos,0 days 01:20:31.024000,0 days 02:17:28.119000
2024-06-23 14:23:45.677,OnTrack,2859,2634,1748,pos,0 days 01:20:31.264000,0 days 02:17:28.359000
2024-06-23 14:23:45.957,OnTrack,2884,2452,1744,pos,0 days 01:20:31.544000,0 days 02:17:28.639000
2024-06-23 14:23:46.157,OnTrack,2873,2256,1740,pos,0 days 01:20:31.744000,0 days 02:17:28.839000
2024-06-23 14:23:46.577,OnTrack,2805,2011,1736,pos,0 days 01:20:32.164000,0 days 02:17:29.259000
2024-06-23 14:23:46.917,OnTrack,2680,1766,1733,pos,0 days 01:20:32.504000,0 days 02:17:29.599000
2024-06-23 14:23:47.297,OnTrack,2593,1623,1730,pos,0 days 01:20:32.884000,0 days 02:17:29.979000
2024-06-23 14:23:47.657,OnTrack,2407,1339,1725,pos,0 days 01:20:33.244000,0 days 02:17:30.339000
2024-06-23 14:23:47.897,OnTrack,2360,1267,1724,pos,0 days 01:20:33.484000,0 days 02:17:30.579000
2024-06-23 14:23:48.137,OnTrack,2265,1121,1721,pos,0 days 01:20:33.724000,0 days 02:17:30.819000
2024-06-23 14:23:48.437,OnTrack,2096,861,1716,pos,0 days 01:20:34.024000,0 days 02:17:31.119000
2024-06-23 14:23:48.717,OnTrack,2031,760,1715,pos,0 days 01:20:34.304000,0 days 02:17:31.399000
2024-06-23 14:23:48.916,OnTrack,1948,634,1713,pos,0 days 01:20:34.503000,0 days 02:17:31.598000
2024-06-23 14:23:49.216,OnTrack,1824,443,1710,pos,0 days 01:20:34.803000,0 days 02:17:31.898000
2024-06-23 14:23:49.497,OnTrack,1674,214,1708,pos,0 days 01:20:35.084000,0 days 02:17:32.179000
2024-06-23 14:23:49.777,OnTrack,1599,96,1707,pos,0 days 01:20:35.364000,0 days 02:17:32.459000
2024-06-23 14:23:50.037,OnTrack,1498,-61,1707,pos,0 days 01:20:35.624000,0 days 02:17:32.719000
2024-06-23 14:23:50.217,OnTrack,1421,-180,1707,pos,0 days 01:20:35.804000,0 days 02:17:32.899000
2024-06-23 14:23:50.497,OnTrack,1301,-367,1707,pos,0 days 01:20:36.084000,0 days 02:17:33.179000
2024-06-23 14:23:50.677,OnTrack,1181,-556,1708,pos,0 days 01:20:36.264000,0 days 02:17:33.359000
2024-06-23 14:23:50.957,OnTrack,1104,-679,1708,pos,0 days 01:20:36.544000,0 days 02:17:33.639000
2024-06-23 14:23:51.257,OnTrack,974,-883,1708,pos,0 days 01:20:36.844000,0 days 02:17:33.939000
2024-06-23 14:23:51.577,OnTrack,808,-1144,1708,pos,0 days 01:20:37.164000,0 days 02:17:34.259000
2024-06-23 14:23:51.837,OnTrack,721,-1282,1707,pos,0 days 01:20:37.424000,0 days 02:17:34.519000
2024-06-23 14:23:52.017,OnTrack,642,-1407,1707,pos,0 days 01:20:37.604000,0 days 02:17:34.699000
2024-06-23 14:23:52.317,OnTrack,509,-1615,1707,pos,0 days 01:20:37.904000,0 days 02:17:34.999000
2024-06-23 14:23:52.517,OnTrack,420,-1755,1708,pos,0 days 01:20:38.104000,0 days 02:17:35.199000
2024-06-23 14:23:52.777,OnTrack,305,-1937,1708,pos,0 days 01:20:38.364000,0 days 02:17:35.459000
2024-06-23 14:23:52.977,OnTrack,216,-2078,1708,pos,0 days 01:20:38.564000,0 days 02:17:35.659000
2024-06-23 14:23:53.217,OnTrack,108,-2247,1707,pos,0 days 01:20:38.804000,0 days 02:17:35.899000
2024-06-23 14:23:53.397,OnTrack,27,-2374,1707,pos,0 days 01:20:38.984000,0 days 02:17:36.079000
2024-06-23 14:23:53.557,OnTrack,-45,-2487,1707,pos,0 days 01:20:39.144000,0 days 02:17:36.239000
2024-06-23 14:23:53.817,OnTrack,-166,-2674,1706,pos,0 days 01:20:39.404000,0 days 02:17:36.499000
2024-06-23 14:23:53.897,OnTrack,-203,-2730,1705,pos,0 days 01:20:39.484000,0 days 02:17:36.579000
2024-06-23 14:23:54.157,OnTrack,-324,-2913,1703,pos,0 days 01:20:39.744000,0 days 02:17:36.839000
2024-06-23 14:23:54.457,OnTrack,-464,-3124,1701,pos,0 days 01:20:40.044000,0 days 02:17:37.139000
2024-06-23 14:23:54.637,OnTrack,-605,-3335,1698,pos,0 days 01:20:40.224000,0 days 02:17:37.319000
2024-06-23 14:23:55.057,OnTrack,-746,-3547,1694,pos,0 days 01:20:40.644000,0 days 02:17:37.739000
2024-06-23 14:23:55.237,OnTrack,-888,-3758,1689,pos,0 days 01:20:40.824000,0 days 02:17:37.919000
2024-06-23 14:23:55.656,OnTrack,-1078,-4041,1682,pos,0 days 01:20:41.243000,0 days 02:17:38.338000
2024-06-23 14:23:55.937,OnTrack,-1173,-4182,1679,pos,0 days 01:20:41.524000,0 days 02:17:38.619000
2024-06-23 14:23:56.237,OnTrack,-1315,-4394,1672,pos,0 days 01:20:41.824000,0 days 02:17:38.919000
2024-06-23 14:23:56.497,OnTrack,-1477,-4636,1665,pos,0 days 01:20:42.084000,0 days 02:17:39.179000
2024-06-23 14:23:56.857,OnTrack,-1607,-4829,1660,pos,0 days 01:20:42.444000,0 days 02:17:39.539000
2024-06-23 14:23:57.097,OnTrack,-1715,-4998,1656,pos,0 days 01:20:42.684000,0 days 02:17:39.779000
2024-06-23 14:23:57.257,OnTrack,-1848,-5215,1651,pos,0 days 01:20:42.844000,0 days 02:17:39.939000
2024-06-23 14:23:57.617,OnTrack,-1943,-5378,1648,pos,0 days 01:20:43.204000,0 days 02:17:40.299000
2024-06-23 14:23:57.817,OnTrack,-2028,-5527,1646,pos,0 days 01:20:43.404000,0 days 02:17:40.499000
2024-06-23 14:23:58.097,OnTrack,-2145,-5735,1642,pos,0 days 01:20:43.684000,0 days 02:17:40.779000
2024-06-23 14:23:58.297,OnTrack,-2260,-5944,1640,pos,0 days 01:20:43.884000,0 days 02:17:40.979000
2024-06-23 14:23:58.597,OnTrack,-2350,-6104,1638,pos,0 days 01:20:44.184000,0 days 02:17:41.279000
2024-06-23 14:23:58.977,OnTrack,-2502,-6360,1634,pos,0 days 01:20:44.564000,0 days 02:17:41.659000
2024-06-23 14:23:59.097,OnTrack,-2549,-6431,1634,pos,0 days 01:20:44.684000,0 days 02:17:41.779000
2024-06-23 14:23:59.257,OnTrack,-2588,-6490,1633,pos,0 days 01:20:44.844000,0 days 02:17:41.939000
2024-06-23 14:23:59.557,OnTrack,-2694,-6631,1631,pos,0 days 01:20:45.144000,0 days 02:17:42.239000
2024-06-23 14:23:59.717,OnTrack,-2748,-6696,1630,pos,0 days 01:20:45.304000,0 days 02:17:42.399000
2024-06-23 14:23:59.937,OnTrack,-2822,-6774,1628,pos,0 days 01:20:45.524000,0 days 02:17:42.619000
2024-06-23 14:24:00.117,OnTrack,-2924,-6865,1625,pos,0 days 01:20:45.704000,0 days 02:17:42.799000
2024-06-23 14:24:00.517,OnTrack,-3024,-6932,1623,pos,0 days 01:20:46.104000,0 days 02:17:43.199000
2024-06-23 14:24:00.757,OnTrack,-3111,-6971,1623,pos,0 days 01:20:46.344000,0 days 02:17:43.439000
2024-06-23 14:24:00.917,OnTrack,-3172,-6987,1623,pos,0 days 01:20:46.504000,0 days 02:17:43.599000
2024-06-23 14:24:01.077,OnTrack,-3234,-6994,1624,pos,0 days 01:20:46.664000,0 days 02:17:43.759000
2024-06-23 14:24:01.317,OnTrack,-3328,-6990,1626,pos,0 days 01:20:46.904000,0 days 02:17:43.999000
2024-06-23 14:24:01.557,OnTrack,-3421,-6968,1628,pos,0 days 01:20:47.144000,0 days 02:17:44.239000
2024-06-23 14:24:01.797,OnTrack,-3514,-6933,1630,pos,0 days 01:20:47.384000,0 days 02:17:44.479000
2024-06-23 14:24:01.937,OnTrack,-3567,-6909,1631,pos,0 days 01:20:47.524000,0 days 02:17:44.619000
2024-06-23 14:24:02.096,OnTrack,-3628,-6881,1632,pos,0 days 01:20:47.683000,0 days 02:17:44.778000
2024-06-23 14:24:02.376,OnTrack,-3740,-6830,1633,pos,0 days 01:20:47.963000,0 days 02:17:45.058000
2024-06-23 14:24:02.697,OnTrack,-3883,-6780,1637,pos,0 days 01:20:48.284000,0 days 02:17:45.379000
2024-06-23 14:24:02.857,OnTrack,-3952,-6769,1639,pos,0 days 01:20:48.444000,0 days 02:17:45.539000
2024-06-23 14:24:02.937,OnTrack,-3987,-6767,1640,pos,0 days 01:20:48.524000,0 days 02:17:45.619000
2024-06-23 14:24:03.157,OnTrack,-4078,-6774,1644,pos,0 days 01:20:48.744000,0 days 02:17:45.839000
2024-06-23 14:24:03.397,OnTrack,-4189,-6802,1649,pos,0 days 01:20:48.984000,0 days 02:17:46.079000
2024-06-23 14:24:03.597,OnTrack,-4281,-6838,1654,pos,0 days 01:20:49.184000,0 days 02:17:46.279000
2024-06-23 14:24:03.937,OnTrack,-4434,-6920,1662,pos,0 days 01:20:49.524000,0 days 02:17:46.619000
2024-06-23 14:24:04.117,OnTrack,-4512,-6970,1667,pos,0 days 01:20:49.704000,0 days 02:17:46.799000
2024-06-23 14:24:04.297,OnTrack,-4589,-7025,1671,pos,0 days 01:20:49.884000,0 days 02:17:46.979000
2024-06-23 14:24:04.517,OnTrack,-4722,-7120,1679,pos,0 days 01:20:50.104000,0 days 02:17:47.199000
2024-06-23 14:24:04.877,OnTrack,-4855,-7207,1686,pos,0 days 01:20:50.464000,0 days 02:17:47.559000
2024-06-23 14:24:05.177,OnTrack,-5008,-7297,1694,pos,0 days 01:20:50.764000,0 days 02:17:47.859000
2024-06-23 14:24:05.357,OnTrack,-5172,-7374,1701,pos,0 days 01:20:50.944000,0 days 02:17:48.039000
2024-06-23 14:24:05.677,OnTrack,-5287,-7413,1706,pos,0 days 01:20:51.264000,0 days 02:17:48.359000
2024-06-23 14:24:05.897,OnTrack,-5418,-7442,1712,pos,0 days 01:20:51.484000,0 days 02:17:48.579000
2024-06-23 14:24:06.077,OnTrack,-5527,-7454,1716,pos,0 days 01:20:51.664000,0 days 02:17:48.759000
2024-06-23 14:24:06.277,OnTrack,-5648,-7453,1721,pos,0 days 01:20:51.864000,0 days 02:17:48.959000
2024-06-23 14:24:06.577,OnTrack,-5886,-7416,1731,pos,0 days 01:20:52.164000,0 days 02:17:49.259000
2024-06-23 14:24:06.937,OnTrack,-6030,-7370,1737,pos,0 days 01:20:52.524000,0 days 02:17:49.619000
2024-06-23 14:24:07.157,OnTrack,-6148,-7315,1742,pos,0 days 01:20:52.744000,0 days 02:17:49.839000
2024-06-23 14:24:07.417,OnTrack,-6346,-7179,1749,pos,0 days 01:20:53.004000,0 days 02:17:50.099000
2024-06-23 14:24:07.797,OnTrack,-6480,-7032,1755,pos,0 days 01:20:53.384000,0 days 02:17:50.479000
2024-06-23 14:24:08.217,OnTrack,-6594,-6847,1760,pos,0 days 01:20:53.804000,0 days 02:17:50.899000
2024-06-23 14:24:08.457,OnTrack,-6655,-6701,1763,pos,0 days 01:20:54.044000,0 days 02:17:51.139000
2024-06-23 14:24:08.656,OnTrack,-6692,-6573,1765,pos,0 days 01:20:54.243000,0 days 02:17:51.338000
2024-06-23 14:24:08.876,OnTrack,-6718,-6427,1768,pos,0 days 01:20:54.463000,0 days 02:17:51.558000
2024-06-23 14:24:09.036,OnTrack,-6729,-6318,1769,pos,0 days 01:20:54.623000,0 days 02:17:51.718000
2024-06-23 14:24:09.257,OnTrack,-6733,-6152,1771,pos,0 days 01:20:54.844000,0 days 02:17:51.939000
2024-06-23 14:24:09.457,OnTrack,-6720,-5942,1774,pos,0 days 01:20:55.044000,0 days 02:17:52.139000
2024-06-23 14:24:09.877,OnTrack,-6691,-5730,1777,pos,0 days 01:20:55.464000,0 days 02:17:52.559000
2024-06-23 14:24:10.077,OnTrack,-6666,-5594,1779,pos,0 days 01:20:55.664000,0 days 02:17:52.759000
2024-06-23 14:24:10.277,OnTrack,-6637,-5469,1781,pos,0 days 01:20:55.864000,0 days 02:17:52.959000
2024-06-23 14:24:10.517,OnTrack,-6566,-5228,1786,pos,0 days 01:20:56.104000,0 days 02:17:53.199000
2024-06-23 14:24:10.857,OnTrack,-6499,-5064,1788,pos,0 days 01:20:56.444000,0 days 02:17:53.539000
2024-06-23 14:24:11.057,OnTrack,-6429,-4930,1790,pos,0 days 01:20:56.644000,0 days 02:17:53.739000
2024-06-23 14:24:11.257,OnTrack,-6349,-4800,1792,pos,0 days 01:20:56.844000,0 days 02:17:53.939000
2024-06-23 14:24:11.517,OnTrack,-6183,-4558,1796,pos,0 days 01:20:57.104000,0 days 02:17:54.199000
2024-06-23 14:24:11.917,OnTrack,-6056,-4381,1799,pos,0 days 01:20:57.504000,0 days 02:17:54.599000
2024-06-23 14:24:12.097,OnTrack,-5977,-4267,1801,pos,0 days 01:20:57.684000,0 days 02:17:54.779000
2024-06-23 14:24:12.217,OnTrack,-5928,-4185,1802,pos,0 days 01:20:57.804000,0 days 02:17:54.899000
2024-06-23 14:24:12.457,OnTrack,-5831,-4019,1805,pos,0 days 01:20:58.044000,0 days 02:17:55.139000
2024-06-23 14:24:12.757,OnTrack,-5708,-3814,1808,pos,0 days 01:20:58.344000,0 days 02:17:55.439000
2024-06-23 14:24:12.977,OnTrack,-5619,-3674,1810,pos,0 days 01:20:58.564000,0 days 02:17:55.659000
2024-06-23 14:24:13.177,OnTrack,-5532,-3543,1812,pos,0 days 01:20:58.764000,0 days 02:17:55.859000
2024-06-23 14:24:13.377,OnTrack,-5396,-3345,1816,pos,0 days 01:20:58.964000,0 days 02:17:56.059000
2024-06-23 14:24:13.797,OnTrack,-5294,-3204,1817,pos,0 days 01:20:59.384000,0 days 02:17:56.479000
2024-06-23 14:24:14.017,OnTrack,-5215,-3108,1819,pos,0 days 01:20:59.604000,0 days 02:17:56.699000
2024-06-23 14:24:14.057,OnTrack,-5201,-3092,1819,pos,0 days 01:20:59.644000,0 days 02:17:56.739000
2024-06-23 14:24:14.357,OnTrack,-5094,-2988,1819,pos,0 days 01:20:59.944000,0 days 02:17:57.039000
2024-06-23 14:24:14.577,OnTrack,-5011,-2928,1821,pos,0 days 01:21:00.164000,0 days 02:17:57.259000
2024-06-23 14:24:14.817,OnTrack,-4893,-2871,1822,pos,0 days 01:21:00.404000,0 days 02:17:57.499000
2024-06-23 14:24:15.157,OnTrack,-4723,-2838,1825,pos,0 days 01:21:00.744000,0 days 02:17:57.839000
2024-06-23 14:24:15.596,OnTrack,-4606,-2848,1827,pos,0 days 01:21:01.183000,0 days 02:17:58.278000
2024-06-23 14:24:15.797,OnTrack,-4526,-2869,1829,pos,0 days 01:21:01.384000,0 days 02:17:58.479000
2024-06-23 14:24:15.977,OnTrack,-4465,-2894,1830,pos,0 days 01:21:01.564000,0 days 02:17:58.659000
2024-06-23 14:24:16.217,OnTrack,-4389,-2936,1831,pos,0 days 01:21:01.804000,0 days 02:17:58.899000
2024-06-23 14:24:16.377,OnTrack,-4348,-2965,1832,pos,0 days 01:21:01.964000,0 days 02:17:59.059000
2024-06-23 14:24:16.537,OnTrack,-4311,-2998,1833,pos,0 days 01:21:02.124000,0 days 02:17:59.219000
2024-06-23 14:24:16.817,OnTrack,-4244,-3069,1834,pos,0 days 01:21:02.404000,0 days 02:17:59.499000
2024-06-23 14:24:16.997,OnTrack,-4202,-3123,1835,pos,0 days 01:21:02.584000,0 days 02:17:59.679000
2024-06-23 14:24:17.317,OnTrack,-4136,-3229,1836,pos,0 days 01:21:02.904000,0 days 02:17:59.999000
2024-06-23 14:24:17.517,OnTrack,-4101,-3303,1837,pos,0 days 01:21:03.104000,0 days 02:18:00.199000
2024-06-23 14:24:17.757,OnTrack,-4057,-3432,1838,pos,0 days 01:21:03.344000,0 days 02:18:00.439000
2024-06-23 14:24:18.097,OnTrack,-4035,-3546,1839,pos,0 days 01:21:03.684000,0 days 02:18:00.779000
2024-06-23 14:24:18.377,OnTrack,-4030,-3749,1839,pos,0 days 01:21:03.964000,0 days 02:18:01.059000
2024-06-23 14:24:18.817,OnTrack,-4056,-3913,1838,pos,0 days 01:21:04.404000,0 days 02:18:01.499000
2024-06-23 14:24:19.097,OnTrack,-4099,-4049,1836,pos,0 days 01:21:04.684000,0 days 02:18:01.779000
2024-06-23 14:24:19.317,OnTrack,-4150,-4163,1835,pos,0 days 01:21:04.904000,0 days 02:18:01.999000
2024-06-23 14:24:19.497,OnTrack,-4202,-4254,1834,pos,0 days 01:21:05.084000,0 days 02:18:02.179000
2024-06-23 14:24:19.697,OnTrack,-4268,-4355,1832,pos,0 days 01:21:05.284000,0 days 02:18:02.379000
2024-06-23 14:24:19.857,OnTrack,-4324,-4435,1830,pos,0 days 01:21:05.444000,0 days 02:18:02.539000
2024-06-23 14:24:20.077,OnTrack,-4404,-4546,1828,pos,0 days 01:21:05.664000,0 days 02:18:02.759000
2024-06-23 14:24:20.257,OnTrack,-4471,-4639,1825,pos,0 days 01:21:05.844000,0 days 02:18:02.939000
2024-06-23 14:24:20.517,OnTrack,-4571,-4774,1822,pos,0 days 01:21:06.104000,0 days 02:18:03.199000
2024-06-23 14:24:20.737,OnTrack,-4657,-4892,1819,pos,0 days 01:21:06.324000,0 days 02:18:03.419000
2024-06-23 14:24:20.957,OnTrack,-4744,-5010,1816,pos,0 days 01:21:06.544000,0 days 02:18:03.639000
2024-06-23 14:24:21.157,OnTrack,-4823,-5119,1814,pos,0 days 01:21:06.744000,0 days 02:18:03.839000
2024-06-23 14:24:21.377,OnTrack,-4907,-5236,1811,pos,0 days 01:21:06.964000,0 days 02:18:04.059000
2024-06-23 14:24:21.577,OnTrack,-4976,-5334,1808,pos,0 days 01:21:07.164000,0 days 02:18:04.259000
2024-06-23 14:24:21.896,OnTrack,-5092,-5516,1801,pos,0 days 01:21:07.483000,0 days 02:18:04.578000
2024-06-23 14:24:22.257,OnTrack,-5143,-5612,1798,pos,0 days 01:21:07.844000,0 days 02:18:04.939000
2024-06-23 14:24:22.417,OnTrack,-5169,-5669,1796,pos,0 days 01:21:08.004000,0 days 02:18:05.099000
2024-06-23 14:24:22.677,OnTrack,-5201,-5757,1791,pos,0 days 01:21:08.264000,0 days 02:18:05.359000
2024-06-23 14:24:22.897,OnTrack,-5222,-5849,1788,pos,0 days 01:21:08.484000,0 days 02:18:05.579000
2024-06-23 14:24:23.297,OnTrack,-5223,-5972,1782,pos,0 days 01:21:08.884000,0 days 02:18:05.979000
2024-06-23 14:24:23.677,OnTrack,-5185,-6085,1775,pos,0 days 01:21:09.264000,0 days 02:18:06.359000
2024-06-23 14:24:23.977,OnTrack,-5158,-6126,1772,pos,0 days 01:21:09.564000,0 days 02:18:06.659000
2024-06-23 14:24:24.217,OnTrack,-5114,-6171,1769,pos,0 days 01:21:09.804000,0 days 02:18:06.899000
2024-06-23 14:24:24.477,OnTrack,-5060,-6208,1767,pos,0 days 01:21:10.064000,0 days 02:18:07.159000
2024-06-23 14:24:24.737,OnTrack,-4999,-6233,1763,pos,0 days 01:21:10.324000,0 days 02:18:07.419000
2024-06-23 14:24:24.957,OnTrack,-4939,-6247,1760,pos,0 days 01:21:10.544000,0 days 02:18:07.639000
2024-06-23 14:24:25.357,OnTrack,-4797,-6246,1752,pos,0 days 01:21:10.944000,0 days 02:18:08.039000
2024-06-23 14:24:25.717,OnTrack,-4692,-6224,1744,pos,0 days 01:21:11.304000,0 days 02:18:08.399000
2024-06-23 14:24:26.017,OnTrack,-4644,-6208,1741,pos,0 days 01:21:11.604000,0 days 02:18:08.699000
2024-06-23 14:24:26.277,OnTrack,-4563,-6176,1736,pos,0 days 01:21:11.864000,0 days 02:18:08.959000
2024-06-23 14:24:26.537,OnTrack,-4434,-6113,1727,pos,0 days 01:21:12.124000,0 days 02:18:09.219000
2024-06-23 14:24:26.857,OnTrack,-4361,-6074,1723,pos,0 days 01:21:12.444000,0 days 02:18:09.539000
2024-06-23 14:24:27.137,OnTrack,-4252,-6014,1715,pos,0 days 01:21:12.724000,0 days 02:18:09.819000
2024-06-23 14:24:27.417,OnTrack,-4116,-5940,1706,pos,0 days 01:21:13.004000,0 days 02:18:10.099000
2024-06-23 14:24:27.697,OnTrack,-3957,-5860,1695,pos,0 days 01:21:13.284000,0 days 02:18:10.379000
2024-06-23 14:24:27.997,OnTrack,-3801,-5790,1687,pos,0 days 01:21:13.584000,0 days 02:18:10.679000
2024-06-23 14:24:28.157,OnTrack,-3717,-5754,1683,pos,0 days 01:21:13.744000,0 days 02:18:10.839000
2024-06-23 14:24:28.337,OnTrack,-3621,-5714,1678,pos,0 days 01:21:13.924000,0 days 02:18:11.019000
2024-06-23 14:24:28.536,OnTrack,-3513,-5668,1674,pos,0 days 01:21:14.123000,0 days 02:18:11.218000
2024-06-23 14:24:28.797,OnTrack,-3357,-5596,1667,pos,0 days 01:21:14.384000,0 days 02:18:11.479000
2024-06-23 14:24:28.957,OnTrack,-3268,-5549,1664,pos,0 days 01:21:14.544000,0 days 02:18:11.639000
2024-06-23 14:24:29.257,OnTrack,-3103,-5448,1658,pos,0 days 01:21:14.844000,0 days 02:18:11.939000
2024-06-23 14:24:29.337,OnTrack,-3060,-5417,1657,pos,0 days 01:21:14.924000,0 days 02:18:12.019000
2024-06-23 14:24:29.577,OnTrack,-2943,-5328,1654,pos,0 days 01:21:15.164000,0 days 02:18:12.259000
2024-06-23 14:24:29.797,OnTrack,-2831,-5228,1652,pos,0 days 01:21:15.384000,0 days 02:18:12.479000
2024-06-23 14:24:30.077,OnTrack,-2697,-5089,1650,pos,0 days 01:21:15.664000,0 days 02:18:12.759000
2024-06-23 14:24:30.277,OnTrack,-2607,-4980,1650,pos,0 days 01:21:15.864000,0 days 02:18:12.959000
2024-06-23 14:24:30.437,OnTrack,-2539,-4890,1651,pos,0 days 01:21:16.024000,0 days 02:18:13.119000
2024-06-23 14:24:30.677,OnTrack,-2408,-4705,1651,pos,0 days 01:21:16.264000,0 days 02:18:13.359000
2024-06-23 14:24:31.017,OnTrack,-2307,-4558,1653,pos,0 days 01:21:16.604000,0 days 02:18:13.699000
2024-06-23 14:24:31.317,OnTrack,-2210,-4412,1656,pos,0 days 01:21:16.904000,0 days 02:18:13.999000
2024-06-23 14:24:31.457,OnTrack,-2172,-4351,1658,pos,0 days 01:21:17.044000,0 days 02:18:14.139000
2024-06-23 14:24:31.717,OnTrack,-2122,-4246,1661,pos,0 days 01:21:17.304000,0 days 02:18:14.399000
2024-06-23 14:24:31.917,OnTrack,-2105,-4185,1662,pos,0 days 01:21:17.504000,0 days 02:18:14.599000
2024-06-23 14:24:32.117,OnTrack,-2085,-4050,1663,pos,0 days 01:21:17.704000,0 days 02:18:14.799000
2024-06-23 14:24:32.557,OnTrack,-2085,-3918,1667,pos,0 days 01:21:18.144000,0 days 02:18:15.239000
2024-06-23 14:24:32.737,OnTrack,-2093,-3848,1671,pos,0 days 01:21:18.324000,0 days 02:18:15.419000
2024-06-23 14:24:32.897,OnTrack,-2106,-3790,1674,pos,0 days 01:21:18.484000,0 days 02:18:15.579000
2024-06-23 14:24:33.117,OnTrack,-2136,-3715,1679,pos,0 days 01:21:18.704000,0 days 02:18:15.799000
2024-06-23 14:24:33.237,OnTrack,-2159,-3676,1681,pos,0 days 01:21:18.824000,0 days 02:18:15.919000
2024-06-23 14:24:33.477,OnTrack,-2218,-3606,1684,pos,0 days 01:21:19.064000,0 days 02:18:16.159000
2024-06-23 14:24:33.697,OnTrack,-2328,-3514,1690,pos,0 days 01:21:19.284000,0 days 02:18:16.379000
2024-06-23 14:24:34.197,OnTrack,-2452,-3425,1697,pos,0 days 01:21:19.784000,0 days 02:18:16.879000
2024-06-23 14:24:34.357,OnTrack,-2508,-3381,1701,pos,0 days 01:21:19.944000,0 days 02:18:17.039000
2024-06-23 14:24:34.517,OnTrack,-2563,-3333,1706,pos,0 days 01:21:20.104000,0 days 02:18:17.199000
2024-06-23 14:24:34.817,OnTrack,-2697,-3178,1721,pos,0 days 01:21:20.404000,0 days 02:18:17.499000
2024-06-23 14:24:35.176,OnTrack,-2762,-3072,1729,pos,0 days 01:21:20.763000,0 days 02:18:17.858000
2024-06-23 14:24:35.377,OnTrack,-2848,-2892,1741,pos,0 days 01:21:20.964000,0 days 02:18:18.059000
2024-06-23 14:24:35.837,OnTrack,-2945,-2681,1755,pos,0 days 01:21:21.424000,0 days 02:18:18.519000
2024-06-23 14:24:36.117,OnTrack,-2991,-2583,1762,pos,0 days 01:21:21.704000,0 days 02:18:18.799000
2024-06-23 14:24:36.397,OnTrack,-3066,-2427,1772,pos,0 days 01:21:21.984000,0 days 02:18:19.079000
2024-06-23 14:24:36.577,OnTrack,-3151,-2247,1784,pos,0 days 01:21:22.164000,0 days 02:18:19.259000
2024-06-23 14:24:36.977,OnTrack,-3230,-2082,1795,pos,0 days 01:21:22.564000,0 days 02:18:19.659000
2024-06-23 14:24:37.157,OnTrack,-3281,-1973,1802,pos,0 days 01:21:22.744000,0 days 02:18:19.839000
2024-06-23 14:24:37.317,OnTrack,-3329,-1876,1808,pos,0 days 01:21:22.904000,0 days 02:18:19.999000
2024-06-23 14:24:37.637,OnTrack,-3418,-1677,1822,pos,0 days 01:21:23.224000,0 days 02:18:20.319000
2024-06-23 14:24:37.817,OnTrack,-3480,-1486,1834,pos,0 days 01:21:23.404000,0 days 02:18:20.499000
2024-06-23 14:24:38.217,OnTrack,-3506,-1306,1842,pos,0 days 01:21:23.804000,0 days 02:18:20.899000
2024-06-23 14:24:38.417,OnTrack,-3506,-1177,1846,pos,0 days 01:21:24.004000,0 days 02:18:21.099000
2024-06-23 14:24:38.617,OnTrack,-3482,-977,1855,pos,0 days 01:21:24.204000,0 days 02:18:21.299000
2024-06-23 14:24:38.957,OnTrack,-3451,-845,1859,pos,0 days 01:21:24.544000,0 days 02:18:21.639000
2024-06-23 14:24:39.137,OnTrack,-3417,-742,1863,pos,0 days 01:21:24.724000,0 days 02:18:21.819000
2024-06-23 14:24:39.377,OnTrack,-3359,-610,1867,pos,0 days 01:21:24.964000,0 days 02:18:22.059000
2024-06-23 14:24:39.617,OnTrack,-3283,-485,1871,pos,0 days 01:21:25.204000,0 days 02:18:22.299000
2024-06-23 14:24:39.877,OnTrack,-3159,-349,1873,pos,0 days 01:21:25.464000,0 days 02:18:22.559000
2024-06-23 14:24:40.077,OnTrack,-2995,-245,1874,pos,0 days 01:21:25.664000,0 days 02:18:22.759000
2024-06-23 14:24:40.357,OnTrack,-2884,-195,1874,pos,0 days 01:21:25.944000,0 days 02:18:23.039000
2024-06-23 14:24:40.677,OnTrack,-2682,-116,1872,pos,0 days 01:21:26.264000,0 days 02:18:23.359000
2024-06-23 14:24:40.917,OnTrack,-2532,-52,1870,pos,0 days 01:21:26.504000,0 days 02:18:23.599000
2024-06-23 14:24:41.077,OnTrack,-2432,-6,1869,pos,0 days 01:21:26.664000,0 days 02:18:23.759000
2024-06-23 14:24:41.337,OnTrack,-2267,71,1866,pos,0 days 01:21:26.924000,0 days 02:18:24.019000
2024-06-23 14:24:41.417,OnTrack,-2216,95,1866,pos,0 days 01:21:27.004000,0 days 02:18:24.099000
2024-06-23 14:24:41.756,OnTrack,-1930,230,1862,pos,0 days 01:21:27.343000,0 days 02:18:24.438000
2024-06-23 14:24:42.137,OnTrack,-1665,355,1859,pos,0 days 01:21:27.724000,0 days 02:18:24.819000
2024-06-23 14:24:42.537,OnTrack,-1463,451,1856,pos,0 days 01:21:28.124000,0 days 02:18:25.219000
2024-06-23 14:24:42.697,OnTrack,-1285,536,1854,pos,0 days 01:21:28.284000,0 days 02:18:25.379000
2024-06-23 14:24:43.137,OnTrack,-1069,644,1851,pos,0 days 01:21:28.724000,0 days 02:18:25.819000
2024-06-23 14:24:43.357,OnTrack,-918,723,1849,pos,0 days 01:21:28.944000,0 days 02:18:26.039000
2024-06-23 14:24:43.497,OnTrack,-822,774,1848,pos,0 days 01:21:29.084000,0 days 02:18:26.179000
2024-06-23 14:24:43.777,OnTrack,-628,877,1846,pos,0 days 01:21:29.364000,0 days 02:18:26.459000
2024-06-23 14:24:44.057,OnTrack,-433,982,1843,pos,0 days 01:21:29.644000,0 days 02:18:26.739000
2024-06-23 14:24:44.217,OnTrack,-321,1041,1841,pos,0 days 01:21:29.804000,0 days 02:18:26.899000
2024-06-23 14:24:44.477,OnTrack,-67,1177,1838,pos,0 days 01:21:30.064000,0 days 02:18:27.159000
2024-06-23 14:24:44.717,OnTrack,31,1230,1836,pos,0 days 01:21:30.304000,0 days 02:18:27.399000
2024-06-23 14:24:45.037,OnTrack,327,1385,1833,pos,0 days 01:21:30.624000,0 days 02:18:27.719000
2024-06-23 14:24:45.337,OnTrack,448,1446,1830,pos,0 days 01:21:30.924000,0 days 02:18:28.019000
2024-06-23 14:24:45.517,OnTrack,579,1506,1829,pos,0 days 01:21:31.104000,0 days 02:18:28.199000
2024-06-23 14:24:45.737,OnTrack,734,1571,1827,pos,0 days 01:21:31.324000,0 days 02:18:28.419000
2024-06-23 14:24:45.917,OnTrack,849,1617,1826,pos,0 days 01:21:31.504000,0 days 02:18:28.599000
2024-06-23 14:24:46.157,OnTrack,982,1671,1824,pos,0 days 01:21:31.744000,0 days 02:18:28.839000
2024-06-23 14:24:46.437,OnTrack,1112,1726,1823,pos,0 days 01:21:32.024000,0 days 02:18:29.119000
2024-06-23 14:24:46.697,OnTrack,1214,1777,1822,pos,0 days 01:21:32.284000,0 days 02:18:29.379000
2024-06-23 14:24:46.937,OnTrack,1294,1828,1821,pos,0 days 01:21:32.524000,0 days 02:18:29.619000
2024-06-23 14:24:47.137,OnTrack,1371,1894,1820,pos,0 days 01:21:32.724000,0 days 02:18:29.819000
2024-06-23 14:24:47.557,OnTrack,1446,2020,1818,pos,0 days 01:21:33.144000,0 days 02:18:30.239000
2024-06-23 14:24:47.937,OnTrack,1464,2108,1817,pos,0 days 01:21:33.524000,0 days 02:18:30.619000
2024-06-23 14:24:48.196,OnTrack,1459,2191,1817,pos,0 days 01:21:33.783000,0 days 02:18:30.878000
2024-06-23 14:24:48.396,OnTrack,1445,2252,1817,pos,0 days 01:21:33.983000,0 days 02:18:31.078000
2024-06-23 14:24:48.476,OnTrack,1437,2275,1818,pos,0 days 01:21:34.063000,0 days 02:18:31.158000
2024-06-23 14:24:48.777,OnTrack,1396,2363,1820,pos,0 days 01:21:34.364000,0 days 02:18:31.459000
2024-06-23 14:24:49.017,OnTrack,1340,2445,1823,pos,0 days 01:21:34.604000,0 days 02:18:31.699000
2024-06-23 14:24:49.277,OnTrack,1314,2475,1824,pos,0 days 01:21:34.864000,0 days 02:18:31.959000
2024-06-23 14:24:49.577,OnTrack,1253,2532,1826,pos,0 days 01:21:35.164000,0 days 02:18:32.259000
2024-06-23 14:24:49.757,OnTrack,1212,2561,1827,pos,0 days 01:21:35.344000,0 days 02:18:32.439000
2024-06-23 14:24:49.977,OnTrack,1157,2592,1828,pos,0 days 01:21:35.564000,0 days 02:18:32.659000
2024-06-23 14:24:50.257,OnTrack,1079,2622,1830,pos,0 days 01:21:35.844000,0 days 02:18:32.939000
2024-06-23 14:24:50.457,OnTrack,1018,2638,1831,pos,0 days 01:21:36.044000,0 days 02:18:33.139000
2024-06-23 14:24:50.617,OnTrack,968,2647,1832,pos,0 days 01:21:36.204000,0 days 02:18:33.299000
2024-06-23 14:24:50.797,OnTrack,908,2655,1833,pos,0 days 01:21:36.384000,0 days 02:18:33.479000
2024-06-23 14:24:51.097,OnTrack,803,2660,1836,pos,0 days 01:21:36.684000,0 days 02:18:33.779000
2024-06-23 14:24:51.297,OnTrack,728,2656,1837,pos,0 days 01:21:36.884000,0 days 02:18:33.979000
2024-06-23 14:24:51.377,OnTrack,697,2653,1838,pos,0 days 01:21:36.964000,0 days 02:18:34.059000
2024-06-23 14:24:51.617,OnTrack,600,2636,1840,pos,0 days 01:21:37.204000,0 days 02:18:34.299000
2024-06-23 14:24:51.877,OnTrack,493,2605,1843,pos,0 days 01:21:37.464000,0 days 02:18:34.559000
2024-06-23 14:24:52.057,OnTrack,416,2576,1845,pos,0 days 01:21:37.644000,0 days 02:18:34.739000
2024-06-23 14:24:52.237,OnTrack,337,2538,1849,pos,0 days 01:21:37.824000,0 days 02:18:34.919000
2024-06-23 14:24:52.417,OnTrack,259,2494,1853,pos,0 days 01:21:38.004000,0 days 02:18:35.099000
2024-06-23 14:24:52.617,OnTrack,170,2437,1858,pos,0 days 01:21:38.204000,0 days 02:18:35.299000
2024-06-23 14:24:52.957,OnTrack,-27,2298,1868,pos,0 days 01:21:38.544000,0 days 02:18:35.639000
2024-06-23 14:24:53.197,OnTrack,-94,2258,1871,pos,0 days 01:21:38.784000,0 days 02:18:35.879000
2024-06-23 14:24:53.517,OnTrack,-250,2184,1877,pos,0 days 01:21:39.104000,0 days 02:18:36.199000
2024-06-23 14:24:53.777,OnTrack,-377,2145,1881,pos,0 days 01:21:39.364000,0 days 02:18:36.459000
2024-06-23 14:24:54.037,OnTrack,-480,2127,1886,pos,0 days 01:21:39.624000,0 days 02:18:36.719000
2024-06-23 14:24:54.397,OnTrack,-623,2124,1894,pos,0 days 01:21:39.984000,0 days 02:18:37.079000
2024-06-23 14:24:54.497,OnTrack,-661,2128,1895,pos,0 days 01:21:40.084000,0 days 02:18:37.179000
2024-06-23 14:24:54.697,OnTrack,-732,2142,1898,pos,0 days 01:21:40.284000,0 days 02:18:37.379000
2024-06-23 14:24:55.016,OnTrack,-832,2184,1904,pos,0 days 01:21:40.603000,0 days 02:18:37.698000
2024-06-23 14:24:55.217,OnTrack,-891,2227,1906,pos,0 days 01:21:40.804000,0 days 02:18:37.899000
2024-06-23 14:24:55.397,OnTrack,-932,2268,1908,pos,0 days 01:21:40.984000,0 days 02:18:38.079000
2024-06-23 14:24:55.557,OnTrack,-964,2308,1909,pos,0 days 01:21:41.144000,0 days 02:18:38.239000
2024-06-23 14:24:56.397,OnTrack,-1048,2542,1913,pos,0 days 01:21:41.984000,0 days 02:18:39.079000
2024-06-23 14:24:56.517,OnTrack,-1050,2624,1914,pos,0 days 01:21:42.104000,0 days 02:18:39.199000
2024-06-23 14:24:56.957,OnTrack,-1040,2720,1916,pos,0 days 01:21:42.544000,0 days 02:18:39.639000
2024-06-23 14:24:57.137,OnTrack,-1027,2778,1916,pos,0 days 01:21:42.724000,0 days 02:18:39.819000
2024-06-23 14:24:57.317,OnTrack,-1008,2837,1917,pos,0 days 01:21:42.904000,0 days 02:18:39.999000
2024-06-23 14:24:57.497,OnTrack,-985,2896,1918,pos,0 days 01:21:43.084000,0 days 02:18:40.179000
2024-06-23 14:24:57.797,OnTrack,-933,2994,1920,pos,0 days 01:21:43.384000,0 days 02:18:40.479000
2024-06-23 14:24:57.997,OnTrack,-890,3058,1921,pos,0 days 01:21:43.584000,0 days 02:18:40.679000
2024-06-23 14:24:58.237,OnTrack,-811,3153,1922,pos,0 days 01:21:43.824000,0 days 02:18:40.919000
2024-06-23 14:24:58.517,OnTrack,-724,3237,1923,pos,0 days 01:21:44.104000,0 days 02:18:41.199000
2024-06-23 14:24:58.877,OnTrack,-598,3343,1921,pos,0 days 01:21:44.464000,0 days 02:18:41.559000
2024-06-23 14:24:59.037,OnTrack,-537,3390,1921,pos,0 days 01:21:44.624000,0 days 02:18:41.719000
2024-06-23 14:24:59.297,OnTrack,-434,3470,1919,pos,0 days 01:21:44.884000,0 days 02:18:41.979000
2024-06-23 14:24:59.497,OnTrack,-352,3535,1918,pos,0 days 01:21:45.084000,0 days 02:18:42.179000
2024-06-23 14:24:59.677,OnTrack,-226,3642,1915,pos,0 days 01:21:45.264000,0 days 02:18:42.359000
2024-06-23 14:24:59.977,OnTrack,-147,3709,1912,pos,0 days 01:21:45.564000,0 days 02:18:42.659000
2024-06-23 14:25:00.317,OnTrack,7,3840,1907,pos,0 days 01:21:45.904000,0 days 02:18:42.999000
2024-06-23 14:25:00.517,OnTrack,104,3916,1903,pos,0 days 01:21:46.104000,0 days 02:18:43.199000
2024-06-23 14:25:00.617,OnTrack,155,3952,1901,pos,0 days 01:21:46.204000,0 days 02:18:43.299000
2024-06-23 14:25:00.877,OnTrack,294,4039,1893,pos,0 days 01:21:46.464000,0 days 02:18:43.559000
2024-06-23 14:25:01.197,OnTrack,551,4127,1882,pos,0 days 01:21:46.784000,0 days 02:18:43.879000
2024-06-23 14:25:01.616,OnTrack,767,4138,1871,pos,0 days 01:21:47.203000,0 days 02:18:44.298000
2024-06-23 14:25:01.817,OnTrack,999,4097,1858,pos,0 days 01:21:47.404000,0 days 02:18:44.499000
2024-06-23 14:25:02.237,OnTrack,1248,4003,1843,pos,0 days 01:21:47.824000,0 days 02:18:44.919000
2024-06-23 14:25:02.477,OnTrack,1336,3959,1837,pos,0 days 01:21:48.064000,0 days 02:18:45.159000
2024-06-23 14:25:02.837,OnTrack,1558,3832,1825,pos,0 days 01:21:48.424000,0 days 02:18:45.519000
2024-06-23 14:25:02.997,OnTrack,1655,3771,1819,pos,0 days 01:21:48.584000,0 days 02:18:45.679000
2024-06-23 14:25:03.257,OnTrack,1813,3669,1810,pos,0 days 01:21:48.844000,0 days 02:18:45.939000
2024-06-23 14:25:03.417,OnTrack,1911,3606,1803,pos,0 days 01:21:49.004000,0 days 02:18:46.099000
2024-06-23 14:25:03.637,OnTrack,2047,3519,1796,pos,0 days 01:21:49.224000,0 days 02:18:46.319000
2024-06-23 14:25:03.817,OnTrack,2159,3448,1789,pos,0 days 01:21:49.404000,0 days 02:18:46.499000
2024-06-23 14:25:04.097,OnTrack,2331,3333,1780,pos,0 days 01:21:49.684000,0 days 02:18:46.779000
2024-06-23 14:25:04.297,OnTrack,2447,3246,1774,pos,0 days 01:21:49.884000,0 days 02:18:46.979000
2024-06-23 14:25:04.477,OnTrack,2531,3173,1770,pos,0 days 01:21:50.064000,0 days 02:18:47.159000
2024-06-23 14:25:04.697,OnTrack,2633,3070,1764,pos,0 days 01:21:50.284000,0 days 02:18:47.379000
2024-06-23 14:25:04.897,OnTrack,2717,2968,1759,pos,0 days 01:21:50.484000,0 days 02:18:47.579000
2024-06-23 14:25:05.137,OnTrack,2793,2834,1754,pos,0 days 01:21:50.724000,0 days 02:18:47.819000
2024-06-23 14:25:05.317,OnTrack,2835,2723,1751,pos,0 days 01:21:50.904000,0 days 02:18:47.999000
2024-06-23 14:25:05.497,OnTrack,2864,2607,1748,pos,0 days 01:21:51.084000,0 days 02:18:48.179000
2024-06-23 14:25:05.577,OnTrack,2873,2555,1747,pos,0 days 01:21:51.164000,0 days 02:18:48.259000
2024-06-23 14:25:05.917,OnTrack,2882,2334,1742,pos,0 days 01:21:51.504000,0 days 02:18:48.599000
2024-06-23 14:25:06.077,OnTrack,2847,2137,1738,pos,0 days 01:21:51.664000,0 days 02:18:48.759000
2024-06-23 14:25:06.457,OnTrack,2793,1983,1735,pos,0 days 01:21:52.044000,0 days 02:18:49.139000
2024-06-23 14:25:06.657,OnTrack,2732,1858,1734,pos,0 days 01:21:52.244000,0 days 02:18:49.339000
2024-06-23 14:25:06.917,OnTrack,2641,1701,1731,pos,0 days 01:21:52.504000,0 days 02:18:49.599000
2024-06-23 14:25:07.157,OnTrack,2520,1511,1728,pos,0 days 01:21:52.744000,0 days 02:18:49.839000
2024-06-23 14:25:07.477,OnTrack,2426,1368,1725,pos,0 days 01:21:53.064000,0 days 02:18:50.159000
2024-06-23 14:25:07.677,OnTrack,2347,1247,1723,pos,0 days 01:21:53.264000,0 days 02:18:50.359000
2024-06-23 14:25:07.857,OnTrack,2276,1138,1721,pos,0 days 01:21:53.444000,0 days 02:18:50.539000
2024-06-23 14:25:08.096,OnTrack,2180,990,1719,pos,0 days 01:21:53.683000,0 days 02:18:50.778000
2024-06-23 14:25:08.277,OnTrack,2099,866,1717,pos,0 days 01:21:53.864000,0 days 02:18:50.959000
2024-06-23 14:25:08.477,OnTrack,2018,740,1714,pos,0 days 01:21:54.064000,0 days 02:18:51.159000
2024-06-23 14:25:08.657,OnTrack,1943,626,1713,pos,0 days 01:21:54.244000,0 days 02:18:51.339000
2024-06-23 14:25:08.897,OnTrack,1852,487,1711,pos,0 days 01:21:54.484000,0 days 02:18:51.579000
2024-06-23 14:25:09.197,OnTrack,1727,294,1709,pos,0 days 01:21:54.784000,0 days 02:18:51.879000
2024-06-23 14:25:09.417,OnTrack,1641,163,1707,pos,0 days 01:21:55.004000,0 days 02:18:52.099000
2024-06-23 14:25:09.577,OnTrack,1574,57,1708,pos,0 days 01:21:55.164000,0 days 02:18:52.259000
2024-06-23 14:25:09.817,OnTrack,1429,-168,1707,pos,0 days 01:21:55.404000,0 days 02:18:52.499000
2024-06-23 14:25:10.277,OnTrack,1283,-395,1707,pos,0 days 01:21:55.864000,0 days 02:18:52.959000
2024-06-23 14:25:10.497,OnTrack,1181,-557,1708,pos,0 days 01:21:56.084000,0 days 02:18:53.179000
2024-06-23 14:25:10.717,OnTrack,1095,-693,1708,pos,0 days 01:21:56.304000,0 days 02:18:53.399000
2024-06-23 14:25:11.017,OnTrack,965,-897,1708,pos,0 days 01:21:56.604000,0 days 02:18:53.699000
2024-06-23 14:25:11.277,OnTrack,852,-1075,1708,pos,0 days 01:21:56.864000,0 days 02:18:53.959000
2024-06-23 14:25:11.517,OnTrack,712,-1295,1707,pos,0 days 01:21:57.104000,0 days 02:18:54.199000
2024-06-23 14:25:11.837,OnTrack,606,-1462,1707,pos,0 days 01:21:57.424000,0 days 02:18:54.519000
2024-06-23 14:25:12.017,OnTrack,527,-1587,1708,pos,0 days 01:21:57.604000,0 days 02:18:54.699000
2024-06-23 14:25:12.197,OnTrack,447,-1712,1708,pos,0 days 01:21:57.784000,0 days 02:18:54.879000
2024-06-23 14:25:12.417,OnTrack,349,-1866,1708,pos,0 days 01:21:58.004000,0 days 02:18:55.099000
2024-06-23 14:25:12.657,OnTrack,243,-2035,1708,pos,0 days 01:21:58.244000,0 days 02:18:55.339000
2024-06-23 14:25:12.857,OnTrack,90,-2274,1708,pos,0 days 01:21:58.444000,0 days 02:18:55.539000
2024-06-23 14:25:13.177,OnTrack,10,-2401,1707,pos,0 days 01:21:58.764000,0 days 02:18:55.859000
2024-06-23 14:25:13.517,OnTrack,-147,-2646,1706,pos,0 days 01:21:59.104000,0 days 02:18:56.199000
2024-06-23 14:25:13.677,OnTrack,-221,-2758,1705,pos,0 days 01:21:59.264000,0 days 02:18:56.359000
2024-06-23 14:25:13.917,OnTrack,-332,-2925,1703,pos,0 days 01:21:59.504000,0 days 02:18:56.599000
2024-06-23 14:25:14.117,OnTrack,-425,-3065,1701,pos,0 days 01:21:59.704000,0 days 02:18:56.799000
2024-06-23 14:25:14.357,OnTrack,-537,-3234,1699,pos,0 days 01:21:59.944000,0 days 02:18:57.039000
2024-06-23 14:25:14.576,OnTrack,-640,-3389,1697,pos,0 days 01:22:00.163000,0 days 02:18:57.258000
2024-06-23 14:25:14.736,OnTrack,-716,-3501,1695,pos,0 days 01:22:00.323000,0 days 02:18:57.418000
2024-06-23 14:25:14.917,OnTrack,-810,-3642,1691,pos,0 days 01:22:00.504000,0 days 02:18:57.599000
2024-06-23 14:25:15.157,OnTrack,-923,-3811,1688,pos,0 days 01:22:00.744000,0 days 02:18:57.839000
2024-06-23 14:25:15.317,OnTrack,-999,-3923,1685,pos,0 days 01:22:00.904000,0 days 02:18:57.999000
2024-06-23 14:25:15.577,OnTrack,-1113,-4093,1681,pos,0 days 01:22:01.164000,0 days 02:18:58.259000
2024-06-23 14:25:15.797,OnTrack,-1255,-4305,1675,pos,0 days 01:22:01.384000,0 days 02:18:58.479000
2024-06-23 14:25:16.217,OnTrack,-1436,-4574,1667,pos,0 days 01:22:01.804000,0 days 02:18:58.899000
2024-06-23 14:25:16.617,OnTrack,-1602,-4823,1660,pos,0 days 01:22:02.204000,0 days 02:18:59.299000
2024-06-23 14:25:16.757,OnTrack,-1732,-5024,1655,pos,0 days 01:22:02.344000,0 days 02:18:59.439000
2024-06-23 14:25:17.137,OnTrack,-1839,-5199,1651,pos,0 days 01:22:02.724000,0 days 02:18:59.819000
2024-06-23 14:25:17.457,OnTrack,-2026,-5524,1646,pos,0 days 01:22:03.044000,0 days 02:19:00.139000
2024-06-23 14:25:17.837,OnTrack,-2175,-5789,1642,pos,0 days 01:22:03.424000,0 days 02:19:00.519000
2024-06-23 14:25:18.257,OnTrack,-2362,-6124,1637,pos,0 days 01:22:03.844000,0 days 02:19:00.939000
2024-06-23 14:25:18.557,OnTrack,-2426,-6235,1636,pos,0 days 01:22:04.144000,0 days 02:19:01.239000
2024-06-23 14:25:18.697,OnTrack,-2482,-6327,1635,pos,0 days 01:22:04.284000,0 days 02:19:01.379000
2024-06-23 14:25:18.997,OnTrack,-2582,-6480,1633,pos,0 days 01:22:04.584000,0 days 02:19:01.679000
2024-06-23 14:25:19.277,OnTrack,-2698,-6636,1631,pos,0 days 01:22:04.864000,0 days 02:19:01.959000
2024-06-23 14:25:19.617,OnTrack,-2789,-6741,1628,pos,0 days 01:22:05.204000,0 days 02:19:02.299000
2024-06-23 14:25:19.797,OnTrack,-2847,-6799,1627,pos,0 days 01:22:05.384000,0 days 02:19:02.479000
2024-06-23 14:25:20.017,OnTrack,-2918,-6861,1625,pos,0 days 01:22:05.604000,0 days 02:19:02.699000
2024-06-23 14:25:20.277,OnTrack,-3006,-6921,1623,pos,0 days 01:22:05.864000,0 days 02:19:02.959000
2024-06-23 14:25:20.457,OnTrack,-3069,-6954,1625,pos,0 days 01:22:06.044000,0 days 02:19:03.139000
2024-06-23 14:25:20.657,OnTrack,-3141,-6980,1623,pos,0 days 01:22:06.244000,0 days 02:19:03.339000
2024-06-23 14:25:20.817,OnTrack,-3201,-6991,1623,pos,0 days 01:22:06.404000,0 days 02:19:03.499000
2024-06-23 14:25:21.057,OnTrack,-3337,-6988,1626,pos,0 days 01:22:06.644000,0 days 02:19:03.739000
2024-06-23 14:25:21.497,OnTrack,-3464,-6953,1629,pos,0 days 01:22:07.084000,0 days 02:19:04.179000
2024-06-23 14:25:21.777,OnTrack,-3569,-6908,1631,pos,0 days 01:22:07.364000,0 days 02:19:04.459000
2024-06-23 14:25:21.877,OnTrack,-3606,-6891,1631,pos,0 days 01:22:07.464000,0 days 02:19:04.559000
2024-06-23 14:25:22.177,OnTrack,-3774,-6816,1634,pos,0 days 01:22:07.764000,0 days 02:19:04.859000
2024-06-23 14:25:22.577,OnTrack,-3885,-6780,1637,pos,0 days 01:22:08.164000,0 days 02:19:05.259000
2024-06-23 14:25:22.797,OnTrack,-3981,-6767,1640,pos,0 days 01:22:08.384000,0 days 02:19:05.479000
2024-06-23 14:25:22.957,OnTrack,-4101,-6778,1645,pos,0 days 01:22:08.544000,0 days 02:19:05.639000
2024-06-23 14:25:23.337,OnTrack,-4232,-6817,1651,pos,0 days 01:22:08.924000,0 days 02:19:06.019000
2024-06-23 14:25:23.537,OnTrack,-4323,-6858,1656,pos,0 days 01:22:09.124000,0 days 02:19:06.219000
2024-06-23 14:25:23.657,OnTrack,-4377,-6887,1659,pos,0 days 01:22:09.244000,0 days 02:19:06.339000
2024-06-23 14:25:23.837,OnTrack,-4457,-6935,1663,pos,0 days 01:22:09.424000,0 days 02:19:06.519000
2024-06-23 14:25:24.177,OnTrack,-4652,-7070,1675,pos,0 days 01:22:09.764000,0 days 02:19:06.859000
2024-06-23 14:25:24.557,OnTrack,-4781,-7160,1682,pos,0 days 01:22:10.144000,0 days 02:19:07.239000
2024-06-23 14:25:24.817,OnTrack,-4941,-7259,1690,pos,0 days 01:22:10.404000,0 days 02:19:07.499000
2024-06-23 14:25:25.257,OnTrack,-5212,-7389,1702,pos,0 days 01:22:10.844000,0 days 02:19:07.939000
2024-06-23 14:25:25.677,OnTrack,-5385,-7436,1710,pos,0 days 01:22:11.264000,0 days 02:19:08.359000
2024-06-23 14:25:25.737,OnTrack,-5421,-7442,1712,pos,0 days 01:22:11.324000,0 days 02:19:08.419000
2024-06-23 14:25:25.957,OnTrack,-5550,-7454,1717,pos,0 days 01:22:11.544000,0 days 02:19:08.639000
2024-06-23 14:25:26.237,OnTrack,-5713,-7448,1724,pos,0 days 01:22:11.824000,0 days 02:19:08.919000
2024-06-23 14:25:26.497,OnTrack,-5863,-7422,1730,pos,0 days 01:22:12.084000,0 days 02:19:09.179000
2024-06-23 14:25:26.717,OnTrack,-5988,-7386,1736,pos,0 days 01:22:12.304000,0 days 02:19:09.399000
2024-06-23 14:25:26.837,OnTrack,-6054,-7360,1737,pos,0 days 01:22:12.424000,0 days 02:19:09.519000
2024-06-23 14:25:27.017,OnTrack,-6151,-7313,1742,pos,0 days 01:22:12.604000,0 days 02:19:09.699000
2024-06-23 14:25:27.237,OnTrack,-6264,-7244,1746,pos,0 days 01:22:12.824000,0 days 02:19:09.919000
2024-06-23 14:25:27.477,OnTrack,-6376,-7151,1751,pos,0 days 01:22:13.064000,0 days 02:19:10.159000
2024-06-23 14:25:27.736,OnTrack,-6484,-7028,1755,pos,0 days 01:22:13.323000,0 days 02:19:10.418000
2024-06-23 14:25:27.956,OnTrack,-6608,-6818,1761,pos,0 days 01:22:13.543000,0 days 02:19:10.638000
2024-06-23 14:25:28.297,OnTrack,-6657,-6696,1763,pos,0 days 01:22:13.884000,0 days 02:19:10.979000
2024-06-23 14:25:28.577,OnTrack,-6704,-6515,1766,pos,0 days 01:22:14.164000,0 days 02:19:11.259000
2024-06-23 14:25:28.737,OnTrack,-6719,-6421,1768,pos,0 days 01:22:14.324000,0 days 02:19:11.419000
2024-06-23 14:25:29.017,OnTrack,-6733,-6229,1770,pos,0 days 01:22:14.604000,0 days 02:19:11.699000
2024-06-23 14:25:29.197,OnTrack,-6728,-6033,1773,pos,0 days 01:22:14.784000,0 days 02:19:11.879000
2024-06-23 14:25:29.617,OnTrack,-6704,-5808,1776,pos,0 days 01:22:15.204000,0 days 02:19:12.299000
2024-06-23 14:25:29.777,OnTrack,-6685,-5695,1778,pos,0 days 01:22:15.364000,0 days 02:19:12.459000
2024-06-23 14:25:29.957,OnTrack,-6663,-5579,1779,pos,0 days 01:22:15.544000,0 days 02:19:12.639000
2024-06-23 14:25:30.117,OnTrack,-6637,-5470,1781,pos,0 days 01:22:15.704000,0 days 02:19:12.799000
2024-06-23 14:25:30.437,OnTrack,-6541,-5161,1786,pos,0 days 01:22:16.024000,0 days 02:19:13.119000
2024-06-23 14:25:30.817,OnTrack,-6459,-4985,1790,pos,0 days 01:22:16.404000,0 days 02:19:13.499000
2024-06-23 14:25:30.917,OnTrack,-6422,-4919,1790,pos,0 days 01:22:16.504000,0 days 02:19:13.599000
2024-06-23 14:25:31.157,OnTrack,-6325,-4763,1793,pos,0 days 01:22:16.744000,0 days 02:19:13.839000
2024-06-23 14:25:31.377,OnTrack,-6229,-4623,1795,pos,0 days 01:22:16.964000,0 days 02:19:14.059000
2024-06-23 14:25:31.677,OnTrack,-6095,-4434,1798,pos,0 days 01:22:17.264000,0 days 02:19:14.359000
2024-06-23 14:25:31.837,OnTrack,-6022,-4333,1800,pos,0 days 01:22:17.424000,0 days 02:19:14.519000
2024-06-23 14:25:32.037,OnTrack,-5907,-4147,1803,pos,0 days 01:22:17.624000,0 days 02:19:14.719000
2024-06-23 14:25:32.397,OnTrack,-5794,-3956,1806,pos,0 days 01:22:17.984000,0 days 02:19:15.079000
2024-06-23 14:25:32.577,OnTrack,-5721,-3834,1807,pos,0 days 01:22:18.164000,0 days 02:19:15.259000
2024-06-23 14:25:32.737,OnTrack,-5657,-3732,1809,pos,0 days 01:22:18.324000,0 days 02:19:15.419000
2024-06-23 14:25:33.017,OnTrack,-5540,-3554,1812,pos,0 days 01:22:18.604000,0 days 02:19:15.699000
2024-06-23 14:25:33.197,OnTrack,-5467,-3449,1814,pos,0 days 01:22:18.784000,0 days 02:19:15.879000
2024-06-23 14:25:33.477,OnTrack,-5362,-3297,1816,pos,0 days 01:22:19.064000,0 days 02:19:16.159000
2024-06-23 14:25:33.637,OnTrack,-5306,-3220,1817,pos,0 days 01:22:19.224000,0 days 02:19:16.319000
2024-06-23 14:25:33.777,OnTrack,-5258,-3159,1818,pos,0 days 01:22:19.364000,0 days 02:19:16.459000
2024-06-23 14:25:34.077,OnTrack,-5155,-3044,1819,pos,0 days 01:22:19.664000,0 days 02:19:16.759000
2024-06-23 14:25:34.276,OnTrack,-5047,-2952,1820,pos,0 days 01:22:19.863000,0 days 02:19:16.958000
2024-06-23 14:25:34.737,OnTrack,-4900,-2873,1822,pos,0 days 01:22:20.324000,0 days 02:19:17.419000
2024-06-23 14:25:34.877,OnTrack,-4795,-2845,1824,pos,0 days 01:22:20.464000,0 days 02:19:17.559000
2024-06-23 14:25:35.357,OnTrack,-4622,-2845,1826,pos,0 days 01:22:20.944000,0 days 02:19:18.039000
2024-06-23 14:25:35.637,OnTrack,-4555,-2860,1828,pos,0 days 01:22:21.224000,0 days 02:19:18.319000
2024-06-23 14:25:35.837,OnTrack,-4485,-2885,1829,pos,0 days 01:22:21.424000,0 days 02:19:18.519000
2024-06-23 14:25:36.077,OnTrack,-4406,-2926,1831,pos,0 days 01:22:21.664000,0 days 02:19:18.759000
2024-06-23 14:25:36.317,OnTrack,-4335,-2976,1832,pos,0 days 01:22:21.904000,0 days 02:19:18.999000
2024-06-23 14:25:36.597,OnTrack,-4235,-3080,1835,pos,0 days 01:22:22.184000,0 days 02:19:19.279000
2024-06-23 14:25:36.877,OnTrack,-4193,-3136,1835,pos,0 days 01:22:22.464000,0 days 02:19:19.559000
2024-06-23 14:25:37.157,OnTrack,-4116,-3269,1837,pos,0 days 01:22:22.744000,0 days 02:19:19.839000
2024-06-23 14:25:37.477,OnTrack,-4081,-3354,1838,pos,0 days 01:22:23.064000,0 days 02:19:20.159000
2024-06-23 14:25:37.757,OnTrack,-4048,-3474,1838,pos,0 days 01:22:23.344000,0 days 02:19:20.439000
2024-06-23 14:25:37.957,OnTrack,-4033,-3565,1839,pos,0 days 01:22:23.544000,0 days 02:19:20.639000
2024-06-23 14:25:38.157,OnTrack,-4027,-3660,1839,pos,0 days 01:22:23.744000,0 days 02:19:20.839000
2024-06-23 14:25:38.377,OnTrack,-4041,-3842,1839,pos,0 days 01:22:23.964000,0 days 02:19:21.059000
2024-06-23 14:25:38.877,OnTrack,-4092,-4030,1837,pos,0 days 01:22:24.464000,0 days 02:19:21.559000
2024-06-23 14:25:38.897,OnTrack,-4096,-4040,1837,pos,0 days 01:22:24.484000,0 days 02:19:21.579000
2024-06-23 14:25:39.157,OnTrack,-4156,-4175,1835,pos,0 days 01:22:24.744000,0 days 02:19:21.839000
2024-06-23 14:25:39.477,OnTrack,-4255,-4336,1832,pos,0 days 01:22:25.064000,0 days 02:19:22.159000
2024-06-23 14:25:39.677,OnTrack,-4325,-4436,1830,pos,0 days 01:22:25.264000,0 days 02:19:22.359000
2024-06-23 14:25:39.877,OnTrack,-4397,-4537,1828,pos,0 days 01:22:25.464000,0 days 02:19:22.559000
2024-06-23 14:25:40.117,OnTrack,-4517,-4701,1823,pos,0 days 01:22:25.704000,0 days 02:19:22.799000
2024-06-23 14:25:40.497,OnTrack,-4633,-4859,1820,pos,0 days 01:22:26.084000,0 days 02:19:23.179000
2024-06-23 14:25:40.697,OnTrack,-4727,-4987,1817,pos,0 days 01:22:26.284000,0 days 02:19:23.379000
2024-06-23 14:25:40.936,OnTrack,-4805,-5095,1815,pos,0 days 01:22:26.523000,0 days 02:19:23.618000
2024-06-23 14:25:41.157,OnTrack,-4898,-5223,1812,pos,0 days 01:22:26.744000,0 days 02:19:23.839000
2024-06-23 14:25:41.357,OnTrack,-4969,-5323,1808,pos,0 days 01:22:26.944000,0 days 02:19:24.039000
2024-06-23 14:25:41.577,OnTrack,-5037,-5425,1805,pos,0 days 01:22:27.164000,0 days 02:19:24.259000
2024-06-23 14:25:41.937,OnTrack,-5114,-5556,1800,pos,0 days 01:22:27.524000,0 days 02:19:24.619000
2024-06-23 14:25:42.137,OnTrack,-5153,-5632,1797,pos,0 days 01:22:27.724000,0 days 02:19:24.819000
2024-06-23 14:25:42.357,OnTrack,-5196,-5739,1793,pos,0 days 01:22:27.944000,0 days 02:19:25.039000
2024-06-23 14:25:42.737,OnTrack,-5221,-5841,1788,pos,0 days 01:22:28.324000,0 days 02:19:25.419000
2024-06-23 14:25:42.857,OnTrack,-5226,-5881,1787,pos,0 days 01:22:28.444000,0 days 02:19:25.539000
2024-06-23 14:25:43.117,OnTrack,-5225,-5962,1783,pos,0 days 01:22:28.704000,0 days 02:19:25.799000
2024-06-23 14:25:43.317,OnTrack,-5212,-6020,1779,pos,0 days 01:22:28.904000,0 days 02:19:25.999000
2024-06-23 14:25:43.537,OnTrack,-5188,-6079,1775,pos,0 days 01:22:29.124000,0 days 02:19:26.219000
2024-06-23 14:25:43.777,OnTrack,-5151,-6135,1771,pos,0 days 01:22:29.364000,0 days 02:19:26.459000
2024-06-23 14:25:43.897,OnTrack,-5129,-6158,1769,pos,0 days 01:22:29.484000,0 days 02:19:26.579000
2024-06-23 14:25:44.137,OnTrack,-5079,-6197,1767,pos,0 days 01:22:29.724000,0 days 02:19:26.819000
2024-06-23 14:25:44.377,OnTrack,-4989,-6236,1762,pos,0 days 01:22:29.964000,0 days 02:19:27.059000
2024-06-23 14:25:44.857,OnTrack,-4900,-6251,1758,pos,0 days 01:22:30.444000,0 days 02:19:27.539000
2024-06-23 14:25:44.937,OnTrack,-4878,-6251,1756,pos,0 days 01:22:30.524000,0 days 02:19:27.619000
2024-06-23 14:25:45.217,OnTrack,-4801,-6247,1752,pos,0 days 01:22:30.804000,0 days 02:19:27.899000
2024-06-23 14:25:45.437,OnTrack,-4737,-6235,1747,pos,0 days 01:22:31.024000,0 days 02:19:28.119000
2024-06-23 14:25:45.657,OnTrack,-4659,-6213,1742,pos,0 days 01:22:31.244000,0 days 02:19:28.339000
2024-06-23 14:25:45.937,OnTrack,-4584,-6185,1737,pos,0 days 01:22:31.524000,0 days 02:19:28.619000
2024-06-23 14:25:46.237,OnTrack,-4486,-6139,1731,pos,0 days 01:22:31.824000,0 days 02:19:28.919000
2024-06-23 14:25:46.437,OnTrack,-4416,-6103,1725,pos,0 days 01:22:32.024000,0 days 02:19:29.119000
2024-06-23 14:25:46.597,OnTrack,-4358,-6072,1722,pos,0 days 01:22:32.184000,0 days 02:19:29.279000
2024-06-23 14:25:46.797,OnTrack,-4282,-6030,1717,pos,0 days 01:22:32.384000,0 days 02:19:29.479000
2024-06-23 14:25:46.937,OnTrack,-4226,-6000,1713,pos,0 days 01:22:32.524000,0 days 02:19:29.619000
2024-06-23 14:25:47.157,OnTrack,-4133,-5950,1707,pos,0 days 01:22:32.744000,0 days 02:19:29.839000
2024-06-23 14:25:47.357,OnTrack,-4043,-5903,1701,pos,0 days 01:22:32.944000,0 days 02:19:30.039000
2024-06-23 14:25:47.616,OnTrack,-3863,-5817,1690,pos,0 days 01:22:33.203000,0 days 02:19:30.298000
2024-06-23 14:25:47.937,OnTrack,-3689,-5743,1681,pos,0 days 01:22:33.524000,0 days 02:19:30.619000
2024-06-23 14:25:47.997,OnTrack,-3657,-5729,1680,pos,0 days 01:22:33.584000,0 days 02:19:30.679000
2024-06-23 14:25:48.197,OnTrack,-3549,-5684,1676,pos,0 days 01:22:33.784000,0 days 02:19:30.879000
2024-06-23 14:25:48.437,OnTrack,-3427,-5630,1670,pos,0 days 01:22:34.024000,0 days 02:19:31.119000
2024-06-23 14:25:48.697,OnTrack,-3283,-5558,1664,pos,0 days 01:22:34.284000,0 days 02:19:31.379000
2024-06-23 14:25:48.937,OnTrack,-3151,-5479,1660,pos,0 days 01:22:34.524000,0 days 02:19:31.619000
2024-06-23 14:25:49.097,OnTrack,-3064,-5421,1657,pos,0 days 01:22:34.684000,0 days 02:19:31.779000
2024-06-23 14:25:49.317,OnTrack,-2897,-5288,1653,pos,0 days 01:22:34.904000,0 days 02:19:31.999000
2024-06-23 14:25:49.777,OnTrack,-2693,-5084,1650,pos,0 days 01:22:35.364000,0 days 02:19:32.459000
2024-06-23 14:25:50.077,OnTrack,-2587,-4954,1650,pos,0 days 01:22:35.664000,0 days 02:19:32.759000
2024-06-23 14:25:50.377,OnTrack,-2407,-4703,1651,pos,0 days 01:22:35.964000,0 days 02:19:33.059000
2024-06-23 14:25:50.757,OnTrack,-2281,-4520,1653,pos,0 days 01:22:36.344000,0 days 02:19:33.439000
2024-06-23 14:25:51.237,OnTrack,-2137,-4285,1660,pos,0 days 01:22:36.824000,0 days 02:19:33.919000
2024-06-23 14:25:51.637,OnTrack,-2096,-4146,1662,pos,0 days 01:22:37.224000,0 days 02:19:34.319000
2024-06-23 14:25:51.897,OnTrack,-2087,-4078,1662,pos,0 days 01:22:37.484000,0 days 02:19:34.579000
2024-06-23 14:25:52.137,OnTrack,-2083,-3978,1666,pos,0 days 01:22:37.724000,0 days 02:19:34.819000
2024-06-23 14:25:52.377,OnTrack,-2088,-3882,1669,pos,0 days 01:22:37.964000,0 days 02:19:35.059000
2024-06-23 14:25:52.557,OnTrack,-2099,-3815,1673,pos,0 days 01:22:38.144000,0 days 02:19:35.239000
2024-06-23 14:25:52.877,OnTrack,-2141,-3707,1680,pos,0 days 01:22:38.464000,0 days 02:19:35.559000
2024-06-23 14:25:53.017,OnTrack,-2192,-3634,1683,pos,0 days 01:22:38.604000,0 days 02:19:35.699000
2024-06-23 14:25:53.457,OnTrack,-2300,-3535,1689,pos,0 days 01:22:39.044000,0 days 02:19:36.139000
2024-06-23 14:25:53.837,OnTrack,-2412,-3454,1694,pos,0 days 01:22:39.424000,0 days 02:19:36.519000
2024-06-23 14:25:54.036,OnTrack,-2480,-3404,1698,pos,0 days 01:22:39.623000,0 days 02:19:36.718000
2024-06-23 14:25:54.136,OnTrack,-2513,-3377,1702,pos,0 days 01:22:39.723000,0 days 02:19:36.818000
2024-06-23 14:25:54.497,OnTrack,-2662,-3225,1715,pos,0 days 01:22:40.084000,0 days 02:19:37.179000
2024-06-23 14:25:54.857,OnTrack,-2741,-3109,1726,pos,0 days 01:22:40.444000,0 days 02:19:37.539000
2024-06-23 14:25:55.057,OnTrack,-2814,-2966,1736,pos,0 days 01:22:40.644000,0 days 02:19:37.739000
2024-06-23 14:25:55.397,OnTrack,-2865,-2855,1744,pos,0 days 01:22:40.984000,0 days 02:19:38.079000
2024-06-23 14:25:55.757,OnTrack,-2972,-2624,1759,pos,0 days 01:22:41.344000,0 days 02:19:38.439000
2024-06-23 14:25:56.037,OnTrack,-3024,-2515,1767,pos,0 days 01:22:41.624000,0 days 02:19:38.719000
2024-06-23 14:25:56.237,OnTrack,-3077,-2404,1774,pos,0 days 01:22:41.824000,0 days 02:19:38.919000
2024-06-23 14:25:56.537,OnTrack,-3159,-2232,1785,pos,0 days 01:22:42.124000,0 days 02:19:39.219000
2024-06-23 14:25:56.777,OnTrack,-3226,-2090,1795,pos,0 days 01:22:42.364000,0 days 02:19:39.459000
2024-06-23 14:25:56.977,OnTrack,-3283,-1970,1802,pos,0 days 01:22:42.564000,0 days 02:19:39.659000
2024-06-23 14:25:57.037,OnTrack,-3300,-1934,1805,pos,0 days 01:22:42.624000,0 days 02:19:39.719000
2024-06-23 14:25:57.277,OnTrack,-3370,-1789,1814,pos,0 days 01:22:42.864000,0 days 02:19:39.959000
2024-06-23 14:25:57.477,OnTrack,-3423,-1665,1823,pos,0 days 01:22:43.064000,0 days 02:19:40.159000
2024-06-23 14:25:57.777,OnTrack,-3498,-1392,1838,pos,0 days 01:22:43.364000,0 days 02:19:40.459000
2024-06-23 14:25:58.037,OnTrack,-3505,-1316,1841,pos,0 days 01:22:43.624000,0 days 02:19:40.719000
2024-06-23 14:25:58.257,OnTrack,-3506,-1178,1846,pos,0 days 01:22:43.844000,0 days 02:19:40.939000
2024-06-23 14:25:58.537,OnTrack,-3487,-1007,1853,pos,0 days 01:22:44.124000,0 days 02:19:41.219000
2024-06-23 14:25:58.697,OnTrack,-3468,-912,1857,pos,0 days 01:22:44.284000,0 days 02:19:41.379000
2024-06-23 14:25:58.977,OnTrack,-3420,-751,1863,pos,0 days 01:22:44.564000,0 days 02:19:41.659000
2024-06-23 14:25:59.217,OnTrack,-3363,-618,1867,pos,0 days 01:22:44.804000,0 days 02:19:41.899000
2024-06-23 14:25:59.457,OnTrack,-3226,-414,1872,pos,0 days 01:22:45.044000,0 days 02:19:42.139000
2024-06-23 14:25:59.817,OnTrack,-3117,-317,1874,pos,0 days 01:22:45.404000,0 days 02:19:42.499000
2024-06-23 14:25:59.977,OnTrack,-3029,-263,1875,pos,0 days 01:22:45.564000,0 days 02:19:42.659000
2024-06-23 14:26:00.237,OnTrack,-2872,-190,1874,pos,0 days 01:22:45.824000,0 days 02:19:42.919000
2024-06-23 14:26:00.477,OnTrack,-2722,-131,1873,pos,0 days 01:22:46.064000,0 days 02:19:43.159000
2024-06-23 14:26:00.636,OnTrack,-2623,-91,1871,pos,0 days 01:22:46.223000,0 days 02:19:43.318000
2024-06-23 14:26:00.877,OnTrack,-2461,-19,1870,pos,0 days 01:22:46.464000,0 days 02:19:43.559000
2024-06-23 14:26:01.077,OnTrack,-2334,39,1868,pos,0 days 01:22:46.664000,0 days 02:19:43.759000
2024-06-23 14:26:01.237,OnTrack,-2232,87,1866,pos,0 days 01:22:46.824000,0 days 02:19:43.919000
2024-06-23 14:26:01.517,OnTrack,-2026,184,1864,pos,0 days 01:22:47.104000,0 days 02:19:44.199000
2024-06-23 14:26:01.797,OnTrack,-1883,252,1862,pos,0 days 01:22:47.384000,0 days 02:19:44.479000
2024-06-23 14:26:02.117,OnTrack,-1670,353,1859,pos,0 days 01:22:47.704000,0 days 02:19:44.799000
2024-06-23 14:26:02.237,OnTrack,-1590,391,1858,pos,0 days 01:22:47.824000,0 days 02:19:44.919000
2024-06-23 14:26:02.517,OnTrack,-1400,481,1856,pos,0 days 01:22:48.104000,0 days 02:19:45.199000
2024-06-23 14:26:02.717,OnTrack,-1264,547,1854,pos,0 days 01:22:48.304000,0 days 02:19:45.399000
2024-06-23 14:26:02.957,OnTrack,-1100,628,1852,pos,0 days 01:22:48.544000,0 days 02:19:45.639000
2024-06-23 14:26:03.217,OnTrack,-908,728,1849,pos,0 days 01:22:48.804000,0 days 02:19:45.899000
2024-06-23 14:26:03.517,OnTrack,-715,831,1847,pos,0 days 01:22:49.104000,0 days 02:19:46.199000
2024-06-23 14:26:03.737,OnTrack,-562,912,1845,pos,0 days 01:22:49.324000,0 days 02:19:46.419000
2024-06-23 14:26:03.957,OnTrack,-409,994,1842,pos,0 days 01:22:49.544000,0 days 02:19:46.639000
2024-06-23 14:26:04.157,OnTrack,-269,1069,1840,pos,0 days 01:22:49.744000,0 days 02:19:46.839000
2024-06-23 14:26:04.457,OnTrack,41,1235,1836,pos,0 days 01:22:50.044000,0 days 02:19:47.139000
2024-06-23 14:26:04.797,OnTrack,267,1354,1833,pos,0 days 01:22:50.384000,0 days 02:19:47.479000
2024-06-23 14:26:05.297,OnTrack,637,1531,1828,pos,0 days 01:22:50.884000,0 days 02:19:47.979000
2024-06-23 14:26:05.577,OnTrack,731,1570,1827,pos,0 days 01:22:51.164000,0 days 02:19:48.259000
2024-06-23 14:26:05.857,OnTrack,965,1664,1824,pos,0 days 01:22:51.444000,0 days 02:19:48.539000
2024-06-23 14:26:06.177,OnTrack,1067,1706,1823,pos,0 days 01:22:51.764000,0 days 02:19:48.859000
2024-06-23 14:26:06.497,OnTrack,1204,1771,1822,pos,0 days 01:22:52.084000,0 days 02:19:49.179000
2024-06-23 14:26:06.657,OnTrack,1262,1806,1821,pos,0 days 01:22:52.244000,0 days 02:19:49.339000
2024-06-23 14:26:06.877,OnTrack,1332,1857,1820,pos,0 days 01:22:52.464000,0 days 02:19:49.559000
2024-06-23 14:26:07.137,OnTrack,1397,1925,1819,pos,0 days 01:22:52.724000,0 days 02:19:49.819000
2024-06-23 14:26:07.236,OnTrack,1416,1954,1819,pos,0 days 01:22:52.823000,0 days 02:19:49.918000
2024-06-23 14:26:07.537,OnTrack,1456,2055,1818,pos,0 days 01:22:53.124000,0 days 02:19:50.219000
2024-06-23 14:26:07.757,OnTrack,1464,2146,1817,pos,0 days 01:22:53.344000,0 days 02:19:50.439000
2024-06-23 14:26:08.037,OnTrack,1454,2217,1817,pos,0 days 01:22:53.624000,0 days 02:19:50.719000
2024-06-23 14:26:08.297,OnTrack,1415,2329,1819,pos,0 days 01:22:53.884000,0 days 02:19:50.979000
2024-06-23 14:26:08.757,OnTrack,1365,2412,1822,pos,0 days 01:22:54.344000,0 days 02:19:51.439000
2024-06-23 14:26:08.917,OnTrack,1337,2449,1823,pos,0 days 01:22:54.504000,0 days 02:19:51.599000
2024-06-23 14:26:09.177,OnTrack,1286,2504,1825,pos,0 days 01:22:54.764000,0 days 02:19:51.859000
2024-06-23 14:26:09.377,OnTrack,1243,2540,1826,pos,0 days 01:22:54.964000,0 days 02:19:52.059000
2024-06-23 14:26:09.557,OnTrack,1171,2585,1828,pos,0 days 01:22:55.144000,0 days 02:19:52.239000
2024-06-23 14:26:09.997,OnTrack,1084,2620,1830,pos,0 days 01:22:55.584000,0 days 02:19:52.679000
2024-06-23 14:26:10.177,OnTrack,1030,2635,1831,pos,0 days 01:22:55.764000,0 days 02:19:52.859000
2024-06-23 14:26:10.337,OnTrack,940,2651,1833,pos,0 days 01:22:55.924000,0 days 02:19:53.019000
2024-06-23 14:26:10.777,OnTrack,828,2660,1835,pos,0 days 01:22:56.364000,0 days 02:19:53.459000
2024-06-23 14:26:10.957,OnTrack,761,2658,1836,pos,0 days 01:22:56.544000,0 days 02:19:53.639000
2024-06-23 14:26:11.217,OnTrack,659,2647,1838,pos,0 days 01:22:56.804000,0 days 02:19:53.899000
2024-06-23 14:26:11.337,OnTrack,610,2638,1840,pos,0 days 01:22:56.924000,0 days 02:19:54.019000
2024-06-23 14:26:11.577,OnTrack,509,2611,1842,pos,0 days 01:22:57.164000,0 days 02:19:54.259000
2024-06-23 14:26:11.857,OnTrack,389,2564,1847,pos,0 days 01:22:57.444000,0 days 02:19:54.539000
2024-06-23 14:26:12.097,OnTrack,240,2483,1853,pos,0 days 01:22:57.684000,0 days 02:19:54.779000
2024-06-23 14:26:12.457,OnTrack,89,2380,1862,pos,0 days 01:22:58.044000,0 days 02:19:55.139000
2024-06-23 14:26:12.837,OnTrack,-113,2248,1872,pos,0 days 01:22:58.424000,0 days 02:19:55.519000
2024-06-23 14:26:13.137,OnTrack,-189,2210,1875,pos,0 days 01:22:58.724000,0 days 02:19:55.819000
2024-06-23 14:26:13.477,OnTrack,-344,2153,1880,pos,0 days 01:22:59.064000,0 days 02:19:56.159000
2024-06-23 14:26:13.737,OnTrack,-473,2128,1886,pos,0 days 01:22:59.324000,0 days 02:19:56.419000
2024-06-23 14:26:14.016,OnTrack,-571,2122,1891,pos,0 days 01:22:59.603000,0 days 02:19:56.698000
2024-06-23 14:26:14.197,OnTrack,-649,2126,1895,pos,0 days 01:22:59.784000,0 days 02:19:56.879000
2024-06-23 14:26:14.377,OnTrack,-715,2138,1898,pos,0 days 01:22:59.964000,0 days 02:19:57.059000
2024-06-23 14:26:14.677,OnTrack,-808,2171,1903,pos,0 days 01:23:00.264000,0 days 02:19:57.359000
2024-06-23 14:26:14.937,OnTrack,-883,2220,1906,pos,0 days 01:23:00.524000,0 days 02:19:57.619000
2024-06-23 14:26:15.137,OnTrack,-931,2266,1908,pos,0 days 01:23:00.724000,0 days 02:19:57.819000
2024-06-23 14:26:15.217,OnTrack,-948,2286,1908,pos,0 days 01:23:00.804000,0 days 02:19:57.899000
2024-06-23 14:26:15.477,OnTrack,-993,2356,1910,pos,0 days 01:23:01.064000,0 days 02:19:58.159000
2024-06-23 14:26:15.657,OnTrack,-1015,2407,1911,pos,0 days 01:23:01.244000,0 days 02:19:58.339000
2024-06-23 14:26:15.937,OnTrack,-1039,2488,1912,pos,0 days 01:23:01.524000,0 days 02:19:58.619000
2024-06-23 14:26:16.117,OnTrack,-1047,2542,1913,pos,0 days 01:23:01.704000,0 days 02:19:58.799000
2024-06-23 14:26:16.337,OnTrack,-1051,2610,1914,pos,0 days 01:23:01.924000,0 days 02:19:59.019000
2024-06-23 14:26:16.597,OnTrack,-1040,2717,1916,pos,0 days 01:23:02.184000,0 days 02:19:59.279000
2024-06-23 14:26:17.017,OnTrack,-1006,2844,1917,pos,0 days 01:23:02.604000,0 days 02:19:59.699000
2024-06-23 14:26:17.377,OnTrack,-964,2939,1920,pos,0 days 01:23:02.964000,0 days 02:20:00.059000
2024-06-23 14:26:17.597,OnTrack,-923,3009,1921,pos,0 days 01:23:03.184000,0 days 02:20:00.279000
2024-06-23 14:26:17.777,OnTrack,-853,3105,1922,pos,0 days 01:23:03.364000,0 days 02:20:00.459000
2024-06-23 14:26:17.937,OnTrack,-811,3153,1922,pos,0 days 01:23:03.524000,0 days 02:20:00.619000
2024-06-23 14:26:18.097,OnTrack,-764,3200,1923,pos,0 days 01:23:03.684000,0 days 02:20:00.779000
2024-06-23 14:26:18.417,OnTrack,-658,3293,1922,pos,0 days 01:23:04.004000,0 days 02:20:01.099000
2024-06-23 14:26:18.597,OnTrack,-593,3346,1922,pos,0 days 01:23:04.184000,0 days 02:20:01.279000
2024-06-23 14:26:18.897,OnTrack,-476,3437,1920,pos,0 days 01:23:04.484000,0 days 02:20:01.579000
2024-06-23 14:26:19.897,OnTrack,-50,3792,1909,pos,0 days 01:23:05.484000,0 days 02:20:02.579000
2024-06-23 14:26:20.117,OnTrack,102,3914,1903,pos,0 days 01:23:05.704000,0 days 02:20:02.799000
2024-06-23 14:26:20.376,OnTrack,183,3972,1899,pos,0 days 01:23:05.963000,0 days 02:20:03.058000
2024-06-23 14:26:20.596,OnTrack,302,4043,1893,pos,0 days 01:23:06.183000,0 days 02:20:03.278000
2024-06-23 14:26:20.857,OnTrack,469,4108,1886,pos,0 days 01:23:06.444000,0 days 02:20:03.539000
2024-06-23 14:26:21.057,OnTrack,594,4133,1880,pos,0 days 01:23:06.644000,0 days 02:20:03.739000
2024-06-23 14:26:21.317,OnTrack,753,4138,1872,pos,0 days 01:23:06.904000,0 days 02:20:03.999000
2024-06-23 14:26:21.537,OnTrack,903,4119,1863,pos,0 days 01:23:07.124000,0 days 02:20:04.219000
2024-06-23 14:26:21.697,OnTrack,1008,4095,1857,pos,0 days 01:23:07.284000,0 days 02:20:04.379000
2024-06-23 14:26:21.937,OnTrack,1228,4012,1844,pos,0 days 01:23:07.524000,0 days 02:20:04.619000
2024-06-23 14:26:22.397,OnTrack,1451,3896,1830,pos,0 days 01:23:07.984000,0 days 02:20:05.079000
2024-06-23 14:26:22.597,OnTrack,1573,3823,1824,pos,0 days 01:23:08.184000,0 days 02:20:05.279000
2024-06-23 14:26:22.817,OnTrack,1765,3700,1813,pos,0 days 01:23:08.404000,0 days 02:20:05.499000
2024-06-23 14:26:23.177,OnTrack,1922,3599,1803,pos,0 days 01:23:08.764000,0 days 02:20:05.859000
2024-06-23 14:26:23.357,OnTrack,2032,3529,1797,pos,0 days 01:23:08.944000,0 days 02:20:06.039000
2024-06-23 14:26:23.517,OnTrack,2130,3466,1790,pos,0 days 01:23:09.104000,0 days 02:20:06.199000
2024-06-23 14:26:23.737,OnTrack,2264,3379,1784,pos,0 days 01:23:09.324000,0 days 02:20:06.419000
2024-06-23 14:26:24.057,OnTrack,2450,3244,1774,pos,0 days 01:23:09.644000,0 days 02:20:06.739000
2024-06-23 14:26:24.277,OnTrack,2545,3160,1769,pos,0 days 01:23:09.864000,0 days 02:20:06.959000
2024-06-23 14:26:24.377,OnTrack,2594,3112,1766,pos,0 days 01:23:09.964000,0 days 02:20:07.059000
2024-06-23 14:26:24.657,OnTrack,2714,2972,1759,pos,0 days 01:23:10.244000,0 days 02:20:07.339000
2024-06-23 14:26:24.837,OnTrack,2773,2875,1756,pos,0 days 01:23:10.424000,0 days 02:20:07.519000
2024-06-23 14:26:25.097,OnTrack,2836,2721,1751,pos,0 days 01:23:10.684000,0 days 02:20:07.779000
2024-06-23 14:26:25.297,OnTrack,2866,2596,1748,pos,0 days 01:23:10.884000,0 days 02:20:07.979000
2024-06-23 14:26:25.477,OnTrack,2885,2393,1744,pos,0 days 01:23:11.064000,0 days 02:20:08.159000
2024-06-23 14:26:25.957,OnTrack,2856,2173,1738,pos,0 days 01:23:11.544000,0 days 02:20:08.639000
2024-06-23 14:26:26.137,OnTrack,2823,2059,1737,pos,0 days 01:23:11.724000,0 days 02:20:08.819000
2024-06-23 14:26:26.317,OnTrack,2776,1947,1735,pos,0 days 01:23:11.904000,0 days 02:20:08.999000
2024-06-23 14:26:26.517,OnTrack,2714,1825,1733,pos,0 days 01:23:12.104000,0 days 02:20:09.199000
2024-06-23 14:26:26.777,OnTrack,2607,1646,1731,pos,0 days 01:23:12.364000,0 days 02:20:09.459000
2024-06-23 14:26:27.096,OnTrack,2501,1482,1728,pos,0 days 01:23:12.683000,0 days 02:20:09.778000
2024-06-23 14:26:27.317,OnTrack,2407,1339,1725,pos,0 days 01:23:12.904000,0 days 02:20:09.999000
2024-06-23 14:26:27.577,OnTrack,2305,1182,1722,pos,0 days 01:23:13.164000,0 days 02:20:10.259000
2024-06-23 14:26:27.777,OnTrack,2225,1060,1720,pos,0 days 01:23:13.364000,0 days 02:20:10.459000
2024-06-23 14:26:27.997,OnTrack,2146,936,1718,pos,0 days 01:23:13.584000,0 days 02:20:10.679000
2024-06-23 14:26:28.237,OnTrack,1991,699,1714,pos,0 days 01:23:13.824000,0 days 02:20:10.919000
2024-06-23 14:26:28.637,OnTrack,1825,445,1710,pos,0 days 01:23:14.224000,0 days 02:20:11.319000
2024-06-23 14:26:28.997,OnTrack,1700,254,1708,pos,0 days 01:23:14.584000,0 days 02:20:11.679000
2024-06-23 14:26:29.477,OnTrack,1532,-8,1708,pos,0 days 01:23:15.064000,0 days 02:20:12.159000
2024-06-23 14:26:29.897,OnTrack,1362,-273,1707,pos,0 days 01:23:15.484000,0 days 02:20:12.579000
2024-06-23 14:26:30.057,OnTrack,1251,-447,1707,pos,0 days 01:23:15.644000,0 days 02:20:12.739000
2024-06-23 14:26:30.377,OnTrack,1157,-595,1708,pos,0 days 01:23:15.964000,0 days 02:20:13.059000
2024-06-23 14:26:30.557,OnTrack,1080,-716,1708,pos,0 days 01:23:16.144000,0 days 02:20:13.239000
2024-06-23 14:26:30.877,OnTrack,942,-933,1708,pos,0 days 01:23:16.464000,0 days 02:20:13.559000
2024-06-23 14:26:31.077,OnTrack,855,-1070,1708,pos,0 days 01:23:16.664000,0 days 02:20:13.759000
2024-06-23 14:26:31.237,OnTrack,786,-1180,1708,pos,0 days 01:23:16.824000,0 days 02:20:13.919000
2024-06-23 14:26:31.457,OnTrack,690,-1331,1708,pos,0 days 01:23:17.044000,0 days 02:20:14.139000
2024-06-23 14:26:31.697,OnTrack,549,-1552,1707,pos,0 days 01:23:17.284000,0 days 02:20:14.379000
2024-06-23 14:26:32.157,OnTrack,320,-1913,1708,pos,0 days 01:23:17.744000,0 days 02:20:14.839000
2024-06-23 14:26:32.597,OnTrack,160,-2166,1708,pos,0 days 01:23:18.184000,0 days 02:20:15.279000
2024-06-23 14:26:32.957,OnTrack,26,-2376,1707,pos,0 days 01:23:18.544000,0 days 02:20:15.639000
2024-06-23 14:26:33.137,OnTrack,-54,-2502,1707,pos,0 days 01:23:18.724000,0 days 02:20:15.819000
2024-06-23 14:26:33.317,OnTrack,-134,-2625,1706,pos,0 days 01:23:18.904000,0 days 02:20:15.999000
2024-06-23 14:26:33.616,OnTrack,-318,-2904,1703,pos,0 days 01:23:19.203000,0 days 02:20:16.298000
2024-06-23 14:26:33.957,OnTrack,-439,-3086,1701,pos,0 days 01:23:19.544000,0 days 02:20:16.639000
2024-06-23 14:26:34.137,OnTrack,-522,-3212,1700,pos,0 days 01:23:19.724000,0 days 02:20:16.819000
2024-06-23 14:26:34.437,OnTrack,-653,-3408,1696,pos,0 days 01:23:20.024000,0 days 02:20:17.119000
2024-06-23 14:26:34.617,OnTrack,-804,-3632,1692,pos,0 days 01:23:20.204000,0 days 02:20:17.299000
2024-06-23 14:26:35.017,OnTrack,-973,-3885,1686,pos,0 days 01:23:20.604000,0 days 02:20:17.699000
2024-06-23 14:26:35.437,OnTrack,-1125,-4111,1680,pos,0 days 01:23:21.024000,0 days 02:20:18.119000
2024-06-23 14:26:35.637,OnTrack,-1249,-4296,1675,pos,0 days 01:23:21.224000,0 days 02:20:18.319000
2024-06-23 14:26:35.937,OnTrack,-1363,-4466,1670,pos,0 days 01:23:21.524000,0 days 02:20:18.619000
2024-06-23 14:26:36.197,OnTrack,-1487,-4650,1665,pos,0 days 01:23:21.784000,0 days 02:20:18.879000
2024-06-23 14:26:36.397,OnTrack,-1583,-4794,1661,pos,0 days 01:23:21.984000,0 days 02:20:19.079000
2024-06-23 14:26:36.697,OnTrack,-1723,-5010,1655,pos,0 days 01:23:22.284000,0 days 02:20:19.379000
2024-06-23 14:26:36.857,OnTrack,-1795,-5126,1653,pos,0 days 01:23:22.444000,0 days 02:20:19.539000
2024-06-23 14:26:37.097,OnTrack,-1899,-5302,1649,pos,0 days 01:23:22.684000,0 days 02:20:19.779000
2024-06-23 14:26:37.357,OnTrack,-2044,-5555,1645,pos,0 days 01:23:22.944000,0 days 02:20:20.039000
2024-06-23 14:26:37.597,OnTrack,-2111,-5673,1643,pos,0 days 01:23:23.184000,0 days 02:20:20.279000
2024-06-23 14:26:37.977,OnTrack,-2316,-6044,1639,pos,0 days 01:23:23.564000,0 days 02:20:20.659000
2024-06-23 14:26:38.277,OnTrack,-2388,-6171,1637,pos,0 days 01:23:23.864000,0 days 02:20:20.959000
2024-06-23 14:26:38.537,OnTrack,-2530,-6403,1634,pos,0 days 01:23:24.124000,0 days 02:20:21.219000
2024-06-23 14:26:38.897,OnTrack,-2605,-6513,1633,pos,0 days 01:23:24.484000,0 days 02:20:21.579000
2024-06-23 14:26:39.097,OnTrack,-2674,-6605,1631,pos,0 days 01:23:24.684000,0 days 02:20:21.779000
2024-06-23 14:26:39.317,OnTrack,-2746,-6693,1630,pos,0 days 01:23:24.904000,0 days 02:20:21.999000
2024-06-23 14:26:39.637,OnTrack,-2849,-6801,1627,pos,0 days 01:23:25.224000,0 days 02:20:22.319000
2024-06-23 14:26:39.857,OnTrack,-2921,-6863,1625,pos,0 days 01:23:25.444000,0 days 02:20:22.539000
2024-06-23 14:26:40.017,OnTrack,-3002,-6919,1624,pos,0 days 01:23:25.604000,0 days 02:20:22.699000
2024-06-23 14:26:40.397,OnTrack,-3115,-6972,1623,pos,0 days 01:23:25.984000,0 days 02:20:23.079000
2024-06-23 14:26:40.577,OnTrack,-3181,-6989,1623,pos,0 days 01:23:26.164000,0 days 02:20:23.259000
2024-06-23 14:26:40.777,OnTrack,-3256,-6995,1625,pos,0 days 01:23:26.364000,0 days 02:20:23.459000
2024-06-23 14:26:41.017,OnTrack,-3377,-6980,1627,pos,0 days 01:23:26.604000,0 days 02:20:23.699000
2024-06-23 14:26:41.397,OnTrack,-3482,-6946,1629,pos,0 days 01:23:26.984000,0 days 02:20:24.079000
2024-06-23 14:26:41.617,OnTrack,-3563,-6911,1631,pos,0 days 01:23:27.204000,0 days 02:20:24.299000
2024-06-23 14:26:41.837,OnTrack,-3646,-6872,1632,pos,0 days 01:23:27.424000,0 days 02:20:24.519000
2024-06-23 14:26:42.017,OnTrack,-3716,-6840,1633,pos,0 days 01:23:27.604000,0 days 02:20:24.699000
2024-06-23 14:26:42.197,OnTrack,-3788,-6810,1634,pos,0 days 01:23:27.784000,0 days 02:20:24.879000
2024-06-23 14:26:42.417,OnTrack,-3881,-6781,1637,pos,0 days 01:23:28.004000,0 days 02:20:25.099000
2024-06-23 14:26:42.697,OnTrack,-4002,-6767,1641,pos,0 days 01:23:28.284000,0 days 02:20:25.379000
2024-06-23 14:26:42.877,OnTrack,-4139,-6787,1646,pos,0 days 01:23:28.464000,0 days 02:20:25.559000
2024-06-23 14:26:43.197,OnTrack,-4230,-6817,1651,pos,0 days 01:23:28.784000,0 days 02:20:25.879000
2024-06-23 14:26:43.497,OnTrack,-4365,-6880,1658,pos,0 days 01:23:29.084000,0 days 02:20:26.179000
2024-06-23 14:26:43.657,OnTrack,-4435,-6921,1662,pos,0 days 01:23:29.244000,0 days 02:20:26.339000
2024-06-23 14:26:43.877,OnTrack,-4531,-6984,1668,pos,0 days 01:23:29.464000,0 days 02:20:26.559000
2024-06-23 14:26:44.137,OnTrack,-4681,-7091,1676,pos,0 days 01:23:29.724000,0 days 02:20:26.819000
2024-06-23 14:26:44.457,OnTrack,-4793,-7168,1683,pos,0 days 01:23:30.044000,0 days 02:20:27.139000
2024-06-23 14:26:44.617,OnTrack,-4871,-7218,1686,pos,0 days 01:23:30.204000,0 days 02:20:27.299000
2024-06-23 14:26:44.877,OnTrack,-5005,-7296,1693,pos,0 days 01:23:30.464000,0 days 02:20:27.559000
2024-06-23 14:26:45.197,OnTrack,-5241,-7399,1704,pos,0 days 01:23:30.784000,0 days 02:20:27.879000
2024-06-23 14:26:45.497,OnTrack,-5361,-7432,1709,pos,0 days 01:23:31.084000,0 days 02:20:28.179000
2024-06-23 14:26:45.677,OnTrack,-5471,-7449,1714,pos,0 days 01:23:31.264000,0 days 02:20:28.359000
2024-06-23 14:26:45.937,OnTrack,-5692,-7450,1723,pos,0 days 01:23:31.524000,0 days 02:20:28.619000
2024-06-23 14:26:46.397,OnTrack,-5901,-7412,1732,pos,0 days 01:23:31.984000,0 days 02:20:29.079000
2024-06-23 14:26:46.557,OnTrack,-5989,-7385,1736,pos,0 days 01:23:32.144000,0 days 02:20:29.239000
2024-06-23 14:26:46.776,OnTrack,-6104,-7337,1740,pos,0 days 01:23:32.363000,0 days 02:20:29.458000
2024-06-23 14:26:46.997,OnTrack,-6263,-7244,1746,pos,0 days 01:23:32.584000,0 days 02:20:29.679000
2024-06-23 14:26:47.317,OnTrack,-6372,-7155,1751,pos,0 days 01:23:32.904000,0 days 02:20:29.999000
2024-06-23 14:26:47.637,OnTrack,-6490,-7019,1755,pos,0 days 01:23:33.224000,0 days 02:20:30.319000
2024-06-23 14:26:47.697,OnTrack,-6511,-6989,1756,pos,0 days 01:23:33.284000,0 days 02:20:30.379000
2024-06-23 14:26:47.917,OnTrack,-6582,-6871,1759,pos,0 days 01:23:33.504000,0 days 02:20:30.599000
2024-06-23 14:26:48.097,OnTrack,-6630,-6768,1762,pos,0 days 01:23:33.684000,0 days 02:20:30.779000
2024-06-23 14:26:48.397,OnTrack,-6689,-6583,1765,pos,0 days 01:23:33.984000,0 days 02:20:31.079000
2024-06-23 14:26:48.597,OnTrack,-6714,-6453,1767,pos,0 days 01:23:34.184000,0 days 02:20:31.279000
2024-06-23 14:26:48.697,OnTrack,-6723,-6387,1768,pos,0 days 01:23:34.284000,0 days 02:20:31.379000
2024-06-23 14:26:49.037,OnTrack,-6733,-6157,1771,pos,0 days 01:23:34.624000,0 days 02:20:31.719000
2024-06-23 14:26:49.277,OnTrack,-6718,-5923,1775,pos,0 days 01:23:34.864000,0 days 02:20:31.959000
2024-06-23 14:26:49.697,OnTrack,-6686,-5701,1778,pos,0 days 01:23:35.284000,0 days 02:20:32.379000
2024-06-23 14:26:49.837,OnTrack,-6668,-5604,1779,pos,0 days 01:23:35.424000,0 days 02:20:32.519000
2024-06-23 14:26:50.017,OnTrack,-6640,-5479,1781,pos,0 days 01:23:35.604000,0 days 02:20:32.699000
2024-06-23 14:26:50.237,OnTrack,-6598,-5326,1784,pos,0 days 01:23:35.824000,0 days 02:20:32.919000
2024-06-23 14:26:50.417,OnTrack,-6557,-5202,1786,pos,0 days 01:23:36.004000,0 days 02:20:33.099000
2024-06-23 14:26:50.637,OnTrack,-6494,-5054,1788,pos,0 days 01:23:36.224000,0 days 02:20:33.319000
2024-06-23 14:26:50.917,OnTrack,-6337,-4782,1793,pos,0 days 01:23:36.504000,0 days 02:20:33.599000
2024-06-23 14:26:51.257,OnTrack,-6252,-4656,1795,pos,0 days 01:23:36.844000,0 days 02:20:33.939000
2024-06-23 14:26:51.477,OnTrack,-6155,-4518,1797,pos,0 days 01:23:37.064000,0 days 02:20:34.159000
2024-06-23 14:26:51.677,OnTrack,-6065,-4394,1799,pos,0 days 01:23:37.264000,0 days 02:20:34.359000
2024-06-23 14:26:52.017,OnTrack,-5890,-4119,1803,pos,0 days 01:23:37.604000,0 days 02:20:34.699000
2024-06-23 14:26:52.377,OnTrack,-5721,-3835,1807,pos,0 days 01:23:37.964000,0 days 02:20:35.059000
2024-06-23 14:26:52.657,OnTrack,-5663,-3742,1809,pos,0 days 01:23:38.244000,0 days 02:20:35.339000
2024-06-23 14:26:52.997,OnTrack,-5468,-3450,1814,pos,0 days 01:23:38.584000,0 days 02:20:35.679000
2024-06-23 14:26:53.376,OnTrack,-5368,-3305,1816,pos,0 days 01:23:38.963000,0 days 02:20:36.058000
2024-06-23 14:26:53.597,OnTrack,-5281,-3187,1818,pos,0 days 01:23:39.184000,0 days 02:20:36.279000
2024-06-23 14:26:53.857,OnTrack,-5191,-3081,1819,pos,0 days 01:23:39.444000,0 days 02:20:36.539000
2024-06-23 14:26:54.057,OnTrack,-5121,-3011,1819,pos,0 days 01:23:39.644000,0 days 02:20:36.739000
2024-06-23 14:26:54.217,OnTrack,-5071,-2969,1820,pos,0 days 01:23:39.804000,0 days 02:20:36.899000
2024-06-23 14:26:54.477,OnTrack,-4927,-2884,1822,pos,0 days 01:23:40.064000,0 days 02:20:37.159000
2024-06-23 14:26:54.857,OnTrack,-4791,-2845,1824,pos,0 days 01:23:40.444000,0 days 02:20:37.539000
2024-06-23 14:26:55.217,OnTrack,-4628,-2844,1826,pos,0 days 01:23:40.804000,0 days 02:20:37.899000
2024-06-23 14:26:55.637,OnTrack,-4526,-2870,1829,pos,0 days 01:23:41.224000,0 days 02:20:38.319000
2024-06-23 14:26:55.917,OnTrack,-4395,-2933,1831,pos,0 days 01:23:41.504000,0 days 02:20:38.599000
2024-06-23 14:26:56.297,OnTrack,-4297,-3012,1833,pos,0 days 01:23:41.884000,0 days 02:20:38.979000
2024-06-23 14:26:56.617,OnTrack,-4252,-3061,1834,pos,0 days 01:23:42.204000,0 days 02:20:39.299000
2024-06-23 14:26:56.937,OnTrack,-4179,-3157,1835,pos,0 days 01:23:42.524000,0 days 02:20:39.619000
2024-06-23 14:26:57.197,OnTrack,-4121,-3259,1837,pos,0 days 01:23:42.784000,0 days 02:20:39.879000
2024-06-23 14:26:57.537,OnTrack,-4074,-3375,1838,pos,0 days 01:23:43.124000,0 days 02:20:40.219000
2024-06-23 14:26:57.617,OnTrack,-4064,-3409,1838,pos,0 days 01:23:43.204000,0 days 02:20:40.299000
2024-06-23 14:26:57.937,OnTrack,-4035,-3551,1839,pos,0 days 01:23:43.524000,0 days 02:20:40.619000
2024-06-23 14:26:58.137,OnTrack,-4027,-3648,1839,pos,0 days 01:23:43.724000,0 days 02:20:40.819000
2024-06-23 14:26:58.417,OnTrack,-4038,-3822,1839,pos,0 days 01:23:44.004000,0 days 02:20:41.099000
2024-06-23 14:26:58.777,OnTrack,-4075,-3980,1838,pos,0 days 01:23:44.364000,0 days 02:20:41.459000
2024-06-23 14:26:58.857,OnTrack,-4089,-4023,1837,pos,0 days 01:23:44.444000,0 days 02:20:41.539000
2024-06-23 14:26:59.217,OnTrack,-4219,-4281,1833,pos,0 days 01:23:44.804000,0 days 02:20:41.899000
2024-06-23 14:26:59.457,OnTrack,-4252,-4332,1833,pos,0 days 01:23:45.044000,0 days 02:20:42.139000
2024-06-23 14:26:59.737,OnTrack,-4403,-4545,1828,pos,0 days 01:23:45.324000,0 days 02:20:42.419000
2024-06-23 14:27:00.077,OnTrack,-4486,-4658,1825,pos,0 days 01:23:45.664000,0 days 02:20:42.759000
2024-06-23 14:27:00.317,OnTrack,-4578,-4785,1821,pos,0 days 01:23:45.904000,0 days 02:20:42.999000
2024-06-23 14:27:00.557,OnTrack,-4672,-4914,1819,pos,0 days 01:23:46.144000,0 days 02:20:43.239000
2024-06-23 14:27:00.717,OnTrack,-4728,-4989,1817,pos,0 days 01:23:46.304000,0 days 02:20:43.399000
2024-06-23 14:27:01.057,OnTrack,-4902,-5229,1811,pos,0 days 01:23:46.644000,0 days 02:20:43.739000
2024-06-23 14:27:01.317,OnTrack,-4961,-5313,1808,pos,0 days 01:23:46.904000,0 days 02:20:43.999000
2024-06-23 14:27:01.637,OnTrack,-5061,-5463,1804,pos,0 days 01:23:47.224000,0 days 02:20:44.319000
2024-06-23 14:27:01.817,OnTrack,-5123,-5571,1800,pos,0 days 01:23:47.404000,0 days 02:20:44.499000
2024-06-23 14:27:02.217,OnTrack,-5194,-5735,1793,pos,0 days 01:23:47.804000,0 days 02:20:44.899000
2024-06-23 14:27:02.517,OnTrack,-5211,-5791,1791,pos,0 days 01:23:48.104000,0 days 02:20:45.199000
2024-06-23 14:27:02.897,OnTrack,-5226,-5948,1784,pos,0 days 01:23:48.484000,0 days 02:20:45.579000
2024-06-23 14:27:03.217,OnTrack,-5214,-6014,1780,pos,0 days 01:23:48.804000,0 days 02:20:45.899000
2024-06-23 14:27:03.397,OnTrack,-5196,-6064,1777,pos,0 days 01:23:48.984000,0 days 02:20:46.079000
2024-06-23 14:27:03.597,OnTrack,-5167,-6113,1773,pos,0 days 01:23:49.184000,0 days 02:20:46.279000
2024-06-23 14:27:03.877,OnTrack,-5104,-6179,1769,pos,0 days 01:23:49.464000,0 days 02:20:46.559000
2024-06-23 14:27:04.157,OnTrack,-5056,-6210,1767,pos,0 days 01:23:49.744000,0 days 02:20:46.839000
2024-06-23 14:27:04.457,OnTrack,-4985,-6237,1762,pos,0 days 01:23:50.044000,0 days 02:20:47.139000
2024-06-23 14:27:04.657,OnTrack,-4936,-6247,1760,pos,0 days 01:23:50.244000,0 days 02:20:47.339000
2024-06-23 14:27:04.837,OnTrack,-4859,-6251,1755,pos,0 days 01:23:50.424000,0 days 02:20:47.519000
2024-06-23 14:27:05.217,OnTrack,-4791,-6245,1751,pos,0 days 01:23:50.804000,0 days 02:20:47.899000
2024-06-23 14:27:05.417,OnTrack,-4737,-6235,1747,pos,0 days 01:23:51.004000,0 days 02:20:48.099000
2024-06-23 14:27:05.697,OnTrack,-4658,-6213,1742,pos,0 days 01:23:51.284000,0 days 02:20:48.379000
2024-06-23 14:27:05.897,OnTrack,-4575,-6181,1736,pos,0 days 01:23:51.484000,0 days 02:20:48.579000
2024-06-23 14:27:06.297,OnTrack,-4474,-6133,1730,pos,0 days 01:23:51.884000,0 days 02:20:48.979000
2024-06-23 14:27:06.477,OnTrack,-4376,-6082,1723,pos,0 days 01:23:52.064000,0 days 02:20:49.159000
2024-06-23 14:27:06.857,OnTrack,-4264,-6020,1716,pos,0 days 01:23:52.444000,0 days 02:20:49.539000
2024-06-23 14:27:07.037,OnTrack,-4191,-5981,1711,pos,0 days 01:23:52.624000,0 days 02:20:49.719000
2024-06-23 14:27:07.277,OnTrack,-4096,-5930,1704,pos,0 days 01:23:52.864000,0 days 02:20:49.959000
2024-06-23 14:27:07.517,OnTrack,-3943,-5854,1695,pos,0 days 01:23:53.104000,0 days 02:20:50.199000
2024-06-23 14:27:07.677,OnTrack,-3866,-5818,1690,pos,0 days 01:23:53.264000,0 days 02:20:50.359000
2024-06-23 14:27:07.917,OnTrack,-3744,-5765,1684,pos,0 days 01:23:53.504000,0 days 02:20:50.599000
2024-06-23 14:27:08.177,OnTrack,-3539,-5680,1676,pos,0 days 01:23:53.764000,0 days 02:20:50.859000
2024-06-23 14:27:08.557,OnTrack,-3396,-5615,1669,pos,0 days 01:23:54.144000,0 days 02:20:51.239000
2024-06-23 14:27:08.757,OnTrack,-3285,-5559,1664,pos,0 days 01:23:54.344000,0 days 02:20:51.439000
2024-06-23 14:27:09.017,OnTrack,-3088,-5438,1658,pos,0 days 01:23:54.604000,0 days 02:20:51.699000
2024-06-23 14:27:09.317,OnTrack,-2982,-5359,1655,pos,0 days 01:23:54.904000,0 days 02:20:51.999000
2024-06-23 14:27:09.497,OnTrack,-2890,-5282,1653,pos,0 days 01:23:55.084000,0 days 02:20:52.179000
2024-06-23 14:27:09.837,OnTrack,-2724,-5118,1650,pos,0 days 01:23:55.424000,0 days 02:20:52.519000
2024-06-23 14:27:10.757,OnTrack,-2340,-4606,1652,pos,0 days 01:23:56.344000,0 days 02:20:53.439000
2024-06-23 14:27:11.137,OnTrack,-2188,-4377,1657,pos,0 days 01:23:56.724000,0 days 02:20:53.819000
2024-06-23 14:27:11.417,OnTrack,-2146,-4304,1660,pos,0 days 01:23:57.004000,0 days 02:20:54.099000
2024-06-23 14:27:11.637,OnTrack,-2111,-4214,1661,pos,0 days 01:23:57.224000,0 days 02:20:54.319000
2024-06-23 14:27:11.857,OnTrack,-2092,-4121,1662,pos,0 days 01:23:57.444000,0 days 02:20:54.539000
2024-06-23 14:27:12.057,OnTrack,-2084,-4035,1664,pos,0 days 01:23:57.644000,0 days 02:20:54.739000
2024-06-23 14:27:12.377,OnTrack,-2086,-3902,1668,pos,0 days 01:23:57.964000,0 days 02:20:55.059000
2024-06-23 14:27:12.557,OnTrack,-2102,-3803,1674,pos,0 days 01:23:58.144000,0 days 02:20:55.239000
2024-06-23 14:27:12.837,OnTrack,-2128,-3732,1679,pos,0 days 01:23:58.424000,0 days 02:20:55.519000
2024-06-23 14:27:13.136,OnTrack,-2189,-3638,1683,pos,0 days 01:23:58.723000,0 days 02:20:55.818000
2024-06-23 14:27:13.377,OnTrack,-2285,-3546,1689,pos,0 days 01:23:58.964000,0 days 02:20:56.059000
2024-06-23 14:27:13.777,OnTrack,-2391,-3469,1693,pos,0 days 01:23:59.364000,0 days 02:20:56.459000
2024-06-23 14:27:13.917,OnTrack,-2432,-3440,1694,pos,0 days 01:23:59.504000,0 days 02:20:56.599000
2024-06-23 14:27:14.157,OnTrack,-2553,-3342,1705,pos,0 days 01:23:59.744000,0 days 02:20:56.839000
2024-06-23 14:27:14.637,OnTrack,-2669,-3216,1717,pos,0 days 01:24:00.224000,0 days 02:20:57.319000
2024-06-23 14:27:14.837,OnTrack,-2726,-3134,1725,pos,0 days 01:24:00.424000,0 days 02:20:57.519000
2024-06-23 14:27:14.977,OnTrack,-2763,-3070,1729,pos,0 days 01:24:00.564000,0 days 02:20:57.659000
2024-06-23 14:27:15.237,OnTrack,-2852,-2883,1741,pos,0 days 01:24:00.824000,0 days 02:20:57.919000
2024-06-23 14:27:15.597,OnTrack,-2909,-2758,1750,pos,0 days 01:24:01.184000,0 days 02:20:58.279000
2024-06-23 14:27:15.777,OnTrack,-2953,-2663,1755,pos,0 days 01:24:01.364000,0 days 02:20:58.459000
2024-06-23 14:27:16.077,OnTrack,-3031,-2501,1768,pos,0 days 01:24:01.664000,0 days 02:20:58.759000
2024-06-23 14:27:16.237,OnTrack,-3073,-2411,1774,pos,0 days 01:24:01.824000,0 days 02:20:58.919000
2024-06-23 14:27:16.457,OnTrack,-3166,-2217,1786,pos,0 days 01:24:02.044000,0 days 02:20:59.139000
2024-06-23 14:27:16.857,OnTrack,-3244,-2051,1797,pos,0 days 01:24:02.444000,0 days 02:20:59.539000
2024-06-23 14:27:16.957,OnTrack,-3273,-1991,1801,pos,0 days 01:24:02.544000,0 days 02:20:59.639000
2024-06-23 14:27:17.297,OnTrack,-3405,-1709,1819,pos,0 days 01:24:02.884000,0 days 02:20:59.979000
2024-06-23 14:27:17.617,OnTrack,-3452,-1584,1828,pos,0 days 01:24:03.204000,0 days 02:21:00.299000
2024-06-23 14:27:17.777,OnTrack,-3480,-1484,1834,pos,0 days 01:24:03.364000,0 days 02:21:00.459000
2024-06-23 14:27:17.937,OnTrack,-3499,-1383,1839,pos,0 days 01:24:03.524000,0 days 02:21:00.619000
2024-06-23 14:27:18.217,OnTrack,-3507,-1204,1846,pos,0 days 01:24:03.804000,0 days 02:21:00.899000
2024-06-23 14:27:18.497,OnTrack,-3491,-1029,1853,pos,0 days 01:24:04.084000,0 days 02:21:01.179000
2024-06-23 14:27:18.697,OnTrack,-3452,-848,1859,pos,0 days 01:24:04.284000,0 days 02:21:01.379000
2024-06-23 14:27:19.017,OnTrack,-3408,-720,1864,pos,0 days 01:24:04.604000,0 days 02:21:01.699000
2024-06-23 14:27:19.197,OnTrack,-3363,-619,1867,pos,0 days 01:24:04.784000,0 days 02:21:01.879000
2024-06-23 14:27:19.417,OnTrack,-3295,-501,1871,pos,0 days 01:24:05.004000,0 days 02:21:02.099000
2024-06-23 14:27:19.676,OnTrack,-3170,-358,1873,pos,0 days 01:24:05.263000,0 days 02:21:02.358000
2024-06-23 14:27:19.837,OnTrack,-3077,-290,1874,pos,0 days 01:24:05.424000,0 days 02:21:02.519000
2024-06-23 14:27:20.017,OnTrack,-2970,-233,1875,pos,0 days 01:24:05.604000,0 days 02:21:02.699000
2024-06-23 14:27:20.197,OnTrack,-2858,-184,1874,pos,0 days 01:24:05.784000,0 days 02:21:02.879000
2024-06-23 14:27:20.397,OnTrack,-2730,-135,1873,pos,0 days 01:24:05.984000,0 days 02:21:03.079000
2024-06-23 14:27:20.757,OnTrack,-2478,-27,1870,pos,0 days 01:24:06.344000,0 days 02:21:03.439000
2024-06-23 14:27:21.057,OnTrack,-2326,43,1867,pos,0 days 01:24:06.644000,0 days 02:21:03.739000
2024-06-23 14:27:21.217,OnTrack,-2223,91,1866,pos,0 days 01:24:06.804000,0 days 02:21:03.899000
2024-06-23 14:27:21.417,OnTrack,-2094,153,1864,pos,0 days 01:24:07.004000,0 days 02:21:04.099000
2024-06-23 14:27:21.677,OnTrack,-1923,233,1862,pos,0 days 01:24:07.264000,0 days 02:21:04.359000
2024-06-23 14:27:21.837,OnTrack,-1817,283,1861,pos,0 days 01:24:07.424000,0 days 02:21:04.519000
2024-06-23 14:27:22.057,OnTrack,-1670,353,1859,pos,0 days 01:24:07.644000,0 days 02:21:04.739000
2024-06-23 14:27:22.257,OnTrack,-1534,417,1857,pos,0 days 01:24:07.844000,0 days 02:21:04.939000
2024-06-23 14:27:22.497,OnTrack,-1371,495,1855,pos,0 days 01:24:08.084000,0 days 02:21:05.179000
2024-06-23 14:27:22.697,OnTrack,-1234,561,1854,pos,0 days 01:24:08.284000,0 days 02:21:05.379000
2024-06-23 14:27:23.017,OnTrack,-1020,669,1851,pos,0 days 01:24:08.604000,0 days 02:21:05.699000
2024-06-23 14:27:23.217,OnTrack,-787,793,1848,pos,0 days 01:24:08.804000,0 days 02:21:05.899000
2024-06-23 14:27:23.477,OnTrack,-704,837,1846,pos,0 days 01:24:09.064000,0 days 02:21:06.159000
2024-06-23 14:27:23.717,OnTrack,-537,926,1844,pos,0 days 01:24:09.304000,0 days 02:21:06.399000
2024-06-23 14:27:23.977,OnTrack,-355,1023,1841,pos,0 days 01:24:09.564000,0 days 02:21:06.659000
2024-06-23 14:27:24.077,OnTrack,-285,1061,1841,pos,0 days 01:24:09.664000,0 days 02:21:06.759000
2024-06-23 14:27:24.377,OnTrack,-73,1174,1838,pos,0 days 01:24:09.964000,0 days 02:21:07.059000
2024-06-23 14:27:24.677,OnTrack,139,1287,1835,pos,0 days 01:24:10.264000,0 days 02:21:07.359000
2024-06-23 14:27:24.877,OnTrack,378,1411,1832,pos,0 days 01:24:10.464000,0 days 02:21:07.559000
2024-06-23 14:27:25.137,OnTrack,462,1452,1830,pos,0 days 01:24:10.724000,0 days 02:21:07.819000
2024-06-23 14:27:25.317,OnTrack,585,1509,1829,pos,0 days 01:24:10.904000,0 days 02:21:07.999000
2024-06-23 14:27:25.677,OnTrack,876,1628,1826,pos,0 days 01:24:11.264000,0 days 02:21:08.359000
2024-06-23 14:27:25.977,OnTrack,985,1672,1824,pos,0 days 01:24:11.564000,0 days 02:21:08.659000
2024-06-23 14:27:26.316,OnTrack,1142,1740,1823,pos,0 days 01:24:11.903000,0 days 02:21:08.998000
2024-06-23 14:27:26.517,OnTrack,1269,1810,1821,pos,0 days 01:24:12.104000,0 days 02:21:09.199000
2024-06-23 14:27:26.757,OnTrack,1307,1837,1821,pos,0 days 01:24:12.344000,0 days 02:21:09.439000
2024-06-23 14:27:26.997,OnTrack,1373,1896,1820,pos,0 days 01:24:12.584000,0 days 02:21:09.679000
2024-06-23 14:27:27.177,OnTrack,1407,1939,1819,pos,0 days 01:24:12.764000,0 days 02:21:09.859000
2024-06-23 14:27:27.437,OnTrack,1446,2017,1818,pos,0 days 01:24:13.024000,0 days 02:21:10.119000
2024-06-23 14:27:27.617,OnTrack,1460,2074,1818,pos,0 days 01:24:13.204000,0 days 02:21:10.299000
2024-06-23 14:27:27.837,OnTrack,1464,2145,1817,pos,0 days 01:24:13.424000,0 days 02:21:10.519000
2024-06-23 14:27:28.057,OnTrack,1455,2215,1817,pos,0 days 01:24:13.644000,0 days 02:21:10.739000
2024-06-23 14:27:28.237,OnTrack,1440,2269,1817,pos,0 days 01:24:13.824000,0 days 02:21:10.919000
2024-06-23 14:27:28.537,OnTrack,1396,2364,1820,pos,0 days 01:24:14.124000,0 days 02:21:11.219000
2024-06-23 14:27:28.897,OnTrack,1343,2442,1822,pos,0 days 01:24:14.484000,0 days 02:21:11.579000
2024-06-23 14:27:29.057,OnTrack,1312,2477,1824,pos,0 days 01:24:14.644000,0 days 02:21:11.739000
2024-06-23 14:27:29.377,OnTrack,1215,2559,1826,pos,0 days 01:24:14.964000,0 days 02:21:12.059000
2024-06-23 14:27:29.817,OnTrack,1109,2612,1829,pos,0 days 01:24:15.404000,0 days 02:21:12.499000
2024-06-23 14:27:30.057,OnTrack,1062,2627,1830,pos,0 days 01:24:15.644000,0 days 02:21:12.739000
2024-06-23 14:27:30.317,OnTrack,933,2652,1833,pos,0 days 01:24:15.904000,0 days 02:21:12.999000
2024-06-23 14:27:30.657,OnTrack,863,2658,1834,pos,0 days 01:24:16.244000,0 days 02:21:13.339000
2024-06-23 14:27:31.017,OnTrack,730,2656,1837,pos,0 days 01:24:16.604000,0 days 02:21:13.699000
2024-06-23 14:27:31.197,OnTrack,659,2647,1838,pos,0 days 01:24:16.784000,0 days 02:21:13.879000
2024-06-23 14:27:31.377,OnTrack,586,2633,1840,pos,0 days 01:24:16.964000,0 days 02:21:14.059000
2024-06-23 14:27:31.577,OnTrack,451,2590,1844,pos,0 days 01:24:17.164000,0 days 02:21:14.259000
2024-06-23 14:27:31.957,OnTrack,338,2539,1849,pos,0 days 01:24:17.544000,0 days 02:21:14.639000
2024-06-23 14:27:32.137,OnTrack,259,2494,1853,pos,0 days 01:24:17.724000,0 days 02:21:14.819000
2024-06-23 14:27:32.317,OnTrack,180,2443,1857,pos,0 days 01:24:17.904000,0 days 02:21:14.999000
2024-06-23 14:27:32.577,OnTrack,64,2363,1864,pos,0 days 01:24:18.164000,0 days 02:21:15.259000
2024-06-23 14:27:32.876,OnTrack,-139,2234,1873,pos,0 days 01:24:18.463000,0 days 02:21:15.558000
2024-06-23 14:27:33.297,OnTrack,-310,2163,1879,pos,0 days 01:24:18.884000,0 days 02:21:15.979000
2024-06-23 14:27:33.737,OnTrack,-502,2125,1888,pos,0 days 01:24:19.324000,0 days 02:21:16.419000
2024-06-23 14:27:34.137,OnTrack,-624,2124,1894,pos,0 days 01:24:19.724000,0 days 02:21:16.819000
2024-06-23 14:27:34.217,OnTrack,-654,2127,1895,pos,0 days 01:24:19.804000,0 days 02:21:16.899000
2024-06-23 14:27:34.557,OnTrack,-775,2157,1901,pos,0 days 01:24:20.144000,0 days 02:21:17.239000
2024-06-23 14:27:34.757,OnTrack,-877,2215,1906,pos,0 days 01:24:20.344000,0 days 02:21:17.439000
2024-06-23 14:27:35.117,OnTrack,-932,2267,1908,pos,0 days 01:24:20.704000,0 days 02:21:17.799000
2024-06-23 14:27:35.357,OnTrack,-1001,2373,1911,pos,0 days 01:24:20.944000,0 days 02:21:18.039000
2024-06-23 14:27:35.637,OnTrack,-1019,2415,1911,pos,0 days 01:24:21.224000,0 days 02:21:18.319000
2024-06-23 14:27:35.917,OnTrack,-1046,2530,1913,pos,0 days 01:24:21.504000,0 days 02:21:18.599000
2024-06-23 14:27:36.357,OnTrack,-1047,2671,1915,pos,0 days 01:24:21.944000,0 days 02:21:19.039000
2024-06-23 14:27:36.657,OnTrack,-1039,2727,1916,pos,0 days 01:24:22.244000,0 days 02:21:19.339000
2024-06-23 14:27:36.917,OnTrack,-1005,2846,1918,pos,0 days 01:24:22.504000,0 days 02:21:19.599000
2024-06-23 14:27:37.417,OnTrack,-949,2967,1920,pos,0 days 01:24:23.004000,0 days 02:21:20.099000
2024-06-23 14:27:37.597,OnTrack,-913,3024,1921,pos,0 days 01:24:23.184000,0 days 02:21:20.279000
2024-06-23 14:27:37.817,OnTrack,-840,3120,1922,pos,0 days 01:24:23.404000,0 days 02:21:20.499000
2024-06-23 14:27:37.977,OnTrack,-797,3168,1923,pos,0 days 01:24:23.564000,0 days 02:21:20.659000
2024-06-23 14:27:38.217,OnTrack,-722,3239,1923,pos,0 days 01:24:23.804000,0 days 02:21:20.899000
2024-06-23 14:27:38.317,OnTrack,-688,3269,1922,pos,0 days 01:24:23.904000,0 days 02:21:20.999000
2024-06-23 14:27:38.497,OnTrack,-623,3323,1922,pos,0 days 01:24:24.084000,0 days 02:21:21.179000
2024-06-23 14:27:38.777,OnTrack,-514,3408,1921,pos,0 days 01:24:24.364000,0 days 02:21:21.459000
2024-06-23 14:27:38.997,OnTrack,-423,3478,1919,pos,0 days 01:24:24.584000,0 days 02:21:21.679000
2024-06-23 14:27:39.197,OnTrack,-339,3546,1917,pos,0 days 01:24:24.784000,0 days 02:21:21.879000
2024-06-23 14:27:39.416,OnTrack,-200,3664,1914,pos,0 days 01:24:25.003000,0 days 02:21:22.098000
2024-06-23 14:27:39.737,OnTrack,-93,3756,1911,pos,0 days 01:24:25.324000,0 days 02:21:22.419000
2024-06-23 14:27:39.917,OnTrack,-8,3826,1907,pos,0 days 01:24:25.504000,0 days 02:21:22.599000
2024-06-23 14:27:40.197,OnTrack,119,3926,1902,pos,0 days 01:24:25.784000,0 days 02:21:22.879000
2024-06-23 14:27:40.417,OnTrack,235,4005,1896,pos,0 days 01:24:26.004000,0 days 02:21:23.099000
2024-06-23 14:27:40.617,OnTrack,348,4065,1891,pos,0 days 01:24:26.204000,0 days 02:21:23.299000
2024-06-23 14:27:40.877,OnTrack,507,4118,1884,pos,0 days 01:24:26.464000,0 days 02:21:23.559000
2024-06-23 14:27:41.057,OnTrack,709,4140,1875,pos,0 days 01:24:26.644000,0 days 02:21:23.739000
2024-06-23 14:27:41.497,OnTrack,912,4118,1863,pos,0 days 01:24:27.084000,0 days 02:21:24.179000
2024-06-23 14:27:41.717,OnTrack,1096,4066,1851,pos,0 days 01:24:27.304000,0 days 02:21:24.399000
2024-06-23 14:27:41.997,OnTrack,1238,4007,1843,pos,0 days 01:24:27.584000,0 days 02:21:24.679000
2024-06-23 14:27:42.137,OnTrack,1326,3965,1838,pos,0 days 01:24:27.724000,0 days 02:21:24.819000
2024-06-23 14:27:42.437,OnTrack,1511,3861,1827,pos,0 days 01:24:28.024000,0 days 02:21:25.119000
2024-06-23 14:27:42.677,OnTrack,1656,3770,1819,pos,0 days 01:24:28.264000,0 days 02:21:25.359000
2024-06-23 14:27:42.877,OnTrack,1827,3660,1809,pos,0 days 01:24:28.464000,0 days 02:21:25.559000
2024-06-23 14:27:43.177,OnTrack,1962,3573,1801,pos,0 days 01:24:28.764000,0 days 02:21:25.859000
2024-06-23 14:27:43.377,OnTrack,2086,3494,1793,pos,0 days 01:24:28.964000,0 days 02:21:26.059000
2024-06-23 14:27:43.697,OnTrack,2285,3365,1783,pos,0 days 01:24:29.284000,0 days 02:21:26.379000
2024-06-23 14:27:43.857,OnTrack,2380,3297,1777,pos,0 days 01:24:29.444000,0 days 02:21:26.539000
2024-06-23 14:27:44.037,OnTrack,2480,3219,1773,pos,0 days 01:24:29.624000,0 days 02:21:26.719000
2024-06-23 14:27:44.297,OnTrack,2649,3053,1764,pos,0 days 01:24:29.884000,0 days 02:21:26.979000
2024-06-23 14:27:44.777,OnTrack,2791,2839,1755,pos,0 days 01:24:30.364000,0 days 02:21:27.459000
2024-06-23 14:27:45.017,OnTrack,2841,2705,1751,pos,0 days 01:24:30.604000,0 days 02:21:27.699000
2024-06-23 14:27:45.337,OnTrack,2885,2408,1744,pos,0 days 01:24:30.924000,0 days 02:21:28.019000
2024-06-23 14:27:45.737,OnTrack,2853,2157,1738,pos,0 days 01:24:31.324000,0 days 02:21:28.419000
2024-06-23 14:27:46.076,OnTrack,2806,2015,1736,pos,0 days 01:24:31.663000,0 days 02:21:28.758000
2024-06-23 14:27:46.417,OnTrack,2645,1707,1731,pos,0 days 01:24:32.004000,0 days 02:21:29.099000
2024-06-23 14:27:46.777,OnTrack,2562,1576,1729,pos,0 days 01:24:32.364000,0 days 02:21:29.459000
2024-06-23 14:27:47.017,OnTrack,2421,1360,1726,pos,0 days 01:24:32.604000,0 days 02:21:29.699000
2024-06-23 14:27:47.277,OnTrack,2365,1276,1724,pos,0 days 01:24:32.864000,0 days 02:21:29.959000
2024-06-23 14:27:47.497,OnTrack,2278,1141,1721,pos,0 days 01:24:33.084000,0 days 02:21:30.179000
2024-06-23 14:27:47.897,OnTrack,2117,892,1717,pos,0 days 01:24:33.484000,0 days 02:21:30.579000
2024-06-23 14:27:48.097,OnTrack,2035,766,1715,pos,0 days 01:24:33.684000,0 days 02:21:30.779000
2024-06-23 14:27:48.257,OnTrack,1968,665,1713,pos,0 days 01:24:33.844000,0 days 02:21:30.939000
2024-06-23 14:27:49.357,OnTrack,1518,-29,1708,pos,0 days 01:24:34.944000,0 days 02:21:32.039000
2024-06-23 14:27:49.577,OnTrack,1425,-175,1707,pos,0 days 01:24:35.164000,0 days 02:21:32.259000
2024-06-23 14:27:49.757,OnTrack,1348,-295,1707,pos,0 days 01:24:35.344000,0 days 02:21:32.439000
2024-06-23 14:27:49.997,OnTrack,1211,-510,1708,pos,0 days 01:24:35.584000,0 days 02:21:32.679000
2024-06-23 14:27:50.377,OnTrack,1021,-808,1708,pos,0 days 01:24:35.964000,0 days 02:21:33.059000
2024-06-23 14:27:50.777,OnTrack,908,-986,1708,pos,0 days 01:24:36.364000,0 days 02:21:33.459000
2024-06-23 14:27:50.997,OnTrack,813,-1137,1708,pos,0 days 01:24:36.584000,0 days 02:21:33.679000
2024-06-23 14:27:51.257,OnTrack,699,-1316,1707,pos,0 days 01:24:36.844000,0 days 02:21:33.939000
2024-06-23 14:27:51.357,OnTrack,655,-1385,1707,pos,0 days 01:24:36.944000,0 days 02:21:34.039000
2024-06-23 14:27:51.717,OnTrack,497,-1634,1708,pos,0 days 01:24:37.304000,0 days 02:21:34.399000
2024-06-23 14:27:51.877,OnTrack,426,-1746,1707,pos,0 days 01:24:37.464000,0 days 02:21:34.559000
2024-06-23 14:27:52.097,OnTrack,275,-1984,1708,pos,0 days 01:24:37.684000,0 days 02:21:34.779000
2024-06-23 14:27:52.457,OnTrack,168,-2152,1708,pos,0 days 01:24:38.044000,0 days 02:21:35.139000
2024-06-23 14:27:52.697,OnTrack,52,-2334,1708,pos,0 days 01:24:38.284000,0 days 02:21:35.379000
2024-06-23 14:27:52.957,OnTrack,-64,-2517,1707,pos,0 days 01:24:38.544000,0 days 02:21:35.639000
2024-06-23 14:27:53.137,OnTrack,-171,-2681,1706,pos,0 days 01:24:38.724000,0 days 02:21:35.819000
2024-06-23 14:27:53.557,OnTrack,-365,-2974,1703,pos,0 days 01:24:39.144000,0 days 02:21:36.239000
2024-06-23 14:27:53.897,OnTrack,-486,-3157,1701,pos,0 days 01:24:39.484000,0 days 02:21:36.579000
2024-06-23 14:27:54.137,OnTrack,-645,-3396,1697,pos,0 days 01:24:39.724000,0 days 02:21:36.819000
2024-06-23 14:27:54.417,OnTrack,-730,-3522,1694,pos,0 days 01:24:40.004000,0 days 02:21:37.099000
2024-06-23 14:27:54.717,OnTrack,-871,-3733,1690,pos,0 days 01:24:40.304000,0 days 02:21:37.399000
2024-06-23 14:27:54.937,OnTrack,-1013,-3945,1685,pos,0 days 01:24:40.524000,0 days 02:21:37.619000
2024-06-23 14:27:55.237,OnTrack,-1117,-4100,1681,pos,0 days 01:24:40.824000,0 days 02:21:37.919000
2024-06-23 14:27:55.537,OnTrack,-1259,-4312,1675,pos,0 days 01:24:41.124000,0 days 02:21:38.219000
2024-06-23 14:27:55.697,OnTrack,-1336,-4425,1671,pos,0 days 01:24:41.284000,0 days 02:21:38.379000
2024-06-23 14:27:55.897,OnTrack,-1431,-4566,1667,pos,0 days 01:24:41.484000,0 days 02:21:38.579000
2024-06-23 14:27:56.097,OnTrack,-1526,-4708,1663,pos,0 days 01:24:41.684000,0 days 02:21:38.779000
2024-06-23 14:27:56.397,OnTrack,-1667,-4922,1657,pos,0 days 01:24:41.984000,0 days 02:21:39.079000
2024-06-23 14:27:56.617,OnTrack,-1821,-5170,1652,pos,0 days 01:24:42.204000,0 days 02:21:39.299000
2024-06-23 14:27:56.897,OnTrack,-1891,-5288,1649,pos,0 days 01:24:42.484000,0 days 02:21:39.579000
2024-06-23 14:27:57.177,OnTrack,-2010,-5495,1646,pos,0 days 01:24:42.764000,0 days 02:21:39.859000
2024-06-23 14:27:57.457,OnTrack,-2127,-5702,1643,pos,0 days 01:24:43.044000,0 days 02:21:40.139000
2024-06-23 14:27:57.617,OnTrack,-2192,-5820,1641,pos,0 days 01:24:43.204000,0 days 02:21:40.299000
2024-06-23 14:27:57.877,OnTrack,-2328,-6064,1638,pos,0 days 01:24:43.464000,0 days 02:21:40.559000
2024-06-23 14:27:58.137,OnTrack,-2398,-6187,1637,pos,0 days 01:24:43.724000,0 days 02:21:40.819000
2024-06-23 14:27:58.457,OnTrack,-2555,-6441,1633,pos,0 days 01:24:44.044000,0 days 02:21:41.139000
2024-06-23 14:27:58.857,OnTrack,-2639,-6559,1632,pos,0 days 01:24:44.444000,0 days 02:21:41.539000
2024-06-23 14:27:59.037,OnTrack,-2700,-6638,1631,pos,0 days 01:24:44.624000,0 days 02:21:41.719000
2024-06-23 14:27:59.216,OnTrack,-2759,-6708,1629,pos,0 days 01:24:44.803000,0 days 02:21:41.898000
2024-06-23 14:27:59.477,OnTrack,-2851,-6803,1627,pos,0 days 01:24:45.064000,0 days 02:21:42.159000
2024-06-23 14:27:59.657,OnTrack,-2911,-6855,1626,pos,0 days 01:24:45.244000,0 days 02:21:42.339000
2024-06-23 14:27:59.877,OnTrack,-2987,-6910,1624,pos,0 days 01:24:45.464000,0 days 02:21:42.559000
2024-06-23 14:28:00.037,OnTrack,-3037,-6939,1625,pos,0 days 01:24:45.624000,0 days 02:21:42.719000
2024-06-23 14:28:00.257,OnTrack,-3117,-6973,1623,pos,0 days 01:24:45.844000,0 days 02:21:42.939000
2024-06-23 14:28:00.517,OnTrack,-3215,-6993,1624,pos,0 days 01:24:46.104000,0 days 02:21:43.199000
2024-06-23 14:28:00.777,OnTrack,-3317,-6991,1625,pos,0 days 01:24:46.364000,0 days 02:21:43.459000
2024-06-23 14:28:00.957,OnTrack,-3386,-6978,1627,pos,0 days 01:24:46.544000,0 days 02:21:43.639000
2024-06-23 14:28:01.197,OnTrack,-3478,-6948,1629,pos,0 days 01:24:46.784000,0 days 02:21:43.879000
2024-06-23 14:28:01.357,OnTrack,-3539,-6922,1630,pos,0 days 01:24:46.944000,0 days 02:21:44.039000
2024-06-23 14:28:01.517,OnTrack,-3601,-6894,1631,pos,0 days 01:24:47.104000,0 days 02:21:44.199000
2024-06-23 14:28:01.717,OnTrack,-3679,-6857,1632,pos,0 days 01:24:47.304000,0 days 02:21:44.399000
2024-06-23 14:28:01.897,OnTrack,-3752,-6825,1633,pos,0 days 01:24:47.484000,0 days 02:21:44.579000
2024-06-23 14:28:02.197,OnTrack,-3879,-6781,1636,pos,0 days 01:24:47.784000,0 days 02:21:44.879000
2024-06-23 14:28:02.437,OnTrack,-3984,-6767,1640,pos,0 days 01:24:48.024000,0 days 02:21:45.119000
2024-06-23 14:28:02.497,OnTrack,-4011,-6767,1641,pos,0 days 01:24:48.084000,0 days 02:21:45.179000
2024-06-23 14:28:02.717,OnTrack,-4177,-6798,1648,pos,0 days 01:24:48.304000,0 days 02:21:45.399000
2024-06-23 14:28:03.077,OnTrack,-4278,-6836,1653,pos,0 days 01:24:48.664000,0 days 02:21:45.759000
2024-06-23 14:28:03.437,OnTrack,-4447,-6928,1663,pos,0 days 01:24:49.024000,0 days 02:21:46.119000
2024-06-23 14:28:03.557,OnTrack,-4563,-7006,1670,pos,0 days 01:24:49.144000,0 days 02:21:46.239000
2024-06-23 14:28:03.997,OnTrack,-4745,-7136,1680,pos,0 days 01:24:49.584000,0 days 02:21:46.679000
2024-06-23 14:28:04.497,OnTrack,-4944,-7261,1690,pos,0 days 01:24:50.084000,0 days 02:21:47.179000
2024-06-23 14:28:04.897,OnTrack,-5164,-7371,1700,pos,0 days 01:24:50.484000,0 days 02:21:47.579000
2024-06-23 14:28:05.077,OnTrack,-5270,-7408,1705,pos,0 days 01:24:50.664000,0 days 02:21:47.759000
2024-06-23 14:28:05.237,OnTrack,-5428,-7444,1712,pos,0 days 01:24:50.824000,0 days 02:21:47.919000
2024-06-23 14:28:05.517,OnTrack,-5538,-7454,1717,pos,0 days 01:24:51.104000,0 days 02:21:48.199000
2024-06-23 14:28:05.757,OnTrack,-5683,-7451,1723,pos,0 days 01:24:51.344000,0 days 02:21:48.439000
2024-06-23 14:28:06.097,OnTrack,-5965,-7393,1734,pos,0 days 01:24:51.684000,0 days 02:21:48.779000
2024-06-23 14:28:06.477,OnTrack,-6083,-7347,1739,pos,0 days 01:24:52.064000,0 days 02:21:49.159000
2024-06-23 14:28:06.597,OnTrack,-6146,-7316,1741,pos,0 days 01:24:52.184000,0 days 02:21:49.279000
2024-06-23 14:28:06.897,OnTrack,-6349,-7176,1749,pos,0 days 01:24:52.484000,0 days 02:21:49.579000
2024-06-23 14:28:07.197,OnTrack,-6425,-7100,1753,pos,0 days 01:24:52.784000,0 days 02:21:49.879000
2024-06-23 14:28:07.577,OnTrack,-6562,-6908,1759,pos,0 days 01:24:53.164000,0 days 02:21:50.259000
2024-06-23 14:28:07.677,OnTrack,-6592,-6852,1760,pos,0 days 01:24:53.264000,0 days 02:21:50.359000
2024-06-23 14:28:07.837,OnTrack,-6634,-6759,1762,pos,0 days 01:24:53.424000,0 days 02:21:50.519000
2024-06-23 14:28:07.997,OnTrack,-6668,-6661,1764,pos,0 days 01:24:53.584000,0 days 02:21:50.679000
2024-06-23 14:28:08.317,OnTrack,-6714,-6455,1767,pos,0 days 01:24:53.904000,0 days 02:21:50.999000
2024-06-23 14:28:08.577,OnTrack,-6731,-6280,1769,pos,0 days 01:24:54.164000,0 days 02:21:51.259000
2024-06-23 14:28:08.817,OnTrack,-6730,-6075,1773,pos,0 days 01:24:54.404000,0 days 02:21:51.499000
2024-06-23 14:28:09.057,OnTrack,-6721,-5950,1774,pos,0 days 01:24:54.644000,0 days 02:21:51.739000
2024-06-23 14:28:09.377,OnTrack,-6691,-5728,1777,pos,0 days 01:24:54.964000,0 days 02:21:52.059000
2024-06-23 14:28:09.577,OnTrack,-6666,-5593,1779,pos,0 days 01:24:55.164000,0 days 02:21:52.259000
2024-06-23 14:28:09.837,OnTrack,-6625,-5422,1782,pos,0 days 01:24:55.424000,0 days 02:21:52.519000
2024-06-23 14:28:10.037,OnTrack,-6551,-5186,1786,pos,0 days 01:24:55.624000,0 days 02:21:52.719000
2024-06-23 14:28:10.357,OnTrack,-6499,-5064,1788,pos,0 days 01:24:55.944000,0 days 02:21:53.039000
2024-06-23 14:28:10.597,OnTrack,-6415,-4906,1791,pos,0 days 01:24:56.184000,0 days 02:21:53.279000
2024-06-23 14:28:10.797,OnTrack,-6334,-4777,1793,pos,0 days 01:24:56.384000,0 days 02:21:53.479000
2024-06-23 14:28:11.037,OnTrack,-6196,-4576,1796,pos,0 days 01:24:56.624000,0 days 02:21:53.719000
2024-06-23 14:28:11.377,OnTrack,-6079,-4413,1798,pos,0 days 01:24:56.964000,0 days 02:21:54.059000
2024-06-23 14:28:11.617,OnTrack,-5918,-4168,1802,pos,0 days 01:24:57.204000,0 days 02:21:54.299000
2024-06-23 14:28:11.917,OnTrack,-5855,-4058,1804,pos,0 days 01:24:57.504000,0 days 02:21:54.599000
2024-06-23 14:28:12.237,OnTrack,-5726,-3842,1807,pos,0 days 01:24:57.824000,0 days 02:21:54.919000
2024-06-23 14:28:12.416,OnTrack,-5654,-3727,1809,pos,0 days 01:24:58.003000,0 days 02:21:55.098000
2024-06-23 14:28:12.717,OnTrack,-5520,-3526,1813,pos,0 days 01:24:58.304000,0 days 02:21:55.399000
2024-06-23 14:28:12.877,OnTrack,-5402,-3353,1815,pos,0 days 01:24:58.464000,0 days 02:21:55.559000
2024-06-23 14:28:13.317,OnTrack,-5275,-3179,1818,pos,0 days 01:24:58.904000,0 days 02:21:55.999000
2024-06-23 14:28:13.557,OnTrack,-5221,-3114,1819,pos,0 days 01:24:59.144000,0 days 02:21:56.239000
2024-06-23 14:28:14.337,OnTrack,-4939,-2889,1822,pos,0 days 01:24:59.924000,0 days 02:21:57.019000
2024-06-23 14:28:14.637,OnTrack,-4821,-2850,1823,pos,0 days 01:25:00.224000,0 days 02:21:57.319000
2024-06-23 14:28:14.797,OnTrack,-4757,-2841,1824,pos,0 days 01:25:00.384000,0 days 02:21:57.479000
2024-06-23 14:28:15.037,OnTrack,-4609,-2848,1827,pos,0 days 01:25:00.624000,0 days 02:21:57.719000
2024-06-23 14:28:15.337,OnTrack,-4549,-2862,1828,pos,0 days 01:25:00.924000,0 days 02:21:58.019000
2024-06-23 14:28:15.557,OnTrack,-4472,-2891,1829,pos,0 days 01:25:01.144000,0 days 02:21:58.239000
2024-06-23 14:28:15.837,OnTrack,-4353,-2961,1832,pos,0 days 01:25:01.424000,0 days 02:21:58.519000
2024-06-23 14:28:16.217,OnTrack,-4283,-3026,1834,pos,0 days 01:25:01.804000,0 days 02:21:58.899000
2024-06-23 14:28:16.417,OnTrack,-4233,-3082,1835,pos,0 days 01:25:02.004000,0 days 02:21:59.099000
2024-06-23 14:28:16.557,OnTrack,-4201,-3125,1835,pos,0 days 01:25:02.144000,0 days 02:21:59.239000
2024-06-23 14:28:16.837,OnTrack,-4141,-3219,1836,pos,0 days 01:25:02.424000,0 days 02:21:59.519000
2024-06-23 14:28:17.097,OnTrack,-4083,-3348,1838,pos,0 days 01:25:02.684000,0 days 02:21:59.779000
2024-06-23 14:28:17.357,OnTrack,-4060,-3423,1838,pos,0 days 01:25:02.944000,0 days 02:22:00.039000
2024-06-23 14:28:17.557,OnTrack,-4040,-3511,1838,pos,0 days 01:25:03.144000,0 days 02:22:00.239000
2024-06-23 14:28:17.857,OnTrack,-4027,-3654,1839,pos,0 days 01:25:03.444000,0 days 02:22:00.539000
2024-06-23 14:28:18.137,OnTrack,-4036,-3807,1839,pos,0 days 01:25:03.724000,0 days 02:22:00.819000
2024-06-23 14:28:18.377,OnTrack,-4058,-3922,1838,pos,0 days 01:25:03.964000,0 days 02:22:01.059000
2024-06-23 14:28:18.737,OnTrack,-4126,-4112,1836,pos,0 days 01:25:04.324000,0 days 02:22:01.419000
2024-06-23 14:28:18.917,OnTrack,-4173,-4206,1834,pos,0 days 01:25:04.504000,0 days 02:22:01.599000
2024-06-23 14:28:19.117,OnTrack,-4243,-4317,1833,pos,0 days 01:25:04.704000,0 days 02:22:01.799000
2024-06-23 14:28:19.357,OnTrack,-4326,-4438,1830,pos,0 days 01:25:04.944000,0 days 02:22:02.039000
2024-06-23 14:28:19.517,OnTrack,-4385,-4519,1828,pos,0 days 01:25:05.104000,0 days 02:22:02.199000
2024-06-23 14:28:19.657,OnTrack,-4429,-4580,1826,pos,0 days 01:25:05.244000,0 days 02:22:02.339000
2024-06-23 14:28:19.837,OnTrack,-4497,-4673,1824,pos,0 days 01:25:05.424000,0 days 02:22:02.519000
2024-06-23 14:28:20.057,OnTrack,-4581,-4789,1821,pos,0 days 01:25:05.644000,0 days 02:22:02.739000
2024-06-23 14:28:20.397,OnTrack,-4746,-5014,1816,pos,0 days 01:25:05.984000,0 days 02:22:03.079000
2024-06-23 14:28:20.757,OnTrack,-4856,-5165,1813,pos,0 days 01:25:06.344000,0 days 02:22:03.439000
2024-06-23 14:28:21.057,OnTrack,-5000,-5369,1807,pos,0 days 01:25:06.644000,0 days 02:22:03.739000
2024-06-23 14:28:21.437,OnTrack,-5070,-5478,1803,pos,0 days 01:25:07.024000,0 days 02:22:04.119000
2024-06-23 14:28:21.577,OnTrack,-5103,-5535,1801,pos,0 days 01:25:07.164000,0 days 02:22:04.259000
2024-06-23 14:28:21.757,OnTrack,-5133,-5591,1799,pos,0 days 01:25:07.344000,0 days 02:22:04.439000
2024-06-23 14:28:21.937,OnTrack,-5164,-5657,1796,pos,0 days 01:25:07.524000,0 days 02:22:04.619000
2024-06-23 14:28:22.237,OnTrack,-5204,-5765,1791,pos,0 days 01:25:07.824000,0 days 02:22:04.919000
2024-06-23 14:28:22.457,OnTrack,-5221,-5840,1788,pos,0 days 01:25:08.044000,0 days 02:22:05.139000
2024-06-23 14:28:22.617,OnTrack,-5227,-5893,1786,pos,0 days 01:25:08.204000,0 days 02:22:05.299000
2024-06-23 14:28:22.857,OnTrack,-5216,-6010,1780,pos,0 days 01:25:08.444000,0 days 02:22:05.539000
2024-06-23 14:28:23.197,OnTrack,-5195,-6065,1777,pos,0 days 01:25:08.784000,0 days 02:22:05.879000
2024-06-23 14:28:23.457,OnTrack,-5156,-6128,1771,pos,0 days 01:25:09.044000,0 days 02:22:06.139000
2024-06-23 14:28:23.597,OnTrack,-5130,-6157,1769,pos,0 days 01:25:09.184000,0 days 02:22:06.279000
2024-06-23 14:28:23.797,OnTrack,-5088,-6191,1768,pos,0 days 01:25:09.384000,0 days 02:22:06.479000
2024-06-23 14:28:24.177,OnTrack,-4982,-6238,1761,pos,0 days 01:25:09.764000,0 days 02:22:06.859000
2024-06-23 14:28:24.417,OnTrack,-4935,-6247,1760,pos,0 days 01:25:10.004000,0 days 02:22:07.099000
2024-06-23 14:28:24.717,OnTrack,-4853,-6251,1755,pos,0 days 01:25:10.304000,0 days 02:22:07.399000
2024-06-23 14:28:24.977,OnTrack,-4746,-6237,1748,pos,0 days 01:25:10.564000,0 days 02:22:07.659000
2024-06-23 14:28:25.337,OnTrack,-4675,-6218,1743,pos,0 days 01:25:10.924000,0 days 02:22:08.019000
2024-06-23 14:28:25.556,OnTrack,-4609,-6195,1739,pos,0 days 01:25:11.143000,0 days 02:22:08.238000
2024-06-23 14:28:25.777,OnTrack,-4534,-6163,1734,pos,0 days 01:25:11.364000,0 days 02:22:08.459000
2024-06-23 14:28:25.997,OnTrack,-4428,-6110,1727,pos,0 days 01:25:11.584000,0 days 02:22:08.679000
2024-06-23 14:28:26.337,OnTrack,-4349,-6067,1722,pos,0 days 01:25:11.924000,0 days 02:22:09.019000
2024-06-23 14:28:26.497,OnTrack,-4288,-6034,1717,pos,0 days 01:25:12.084000,0 days 02:22:09.179000
2024-06-23 14:28:26.837,OnTrack,-4152,-5960,1708,pos,0 days 01:25:12.424000,0 days 02:22:09.519000
2024-06-23 14:28:27.057,OnTrack,-4035,-5899,1701,pos,0 days 01:25:12.644000,0 days 02:22:09.739000
2024-06-23 14:28:27.297,OnTrack,-3940,-5853,1695,pos,0 days 01:25:12.884000,0 days 02:22:09.979000
2024-06-23 14:28:27.597,OnTrack,-3790,-5785,1686,pos,0 days 01:25:13.184000,0 days 02:22:10.279000
2024-06-23 14:28:27.777,OnTrack,-3694,-5745,1681,pos,0 days 01:25:13.364000,0 days 02:22:10.459000
2024-06-23 14:28:27.977,OnTrack,-3584,-5699,1677,pos,0 days 01:25:13.564000,0 days 02:22:10.659000
2024-06-23 14:28:28.257,OnTrack,-3371,-5604,1667,pos,0 days 01:25:13.844000,0 days 02:22:10.939000
2024-06-23 14:28:28.697,OnTrack,-3182,-5499,1660,pos,0 days 01:25:14.284000,0 days 02:22:11.379000
2024-06-23 14:28:28.777,OnTrack,-3138,-5471,1659,pos,0 days 01:25:14.364000,0 days 02:22:11.459000
2024-06-23 14:28:28.997,OnTrack,-3019,-5387,1656,pos,0 days 01:25:14.584000,0 days 02:22:11.679000
2024-06-23 14:28:29.297,OnTrack,-2813,-5211,1652,pos,0 days 01:25:14.884000,0 days 02:22:11.979000
2024-06-23 14:28:29.557,OnTrack,-2737,-5132,1651,pos,0 days 01:25:15.144000,0 days 02:22:12.239000
2024-06-23 14:28:29.877,OnTrack,-2593,-4961,1650,pos,0 days 01:25:15.464000,0 days 02:22:12.559000
2024-06-23 14:28:30.037,OnTrack,-2525,-4871,1651,pos,0 days 01:25:15.624000,0 days 02:22:12.719000
2024-06-23 14:28:30.197,OnTrack,-2461,-4780,1651,pos,0 days 01:25:15.784000,0 days 02:22:12.879000
2024-06-23 14:28:30.357,OnTrack,-2398,-4690,1651,pos,0 days 01:25:15.944000,0 days 02:22:13.039000
2024-06-23 14:28:30.637,OnTrack,-2298,-4544,1653,pos,0 days 01:25:16.224000,0 days 02:22:13.319000
2024-06-23 14:28:30.777,OnTrack,-2251,-4476,1654,pos,0 days 01:25:16.364000,0 days 02:22:13.459000
2024-06-23 14:28:31.037,OnTrack,-2179,-4363,1658,pos,0 days 01:25:16.624000,0 days 02:22:13.719000
2024-06-23 14:28:31.197,OnTrack,-2144,-4300,1660,pos,0 days 01:25:16.784000,0 days 02:22:13.879000
2024-06-23 14:28:31.457,OnTrack,-2100,-4171,1662,pos,0 days 01:25:17.044000,0 days 02:22:14.139000
2024-06-23 14:28:31.717,OnTrack,-2085,-4060,1663,pos,0 days 01:25:17.304000,0 days 02:22:14.399000
2024-06-23 14:28:31.837,OnTrack,-2083,-4010,1664,pos,0 days 01:25:17.424000,0 days 02:22:14.519000
2024-06-23 14:28:32.117,OnTrack,-2087,-3897,1669,pos,0 days 01:25:17.704000,0 days 02:22:14.799000
2024-06-23 14:28:32.317,OnTrack,-2114,-3765,1676,pos,0 days 01:25:17.904000,0 days 02:22:14.999000
2024-06-23 14:28:32.697,OnTrack,-2153,-3686,1680,pos,0 days 01:25:18.284000,0 days 02:22:15.379000
2024-06-23 14:28:33.017,OnTrack,-2255,-3571,1686,pos,0 days 01:25:18.604000,0 days 02:22:15.699000
2024-06-23 14:28:33.237,OnTrack,-2292,-3541,1689,pos,0 days 01:25:18.824000,0 days 02:22:15.919000
2024-06-23 14:28:33.537,OnTrack,-2392,-3468,1693,pos,0 days 01:25:19.124000,0 days 02:22:16.219000
2024-06-23 14:28:33.777,OnTrack,-2473,-3409,1698,pos,0 days 01:25:19.364000,0 days 02:22:16.459000
2024-06-23 14:28:33.977,OnTrack,-2582,-3315,1708,pos,0 days 01:25:19.564000,0 days 02:22:16.659000
2024-06-23 14:28:34.277,OnTrack,-2639,-3253,1714,pos,0 days 01:25:19.864000,0 days 02:22:16.959000
2024-06-23 14:28:34.577,OnTrack,-2751,-3092,1728,pos,0 days 01:25:20.164000,0 days 02:22:17.259000
2024-06-23 14:28:34.977,OnTrack,-2822,-2949,1739,pos,0 days 01:25:20.564000,0 days 02:22:17.659000
2024-06-23 14:28:35.137,OnTrack,-2859,-2869,1744,pos,0 days 01:25:20.724000,0 days 02:22:17.819000
2024-06-23 14:28:35.477,OnTrack,-2939,-2693,1754,pos,0 days 01:25:21.064000,0 days 02:22:18.159000
2024-06-23 14:28:35.677,OnTrack,-2989,-2587,1762,pos,0 days 01:25:21.264000,0 days 02:22:18.359000
2024-06-23 14:28:35.797,OnTrack,-3021,-2522,1767,pos,0 days 01:25:21.384000,0 days 02:22:18.479000
2024-06-23 14:28:36.077,OnTrack,-3101,-2352,1777,pos,0 days 01:25:21.664000,0 days 02:22:18.759000
2024-06-23 14:28:36.237,OnTrack,-3147,-2256,1784,pos,0 days 01:25:21.824000,0 days 02:22:18.919000
2024-06-23 14:28:36.417,OnTrack,-3197,-2151,1791,pos,0 days 01:25:22.004000,0 days 02:22:19.099000
2024-06-23 14:28:36.597,OnTrack,-3247,-2045,1797,pos,0 days 01:25:22.184000,0 days 02:22:19.279000
2024-06-23 14:28:36.857,OnTrack,-3322,-1890,1808,pos,0 days 01:25:22.444000,0 days 02:22:19.539000
2024-06-23 14:28:37.097,OnTrack,-3421,-1668,1822,pos,0 days 01:25:22.684000,0 days 02:22:19.779000
2024-06-23 14:28:37.557,OnTrack,-3489,-1442,1836,pos,0 days 01:25:23.144000,0 days 02:22:20.239000
2024-06-23 14:28:37.937,OnTrack,-3505,-1163,1847,pos,0 days 01:25:23.524000,0 days 02:22:20.619000
2024-06-23 14:28:38.317,OnTrack,-3482,-975,1855,pos,0 days 01:25:23.904000,0 days 02:22:20.999000
2024-06-23 14:28:38.497,OnTrack,-3457,-867,1859,pos,0 days 01:25:24.084000,0 days 02:22:21.179000
2024-06-23 14:28:38.817,OnTrack,-3387,-669,1866,pos,0 days 01:25:24.404000,0 days 02:22:21.499000
2024-06-23 14:28:38.997,OnTrack,-3297,-505,1870,pos,0 days 01:25:24.584000,0 days 02:22:21.679000
2024-06-23 14:28:39.257,OnTrack,-3222,-409,1872,pos,0 days 01:25:24.844000,0 days 02:22:21.939000
2024-06-23 14:28:39.517,OnTrack,-3106,-309,1874,pos,0 days 01:25:25.104000,0 days 02:22:22.199000
2024-06-23 14:28:39.697,OnTrack,-3001,-248,1875,pos,0 days 01:25:25.284000,0 days 02:22:22.379000
2024-06-23 14:28:39.897,OnTrack,-2875,-191,1874,pos,0 days 01:25:25.484000,0 days 02:22:22.579000
2024-06-23 14:28:40.137,OnTrack,-2724,-132,1873,pos,0 days 01:25:25.724000,0 days 02:22:22.819000
2024-06-23 14:28:40.457,OnTrack,-2470,-23,1870,pos,0 days 01:25:26.044000,0 days 02:22:23.139000
2024-06-23 14:28:40.897,OnTrack,-2174,115,1866,pos,0 days 01:25:26.484000,0 days 02:22:23.579000
2024-06-23 14:28:41.277,OnTrack,-1925,232,1862,pos,0 days 01:25:26.864000,0 days 02:22:23.959000
2024-06-23 14:28:41.697,OnTrack,-1711,333,1860,pos,0 days 01:25:27.284000,0 days 02:22:24.379000
2024-06-23 14:28:41.777,OnTrack,-1657,359,1859,pos,0 days 01:25:27.364000,0 days 02:22:24.459000
2024-06-23 14:28:42.057,OnTrack,-1467,450,1856,pos,0 days 01:25:27.644000,0 days 02:22:24.739000
2024-06-23 14:28:42.237,OnTrack,-1344,508,1855,pos,0 days 01:25:27.824000,0 days 02:22:24.919000
2024-06-23 14:28:42.437,OnTrack,-1206,575,1853,pos,0 days 01:25:28.024000,0 days 02:22:25.119000
2024-06-23 14:28:42.697,OnTrack,-1027,665,1851,pos,0 days 01:25:28.284000,0 days 02:22:25.379000
2024-06-23 14:28:42.917,OnTrack,-876,745,1849,pos,0 days 01:25:28.504000,0 days 02:22:25.599000
2024-06-23 14:28:43.117,OnTrack,-738,819,1847,pos,0 days 01:25:28.704000,0 days 02:22:25.799000
2024-06-23 14:28:43.317,OnTrack,-599,893,1845,pos,0 days 01:25:28.904000,0 days 02:22:25.999000
2024-06-23 14:28:43.617,OnTrack,-332,1036,1841,pos,0 days 01:25:29.204000,0 days 02:22:26.299000
2024-06-23 14:28:43.857,OnTrack,-219,1096,1840,pos,0 days 01:25:29.444000,0 days 02:22:26.539000
2024-06-23 14:28:44.217,OnTrack,92,1262,1835,pos,0 days 01:25:29.804000,0 days 02:22:26.899000
2024-06-23 14:28:44.577,OnTrack,347,1396,1832,pos,0 days 01:25:30.164000,0 days 02:22:27.259000
2024-06-23 14:28:44.897,OnTrack,478,1460,1830,pos,0 days 01:25:30.484000,0 days 02:22:27.579000
2024-06-23 14:28:45.257,OnTrack,840,1614,1826,pos,0 days 01:25:30.844000,0 days 02:22:27.939000
2024-06-23 14:28:45.537,OnTrack,943,1655,1824,pos,0 days 01:25:31.124000,0 days 02:22:28.219000
2024-06-23 14:28:45.797,OnTrack,1076,1711,1823,pos,0 days 01:25:31.384000,0 days 02:22:28.479000
2024-06-23 14:28:45.997,OnTrack,1159,1748,1822,pos,0 days 01:25:31.584000,0 days 02:22:28.679000
2024-06-23 14:28:46.177,OnTrack,1230,1786,1821,pos,0 days 01:25:31.764000,0 days 02:22:28.859000
2024-06-23 14:28:46.457,OnTrack,1323,1849,1821,pos,0 days 01:25:32.044000,0 days 02:22:29.139000
2024-06-23 14:28:46.617,OnTrack,1367,1890,1820,pos,0 days 01:25:32.204000,0 days 02:22:29.299000
2024-06-23 14:28:46.897,OnTrack,1425,1970,1819,pos,0 days 01:25:32.484000,0 days 02:22:29.579000
2024-06-23 14:28:46.957,OnTrack,1435,1989,1818,pos,0 days 01:25:32.544000,0 days 02:22:29.639000
2024-06-23 14:28:47.357,OnTrack,1463,2161,1817,pos,0 days 01:25:32.944000,0 days 02:22:30.039000
2024-06-23 14:28:47.757,OnTrack,1433,2287,1818,pos,0 days 01:25:33.344000,0 days 02:22:30.439000
2024-06-23 14:28:48.037,OnTrack,1413,2333,1819,pos,0 days 01:25:33.624000,0 days 02:22:30.719000
2024-06-23 14:28:48.237,OnTrack,1383,2385,1821,pos,0 days 01:25:33.824000,0 days 02:22:30.919000
2024-06-23 14:28:48.497,OnTrack,1340,2446,1823,pos,0 days 01:25:34.084000,0 days 02:22:31.179000
2024-06-23 14:28:48.737,OnTrack,1295,2495,1824,pos,0 days 01:25:34.324000,0 days 02:22:31.419000
2024-06-23 14:28:49.017,OnTrack,1232,2547,1826,pos,0 days 01:25:34.604000,0 days 02:22:31.699000
2024-06-23 14:28:49.417,OnTrack,1144,2597,1828,pos,0 days 01:25:35.004000,0 days 02:22:32.099000
2024-06-23 14:28:49.577,OnTrack,1104,2613,1829,pos,0 days 01:25:35.164000,0 days 02:22:32.259000
2024-06-23 14:28:49.777,OnTrack,1050,2629,1830,pos,0 days 01:25:35.364000,0 days 02:22:32.459000
2024-06-23 14:28:49.977,OnTrack,993,2643,1832,pos,0 days 01:25:35.564000,0 days 02:22:32.659000
2024-06-23 14:28:50.277,OnTrack,893,2656,1834,pos,0 days 01:25:35.864000,0 days 02:22:32.959000
2024-06-23 14:28:50.617,OnTrack,733,2656,1837,pos,0 days 01:25:36.204000,0 days 02:22:33.299000
2024-06-23 14:28:51.017,OnTrack,634,2643,1839,pos,0 days 01:25:36.604000,0 days 02:22:33.699000
2024-06-23 14:28:51.277,OnTrack,473,2599,1843,pos,0 days 01:25:36.864000,0 days 02:22:33.959000
2024-06-23 14:28:51.657,OnTrack,373,2556,1847,pos,0 days 01:25:37.244000,0 days 02:22:34.339000
2024-06-23 14:28:51.817,OnTrack,305,2521,1850,pos,0 days 01:25:37.404000,0 days 02:22:34.499000
2024-06-23 14:28:52.097,OnTrack,123,2404,1860,pos,0 days 01:25:37.684000,0 days 02:22:34.779000
2024-06-23 14:28:52.517,OnTrack,-52,2283,1870,pos,0 days 01:25:38.104000,0 days 02:22:35.199000
2024-06-23 14:28:52.957,OnTrack,-193,2208,1875,pos,0 days 01:25:38.544000,0 days 02:22:35.639000
2024-06-23 14:28:53.117,OnTrack,-319,2161,1879,pos,0 days 01:25:38.704000,0 days 02:22:35.799000
2024-06-23 14:28:53.497,OnTrack,-430,2134,1884,pos,0 days 01:25:39.084000,0 days 02:22:36.179000
2024-06-23 14:28:53.737,OnTrack,-528,2123,1889,pos,0 days 01:25:39.324000,0 days 02:22:36.419000
2024-06-23 14:28:53.937,OnTrack,-606,2123,1893,pos,0 days 01:25:39.524000,0 days 02:22:36.619000
2024-06-23 14:28:54.117,OnTrack,-673,2130,1896,pos,0 days 01:25:39.704000,0 days 02:22:36.799000
2024-06-23 14:28:54.277,OnTrack,-729,2142,1898,pos,0 days 01:25:39.864000,0 days 02:22:36.959000
2024-06-23 14:28:54.637,OnTrack,-862,2204,1905,pos,0 days 01:25:40.224000,0 days 02:22:37.319000
2024-06-23 14:28:54.977,OnTrack,-933,2268,1908,pos,0 days 01:25:40.564000,0 days 02:22:37.659000
2024-06-23 14:28:55.257,OnTrack,-987,2345,1910,pos,0 days 01:25:40.844000,0 days 02:22:37.939000
2024-06-23 14:28:55.437,OnTrack,-1025,2435,1912,pos,0 days 01:25:41.024000,0 days 02:22:38.119000
2024-06-23 14:28:55.837,OnTrack,-1050,2565,1914,pos,0 days 01:25:41.424000,0 days 02:22:38.519000
2024-06-23 14:28:56.257,OnTrack,-1049,2655,1915,pos,0 days 01:25:41.844000,0 days 02:22:38.939000
2024-06-23 14:28:56.477,OnTrack,-1039,2727,1916,pos,0 days 01:25:42.064000,0 days 02:22:39.159000
2024-06-23 14:28:56.657,OnTrack,-1017,2812,1917,pos,0 days 01:25:42.244000,0 days 02:22:39.339000
2024-06-23 14:28:56.937,OnTrack,-993,2877,1918,pos,0 days 01:25:42.524000,0 days 02:22:39.619000
2024-06-23 14:28:57.197,OnTrack,-952,2961,1920,pos,0 days 01:25:42.784000,0 days 02:22:39.879000
2024-06-23 14:28:57.417,OnTrack,-909,3031,1921,pos,0 days 01:25:43.004000,0 days 02:22:40.099000
2024-06-23 14:28:57.617,OnTrack,-836,3125,1922,pos,0 days 01:25:43.204000,0 days 02:22:40.299000
2024-06-23 14:28:57.857,OnTrack,-768,3197,1923,pos,0 days 01:25:43.444000,0 days 02:22:40.539000
2024-06-23 14:28:58.097,OnTrack,-690,3267,1922,pos,0 days 01:25:43.684000,0 days 02:22:40.779000
2024-06-23 14:28:58.317,OnTrack,-611,3332,1922,pos,0 days 01:25:43.904000,0 days 02:22:40.999000
2024-06-23 14:28:58.537,OnTrack,-519,3404,1921,pos,0 days 01:25:44.124000,0 days 02:22:41.219000
2024-06-23 14:28:58.757,OnTrack,-379,3513,1918,pos,0 days 01:25:44.344000,0 days 02:22:41.439000
2024-06-23 14:28:59.017,OnTrack,-320,3562,1917,pos,0 days 01:25:44.604000,0 days 02:22:41.699000
2024-06-23 14:28:59.197,OnTrack,-252,3620,1916,pos,0 days 01:25:44.784000,0 days 02:22:41.879000
2024-06-23 14:28:59.577,OnTrack,-64,3780,1910,pos,0 days 01:25:45.164000,0 days 02:22:42.259000
2024-06-23 14:28:59.897,OnTrack,68,3888,1904,pos,0 days 01:25:45.484000,0 days 02:22:42.579000
2024-06-23 14:29:00.157,OnTrack,254,4016,1896,pos,0 days 01:25:45.744000,0 days 02:22:42.839000
2024-06-23 14:29:00.557,OnTrack,429,4096,1888,pos,0 days 01:25:46.144000,0 days 02:22:43.239000
2024-06-23 14:29:00.797,OnTrack,625,4137,1878,pos,0 days 01:25:46.384000,0 days 02:22:43.479000
2024-06-23 14:29:01.057,OnTrack,759,4138,1872,pos,0 days 01:25:46.644000,0 days 02:22:43.739000
2024-06-23 14:29:01.237,OnTrack,881,4123,1864,pos,0 days 01:25:46.824000,0 days 02:22:43.919000
2024-06-23 14:29:01.457,OnTrack,1027,4089,1856,pos,0 days 01:25:47.044000,0 days 02:22:44.139000
2024-06-23 14:29:01.737,OnTrack,1286,3985,1840,pos,0 days 01:25:47.324000,0 days 02:22:44.419000
2024-06-23 14:29:02.037,OnTrack,1398,3926,1834,pos,0 days 01:25:47.624000,0 days 02:22:44.719000
2024-06-23 14:29:02.317,OnTrack,1569,3825,1824,pos,0 days 01:25:47.904000,0 days 02:22:44.999000
2024-06-23 14:29:02.597,OnTrack,1776,3693,1811,pos,0 days 01:25:48.184000,0 days 02:22:45.279000
2024-06-23 14:29:02.857,OnTrack,1898,3615,1804,pos,0 days 01:25:48.444000,0 days 02:22:45.539000
2024-06-23 14:29:03.177,OnTrack,2158,3449,1789,pos,0 days 01:25:48.764000,0 days 02:22:45.859000
2024-06-23 14:29:03.517,OnTrack,2305,3351,1782,pos,0 days 01:25:49.104000,0 days 02:22:46.199000
2024-06-23 14:29:03.717,OnTrack,2423,3265,1776,pos,0 days 01:25:49.304000,0 days 02:22:46.399000
2024-06-23 14:29:04.017,OnTrack,2565,3140,1768,pos,0 days 01:25:49.604000,0 days 02:22:46.699000
2024-06-23 14:29:04.137,OnTrack,2623,3081,1764,pos,0 days 01:25:49.724000,0 days 02:22:46.819000
2024-06-23 14:29:04.457,OnTrack,2751,2914,1757,pos,0 days 01:25:50.044000,0 days 02:22:47.139000
2024-06-23 14:29:04.617,OnTrack,2799,2821,1754,pos,0 days 01:25:50.204000,0 days 02:22:47.299000
2024-06-23 14:29:04.777,OnTrack,2836,2722,1751,pos,0 days 01:25:50.364000,0 days 02:22:47.459000
2024-06-23 14:29:04.997,OnTrack,2869,2580,1748,pos,0 days 01:25:50.584000,0 days 02:22:47.679000
2024-06-23 14:29:05.157,OnTrack,2884,2461,1744,pos,0 days 01:25:50.744000,0 days 02:22:47.839000
2024-06-23 14:29:05.417,OnTrack,2877,2290,1741,pos,0 days 01:25:51.004000,0 days 02:22:48.099000
2024-06-23 14:29:05.677,OnTrack,2826,2067,1737,pos,0 days 01:25:51.264000,0 days 02:22:48.359000
2024-06-23 14:29:06.077,OnTrack,2744,1881,1734,pos,0 days 01:25:51.664000,0 days 02:22:48.759000
2024-06-23 14:29:06.237,OnTrack,2690,1783,1733,pos,0 days 01:25:51.824000,0 days 02:22:48.919000
2024-06-23 14:29:06.517,OnTrack,2541,1543,1729,pos,0 days 01:25:52.104000,0 days 02:22:49.199000
2024-06-23 14:29:06.977,OnTrack,2382,1301,1724,pos,0 days 01:25:52.564000,0 days 02:22:49.659000
2024-06-23 14:29:07.237,OnTrack,2303,1179,1722,pos,0 days 01:25:52.824000,0 days 02:22:49.919000
2024-06-23 14:29:07.617,OnTrack,2149,943,1718,pos,0 days 01:25:53.204000,0 days 02:22:50.299000
2024-06-23 14:29:07.777,OnTrack,2043,779,1715,pos,0 days 01:25:53.364000,0 days 02:22:50.459000
2024-06-23 14:29:08.197,OnTrack,1910,576,1712,pos,0 days 01:25:53.784000,0 days 02:22:50.879000
2024-06-23 14:29:08.377,OnTrack,1835,460,1711,pos,0 days 01:25:53.964000,0 days 02:22:51.059000
2024-06-23 14:29:08.617,OnTrack,1734,305,1709,pos,0 days 01:25:54.204000,0 days 02:22:51.299000
2024-06-23 14:29:08.797,OnTrack,1666,201,1708,pos,0 days 01:25:54.384000,0 days 02:22:51.479000
2024-06-23 14:29:08.957,OnTrack,1599,96,1707,pos,0 days 01:25:54.544000,0 days 02:22:51.639000
2024-06-23 14:29:09.177,OnTrack,1446,-141,1707,pos,0 days 01:25:54.764000,0 days 02:22:51.859000
2024-06-23 14:29:09.537,OnTrack,1352,-289,1707,pos,0 days 01:25:55.124000,0 days 02:22:52.219000
2024-06-23 14:29:09.817,OnTrack,1231,-478,1708,pos,0 days 01:25:55.404000,0 days 02:22:52.499000
2024-06-23 14:29:09.977,OnTrack,1162,-586,1708,pos,0 days 01:25:55.564000,0 days 02:22:52.659000
2024-06-23 14:29:10.297,OnTrack,1015,-818,1708,pos,0 days 01:25:55.884000,0 days 02:22:52.979000
2024-06-23 14:29:10.617,OnTrack,884,-1024,1708,pos,0 days 01:25:56.204000,0 days 02:22:53.299000
2024-06-23 14:29:10.897,OnTrack,762,-1218,1708,pos,0 days 01:25:56.484000,0 days 02:22:53.579000
2024-06-23 14:29:11.117,OnTrack,665,-1370,1707,pos,0 days 01:25:56.704000,0 days 02:22:53.799000
2024-06-23 14:29:11.297,OnTrack,532,-1579,1708,pos,0 days 01:25:56.884000,0 days 02:22:53.979000
2024-06-23 14:29:11.638,OnTrack,426,-1746,1707,pos,0 days 01:25:57.225000,0 days 02:22:54.320000
2024-06-23 14:29:11.817,OnTrack,346,-1872,1708,pos,0 days 01:25:57.404000,0 days 02:22:54.499000
2024-06-23 14:29:12.097,OnTrack,221,-2068,1708,pos,0 days 01:25:57.684000,0 days 02:22:54.779000
2024-06-23 14:29:12.237,OnTrack,105,-2251,1708,pos,0 days 01:25:57.824000,0 days 02:22:54.919000
2024-06-23 14:29:12.697,OnTrack,-75,-2535,1707,pos,0 days 01:25:58.284000,0 days 02:22:55.379000
2024-06-23 14:29:13.177,OnTrack,-267,-2827,1704,pos,0 days 01:25:58.764000,0 days 02:22:55.859000
2024-06-23 14:29:13.297,OnTrack,-369,-2981,1703,pos,0 days 01:25:58.884000,0 days 02:22:55.979000
2024-06-23 14:29:13.757,OnTrack,-584,-3304,1698,pos,0 days 01:25:59.344000,0 days 02:22:56.439000
2024-06-23 14:29:13.997,OnTrack,-649,-3402,1696,pos,0 days 01:25:59.584000,0 days 02:22:56.679000
2024-06-23 14:29:14.317,OnTrack,-800,-3627,1692,pos,0 days 01:25:59.904000,0 days 02:22:56.999000
2024-06-23 14:29:14.537,OnTrack,-904,-3782,1689,pos,0 days 01:26:00.124000,0 days 02:22:57.219000
2024-06-23 14:29:14.737,OnTrack,-1046,-3993,1683,pos,0 days 01:26:00.324000,0 days 02:22:57.419000
2024-06-23 14:29:15.057,OnTrack,-1150,-4148,1679,pos,0 days 01:26:00.644000,0 days 02:22:57.739000
2024-06-23 14:29:15.757,OnTrack,-1483,-4644,1665,pos,0 days 01:26:01.344000,0 days 02:22:58.439000
2024-06-23 14:29:16.017,OnTrack,-1598,-4816,1660,pos,0 days 01:26:01.604000,0 days 02:22:58.699000
2024-06-23 14:29:16.337,OnTrack,-1799,-5133,1653,pos,0 days 01:26:01.924000,0 days 02:22:59.019000
2024-06-23 14:29:16.577,OnTrack,-1852,-5221,1651,pos,0 days 01:26:02.164000,0 days 02:22:59.259000
2024-06-23 14:29:16.937,OnTrack,-2048,-5561,1645,pos,0 days 01:26:02.524000,0 days 02:22:59.619000
2024-06-23 14:29:17.357,OnTrack,-2220,-5871,1641,pos,0 days 01:26:02.944000,0 days 02:23:00.039000
2024-06-23 14:29:17.717,OnTrack,-2380,-6157,1637,pos,0 days 01:26:03.304000,0 days 02:23:00.399000
2024-06-23 14:29:18.177,OnTrack,-2507,-6368,1634,pos,0 days 01:26:03.764000,0 days 02:23:00.859000
2024-06-23 14:29:18.397,OnTrack,-2595,-6499,1633,pos,0 days 01:26:03.984000,0 days 02:23:01.079000
2024-06-23 14:29:18.717,OnTrack,-2685,-6620,1631,pos,0 days 01:26:04.304000,0 days 02:23:01.399000
2024-06-23 14:29:18.877,OnTrack,-2732,-6677,1630,pos,0 days 01:26:04.464000,0 days 02:23:01.559000
2024-06-23 14:29:19.077,OnTrack,-2798,-6750,1628,pos,0 days 01:26:04.664000,0 days 02:23:01.759000
2024-06-23 14:29:19.257,OnTrack,-2857,-6808,1627,pos,0 days 01:26:04.844000,0 days 02:23:01.939000
2024-06-23 14:29:19.617,OnTrack,-3022,-6931,1624,pos,0 days 01:26:05.204000,0 days 02:23:02.299000
2024-06-23 14:29:19.957,OnTrack,-3102,-6968,1623,pos,0 days 01:26:05.544000,0 days 02:23:02.639000
2024-06-23 14:29:20.137,OnTrack,-3170,-6987,1623,pos,0 days 01:26:05.724000,0 days 02:23:02.819000
2024-06-23 14:29:20.317,OnTrack,-3240,-6995,1624,pos,0 days 01:26:05.904000,0 days 02:23:02.999000
2024-06-23 14:29:20.537,OnTrack,-3328,-6990,1626,pos,0 days 01:26:06.124000,0 days 02:23:03.219000
2024-06-23 14:29:20.877,OnTrack,-3463,-6954,1629,pos,0 days 01:26:06.464000,0 days 02:23:03.559000
2024-06-23 14:29:21.037,OnTrack,-3582,-6903,1631,pos,0 days 01:26:06.624000,0 days 02:23:03.719000
2024-06-23 14:29:21.457,OnTrack,-3695,-6850,1633,pos,0 days 01:26:07.044000,0 days 02:23:04.139000
2024-06-23 14:29:21.637,OnTrack,-3770,-6817,1634,pos,0 days 01:26:07.224000,0 days 02:23:04.319000
2024-06-23 14:29:21.897,OnTrack,-3928,-6772,1638,pos,0 days 01:26:07.484000,0 days 02:23:04.579000
2024-06-23 14:29:22.197,OnTrack,-4019,-6767,1642,pos,0 days 01:26:07.784000,0 days 02:23:04.879000
2024-06-23 14:29:22.417,OnTrack,-4123,-6783,1646,pos,0 days 01:26:08.004000,0 days 02:23:05.099000
2024-06-23 14:29:22.657,OnTrack,-4237,-6819,1651,pos,0 days 01:26:08.244000,0 days 02:23:05.339000
2024-06-23 14:29:22.857,OnTrack,-4387,-6892,1659,pos,0 days 01:26:08.444000,0 days 02:23:05.539000
2024-06-23 14:29:23.197,OnTrack,-4484,-6952,1665,pos,0 days 01:26:08.784000,0 days 02:23:05.879000
2024-06-23 14:29:23.477,OnTrack,-4609,-7038,1672,pos,0 days 01:26:09.064000,0 days 02:23:06.159000
2024-06-23 14:29:23.697,OnTrack,-4708,-7110,1677,pos,0 days 01:26:09.284000,0 days 02:23:06.379000
2024-06-23 14:29:23.917,OnTrack,-4863,-7213,1686,pos,0 days 01:26:09.504000,0 days 02:23:06.599000
2024-06-23 14:29:24.217,OnTrack,-4965,-7273,1691,pos,0 days 01:26:09.804000,0 days 02:23:06.899000
2024-06-23 14:29:24.497,OnTrack,-5198,-7384,1702,pos,0 days 01:26:10.084000,0 days 02:23:07.179000
2024-06-23 14:29:24.937,OnTrack,-5378,-7435,1710,pos,0 days 01:26:10.524000,0 days 02:23:07.619000
2024-06-23 14:29:25.097,OnTrack,-5489,-7451,1715,pos,0 days 01:26:10.684000,0 days 02:23:07.779000
2024-06-23 14:29:25.297,OnTrack,-5610,-7455,1720,pos,0 days 01:26:10.884000,0 days 02:23:07.979000
2024-06-23 14:29:25.497,OnTrack,-5717,-7448,1725,pos,0 days 01:26:11.084000,0 days 02:23:08.179000
2024-06-23 14:29:25.737,OnTrack,-5870,-7421,1731,pos,0 days 01:26:11.324000,0 days 02:23:08.419000
2024-06-23 14:29:25.957,OnTrack,-6060,-7358,1738,pos,0 days 01:26:11.544000,0 days 02:23:08.639000
2024-06-23 14:29:26.277,OnTrack,-6164,-7306,1742,pos,0 days 01:26:11.864000,0 days 02:23:08.959000
2024-06-23 14:29:26.497,OnTrack,-6273,-7237,1746,pos,0 days 01:26:12.084000,0 days 02:23:09.179000
2024-06-23 14:29:26.797,OnTrack,-6407,-7120,1752,pos,0 days 01:26:12.384000,0 days 02:23:09.479000
2024-06-23 14:29:26.957,OnTrack,-6513,-6986,1757,pos,0 days 01:26:12.544000,0 days 02:23:09.639000
2024-06-23 14:29:27.457,OnTrack,-6626,-6776,1761,pos,0 days 01:26:13.044000,0 days 02:23:10.139000
2024-06-23 14:29:27.677,OnTrack,-6673,-6643,1764,pos,0 days 01:26:13.264000,0 days 02:23:10.359000
2024-06-23 14:29:27.897,OnTrack,-6706,-6502,1766,pos,0 days 01:26:13.484000,0 days 02:23:10.579000
2024-06-23 14:29:28.077,OnTrack,-6723,-6384,1768,pos,0 days 01:26:13.664000,0 days 02:23:10.759000
2024-06-23 14:29:28.277,OnTrack,-6732,-6249,1770,pos,0 days 01:26:13.864000,0 days 02:23:10.959000
2024-06-23 14:29:28.337,OnTrack,-6733,-6208,1770,pos,0 days 01:26:13.924000,0 days 02:23:11.019000
2024-06-23 14:29:28.737,OnTrack,-6716,-5904,1775,pos,0 days 01:26:14.324000,0 days 02:23:11.419000
2024-06-23 14:29:29.057,OnTrack,-6688,-5710,1777,pos,0 days 01:26:14.644000,0 days 02:23:11.739000
2024-06-23 14:29:29.297,OnTrack,-6657,-5555,1779,pos,0 days 01:26:14.884000,0 days 02:23:11.979000
2024-06-23 14:29:29.377,OnTrack,-6644,-5499,1780,pos,0 days 01:26:14.964000,0 days 02:23:12.059000
2024-06-23 14:29:29.697,OnTrack,-6582,-5276,1785,pos,0 days 01:26:15.284000,0 days 02:23:12.379000
2024-06-23 14:29:29.957,OnTrack,-6515,-5098,1787,pos,0 days 01:26:15.544000,0 days 02:23:12.639000
2024-06-23 14:29:30.137,OnTrack,-6427,-4927,1790,pos,0 days 01:26:15.724000,0 days 02:23:12.819000
2024-06-23 14:29:30.497,OnTrack,-6264,-4672,1794,pos,0 days 01:26:16.084000,0 days 02:23:13.179000
2024-06-23 14:29:30.937,OnTrack,-6122,-4473,1798,pos,0 days 01:26:16.524000,0 days 02:23:13.619000
2024-06-23 14:29:31.117,OnTrack,-6041,-4361,1799,pos,0 days 01:26:16.704000,0 days 02:23:13.799000
2024-06-23 14:29:31.337,OnTrack,-5949,-4220,1801,pos,0 days 01:26:16.924000,0 days 02:23:14.019000
2024-06-23 14:29:31.497,OnTrack,-5877,-4097,1803,pos,0 days 01:26:17.084000,0 days 02:23:14.179000
2024-06-23 14:29:31.737,OnTrack,-5781,-3935,1806,pos,0 days 01:26:17.324000,0 days 02:23:14.419000
2024-06-23 14:29:32.077,OnTrack,-5591,-3631,1811,pos,0 days 01:26:17.664000,0 days 02:23:14.759000
2024-06-23 14:29:32.337,OnTrack,-5541,-3556,1812,pos,0 days 01:26:17.924000,0 days 02:23:15.019000
2024-06-23 14:29:32.577,OnTrack,-5442,-3412,1815,pos,0 days 01:26:18.164000,0 days 02:23:15.259000
2024-06-23 14:29:32.837,OnTrack,-5301,-3213,1817,pos,0 days 01:26:18.424000,0 days 02:23:15.519000
2024-06-23 14:29:33.257,OnTrack,-5196,-3086,1819,pos,0 days 01:26:18.844000,0 days 02:23:15.939000
2024-06-23 14:29:33.437,OnTrack,-5082,-2978,1820,pos,0 days 01:26:19.024000,0 days 02:23:16.119000
2024-06-23 14:29:33.757,OnTrack,-5014,-2930,1821,pos,0 days 01:26:19.344000,0 days 02:23:16.439000
2024-06-23 14:29:34.037,OnTrack,-4904,-2875,1822,pos,0 days 01:26:19.624000,0 days 02:23:16.719000
2024-06-23 14:29:34.297,OnTrack,-4798,-2846,1824,pos,0 days 01:26:19.884000,0 days 02:23:16.979000
2024-06-23 14:29:34.497,OnTrack,-4677,-2839,1826,pos,0 days 01:26:20.084000,0 days 02:23:17.179000
2024-06-23 14:29:34.817,OnTrack,-4593,-2851,1827,pos,0 days 01:26:20.404000,0 days 02:23:17.499000
2024-06-23 14:29:35.177,OnTrack,-4466,-2894,1830,pos,0 days 01:26:20.764000,0 days 02:23:17.859000
2024-06-23 14:29:35.397,OnTrack,-4396,-2932,1831,pos,0 days 01:26:20.984000,0 days 02:23:18.079000
2024-06-23 14:29:35.417,OnTrack,-4390,-2936,1831,pos,0 days 01:26:21.004000,0 days 02:23:18.099000
2024-06-23 14:29:35.677,OnTrack,-4317,-2992,1833,pos,0 days 01:26:21.264000,0 days 02:23:18.359000
2024-06-23 14:29:35.957,OnTrack,-4226,-3091,1835,pos,0 days 01:26:21.544000,0 days 02:23:18.639000
2024-06-23 14:29:36.277,OnTrack,-4187,-3145,1835,pos,0 days 01:26:21.864000,0 days 02:23:18.959000
2024-06-23 14:29:36.617,OnTrack,-4121,-3258,1836,pos,0 days 01:26:22.204000,0 days 02:23:19.299000
2024-06-23 14:29:36.857,OnTrack,-4068,-3394,1838,pos,0 days 01:26:22.444000,0 days 02:23:19.539000
2024-06-23 14:29:37.117,OnTrack,-4052,-3452,1838,pos,0 days 01:26:22.704000,0 days 02:23:19.799000
2024-06-23 14:29:37.477,OnTrack,-4029,-3613,1839,pos,0 days 01:26:23.064000,0 days 02:23:20.159000
2024-06-23 14:29:38.317,OnTrack,-4096,-4041,1837,pos,0 days 01:26:23.904000,0 days 02:23:20.999000
2024-06-23 14:29:38.557,OnTrack,-4151,-4164,1835,pos,0 days 01:26:24.144000,0 days 02:23:21.239000
2024-06-23 14:29:38.837,OnTrack,-4261,-4344,1832,pos,0 days 01:26:24.424000,0 days 02:23:21.519000
2024-06-23 14:29:39.197,OnTrack,-4380,-4514,1829,pos,0 days 01:26:24.784000,0 days 02:23:21.879000
2024-06-23 14:29:39.657,OnTrack,-4560,-4760,1822,pos,0 days 01:26:25.244000,0 days 02:23:22.339000
2024-06-23 14:29:40.057,OnTrack,-4731,-4994,1817,pos,0 days 01:26:25.644000,0 days 02:23:22.739000
2024-06-23 14:29:40.477,OnTrack,-4841,-5144,1814,pos,0 days 01:26:26.064000,0 days 02:23:23.159000
2024-06-23 14:29:40.637,OnTrack,-4902,-5228,1811,pos,0 days 01:26:26.224000,0 days 02:23:23.319000
2024-06-23 14:29:40.897,OnTrack,-5033,-5419,1805,pos,0 days 01:26:26.484000,0 days 02:23:23.579000
2024-06-23 14:29:41.297,OnTrack,-5099,-5527,1801,pos,0 days 01:26:26.884000,0 days 02:23:23.979000
2024-06-23 14:29:41.497,OnTrack,-5129,-5584,1799,pos,0 days 01:26:27.084000,0 days 02:23:24.179000
2024-06-23 14:29:41.717,OnTrack,-5166,-5662,1796,pos,0 days 01:26:27.304000,0 days 02:23:24.399000
2024-06-23 14:29:41.937,OnTrack,-5209,-5783,1791,pos,0 days 01:26:27.524000,0 days 02:23:24.619000
2024-06-23 14:29:42.317,OnTrack,-5227,-5891,1786,pos,0 days 01:26:27.904000,0 days 02:23:24.999000
2024-06-23 14:29:42.637,OnTrack,-5225,-5957,1783,pos,0 days 01:26:28.224000,0 days 02:23:25.319000
2024-06-23 14:29:42.837,OnTrack,-5214,-6015,1779,pos,0 days 01:26:28.424000,0 days 02:23:25.519000
2024-06-23 14:29:43.077,OnTrack,-5189,-6078,1775,pos,0 days 01:26:28.664000,0 days 02:23:25.759000
2024-06-23 14:29:43.317,OnTrack,-5152,-6132,1771,pos,0 days 01:26:28.904000,0 days 02:23:25.999000
2024-06-23 14:29:43.517,OnTrack,-5115,-6170,1769,pos,0 days 01:26:29.104000,0 days 02:23:26.199000
2024-06-23 14:29:43.657,OnTrack,-5086,-6192,1768,pos,0 days 01:26:29.244000,0 days 02:23:26.339000
2024-06-23 14:29:43.817,OnTrack,-5050,-6213,1766,pos,0 days 01:26:29.404000,0 days 02:23:26.499000
2024-06-23 14:29:44.157,OnTrack,-4965,-6242,1762,pos,0 days 01:26:29.744000,0 days 02:23:26.839000
2024-06-23 14:29:44.317,OnTrack,-4921,-6249,1758,pos,0 days 01:26:29.904000,0 days 02:23:26.999000
2024-06-23 14:29:44.597,OnTrack,-4835,-6250,1754,pos,0 days 01:26:30.184000,0 days 02:23:27.279000
2024-06-23 14:29:44.797,OnTrack,-4751,-6239,1748,pos,0 days 01:26:30.384000,0 days 02:23:27.479000
2024-06-23 14:29:45.077,OnTrack,-4690,-6223,1744,pos,0 days 01:26:30.664000,0 days 02:23:27.759000
2024-06-23 14:29:45.257,OnTrack,-4640,-6207,1741,pos,0 days 01:26:30.844000,0 days 02:23:27.939000
2024-06-23 14:29:45.477,OnTrack,-4569,-6178,1736,pos,0 days 01:26:31.064000,0 days 02:23:28.159000
2024-06-23 14:29:45.757,OnTrack,-4475,-6134,1730,pos,0 days 01:26:31.344000,0 days 02:23:28.439000
2024-06-23 14:29:46.057,OnTrack,-4344,-6065,1721,pos,0 days 01:26:31.644000,0 days 02:23:28.739000
2024-06-23 14:29:46.437,OnTrack,-4217,-5995,1713,pos,0 days 01:26:32.024000,0 days 02:23:29.119000
2024-06-23 14:29:46.617,OnTrack,-4141,-5954,1708,pos,0 days 01:26:32.204000,0 days 02:23:29.299000
2024-06-23 14:29:46.817,OnTrack,-4005,-5884,1699,pos,0 days 01:26:32.404000,0 days 02:23:29.499000
2024-06-23 14:29:47.237,OnTrack,-3788,-5784,1686,pos,0 days 01:26:32.824000,0 days 02:23:29.919000
2024-06-23 14:29:47.657,OnTrack,-3571,-5694,1677,pos,0 days 01:26:33.244000,0 days 02:23:30.339000
2024-06-23 14:29:47.957,OnTrack,-3459,-5645,1671,pos,0 days 01:26:33.544000,0 days 02:23:30.639000
2024-06-23 14:29:48.277,OnTrack,-3222,-5523,1662,pos,0 days 01:26:33.864000,0 days 02:23:30.959000
2024-06-23 14:29:48.697,OnTrack,-2993,-5367,1655,pos,0 days 01:26:34.284000,0 days 02:23:31.379000
2024-06-23 14:29:49.057,OnTrack,-2858,-5253,1653,pos,0 days 01:26:34.644000,0 days 02:23:31.739000
2024-06-23 14:29:49.237,OnTrack,-2768,-5166,1651,pos,0 days 01:26:34.824000,0 days 02:23:31.919000
2024-06-23 14:29:49.517,OnTrack,-2638,-5019,1650,pos,0 days 01:26:35.104000,0 days 02:23:32.199000
2024-06-23 14:29:49.597,OnTrack,-2603,-4975,1650,pos,0 days 01:26:35.184000,0 days 02:23:32.279000
2024-06-23 14:29:49.877,OnTrack,-2487,-4818,1651,pos,0 days 01:26:35.464000,0 days 02:23:32.559000
2024-06-23 14:29:50.037,OnTrack,-2424,-4728,1651,pos,0 days 01:26:35.624000,0 days 02:23:32.719000
2024-06-23 14:29:50.217,OnTrack,-2357,-4630,1651,pos,0 days 01:26:35.804000,0 days 02:23:32.899000
2024-06-23 14:29:50.457,OnTrack,-2272,-4506,1653,pos,0 days 01:26:36.044000,0 days 02:23:33.139000
2024-06-23 14:29:50.637,OnTrack,-2217,-4424,1655,pos,0 days 01:26:36.224000,0 days 02:23:33.319000
2024-06-23 14:29:50.857,OnTrack,-2161,-4333,1659,pos,0 days 01:26:36.444000,0 days 02:23:33.539000
2024-06-23 14:29:51.077,OnTrack,-2112,-4221,1661,pos,0 days 01:26:36.664000,0 days 02:23:33.759000
2024-06-23 14:29:51.257,OnTrack,-2094,-4139,1662,pos,0 days 01:26:36.844000,0 days 02:23:33.939000
2024-06-23 14:29:51.617,OnTrack,-2083,-3989,1665,pos,0 days 01:26:37.204000,0 days 02:23:34.299000
2024-06-23 14:29:51.677,OnTrack,-2083,-3965,1666,pos,0 days 01:26:37.264000,0 days 02:23:34.359000
2024-06-23 14:29:51.937,OnTrack,-2089,-3872,1670,pos,0 days 01:26:37.524000,0 days 02:23:34.619000
2024-06-23 14:29:52.197,OnTrack,-2119,-3752,1677,pos,0 days 01:26:37.784000,0 days 02:23:34.879000
2024-06-23 14:29:52.597,OnTrack,-2177,-3653,1681,pos,0 days 01:26:38.184000,0 days 02:23:35.279000
2024-06-23 14:29:52.837,OnTrack,-2261,-3566,1686,pos,0 days 01:26:38.424000,0 days 02:23:35.519000
2024-06-23 14:29:53.257,OnTrack,-2416,-3452,1695,pos,0 days 01:26:38.844000,0 days 02:23:35.939000
2024-06-23 14:29:53.577,OnTrack,-2477,-3406,1698,pos,0 days 01:26:39.164000,0 days 02:23:36.259000
2024-06-23 14:29:53.877,OnTrack,-2599,-3297,1709,pos,0 days 01:26:39.464000,0 days 02:23:36.559000
2024-06-23 14:29:54.217,OnTrack,-2720,-3145,1725,pos,0 days 01:26:39.804000,0 days 02:23:36.899000
2024-06-23 14:29:54.657,OnTrack,-2795,-3006,1733,pos,0 days 01:26:40.244000,0 days 02:23:37.339000
2024-06-23 14:29:54.777,OnTrack,-2823,-2947,1739,pos,0 days 01:26:40.364000,0 days 02:23:37.459000
2024-06-23 14:29:55.077,OnTrack,-2921,-2731,1752,pos,0 days 01:26:40.664000,0 days 02:23:37.759000
2024-06-23 14:29:55.577,OnTrack,-3018,-2527,1766,pos,0 days 01:26:41.164000,0 days 02:23:38.259000
2024-06-23 14:29:55.717,OnTrack,-3055,-2449,1771,pos,0 days 01:26:41.304000,0 days 02:23:38.399000
2024-06-23 14:29:55.977,OnTrack,-3125,-2302,1781,pos,0 days 01:26:41.564000,0 days 02:23:38.659000
2024-06-23 14:29:56.137,OnTrack,-3170,-2209,1787,pos,0 days 01:26:41.724000,0 days 02:23:38.819000
2024-06-23 14:29:56.297,OnTrack,-3214,-2114,1793,pos,0 days 01:26:41.884000,0 days 02:23:38.979000
2024-06-23 14:29:56.557,OnTrack,-3289,-1958,1803,pos,0 days 01:26:42.144000,0 days 02:23:39.239000
2024-06-23 14:29:56.737,OnTrack,-3370,-1787,1814,pos,0 days 01:26:42.324000,0 days 02:23:39.419000
2024-06-23 14:29:57.217,OnTrack,-3467,-1535,1831,pos,0 days 01:26:42.804000,0 days 02:23:39.899000
2024-06-23 14:29:57.557,OnTrack,-3505,-1325,1841,pos,0 days 01:26:43.144000,0 days 02:23:40.239000
2024-06-23 14:29:57.777,OnTrack,-3498,-1079,1851,pos,0 days 01:26:43.364000,0 days 02:23:40.459000
2024-06-23 14:29:58.257,OnTrack,-3451,-846,1859,pos,0 days 01:26:43.844000,0 days 02:23:40.939000
2024-06-23 14:29:58.497,OnTrack,-3416,-740,1863,pos,0 days 01:26:44.084000,0 days 02:23:41.179000
2024-06-23 14:29:58.777,OnTrack,-3343,-581,1869,pos,0 days 01:26:44.364000,0 days 02:23:41.459000
2024-06-23 14:29:59.057,OnTrack,-3219,-406,1872,pos,0 days 01:26:44.644000,0 days 02:23:41.739000
2024-06-23 14:29:59.517,OnTrack,-2995,-245,1874,pos,0 days 01:26:45.104000,0 days 02:23:42.199000
2024-06-23 14:29:59.917,OnTrack,-2752,-143,1873,pos,0 days 01:26:45.504000,0 days 02:23:42.599000
2024-06-23 14:30:00.097,OnTrack,-2636,-97,1871,pos,0 days 01:26:45.684000,0 days 02:23:42.779000
2024-06-23 14:30:00.257,OnTrack,-2534,-53,1870,pos,0 days 01:26:45.844000,0 days 02:23:42.939000
2024-06-23 14:30:00.557,OnTrack,-2252,78,1866,pos,0 days 01:26:46.144000,0 days 02:23:43.239000
2024-06-23 14:30:00.917,OnTrack,-2108,146,1865,pos,0 days 01:26:46.504000,0 days 02:23:43.599000
2024-06-23 14:30:01.157,OnTrack,-1857,265,1861,pos,0 days 01:26:46.744000,0 days 02:23:43.839000
2024-06-23 14:30:01.417,OnTrack,-1776,303,1860,pos,0 days 01:26:47.004000,0 days 02:23:44.099000
2024-06-23 14:30:01.737,OnTrack,-1559,405,1858,pos,0 days 01:26:47.324000,0 days 02:23:44.419000
2024-06-23 14:30:01.837,OnTrack,-1491,438,1857,pos,0 days 01:26:47.424000,0 days 02:23:44.519000
2024-06-23 14:30:02.197,OnTrack,-1175,590,1853,pos,0 days 01:26:47.784000,0 days 02:23:44.879000
2024-06-23 14:30:02.537,OnTrack,-1010,674,1851,pos,0 days 01:26:48.124000,0 days 02:23:45.219000
2024-06-23 14:30:02.697,OnTrack,-900,732,1849,pos,0 days 01:26:48.284000,0 days 02:23:45.379000
2024-06-23 14:30:02.877,OnTrack,-775,798,1848,pos,0 days 01:26:48.464000,0 days 02:23:45.559000
2024-06-23 14:30:03.237,OnTrack,-483,955,1843,pos,0 days 01:26:48.824000,0 days 02:23:45.919000
2024-06-23 14:30:03.617,OnTrack,-258,1075,1840,pos,0 days 01:26:49.204000,0 days 02:23:46.299000
2024-06-23 14:30:03.717,OnTrack,-188,1112,1839,pos,0 days 01:26:49.304000,0 days 02:23:46.399000
2024-06-23 14:30:03.917,OnTrack,-46,1188,1838,pos,0 days 01:26:49.504000,0 days 02:23:46.599000
2024-06-23 14:30:04.237,OnTrack,176,1307,1834,pos,0 days 01:26:49.824000,0 days 02:23:46.919000
2024-06-23 14:30:04.437,OnTrack,327,1386,1832,pos,0 days 01:26:50.024000,0 days 02:23:47.119000
2024-06-23 14:30:04.637,OnTrack,463,1454,1830,pos,0 days 01:26:50.224000,0 days 02:23:47.319000
2024-06-23 14:30:04.857,OnTrack,611,1520,1829,pos,0 days 01:26:50.444000,0 days 02:23:47.539000
2024-06-23 14:30:05.077,OnTrack,790,1594,1826,pos,0 days 01:26:50.664000,0 days 02:23:47.759000
2024-06-23 14:30:05.537,OnTrack,1044,1697,1824,pos,0 days 01:26:51.124000,0 days 02:23:48.219000
2024-06-23 14:30:05.957,OnTrack,1215,1778,1822,pos,0 days 01:26:51.544000,0 days 02:23:48.639000
2024-06-23 14:30:06.277,OnTrack,1288,1823,1821,pos,0 days 01:26:51.864000,0 days 02:23:48.959000
2024-06-23 14:30:06.557,OnTrack,1379,1904,1820,pos,0 days 01:26:52.144000,0 days 02:23:49.239000
2024-06-23 14:30:06.937,OnTrack,1436,1993,1818,pos,0 days 01:26:52.524000,0 days 02:23:49.619000
2024-06-23 14:30:07.197,OnTrack,1464,2110,1817,pos,0 days 01:26:52.784000,0 days 02:23:49.879000
2024-06-23 14:30:07.517,OnTrack,1461,2174,1817,pos,0 days 01:26:53.104000,0 days 02:23:50.199000
2024-06-23 14:30:07.677,OnTrack,1453,2222,1817,pos,0 days 01:26:53.264000,0 days 02:23:50.359000
2024-06-23 14:30:08.037,OnTrack,1417,2323,1819,pos,0 days 01:26:53.624000,0 days 02:23:50.719000
2024-06-23 14:30:08.257,OnTrack,1371,2404,1821,pos,0 days 01:26:53.844000,0 days 02:23:50.939000
2024-06-23 14:30:08.657,OnTrack,1318,2470,1824,pos,0 days 01:26:54.244000,0 days 02:23:51.339000
2024-06-23 14:30:08.857,OnTrack,1279,2510,1825,pos,0 days 01:26:54.444000,0 days 02:23:51.539000
2024-06-23 14:30:09.037,OnTrack,1240,2542,1826,pos,0 days 01:26:54.624000,0 days 02:23:51.719000
2024-06-23 14:30:09.277,OnTrack,1162,2589,1828,pos,0 days 01:26:54.864000,0 days 02:23:51.959000
2024-06-23 14:30:09.557,OnTrack,1108,2612,1829,pos,0 days 01:26:55.144000,0 days 02:23:52.239000
2024-06-23 14:30:09.837,OnTrack,1024,2636,1831,pos,0 days 01:26:55.424000,0 days 02:23:52.519000
2024-06-23 14:30:09.977,OnTrack,979,2646,1832,pos,0 days 01:26:55.564000,0 days 02:23:52.659000
2024-06-23 14:30:10.217,OnTrack,897,2656,1834,pos,0 days 01:26:55.804000,0 days 02:23:52.899000
2024-06-23 14:30:10.397,OnTrack,833,2660,1835,pos,0 days 01:26:55.984000,0 days 02:23:53.079000
2024-06-23 14:30:10.617,OnTrack,750,2658,1836,pos,0 days 01:26:56.204000,0 days 02:23:53.299000
2024-06-23 14:30:10.918,OnTrack,623,2641,1840,pos,0 days 01:26:56.505000,0 days 02:23:53.600000
2024-06-23 14:30:11.057,OnTrack,565,2627,1841,pos,0 days 01:26:56.644000,0 days 02:23:53.739000
2024-06-23 14:30:11.337,OnTrack,401,2570,1846,pos,0 days 01:26:56.924000,0 days 02:23:54.019000
2024-06-23 14:30:11.677,OnTrack,304,2521,1850,pos,0 days 01:26:57.264000,0 days 02:23:54.359000
2024-06-23 14:30:11.937,OnTrack,136,2414,1860,pos,0 days 01:26:57.524000,0 days 02:23:54.619000
2024-06-23 14:30:12.217,OnTrack,65,2363,1864,pos,0 days 01:26:57.804000,0 days 02:23:54.899000
2024-06-23 14:30:12.437,OnTrack,-56,2280,1870,pos,0 days 01:26:58.024000,0 days 02:23:55.119000
2024-06-23 14:30:12.697,OnTrack,-180,2214,1875,pos,0 days 01:26:58.284000,0 days 02:23:55.379000
2024-06-23 14:30:12.957,OnTrack,-360,2149,1881,pos,0 days 01:26:58.544000,0 days 02:23:55.639000
2024-06-23 14:30:13.397,OnTrack,-503,2124,1888,pos,0 days 01:26:58.984000,0 days 02:23:56.079000
2024-06-23 14:30:13.597,OnTrack,-610,2123,1893,pos,0 days 01:26:59.184000,0 days 02:23:56.279000
2024-06-23 14:30:13.897,OnTrack,-700,2134,1897,pos,0 days 01:26:59.484000,0 days 02:23:56.579000
2024-06-23 14:30:14.197,OnTrack,-799,2167,1902,pos,0 days 01:26:59.784000,0 days 02:23:56.879000
2024-06-23 14:30:14.357,OnTrack,-873,2212,1906,pos,0 days 01:26:59.944000,0 days 02:23:57.039000
2024-06-23 14:30:14.757,OnTrack,-944,2281,1908,pos,0 days 01:27:00.344000,0 days 02:23:57.439000
2024-06-23 14:30:14.957,OnTrack,-980,2334,1910,pos,0 days 01:27:00.544000,0 days 02:23:57.639000
2024-06-23 14:30:15.117,OnTrack,-1004,2379,1911,pos,0 days 01:27:00.704000,0 days 02:23:57.799000
2024-06-23 14:30:15.277,OnTrack,-1022,2425,1911,pos,0 days 01:27:00.864000,0 days 02:23:57.959000
2024-06-23 14:30:15.457,OnTrack,-1037,2478,1912,pos,0 days 01:27:01.044000,0 days 02:23:58.139000
2024-06-23 14:30:15.677,OnTrack,-1048,2545,1913,pos,0 days 01:27:01.264000,0 days 02:23:58.359000
2024-06-23 14:30:15.877,OnTrack,-1051,2608,1914,pos,0 days 01:27:01.464000,0 days 02:23:58.559000
2024-06-23 14:30:16.217,OnTrack,-1041,2715,1916,pos,0 days 01:27:01.804000,0 days 02:23:58.899000
2024-06-23 14:30:16.377,OnTrack,-1030,2767,1916,pos,0 days 01:27:01.964000,0 days 02:23:59.059000
2024-06-23 14:30:16.557,OnTrack,-1013,2825,1917,pos,0 days 01:27:02.144000,0 days 02:23:59.239000
2024-06-23 14:30:16.737,OnTrack,-990,2883,1918,pos,0 days 01:27:02.324000,0 days 02:23:59.419000
2024-06-23 14:30:16.957,OnTrack,-956,2954,1920,pos,0 days 01:27:02.544000,0 days 02:23:59.639000
2024-06-23 14:30:17.137,OnTrack,-922,3011,1921,pos,0 days 01:27:02.724000,0 days 02:23:59.819000
2024-06-23 14:30:17.498,OnTrack,-810,3154,1922,pos,0 days 01:27:03.085000,0 days 02:24:00.180000
2024-06-23 14:30:17.817,OnTrack,-725,3236,1923,pos,0 days 01:27:03.404000,0 days 02:24:00.499000
2024-06-23 14:30:18.137,OnTrack,-577,3359,1921,pos,0 days 01:27:03.724000,0 days 02:24:00.819000
2024-06-23 14:30:18.437,OnTrack,-506,3414,1920,pos,0 days 01:27:04.024000,0 days 02:24:01.119000
2024-06-23 14:30:18.597,OnTrack,-441,3464,1920,pos,0 days 01:27:04.184000,0 days 02:24:01.279000
2024-06-23 14:30:18.797,OnTrack,-358,3530,1918,pos,0 days 01:27:04.384000,0 days 02:24:01.479000
2024-06-23 14:30:19.097,OnTrack,-230,3639,1914,pos,0 days 01:27:04.684000,0 days 02:24:01.779000
2024-06-23 14:30:19.257,OnTrack,-159,3699,1912,pos,0 days 01:27:04.844000,0 days 02:24:01.939000
2024-06-23 14:30:19.457,OnTrack,-69,3776,1910,pos,0 days 01:27:05.044000,0 days 02:24:02.139000
2024-06-23 14:30:19.797,OnTrack,135,3938,1902,pos,0 days 01:27:05.384000,0 days 02:24:02.479000
2024-06-23 14:30:20.037,OnTrack,218,3994,1897,pos,0 days 01:27:05.624000,0 days 02:24:02.719000
2024-06-23 14:30:20.297,OnTrack,364,4072,1891,pos,0 days 01:27:05.884000,0 days 02:24:02.979000
2024-06-23 14:30:20.477,OnTrack,473,4109,1885,pos,0 days 01:27:06.064000,0 days 02:24:03.159000
2024-06-23 14:30:20.757,OnTrack,657,4139,1877,pos,0 days 01:27:06.344000,0 days 02:24:03.439000
2024-06-23 14:30:20.977,OnTrack,804,4134,1869,pos,0 days 01:27:06.564000,0 days 02:24:03.659000
2024-06-23 14:30:21.097,OnTrack,885,4123,1864,pos,0 days 01:27:06.684000,0 days 02:24:03.779000
2024-06-23 14:30:21.257,OnTrack,990,4100,1858,pos,0 days 01:27:06.844000,0 days 02:24:03.939000
2024-06-23 14:30:21.617,OnTrack,1220,4015,1845,pos,0 days 01:27:07.204000,0 days 02:24:04.299000
2024-06-23 14:30:21.797,OnTrack,1332,3962,1838,pos,0 days 01:27:07.384000,0 days 02:24:04.479000
2024-06-23 14:30:21.897,OnTrack,1393,3929,1834,pos,0 days 01:27:07.484000,0 days 02:24:04.579000
2024-06-23 14:30:22.237,OnTrack,1681,3754,1817,pos,0 days 01:27:07.824000,0 days 02:24:04.919000
2024-06-23 14:30:22.477,OnTrack,1742,3715,1813,pos,0 days 01:27:08.064000,0 days 02:24:05.159000
2024-06-23 14:30:22.777,OnTrack,1924,3598,1802,pos,0 days 01:27:08.364000,0 days 02:24:05.459000
2024-06-23 14:30:22.957,OnTrack,2034,3527,1796,pos,0 days 01:27:08.544000,0 days 02:24:05.639000
2024-06-23 14:30:23.197,OnTrack,2182,3433,1788,pos,0 days 01:27:08.784000,0 days 02:24:05.879000
2024-06-23 14:30:23.417,OnTrack,2316,3343,1781,pos,0 days 01:27:09.004000,0 days 02:24:06.099000
2024-06-23 14:30:23.597,OnTrack,2421,3266,1776,pos,0 days 01:27:09.184000,0 days 02:24:06.279000
2024-06-23 14:30:23.817,OnTrack,2539,3166,1769,pos,0 days 01:27:09.404000,0 days 02:24:06.499000
2024-06-23 14:30:23.998,OnTrack,2636,3067,1764,pos,0 days 01:27:09.585000,0 days 02:24:06.680000
2024-06-23 14:30:24.217,OnTrack,2728,2952,1759,pos,0 days 01:27:09.804000,0 days 02:24:06.899000
2024-06-23 14:30:24.397,OnTrack,2786,2850,1755,pos,0 days 01:27:09.984000,0 days 02:24:07.079000
2024-06-23 14:30:24.657,OnTrack,2860,2629,1749,pos,0 days 01:27:10.244000,0 days 02:24:07.339000
2024-06-23 14:30:24.957,OnTrack,2878,2516,1745,pos,0 days 01:27:10.544000,0 days 02:24:07.639000
2024-06-23 14:30:25.157,OnTrack,2885,2392,1744,pos,0 days 01:27:10.744000,0 days 02:24:07.839000
2024-06-23 14:30:25.357,OnTrack,2874,2265,1740,pos,0 days 01:27:10.944000,0 days 02:24:08.039000
2024-06-23 14:30:25.657,OnTrack,2829,2079,1737,pos,0 days 01:27:11.244000,0 days 02:24:08.339000
2024-06-23 14:30:25.817,OnTrack,2792,1981,1735,pos,0 days 01:27:11.404000,0 days 02:24:08.499000
2024-06-23 14:30:26.137,OnTrack,2708,1816,1733,pos,0 days 01:27:11.724000,0 days 02:24:08.819000
2024-06-23 14:30:26.297,OnTrack,2654,1723,1732,pos,0 days 01:27:11.884000,0 days 02:24:08.979000
2024-06-23 14:30:26.497,OnTrack,2582,1607,1730,pos,0 days 01:27:12.084000,0 days 02:24:09.179000
2024-06-23 14:30:26.677,OnTrack,2514,1502,1728,pos,0 days 01:27:12.264000,0 days 02:24:09.359000
2024-06-23 14:30:26.857,OnTrack,2445,1398,1726,pos,0 days 01:27:12.444000,0 days 02:24:09.539000
2024-06-23 14:30:27.077,OnTrack,2305,1183,1722,pos,0 days 01:27:12.664000,0 days 02:24:09.759000
2024-06-23 14:30:27.597,OnTrack,2155,951,1718,pos,0 days 01:27:13.184000,0 days 02:24:10.279000
2024-06-23 14:30:27.777,OnTrack,2082,840,1716,pos,0 days 01:27:13.364000,0 days 02:24:10.459000
2024-06-23 14:30:27.977,OnTrack,2001,715,1714,pos,0 days 01:27:13.564000,0 days 02:24:10.659000
2024-06-23 14:30:28.197,OnTrack,1887,539,1712,pos,0 days 01:27:13.784000,0 days 02:24:10.879000
2024-06-23 14:30:28.497,OnTrack,1787,387,1710,pos,0 days 01:27:14.084000,0 days 02:24:11.179000
2024-06-23 14:30:28.757,OnTrack,1683,227,1708,pos,0 days 01:27:14.344000,0 days 02:24:11.439000
2024-06-23 14:30:29.037,OnTrack,1567,46,1708,pos,0 days 01:27:14.624000,0 days 02:24:11.719000
2024-06-23 14:30:29.117,OnTrack,1534,-4,1708,pos,0 days 01:27:14.704000,0 days 02:24:11.799000
2024-06-23 14:30:29.377,OnTrack,1426,-173,1707,pos,0 days 01:27:14.964000,0 days 02:24:12.059000
2024-06-23 14:30:29.657,OnTrack,1247,-453,1708,pos,0 days 01:27:15.244000,0 days 02:24:12.339000
2024-06-23 14:30:30.017,OnTrack,1154,-601,1708,pos,0 days 01:27:15.604000,0 days 02:24:12.699000
2024-06-23 14:30:30.217,OnTrack,1033,-790,1708,pos,0 days 01:27:15.804000,0 days 02:24:12.899000
2024-06-23 14:30:30.678,OnTrack,825,-1117,1708,pos,0 days 01:27:16.265000,0 days 02:24:13.360000
2024-06-23 14:30:31.117,OnTrack,668,-1364,1707,pos,0 days 01:27:16.704000,0 days 02:24:13.799000
2024-06-23 14:30:31.137,OnTrack,659,-1378,1707,pos,0 days 01:27:16.724000,0 days 02:24:13.819000
2024-06-23 14:30:31.517,OnTrack,449,-1710,1708,pos,0 days 01:27:17.104000,0 days 02:24:14.199000
2024-06-23 14:30:31.877,OnTrack,343,-1877,1708,pos,0 days 01:27:17.464000,0 days 02:24:14.559000
2024-06-23 14:30:32.117,OnTrack,202,-2099,1708,pos,0 days 01:27:17.704000,0 days 02:24:14.799000
2024-06-23 14:30:32.397,OnTrack,113,-2239,1707,pos,0 days 01:27:17.984000,0 days 02:24:15.079000
2024-06-23 14:30:32.597,OnTrack,24,-2379,1707,pos,0 days 01:27:18.184000,0 days 02:24:15.279000
2024-06-23 14:30:32.817,OnTrack,-74,-2533,1707,pos,0 days 01:27:18.404000,0 days 02:24:15.499000
2024-06-23 14:30:33.157,OnTrack,-284,-2853,1704,pos,0 days 01:27:18.744000,0 days 02:24:15.839000
2024-06-23 14:30:33.477,OnTrack,-377,-2993,1703,pos,0 days 01:27:19.064000,0 days 02:24:16.159000
2024-06-23 14:30:33.757,OnTrack,-506,-3188,1700,pos,0 days 01:27:19.344000,0 days 02:24:16.439000
2024-06-23 14:30:33.997,OnTrack,-618,-3356,1697,pos,0 days 01:27:19.584000,0 days 02:24:16.679000
2024-06-23 14:30:34.077,OnTrack,-656,-3412,1696,pos,0 days 01:27:19.664000,0 days 02:24:16.759000
2024-06-23 14:30:34.377,OnTrack,-796,-3622,1692,pos,0 days 01:27:19.964000,0 days 02:24:17.059000
2024-06-23 14:30:34.677,OnTrack,-938,-3832,1688,pos,0 days 01:27:20.264000,0 days 02:24:17.359000
2024-06-23 14:30:34.837,OnTrack,-1013,-3944,1685,pos,0 days 01:27:20.424000,0 days 02:24:17.519000
2024-06-23 14:30:34.997,OnTrack,-1089,-4057,1682,pos,0 days 01:27:20.584000,0 days 02:24:17.679000
2024-06-23 14:30:35.277,OnTrack,-1278,-4338,1674,pos,0 days 01:27:20.864000,0 days 02:24:17.959000
2024-06-23 14:30:35.597,OnTrack,-1439,-4578,1667,pos,0 days 01:27:21.184000,0 days 02:24:18.279000
2024-06-23 14:30:36.077,OnTrack,-1600,-4819,1660,pos,0 days 01:27:21.664000,0 days 02:24:18.759000
2024-06-23 14:30:36.197,OnTrack,-1656,-4904,1658,pos,0 days 01:27:21.784000,0 days 02:24:18.879000
2024-06-23 14:30:36.357,OnTrack,-1727,-5017,1655,pos,0 days 01:27:21.944000,0 days 02:24:19.039000
2024-06-23 14:30:36.597,OnTrack,-1834,-5191,1651,pos,0 days 01:27:22.184000,0 days 02:24:19.279000
2024-06-23 14:30:36.777,OnTrack,-1911,-5323,1649,pos,0 days 01:27:22.364000,0 days 02:24:19.459000
2024-06-23 14:30:37.037,OnTrack,-2021,-5515,1646,pos,0 days 01:27:22.624000,0 days 02:24:19.719000
2024-06-23 14:30:37.198,OnTrack,-2096,-5647,1644,pos,0 days 01:27:22.785000,0 days 02:24:19.880000
2024-06-23 14:30:37.397,OnTrack,-2176,-5791,1642,pos,0 days 01:27:22.984000,0 days 02:24:20.079000
2024-06-23 14:30:37.697,OnTrack,-2339,-6085,1638,pos,0 days 01:27:23.284000,0 days 02:24:20.379000
2024-06-23 14:30:38.177,OnTrack,-2472,-6311,1636,pos,0 days 01:27:23.764000,0 days 02:24:20.859000
2024-06-23 14:30:38.357,OnTrack,-2563,-6453,1633,pos,0 days 01:27:23.944000,0 days 02:24:21.039000
2024-06-23 14:30:38.677,OnTrack,-2637,-6557,1632,pos,0 days 01:27:24.264000,0 days 02:24:21.359000
2024-06-23 14:30:38.917,OnTrack,-2717,-6659,1630,pos,0 days 01:27:24.504000,0 days 02:24:21.599000
2024-06-23 14:30:39.097,OnTrack,-2775,-6725,1629,pos,0 days 01:27:24.684000,0 days 02:24:21.779000
2024-06-23 14:30:39.337,OnTrack,-2851,-6802,1627,pos,0 days 01:27:24.924000,0 days 02:24:22.019000
2024-06-23 14:30:39.617,OnTrack,-2989,-6911,1624,pos,0 days 01:27:25.204000,0 days 02:24:22.299000
2024-06-23 14:30:39.897,OnTrack,-3038,-6939,1625,pos,0 days 01:27:25.484000,0 days 02:24:22.579000
2024-06-23 14:30:40.117,OnTrack,-3116,-6973,1623,pos,0 days 01:27:25.704000,0 days 02:24:22.799000
2024-06-23 14:30:40.457,OnTrack,-3289,-6994,1624,pos,0 days 01:27:26.044000,0 days 02:24:23.139000
2024-06-23 14:30:40.737,OnTrack,-3350,-6986,1626,pos,0 days 01:27:26.324000,0 days 02:24:23.419000
2024-06-23 14:30:40.917,OnTrack,-3418,-6969,1628,pos,0 days 01:27:26.504000,0 days 02:24:23.599000
2024-06-23 14:30:41.197,OnTrack,-3524,-6928,1630,pos,0 days 01:27:26.784000,0 days 02:24:23.879000
2024-06-23 14:30:41.477,OnTrack,-3630,-6880,1632,pos,0 days 01:27:27.064000,0 days 02:24:24.159000
2024-06-23 14:30:41.697,OnTrack,-3716,-6840,1633,pos,0 days 01:27:27.284000,0 days 02:24:24.379000
2024-06-23 14:30:41.917,OnTrack,-3807,-6803,1635,pos,0 days 01:27:27.504000,0 days 02:24:24.599000
2024-06-23 14:30:42.077,OnTrack,-3874,-6782,1636,pos,0 days 01:27:27.664000,0 days 02:24:24.759000
2024-06-23 14:30:42.297,OnTrack,-4030,-6768,1642,pos,0 days 01:27:27.884000,0 days 02:24:24.979000
2024-06-23 14:30:42.657,OnTrack,-4130,-6785,1646,pos,0 days 01:27:28.244000,0 days 02:24:25.339000
2024-06-23 14:30:42.817,OnTrack,-4202,-6806,1649,pos,0 days 01:27:28.404000,0 days 02:24:25.499000
2024-06-23 14:30:43.097,OnTrack,-4326,-6860,1656,pos,0 days 01:27:28.684000,0 days 02:24:25.779000
2024-06-23 14:30:43.257,OnTrack,-4395,-6897,1660,pos,0 days 01:27:28.844000,0 days 02:24:25.939000
2024-06-23 14:30:43.577,OnTrack,-4573,-7013,1670,pos,0 days 01:27:29.164000,0 days 02:24:26.259000
2024-06-23 14:30:43.897,OnTrack,-4676,-7087,1676,pos,0 days 01:27:29.484000,0 days 02:24:26.579000
2024-06-23 14:30:44.117,OnTrack,-4775,-7156,1681,pos,0 days 01:27:29.704000,0 days 02:24:26.799000
2024-06-23 14:30:44.337,OnTrack,-4880,-7223,1687,pos,0 days 01:27:29.924000,0 days 02:24:27.019000
2024-06-23 14:30:44.617,OnTrack,-5011,-7299,1694,pos,0 days 01:27:30.204000,0 days 02:24:27.299000
2024-06-23 14:30:44.777,OnTrack,-5097,-7342,1698,pos,0 days 01:27:30.364000,0 days 02:24:27.459000
2024-06-23 14:30:44.997,OnTrack,-5267,-7407,1705,pos,0 days 01:27:30.584000,0 days 02:24:27.679000
2024-06-23 14:30:45.317,OnTrack,-5410,-7441,1711,pos,0 days 01:27:30.904000,0 days 02:24:27.999000
2024-06-23 14:30:45.517,OnTrack,-5532,-7454,1716,pos,0 days 01:27:31.104000,0 days 02:24:28.199000
2024-06-23 14:30:45.797,OnTrack,-5703,-7449,1724,pos,0 days 01:27:31.384000,0 days 02:24:28.479000
2024-06-23 14:30:45.957,OnTrack,-5800,-7436,1728,pos,0 days 01:27:31.544000,0 days 02:24:28.639000
2024-06-23 14:30:46.177,OnTrack,-5944,-7400,1733,pos,0 days 01:27:31.764000,0 days 02:24:28.859000
2024-06-23 14:30:46.477,OnTrack,-6115,-7332,1740,pos,0 days 01:27:32.064000,0 days 02:24:29.159000
2024-06-23 14:30:46.657,OnTrack,-6232,-7265,1745,pos,0 days 01:27:32.244000,0 days 02:24:29.339000
2024-06-23 14:30:47.077,OnTrack,-6452,-7068,1755,pos,0 days 01:27:32.664000,0 days 02:24:29.759000
2024-06-23 14:30:47.337,OnTrack,-6513,-6986,1757,pos,0 days 01:27:32.924000,0 days 02:24:30.019000
2024-06-23 14:30:47.517,OnTrack,-6573,-6887,1759,pos,0 days 01:27:33.104000,0 days 02:24:30.199000
2024-06-23 14:30:47.877,OnTrack,-6683,-6607,1764,pos,0 days 01:27:33.464000,0 days 02:24:30.559000
2024-06-23 14:30:48.257,OnTrack,-6719,-6421,1768,pos,0 days 01:27:33.844000,0 days 02:24:30.939000
2024-06-23 14:30:48.517,OnTrack,-6732,-6243,1770,pos,0 days 01:27:34.104000,0 days 02:24:31.199000
2024-06-23 14:30:48.717,OnTrack,-6730,-6076,1773,pos,0 days 01:27:34.304000,0 days 02:24:31.399000
2024-06-23 14:30:48.957,OnTrack,-6719,-5936,1774,pos,0 days 01:27:34.544000,0 days 02:24:31.639000
2024-06-23 14:30:49.217,OnTrack,-6695,-5752,1777,pos,0 days 01:27:34.804000,0 days 02:24:31.899000
2024-06-23 14:30:49.417,OnTrack,-6669,-5611,1779,pos,0 days 01:27:35.004000,0 days 02:24:32.099000
2024-06-23 14:30:49.637,OnTrack,-6639,-5475,1781,pos,0 days 01:27:35.224000,0 days 02:24:32.319000
2024-06-23 14:30:49.937,OnTrack,-6578,-5263,1785,pos,0 days 01:27:35.524000,0 days 02:24:32.619000
2024-06-23 14:30:50.117,OnTrack,-6532,-5138,1787,pos,0 days 01:27:35.704000,0 days 02:24:32.799000
2024-06-23 14:30:50.257,OnTrack,-6489,-5043,1789,pos,0 days 01:27:35.844000,0 days 02:24:32.939000
2024-06-23 14:30:50.517,OnTrack,-6328,-4767,1793,pos,0 days 01:27:36.104000,0 days 02:24:33.199000
2024-06-23 14:30:50.857,OnTrack,-6241,-4640,1795,pos,0 days 01:27:36.444000,0 days 02:24:33.539000
2024-06-23 14:30:51.157,OnTrack,-6115,-4463,1798,pos,0 days 01:27:36.744000,0 days 02:24:33.839000
2024-06-23 14:30:51.317,OnTrack,-6043,-4362,1799,pos,0 days 01:27:36.904000,0 days 02:24:33.999000
2024-06-23 14:30:51.577,OnTrack,-5893,-4125,1803,pos,0 days 01:27:37.164000,0 days 02:24:34.259000
2024-06-23 14:30:51.997,OnTrack,-5766,-3909,1806,pos,0 days 01:27:37.584000,0 days 02:24:34.679000
2024-06-23 14:30:52.197,OnTrack,-5687,-3780,1808,pos,0 days 01:27:37.784000,0 days 02:24:34.879000
2024-06-23 14:30:52.317,OnTrack,-5589,-3628,1811,pos,0 days 01:27:37.904000,0 days 02:24:34.999000
2024-06-23 14:30:53.337,OnTrack,-5213,-3105,1819,pos,0 days 01:27:38.924000,0 days 02:24:36.019000
2024-06-23 14:30:53.777,OnTrack,-5111,-3002,1819,pos,0 days 01:27:39.364000,0 days 02:24:36.459000
2024-06-23 14:30:54.057,OnTrack,-5010,-2927,1821,pos,0 days 01:27:39.644000,0 days 02:24:36.739000
2024-06-23 14:30:54.257,OnTrack,-4934,-2887,1822,pos,0 days 01:27:39.844000,0 days 02:24:36.939000
2024-06-23 14:30:54.437,OnTrack,-4864,-2861,1823,pos,0 days 01:27:40.024000,0 days 02:24:37.119000
2024-06-23 14:30:54.597,OnTrack,-4801,-2846,1823,pos,0 days 01:27:40.184000,0 days 02:24:37.279000
2024-06-23 14:30:54.757,OnTrack,-4738,-2839,1825,pos,0 days 01:27:40.344000,0 days 02:24:37.439000
2024-06-23 14:30:55.117,OnTrack,-4592,-2851,1827,pos,0 days 01:27:40.704000,0 days 02:24:37.799000
2024-06-23 14:30:55.337,OnTrack,-4521,-2871,1828,pos,0 days 01:27:40.924000,0 days 02:24:38.019000
2024-06-23 14:30:55.537,OnTrack,-4453,-2900,1830,pos,0 days 01:27:41.124000,0 days 02:24:38.219000
2024-06-23 14:30:55.797,OnTrack,-4371,-2948,1831,pos,0 days 01:27:41.384000,0 days 02:24:38.479000
2024-06-23 14:30:55.977,OnTrack,-4320,-2989,1833,pos,0 days 01:27:41.564000,0 days 02:24:38.659000
2024-06-23 14:30:56.197,OnTrack,-4273,-3036,1834,pos,0 days 01:27:41.784000,0 days 02:24:38.879000
2024-06-23 14:30:56.377,OnTrack,-4228,-3088,1835,pos,0 days 01:27:41.964000,0 days 02:24:39.059000
2024-06-23 14:30:56.697,OnTrack,-4141,-3220,1836,pos,0 days 01:27:42.284000,0 days 02:24:39.379000
2024-06-23 14:30:57.018,OnTrack,-4095,-3318,1837,pos,0 days 01:27:42.605000,0 days 02:24:39.700000
2024-06-23 14:30:57.237,OnTrack,-4064,-3408,1838,pos,0 days 01:27:42.824000,0 days 02:24:39.919000
2024-06-23 14:30:57.437,OnTrack,-4043,-3496,1838,pos,0 days 01:27:43.024000,0 days 02:24:40.119000
2024-06-23 14:30:57.657,OnTrack,-4030,-3590,1839,pos,0 days 01:27:43.244000,0 days 02:24:40.339000
2024-06-23 14:30:57.977,OnTrack,-4030,-3751,1839,pos,0 days 01:27:43.564000,0 days 02:24:40.659000
2024-06-23 14:30:58.137,OnTrack,-4040,-3833,1839,pos,0 days 01:27:43.724000,0 days 02:24:40.819000
2024-06-23 14:30:58.337,OnTrack,-4063,-3939,1838,pos,0 days 01:27:43.924000,0 days 02:24:41.019000
2024-06-23 14:30:58.457,OnTrack,-4082,-4003,1837,pos,0 days 01:27:44.044000,0 days 02:24:41.139000
2024-06-23 14:30:58.797,OnTrack,-4165,-4193,1834,pos,0 days 01:27:44.384000,0 days 02:24:41.479000
2024-06-23 14:30:59.077,OnTrack,-4248,-4325,1833,pos,0 days 01:27:44.664000,0 days 02:24:41.759000
2024-06-23 14:30:59.397,OnTrack,-4361,-4487,1829,pos,0 days 01:27:44.984000,0 days 02:24:42.079000
2024-06-23 14:30:59.477,OnTrack,-4390,-4527,1828,pos,0 days 01:27:45.064000,0 days 02:24:42.159000
2024-06-23 14:30:59.817,OnTrack,-4558,-4757,1822,pos,0 days 01:27:45.404000,0 days 02:24:42.499000
2024-06-23 14:31:00.157,OnTrack,-4707,-4961,1818,pos,0 days 01:27:45.744000,0 days 02:24:42.839000
2024-06-23 14:31:00.617,OnTrack,-4856,-5164,1813,pos,0 days 01:27:46.204000,0 days 02:24:43.299000
2024-06-23 14:31:00.877,OnTrack,-4929,-5266,1810,pos,0 days 01:27:46.464000,0 days 02:24:43.559000
2024-06-23 14:31:01.217,OnTrack,-5038,-5427,1805,pos,0 days 01:27:46.804000,0 days 02:24:43.899000
2024-06-23 14:31:01.457,OnTrack,-5110,-5547,1800,pos,0 days 01:27:47.044000,0 days 02:24:44.139000
2024-06-23 14:31:01.877,OnTrack,-5174,-5680,1795,pos,0 days 01:27:47.464000,0 days 02:24:44.559000
2024-06-23 14:31:02.037,OnTrack,-5195,-5737,1793,pos,0 days 01:27:47.624000,0 days 02:24:44.719000
2024-06-23 14:31:02.237,OnTrack,-5214,-5804,1790,pos,0 days 01:27:47.824000,0 days 02:24:44.919000
2024-06-23 14:31:02.477,OnTrack,-5227,-5896,1786,pos,0 days 01:27:48.064000,0 days 02:24:45.159000
2024-06-23 14:31:02.877,OnTrack,-5212,-6021,1779,pos,0 days 01:27:48.464000,0 days 02:24:45.559000
2024-06-23 14:31:03.197,OnTrack,-5183,-6089,1775,pos,0 days 01:27:48.784000,0 days 02:24:45.879000
2024-06-23 14:31:03.377,OnTrack,-5155,-6129,1771,pos,0 days 01:27:48.964000,0 days 02:24:46.059000
2024-06-23 14:31:03.697,OnTrack,-5091,-6188,1768,pos,0 days 01:27:49.284000,0 days 02:24:46.379000
2024-06-23 14:31:03.877,OnTrack,-5035,-6220,1764,pos,0 days 01:27:49.464000,0 days 02:24:46.559000
2024-06-23 14:31:04.237,OnTrack,-4973,-6240,1761,pos,0 days 01:27:49.824000,0 days 02:24:46.919000
2024-06-23 14:31:04.517,OnTrack,-4882,-6251,1756,pos,0 days 01:27:50.104000,0 days 02:24:47.199000
2024-06-23 14:31:04.817,OnTrack,-4823,-6249,1753,pos,0 days 01:27:50.404000,0 days 02:24:47.499000
2024-06-23 14:31:05.157,OnTrack,-4688,-6222,1744,pos,0 days 01:27:50.744000,0 days 02:24:47.839000
2024-06-23 14:31:05.557,OnTrack,-4565,-6177,1736,pos,0 days 01:27:51.144000,0 days 02:24:48.239000
2024-06-23 14:31:05.897,OnTrack,-4500,-6146,1731,pos,0 days 01:27:51.484000,0 days 02:24:48.579000
2024-06-23 14:31:06.057,OnTrack,-4445,-6119,1728,pos,0 days 01:27:51.644000,0 days 02:24:48.739000
2024-06-23 14:31:06.417,OnTrack,-4314,-6048,1719,pos,0 days 01:27:52.004000,0 days 02:24:49.099000
2024-06-23 14:31:06.577,OnTrack,-4194,-5982,1711,pos,0 days 01:27:52.164000,0 days 02:24:49.259000
2024-06-23 14:31:06.897,OnTrack,-4116,-5940,1706,pos,0 days 01:27:52.484000,0 days 02:24:49.579000
2024-06-23 14:31:07.117,OnTrack,-3959,-5861,1695,pos,0 days 01:27:52.704000,0 days 02:24:49.799000
2024-06-23 14:31:07.377,OnTrack,-3823,-5799,1689,pos,0 days 01:27:52.964000,0 days 02:24:50.059000
2024-06-23 14:31:07.577,OnTrack,-3667,-5733,1681,pos,0 days 01:27:53.164000,0 days 02:24:50.259000
2024-06-23 14:31:08.017,OnTrack,-3481,-5655,1673,pos,0 days 01:27:53.604000,0 days 02:24:50.699000
2024-06-23 14:31:08.217,OnTrack,-3371,-5603,1667,pos,0 days 01:27:53.804000,0 days 02:24:50.899000
2024-06-23 14:31:08.457,OnTrack,-3238,-5532,1663,pos,0 days 01:27:54.044000,0 days 02:24:51.139000
2024-06-23 14:31:08.617,OnTrack,-3095,-5442,1658,pos,0 days 01:27:54.204000,0 days 02:24:51.299000
2024-06-23 14:31:08.917,OnTrack,-2989,-5364,1655,pos,0 days 01:27:54.504000,0 days 02:24:51.599000
2024-06-23 14:31:09.257,OnTrack,-2757,-5154,1651,pos,0 days 01:27:54.844000,0 days 02:24:51.939000
2024-06-23 14:31:09.557,OnTrack,-2674,-5061,1650,pos,0 days 01:27:55.144000,0 days 02:24:52.239000
2024-06-23 14:31:09.797,OnTrack,-2569,-4930,1651,pos,0 days 01:27:55.384000,0 days 02:24:52.479000
2024-06-23 14:31:10.078,OnTrack,-2448,-4763,1651,pos,0 days 01:27:55.665000,0 days 02:24:52.760000
2024-06-23 14:31:10.237,OnTrack,-2350,-4621,1652,pos,0 days 01:27:55.824000,0 days 02:24:52.919000
2024-06-23 14:31:10.617,OnTrack,-2254,-4480,1654,pos,0 days 01:27:56.204000,0 days 02:24:53.299000
2024-06-23 14:31:10.857,OnTrack,-2190,-4381,1656,pos,0 days 01:27:56.444000,0 days 02:24:53.539000
2024-06-23 14:31:11.077,OnTrack,-2124,-4251,1661,pos,0 days 01:27:56.664000,0 days 02:24:53.759000
2024-06-23 14:31:11.477,OnTrack,-2096,-4147,1662,pos,0 days 01:27:57.064000,0 days 02:24:54.159000
2024-06-23 14:31:11.717,OnTrack,-2083,-4012,1664,pos,0 days 01:27:57.304000,0 days 02:24:54.399000
2024-06-23 14:31:12.197,OnTrack,-2100,-3814,1673,pos,0 days 01:27:57.784000,0 days 02:24:54.879000
2024-06-23 14:31:12.477,OnTrack,-2117,-3759,1676,pos,0 days 01:27:58.064000,0 days 02:24:55.159000
2024-06-23 14:31:12.677,OnTrack,-2148,-3695,1680,pos,0 days 01:27:58.264000,0 days 02:24:55.359000
2024-06-23 14:31:12.997,OnTrack,-2223,-3601,1684,pos,0 days 01:27:58.584000,0 days 02:24:55.679000
2024-06-23 14:31:13.217,OnTrack,-2287,-3545,1689,pos,0 days 01:27:58.804000,0 days 02:24:55.899000
2024-06-23 14:31:13.437,OnTrack,-2358,-3492,1692,pos,0 days 01:27:59.024000,0 days 02:24:56.119000
2024-06-23 14:31:13.497,OnTrack,-2378,-3478,1693,pos,0 days 01:27:59.084000,0 days 02:24:56.179000
2024-06-23 14:31:13.797,OnTrack,-2521,-3370,1702,pos,0 days 01:27:59.384000,0 days 02:24:56.479000
2024-06-23 14:31:14.137,OnTrack,-2594,-3302,1709,pos,0 days 01:27:59.724000,0 days 02:24:56.819000
2024-06-23 14:31:14.437,OnTrack,-2687,-3193,1720,pos,0 days 01:28:00.024000,0 days 02:24:57.119000
2024-06-23 14:31:14.517,OnTrack,-2709,-3160,1723,pos,0 days 01:28:00.104000,0 days 02:24:57.199000
2024-06-23 14:31:14.877,OnTrack,-2814,-2967,1736,pos,0 days 01:28:00.464000,0 days 02:24:57.559000
2024-06-23 14:31:15.197,OnTrack,-2874,-2836,1745,pos,0 days 01:28:00.784000,0 days 02:24:57.879000
2024-06-23 14:31:15.437,OnTrack,-2931,-2711,1753,pos,0 days 01:28:01.024000,0 days 02:24:58.119000
2024-06-23 14:31:15.637,OnTrack,-2997,-2572,1763,pos,0 days 01:28:01.224000,0 days 02:24:58.319000
2024-06-23 14:31:16.077,OnTrack,-3097,-2362,1776,pos,0 days 01:28:01.664000,0 days 02:24:58.759000
2024-06-23 14:31:16.237,OnTrack,-3138,-2275,1782,pos,0 days 01:28:01.824000,0 days 02:24:58.919000
2024-06-23 14:31:16.437,OnTrack,-3193,-2159,1791,pos,0 days 01:28:02.024000,0 days 02:24:59.119000
2024-06-23 14:31:16.638,OnTrack,-3255,-2028,1799,pos,0 days 01:28:02.225000,0 days 02:24:59.320000
2024-06-23 14:31:16.877,OnTrack,-3325,-1884,1808,pos,0 days 01:28:02.464000,0 days 02:24:59.559000
2024-06-23 14:31:17.137,OnTrack,-3419,-1675,1822,pos,0 days 01:28:02.724000,0 days 02:24:59.819000
2024-06-23 14:31:17.377,OnTrack,-3450,-1588,1828,pos,0 days 01:28:02.964000,0 days 02:25:00.059000
2024-06-23 14:31:17.617,OnTrack,-3490,-1439,1836,pos,0 days 01:28:03.204000,0 days 02:25:00.299000
2024-06-23 14:31:17.837,OnTrack,-3506,-1302,1842,pos,0 days 01:28:03.424000,0 days 02:25:00.519000
2024-06-23 14:31:18.137,OnTrack,-3492,-1040,1852,pos,0 days 01:28:03.724000,0 days 02:25:00.819000
2024-06-23 14:31:18.557,OnTrack,-3455,-860,1859,pos,0 days 01:28:04.144000,0 days 02:25:01.239000
2024-06-23 14:31:18.597,OnTrack,-3448,-837,1859,pos,0 days 01:28:04.184000,0 days 02:25:01.279000
2024-06-23 14:31:18.837,OnTrack,-3400,-699,1864,pos,0 days 01:28:04.424000,0 days 02:25:01.519000
2024-06-23 14:31:19.037,OnTrack,-3348,-590,1868,pos,0 days 01:28:04.624000,0 days 02:25:01.719000
2024-06-23 14:31:19.217,OnTrack,-3292,-497,1871,pos,0 days 01:28:04.804000,0 days 02:25:01.899000
2024-06-23 14:31:19.457,OnTrack,-3172,-360,1873,pos,0 days 01:28:05.044000,0 days 02:25:02.139000
2024-06-23 14:31:19.797,OnTrack,-2987,-241,1875,pos,0 days 01:28:05.384000,0 days 02:25:02.479000
2024-06-23 14:31:19.997,OnTrack,-2815,-168,1873,pos,0 days 01:28:05.584000,0 days 02:25:02.679000
2024-06-23 14:31:20.377,OnTrack,-2627,-93,1871,pos,0 days 01:28:05.964000,0 days 02:25:03.059000
2024-06-23 14:31:20.617,OnTrack,-2478,-27,1870,pos,0 days 01:28:06.204000,0 days 02:25:03.299000
2024-06-23 14:31:20.817,OnTrack,-2352,31,1868,pos,0 days 01:28:06.404000,0 days 02:25:03.499000
2024-06-23 14:31:21.017,OnTrack,-2160,121,1865,pos,0 days 01:28:06.604000,0 days 02:25:03.699000
2024-06-23 14:31:21.337,OnTrack,-2018,188,1863,pos,0 days 01:28:06.924000,0 days 02:25:04.019000
2024-06-23 14:31:21.577,OnTrack,-1860,263,1861,pos,0 days 01:28:07.164000,0 days 02:25:04.259000
2024-06-23 14:31:21.697,OnTrack,-1781,300,1860,pos,0 days 01:28:07.284000,0 days 02:25:04.379000
2024-06-23 14:31:22.057,OnTrack,-1458,454,1856,pos,0 days 01:28:07.644000,0 days 02:25:04.739000
2024-06-23 14:31:22.497,OnTrack,-1240,559,1854,pos,0 days 01:28:08.084000,0 days 02:25:05.179000
2024-06-23 14:31:22.697,OnTrack,-1103,627,1852,pos,0 days 01:28:08.284000,0 days 02:25:05.379000
2024-06-23 14:31:22.817,OnTrack,-938,712,1850,pos,0 days 01:28:08.404000,0 days 02:25:05.499000
2024-06-23 14:31:23.318,OnTrack,-650,866,1846,pos,0 days 01:28:08.905000,0 days 02:25:06
2024-06-23 14:31:23.717,OnTrack,-385,1007,1842,pos,0 days 01:28:09.304000,0 days 02:25:06.399000
2024-06-23 14:31:23.797,OnTrack,-329,1037,1841,pos,0 days 01:28:09.384000,0 days 02:25:06.479000
2024-06-23 14:31:24.097,OnTrack,-133,1142,1839,pos,0 days 01:28:09.684000,0 days 02:25:06.779000
2024-06-23 14:31:24.337,OnTrack,49,1239,1836,pos,0 days 01:28:09.924000,0 days 02:25:07.019000
2024-06-23 14:31:24.717,OnTrack,355,1399,1833,pos,0 days 01:28:10.304000,0 days 02:25:07.399000
2024-06-23 14:31:25.077,OnTrack,492,1467,1830,pos,0 days 01:28:10.664000,0 days 02:25:07.759000
2024-06-23 14:31:25.257,OnTrack,640,1533,1828,pos,0 days 01:28:10.844000,0 days 02:25:07.939000
2024-06-23 14:31:25.577,OnTrack,837,1613,1826,pos,0 days 01:28:11.164000,0 days 02:25:08.259000
2024-06-23 14:31:25.777,OnTrack,987,1673,1824,pos,0 days 01:28:11.364000,0 days 02:25:08.459000
2024-06-23 14:31:26.037,OnTrack,1072,1709,1823,pos,0 days 01:28:11.624000,0 days 02:25:08.719000
2024-06-23 14:31:26.277,OnTrack,1174,1756,1823,pos,0 days 01:28:11.864000,0 days 02:25:08.959000
2024-06-23 14:31:26.477,OnTrack,1246,1795,1821,pos,0 days 01:28:12.064000,0 days 02:25:09.159000
2024-06-23 14:31:26.677,OnTrack,1308,1837,1821,pos,0 days 01:28:12.264000,0 days 02:25:09.359000
2024-06-23 14:31:26.837,OnTrack,1351,1874,1820,pos,0 days 01:28:12.424000,0 days 02:25:09.519000
2024-06-23 14:31:27.137,OnTrack,1415,1952,1819,pos,0 days 01:28:12.724000,0 days 02:25:09.819000
2024-06-23 14:31:27.297,OnTrack,1439,1999,1818,pos,0 days 01:28:12.884000,0 days 02:25:09.979000
2024-06-23 14:31:27.557,OnTrack,1461,2080,1818,pos,0 days 01:28:13.144000,0 days 02:25:10.239000
2024-06-23 14:31:27.817,OnTrack,1460,2183,1817,pos,0 days 01:28:13.404000,0 days 02:25:10.499000
2024-06-23 14:31:28.057,OnTrack,1449,2239,1817,pos,0 days 01:28:13.644000,0 days 02:25:10.739000
2024-06-23 14:31:28.297,OnTrack,1424,2309,1818,pos,0 days 01:28:13.884000,0 days 02:25:10.979000
2024-06-23 14:31:28.657,OnTrack,1371,2404,1821,pos,0 days 01:28:14.244000,0 days 02:25:11.339000
2024-06-23 14:31:28.797,OnTrack,1347,2437,1822,pos,0 days 01:28:14.384000,0 days 02:25:11.479000
2024-06-23 14:31:29.057,OnTrack,1273,2516,1825,pos,0 days 01:28:14.644000,0 days 02:25:11.739000
2024-06-23 14:31:29.357,OnTrack,1232,2548,1826,pos,0 days 01:28:14.944000,0 days 02:25:12.039000
2024-06-23 14:31:29.557,OnTrack,1183,2579,1827,pos,0 days 01:28:15.144000,0 days 02:25:12.239000
2024-06-23 14:31:29.878,OnTrack,1063,2626,1830,pos,0 days 01:28:15.465000,0 days 02:25:12.560000
2024-06-23 14:31:30.217,OnTrack,981,2645,1832,pos,0 days 01:28:15.804000,0 days 02:25:12.899000
2024-06-23 14:31:30.457,OnTrack,879,2658,1834,pos,0 days 01:28:16.044000,0 days 02:25:13.139000
2024-06-23 14:31:30.857,OnTrack,761,2658,1836,pos,0 days 01:28:16.444000,0 days 02:25:13.539000
2024-06-23 14:31:31.057,OnTrack,683,2651,1838,pos,0 days 01:28:16.644000,0 days 02:25:13.739000
2024-06-23 14:31:31.317,OnTrack,579,2631,1840,pos,0 days 01:28:16.904000,0 days 02:25:13.999000
2024-06-23 14:31:31.477,OnTrack,514,2612,1842,pos,0 days 01:28:17.064000,0 days 02:25:14.159000
2024-06-23 14:31:31.637,OnTrack,447,2589,1844,pos,0 days 01:28:17.224000,0 days 02:25:14.319000
2024-06-23 14:31:31.877,OnTrack,296,2516,1851,pos,0 days 01:28:17.464000,0 days 02:25:14.559000
2024-06-23 14:31:32.277,OnTrack,180,2443,1857,pos,0 days 01:28:17.864000,0 days 02:25:14.959000
2024-06-23 14:31:32.497,OnTrack,87,2379,1862,pos,0 days 01:28:18.084000,0 days 02:25:15.179000
2024-06-23 14:31:32.657,OnTrack,19,2331,1866,pos,0 days 01:28:18.244000,0 days 02:25:15.339000
2024-06-23 14:31:32.897,OnTrack,-82,2265,1871,pos,0 days 01:28:18.484000,0 days 02:25:15.579000
2024-06-23 14:31:33.177,OnTrack,-253,2183,1877,pos,0 days 01:28:18.764000,0 days 02:25:15.859000
2024-06-23 14:31:33.457,OnTrack,-333,2156,1880,pos,0 days 01:28:19.044000,0 days 02:25:16.139000
2024-06-23 14:31:33.757,OnTrack,-462,2129,1886,pos,0 days 01:28:19.344000,0 days 02:25:16.439000
2024-06-23 14:31:34.017,OnTrack,-591,2122,1892,pos,0 days 01:28:19.604000,0 days 02:25:16.699000
2024-06-23 14:31:34.317,OnTrack,-680,2131,1896,pos,0 days 01:28:19.904000,0 days 02:25:16.999000
2024-06-23 14:31:34.557,OnTrack,-762,2152,1900,pos,0 days 01:28:20.144000,0 days 02:25:17.239000
2024-06-23 14:31:34.717,OnTrack,-813,2174,1903,pos,0 days 01:28:20.304000,0 days 02:25:17.399000
2024-06-23 14:31:35.017,OnTrack,-921,2255,1907,pos,0 days 01:28:20.604000,0 days 02:25:17.699000
2024-06-23 14:31:35.457,OnTrack,-987,2346,1910,pos,0 days 01:28:21.044000,0 days 02:25:18.139000
2024-06-23 14:31:35.617,OnTrack,-1010,2392,1910,pos,0 days 01:28:21.204000,0 days 02:25:18.299000
2024-06-23 14:31:35.737,OnTrack,-1023,2428,1911,pos,0 days 01:28:21.324000,0 days 02:25:18.419000
2024-06-23 14:31:36.037,OnTrack,-1049,2559,1914,pos,0 days 01:28:21.624000,0 days 02:25:18.719000
2024-06-23 14:31:36.438,OnTrack,-1049,2657,1915,pos,0 days 01:28:22.025000,0 days 02:25:19.120000
2024-06-23 14:31:36.717,OnTrack,-1034,2750,1916,pos,0 days 01:28:22.304000,0 days 02:25:19.399000
2024-06-23 14:31:36.877,OnTrack,-1020,2803,1917,pos,0 days 01:28:22.464000,0 days 02:25:19.559000
2024-06-23 14:31:37.077,OnTrack,-982,2902,1918,pos,0 days 01:28:22.664000,0 days 02:25:19.759000
2024-06-23 14:31:37.497,OnTrack,-911,3027,1921,pos,0 days 01:28:23.084000,0 days 02:25:20.179000
2024-06-23 14:31:37.817,OnTrack,-839,3122,1922,pos,0 days 01:28:23.404000,0 days 02:25:20.499000
2024-06-23 14:31:37.997,OnTrack,-789,3176,1923,pos,0 days 01:28:23.584000,0 days 02:25:20.679000
2024-06-23 14:31:38.237,OnTrack,-715,3245,1922,pos,0 days 01:28:23.824000,0 days 02:25:20.919000
2024-06-23 14:31:38.477,OnTrack,-592,3347,1922,pos,0 days 01:28:24.064000,0 days 02:25:21.159000
2024-06-23 14:31:38.857,OnTrack,-446,3460,1920,pos,0 days 01:28:24.444000,0 days 02:25:21.539000
2024-06-23 14:31:39.177,OnTrack,-365,3524,1918,pos,0 days 01:28:24.764000,0 days 02:25:21.859000
2024-06-23 14:31:39.477,OnTrack,-239,3631,1915,pos,0 days 01:28:25.064000,0 days 02:25:22.159000
2024-06-23 14:31:39.717,OnTrack,-135,3720,1912,pos,0 days 01:28:25.304000,0 days 02:25:22.399000
2024-06-23 14:31:39.957,OnTrack,0,3834,1907,pos,0 days 01:28:25.544000,0 days 02:25:22.639000
2024-06-23 14:31:40.257,OnTrack,116,3924,1903,pos,0 days 01:28:25.844000,0 days 02:25:22.939000
2024-06-23 14:31:40.517,OnTrack,250,4014,1896,pos,0 days 01:28:26.104000,0 days 02:25:23.199000
2024-06-23 14:31:40.817,OnTrack,416,4092,1888,pos,0 days 01:28:26.404000,0 days 02:25:23.499000
2024-06-23 14:31:41.017,OnTrack,536,4124,1883,pos,0 days 01:28:26.604000,0 days 02:25:23.699000
2024-06-23 14:31:41.177,OnTrack,718,4139,1874,pos,0 days 01:28:26.764000,0 days 02:25:23.859000
2024-06-23 14:31:41.597,OnTrack,897,4120,1864,pos,0 days 01:28:27.184000,0 days 02:25:24.279000
2024-06-23 14:31:41.817,OnTrack,1035,4087,1856,pos,0 days 01:28:27.404000,0 days 02:25:24.499000
2024-06-23 14:31:41.977,OnTrack,1133,4052,1849,pos,0 days 01:28:27.564000,0 days 02:25:24.659000
2024-06-23 14:31:42.157,OnTrack,1244,4005,1843,pos,0 days 01:28:27.744000,0 days 02:25:24.839000
2024-06-23 14:31:42.357,OnTrack,1363,3945,1836,pos,0 days 01:28:27.944000,0 days 02:25:25.039000
2024-06-23 14:31:42.597,OnTrack,1504,3864,1827,pos,0 days 01:28:28.184000,0 days 02:25:25.279000
2024-06-23 14:31:42.877,OnTrack,1667,3762,1818,pos,0 days 01:28:28.464000,0 days 02:25:25.559000
2024-06-23 14:31:42.938,OnTrack,1714,3732,1816,pos,0 days 01:28:28.525000,0 days 02:25:25.620000
2024-06-23 14:31:43.277,OnTrack,1952,3580,1801,pos,0 days 01:28:28.864000,0 days 02:25:25.959000
2024-06-23 14:31:43.677,OnTrack,2218,3410,1786,pos,0 days 01:28:29.264000,0 days 02:25:26.359000
2024-06-23 14:31:43.977,OnTrack,2322,3339,1780,pos,0 days 01:28:29.564000,0 days 02:25:26.659000
2024-06-23 14:31:44.157,OnTrack,2422,3265,1776,pos,0 days 01:28:29.744000,0 days 02:25:26.839000
2024-06-23 14:31:44.377,OnTrack,2527,3177,1770,pos,0 days 01:28:29.964000,0 days 02:25:27.059000
2024-06-23 14:31:44.577,OnTrack,2615,3090,1765,pos,0 days 01:28:30.164000,0 days 02:25:27.259000
2024-06-23 14:31:44.877,OnTrack,2734,2942,1758,pos,0 days 01:28:30.464000,0 days 02:25:27.559000
2024-06-23 14:31:45.037,OnTrack,2817,2775,1753,pos,0 days 01:28:30.624000,0 days 02:25:27.719000
2024-06-23 14:31:45.457,OnTrack,2863,2610,1748,pos,0 days 01:28:31.044000,0 days 02:25:28.139000
2024-06-23 14:31:45.677,OnTrack,2882,2479,1744,pos,0 days 01:28:31.264000,0 days 02:25:28.359000
2024-06-23 14:31:45.917,OnTrack,2872,2256,1740,pos,0 days 01:28:31.504000,0 days 02:25:28.599000
2024-06-23 14:31:46.297,OnTrack,2815,2039,1736,pos,0 days 01:28:31.884000,0 days 02:25:28.979000
2024-06-23 14:31:46.757,OnTrack,2702,1804,1733,pos,0 days 01:28:32.344000,0 days 02:25:29.439000
2024-06-23 14:31:47.017,OnTrack,2652,1719,1732,pos,0 days 01:28:32.604000,0 days 02:25:29.699000
2024-06-23 14:31:47.217,OnTrack,2586,1613,1730,pos,0 days 01:28:32.804000,0 days 02:25:29.899000
2024-06-23 14:31:47.557,OnTrack,2469,1434,1727,pos,0 days 01:28:33.144000,0 days 02:25:30.239000
2024-06-23 14:31:47.797,OnTrack,2385,1306,1725,pos,0 days 01:28:33.384000,0 days 02:25:30.479000
2024-06-23 14:31:47.917,OnTrack,2343,1241,1723,pos,0 days 01:28:33.504000,0 days 02:25:30.599000
2024-06-23 14:31:48.217,OnTrack,2192,1010,1719,pos,0 days 01:28:33.804000,0 days 02:25:30.899000
2024-06-23 14:31:48.477,OnTrack,2141,931,1718,pos,0 days 01:28:34.064000,0 days 02:25:31.159000
2024-06-23 14:31:48.737,OnTrack,2045,783,1715,pos,0 days 01:28:34.324000,0 days 02:25:31.419000
2024-06-23 14:31:48.877,OnTrack,1993,702,1714,pos,0 days 01:28:34.464000,0 days 02:25:31.559000
2024-06-23 14:31:49.137,OnTrack,1895,551,1712,pos,0 days 01:28:34.724000,0 days 02:25:31.819000
2024-06-23 14:31:49.437,OnTrack,1780,376,1710,pos,0 days 01:28:35.024000,0 days 02:25:32.119000
2024-06-23 14:31:49.638,OnTrack,1697,248,1708,pos,0 days 01:28:35.225000,0 days 02:25:32.320000
2024-06-23 14:31:49.877,OnTrack,1614,120,1707,pos,0 days 01:28:35.464000,0 days 02:25:32.559000
2024-06-23 14:31:50.037,OnTrack,1551,22,1708,pos,0 days 01:28:35.624000,0 days 02:25:32.719000
2024-06-23 14:31:50.257,OnTrack,1453,-130,1707,pos,0 days 01:28:35.844000,0 days 02:25:32.939000
Lap_data
Time,Driver,DriverNumber,LapTime,LapNumber,Stint,PitOutTime,PitInTime,Sector1Time,Sector2Time,Sector3Time,Sector1SessionTime,Sector2SessionTime,Sector3SessionTime,SpeedI1,SpeedI2,SpeedFL,SpeedST,IsPersonalBest,Compound,TyreLife,FreshTyre,Team,LapStartTime,LapStartDate,TrackStatus,Position,Deleted,DeletedReason,FastF1Generated,IsAccurate
0 days 00:58:28.454000,ZHO,24,0 days 00:01:31.052000,1.0000000000,1.0000000000,,,,0 days 00:00:35.143000,0 days 00:00:25.168000,,0 days 00:58:03.399000,0 days 00:58:28.588000,243.0000000000,240.0000000000,275.0000000000,288.0000000000,False,SOFT,1.0000000000,True,Kick Sauber,0 days 00:56:57.095000,2024-06-23 13:03:14.413,1,17.0000000000,False,,False,False
0 days 00:59:51.470000,ZHO,24,0 days 00:01:23.016000,2.0000000000,1.0000000000,,,0 days 00:00:24.721000,0 days 00:00:33.482000,0 days 00:00:24.813000,0 days 00:58:53.094000,0 days 00:59:26.576000,0 days 00:59:51.389000,242.0000000000,247.0000000000,282.0000000000,309.0000000000,True,SOFT,2.0000000000,True,Kick Sauber,0 days 00:58:28.454000,2024-06-23 13:04:45.772,1,17.0000000000,False,,False,True
0 days 01:01:13.986000,ZHO,24,0 days 00:01:22.516000,3.0000000000,1.0000000000,,,0 days 00:00:24.001000,0 days 00:00:33.487000,0 days 00:00:25.028000,0 days 01:00:15.390000,0 days 01:00:48.877000,0 days 01:01:13.905000,231.0000000000,248.0000000000,278.0000000000,337.0000000000,True,SOFT,3.0000000000,True,Kick Sauber,0 days 00:59:51.470000,2024-06-23 13:06:08.788,1,17.0000000000,False,,False,True
0 days 01:02:36.344000,ZHO,24,0 days 00:01:22.358000,4.0000000000,1.0000000000,,,0 days 00:00:23.827000,0 days 00:00:33.607000,0 days 00:00:24.924000,0 days 01:01:37.732000,0 days 01:02:11.339000,0 days 01:02:36.263000,239.0000000000,250.0000000000,279.0000000000,328.0000000000,True,SOFT,4.0000000000,True,Kick Sauber,0 days 01:01:13.986000,2024-06-23 13:07:31.304,1,17.0000000000,False,,False,True
0 days 01:03:59.154000,ZHO,24,0 days 00:01:22.810000,5.0000000000,1.0000000000,,,0 days 00:00:23.736000,0 days 00:00:33.970000,0 days 00:00:25.104000,0 days 01:02:59.999000,0 days 01:03:33.969000,0 days 01:03:59.073000,248.0000000000,216.0000000000,281.0000000000,332.0000000000,False,SOFT,5.0000000000,True,Kick Sauber,0 days 01:02:36.344000,2024-06-23 13:08:53.662,1,17.0000000000,False,,False,True
0 days 01:05:22.105000,ZHO,24,0 days 00:01:22.951000,6.0000000000,1.0000000000,,,0 days 00:00:24.330000,0 days 00:00:33.486000,0 days 00:00:25.135000,0 days 01:04:23.403000,0 days 01:04:56.889000,0 days 01:05:22.024000,235.0000000000,242.0000000000,284.0000000000,333.0000000000,False,SOFT,6.0000000000,True,Kick Sauber,0 days 01:03:59.154000,2024-06-23 13:10:16.472,1,17.0000000000,False,,False,True
0 days 01:06:44.592000,ZHO,24,0 days 00:01:22.487000,7.0000000000,1.0000000000,,,0 days 00:00:24.359000,0 days 00:00:33.437000,0 days 00:00:24.691000,0 days 01:05:46.383000,0 days 01:06:19.820000,0 days 01:06:44.511000,255.0000000000,253.0000000000,277.0000000000,328.0000000000,False,SOFT,7.0000000000,True,Kick Sauber,0 days 01:05:22.105000,2024-06-23 13:11:39.423,1,16.0000000000,False,,False,True
0 days 01:08:07.162000,ZHO,24,0 days 00:01:22.570000,8.0000000000,1.0000000000,,,0 days 00:00:24.328000,0 days 00:00:33.410000,0 days 00:00:24.832000,0 days 01:07:08.839000,0 days 01:07:42.249000,0 days 01:08:07.081000,252.0000000000,244.0000000000,277.0000000000,309.0000000000,False,SOFT,8.0000000000,True,Kick Sauber,0 days 01:06:44.592000,2024-06-23 13:13:01.910,1,16.0000000000,False,,False,True
0 days 01:09:33.051000,ZHO,24,0 days 00:01:25.889000,9.0000000000,1.0000000000,,0 days 01:09:30.287000,0 days 00:00:24.124000,0 days 00:00:33.253000,0 days 00:00:28.512000,0 days 01:08:31.205000,0 days 01:09:04.458000,0 days 01:09:32.970000,243.0000000000,257.0000000000,,307.0000000000,False,SOFT,9.0000000000,True,Kick Sauber,0 days 01:08:07.162000,2024-06-23 13:14:24.480,1,18.0000000000,False,,False,False
0 days 01:11:11.366000,ZHO,24,0 days 00:01:38.315000,10.0000000000,2.0000000000,0 days 01:09:52.752000,,0 days 00:00:43.139000,0 days 00:00:31.561000,0 days 00:00:23.615000,0 days 01:10:16.109000,0 days 01:10:47.670000,0 days 01:11:11.285000,268.0000000000,270.0000000000,278.0000000000,250.0000000000,False,MEDIUM,1.0000000000,True,Kick Sauber,0 days 01:09:33.051000,2024-06-23 13:15:50.369,1,19.0000000000,False,,False,False
0 days 01:12:31.585000,ZHO,24,0 days 00:01:20.219000,11.0000000000,2.0000000000,,,0 days 00:00:23.787000,0 days 00:00:32.321000,0 days 00:00:24.111000,0 days 01:11:35.072000,0 days 01:12:07.393000,0 days 01:12:31.504000,263.0000000000,261.0000000000,276.0000000000,299.0000000000,True,MEDIUM,2.0000000000,True,Kick Sauber,0 days 01:11:11.366000,2024-06-23 13:17:28.684,1,18.0000000000,False,,False,True
0 days 01:13:51.736000,ZHO,24,0 days 00:01:20.151000,12.0000000000,2.0000000000,,,0 days 00:00:23.800000,0 days 00:00:32.233000,0 days 00:00:24.118000,0 days 01:12:55.304000,0 days 01:13:27.537000,0 days 01:13:51.655000,264.0000000000,269.0000000000,277.0000000000,300.0000000000,True,MEDIUM,3.0000000000,True,Kick Sauber,0 days 01:12:31.585000,2024-06-23 13:18:48.903,1,17.0000000000,False,,False,True
0 days 01:15:12.475000,ZHO,24,0 days 00:01:20.739000,13.0000000000,2.0000000000,,,0 days 00:00:23.984000,0 days 00:00:32.485000,0 days 00:00:24.270000,0 days 01:14:15.639000,0 days 01:14:48.124000,0 days 01:15:12.394000,250.0000000000,269.0000000000,279.0000000000,301.0000000000,False,MEDIUM,4.0000000000,True,Kick Sauber,0 days 01:13:51.736000,2024-06-23 13:20:09.054,1,17.0000000000,False,,False,True
0 days 01:16:34.344000,ZHO,24,0 days 00:01:21.869000,14.0000000000,2.0000000000,,,0 days 00:00:24.641000,0 days 00:00:32.689000,0 days 00:00:24.539000,0 days 01:15:37.035000,0 days 01:16:09.724000,0 days 01:16:34.263000,252.0000000000,262.0000000000,277.0000000000,305.0000000000,False,MEDIUM,5.0000000000,True,Kick Sauber,0 days 01:15:12.475000,2024-06-23 13:21:29.793,1,18.0000000000,False,,False,True
0 days 01:17:55.720000,ZHO,24,0 days 00:01:21.376000,15.0000000000,2.0000000000,,,0 days 00:00:23.987000,0 days 00:00:32.866000,0 days 00:00:24.523000,0 days 01:16:58.250000,0 days 01:17:31.116000,0 days 01:17:55.639000,253.0000000000,250.0000000000,278.0000000000,,False,MEDIUM,6.0000000000,True,Kick Sauber,0 days 01:16:34.344000,2024-06-23 13:22:51.662,1,17.0000000000,False,,False,True
0 days 01:19:17.102000,ZHO,24,0 days 00:01:21.382000,16.0000000000,2.0000000000,,,0 days 00:00:23.905000,0 days 00:00:32.868000,0 days 00:00:24.609000,0 days 01:18:19.544000,0 days 01:18:52.412000,0 days 01:19:17.021000,257.0000000000,255.0000000000,278.0000000000,,False,MEDIUM,7.0000000000,True,Kick Sauber,0 days 01:17:55.720000,2024-06-23 13:24:13.038,1,17.0000000000,False,,False,True
0 days 01:20:38.709000,ZHO,24,0 days 00:01:21.607000,17.0000000000,2.0000000000,,,0 days 00:00:24.032000,0 days 00:00:32.922000,0 days 00:00:24.653000,0 days 01:19:41.053000,0 days 01:20:13.975000,0 days 01:20:38.628000,,258.0000000000,279.0000000000,302.0000000000,False,MEDIUM,8.0000000000,True,Kick Sauber,0 days 01:19:17.102000,2024-06-23 13:25:34.420,1,16.0000000000,False,,False,True
0 days 01:22:00.255000,ZHO,24,0 days 00:01:21.546000,18.0000000000,2.0000000000,,,0 days 00:00:24,0 days 00:00:32.816000,0 days 00:00:24.730000,0 days 01:21:02.628000,0 days 01:21:35.444000,0 days 01:22:00.174000,264.0000000000,262.0000000000,279.0000000000,305.0000000000,False,MEDIUM,9.0000000000,True,Kick Sauber,0 days 01:20:38.709000,2024-06-23 13:26:56.027,1,14.0000000000,False,,False,True
0 days 01:23:21.634000,ZHO,24,0 days 00:01:21.379000,19.0000000000,2.0000000000,,,0 days 00:00:23.913000,0 days 00:00:32.812000,0 days 00:00:24.654000,0 days 01:22:24.087000,0 days 01:22:56.899000,0 days 01:23:21.553000,262.0000000000,263.0000000000,277.0000000000,308.0000000000,False,MEDIUM,10.0000000000,True,Kick Sauber,0 days 01:22:00.255000,2024-06-23 13:28:17.573,1,14.0000000000,False,,False,True
0 days 01:24:43.146000,ZHO,24,0 days 00:01:21.512000,20.0000000000,2.0000000000,,,0 days 00:00:23.989000,0 days 00:00:32.877000,0 days 00:00:24.646000,0 days 01:23:45.542000,0 days 01:24:18.419000,0 days 01:24:43.065000,263.0000000000,264.0000000000,278.0000000000,305.0000000000,False,MEDIUM,11.0000000000,True,Kick Sauber,0 days 01:23:21.634000,2024-06-23 13:29:38.952,1,13.0000000000,False,,False,True
0 days 01:26:04.936000,ZHO,24,0 days 00:01:21.790000,21.0000000000,2.0000000000,,,0 days 00:00:24.069000,0 days 00:00:32.945000,0 days 00:00:24.776000,0 days 01:25:07.134000,0 days 01:25:40.079000,0 days 01:26:04.855000,258.0000000000,261.0000000000,279.0000000000,,False,MEDIUM,12.0000000000,True,Kick Sauber,0 days 01:24:43.146000,2024-06-23 13:31:00.464,1,13.0000000000,False,,False,True
0 days 01:27:26.607000,ZHO,24,0 days 00:01:21.671000,22.0000000000,2.0000000000,,,0 days 00:00:24.061000,0 days 00:00:32.900000,0 days 00:00:24.710000,0 days 01:26:28.916000,0 days 01:27:01.816000,0 days 01:27:26.526000,265.0000000000,259.0000000000,280.0000000000,308.0000000000,False,MEDIUM,13.0000000000,True,Kick Sauber,0 days 01:26:04.936000,2024-06-23 13:32:22.254,1,13.0000000000,False,,False,True
0 days 01:28:48.403000,ZHO,24,0 days 00:01:21.796000,23.0000000000,2.0000000000,,,0 days 00:00:24.037000,0 days 00:00:33.018000,0 days 00:00:24.741000,0 days 01:27:50.563000,0 days 01:28:23.581000,0 days 01:28:48.322000,259.0000000000,245.0000000000,279.0000000000,,False,MEDIUM,14.0000000000,True,Kick Sauber,0 days 01:27:26.607000,2024-06-23 13:33:43.925,1,13.0000000000,False,,False,True
0 days 01:30:09.964000,ZHO,24,0 days 00:01:21.561000,24.0000000000,2.0000000000,,,0 days 00:00:24.035000,0 days 00:00:32.950000,0 days 00:00:24.576000,0 days 01:29:12.357000,0 days 01:29:45.307000,0 days 01:30:09.883000,253.0000000000,254.0000000000,283.0000000000,,False,MEDIUM,15.0000000000,True,Kick Sauber,0 days 01:28:48.403000,2024-06-23 13:35:05.721,1,13.0000000000,False,,False,True
0 days 01:31:30.433000,ZHO,24,0 days 00:01:20.469000,25.0000000000,2.0000000000,,,0 days 00:00:23.304000,0 days 00:00:32.601000,0 days 00:00:24.564000,0 days 01:30:33.187000,0 days 01:31:05.788000,0 days 01:31:30.352000,268.0000000000,269.0000000000,277.0000000000,328.0000000000,False,MEDIUM,16.0000000000,True,Kick Sauber,0 days 01:30:09.964000,2024-06-23 13:36:27.282,1,12.0000000000,False,,False,True
0 days 01:32:51.701000,ZHO,24,0 days 00:01:21.268000,26.0000000000,2.0000000000,,,0 days 00:00:23.922000,0 days 00:00:32.775000,0 days 00:00:24.571000,0 days 01:31:54.274000,0 days 01:32:27.049000,0 days 01:32:51.620000,263.0000000000,266.0000000000,278.0000000000,304.0000000000,False,MEDIUM,17.0000000000,True,Kick Sauber,0 days 01:31:30.433000,2024-06-23 13:37:47.751,1,12.0000000000,False,,False,True
0 days 01:34:12.880000,ZHO,24,0 days 00:01:21.179000,27.0000000000,2.0000000000,,,0 days 00:00:23.867000,0 days 00:00:32.633000,0 days 00:00:24.679000,0 days 01:33:15.487000,0 days 01:33:48.120000,0 days 01:34:12.799000,265.0000000000,259.0000000000,277.0000000000,303.0000000000,False,MEDIUM,18.0000000000,True,Kick Sauber,0 days 01:32:51.701000,2024-06-23 13:39:09.019,1,12.0000000000,False,,False,True
0 days 01:35:34.134000,ZHO,24,0 days 00:01:21.254000,28.0000000000,2.0000000000,,,0 days 00:00:23.984000,0 days 00:00:32.664000,0 days 00:00:24.606000,0 days 01:34:36.783000,0 days 01:35:09.447000,0 days 01:35:34.053000,267.0000000000,272.0000000000,277.0000000000,300.0000000000,False,MEDIUM,19.0000000000,True,Kick Sauber,0 days 01:34:12.880000,2024-06-23 13:40:30.198,1,12.0000000000,False,,False,True
0 days 01:36:55.191000,ZHO,24,0 days 00:01:21.057000,29.0000000000,2.0000000000,,,0 days 00:00:23.896000,0 days 00:00:32.583000,0 days 00:00:24.578000,0 days 01:35:57.949000,0 days 01:36:30.532000,0 days 01:36:55.110000,266.0000000000,270.0000000000,278.0000000000,303.0000000000,False,MEDIUM,20.0000000000,True,Kick Sauber,0 days 01:35:34.134000,2024-06-23 13:41:51.452,1,12.0000000000,False,,False,True
0 days 01:38:16.662000,ZHO,24,0 days 00:01:21.471000,30.0000000000,2.0000000000,,,0 days 00:00:23.806000,0 days 00:00:32.986000,0 days 00:00:24.679000,0 days 01:37:18.916000,0 days 01:37:51.902000,0 days 01:38:16.581000,264.0000000000,264.0000000000,278.0000000000,305.0000000000,False,MEDIUM,21.0000000000,True,Kick Sauber,0 days 01:36:55.191000,2024-06-23 13:43:12.509,1,12.0000000000,False,,False,True
0 days 01:39:38.088000,ZHO,24,0 days 00:01:21.426000,31.0000000000,2.0000000000,,,0 days 00:00:23.852000,0 days 00:00:32.847000,0 days 00:00:24.727000,0 days 01:38:40.433000,0 days 01:39:13.280000,0 days 01:39:38.007000,271.0000000000,272.0000000000,277.0000000000,,False,MEDIUM,22.0000000000,True,Kick Sauber,0 days 01:38:16.662000,2024-06-23 13:44:33.980,1,12.0000000000,False,,False,True
0 days 01:40:59.475000,ZHO,24,0 days 00:01:21.387000,32.0000000000,2.0000000000,,,0 days 00:00:23.968000,0 days 00:00:32.807000,0 days 00:00:24.612000,0 days 01:40:01.975000,0 days 01:40:34.782000,0 days 01:40:59.394000,266.0000000000,275.0000000000,277.0000000000,303.0000000000,False,MEDIUM,23.0000000000,True,Kick Sauber,0 days 01:39:38.088000,2024-06-23 13:45:55.406,1,11.0000000000,False,,False,True
0 days 01:42:20.470000,ZHO,24,0 days 00:01:20.995000,33.0000000000,2.0000000000,,,0 days 00:00:23.865000,0 days 00:00:32.618000,0 days 00:00:24.512000,0 days 01:41:23.259000,0 days 01:41:55.877000,0 days 01:42:20.389000,264.0000000000,273.0000000000,277.0000000000,304.0000000000,False,MEDIUM,24.0000000000,True,Kick Sauber,0 days 01:40:59.475000,2024-06-23 13:47:16.793,1,11.0000000000,False,,False,True
0 days 01:43:41.743000,ZHO,24,0 days 00:01:21.273000,34.0000000000,2.0000000000,,,0 days 00:00:23.828000,0 days 00:00:32.884000,0 days 00:00:24.561000,0 days 01:42:44.217000,0 days 01:43:17.101000,0 days 01:43:41.662000,265.0000000000,273.0000000000,279.0000000000,305.0000000000,False,MEDIUM,25.0000000000,True,Kick Sauber,0 days 01:42:20.470000,2024-06-23 13:48:37.788,1,11.0000000000,False,,False,True
0 days 01:45:03.161000,ZHO,24,0 days 00:01:21.418000,35.0000000000,2.0000000000,,,0 days 00:00:23.930000,0 days 00:00:32.824000,0 days 00:00:24.664000,0 days 01:44:05.592000,0 days 01:44:38.416000,0 days 01:45:03.080000,263.0000000000,271.0000000000,277.0000000000,,False,MEDIUM,26.0000000000,True,Kick Sauber,0 days 01:43:41.743000,2024-06-23 13:49:59.061,1,11.0000000000,False,,False,True
0 days 01:46:25.313000,ZHO,24,0 days 00:01:22.152000,36.0000000000,2.0000000000,,,0 days 00:00:24.555000,0 days 00:00:32.972000,0 days 00:00:24.625000,0 days 01:45:27.635000,0 days 01:46:00.607000,0 days 01:46:25.232000,242.0000000000,271.0000000000,278.0000000000,306.0000000000,False,MEDIUM,27.0000000000,True,Kick Sauber,0 days 01:45:03.161000,2024-06-23 13:51:20.479,1,12.0000000000,False,,False,True
0 days 01:47:46.836000,ZHO,24,0 days 00:01:21.523000,37.0000000000,2.0000000000,,,0 days 00:00:23.958000,0 days 00:00:32.805000,0 days 00:00:24.760000,0 days 01:46:49.190000,0 days 01:47:21.995000,0 days 01:47:46.755000,263.0000000000,276.0000000000,278.0000000000,307.0000000000,False,MEDIUM,28.0000000000,True,Kick Sauber,0 days 01:46:25.313000,2024-06-23 13:52:42.631,1,12.0000000000,False,,False,True
0 days 01:49:08.066000,ZHO,24,0 days 00:01:21.230000,38.0000000000,2.0000000000,,,0 days 00:00:23.867000,0 days 00:00:32.754000,0 days 00:00:24.609000,0 days 01:48:10.622000,0 days 01:48:43.376000,0 days 01:49:07.985000,267.0000000000,273.0000000000,277.0000000000,306.0000000000,False,MEDIUM,29.0000000000,True,Kick Sauber,0 days 01:47:46.836000,2024-06-23 13:54:04.154,1,11.0000000000,False,,False,True
0 days 01:50:29.452000,ZHO,24,0 days 00:01:21.386000,39.0000000000,2.0000000000,,,0 days 00:00:23.778000,0 days 00:00:32.895000,0 days 00:00:24.713000,0 days 01:49:31.763000,0 days 01:50:04.658000,0 days 01:50:29.371000,266.0000000000,274.0000000000,277.0000000000,305.0000000000,False,MEDIUM,30.0000000000,True,Kick Sauber,0 days 01:49:08.066000,2024-06-23 13:55:25.384,1,9.0000000000,False,,False,True
0 days 01:51:51.671000,ZHO,24,0 days 00:01:22.219000,40.0000000000,2.0000000000,,,0 days 00:00:24.512000,0 days 00:00:33.199000,0 days 00:00:24.508000,0 days 01:50:53.883000,0 days 01:51:27.082000,0 days 01:51:51.590000,252.0000000000,273.0000000000,280.0000000000,302.0000000000,False,MEDIUM,31.0000000000,True,Kick Sauber,0 days 01:50:29.452000,2024-06-23 13:56:46.770,1,10.0000000000,False,,False,True
0 days 01:53:17.306000,ZHO,24,0 days 00:01:25.635000,41.0000000000,2.0000000000,,0 days 01:53:14.586000,0 days 00:00:23.907000,0 days 00:00:33.106000,0 days 00:00:28.622000,0 days 01:52:15.497000,0 days 01:52:48.603000,0 days 01:53:17.225000,262.0000000000,273.0000000000,,306.0000000000,False,MEDIUM,32.0000000000,True,Kick Sauber,0 days 01:51:51.671000,2024-06-23 13:58:08.989,1,11.0000000000,False,,False,False
0 days 01:54:59.214000,ZHO,24,0 days 00:01:41.908000,42.0000000000,3.0000000000,0 days 01:53:38.831000,,0 days 00:00:45.438000,0 days 00:00:32.293000,0 days 00:00:24.177000,0 days 01:54:02.663000,0 days 01:54:34.956000,0 days 01:54:59.133000,257.0000000000,257.0000000000,284.0000000000,252.0000000000,False,HARD,1.0000000000,True,Kick Sauber,0 days 01:53:17.306000,2024-06-23 13:59:34.624,1,17.0000000000,False,,False,False
0 days 01:56:18.193000,ZHO,24,0 days 00:01:18.979000,43.0000000000,3.0000000000,,,0 days 00:00:23.153000,0 days 00:00:31.989000,0 days 00:00:23.837000,0 days 01:55:22.286000,0 days 01:55:54.275000,0 days 01:56:18.112000,262.0000000000,265.0000000000,289.0000000000,328.0000000000,True,HARD,2.0000000000,True,Kick Sauber,0 days 01:54:59.214000,2024-06-23 14:01:16.532,1,14.0000000000,False,,False,True
0 days 01:57:37.439000,ZHO,24,0 days 00:01:19.246000,44.0000000000,3.0000000000,,,0 days 00:00:23.154000,0 days 00:00:32.174000,0 days 00:00:23.918000,0 days 01:56:41.266000,0 days 01:57:13.440000,0 days 01:57:37.358000,268.0000000000,271.0000000000,280.0000000000,330.0000000000,False,HARD,3.0000000000,True,Kick Sauber,0 days 01:56:18.193000,2024-06-23 14:02:35.511,1,13.0000000000,False,,False,True
0 days 01:58:56.812000,ZHO,24,0 days 00:01:19.373000,45.0000000000,3.0000000000,,,0 days 00:00:23.568000,0 days 00:00:32.014000,0 days 00:00:23.791000,0 days 01:58:00.926000,0 days 01:58:32.940000,0 days 01:58:56.731000,267.0000000000,271.0000000000,280.0000000000,301.0000000000,False,HARD,4.0000000000,True,Kick Sauber,0 days 01:57:37.439000,2024-06-23 14:03:54.757,1,13.0000000000,False,,False,True
0 days 02:00:16.038000,ZHO,24,0 days 00:01:19.226000,46.0000000000,3.0000000000,,,0 days 00:00:23.403000,0 days 00:00:32.047000,0 days 00:00:23.776000,0 days 01:59:20.134000,0 days 01:59:52.181000,0 days 02:00:15.957000,271.0000000000,275.0000000000,280.0000000000,300.0000000000,False,HARD,5.0000000000,True,Kick Sauber,0 days 01:58:56.812000,2024-06-23 14:05:14.130,1,12.0000000000,False,,False,True
0 days 02:01:35.236000,ZHO,24,0 days 00:01:19.198000,47.0000000000,3.0000000000,,,0 days 00:00:23.499000,0 days 00:00:31.925000,0 days 00:00:23.774000,0 days 02:00:39.456000,0 days 02:01:11.381000,0 days 02:01:35.155000,270.0000000000,274.0000000000,281.0000000000,293.0000000000,False,HARD,6.0000000000,True,Kick Sauber,0 days 02:00:16.038000,2024-06-23 14:06:33.356,1,12.0000000000,False,,False,True
0 days 02:02:54.374000,ZHO,24,0 days 00:01:19.138000,48.0000000000,3.0000000000,,,0 days 00:00:23.601000,0 days 00:00:31.831000,0 days 00:00:23.706000,0 days 02:01:58.756000,0 days 02:02:30.587000,0 days 02:02:54.293000,263.0000000000,276.0000000000,280.0000000000,294.0000000000,False,HARD,7.0000000000,True,Kick Sauber,0 days 02:01:35.236000,2024-06-23 14:07:52.554,1,12.0000000000,False,,False,True
0 days 02:04:13.292000,ZHO,24,0 days 00:01:18.918000,49.0000000000,3.0000000000,,,0 days 00:00:23.443000,0 days 00:00:31.853000,0 days 00:00:23.622000,0 days 02:03:17.736000,0 days 02:03:49.589000,0 days 02:04:13.211000,268.0000000000,272.0000000000,280.0000000000,293.0000000000,True,HARD,8.0000000000,True,Kick Sauber,0 days 02:02:54.374000,2024-06-23 14:09:11.692,1,12.0000000000,False,,False,True
0 days 02:05:32.063000,ZHO,24,0 days 00:01:18.771000,50.0000000000,3.0000000000,,,0 days 00:00:23.405000,0 days 00:00:31.775000,0 days 00:00:23.591000,0 days 02:04:36.616000,0 days 02:05:08.391000,0 days 02:05:31.982000,269.0000000000,274.0000000000,280.0000000000,297.0000000000,True,HARD,9.0000000000,True,Kick Sauber,0 days 02:04:13.292000,2024-06-23 14:10:30.610,1,12.0000000000,False,,False,True
0 days 02:06:51.489000,ZHO,24,0 days 00:01:19.426000,51.0000000000,3.0000000000,,,0 days 00:00:23.662000,0 days 00:00:32.015000,0 days 00:00:23.749000,0 days 02:05:55.644000,0 days 02:06:27.659000,0 days 02:06:51.408000,262.0000000000,274.0000000000,280.0000000000,296.0000000000,False,HARD,10.0000000000,True,Kick Sauber,0 days 02:05:32.063000,2024-06-23 14:11:49.381,1,12.0000000000,False,,False,True
0 days 02:08:11.397000,ZHO,24,0 days 00:01:19.908000,52.0000000000,3.0000000000,,,0 days 00:00:23.799000,0 days 00:00:32.120000,0 days 00:00:23.989000,0 days 02:07:15.207000,0 days 02:07:47.327000,0 days 02:08:11.316000,,275.0000000000,280.0000000000,300.0000000000,False,HARD,11.0000000000,True,Kick Sauber,0 days 02:06:51.489000,2024-06-23 14:13:08.807,1,12.0000000000,False,,False,True
0 days 02:09:32.282000,ZHO,24,0 days 00:01:20.885000,53.0000000000,3.0000000000,,,0 days 00:00:24.129000,0 days 00:00:32.747000,0 days 00:00:24.009000,0 days 02:08:35.445000,0 days 02:09:08.192000,0 days 02:09:32.201000,255.0000000000,270.0000000000,282.0000000000,299.0000000000,False,HARD,12.0000000000,True,Kick Sauber,0 days 02:08:11.397000,2024-06-23 14:14:28.715,1,13.0000000000,False,,False,True
0 days 02:10:52.337000,ZHO,24,0 days 00:01:20.055000,54.0000000000,3.0000000000,,,0 days 00:00:23.522000,0 days 00:00:32.429000,0 days 00:00:24.104000,0 days 02:09:55.723000,0 days 02:10:28.152000,0 days 02:10:52.256000,266.0000000000,268.0000000000,280.0000000000,303.0000000000,False,HARD,13.0000000000,True,Kick Sauber,0 days 02:09:32.282000,2024-06-23 14:15:49.600,1,13.0000000000,False,,False,True
0 days 02:12:13.564000,ZHO,24,0 days 00:01:21.227000,55.0000000000,3.0000000000,,,0 days 00:00:24.892000,0 days 00:00:32.306000,0 days 00:00:24.029000,0 days 02:11:17.148000,0 days 02:11:49.454000,0 days 02:12:13.483000,261.0000000000,271.0000000000,282.0000000000,271.0000000000,False,HARD,14.0000000000,True,Kick Sauber,0 days 02:10:52.337000,2024-06-23 14:17:09.655,1,13.0000000000,False,,False,True
0 days 02:13:33.108000,ZHO,24,0 days 00:01:19.544000,56.0000000000,3.0000000000,,,0 days 00:00:23.480000,0 days 00:00:31.935000,0 days 00:00:24.129000,0 days 02:12:36.963000,0 days 02:13:08.898000,0 days 02:13:33.027000,266.0000000000,272.0000000000,282.0000000000,305.0000000000,False,HARD,15.0000000000,True,Kick Sauber,0 days 02:12:13.564000,2024-06-23 14:18:30.882,1,13.0000000000,False,,False,True
0 days 02:14:53.921000,ZHO,24,0 days 00:01:20.813000,57.0000000000,3.0000000000,,,0 days 00:00:23.366000,0 days 00:00:33.030000,0 days 00:00:24.417000,0 days 02:13:56.393000,0 days 02:14:29.423000,0 days 02:14:53.840000,267.0000000000,225.0000000000,283.0000000000,,False,HARD,16.0000000000,True,Kick Sauber,0 days 02:13:33.108000,2024-06-23 14:19:50.426,1,13.0000000000,False,,False,True
0 days 02:16:13.289000,ZHO,24,0 days 00:01:19.368000,58.0000000000,3.0000000000,,,0 days 00:00:23.182000,0 days 00:00:32.275000,0 days 00:00:23.911000,0 days 02:15:17.022000,0 days 02:15:49.297000,0 days 02:16:13.208000,,276.0000000000,282.0000000000,327.0000000000,False,HARD,17.0000000000,True,Kick Sauber,0 days 02:14:53.921000,2024-06-23 14:21:11.239,1,13.0000000000,False,,False,True
0 days 02:17:32.940000,ZHO,24,0 days 00:01:19.651000,59.0000000000,3.0000000000,,,0 days 00:00:23.420000,0 days 00:00:32.170000,0 days 00:00:24.061000,0 days 02:16:36.628000,0 days 02:17:08.798000,0 days 02:17:32.859000,260.0000000000,272.0000000000,281.0000000000,308.0000000000,False,HARD,18.0000000000,True,Kick Sauber,0 days 02:16:13.289000,2024-06-23 14:22:30.607,1,13.0000000000,False,,False,True
0 days 02:18:52.683000,ZHO,24,0 days 00:01:19.743000,60.0000000000,3.0000000000,,,0 days 00:00:23.328000,0 days 00:00:32.278000,0 days 00:00:24.137000,0 days 02:17:56.187000,0 days 02:18:28.465000,0 days 02:18:52.602000,273.0000000000,271.0000000000,281.0000000000,,False,HARD,19.0000000000,True,Kick Sauber,0 days 02:17:32.940000,2024-06-23 14:23:50.258,1,13.0000000000,False,,False,True
0 days 02:20:12.492000,ZHO,24,0 days 00:01:19.809000,61.0000000000,3.0000000000,,,0 days 00:00:23.451000,0 days 00:00:32.266000,0 days 00:00:24.092000,0 days 02:19:16.053000,0 days 02:19:48.319000,0 days 02:20:12.411000,266.0000000000,277.0000000000,280.0000000000,306.0000000000,False,HARD,20.0000000000,True,Kick Sauber,0 days 02:18:52.683000,2024-06-23 14:25:10.001,1,13.0000000000,False,,False,True
0 days 02:21:32.323000,ZHO,24,0 days 00:01:19.831000,62.0000000000,3.0000000000,,,0 days 00:00:23.572000,0 days 00:00:32.294000,0 days 00:00:23.965000,0 days 02:20:35.983000,0 days 02:21:08.277000,0 days 02:21:32.242000,264.0000000000,269.0000000000,281.0000000000,307.0000000000,False,HARD,21.0000000000,True,Kick Sauber,0 days 02:20:12.492000,2024-06-23 14:26:29.810,1,13.0000000000,False,,False,True
0 days 02:22:52.110000,ZHO,24,0 days 00:01:19.787000,63.0000000000,3.0000000000,,,0 days 00:00:23.480000,0 days 00:00:32.226000,0 days 00:00:24.081000,0 days 02:21:55.722000,0 days 02:22:27.948000,0 days 02:22:52.029000,265.0000000000,276.0000000000,282.0000000000,,False,HARD,22.0000000000,True,Kick Sauber,0 days 02:21:32.323000,2024-06-23 14:27:49.641,1,13.0000000000,False,,False,True
0 days 02:24:12.120000,ZHO,24,0 days 00:01:20.010000,64.0000000000,3.0000000000,,,0 days 00:00:23.347000,0 days 00:00:32.383000,0 days 00:00:24.280000,0 days 02:23:15.376000,0 days 02:23:47.759000,0 days 02:24:12.039000,267.0000000000,262.0000000000,279.0000000000,,False,HARD,23.0000000000,True,Kick Sauber,0 days 02:22:52.110000,2024-06-23 14:29:09.428,1,13.0000000000,False,,False,True
0 days 02:25:33.105000,ZHO,24,0 days 00:01:20.985000,65.0000000000,3.0000000000,,,0 days 00:00:23.579000,0 days 00:00:32.491000,0 days 00:00:24.915000,0 days 02:24:35.618000,0 days 02:25:08.109000,0 days 02:25:33.024000,255.0000000000,263.0000000000,259.0000000000,305.0000000000,False,HARD,24.0000000000,True,Kick Sauber,0 days 02:24:12.120000,2024-06-23 14:30:29.438,1,13.0000000000,False,,False,True
